1 0 0 0 0 1 0 0 0 0 1 0
0.999992 -0.00267102 -0.0031353 -0.00322381 0.00266278 0.999993 -0.00262835 0.00112091 0.0031423 0.00261998 0.999992 0.481455
0.999967 -0.00221838 -0.00779083 -0.00510716 0.00218673 0.999989 -0.00406956 -0.00182577 0.00779977 0.00405239 0.999961 0.966682
0.999886 -0.00568013 -0.0140034 0.00310543 0.00560619 0.99997 -0.00531345 -0.00811652 0.0140331 0.00523433 0.999888 1.50482
0.99979 -0.00582747 -0.0196607 -0.00729754 0.00571081 0.999966 -0.00598459 -0.0129078 0.0196949 0.00587105 0.999789 2.04969
0.999707 -0.00483807 -0.0237098 -0.028155 0.00469801 0.999971 -0.00595923 -0.0214868 0.0237379 0.0058461 0.999701 2.5811
0.999568 -0.00442665 -0.0290435 -0.0390211 0.00423208 0.999968 -0.00675748 -0.0335928 0.0290725 0.00663165 0.999555 3.10795
0.999406 -0.00308734 -0.0343189 -0.0570229 0.00282375 0.999966 -0.00772651 -0.0371321 0.0343416 0.00762501 0.999381 3.62088
0.99926 -0.00317446 -0.0383239 -0.0831035 0.00294865 0.999978 -0.00594717 -0.0452922 0.0383419 0.00582977 0.999248 4.13633
0.999073 -0.00346345 -0.0429098 -0.107079 0.00331337 0.999988 -0.00356825 -0.0492902 0.0429216 0.00342277 0.999073 4.69698
0.998926 -0.00289647 -0.0462447 -0.138633 0.00285737 0.999996 -0.000911467 -0.0568946 0.0462471 0.00077835 0.99893 5.29158
0.998807 -0.00143333 -0.0488151 -0.175068 0.00135441 0.999998 -0.00164977 -0.0636049 0.0488174 0.00158169 0.998806 5.87552
0.998757 -0.000758596 -0.0498297 -0.218027 0.000653679 0.999998 -0.00212177 -0.067177 0.0498312 0.00208656 0.998755 6.45136
0.998601 -0.00545608 -0.0525969 -0.241686 0.00531098 0.999982 -0.00289796 -0.0709828 0.0526118 0.00261456 0.998612 7.06711
0.998502 -0.00545154 -0.0544507 -0.276403 0.00535374 0.999984 -0.00194178 -0.0781582 0.0544604 0.00164735 0.998515 7.67039
0.998396 -0.00691582 -0.0561933 -0.310808 0.00678989 0.999974 -0.00243152 -0.0837241 0.0562087 0.00204607 0.998417 8.2884
0.998269 -0.00587504 -0.0585123 -0.34692 0.00556805 0.99997 -0.00540836 -0.08667 0.0585423 0.0050732 0.998272 8.90444
0.998165 -0.00620397 -0.0602404 -0.384079 0.00568906 0.999946 -0.00871526 -0.0888859 0.0602912 0.00835655 0.998146 9.51883
0.998071 -0.0022435 -0.0620497 -0.427238 0.00159488 0.999944 -0.0105007 -0.0971333 0.0620698 0.0103815 0.998018 10.101
0.997996 -0.00253369 -0.0632247 -0.469728 0.00187569 0.999943 -0.0104645 -0.105939 0.0632477 0.010325 0.997944 10.7277
0.997894 -0.00467745 -0.0646914 -0.512539 0.00409948 0.999951 -0.00906401 -0.118261 0.0647306 0.00877973 0.997864 11.3633
0.997842 -0.00344647 -0.065565 -0.5645 0.00292914 0.999964 -0.00798487 -0.126654 0.0655902 0.0077756 0.997816 12.0213
0.99779 -0.00408422 -0.0663233 -0.613432 0.00356668 0.999962 -0.00791989 -0.139457 0.0663531 0.00766583 0.997767 12.6811
0.997743 -0.00322355 -0.0670767 -0.674198 0.00261862 0.999955 -0.00910443 -0.149261 0.0671031 0.00890823 0.997706 13.3572
0.997672 -0.00604049 -0.067924 -0.722348 0.00538046 0.999937 -0.0098959 -0.159678 0.0679795 0.0095074 0.997641 14.0015
0.997607 -0.00628245 -0.0688474 -0.765001 0.00572 0.999949 -0.00836358 -0.17036 0.0688964 0.00794976 0.997592 14.6646
0.997597 -0.00633523 -0.068993 -0.810062 0.00600446 0.999969 -0.0050006 -0.180096 0.0690226 0.00457432 0.997605 15.3039
0.997687 -0.00399028 -0.0678555 -0.862088 0.00388604 0.999991 -0.00166813 -0.187604 0.0678615 0.00140058 0.997694 15.9579
0.997797 -0.00423989 -0.0662117 -0.907922 0.00431148 0.99999 0.00093828 -0.1935 0.0662071 -0.00122168 0.997805 16.6191
0.997914 -0.00256921 -0.0645061 -0.958978 0.00266211 0.999996 0.00135422 -0.197913 0.0645023 -0.00152312 0.997916 17.3101
0.997985 -0.002537 -0.0634006 -1.00375 0.00244756 0.999996 -0.00148838 -0.206101 0.0634042 0.0013302 0.997987 17.9974
0.99799 -0.00172303 -0.0633472 -1.0439 0.00134134 0.999981 -0.0060674 -0.217402 0.0633565 0.00597024 0.997973 18.7139
0.998129 -0.000510214 -0.0611493 -1.09533 -3.97479e-05 0.99996 -0.0089922 -0.226849 0.0611514 0.00897781 0.998088 19.3661
0.998061 -0.00432815 -0.0620866 -1.12254 0.00386014 0.999963 -0.00765599 -0.242348 0.0621175 0.00740149 0.998041 20.0252
0.998055 -0.00464192 -0.0621731 -1.16894 0.00448769 0.999986 -0.00262019 -0.253158 0.0621844 0.00233608 0.998062 20.7092
0.997962 -0.00769769 -0.0633478 -1.21316 0.00775476 0.99997 0.0006551 -0.262955 0.0633408 -0.00114501 0.997991 21.4125
0.997733 -0.0165801 -0.0652158 -1.24706 0.0166335 0.999862 0.000276517 -0.274143 0.0652022 -0.00136066 0.997871 22.1489
0.997568 -0.0193659 -0.0669593 -1.28866 0.0191684 0.99981 -0.00359023 -0.283532 0.0670161 0.00229799 0.997749 22.863
0.997419 -0.0202545 -0.0688904 -1.33352 0.0197794 0.999776 -0.00757165 -0.292935 0.0690283 0.00618949 0.997596 23.5373
0.997223 -0.0193054 -0.0719277 -1.37777 0.0187643 0.99979 -0.00819045 -0.306901 0.0720707 0.00681803 0.997376 24.2256
0.997111 -0.0190544 -0.073525 -1.42442 0.0186264 0.999805 -0.00650178 -0.321683 0.0736346 0.00511349 0.997272 24.905
0.997109 -0.0153801 -0.0744159 -1.48192 0.015107 0.999877 -0.00423114 -0.33022 0.0744719 0.00309471 0.997218 25.5595
0.997006 -0.0149544 -0.075858 -1.53636 0.0147729 0.999887 -0.00295259 -0.340752 0.0758936 0.0018231 0.997114 26.2478
0.996849 -0.0167419 -0.0775366 -1.58066 0.0167455 0.99986 -0.000603334 -0.348317 0.0775358 -0.000696958 0.996989 26.935
0.996804 -0.0184522 -0.0777293 -1.63209 0.0186356 0.999825 0.00163428 -0.351524 0.0776855 -0.00307759 0.996973 27.605
0.996818 -0.0126716 -0.0786968 -1.69584 0.0130048 0.999909 0.00372346 -0.358649 0.0786425 -0.00473505 0.996892 28.3142
0.996785 -0.0127975 -0.0790916 -1.75725 0.0130917 0.999909 0.00320329 -0.367617 0.0790434 -0.00422844 0.996862 29.0569
0.99684 -0.0120542 -0.0785196 -1.82531 0.0121883 0.999925 0.00122966 -0.37137 0.0784989 -0.0021828 0.996912 29.8018
0.996889 -0.0081881 -0.0783894 -1.89187 0.00811311 0.999966 -0.00127501 -0.379128 0.0783972 0.00063506 0.996922 30.5121
0.996801 -0.00962695 -0.0793404 -1.95494 0.00956304 0.999954 -0.00118545 -0.390092 0.0793481 0.000422919 0.996847 31.2509
0.996707 -0.0108079 -0.0803637 -2.01726 0.0108403 0.999941 -3.29317e-05 -0.402956 0.0803593 -0.000838345 0.996766 32.0007
0.996654 -0.0098027 -0.0811432 -2.08252 0.00992693 0.99995 0.00112767 -0.416206 0.0811281 -0.0019294 0.996702 32.7803
0.996599 -0.00835334 -0.0819794 -2.14584 0.00813988 0.999963 -0.00293778 -0.424218 0.0820009 0.00226049 0.99663 33.547
0.996515 -0.00911755 -0.0829198 -2.2175 0.00854868 0.999937 -0.0072129 -0.437729 0.0829804 0.0064789 0.99653 34.3488
0.996366 -0.00945989 -0.0846445 -2.27723 0.00877435 0.999926 -0.00846744 -0.452386 0.0847183 0.00769397 0.996375 35.1744
0.996316 -0.0117176 -0.0849519 -2.34804 0.0113375 0.999923 -0.00495588 -0.468214 0.0850034 0.00397448 0.996373 35.9824
0.996258 -0.01357 -0.0853587 -2.41612 0.013477 0.999908 -0.00166642 -0.484043 0.0853735 0.000509809 0.996349 36.7507
0.996142 -0.0155736 -0.0863601 -2.48158 0.0155593 0.999879 -0.000838052 -0.499262 0.0863627 -0.000508884 0.996264 37.5826
0.99603 -0.0184796 -0.0870733 -2.54057 0.0183368 0.999829 -0.00243975 -0.509381 0.0871034 0.000833427 0.996199 38.3468
0.995923 -0.0218329 -0.0875294 -2.60216 0.0215214 0.999758 -0.00450068 -0.516079 0.0876065 0.00259857 0.996152 39.0669
0.995764 -0.0251386 -0.0884448 -2.66634 0.0248879 0.999682 -0.00393649 -0.5229 0.0885157 0.00171862 0.996073 39.7843
0.99562 -0.027639 -0.0893108 -2.73432 0.0277507 0.999615 8.98196e-06 -0.533134 0.0892762 -0.00248738 0.996004 40.4928
0.995501 -0.0280776 -0.0904973 -2.79589 0.0286446 0.999577 0.00497225 -0.544411 0.0903194 -0.00754214 0.995884 41.2114
0.995391 -0.0275889 -0.0918451 -2.85606 0.0283724 0.999571 0.00723486 -0.552908 0.0916061 -0.00980738 0.995747 41.9068
0.995079 -0.0281838 -0.0949914 -2.91 0.0285505 0.999589 0.0025033 -0.556451 0.0948818 -0.00520303 0.995475 42.619
0.99497 -0.0270361 -0.0964603 -2.98212 0.0266113 0.99963 -0.0056875 -0.564341 0.0965784 0.00309195 0.995321 43.3425
0.994871 -0.0259411 -0.097767 -3.0466 0.0249757 0.999627 -0.0110857 -0.575576 0.098018 0.00858701 0.995148 44.0052
0.994893 -0.0210675 -0.0987104 -3.12407 0.0201519 0.999744 -0.0102643 -0.592003 0.0989014 0.00822267 0.995063 44.6908
0.99483 -0.0177845 -0.0999838 -3.2048 0.0170589 0.999822 -0.0081076 -0.610961 0.10011 0.00636006 0.994956 45.4342
0.994899 -0.0128179 -0.100062 -3.29074 0.0122148 0.999903 -0.00663739 -0.629088 0.100138 0.00538129 0.994959 46.0947
0.994746 -0.0123906 -0.101626 -3.35577 0.0117173 0.999905 -0.00721933 -0.640188 0.101706 0.00599062 0.994796 46.7224
0.994676 -0.00883245 -0.102677 -3.43959 0.00819852 0.999945 -0.00659444 -0.653388 0.10273 0.00571753 0.994693 47.3937
0.994342 -0.0101777 -0.105741 -3.49601 0.00960893 0.999937 -0.00588671 -0.671582 0.105795 0.00483733 0.994376 48.0429
0.993987 -0.0106687 -0.10898 -3.55128 0.0101601 0.999935 -0.00522154 -0.695147 0.109029 0.00408289 0.99403 48.7331
0.993651 -0.0136346 -0.111673 -3.6143 0.0132444 0.999903 -0.00423496 -0.709698 0.11172 0.00272904 0.993736 49.4641
0.993346 -0.0123229 -0.11451 -3.68665 0.0122209 0.999924 -0.00159239 -0.72631 0.114521 0.000182375 0.993421 50.1875
0.993044 -0.0116694 -0.117165 -3.76725 0.0120417 0.999924 0.0024705 -0.739763 0.117127 -0.00386418 0.993109 50.9546
0.992759 -0.0106166 -0.119653 -3.86154 0.0112072 0.999928 0.00426411 -0.754678 0.119599 -0.00557421 0.992807 51.7689
0.992558 -0.00891917 -0.121444 -3.95329 0.00901078 0.999959 0.000205186 -0.770197 0.121437 -0.00129796 0.992598 52.5055
0.992361 -0.00975038 -0.122981 -4.04012 0.00893447 0.999934 -0.00718422 -0.784836 0.123043 0.00603057 0.992383 53.1866
0.992224 -0.0107744 -0.124001 -4.12064 0.00918766 0.999869 -0.013361 -0.795832 0.124129 0.0121178 0.992192 53.7891
0.992161 -0.00922767 -0.124621 -4.1898 0.00749901 0.999869 -0.0143333 -0.809349 0.124737 0.0132864 0.992101 54.3297
0.991777 -0.00968083 -0.127614 -4.23974 0.00834535 0.999905 -0.0109956 -0.824419 0.127708 0.00984015 0.991763 54.8409
0.991634 -0.0102156 -0.128679 -4.31252 0.00918398 0.999921 -0.00860794 -0.844058 0.128757 0.00735413 0.991649 55.3584
0.991185 -0.0157312 -0.131549 -4.35446 0.0143019 0.999828 -0.0118034 -0.864676 0.131712 0.00981795 0.991239 55.8491
0.991038 -0.0241785 -0.131371 -4.40702 0.0221542 0.999613 -0.0168487 -0.880356 0.131727 0.0137873 0.99119 56.2854
0.990553 -0.0331132 -0.133075 -4.42997 0.0303964 0.999287 -0.022396 -0.888729 0.133722 0.0181394 0.990853 56.6896
0.991307 -0.0286073 -0.128419 -4.49654 0.0258665 0.999402 -0.02296 -0.898905 0.128999 0.0194386 0.991454 57.0619
0.991988 -0.0234052 -0.124143 -4.55091 0.0210791 0.999577 -0.0200184 -0.910108 0.124559 0.0172412 0.992062 57.4272
0.992246 -0.0275085 -0.121209 -4.57646 0.0256861 0.999533 -0.016572 -0.926579 0.121609 0.0133301 0.992489 57.7931
0.992875 -0.0306007 -0.115162 -4.62152 0.0292765 0.999485 -0.0131734 -0.929074 0.115505 0.00970806 0.993259 58.1619
0.993566 -0.0356231 -0.107511 -4.65218 0.0348063 0.999349 -0.00946502 -0.942276 0.107778 0.00566207 0.994159 58.5393
0.994705 -0.0335096 -0.0971597 -4.68428 0.032744 0.999419 -0.00946409 -0.950303 0.0974204 0.00623257 0.995224 58.9121
0.996291 -0.0279417 -0.0813846 -4.72215 0.0272347 0.999581 -0.00978443 -0.955857 0.0816239 0.00753165 0.996635 59.2596
0.997617 -0.0249114 -0.0643418 -4.73181 0.0244101 0.999665 -0.00856501 -0.964617 0.0645336 0.00697401 0.997891 59.6032
0.998658 -0.0284759 -0.043261 -4.72819 0.0281863 0.999576 -0.00729111 -0.971096 0.0434503 0.00606196 0.999037 59.9449
0.99934 -0.0322891 -0.0166151 -4.72534 0.0321967 0.999465 -0.00580374 -0.972948 0.0167936 0.00526496 0.999845 60.2764
0.999312 -0.0351567 0.0118541 -4.70046 0.0351974 0.999375 -0.0032432 -0.979218 -0.0117327 0.0036582 0.999924 60.6051
0.998335 -0.0388357 0.04264 -4.65344 0.038922 0.999242 -0.00119522 -0.980754 -0.0425612 0.00285286 0.99909 60.928
0.995991 -0.038666 0.080663 -4.61418 0.0387114 0.99925 0.00100108 -0.984482 -0.0806412 0.00212551 0.996741 61.2558
0.991728 -0.0391499 0.122243 -4.5522 0.0390881 0.999232 0.00290414 -0.988771 -0.122263 0.00189815 0.992496 61.5844
0.985105 -0.0387941 0.167523 -4.47676 0.0385229 0.999246 0.00487002 -0.988963 -0.167585 0.00165597 0.985856 61.9035
0.975874 -0.0384609 0.214922 -4.36933 0.038324 0.999254 0.00480547 -0.993345 -0.214946 0.00354714 0.976619 62.209
0.963084 -0.0423141 0.265854 -4.23679 0.0426546 0.99908 0.00449544 -1.00344 -0.265799 0.00701041 0.964003 62.4857
0.946123 -0.0454533 0.3206 -4.09987 0.0460529 0.998923 0.00571613 -1.00948 -0.320515 0.00935639 0.947197 62.7562
0.924535 -0.0446044 0.378477 -3.96229 0.0453077 0.998948 0.00705179 -1.00581 -0.378394 0.0106283 0.925584 63.0171
0.899077 -0.0474819 0.435208 -3.79487 0.0489419 0.998771 0.00786056 -1.00103 -0.435046 0.0142327 0.900296 63.2514
0.87015 -0.0521761 0.490017 -3.60969 0.0554104 0.998432 0.00791583 -0.993999 -0.489661 0.020264 0.871677 63.4494
0.838564 -0.0546754 0.542053 -3.41039 0.0594947 0.998191 0.00864559 -0.984209 -0.541545 0.0249994 0.8403 63.6339
0.803549 -0.0574106 0.592464 -3.20662 0.0625282 0.997972 0.0118989 -0.971888 -0.591946 0.0274843 0.805509 63.8164
0.767524 -0.060419 0.638167 -2.99502 0.065766 0.997717 0.0153629 -0.959947 -0.637638 0.0301783 0.769745 63.9574
0.725643 -0.0614353 0.685323 -2.77341 0.0659209 0.997632 0.0196328 -0.951013 -0.684907 0.0309307 0.727974 64.1391
0.684509 -0.0644978 0.726146 -2.54436 0.07096 0.997243 0.0216861 -0.944874 -0.725543 0.036683 0.687199 64.2665
0.641733 -0.0685242 0.763861 -2.29976 0.0783699 0.996646 0.0235669 -0.92993 -0.762913 0.04474 0.644951 64.3984
0.598994 -0.0669222 0.797952 -2.05935 0.0758995 0.99676 0.0266207 -0.924298 -0.797148 0.0446185 0.602132 64.5285
0.554939 -0.0645427 0.829384 -1.80313 0.0713238 0.997006 0.0298645 -0.920345 -0.828828 0.0425819 0.557881 64.6641
0.512518 -0.0624313 0.856404 -1.56278 0.0691594 0.997114 0.0313003 -0.912449 -0.855887 0.0431864 0.515357 64.7717
0.472833 -0.0656402 0.878704 -1.29071 0.0749509 0.996603 0.0341162 -0.902623 -0.877959 0.0497284 0.476147 64.8672
0.435217 -0.0744056 0.897246 -0.963057 0.0899963 0.995183 0.0388737 -0.883295 -0.895816 0.0638303 0.439817 64.9568
0.400916 -0.0787102 0.912727 -0.637325 0.092351 0.994699 0.045214 -0.873053 -0.911448 0.0661643 0.40606 65.0666
0.369348 -0.0749095 0.926267 -0.232712 0.0890853 0.995009 0.0449462 -0.857429 -0.925011 0.0659159 0.374178 65.2001
0.339696 -0.0664018 0.938188 0.34634 0.0754415 0.996214 0.0431931 -0.851118 -0.937505 0.0561058 0.343419 65.4174
0.311582 -0.0609304 0.948264 0.993484 0.0680965 0.996808 0.0416744 -0.832185 -0.947776 0.0515884 0.314736 65.6354
0.287813 -0.059774 0.955819 1.74038 0.069367 0.99673 0.0414449 -0.815871 -0.955171 0.054374 0.291018 65.7865
0.264205 -0.0589083 0.962666 2.45899 0.0754427 0.996337 0.0402634 -0.786563 -0.961511 0.0619883 0.267681 65.9448
0.243673 -0.0529819 0.968409 3.32306 0.081384 0.996102 0.034019 -0.728941 -0.966437 0.0705236 0.247035 66.1207
0.224399 -0.0462254 0.9734 4.31992 0.0823333 0.996202 0.0283278 -0.664722 -0.971013 0.0737865 0.227353 66.3141
0.208431 -0.0449572 0.977003 5.32687 0.0782671 0.996506 0.0291574 -0.631399 -0.9749 0.07039 0.211221 66.4958
0.193448 -0.0491359 0.979879 6.32138 0.0771073 0.996417 0.0347427 -0.612888 -0.978076 0.068835 0.196543 66.6743
0.179003 -0.0522296 0.982461 6.63152 0.0760162 0.996339 0.0391173 -0.605627 -0.980907 0.0676808 0.182318 66.727
0.165462 -0.0536431 0.984756 7.29282 0.07612 0.996236 0.0414785 -0.57177 -0.983274 0.0680965 0.168922 66.8332
0.15385 -0.0545751 0.986586 7.63618 0.0793055 0.995934 0.0427252 -0.55721 -0.984907 0.0716684 0.157552 66.8783
0.143834 -0.05375 0.988141 7.98832 0.0819102 0.995744 0.0422407 -0.540768 -0.986206 0.0748632 0.147625 66.9225
0.135928 -0.0532119 0.989289 8.3482 0.08293 0.995663 0.0421603 -0.526831 -0.987242 0.0763109 0.139751 66.9692
0.129997 -0.052637 0.990116 8.70754 0.0836846 0.995609 0.0419417 -0.512703 -0.987976 0.0774052 0.133832 67.0188
0.124136 -0.0519111 0.990906 9.09108 0.0838821 0.995605 0.0416489 -0.500639 -0.988713 0.0779492 0.127945 67.0694
0.118964 -0.0510615 0.991585 9.478 0.084591 0.995567 0.0411179 -0.485157 -0.989289 0.0789876 0.122756 67.1104
0.114009 -0.0509264 0.992174 9.88062 0.0840662 0.995598 0.0414423 -0.472167 -0.989917 0.0786835 0.117788 67.164
0.110928 -0.0508549 0.992526 10.3127 0.085156 0.995503 0.0414901 -0.454606 -0.990173 0.0799172 0.11476 67.2134
0.10757 -0.0515344 0.992861 10.7943 0.0863775 0.995364 0.0423059 -0.437233 -0.990438 0.08121 0.111522 67.2684
0.105032 -0.0520734 0.993105 11.3479 0.0881056 0.995188 0.0428645 -0.415138 -0.990558 0.0829959 0.109114 67.3272
0.104411 -0.0527835 0.993133 11.9351 0.0925768 0.994771 0.0431377 -0.393755 -0.990216 0.087437 0.108751 67.384
0.104844 -0.0532993 0.993059 12.4607 0.0950923 0.994525 0.0433385 -0.374991 -0.989932 0.0898886 0.109338 67.4448
0.107498 -0.0534043 0.99277 13.0838 0.096939 0.994361 0.0429933 -0.349966 -0.989468 0.0916165 0.112069 67.5104
0.110643 -0.0536771 0.99241 13.6265 0.0997011 0.994103 0.042653 -0.331325 -0.988847 0.0942251 0.115343 67.5802
0.11393 -0.0540121 0.992019 14.1524 0.0997257 0.9941 0.0426722 -0.312587 -0.988471 0.0940682 0.118644 67.6559
0.116726 -0.0555111 0.991612 14.6894 0.0989476 0.994119 0.044004 -0.293769 -0.988223 0.0929812 0.121532 67.735
0.120974 -0.0571739 0.991008 15.2354 0.100691 0.993897 0.045049 -0.271184 -0.987536 0.0943363 0.125993 67.8019
0.126007 -0.059108 0.990267 15.7889 0.0989344 0.993996 0.0467416 -0.249639 -0.987084 0.0920817 0.131098 67.8723
0.130018 -0.0604478 0.989667 16.3665 0.0979849 0.994037 0.0478419 -0.230085 -0.986658 0.0907521 0.135166 67.9585
0.135286 -0.0596934 0.989007 16.9496 0.0969197 0.994194 0.0467488 -0.209605 -0.986055 0.0895298 0.140286 68.0372
0.139359 -0.0554504 0.988688 17.5974 0.096042 0.994481 0.0422378 -0.187509 -0.985573 0.0890693 0.143915 68.1302
0.141696 -0.0497831 0.988658 18.205 0.0906206 0.995193 0.0371243 -0.166406 -0.985754 0.0843324 0.145526 68.2245
0.143103 -0.0472835 0.988578 18.833 0.0900057 0.995341 0.0345781 -0.152485 -0.985607 0.0840294 0.146693 68.3083
0.14321 -0.0468658 0.988582 19.4749 0.0869192 0.995614 0.0346076 -0.131095 -0.985868 0.0809706 0.146656 68.4123
0.143094 -0.0482662 0.988531 20.0811 0.0817923 0.99597 0.0367896 -0.123935 -0.986324 0.0755899 0.146465 68.52
0.143312 -0.0498928 0.988419 20.7487 0.0853655 0.995629 0.0378796 -0.106852 -0.985989 0.0789483 0.146944 68.6161
0.144862 -0.0502861 0.988173 21.4035 0.0842446 0.995708 0.0383196 -0.0875328 -0.985859 0.0776972 0.148477 68.7081
0.144586 -0.0497787 0.988239 22.0484 0.0825535 0.995859 0.0380845 -0.0737747 -0.986043 0.0760761 0.148096 68.8152
0.145485 -0.0493581 0.988128 22.6756 0.0802196 0.996055 0.0379431 -0.0616469 -0.986103 0.0737471 0.148871 68.9122
0.145344 -0.0483644 0.988198 23.315 0.0780315 0.996254 0.0372818 -0.0499765 -0.986299 0.0716919 0.148573 69.0053
0.143954 -0.0487684 0.988382 23.9314 0.0758808 0.996388 0.0381117 -0.0355857 -0.986671 0.0695129 0.147135 69.0885
0.141122 -0.0497566 0.988741 24.5527 0.0745164 0.996437 0.0395082 -0.0177109 -0.987184 0.0681019 0.144327 69.1771
0.136941 -0.0515913 0.989235 25.187 0.0732427 0.996437 0.0418277 0.00426402 -0.987868 0.0667263 0.140232 69.2664
0.130522 -0.0528102 0.990038 25.8933 0.0701801 0.996568 0.0439063 0.0273325 -0.988958 0.0637503 0.13378 69.3684
0.122492 -0.052217 0.991095 26.5155 0.0670996 0.996766 0.0442228 0.0418912 -0.990199 0.0610851 0.1256 69.4582
0.115078 -0.0514509 0.992023 27.1811 0.0683206 0.996703 0.0437682 0.0634322 -0.991004 0.0627388 0.118214 69.522
0.10222 -0.0502819 0.99349 27.7942 0.0615863 0.997126 0.0441293 0.0760776 -0.992854 0.0566745 0.105023 69.623
0.0935878 -0.0510904 0.994299 28.8576 0.0640069 0.996925 0.0452007 0.115941 -0.993551 0.0594118 0.0965702 69.692
0.0809471 -0.0525738 0.995331 29.7063 0.059045 0.997107 0.0478657 0.12721 -0.994968 0.0548948 0.0838171 69.7969
0.0697922 -0.0534141 0.996131 30.8904 0.0592027 0.997027 0.0493142 0.165765 -0.995803 0.0555319 0.072747 69.8819
0.0589436 -0.0526962 0.996869 32.0318 0.0581076 0.997094 0.0492722 0.209808 -0.996569 0.0550215 0.0618343 69.9483
0.0490195 -0.0526004 0.997412 33.178 0.0601086 0.996958 0.0496223 0.238568 -0.996987 0.0575205 0.0520321 69.9798
0.0380324 -0.0511003 0.997969 34.5445 0.0579716 0.997122 0.0488477 0.292323 -0.997594 0.055996 0.0408853 70.0386
0.0282889 -0.0496803 0.998364 35.9915 0.0591158 0.997099 0.0479423 0.351787 -0.99785 0.0576629 0.0311437 70.0666
0.0198975 -0.0496427 0.998569 37.1951 0.060351 0.997005 0.0483624 0.384461 -0.997979 0.0593023 0.0228339 70.062
0.00930228 -0.0484707 0.998781 37.8527 0.0597712 0.997066 0.0478307 0.413952 -0.998169 0.0592534 0.0121721 70.0853
-0.000569662 -0.0482049 0.998837 38.4794 0.0591342 0.997088 0.0481542 0.434466 -0.99825 0.0590929 0.00228256 70.0901
-0.00912461 -0.0488293 0.998765 39.0989 0.0601462 0.996972 0.0492911 0.454081 -0.998148 0.0605217 -0.00616009 70.0844
-0.0169143 -0.049773 0.998617 39.6552 0.0606181 0.996872 0.0507128 0.474887 -0.998018 0.061392 -0.0138443 70.0806
-0.0227273 -0.0512154 0.998429 40.2225 0.0627349 0.996646 0.0525519 0.49881 -0.997771 0.0638307 -0.0194381 70.0706
-0.0258463 -0.0531309 0.998253 40.7877 0.0664743 0.996285 0.0547473 0.518397 -0.997453 0.0677732 -0.0222184 70.0427
-0.0274476 -0.0543467 0.998145 41.3424 0.070653 0.995918 0.0561683 0.539548 -0.997123 0.0720636 -0.0234958 70.0148
-0.0288863 -0.0552755 0.998053 41.869 0.0720133 0.99576 0.0572328 0.559672 -0.996985 0.0735264 -0.0247832 69.9987
-0.0298761 -0.0544848 0.998068 42.3848 0.0734157 0.995697 0.056553 0.582053 -0.996854 0.0749634 -0.0257475 69.9879
-0.0280817 -0.0531253 0.998193 42.8932 0.0765021 0.995544 0.0551365 0.602535 -0.996674 0.0779122 -0.0238923 69.9661
-0.0242729 -0.0516454 0.99837 43.3899 0.076541 0.995637 0.0533649 0.620147 -0.996771 0.0777116 -0.020214 69.9501
-0.0178264 -0.0513465 0.998522 43.8493 0.0778943 0.995574 0.0525856 0.634277 -0.996802 0.0787166 -0.0137479 69.9372
-0.0105689 -0.0505128 0.998667 44.2969 0.0744246 0.995913 0.0511611 0.648049 -0.997171 0.0748662 -0.00676632 69.9504
0.000673335 -0.0503364 0.998732 44.7387 0.0736057 0.996026 0.0501504 0.661746 -0.997287 0.0734786 0.00437571 69.9589
0.0134818 -0.049674 0.998674 45.1577 0.0723315 0.996197 0.0485743 0.673998 -0.99729 0.0715807 0.0170236 69.9822
0.0323726 -0.0482647 0.99831 45.5489 0.0746008 0.996164 0.0457418 0.684662 -0.996688 0.0729939 0.035849 69.9879
0.0536041 -0.0452639 0.997536 45.9282 0.0742522 0.996387 0.0412217 0.696982 -0.995798 0.0718596 0.0567714 70.0218
0.0772102 -0.0418089 0.996138 46.3054 0.0727594 0.996693 0.0361927 0.705819 -0.994356 0.069684 0.0799968 70.0733
0.104704 -0.0402894 0.993687 46.661 0.0734891 0.996761 0.0326705 0.710276 -0.991784 0.0696045 0.107326 70.1296
0.138355 -0.0404985 0.989554 47.0167 0.0742136 0.996778 0.0304179 0.721324 -0.987598 0.0692299 0.140915 70.1902
0.174945 -0.0421177 0.983677 47.3602 0.0739337 0.996826 0.0295317 0.729445 -0.981798 0.0675604 0.177504 70.2759
0.215538 -0.0454745 0.975436 47.6965 0.0730248 0.996869 0.0303377 0.731923 -0.973761 0.0646921 0.218184 70.3764
0.260224 -0.0490198 0.964303 48.0339 0.0715927 0.996941 0.0313591 0.735212 -0.96289 0.0608766 0.262938 70.4893
0.306772 -0.0511694 0.950407 48.3685 0.0684427 0.997155 0.0315944 0.740088 -0.949319 0.0553561 0.309401 70.6329
0.355815 -0.0515671 0.933133 48.6907 0.0654585 0.997399 0.0301585 0.742703 -0.932261 0.0503506 0.358265 70.7949
0.406534 -0.0497957 0.912278 48.9987 0.0638078 0.997623 0.0260198 0.748462 -0.911405 0.0476325 0.408745 70.9795
0.460588 -0.0480749 0.886311 49.2965 0.0659908 0.997623 0.0198193 0.75045 -0.885157 0.0493598 0.462666 71.1798
0.516365 -0.0429886 0.855289 49.5808 0.0659808 0.997768 0.0103152 0.750432 -0.853823 0.0511063 0.518048 71.4025
0.570187 -0.038932 0.820592 49.8165 0.0674343 0.997724 0.000479218 0.743234 -0.818743 0.0550628 0.571514 71.6299
0.623441 -0.0334106 0.781156 50.0321 0.0634432 0.997954 -0.0079508 0.738309 -0.779292 0.0545159 0.624285 71.8703
0.674004 -0.0280896 0.738194 50.2272 0.0581942 0.99819 -0.0151509 0.732907 -0.736432 0.0531703 0.674419 72.121
0.723095 -0.0288652 0.690145 50.417 0.0592547 0.998036 -0.020341 0.71943 -0.688203 0.0556028 0.723385 72.3641
0.768103 -0.0321295 0.63952 50.5819 0.0614325 0.997831 -0.0236532 0.707213 -0.637373 0.0574554 0.76841 72.602
0.810236 -0.0366797 0.584955 50.7445 0.0613365 0.997866 -0.0223872 0.693327 -0.582886 0.0540181 0.810756 72.8547
0.846592 -0.0378517 0.530895 50.8616 0.0579805 0.998091 -0.0212969 0.689633 -0.529075 0.0488113 0.84717 73.132
0.879152 -0.0399914 0.47486 50.9759 0.0559268 0.998245 -0.019473 0.679638 -0.473248 0.0436771 0.879846 73.4197
0.905754 -0.0386974 0.422033 51.056 0.0505351 0.998579 -0.0168943 0.665921 -0.42078 0.0366296 0.906423 73.7277
0.928431 -0.0386495 0.36949 51.1564 0.0472077 0.998785 -0.0141454 0.647139 -0.368494 0.0305758 0.929127 74.048
0.945618 -0.0346758 0.323424 51.2295 0.0414599 0.999041 -0.0141074 0.635517 -0.322625 0.0267494 0.946149 74.3679
0.958129 -0.0248608 0.285255 51.2765 0.0304188 0.999424 -0.0150699 0.629599 -0.284715 0.023116 0.958333 74.7053
0.967492 -0.016282 0.252378 51.3104 0.0218221 0.999578 -0.0191678 0.620904 -0.25196 0.0240521 0.967439 75.0622
0.975035 -0.0137578 0.221623 51.3704 0.0188453 0.999605 -0.0208575 0.613017 -0.221249 0.0245133 0.974909 75.421
0.979688 -0.0198328 0.199543 51.4354 0.0247553 0.999447 -0.0222039 0.602613 -0.198993 0.0266926 0.979637 75.7909
0.982614 -0.0229811 0.184234 51.4923 0.0276172 0.999362 -0.0226379 0.589737 -0.183596 0.0273324 0.982622 76.1549
0.984877 -0.0186148 0.172253 51.5437 0.0230812 0.999446 -0.0239627 0.578049 -0.171712 0.0275761 0.984761 76.5733
0.98666 -0.0131088 0.162264 51.6463 0.0172919 0.999553 -0.0243942 0.562355 -0.161871 0.0268747 0.986446 77.3344
0.987806 -0.00687019 0.15554 51.7371 0.0110129 0.999607 -0.025788 0.539469 -0.155302 0.0271865 0.987493 77.9937
0.988275 -0.00076045 0.152682 51.788 0.00532062 0.999552 -0.0294608 0.523155 -0.152591 0.0299277 0.987836 78.4019
0.988262 0.00125293 0.152766 51.8404 0.00373812 0.999469 -0.0323796 0.506555 -0.152725 0.0325706 0.987732 78.8127
0.987914 -9.05062e-05 0.155004 51.9089 0.00568334 0.999349 -0.0356391 0.485849 -0.1549 0.0360893 0.987271 79.201
0.98709 -0.00102125 0.160164 51.9662 0.00786332 0.999083 -0.0420911 0.472641 -0.159974 0.0428072 0.986193 79.5932
0.986618 -0.00252181 0.163027 52.0509 0.0103378 0.998836 -0.0471122 0.458551 -0.162718 0.0481671 0.985496 80.0031
0.985845 0.00294712 0.167636 52.1078 0.00486047 0.998923 -0.0461453 0.435502 -0.167592 0.0463069 0.984768 80.3991
0.984638 0.00704042 0.174463 52.164 0.00033222 0.999109 -0.0421938 0.417624 -0.174605 0.0416036 0.983759 80.8102
0.983648 0.00632589 0.179992 52.2401 0.000525764 0.999278 -0.0379934 0.399941 -0.180102 0.0374667 0.982934 81.2769
0.983005 0.000919099 0.183574 52.328 0.00514133 0.999457 -0.0325349 0.380714 -0.183504 0.0329258 0.982467 81.7314
0.982233 0.000174929 0.187667 52.4161 0.00511233 0.999604 -0.0276892 0.358387 -0.187598 0.0281567 0.981842 82.2215
0.981425 -0.0025771 0.191831 52.5119 0.00796306 0.999595 -0.0273109 0.341934 -0.191683 0.0283311 0.981048 82.7612
0.98124 -0.00552254 0.192709 52.6253 0.0116249 0.999466 -0.0305501 0.319165 -0.192437 0.0322172 0.98078 83.3423
0.98116 -0.00632014 0.193095 52.7474 0.0138605 0.999192 -0.0377242 0.290594 -0.1927 0.0396898 0.980455 84.012
0.981166 -0.00308638 0.193144 52.9139 0.0118925 0.998941 -0.0444505 0.248684 -0.192803 0.0459103 0.980163 84.9716
0.98166 0.000595344 0.190638 53.0991 0.00874724 0.998801 -0.0481617 0.206475 -0.190438 0.048946 0.980478 85.9966
0.982011 0.000793326 0.18882 53.2755 0.00763764 0.999006 -0.0439191 0.155564 -0.188667 0.0445712 0.981029 87.0705
0.982413 -0.00429972 0.186674 53.3859 0.0114149 0.999248 -0.0370576 0.13432 -0.186374 0.0385367 0.981723 87.6164
0.98289 -0.00302748 0.184169 53.4827 0.00898964 0.999462 -0.031547 0.106614 -0.183975 0.0326628 0.982388 88.1716
0.983193 0.00150096 0.182565 53.6372 0.00452521 0.999459 -0.0325873 0.0680024 -0.182515 0.0328658 0.982654 89.0982
0.983516 0.0070908 0.180683 53.8074 -0.000296348 0.999293 -0.0376036 0.0245362 -0.180821 0.0369302 0.982822 90.17
0.984063 0.00794144 0.177642 54.0329 -0.000275983 0.999069 -0.0431344 -0.0383988 -0.177819 0.0423979 0.983149 91.5769
0.984401 0.00937327 0.175688 54.1271 -0.00118408 0.99891 -0.0466591 -0.0719847 -0.175934 0.0457233 0.98334 92.2982
0.984969 0.00772535 0.172561 54.2459 0.000116446 0.998969 -0.0453873 -0.111245 -0.172734 0.0447252 0.983953 93.0766
0.985635 0.00457778 0.168825 54.3694 0.00282222 0.999047 -0.0435663 -0.148238 -0.168864 0.043417 0.984683 93.7795
0.985853 0.00454041 0.167554 54.4766 0.0023575 0.999159 -0.0409465 -0.186856 -0.167598 0.0407622 0.985012 94.4851
0.985907 0.00196449 0.16728 54.5922 0.00457756 0.99924 -0.0387137 -0.223907 -0.167229 0.0389339 0.985149 95.222
0.985959 -0.00327379 0.166958 54.708 0.00970053 0.999242 -0.0376922 -0.255043 -0.166708 0.0387825 0.985243 95.8901
0.98618 -0.00299169 0.165649 54.8256 0.00905369 0.999316 -0.0358526 -0.288222 -0.165428 0.0368569 0.985533 96.5562
0.98616 0.00131692 0.165788 54.9221 0.00501484 0.999274 -0.0377675 -0.318114 -0.165718 0.0380762 0.985438 97.1493
0.98578 0.00841666 0.167827 54.9993 -0.00148175 0.999141 -0.0414042 -0.346336 -0.168032 0.0405668 0.984947 97.7486
0.985703 0.0156867 0.167759 55.0968 -0.00853814 0.999028 -0.0432489 -0.373421 -0.168274 0.0411982 0.984879 98.3284
0.985459 0.0182163 0.168936 55.2081 -0.0110973 0.999014 -0.0429893 -0.402095 -0.169553 0.0404895 0.984689 98.9296
0.984803 0.0212247 0.172372 55.2984 -0.0144064 0.999067 -0.0407109 -0.436489 -0.173075 0.0376089 0.98419 99.5263
0.984353 0.0211886 0.174929 55.4049 -0.0141271 0.999038 -0.0415148 -0.469025 -0.175641 0.0383939 0.983705 100.138
0.983934 0.0204167 0.177363 55.509 -0.0127477 0.998938 -0.0442719 -0.502276 -0.178078 0.0412997 0.983149 100.767
0.983872 0.0141059 0.178314 55.626 -0.00648851 0.999044 -0.0432301 -0.531149 -0.178754 0.0413759 0.983023 101.379
0.983866 0.00783347 0.178738 55.7414 0.000182675 0.998996 -0.0447882 -0.56802 -0.178909 0.0440982 0.982877 101.994
0.983629 0.00690136 0.180075 55.8516 0.00118198 0.998998 -0.0447429 -0.604371 -0.180203 0.0442233 0.982635 102.601
0.983255 0.0111864 0.181889 55.9559 -0.00365717 0.999124 -0.0416772 -0.639028 -0.182196 0.0403141 0.982435 103.193
0.982906 0.0142273 0.183556 56.062 -0.0076939 0.999313 -0.0362564 -0.669427 -0.183946 0.0342244 0.98234 103.811
0.982097 0.0229748 0.186972 56.1494 -0.0172939 0.99934 -0.0319586 -0.709806 -0.187582 0.0281529 0.981845 104.473
0.981563 0.0253568 0.189449 56.262 -0.0185098 0.999113 -0.0378242 -0.75728 -0.19024 0.0336202 0.981162 105.184
0.981564 0.0218841 0.189879 56.3909 -0.0121884 0.998568 -0.052081 -0.798639 -0.190747 0.0488065 0.980425 105.872
0.981731 0.0199695 0.189222 56.5228 -0.00852667 0.998096 -0.0610953 -0.837628 -0.190082 0.0583657 0.980032 106.55
0.981867 0.0181546 0.188701 56.6411 -0.00842919 0.9986 -0.052214 -0.870407 -0.189385 0.0496765 0.980645 107.175
0.982128 0.0124016 0.187808 56.7521 -0.00655534 0.999475 -0.0317182 -0.903034 -0.188102 0.0299202 0.981694 107.763
0.982432 0.00847862 0.186428 56.8927 -0.00546886 0.999846 -0.0166527 -0.943482 -0.186541 0.0153406 0.982327 108.485
0.982408 0.0143001 0.186196 57.0242 -0.0103651 0.999702 -0.0220897 -0.983225 -0.186457 0.0197711 0.982264 109.262
0.982274 0.0238908 0.185923 57.1807 -0.0169719 0.999106 -0.0387169 -1.023 -0.186682 0.0348751 0.981801 110.407
0.982426 0.0252234 0.184942 57.3072 -0.0169818 0.998796 -0.046013 -1.05985 -0.18588 0.0420637 0.981672 111.107
0.982726 0.0217299 0.183785 57.4661 -0.0133716 0.998824 -0.0465965 -1.11695 -0.184582 0.0433341 0.981861 112.042
0.983448 0.0203448 0.180044 57.6488 -0.0125068 0.998928 -0.0445625 -1.1871 -0.180757 0.0415732 0.982649 112.975
0.984057 0.0210525 0.176601 57.7974 -0.0131147 0.998856 -0.0459948 -1.23517 -0.177368 0.0429454 0.983207 113.887
0.984919 0.0212418 0.171706 57.9658 -0.0132121 0.998771 -0.047773 -1.29343 -0.172509 0.0447839 0.983989 114.91
0.985149 0.0267291 0.169611 58.1139 -0.0188209 0.998667 -0.0480634 -1.36414 -0.17067 0.0441574 0.984338 115.988
0.985359 0.0314014 0.167577 58.2409 -0.0235675 0.998543 -0.0485346 -1.40942 -0.168856 0.0438746 0.984664 116.823
0.985635 0.0334225 0.165548 58.398 -0.0259435 0.998552 -0.047136 -1.46172 -0.166883 0.042164 0.985075 117.799
0.985837 0.0313054 0.164759 58.5265 -0.0245424 0.998777 -0.042925 -1.50432 -0.165901 0.0382735 0.985399 118.627
0.985922 0.0307468 0.164357 58.6453 -0.0239367 0.998777 -0.0432564 -1.55362 -0.165486 0.0387133 0.985452 119.464
0.986387 0.0299183 0.161695 58.793 -0.0226354 0.998653 -0.0466973 -1.60535 -0.162874 0.0424016 0.985735 120.368
0.987195 0.0261075 0.157369 58.9664 -0.0182986 0.998538 -0.0508675 -1.67381 -0.158467 0.0473365 0.986229 121.486
0.988407 0.0212114 0.150339 59.1565 -0.0135334 0.99856 -0.0519115 -1.74649 -0.151223 0.0492751 0.987271 122.645
0.989339 0.0200944 0.144241 59.2614 -0.0135629 0.998844 -0.0461232 -1.79502 -0.145001 0.0436751 0.988467 123.397
0.99046 0.0148197 0.137001 59.3901 -0.00977277 0.999251 -0.0374385 -1.85243 -0.137453 0.0357424 0.989863 124.198
0.990822 0.013989 0.134448 59.4707 -0.0101906 0.99953 -0.0288983 -1.88291 -0.13479 0.0272629 0.990499 124.964
0.991003 0.0232135 0.131811 59.5385 -0.0199953 0.99947 -0.0256869 -1.93147 -0.132337 0.0228202 0.990942 125.766
0.991469 0.0268589 0.127548 59.6087 -0.0231147 0.99926 -0.0307457 -1.96002 -0.12828 0.0275351 0.991356 126.446
0.992604 0.0240117 0.118995 59.6995 -0.0192775 0.998982 -0.0407777 -1.99383 -0.119853 0.0381822 0.992057 127.086
0.993326 0.0219852 0.11323 59.7575 -0.0167343 0.998749 -0.0471176 -2.01336 -0.114124 0.0449083 0.992451 127.652
0.994254 0.0189077 0.105363 59.8277 -0.0140823 0.998826 -0.0463556 -2.04339 -0.106116 0.0446055 0.993353 128.212
0.994725 0.0276266 0.0987845 59.861 -0.0234101 0.998775 -0.0435906 -2.07284 -0.0998678 0.0410481 0.994154 128.775
0.995256 0.0329551 0.0915349 59.8941 -0.028919 0.998565 -0.0450754 -2.10784 -0.092889 0.0422145 0.994781 129.335
0.995941 0.0366539 0.0822112 59.9231 -0.032469 0.998136 -0.0516753 -2.13594 -0.0839521 0.0487963 0.995274 129.922
0.996655 0.0349099 0.0738943 59.9592 -0.0309234 0.998039 -0.0544213 -2.16511 -0.0756492 0.0519542 0.99578 130.473
0.997184 0.0353578 0.0661421 59.9859 -0.0319298 0.998127 -0.0521868 -2.19494 -0.0678635 0.0499279 0.996445 131.038
0.997592 0.0379519 0.0580574 60.0153 -0.0353472 0.99835 -0.0452525 -2.22941 -0.059679 0.0430914 0.997287 131.609
0.997913 0.0407856 0.0500605 60.0332 -0.0388154 0.998457 -0.039717 -2.2607 -0.0516031 0.037691 0.997956 132.182
0.998305 0.0395041 0.042739 60.0536 -0.0379497 0.99861 -0.0365888 -2.29614 -0.044125 0.0349049 0.998416 132.878
0.998554 0.0397324 0.0362214 60.0746 -0.0384812 0.99866 -0.0346095 -2.32988 -0.037548 0.0331656 0.998744 133.575
0.998673 0.0398868 0.032565 60.0896 -0.0386726 0.998563 -0.037101 -2.36213 -0.0339981 0.0357924 0.998781 134.254
0.998778 0.0419221 0.0261718 60.1172 -0.04078 0.998254 -0.0427418 -2.3946 -0.027918 0.0416223 0.998743 134.913
0.998478 0.0498923 0.0235139 60.1036 -0.0486937 0.997608 -0.0490537 -2.43708 -0.025905 0.0478341 0.998519 135.558
0.998476 0.050937 0.0212259 60.1033 -0.0497946 0.997443 -0.0512602 -2.47083 -0.0237826 0.0501251 0.99846 136.172
0.998551 0.0509496 0.0173068 60.1154 -0.0501309 0.997736 -0.044833 -2.50484 -0.0195518 0.0439004 0.998845 136.746
0.998448 0.0533842 0.0158452 60.1108 -0.0528164 0.998014 -0.0343219 -2.53941 -0.0176459 0.0334317 0.999285 137.429
0.9985 0.0533838 0.0121987 60.1147 -0.0530382 0.998225 -0.027085 -2.57189 -0.0136229 0.0263974 0.999559 138.099
0.998799 0.0485684 0.00651746 60.1229 -0.0483503 0.998372 -0.030243 -2.60684 -0.0079757 0.0298916 0.999521 138.793
0.999407 0.0344385 -0.000377162 60.1502 -0.0344262 0.998614 -0.0398233 -2.65568 -0.000994819 0.0398127 0.999207 139.71
0.999489 0.0307053 -0.00888336 60.1743 -0.0310675 0.998548 -0.0440047 -2.71643 0.00751928 0.0442582 0.998992 140.843
0.999276 0.0347231 -0.0155388 60.1419 -0.0353643 0.998445 -0.043092 -2.75443 0.0140184 0.0436103 0.99895 141.681
0.999189 0.0334551 -0.0224042 60.101 -0.0342757 0.998716 -0.0373017 -2.8006 0.0211275 0.0380393 0.999053 142.625
0.999136 0.0301675 -0.0285695 60.0618 -0.0311376 0.998932 -0.0341408 -2.83207 0.027509 0.0350009 0.999009 143.358
0.999191 0.0200093 -0.0348907 60.0476 -0.0210581 0.999329 -0.0299564 -2.85933 0.0342679 0.0306669 0.998942 144.029
0.999033 0.0160537 -0.0409308 60.0173 -0.017313 0.999382 -0.0305987 -2.88749 0.0404142 0.0312777 0.998693 144.713
0.998832 0.0138912 -0.0462862 59.9727 -0.0156349 0.999173 -0.0375263 -2.92174 0.0457266 0.0382062 0.998223 145.374
0.998571 0.00383746 -0.0533125 59.9373 -0.0063733 0.998852 -0.0474773 -2.95269 0.0530691 0.0477492 0.997449 145.983
0.998109 -0.00814236 -0.0609347 59.9186 0.00497613 0.998638 -0.0519336 -2.98252 0.0612746 0.0515322 0.99679 146.618
0.997637 -0.00488182 -0.0685312 59.8847 0.00182075 0.999001 -0.0446585 -3.01203 0.0686807 0.0444282 0.996649 147.186
0.997296 0.00623024 -0.0732293 59.8235 -0.0085709 0.999461 -0.0316929 -3.04049 0.0729923 0.0322348 0.996811 147.784
0.996875 0.0125343 -0.0779896 59.7613 -0.0144756 0.999598 -0.0243765 -3.07316 0.0776527 0.0254293 0.996656 148.457
0.996609 0.0122474 -0.081363 59.6943 -0.0145283 0.999516 -0.0275018 -3.10458 0.0809868 0.0285906 0.996305 149.162
0.996394 0.0121302 -0.0839777 59.6365 -0.01538 0.999153 -0.0381606 -3.13505 0.0834437 0.0393145 0.995737 149.82
0.996032 0.0237381 -0.0857657 59.5568 -0.0279058 0.998471 -0.0477268 -3.16324 0.0845016 0.0499308 0.995172 150.434
0.995938 0.0218781 -0.0873411 59.4937 -0.0264424 0.998326 -0.0514481 -3.19524 0.0860693 0.0535487 0.994849 151.003
0.995861 0.0181068 -0.089073 59.4425 -0.0223728 0.998638 -0.0471303 -3.22456 0.0880983 0.048928 0.994909 151.554
0.995857 0.0189611 -0.0889328 59.3869 -0.0224665 0.999003 -0.0385832 -3.25571 0.0881126 0.0404213 0.99529 152.155
0.99585 0.0207124 -0.088616 59.3253 -0.0237159 0.999175 -0.0329754 -3.29029 0.0878599 0.0349402 0.99552 152.794
0.995751 0.020294 -0.0898179 59.2565 -0.0234301 0.999147 -0.0340006 -3.32357 0.0890513 0.0359605 0.995378 153.445
0.995624 0.0179032 -0.0917192 59.1898 -0.0219261 0.998833 -0.0430425 -3.35993 0.0908415 0.0448652 0.994854 154.112
0.99553 0.00638696 -0.0942277 59.1375 -0.0116393 0.998402 -0.0552969 -3.39322 0.093724 0.0561465 0.994014 154.766
0.99534 -0.00378398 -0.0963536 59.0862 -0.00195148 0.998235 -0.0593614 -3.43128 0.0964081 0.0592728 0.993575 155.395
0.995174 -0.00119134 -0.0981184 59.0327 -0.00430326 0.998434 -0.055769 -3.4611 0.0980313 0.0559221 0.993611 155.975
0.995033 0.0050002 -0.0994205 58.9656 -0.00952729 0.998936 -0.0451122 -3.5002 0.0990892 0.0458354 0.994022 156.566
0.994789 0.00451258 -0.101854 58.9067 -0.00875399 0.999111 -0.0412335 -3.54256 0.101578 0.0419102 0.993944 157.174
0.99468 0.00355455 -0.10295 58.8392 -0.00826365 0.998937 -0.0453515 -3.57916 0.102679 0.045961 0.993652 157.827
0.994717 0.00417448 -0.102569 58.7651 -0.00954613 0.998605 -0.0519363 -3.61559 0.102209 0.052641 0.993369 158.486
0.99458 0.00917636 -0.103566 58.6904 -0.0146612 0.998523 -0.0523229 -3.65524 0.102933 0.0535577 0.993245 159.148
0.994495 0.0125751 -0.104026 58.3864 -0.0178098 0.998613 -0.049546 -3.81254 0.103259 0.0511259 0.99334 161.736
0.99438 0.0166369 -0.104554 57.6973 -0.0216003 0.998684 -0.046521 -4.17122 0.103643 0.048518 0.993431 167.398
0.994379 0.0215398 -0.103662 57.2149 -0.0262308 0.998683 -0.0441043 -4.37896 0.102575 0.0465756 0.993634 171.053
0.994224 0.024211 -0.104555 56.935 -0.0289951 0.998589 -0.044482 -4.52855 0.103331 0.0472567 0.993524 173.404
0.994174 0.0221877 -0.105477 56.669 -0.027428 0.998447 -0.0484931 -4.6924 0.104237 0.0511036 0.993239 175.84
0.99403 0.0237193 -0.106495 56.59 -0.0295817 0.998113 -0.0538108 -4.73157 0.105018 0.0566398 0.992856 176.488
0.993841 0.0242967 -0.10812 56.5257 -0.0302097 0.998117 -0.0533908 -4.76637 0.106619 0.0563282 0.992703 177.038
0.993657 0.0252872 -0.109576 56.4561 -0.0302143 0.998595 -0.0435398 -4.80045 0.108321 0.0465744 0.993024 177.602
0.993556 0.0236705 -0.11084 56.3827 -0.0276352 0.999027 -0.0343707 -4.84013 0.109918 0.0372122 0.993244 178.221
