1 0 0 0 0 1 0 0 0 0 1 0
0.999143 -0.00801395 0.0405982 0.0899835 0.00814913 0.999962 -0.00316537 -0.0173266 -0.0405712 0.0034935 0.999171 0.948637
0.996219 -0.0131558 0.0858722 0.174273 0.0138682 0.999874 -0.00770416 -0.0388819 -0.0857601 0.00886593 0.996276 1.92497
0.991309 -0.0142944 0.130775 0.301988 0.0158602 0.999814 -0.0109399 -0.0663768 -0.130595 0.012919 0.991352 2.83155
0.983928 -0.00824442 0.178376 0.440941 0.0107879 0.999853 -0.0132937 -0.0877373 -0.17824 0.0150043 0.983873 3.74338
0.974669 -0.0149499 0.223153 0.649726 0.018392 0.999742 -0.0133547 -0.108035 -0.222895 0.0171207 0.974692 4.59678
0.963534 -0.0200409 0.266835 0.914036 0.0247607 0.999591 -0.0143352 -0.135202 -0.266438 0.0204195 0.963636 5.4684
0.950646 -0.0261423 0.309176 1.24243 0.0331201 0.999301 -0.0173411 -0.149692 -0.308506 0.0267252 0.950847 6.36388
0.935773 -0.0272279 0.351551 1.57235 0.0360366 0.999179 -0.0185364 -0.175268 -0.350757 0.0300146 0.935985 7.23841
0.918326 -0.0258727 0.39498 1.88607 0.0361668 0.999172 -0.0186378 -0.199953 -0.39417 0.0314007 0.918501 8.00807
0.898584 -0.0239461 0.438149 2.27916 0.0348535 0.99925 -0.0168678 -0.222 -0.437416 0.0304281 0.898744 8.84686
0.876512 -0.0217267 0.480889 2.74451 0.0334231 0.999317 -0.0157705 -0.246828 -0.480218 0.0298959 0.876639 9.727
0.852375 -0.019584 0.522565 3.2048 0.0315894 0.999402 -0.0140722 -0.273552 -0.521977 0.0285023 0.852483 10.5029
0.827344 -0.0216636 0.561278 3.82539 0.0357603 0.99926 -0.0141435 -0.29606 -0.560557 0.031773 0.827506 11.3862
0.801912 -0.0317324 0.596599 4.47667 0.0500223 0.998648 -0.01412 -0.326844 -0.595344 0.0411662 0.802416 12.1459
0.77419 -0.0327762 0.632104 5.06905 0.053745 0.998456 -0.0140535 -0.348684 -0.630668 0.0448525 0.774756 12.8515
0.74412 -0.0370504 0.667018 5.66653 0.0604172 0.998102 -0.01196 -0.364221 -0.665309 0.049199 0.744945 13.5051
0.713899 -0.0389511 0.699165 6.33518 0.0654814 0.99779 -0.0112735 -0.376431 -0.697181 0.0538305 0.714871 14.1314
0.6789 -0.034683 0.733411 7.07277 0.0625223 0.997986 -0.0106805 -0.403686 -0.731564 0.0531055 0.679702 14.8644
0.646741 -0.0399277 0.761664 7.69486 0.0751702 0.997104 -0.0115584 -0.40408 -0.758996 0.0647297 0.647869 15.3155
0.610815 -0.0386337 0.79083 8.42777 0.0762638 0.997036 -0.0101968 -0.420665 -0.788092 0.0665401 0.611951 15.8716
0.574016 -0.037797 0.817971 9.11402 0.0801812 0.996728 -0.0102106 -0.435117 -0.814909 0.071447 0.575168 16.3365
0.535866 -0.0364578 0.843516 9.87226 0.0856319 0.996262 -0.0113402 -0.448848 -0.839949 0.0783087 0.536985 16.803
0.498023 -0.0358509 0.866422 10.6147 0.0884033 0.996039 -0.00960041 -0.4575 -0.862646 0.0813758 0.49922 17.2118
0.459108 -0.036233 0.887641 11.3643 0.0902462 0.995901 -0.00602524 -0.472466 -0.883785 0.0828725 0.460496 17.6119
0.421892 -0.0371605 0.905884 12.142 0.094311 0.995538 -0.00308468 -0.486935 -0.901728 0.0867362 0.423514 17.9649
0.388122 -0.0362257 0.920896 12.9111 0.0996764 0.995016 -0.00286842 -0.496763 -0.916202 0.0929048 0.389799 18.2642
0.354361 -0.0360803 0.934412 13.7003 0.0977673 0.995208 0.00135111 -0.500535 -0.929984 0.0908762 0.35619 18.5763
0.322465 -0.0381514 0.945812 14.481 0.102828 0.994686 0.00506474 -0.496507 -0.94098 0.0956225 0.324675 18.8184
0.291774 -0.0394195 0.955675 15.3193 0.107703 0.99415 0.00812416 -0.501084 -0.950404 0.100558 0.294313 19.0368
0.258808 -0.0357762 0.965266 16.2024 0.101895 0.994749 0.00954865 -0.507417 -0.960539 0.0958849 0.261094 19.2973
0.227483 -0.0335845 0.973203 16.9477 0.100273 0.9949 0.0108947 -0.502082 -0.968606 0.0951081 0.22969 19.4853
0.196564 -0.0331199 0.979931 17.809 0.101106 0.994786 0.0133413 -0.500415 -0.975264 0.0964543 0.198888 19.6791
0.165963 -0.0328682 0.985584 18.6012 0.10136 0.994719 0.0161047 -0.492686 -0.980909 0.0972261 0.168418 19.8157
0.136227 -0.0326757 0.990139 19.4272 0.0995474 0.994849 0.019135 -0.474361 -0.985663 0.095959 0.138778 19.929
0.105281 -0.032225 0.99392 20.2465 0.0962751 0.99511 0.0220656 -0.46157 -0.989771 0.0933667 0.107869 20.0436
0.0780773 -0.0321466 0.996429 21.0868 0.100154 0.994677 0.0242424 -0.448801 -0.991904 0.0979031 0.0808813 20.108
0.0508945 -0.0313576 0.998212 21.9233 0.100414 0.994603 0.0261245 -0.433936 -0.993643 0.0989053 0.0537686 20.1793
0.0282146 -0.0308801 0.999125 22.7759 0.105129 0.994071 0.0277551 -0.415425 -0.994058 0.104254 0.0312937 20.2041
0.00725549 -0.0308555 0.999498 23.5903 0.109879 0.993496 0.0298726 -0.394989 -0.993919 0.109607 0.0105987 20.2143
-0.0106201 -0.0312047 0.999457 24.4011 0.11247 0.993133 0.0322023 -0.373155 -0.993598 0.112751 -0.00703753 20.21
-0.0252528 -0.0306433 0.999211 25.2426 0.116256 0.992658 0.0333804 -0.343486 -0.992898 0.117007 -0.0215049 20.1769
-0.0380605 -0.0304994 0.99881 26.1259 0.121286 0.992003 0.0349133 -0.311281 -0.991888 0.122471 -0.034057 20.1237
-0.0497849 -0.0311689 0.998273 26.9805 0.125594 0.991383 0.0372173 -0.28463 -0.990832 0.12723 -0.0454413 20.0664
-0.0617722 -0.0309155 0.997611 27.8614 0.124618 0.99146 0.0384412 -0.258836 -0.99028 0.126695 -0.057392 20.015
-0.0734428 -0.0277404 0.996914 28.8232 0.122702 0.991767 0.0366366 -0.225816 -0.989722 0.125014 -0.0694343 19.9602
-0.0822366 -0.0240064 0.996324 29.7158 0.12574 0.991471 0.0342681 -0.197312 -0.988649 0.128096 -0.0785167 19.8713
-0.0918085 -0.0211301 0.995552 30.6292 0.126047 0.991486 0.0326677 -0.163695 -0.987767 0.128485 -0.0883635 19.7921
-0.0998175 -0.0198939 0.994807 31.5521 0.124293 0.99172 0.0323035 -0.134036 -0.987212 0.126872 -0.0965183 19.7127
-0.106058 -0.0190125 0.994178 32.4473 0.122154 0.991995 0.032002 -0.103667 -0.986828 0.124837 -0.102886 19.627
-0.109878 -0.0170146 0.993799 33.3869 0.124923 0.991689 0.0307903 -0.0732322 -0.986063 0.127531 -0.106839 19.5128
-0.114389 -0.015164 0.99332 34.3092 0.123311 0.991934 0.0293432 -0.0462556 -0.985753 0.125844 -0.111597 19.4122
-0.118411 -0.0140487 0.992865 35.2445 0.123614 0.991913 0.0287776 -0.0176922 -0.98524 0.126139 -0.115717 19.3032
-0.12156 -0.0150744 0.99247 36.224 0.122706 0.991987 0.0300964 0.00887331 -0.98497 0.12544 -0.118736 19.1878
-0.123276 -0.0165065 0.992235 37.1786 0.12499 0.991641 0.0320255 0.0387111 -0.98447 0.127967 -0.120183 19.0651
-0.125168 -0.0171774 0.991987 38.2168 0.127638 0.991263 0.0332701 0.0712542 -0.983891 0.13078 -0.121882 18.9368
-0.127867 -0.0161968 0.991659 39.2378 0.12931 0.99106 0.0328605 0.103348 -0.983325 0.132433 -0.124629 18.8172
-0.128721 -0.0162398 0.991548 40.3382 0.128897 0.99111 0.0329658 0.140738 -0.983268 0.132051 -0.125483 18.6812
-0.128999 -0.0145536 0.991538 41.4271 0.131657 0.990789 0.0316713 0.176677 -0.982866 0.134629 -0.125895 18.5379
-0.128719 -0.0138681 0.991584 42.4961 0.132994 0.990628 0.0311188 0.210441 -0.982723 0.13588 -0.125668 18.3969
-0.127683 -0.0119407 0.991743 43.6084 0.133465 0.990626 0.0291104 0.244084 -0.982794 0.13608 -0.124892 18.2572
-0.125753 -0.0120623 0.991988 44.726 0.136046 0.99027 0.0292877 0.271392 -0.982689 0.138639 -0.122888 18.1039
-0.123597 -0.0130146 0.992247 45.8694 0.136261 0.99022 0.029961 0.300954 -0.982933 0.138908 -0.120615 17.9577
-0.122812 -0.0123072 0.992354 47.0264 0.137927 0.990007 0.0293477 0.328238 -0.982799 0.140477 -0.119887 17.8275
-0.120471 -0.0114377 0.992651 48.3073 0.138654 0.989938 0.028234 0.363199 -0.982986 0.141037 -0.117673 17.6694
-0.119786 -0.010816 0.992741 49.4566 0.139545 0.98983 0.0276219 0.390861 -0.982944 0.14184 -0.117058 17.5408
-0.118159 -0.0104149 0.99294 50.6648 0.138296 0.990027 0.0268414 0.430471 -0.983317 0.140491 -0.11554 17.3927
-0.117623 -0.0115636 0.992991 51.9153 0.139127 0.989878 0.0280074 0.464908 -0.983264 0.141446 -0.114823 17.2562
-0.116632 -0.0127977 0.993093 53.0231 0.142907 0.989295 0.0295323 0.493437 -0.98284 0.145365 -0.113555 17.1355
-0.117117 -0.0120131 0.993046 54.2895 0.140965 0.989602 0.0285964 0.522163 -0.983063 0.143334 -0.114205 17.0045
-0.115745 -0.0098879 0.99323 55.5949 0.144108 0.989203 0.0266412 0.554672 -0.98277 0.146216 -0.11307 16.8527
-0.115388 -0.0101402 0.993269 56.9109 0.14314 0.989342 0.0267286 0.583149 -0.982953 0.14526 -0.112707 16.7077
-0.112816 -0.00959228 0.99357 58.2347 0.151405 0.98811 0.026731 0.606865 -0.982013 0.153447 -0.110022 16.5236
-0.11321 -0.0104396 0.993516 59.5654 0.14944 0.988391 0.0274143 0.639898 -0.982268 0.151575 -0.110336 16.3865
-0.113847 -0.0104647 0.993443 60.8902 0.148828 0.988482 0.0274678 0.664713 -0.982288 0.150979 -0.110978 16.2536
-0.110625 -0.00958831 0.993816 62.3942 0.156371 0.987331 0.0269319 0.707268 -0.981484 0.158383 -0.107724 16.0462
-0.109593 -0.00848855 0.99394 63.7598 0.157234 0.987225 0.025768 0.740773 -0.981462 0.159105 -0.106858 15.8792
-0.108657 -0.00592237 0.994062 65.0323 0.159282 0.986958 0.0232905 0.787199 -0.981235 0.160867 -0.106296 15.7413
-0.110575 -0.00584221 0.993851 66.4162 0.156199 0.987454 0.0231831 0.803988 -0.981517 0.157801 -0.108275 15.6048
-0.111601 -0.00494598 0.993741 67.9093 0.15675 0.987382 0.0225179 0.82695 -0.981313 0.158282 -0.109417 15.4434
-0.113561 -0.00605464 0.993513 69.354 0.152394 0.988042 0.0234403 0.852349 -0.981774 0.154067 -0.11128 15.3036
-0.11469 -0.00610278 0.993383 70.8234 0.151085 0.988241 0.0235146 0.882252 -0.981845 0.152782 -0.11242 15.1507
-0.112887 -0.00588309 0.99359 72.2429 0.154274 0.987752 0.0233764 0.91919 -0.981558 0.155924 -0.110597 14.9737
-0.115713 -0.0048486 0.993271 73.7858 0.152045 0.988117 0.0225362 0.946599 -0.981577 0.15363 -0.113601 14.8261
-0.11706 -0.00354484 0.993119 75.2739 0.155238 0.987636 0.0218234 0.972219 -0.980917 0.156725 -0.115062 14.6328
-0.123026 -0.00260986 0.9924 76.8347 0.151927 0.988159 0.0214329 0.997814 -0.980705 0.15341 -0.121173 14.4922
-0.129459 -0.00368351 0.991578 78.3162 0.143895 0.989338 0.0224619 1.02853 -0.981088 0.145591 -0.127549 14.3274
-0.133983 -0.00398343 0.990976 79.824 0.144767 0.989186 0.0235491 1.0477 -0.980353 0.146615 -0.131957 14.1421
-0.139342 -0.00306457 0.99024 81.4102 0.142421 0.989537 0.0231032 1.07028 -0.979949 0.14425 -0.137448 13.9462
-0.142701 -0.00103739 0.989765 82.9721 0.143827 0.989363 0.0217735 1.09509 -0.97926 0.145462 -0.141034 13.7137
-0.147514 0.000699113 0.98906 84.4631 0.143916 0.989372 0.0207652 1.10562 -0.978533 0.145405 -0.146047 13.5132
-0.153923 0.00162176 0.988082 85.8943 0.14122 0.989768 0.0203747 1.13261 -0.977939 0.142673 -0.152577 13.3269
-0.157672 0.00182094 0.98749 87.7039 0.141646 0.989699 0.0207915 1.16342 -0.97728 0.143152 -0.156306 13.0306
-0.15855 0.00296619 0.987347 89.2576 0.148013 0.988767 0.0207976 1.19554 -0.976194 0.149437 -0.157208 12.7362
-0.163924 0.00242093 0.98647 90.7154 0.147394 0.988832 0.022066 1.21467 -0.975399 0.149017 -0.16245 12.5072
-0.172604 0.00080958 0.984991 92.3177 0.135513 0.99051 0.0229324 1.23466 -0.975625 0.137438 -0.171075 12.2975
-0.17443 0.00457741 0.984659 93.8186 0.145854 0.989078 0.0212396 1.26195 -0.973807 0.147321 -0.173192 11.9865
-0.180663 0.00615274 0.983526 95.4237 0.149613 0.988515 0.0212984 1.27517 -0.972099 0.150996 -0.179508 11.7131
-0.186971 0.00545202 0.98235 97.1178 0.145163 0.98916 0.0221391 1.30397 -0.971581 0.14674 -0.185736 11.4027
-0.192705 0.00588489 0.981239 98.6497 0.145855 0.989045 0.0227127 1.32792 -0.970356 0.147496 -0.191453 11.1109
-0.196675 0.00729706 0.980442 100.574 0.149292 0.988535 0.0225904 1.35808 -0.969036 0.150815 -0.19551 10.7252
-0.19872 0.0106908 0.979998 102.32 0.160643 0.986772 0.0218099 1.39146 -0.966801 0.161764 -0.197808 10.3189
-0.203352 0.00985927 0.979056 104.374 0.162904 0.986352 0.0239028 1.41226 -0.965459 0.164353 -0.202183 9.93625
-0.206812 0.0106322 0.978323 106.309 0.166849 0.985677 0.0245587 1.45328 -0.964049 0.168311 -0.205623 9.53703
-0.210688 0.0112552 0.977488 107.884 0.16819 0.98544 0.024905 1.47355 -0.962976 0.169651 -0.209514 9.22324
-0.215508 0.011644 0.976433 109.586 0.1675 0.985549 0.0252162 1.49158 -0.962029 0.168987 -0.214344 8.90885
-0.21909 0.0120761 0.97563 111.261 0.168403 0.985385 0.02562 1.52164 -0.961062 0.169912 -0.217921 8.57196
-0.222069 0.0138044 0.974933 113.142 0.169967 0.985138 0.0247659 1.56623 -0.960102 0.171206 -0.221115 8.16093
-0.225817 0.0151192 0.974052 115.329 0.171895 0.984809 0.0245648 1.60104 -0.958884 0.172982 -0.224986 7.66069
-0.2291 0.015698 0.973276 117.019 0.173971 0.984432 0.0250732 1.63289 -0.95773 0.175066 -0.228264 7.25668
-0.232385 0.017072 0.972474 118.89 0.175642 0.984144 0.024695 1.67636 -0.956633 0.176546 -0.231699 6.8074
-0.233028 0.0190135 0.972284 120.663 0.181023 0.983182 0.0241591 1.71844 -0.955473 0.181635 -0.232551 6.33136
-0.236379 0.0197087 0.971461 122.302 0.183272 0.982753 0.0246566 1.74713 -0.95422 0.18387 -0.235915 5.92641
-0.241408 0.0184439 0.970248 123.889 0.179995 0.983321 0.0260922 1.7687 -0.953585 0.180939 -0.240702 5.55892
-0.244031 0.0192952 0.969575 125.704 0.184735 0.982419 0.026945 1.79818 -0.952009 0.18569 -0.243306 5.08729
-0.247237 0.0199706 0.968749 127.511 0.185449 0.982281 0.0270793 1.83836 -0.951043 0.186348 -0.24656 4.6133
-0.250153 0.0210105 0.967978 129.109 0.188266 0.981737 0.0273441 1.85098 -0.949726 0.189078 -0.24954 4.21758
-0.251084 0.0250083 0.967642 130.966 0.196439 0.980181 0.0256396 1.89813 -0.947823 0.19652 -0.25102 3.69161
-0.252897 0.0270511 0.967115 132.522 0.200811 0.979308 0.025119 1.92962 -0.946424 0.20056 -0.253096 3.26588
-0.255265 0.0278139 0.966471 134.288 0.202656 0.978922 0.0253535 1.95341 -0.945394 0.202333 -0.255521 2.795
-0.256566 0.0291974 0.966086 135.985 0.208387 0.977706 0.0257933 1.98221 -0.943795 0.207938 -0.256931 2.30964
-0.25978 0.0299788 0.965202 137.697 0.211359 0.977048 0.0265396 2.01283 -0.942254 0.210898 -0.260154 1.83252
-0.263294 0.0314498 0.964203 139.437 0.214433 0.976374 0.0267083 2.05547 -0.940582 0.213789 -0.263817 1.36949
-0.265724 0.0319938 0.963518 141.231 0.218655 0.975403 0.0279135 2.0851 -0.938925 0.218096 -0.266183 0.869055
-0.26813 0.0316427 0.962863 142.98 0.219691 0.975134 0.0291319 2.12052 -0.937999 0.219344 -0.268415 0.381188
-0.272508 0.0310839 0.961651 144.809 0.217008 0.97571 0.0299562 2.16151 -0.937362 0.216849 -0.272634 -0.0885538
-0.27368 0.0326675 0.961266 146.7 0.219599 0.975148 0.0293824 2.21089 -0.936416 0.219135 -0.274052 -0.655541
-0.275689 0.0349383 0.960612 148.419 0.221825 0.974678 0.0282122 2.23507 -0.935302 0.220865 -0.276458 -1.16494
-0.277975 0.0377693 0.959846 150.316 0.224224 0.974174 0.0266028 2.28672 -0.934052 0.222615 -0.279264 -1.73414
-0.280562 0.0394391 0.959025 152.096 0.225156 0.973981 0.0258151 2.32463 -0.933054 0.223173 -0.282142 -2.25601
-0.281661 0.0420631 0.958592 153.951 0.231258 0.972564 0.0252738 2.35116 -0.931229 0.2288 -0.283661 -2.83127
-0.283869 0.0435258 0.957875 155.777 0.236219 0.971356 0.0258658 2.38184 -0.929311 0.23361 -0.28602 -3.38585
-0.285941 0.0444614 0.957215 157.647 0.240449 0.970293 0.0267584 2.42488 -0.927589 0.237813 -0.288137 -3.94277
-0.287768 0.0447001 0.956656 159.408 0.244226 0.969309 0.0281733 2.45596 -0.926036 0.241748 -0.289853 -4.48521
-0.290239 0.0454074 0.955876 161.056 0.247531 0.968441 0.029155 2.49011 -0.924386 0.245071 -0.292319 -5.00299
-0.291431 0.0469502 0.955439 162.583 0.251143 0.967514 0.0290608 2.52866 -0.923036 0.248421 -0.293754 -5.49442
-0.295161 0.0478103 0.954251 164.466 0.252061 0.967262 0.0295031 2.56352 -0.921599 0.249237 -0.297549 -6.07484
-0.296924 0.0487569 0.953656 166.18 0.254219 0.96669 0.0297286 2.58984 -0.92044 0.251265 -0.299428 -6.61647
-0.300213 0.0492908 0.952598 168.296 0.254114 0.966707 0.0300637 2.6351 -0.919401 0.251094 -0.302743 -7.26481
-0.303089 0.0486113 0.951722 170.183 0.253901 0.966718 0.0314811 2.67504 -0.918516 0.251185 -0.305344 -7.85664
-0.304721 0.0484212 0.95121 172.172 0.255849 0.966161 0.032779 2.72903 -0.917435 0.253354 -0.306798 -8.5002
-0.306829 0.0494605 0.950479 173.818 0.257895 0.965609 0.0330046 2.77313 -0.916158 0.255251 -0.309032 -9.04267
-0.307774 0.0519244 0.950042 175.415 0.26232 0.964441 0.0322693 2.81842 -0.914584 0.259146 -0.310451 -9.57274
-0.309335 0.0522401 0.949517 177.132 0.262201 0.964471 0.0323571 2.86005 -0.914091 0.258973 -0.312042 -10.1496
-0.311992 0.0537877 0.948561 179.012 0.261818 0.964606 0.0314172 2.90216 -0.913298 0.258152 -0.315032 -10.7511
-0.313918 0.0552846 0.947839 181.014 0.263696 0.964104 0.031101 2.94116 -0.912096 0.259705 -0.317228 -11.4455
-0.315833 0.0560656 0.947157 183.167 0.263403 0.964195 0.0307585 2.99101 -0.91152 0.259198 -0.319292 -12.1729
-0.317801 0.058191 0.94637 184.711 0.267745 0.963001 0.0306978 3.03069 -0.909569 0.263141 -0.321623 -12.7049
-0.318515 0.0588924 0.946087 186.757 0.27276 0.961551 0.0319742 3.08108 -0.907827 0.268239 -0.322332 -13.425
-0.317355 0.0600639 0.946403 188.605 0.279609 0.959551 0.0328621 3.14169 -0.906148 0.275051 -0.321313 -14.1263
-0.317235 0.0623361 0.946296 190.795 0.287244 0.957281 0.0332358 3.19761 -0.903799 0.282362 -0.321589 -14.919
-0.31632 0.0657009 0.946375 192.418 0.293589 0.955402 0.0318028 3.26808 -0.902079 0.287905 -0.321502 -15.5488
-0.317499 0.067334 0.945865 194.283 0.297682 0.954129 0.0320007 3.32891 -0.900322 0.291727 -0.322979 -16.196
-0.317835 0.0689121 0.945639 195.955 0.304622 0.951901 0.0330167 3.36369 -0.897879 0.298556 -0.323539 -16.8256
-0.319139 0.0706349 0.945072 197.68 0.308117 0.950776 0.0329862 3.41314 -0.896222 0.30172 -0.325194 -17.4415
-0.321069 0.0717157 0.944337 199.706 0.310303 0.950053 0.0333512 3.47765 -0.894778 0.303738 -0.327286 -18.167
-0.321991 0.0730237 0.943922 202.024 0.315592 0.948275 0.0342943 3.53742 -0.892594 0.308937 -0.328382 -19.0212
-0.324367 0.0744596 0.942996 204.511 0.317971 0.94747 0.0345611 3.60399 -0.890887 0.311055 -0.331004 -19.9095
-0.327973 0.0768153 0.941559 206.794 0.319984 0.946805 0.0342169 3.67533 -0.888844 0.312506 -0.335106 -20.6565
-0.330389 0.0780282 0.940614 208.881 0.322982 0.945758 0.0349918 3.72297 -0.886863 0.315362 -0.337669 -21.4164
-0.333809 0.0788481 0.939337 211.127 0.324531 0.94519 0.0359879 3.78623 -0.885015 0.316857 -0.341101 -22.2292
-0.335377 0.0811971 0.938578 213.411 0.32828 0.943908 0.0356444 3.85546 -0.883037 0.320071 -0.343221 -23.0901
-0.342652 0.0800141 0.936049 215.735 0.323015 0.945654 0.0374085 3.90777 -0.882185 0.315176 -0.349876 -23.8858
-0.347087 0.0819062 0.93425 218.261 0.325044 0.944938 0.0379152 3.983 -0.879703 0.316832 -0.354599 -24.7042
-0.350741 0.0838566 0.932711 220.579 0.326651 0.944384 0.0379293 4.078 -0.877656 0.317974 -0.358626 -25.6025
-0.352467 0.0870663 0.931765 222.599 0.331195 0.942829 0.0371838 4.15349 -0.875258 0.321702 -0.361152 -26.4057
-0.353835 0.089097 0.931054 224.68 0.334676 0.941603 0.0370829 4.23456 -0.87338 0.324723 -0.362991 -27.2378
-0.35862 0.0904947 0.929087 226.479 0.334319 0.941721 0.0373192 4.2793 -0.871563 0.323995 -0.367974 -27.9119
-0.360894 0.0933123 0.927927 228.694 0.336826 0.940863 0.0363872 4.34977 -0.869657 0.325682 -0.370982 -28.7858
-0.362976 0.0944453 0.927 231.009 0.3393 0.939947 0.0370919 4.43061 -0.867827 0.327994 -0.373223 -29.7296
-0.366903 0.095501 0.925344 233.555 0.336541 0.940968 0.0363266 4.56636 -0.86725 0.324745 -0.377384 -30.7768
-0.370085 0.0964873 0.923974 235.153 0.336024 0.941153 0.0363084 4.63579 -0.866098 0.323914 -0.380729 -31.4357
-0.370511 0.0993189 0.923503 236.822 0.341085 0.93935 0.0358211 4.70385 -0.863934 0.328265 -0.381916 -32.1795
-0.371445 0.100562 0.922993 238.699 0.342039 0.939021 0.0353404 4.78239 -0.863155 0.328827 -0.383191 -33.0001
-0.373055 0.101536 0.922237 240.434 0.341611 0.939197 0.0347821 4.85986 -0.862631 0.328022 -0.385058 -33.7334
-0.373941 0.103218 0.921691 242.193 0.346996 0.937182 0.035828 4.91695 -0.860094 0.333221 -0.386267 -34.4924
-0.374943 0.105326 0.921045 243.991 0.351027 0.935677 0.035898 5.00603 -0.85802 0.336771 -0.387798 -35.2536
-0.375309 0.106829 0.920723 245.401 0.353494 0.934758 0.0356357 5.07315 -0.856846 0.338845 -0.388587 -35.859
-0.376327 0.108576 0.920103 247.843 0.357321 0.933287 0.0360145 5.16188 -0.854809 0.342326 -0.390018 -36.8656
-0.377673 0.110226 0.919355 250.146 0.360111 0.932208 0.0361676 5.25238 -0.853043 0.344729 -0.391763 -37.8056
-0.377514 0.11219 0.919182 254.059 0.3664 0.929721 0.0370066 5.38864 -0.850432 0.350759 -0.392089 -39.4951
-0.377825 0.113705 0.918868 256.856 0.371202 0.927782 0.0378246 5.48468 -0.848208 0.355377 -0.392747 -40.6778
-0.381601 0.114537 0.917203 259.54 0.368954 0.92869 0.0375316 5.56906 -0.847498 0.352728 -0.396648 -41.7823
-0.385328 0.119393 0.915023 263.067 0.369901 0.928426 0.0346285 5.7307 -0.845397 0.351811 -0.401912 -43.1823
-0.38965 0.120187 0.913087 264.929 0.369463 0.928569 0.0354396 5.79368 -0.843605 0.351161 -0.406222 -43.949
-0.394797 0.117985 0.911161 266.436 0.364777 0.930336 0.0375868 5.85039 -0.843251 0.34721 -0.410332 -44.6174
-0.395845 0.119341 0.91053 270.324 0.369865 0.928261 0.0391305 6.02875 -0.840539 0.352263 -0.411588 -46.4415
-0.396932 0.121137 0.909819 273.899 0.376505 0.925506 0.0410345 6.14352 -0.837072 0.358839 -0.412971 -48.0238
-0.396244 0.125581 0.909516 276.364 0.382624 0.92307 0.0392433 6.33222 -0.834619 0.363553 -0.413811 -49.2319
-0.400913 0.126384 0.907357 278.431 0.383572 0.922602 0.0409725 6.40407 -0.83195 0.364463 -0.41836 -50.1589
-0.407369 0.126312 0.904486 280.196 0.381996 0.923157 0.0431269 6.45403 -0.829535 0.363079 -0.424317 -50.9225
-0.407699 0.128206 0.904071 281.967 0.386412 0.921295 0.0436075 6.53317 -0.827325 0.367123 -0.425152 -51.7938
-0.40988 0.126422 0.903336 283.551 0.384596 0.921964 0.0454779 6.62146 -0.827094 0.36606 -0.426516 -52.638
-0.410993 0.126676 0.902795 285.709 0.38702 0.920874 0.0469761 6.71969 -0.825409 0.368706 -0.427499 -53.6742
-0.412521 0.128731 0.901806 287.813 0.390177 0.919528 0.0472207 6.82653 -0.823158 0.371343 -0.429553 -54.694
-0.414007 0.130778 0.90083 292.127 0.393832 0.917942 0.0477373 7.06979 -0.820667 0.37454 -0.431539 -56.8039
-0.416358 0.133362 0.899367 293.656 0.399942 0.915206 0.0494412 7.13718 -0.816512 0.38028 -0.434391 -57.537
-0.417651 0.135311 0.898476 298.531 0.403911 0.91342 0.0501941 7.43528 -0.813894 0.383867 -0.436144 -59.9673
-0.419058 0.135387 0.897809 299.939 0.404298 0.913204 0.0510005 7.50474 -0.812978 0.384354 -0.437422 -60.6832
-0.420661 0.135151 0.897094 301.759 0.406169 0.912258 0.0530234 7.58837 -0.811216 0.386677 -0.438646 -61.5913
-0.423533 0.134888 0.895782 303.334 0.406322 0.912087 0.0547689 7.6692 -0.809644 0.387172 -0.441107 -62.3537
-0.426907 0.135044 0.894155 304.908 0.405203 0.912532 0.0556417 7.74306 -0.808431 0.386068 -0.444287 -63.1376
-0.429394 0.13508 0.892958 306.835 0.403418 0.913311 0.0558319 7.84175 -0.808007 0.38421 -0.446663 -64.1195
-0.430489 0.135485 0.892369 308.507 0.400521 0.914674 0.0543443 7.94115 -0.808865 0.380808 -0.448022 -64.9876
-0.432207 0.134189 0.891735 310.701 0.400786 0.914418 0.0566505 8.05849 -0.807817 0.38188 -0.448999 -66.1067
-0.433759 0.13486 0.890879 313.354 0.403632 0.913062 0.0583059 8.21707 -0.805564 0.384878 -0.450483 -67.4658
-0.435413 0.137164 0.88972 315.81 0.406443 0.911812 0.0583362 8.36306 -0.803256 0.387021 -0.452764 -68.7351
-0.437227 0.139528 0.888462 318.193 0.410517 0.909934 0.0591219 8.53209 -0.800193 0.390578 -0.455127 -69.9872
-0.439709 0.137175 0.887603 319.822 0.410881 0.909511 0.0629853 8.62398 -0.798644 0.392395 -0.456282 -70.829
-0.440095 0.133503 0.887972 322.187 0.405122 0.912043 0.0636639 8.79371 -0.801369 0.387755 -0.455471 -72.1174
-0.44506 0.128745 0.886198 324.017 0.395572 0.916091 0.0655734 8.8669 -0.803395 0.379739 -0.458643 -73.0198
-0.447499 0.128166 0.885052 326.582 0.393069 0.917142 0.0659294 9.01521 -0.803269 0.37739 -0.460799 -74.3241
-0.447617 0.129816 0.884752 328.449 0.397398 0.915214 0.0667676 9.13279 -0.80107 0.381485 -0.461254 -75.3192
-0.446879 0.132911 0.884666 330.208 0.403614 0.912488 0.0667902 9.26014 -0.79837 0.386911 -0.461416 -76.2855
-0.449564 0.134893 0.883004 331.274 0.405772 0.91149 0.0673458 9.32153 -0.795765 0.388574 -0.464509 -76.8156
-0.452961 0.135269 0.881209 332.006 0.399868 0.914251 0.0651994 9.37557 -0.796826 0.3819 -0.46821 -77.2012
-0.455571 0.139759 0.87916 332.958 0.392095 0.918143 0.0572235 9.44205 -0.799198 0.370783 -0.473078 -77.7346
-0.45671 0.157616 0.875542 333.87 0.414163 0.90869 0.0524572 9.56828 -0.787328 0.386574 -0.480287 -78.3955
-0.45671 0.157616 0.875542 333.87 0.414163 0.90869 0.0524572 9.56828 -0.787328 0.386574 -0.480287 -78.3955
-0.460473 0.150573 0.87481 334.77 0.418036 0.906168 0.0640713 9.62256 -0.783078 0.395205 -0.480211 -78.8783
-0.460473 0.150573 0.87481 334.77 0.418036 0.906168 0.0640713 9.62256 -0.783078 0.395205 -0.480211 -78.8783
-0.467931 0.145515 0.871703 335.652 0.414343 0.907351 0.0709541 9.65122 -0.780615 0.394386 -0.484871 -79.3127
-0.470935 0.134969 0.871782 336.738 0.39193 0.917351 0.0696966 9.68673 -0.790323 0.3745 -0.484911 -79.8908
-0.476693 0.13429 0.868752 337.624 0.386525 0.919624 0.0699363 9.73192 -0.789533 0.369132 -0.490284 -80.3723
-0.480865 0.133143 0.866627 338.636 0.373152 0.9255 0.0648631 9.7599 -0.793427 0.354574 -0.494723 -80.8622
-0.485962 0.130594 0.864168 339.54 0.362312 0.929911 0.0632159 9.80747 -0.795343 0.343819 -0.499217 -81.365
-0.485962 0.130594 0.864168 339.54 0.362312 0.929911 0.0632159 9.80747 -0.795343 0.343819 -0.499217 -81.365
-0.492659 0.120555 0.861832 340.396 0.34396 0.93669 0.0655957 9.84442 -0.799362 0.328752 -0.502935 -81.8112
-0.492659 0.120555 0.861832 340.396 0.34396 0.93669 0.0655957 9.84442 -0.799362 0.328752 -0.502935 -81.8112
-0.492659 0.120555 0.861832 340.396 0.34396 0.93669 0.0655957 9.84442 -0.799362 0.328752 -0.502935 -81.8112
-0.498499 0.111772 0.859654 341.355 0.324612 0.943573 0.065554 9.87901 -0.80382 0.311732 -0.506653 -82.2826
-0.503463 0.102651 0.857897 342.447 0.303368 0.950703 0.0642784 9.94086 -0.809007 0.29262 -0.509785 -82.8303
-0.507078 0.0868529 0.857513 343.343 0.277106 0.958516 0.0667799 9.99534 -0.81614 0.271485 -0.510109 -83.3752
-0.510878 0.0736307 0.856494 344.252 0.255734 0.964235 0.0696464 10.049 -0.820734 0.254616 -0.511437 -83.9051
-0.510878 0.0736307 0.856494 344.252 0.255734 0.964235 0.0696464 10.049 -0.820734 0.254616 -0.511437 -83.9051
-0.515051 0.0637607 0.854785 345.226 0.233078 0.970072 0.068081 10.0983 -0.824862 0.234297 -0.514497 -84.4451
-0.51859 0.0524148 0.853415 346.272 0.203919 0.976899 0.0639154 10.1414 -0.83035 0.207174 -0.517298 -85.0174
-0.523305 0.0428122 0.851069 347.093 0.180663 0.981607 0.0617071 10.1787 -0.832774 0.186048 -0.521415 -85.4614
-0.523305 0.0428122 0.851069 347.093 0.180663 0.981607 0.0617071 10.1787 -0.832774 0.186048 -0.521415 -85.4614
-0.527644 0.0237338 0.849134 348.137 0.140726 0.988239 0.0598239 10.2354 -0.837728 0.151061 -0.524778 -86.0276
-0.529456 0.00569692 0.848318 349.064 0.102905 0.993025 0.057557 10.3016 -0.842073 0.11777 -0.526349 -86.5782
-0.531168 -0.0122435 0.847178 349.91 0.0686069 0.995991 0.0574097 10.344 -0.844484 0.0886164 -0.528199 -87.0851
-0.533294 -0.026763 0.845507 350.942 0.0427677 0.997368 0.0585451 10.4113 -0.844848 0.0673821 -0.530746 -87.6853
-0.533319 -0.0314327 0.84533 351.924 0.0395165 0.997293 0.0620142 10.4709 -0.844991 0.0664779 -0.530633 -88.2472
-0.531748 -0.0447119 0.845722 353.262 0.021935 0.997543 0.0665301 10.5562 -0.846619 0.0539281 -0.529461 -89.0284
-0.53009 -0.0390687 0.847041 354.543 0.0401357 0.996662 0.0710873 10.6298 -0.846991 0.0716792 -0.526753 -89.8262
-0.525205 -0.0607935 0.848802 357.552 -0.00649741 0.997702 0.0674378 10.7981 -0.850951 0.0299037 -0.524393 -91.4932
-0.524454 -0.0713185 0.848446 359.687 -0.0370448 0.997453 0.060945 10.9209 -0.850632 0.000532331 -0.525761 -92.6643
-0.524576 -0.0699376 0.848486 361.218 -0.0368186 0.997551 0.0594615 11.0163 -0.850567 -4.80295e-05 -0.525866 -93.5182
-0.520033 -0.0851093 0.849895 362.34 -0.0706501 0.9959 0.056501 11.076 -0.851219 -0.0306628 -0.523914 -94.1247
-0.515182 -0.0964353 0.851638 364.03 -0.09291 0.994078 0.0563603 11.1734 -0.85203 -0.0500899 -0.521091 -95.0714
-0.512074 -0.105157 0.85248 365.132 -0.109522 0.99237 0.0566247 11.2236 -0.85193 -0.0643694 -0.519684 -95.6803
-0.507348 -0.108303 0.854909 366.303 -0.120996 0.991196 0.0537631 11.2883 -0.853205 -0.0761638 -0.515985 -96.3741
-0.504947 -0.114964 0.85546 367.365 -0.133507 0.989566 0.0541817 11.3438 -0.852763 -0.086851 -0.515027 -96.9849
-0.501605 -0.125396 0.85596 368.957 -0.1532 0.986676 0.054768 11.432 -0.851424 -0.103662 -0.514132 -97.8809
-0.498683 -0.131342 0.856776 370.379 -0.167337 0.984446 0.0535153 11.4935 -0.850478 -0.116683 -0.512905 -98.7565
-0.492425 -0.142273 0.858648 372.017 -0.189931 0.980338 0.053513 11.5701 -0.849379 -0.136732 -0.509765 -99.7549
-0.489742 -0.148814 0.859073 372.835 -0.200481 0.978144 0.0551496 11.6145 -0.848505 -0.145219 -0.508873 -100.216
-0.487801 -0.154205 0.859227 373.856 -0.20751 0.976544 0.057452 11.6728 -0.847933 -0.150273 -0.508359 -100.768
-0.485482 -0.160911 0.859311 375.098 -0.218422 0.974069 0.0589993 11.7446 -0.846522 -0.15905 -0.50804 -101.458
-0.48275 -0.165072 0.86006 376.17 -0.229643 0.97157 0.0575763 11.8147 -0.845113 -0.169712 -0.506933 -102.052
-0.4829 -0.163811 0.860217 377.625 -0.231208 0.971338 0.0551786 11.8982 -0.844601 -0.172243 -0.506933 -102.85
-0.479093 -0.167526 0.861629 378.679 -0.241563 0.968878 0.0540616 11.9585 -0.843871 -0.182237 -0.50465 -103.459
-0.478741 -0.169248 0.861488 379.547 -0.244018 0.968232 0.0546138 12.0061 -0.843363 -0.184073 -0.504832 -103.935
-0.477804 -0.17203 0.861458 380.295 -0.247455 0.967285 0.0559134 12.0469 -0.842894 -0.186456 -0.504742 -104.373
-0.474122 -0.176326 0.862623 381.252 -0.255817 0.965063 0.0566611 12.0953 -0.842476 -0.19381 -0.502665 -104.939
-0.469944 -0.181182 0.863901 382.044 -0.265204 0.962471 0.0575894 12.1418 -0.841914 -0.202046 -0.500358 -105.397
-0.466234 -0.18647 0.864786 382.888 -0.274 0.959902 0.0592575 12.1911 -0.84116 -0.209323 -0.498632 -105.875
-0.47005 -0.183467 0.863361 383.871 -0.266418 0.962026 0.0593848 12.2547 -0.841471 -0.202101 -0.50108 -106.404
-0.470268 -0.178425 0.864299 384.527 -0.259163 0.96409 0.0580146 12.2895 -0.843613 -0.196712 -0.499622 -106.785
-0.467724 -0.181528 0.865033 385.342 -0.268285 0.961667 0.0567442 12.338 -0.842174 -0.205535 -0.498495 -107.235
-0.466365 -0.182174 0.865631 385.902 -0.268899 0.961452 0.0574691 12.3662 -0.842732 -0.205965 -0.497374 -107.547
-0.462096 -0.191864 0.865826 386.799 -0.297267 0.953344 0.0526049 12.4858 -0.835523 -0.233073 -0.497572 -107.871
-0.458878 -0.195873 0.86664 387.62 -0.304554 0.950981 0.053677 12.5194 -0.834672 -0.239308 -0.496038 -108.342
-0.460436 -0.194814 0.866052 388.259 -0.301841 0.951848 0.0536395 12.5509 -0.8348 -0.236712 -0.497068 -108.687
-0.457223 -0.196823 0.867299 389.168 -0.306892 0.95022 0.0538533 12.5884 -0.834724 -0.241544 -0.494865 -109.212
-0.455693 -0.19837 0.867752 389.715 -0.310642 0.949003 0.0538133 12.617 -0.834174 -0.245038 -0.494076 -109.513
-0.456588 -0.199617 0.866995 390.164 -0.310794 0.948896 0.0547997 12.6401 -0.833627 -0.244436 -0.495295 -109.756
-0.454876 -0.202639 0.867194 391.044 -0.314654 0.947532 0.0563632 12.6948 -0.833115 -0.247228 -0.49477 -110.234
-0.454401 -0.203751 0.867182 391.544 -0.317029 0.946742 0.0563226 12.7239 -0.832474 -0.249329 -0.494795 -110.514
-0.453816 -0.203779 0.867482 392.074 -0.317863 0.946479 0.0560487 12.7539 -0.832475 -0.250305 -0.494301 -110.805
-0.451293 -0.204914 0.86853 392.723 -0.322053 0.945086 0.0556357 12.7887 -0.832236 -0.254605 -0.492503 -111.162
-0.450871 -0.204723 0.868794 393.376 -0.321633 0.945218 0.055816 12.8246 -0.832627 -0.254267 -0.492017 -111.525
-0.448907 -0.207947 0.869046 393.925 -0.329818 0.942433 0.0551387 12.873 -0.830483 -0.261875 -0.491649 -111.78
-0.447613 -0.209449 0.869352 394.713 -0.334276 0.940894 0.0545729 12.914 -0.829398 -0.266176 -0.49117 -112.204
-0.445406 -0.210401 0.870256 395.543 -0.338211 0.939517 0.054047 12.9578 -0.828992 -0.270257 -0.489626 -112.664
-0.442948 -0.213465 0.870764 396.492 -0.343488 0.937539 0.0551059 13.0086 -0.828139 -0.274688 -0.488603 -113.189
-0.439408 -0.21873 0.871251 397.267 -0.352971 0.93393 0.0564484 13.0521 -0.826034 -0.282722 -0.487582 -113.612
-0.438378 -0.220726 0.871266 397.912 -0.354518 0.933245 0.0580517 13.0902 -0.825919 -0.283431 -0.487366 -113.965
-0.43785 -0.220681 0.871543 398.54 -0.356035 0.932714 0.057303 13.1253 -0.825546 -0.28521 -0.486959 -114.302
-0.43713 -0.219677 0.872158 399.462 -0.354747 0.933208 0.057253 13.1807 -0.826482 -0.284368 -0.485863 -114.807
-0.436482 -0.22028 0.87233 400.252 -0.355317 0.932957 0.0578018 13.2288 -0.826579 -0.284725 -0.485488 -115.239
-0.435933 -0.221712 0.872242 400.821 -0.357895 0.931957 0.0580199 13.2752 -0.825756 -0.286879 -0.48562 -115.52
-0.436241 -0.221746 0.87208 401.498 -0.358038 0.931913 0.0578587 13.3143 -0.825532 -0.286997 -0.485932 -115.884
-0.435522 -0.22216 0.872333 402.292 -0.360117 0.931143 0.0573453 13.3562 -0.825007 -0.289167 -0.485537 -116.322
-0.434366 -0.225286 0.872108 403.055 -0.364511 0.929358 0.0585252 13.4004 -0.823686 -0.292472 -0.485801 -116.733
-0.432666 -0.228826 0.872031 403.795 -0.369219 0.927393 0.0601615 13.4538 -0.822482 -0.295941 -0.485738 -117.105
-0.432063 -0.229994 0.872023 404.617 -0.370826 0.926718 0.0606857 13.5042 -0.822077 -0.297149 -0.485688 -117.548
-0.431043 -0.229963 0.872536 405.392 -0.375037 0.925158 0.0585593 13.5614 -0.820701 -0.301992 -0.485027 -117.944
-0.430038 -0.228875 0.873318 406.054 -0.378339 0.923981 0.0558509 13.6028 -0.819711 -0.306392 -0.483939 -118.293
-0.426554 -0.231929 0.87422 406.639 -0.386138 0.920748 0.055866 13.6307 -0.817893 -0.31374 -0.482306 -118.62
-0.427205 -0.234206 0.873295 407.409 -0.386096 0.920632 0.058028 13.6711 -0.817573 -0.312386 -0.483724 -119.026
-0.43084 -0.232393 0.871992 408.35 -0.379056 0.923502 0.0588342 13.7404 -0.818959 -0.305186 -0.485971 -119.509
-0.430496 -0.233554 0.871852 409.168 -0.382139 0.92226 0.0583676 13.7914 -0.817706 -0.308041 -0.486279 -119.943
-0.430096 -0.233759 0.871994 409.939 -0.384004 0.921531 0.0576355 13.8353 -0.817042 -0.310061 -0.486111 -120.364
-0.429681 -0.233725 0.872208 410.443 -0.385261 0.921045 0.0570179 13.8646 -0.816669 -0.311528 -0.485801 -120.642
-0.430989 -0.233771 0.87155 411.411 -0.384272 0.92145 0.0571297 13.9254 -0.816446 -0.31029 -0.486966 -121.163
-0.428983 -0.237548 0.871519 412.387 -0.390643 0.918705 0.0581263 13.9851 -0.814477 -0.315517 -0.486905 -121.69
-0.432584 -0.2351 0.870402 413.32 -0.383555 0.921674 0.0583251 14.0347 -0.815939 -0.308616 -0.488875 -122.206
-0.433101 -0.234521 0.870301 414.342 -0.382791 0.922015 0.0579626 14.0918 -0.816024 -0.30804 -0.489098 -122.766
-0.434161 -0.234292 0.869834 415.258 -0.382052 0.922335 0.0577394 14.1472 -0.815807 -0.307254 -0.489954 -123.257
-0.433018 -0.236805 0.869723 416.168 -0.385431 0.920859 0.0588295 14.2048 -0.814824 -0.309744 -0.490021 -123.747
-0.430968 -0.239995 0.869867 417.227 -0.391195 0.918378 0.0595654 14.2606 -0.813163 -0.314617 -0.489676 -124.307
-0.430446 -0.242307 0.869485 417.891 -0.394848 0.916784 0.060015 14.2974 -0.811672 -0.317481 -0.490301 -124.664
-0.426531 -0.245034 0.870649 418.812 -0.40308 0.913225 0.0595478 14.351 -0.80969 -0.325543 -0.488287 -125.164
-0.424005 -0.247508 0.871183 419.725 -0.409954 0.910192 0.0590661 14.4086 -0.807562 -0.332101 -0.487393 -125.641
-0.420211 -0.249702 0.872394 420.71 -0.416242 0.907324 0.0592065 14.4735 -0.806329 -0.338248 -0.485204 -126.16
-0.419289 -0.249763 0.87282 421.361 -0.415004 0.907811 0.0604149 14.5121 -0.807446 -0.336893 -0.484288 -126.514
-0.415544 -0.25315 0.873635 422.495 -0.419644 0.905515 0.0627838 14.5589 -0.806983 -0.340526 -0.482514 -127.167
-0.413248 -0.254387 0.874365 423.43 -0.424196 0.903421 0.0623542 14.6194 -0.805782 -0.345134 -0.481247 -127.657
-0.412004 -0.254487 0.874923 424.159 -0.42549 0.902821 0.0622368 14.6841 -0.805736 -0.346629 -0.480247 -128.01
-0.408943 -0.255969 0.875926 424.841 -0.429267 0.900986 0.0628805 14.7211 -0.805292 -0.350292 -0.478331 -128.384
-0.408109 -0.256491 0.876162 425.526 -0.429399 0.900865 0.0637121 14.7649 -0.805645 -0.350222 -0.477788 -128.745
-0.407158 -0.256808 0.876511 426.414 -0.42983 0.900624 0.0642075 14.8169 -0.805896 -0.350609 -0.47708 -129.217
-0.405283 -0.258115 0.876996 427.375 -0.432312 0.899384 0.0649214 14.8767 -0.805513 -0.352824 -0.476092 -129.728
-0.404949 -0.257876 0.877221 428.175 -0.432128 0.899471 0.0649352 14.931 -0.80578 -0.352776 -0.475675 -130.136
-0.402142 -0.258355 0.87837 429.084 -0.436661 0.897345 0.0640212 15.0006 -0.804742 -0.357804 -0.473674 -130.601
-0.400038 -0.260308 0.878754 429.591 -0.440401 0.895462 0.0647729 15.0318 -0.803752 -0.361092 -0.472858 -130.881
-0.398796 -0.262817 0.878572 430.433 -0.442624 0.894231 0.0665882 15.0763 -0.803147 -0.362322 -0.472946 -131.324
-0.399717 -0.263168 0.878049 431.207 -0.441868 0.894577 0.0669692 15.1292 -0.803106 -0.361212 -0.473863 -131.74
-0.395799 -0.264304 0.879481 431.896 -0.447579 0.891763 0.0665674 15.1727 -0.801883 -0.36729 -0.471256 -132.104
-0.39576 -0.262333 0.880088 432.532 -0.447506 0.891943 0.0646315 15.2179 -0.801943 -0.368266 -0.47039 -132.427
-0.397162 -0.258931 0.880464 433.251 -0.443206 0.8942 0.0630478 15.2723 -0.803636 -0.365187 -0.469902 -132.791
-0.395315 -0.260443 0.880849 433.845 -0.4465 0.892527 0.0635113 15.3102 -0.802723 -0.368192 -0.469117 -133.102
-0.393923 -0.262986 0.880718 434.531 -0.450288 0.890549 0.0645189 15.3573 -0.80129 -0.371161 -0.469227 -133.449
-0.392689 -0.264958 0.880677 435.305 -0.452688 0.889246 0.0656852 15.4063 -0.800543 -0.372878 -0.469141 -133.851
-0.391138 -0.267475 0.880607 435.815 -0.457614 0.886693 0.0660656 15.4463 -0.798499 -0.377137 -0.46922 -134.106
-0.392968 -0.26547 0.880399 436.58 -0.454346 0.888443 0.0650975 15.4983 -0.799466 -0.374425 -0.469745 -134.502
-0.391803 -0.265909 0.880785 437.111 -0.457048 0.8871 0.0645043 15.5303 -0.798497 -0.377288 -0.469102 -134.778
-0.391909 -0.266452 0.880574 438.084 -0.457687 0.886761 0.0646253 15.5968 -0.798078 -0.3777 -0.469482 -135.276
-0.390391 -0.26798 0.880784 439.048 -0.460429 0.885293 0.0652755 15.6648 -0.797245 -0.380056 -0.468997 -135.77
-0.390155 -0.268918 0.880603 439.945 -0.461977 0.884476 0.0654205 15.7295 -0.796465 -0.381294 -0.469316 -136.228
-0.389457 -0.269162 0.880837 440.815 -0.462827 0.884026 0.0655004 15.7875 -0.796313 -0.382165 -0.468866 -136.676
-0.39124 -0.267095 0.880677 441.795 -0.460782 0.885219 0.0637704 15.8553 -0.796625 -0.380851 -0.469406 -137.173
-0.389372 -0.268703 0.881015 442.629 -0.463927 0.883527 0.0644329 15.9083 -0.795714 -0.383638 -0.46868 -137.606
-0.388296 -0.269242 0.881326 443.323 -0.463456 0.883676 0.0657694 15.9439 -0.796514 -0.382918 -0.46791 -137.985
-0.384976 -0.272245 0.881859 444.146 -0.470448 0.879935 0.0662769 16.0073 -0.794023 -0.389354 -0.466831 -138.399
-0.385772 -0.270053 0.882185 445.055 -0.468186 0.881234 0.0650281 16.069 -0.794973 -0.387941 -0.466391 -138.861
-0.387678 -0.267159 0.882231 445.863 -0.46422 0.883438 0.0635328 16.1185 -0.79637 -0.384919 -0.46651 -139.273
-0.384866 -0.269406 0.882779 446.476 -0.46933 0.880689 0.0641535 16.1701 -0.794737 -0.389624 -0.465388 -139.569
-0.385063 -0.270312 0.882416 447.014 -0.468598 0.880988 0.0653907 16.2051 -0.795074 -0.388319 -0.465904 -139.842
-0.381679 -0.272881 0.883096 447.889 -0.47358 0.878222 0.0666908 16.2625 -0.793753 -0.392762 -0.464429 -140.29
-0.381438 -0.273388 0.883042 448.645 -0.47391 0.878011 0.0671208 16.3075 -0.793671 -0.39288 -0.464469 -140.682
-0.381104 -0.273105 0.883274 449.241 -0.472789 0.878574 0.0676593 16.3374 -0.7945 -0.391817 -0.463949 -141.002
-0.378773 -0.273134 0.884267 449.826 -0.473762 0.878003 0.0682647 16.3726 -0.795035 -0.393076 -0.461964 -141.307
-0.381033 -0.269262 0.884484 450.973 -0.467172 0.881614 0.0671318 16.4515 -0.79785 -0.387627 -0.461715 -141.882
-0.381925 -0.267334 0.884684 451.586 -0.464063 0.883297 0.0665753 16.4888 -0.799237 -0.385122 -0.461413 -142.201
-0.381204 -0.26789 0.884827 452.645 -0.465194 0.882683 0.0668245 16.5527 -0.798923 -0.386143 -0.461103 -142.741
-0.381142 -0.268071 0.884799 453.293 -0.464778 0.882868 0.0672749 16.591 -0.799195 -0.385594 -0.461091 -143.072
-0.380363 -0.269381 0.884736 453.996 -0.468237 0.881062 0.0669599 16.6379 -0.797545 -0.388797 -0.461257 -143.424
-0.380852 -0.269054 0.884625 454.716 -0.46708 0.881668 0.067066 16.6855 -0.79799 -0.387649 -0.461455 -143.788
