1 0 0 0 0 1 0 0 0 0 1 0
0.999999 -0.000447418 -0.000906658 -0.00883058 0.000450522 0.999994 0.00342684 -0.0210711 0.000905119 -0.00342724 0.999994 1.17349
0.999998 0.00028273 -0.00182082 -0.0163548 -0.000275222 0.999991 0.00412214 -0.034037 0.00182197 -0.00412163 0.99999 2.48537
0.999996 0.00184411 -0.00229382 -0.036594 -0.00183485 0.99999 0.00403141 -0.0498849 0.00230123 -0.00402718 0.999989 3.83374
0.999984 0.00495806 -0.0026355 -0.050765 -0.00494825 0.999981 0.00371391 -0.0611199 0.00265386 -0.00370081 0.99999 5.3284
0.999986 0.00370179 -0.00371538 -0.0606974 -0.00368603 0.999984 0.00423954 -0.0812984 0.00373102 -0.00422578 0.999984 6.74078
0.99997 0.00603685 -0.00485693 -0.0759372 -0.00601449 0.999971 0.00460531 -0.0934709 0.00488459 -0.00457596 0.999978 8.15472
0.99996 0.00632925 -0.00635703 -0.0913234 -0.00630494 0.999973 0.00383637 -0.107811 0.00638114 -0.00379614 0.999972 9.56646
0.999927 0.0107316 -0.00555049 -0.135961 -0.0107071 0.999933 0.00441915 -0.124952 0.00559754 -0.0043594 0.999975 10.8361
0.999922 0.0116546 -0.00440079 -0.175877 -0.0116342 0.999922 0.00463348 -0.1413 0.00445444 -0.00458193 0.99998 12.0503
0.999905 0.01314 -0.00416122 -0.202818 -0.013122 0.999905 0.00432202 -0.150853 0.00421762 -0.00426701 0.999982 13.3537
0.999913 0.0126878 -0.0036937 -0.228714 -0.0126698 0.999908 0.00485234 -0.163831 0.00375493 -0.00480511 0.999981 14.4996
0.999861 0.0164256 -0.00298001 -0.25422 -0.0164089 0.99985 0.00554266 -0.173953 0.0030706 -0.00549299 0.99998 15.5623
0.999722 0.0234399 -0.00235788 -0.289536 -0.0234251 0.999707 0.00613008 -0.184317 0.00250088 -0.00607314 0.999978 16.8986
0.99965 0.0264407 -0.000325331 -0.327272 -0.0264382 0.999631 0.00628631 -0.1994 0.000491425 -0.00627551 0.99998 18.0942
0.999539 0.0303467 0.000388545 -0.360585 -0.0303486 0.999518 0.00657792 -0.216662 -0.00018874 -0.00658668 0.999978 19.4223
0.999309 0.0370888 0.00254893 -0.392043 -0.0371057 0.999287 0.00695913 -0.222601 -0.00228901 -0.0070489 0.999973 20.6754
0.998824 0.0481209 0.00596481 -0.449159 -0.0481645 0.998812 0.00738815 -0.222891 -0.0056022 -0.00766675 0.999955 22.0721
0.999022 0.0439027 0.0052373 -0.432771 -0.0439343 0.999016 0.00608701 -0.240383 -0.00496491 -0.00631116 0.999968 23.4684
0.998846 0.0476281 0.00616447 -0.446042 -0.0476524 0.998857 0.00385462 -0.247602 -0.00597384 -0.00414393 0.999974 24.6703
0.999082 0.0422228 0.00717194 -0.439742 -0.0422502 0.9991 0.00371628 -0.269298 -0.00700857 -0.00401589 0.999967 25.8124
0.998895 0.0460712 0.0093231 -0.465207 -0.0461341 0.998913 0.00664264 -0.286413 -0.00900694 -0.00706541 0.999934 27.0861
0.998658 0.0506698 0.0107292 -0.477078 -0.0507532 0.998682 0.00764886 -0.291366 -0.0103275 -0.00818314 0.999913 28.425
0.998755 0.0486321 0.0111425 -0.471113 -0.0487105 0.998789 0.00687486 -0.300903 -0.0107947 -0.00740906 0.999914 29.7012
0.998857 0.0467671 0.00985739 -0.448677 -0.0468169 0.998892 0.004886 -0.310141 -0.00961796 -0.00534191 0.999939 30.8851
0.99864 0.0509261 0.0112091 -0.461501 -0.0509733 0.998692 0.00396405 -0.320054 -0.0109925 -0.00453002 0.999929 31.9843
0.998183 0.0585563 0.0142396 -0.490536 -0.058598 0.998278 0.00252922 -0.330769 -0.014067 -0.00335904 0.999895 33.0549
0.998066 0.05999 0.0162794 -0.485423 -0.0600513 0.99819 0.00330146 -0.34149 -0.0160519 -0.00427267 0.999862 34.0863
0.997967 0.0612573 0.0175902 -0.476399 -0.061356 0.998103 0.00512721 -0.349408 -0.0172427 -0.00619605 0.999832 35.1509
0.997841 0.0627222 0.0194733 -0.465959 -0.0628518 0.998004 0.00611421 -0.365614 -0.0190509 -0.00732494 0.999792 36.2055
0.997917 0.0601426 0.0233364 -0.454263 -0.0603094 0.998159 0.00650893 -0.384443 -0.0229019 -0.00790278 0.999706 37.1866
0.998026 0.0570637 0.026225 -0.424894 -0.0572306 0.998345 0.00566029 -0.400527 -0.0258586 -0.00714999 0.99964 38.2263
0.997946 0.056163 0.0308263 -0.407937 -0.0563013 0.998407 0.00363416 -0.415746 -0.0305731 -0.00536225 0.999518 39.2529
0.997771 0.0569572 0.0347776 -0.389404 -0.0570473 0.99837 0.00160436 -0.43008 -0.0346295 -0.00358475 0.999394 40.2297
0.99753 0.058552 0.038811 -0.360822 -0.0586653 0.998276 0.00178624 -0.43931 -0.0386395 -0.00405869 0.999245 41.1834
0.9967 0.0666999 0.0462695 -0.365155 -0.0668062 0.997766 0.000752766 -0.446117 -0.0461159 -0.00384137 0.998929 42.1163
0.996031 0.0709149 0.0537876 -0.334569 -0.0709857 0.997477 -0.00059674 -0.463274 -0.0536942 -0.00322377 0.998552 43.1243
0.995634 0.0707796 0.0608483 -0.279959 -0.0708463 0.997487 -0.00106391 -0.480916 -0.0607707 -0.00325161 0.998146 44.0997
0.994266 0.0792007 0.0718488 -0.259393 -0.0793083 0.996849 -0.00135869 -0.486948 -0.07173 -0.00434731 0.997415 45.0697
0.993331 0.0812513 0.0817974 -0.188874 -0.0813965 0.996681 -0.00156304 -0.504734 -0.0816529 -0.00510541 0.996648 46.0108
0.991479 0.0876129 0.0964036 -0.132708 -0.0877627 0.996138 -0.00269361 -0.519647 -0.0962673 -0.00578998 0.995339 46.9071
0.989299 0.0928817 0.112521 -0.0666614 -0.0930514 0.995654 -0.00375407 -0.535377 -0.112381 -0.00675637 0.993642 47.7641
0.987033 0.0958577 0.128753 0.0290736 -0.0961644 0.995358 -0.00384693 -0.553743 -0.128524 -0.00858444 0.991669 48.6331
0.98472 0.0941917 0.14647 0.151933 -0.0945294 0.995511 -0.00466897 -0.573334 -0.146252 -0.00924809 0.989204 49.4964
0.981954 0.0925586 0.164921 0.300795 -0.0926635 0.995672 -0.00707459 -0.59714 -0.164862 -0.00833523 0.986281 50.406
0.977832 0.0946894 0.186758 0.431349 -0.094586 0.995472 -0.00948469 -0.619339 -0.18681 -0.00839027 0.98236 51.2564
0.97357 0.0946408 0.207859 0.604409 -0.0942894 0.995477 -0.0116208 -0.637168 -0.208019 -0.00828528 0.97809 52.1589
0.969431 0.0888844 0.228697 0.797907 -0.0885275 0.996003 -0.0118403 -0.652837 -0.228836 -0.00876761 0.973426 52.9609
0.964236 0.083582 0.25152 1.02942 -0.0831013 0.996462 -0.0125517 -0.678306 -0.251679 -0.00879886 0.967771 53.8624
0.958473 0.07769 0.274396 1.27226 -0.0764554 0.996957 -0.0152085 -0.705488 -0.274742 -0.00640205 0.961497 54.6869
0.951505 0.0726557 0.298932 1.54036 -0.0701953 0.997353 -0.0189749 -0.738902 -0.299519 -0.00292885 0.954086 55.5299
0.943082 0.0698492 0.325143 1.80902 -0.0667351 0.997555 -0.0207346 -0.768598 -0.325796 -0.00214403 0.945438 56.335
0.933174 0.0681174 0.352912 2.0971 -0.0649168 0.997672 -0.020912 -0.801186 -0.353515 -0.00339542 0.935423 57.1305
0.922445 0.0641375 0.380765 2.39501 -0.0609722 0.997931 -0.0203835 -0.835758 -0.381285 -0.00441338 0.924447 57.871
0.910926 0.0607232 0.408077 2.7565 -0.0560995 0.998153 -0.0233008 -0.870933 -0.408738 -0.00166761 0.91265 58.6531
0.89795 0.0600141 0.435985 3.13667 -0.0523766 0.998191 -0.0295282 -0.910492 -0.436969 0.00367942 0.899469 59.433
0.883307 0.0626188 0.464595 3.51073 -0.0510511 0.997994 -0.0374506 -0.94664 -0.466008 0.0093623 0.884731 60.1715
0.868654 0.0603176 0.491735 3.89405 -0.0452191 0.998071 -0.0425462 -0.983473 -0.493352 0.0147221 0.869705 60.8288
0.852211 0.0589142 0.519871 4.2752 -0.0435071 0.998178 -0.0417983 -1.02176 -0.521386 0.0130029 0.853222 61.4393
0.832875 0.059567 0.550246 4.68271 -0.045618 0.998197 -0.0390109 -1.06156 -0.551577 0.00739009 0.834091 62.0701
0.810967 0.0622767 0.581768 5.1207 -0.04931 0.998056 -0.0381026 -1.10785 -0.58301 0.00221293 0.812462 62.7182
0.788643 0.0676464 0.611118 5.63338 -0.0498924 0.997692 -0.0460517 -1.15441 -0.612823 0.00582826 0.790199 63.3853
0.764463 0.0758247 0.640192 6.11849 -0.0521191 0.997077 -0.0558582 -1.20321 -0.642557 0.00933525 0.766181 63.9968
0.741523 0.0770867 0.666484 6.62626 -0.0492509 0.996952 -0.060513 -1.252 -0.669117 0.0120469 0.743059 64.5478
0.71683 0.0751023 0.693191 7.12164 -0.0467343 0.997122 -0.0597029 -1.30643 -0.69568 0.0104011 0.718277 65.0676
0.691386 0.0748883 0.718594 7.67459 -0.0445646 0.99714 -0.0610398 -1.37227 -0.72111 0.0101782 0.692746 65.6
0.664145 0.0786508 0.743455 8.22699 -0.0439327 0.996838 -0.0662104 -1.42943 -0.746312 0.0113113 0.6655 66.1109
0.638744 0.0786256 0.765392 8.83558 -0.0378491 0.996772 -0.0708081 -1.49322 -0.768488 0.0162588 0.639658 66.5894
0.611133 0.0807343 0.787399 9.43281 -0.0366267 0.996603 -0.0737571 -1.55593 -0.79068 0.0162356 0.612015 67.0488
0.582507 0.0818435 0.808695 10.0624 -0.0333245 0.996486 -0.076845 -1.62287 -0.812142 0.0178134 0.583187 67.5001
0.551296 0.0903478 0.829403 10.7025 -0.0351274 0.995751 -0.0851194 -1.69351 -0.83357 0.0177912 0.552128 67.951
0.519977 0.101006 0.848187 11.3233 -0.0352945 0.994677 -0.0968134 -1.76263 -0.853451 0.0204044 0.520774 68.3391
0.488567 0.109381 0.865643 11.9292 -0.0330557 0.993719 -0.106908 -1.83495 -0.8719 0.0236175 0.489114 68.6827
0.455606 0.114433 0.882796 12.5107 -0.0336241 0.993208 -0.111392 -1.91269 -0.889546 0.0210676 0.456359 68.9919
0.421775 0.114087 0.899495 13.1252 -0.0321344 0.99331 -0.110918 -1.98749 -0.906131 0.0178776 0.422619 69.2867
0.389524 0.111442 0.914249 13.7155 -0.0310147 0.993677 -0.10791 -2.06659 -0.920494 0.0136783 0.390517 69.5271
0.35449 0.112379 0.928282 14.3668 -0.0320189 0.993628 -0.108063 -2.15199 -0.934511 0.00858464 0.355829 69.7826
0.319072 0.115073 0.940718 15.0547 -0.0350813 0.993355 -0.109613 -2.23273 -0.947081 0.00197298 0.320989 70.0152
0.283394 0.116558 0.951894 15.7316 -0.0351253 0.993182 -0.111157 -2.31358 -0.95836 -0.0019344 0.285556 70.2195
0.245549 0.116015 0.962417 16.4114 -0.0354566 0.993223 -0.110682 -2.40053 -0.968736 -0.00694613 0.247998 70.4151
0.209885 0.115087 0.970929 17.1267 -0.03153 0.993328 -0.110926 -2.49095 -0.977218 -0.00733167 0.212113 70.5683
0.175056 0.114149 0.977919 17.8649 -0.0252414 0.99345 -0.111443 -2.58158 -0.984235 -0.00517522 0.176791 70.696
0.141218 0.112864 0.983524 18.6271 -0.0173634 0.99361 -0.111528 -2.67099 -0.989826 -0.00132755 0.142275 70.7958
0.108257 0.112434 0.987744 19.3854 -0.00546576 0.993636 -0.112505 -2.76131 -0.994108 0.0067807 0.108182 70.8622
0.073542 0.116324 0.990485 20.1821 -0.0029389 0.993195 -0.116424 -2.86 -0.997288 0.00565114 0.0733834 70.9299
0.0422096 0.121577 0.991684 20.9445 0.00293306 0.992549 -0.121808 -2.9524 -0.999104 0.00805014 0.0415385 70.9504
0.014057 0.125397 0.992007 21.6772 0.0124908 0.992006 -0.125574 -3.0512 -0.999823 0.0141561 0.0123783 70.9544
-0.0123598 0.123593 0.992256 22.4319 0.0154098 0.992238 -0.123398 -3.14996 -0.999805 0.0137653 -0.0141684 70.9515
-0.0347344 0.120615 0.992091 23.2175 0.0188934 0.992592 -0.120015 -3.25322 -0.999218 0.0145754 -0.036756 70.9279
-0.053723 0.118201 0.991535 24.0152 0.020001 0.992898 -0.11728 -3.35543 -0.998356 0.013531 -0.0557055 70.8862
-0.0692587 0.121652 0.990154 24.8578 0.0243589 0.992447 -0.12023 -3.46218 -0.997301 0.0157921 -0.0716989 70.8208
-0.0845253 0.12621 0.988396 25.7274 0.0275939 0.991862 -0.124293 -3.57352 -0.996039 0.0167678 -0.08732 70.755
-0.0954769 0.131669 0.986685 26.5699 0.0344477 0.991057 -0.128919 -3.68729 -0.994835 0.0216803 -0.0991587 70.6656
-0.105035 0.134752 0.985297 27.415 0.038792 0.990578 -0.131339 -3.80798 -0.993712 0.0244265 -0.109273 70.5827
-0.10988 0.140098 0.984022 28.245 0.0435752 0.989744 -0.136047 -3.92745 -0.992989 0.0279302 -0.114858 70.4794
-0.113857 0.144964 0.982864 29.0997 0.0453878 0.989024 -0.140614 -4.05177 -0.99246 0.0286002 -0.119187 70.3841
-0.114668 0.149557 0.982081 29.9253 0.0512919 0.988175 -0.144496 -4.17634 -0.992079 0.0338038 -0.120983 70.2651
-0.116965 0.152844 0.981304 30.6823 0.0515239 0.98769 -0.147697 -4.28803 -0.991799 0.0332852 -0.1234 70.1687
-0.119556 0.156444 0.980424 31.4535 0.0525982 0.987118 -0.151098 -4.40929 -0.991433 0.0335038 -0.126245 70.0746
-0.120589 0.160787 0.979595 32.2095 0.0552593 0.986353 -0.155094 -4.52611 -0.991163 0.0354292 -0.127828 69.9714
-0.123481 0.162142 0.979011 32.953 0.0553867 0.986149 -0.156338 -4.64557 -0.9908 0.0349194 -0.130752 69.8782
-0.126371 0.161057 0.978821 33.7574 0.053467 0.986403 -0.155402 -4.77201 -0.990541 0.0326963 -0.133264 69.778
-0.129669 0.161129 0.978378 34.5415 0.0527508 0.986432 -0.155464 -4.89723 -0.990153 0.0314514 -0.136409 69.6793
-0.132114 0.162858 0.977764 35.3754 0.0524178 0.986178 -0.157176 -5.02969 -0.989848 0.030487 -0.138825 69.5666
-0.133704 0.165043 0.977182 36.2941 0.0522641 0.985837 -0.159354 -5.18273 -0.989642 0.0297653 -0.140436 69.4316
-0.136762 0.167396 0.976358 37.1365 0.0499739 0.98553 -0.161969 -5.32128 -0.989343 0.0266413 -0.143148 69.3143
-0.138507 0.171007 0.975486 37.9057 0.0481958 0.984976 -0.165828 -5.45263 -0.989188 0.0240461 -0.144668 69.1957
-0.140874 0.175025 0.974434 38.6482 0.0460604 0.984342 -0.170146 -5.58573 -0.988956 0.0209138 -0.14673 69.0898
-0.142372 0.178034 0.97367 39.3476 0.0460119 0.983818 -0.173162 -5.70521 -0.988743 0.020147 -0.14826 68.9782
-0.145423 0.176667 0.973468 40.0355 0.0451095 0.984089 -0.171856 -5.82937 -0.988341 0.0189209 -0.151079 68.8786
-0.149488 0.172523 0.973596 40.7452 0.0417582 0.984883 -0.168111 -5.9553 -0.987881 0.0155251 -0.154432 68.7821
-0.152035 0.17115 0.973444 41.501 0.0419322 0.985123 -0.166654 -6.08835 -0.987485 0.0154814 -0.156949 68.667
-0.153374 0.171897 0.973102 42.2711 0.041258 0.985009 -0.167497 -6.22229 -0.987307 0.0144586 -0.158167 68.5363
-0.153885 0.175002 0.972468 43.0236 0.0432226 0.984441 -0.170317 -6.35527 -0.987143 0.0158233 -0.159055 68.4103
-0.155241 0.17791 0.971724 43.786 0.0430908 0.983933 -0.173261 -6.49059 -0.986936 0.0149751 -0.160413 68.2952
-0.155317 0.178863 0.971537 44.5401 0.0426007 0.98377 -0.174304 -6.62657 -0.986946 0.0143158 -0.160416 68.1742
-0.156618 0.177361 0.971604 45.2643 0.0375507 0.984102 -0.173589 -6.75811 -0.986945 0.00929721 -0.160788 68.0671
-0.158109 0.176299 0.971556 46.0101 0.0306849 0.984334 -0.173624 -6.8956 -0.986945 0.00236057 -0.161042 67.9583
-0.159326 0.177377 0.97116 46.7354 0.0268247 0.984141 -0.175347 -7.02895 -0.986862 -0.00188627 -0.161557 67.8551
-0.160074 0.17704 0.971099 47.4997 0.0219093 0.98418 -0.175814 -7.17412 -0.986862 -0.006867 -0.16142 67.7355
-0.159209 0.176906 0.971266 48.2327 0.0203676 0.984193 -0.175922 -7.31004 -0.987035 -0.00822607 -0.160296 67.6087
-0.158532 0.172305 0.972203 48.9651 0.0212937 0.985023 -0.171105 -7.44099 -0.987124 -0.00642374 -0.159826 67.4855
-0.156118 0.164294 0.973979 49.7345 0.0282883 0.986409 -0.161856 -7.58185 -0.987333 0.00228349 -0.158644 67.3418
-0.156876 0.15827 0.974854 50.5597 0.0319609 0.987372 -0.155159 -7.73418 -0.987101 0.00681645 -0.159954 67.2213
-0.154236 0.16161 0.974727 51.4698 0.0412543 0.986725 -0.157072 -7.88107 -0.987172 0.0159856 -0.158855 67.0588
-0.151386 0.167598 0.974163 52.344 0.047648 0.985613 -0.162163 -8.02651 -0.987326 0.0218677 -0.157193 66.9005
-0.151653 0.172748 0.973221 53.1922 0.0502555 0.984683 -0.166951 -8.17894 -0.987155 0.023591 -0.158012 66.7761
-0.150348 0.177507 0.972567 54.0119 0.0520086 0.983807 -0.171518 -8.32386 -0.987264 0.0247945 -0.157145 66.6407
-0.15095 0.175049 0.972919 54.9114 0.0491125 0.984309 -0.169478 -8.4776 -0.987321 0.0221998 -0.157178 66.5061
-0.150419 0.170692 0.973775 55.7922 0.0489249 0.985061 -0.165113 -8.63433 -0.987411 0.0228058 -0.156523 66.3652
-0.149913 0.168624 0.974214 56.7617 0.0467013 0.985457 -0.163384 -8.80482 -0.987596 0.0210036 -0.155608 66.2078
-0.151084 0.169367 0.973904 57.7235 0.0434157 0.985399 -0.164631 -8.96678 -0.987567 0.0174097 -0.156231 66.0722
-0.150868 0.174197 0.973085 58.67 0.0441971 0.984556 -0.169399 -9.13814 -0.987565 0.0174507 -0.156237 65.9255
-0.149961 0.177534 0.972622 59.5681 0.0449602 0.983953 -0.17267 -9.29062 -0.987669 0.0178354 -0.155537 65.7827
-0.149063 0.176281 0.972988 60.3459 0.045235 0.984167 -0.171377 -9.43278 -0.987792 0.0184672 -0.154677 65.661
-0.149366 0.169767 0.974099 61.1662 0.0452533 0.985292 -0.164779 -9.57856 -0.987746 0.0194688 -0.154851 65.5406
-0.149803 0.168618 0.974232 62.0212 0.044608 0.9855 -0.163709 -9.72381 -0.987709 0.0189344 -0.155153 65.4109
-0.150229 0.171871 0.973597 62.9043 0.0417954 0.984997 -0.167434 -9.87313 -0.987767 0.0155384 -0.155159 65.2821
-0.150553 0.175093 0.972973 63.7555 0.0402084 0.984461 -0.170939 -10.0181 -0.987784 0.0133862 -0.155254 65.1526
-0.149788 0.175301 0.973054 64.5762 0.0398553 0.984427 -0.171215 -10.1584 -0.987915 0.0131355 -0.154442 65.0188
-0.149166 0.172381 0.973671 65.445 0.0397636 0.984936 -0.168284 -10.3101 -0.988012 0.0136144 -0.153774 64.8825
-0.147379 0.171464 0.974104 66.344 0.0417146 0.98506 -0.167081 -10.473 -0.9882 0.0160101 -0.152329 64.735
-0.145365 0.172507 0.974223 67.2254 0.0442451 0.984831 -0.167783 -10.626 -0.988388 0.0187148 -0.150792 64.5932
-0.145469 0.172983 0.974123 68.1212 0.0439112 0.984755 -0.168314 -10.7777 -0.988388 0.0182905 -0.150847 64.4663
-0.145572 0.171939 0.974292 69.0138 0.0416594 0.984974 -0.1676 -10.9386 -0.98847 0.0161907 -0.150547 64.3406
-0.144041 0.173206 0.974296 69.886 0.0429718 0.984729 -0.168707 -11.0902 -0.988638 0.0175664 -0.149285 64.2095
-0.142732 0.171765 0.974743 70.7295 0.0427886 0.984977 -0.167303 -11.2369 -0.988836 0.0178284 -0.147938 64.083
-0.141738 0.17065 0.975084 71.6137 0.041009 0.985195 -0.166458 -11.3968 -0.989054 0.0163939 -0.146637 63.9556
-0.141299 0.169888 0.975281 72.5187 0.0409064 0.985326 -0.165711 -11.5565 -0.989121 0.0164804 -0.146175 63.836
-0.13886 0.170612 0.975505 73.4982 0.0396123 0.985216 -0.166672 -11.7319 -0.989519 0.0154979 -0.143566 63.691
-0.135997 0.173681 0.975367 74.5487 0.0412079 0.984653 -0.169589 -11.9153 -0.989852 0.0171293 -0.141067 63.529
-0.134867 0.172841 0.975672 75.6284 0.038461 0.98484 -0.169149 -12.102 -0.990117 0.0147127 -0.13947 63.3777
-0.136145 0.171635 0.975708 76.7984 0.0340282 0.985107 -0.16854 -12.31 -0.990104 0.0102557 -0.139958 63.241
-0.137345 0.172295 0.975423 77.8767 0.0302832 0.985026 -0.169727 -12.5045 -0.99006 0.00622788 -0.140506 63.1083
-0.137329 0.171609 0.975547 78.8418 0.0290373 0.985152 -0.169211 -12.6772 -0.9901 0.00508966 -0.140273 62.9776
-0.139383 0.168914 0.975726 79.801 0.0253691 0.98563 -0.167004 -12.8467 -0.989914 0.00147579 -0.141665 62.853
-0.140849 0.167403 0.975776 80.8046 0.0235555 0.985889 -0.165737 -13.0249 -0.989751 -0.000358972 -0.142804 62.7131
-0.144708 0.166642 0.975341 81.8262 0.0196445 0.986006 -0.16555 -13.2012 -0.989279 -0.00479631 -0.145957 62.5898
-0.146017 0.167088 0.97507 82.8031 0.0205411 0.985933 -0.165873 -13.3736 -0.989069 -0.00419136 -0.147395 62.4478
-0.148017 0.166229 0.974915 83.7232 0.0216313 0.986082 -0.164849 -13.5332 -0.988748 -0.0033117 -0.149552 62.3084
-0.150979 0.161188 0.975307 84.7462 0.019244 0.986909 -0.160126 -13.7161 -0.98835 -0.00540691 -0.152104 62.1518
-0.154811 0.161402 0.974671 85.7964 0.0202474 0.986876 -0.160207 -13.9011 -0.987737 -0.0050674 -0.156048 61.9854
-0.162552 0.166599 0.972534 86.9264 0.0130771 0.98592 -0.166707 -14.0965 -0.986613 -0.0143807 -0.162442 61.8337
-0.170446 0.169376 0.970701 87.9288 0.0131181 0.985419 -0.169641 -14.2773 -0.98528 -0.0161807 -0.170182 61.6744
-0.179664 0.16618 0.96959 88.9209 0.0163897 0.985997 -0.165955 -14.4495 -0.983592 -0.0139248 -0.179872 61.4978
-0.190071 0.164022 0.967972 89.9587 0.0195916 0.986383 -0.163295 -14.6402 -0.981575 -0.0120734 -0.190696 61.2947
-0.201934 0.165085 0.965386 90.9517 0.0226454 0.986215 -0.16391 -14.8189 -0.979137 -0.0112375 -0.202889 61.0868
-0.214905 0.165134 0.962573 91.9811 0.0270781 0.98623 -0.163147 -15.0068 -0.976259 -0.00899656 -0.216417 60.8571
-0.230111 0.162691 0.959469 92.9931 0.0278646 0.986624 -0.160612 -15.1886 -0.972765 -0.0102234 -0.231566 60.6274
-0.243589 0.166084 0.955553 94.0855 0.0352815 0.986094 -0.162398 -15.3835 -0.969237 -0.00584508 -0.246061 60.3456
-0.260125 0.168868 0.950694 95.2306 0.034687 0.985587 -0.165575 -15.5902 -0.964952 -0.0100934 -0.262233 60.0575
-0.276603 0.171742 0.945513 96.2747 0.0334112 0.985025 -0.169145 -15.7846 -0.960403 -0.0151953 -0.278199 59.7762
-0.293374 0.169371 0.940875 97.1774 0.0304975 0.985338 -0.167866 -15.9497 -0.955511 -0.0205532 -0.294238 59.506
-0.310143 0.163349 0.936551 98.0766 0.0259052 0.986214 -0.163433 -16.1158 -0.950337 -0.0264259 -0.310099 59.2267
-0.32575 0.159832 0.931848 98.9962 0.0249817 0.986718 -0.16051 -16.2856 -0.945126 -0.029007 -0.325416 58.9198
-0.339641 0.161268 0.926626 99.877 0.0262837 0.986434 -0.162043 -16.4555 -0.940188 -0.0306814 -0.339272 58.5974
-0.354064 0.163002 0.920906 100.758 0.0276669 0.986088 -0.163903 -16.6229 -0.934812 -0.0325535 -0.353648 58.2763
-0.369419 0.164194 0.914642 101.643 0.0288528 0.985818 -0.165318 -16.7926 -0.928815 -0.0346815 -0.368917 57.9484
-0.382937 0.164176 0.909069 102.497 0.032468 0.985865 -0.164368 -16.9556 -0.923204 -0.0334269 -0.382854 57.5892
-0.395491 0.162676 0.903949 103.34 0.0353144 0.986155 -0.162019 -17.1197 -0.917791 -0.0321549 -0.395761 57.2136
-0.410539 0.161128 0.897494 104.209 0.0356684 0.986348 -0.160764 -17.2808 -0.911145 -0.0339879 -0.410682 56.8342
-0.426246 0.162264 0.889935 105.046 0.0347052 0.98599 -0.163155 -17.4373 -0.903941 -0.0386588 -0.425906 56.4548
-0.441469 0.164182 0.882128 105.869 0.0361222 0.985572 -0.165357 -17.5926 -0.896549 -0.0411357 -0.441031 56.0601
-0.456195 0.165128 0.874425 106.682 0.0370661 0.985306 -0.166729 -17.7503 -0.889108 -0.0436494 -0.455612 55.6494
-0.468938 0.169026 0.866907 107.486 0.0434361 0.984743 -0.168506 -17.9081 -0.882162 -0.0413637 -0.469126 55.2107
-0.483616 0.172066 0.858201 108.277 0.0450815 0.984082 -0.1719 -18.0731 -0.874118 -0.0444448 -0.483675 54.7762
-0.498104 0.174263 0.849426 109.034 0.0471254 0.98359 -0.174153 -18.2264 -0.865836 -0.0467168 -0.498143 54.3386
-0.512006 0.171369 0.841714 109.759 0.0472844 0.984034 -0.171582 -18.3815 -0.85768 -0.048051 -0.511934 53.889
-0.528736 0.166318 0.832332 110.511 0.0452927 0.984746 -0.168002 -18.5384 -0.847577 -0.0511299 -0.528203 53.4356
-0.543473 0.167011 0.822645 111.288 0.0479036 0.984581 -0.168239 -18.7043 -0.838059 -0.0520259 -0.543093 52.9204
-0.559055 0.166328 0.812276 112.05 0.048304 0.984542 -0.168357 -18.8585 -0.827722 -0.0548845 -0.558448 52.4103
-0.573447 0.166036 0.802241 112.772 0.0507096 0.984563 -0.167523 -19.0157 -0.817671 -0.0553843 -0.573015 51.896
-0.587772 0.166252 0.79176 113.532 0.0522286 0.984414 -0.167933 -19.1802 -0.807339 -0.0573535 -0.587294 51.338
-0.602168 0.166401 0.780836 114.268 0.0543386 0.984312 -0.167858 -19.3348 -0.796518 -0.058649 -0.601763 50.7792
-0.616317 0.164559 0.770113 114.978 0.0565826 0.984649 -0.165118 -19.4899 -0.785463 -0.0581902 -0.616167 50.2138
-0.629152 0.162486 0.760109 115.692 0.0597506 0.985123 -0.16113 -19.6478 -0.774982 -0.0559586 -0.6295 49.609
-0.643613 0.160712 0.748288 116.469 0.0618627 0.98543 -0.158434 -19.8188 -0.762847 -0.0556792 -0.644177 48.9563
-0.656976 0.160874 0.736548 117.239 0.0649839 0.985416 -0.157268 -19.986 -0.751106 -0.0554573 -0.657848 48.2712
-0.671098 0.16164 0.723533 118.01 0.0649239 0.985006 -0.159835 -20.1584 -0.738521 -0.0602901 -0.67153 47.5699
-0.685678 0.16004 0.710093 118.702 0.0629664 0.984915 -0.161178 -20.3151 -0.725176 -0.0658041 -0.685412 46.9042
-0.700839 0.15717 0.695789 119.373 0.0635091 0.985299 -0.158596 -20.4746 -0.710487 -0.0669616 -0.700517 46.2369
-0.717339 0.148622 0.680688 120.024 0.0602802 0.986559 -0.15188 -20.629 -0.694112 -0.0679177 -0.716656 45.5751
-0.734362 0.145086 0.663071 120.75 0.0596815 0.986906 -0.149847 -20.7937 -0.676129 -0.0704686 -0.733405 44.8136
-0.750356 0.142669 0.645454 121.379 0.060523 0.987158 -0.147839 -20.9476 -0.658257 -0.0718669 -0.749355 44.0933
-0.76669 0.140135 0.626537 122.042 0.0609892 0.987372 -0.146209 -21.1075 -0.639114 -0.0738849 -0.765555 43.3006
-0.783469 0.136212 0.606319 122.68 0.060786 0.987801 -0.143368 -21.265 -0.618451 -0.0754683 -0.782191 42.5289
-0.798754 0.137201 0.585805 123.319 0.0632501 0.987405 -0.145017 -21.4236 -0.598323 -0.0787808 -0.797372 41.6903
-0.810785 0.140194 0.568308 123.876 0.0717537 0.987377 -0.141205 -21.5712 -0.58093 -0.0737083 -0.81061 40.855
-0.825009 0.139262 0.547692 124.511 0.0743856 0.987489 -0.13904 -21.7371 -0.560202 -0.0739693 -0.825047 39.9411
-0.837918 0.140859 0.527306 125.078 0.0782099 0.987141 -0.139415 -21.8962 -0.540163 -0.0755777 -0.83816 39.0373
-0.849325 0.145226 0.507501 125.607 0.0839973 0.986343 -0.141678 -22.0555 -0.521145 -0.0777015 -0.849924 38.1178
-0.861879 0.143509 0.486385 126.132 0.0855193 0.986518 -0.139533 -22.2037 -0.499851 -0.078665 -0.862531 37.236
-0.87286 0.141017 0.467151 126.588 0.0870273 0.986972 -0.135324 -22.34 -0.480148 -0.0774641 -0.87376 36.3987
-0.882303 0.14282 0.44849 127.073 0.0908796 0.986614 -0.135399 -22.4877 -0.461825 -0.0787045 -0.883472 35.4665
-0.890579 0.146127 0.430715 127.5 0.0952636 0.985908 -0.137511 -22.6255 -0.44474 -0.0814333 -0.89195 34.5808
-0.897454 0.148182 0.415474 127.848 0.0990577 0.985532 -0.137526 -22.7492 -0.429842 -0.0822676 -0.899149 33.7737
-0.90537 0.145023 0.399091 128.172 0.0981852 0.985898 -0.135517 -22.8559 -0.413116 -0.0835079 -0.906842 33.0677
-0.91139 0.146255 0.384678 128.502 0.101335 0.985694 -0.134677 -22.9726 -0.398872 -0.0837617 -0.913173 32.2929
-0.916168 0.148705 0.372187 128.79 0.106218 0.985504 -0.132286 -23.0905 -0.386463 -0.0816634 -0.918682 31.5409
-0.923104 0.143597 0.356735 129.101 0.10311 0.986121 -0.130132 -23.1992 -0.37047 -0.0833422 -0.925098 30.809
-0.927987 0.139994 0.345314 129.379 0.102219 0.98683 -0.125371 -23.3035 -0.358317 -0.0810452 -0.930076 30.0593
-0.934141 0.132647 0.331338 129.675 0.0974612 0.987891 -0.120717 -23.4125 -0.343339 -0.0804745 -0.935758 29.3162
-0.937848 0.132661 0.32069 129.956 0.10015 0.988198 -0.115908 -23.5248 -0.332282 -0.0765876 -0.940066 28.5137
-0.93957 0.139506 0.312645 130.233 0.107671 0.987283 -0.116961 -23.6352 -0.324986 -0.0762304 -0.942642 27.6671
-0.940704 0.145045 0.306655 130.489 0.113624 0.986486 -0.118043 -23.7385 -0.319633 -0.0761999 -0.944473 26.8542
-0.941842 0.148575 0.301427 130.753 0.116956 0.985804 -0.120466 -23.8446 -0.315046 -0.0782066 -0.945849 26.0105
-0.943326 0.147276 0.297398 131.012 0.116567 0.986079 -0.118578 -23.9565 -0.310722 -0.0771909 -0.947361 25.1831
-0.945668 0.140484 0.293218 131.28 0.111046 0.98716 -0.114822 -24.0634 -0.305584 -0.0760224 -0.949125 24.3464
-0.947675 0.135016 0.28928 131.553 0.106369 0.987927 -0.112636 -24.1757 -0.300995 -0.0759718 -0.950595 23.4681
-0.949535 0.129835 0.285526 131.835 0.101005 0.988385 -0.113544 -24.2943 -0.296952 -0.0789744 -0.951621 22.5337
-0.951216 0.127137 0.281112 132.119 0.0978366 0.988422 -0.115973 -24.4092 -0.292601 -0.0828122 -0.952642 21.6278
-0.952023 0.127255 0.278313 132.394 0.0976456 0.988221 -0.117836 -24.5306 -0.29003 -0.0850061 -0.953235 20.7207
-0.951963 0.128238 0.278066 132.661 0.0981249 0.98795 -0.11969 -24.6536 -0.290065 -0.0866557 -0.953076 19.7882
-0.951332 0.131266 0.278813 132.918 0.100583 0.987457 -0.121701 -24.7738 -0.291291 -0.087734 -0.952603 18.874
-0.950623 0.133015 0.280397 133.179 0.101883 0.987177 -0.122886 -24.8991 -0.293147 -0.0882509 -0.951986 17.987
-0.949839 0.135051 0.282077 133.451 0.103358 0.98683 -0.124431 -25.0295 -0.295167 -0.0890342 -0.951288 17.0652
-0.948813 0.137615 0.284281 133.714 0.105882 0.986592 -0.124202 -25.1533 -0.297561 -0.0877441 -0.950662 16.1809
-0.948085 0.137637 0.286691 133.982 0.10562 0.986599 -0.124369 -25.2791 -0.299967 -0.0876319 -0.949916 15.2995
-0.947471 0.134743 0.290075 134.264 0.101986 0.986864 -0.12529 -25.4025 -0.303146 -0.0891253 -0.948767 14.4084
-0.946011 0.133395 0.295412 134.53 0.100244 0.987115 -0.124723 -25.5132 -0.308243 -0.0883764 -0.947194 13.5638
-0.944378 0.132491 0.300991 134.819 0.0994882 0.987468 -0.122515 -25.638 -0.313451 -0.0857558 -0.945724 12.6922
-0.942157 0.131016 0.308505 135.108 0.0978792 0.987863 -0.120608 -25.7588 -0.320562 -0.0834356 -0.943546 11.8171
-0.939453 0.133774 0.315489 135.436 0.0998677 0.987571 -0.121367 -25.8902 -0.327804 -0.0825117 -0.941136 10.862
-0.936353 0.133947 0.324503 135.762 0.0988728 0.987551 -0.122341 -26.0229 -0.33685 -0.0824695 -0.93794 9.91126
-0.932815 0.136788 0.333384 136.072 0.0998424 0.987041 -0.125625 -26.1494 -0.346247 -0.083899 -0.934384 9.04905
-0.928461 0.139474 0.344249 136.383 0.101503 0.986817 -0.126052 -26.2742 -0.357292 -0.0820921 -0.930378 8.18468
-0.923266 0.142424 0.356784 136.726 0.102322 0.986357 -0.128959 -26.4106 -0.370283 -0.0825564 -0.925243 7.27195
-0.91765 0.145498 0.369795 137.071 0.103263 0.985902 -0.131661 -26.5398 -0.383738 -0.082633 -0.919738 6.41344
-0.911972 0.147899 0.382665 137.406 0.103839 0.985599 -0.133461 -26.6586 -0.396893 -0.0819769 -0.914197 5.61378
-0.906387 0.147162 0.395988 137.755 0.102026 0.985871 -0.132852 -26.7806 -0.409944 -0.0800144 -0.908594 4.8233
-0.900121 0.150171 0.408939 138.126 0.103187 0.98549 -0.134767 -26.911 -0.423243 -0.0791093 -0.902556 4.01095
-0.892874 0.154189 0.423086 138.492 0.105742 0.985071 -0.135842 -27.0322 -0.437715 -0.0765517 -0.895849 3.22188
-0.885036 0.157481 0.438076 138.877 0.107836 0.9848 -0.13616 -27.1599 -0.45286 -0.073266 -0.888566 2.41074
-0.87758 0.159824 0.452006 139.27 0.109676 0.984723 -0.135247 -27.2864 -0.466716 -0.069116 -0.881702 1.65006
-0.867916 0.164978 0.468513 139.656 0.113378 0.984129 -0.13651 -27.4096 -0.483598 -0.0653604 -0.872846 0.868431
-0.859191 0.167706 0.48339 140.085 0.115152 0.9839 -0.136678 -27.5455 -0.498529 -0.0617693 -0.86467 0.104225
-0.848476 0.169859 0.501234 140.522 0.116041 0.983758 -0.136946 -27.6876 -0.516355 -0.0580317 -0.854406 -0.674419
-0.837519 0.173445 0.518149 140.993 0.118471 0.983366 -0.137679 -27.8253 -0.53341 -0.0539228 -0.844136 -1.45201
-0.826259 0.175919 0.535116 141.479 0.119276 0.983081 -0.139016 -27.9646 -0.550518 -0.0510369 -0.833262 -2.21818
-0.813955 0.180495 0.552177 141.974 0.122071 0.982427 -0.141192 -28.0986 -0.567958 -0.047519 -0.821684 -2.9671
-0.801315 0.183118 0.569528 142.495 0.12239 0.982046 -0.143553 -28.2373 -0.585589 -0.0453267 -0.80934 -3.71022
-0.788341 0.183769 0.587152 143.035 0.121916 0.982085 -0.143686 -28.3827 -0.603038 -0.0416901 -0.796622 -4.43233
-0.772393 0.186507 0.607145 143.615 0.123199 0.981754 -0.144851 -28.5329 -0.623082 -0.0370819 -0.781277 -5.20417
-0.756763 0.189193 0.625713 144.189 0.123125 0.981323 -0.147804 -28.6854 -0.64199 -0.0348112 -0.765923 -5.89738
-0.740214 0.191719 0.644459 144.768 0.120943 0.980818 -0.152869 -28.8288 -0.661405 -0.0352133 -0.749202 -6.57501
-0.722102 0.193709 0.664112 145.328 0.119704 0.980503 -0.155838 -28.9713 -0.681351 -0.033034 -0.731211 -7.20539
-0.704621 0.193666 0.682644 145.913 0.115626 0.980513 -0.158823 -29.1072 -0.7001 -0.0329783 -0.713283 -7.80371
-0.684603 0.19319 0.702848 146.53 0.111324 0.980638 -0.161111 -29.2623 -0.720365 -0.0320536 -0.692855 -8.43058
-0.66284 0.196347 0.722559 147.16 0.10971 0.980059 -0.165676 -29.4099 -0.74068 -0.0305448 -0.671163 -9.03991
-0.643868 0.195704 0.739685 147.808 0.104068 0.980152 -0.168739 -29.5626 -0.758026 -0.031668 -0.651455 -9.5972
-0.622931 0.19667 0.757151 148.47 0.100918 0.979997 -0.171526 -29.7176 -0.77574 -0.030439 -0.630318 -10.1514
-0.600042 0.196158 0.775546 149.126 0.0972846 0.980168 -0.172643 -29.8785 -0.794031 -0.0281442 -0.607225 -10.6818
-0.57661 0.196416 0.793059 149.811 0.0937235 0.980166 -0.174613 -30.0459 -0.811626 -0.0263551 -0.583582 -11.1922
-0.552503 0.198747 0.809469 150.491 0.0915479 0.97975 -0.17807 -30.207 -0.828468 -0.0242789 -0.55951 -11.6559
-0.526288 0.199302 0.82662 151.215 0.0867978 0.979657 -0.180938 -30.3705 -0.845865 -0.0234765 -0.532881 -12.1312
-0.499026 0.199012 0.843426 151.939 0.0820261 0.979751 -0.182647 -30.5341 -0.862696 -0.0219626 -0.505245 -12.5726
-0.470665 0.197036 0.86003 152.685 0.0774246 0.980209 -0.182198 -30.7066 -0.878908 -0.0191666 -0.476606 -13.0001
-0.442852 0.197227 0.874633 153.42 0.0742809 0.980223 -0.183427 -30.882 -0.893512 -0.0162625 -0.448744 -13.3642
-0.41313 0.199731 0.888499 154.243 0.0705405 0.97974 -0.187442 -31.0615 -0.907936 -0.0147627 -0.418849 -13.7484
-0.38398 0.200642 0.901278 154.995 0.0654709 0.979564 -0.190176 -31.2264 -0.921017 -0.0140165 -0.38927 -14.0598
-0.350625 0.201046 0.914682 155.784 0.0626813 0.979533 -0.191273 -31.4027 -0.934416 -0.00973152 -0.356051 -14.3924
-0.31702 0.200865 0.926904 156.661 0.0592342 0.979601 -0.192025 -31.5963 -0.946567 -0.00597136 -0.322451 -14.7118
-0.28289 0.200536 0.937954 157.443 0.056769 0.979686 -0.192337 -31.762 -0.957471 -0.0011635 -0.288528 -14.964
-0.250398 0.199307 0.947406 158.264 0.0505836 0.979937 -0.192781 -31.9309 -0.966821 -0.000348902 -0.255456 -15.1769
-0.21611 0.198057 0.95607 159.093 0.0458878 0.980188 -0.192681 -32.1085 -0.97529 0.00223157 -0.220917 -15.371
-0.180219 0.197879 0.963517 159.916 0.0430376 0.980204 -0.193257 -32.2847 -0.982685 0.00663889 -0.185168 -15.5437
-0.146281 0.197252 0.969378 160.725 0.0371846 0.980323 -0.193868 -32.4567 -0.988544 0.0076868 -0.150738 -15.6627
-0.107978 0.196349 0.974571 161.564 0.0345023 0.980452 -0.193711 -32.6458 -0.993554 0.0127084 -0.112641 -15.7901
-0.0721315 0.196613 0.977824 162.399 0.0292043 0.980374 -0.194971 -32.8251 -0.996967 0.0144931 -0.0764578 -15.8686
-0.0372848 0.196388 0.979817 163.287 0.0255166 0.980366 -0.195527 -33.0074 -0.998979 0.0177114 -0.0415639 -15.915
-0.00296501 0.195651 0.980669 164.146 0.0208421 0.980473 -0.195548 -33.1862 -0.999778 0.0198594 -0.00698488 -15.9321
0.0296559 0.196095 0.980136 164.974 0.0145127 0.98038 -0.196583 -33.3592 -0.999455 0.0200543 0.0262282 -15.9123
0.0628099 0.195669 0.978657 165.883 0.0130732 0.980347 -0.196846 -33.5494 -0.99794 0.0251581 0.0590175 -15.8628
0.0965151 0.193503 0.976341 166.823 0.00943735 0.980698 -0.1953 -33.7453 -0.995287 0.0280635 0.0928261 -15.7959
0.12765 0.192219 0.973014 167.666 0.00795958 0.98081 -0.194804 -33.9227 -0.991787 0.0326115 0.12367 -15.6887
0.158448 0.192141 0.968492 168.525 0.00561087 0.980692 -0.195479 -34.1032 -0.987351 0.0364073 0.15431 -15.5644
0.188733 0.191813 0.963113 169.39 0.00299784 0.980622 -0.195888 -34.2864 -0.982024 0.0398577 0.184501 -15.403
0.220029 0.190519 0.956708 170.237 0.00273321 0.980618 -0.195909 -34.468 -0.97549 0.0457205 0.215244 -15.2262
0.251479 0.188628 0.949304 171.231 0.00176324 0.980734 -0.19534 -34.6794 -0.967861 0.0507978 0.246301 -14.982
0.283907 0.186797 0.94048 172.13 0.00116502 0.980772 -0.195152 -34.8733 -0.958851 0.0565007 0.278231 -14.747
0.313592 0.186382 0.931086 172.991 0.000517865 0.980513 -0.196451 -35.0556 -0.949558 0.0620877 0.307385 -14.4637
0.342767 0.18561 0.920902 173.784 -0.00258038 0.980469 -0.196656 -35.2286 -0.939417 0.0650307 0.336551 -14.1862
0.371938 0.183253 0.909989 174.586 -0.00533266 0.980725 -0.195319 -35.408 -0.928242 0.0677939 0.365747 -13.8753
0.397768 0.183301 0.898989 175.349 -0.011121 0.980731 -0.195047 -35.5801 -0.917419 0.0675857 0.392142 -13.5212
0.425706 0.184971 0.885754 176.167 -0.0149837 0.98019 -0.19749 -35.7636 -0.904738 0.0708008 0.420044 -13.1284
0.453055 0.185991 0.871865 176.903 -0.0183308 0.979731 -0.199477 -35.938 -0.891294 0.0743919 0.447281 -12.7495
0.479327 0.185375 0.857835 177.611 -0.0231318 0.979767 -0.198798 -36.1063 -0.877331 0.0754462 0.473917 -12.3554
0.504505 0.183887 0.8436 178.323 -0.0286767 0.980087 -0.196489 -36.2821 -0.862933 0.0749378 0.499732 -11.9245
0.530265 0.180894 0.828309 179.013 -0.032217 0.980567 -0.19352 -36.4538 -0.847219 0.0759315 0.525789 -11.4979
0.553559 0.180285 0.813062 179.703 -0.0364873 0.9806 -0.192592 -36.6243 -0.83201 0.0769447 0.549398 -11.0387
0.573715 0.180407 0.79894 180.372 -0.0420249 0.98064 -0.191259 -36.7968 -0.817976 0.0761527 0.570189 -10.5518
0.593904 0.178381 0.784511 181.085 -0.044966 0.980946 -0.189005 -36.974 -0.803278 0.0769745 0.590609 -10.0254
0.611845 0.177024 0.770914 181.725 -0.0498447 0.981326 -0.185781 -37.1345 -0.789406 0.075243 0.609243 -9.51954
0.628593 0.174009 0.758018 182.368 -0.0510755 0.981781 -0.183021 -37.2933 -0.776056 0.0763292 0.626028 -8.98121
0.644779 0.171221 0.744945 183.012 -0.0523592 0.982193 -0.180432 -37.4559 -0.762573 0.0773342 0.642263 -8.42892
0.658953 0.170988 0.732491 183.664 -0.0558609 0.982255 -0.179038 -37.6234 -0.750107 0.0770601 0.656812 -7.82437
0.674741 0.170711 0.718041 184.34 -0.0589655 0.982241 -0.178114 -37.7905 -0.735696 0.0778414 0.672824 -7.20707
0.688714 0.170002 0.704821 184.96 -0.06148 0.982314 -0.176858 -37.9489 -0.722422 0.0784721 0.686985 -6.58394
0.703133 0.167689 0.691002 185.575 -0.0645055 0.98283 -0.172871 -38.1114 -0.708126 0.0769781 0.701877 -5.95288
0.718188 0.164395 0.676151 186.183 -0.0655201 0.983351 -0.169492 -38.2671 -0.692758 0.0774255 0.717002 -5.31837
0.731792 0.163131 0.661716 186.778 -0.0682001 0.983586 -0.167057 -38.426 -0.678107 0.0771221 0.730906 -4.65369
0.746102 0.161854 0.64586 187.373 -0.0684842 0.983515 -0.167357 -38.5803 -0.6623 0.0806344 0.744887 -3.9844
0.757143 0.163133 0.632552 187.909 -0.0728045 0.983357 -0.16646 -38.7285 -0.64918 0.0799811 0.756418 -3.32059
0.768566 0.162254 0.618854 188.46 -0.074889 0.983472 -0.164846 -38.8798 -0.635373 0.0803496 0.768014 -2.62913
0.780074 0.159023 0.605142 188.993 -0.0754725 0.984016 -0.161296 -39.0246 -0.621119 0.0801515 0.779607 -1.94907
0.789979 0.15798 0.592432 189.531 -0.0778125 0.984255 -0.158705 -39.1823 -0.608176 0.0792752 0.789834 -1.21575
0.799891 0.158116 0.578941 190.023 -0.0808548 0.984267 -0.157102 -39.3272 -0.594673 0.0788546 0.800091 -0.532715
0.809711 0.15571 0.565794 190.519 -0.079017 0.984304 -0.157805 -39.4694 -0.581485 0.0830692 0.809305 0.16912
0.81873 0.153758 0.553209 191.003 -0.0795269 0.984558 -0.155949 -39.604 -0.568645 0.0836855 0.818315 0.871442
0.827182 0.150315 0.541456 191.485 -0.0779701 0.98494 -0.154316 -39.7462 -0.556498 0.0854305 0.826445 1.59675
0.834581 0.14735 0.530814 191.971 -0.0766462 0.985251 -0.15299 -39.8901 -0.545528 0.0869979 0.833565 2.3597
0.840215 0.146834 0.521995 192.49 -0.0780162 0.985358 -0.1516 -40.0414 -0.536612 0.0866522 0.839368 3.18536
0.844828 0.14488 0.515049 193.008 -0.0782024 0.985739 -0.149008 -40.1963 -0.529292 0.0856078 0.84411 4.01424
0.847059 0.144701 0.511422 193.471 -0.079569 0.985907 -0.147163 -40.3419 -0.525509 0.0839626 0.846635 4.81534
0.849777 0.14456 0.506933 193.989 -0.0801379 0.985913 -0.146812 -40.4971 -0.521015 0.0841332 0.849391 5.67568
0.852098 0.143501 0.503326 194.48 -0.0796559 0.986032 -0.146271 -40.6356 -0.517286 0.0845446 0.851626 6.51411
0.853901 0.141943 0.500705 195.022 -0.0795352 0.986378 -0.143986 -40.8019 -0.514322 0.0831258 0.853559 7.46966
0.856736 0.139558 0.496515 195.525 -0.0780295 0.986686 -0.142694 -40.9569 -0.509818 0.0835085 0.856219 8.32997
0.860244 0.136275 0.491334 196.031 -0.0751821 0.98699 -0.142118 -41.1122 -0.504309 0.0853165 0.859298 9.1835
0.861499 0.137706 0.488729 196.47 -0.0777939 0.986954 -0.140959 -41.2521 -0.501764 0.0834155 0.860973 9.99623
0.863436 0.138932 0.484951 196.965 -0.0797989 0.98684 -0.140637 -41.4017 -0.498108 0.0827327 0.863159 10.8827
0.86542 0.138422 0.481547 197.445 -0.0802809 0.986972 -0.139429 -41.5554 -0.494574 0.0820059 0.865258 11.7489
0.867413 0.139251 0.477706 197.937 -0.08204 0.986927 -0.138722 -41.7096 -0.490779 0.0811382 0.867498 12.634
0.868079 0.140776 0.476047 198.427 -0.084309 0.986826 -0.138084 -41.87 -0.489214 0.079733 0.868511 13.5575
0.868814 0.142224 0.474272 198.918 -0.0863773 0.986706 -0.137659 -42.0197 -0.487546 0.0786335 0.869549 14.4725
0.869649 0.141984 0.472813 199.392 -0.0860762 0.986688 -0.137978 -42.1617 -0.486109 0.0792941 0.870293 15.3436
0.869754 0.145523 0.471541 199.848 -0.0897698 0.986245 -0.138787 -42.3068 -0.485252 0.0783801 0.870854 16.1977
0.871816 0.143793 0.468252 200.314 -0.0873384 0.986256 -0.140253 -42.451 -0.481984 0.0813788 0.872393 17.032
0.873017 0.14459 0.465763 200.747 -0.0875598 0.985991 -0.141967 -42.5817 -0.479766 0.0831578 0.873447 17.8133
0.872949 0.145343 0.465657 201.146 -0.0883517 0.985902 -0.142096 -42.7143 -0.479745 0.0829005 0.873483 18.5792
0.872776 0.145758 0.465851 201.527 -0.089354 0.985957 -0.141085 -42.8372 -0.479873 0.0815102 0.873543 19.3176
0.873283 0.143389 0.465636 201.965 -0.087819 0.986384 -0.139048 -42.9885 -0.479234 0.0805364 0.873984 20.1497
0.874018 0.139403 0.465467 202.395 -0.0843894 0.986953 -0.137123 -43.1233 -0.478509 0.0805679 0.874379 20.9432
0.873722 0.138047 0.466425 202.826 -0.0831666 0.98716 -0.136378 -43.2647 -0.479263 0.0803656 0.873984 21.8049
0.87376 0.138496 0.466222 203.269 -0.0824927 0.986911 -0.138571 -43.4004 -0.479311 0.0826179 0.873748 22.6578
0.87344 0.139027 0.466662 203.697 -0.081847 0.986656 -0.140751 -43.5423 -0.480003 0.0847423 0.873164 23.5039
