1 0 0 0 0 1 0 0 0 0 1 0
0.999999 0.000307626 0.0011684 -0.000942991 -0.000302044 0.999989 -0.00477432 -0.00102101 -0.00116986 0.00477396 0.999988 0.636992
0.999988 0.00254839 0.00408862 -0.0235579 -0.00252504 0.999981 -0.00570774 0.000130874 -0.00410309 0.00569735 0.999975 1.43707
0.999992 -0.000957574 0.00389067 -0.0193272 0.000965561 0.999997 -0.0020515 0.00111304 -0.0038887 0.00205524 0.99999 2.14835
0.999991 -0.00293201 0.00311877 -0.0170398 0.00291904 0.999987 0.00415625 -0.00302085 -0.00313091 -0.00414711 0.999986 2.85077
0.999974 -0.00691173 0.00217789 -0.0186811 0.00690262 0.999968 0.00416427 -0.00334697 -0.0022066 -0.00414913 0.999989 3.67999
0.999947 -0.0102467 0.000840744 -0.0138451 0.0102455 0.999947 0.00140836 -0.00200032 -0.00085513 -0.00139967 0.999999 4.41694
0.999955 -0.00951027 0.000268892 -0.0185774 0.00951093 0.999951 -0.00257398 0.0010374 -0.0002444 0.00257642 0.999997 5.09604
0.999956 -0.00936875 -0.000351455 -0.0252351 0.00936761 0.999951 -0.00313548 -0.000262738 0.000380814 0.00313205 0.999995 5.79995
0.99995 -0.00988409 -0.00149792 -0.0273633 0.00988242 0.999951 -0.00112217 -0.00363793 0.00150893 0.00110731 0.999998 6.46767
0.999923 -0.0119912 -0.00307359 -0.0243425 0.0119968 0.999926 0.00182286 -0.00409523 0.00305151 -0.00185959 0.999994 7.14792
0.999912 -0.0125419 -0.00440576 -0.0268223 0.0125572 0.999915 0.00345083 -0.00675498 0.00436211 -0.00350585 0.999984 7.80021
0.99991 -0.0127285 -0.00426659 -0.0405156 0.0127467 0.99991 0.0042581 -0.00490986 0.00421201 -0.0043121 0.999982 8.4758
0.99992 -0.0119476 -0.00406995 -0.0562319 0.0119646 0.99992 0.00419648 -0.00194477 0.00401949 -0.00424485 0.999983 9.18135
0.999924 -0.0115638 -0.00421365 -0.0685765 0.0115746 0.99993 0.00254394 0.00152473 0.00418394 -0.00259252 0.999988 9.86133
0.999909 -0.0118741 -0.00638773 -0.0695604 0.0118779 0.999929 0.000551431 0.00243876 0.00638073 -0.000627254 0.999979 10.495
0.999894 -0.0121442 -0.00805259 -0.0762997 0.0121398 0.999926 -0.000602045 0.00277705 0.00805931 0.000504224 0.999967 11.1365
0.999884 -0.0117744 -0.00964706 -0.0870702 0.0117614 0.99993 -0.00140695 0.00313233 0.00966295 0.00129333 0.999952 11.7585
0.99986 -0.0115352 -0.0121599 -0.0913603 0.0115115 0.999932 -0.00201686 -0.000464297 0.0121824 0.00187659 0.999924 12.3832
0.999855 -0.0107399 -0.013219 -0.107606 0.0107165 0.999941 -0.00184261 -0.0020933 0.013238 0.00170068 0.999911 12.994
0.999852 -0.0104021 -0.0137117 -0.127541 0.0103871 0.999945 -0.00116096 -0.00194973 0.0137231 0.00101837 0.999905 13.5913
0.99983 -0.0104798 -0.0151419 -0.139666 0.010481 0.999945 -2.5585e-06 -0.00158273 0.0151411 -0.000156144 0.999885 14.1986
0.999829 -0.008886 -0.0161923 -0.155149 0.00889479 0.99996 0.000470954 -0.00145636 0.0161875 -0.000614901 0.999869 14.7893
0.999757 -0.0117493 -0.0186561 -0.159479 0.0117526 0.999931 6.90017e-05 -0.00103753 0.018654 -0.000288243 0.999826 15.388
0.999708 -0.0123295 -0.0207595 -0.16983 0.0123234 0.999924 -0.000419849 -0.00129644 0.0207631 0.000163898 0.999784 15.9425
0.999672 -0.0125986 -0.0222985 -0.182664 0.0126068 0.999921 0.000228032 -0.00323306 0.0222939 -0.000509071 0.999751 16.4807
0.999681 -0.0113679 -0.0225753 -0.204274 0.0114107 0.999933 0.00176833 -0.000527052 0.0225537 -0.00202536 0.999744 17.0209
0.999627 -0.0130614 -0.0240029 -0.21521 0.0131734 0.999903 0.00451584 -0.000295917 0.0239416 -0.00483035 0.999702 17.5484
0.999608 -0.0132124 -0.024688 -0.231629 0.0133675 0.999892 0.00612782 -0.00106454 0.0246043 -0.00645544 0.999676 18.071
0.999608 -0.0120388 -0.0252788 -0.248761 0.0121648 0.999914 0.00483847 0.000512227 0.0252184 -0.00514409 0.999669 18.5953
0.999618 -0.00987803 -0.0258093 -0.269697 0.00993398 0.999949 0.00204055 0.00262603 0.0257878 -0.00229616 0.999665 19.1237
0.99963 -0.00836052 -0.0258753 -0.292136 0.00836012 0.999965 -0.000123573 0.00676932 0.0258755 -9.27937e-05 0.999665 19.6248
0.99962 -0.00706782 -0.026631 -0.310089 0.0070481 0.999975 -0.000834101 0.00798781 0.0266362 0.000646086 0.999645 20.1213
0.999581 -0.00780009 -0.0278781 -0.325893 0.00776744 0.999969 -0.00127941 0.0052965 0.0278873 0.00106233 0.999611 20.6336
0.999512 -0.00712631 -0.0304096 -0.340713 0.00706579 0.999973 -0.00209711 0.00270239 0.0304238 0.00188121 0.999535 21.143
0.99945 -0.00770109 -0.0322441 -0.359617 0.007639 0.999969 -0.00204845 0.00068823 0.0322589 0.00180101 0.999478 21.6167
0.999402 -0.00717538 -0.0338226 -0.380643 0.00714464 0.999974 -0.0010295 0.00121122 0.0338291 0.000787239 0.999427 22.076
0.999321 -0.00732264 -0.0361208 -0.398101 0.00738084 0.999972 0.00147824 -0.00187357 0.0361089 -0.00174384 0.999346 22.5576
0.999242 -0.00689559 -0.038311 -0.418312 0.00702896 0.99997 0.00334774 -0.00594966 0.0382868 -0.00361449 0.99926 23.0201
0.999131 -0.00631103 -0.0412038 -0.433914 0.00646231 0.999973 0.00353929 -0.00471503 0.0411803 -0.00380249 0.999144 23.4862
0.999023 -0.00491884 -0.0439292 -0.453022 0.00505043 0.999983 0.00288496 -0.00512548 0.0439143 -0.003104 0.99903 23.9277
0.998964 -0.00265825 -0.0454365 -0.480414 0.00274885 0.999994 0.00193158 -0.00329748 0.0454311 -0.00205447 0.998965 24.3637
0.998921 -0.00143471 -0.0464275 -0.507825 0.00157554 0.999994 0.00299676 -0.000324011 0.0464229 -0.00306668 0.998917 24.7829
0.998863 -0.000928561 -0.047662 -0.530523 0.00115257 0.999988 0.00467261 0.00177395 0.0476571 -0.00472223 0.998853 25.2107
0.998922 0.0032363 -0.0462974 -0.565919 -0.00300567 0.999983 0.00505017 0.00308307 0.0463129 -0.00490557 0.998915 25.6291
0.998987 0.00779326 -0.0443147 -0.596739 -0.00768309 0.999967 0.00265578 0.00453451 0.0443339 -0.00231262 0.999014 26.047
0.999062 0.00991464 -0.0421592 -0.622177 -0.00994323 0.99995 -0.000468617 0.00505067 0.0421525 0.000887376 0.999111 26.4613
0.999152 0.0109757 -0.039681 -0.643201 -0.0110847 0.999935 -0.0025272 0.00753075 0.0396506 0.0029649 0.999209 26.8608
0.999274 0.0139778 -0.0354536 -0.6683 -0.0140584 0.999899 -0.00202646 0.00943477 0.0354217 0.00252341 0.999369 27.2633
0.999296 0.0173471 -0.0332683 -0.679208 -0.0173246 0.999849 0.000964959 0.00517366 0.03328 -0.000387919 0.999446 27.6656
0.999338 0.0220163 -0.028967 -0.700661 -0.0218967 0.99975 0.00443848 0.00339599 0.0290575 -0.00380125 0.999571 28.0624
0.999319 0.026932 -0.0252143 -0.713509 -0.0267997 0.999625 0.00557067 0.00173085 0.0253549 -0.00489114 0.999667 28.4534
0.999312 0.0312948 -0.0199047 -0.726474 -0.0311914 0.999498 0.00548261 0.00521783 0.0200663 -0.00485798 0.999787 28.8402
0.999318 0.034065 -0.0142423 -0.733033 -0.0339635 0.999396 0.00730538 0.00729624 0.0144825 -0.00681668 0.999872 29.2242
0.999138 0.0409116 -0.00699449 -0.747614 -0.0408539 0.999132 0.00819695 0.0106927 0.00732377 -0.00790414 0.999942 29.5959
0.999077 0.0429578 -0.000856561 -0.743356 -0.0429499 0.999047 0.00776001 0.0105053 0.0011891 -0.00771605 0.99997 29.9557
0.998951 0.0453358 0.00645418 -0.743591 -0.0453849 0.99894 0.00767189 0.0123772 -0.00609953 -0.00795677 0.99995 30.3075
0.998602 0.0508874 0.0142771 -0.745785 -0.0509904 0.998675 0.00694292 0.0155664 -0.0139049 -0.00766121 0.999874 30.642
0.998052 0.058142 0.022602 -0.751202 -0.0582504 0.998293 0.00416827 0.0152377 -0.0223211 -0.00547673 0.999736 30.9488
0.997608 0.0614464 0.0316511 -0.751903 -0.0615137 0.998106 0.00115362 0.0125162 -0.0315203 -0.00309784 0.999498 31.2406
0.997158 0.0634912 0.0405483 -0.751011 -0.0635705 0.997977 0.000668732 0.0120613 -0.0404239 -0.00324451 0.999177 31.5155
0.99721 0.0587899 0.0459962 -0.71766 -0.0588998 0.998263 0.00103665 0.0164976 -0.0458554 -0.00374292 0.998941 31.7596
0.996426 0.0631496 0.0560945 -0.720952 -0.0633348 0.997991 0.0015285 0.0156202 -0.0558853 -0.00507577 0.998424 32.0212
0.994139 0.0801165 0.072591 -0.786098 -0.0801133 0.996781 -0.00296014 0.0109382 -0.0725945 -0.00287272 0.997357 32.2492
0.992556 0.0884386 0.0837322 -0.791984 -0.0883806 0.996077 -0.00440654 0.00995064 -0.0837935 -0.00302656 0.996479 32.4693
0.991428 0.0921691 0.0926086 -0.773678 -0.0921604 0.995735 -0.00437923 0.00375073 -0.0926172 -0.00419315 0.995693 32.6676
0.991169 0.0880373 0.099159 -0.729528 -0.088005 0.996109 -0.00470734 0.00220587 -0.0991875 -0.00406071 0.99506 32.8514
0.991169 0.0880373 0.099159 -0.729528 -0.088005 0.996109 -0.00470734 0.00220587 -0.0991875 -0.00406071 0.99506 32.8514
0.991169 0.0880373 0.099159 -0.729528 -0.088005 0.996109 -0.00470734 0.00220587 -0.0991875 -0.00406071 0.99506 32.8514
0.991169 0.0880373 0.099159 -0.729528 -0.088005 0.996109 -0.00470734 0.00220587 -0.0991875 -0.00406071 0.99506 32.8514
0.989943 0.0864287 0.112 -0.687196 -0.0860705 0.996257 -0.00803904 0.00277849 -0.112275 -0.00168166 0.993676 33.0134
0.990044 0.0753165 0.118911 0.239978 -0.073085 0.99706 -0.0230234 -0.0362527 -0.120295 0.0141035 0.992638 33.8195
0.990044 0.0753165 0.118911 0.239978 -0.073085 0.99706 -0.0230234 -0.0362527 -0.120295 0.0141035 0.992638 33.8195
0.990044 0.0753165 0.118911 0.239978 -0.073085 0.99706 -0.0230234 -0.0362527 -0.120295 0.0141035 0.992638 33.8195
0.990044 0.0753165 0.118911 0.239978 -0.073085 0.99706 -0.0230234 -0.0362527 -0.120295 0.0141035 0.992638 33.8195
0.989272 0.0634806 0.131574 0.350668 -0.0595726 0.997664 -0.0334327 -0.0470942 -0.133388 0.0252359 0.990742 33.9361
0.987203 0.0578409 0.148606 0.418372 -0.0527635 0.997888 -0.0378884 -0.0554368 -0.150484 0.0295626 0.98817 34.0707
0.985111 0.0493638 0.164682 0.519583 -0.0423854 0.998059 -0.0456252 -0.0589497 -0.166615 0.0379657 0.985291 34.2072
0.985111 0.0493638 0.164682 0.519583 -0.0423854 0.998059 -0.0456252 -0.0589497 -0.166615 0.0379657 0.985291 34.2072
0.985111 0.0493638 0.164682 0.519583 -0.0423854 0.998059 -0.0456252 -0.0589497 -0.166615 0.0379657 0.985291 34.2072
0.982034 0.038446 0.184745 0.661738 -0.027749 0.997804 -0.0601429 -0.0701747 -0.186652 0.0539359 0.980944 34.3128
0.97692 0.0326915 0.21109 0.741097 -0.0199858 0.997873 -0.0620472 -0.0814469 -0.212669 0.0563963 0.975495 34.4595
0.97692 0.0326915 0.21109 0.741097 -0.0199858 0.997873 -0.0620472 -0.0814469 -0.212669 0.0563963 0.975495 34.4595
0.97692 0.0326915 0.21109 0.741097 -0.0199858 0.997873 -0.0620472 -0.0814469 -0.212669 0.0563963 0.975495 34.4595
0.969536 0.0253464 0.243632 0.844153 -0.00912132 0.997678 -0.0674955 -0.0917051 -0.244777 0.0632171 0.967516 34.6013
0.960005 0.0223707 0.279089 0.938768 -0.00244584 0.997435 -0.0715373 -0.102813 -0.279973 0.0679935 0.957597 34.7627
0.948258 0.0212062 0.316792 1.02932 0.00254174 0.997228 -0.0743631 -0.113495 -0.317491 0.0713206 0.945575 34.9211
0.934089 0.0224332 0.356336 1.12074 0.00491837 0.997121 -0.075667 -0.124112 -0.357007 0.0724323 0.931289 35.0809
0.918092 0.022996 0.395701 1.22843 0.00802651 0.997032 -0.076565 -0.137691 -0.396287 0.0734698 0.915182 35.2324
0.899122 0.0265301 0.436894 1.33867 0.00760878 0.997063 -0.0762047 -0.152295 -0.437633 0.0718415 0.896279 35.4035
0.877246 0.0256396 0.479356 1.46202 0.0119943 0.99709 -0.0752821 -0.167474 -0.479891 0.0717905 0.874386 35.5653
0.852361 0.0206218 0.522547 1.60685 0.0203677 0.997155 -0.072575 -0.182244 -0.522557 0.0725032 0.849516 35.7276
0.824375 0.0187601 0.565734 1.75951 0.0254345 0.997213 -0.0701309 -0.193368 -0.565473 0.0722033 0.8216 35.8986
0.793563 0.0165113 0.608263 1.93226 0.0314352 0.997184 -0.0680802 -0.202271 -0.607675 0.0731468 0.79081 36.0656
0.759134 0.0139806 0.650784 2.12116 0.0388362 0.997016 -0.0667208 -0.21205 -0.649774 0.075924 0.756326 36.227
0.721299 0.0118102 0.692523 2.31451 0.0444439 0.997005 -0.0632934 -0.22206 -0.691196 0.0764319 0.718614 36.3897
0.683266 0.00845744 0.73012 2.52938 0.0503813 0.997004 -0.0586971 -0.229175 -0.728429 0.0768901 0.680793 36.5387
0.642754 0.00603677 0.766049 2.75555 0.0529025 0.997232 -0.0522464 -0.239414 -0.764244 0.0741075 0.640655 36.6953
0.600972 0.00724994 0.799237 2.9992 0.050291 0.997634 -0.046865 -0.246809 -0.797686 0.068359 0.599186 36.8545
0.558533 0.00697733 0.829453 3.2563 0.0535241 0.997577 -0.0444334 -0.251745 -0.827754 0.0692132 0.556806 37.0059
0.516969 0.00113588 0.856004 3.54844 0.0653811 0.997026 -0.0408088 -0.259346 -0.853504 0.0770633 0.515357 37.1461
0.478079 -0.00744026 0.878285 3.84787 0.0792215 0.996253 -0.0346832 -0.263909 -0.874737 0.0861604 0.476877 37.2614
0.438845 -0.00922657 0.898515 4.15697 0.0850579 0.995884 -0.0313168 -0.271524 -0.894528 0.0901691 0.437823 37.3953
0.40426 -0.00821029 0.914607 4.47508 0.0881144 0.995658 -0.0300091 -0.2708 -0.91039 0.0927216 0.403228 37.5111
0.374235 -0.0095228 0.927285 4.81644 0.0965704 0.994911 -0.0287568 -0.275819 -0.922292 0.10031 0.37325 37.6223
0.347035 -0.0123544 0.937771 5.14741 0.102753 0.994395 -0.0249247 -0.281795 -0.932206 0.105008 0.34636 37.7293
0.32318 -0.0154611 0.946211 5.49097 0.109238 0.993792 -0.0210719 -0.284197 -0.940012 0.110173 0.322862 37.8331
0.304785 -0.0169371 0.952271 5.83914 0.113407 0.993374 -0.0186289 -0.28111 -0.945645 0.113672 0.304686 37.9245
0.289326 -0.0153693 0.957107 6.1963 0.11444 0.993255 -0.0186444 -0.283427 -0.950365 0.114925 0.289133 38.0295
0.276721 -0.0159055 0.960819 6.56648 0.11542 0.993175 -0.0168004 -0.285822 -0.953994 0.115547 0.276668 38.1297
0.265652 -0.015148 0.96395 6.93403 0.116051 0.993108 -0.0163758 -0.289724 -0.957059 0.116217 0.265579 38.2302
0.255878 -0.0131292 0.96662 7.30361 0.119218 0.992704 -0.0180751 -0.292394 -0.95933 0.119863 0.255576 38.3307
0.249973 -0.0127127 0.968169 7.67683 0.125631 0.991887 -0.0194127 -0.290115 -0.960068 0.126484 0.249542 38.4164
0.245234 -0.0132445 0.969373 8.04472 0.125864 0.991879 -0.0182894 -0.290981 -0.961259 0.126495 0.24491 38.5143
0.242238 -0.0151405 0.970099 8.42003 0.123396 0.992239 -0.0153264 -0.292583 -0.962338 0.123419 0.242227 38.6082
0.240045 -0.0212602 0.970529 8.82206 0.122291 0.992458 -0.00850632 -0.292375 -0.963028 0.120729 0.240835 38.7117
0.239487 -0.0274937 0.97051 9.25554 0.124684 0.992193 -0.00265946 -0.292222 -0.96286 0.121644 0.241045 38.811
0.239136 -0.0309968 0.970491 9.70737 0.12924 0.991613 -0.000174303 -0.289465 -0.962347 0.125468 0.241137 38.9192
0.239279 -0.0294473 0.970504 10.1602 0.132649 0.99116 -0.00263065 -0.28904 -0.961847 0.129366 0.24107 39.028
0.239664 -0.0223573 0.970598 10.6176 0.132429 0.991143 -0.00986926 -0.291695 -0.961782 0.1309 0.240502 39.1484
0.240747 -0.0139784 0.970487 11.0512 0.131662 0.991124 -0.0183855 -0.288715 -0.961616 0.132203 0.24045 39.2691
0.24229 -0.0129146 0.970118 11.4766 0.129197 0.991436 -0.0190689 -0.292855 -0.961563 0.129956 0.241883 39.3861
0.243997 -0.0166893 0.969632 11.9092 0.12756 0.991717 -0.0150295 -0.296433 -0.96135 0.127353 0.244104 39.5028
0.246281 -0.022824 0.96893 12.3654 0.127397 0.991811 -0.00901869 -0.302443 -0.960789 0.12566 0.247172 39.6241
0.249564 -0.0242729 0.968054 12.8355 0.127146 0.991852 -0.00790862 -0.30613 -0.959975 0.125058 0.250617 39.7446
0.251526 -0.02054 0.967633 13.3046 0.133424 0.990965 -0.013647 -0.309822 -0.95861 0.132538 0.251994 39.8709
0.254889 -0.0155966 0.966845 13.7524 0.135955 0.990516 -0.0198632 -0.312149 -0.957365 0.13651 0.254592 39.9869
0.257333 -0.0133022 0.966231 14.1804 0.130973 0.991158 -0.0212363 -0.314945 -0.957406 0.132015 0.2568 40.1115
0.260852 -0.0157904 0.96525 14.6052 0.127298 0.991698 -0.0181784 -0.321643 -0.956949 0.127616 0.260697 40.2344
0.265788 -0.0208458 0.963806 15.0546 0.133343 0.990951 -0.0153391 -0.330056 -0.954765 0.132594 0.266162 40.3518
0.26813 -0.0207511 0.963159 15.5032 0.137049 0.990422 -0.0168141 -0.338273 -0.953585 0.136508 0.268406 40.4824
0.270668 -0.0160175 0.96254 15.9487 0.13725 0.990289 -0.0221157 -0.34239 -0.952839 0.138095 0.270238 40.6123
0.274466 -0.014282 0.961491 16.38 0.133233 0.99081 -0.023315 -0.350468 -0.952322 0.134501 0.273846 40.7449
0.279512 -0.0153419 0.960019 16.8324 0.136296 0.990381 -0.0238561 -0.355417 -0.950419 0.137515 0.278915 40.865
0.282693 -0.0191552 0.959019 17.2773 0.140249 0.989881 -0.0215699 -0.363531 -0.948902 0.140599 0.282519 40.9973
0.286439 -0.0204395 0.95788 17.7208 0.14742 0.988807 -0.022984 -0.371084 -0.946689 0.147794 0.286246 41.1206
0.289919 -0.020614 0.956829 18.1595 0.151746 0.988111 -0.024691 -0.377811 -0.944945 0.152353 0.2896 41.2501
0.292623 -0.0210268 0.955997 18.6049 0.153016 0.987905 -0.0251083 -0.386548 -0.943906 0.15363 0.292301 41.3874
0.296617 -0.023125 0.954716 19.05 0.155703 0.987501 -0.0244556 -0.395164 -0.942218 0.155906 0.29651 41.5222
0.300345 -0.0244078 0.953518 19.4978 0.158497 0.987052 -0.0246581 -0.402114 -0.94057 0.158535 0.300325 41.6614
0.302845 -0.0230454 0.952761 19.946 0.155785 0.987458 -0.0256331 -0.411003 -0.940221 0.156189 0.302637 41.8123
0.306086 -0.0206097 0.951781 20.3968 0.154103 0.987653 -0.0281721 -0.419175 -0.939448 0.155296 0.305483 41.9604
0.307699 -0.020509 0.951263 20.8442 0.154286 0.987612 -0.0286132 -0.432528 -0.938891 0.155571 0.307052 42.1156
0.310203 -0.0196611 0.950467 21.2909 0.150775 0.988149 -0.0287677 -0.44411 -0.938638 0.15223 0.309492 42.2696
0.312612 -0.0190287 0.94969 21.756 0.149815 0.988274 -0.0295131 -0.45516 -0.937992 0.151504 0.311797 42.4263
0.314213 -0.017552 0.94919 22.2093 0.144213 0.989108 -0.029449 -0.475843 -0.938335 0.146139 0.313322 42.5988
0.31709 -0.0152936 0.948272 22.6663 0.143609 0.989115 -0.0320688 -0.488023 -0.937459 0.146349 0.315835 42.7581
0.32066 -0.011676 0.947123 23.1322 0.144279 0.988858 -0.0366568 -0.495886 -0.936142 0.148404 0.318771 42.9131
0.323405 -0.00982163 0.94621 23.6007 0.143687 0.988861 -0.0388463 -0.516511 -0.935288 0.148521 0.321214 43.0807
0.326278 -0.00603976 0.945254 24.0705 0.137483 0.98965 -0.0411321 -0.532364 -0.935222 0.143377 0.323731 43.2518
0.328507 -0.00480347 0.944489 24.5355 0.131666 0.990456 -0.0407579 -0.548505 -0.935279 0.137746 0.326004 43.4276
0.33125 -0.00480953 0.943531 25.0177 0.132447 0.990323 -0.0414508 -0.572033 -0.934201 0.138699 0.328681 43.6061
0.334546 -0.00413566 0.94237 25.4936 0.132293 0.990294 -0.0426187 -0.594825 -0.933047 0.138927 0.331846 43.7824
0.33932 -0.00272055 0.940667 25.9887 0.129921 0.990548 -0.0440007 -0.611649 -0.931656 0.137143 0.336466 43.9585
0.342991 -0.00398068 0.93933 26.4652 0.128394 0.990804 -0.0426834 -0.629221 -0.930523 0.135244 0.340348 44.1397
0.346947 -0.00364245 0.937878 26.9669 0.127283 0.990924 -0.0432372 -0.653449 -0.929208 0.134377 0.344262 44.3332
0.35194 0.000491234 0.936022 27.4751 0.12458 0.991079 -0.0473616 -0.676045 -0.927695 0.133278 0.348739 44.5314
0.357654 0.00905991 0.93381 27.9686 0.123431 0.990721 -0.0568869 -0.699262 -0.925661 0.135607 0.353218 44.7287
0.364676 0.0136207 0.931035 28.4549 0.122632 0.990481 -0.062524 -0.725925 -0.923024 0.136976 0.359534 44.921
0.371569 0.0172792 0.928245 28.9301 0.118735 0.990732 -0.0659709 -0.755979 -0.920781 0.134728 0.366074 45.1204
0.378564 0.0164041 0.92543 29.4029 0.11623 0.991086 -0.0651138 -0.786314 -0.918248 0.132212 0.373283 45.3196
0.385688 0.0143465 0.922518 29.8674 0.116517 0.991116 -0.064127 -0.817639 -0.915242 0.132222 0.38059 45.5153
0.39287 0.010852 0.91953 30.3322 0.116384 0.991303 -0.0614242 -0.847488 -0.912199 0.13115 0.388191 45.7132
0.399738 0.00694381 0.916603 30.7962 0.113622 0.991884 -0.0570655 -0.873109 -0.90956 0.126957 0.395704 45.9243
0.406618 0.0010323 0.913598 31.2769 0.110201 0.992642 -0.0501692 -0.902114 -0.906928 0.121079 0.403512 46.142
0.414423 -0.00203971 0.910082 31.7707 0.11143 0.992587 -0.0485171 -0.931771 -0.903237 0.121517 0.411578 46.3608
0.422139 -0.00184111 0.906529 32.2979 0.113625 0.992219 -0.050896 -0.963586 -0.899382 0.12449 0.419064 46.5929
0.427885 0.0041148 0.903824 32.7919 0.114047 0.991751 -0.0585067 -0.991213 -0.896609 0.128112 0.423886 46.8235
0.432317 0.00773855 0.901688 33.2386 0.112508 0.991686 -0.0624533 -1.01968 -0.894675 0.128447 0.427852 47.0443
0.43615 0.0107915 0.899809 33.6762 0.111859 0.991523 -0.066111 -1.04852 -0.892894 0.129486 0.431246 47.2724
0.441087 0.0110767 0.897396 34.0964 0.109076 0.99185 -0.0658555 -1.07976 -0.890811 0.126932 0.436284 47.4826
0.445497 0.00677326 0.895258 34.5134 0.11389 0.991419 -0.0641745 -1.1083 -0.88801 0.13055 0.440903 47.6881
0.449264 0.000102887 0.893399 34.9312 0.114749 0.991711 -0.0578181 -1.13506 -0.885999 0.128492 0.445528 47.9012
0.453113 -0.00558893 0.891435 35.3608 0.114769 0.992024 -0.0521172 -1.16035 -0.884034 0.125924 0.450141 48.1154
0.457133 -0.00778605 0.889364 35.8049 0.111992 0.992507 -0.0488746 -1.1845 -0.882319 0.121943 0.45458 48.3424
0.460439 -0.00737104 0.887661 36.2613 0.11031 0.99269 -0.0489758 -1.21242 -0.880811 0.120468 0.457886 48.5798
0.463348 -0.00500549 0.886162 36.7038 0.108719 0.992751 -0.0512385 -1.23782 -0.879482 0.120084 0.460533 48.8079
0.464783 0.000618858 0.885424 37.1268 0.103299 0.993133 -0.0549188 -1.26694 -0.879378 0.116989 0.461528 49.0385
0.466072 0.00536433 0.88473 37.5314 0.100971 0.993126 -0.0592128 -1.29435 -0.878966 0.11693 0.462327 49.2639
0.46934 0.0096192 0.882965 37.9617 0.102674 0.992563 -0.0653897 -1.31927 -0.877028 0.121348 0.464862 49.4806
0.471036 0.0111323 0.882044 38.3865 0.103146 0.992366 -0.0676077 -1.34917 -0.876063 0.122825 0.466292 49.7068
0.472987 0.0118224 0.88099 38.771 0.100898 0.992605 -0.0674903 -1.37443 -0.875273 0.120812 0.468296 49.9126
0.473508 0.00873842 0.880746 39.17 0.101762 0.992712 -0.0645587 -1.40473 -0.874891 0.120196 0.469167 50.1279
0.474796 0.00581033 0.880077 39.563 0.103269 0.992703 -0.0622666 -1.43317 -0.874016 0.120448 0.470731 50.3335
0.475189 0.00412122 0.879874 39.9428 0.105429 0.992518 -0.0615874 -1.45783 -0.873545 0.12203 0.471199 50.5312
0.474531 0.00325078 0.880233 40.3113 0.106897 0.992379 -0.0612926 -1.48147 -0.873724 0.123179 0.470567 50.7238
0.474508 0.00437069 0.88024 40.6774 0.107805 0.992171 -0.0630405 -1.50053 -0.873625 0.124807 0.470322 50.908
0.473125 0.00706083 0.880967 41.0406 0.107244 0.99207 -0.0655471 -1.52833 -0.874443 0.125491 0.468616 51.1012
0.469524 0.0109042 0.882852 41.3716 0.107012 0.991849 -0.0691623 -1.5593 -0.87641 0.126949 0.464531 51.2926
0.468289 0.0109531 0.883508 41.6981 0.109709 0.991465 -0.070441 -1.57899 -0.876738 0.129916 0.46309 51.4582
0.466632 0.0106804 0.884387 42.0166 0.108405 0.991697 -0.0691744 -1.59969 -0.877783 0.128151 0.4616 51.6241
0.464053 0.00801722 0.885771 42.3375 0.108161 0.991964 -0.0656435 -1.62505 -0.879179 0.126268 0.459457 51.7962
0.461293 0.00515173 0.887233 42.6543 0.107387 0.992307 -0.061595 -1.65018 -0.880725 0.123691 0.457191 51.9686
0.459181 0.00334563 0.888336 42.9732 0.110204 0.992054 -0.0607006 -1.67789 -0.881481 0.125771 0.455163 52.1338
0.457855 0.00329817 0.889021 43.2906 0.114692 0.991418 -0.0627455 -1.69835 -0.881598 0.130692 0.453547 52.2895
0.455762 0.00430258 0.890091 43.6037 0.11916 0.990692 -0.0658037 -1.71399 -0.882089 0.136054 0.451007 52.4413
0.454343 0.00636528 0.890804 43.9066 0.118713 0.990623 -0.0676268 -1.73229 -0.882881 0.136476 0.449327 52.5973
0.453198 0.00912747 0.891363 44.2042 0.117646 0.990588 -0.0699587 -1.75449 -0.883612 0.136571 0.447859 52.7504
0.452453 0.0071013 0.89176 44.5004 0.119704 0.990435 -0.0686214 -1.77621 -0.883718 0.137795 0.447275 52.8956
0.452227 0.00499652 0.891889 44.7951 0.12381 0.989951 -0.0683231 -1.79606 -0.883268 0.141322 0.447064 53.0457
0.455224 0.00117053 0.890376 45.0989 0.130391 0.98913 -0.0679654 -1.81324 -0.880778 0.147036 0.450123 53.1816
0.456921 -0.000611489 0.889507 45.4018 0.134448 0.988558 -0.0683835 -1.83196 -0.879288 0.150838 0.451775 53.3357
0.461027 -0.00101188 0.887386 45.7009 0.133475 0.988702 -0.0682176 -1.85486 -0.87729 0.149894 0.455953 53.4866
0.465305 -0.000143788 0.88515 45.9979 0.132392 0.988762 -0.0694353 -1.87781 -0.875193 0.149496 0.460095 53.6524
0.470938 -0.00155902 0.882165 46.2932 0.133174 0.988664 -0.069347 -1.9 -0.872056 0.15014 0.465807 53.8121
0.478 -0.000539502 0.87836 46.5937 0.131487 0.988776 -0.0709475 -1.9169 -0.868463 0.149406 0.472705 53.9804
0.486074 -0.00325822 0.873912 46.9037 0.13323 0.98858 -0.0704173 -1.93745 -0.863703 0.150659 0.480957 54.1517
0.493443 -0.00171679 0.869776 47.2015 0.128255 0.98921 -0.0708094 -1.9638 -0.86027 0.146494 0.488339 54.3372
0.502057 -0.00150383 0.864833 47.5087 0.127052 0.989277 -0.0720366 -1.98666 -0.855451 0.146045 0.496864 54.5203
0.510654 0.00326637 0.85978 47.8187 0.122561 0.989504 -0.0765524 -2.00945 -0.851006 0.144467 0.504894 54.7156
0.518992 0.00627327 0.854756 48.1302 0.119064 0.989694 -0.0795572 -2.03447 -0.846446 0.14306 0.512896 54.9163
0.527825 0.0102859 0.849291 48.4334 0.114144 0.989997 -0.0829294 -2.06156 -0.841648 0.140714 0.521371 55.1205
0.537361 0.0121491 0.843265 48.7455 0.112687 0.989896 -0.0860701 -2.08905 -0.83579 0.141276 0.530562 55.3196
0.546808 0.0134497 0.83715 49.0594 0.110152 0.990024 -0.0878543 -2.11632 -0.829981 0.140253 0.539871 55.5248
0.555687 0.0140064 0.831274 49.3668 0.108969 0.990006 -0.0895241 -2.14648 -0.82422 0.14033 0.548607 55.7377
0.564769 0.016228 0.825089 49.6751 0.104222 0.990399 -0.0908187 -2.17543 -0.818641 0.137284 0.557656 55.9573
0.573936 0.0116722 0.818817 50.0052 0.104149 0.990738 -0.0871246 -2.20884 -0.81225 0.135283 0.567405 56.1942
0.583787 0.00383157 0.811898 50.3537 0.108716 0.990615 -0.082846 -2.24047 -0.804596 0.136631 0.577891 56.4324
0.593803 -0.00109198 0.80461 50.7065 0.111272 0.990502 -0.0807747 -2.27334 -0.796879 0.137495 0.588285 56.6851
0.603193 -0.00432069 0.797584 51.0775 0.111479 0.990626 -0.0789422 -2.30508 -0.789767 0.136531 0.59802 56.9606
0.611118 -0.00875001 0.791491 51.4689 0.118074 0.989759 -0.0802245 -2.33868 -0.782683 0.142481 0.605893 57.259
0.617874 -0.0153943 0.786127 51.8555 0.124206 0.989166 -0.0782526 -2.37022 -0.776405 0.145992 0.613092 57.5615
0.623807 -0.027551 0.781092 52.2952 0.135867 0.987985 -0.0736599 -2.40097 -0.769678 0.152075 0.620055 57.8961
0.630136 -0.0334704 0.775763 52.7492 0.141924 0.987205 -0.0726885 -2.43984 -0.763405 0.155903 0.626823 58.2506
0.637013 -0.0352884 0.770045 53.2176 0.145165 0.98657 -0.0748756 -2.48735 -0.757061 0.15948 0.633581 58.6212
0.644635 -0.0325793 0.763796 53.691 0.150466 0.984956 -0.0849786 -2.52116 -0.749537 0.169705 0.63984 58.9966
0.649751 -0.0292783 0.759583 54.1112 0.153049 0.983833 -0.0929967 -2.55942 -0.74458 0.176678 0.643728 59.368
0.654798 -0.0269699 0.755322 54.5209 0.150729 0.983948 -0.0955357 -2.6073 -0.740621 0.176406 0.648353 59.7199
0.659613 -0.0242129 0.751215 54.9354 0.144262 0.984976 -0.0949234 -2.66211 -0.737631 0.170984 0.653196 60.0846
0.664002 -0.0196736 0.747472 55.3504 0.138286 0.985641 -0.0969011 -2.71718 -0.734832 0.167707 0.657188 60.4543
0.667396 -0.0162821 0.744525 55.7568 0.136341 0.985534 -0.100664 -2.77326 -0.732116 0.168692 0.659962 60.8256
0.671775 -0.0139455 0.740624 56.1519 0.135714 0.985216 -0.104547 -2.82432 -0.728217 0.170746 0.663736 61.1718
0.675267 -0.0112064 0.737488 56.5269 0.133165 0.985305 -0.106958 -2.87965 -0.725452 0.170433 0.666837 61.5145
0.678441 -0.0121355 0.734554 56.8769 0.131572 0.985705 -0.105236 -2.93148 -0.722777 0.168043 0.67034 61.8427
0.682415 -0.0153715 0.730803 57.2506 0.132304 0.985863 -0.102808 -2.98801 -0.718892 0.166846 0.674802 62.1818
0.685533 -0.0174319 0.727833 57.6101 0.131365 0.986267 -0.100109 -3.04201 -0.716092 0.164239 0.678408 62.5201
0.688193 -0.0175306 0.725316 57.9688 0.129751 0.986565 -0.0992649 -3.09668 -0.713832 0.162424 0.681222 62.8684
0.691632 -0.0154273 0.722085 58.3197 0.127567 0.986663 -0.101107 -3.14449 -0.710895 0.162044 0.684376 63.2022
0.694464 -0.0163612 0.719341 58.6634 0.12961 0.986233 -0.102697 -3.1922 -0.707757 0.164553 0.687024 63.5237
0.695721 -0.0172583 0.718104 58.979 0.130026 0.986222 -0.102271 -3.23693 -0.706445 0.164525 0.68838 63.8355
0.697115 -0.01881 0.716712 59.3009 0.131894 0.98596 -0.102411 -3.28286 -0.704723 0.165922 0.689808 64.1467
0.698612 -0.0176146 0.715284 59.6108 0.129859 0.986215 -0.102546 -3.32614 -0.703618 0.164526 0.691269 64.455
0.701203 -0.0197035 0.712689 59.9257 0.132682 0.985762 -0.103291 -3.36867 -0.700506 0.166989 0.693834 64.7449
0.705019 -0.0215445 0.708861 60.2404 0.136849 0.984886 -0.106173 -3.40502 -0.695859 0.171861 0.697311 65.0262
0.707246 -0.0226847 0.706604 60.5288 0.139462 0.984321 -0.107989 -3.45058 -0.693076 0.174919 0.699321 65.3136
0.709425 -0.0233196 0.704395 60.8203 0.140402 0.984096 -0.108825 -3.49613 -0.690655 0.176101 0.701416 65.6109
0.711979 -0.0261669 0.701713 61.1041 0.143524 0.983632 -0.108944 -3.53947 -0.687377 0.178278 0.704081 65.8935
0.714971 -0.0284739 0.698574 61.3987 0.146109 0.983194 -0.109463 -3.5822 -0.683717 0.180331 0.707115 66.1839
0.717863 -0.0298667 0.695543 61.6801 0.147768 0.982851 -0.110307 -3.62569 -0.680321 0.181964 0.709966 66.4667
0.720946 -0.0313754 0.692281 61.9626 0.149152 0.982587 -0.110795 -3.66718 -0.67675 0.183132 0.713072 66.7546
0.723036 -0.0312842 0.690101 62.2411 0.149555 0.982372 -0.112159 -3.70981 -0.674427 0.184303 0.714969 67.0568
0.726553 -0.0311438 0.686404 62.5314 0.150287 0.981987 -0.114522 -3.75512 -0.670473 0.186364 0.718146 67.3583
0.729877 -0.0327941 0.682791 62.8078 0.153358 0.981243 -0.116805 -3.80105 -0.666153 0.189965 0.721216 67.6484
0.73406 -0.030311 0.678407 63.0786 0.151635 0.981096 -0.12024 -3.85111 -0.661938 0.191134 0.72478 67.9364
0.73897 -0.0248379 0.67328 63.3361 0.148173 0.980845 -0.126445 -3.89641 -0.657243 0.193201 0.728495 68.2183
0.744208 -0.0180477 0.667704 63.5807 0.14312 0.980727 -0.13301 -3.94287 -0.652435 0.194549 0.732448 68.4935
0.749059 -0.0114706 0.662404 63.8059 0.13784 0.980668 -0.13889 -3.98706 -0.648006 0.195342 0.736159 68.7618
0.753656 -0.00577744 0.657244 64.0171 0.132649 0.980722 -0.143486 -4.0306 -0.643745 0.195322 0.739893 69.02
0.758135 -0.00396173 0.652086 64.2396 0.127806 0.98149 -0.142629 -4.07698 -0.63945 0.191473 0.744608 69.2889
0.762387 -0.00146415 0.64712 64.447 0.119979 0.98298 -0.139126 -4.1216 -0.635902 0.183709 0.749586 69.5504
0.767212 -0.00110347 0.641393 64.6611 0.11339 0.984481 -0.133939 -4.16602 -0.631291 0.175487 0.755431 69.8166
0.771759 3.54004e-05 0.635916 64.8843 0.106603 0.985842 -0.12943 -4.21327 -0.626917 0.167679 0.760828 70.1032
0.776666 -0.00046365 0.629913 65.1197 0.103429 0.986521 -0.126799 -4.26107 -0.621364 0.163632 0.766245 70.4011
0.782141 0.00281423 0.623095 65.3541 0.0993425 0.986636 -0.129156 -4.3065 -0.615132 0.162918 0.771408 70.6963
0.786306 0.00837985 0.61778 65.5772 0.0937057 0.986723 -0.132652 -4.35404 -0.61069 0.162195 0.775081 71.0049
0.790561 0.0124442 0.612256 65.8012 0.089688 0.98666 -0.135861 -4.40225 -0.60578 0.162319 0.778899 71.3125
0.794741 0.0147314 0.60677 66.0211 0.087184 0.986567 -0.138145 -4.4498 -0.600655 0.16269 0.782781 71.6175
0.799605 0.016444 0.600301 66.249 0.0837413 0.986805 -0.138575 -4.49803 -0.594659 0.161076 0.787677 71.931
0.8041 0.0211529 0.594118 66.4719 0.0760502 0.987496 -0.138088 -4.54946 -0.58961 0.156219 0.792436 72.2529
0.809167 0.0192807 0.587263 66.7074 0.0756104 0.987735 -0.136609 -4.60189 -0.582694 0.154943 0.797785 72.5848
0.814791 0.0166386 0.579517 66.9494 0.0762033 0.987842 -0.135503 -4.65363 -0.574725 0.154567 0.803617 72.9225
0.819871 0.0179564 0.572266 67.1821 0.0736467 0.987897 -0.13651 -4.70839 -0.567792 0.154066 0.808626 73.2719
0.824843 0.0223791 0.564918 67.4152 0.0673698 0.988206 -0.137515 -4.76416 -0.561333 0.151487 0.813607 73.6403
0.830525 0.022737 0.556517 67.6556 0.0662616 0.988037 -0.139254 -4.81867 -0.553026 0.152529 0.819083 74.007
0.835662 0.022931 0.548765 67.8979 0.064634 0.98808 -0.139714 -4.87634 -0.545427 0.152222 0.824219 74.3803
0.838936 0.0218905 0.543789 68.1381 0.0645201 0.988144 -0.139317 -4.9358 -0.540391 0.151964 0.827577 74.765
0.841361 0.0205697 0.540083 68.3804 0.065198 0.988115 -0.139202 -4.99577 -0.536527 0.152331 0.83002 75.1511
0.843032 0.0183855 0.537549 68.6156 0.0672095 0.987982 -0.139195 -5.05616 -0.533648 0.153475 0.831664 75.5369
0.845008 0.0143986 0.53456 68.8607 0.071127 0.987729 -0.139039 -5.11843 -0.530003 0.155511 0.833615 75.9272
0.847168 0.00663383 0.531284 69.1145 0.0786585 0.987338 -0.137755 -5.18115 -0.52547 0.158491 0.835919 76.3234
0.849517 0.000275609 0.527561 69.3701 0.0838079 0.987231 -0.135469 -5.24562 -0.520861 0.159297 0.838646 76.7302
0.851478 -0.00540826 0.524362 69.6325 0.0886096 0.987052 -0.133707 -5.30873 -0.516849 0.160312 0.840932 77.1514
0.853402 -0.00485897 0.521231 69.8841 0.0866241 0.987374 -0.132624 -5.37196 -0.514005 0.158332 0.843048 77.5746
0.855086 -0.00203669 0.518482 70.1401 0.0840104 0.987322 -0.134672 -5.43728 -0.511635 0.158714 0.844417 78.0144
0.857956 0.00280096 0.513716 70.3944 0.0787138 0.98746 -0.136844 -5.49937 -0.507658 0.157842 0.846977 78.4396
0.860071 0.00694005 0.510126 70.6402 0.0730349 0.987934 -0.136577 -5.56343 -0.504919 0.154723 0.849187 78.8696
0.862097 0.00426553 0.506726 70.9026 0.0732218 0.988422 -0.132893 -5.62835 -0.501426 0.15167 0.851803 79.3194
0.864287 0.00380631 0.502985 71.1631 0.0694661 0.989486 -0.126853 -5.69592 -0.498179 0.144577 0.854936 79.7841
0.866458 0.000584751 0.49925 71.4421 0.0687937 0.99032 -0.120553 -5.76431 -0.494488 0.138799 0.858031 80.2803
0.869672 -0.00307394 0.49362 71.7389 0.0705365 0.990493 -0.118105 -5.83244 -0.488564 0.137531 0.861621 80.8007
0.872739 -0.00664566 0.488142 72.042 0.0747323 0.989941 -0.120135 -5.90385 -0.482433 0.141327 0.864457 81.3332
0.875994 -0.0137165 0.482127 72.3537 0.0854392 0.9882 -0.127123 -5.97392 -0.474694 0.152552 0.866829 81.8728
0.878884 -0.0150111 0.4768 72.6403 0.0905225 0.986592 -0.135799 -6.04914 -0.468368 0.162513 0.868459 82.4046
0.882386 -0.0160268 0.470254 72.9128 0.0925953 0.985791 -0.140149 -6.12518 -0.461326 0.167209 0.871332 82.9174
0.886404 -0.0215636 0.46241 73.1788 0.0958764 0.985806 -0.137817 -6.19733 -0.452875 0.166495 0.87589 83.4118
0.890081 -0.0270268 0.455001 73.4503 0.0995505 0.985668 -0.136194 -6.27458 -0.444799 0.166519 0.880014 83.9301
0.8936 -0.0317847 0.447737 73.7204 0.104035 0.984994 -0.13771 -6.35238 -0.436641 0.169638 0.883498 84.4516
0.896748 -0.0320532 0.441379 73.9885 0.106274 0.983785 -0.144474 -6.42948 -0.429591 0.176464 0.885614 84.9779
0.89929 -0.0316586 0.436206 74.235 0.105918 0.983451 -0.146985 -6.5034 -0.424334 0.178384 0.887761 85.4823
0.901066 -0.0336084 0.432378 74.4808 0.106667 0.983541 -0.145841 -6.58804 -0.42036 0.177533 0.88982 86.0026
0.902455 -0.0385394 0.429058 74.7259 0.109652 0.983735 -0.142273 -6.66601 -0.416596 0.175442 0.892002 86.5134
0.903158 -0.0422169 0.427227 74.9793 0.112182 0.983785 -0.139939 -6.74623 -0.414392 0.174314 0.893249 87.0413
0.903443 -0.0464694 0.426183 75.2388 0.115315 0.983811 -0.13718 -6.82538 -0.412909 0.17308 0.894175 87.5782
0.903862 -0.0485412 0.425061 75.5103 0.116628 0.983869 -0.135645 -6.91212 -0.41162 0.172178 0.894944 88.1438
0.904234 -0.0483603 0.42429 75.7779 0.115818 0.9841 -0.13466 -6.99678 -0.411032 0.170905 0.895458 88.7068
0.904313 -0.0466081 0.424317 76.0507 0.11471 0.983992 -0.136389 -7.07838 -0.411168 0.172012 0.895183 89.2767
0.904004 -0.0427327 0.425383 76.3215 0.111425 0.984154 -0.13793 -7.16071 -0.412748 0.172088 0.894441 89.8535
0.903022 -0.0374745 0.427957 76.5733 0.106938 0.984439 -0.139444 -7.24396 -0.416072 0.171685 0.892977 90.4011
0.902691 -0.0354479 0.428826 76.8415 0.104609 0.98478 -0.1388 -7.32392 -0.417379 0.170153 0.892661 90.9406
0.901251 -0.0325923 0.43207 77.1034 0.101697 0.985224 -0.137811 -7.41111 -0.421194 0.168142 0.891248 91.5058
0.899831 -0.0323678 0.435035 77.3603 0.101124 0.985557 -0.135838 -7.49019 -0.424355 0.166223 0.890108 92.0476
0.898685 -0.0341299 0.437264 77.6518 0.101846 0.985955 -0.132361 -7.57595 -0.426605 0.163485 0.88954 92.6332
0.897163 -0.0394652 0.439934 77.9522 0.107236 0.985663 -0.130267 -7.66243 -0.428485 0.164047 0.888532 93.2178
0.895821 -0.0378024 0.442805 78.2506 0.108376 0.984877 -0.135171 -7.74919 -0.430999 0.169078 0.88637 93.8064
0.894389 -0.0295421 0.446314 78.5295 0.104142 0.984148 -0.143552 -7.83162 -0.434998 0.174871 0.883287 94.3596
0.892261 -0.023342 0.450916 78.7869 0.101352 0.983532 -0.14964 -7.91303 -0.439997 0.179219 0.879933 94.8868
0.889803 -0.0212912 0.455848 79.0428 0.0977754 0.984608 -0.144867 -7.99842 -0.445748 0.173474 0.878189 95.4056
0.887814 -0.0214907 0.459701 79.3214 0.0955116 0.985763 -0.138377 -8.08752 -0.450183 0.166759 0.877227 95.9389
0.885757 -0.0222151 0.463617 79.608 0.0946535 0.986509 -0.133568 -8.16852 -0.454396 0.162192 0.87591 96.4898
0.883332 -0.0207584 0.468287 79.9064 0.0938884 0.986609 -0.133367 -8.25639 -0.459248 0.161774 0.873453 97.0711
0.881137 -0.0220122 0.472349 80.217 0.0956067 0.986578 -0.132372 -8.34157 -0.463096 0.161798 0.871415 97.656
0.879163 -0.0257915 0.475822 80.5359 0.1017 0.985683 -0.134481 -8.42521 -0.465542 0.166622 0.8692 98.2273
0.876814 -0.0281401 0.480006 80.8711 0.106368 0.984905 -0.13656 -8.51091 -0.468917 0.170795 0.866571 98.8262
0.874098 -0.0284446 0.484915 81.2065 0.10932 0.984194 -0.139326 -8.60316 -0.473287 0.174796 0.863392 99.4347
0.871871 -0.0290073 0.488876 81.553 0.110462 0.984168 -0.138604 -8.69659 -0.477115 0.174847 0.861272 100.038
0.869441 -0.0269866 0.4933 81.8833 0.108828 0.984442 -0.137954 -8.78544 -0.481902 0.173628 0.858851 100.62
0.866017 -0.0268945 0.499291 82.1938 0.109687 0.984448 -0.137224 -8.87025 -0.487835 0.173604 0.855499 101.166
0.862638 -0.0245858 0.505223 82.4891 0.108732 0.984481 -0.137746 -8.94498 -0.493996 0.173759 0.851925 101.663
0.858969 -0.0184111 0.511696 82.7942 0.105978 0.984106 -0.142494 -9.02681 -0.500939 0.176626 0.847268 102.174
0.854793 -0.0119573 0.518831 83.0976 0.102604 0.983895 -0.146369 -9.10698 -0.508725 0.17835 0.842253 102.691
0.850576 -0.0106841 0.525743 83.4046 0.103864 0.983511 -0.14805 -9.18825 -0.515492 0.180534 0.837661 103.181
0.84601 -0.0135155 0.532996 83.707 0.103336 0.984879 -0.139048 -9.26491 -0.523058 0.172714 0.834614 103.667
0.841417 -0.0138055 0.54021 84.0342 0.0981696 0.986944 -0.127684 -9.34716 -0.531394 0.160468 0.831787 104.184
0.836607 -0.0176372 0.547519 84.4238 0.0999719 0.987612 -0.120943 -9.43523 -0.538604 0.155918 0.828007 104.771
0.832429 -0.0159307 0.553903 84.8147 0.0971708 0.988295 -0.117608 -9.51236 -0.545546 0.151724 0.824233 105.341
0.826821 -0.0152146 0.56226 85.2038 0.0991955 0.98791 -0.119138 -9.58956 -0.55365 0.154279 0.818334 105.913
0.822385 -0.018371 0.568635 85.6004 0.106533 0.986772 -0.122193 -9.66972 -0.558869 0.161068 0.813463 106.463
0.818227 -0.0162122 0.574667 86.0028 0.112235 0.984873 -0.132018 -9.75248 -0.563834 0.172519 0.807669 106.998
0.812958 -0.016005 0.582102 86.3754 0.115662 0.984144 -0.134473 -9.83188 -0.57072 0.176648 0.801919 107.514
0.807726 -0.0202034 0.589212 86.7419 0.119628 0.984239 -0.130244 -9.90472 -0.577294 0.175687 0.797412 108.012
0.802374 -0.0263312 0.596241 87.1152 0.124919 0.984307 -0.124638 -9.98055 -0.583602 0.174488 0.793072 108.501
0.797809 -0.0273921 0.602287 87.4917 0.126793 0.98425 -0.12319 -10.0531 -0.589427 0.174648 0.788717 108.989
0.792915 -0.0253254 0.608806 87.8624 0.126067 0.984336 -0.123244 -10.1224 -0.596149 0.174472 0.783688 109.472
0.787804 -0.0276266 0.615307 88.2322 0.130049 0.983932 -0.122329 -10.1952 -0.602041 0.176391 0.778738 109.953
0.784155 -0.0348456 0.619586 88.605 0.13718 0.983456 -0.118307 -10.2579 -0.605213 0.177766 0.775962 110.404
0.780305 -0.0359358 0.624365 88.99 0.136732 0.983998 -0.114248 -10.3342 -0.610269 0.174519 0.772732 110.892
0.777141 -0.0345847 0.628376 89.3656 0.133576 0.984803 -0.110998 -10.4058 -0.614987 0.170197 0.76995 111.363
0.773813 -0.0321287 0.632598 89.7612 0.132511 0.984825 -0.112074 -10.4808 -0.619398 0.170551 0.766328 111.847
0.771768 -0.0318403 0.635107 90.148 0.135166 0.984137 -0.114912 -10.5523 -0.621373 0.17453 0.763829 112.295
0.76896 -0.0254764 0.638789 90.5316 0.132896 0.983748 -0.120743 -10.6246 -0.625331 0.177739 0.759849 112.774
0.766752 -0.0236411 0.641508 90.8907 0.131947 0.983788 -0.121453 -10.6924 -0.628237 0.17777 0.757441 113.201
0.765349 -0.0276289 0.643022 91.2473 0.132698 0.984387 -0.115646 -10.7562 -0.629787 0.173838 0.757066 113.614
0.763976 -0.0357651 0.644252 91.608 0.13661 0.984794 -0.107327 -10.8231 -0.630617 0.170006 0.757245 114.026
0.761815 -0.0414935 0.646464 91.987 0.141218 0.984583 -0.10322 -10.8868 -0.632215 0.169927 0.75593 114.463
0.760053 -0.044818 0.648314 92.3619 0.147297 0.983536 -0.104692 -10.9403 -0.632948 0.175066 0.754141 114.884
0.758411 -0.0444111 0.650262 92.726 0.150372 0.982683 -0.108266 -10.9957 -0.634193 0.179891 0.751956 115.298
