1 0 0 0 0 1 0 0 0 0 1 0
0.999999 -0.0011807 -0.000387794 -0.00393444 0.0011813 0.999998 0.0015518 -0.0154416 0.000385962 -0.00155226 0.999999 1.0284
1 -0.000392433 -0.000161017 -0.0212886 0.00039267 0.999999 0.00147102 -0.0335714 0.000160439 -0.00147108 0.999999 2.13
0.999999 -0.0014073 -2.77123e-05 -0.0286894 0.00140732 0.999999 0.000547697 -0.0522246 2.69415e-05 -0.000547735 1 3.20604
0.999992 -0.00399015 -0.000984618 -0.0210287 0.00399055 0.999992 0.000405207 -0.0670202 0.000982993 -0.000409133 0.999999 4.31127
0.999981 -0.0059608 -0.0014271 -0.0192897 0.00596248 0.999982 0.00117367 -0.0801964 0.00142008 -0.00118215 0.999998 5.37606
0.999971 -0.00746407 -0.00163235 -0.0219041 0.00746781 0.999969 0.00229448 -0.0941908 0.00161518 -0.0023066 0.999996 6.30372
0.999981 -0.00602655 -0.000891078 -0.0397039 0.00602917 0.999977 0.00296706 -0.112369 0.000873177 -0.00297237 0.999995 7.35135
0.999991 -0.00428763 -0.000758014 -0.0523066 0.00428858 0.99999 0.00125221 -0.129075 0.000752638 -0.00125545 0.999999 8.39894
0.999996 -0.00246436 -0.00120275 -0.0599318 0.00246276 0.999996 -0.0013299 -0.142887 0.00120602 0.00132694 0.999998 9.47535
1 0.000174529 -0.00072347 -0.0749658 -0.000176042 0.999998 -0.00209231 -0.163778 0.000723103 0.00209244 0.999998 10.4665
0.999996 0.00297156 -0.000385705 -0.0866071 -0.00297236 0.999993 -0.00208942 -0.183338 0.000379494 0.00209056 0.999998 11.4125
0.999992 0.00388016 0.000465277 -0.0997144 -0.00387937 0.999991 -0.0016872 -0.195762 -0.000471819 0.00168538 0.999998 12.3965
0.999999 0.000916852 0.000630033 -0.0999703 -0.000917416 0.999999 0.000894385 -0.211054 -0.000629213 -0.000894963 0.999999 13.4186
0.999997 -0.00200548 0.00134124 -0.106852 0.00200213 0.999995 0.00249897 -0.224969 -0.00134624 -0.00249628 0.999996 14.3815
0.999989 -0.00460038 0.000973414 -0.108629 0.00460048 0.999989 -0.000101906 -0.236865 -0.000972935 0.000106383 1 15.3451
0.99998 -0.00621293 0.000967316 -0.110307 0.0062151 0.999978 -0.00225351 -0.251618 -0.000953294 0.00225948 0.999997 16.3199
0.99998 -0.00627665 0.000684661 -0.111093 0.0062794 0.999972 -0.00408853 -0.2659 -0.000658979 0.00409274 0.999991 17.3201
0.999992 -0.00380589 0.00115376 -0.116937 0.00380833 0.999991 -0.00211532 -0.282659 -0.0011457 0.0021197 0.999997 18.273
0.999997 -0.00153791 0.00192655 -0.124364 0.00153526 0.999998 0.00137806 -0.298174 -0.00192866 -0.0013751 0.999997 19.2599
0.999994 -0.00249319 0.00247822 -0.124255 0.00248431 0.999991 0.00357819 -0.318644 -0.00248711 -0.00357201 0.999991 20.3514
0.999982 -0.00557396 0.00240668 -0.123689 0.0055694 0.999983 0.00189694 -0.334768 -0.00241721 -0.00188351 0.999995 21.3985
0.999979 -0.00609242 0.00238644 -0.12287 0.00609321 0.999981 -0.000324277 -0.349918 -0.00238442 0.000338811 0.999997 22.3858
0.999986 -0.0044959 0.00289382 -0.123026 0.00450579 0.999984 -0.0034216 -0.361197 -0.00287839 0.00343459 0.99999 23.3623
0.999986 -0.00507878 0.00136258 -0.10521 0.00508412 0.999979 -0.00394991 -0.384885 -0.00134249 0.00395679 0.999991 24.3512
0.999988 -0.00478091 0.00125607 -0.103489 0.00478843 0.99997 -0.00605175 -0.406196 -0.0012271 0.00605769 0.999981 25.257
0.999995 -0.00276174 0.00135358 -0.108686 0.0027693 0.99998 -0.0056179 -0.427457 -0.00133804 0.00562162 0.999983 26.1587
0.999995 -0.00294806 0.00137449 -0.116416 0.00295433 0.999985 -0.00457885 -0.444323 -0.00136097 0.00458288 0.999989 27.109
0.999997 -0.00161314 0.00189463 -0.130531 0.00161969 0.999993 -0.00346129 -0.45862 -0.00188903 0.00346435 0.999992 28.0728
0.999995 0.00237995 0.00215676 -0.14504 -0.00237243 0.999991 -0.00348304 -0.475202 -0.00216503 0.00347791 0.999992 29.0568
0.999996 0.00214077 0.00174949 -0.143408 -0.00213393 0.99999 -0.00390454 -0.493912 -0.00175783 0.00390079 0.999991 30.0646
0.999981 0.00605924 0.00142574 -0.153333 -0.00605435 0.999976 -0.00341345 -0.51357 -0.00144638 0.00340476 0.999993 31.0749
0.99999 0.00443047 -4.9706e-05 -0.144025 -0.00443063 0.999983 -0.00372177 -0.533144 3.32159e-05 0.00372195 0.999993 32.1455
0.999995 0.00294773 -0.00111652 -0.136382 -0.00295208 0.999988 -0.00391163 -0.553612 0.00110498 0.00391491 0.999992 33.1638
0.999996 0.00196213 -0.00213583 -0.138352 -0.00197175 0.999988 -0.00451003 -0.574039 0.00212696 0.00451423 0.999988 34.1564
0.999995 0.000874778 -0.0031067 -0.154022 -0.000889083 0.999989 -0.00460634 -0.591621 0.00310264 0.00460908 0.999985 35.238
0.999988 0.0028372 -0.00410767 -0.161307 -0.00285265 0.999989 -0.00376182 -0.612818 0.00409695 0.00377349 0.999984 36.2711
0.999979 0.00278023 -0.00582906 -0.17058 -0.00280747 0.999985 -0.00467048 -0.627934 0.00581599 0.00468674 0.999972 37.3853
0.999962 0.00270889 -0.00828098 -0.17028 -0.00274831 0.999985 -0.00475323 -0.646275 0.00826797 0.00477581 0.999954 38.4434
0.999947 0.00113627 -0.0102649 -0.178898 -0.00117605 0.999992 -0.00387046 -0.666332 0.0102604 0.00388232 0.99994 39.4496
0.999939 0.000684194 -0.0110274 -0.195143 -0.000722334 0.999994 -0.00345498 -0.68484 0.011025 0.00346274 0.999933 40.5706
0.99993 -0.00109355 -0.0117571 -0.215301 0.00105302 0.999993 -0.00345263 -0.709097 0.0117608 0.00344001 0.999925 41.7475
0.999932 -0.00177817 -0.0114878 -0.236656 0.00172734 0.999989 -0.00443329 -0.726782 0.0114956 0.00441315 0.999924 42.7894
0.999933 -0.00279442 -0.0112206 -0.256283 0.00274552 0.999987 -0.00437126 -0.749054 0.0112327 0.00434016 0.999927 43.9207
0.999921 -0.00514039 -0.0115096 -0.262167 0.00510011 0.999981 -0.00352611 -0.776586 0.0115275 0.00346713 0.999928 44.9845
0.999904 -0.00709136 -0.0118847 -0.271582 0.00706065 0.999972 -0.00262393 -0.800617 0.0119029 0.00253977 0.999926 46.0368
0.999862 -0.0121095 -0.0113866 -0.28815 0.0120753 0.999922 -0.00306732 -0.822647 0.0114229 0.0029294 0.99993 47.116
0.999878 -0.0117052 -0.0103001 -0.310108 0.0116663 0.999925 -0.00382624 -0.848554 0.0103441 0.00370561 0.99994 48.1196
0.99992 -0.00886178 -0.0090618 -0.341638 0.00882306 0.999952 -0.00430402 -0.86888 0.00909951 0.00422372 0.99995 49.2384
0.999923 -0.00952158 -0.00793502 -0.373116 0.00948456 0.999944 -0.00469019 -0.888605 0.00797923 0.00461457 0.999958 50.2372
0.999947 -0.00655743 -0.00794226 -0.384103 0.00653211 0.999974 -0.00320956 -0.919381 0.0079631 0.00315751 0.999963 51.304
0.999963 -0.00382836 -0.00769411 -0.393109 0.00381377 0.999991 -0.00190974 -0.94038 0.00770135 0.00188033 0.999969 52.3034
0.999967 -0.00218952 -0.0078395 -0.402252 0.00217985 0.999997 -0.00124158 -0.966433 0.00784219 0.00122445 0.999968 53.2728
0.999971 0.000707353 -0.0076056 -0.427451 -0.000718372 0.999999 -0.00144611 -0.991731 0.00760457 0.00145153 0.99997 54.4357
0.999967 0.00517011 -0.00633601 -0.456271 -0.00518385 0.999984 -0.00215375 -1.01594 0.00632478 0.00218652 0.999978 55.7037
0.999963 0.00617729 -0.00599642 -0.464225 -0.00619256 0.999978 -0.00253149 -1.03975 0.00598065 0.00256853 0.999979 56.7777
0.999971 0.00493039 -0.00573363 -0.480543 -0.00494231 0.999986 -0.00206717 -1.06488 0.00572335 0.00209545 0.999981 57.8958
0.999975 0.0039077 -0.00589293 -0.491426 -0.00392311 0.999989 -0.00260584 -1.08905 0.00588268 0.00262889 0.999979 59.1942
0.999975 0.00289675 -0.00640842 -0.498944 -0.00291882 0.99999 -0.00343797 -1.12759 0.0063984 0.00345659 0.999974 60.8573
0.999974 0.00247475 -0.00672079 -0.516933 -0.00249834 0.999991 -0.00350402 -1.15614 0.00671205 0.00352072 0.999971 62.0107
0.999962 -0.000902478 -0.00868742 -0.513034 0.000873596 0.999994 -0.00332781 -1.18241 0.00869037 0.00332009 0.999957 62.9835
0.99996 -0.000275935 -0.0089881 -0.525579 0.000237507 0.999991 -0.00427623 -1.20349 0.0089892 0.00427392 0.99995 64.1444
0.999932 -0.00141925 -0.0115861 -0.513547 0.00137488 0.999992 -0.00383667 -1.23764 0.0115914 0.00382048 0.999926 65.2938
0.999909 -0.0024329 -0.0132627 -0.527274 0.0023812 0.99999 -0.00391258 -1.2449 0.0132721 0.00388065 0.999904 66.4155
0.999864 -0.00544886 -0.0155433 -0.534425 0.00540561 0.999981 -0.00282289 -1.27791 0.0155583 0.00273848 0.999875 67.4949
0.999839 -0.00625615 -0.016823 -0.561126 0.00621825 0.999978 -0.00230444 -1.30568 0.016837 0.00219946 0.999856 68.5165
0.999803 -0.00861547 -0.0178565 -0.581256 0.00857532 0.999961 -0.00232395 -1.32563 0.0178758 0.00217036 0.999838 69.5933
0.999771 -0.0100712 -0.0188786 -0.606812 0.0100167 0.999945 -0.00297868 -1.35254 0.0189076 0.0027889 0.999817 70.6709
0.99975 -0.0113053 -0.0192702 -0.633162 0.011241 0.999931 -0.00344388 -1.3792 0.0193078 0.0032264 0.999808 71.807
0.999713 -0.0125576 -0.0204261 -0.649695 0.012476 0.999914 -0.00411572 -1.40098 0.020476 0.0038597 0.999783 72.7836
0.999696 -0.0122605 -0.0213944 -0.669033 0.0121616 0.999915 -0.00474646 -1.42418 0.0214507 0.00448483 0.99976 73.7951
0.99974 -0.00990896 -0.0205328 -0.716838 0.00979467 0.999936 -0.00565936 -1.44796 0.0205876 0.00545677 0.999773 74.8577
0.999713 -0.0105521 -0.0214891 -0.735669 0.0104374 0.999931 -0.00544131 -1.4714 0.021545 0.00521546 0.999754 75.9196
0.99974 -0.00991526 -0.020526 -0.775932 0.00984262 0.999945 -0.00363662 -1.50402 0.0205609 0.00343364 0.999783 77.0027
0.999705 -0.0114586 -0.0214008 -0.794525 0.011408 0.999932 -0.00248148 -1.52738 0.0214278 0.0022366 0.999768 78.0247
0.999622 -0.0158811 -0.0224254 -0.805461 0.0157981 0.999868 -0.00387184 -1.55311 0.022484 0.0035161 0.999741 79.049
0.999619 -0.0166618 -0.0219996 -0.836531 0.0165329 0.999845 -0.00602692 -1.57954 0.0220966 0.0056609 0.99974 80.0682
0.999585 -0.0183222 -0.0222227 -0.860474 0.0181524 0.999805 -0.00782035 -1.59836 0.0223617 0.00741371 0.999722 81.0533
0.999564 -0.0203522 -0.0213745 -0.894728 0.0202107 0.999773 -0.00681455 -1.62137 0.0215084 0.00637959 0.999748 82.0191
0.999501 -0.0235112 -0.0211021 -0.919744 0.0234073 0.999713 -0.00515544 -1.64343 0.0212173 0.00465892 0.999764 82.9892
0.999465 -0.0252318 -0.0207864 -0.93961 0.0251328 0.999672 -0.00501152 -1.66268 0.020906 0.00448642 0.999771 83.9481
0.999382 -0.0286108 -0.0204034 -0.959311 0.0284901 0.999575 -0.00617972 -1.68821 0.0205716 0.0055946 0.999773 84.9096
0.999492 -0.0255364 -0.0190565 -0.994782 0.0253719 0.999639 -0.00882623 -1.71125 0.019275 0.00833825 0.999779 85.8641
0.999485 -0.025792 -0.0190909 -1.00745 0.0255877 0.999614 -0.0108673 -1.73995 0.0193638 0.0103732 0.999759 86.8374
0.999576 -0.0227757 -0.0181376 -1.03035 0.0225803 0.999686 -0.0109075 -1.76275 0.0183803 0.0104933 0.999776 87.7811
0.999623 -0.0211905 -0.0174412 -1.04854 0.0210286 0.999735 -0.00941404 -1.78258 0.0176361 0.00904373 0.999804 88.7598
0.999661 -0.0200616 -0.0165766 -1.0676 0.0199397 0.999773 -0.00748752 -1.80638 0.0167231 0.00715445 0.999835 89.681
0.999653 -0.0209075 -0.0160046 -1.08362 0.0208004 0.99976 -0.00682716 -1.83208 0.0161435 0.00649189 0.999849 90.5982
0.999665 -0.0211699 -0.0149218 -1.10486 0.0210642 0.999752 -0.00720832 -1.86066 0.0150707 0.00689159 0.999863 91.6344
0.99972 -0.019301 -0.013721 -1.12465 0.0191921 0.999784 -0.00802775 -1.88255 0.013873 0.00776217 0.999874 92.6207
0.999782 -0.0165431 -0.0127352 -1.14885 0.0164355 0.999829 -0.00851104 -1.90506 0.0128738 0.00829987 0.999883 93.5566
0.999796 -0.0165731 -0.0115758 -1.16415 0.0164604 0.999817 -0.00976417 -1.92999 0.0117355 0.00957163 0.999885 94.4803
0.999828 -0.0152456 -0.010596 -1.17854 0.0151342 0.99983 -0.0105152 -1.95831 0.0107545 0.0103531 0.999889 95.4246
0.999849 -0.0147773 -0.00911152 -1.19583 0.0146788 0.999834 -0.0107867 -1.9816 0.00926941 0.0106513 0.9999 96.3413
0.99984 -0.0156344 -0.00867856 -1.20909 0.0155501 0.999832 -0.00969926 -2.00839 0.00882875 0.00956276 0.999915 97.3352
0.999859 -0.0150635 -0.00748077 -1.2331 0.0149977 0.999849 -0.00878655 -2.03851 0.007612 0.00867311 0.999933 98.2898
0.99981 -0.0180656 -0.00736053 -1.24009 0.0180044 0.999803 -0.00830225 -2.0713 0.00750907 0.00816815 0.999938 99.2632
0.99977 -0.0199573 -0.00790824 -1.24765 0.0198924 0.999768 -0.00820449 -2.10006 0.00807015 0.00804528 0.999935 100.305
0.99969 -0.023223 -0.00902783 -1.24534 0.0231574 0.999705 -0.00730087 -2.13052 0.00919472 0.00708954 0.999933 101.259
0.999636 -0.0250481 -0.0100368 -1.25574 0.0249695 0.999657 -0.00788355 -2.15743 0.0102308 0.00763007 0.999919 102.271
0.999623 -0.0254016 -0.0104263 -1.28208 0.0253186 0.999647 -0.00801882 -2.183 0.0106263 0.00775182 0.999913 103.31
0.999566 -0.0270115 -0.0117848 -1.29652 0.0269315 0.999614 -0.00689062 -2.21282 0.0119664 0.00657025 0.999907 104.355
0.99949 -0.028889 -0.013641 -1.30814 0.0287953 0.999561 -0.00701409 -2.23943 0.0138377 0.00661772 0.999882 105.456
0.999433 -0.0298352 -0.0155793 -1.32549 0.0297211 0.99953 -0.00750302 -2.26373 0.0157958 0.00703573 0.99985 106.523
0.999284 -0.0335642 -0.0174514 -1.33791 0.033428 0.999409 -0.00803551 -2.29678 0.0177108 0.0074464 0.999815 107.553
0.999298 -0.0330639 -0.0176231 -1.37431 0.0329186 0.999422 -0.00847236 -2.32364 0.017893 0.00788628 0.999809 108.584
0.999118 -0.0373435 -0.0191824 -1.38749 0.0371334 0.999248 -0.0111944 -2.34791 0.019586 0.0104722 0.999753 109.556
0.998998 -0.0403887 -0.0192711 -1.42278 0.040175 0.999128 -0.0113526 -2.38173 0.0197128 0.010567 0.99975 110.514
0.998659 -0.0475007 -0.0206126 -1.43473 0.04732 0.998838 -0.00916941 -2.40784 0.0210242 0.00818172 0.999745 111.481
0.998416 -0.0518589 -0.02182 -1.45652 0.0516947 0.998631 -0.00802302 -2.42974 0.0222061 0.00688234 0.99973 112.457
0.998221 -0.0554589 -0.0218959 -1.48743 0.0552156 0.998408 -0.0115621 -2.45309 0.0225022 0.0103325 0.999693 113.412
0.998242 -0.0552338 -0.0214819 -1.51161 0.0549291 0.998385 -0.0145236 -2.48361 0.0222494 0.0133181 0.999664 114.355
0.998198 -0.0559893 -0.0215885 -1.52158 0.0556246 0.998305 -0.01714 -2.51186 0.0225116 0.0159083 0.99962 115.313
0.998083 -0.0581985 -0.0210413 -1.54056 0.0578398 0.998176 -0.0172719 -2.5418 0.0220082 0.0160217 0.999629 116.226
0.99785 -0.0622751 -0.0204232 -1.55927 0.0620037 0.997982 -0.0136626 -2.57191 0.0212328 0.012367 0.999698 117.119
0.997419 -0.0687527 -0.0207148 -1.57153 0.0685314 0.997586 -0.0112069 -2.59881 0.0214353 0.00975833 0.999723 118.069
0.997114 -0.0728965 -0.0211992 -1.5846 0.0726902 0.997301 -0.0103476 -2.62494 0.0218963 0.00877678 0.999722 119.079
0.997024 -0.0739991 -0.0216318 -1.60154 0.0737843 0.997218 -0.010569 -2.65102 0.0223537 0.00894145 0.99971 119.995
0.997103 -0.0733073 -0.0202887 -1.63645 0.073116 0.997273 -0.0100157 -2.68234 0.0209676 0.00850322 0.999744 121.177
0.997403 -0.069554 -0.0186922 -1.67176 0.0693544 0.99753 -0.0111225 -2.71304 0.0194196 0.00979725 0.999763 122.3
0.997557 -0.0673618 -0.0184948 -1.69241 0.0671195 0.997655 -0.0134246 -2.74285 0.0193557 0.0121505 0.999739 123.313
0.997578 -0.066666 -0.0198436 -1.6926 0.0663928 0.997694 -0.0141229 -2.77708 0.0207394 0.0127712 0.999703 124.457
0.997739 -0.064442 -0.0191057 -1.72699 0.0641959 0.99785 -0.0132274 -2.80578 0.0199171 0.011971 0.99973 125.512
0.997987 -0.0608519 -0.017858 -1.76749 0.0606175 0.998071 -0.0133877 -2.83909 0.0186382 0.0122782 0.999751 126.495
0.998004 -0.0599882 -0.0197206 -1.77856 0.0596784 0.99809 -0.015943 -2.87281 0.0206393 0.0147343 0.999678 127.48
0.998082 -0.0582023 -0.0210949 -1.80419 0.0577974 0.998141 -0.0193206 -2.9039 0.0221802 0.0180643 0.999591 128.641
0.99815 -0.0561804 -0.0232379 -1.80727 0.0556931 0.998225 -0.0211126 -2.94626 0.0243828 0.0197794 0.999507 129.68
0.998354 -0.0522183 -0.0237072 -1.83437 0.0517534 0.998463 -0.0198176 -2.98968 0.0247056 0.0185581 0.999523 130.757
0.998448 -0.0505796 -0.0233085 -1.87056 0.0501702 0.998582 -0.0178277 -3.03552 0.0241772 0.0166306 0.999569 131.971
0.998481 -0.0499838 -0.0231637 -1.89845 0.049637 0.99865 -0.0153131 -3.07678 0.0238979 0.0141401 0.999614 133.062
0.998275 -0.0533789 -0.024439 -1.9264 0.0530449 0.998492 -0.0141165 -3.1275 0.0251557 0.0127958 0.999602 134.45
0.998067 -0.0562174 -0.0264978 -1.95588 0.0558498 0.998335 -0.0144148 -3.15851 0.0272641 0.0129071 0.999545 135.553
0.99793 -0.0573954 -0.029009 -1.9816 0.0568665 0.998206 -0.0187398 -3.19695 0.0300325 0.0170514 0.999403 136.733
0.997919 -0.0569886 -0.0301592 -2.02038 0.0563035 0.998146 -0.0230995 -3.23557 0.0314197 0.0213534 0.999278 137.853
0.99806 -0.0537932 -0.0313488 -2.05235 0.0530542 0.998304 -0.0239457 -3.26819 0.0325837 0.022236 0.999222 138.799
0.998097 -0.0522656 -0.0327075 -2.0764 0.0515268 0.998406 -0.0230385 -3.3078 0.0338595 0.0213094 0.999199 139.897
0.998042 -0.052871 -0.0334268 -2.10954 0.0522271 0.998438 -0.0198494 -3.34665 0.0344241 0.0180647 0.999244 141.059
0.997985 -0.0537446 -0.0337283 -2.13739 0.0531657 0.998426 -0.0178329 -3.38114 0.0346336 0.0160038 0.999272 142.096
0.997803 -0.0564345 -0.0346953 -2.17123 0.0558696 0.998293 -0.0170427 -3.42253 0.0355979 0.0150668 0.999253 143.271
0.997536 -0.0600747 -0.0362336 -2.19346 0.0595173 0.998095 -0.0162704 -3.46851 0.037142 0.0140738 0.999211 144.44
0.997395 -0.0627877 -0.0355087 -2.25705 0.0622587 0.997935 -0.0158129 -3.51009 0.0364282 0.013561 0.999244 145.86
0.997248 -0.065116 -0.0354409 -2.30198 0.0646013 0.997791 -0.0154801 -3.55355 0.0363706 0.0131479 0.999252 147.081
0.997061 -0.0681348 -0.0350405 -2.36379 0.0676721 0.997606 -0.0142254 -3.60498 0.0359258 0.0118123 0.999285 148.613
0.996902 -0.070932 -0.0339718 -2.41931 0.0705509 0.997432 -0.0122897 -3.65312 0.0347563 0.00985484 0.999347 150.025
0.996961 -0.0709247 -0.0322254 -2.4937 0.0705285 0.997421 -0.0132702 -3.68325 0.0330835 0.0109571 0.999393 151.472
0.997276 -0.0667103 -0.0314751 -2.54397 0.0661779 0.997651 -0.0176641 -3.72135 0.0325796 0.015533 0.999348 152.624
0.997779 -0.0593166 -0.0303137 -2.59817 0.0586515 0.998028 -0.0223778 -3.76004 0.0315813 0.0205502 0.99929 153.616
0.99834 -0.0499179 -0.0287357 -2.64632 0.0492825 0.998533 -0.0224133 -3.79739 0.0298124 0.0209599 0.999336 154.666
0.998623 -0.0440803 -0.0284494 -2.68209 0.0435504 0.998871 -0.0189837 -3.83045 0.0292541 0.0177186 0.999415 155.669
0.998566 -0.0453886 -0.028394 -2.71511 0.044927 0.998851 -0.0166885 -3.86594 0.0291188 0.0153889 0.999457 156.672
0.998478 -0.0468496 -0.0290952 -2.74776 0.0463823 0.998787 -0.0165321 -3.89613 0.0298344 0.0151574 0.99944 157.714
0.998328 -0.0492475 -0.0302802 -2.7786 0.0487526 0.998668 -0.0168713 -3.92733 0.0310707 0.0153668 0.999399 158.73
0.998247 -0.0503619 -0.0311012 -2.81555 0.0498303 0.998602 -0.0176396 -3.96342 0.0319461 0.0160589 0.999361 159.818
0.99817 -0.0513334 -0.0319509 -2.85038 0.0507704 0.998545 -0.0181905 -4.00156 0.0328382 0.0165351 0.999324 160.942
0.9981 -0.0518069 -0.0333496 -2.87561 0.0512234 0.998523 -0.0181218 -4.03933 0.0342391 0.0163791 0.999279 162.043
0.998096 -0.0512584 -0.0343056 -2.90721 0.0506819 0.998562 -0.0174667 -4.07549 0.0351516 0.0156948 0.999259 163.1
0.997958 -0.0528082 -0.0359338 -2.93613 0.0521798 0.998472 -0.0182064 -4.1152 0.0368404 0.0162942 0.999188 164.234
0.99792 -0.0533563 -0.0361769 -2.98016 0.0526865 0.998426 -0.0192235 -4.15429 0.0371457 0.0172775 0.99916 165.302
0.997884 -0.0537249 -0.0366351 -3.02509 0.0530329 0.9984 -0.019607 -4.19309 0.0376298 0.0176227 0.999136 166.362
0.997867 -0.0536574 -0.0371915 -3.06998 0.0529374 0.998396 -0.0200823 -4.22959 0.0382094 0.0180706 0.999106 167.452
0.998014 -0.0513118 -0.0365385 -3.13075 0.0505785 0.998505 -0.0207206 -4.26683 0.0375471 0.0188314 0.999117 168.556
0.997805 -0.0541849 -0.038077 -3.16484 0.0534092 0.99835 -0.0211021 -4.30574 0.0391576 0.0190221 0.999052 169.657
0.997862 -0.0526112 -0.0387733 -3.21779 0.0518112 0.998429 -0.0213571 -4.35093 0.039836 0.0193026 0.99902 170.84
0.997835 -0.0528611 -0.0391393 -3.282 0.0520384 0.998408 -0.0217491 -4.39534 0.0402267 0.0196652 0.998997 172.14
0.997849 -0.0523387 -0.0394754 -3.33048 0.0514982 0.99843 -0.0220183 -4.43672 0.0405659 0.019938 0.998978 173.301
0.997729 -0.0540425 -0.0402027 -3.37279 0.0531842 0.99834 -0.0221215 -4.48183 0.0413315 0.0199331 0.998947 174.448
0.997669 -0.055139 -0.0402121 -3.42493 0.0542594 0.99827 -0.0226493 -4.5216 0.0413914 0.0204146 0.998934 175.59
0.997695 -0.0551514 -0.0395229 -3.48566 0.0542932 0.998272 -0.0224691 -4.56423 0.0406938 0.0202715 0.998966 176.711
0.997675 -0.0558122 -0.0391158 -3.53987 0.0550042 0.998256 -0.0214383 -4.61376 0.0402441 0.0192369 0.999005 177.889
0.997661 -0.0558467 -0.0394281 -3.58251 0.0550365 0.998256 -0.021342 -4.6581 0.0405512 0.0191221 0.998994 179.074
0.997621 -0.0562176 -0.0398999 -3.62967 0.0553858 0.99823 -0.0216551 -4.70529 0.0410467 0.0193937 0.998969 180.256
0.997666 -0.0555895 -0.0396566 -3.68106 0.0547221 0.998245 -0.0226342 -4.74634 0.0408452 0.0204112 0.998957 181.362
0.99772 -0.054704 -0.0395301 -3.72996 0.053855 0.998301 -0.0222329 -4.78712 0.0406792 0.0200533 0.998971 182.507
0.99772 -0.0549291 -0.0392205 -3.77702 0.0541753 0.99833 -0.0200314 -4.82981 0.0402553 0.017861 0.99903 183.576
0.997456 -0.0586461 -0.0405267 -3.80166 0.0578843 0.998128 -0.0197232 -4.87077 0.0416076 0.0173272 0.998984 184.721
0.997395 -0.0593386 -0.0410091 -3.8373 0.0585201 0.998068 -0.0208809 -4.91896 0.0421689 0.0184267 0.998941 185.806
0.997293 -0.0609471 -0.041135 -3.88497 0.0600714 0.997947 -0.0222003 -4.96583 0.0424036 0.0196692 0.998907 186.989
0.997182 -0.0622723 -0.0418394 -3.92776 0.0614168 0.997882 -0.0214308 -5.01489 0.0430853 0.0188007 0.998894 188.101
0.997072 -0.0638226 -0.0421093 -3.98498 0.0630066 0.997804 -0.0204304 -5.06156 0.0433208 0.0177174 0.998904 189.28
0.997031 -0.0643934 -0.0422113 -4.03793 0.0635703 0.997766 -0.0205613 -5.09859 0.043441 0.0178169 0.998897 190.371
0.996977 -0.0645444 -0.0432448 -4.08184 0.0636819 0.997749 -0.0210349 -5.13647 0.0445051 0.0182174 0.998843 191.466
0.997074 -0.0627906 -0.0435887 -4.13409 0.0619179 0.997858 -0.0210927 -5.17521 0.0448198 0.018332 0.998827 192.615
0.997052 -0.0628529 -0.0440148 -4.18498 0.0619674 0.997853 -0.0212028 -5.22426 0.045253 0.0184128 0.998806 193.91
0.997107 -0.0619721 -0.0440202 -4.24193 0.0610825 0.997906 -0.0212752 -5.26841 0.0452465 0.0185248 0.998804 195.074
0.997008 -0.063647 -0.0438719 -4.29865 0.0627818 0.99781 -0.0208262 -5.31908 0.0451014 0.0180095 0.99882 196.244
0.99692 -0.0650994 -0.0437398 -4.35846 0.0642617 0.997727 -0.0202953 -5.36291 0.0449616 0.017422 0.998837 197.438
0.996679 -0.068231 -0.0444517 -4.40069 0.0674039 0.997528 -0.0198494 -5.40098 0.0456961 0.0167872 0.998814 198.544
0.996517 -0.0704954 -0.0445351 -4.46503 0.0696253 0.997356 -0.0207967 -5.44354 0.0458834 0.0176235 0.998791 199.713
0.996475 -0.0711848 -0.0443949 -4.52054 0.0702745 0.997291 -0.0217422 -5.49152 0.0458224 0.0185457 0.998777 200.829
0.996389 -0.072676 -0.0438965 -4.57728 0.0718437 0.99721 -0.020251 -5.53534 0.0452458 0.0170242 0.998831 201.976
0.996189 -0.0754574 -0.0437408 -4.63317 0.0747136 0.997035 -0.0184004 -5.58199 0.0449995 0.0150623 0.998873 203.098
0.99625 -0.0751893 -0.0427996 -4.6977 0.0744148 0.997038 -0.0194135 -5.6215 0.0441326 0.0161558 0.998895 204.23
0.996175 -0.076399 -0.0423988 -4.74824 0.0755867 0.99693 -0.0204458 -5.66263 0.0438307 0.0171628 0.998892 205.384
0.996054 -0.0780606 -0.0422303 -4.79547 0.0772423 0.996798 -0.0206753 -5.7045 0.043709 0.0173317 0.998894 206.508
0.996367 -0.0748647 -0.0405889 -4.85825 0.0740666 0.997036 -0.0208228 -5.74267 0.0420274 0.0177409 0.998959 207.64
0.996525 -0.0731661 -0.039796 -4.91491 0.0723894 0.997163 -0.0206231 -5.79625 0.041192 0.0176706 0.998995 208.839
0.996858 -0.0694886 -0.0380149 -4.97918 0.0687246 0.997414 -0.0210502 -5.83894 0.0393793 0.0183715 0.999055 209.991
0.996871 -0.0699489 -0.0368192 -5.02571 0.0691965 0.997375 -0.0213285 -5.87653 0.0382144 0.018714 0.999094 211.138
0.996789 -0.0713733 -0.0363049 -5.06078 0.0705862 0.997251 -0.0225224 -5.90534 0.0378126 0.0198875 0.999087 212.323
0.996841 -0.0711406 -0.0353072 -5.10961 0.070349 0.997253 -0.0231798 -5.94903 0.0368592 0.0206228 0.999108 213.465
0.997043 -0.0691669 -0.0334888 -5.17033 0.0684262 0.997396 -0.0227838 -5.99913 0.0349775 0.0204249 0.999179 214.662
0.997062 -0.0690413 -0.03318 -5.21213 0.068355 0.997432 -0.0213942 -6.05604 0.0345718 0.0190633 0.99922 216.019
0.997052 -0.0694842 -0.0325414 -5.27053 0.0688191 0.997405 -0.0211341 -6.10906 0.0339255 0.0188323 0.999247 217.33
0.997246 -0.0670835 -0.0316202 -5.32877 0.0663405 0.997509 -0.0239892 -6.16249 0.0331507 0.0218254 0.999212 218.683
0.996989 -0.0702928 -0.0327471 -5.36004 0.069459 0.997247 -0.0259423 -6.21489 0.0344805 0.0235896 0.999127 219.922
0.997042 -0.0691839 -0.033484 -5.40548 0.0683201 0.997317 -0.02629 -6.26718 0.035213 0.0239246 0.999093 221.131
0.997 -0.0695767 -0.0338995 -5.4654 0.0687031 0.997291 -0.0262894 -6.32933 0.0356368 0.0238815 0.999079 222.553
0.997085 -0.068199 -0.0341982 -5.5238 0.0672997 0.997373 -0.0267935 -6.38764 0.0359356 0.0244139 0.999056 223.814
0.997242 -0.0658891 -0.0341723 -5.58336 0.0649812 0.99752 -0.0270318 -6.45164 0.0358686 0.0247367 0.99905 225.117
0.997505 -0.0617172 -0.0342712 -5.63951 0.0608125 0.997788 -0.0268425 -6.50696 0.0358521 0.0246914 0.999052 226.343
0.997368 -0.0631133 -0.0357009 -5.67956 0.0621639 0.997698 -0.0271054 -6.55058 0.0373295 0.0248148 0.998995 227.589
0.997309 -0.0637116 -0.0362636 -5.73666 0.0627975 0.997692 -0.0258131 -6.60441 0.0378245 0.0234664 0.999009 228.894
0.997428 -0.0615775 -0.036672 -5.79484 0.0606995 0.997853 -0.0245922 -6.66151 0.0381076 0.0223029 0.999025 230.207
0.997534 -0.0603343 -0.0358648 -5.85692 0.0594657 0.997922 -0.0248138 -6.71641 0.0372874 0.0226199 0.999049 231.638
0.997799 -0.0570445 -0.0338202 -5.93323 0.0562048 0.998099 -0.025282 -6.76657 0.0351981 0.0233255 0.999108 232.912
0.997928 -0.0554105 -0.0326945 -5.993 0.054592 0.998185 -0.0254163 -6.82458 0.0340435 0.0235788 0.999142 234.16
0.997945 -0.0553993 -0.0321874 -6.04618 0.0545531 0.998156 -0.0266004 -6.87843 0.0336017 0.0247898 0.999128 235.488
0.997924 -0.0558114 -0.0321507 -6.09215 0.0549023 0.998085 -0.0284973 -6.93882 0.0336796 0.026673 0.999077 236.84
0.997843 -0.056607 -0.0332516 -6.1194 0.0556185 0.998003 -0.029937 -6.9902 0.0348798 0.028023 0.998999 238.125
0.997829 -0.0557391 -0.0350723 -6.16802 0.0546497 0.998015 -0.0312896 -7.04428 0.0367467 0.029305 0.998895 239.291
0.997658 -0.0568821 -0.037992 -6.2095 0.0557238 0.997968 -0.0308833 -7.10065 0.0396715 0.0286939 0.998801 240.496
0.997486 -0.0583187 -0.0402454 -6.23763 0.0572212 0.997971 -0.0279058 -7.1546 0.0417912 0.0255327 0.9988 241.753
0.997163 -0.0628882 -0.0413571 -6.27708 0.0618707 0.99776 -0.0254406 -7.20007 0.0428644 0.0228096 0.99882 242.963
0.997118 -0.0636565 -0.0412747 -6.33169 0.0626645 0.997724 -0.0248993 -7.25448 0.0427657 0.0222411 0.998838 244.236
0.997396 -0.0606881 -0.0389674 -6.40427 0.0596842 0.997867 -0.0264284 -7.30269 0.0404882 0.0240338 0.998891 245.445
0.9973 -0.0620332 -0.0392965 -6.45214 0.0610283 0.99779 -0.0262757 -7.36468 0.0408396 0.0238066 0.998882 246.869
0.997324 -0.0622173 -0.0383834 -6.51743 0.0612563 0.997791 -0.0257249 -7.42955 0.0398991 0.0233048 0.998932 248.251
0.997522 -0.0598572 -0.036962 -6.59077 0.0589282 0.997931 -0.0257314 -7.49285 0.0384257 0.0234896 0.998985 249.657
0.997702 -0.0574395 -0.0359461 -6.65084 0.0564774 0.998032 -0.0272322 -7.54203 0.0374396 0.0251394 0.998983 250.913
0.997948 -0.0542446 -0.0340166 -6.71956 0.0533057 0.998188 -0.0279271 -7.59967 0.0354699 0.0260565 0.999031 252.197
0.998029 -0.0537167 -0.0324437 -6.77605 0.0528854 0.998263 -0.0259591 -7.65884 0.0337818 0.0241921 0.999136 253.454
0.998336 -0.0492528 -0.0299869 -6.85514 0.0485071 0.998507 -0.0251076 -7.72446 0.0311787 0.0236112 0.999235 254.813
0.998312 -0.0497266 -0.029996 -6.90301 0.0489379 0.998451 -0.0264787 -7.78182 0.0312662 0.0249661 0.999199 256.149
0.998568 -0.0450525 -0.0288318 -6.97311 0.0442984 0.998673 -0.0262794 -7.85276 0.0299775 0.0249646 0.999239 257.643
0.998672 -0.0426694 -0.0288657 -7.02484 0.0418501 0.99872 -0.0284138 -7.9099 0.0300411 0.0271681 0.999179 258.907
0.998904 -0.0374769 -0.0280256 -7.09085 0.0365809 0.998824 -0.0318277 -7.96375 0.0291854 0.0307676 0.9991 260.108
0.998976 -0.0349744 -0.0286884 -7.14594 0.0340687 0.998924 -0.0314719 -8.02707 0.0297582 0.0304623 0.999093 261.412
0.998853 -0.0366951 -0.0307723 -7.17419 0.03583 0.99896 -0.0282063 -8.0841 0.0317754 0.0270714 0.999128 262.613
0.998888 -0.035032 -0.0315636 -7.22998 0.0342425 0.999095 -0.0252169 -8.14693 0.0324185 0.024108 0.999184 263.927
0.998936 -0.0329341 -0.0322735 -7.28185 0.0320784 0.999129 -0.0266811 -8.20724 0.0331241 0.0256175 0.999123 265.3
0.99887 -0.0325801 -0.0346113 -7.31942 0.0315963 0.999091 -0.0286013 -8.26167 0.0355117 0.0274754 0.998992 266.575
0.998561 -0.0371204 -0.0387073 -7.3464 0.0360784 0.998977 -0.027279 -8.32794 0.0396803 0.0258432 0.998878 267.957
0.998464 -0.0385086 -0.0398362 -7.4016 0.0374698 0.998946 -0.0265022 -8.39923 0.0408148 0.0249688 0.998855 269.352
0.998492 -0.0382413 -0.0393787 -7.47013 0.0371709 0.998929 -0.0275653 -8.45764 0.0403907 0.02606 0.998844 270.698
0.998442 -0.0388081 -0.0401042 -7.52455 0.037652 0.998864 -0.029192 -8.51516 0.0411915 0.0276365 0.998769 272.196
0.998233 -0.0419396 -0.042091 -7.56123 0.0407032 0.998726 -0.0298126 -8.56824 0.0432878 0.0280466 0.998669 273.465
0.99808 -0.0444718 -0.0431032 -7.61303 0.0431869 0.998608 -0.030297 -8.62894 0.0443905 0.0283774 0.998611 274.836
0.998081 -0.0443692 -0.0431888 -7.67145 0.0430755 0.998608 -0.0304391 -8.70286 0.0444792 0.0285203 0.998603 276.161
0.997921 -0.0467265 -0.0443903 -7.72194 0.0453828 0.998494 -0.0308107 -8.77219 0.0457631 0.0287321 0.998539 277.496
0.997801 -0.0487634 -0.0448821 -7.77075 0.0474223 0.99841 -0.0304751 -8.83631 0.0462968 0.0282796 0.998527 278.769
0.997966 -0.0466341 -0.0434751 -7.84783 0.0452694 0.998467 -0.0318633 -8.8917 0.0448943 0.0298304 0.998546 280.013
0.997691 -0.0512643 -0.0445521 -7.90121 0.0498161 0.998212 -0.0330299 -8.9567 0.0461657 0.0307342 0.998461 281.341
0.997542 -0.0537187 -0.0450011 -7.95826 0.0523623 0.998153 -0.0307968 -9.02627 0.0465724 0.0283648 0.998512 282.631
0.997236 -0.0575743 -0.0469729 -7.99801 0.0562092 0.997972 -0.0298839 -9.09287 0.0485982 0.027161 0.998449 283.954
0.997049 -0.0594425 -0.0485808 -8.04361 0.0579697 0.997831 -0.0311834 -9.15556 0.050329 0.0282752 0.998332 285.346
0.99691 -0.0608025 -0.0497293 -8.09705 0.0592771 0.997741 -0.0315966 -9.21692 0.0515382 0.0285512 0.998263 286.595
0.996909 -0.0608057 -0.0497536 -8.15266 0.0592801 0.997741 -0.0315877 -9.26294 0.051562 0.0285407 0.998262 287.716
0.996917 -0.0603589 -0.0501242 -8.21735 0.0588472 0.997782 -0.0311061 -9.32382 0.0518906 0.0280605 0.998258 289.061
0.996869 -0.060736 -0.0506236 -8.26823 0.0591654 0.997736 -0.0319672 -9.37805 0.0524505 0.028872 0.998206 290.241
0.996732 -0.062443 -0.0512424 -8.32998 0.0608063 0.997607 -0.0329022 -9.44362 0.0531743 0.0296788 0.998144 291.532
0.996578 -0.0645257 -0.0516598 -8.40097 0.0628687 0.997473 -0.0330835 -9.51553 0.053664 0.0297225 0.998117 292.979
0.996574 -0.0648253 -0.05136 -8.4835 0.0631607 0.997444 -0.0333975 -9.58163 0.0533937 0.0300392 0.998122 294.335
0.996672 -0.0636833 -0.0508908 -8.56097 0.0620367 0.997518 -0.0333066 -9.64538 0.0528855 0.0300386 0.998149 295.618
0.996754 -0.06218 -0.0511452 -8.62663 0.0605333 0.997616 -0.0331405 -9.70251 0.0530839 0.0299369 0.998141 296.841
0.996802 -0.0609626 -0.0516728 -8.69359 0.0592372 0.997655 -0.0342906 -9.76096 0.053642 0.03112 0.998075 298.088
0.997063 -0.0569641 -0.0511921 -8.76254 0.0552009 0.997854 -0.0352203 -9.82052 0.0530885 0.032291 0.998068 299.283
0.997033 -0.0578253 -0.0508048 -8.83792 0.0560916 0.997815 -0.0349128 -9.89135 0.0527126 0.0319595 0.998098 300.542
0.997122 -0.0564352 -0.0506267 -8.9067 0.0547612 0.997925 -0.033865 -9.95419 0.0524328 0.0309951 0.998143 301.701
0.997214 -0.0554012 -0.0499452 -8.97331 0.053774 0.997996 -0.0333554 -10.0139 0.051693 0.0305767 0.998195 302.843
0.997513 -0.0520621 -0.0475145 -9.05465 0.050477 0.998147 -0.033973 -10.0722 0.0491951 0.0314902 0.998293 303.987
0.997594 -0.051103 -0.0468481 -9.13145 0.0495536 0.998204 -0.0336574 -10.1412 0.0484839 0.0312549 0.998335 305.318
