1 0 0 0 0 1 0 0 0 0 1 0
1 0.000544246 -0.000165291 -0.0146749 -0.00054436 1 -0.000689673 -0.0111342 0.000164915 0.000689763 1 0.407389
0.999999 0.00142807 -0.000193965 -0.029418 -0.00142851 0.999996 -0.00229835 -0.0194264 0.000190682 0.00229863 0.999997 0.813655
0.999991 0.00421465 -0.000898963 -0.0453358 -0.00421829 0.999983 -0.00409371 -0.0250742 0.000881694 0.00409746 0.999991 1.21984
0.999987 -0.00101553 -0.00495404 -0.029718 0.00098696 0.999983 -0.00576655 -0.0372324 0.00495981 0.00576159 0.999971 1.61233
0.999973 -0.00336205 -0.00660568 -0.0315288 0.00330952 0.999963 -0.00794722 -0.0441898 0.00663215 0.00792514 0.999947 2.00201
0.999945 -0.00606937 -0.00855801 -0.0324356 0.00599525 0.999945 -0.00866088 -0.0532856 0.0086101 0.00860909 0.999926 2.3976
0.999934 -0.00586532 -0.00985741 -0.04078 0.00578698 0.999952 -0.00795733 -0.0646139 0.00990361 0.00789977 0.99992 2.78284
0.999906 -0.00762854 -0.0113492 -0.0428981 0.00753595 0.999938 -0.0081792 -0.0779905 0.0114109 0.00809291 0.999902 3.1749
0.999902 -0.00654828 -0.0123658 -0.0527189 0.00641142 0.999918 -0.0110752 -0.0883976 0.0124373 0.0109948 0.999862 3.56979
0.999915 -0.00243753 -0.0128463 -0.072022 0.00224339 0.999883 -0.0151058 -0.0979982 0.0128817 0.0150756 0.999803 3.95631
0.999899 -0.000437365 -0.0142014 -0.0838765 0.000170873 0.999824 -0.0187609 -0.107806 0.0142071 0.0187566 0.999723 4.33736
0.999864 0.00372253 -0.0160371 -0.0940209 -0.00402008 0.99982 -0.0185615 -0.117871 0.0159651 0.0186234 0.999699 4.72444
0.999847 0.0087704 -0.0151542 -0.122745 -0.00895455 0.999886 -0.0121265 -0.124903 0.0150462 0.0122603 0.999812 5.10787
0.999829 0.00928831 -0.0160155 -0.131335 -0.00931653 0.999955 -0.00168809 -0.132649 0.0159991 0.00183701 0.99987 5.52468
0.999803 0.0105904 -0.0167803 -0.145225 -0.0105075 0.999932 0.00502343 -0.142468 0.0168323 -0.00484613 0.999847 5.98391
0.999763 0.0101499 -0.0192585 -0.147854 -0.0100781 0.999942 0.00382103 -0.150333 0.0192961 -0.00362604 0.999807 6.47722
0.999715 0.0101646 -0.0216029 -0.149563 -0.0102401 0.999942 -0.00338539 -0.155659 0.0215672 0.00360564 0.999761 6.96782
0.999682 0.0103494 -0.0230033 -0.165226 -0.0105637 0.999902 -0.00921331 -0.158258 0.0229056 0.00945338 0.999693 7.46122
0.999654 0.00719539 -0.0253067 -0.167654 -0.00739466 0.999942 -0.00778973 -0.160601 0.0252492 0.00797417 0.999649 7.94002
0.999636 0.00580105 -0.0263372 -0.179186 -0.00577255 0.999983 0.00115805 -0.165575 0.0263434 -0.0010056 0.999652 8.43733
0.999617 0.00466965 -0.0272811 -0.19209 -0.00444055 0.999954 0.00845246 -0.170929 0.0273194 -0.00832808 0.999592 8.97912
0.999595 0.00226086 -0.0283627 -0.20423 -0.00195625 0.99994 0.0107631 -0.173212 0.0283854 -0.0107032 0.99954 9.5671
0.999593 -0.000352166 -0.0285298 -0.222755 0.000621488 0.999955 0.00943172 -0.172018 0.0285252 -0.00944561 0.999548 10.185
0.999587 -0.00100362 -0.0287169 -0.238839 0.00120153 0.999976 0.00687525 -0.171791 0.0287093 -0.00690691 0.999564 10.8236
0.999571 0.000645323 -0.0292786 -0.253643 -0.000547463 0.999994 0.00335027 -0.173683 0.0292806 -0.0033328 0.999566 11.4786
0.999591 -0.00324019 -0.0284046 -0.271343 0.00317739 0.999992 -0.00225576 -0.179693 0.0284116 0.00216459 0.999594 12.1308
0.999604 -0.00581642 -0.0275421 -0.291381 0.00558039 0.999947 -0.00863902 -0.190453 0.0275909 0.0084819 0.999583 12.7831
0.999589 -0.00776444 -0.0276074 -0.301607 0.0073836 0.999877 -0.01387 -0.201304 0.0277117 0.0136605 0.999523 13.4385
0.999576 -0.00769289 -0.0280995 -0.321035 0.00727205 0.99986 -0.0150484 -0.212951 0.0282113 0.0148377 0.999492 14.0696
0.999526 -0.00990785 -0.0291558 -0.333769 0.00949042 0.999851 -0.0144208 -0.230717 0.0292944 0.0141373 0.999471 14.7029
0.9995 -0.00988913 -0.0300315 -0.349415 0.00941419 0.999829 -0.015915 -0.246924 0.0301838 0.0156243 0.999422 15.3637
0.999517 -0.00536692 -0.0306187 -0.374814 0.00480902 0.999822 -0.0182656 -0.263952 0.0307113 0.0181095 0.999364 16.0414
0.999504 -0.00150054 -0.0314691 -0.396753 0.00089521 0.999814 -0.019241 -0.282684 0.0314921 0.0192033 0.99932 16.7372
0.999514 0.00141006 -0.0311494 -0.429614 -0.00201028 0.999813 -0.0192461 -0.303995 0.0311164 0.0192993 0.999329 17.4447
0.999515 0.00649047 -0.0304644 -0.470332 -0.00708075 0.999789 -0.0193084 -0.326515 0.0303326 0.0195147 0.999349 18.1615
0.999505 0.00544086 -0.0309916 -0.491289 -0.00605059 0.999789 -0.0196145 -0.347327 0.0308783 0.0197923 0.999327 18.9107
0.999486 0.00445375 -0.0317467 -0.512601 -0.00504367 0.999816 -0.0185262 -0.375102 0.0316583 0.0186768 0.999324 19.6925
0.999474 0.00446546 -0.0321119 -0.545613 -0.00500198 0.999849 -0.0166469 -0.40029 0.0320327 0.0167988 0.999346 20.5294
0.999451 0.00487477 -0.0327824 -0.574626 -0.00539195 0.999862 -0.0157062 -0.42447 0.0327014 0.0158743 0.999339 21.3301
0.999462 0.00452171 -0.0324799 -0.610634 -0.00508355 0.999839 -0.0172364 -0.446761 0.0323967 0.0173923 0.999324 22.1751
0.999469 0.00777868 -0.0316535 -0.657265 -0.00834989 0.999804 -0.0179537 -0.475031 0.0315076 0.0182084 0.999338 23.0251
0.999469 0.00734755 -0.0317507 -0.691091 -0.00789332 0.999823 -0.0170982 -0.499161 0.0316194 0.0173397 0.99935 23.8207
0.999436 0.00659497 -0.0329248 -0.71094 -0.00707852 0.999868 -0.0145915 -0.521866 0.0328243 0.0148163 0.999351 24.6021
0.999452 0.00779548 -0.0321812 -0.754072 -0.00815323 0.999906 -0.0110007 -0.544634 0.0320924 0.0112571 0.999422 25.4043
0.999426 0.00646535 -0.033264 -0.783254 -0.00677052 0.999936 -0.00906996 -0.564445 0.0332033 0.00928997 0.999405 26.2971
0.999426 0.00803786 -0.0329098 -0.830155 -0.00832024 0.99993 -0.00845264 -0.589015 0.0328395 0.00872161 0.999423 27.1739
0.999411 0.00724494 -0.0335576 -0.865164 -0.00758474 0.999921 -0.0100096 -0.611014 0.0334824 0.0102583 0.999387 28.1016
0.999374 0.00784873 -0.0344911 -0.900965 -0.00819157 0.999918 -0.00980997 -0.639212 0.0344113 0.0100864 0.999357 28.9393
0.999355 0.00639163 -0.0353429 -0.93827 -0.00670602 0.999939 -0.00878384 -0.657875 0.0352846 0.00901518 0.999337 29.8041
0.999317 0.00719014 -0.0362516 -0.973771 -0.00744975 0.999948 -0.00703125 -0.675654 0.0361991 0.00729651 0.999318 30.6122
0.999283 0.00752868 -0.0371028 -1.00902 -0.00770441 0.99996 -0.00459559 -0.696625 0.0370667 0.00487815 0.999301 31.4911
0.999271 0.00883856 -0.0371313 -1.05278 -0.00902433 0.999948 -0.00483846 -0.719047 0.0370866 0.00517002 0.999299 32.3494
0.999271 0.00964486 -0.036931 -1.09485 -0.00994907 0.999918 -0.00806228 -0.745901 0.0368502 0.00842383 0.999285 33.1864
0.999252 0.0121057 -0.0367376 -1.13482 -0.0125451 0.999852 -0.0117544 -0.770974 0.0365899 0.0122065 0.999256 34.034
0.999234 0.0133415 -0.036797 -1.17384 -0.013801 0.99983 -0.0122618 -0.792178 0.0366272 0.0127603 0.999248 34.8841
0.999223 0.0122354 -0.0374759 -1.19942 -0.0126063 0.999874 -0.00967648 -0.814657 0.0373528 0.0101414 0.999251 35.6864
0.999223 0.0133153 -0.0370974 -1.23823 -0.0136127 0.999877 -0.00777816 -0.834862 0.0369893 0.00827711 0.999281 36.5163
0.99926 0.0117665 -0.0366105 -1.27406 -0.0120187 0.999905 -0.0066756 -0.854101 0.0365285 0.00711067 0.999307 37.331
0.999242 0.0119412 -0.0370454 -1.30291 -0.012232 0.999896 -0.00763488 -0.876058 0.0369503 0.00808223 0.999284 38.1916
0.999273 0.00895991 -0.037068 -1.33323 -0.0093213 0.999911 -0.00958801 -0.897179 0.0369788 0.00992656 0.999267 39.0319
0.999286 0.00838153 -0.0368472 -1.37141 -0.00881767 0.999893 -0.0116898 -0.92199 0.0367453 0.0120063 0.999253 39.8882
0.999296 0.00711219 -0.0368454 -1.4059 -0.0076458 0.999868 -0.0143619 -0.946774 0.0367384 0.0146335 0.999218 40.7464
0.999305 0.00750625 -0.0365079 -1.44469 -0.00815044 0.999813 -0.0175285 -0.979091 0.0363695 0.0178139 0.99918 41.5684
0.999292 0.00508796 -0.0372852 -1.47322 -0.00583718 0.999783 -0.0200132 -0.998123 0.0371753 0.0202166 0.999104 42.4065
0.999269 0.00189323 -0.0381756 -1.49709 -0.00255688 0.999846 -0.0173428 -1.03344 0.0381369 0.0174277 0.999121 43.2464
0.999293 0.00064151 -0.0375821 -1.5299 -0.00107582 0.999933 -0.0115371 -1.06041 0.0375722 0.0115694 0.999227 44.0538
0.999294 -0.000872056 -0.0375561 -1.56403 0.000669979 0.999985 -0.0053929 -1.08607 0.0375603 0.00536393 0.99928 44.9233
0.999317 -0.000606372 -0.0369398 -1.61059 0.000425243 0.999988 -0.00491101 -1.10797 0.0369424 0.00489195 0.999305 45.845
0.999345 -0.00404644 -0.0359638 -1.65174 0.003774 0.999964 -0.00764002 -1.13196 0.0359934 0.00749928 0.999324 46.7603
0.999372 -0.00356982 -0.0352557 -1.69896 0.00320037 0.999939 -0.0105299 -1.15855 0.0352911 0.0104104 0.999323 47.6488
0.999374 -0.000647962 -0.0353725 -1.73783 0.000131616 0.999893 -0.0145977 -1.18687 0.0353782 0.0145839 0.999268 48.5509
0.999435 0.00171558 -0.0335758 -1.79344 -0.00236654 0.99981 -0.0193578 -1.21205 0.0335362 0.0194263 0.999249 49.4514
0.999438 0.00611181 -0.0329522 -1.82574 -0.00677508 0.999776 -0.0200541 -1.23645 0.0328223 0.0202661 0.999256 50.2375
0.999424 0.00781569 -0.0330385 -1.85367 -0.00836576 0.999828 -0.016544 -1.26477 0.0329035 0.0168109 0.999317 51.0761
0.999389 0.00741736 -0.0341469 -1.87161 -0.00792118 0.999861 -0.0146429 -1.29016 0.0340335 0.0149045 0.99931 51.8813
0.999392 0.00792009 -0.0339516 -1.90787 -0.00840069 0.999866 -0.0140364 -1.31518 0.0338358 0.0143131 0.999325 52.7042
0.999408 0.00781988 -0.0334938 -1.94411 -0.00826626 0.999879 -0.0132096 -1.34198 0.0333864 0.0134786 0.999352 53.5311
0.999428 0.00831998 -0.0327813 -1.98285 -0.00871492 0.999891 -0.0119235 -1.36914 0.0326786 0.0122023 0.999391 54.3603
0.999409 0.00510733 -0.0339882 -2.0022 -0.0054512 0.999935 -0.0100322 -1.39128 0.0339348 0.0102116 0.999372 55.2266
0.999351 -0.000750714 -0.036017 -2.01641 0.000422831 0.999958 -0.00911031 -1.41036 0.0360224 0.00908916 0.99931 56.0765
0.999361 0.00101098 -0.0357185 -2.06234 -0.00137408 0.999948 -0.0101426 -1.44035 0.0357064 0.0101852 0.99931 56.9256
0.999349 0.00290189 -0.0359714 -2.10449 -0.00340562 0.999897 -0.0139502 -1.46844 0.0359272 0.0140637 0.999255 57.8019
0.999347 0.00477052 -0.0358053 -2.1483 -0.00535247 0.999855 -0.0161748 -1.49554 0.0357229 0.0163559 0.999228 58.6775
0.999307 0.00837635 -0.0362754 -2.19121 -0.0088997 0.999858 -0.0142897 -1.52496 0.0361506 0.0146026 0.99924 59.4932
0.999305 0.00948952 -0.0360372 -2.23787 -0.00986372 0.999899 -0.0102201 -1.55022 0.0359366 0.0105685 0.999298 60.384
0.999278 0.0104288 -0.0365254 -2.27883 -0.0106639 0.999924 -0.00624847 -1.57798 0.0364574 0.00663346 0.999313 61.3143
0.999253 0.0104429 -0.037216 -2.32028 -0.0106439 0.99993 -0.00520686 -1.60814 0.037159 0.00559909 0.999294 62.2318
0.999214 0.00989512 -0.0383849 -2.35493 -0.0101789 0.999922 -0.00720416 -1.63366 0.0383106 0.00758921 0.999237 63.1281
0.999153 0.00814556 -0.0403287 -2.38213 -0.00846012 0.999935 -0.00763544 -1.65975 0.0402639 0.00797016 0.999157 64.001
0.999144 0.00644721 -0.0408638 -2.4247 -0.00678087 0.999945 -0.00803179 -1.6821 0.0408097 0.00830201 0.999132 64.8443
0.999121 0.00499985 -0.0416128 -2.46462 -0.00532796 0.999956 -0.00777755 -1.70635 0.0415721 0.00799242 0.999104 65.7106
0.999079 0.00304586 -0.042793 -2.49775 -0.00332495 0.999974 -0.00645212 -1.72875 0.0427723 0.00658847 0.999063 66.5297
0.998988 -0.000625335 -0.0449702 -2.52358 0.000455633 0.999993 -0.00378382 -1.75276 0.0449722 0.0037595 0.998981 67.3958
0.998935 -0.00306146 -0.0460472 -2.56152 0.00293705 0.999992 -0.00276919 -1.77616 0.0460553 0.002631 0.998935 68.1745
0.998812 -0.00341016 -0.0486012 -2.60163 0.0033118 0.999992 -0.00210415 -1.80163 0.048608 0.00194069 0.998816 68.9725
0.998657 -0.0040991 -0.051643 -2.64657 0.00395969 0.999988 -0.00280151 -1.82461 0.0516539 0.00259326 0.998662 69.729
0.998448 -0.00538003 -0.0554387 -2.69136 0.00518842 0.99998 -0.0035996 -1.8464 0.055457 0.00330637 0.998456 70.4982
0.998243 -0.00673319 -0.0588729 -2.73565 0.00653482 0.999972 -0.00356129 -1.86345 0.0588953 0.00317031 0.998259 71.2002
0.998064 -0.00513058 -0.0619818 -2.78673 0.00499005 0.999985 -0.00242196 -1.88204 0.0619933 0.00210798 0.998074 71.8883
0.997808 -0.00646185 -0.0658598 -2.82553 0.00642193 0.999979 -0.000817921 -1.90618 0.0658637 0.000393182 0.997829 72.5697
0.997607 -0.0046654 -0.0689866 -2.87867 0.0047234 0.999989 0.000677696 -1.9246 0.0689827 -0.00100193 0.997617 73.2302
0.997322 -0.00546191 -0.0729251 -2.91883 0.0055829 0.999983 0.00145528 -1.93974 0.072916 -0.00185852 0.997336 73.8559
0.997124 -0.0034652 -0.0757031 -2.97395 0.00361248 0.999992 0.00180861 -1.95483 0.0756962 -0.00207689 0.997129 74.5016
0.996967 -0.000528385 -0.0778175 -3.03791 0.000581685 1 0.000662275 -1.97261 0.0778171 -0.000705532 0.996967 75.1307
0.996838 0.00147858 -0.0794442 -3.10073 -0.00174308 0.999993 -0.00326016 -1.98824 0.0794389 0.00338833 0.996834 75.7183
0.996643 0.00386724 -0.0817829 -3.1551 -0.00445011 0.999966 -0.00694594 -2.00432 0.0817533 0.00728656 0.996626 76.2524
0.996448 0.00554212 -0.0840314 -3.20254 -0.00636653 0.999934 -0.00954597 -2.01971 0.0839729 0.010047 0.996417 76.7512
0.996337 0.00736753 -0.0851918 -3.24833 -0.0082914 0.999911 -0.0104959 -2.03481 0.0851069 0.0111638 0.996309 77.22
0.996432 0.00946722 -0.0838632 -3.29673 -0.0103903 0.99989 -0.0105773 -2.04456 0.0837538 0.0114109 0.996421 77.6705
0.996667 0.0152494 -0.0801342 -3.34604 -0.0160391 0.999829 -0.00922062 -2.05918 0.0799798 0.0104752 0.996741 78.0896
0.997083 0.0185786 -0.074027 -3.38611 -0.0191939 0.999787 -0.00760955 -2.07435 0.0738698 0.00900823 0.997227 78.4824
0.997537 0.0188612 -0.0675544 -3.40669 -0.0192875 0.999798 -0.00566302 -2.08627 0.067434 0.00695203 0.9977 78.8748
0.998125 0.0166302 -0.0589143 -3.41751 -0.0168559 0.999852 -0.00333609 -2.09626 0.0588501 0.00432289 0.998257 79.2511
0.998745 0.0161551 -0.0474004 -3.43109 -0.0162629 0.999866 -0.00188943 -2.10899 0.0473635 0.00265793 0.998874 79.614
0.999296 0.0140761 -0.0347788 -3.4312 -0.0141542 0.999898 -0.00200313 -2.1175 0.034747 0.00249399 0.999393 79.9686
0.999705 0.0159247 -0.0183589 -3.44481 -0.0159814 0.999868 -0.00294781 -2.12727 0.0183096 0.00324034 0.999827 80.3097
0.99988 0.0154826 0.000652508 -3.44382 -0.0154786 0.999863 -0.00579725 -2.13963 -0.000742175 0.00578645 0.999983 80.6427
0.999617 0.0157712 0.0227539 -3.43428 -0.0155398 0.999826 -0.0103129 -2.14922 -0.0229126 0.0099554 0.999688 80.9585
0.998767 0.0144436 0.0474855 -3.40946 -0.0137539 0.999796 -0.0148202 -2.15964 -0.0476898 0.0141488 0.998762 81.2639
0.997175 0.0109281 0.0743081 -3.3685 -0.00965778 0.999801 -0.0174328 -2.16974 -0.0744839 0.0166659 0.997083 81.5502
0.994482 0.00873802 0.104546 -3.32603 -0.00685332 0.999808 -0.0183732 -2.17982 -0.104686 0.0175553 0.99435 81.8302
0.990834 0.00304119 0.135053 -3.25473 -0.000256321 0.999787 -0.0206331 -2.18846 -0.135087 0.0204094 0.990623 82.0946
0.985274 0.00108483 0.170977 -3.19216 0.00265511 0.999762 -0.0216437 -2.20051 -0.17096 0.021779 0.985037 82.3506
0.977785 -0.00107559 0.209607 -3.11747 0.00576059 0.999747 -0.0217421 -2.21046 -0.209531 0.0224666 0.977544 82.6042
0.968229 -0.00292957 0.250048 -3.03471 0.00875085 0.999716 -0.0221721 -2.22032 -0.249912 0.0236558 0.96798 82.8531
0.956987 -0.00333099 0.290111 -2.93071 0.0104053 0.999685 -0.0228458 -2.23372 -0.289943 0.0248819 0.95672 83.0841
0.94232 -0.00132949 0.33471 -2.83082 0.00957857 0.99969 -0.022996 -2.24261 -0.334576 0.0248756 0.94204 83.3133
0.926898 -0.00485713 0.375283 -2.68637 0.0141996 0.999654 -0.0221329 -2.24998 -0.375046 0.0258438 0.926646 83.5223
0.907683 -0.00601932 0.419614 -2.5571 0.015963 0.999669 -0.0201901 -2.25881 -0.419353 0.0250245 0.907478 83.7344
0.886612 -0.0084074 0.462438 -2.40941 0.020031 0.999595 -0.0202314 -2.26793 -0.462081 0.0272005 0.886421 83.9274
0.863393 -0.00990367 0.504435 -2.25168 0.0243819 0.999458 -0.0221096 -2.27653 -0.503942 0.0313884 0.863167 84.1156
0.835698 -0.00632747 0.549153 -2.11567 0.0233835 0.999437 -0.0240691 -2.29098 -0.548692 0.0329556 0.835375 84.3111
0.806662 -0.00175233 0.59101 -1.95085 0.0220617 0.999388 -0.0271486 -2.30267 -0.590601 0.0349384 0.806207 84.491
0.774202 0.00419123 0.632925 -1.77979 0.0192653 0.999359 -0.0301834 -2.30904 -0.632645 0.0355615 0.773625 84.6645
0.740333 0.00738519 0.6722 -1.59515 0.0187126 0.999326 -0.0315885 -2.31946 -0.67198 0.0359647 0.739696 84.8044
0.706668 0.00575641 0.707522 -1.38251 0.0263843 0.999057 -0.0344808 -2.31875 -0.707053 0.0430339 0.70585 84.906
0.668887 0.00258961 0.74336 -1.17144 0.0319183 0.998972 -0.0322007 -2.32595 -0.742679 0.0452654 0.668116 85.0278
0.627733 0.000392644 0.778429 -0.955156 0.0358308 0.998925 -0.0293982 -2.32379 -0.777604 0.0463459 0.627044 85.1444
0.585749 -0.00225338 0.81049 -0.715884 0.0400624 0.998854 -0.0261764 -2.33238 -0.809502 0.0478029 0.585168 85.2384
0.542381 -0.00676523 0.840106 -0.43772 0.0477629 0.998599 -0.0227947 -2.33419 -0.838774 0.0524893 0.541944 85.3385
0.495364 -0.0123915 0.868597 -0.174307 0.0551315 0.998331 -0.0171993 -2.34974 -0.866934 0.056407 0.49522 85.414
0.445965 -0.0115508 0.894976 0.101472 0.0519398 0.998566 -0.0129937 -2.35795 -0.893542 0.0522796 0.445925 85.5157
0.396951 -0.00689419 0.917814 0.444844 0.0484945 0.998733 -0.0134717 -2.37083 -0.916558 0.0498565 0.396783 85.6276
0.348257 -0.00144937 0.937398 0.733528 0.0476163 0.998735 -0.016146 -2.37424 -0.936189 0.0502584 0.347886 85.7034
0.303018 0.00100089 0.952984 1.03336 0.0471715 0.998758 -0.016048 -2.3805 -0.951817 0.0498165 0.302594 85.7682
0.263401 0.00054424 0.964686 1.3583 0.0549987 0.998365 -0.0155802 -2.38461 -0.963117 0.0571603 0.26294 85.8171
0.228848 0.000177947 0.973462 1.94118 0.0636274 0.997859 -0.0151404 -2.38792 -0.97138 0.0654038 0.228347 85.909
0.199864 0.00107225 0.979823 2.68514 0.0677286 0.997592 -0.014907 -2.40177 -0.97748 0.0693415 0.19931 86.0009
0.173278 -0.000375133 0.984873 3.14916 0.0668018 0.997701 -0.011373 -2.41017 -0.982605 0.067762 0.172904 86.0556
0.150918 -0.00297646 0.988542 4.12337 0.0644793 0.997896 -0.00683928 -2.40783 -0.986441 0.0647727 0.150793 86.1184
0.127543 -0.00632936 0.991813 4.56406 0.0583096 0.998298 -0.00112763 -2.41229 -0.990118 0.057976 0.127695 86.1732
0.105156 -0.00900697 0.994415 5.49136 0.0617704 0.998087 0.00250821 -2.42878 -0.992535 0.0611617 0.105511 86.2493
0.0852831 -0.00872961 0.996319 5.96726 0.0698235 0.997556 0.00276368 -2.43454 -0.993907 0.0693308 0.0856841 86.2723
0.0685587 -0.00663909 0.997625 6.82684 0.0747704 0.9972 0.0014979 -2.44208 -0.994841 0.0744901 0.0688632 86.3023
0.0546071 -0.000941779 0.998507 7.50871 0.0747445 0.997198 -0.00314714 -2.43968 -0.995706 0.0748047 0.0545245 86.3316
0.0451868 0.00388134 0.998971 7.94491 0.0746571 0.997183 -0.00725138 -2.44068 -0.996185 0.0749079 0.0447697 86.3393
0.0391334 0.00335024 0.999228 8.39506 0.077711 0.996955 -0.00638606 -2.44513 -0.996208 0.0779009 0.0387539 86.3525
0.0364856 0.000145662 0.999334 8.86039 0.0837874 0.996479 -0.00320431 -2.45096 -0.995815 0.0838485 0.0363449 86.3596
0.0371578 -0.00157212 0.999308 9.36333 0.0852656 0.996357 -0.001603 -2.45639 -0.995665 0.0852661 0.0371564 86.3751
0.0397659 -0.00231911 0.999206 9.87551 0.0854072 0.996346 -0.00108652 -2.46613 -0.995552 0.0853826 0.0398186 86.3936
0.0420857 -0.00185637 0.999112 10.4278 0.0829067 0.996556 -0.00164066 -2.47432 -0.995668 0.0829022 0.0420946 86.4151
0.0439588 -0.000342449 0.999033 11.0134 0.0824368 0.996591 -0.00328571 -2.48034 -0.995626 0.0825015 0.0438371 86.4359
0.044843 0.000409397 0.998994 11.5735 0.0824757 0.996585 -0.00411059 -2.48864 -0.995584 0.0825771 0.0446561 86.4677
0.0463748 0.000417038 0.998924 12.1355 0.0820484 0.996619 -0.00422515 -2.49334 -0.995549 0.0821561 0.0461838 86.4914
0.0476226 -0.000644123 0.998865 12.7217 0.0819431 0.996632 -0.0032641 -2.49983 -0.995499 0.0820055 0.047515 86.5146
0.0480676 -0.0017502 0.998843 13.3131 0.0835243 0.996503 -0.00227336 -2.50484 -0.995346 0.0835369 0.0480457 86.5454
0.0476721 -0.00387339 0.998856 13.92 0.0844052 0.996431 -0.000164397 -2.51228 -0.99529 0.0843165 0.0478289 86.5766
0.0483428 -0.00542292 0.998816 14.5535 0.0853821 0.996347 0.00127702 -2.51951 -0.995175 0.0852192 0.0486292 86.5919
0.0471749 -0.0063763 0.998866 15.1746 0.0818384 0.996642 0.002497 -2.53174 -0.995529 0.0816278 0.0475383 86.6293
0.0461623 -0.00923586 0.998891 15.7942 0.0843533 0.996422 0.00531476 -2.53946 -0.995366 0.0840145 0.0467762 86.6544
0.0457952 -0.0108746 0.998892 16.4557 0.0893852 0.995974 0.00674488 -2.54327 -0.994944 0.0889773 0.0465829 86.6712
0.0437593 -0.0112886 0.998978 17.1144 0.0852654 0.99633 0.00752374 -2.54955 -0.995397 0.084849 0.0445612 86.7107
0.0435499 -0.00651541 0.99903 17.7754 0.0831544 0.996533 0.00287425 -2.55797 -0.995585 0.0829486 0.0439406 86.7388
0.0440737 -0.00219242 0.999026 18.4659 0.0862133 0.996275 -0.00161706 -2.56485 -0.995301 0.0862005 0.0440985 86.7601
0.0443543 -0.000401858 0.999016 19.112 0.0888408 0.99604 -0.00354369 -2.57099 -0.995058 0.0889105 0.0442143 86.7799
0.0445008 -0.00190975 0.999008 19.7185 0.0877997 0.996136 -0.00200678 -2.5755 -0.995144 0.0878018 0.0444965 86.8009
0.0453864 -0.00585992 0.998952 20.4322 0.0880369 0.996116 0.00184341 -2.58518 -0.995083 0.087861 0.045726 86.8183
0.0451596 -0.0104292 0.998925 21.1164 0.0854481 0.996321 0.00653904 -2.59172 -0.995319 0.0850609 0.0458846 86.8565
0.0452646 -0.0156957 0.998852 21.8793 0.0820167 0.996559 0.0119429 -2.59819 -0.995603 0.0813819 0.0463962 86.8958
0.044895 -0.0165621 0.998854 22.5952 0.0777339 0.996889 0.0130357 -2.609 -0.995963 0.0770596 0.0460428 86.9424
0.0453571 -0.00893476 0.998931 23.3776 0.0795906 0.996814 0.00530195 -2.61385 -0.995795 0.079265 0.0459237 86.984
0.0467603 0.00217452 0.998904 24.0747 0.0828831 0.996541 -0.00604927 -2.62288 -0.995462 0.0830751 0.0464183 87.0171
0.0463544 0.00741585 0.998898 24.7061 0.0847509 0.996338 -0.0113298 -2.63374 -0.995323 0.0851827 0.0455561 87.0574
0.0482377 0.00150199 0.998835 25.3014 0.0872354 0.996171 -0.00571093 -2.64912 -0.995019 0.0874092 0.047922 87.088
0.0501028 -0.00693363 0.99872 25.8923 0.0913166 0.995819 0.00233241 -2.66388 -0.994561 0.0910828 0.0505265 87.1092
0.050659 -0.00927896 0.998673 26.5075 0.0920863 0.99574 0.00458052 -2.66878 -0.994462 0.0917321 0.0512977 87.1421
0.0509421 -0.00852416 0.998665 27.1591 0.0909022 0.995852 0.00386322 -2.67949 -0.994556 0.0905841 0.0515057 87.1778
0.0495063 -0.00714424 0.998748 27.8049 0.0866312 0.996236 0.00283211 -2.69039 -0.99501 0.0863825 0.0499389 87.2218
0.0481473 -0.006606 0.998818 29.1771 0.0860646 0.996287 0.00244058 -2.70654 -0.995125 0.0858454 0.0485371 87.2863
0.0472464 -0.00686703 0.99886 29.8544 0.0872239 0.996185 0.00272292 -2.72077 -0.995068 0.0869958 0.0476651 87.3087
0.0452106 -0.00618081 0.998958 30.5198 0.0857493 0.996314 0.00228364 -2.73095 -0.99529 0.0855567 0.0455739 87.3423
0.0420332 -0.0056239 0.9991 31.2214 0.0824152 0.996596 0.00214251 -2.74606 -0.995711 0.082251 0.0423536 87.3901
0.0392819 -0.00576856 0.999212 35.2918 0.0798984 0.9968 0.0026136 -2.79357 -0.996029 0.0797328 0.0396171 87.6458
0.0393279 -0.00695708 0.999202 39.2658 0.0847932 0.996392 0.00360012 -2.8384 -0.995622 0.0845839 0.039776 87.678
0.0372823 -0.00675832 0.999282 41.2053 0.0842588 0.996437 0.00359546 -2.87117 -0.995746 0.0840643 0.0377189 87.7624
0.0354562 -0.00556861 0.999356 42.0607 0.0844747 0.996422 0.00255518 -2.88378 -0.995795 0.0843297 0.0357998 87.7989
0.034761 -0.00587905 0.999378 43.4522 0.0860802 0.996284 0.00286676 -2.91311 -0.995682 0.0859271 0.0351379 87.8494
0.034867 -0.00749251 0.999364 44.4658 0.0892629 0.995999 0.00435297 -2.93301 -0.995398 0.0890544 0.0353962 87.863
0.0344146 -0.00740463 0.99938 45.4269 0.0896937 0.99596 0.0042906 -2.9388 -0.995375 0.0894905 0.0349398 87.8881
0.0339029 -0.00787921 0.999394 46.2166 0.0892612 0.995997 0.00482438 -2.95251 -0.995431 0.0890435 0.0344704 87.9138
0.0327286 -0.00839637 0.999429 46.9359 0.0866 0.996228 0.00553356 -2.96306 -0.995705 0.0863695 0.0333323 87.9445
0.0317135 -0.00922459 0.999454 47.6283 0.0855276 0.996315 0.00648175 -2.97079 -0.995831 0.0852754 0.0323856 87.9748
0.0309196 -0.00935051 0.999478 48.6157 0.0853164 0.996332 0.00668175 -2.98626 -0.995874 0.0850653 0.0316039 88.0091
0.0312582 -0.00633006 0.999491 50.2449 0.0851472 0.996362 0.00364733 -3.01101 -0.995878 0.0849899 0.0316835 88.06
0.0311081 -0.003494 0.99951 51.6549 0.0841615 0.996452 0.000863918 -3.03996 -0.995966 0.0840934 0.0312918 88.1186
0.0313228 -0.00153026 0.999508 52.5785 0.0820948 0.996624 -0.00104686 -3.05671 -0.996132 0.0820872 0.0313427 88.1554
0.0316529 -0.000861814 0.999499 53.7895 0.0834948 0.996507 -0.00178494 -3.08485 -0.996005 0.0835094 0.0316143 88.1914
0.0317953 -0.00101948 0.999494 55.0458 0.0843302 0.996436 -0.0016663 -3.11231 -0.99593 0.0843405 0.0317679 88.2344
0.0323631 -0.00124077 0.999475 58.123 0.0858634 0.996306 -0.00154343 -3.15924 -0.995781 0.0858683 0.0323501 88.2906
0.0324719 -0.00030809 0.999473 58.6736 0.0829411 0.996552 -0.00238748 -3.16721 -0.996025 0.0829748 0.0323855 88.3118
0.0334325 -0.000223757 0.999441 61.9394 0.0810634 0.996706 -0.00248852 -3.26624 -0.996148 0.0811013 0.0333405 88.4318
0.0341562 -0.00242994 0.999414 63.3466 0.0838138 0.996481 -0.000441629 -3.30743 -0.995896 0.0837797 0.0342397 88.4669
0.0325405 -0.0029039 0.999466 64.5133 0.0819613 0.996635 0.000227194 -3.3285 -0.996104 0.0819102 0.032669 88.5236
0.0290316 -0.00301273 0.999574 66.4226 0.0791889 0.996859 0.000704592 -3.36548 -0.996437 0.0791347 0.029179 88.5954
0.0236168 -0.00308306 0.999716 66.9824 0.0747481 0.997202 0.00130949 -3.37794 -0.996923 0.074696 0.0237811 88.6188
0.0180613 0.00053856 0.999837 67.5105 0.0779145 0.996958 -0.00194447 -3.38631 -0.996796 0.0779369 0.0179644 88.6242
0.0121226 0.00304578 0.999922 68.0376 0.0799994 0.996787 -0.0040061 -3.39527 -0.996721 0.0800417 0.01184 88.6214
0.00643977 0.00481638 0.999968 68.5659 0.0808034 0.996716 -0.00532109 -3.4043 -0.996709 0.0808351 0.00602944 88.6129
0.00118054 0.00464075 0.999989 69.094 0.0782191 0.996925 -0.00471887 -3.41182 -0.996935 0.0782238 0.000813918 88.6103
-0.00556912 0.00353484 0.999978 69.62 0.0757712 0.99712 -0.00310275 -3.42239 -0.99711 0.0757523 -0.00582093 88.6218
-0.0088897 0.00415218 0.999952 70.211 0.0744804 0.997216 -0.00347868 -3.43404 -0.997183 0.0744459 -0.00917421 88.6083
-0.0129907 0.00315078 0.999911 70.759 0.0717939 0.997417 -0.00221018 -3.44742 -0.997335 0.0717588 -0.0131834 88.6076
-0.0156716 -7.0784e-05 0.999877 71.2786 0.0725836 0.997362 0.00120824 -3.45349 -0.997239 0.0725936 -0.0156251 88.6008
-0.0184225 -0.0033866 0.999825 71.8051 0.0741004 0.99724 0.0047432 -3.46162 -0.997081 0.0741747 -0.0181207 88.5998
-0.0193961 -0.00563606 0.999796 72.3182 0.074865 0.997169 0.00707363 -3.46604 -0.997005 0.074987 -0.0189192 88.5863
-0.019518 -0.00539908 0.999795 72.8627 0.0754987 0.997122 0.00685853 -3.46722 -0.996955 0.0756171 -0.0190542 88.5736
-0.0196041 -0.00150223 0.999807 73.4018 0.0775895 0.996981 0.00301935 -3.469 -0.996793 0.0776337 -0.0194283 88.5616
-0.0197582 0.00174378 0.999803 73.9158 0.0824957 0.996591 -0.000107893 -3.47802 -0.996396 0.0824774 -0.0198347 88.5489
-0.0196817 0.00584252 0.999789 74.4649 0.0900698 0.995927 -0.00404685 -3.48684 -0.995741 0.0899712 -0.0201278 88.5282
-0.0208945 0.00770548 0.999752 74.9727 0.0911443 0.995821 -0.00577029 -3.4907 -0.995618 0.0910012 -0.0215095 88.5216
-0.0225263 0.00666678 0.999724 75.473 0.0891152 0.996011 -0.00463403 -3.49764 -0.995767 0.0889862 -0.0230305 88.5251
-0.0224305 0.00196892 0.999746 75.9916 0.0896453 0.995974 4.98036e-05 -3.50682 -0.995721 0.0896237 -0.0225167 88.5158
-0.0233394 -0.000298303 0.999728 76.519 0.0924117 0.995718 0.00245453 -3.51763 -0.995447 0.0924438 -0.0232119 88.5062
-0.0245209 -0.000432217 0.999699 77.0663 0.0924758 0.995711 0.00269877 -3.52599 -0.995413 0.0925141 -0.0243758 88.4953
-0.0261047 0.00170831 0.999658 77.6641 0.0927267 0.995691 0.0007199 -3.53077 -0.995349 0.0927138 -0.0261506 88.483
-0.0287413 0.00275412 0.999583 78.338 0.0924808 0.995714 -8.43319e-05 -3.54261 -0.9953 0.0924398 -0.0288729 88.4718
-0.0302241 0.00333162 0.999538 78.9499 0.0944547 0.995529 -0.000462133 -3.55055 -0.99507 0.0943971 -0.0304036 88.4493
-0.0323104 0.00394379 0.99947 80.3408 0.0957949 0.995401 -0.000830924 -3.5702 -0.994877 0.0957173 -0.0325396 88.4107
-0.0345002 0.00397973 0.999397 81.6898 0.0949545 0.995481 -0.000686214 -3.58865 -0.994884 0.0948736 -0.0347222 88.374
-0.0363072 0.00485466 0.999329 83.5166 0.0932713 0.99564 -0.00144804 -3.61671 -0.994979 0.0931561 -0.0366017 88.3261
-0.0384181 0.0068189 0.999238 84.9355 0.0921963 0.995736 -0.00325028 -3.63822 -0.994999 0.0920013 -0.038883 88.3087
-0.0395302 0.0074921 0.99919 85.7699 0.0921112 0.995741 -0.00382211 -3.65121 -0.994964 0.0918855 -0.040052 88.2873
-0.0408443 0.00808598 0.999133 87.1849 0.092395 0.995713 -0.00428122 -3.67203 -0.994884 0.09214 -0.0414164 88.2391
-0.0424168 0.00658722 0.999078 88.2615 0.0923883 0.99572 -0.00264264 -3.68938 -0.994819 0.0921911 -0.0428438 88.2067
-0.0439129 0.00379656 0.999028 88.9941 0.0901954 0.995924 0.000179833 -3.70799 -0.994955 0.0901157 -0.0440764 88.1852
-0.0456308 0.00231474 0.998956 89.9393 0.0866133 0.996241 0.00164791 -3.71774 -0.995196 0.086598 -0.0456597 88.1553
-0.0484848 0.00132417 0.998823 90.9598 0.0859512 0.996295 0.00285142 -3.74048 -0.995119 0.0859883 -0.048419 88.1232
-0.0499998 0.00186437 0.998747 91.8813 0.0869509 0.996209 0.00249335 -3.75331 -0.994957 0.0869667 -0.0499724 88.0757
-0.0521691 0.00320761 0.998633 92.618 0.0867872 0.996226 0.00133393 -3.76187 -0.99486 0.0867381 -0.0522506 88.0398
-0.0533142 0.00676498 0.998555 93.3008 0.0880033 0.996118 -0.00204986 -3.77175 -0.994692 0.0877668 -0.0537026 88.0025
-0.0522326 0.0104045 0.998581 94.0407 0.0921382 0.995731 -0.00555537 -3.7875 -0.994375 0.0917172 -0.0529683 87.9444
-0.0534469 0.0143744 0.998467 94.7964 0.0935435 0.995572 -0.0093254 -3.80036 -0.99418 0.0929017 -0.0545548 87.9056
-0.0521407 0.0154076 0.998521 95.5676 0.0969892 0.995232 -0.0102923 -3.81624 -0.993919 0.0963091 -0.0533865 87.8575
-0.0518145 0.0145192 0.998551 96.4774 0.0995242 0.994992 -0.00930318 -3.83721 -0.993685 0.098898 -0.053 87.811
-0.0516757 0.0129525 0.99858 97.6332 0.100374 0.99492 -0.00771077 -3.85941 -0.993607 0.0998327 -0.0527133 87.7544
-0.0508602 0.0119039 0.998635 99.1135 0.100801 0.994884 -0.00672548 -3.88279 -0.993606 0.100321 -0.0517999 87.6799
-0.0493095 0.00915668 0.998742 100.611 0.10042 0.994936 -0.00416389 -3.92333 -0.993722 0.100088 -0.0499793 87.6217
-0.0478916 0.00612411 0.998834 101.881 0.100775 0.994908 -0.00126812 -3.94684 -0.993756 0.100597 -0.0482649 87.5694
-0.0456286 0.00242067 0.998956 103.017 0.101726 0.99481 0.00223585 -3.9705 -0.993766 0.101722 -0.045638 87.5074
-0.0439565 0.00165354 0.999032 103.869 0.0995997 0.995024 0.00273539 -3.99494 -0.994056 0.0996235 -0.0439024 87.4803
-0.0423281 0.00612263 0.999085 104.644 0.101194 0.994865 -0.00180951 -4.00761 -0.993966 0.101025 -0.0427303 87.4493
-0.0398582 0.0122491 0.99913 105.366 0.103265 0.994621 -0.00807426 -4.02295 -0.993855 0.102854 -0.0409087 87.4204
-0.0385799 0.0159831 0.999128 107.731 0.100913 0.994823 -0.0120176 -4.07325 -0.994147 0.100362 -0.0399931 87.3577
-0.0373411 0.0136652 0.999209 108.407 0.0989646 0.995042 -0.00990982 -4.08879 -0.99439 0.0985162 -0.0385083 87.3388
-0.0365981 0.0112476 0.999267 109.084 0.0981658 0.995141 -0.00760587 -4.10438 -0.994497 0.0978154 -0.0375244 87.3226
-0.0354576 0.00937755 0.999327 109.809 0.099759 0.994995 -0.0057973 -4.12356 -0.99438 0.0994863 -0.0362156 87.2896
-0.0344 0.00980512 0.99936 110.487 0.0991268 0.995055 -0.00635073 -4.13415 -0.99448 0.0988449 -0.0352018 87.2694
-0.0332538 0.010309 0.999394 111.178 0.10025 0.994938 -0.00692736 -4.14886 -0.994406 0.0999591 -0.0341189 87.244
-0.0329287 0.00796189 0.999426 111.888 0.102126 0.994761 -0.00455991 -4.16788 -0.994226 0.101918 -0.0335693 87.2242
-0.0330105 0.00668533 0.999433 112.635 0.103555 0.994618 -0.00323277 -4.1929 -0.994076 0.10339 -0.0335252 87.2129
-0.0332084 0.00790579 0.999417 113.383 0.104439 0.994522 -0.0043968 -4.20938 -0.993977 0.104232 -0.0338522 87.1973
-0.0322372 0.0100008 0.99943 114.153 0.104176 0.994537 -0.00659155 -4.22907 -0.994036 0.103904 -0.0331029 87.1764
-0.0322159 0.011724 0.999412 114.9 0.0990246 0.995049 -0.00848079 -4.24859 -0.994563 0.0986931 -0.0332174 87.1679
-0.0319415 0.00767958 0.99946 115.691 0.0944128 0.995522 -0.004632 -4.26871 -0.995021 0.0942138 -0.0325236 87.1548
-0.0337962 0.00613226 0.99941 116.486 0.0875305 0.996157 -0.00315236 -4.29261 -0.995588 0.0873723 -0.034203 87.1578
-0.0353253 0.00692698 0.999352 117.246 0.0835871 0.996493 -0.00395251 -4.31278 -0.995874 0.0833933 -0.0357804 87.1438
-0.0364456 0.0123244 0.99926 118.072 0.081555 0.996625 -0.0093174 -4.33175 -0.996002 0.0811551 -0.0373277 87.1229
-0.0372615 0.0148402 0.999195 118.926 0.0807117 0.996668 -0.0117928 -4.35432 -0.996041 0.0802073 -0.0383351 87.0984
-0.0366524 0.0156011 0.999206 119.656 0.0826984 0.996496 -0.0125253 -4.37224 -0.9959 0.0821736 -0.0378142 87.0645
-0.0367461 0.0156016 0.999203 120.419 0.0845278 0.996343 -0.0124484 -4.39193 -0.995743 0.084003 -0.0379305 87.033
-0.037499 0.0167 0.999157 121.2 0.0850941 0.996282 -0.0134584 -4.41419 -0.995667 0.0845177 -0.0387806 87.0104
-0.0374822 0.0198054 0.999101 122.104 0.0866345 0.996104 -0.0164959 -4.44616 -0.995535 0.0859384 -0.039052 86.9764
-0.0380619 0.0208793 0.999057 123.07 0.0851081 0.996217 -0.0175775 -4.48345 -0.995644 0.0843589 -0.0396949 86.9487
-0.0386893 0.0220118 0.999009 123.85 0.0841192 0.99628 -0.018694 -4.50411 -0.995704 0.0833126 -0.040397 86.9121
-0.0397413 0.0209024 0.998991 124.51 0.0830672 0.99639 -0.0175434 -4.52916 -0.995751 0.0822862 -0.0413342 86.8787
-0.0421952 0.0221623 0.998864 125.204 0.0827705 0.996395 -0.018611 -4.55617 -0.995675 0.0818912 -0.0438774 86.8485
-0.0445945 0.0246959 0.9987 125.952 0.0830945 0.996322 -0.0209267 -4.58677 -0.995543 0.0820532 -0.0464826 86.8085
-0.0474116 0.0264988 0.998524 126.631 0.0829814 0.996297 -0.0224997 -4.6084 -0.995423 0.0817922 -0.0494349 86.7797
-0.0500529 0.0263853 0.998398 127.297 0.0843444 0.996192 -0.0220986 -4.6372 -0.995179 0.0831031 -0.0520877 86.7414
-0.0524088 0.0248835 0.998316 128.05 0.0873217 0.995975 -0.020241 -4.66735 -0.994801 0.0861138 -0.0543707 86.6961
-0.0543612 0.0259762 0.998183 128.773 0.0893767 0.995776 -0.021046 -4.69272 -0.994513 0.0880703 -0.0564532 86.6492
-0.0553818 0.0310987 0.997981 129.527 0.0848007 0.99605 -0.0263326 -4.7247 -0.994858 0.0831712 -0.0578002 86.6051
-0.0577266 0.0377792 0.997617 130.389 0.0809254 0.996172 -0.0330418 -4.77296 -0.995047 0.0788252 -0.060563 86.5714
-0.059804 0.0403876 0.997393 131.169 0.0859364 0.99568 -0.0351655 -4.80429 -0.994504 0.0836093 -0.0630164 86.5141
-0.0628655 0.0388312 0.997266 131.94 0.0882812 0.995542 -0.033199 -4.83457 -0.99411 0.0859527 -0.0660134 86.4657
-0.0649281 0.0314439 0.997394 132.765 0.0876776 0.995818 -0.0256866 -4.86993 -0.994031 0.0857814 -0.0674134 86.401
-0.0654902 0.0291992 0.997426 133.578 0.0895825 0.995708 -0.023267 -4.91113 -0.993824 0.0878281 -0.0678248 86.3308
-0.0667038 0.032149 0.997255 134.419 0.0884887 0.995733 -0.0261811 -4.94644 -0.993841 0.0864994 -0.069264 86.2747
-0.0692009 0.035457 0.996972 135.436 0.0860302 0.995857 -0.0294459 -4.99572 -0.993886 0.083732 -0.0719646 86.2067
-0.072002 0.0379598 0.996682 136.514 0.0851404 0.995862 -0.0317779 -5.04829 -0.993764 0.0825698 -0.074936 86.1382
-0.0733662 0.0423966 0.996404 137.575 0.0899101 0.995309 -0.0357298 -5.09804 -0.993244 0.0869654 -0.0768339 86.0433
-0.0748385 0.0467029 0.996101 138.644 0.0904175 0.995106 -0.039863 -5.15705 -0.993088 0.0870817 -0.078695 85.9568
-0.0776854 0.0494857 0.995749 139.443 0.0901946 0.995021 -0.0424128 -5.1955 -0.99289 0.0865163 -0.0817619 85.8936
-0.0806201 0.0470693 0.995633 140.135 0.090915 0.995068 -0.0396809 -5.23346 -0.99259 0.0873188 -0.0845018 85.8459
-0.0849149 0.0431247 0.995455 140.871 0.0952146 0.994842 -0.0349761 -5.27644 -0.991828 0.0918119 -0.088583 85.781
-0.0901802 0.0418958 0.995044 141.473 0.098132 0.994627 -0.0329846 -5.30616 -0.991079 0.0946711 -0.0938069 85.7194
-0.0958166 0.0413338 0.99454 142.096 0.0976064 0.994713 -0.0319373 -5.33348 -0.990602 0.0940134 -0.0993444 85.656
-0.104593 0.0420134 0.993627 142.731 0.0972641 0.99475 -0.0318225 -5.3654 -0.989747 0.0933159 -0.10813 85.5894
-0.11433 0.0433477 0.992497 143.382 0.098005 0.994666 -0.0321528 -5.39232 -0.988597 0.0935936 -0.117968 85.5047
-0.126264 0.0447737 0.990986 144.021 0.0981963 0.994639 -0.0324273 -5.41913 -0.987125 0.0932167 -0.129983 85.4208
-0.137521 0.0463481 0.989414 144.687 0.10035 0.994417 -0.0326346 -5.44378 -0.985402 0.0947996 -0.141404 85.3124
-0.150382 0.0457978 0.987567 145.299 0.101474 0.994366 -0.0306612 -5.47522 -0.983407 0.0956011 -0.154182 85.2189
-0.162179 0.0457164 0.985702 145.977 0.103687 0.994186 -0.0290501 -5.50529 -0.981299 0.097493 -0.165976 85.1061
-0.171716 0.0458477 0.984079 146.534 0.107861 0.993786 -0.0274788 -5.52753 -0.979224 0.101426 -0.175594 84.9953
-0.180482 0.0463358 0.982486 147.087 0.11481 0.993054 -0.0257436 -5.55158 -0.976854 0.108153 -0.184549 84.8842
-0.188046 0.0463078 0.981068 147.634 0.117853 0.992734 -0.0242691 -5.56865 -0.975064 0.111058 -0.192137 84.7679
-0.194754 0.0463715 0.979755 148.155 0.116106 0.992949 -0.0239166 -5.59204 -0.973956 0.109098 -0.198764 84.6661
-0.198519 0.0442416 0.979098 148.666 0.122091 0.992316 -0.020084 -5.61273 -0.972463 0.115552 -0.202395 84.5462
-0.198266 0.0417192 0.97926 149.178 0.131921 0.991139 -0.0155159 -5.62912 -0.97123 0.126109 -0.202013 84.4134
-0.198976 0.039752 0.979198 149.733 0.138542 0.990283 -0.0120499 -5.64761 -0.970162 0.133262 -0.20255 84.2895
-0.199616 0.0378986 0.979141 150.3 0.140849 0.989984 -0.00960369 -5.66978 -0.969698 0.135994 -0.202954 84.1692
-0.199161 0.0436286 0.978995 150.843 0.143594 0.989525 -0.0148859 -5.68472 -0.969389 0.137613 -0.20334 84.0565
-0.197766 0.04704 0.97912 151.371 0.143037 0.989542 -0.0186495 -5.70139 -0.969757 0.136363 -0.202426 83.9522
-0.196485 0.0463461 0.979411 151.867 0.144569 0.989334 -0.0178129 -5.72028 -0.96979 0.138093 -0.201089 83.8473
-0.194451 0.044897 0.979884 152.393 0.14609 0.989137 -0.0163305 -5.73524 -0.969973 0.139976 -0.198897 83.7393
-0.193101 0.0410395 0.98032 152.876 0.146702 0.989102 -0.0125101 -5.76205 -0.97015 0.141399 -0.197017 83.6455
-0.191286 0.0414709 0.980658 153.373 0.147208 0.989019 -0.0131102 -5.77949 -0.970433 0.141853 -0.19529 83.546
-0.188282 0.0443371 0.981114 153.876 0.14943 0.988643 -0.0160008 -5.79225 -0.97068 0.143595 -0.192769 83.4452
-0.184779 0.0456607 0.981719 154.383 0.150081 0.988515 -0.0177284 -5.81179 -0.971253 0.144062 -0.18951 83.3562
-0.178731 0.0446983 0.982882 154.928 0.151322 0.988331 -0.0174292 -5.82944 -0.972192 0.145616 -0.183409 83.2528
-0.172272 0.0426308 0.984127 155.625 0.153937 0.987953 -0.0158497 -5.858 -0.972947 0.148763 -0.176759 83.1226
-0.16816 0.0407717 0.984916 156.882 0.152791 0.988147 -0.0148188 -5.90769 -0.973847 0.147994 -0.172396 82.9302
-0.164159 0.0393454 0.985649 158.073 0.154069 0.987964 -0.0137777 -5.96147 -0.974328 0.149596 -0.168245 82.7335
-0.161033 0.0377848 0.986226 158.75 0.154645 0.98789 -0.012598 -5.98632 -0.974758 0.150486 -0.164926 82.6358
-0.156199 0.0366514 0.987045 159.517 0.159862 0.987074 -0.0113544 -6.00209 -0.974703 0.156018 -0.160039 82.4956
-0.151624 0.0351589 0.987813 160.422 0.163561 0.986482 -0.0100057 -6.02394 -0.974812 0.160051 -0.155325 82.3385
-0.148476 0.0339214 0.988334 161.349 0.162465 0.986669 -0.00945743 -6.06153 -0.975479 0.159165 -0.152007 82.2083
-0.145359 0.0351156 0.988756 162.628 0.15903 0.987205 -0.0116812 -6.11238 -0.976514 0.155544 -0.149083 82.0492
-0.140911 0.0382772 0.989282 163.803 0.159324 0.987105 -0.0154993 -6.15646 -0.977118 0.155432 -0.145192 81.8911
-0.135674 0.0416086 0.989879 165.085 0.162469 0.986527 -0.0191996 -6.20235 -0.977342 0.15822 -0.140606 81.7229
-0.128338 0.0427692 0.990808 166.605 0.16251 0.986472 -0.0215323 -6.25281 -0.978325 0.158253 -0.133553 81.5221
-0.119399 0.0410009 0.991999 168.044 0.159725 0.986926 -0.0215664 -6.32556 -0.979914 0.155872 -0.124387 81.3626
-0.108712 0.0391057 0.993304 169.177 0.157687 0.987253 -0.0216094 -6.37465 -0.981487 0.154282 -0.113493 81.2598
-0.0946147 0.0380804 0.994785 170.744 0.160586 0.986765 -0.0224999 -6.42847 -0.982477 0.15762 -0.0994777 81.0703
