1 0 0 0 0 1 0 0 0 0 1 0
1 -0.000777378 0.000600127 0.00576795 0.000778008 0.999999 -0.00105068 -0.0142165 -0.00059931 0.00105115 0.999999 0.943276
0.999996 -0.00193302 0.00222507 0.00182353 0.00193401 0.999998 -0.000443563 -0.0325963 -0.0022242 0.000447865 0.999997 1.90974
0.99999 -0.00322612 0.00294229 0.00527539 0.00322685 0.999995 -0.000244263 -0.048191 -0.00294148 0.000253755 0.999996 2.92601
0.999987 -0.00385361 0.00321402 0.0103442 0.00385489 0.999992 -0.000392905 -0.0615264 -0.00321248 0.00040529 0.999995 3.84479
0.999982 -0.00428962 0.00409899 0.00565343 0.00428976 0.999991 -2.52501e-05 -0.0849525 -0.00409885 4.28333e-05 0.999992 4.84207
0.999981 -0.00326873 0.0052095 0.000938047 0.00327209 0.999994 -0.000637805 -0.107396 -0.00520739 0.000654839 0.999986 5.84016
0.999974 -0.00392849 0.00611576 -0.00122179 0.00393308 0.999992 -0.000737976 -0.130772 -0.00611281 0.00076201 0.999981 6.84912
0.999969 -0.00434235 0.00649871 -0.00489742 0.00433775 0.99999 0.000722978 -0.147513 -0.00650179 -0.000694766 0.999979 7.77116
0.999973 -0.00518447 0.00528051 -0.00463163 0.00517675 0.999986 0.00147372 -0.161557 -0.00528808 -0.00144634 0.999985 8.64906
0.999972 -0.00698888 0.00278613 -0.00174204 0.00698625 0.999975 0.000954433 -0.175981 -0.00279273 -0.000934942 0.999996 9.54923
0.999973 -0.00725014 0.000716488 -0.00560056 0.00724984 0.999974 0.000414784 -0.190756 -0.000719477 -0.000409578 1 10.471
0.999981 -0.00619557 -0.000620881 -0.015614 0.00619584 0.999981 0.000440591 -0.208138 0.000618139 -0.000444429 1 11.4168
0.999972 -0.00712052 -0.00246358 -0.0123812 0.0071207 0.999975 6.56707e-05 -0.223124 0.00246305 -8.32113e-05 0.999997 12.4182
0.999969 -0.00736773 -0.00265576 -0.0233724 0.0073683 0.999973 0.000205108 -0.241723 0.00265418 -0.00022467 0.999996 13.4337
0.999968 -0.00751709 -0.00269229 -0.0378383 0.00751848 0.999972 0.000504815 -0.257811 0.00268842 -0.000525041 0.999996 14.4129
0.999962 -0.00840117 -0.00240818 -0.0529475 0.00840143 0.999965 9.57594e-05 -0.270194 0.00240729 -0.000115988 0.999997 15.3393
0.999981 -0.00586011 -0.00189948 -0.0691489 0.0058582 0.999982 -0.00100643 -0.284797 0.00190534 0.000995284 0.999998 16.2825
0.999987 -0.00488509 -0.00163189 -0.087369 0.0048818 0.999986 -0.00201383 -0.30238 0.0016417 0.00200583 0.999997 17.1983
0.999987 -0.00452589 -0.00236839 -0.094684 0.00452315 0.999989 -0.00116258 -0.327149 0.00237362 0.00115185 0.999997 18.1443
0.999991 -0.00327856 -0.00263927 -0.115161 0.00327462 0.999994 -0.0014961 -0.344305 0.00264416 0.00148745 0.999995 19.1066
0.999998 -0.00103204 -0.00143791 -0.142113 0.00102807 0.999996 -0.00275378 -0.356374 0.00144075 0.0027523 0.999995 20.0224
0.999998 0.00138656 -0.00159982 -0.157031 -0.00139051 0.999996 -0.00246836 -0.369213 0.00159639 0.00247058 0.999996 20.9116
0.999998 0.00099466 -0.00150471 -0.172363 -0.00099534 0.999999 -0.000451207 -0.392703 0.00150426 0.000452704 0.999999 21.8496
0.999995 0.00201951 -0.00223563 -0.182431 -0.00202012 0.999998 -0.000270194 -0.410925 0.00223508 0.000274709 0.999997 22.8078
0.99999 0.00376844 -0.00257003 -0.197789 -0.00377064 0.999993 -0.000855195 -0.433676 0.00256679 0.000864877 0.999996 23.8631
0.999988 0.00326064 -0.00351869 -0.206755 -0.00326682 0.999993 -0.00175244 -0.454325 0.00351295 0.00176391 0.999992 24.7665
0.999985 0.00330859 -0.00446365 -0.21333 -0.00331753 0.999993 -0.00199709 -0.46939 0.00445701 0.00201187 0.999988 25.6211
0.999981 0.000129091 -0.00609319 -0.212045 -0.000138179 0.999999 -0.00149125 -0.484855 0.00609299 0.00149207 0.99998 26.5068
0.99997 -0.00139516 -0.00758057 -0.213276 0.00138637 0.999998 -0.00116522 -0.503384 0.00758218 0.00115468 0.999971 27.4051
0.999971 -0.00162086 -0.00746963 -0.232533 0.00160977 0.999998 -0.00149039 -0.518422 0.00747203 0.00147832 0.999971 28.3065
0.999976 -0.000222449 -0.00692659 -0.265219 0.000214343 0.999999 -0.00117095 -0.540194 0.00692684 0.00116943 0.999975 29.2468
0.999971 -0.00196476 -0.00732611 -0.275696 0.00195913 0.999998 -0.000775818 -0.557085 0.00732762 0.000761443 0.999973 30.1338
0.999975 -0.00153638 -0.00687228 -0.29235 0.00153941 0.999999 0.000434949 -0.574034 0.0068716 -0.000445517 0.999976 30.9933
0.999982 0.000490611 -0.00596652 -0.313162 -0.000482664 0.999999 0.0013333 -0.591456 0.00596717 -0.0013304 0.999981 31.8661
0.999984 0.00242271 -0.00503778 -0.332771 -0.00241743 0.999997 0.00105484 -0.609525 0.00504032 -0.00104265 0.999987 32.7404
0.999984 0.0030415 -0.00474947 -0.342867 -0.00303785 0.999995 0.000775958 -0.622328 0.0047518 -0.000761518 0.999988 33.6112
0.999972 0.00660162 -0.00340464 -0.359887 -0.00659257 0.999975 0.00266306 -0.636958 0.00342214 -0.00264054 0.999991 34.4509
0.99997 0.00763934 -0.00101402 -0.374901 -0.0076334 0.999954 0.0057441 -0.649929 0.00105786 -0.00573619 0.999983 35.3668
0.999984 0.00567078 -0.000326699 -0.366895 -0.00566776 0.999947 0.00859829 -0.661579 0.00037544 -0.0085963 0.999963 36.2543
0.999971 0.00722767 0.0025195 -0.378014 -0.00725821 0.999898 0.0123315 -0.675146 -0.00243011 -0.0123494 0.999921 37.1473
0.999984 0.00440728 0.00358183 -0.37508 -0.00445517 0.999899 0.0134735 -0.680787 -0.00352209 -0.0134892 0.999903 38.0994
0.999968 0.00522602 0.00606427 -0.387578 -0.00529787 0.999915 0.0118938 -0.685272 -0.0060016 -0.0119256 0.999911 39.0651
0.999942 0.00722803 0.00799534 -0.396301 -0.00730565 0.999926 0.00972279 -0.684519 -0.00792447 -0.00978063 0.999921 40.0178
0.999923 0.00886339 0.00872292 -0.394505 -0.00894211 0.999919 0.00902667 -0.690186 -0.00864221 -0.00910397 0.999921 40.954
0.999903 0.00980354 0.00988721 -0.399213 -0.00988925 0.999914 0.00865775 -0.6997 -0.00980148 -0.00875468 0.999914 41.9035
0.999905 0.00980165 0.00967569 -0.398312 -0.00987336 0.999924 0.00739162 -0.707212 -0.00960251 -0.00748645 0.999926 42.8814
0.999932 0.00902587 0.00732619 -0.388851 -0.00908239 0.999929 0.00771864 -0.713528 -0.007256 -0.00778466 0.999943 43.8002
0.999942 0.00898989 0.00596195 -0.388543 -0.00904397 0.999918 0.009107 -0.72523 -0.00587958 -0.00916039 0.999941 44.758
0.999943 0.00908803 0.00568951 -0.395058 -0.0091464 0.999905 0.0103183 -0.743989 -0.0055952 -0.0103697 0.999931 45.6992
0.999924 0.0115858 0.00423564 -0.391596 -0.0116286 0.99988 0.0102104 -0.748888 -0.00411684 -0.0102588 0.999939 46.6827
0.999928 0.0116356 0.00306626 -0.389492 -0.0116667 0.999879 0.0103104 -0.758493 -0.00294592 -0.0103454 0.999942 47.615
0.99995 0.00971719 0.00244035 -0.388512 -0.00974111 0.999903 0.00998617 -0.767973 -0.00234307 -0.0100094 0.999947 48.595
0.999969 0.00766657 0.00193564 -0.38708 -0.00768408 0.999928 0.00920558 -0.777909 -0.00186493 -0.00922017 0.999956 49.5855
0.999987 0.00504942 0.000752074 -0.384162 -0.00505717 0.99993 0.0106923 -0.786343 -0.000698032 -0.010696 0.999943 50.5453
0.999988 0.00481687 -6.75325e-05 -0.385467 -0.00481568 0.999914 0.0122197 -0.796842 0.000126387 -0.0122192 0.999925 51.558
0.999985 0.00548677 0.000175287 -0.399106 -0.00548827 0.999933 0.0102017 -0.800681 -0.000119301 -0.0102025 0.999948 52.5317
0.999976 0.00691543 6.4154e-05 -0.409752 -0.00691572 0.999939 0.00863292 -0.803437 -4.44971e-06 -0.00863316 0.999963 53.5364
0.999969 0.00780284 -0.000705744 -0.410277 -0.00779633 0.999931 0.00880088 -0.812151 0.000774367 -0.00879511 0.999961 54.4843
0.999952 0.00982638 -0.000501698 -0.420941 -0.00982144 0.999911 0.00904366 -0.82426 0.00059052 -0.0090383 0.999959 55.5415
0.999945 0.0104703 -0.000464033 -0.431769 -0.0104657 0.999903 0.00916008 -0.829411 0.000559897 -0.00915472 0.999958 56.573
0.999949 0.0100749 -0.000144501 -0.434527 -0.0100728 0.999893 0.0106072 -0.843329 0.000251352 -0.0106052 0.999944 57.6334
0.999931 0.0117033 0.00135283 -0.437434 -0.0117186 0.999861 0.0118939 -0.857916 -0.00121344 -0.0119089 0.999928 58.6144
0.99993 0.0110162 0.00442278 -0.443944 -0.0110603 0.999888 0.0100868 -0.87288 -0.00431117 -0.010135 0.999939 59.6274
0.999957 0.00701453 0.00601976 -0.430237 -0.00704279 0.999964 0.00468528 -0.879636 -0.00598668 -0.00472748 0.999971 60.6422
0.999954 0.00571331 0.00769352 -0.420612 -0.00574171 0.999977 0.00367438 -0.886585 -0.00767235 -0.00371838 0.999964 61.738
0.999938 0.00421384 0.0102867 -0.412737 -0.00429015 0.999963 0.00740727 -0.902707 -0.0102551 -0.00745094 0.99992 62.746
0.999875 0.00597157 0.014631 -0.418484 -0.00609542 0.999946 0.00843499 -0.913396 -0.0145799 -0.00852312 0.999857 63.7204
0.999798 0.00673636 0.0189501 -0.413574 -0.00686089 0.999955 0.00651427 -0.925568 -0.0189054 -0.00664297 0.999799 64.6801
0.999738 0.00405705 0.0225442 -0.396411 -0.00410871 0.999989 0.0022457 -0.931618 -0.0225348 -0.00233774 0.999743 65.708
0.999655 0.00375185 0.0259815 -0.375508 -0.00372103 0.999992 -0.00123452 -0.954266 -0.025986 0.00113742 0.999662 66.6778
0.999589 0.00219063 0.0285788 -0.344413 -0.00212992 0.999995 -0.00215459 -0.972227 -0.0285834 0.00209283 0.999589 67.5794
0.999463 0.0022278 0.032696 -0.3245 -0.00221754 0.999997 -0.000349876 -0.992802 -0.0326967 0.000277184 0.999465 68.4815
0.999339 0.00247084 0.0362692 -0.295083 -0.00247826 0.999997 0.000159692 -1.01248 -0.0362687 -0.000249471 0.999342 69.3627
0.99918 0.00495168 0.040176 -0.270941 -0.00488173 0.999986 -0.00183893 -1.03027 -0.0401846 0.0016413 0.999191 70.2565
0.999103 0.00483401 0.0420764 -0.224411 -0.00466959 0.999981 -0.00400494 -1.04983 -0.042095 0.00380487 0.999106 71.138
0.998725 0.0141871 0.0484518 -0.235519 -0.0139428 0.999888 -0.00537693 -1.06098 -0.0485226 0.00469452 0.998811 72.0438
0.998749 0.00882246 0.0492176 -0.165885 -0.00861015 0.999953 -0.00452414 -1.07689 -0.0492552 0.0040947 0.998778 72.9651
0.99858 0.00848582 0.0526 -0.131376 -0.00832934 0.99996 -0.00319343 -1.09527 -0.052625 0.00275077 0.998611 73.9086
0.998388 0.0103856 0.0557939 -0.0909474 -0.0103267 0.999946 -0.00134292 -1.11562 -0.0558048 0.000764586 0.998441 74.8687
0.997969 0.0182015 0.0610399 -0.0840571 -0.0181636 0.999834 -0.00117562 -1.12566 -0.0610512 6.45267e-05 0.998135 75.8226
0.997924 0.0137574 0.0629092 -0.0155731 -0.0135512 0.999901 -0.0037034 -1.14639 -0.062954 0.00284321 0.998012 76.8333
0.99769 0.0150518 0.0662379 0.0273949 -0.0145808 0.999865 -0.00758805 -1.16474 -0.0663431 0.00660473 0.997775 77.8062
0.997701 0.0123012 0.0666435 0.110442 -0.0116246 0.999877 -0.010531 -1.18797 -0.0667649 0.00973213 0.997721 78.7692
0.99762 0.0119077 0.0679169 0.174931 -0.0111645 0.999874 -0.011311 -1.21403 -0.068043 0.0105259 0.997627 79.7591
0.997459 0.0157845 0.0694741 0.210655 -0.0150686 0.999828 -0.0108168 -1.23671 -0.0696329 0.00974244 0.997525 80.6485
0.997417 0.0188302 0.0693114 0.25445 -0.0182402 0.999792 -0.00913664 -1.25889 -0.069469 0.00784879 0.997553 81.522
0.997306 0.0229088 0.0696877 0.288257 -0.0223991 0.999716 -0.00808702 -1.27872 -0.0698532 0.00650429 0.997536 82.4512
0.997336 0.0257177 0.0682638 0.336536 -0.0252637 0.999653 -0.00750585 -1.29476 -0.0684331 0.00576125 0.997639 83.4215
0.997284 0.0300574 0.067233 0.373797 -0.0296575 0.999536 -0.00693869 -1.31945 -0.0674104 0.00492589 0.997713 84.4262
0.997525 0.0289131 0.0640868 0.429398 -0.0285213 0.999569 -0.00702078 -1.34135 -0.0642622 0.00517557 0.99792 85.3886
0.997691 0.0305825 0.060634 0.474298 -0.0301886 0.999517 -0.0074015 -1.36511 -0.060831 0.00555396 0.998133 86.3322
0.997814 0.0331573 0.0571654 0.51255 -0.0328243 0.999438 -0.00675364 -1.38853 -0.0573572 0.00486246 0.998342 87.3066
0.997926 0.0355456 0.0536699 0.554062 -0.0353024 0.999362 -0.00547203 -1.41607 -0.0538301 0.00356601 0.998544 88.3256
0.998084 0.0369471 0.0496226 0.592322 -0.0367709 0.999314 -0.00445924 -1.43953 -0.0497533 0.00262603 0.998758 89.3472
0.998153 0.0393269 0.0463112 0.613246 -0.0391846 0.999224 -0.0039769 -1.45621 -0.0464316 0.00215487 0.998919 90.2701
0.998242 0.0411877 0.0426182 0.629086 -0.0410458 0.999148 -0.00420112 -1.46982 -0.0427549 0.00244444 0.999083 91.2301
0.998358 0.0427586 0.0381301 0.650034 -0.0426318 0.999082 -0.00413283 -1.49201 -0.0382719 0.00250048 0.999264 92.2177
0.998533 0.042904 0.0330357 0.679027 -0.0427771 0.999074 -0.00453917 -1.50994 -0.0331998 0.00311934 0.999444 93.2396
0.998699 0.0429713 0.0274571 0.702139 -0.0428489 0.999069 -0.00503211 -1.5293 -0.0276478 0.00384905 0.99961 94.2212
0.998417 0.0494691 0.0267679 0.679003 -0.0493412 0.998767 -0.00541717 -1.5492 -0.0270029 0.00408783 0.999627 95.1447
0.998259 0.0530989 0.0256615 0.677514 -0.052978 0.998581 -0.00536773 -1.57164 -0.0259101 0.00399889 0.999656 96.1684
0.998121 0.0557927 0.0253362 0.685665 -0.0556692 0.998434 -0.00555371 -1.59329 -0.0256063 0.00413283 0.999664 97.1271
0.997799 0.061341 0.0251742 0.688405 -0.0612195 0.998109 -0.00556869 -1.61089 -0.0254682 0.00401528 0.999668 98.0762
0.9977 0.063187 0.0245528 0.700004 -0.0630904 0.997997 -0.00468796 -1.63221 -0.0247998 0.00312813 0.999688 99.0446
0.997476 0.0667976 0.0240678 0.703881 -0.0667166 0.997763 -0.00415444 -1.65383 -0.0242915 0.00253824 0.999702 100.036
0.997169 0.071254 0.024032 0.707909 -0.0712203 0.997458 -0.00225454 -1.66929 -0.0241316 0.000536586 0.999709 100.978
0.99727 0.0701006 0.0232005 0.726044 -0.0701399 0.997537 0.000882811 -1.68491 -0.0230815 -0.00250768 0.99973 101.942
0.99737 0.0692007 0.0215577 0.75021 -0.0692249 0.997601 0.000381106 -1.70112 -0.0214796 -0.00187243 0.999768 102.995
0.997487 0.0677187 0.0208498 0.767827 -0.067708 0.997704 -0.00121813 -1.71672 -0.0208845 -0.000196633 0.999782 104.114
0.997516 0.0672786 0.0208793 0.77365 -0.0672851 0.997734 -0.000393405 -1.73056 -0.0208585 -0.00101244 0.999782 105.055
0.997595 0.0661768 0.0206337 0.783687 -0.0662166 0.997804 0.00124838 -1.7444 -0.0205058 -0.00261167 0.999786 106.134
0.997608 0.0656058 0.0217579 0.793043 -0.0656926 0.997834 0.00330063 -1.7647 -0.0214943 -0.00472207 0.999758 107.25
0.997796 0.0630312 0.0207213 0.818969 -0.0631394 0.997994 0.0046086 -1.78468 -0.0203893 -0.00590678 0.999775 108.415
0.99804 0.0590627 0.0206588 0.836196 -0.0591327 0.998246 0.00279311 -1.79907 -0.0204576 -0.00400925 0.999783 109.503
0.998267 0.0556873 0.0190061 0.870406 -0.0557374 0.998443 0.00211959 -1.81583 -0.0188585 -0.00317527 0.999817 110.609
0.998219 0.0562157 0.0199469 0.873869 -0.0562673 0.998414 0.00203212 -1.83124 -0.019801 -0.00315086 0.999799 111.63
0.998192 0.0563206 0.0209776 0.886133 -0.0563817 0.998407 0.00233291 -1.84637 -0.0208128 -0.00351144 0.999777 112.66
0.998337 0.0539651 0.0202954 0.926841 -0.0540575 0.99853 0.00402889 -1.86067 -0.0200481 -0.00511931 0.999786 113.82
0.99803 0.0587626 0.0220006 0.924972 -0.058898 0.998249 0.00555629 -1.87891 -0.0216356 -0.00684113 0.999743 115.059
0.998051 0.0582743 0.0223221 0.943783 -0.0583736 0.998287 0.00382333 -1.89558 -0.0220611 -0.0051189 0.999744 116.283
0.997935 0.0596983 0.0236868 0.955667 -0.059758 0.998211 0.00181904 -1.91318 -0.0235358 -0.00323076 0.999718 117.531
0.997783 0.0616988 0.0249528 0.964803 -0.0616948 0.998095 -0.00093131 -1.93 -0.0249628 -0.000610215 0.999688 118.74
0.997874 0.0603903 0.0244958 0.993732 -0.06028 0.998168 -0.00521813 -1.94857 -0.0247661 0.00373043 0.999686 119.887
0.997885 0.0602549 0.0243868 1.01445 -0.0600652 0.998159 -0.00843609 -1.9797 -0.0248502 0.00695344 0.999667 120.999
0.997935 0.0594079 0.0244275 1.03398 -0.0591928 0.998202 -0.00943665 -2.00636 -0.0249442 0.00797123 0.999657 122.087
0.99785 0.060244 0.0258223 1.03942 -0.0600197 0.998153 -0.00937829 -2.03401 -0.0263396 0.00780828 0.999623 123.145
0.99792 0.0597603 0.0241749 1.07885 -0.059556 0.998184 -0.00908534 -2.05949 -0.0246739 0.00762668 0.999666 124.23
0.997741 0.0624002 0.0248919 1.08687 -0.0622126 0.998029 -0.00824435 -2.08665 -0.0253573 0.00667714 0.999656 125.297
0.997906 0.0601331 0.0238353 1.1144 -0.0599613 0.99817 -0.00785662 -2.11621 -0.0242641 0.00641097 0.999685 126.462
0.997919 0.0597839 0.0241709 1.11919 -0.0596074 0.99819 -0.00795802 -2.15292 -0.0246029 0.00650069 0.999676 127.591
0.997848 0.0610734 0.0238561 1.1313 -0.0608929 0.99811 -0.00822241 -2.17163 -0.0243132 0.00675205 0.999682 128.709
0.997894 0.0604581 0.0234997 1.14719 -0.0602999 0.998153 -0.0073856 -2.1975 -0.0239028 0.00595301 0.999697 129.901
0.997858 0.0611278 0.0232908 1.15878 -0.0609854 0.998116 -0.00677672 -2.22775 -0.0236611 0.00534181 0.999706 130.947
0.997835 0.0615216 0.0232261 1.17008 -0.0613542 0.998085 -0.00785161 -2.25239 -0.0236647 0.00640959 0.999699 132.05
0.997761 0.0631274 0.0220981 1.18576 -0.062941 0.997976 -0.00903278 -2.28032 -0.0226236 0.00762167 0.999715 133.18
0.997799 0.0628037 0.0212658 1.20864 -0.0626231 0.997996 -0.00905483 -2.3084 -0.0217919 0.00770317 0.999733 134.322
0.997695 0.0638872 0.022878 1.2053 -0.0636596 0.997916 -0.010544 -2.33242 -0.0235039 0.00906327 0.999683 135.365
0.997906 0.0613565 0.0204855 1.23352 -0.0611308 0.998064 -0.0114656 -2.3629 -0.0211493 0.0101893 0.999724 136.433
0.998001 0.0604531 0.0184225 1.25831 -0.0602628 0.998125 -0.010717 -2.39966 -0.0190358 0.0095854 0.999773 137.446
0.997864 0.0625576 0.0188191 1.25511 -0.06239 0.998008 -0.00936602 -2.42966 -0.0193675 0.00817189 0.999779 138.546
0.997947 0.0614548 0.018025 1.26742 -0.0613012 0.998079 -0.00895368 -2.45975 -0.0185406 0.00783035 0.999797 139.63
0.997736 0.0645905 0.018714 1.26698 -0.0644371 0.997884 -0.00868882 -2.48937 -0.0192356 0.00746327 0.999787 140.797
0.997541 0.0675106 0.0187958 1.2665 -0.0673578 0.997691 -0.00864901 -2.51321 -0.0193363 0.0073617 0.999786 141.894
0.997636 0.0664167 0.0176339 1.28296 -0.0662592 0.997758 -0.00937412 -2.54171 -0.0182169 0.00818355 0.999801 142.961
0.997749 0.0651862 0.0157498 1.30622 -0.0650343 0.997833 -0.00997053 -2.56851 -0.0163656 0.0089238 0.999826 144.071
0.997611 0.0670878 0.0164921 1.29834 -0.0669398 0.997713 -0.00936811 -2.60209 -0.0170829 0.00824175 0.99982 145.116
0.997797 0.0646923 0.0147017 1.3279 -0.0645318 0.997853 -0.0111423 -2.62303 -0.015391 0.010169 0.99983 146.192
0.997977 0.0621015 0.013608 1.34112 -0.0619346 0.998004 -0.0123633 -2.65845 -0.0143487 0.0114955 0.999831 147.245
0.998075 0.0604189 0.0139725 1.34131 -0.0602499 0.998109 -0.0122159 -2.68975 -0.0146842 0.0113506 0.999828 148.253
0.998236 0.0577703 0.0137177 1.3487 -0.0576534 0.998298 -0.00877104 -2.71602 -0.0142011 0.00796469 0.999867 149.258
0.998295 0.0566293 0.0141762 1.35423 -0.0565705 0.998388 -0.00451189 -2.74293 -0.0144089 0.00370224 0.999889 150.261
0.998435 0.0543845 0.013031 1.37234 -0.0543201 0.99851 -0.00524495 -2.76554 -0.0132968 0.0045289 0.999901 151.323
0.998261 0.0576205 0.0124327 1.37829 -0.0575223 0.998311 -0.00812102 -2.79334 -0.0128796 0.00739174 0.99989 152.375
0.998352 0.0562137 0.0115637 1.38669 -0.0560972 0.998374 -0.0101604 -2.81851 -0.0121161 0.00949501 0.999882 153.432
0.998497 0.0539584 0.00958789 1.40904 -0.0538654 0.998501 -0.00970028 -2.84971 -0.0100969 0.00916925 0.999907 154.447
0.998628 0.0515647 0.00909686 1.42252 -0.0514884 0.998638 -0.00843065 -2.88191 -0.00951919 0.0079507 0.999923 155.551
0.998596 0.052001 0.0101104 1.41614 -0.0519386 0.99863 -0.00634364 -2.91181 -0.0104264 0.00580962 0.999929 156.632
0.998635 0.0510773 0.0108997 1.42169 -0.0510174 0.998681 -0.00570667 -2.94109 -0.0111769 0.0051428 0.999924 157.798
0.9988 0.0477904 0.0107534 1.44168 -0.0477242 0.99884 -0.00632981 -2.9718 -0.0110434 0.00580901 0.999922 158.948
0.998723 0.0490589 0.0120313 1.44412 -0.0489685 0.998771 -0.00769297 -3.00898 -0.0123939 0.00709399 0.999898 160.168
0.998724 0.0486485 0.0135233 1.4463 -0.0485241 0.998778 -0.00937566 -3.03783 -0.0139629 0.0087075 0.999865 161.231
0.998809 0.0466201 0.0143717 1.464 -0.0464733 0.998866 -0.0103863 -3.0628 -0.0148396 0.00970605 0.999843 162.281
0.99877 0.0471682 0.0152602 1.47715 -0.0470232 0.998846 -0.00972632 -3.09042 -0.0157013 0.00899677 0.999836 163.27
0.998903 0.0443972 0.0148931 1.50716 -0.0442832 0.998988 -0.00789925 -3.11995 -0.0152287 0.00723107 0.999858 164.336
0.998808 0.0462249 0.0156974 1.51795 -0.0461112 0.998908 -0.00752704 -3.14806 -0.0160282 0.00679424 0.999848 165.35
0.998729 0.0472033 0.0176876 1.51993 -0.0470787 0.998864 -0.00739826 -3.17808 -0.0180167 0.00655614 0.999816 166.364
0.998692 0.0476156 0.0186541 1.5325 -0.047482 0.998844 -0.00754052 -3.20464 -0.0189916 0.00664492 0.999798 167.405
0.998567 0.049338 0.020726 1.52965 -0.049186 0.998759 -0.00778146 -3.22695 -0.0210842 0.00675088 0.999755 168.439
0.998436 0.0511494 0.0225645 1.53475 -0.0509805 0.998668 -0.00799896 -3.25369 -0.0229436 0.0068361 0.999713 169.441
0.998319 0.0527118 0.0240764 1.54432 -0.0525221 0.998584 -0.00844826 -3.2781 -0.0244876 0.00716952 0.999674 170.48
0.998264 0.0530266 0.0256193 1.54941 -0.0528266 0.998568 -0.00842432 -3.31044 -0.0260293 0.00705632 0.999636 171.457
0.998233 0.053304 0.0262473 1.56268 -0.0531286 0.998561 -0.00733299 -3.34597 -0.0266004 0.00592555 0.999629 172.515
0.998255 0.0529418 0.0261689 1.58023 -0.0527846 0.998584 -0.00666258 -3.37329 -0.0264846 0.00526964 0.999635 173.573
0.998374 0.0510676 0.0253401 1.60121 -0.0509174 0.998681 -0.00653754 -3.40526 -0.0256406 0.00523666 0.999658 174.541
0.998375 0.0514998 0.0243952 1.62332 -0.0513374 0.998655 -0.00723522 -3.43647 -0.024735 0.00597108 0.999676 175.529
0.998513 0.0494232 0.0229891 1.64624 -0.0492508 0.998754 -0.00800538 -3.46387 -0.0233561 0.00686125 0.999704 176.439
0.998527 0.0493509 0.022557 1.65644 -0.0491755 0.998756 -0.00826598 -3.48991 -0.0229368 0.00714456 0.999711 177.359
0.998582 0.0487661 0.0213448 1.66892 -0.0486003 0.998784 -0.00821883 -3.51739 -0.0217196 0.00716982 0.999738 178.247
0.998599 0.0491777 0.0195575 1.68501 -0.0490441 0.99877 -0.00725194 -3.54694 -0.01989 0.00628259 0.999782 179.181
0.998674 0.0481627 0.0181646 1.69059 -0.0480773 0.998831 -0.0051121 -3.58145 -0.0183895 0.00423202 0.999822 180.144
0.998589 0.0505772 0.0162081 1.69268 -0.0505246 0.998716 -0.00363884 -3.60014 -0.0163714 0.00281479 0.999862 181.013
0.998602 0.0508887 0.0142865 1.69352 -0.0508396 0.9987 -0.00377624 -3.6209 -0.0144601 0.00304464 0.999891 181.864
0.998708 0.0495629 0.0112586 1.70238 -0.0495159 0.998764 -0.00441546 -3.63951 -0.0114635 0.00385227 0.999927 182.71
0.99858 0.0524029 0.00960055 1.69001 -0.0523654 0.99862 -0.00411467 -3.66124 -0.00980292 0.00360609 0.999945 183.505
0.998608 0.0523074 0.00678363 1.68714 -0.0522848 0.998626 -0.00345974 -3.68472 -0.00695528 0.00310024 0.999971 184.323
0.998528 0.0540899 0.00389005 1.68941 -0.0540772 0.998531 -0.00327791 -3.71263 -0.00406164 0.00306272 0.999987 185.163
0.998572 0.0534221 0.000452887 1.68441 -0.0534204 0.998567 -0.00322414 -3.73634 -0.000624479 0.00319535 0.999995 185.919
0.998554 0.0537031 -0.00241835 1.67065 -0.0537121 0.998549 -0.00381924 -3.75649 0.00220974 0.00394361 0.99999 186.658
0.998331 0.0576046 -0.00417891 1.64513 -0.0576207 0.998331 -0.0038562 -3.77734 0.0039498 0.00409056 0.999984 187.362
0.998284 0.0580984 -0.00735813 1.63571 -0.0581342 0.998297 -0.00475979 -3.79294 0.00706907 0.00517938 0.999962 188.052
0.998138 0.0601867 -0.00991771 1.62161 -0.0602352 0.998173 -0.00466889 -3.81076 0.00961859 0.00525759 0.99994 188.683
0.998059 0.0614669 -0.0100459 1.60281 -0.0615124 0.998097 -0.00428821 -3.8286 0.0097632 0.00489783 0.99994 189.309
0.998123 0.060397 -0.0100898 1.59437 -0.0604346 0.998166 -0.00346015 -3.84386 0.00986232 0.00406343 0.999943 189.928
0.998076 0.0613952 -0.00861008 1.57664 -0.061422 0.998108 -0.00288858 -3.85872 0.00841644 0.00341187 0.999959 190.515
0.998049 0.061882 -0.00833571 1.56799 -0.0619124 0.998076 -0.0034419 -3.87432 0.00810668 0.00395126 0.999959 191.117
0.997984 0.0629482 -0.00810775 1.55812 -0.0629964 0.997997 -0.00583712 -3.88678 0.00772407 0.00633611 0.99995 191.69
0.998036 0.0621935 -0.00746632 1.54871 -0.0622542 0.998027 -0.00819657 -3.90341 0.00694182 0.00864529 0.999939 192.285
0.997986 0.0631475 -0.00594957 1.53543 -0.0632037 0.997953 -0.0097882 -3.92049 0.00531929 0.0101445 0.999934 192.851
0.997838 0.0656163 -0.00372339 1.52205 -0.0656525 0.997786 -0.0106122 -3.93513 0.00301881 0.0108337 0.999937 193.422
0.997788 0.0664749 -0.00084994 1.50671 -0.0664802 0.997726 -0.0110674 -3.95076 0.000112302 0.0110994 0.999938 193.984
0.997754 0.0669779 0.00061453 1.50597 -0.0669669 0.997692 -0.0112021 -3.96865 -0.00136341 0.0111358 0.999937 194.561
0.997713 0.0675517 0.00250617 1.50196 -0.0675187 0.997652 -0.0115093 -3.98639 -0.00327776 0.0113138 0.999931 195.109
0.997707 0.0675652 0.00399906 1.50356 -0.0675116 0.997643 -0.0122834 -4.00108 -0.00481957 0.0119853 0.999917 195.658
0.997506 0.0701142 0.00811403 1.49316 -0.0700115 0.99747 -0.0123191 -4.01755 -0.00895724 0.0117203 0.999891 196.185
0.997295 0.0723188 0.0131543 1.48072 -0.0721678 0.997325 -0.01161 -4.03865 -0.0139587 0.0106292 0.999846 196.702
0.997202 0.072947 0.0163453 1.48327 -0.0727651 0.997283 -0.0114636 -4.05722 -0.0171371 0.0102421 0.999801 197.235
0.99707 0.0738416 0.0199643 1.48417 -0.0736247 0.997221 -0.0113903 -4.07926 -0.0207499 0.0098871 0.999736 197.781
0.996828 0.0759133 0.0238809 1.48125 -0.0756494 0.997065 -0.0117645 -4.09953 -0.0247039 0.00992065 0.999646 198.326
0.996514 0.0789372 0.0269787 1.48306 -0.0786454 0.996834 -0.0117144 -4.12115 -0.027818 0.00955185 0.999567 198.86
0.996329 0.0803967 0.0294139 1.4953 -0.0800542 0.99671 -0.0126454 -4.1369 -0.0303338 0.0102443 0.999487 199.376
0.996211 0.0808868 0.031968 1.51019 -0.0804933 0.996665 -0.0134125 -4.15296 -0.0329463 0.0107885 0.999399 199.891
0.995838 0.0840796 0.0351722 1.51881 -0.0836891 0.996414 -0.0124346 -4.17041 -0.0360915 0.00943934 0.999304 200.409
0.995728 0.0843286 0.0375997 1.53868 -0.083932 0.996399 -0.0120072 -4.18704 -0.0384769 0.00880005 0.999221 200.965
0.995811 0.0824325 0.0395687 1.56039 -0.0819961 0.996554 -0.0125298 -4.20164 -0.0404652 0.0092328 0.999138 201.484
0.995799 0.0813998 0.0419319 1.57665 -0.0808594 0.996621 -0.01443 -4.21619 -0.0429648 0.0109787 0.999016 201.997
0.995703 0.0818898 0.04323 1.59569 -0.081228 0.996553 -0.0168522 -4.2314 -0.044461 0.0132683 0.998923 202.503
0.995865 0.0793602 0.0442175 1.61356 -0.0786108 0.996735 -0.0184392 -4.2469 -0.0455365 0.014887 0.998852 203.021
0.995751 0.0806886 0.0443842 1.63226 -0.0799056 0.996619 -0.0191461 -4.26387 -0.045779 0.0155182 0.998831 203.527
0.995743 0.0803525 0.0451526 1.64843 -0.0795245 0.996635 -0.019846 -4.28354 -0.0465954 0.0161707 0.998783 204.062
0.995609 0.0821697 0.044853 1.67225 -0.081325 0.99648 -0.0203454 -4.30218 -0.0463669 0.0166084 0.998786 204.59
0.995509 0.0830087 0.0455072 1.68861 -0.0821236 0.996401 -0.0209887 -4.31937 -0.0470857 0.0171573 0.998743 205.123
0.995683 0.0811803 0.045005 1.7161 -0.0802121 0.996514 -0.0229199 -4.34047 -0.0467088 0.019211 0.998724 205.66
0.995968 0.0771869 0.0457118 1.73606 -0.0761007 0.996786 -0.0250445 -4.35956 -0.047498 0.0214649 0.998641 206.222
0.99628 0.0730844 0.0456704 1.76562 -0.0719395 0.997064 -0.0262311 -4.37674 -0.0474534 0.022848 0.998612 206.757
0.996084 0.0754933 0.0460169 1.78967 -0.0745156 0.996964 -0.022606 -4.39362 -0.0475837 0.0190885 0.998685 207.311
0.995809 0.078783 0.0464418 1.8114 -0.0780885 0.996808 -0.0165868 -4.41215 -0.0476003 0.0128907 0.998783 207.864
0.995823 0.0779693 0.047515 1.83613 -0.0774061 0.996907 -0.013582 -4.43066 -0.048427 0.00984726 0.998778 208.444
0.995894 0.0761501 0.0489424 1.8695 -0.0754402 0.997019 -0.0161944 -4.44791 -0.0500297 0.0124357 0.99867 209.041
0.995609 0.0777879 0.0520682 1.89826 -0.0766678 0.996787 -0.0231778 -4.46165 -0.0537039 0.0190841 0.998375 209.651
0.995246 0.0800399 0.0554857 1.92637 -0.0786257 0.996532 -0.0272227 -4.47955 -0.0574722 0.0227307 0.998088 210.229
0.995012 0.0803741 0.0590903 1.95229 -0.0788498 0.996502 -0.0276941 -4.49707 -0.0611095 0.0228967 0.997868 210.815
0.99507 0.0770735 0.0624063 1.98679 -0.0756067 0.996811 -0.0255369 -4.52128 -0.0641755 0.0206927 0.997724 211.411
0.994911 0.0756959 0.0664964 2.01447 -0.0743215 0.996971 -0.0229079 -4.54333 -0.068029 0.0178492 0.997524 212.007
0.994882 0.0728005 0.070072 2.04805 -0.0714418 0.997209 -0.0217078 -4.56685 -0.0714568 0.0165906 0.997306 212.61
0.99459 0.0735119 0.0733893 2.08663 -0.0721402 0.99717 -0.0211727 -4.59219 -0.074738 0.0157639 0.997079 213.227
0.994119 0.0760167 0.0771334 2.1156 -0.0743995 0.996948 -0.0236325 -4.61658 -0.0786945 0.0177548 0.996741 213.823
0.994015 0.075885 0.078583 2.16451 -0.0740446 0.996914 -0.0260791 -4.64103 -0.0803195 0.0201043 0.996566 214.419
0.993835 0.0757437 0.0809583 2.21136 -0.0738324 0.996922 -0.026352 -4.66785 -0.0827052 0.0202122 0.996369 215.014
0.993437 0.0763691 0.0851525 2.24577 -0.0745279 0.996915 -0.0246005 -4.69162 -0.0867686 0.0180928 0.996064 215.599
0.993381 0.0745599 0.0873803 2.30319 -0.072807 0.997079 -0.0230827 -4.72047 -0.0888461 0.016568 0.995908 216.211
0.99294 0.0750559 0.0918511 2.33596 -0.073126 0.997029 -0.0242041 -4.73866 -0.0933949 0.0173165 0.995479 216.823
0.992787 0.0739514 0.0943645 2.391 -0.0718952 0.997099 -0.0250108 -4.7624 -0.0959403 0.0180461 0.995223 217.461
0.992605 0.0730265 0.0969692 2.44881 -0.0708956 0.997164 -0.0252454 -4.79112 -0.0985379 0.018184 0.994967 218.077
0.992412 0.0713688 0.100126 2.49551 -0.0691594 0.997283 -0.0253703 -4.80969 -0.101665 0.0182531 0.994651 218.691
0.992391 0.0704624 0.100966 2.55297 -0.0681991 0.997341 -0.0257001 -4.83345 -0.102509 0.0186188 0.994558 219.299
0.992187 0.0712794 0.102395 2.60163 -0.0688996 0.997269 -0.0265978 -4.85171 -0.104012 0.0193349 0.994388 219.918
0.992089 0.0705609 0.103827 2.65553 -0.068119 0.997315 -0.0268838 -4.87624 -0.105445 0.0195986 0.994232 220.526
0.992055 0.0707393 0.104036 2.71159 -0.0683354 0.997311 -0.0264958 -4.90144 -0.105631 0.0191759 0.99422 221.141
0.992181 0.0698983 0.103399 2.77451 -0.0674862 0.997364 -0.0266498 -4.92629 -0.104989 0.0194635 0.994283 221.753
0.992125 0.0713608 0.102933 2.83059 -0.0688269 0.997237 -0.0279666 -4.95105 -0.104645 0.0206618 0.994295 222.377
0.992062 0.0738522 0.101781 2.88321 -0.0712657 0.997041 -0.0288234 -4.98017 -0.103608 0.0213411 0.994389 222.986
0.991947 0.0772321 0.10038 2.93591 -0.0746431 0.99678 -0.0293024 -5.01072 -0.102319 0.0215738 0.994518 223.591
0.991857 0.0794872 0.0995043 2.98365 -0.0768912 0.996598 -0.029664 -5.03717 -0.101524 0.0217714 0.994595 224.187
0.992088 0.079213 0.0973973 3.04403 -0.0766153 0.996605 -0.0301334 -5.06431 -0.0994536 0.0224328 0.994789 224.789
0.991552 0.0847605 0.0981886 3.06852 -0.0821567 0.99616 -0.0302721 -5.08469 -0.100377 0.0219495 0.994707 225.389
0.991703 0.0848536 0.0965706 3.11084 -0.082411 0.996176 -0.0290134 -5.11009 -0.0986632 0.0208141 0.994903 226.008
0.991592 0.0876381 0.0952104 3.13683 -0.0854065 0.995973 -0.0272742 -5.13158 -0.0972172 0.0189132 0.995083 226.607
0.992019 0.0867362 0.0915107 3.17943 -0.0847482 0.996079 -0.0253979 -5.15843 -0.0933548 0.0174398 0.99548 227.211
0.992461 0.0855135 0.0877933 3.21949 -0.0836861 0.996196 -0.0242957 -5.1808 -0.089537 0.0167654 0.995842 227.823
0.9927 0.0863706 0.0841825 3.25749 -0.0846534 0.996127 -0.0237664 -5.20269 -0.0859092 0.0164666 0.996167 228.45
0.992927 0.0872012 0.0805709 3.29064 -0.0855746 0.996056 -0.0234316 -5.22505 -0.0822964 0.016371 0.996473 229.057
0.993414 0.0860974 0.0756088 3.33232 -0.0845963 0.996153 -0.0228426 -5.25177 -0.0772847 0.0162959 0.996876 229.656
0.993916 0.0841243 0.0710927 3.37539 -0.0826989 0.996315 -0.0227662 -5.28053 -0.0727459 0.0167484 0.99721 230.268
0.9939 0.086341 0.0686123 3.39299 -0.0849493 0.996121 -0.0229546 -5.30444 -0.0703281 0.0169861 0.997379 230.881
0.994467 0.0830276 0.0643525 3.44479 -0.081717 0.996396 -0.0227415 -5.33492 -0.0660087 0.017357 0.997668 231.574
0.995073 0.079072 0.0598169 3.48774 -0.0778413 0.996709 -0.0226344 -5.35857 -0.0614098 0.0178667 0.997953 232.164
0.995263 0.079434 0.0560489 3.50881 -0.0782238 0.99666 -0.0234684 -5.38122 -0.0577258 0.0189729 0.998152 232.754
0.995432 0.0807884 0.0508776 3.53114 -0.0796217 0.996523 -0.02456 -5.40791 -0.0526848 0.0203968 0.998403 233.343
0.995447 0.0839156 0.0452118 3.53925 -0.082789 0.996222 -0.0262429 -5.43168 -0.0472432 0.0223803 0.998633 233.876
0.995825 0.0836832 0.0364677 3.55268 -0.0827129 0.996198 -0.0273534 -5.45588 -0.038618 0.0242228 0.99896 234.414
0.996336 0.0817495 0.025136 3.56564 -0.08105 0.996325 -0.0276914 -5.47739 -0.0273074 0.0255526 0.9993 234.899
0.996534 0.0823083 0.0120901 3.55878 -0.0819571 0.996267 -0.0271273 -5.49794 -0.0142778 0.0260424 0.999559 235.375
0.996726 0.0806705 -0.00546409 3.5532 -0.0807821 0.996422 -0.0248487 -5.52107 0.00343998 0.0252087 0.999676 235.824
0.996143 0.0842112 -0.0246336 3.52165 -0.0847706 0.996144 -0.0226191 -5.53932 0.0226338 0.0246201 0.999441 236.268
0.995024 0.0884072 -0.0459487 3.47769 -0.089471 0.995754 -0.0216322 -5.55132 0.0438412 0.0256357 0.99871 236.672
0.993273 0.0914746 -0.0709946 3.42925 -0.0930695 0.995469 -0.019485 -5.56632 0.0688905 0.0259614 0.997286 237.078
0.990761 0.0927354 -0.0989578 3.37494 -0.0948279 0.995355 -0.0166458 -5.57974 0.0969545 0.025876 0.994952 237.475
0.987071 0.0965322 -0.127953 3.29535 -0.0989706 0.995008 -0.0128234 -5.59415 0.126076 0.0253212 0.991697 237.838
0.982097 0.0987562 -0.160412 3.20607 -0.101356 0.994817 -0.00808297 -5.60415 0.158783 0.0241969 0.987017 238.208
0.975533 0.0999376 -0.195825 3.1125 -0.102488 0.99473 -0.00290783 -5.61255 0.194502 0.0229063 0.980635 238.558
0.967165 0.101958 -0.232799 3.00526 -0.104151 0.994557 0.00288837 -5.61189 0.231827 0.0214526 0.97252 238.911
0.956785 0.10444 -0.271394 2.88583 -0.105958 0.994329 0.00909817 -5.61529 0.270805 0.0200512 0.962425 239.247
0.944843 0.105438 -0.310089 2.75156 -0.106013 0.994251 0.0150484 -5.61529 0.309893 0.0186552 0.950589 239.56
0.930645 0.107393 -0.349809 2.5963 -0.106997 0.994048 0.0205195 -5.60935 0.34993 0.0183322 0.936596 239.878
0.913727 0.107297 -0.391906 2.44091 -0.105474 0.994076 0.0262484 -5.60429 0.3924 0.0173522 0.919631 240.184
0.893772 0.103623 -0.436387 2.28338 -0.0995915 0.994508 0.0321781 -5.60048 0.437325 0.0147006 0.899183 240.488
0.871248 0.101091 -0.480321 2.11022 -0.0943304 0.994805 0.0382669 -5.59542 0.481694 0.0119689 0.876258 240.767
0.845469 0.101601 -0.524271 1.92361 -0.0919231 0.994769 0.0445406 -5.58607 0.526054 0.0105349 0.850386 241.025
0.816544 0.10438 -0.567769 1.70889 -0.0927141 0.994462 0.0494871 -5.57034 0.56979 0.0122318 0.821699 241.276
0.784711 0.102882 -0.611264 1.49679 -0.0880046 0.994632 0.0544306 -5.55802 0.613583 0.0110817 0.789553 241.508
0.749308 0.101712 -0.654364 1.28151 -0.081692 0.994784 0.0610808 -5.54172 0.657164 0.00768797 0.753709 241.716
0.709651 0.100971 -0.697281 1.05471 -0.0734071 0.994887 0.0693577 -5.52431 0.700719 0.00196556 0.713435 241.911
0.666143 0.103046 -0.738671 0.815371 -0.0696448 0.994676 0.0759523 -5.50257 0.742565 0.000849505 0.669773 242.07
0.618556 0.109214 -0.778114 0.565836 -0.0716553 0.994007 0.0825547 -5.48204 0.782467 0.00469132 0.622674 242.208
0.569633 0.118192 -0.813356 0.318462 -0.07998 0.992881 0.0882656 -5.46146 0.817998 0.0147732 0.575031 242.299
0.516798 0.122235 -0.847336 0.0580387 -0.0784779 0.992351 0.0952902 -5.43685 0.852503 0.0172514 0.522438 242.419
0.463134 0.125588 -0.877345 -0.195265 -0.0784992 0.991832 0.100538 -5.4092 0.882805 0.0223082 0.469209 242.497
0.407365 0.127533 -0.904317 -0.448965 -0.0722767 0.991598 0.107284 -5.38113 0.910401 0.0216575 0.41316 242.58
0.351313 0.130824 -0.927073 -0.707853 -0.0689092 0.991117 0.113749 -5.34601 0.933719 0.0239224 0.357207 242.636
0.294559 0.134904 -0.946063 -0.958898 -0.0663598 0.990483 0.120577 -5.31631 0.953326 0.0272635 0.300709 242.665
0.234607 0.138011 -0.962243 -1.21022 -0.0603666 0.990028 0.127278 -5.28785 0.970214 0.0282272 0.240599 242.688
0.174111 0.141901 -0.974448 -1.4629 -0.0586332 0.989301 0.133587 -5.2575 0.982979 0.033876 0.180568 242.678
0.111579 0.147286 -0.98278 -1.72376 -0.0543306 0.988381 0.141957 -5.22425 0.992269 0.0375556 0.118285 242.661
0.0485266 0.152935 -0.987044 -1.98044 -0.0526832 0.987225 0.150373 -5.18932 0.997432 0.0447035 0.0559637 242.612
-0.017733 0.160022 -0.986954 -2.26345 -0.0430328 0.986073 0.160652 -5.15052 0.998916 0.0453202 -0.0105998 242.578
-0.0833654 0.166826 -0.982456 -2.54606 -0.034846 0.984797 0.17018 -5.11285 0.99591 0.0484218 -0.0762848 242.517
-0.146947 0.170388 -0.974358 -2.81543 -0.0314492 0.983749 0.176774 -5.06911 0.988644 0.0566192 -0.139201 242.417
-0.208098 0.171609 -0.962936 -3.09925 -0.0262158 0.983156 0.180878 -5.01074 0.977757 0.0628845 -0.200093 242.288
-0.264046 0.163194 -0.950604 -3.34464 -0.0321621 0.983544 0.177783 -4.95014 0.963974 0.0775163 -0.254452 242.104
-0.320942 0.159643 -0.933547 -3.60819 -0.030037 0.98348 0.178509 -4.89462 0.946622 0.0853319 -0.310845 241.944
-0.374 0.153883 -0.914573 -3.86991 -0.0306654 0.983547 0.178029 -4.83343 0.926921 0.0946285 -0.363128 241.751
-0.424114 0.149238 -0.893227 -4.14234 -0.0302165 0.983447 0.178659 -4.76826 0.905104 0.102762 -0.412585 241.547
-0.472928 0.149774 -0.868278 -4.44673 -0.0230264 0.983009 0.182107 -4.71047 0.8808 0.106117 -0.461444 241.355
-0.515137 0.149793 -0.843917 -4.74786 -0.0183392 0.982458 0.185579 -4.64575 0.856912 0.111075 -0.503353 241.134
-0.551745 0.147145 -0.82093 -5.02996 -0.0172686 0.982087 0.187638 -4.56935 0.833834 0.117704 -0.53932 240.874
-0.591751 0.153314 -0.791408 -5.36803 -0.00332004 0.981276 0.192578 -4.49136 0.806114 0.116586 -0.580162 240.614
-0.628208 0.150662 -0.763319 -5.66632 -0.00124117 0.980877 0.194625 -4.39615 0.778044 0.123212 -0.616008 240.296
-0.664089 0.150911 -0.732265 -5.9914 0.00493335 0.98028 0.19755 -4.31521 0.747637 0.127578 -0.651738 239.969
-0.698439 0.148034 -0.700192 -6.33817 0.0115656 0.98058 0.195777 -4.21729 0.715576 0.12864 -0.686587 239.608
-0.729582 0.145057 -0.668333 -6.66518 0.0185966 0.981094 0.192638 -4.12295 0.68364 0.128117 -0.718486 239.233
-0.757809 0.137552 -0.637812 -6.94983 0.0195135 0.981866 0.188567 -4.03276 0.652184 0.130452 -0.746752 238.845
-0.782919 0.130927 -0.608191 -7.21647 0.0204099 0.982484 0.185228 -3.94297 0.621788 0.132605 -0.771878 238.437
-0.807163 0.128091 -0.576265 -7.48713 0.0235147 0.982377 0.185425 -3.85362 0.589861 0.136117 -0.79595 238.023
-0.83034 0.123809 -0.543329 -7.74837 0.0254139 0.982406 0.185023 -3.76383 0.556677 0.139824 -0.818878 237.582
-0.852386 0.123014 -0.508237 -8.02347 0.0320777 0.982406 0.183984 -3.66016 0.521928 0.140522 -0.841335 237.103
-0.873161 0.126331 -0.470777 -8.29708 0.042732 0.981951 0.184246 -3.555 0.485556 0.140759 -0.862799 236.601
-0.891446 0.13117 -0.433726 -8.55484 0.0549469 0.981413 0.183872 -3.44786 0.449783 0.14008 -0.882084 236.071
-0.90761 0.131776 -0.398598 -8.778 0.0608472 0.980725 0.185677 -3.34622 0.415382 0.144269 -0.898134 235.533
-0.92217 0.136254 -0.361991 -9.00532 0.0719824 0.980004 0.1855 -3.23322 0.380028 0.145006 -0.913538 234.969
-0.935273 0.134306 -0.327455 -9.2157 0.0762528 0.979939 0.184132 -3.11822 0.345616 0.147244 -0.926752 234.345
-0.946323 0.131445 -0.295287 -9.39553 0.0802065 0.980498 0.17942 -3.00221 0.313112 0.146105 -0.938411 233.727
-0.956169 0.128331 -0.263195 -9.55977 0.0834178 0.980981 0.175265 -2.89486 0.280681 0.145628 -0.948689 233.119
-0.96437 0.130748 -0.229991 -9.73532 0.0915531 0.98056 0.173551 -2.77516 0.248211 0.14631 -0.957593 232.458
-0.971106 0.132305 -0.198614 -9.8882 0.0982427 0.980092 0.172532 -2.65824 0.217487 0.148035 -0.964772 231.769
-0.976733 0.131131 -0.169697 -10.0107 0.102071 0.980159 0.169909 -2.54302 0.188611 0.148634 -0.970739 231.056
-0.980848 0.131275 -0.143886 -10.1112 0.106503 0.980001 0.168091 -2.4257 0.163075 0.149547 -0.975214 230.343
-0.984621 0.127745 -0.119174 -10.1975 0.10681 0.979985 0.167991 -2.30281 0.138249 0.152678 -0.978558 229.559
-0.987388 0.12519 -0.0969113 -10.2595 0.10783 0.979989 0.167317 -2.17804 0.115918 0.154757 -0.981129 228.779
-0.989231 0.1257 -0.0749765 -10.338 0.112051 0.979979 0.164576 -2.03907 0.0941626 0.154402 -0.983511 227.935
-0.991216 0.118751 -0.0582088 -10.3818 0.108056 0.980981 0.161246 -1.91239 0.0762499 0.15354 -0.985196 227.086
-0.992365 0.114286 -0.0463629 -10.4128 0.105592 0.981545 0.159435 -1.78075 0.0637286 0.153322 -0.986119 226.226
-0.993153 0.110388 -0.0382276 -10.4437 0.102918 0.981614 0.160755 -1.63849 0.0552702 0.15572 -0.986254 225.291
-0.993665 0.106994 -0.0343911 -10.4637 0.100116 0.981752 0.161677 -1.49152 0.0510621 0.15721 -0.986244 224.309
-0.993872 0.105373 -0.033403 -10.4958 0.0987201 0.982058 0.160676 -1.3487 0.0497346 0.156394 -0.986442 223.351
