1 0 0 0 0 1 0 0 0 0 1 0
1 0 0 0 0 1 0 0 0 0 1 0
1 0 0 0 0 1 0 0 0 0 1 0
1 0 0 0 0 1 0 0 0 0 1 0
1 0 0 0 0 1 0 0 0 0 1 0
1 0 0 0 0 1 0 0 0 0 1 0
1 0 0 0 0 1 0 0 0 0 1 0
1 0 0 0 0 1 0 0 0 0 1 0
1 0 0 0 0 1 0 0 0 0 1 0
1 0 0 0 0 1 0 0 0 0 1 0
1 0 0 0 0 1 0 0 0 0 1 0
1 0 0 0 0 1 0 0 0 0 1 0
1 0 0 0 0 1 0 0 0 0 1 0
0.999701 0.00822128 -0.0230351 -0.0590373 -0.00831947 0.999957 -0.0041704 -0.00066755 0.0229998 0.00436079 0.999726 0.112612
0.99879 0.0140857 -0.0471271 -0.136861 -0.0144967 0.99986 -0.00838954 0.00111031 0.0470023 0.00906257 0.998854 0.225156
0.996964 0.0196216 -0.0753501 -0.201415 -0.0204032 0.999746 -0.00961717 0.00353611 0.0751422 0.0111254 0.997111 0.369765
0.994226 0.0260922 -0.104083 -0.288476 -0.0273346 0.999571 -0.0105276 -4.91795e-05 0.103764 0.0133119 0.994513 0.518384
0.990098 0.0310429 -0.136901 -0.351094 -0.0327333 0.999413 -0.010113 -0.0021335 0.136507 0.0144941 0.990533 0.652676
0.984902 0.0369579 -0.169119 -0.4281 -0.0393629 0.999166 -0.0108893 -0.00226515 0.168576 0.0173819 0.985535 0.794306
0.978735 0.0455844 -0.2 -0.529735 -0.0491599 0.998707 -0.0129451 -0.00432545 0.199151 0.0225018 0.97971 0.926452
0.978735 0.0455844 -0.2 -0.529735 -0.0491599 0.998707 -0.0129451 -0.00432545 0.199151 0.0225018 0.97971 0.926452
0.971489 0.0468596 -0.232409 -0.750009 -0.0527032 0.99843 -0.0189947 0.0235552 0.231154 0.0307018 0.972433 1.15085
0.961664 0.0463879 -0.270279 -0.870692 -0.0537966 0.99835 -0.0200641 0.0223497 0.268902 0.033835 0.962573 1.31886
0.94835 0.0498768 -0.313281 -0.969645 -0.0576126 0.998219 -0.0154779 0.0164531 0.311951 0.0327274 0.949534 1.46784
0.931619 0.0576749 -0.358831 -1.08604 -0.0659233 0.997766 -0.010783 0.0152186 0.357408 0.0337009 0.93334 1.6148
0.911734 0.0633447 -0.405867 -1.20682 -0.0728024 0.997315 -0.00788886 0.0165657 0.404277 0.0367406 0.913898 1.7576
0.88823 0.0629878 -0.45506 -1.3262 -0.0730626 0.997317 -0.00456545 0.0121709 0.453552 0.037303 0.890449 1.9145
0.861946 0.05972 -0.503471 -1.45924 -0.0700233 0.997544 -0.00155507 0.0140203 0.502142 0.0365951 0.864011 2.05776
0.833262 0.0587782 -0.549745 -1.62404 -0.0705159 0.997511 -0.000229782 0.0220365 0.548363 0.0389572 0.835333 2.19693
0.799857 0.057391 -0.597441 -1.76746 -0.0678528 0.997683 0.00499711 0.0230929 0.596343 0.0365411 0.801897 2.34501
0.76405 0.0581924 -0.642528 -1.92722 -0.067255 0.997682 0.0103829 0.0270333 0.641642 0.0352802 0.766192 2.47139
0.724508 0.0588522 -0.68675 -2.08769 -0.0666258 0.997662 0.0152075 0.0323699 0.686039 0.0347373 0.726735 2.59161
0.683506 0.0618042 -0.727323 -2.27419 -0.069307 0.997402 0.0196224 0.0413456 0.726647 0.0369965 0.686014 2.69463
0.63929 0.0646313 -0.766245 -2.4769 -0.0707503 0.997179 0.025082 0.0525482 0.765704 0.0381774 0.642059 2.80481
0.594481 0.0683475 -0.8012 -2.69698 -0.0747908 0.996762 0.0295363 0.0631978 0.800624 0.0423636 0.597668 2.89423
0.547396 0.0714009 -0.833822 -2.92287 -0.0741941 0.996571 0.0366295 0.072284 0.833579 0.0418138 0.550816 3.00209
0.500738 0.0733104 -0.862489 -3.16565 -0.0713264 0.996513 0.0432921 0.0776062 0.862655 0.0398402 0.504221 3.10718
0.455193 0.0731114 -0.887386 -3.41302 -0.0661213 0.996647 0.0481959 0.0791512 0.887934 0.0367367 0.458501 3.21096
0.413158 0.0754355 -0.90753 -3.72122 -0.0708925 0.996203 0.050532 0.102908 0.907896 0.0434594 0.416937 3.29737
0.374715 0.076673 -0.923964 -4.01266 -0.074846 0.995824 0.0522822 0.125737 0.924114 0.0495641 0.378889 3.37619
0.341021 0.0769247 -0.936903 -4.33038 -0.0800742 0.995401 0.0525817 0.147111 0.936639 0.0570903 0.345612 3.44573
0.309034 0.0744894 -0.948129 -4.7004 -0.0788778 0.995501 0.0525016 0.165755 0.947774 0.0585616 0.313519 3.54067
0.27969 0.0722541 -0.957368 -5.47531 -0.0801693 0.995439 0.0517064 0.205373 0.956737 0.0622897 0.284207 3.70952
0.253765 0.0702423 -0.964712 -6.15548 -0.0787468 0.995549 0.0517735 0.23619 0.964055 0.0628297 0.258167 3.86749
0.233707 0.0689079 -0.969862 -6.87536 -0.0803878 0.99544 0.0513542 0.269216 0.968978 0.0659632 0.238181 4.00723
0.218196 0.068117 -0.973525 -7.66719 -0.0791038 0.995513 0.0519259 0.30939 0.972694 0.0656795 0.222606 4.16083
0.205648 0.0682621 -0.976242 -8.64634 -0.0771407 0.995591 0.0533651 0.3591 0.975581 0.0643336 0.210008 4.34237
0.196825 0.0693673 -0.977982 -9.33311 -0.0789037 0.995379 0.0547214 0.396857 0.977258 0.0663958 0.201389 4.45661
0.190527 0.0714119 -0.979081 -9.76021 -0.0817491 0.995041 0.0566677 0.416611 0.978272 0.0692423 0.195419 4.52889
0.185785 0.0722053 -0.979934 -10.1585 -0.0805815 0.995057 0.0580422 0.436165 0.979281 0.0681812 0.190685 4.60566
0.184747 0.0721964 -0.980131 -10.5817 -0.0785425 0.995193 0.0585012 0.458883 0.979643 0.066174 0.18953 4.68463
0.185716 0.073085 -0.979882 -11.0048 -0.0763963 0.995285 0.0597546 0.485369 0.979629 0.063762 0.190423 4.77045
0.187646 0.0755975 -0.979323 -11.4423 -0.0777732 0.995047 0.0619094 0.506665 0.979153 0.0645481 0.192596 4.84886
0.189293 0.0758381 -0.978988 -12.0461 -0.0786978 0.994977 0.06186 0.535218 0.978762 0.0653345 0.194311 4.96093
0.190768 0.0731453 -0.978906 -12.555 -0.0797391 0.995079 0.0588144 0.564909 0.978391 0.0668372 0.195661 5.05949
0.192447 0.073357 -0.978562 -13.4217 -0.080519 0.99502 0.0587556 0.61068 0.977998 0.0674854 0.197395 5.22314
0.193117 0.0758805 -0.978237 -13.9546 -0.0798663 0.994912 0.0614073 0.64046 0.97792 0.0662693 0.198195 5.33772
0.195039 0.0793647 -0.977579 -14.5162 -0.0805477 0.99465 0.0646803 0.671765 0.977482 0.0661266 0.200388 5.44724
0.196837 0.0815954 -0.977035 -15.4166 -0.0808187 0.99449 0.0667711 0.71638 0.9771 0.0658197 0.202347 5.6203
0.19789 0.0810482 -0.976868 -16.0404 -0.0810087 0.994519 0.0661022 0.7516 0.976871 0.0660538 0.203371 5.753
0.200183 0.0785229 -0.976607 -17.1799 -0.0838998 0.994496 0.0627636 0.821122 0.97616 0.069373 0.205669 5.96524
0.202526 0.0784849 -0.976127 -18.6134 -0.086884 0.994292 0.0619189 0.903589 0.975415 0.0722697 0.208189 6.23233
0.203969 0.0796588 -0.975731 -20.2464 -0.0846029 0.99439 0.0634965 0.99959 0.975315 0.0695983 0.209564 6.58084
0.205149 0.0810121 -0.975372 -20.8442 -0.083322 0.994396 0.0650671 1.03267 0.975178 0.0679214 0.21075 6.7087
0.207266 0.0826206 -0.97479 -21.7479 -0.083967 0.994253 0.0664167 1.08044 0.974674 0.0680842 0.213012 6.88588
0.208029 0.0782199 -0.97499 -22.8835 -0.0844663 0.99451 0.0617637 1.13375 0.974469 0.0695052 0.213494 7.12546
0.209005 0.0714573 -0.9753 -24.7019 -0.0839185 0.994958 0.054914 1.20996 0.974307 0.0703685 0.213948 7.49218
0.210672 0.0669921 -0.975259 -25.9889 -0.0837169 0.99522 0.050279 1.26625 0.973965 0.0710532 0.215274 7.73289
0.210699 0.0673059 -0.975231 -26.5364 -0.0831884 0.995243 0.0507141 1.29291 0.974005 0.0704425 0.215296 7.84664
0.21018 0.0749167 -0.974788 -27.0941 -0.0837305 0.994776 0.0583992 1.31482 0.974071 0.0693452 0.215354 7.96849
0.209238 0.0820699 -0.974415 -27.6747 -0.0852174 0.994211 0.0654384 1.34415 0.974145 0.0693449 0.21502 8.09437
0.209098 0.0874764 -0.973974 -28.2938 -0.0872883 0.993685 0.0705072 1.3793 0.973991 0.0702737 0.215413 8.22342
0.208751 0.0883147 -0.973973 -28.9397 -0.0905253 0.993383 0.0706726 1.41359 0.97377 0.0734162 0.215364 8.35577
0.208273 0.084583 -0.974406 -29.6343 -0.0893022 0.993737 0.0671731 1.45032 0.973985 0.0730263 0.214522 8.50744
0.208083 0.0817489 -0.974689 -30.3666 -0.0896378 0.993902 0.0642237 1.49123 0.973995 0.0740051 0.214142 8.65729
0.208708 0.0838052 -0.974381 -31.4323 -0.0929544 0.993511 0.0655402 1.54513 0.973551 0.0768942 0.215143 8.86241
0.208978 0.0868155 -0.974059 -32.1184 -0.0957047 0.993086 0.0679784 1.57502 0.973226 0.079016 0.215842 9.00262
0.209018 0.0854363 -0.974173 -33.047 -0.0967135 0.993099 0.0663454 1.61788 0.973118 0.0803483 0.215838 9.19787
0.208894 0.0806882 -0.974604 -33.9493 -0.0976166 0.993333 0.0613159 1.65995 0.973054 0.082329 0.215378 9.39251
0.209273 0.0776288 -0.974771 -34.6235 -0.100046 0.993313 0.0576266 1.68768 0.972726 0.0854624 0.21564 9.52462
0.20983 0.0790693 -0.974535 -35.2141 -0.101131 0.993134 0.0588035 1.70972 0.972494 0.0862167 0.216386 9.64562
0.210605 0.0810489 -0.974206 -35.8096 -0.0999096 0.993123 0.0610242 1.73543 0.972452 0.0844805 0.217254 9.77313
0.21042 0.0850129 -0.973908 -36.4213 -0.0973045 0.993086 0.0656636 1.76641 0.972756 0.0809486 0.217238 9.91494
0.211113 0.0903063 -0.973281 -37.1346 -0.0969556 0.992747 0.0710819 1.80324 0.972641 0.0793588 0.218338 10.0696
0.210795 0.0936115 -0.973038 -37.806 -0.0972366 0.992475 0.0744165 1.83736 0.972682 0.0789283 0.218311 10.2145
0.211128 0.0933818 -0.972988 -38.4737 -0.09637 0.992565 0.0743495 1.87383 0.972696 0.0780696 0.218557 10.3575
0.211004 0.0886583 -0.973456 -39.1351 -0.0957155 0.992966 0.0696881 1.91311 0.972788 0.0784704 0.218006 10.505
0.211238 0.0846455 -0.973763 -39.8319 -0.0968514 0.993153 0.0653211 1.95009 0.972624 0.080512 0.21799 10.6532
0.21163 0.082768 -0.973839 -40.4833 -0.10095 0.992929 0.0624525 1.98608 0.972122 0.0850927 0.218489 10.7881
0.211301 0.0818102 -0.973991 -41.152 -0.104726 0.99265 0.0606579 2.02122 0.971794 0.0891852 0.218315 10.921
0.211125 0.0792826 -0.974238 -41.8146 -0.102935 0.992966 0.0584998 2.04926 0.972024 0.0879326 0.217801 11.0608
0.20979 0.0749738 -0.974868 -42.4443 -0.100091 0.993464 0.0548646 2.07326 0.97261 0.0860655 0.215923 11.2017
0.208763 0.0724867 -0.975276 -43.0667 -0.0959616 0.993955 0.053334 2.09918 0.973247 0.082455 0.214457 11.3411
0.206275 0.075357 -0.975588 -43.6502 -0.0934078 0.993993 0.0570289 2.12202 0.974025 0.0793639 0.212075 11.4728
0.204408 0.0801809 -0.975596 -44.2361 -0.089277 0.994013 0.0629891 2.14758 0.974806 0.0742229 0.210343 11.5985
0.203542 0.0834147 -0.975506 -44.8424 -0.0891643 0.993803 0.0663749 2.17712 0.974998 0.0734703 0.209718 11.7147
0.202339 0.0823756 -0.975845 -45.4738 -0.0912393 0.993708 0.0649652 2.21066 0.975056 0.0758904 0.208582 11.8391
0.201649 0.0793961 -0.976235 -46.1395 -0.0956765 0.993539 0.0610408 2.24255 0.974774 0.0810939 0.207942 11.9615
0.199741 0.0768285 -0.976832 -46.8263 -0.0988693 0.993414 0.057916 2.27399 0.974848 0.0850105 0.206022 12.0981
0.19773 0.0760785 -0.9773 -47.451 -0.102297 0.993142 0.0566145 2.3037 0.974904 0.0887807 0.204157 12.2254
0.196779 0.0778497 -0.977352 -48.4882 -0.103893 0.992886 0.0581694 2.34151 0.974928 0.0900932 0.203468 12.4199
0.195418 0.0789128 -0.97754 -49.9388 -0.10326 0.992873 0.059508 2.40361 0.975269 0.0893124 0.202173 12.7138
0.1935 0.0784607 -0.977958 -51.5068 -0.103196 0.992895 0.0592406 2.46555 0.975658 0.0894583 0.200222 13.0407
0.192633 0.0781094 -0.978157 -53.235 -0.103465 0.992887 0.0589098 2.54432 0.975801 0.0898567 0.199345 13.3875
0.192668 0.0795147 -0.978037 -53.8474 -0.103236 0.992823 0.0603797 2.57196 0.975818 0.0893359 0.199494 13.5005
0.193156 0.0821164 -0.977726 -55.0838 -0.103789 0.992611 0.0628623 2.63175 0.975663 0.0893351 0.200251 13.727
0.19406 0.0869294 -0.97713 -55.8514 -0.106334 0.992061 0.0671394 2.66175 0.975209 0.0908733 0.201763 13.856
0.193648 0.0886321 -0.977059 -56.7229 -0.106346 0.991939 0.0689047 2.70501 0.97529 0.0905628 0.201513 14.0258
0.192845 0.0883658 -0.977242 -57.5027 -0.106875 0.991903 0.0686013 2.74508 0.975392 0.091213 0.200727 14.1794
0.193501 0.0863893 -0.977289 -58.2474 -0.107842 0.991953 0.066333 2.78262 0.975155 0.0925577 0.20126 14.3134
0.194461 0.083108 -0.977383 -59.4352 -0.109215 0.992043 0.062625 2.83553 0.974811 0.094567 0.20199 14.5211
0.19416 0.0809284 -0.977626 -60.967 -0.109203 0.99218 0.0604451 2.88508 0.974873 0.0950235 0.20148 14.8434
0.196089 0.0789194 -0.977405 -61.8235 -0.111044 0.992131 0.0578306 2.92117 0.974278 0.097195 0.20331 14.9946
0.198544 0.0784653 -0.976946 -62.6578 -0.113898 0.991884 0.0565177 2.95974 0.973451 0.100051 0.205869 15.1539
0.203031 0.0799913 -0.975899 -63.2177 -0.115505 0.991656 0.0572526 2.97709 0.972336 0.101097 0.210576 15.2618
0.209268 0.080628 -0.974529 -63.7684 -0.114978 0.991711 0.0573594 3.00201 0.971075 0.100046 0.216804 15.3785
0.216876 0.0821575 -0.972736 -64.3821 -0.115219 0.991642 0.0580657 3.02269 0.969376 0.0994846 0.224529 15.5104
0.224957 0.0832853 -0.970803 -64.942 -0.116989 0.991441 0.0579469 3.04707 0.96732 0.100538 0.232775 15.6426
0.236129 0.0854971 -0.967953 -65.6838 -0.119485 0.991117 0.058395 3.07078 0.964348 0.101867 0.244248 15.8271
0.250806 0.0878974 -0.964038 -66.3993 -0.124211 0.990559 0.0580005 3.10027 0.960035 0.105197 0.259356 16.0057
0.268206 0.0892206 -0.959221 -66.9646 -0.127045 0.990282 0.056587 3.12429 0.954948 0.106687 0.276934 16.1715
0.289123 0.0895293 -0.953096 -67.4074 -0.127018 0.990402 0.0545026 3.13673 0.948828 0.105302 0.29772 16.3214
0.313212 0.0887422 -0.945528 -67.8541 -0.125904 0.990716 0.0512769 3.15217 0.941301 0.102985 0.321477 16.486
0.338727 0.0852794 -0.937012 -68.2445 -0.120983 0.991564 0.0465092 3.16557 0.933074 0.097609 0.346187 16.675
0.368967 0.0827067 -0.925755 -68.5991 -0.11645 0.992298 0.0422396 3.172 0.922119 0.0922192 0.375756 16.8574
0.401669 0.0797898 -0.912302 -68.9377 -0.111423 0.993054 0.0377948 3.17886 0.908981 0.0864709 0.407769 17.0596
0.439026 0.0795597 -0.894945 -69.2747 -0.112071 0.993142 0.0333114 3.17711 0.891457 0.0856729 0.444932 17.2484
0.478042 0.077548 -0.874907 -69.5937 -0.107084 0.99381 0.0295773 3.17249 0.871785 0.0795493 0.483387 17.4784
0.519933 0.0735392 -0.851035 -69.8896 -0.101506 0.994547 0.0239261 3.16809 0.848154 0.073945 0.524563 17.7094
0.561536 0.0624229 -0.825094 -70.1461 -0.0876066 0.996031 0.0157325 3.15874 0.822801 0.0634493 0.564776 17.9708
0.605519 0.0534598 -0.794034 -70.4169 -0.0784415 0.996892 0.00729929 3.15551 0.791956 0.0578653 0.60783 18.2276
0.64992 0.0466099 -0.758572 -70.661 -0.0709893 0.997477 0.000467839 3.14972 0.75668 0.0535465 0.651589 18.4782
0.692251 0.0453125 -0.720232 -70.8946 -0.0695689 0.997569 -0.00410535 3.15029 0.718295 0.0529477 0.693721 18.7356
0.729707 0.0402513 -0.682574 -71.1312 -0.0626326 0.998004 -0.00810545 3.1438 0.680885 0.048666 0.730772 19.0622
0.763765 0.0310116 -0.644749 -71.2954 -0.0501191 0.998679 -0.0113356 3.13401 0.643545 0.0409719 0.764311 19.3462
0.79783 0.0208582 -0.602521 -71.5402 -0.0363447 0.999248 -0.0135338 3.11666 0.601786 0.0326961 0.797988 19.7524
0.827785 0.0122866 -0.560911 -71.8407 -0.0286022 0.999384 -0.0203196 3.08927 0.560316 0.0328636 0.827627 20.4135
0.856203 0.00621073 -0.516602 -72.0842 -0.0259942 0.999179 -0.0310698 3.07626 0.515985 0.0400307 0.855662 20.9696
0.882774 -0.00135763 -0.469797 -72.2624 -0.0231555 0.998655 -0.0463964 3.06016 0.469228 0.051836 0.881555 21.5219
0.907752 -0.00518176 -0.419475 -72.4077 -0.0209278 0.998119 -0.0576178 3.0384 0.418985 0.0610813 0.905936 22.0053
0.929798 -0.0106985 -0.367916 -72.5249 -0.0135432 0.997906 -0.0632444 3.00097 0.367822 0.0637872 0.927706 22.5453
0.949081 -0.0153923 -0.314657 -72.6283 -0.00619742 0.9977 -0.0674982 2.96816 0.314972 0.0660113 0.946803 23.1092
0.96567 -0.0132925 -0.259432 -72.7517 -0.00521766 0.997496 -0.0705301 2.91924 0.25972 0.0694624 0.963182 23.7278
0.978229 -0.0114741 -0.20721 -72.8459 -0.003022 0.997577 -0.0695066 2.85396 0.207506 0.0686196 0.975824 24.4007
0.987135 -0.0045391 -0.159823 -72.9189 -0.0065937 0.997591 -0.0690579 2.80151 0.159752 0.0692233 0.984727 25.0673
0.993229 -0.00103475 -0.116172 -72.9796 -0.00734972 0.997398 -0.0717214 2.75473 0.115944 0.0720896 0.990636 25.8309
0.996933 0.00500728 -0.078101 -73.0135 -0.0105782 0.997415 -0.0710795 2.71314 0.0775431 0.0716876 0.994408 26.4741
0.998925 0.00503091 -0.0460838 -73.0464 -0.00820872 0.997581 -0.0690298 2.6437 0.045625 0.0693338 0.99655 27.2452
0.999782 0.00300637 -0.0206491 -73.0388 -0.00439859 0.997695 -0.0677122 2.57984 0.0203979 0.0677883 0.997491 28.0235
0.999999 0.000605993 0.000834346 -73.0218 -0.000550067 0.997854 -0.0654719 2.53043 -0.000872232 0.0654714 0.997854 28.6168
0.999826 0.000235921 0.0186774 -72.9974 0.000940211 0.998017 -0.0629371 2.48889 -0.0186552 0.0629437 0.997843 29.1808
0.999364 0.0069382 0.034987 -72.987 -0.00477506 0.998093 -0.0615357 2.45155 -0.0353472 0.0613295 0.997491 29.7183
0.99874 0.0109099 0.0489768 -72.9663 -0.00792358 0.998121 -0.0607592 2.41653 -0.0495477 0.0602946 0.99695 30.2562
0.998055 0.00856754 0.0617558 -72.927 -0.00480838 0.998141 -0.0607648 2.37841 -0.0621615 0.0603497 0.99624 30.7732
0.997198 0.00721807 0.0744602 -72.8722 -0.00266357 0.998129 -0.0610859 2.3409 -0.0747618 0.0607164 0.995351 31.312
0.995974 0.00696286 0.0893732 -72.8276 -0.00155148 0.998168 -0.0604753 2.30548 -0.0896306 0.0600932 0.994161 31.8489
0.994747 0.00602776 0.102184 -72.7565 0.000124061 0.998193 -0.0600903 2.26766 -0.102362 0.0597874 0.992949 32.4174
0.99346 0.00546447 0.114049 -72.68 0.00169398 0.998039 -0.0625755 2.2201 -0.114167 0.0623595 0.991502 33.0002
0.992087 0.00808544 0.125289 -72.6115 0.000463767 0.997681 -0.0680567 2.17711 -0.125549 0.0675763 0.989783 33.5702
0.99084 0.00848662 0.134777 -72.5334 0.0015325 0.997252 -0.0740615 2.13217 -0.135035 0.0735897 0.988104 34.1429
0.989792 0.00824034 0.142279 -72.4471 0.00242974 0.997206 -0.0746577 2.09121 -0.142497 0.0742413 0.987007 34.7086
0.988663 0.00943888 0.149858 -72.3731 0.000837521 0.99766 -0.0683636 2.0438 -0.150152 0.0677141 0.986341 35.2884
0.987825 0.0122861 0.155081 -72.2855 -0.00293302 0.99817 -0.0603964 1.99244 -0.155539 0.0592062 0.986054 35.9095
0.987309 0.0106155 0.158454 -72.1848 -0.00157236 0.998368 -0.0570874 1.94607 -0.158802 0.0561138 0.985715 36.5019
0.986872 0.00778602 0.161318 -72.0696 0.00161408 0.998312 -0.0580579 1.89257 -0.161497 0.0575561 0.985193 37.1725
0.986426 0.00754544 0.164034 -71.9684 0.00219829 0.998247 -0.0591383 1.84911 -0.164192 0.0586962 0.98468 37.7674
0.986346 0.00182997 0.164675 -71.8333 0.00761991 0.99836 -0.0567351 1.79609 -0.164509 0.0572153 0.984715 38.4215
0.985987 -0.000949953 0.166822 -71.7217 0.0101334 0.998478 -0.054207 1.74672 -0.166517 0.0551378 0.984496 39.0726
0.985352 -0.00271118 0.170509 -71.6212 0.0118059 0.998559 -0.0523471 1.69828 -0.170121 0.0535934 0.983965 39.6906
0.984981 -0.00316437 0.172634 -71.5051 0.012948 0.99837 -0.0555761 1.64292 -0.172176 0.0569767 0.983417 40.341
0.984665 0.00116525 0.174455 -71.3958 0.0100027 0.997956 -0.0631231 1.59345 -0.174172 0.0639001 0.98264 41.0082
0.984343 0.00389706 0.17622 -71.2933 0.00873448 0.997449 -0.0708479 1.54351 -0.176047 0.0712778 0.981798 41.6189
0.984169 0.00579378 0.177139 -71.151 0.00768318 0.997131 -0.0753007 1.47863 -0.177067 0.0754696 0.981301 42.4137
0.983658 0.00663216 0.179922 -70.9293 0.00673425 0.997267 -0.0735774 1.3628 -0.179919 0.0735867 0.980925 43.7506
0.983345 0.00622046 0.18164 -70.6029 0.00654528 0.997554 -0.0695965 1.20787 -0.181629 0.0696263 0.980899 45.4424
0.982889 0.00894415 0.183982 -70.2958 0.00298526 0.997916 -0.0644612 1.04688 -0.184175 0.0639075 0.980814 47.2306
0.982611 0.00520692 0.185604 -70.1921 0.00645372 0.998045 -0.062166 1.00007 -0.185565 0.0622828 0.980656 47.749
0.982144 0.00581825 0.18804 -70.1025 0.00599778 0.998045 -0.0622077 0.955207 -0.188035 0.0622248 0.980189 48.2773
0.981967 0.00425509 0.189004 -70.0039 0.00770497 0.998015 -0.0624995 0.912954 -0.188895 0.0628287 0.979985 48.7921
0.982123 -0.000434788 0.18824 -69.7648 0.0127289 0.997862 -0.0641066 0.820036 -0.18781 0.0653567 0.980029 49.8642
0.981923 -0.00167907 0.189273 -69.4267 0.0143593 0.99774 -0.0656433 0.675558 -0.188735 0.0671745 0.979728 51.6966
0.981823 -0.00289876 0.189776 -69.169 0.0156324 0.997721 -0.0656359 0.568963 -0.189153 0.0674095 0.979631 52.9868
0.981712 5.55533e-05 0.190375 -68.8028 0.0124159 0.997852 -0.0643168 0.398741 -0.189969 0.0655042 0.979602 54.9968
0.981619 0.000413648 0.190849 -68.3792 0.0122541 0.997798 -0.0651906 0.209902 -0.190456 0.066331 0.979452 57.3245
0.982031 0.000243552 0.188718 -67.7055 0.0123358 0.997778 -0.0654797 -0.0709011 -0.188314 0.0666311 0.979846 60.6737
0.98241 -0.00271313 0.186716 -66.9001 0.0150598 0.997789 -0.0647389 -0.42917 -0.186128 0.066412 0.980278 64.9303
0.983 -0.00150268 0.183601 -66.1974 0.0137498 0.997761 -0.0654506 -0.730099 -0.183091 0.0668624 0.98082 68.8177
0.983503 0.00273655 0.180871 -66.0092 0.00929672 0.9978 -0.0656483 -0.82643 -0.180653 0.0662468 0.981313 69.947
0.983899 0.00459639 0.178665 -65.7539 0.00818446 0.997462 -0.0707322 -0.95499 -0.178537 0.0710557 0.981364 71.4941
0.984222 0.00794739 0.17676 -65.651 0.00536896 0.997189 -0.0747301 -1.00497 -0.176857 0.0745 0.981413 72.1428
0.984657 0.0054963 0.174413 -65.5281 0.0079783 0.997041 -0.0764619 -1.06448 -0.174317 0.0766803 0.981699 72.8461
0.984951 0.00587003 0.172733 -65.4338 0.00731169 0.997113 -0.0755774 -1.11695 -0.172678 0.0757031 0.982065 73.4559
0.985442 0.00419713 0.169961 -65.3078 0.00865932 0.997159 -0.0748318 -1.18435 -0.169792 0.0752141 0.982606 74.1668
0.985789 0.00240724 0.167972 -65.2025 0.0101253 0.997228 -0.0737143 -1.23566 -0.167684 0.0743675 0.983032 74.7875
0.98598 0.000949683 0.16686 -65.0911 0.0108752 0.997492 -0.0699393 -1.29428 -0.166508 0.0707734 0.983497 75.4571
0.986181 -0.000654839 0.165671 -64.9612 0.0116411 0.997794 -0.0653516 -1.3586 -0.165263 0.0663771 0.984013 76.2305
0.986169 -0.00166935 0.165735 -64.7994 0.0123718 0.997901 -0.0635643 -1.43411 -0.165281 0.0647355 0.98412 77.1843
0.985917 0.000431873 0.167234 -64.6162 0.010399 0.997903 -0.0638835 -1.51734 -0.166911 0.064723 0.983845 78.2658
0.985376 0.00171358 0.170385 -64.4793 0.00949353 0.997844 -0.0649386 -1.59588 -0.170129 0.0656065 0.983235 79.2226
0.985096 -0.00027301 0.172007 -64.3153 0.012058 0.997648 -0.0674736 -1.67075 -0.171584 0.068542 0.982782 80.1568
0.984661 -0.00218738 0.174464 -64.1861 0.0146055 0.997445 -0.0699263 -1.73102 -0.173866 0.0714018 0.982177 80.941
0.984163 -0.00209951 0.177256 -63.9452 0.0147949 0.997414 -0.0703308 -1.85269 -0.17665 0.0718394 0.981649 82.4144
0.984007 -0.00514565 0.178055 -63.682 0.01745 0.997559 -0.067607 -1.98033 -0.177273 0.0696329 0.981695 83.8588
0.98396 -0.00966605 0.178125 -63.4285 0.021491 0.997681 -0.0645761 -2.10173 -0.177088 0.0673684 0.981887 85.1601
0.983778 -0.0107126 0.179072 -63.1244 0.022611 0.997659 -0.0645364 -2.24061 -0.177962 0.0675385 0.981717 86.8495
0.983499 -0.00753515 0.180758 -62.9765 0.0200823 0.997505 -0.0676847 -2.32002 -0.179797 0.0701979 0.981196 87.7432
0.983251 -0.00233706 0.18224 -62.8276 0.0158932 0.997208 -0.0729616 -2.41483 -0.18156 0.074636 0.980543 88.6929
0.983048 7.61128e-05 0.183347 -62.708 0.0145571 0.996811 -0.0784641 -2.48094 -0.182768 0.079803 0.979912 89.4071
0.983037 0.00613423 0.183304 -62.5787 0.00952526 0.996384 -0.0844265 -2.55144 -0.183159 0.0847404 0.979424 90.1234
0.982755 0.00821124 0.184731 -62.459 0.00779445 0.996286 -0.0857504 -2.61969 -0.184749 0.0857115 0.979041 90.8278
0.982833 0.00350899 0.184463 -62.2529 0.0114157 0.996747 -0.0797842 -2.72249 -0.184143 0.0805203 0.979596 91.9012
0.983191 -0.00128396 0.182573 -62.1063 0.0144381 0.99739 -0.0707376 -2.79467 -0.182006 0.0721846 0.980644 92.6224
0.983303 -0.00218431 0.181964 -61.9887 0.0140467 0.997856 -0.0639275 -2.85352 -0.181434 0.065416 0.981225 93.327
0.983954 -0.00382116 0.178383 -61.8375 0.0158497 0.99769 -0.0660547 -2.9195 -0.177719 0.0678221 0.981741 94.0607
0.984193 -0.00649067 0.176978 -61.6342 0.0191239 0.99738 -0.0697712 -3.02127 -0.176062 0.0720529 0.981739 95.2191
0.984771 -0.00936248 0.173607 -61.4661 0.0220599 0.997207 -0.0713543 -3.10454 -0.172454 0.0740974 0.982227 96.1181
0.985225 -0.00519347 0.171184 -61.2531 0.0181575 0.997074 -0.0742529 -3.227 -0.170298 0.0762642 0.982437 97.4365
0.985615 -0.000413353 0.169003 -60.9692 0.0137451 0.99688 -0.0777224 -3.42151 -0.168444 0.0789273 0.982546 99.4331
0.986237 0.00166275 0.165328 -60.8205 0.0119297 0.996627 -0.0811879 -3.5154 -0.164906 0.0820428 0.982891 100.402
0.986823 0.00246627 0.161782 -60.6345 0.0115166 0.996277 -0.0854352 -3.63583 -0.161391 0.0861726 0.983121 101.608
0.987391 0.00646945 0.158167 -60.4131 0.00714689 0.996324 -0.0853685 -3.79311 -0.158137 0.0854225 0.983715 103.103
0.987911 0.0101968 0.154688 -60.2305 0.00287106 0.99646 -0.0840212 -3.91571 -0.154997 0.0834495 0.984384 104.352
0.9883 0.0142337 0.15186 -60.0778 -0.00235439 0.996941 -0.0781204 -4.0449 -0.152507 0.0768489 0.98531 105.592
0.988909 0.0148027 0.147785 -59.8751 -0.0040526 0.99734 -0.0727796 -4.18603 -0.148469 0.0713734 0.986338 107.005
0.989732 0.0125954 0.142381 -59.6355 -0.00275405 0.997605 -0.0691067 -4.33909 -0.14291 0.068005 0.987397 108.633
0.990632 0.0114407 0.136081 -59.4988 -0.00212863 0.997657 -0.0683796 -4.44046 -0.136545 0.0674493 0.988335 109.755
0.991045 0.0124378 0.132947 -59.4026 -0.00383042 0.997891 -0.0648037 -4.56004 -0.133472 0.0637142 0.989002 111.077
0.99198 0.0132156 0.125701 -59.2002 -0.00500204 0.997844 -0.0654345 -4.69592 -0.126295 0.0642809 0.989908 112.649
0.992672 0.0176323 0.119546 -59.0799 -0.00973775 0.997752 -0.0663033 -4.79787 -0.120446 0.0646533 0.990612 113.787
0.993255 0.0196995 0.114264 -58.9893 -0.011713 0.997468 -0.0701498 -4.8933 -0.115357 0.0683383 0.990971 114.927
0.994013 0.019354 0.107538 -58.853 -0.0114964 0.99725 -0.0732129 -4.99505 -0.108659 0.0715383 0.991502 116.106
0.994556 0.0192807 0.102401 -58.7498 -0.0116851 0.99717 -0.074263 -5.10524 -0.103543 0.0726621 0.991967 117.24
0.994897 0.021564 0.0985682 -58.6621 -0.0147611 0.997491 -0.0692323 -5.20935 -0.0998139 0.067424 0.992719 118.433
0.995395 0.0234657 0.0929441 -58.5261 -0.0174571 0.997736 -0.0649412 -5.38607 -0.0942576 0.0630196 0.993551 120.353
0.996021 0.0230052 0.0860969 -58.3105 -0.0176189 0.99787 -0.0628067 -5.61808 -0.0873584 0.0610399 0.994305 122.819
0.996674 0.0207331 0.0788088 -58.2705 -0.0155018 0.997671 -0.0664217 -5.66817 -0.0800024 0.0649791 0.994674 123.373
0.997331 0.0205501 0.0700679 -58.2308 -0.0153604 0.997153 -0.0738171 -5.71667 -0.0713854 0.0725438 0.994807 123.966
0.997933 0.0190314 0.0613742 -58.2101 -0.0143421 0.997008 -0.0759594 -5.7622 -0.0626362 0.0749221 0.99522 124.5
0.998507 0.0190736 0.0511798 -58.192 -0.0152901 0.997191 -0.0733236 -5.80922 -0.0524346 0.0724316 0.995994 125.024
0.999008 0.0186791 0.0404272 -58.183 -0.0159217 0.997593 -0.067485 -5.85777 -0.0415904 0.0667744 0.996901 125.62
0.999388 0.0192932 0.0291743 -58.1838 -0.0175164 0.998046 -0.0599779 -5.90752 -0.0302744 0.0594302 0.997773 126.222
0.999579 0.0219172 0.0190239 -58.1956 -0.0208038 0.998165 -0.056872 -5.95466 -0.0202355 0.0564523 0.9982 126.819
0.999624 0.0263846 0.00740698 -58.2068 -0.0258793 0.997767 -0.0615748 -6.00898 -0.00901506 0.06136 0.998075 127.47
0.999547 0.0296912 -0.00492177 -58.2214 -0.0299653 0.997041 -0.070792 -6.05831 0.00280531 0.0709074 0.997479 128.067
0.999457 0.0280025 -0.0173906 -58.2421 -0.0292411 0.996709 -0.0756066 -6.10267 0.0152162 0.076074 0.996986 128.604
0.999244 0.0256121 -0.0292386 -58.2695 -0.0276295 0.997107 -0.0708174 -6.14464 0.0273403 0.0715717 0.997061 129.124
0.998819 0.0262003 -0.0409053 -58.3038 -0.0287764 0.997553 -0.0637126 -6.19373 0.0391359 0.0648145 0.99713 129.7
0.998239 0.0255705 -0.0535251 -58.3416 -0.0286899 0.997884 -0.0583452 -6.24184 0.0519199 0.059778 0.996861 130.28
0.997471 0.0227927 -0.0673249 -58.38 -0.0268704 0.997819 -0.060296 -6.28825 0.0658037 0.0619525 0.995908 130.865
0.996645 0.0218085 -0.078893 -58.4401 -0.0269655 0.997527 -0.0649044 -6.33494 0.0772824 0.066814 0.994768 131.468
0.995958 0.020601 -0.0874238 -58.5053 -0.0269176 0.997063 -0.071701 -6.38496 0.08569 0.0737644 0.993587 132.032
0.995309 0.0189985 -0.0948647 -58.5656 -0.0264357 0.996621 -0.0777673 -6.42909 0.0930667 0.0799103 0.992448 132.553
0.994515 0.0184159 -0.102963 -58.6254 -0.0267122 0.996454 -0.0797865 -6.47584 0.101129 0.0820992 0.99148 133.087
0.993493 0.0229516 -0.11156 -58.6898 -0.0320091 0.996274 -0.0800891 -6.52413 0.109306 0.0831389 0.990525 133.614
0.992506 0.023577 -0.119899 -58.8505 -0.0331045 0.996395 -0.0781032 -6.63089 0.117625 0.0814871 0.989709 134.78
0.991452 0.0231468 -0.128406 -58.9271 -0.032527 0.996914 -0.0714422 -6.67944 0.126356 0.0750081 0.989145 135.341
0.990437 0.0218698 -0.136224 -58.9949 -0.0307508 0.997512 -0.0634354 -6.72518 0.134497 0.0670178 0.988645 135.884
0.989371 0.0309905 -0.142075 -59.0926 -0.0394127 0.997604 -0.0568538 -6.7757 0.139972 0.061849 0.988222 136.457
0.988279 0.041053 -0.147038 -59.2225 -0.050273 0.996959 -0.059546 -6.83271 0.144146 0.06624 0.987337 137.098
0.987215 0.0361261 -0.155245 -59.3029 -0.047112 0.996594 -0.0676774 -6.87711 0.152271 0.074126 0.985555 137.703
0.986576 0.0313382 -0.16027 -59.3998 -0.0438864 0.99619 -0.0753631 -6.92177 0.157298 0.0813851 0.984192 138.265
0.985908 0.0312578 -0.164344 -59.4966 -0.0442311 0.996135 -0.0758823 -6.96738 0.161337 0.0820821 0.98348 138.804
0.984964 0.0356937 -0.169035 -59.6003 -0.0483105 0.996297 -0.0711245 -7.01184 0.16587 0.0782212 0.98304 139.341
0.984041 0.0387246 -0.173677 -59.7146 -0.0510384 0.996447 -0.0670032 -7.06081 0.170465 0.0747981 0.982521 139.889
0.983142 0.0347205 -0.179518 -59.8192 -0.0478346 0.996452 -0.0692461 -7.11209 0.176477 0.0766659 0.981315 140.46
0.982126 0.0339067 -0.185144 -59.931 -0.0485568 0.995987 -0.0751753 -7.16456 0.181852 0.0828217 0.979832 141.026
0.981136 0.0333212 -0.190425 -60.0482 -0.0496491 0.995426 -0.0816265 -7.21295 0.186834 0.0895411 0.978302 141.576
0.98001 0.0347126 -0.195897 -60.1624 -0.0518364 0.995203 -0.0829722 -7.2646 0.192077 0.0914682 0.977108 142.119
0.978993 0.0360767 -0.200678 -60.2753 -0.0527987 0.995506 -0.0786084 -7.31874 0.19694 0.0875526 0.976498 142.653
0.977831 0.0360665 -0.206265 -60.3895 -0.0527799 0.995702 -0.0761078 -7.37419 0.202633 0.0853072 0.975532 143.2
0.976878 0.039126 -0.210186 -60.5234 -0.0560529 0.995593 -0.0751872 -7.42953 0.206318 0.0852303 0.974766 143.743
0.975802 0.036851 -0.215527 -60.6463 -0.0543129 0.995653 -0.0756653 -7.48472 0.211802 0.0855403 0.973562 144.293
0.974811 0.0324489 -0.22066 -60.7642 -0.0504795 0.995786 -0.0765692 -7.53404 0.217245 0.0857793 0.972341 144.833
0.973828 0.0318456 -0.225043 -60.8918 -0.0501546 0.995837 -0.0761136 -7.58495 0.221683 0.0854085 0.971371 145.354
0.97241 0.0295983 -0.231395 -61.0147 -0.048229 0.995996 -0.0752765 -7.63968 0.22824 0.0843595 0.969943 145.907
0.971292 0.0298468 -0.23601 -61.1549 -0.0488425 0.995983 -0.0750537 -7.69387 0.232822 0.0844264 0.968848 146.445
0.970062 0.0270892 -0.241342 -61.3154 -0.0474407 0.995752 -0.0789183 -7.75795 0.238179 0.0880051 0.967226 147.084
0.968985 0.0259634 -0.24575 -61.4689 -0.0478204 0.995369 -0.083394 -7.81618 0.242447 0.0925595 0.965739 147.654
0.96797 0.0261516 -0.249702 -61.6226 -0.0490287 0.995102 -0.0858414 -7.8736 0.246234 0.0953344 0.96451 148.203
0.966971 0.027621 -0.253385 -61.7674 -0.049906 0.995386 -0.0819468 -7.92607 0.249953 0.0918856 0.963888 148.721
0.966076 0.0296987 -0.256546 -61.9023 -0.0500592 0.99606 -0.0732005 -7.97327 0.253361 0.0835597 0.963756 149.203
0.965225 0.0278136 -0.259938 -62.0392 -0.0459233 0.996902 -0.0638569 -8.02396 0.257357 0.0735735 0.963511 149.724
0.964626 0.0269865 -0.262237 -62.1943 -0.0439897 0.997277 -0.0591854 -8.07286 0.259926 0.0686275 0.963187 150.255
0.963708 0.0229872 -0.265966 -62.34 -0.0402733 0.997402 -0.0597228 -8.12007 0.263903 0.0682667 0.96213 150.799
0.962755 0.0215861 -0.269511 -62.4965 -0.0400307 0.997202 -0.0631294 -8.16917 0.267394 0.0715669 0.960926 151.343
0.961916 0.0202563 -0.272595 -62.6483 -0.0397729 0.997009 -0.0662611 -8.21172 0.270438 0.0745795 0.959844 151.859
0.961165 0.018561 -0.27535 -62.7904 -0.0385679 0.996979 -0.0674239 -8.25317 0.273267 0.0754252 0.958977 152.334
0.960404 0.0159939 -0.278152 -62.9231 -0.0363099 0.997022 -0.0680416 -8.29277 0.276235 0.0754471 0.958124 152.793
0.959681 0.0158929 -0.280641 -63.0615 -0.0361042 0.9971 -0.0669958 -8.33518 0.278762 0.0744269 0.957472 153.244
0.95886 0.014269 -0.283522 -63.1869 -0.0341851 0.997272 -0.0654225 -8.37634 0.281815 0.0724232 0.956732 153.675
0.957944 0.0107688 -0.286752 -63.3057 -0.0305635 0.99744 -0.0646442 -8.41801 0.285322 0.0706897 0.955821 154.087
0.957123 0.00900974 -0.289541 -63.423 -0.0286514 0.99756 -0.0636704 -8.46234 0.28826 0.0692362 0.955046 154.469
0.956158 0.00517562 -0.292806 -63.5263 -0.0252625 0.997574 -0.0648617 -8.49479 0.29176 0.069415 0.953969 154.838
0.954833 0.00231473 -0.297135 -63.6173 -0.0235335 0.997418 -0.0678541 -8.53486 0.296211 0.0717819 0.952421 155.185
0.953632 -0.000915633 -0.300974 -63.7133 -0.021713 0.99718 -0.0718309 -8.56686 0.300191 0.0750353 0.950923 155.51
0.952076 -0.00589725 -0.305804 -63.8024 -0.0176254 0.997095 -0.0741023 -8.59318 0.305353 0.075941 0.949206 155.81
0.949389 -0.0151128 -0.313739 -63.8676 -0.00873237 0.997186 -0.0744589 -8.61566 0.313981 0.0734301 0.946585 156.098
0.948054 -0.012244 -0.317873 -63.9746 -0.0115722 0.99727 -0.0729272 -8.64324 0.317898 0.0728175 0.945324 156.357
0.945467 -0.0104363 -0.325551 -64.0625 -0.0135106 0.99737 -0.0712107 -8.66691 0.325437 0.0717257 0.942839 156.619
0.943597 -0.003808 -0.331075 -64.1633 -0.019393 0.997581 -0.0667463 -8.69003 0.330528 0.0694022 0.941241 156.86
0.941807 0.00207428 -0.336149 -64.2667 -0.0237091 0.997901 -0.0602693 -8.70967 0.335318 0.0647318 0.939878 157.088
0.93867 0.000635845 -0.344817 -64.3487 -0.0212702 0.998201 -0.0560616 -8.73281 0.344161 0.0599576 0.936994 157.323
0.937573 0.00637462 -0.34773 -64.4856 -0.0280543 0.99796 -0.0573471 -8.75359 0.346655 0.0635224 0.935839 157.509
0.935207 0.0112039 -0.353924 -64.607 -0.0339727 0.997728 -0.058185 -8.76956 0.352468 0.0664387 0.933463 157.69
0.930187 0.00965009 -0.36696 -64.6961 -0.0326756 0.997863 -0.0565865 -8.78938 0.36563 0.0646266 0.928514 157.886
0.927181 0.0204792 -0.374054 -64.8625 -0.0495678 0.996432 -0.0683117 -8.80278 0.37132 0.0818783 0.924888 157.975
0.922526 0.0317455 -0.384628 -65.0144 -0.066975 0.994658 -0.0785439 -8.81426 0.38008 0.0982192 0.919724 158.06
0.915357 0.0353644 -0.401088 -65.1244 -0.0741956 0.993892 -0.0816953 -8.828 0.395749 0.104539 0.912389 158.194
0.915357 0.0353644 -0.401088 -65.1244 -0.0741956 0.993892 -0.0816953 -8.828 0.395749 0.104539 0.912389 158.194
0.901371 0.0167881 -0.432721 -65.0324 -0.0673978 0.99251 -0.101885 -8.83882 0.42777 0.121001 0.895752 158.333
0.901371 0.0167881 -0.432721 -65.0324 -0.0673978 0.99251 -0.101885 -8.83882 0.42777 0.121001 0.895752 158.333
0.893962 0.0267532 -0.447343 -65.1569 -0.0831439 0.990787 -0.1069 -8.84919 0.440362 0.132758 0.887951 158.405
0.885816 0.0317089 -0.462952 -65.2686 -0.0916097 0.989978 -0.10748 -8.85985 0.454904 0.137619 0.879843 158.478
0.885816 0.0317089 -0.462952 -65.2686 -0.0916097 0.989978 -0.10748 -8.85985 0.454904 0.137619 0.879843 158.478
0.885816 0.0317089 -0.462952 -65.2686 -0.0916097 0.989978 -0.10748 -8.85985 0.454904 0.137619 0.879843 158.478
0.87563 0.0367036 -0.481587 -65.4003 -0.10185 0.988718 -0.109832 -8.86278 0.472122 0.145222 0.869489 158.53
0.863665 0.04447 -0.502101 -65.5476 -0.115897 0.986933 -0.111945 -8.86702 0.490562 0.154875 0.857533 158.565
0.850877 0.052088 -0.522776 -65.6766 -0.127679 0.985742 -0.109595 -8.87624 0.509613 0.159999 0.845396 158.627
0.837502 0.0586826 -0.543273 -65.8191 -0.139769 0.984148 -0.109162 -8.88073 0.528256 0.167356 0.832429 158.69
0.823605 0.0647318 -0.563457 -65.9582 -0.154436 0.981522 -0.112979 -8.88077 0.545732 0.180068 0.818384 158.714
0.808105 0.0730439 -0.584492 -66.0933 -0.168809 0.979379 -0.110998 -8.88817 0.564332 0.188365 0.803771 158.761
0.791715 0.0790964 -0.605748 -66.2349 -0.18297 0.976764 -0.111601 -8.88967 0.582845 0.19919 0.787791 158.791
0.773955 0.0809278 -0.628048 -66.3724 -0.19438 0.97428 -0.113996 -8.89351 0.602669 0.210307 0.76978 158.818
0.75444 0.0811552 -0.651332 -66.5285 -0.206288 0.971361 -0.117913 -8.89284 0.62311 0.22332 0.749575 158.851
0.732812 0.0809709 -0.675596 -66.6878 -0.216569 0.969015 -0.118773 -8.90054 0.645046 0.233351 0.727642 158.904
0.707654 0.0822725 -0.701753 -66.8575 -0.226861 0.967067 -0.115391 -8.90845 0.669149 0.240857 0.703014 158.966
0.680505 0.0838761 -0.727927 -67.036 -0.236721 0.965323 -0.110069 -8.91316 0.693452 0.247218 0.676762 159.028
0.648584 0.0831979 -0.756583 -67.2122 -0.242517 0.964791 -0.101805 -8.92488 0.721474 0.249514 0.645924 159.122
0.610985 0.0808423 -0.787504 -67.4038 -0.24734 0.964466 -0.0928901 -8.93567 0.752011 0.251536 0.609269 159.245
0.574375 0.0808572 -0.814589 -67.612 -0.256006 0.962937 -0.08493 -8.93348 0.777531 0.257322 0.573787 159.318
0.533021 0.0803172 -0.842281 -67.8287 -0.260206 0.9628 -0.0728569 -8.93677 0.805097 0.258001 0.534092 159.419
0.488466 0.0816399 -0.868755 -68.0556 -0.264292 0.962689 -0.0581338 -8.94095 0.831595 0.258002 0.491818 159.515
0.441228 0.0819566 -0.893645 -68.2903 -0.264281 0.963525 -0.042121 -8.94301 0.857597 0.254759 0.446794 159.611
0.393686 0.0830383 -0.915487 -68.5429 -0.264496 0.964028 -0.0262995 -8.9436 0.880371 0.252496 0.401487 159.686
0.346157 0.0838723 -0.93442 -68.7968 -0.264117 0.964425 -0.0112769 -8.94205 0.900232 0.2507 0.355994 159.736
0.296737 0.0841647 -0.951243 -69.0714 -0.262862 0.964828 0.00336786 -8.93183 0.918069 0.249046 0.308424 159.793
0.246781 0.0853659 -0.965304 -69.3489 -0.260373 0.965325 0.0188033 -8.92763 0.933437 0.246698 0.260451 159.843
0.197952 0.0859888 -0.976433 -69.641 -0.257319 0.965767 0.0328833 -8.91491 0.945834 0.244746 0.213302 159.88
0.150195 0.085906 -0.984917 -69.9533 -0.252745 0.96645 0.045753 -8.89581 0.955804 0.242061 0.166868 159.901
0.101964 0.0858547 -0.991076 -70.2742 -0.247228 0.967199 0.0583509 -8.87589 0.963578 0.239072 0.119845 159.916
0.0548707 0.0863185 -0.994755 -70.6117 -0.241539 0.967815 0.0706575 -8.84976 0.968839 0.236395 0.073954 159.92
0.00984192 0.0871937 -0.996143 -70.9581 -0.235456 0.968383 0.0824375 -8.82206 0.971835 0.233736 0.030061 159.907
-0.0316874 0.0873886 -0.99567 -71.3261 -0.233108 0.968053 0.0923834 -8.78198 0.971934 0.235026 -0.0103041 159.87
-0.0701925 0.0876092 -0.993679 -71.7111 -0.228513 0.968235 0.101508 -8.73804 0.971007 0.234193 -0.047943 159.833
-0.103048 0.0874487 -0.990825 -72.1101 -0.226222 0.967963 0.108959 -8.69131 0.96861 0.235374 -0.079964 159.783
-0.1299 0.0868652 -0.987715 -72.5192 -0.224621 0.967679 0.114644 -8.64065 0.965749 0.236754 -0.106189 159.722
-0.151271 0.0860472 -0.98474 -72.9543 -0.223774 0.967361 0.118904 -8.59021 0.96283 0.238346 -0.127079 159.653
-0.167789 0.0865543 -0.982016 -73.4057 -0.222922 0.967005 0.12332 -8.53703 0.960288 0.239604 -0.142958 159.575
-0.180588 0.0871479 -0.97969 -73.852 -0.221847 0.966789 0.126894 -8.47994 0.958213 0.240257 -0.155257 159.487
-0.193237 0.0878812 -0.977208 -74.3145 -0.218919 0.96701 0.130254 -8.42068 0.956417 0.239099 -0.167623 159.41
-0.203253 0.0891899 -0.975056 -74.7884 -0.216365 0.967133 0.133567 -8.36234 0.954921 0.238115 -0.177275 159.322
-0.210546 0.0893492 -0.973492 -75.2591 -0.217884 0.966477 0.135829 -8.29844 0.952994 0.240707 -0.18402 159.217
-0.217747 0.0902117 -0.971827 -75.7658 -0.216659 0.966408 0.138253 -8.23346 0.951654 0.240659 -0.190887 159.113
-0.223201 0.0902639 -0.970584 -76.2907 -0.215954 0.966382 0.139535 -8.1609 0.95055 0.240746 -0.196205 158.999
-0.228048 0.0914478 -0.969346 -76.8212 -0.212902 0.966803 0.141295 -8.09242 0.950088 0.238598 -0.201008 158.892
-0.232037 0.0931024 -0.968241 -77.3663 -0.208371 0.967544 0.142971 -8.02385 0.950126 0.234928 -0.205106 158.785
-0.233798 0.0936628 -0.967763 -77.9076 -0.207848 0.967525 0.143853 -7.95651 0.949809 0.23478 -0.206737 158.67
-0.235332 0.093728 -0.967385 -78.4641 -0.206031 0.967907 0.143899 -7.88396 0.949826 0.233175 -0.208469 158.553
-0.23638 0.0924348 -0.967254 -79.0258 -0.205304 0.968239 0.142702 -7.80185 0.949723 0.232313 -0.209895 158.429
-0.237196 0.0912465 -0.967167 -79.6142 -0.205427 0.968354 0.141739 -7.7194 0.949493 0.232302 -0.210945 158.295
-0.237905 0.0918083 -0.96694 -80.1975 -0.206635 0.967949 0.142744 -7.63831 0.949054 0.233763 -0.211309 158.158
-0.238401 0.0939695 -0.96661 -80.8333 -0.208772 0.967079 0.145506 -7.55019 0.948461 0.23649 -0.210934 158.006
-0.239318 0.0953429 -0.966249 -81.4864 -0.210311 0.966451 0.147452 -7.45731 0.94789 0.238501 -0.211237 157.854
-0.240111 0.0951846 -0.966068 -82.1647 -0.21121 0.966218 0.147695 -7.36658 0.94749 0.239507 -0.211896 157.697
-0.241662 0.0930989 -0.965884 -82.8683 -0.210071 0.966762 0.145743 -7.26682 0.947349 0.238125 -0.214072 157.543
-0.241418 0.0920615 -0.966044 -83.5745 -0.209571 0.967053 0.14453 -7.16658 0.947522 0.237347 -0.214171 157.373
