1 0 0 0 0 1 0 0 0 0 1 0
0.999997 0.00252037 0.000295489 -0.00734877 -0.00252085 0.999996 0.00162578 -0.0137775 -0.00029139 -0.00162652 0.999999 0.631245
0.999993 0.00366307 -0.000827249 1.8002e-05 -0.00366145 0.999991 0.00195459 -0.027506 0.000834402 -0.00195154 0.999998 1.29303
0.999992 0.00391154 -0.00091462 -0.000142324 -0.00391014 0.999991 0.00152491 -0.0395784 0.000920577 -0.00152132 0.999998 1.93181
0.999985 0.00537127 -0.00134603 -0.000571275 -0.00536972 0.999985 0.00115476 -0.0516307 0.00135221 -0.00114752 0.999998 2.51865
0.999984 0.00551482 -0.000868271 -0.00756051 -0.00551431 0.999985 0.000585359 -0.0595684 0.000871486 -0.000580562 0.999999 3.08134
0.999971 0.00755779 0.000669775 -0.0247322 -0.00755887 0.99997 0.0016207 -0.071889 -0.000657506 -0.00162571 0.999998 3.62063
0.999908 0.0129511 0.00406903 -0.053593 -0.0129671 0.999908 0.00393551 -0.0788331 -0.00401769 -0.00398791 0.999984 4.12031
0.999886 0.0137446 0.00627277 -0.0596501 -0.0137915 0.999877 0.00749481 -0.083428 -0.00616899 -0.00758047 0.999952 4.64465
0.999918 0.0113592 0.00588264 -0.0418341 -0.0114202 0.99988 0.0104364 -0.0862328 -0.00576339 -0.0105027 0.999928 5.17555
0.999825 0.0161209 0.00950316 -0.0661494 -0.0162341 0.999797 0.0119515 -0.0901073 -0.00930856 -0.0121037 0.999883 5.65941
0.999821 0.0155815 0.0106862 -0.0648217 -0.0157079 0.999807 0.0118411 -0.100133 -0.0104996 -0.0120068 0.999873 6.13665
0.999799 0.016625 0.0112358 -0.0605015 -0.0167272 0.999819 0.0090632 -0.10727 -0.0110831 -0.00924932 0.999896 6.59541
0.999639 0.0215002 0.0161229 -0.0974206 -0.0215932 0.999751 0.00561952 -0.114253 -0.0159981 -0.00596564 0.999854 6.99949
0.999491 0.0245285 0.0204204 -0.116833 -0.0246103 0.99969 0.00376437 -0.120336 -0.0203217 -0.004265 0.999784 7.3819
0.999399 0.0242526 0.0247642 -0.131508 -0.0242822 0.999705 0.000892948 -0.126511 -0.0247352 -0.00149374 0.999693 7.73847
0.999284 0.0249079 0.028482 -0.139852 -0.0248925 0.99969 -0.000893685 -0.130895 -0.0284954 0.000184056 0.999594 8.07254
0.998907 0.0336313 0.0324522 -0.158219 -0.0335311 0.999431 -0.00362645 -0.135839 -0.0325557 0.00253433 0.999467 8.3812
0.998377 0.0422603 0.0381779 -0.181247 -0.0420715 0.999098 -0.00573535 -0.137696 -0.0383858 0.00411984 0.999255 8.65974
0.998644 0.0365335 0.0371002 -0.131587 -0.0363452 0.999323 -0.00573605 -0.146257 -0.0372847 0.00437985 0.999295 8.92305
0.998808 0.0300352 0.0384849 -0.100037 -0.0298408 0.999539 -0.00561738 -0.152148 -0.0386359 0.00446226 0.999243 9.17068
0.998117 0.0367251 0.0491211 -0.165441 -0.0362153 0.999281 -0.0112285 -0.148103 -0.0494981 0.00942843 0.99873 9.37464
0.99715 0.0477385 0.0584286 -0.228487 -0.046843 0.998764 -0.016603 -0.149606 -0.059149 0.0138187 0.998154 9.55165
0.99715 0.0477385 0.0584286 -0.228487 -0.046843 0.998764 -0.016603 -0.149606 -0.059149 0.0138187 0.998154 9.55165
0.996373 0.0549077 0.0650008 -0.266837 -0.0536688 0.998345 -0.0206556 -0.148795 -0.0660274 0.0170922 0.997671 9.69872
0.996373 0.0549077 0.0650008 -0.266837 -0.0536688 0.998345 -0.0206556 -0.148795 -0.0660274 0.0170922 0.997671 9.69872
0.994928 0.0680438 0.0740857 -0.914017 -0.0657539 0.997293 -0.0329236 -0.0709224 -0.0761253 0.0278852 0.996708 10.5145
0.994928 0.0680438 0.0740857 -0.914017 -0.0657539 0.997293 -0.0329236 -0.0709224 -0.0761253 0.0278852 0.996708 10.5145
0.994928 0.0680438 0.0740857 -0.914017 -0.0657539 0.997293 -0.0329236 -0.0709224 -0.0761253 0.0278852 0.996708 10.5145
0.994928 0.0680438 0.0740857 -0.914017 -0.0657539 0.997293 -0.0329236 -0.0709224 -0.0761253 0.0278852 0.996708 10.5145
0.994928 0.0680438 0.0740857 -0.914017 -0.0657539 0.997293 -0.0329236 -0.0709224 -0.0761253 0.0278852 0.996708 10.5145
0.994928 0.0680438 0.0740857 -0.914017 -0.0657539 0.997293 -0.0329236 -0.0709224 -0.0761253 0.0278852 0.996708 10.5145
0.994928 0.0680438 0.0740857 -0.914017 -0.0657539 0.997293 -0.0329236 -0.0709224 -0.0761253 0.0278852 0.996708 10.5145
0.994928 0.0680438 0.0740857 -0.914017 -0.0657539 0.997293 -0.0329236 -0.0709224 -0.0761253 0.0278852 0.996708 10.5145
0.994928 0.0680438 0.0740857 -0.914017 -0.0657539 0.997293 -0.0329236 -0.0709224 -0.0761253 0.0278852 0.996708 10.5145
0.994928 0.0680438 0.0740857 -0.914017 -0.0657539 0.997293 -0.0329236 -0.0709224 -0.0761253 0.0278852 0.996708 10.5145
0.994928 0.0680438 0.0740857 -0.914017 -0.0657539 0.997293 -0.0329236 -0.0709224 -0.0761253 0.0278852 0.996708 10.5145
0.994928 0.0680438 0.0740857 -0.914017 -0.0657539 0.997293 -0.0329236 -0.0709224 -0.0761253 0.0278852 0.996708 10.5145
0.994928 0.0680438 0.0740857 -0.914017 -0.0657539 0.997293 -0.0329236 -0.0709224 -0.0761253 0.0278852 0.996708 10.5145
0.994928 0.0680438 0.0740857 -0.914017 -0.0657539 0.997293 -0.0329236 -0.0709224 -0.0761253 0.0278852 0.996708 10.5145
0.994928 0.0680438 0.0740857 -0.914017 -0.0657539 0.997293 -0.0329236 -0.0709224 -0.0761253 0.0278852 0.996708 10.5145
0.994928 0.0680438 0.0740857 -0.914017 -0.0657539 0.997293 -0.0329236 -0.0709224 -0.0761253 0.0278852 0.996708 10.5145
0.994928 0.0680438 0.0740857 -0.914017 -0.0657539 0.997293 -0.0329236 -0.0709224 -0.0761253 0.0278852 0.996708 10.5145
0.994928 0.0680438 0.0740857 -0.914017 -0.0657539 0.997293 -0.0329236 -0.0709224 -0.0761253 0.0278852 0.996708 10.5145
0.994928 0.0680438 0.0740857 -0.914017 -0.0657539 0.997293 -0.0329236 -0.0709224 -0.0761253 0.0278852 0.996708 10.5145
0.994928 0.0680438 0.0740857 -0.914017 -0.0657539 0.997293 -0.0329236 -0.0709224 -0.0761253 0.0278852 0.996708 10.5145
0.994928 0.0680438 0.0740857 -0.914017 -0.0657539 0.997293 -0.0329236 -0.0709224 -0.0761253 0.0278852 0.996708 10.5145
0.994928 0.0680438 0.0740857 -0.914017 -0.0657539 0.997293 -0.0329236 -0.0709224 -0.0761253 0.0278852 0.996708 10.5145
0.99708 0.0623496 0.0440977 -0.653703 -0.0608704 0.997562 -0.0341287 -0.0732085 -0.0461181 0.0313448 0.998444 11.117
0.997391 0.0681041 0.0239566 -0.694264 -0.067274 0.997158 -0.0338991 -0.0742055 -0.0261972 0.032199 0.999138 11.2233
0.997237 0.0742837 -0.000113297 -0.736165 -0.0742477 0.996703 -0.0327202 -0.0772872 -0.00231766 0.0326382 0.999465 11.3419
0.996425 0.0800086 -0.0271219 -0.783869 -0.0808331 0.996252 -0.0308011 -0.078369 0.0245559 0.0328833 0.999157 11.4636
0.994751 0.0846507 -0.0574926 -0.832731 -0.0862996 0.995908 -0.0268267 -0.0789071 0.0549864 0.0316475 0.997985 11.5954
0.991688 0.0902939 -0.0916585 -0.888188 -0.0926562 0.995459 -0.0218448 -0.0778394 0.0892698 0.0301559 0.995551 11.7404
0.986907 0.099675 -0.126802 -0.971035 -0.102687 0.994561 -0.0174299 -0.0719015 0.124375 0.0302227 0.991775 11.8875
0.980309 0.107331 -0.165752 -1.04994 -0.110591 0.99381 -0.010537 -0.0691728 0.163595 0.0286602 0.986111 12.0442
0.971805 0.112658 -0.207132 -1.12901 -0.115737 0.993276 -0.0027688 -0.0650394 0.205428 0.0266637 0.978309 12.2323
0.961177 0.117704 -0.24957 -1.21958 -0.119834 0.992771 0.00669644 -0.0659254 0.248554 0.0234705 0.968334 12.4161
0.948219 0.124224 -0.292318 -1.3225 -0.124387 0.992069 0.0181063 -0.0634072 0.292249 0.0191917 0.95615 12.6004
0.932872 0.129964 -0.335945 -1.44068 -0.127543 0.991398 0.0293638 -0.056404 0.336871 0.0154548 0.941424 12.8062
0.914742 0.139142 -0.379324 -1.58125 -0.134962 0.990132 0.0377336 -0.0464598 0.380831 0.0166781 0.924494 12.9955
0.894029 0.145665 -0.423666 -1.73358 -0.139529 0.989165 0.0456579 -0.0315862 0.425726 0.0182944 0.904667 13.1936
0.870325 0.151507 -0.468594 -1.89175 -0.143993 0.988208 0.0520692 -0.00987089 0.470957 0.0221573 0.881878 13.3918
0.843938 0.155351 -0.513453 -2.05939 -0.144973 0.987583 0.0605193 0.00951916 0.516479 0.0233621 0.855981 13.5866
0.81383 0.159684 -0.558732 -2.23533 -0.145096 0.986888 0.070708 0.0325671 0.562697 0.0235257 0.826328 13.79
0.782249 0.161931 -0.601552 -2.43869 -0.142825 0.986523 0.0798334 0.0592803 0.606372 0.023467 0.794835 13.9961
0.748528 0.162328 -0.642927 -2.66116 -0.139049 0.986441 0.0871706 0.088251 0.64836 0.024149 0.76095 14.2054
0.712882 0.161277 -0.682487 -2.89617 -0.131841 0.986665 0.095445 0.116599 0.688779 0.0219385 0.724639 14.4136
0.674771 0.161364 -0.720171 -3.14413 -0.124732 0.986702 0.104215 0.146331 0.727411 0.0195072 0.685925 14.6147
0.634087 0.164236 -0.755619 -3.43043 -0.121721 0.986201 0.11221 0.183034 0.763622 0.0208234 0.645328 14.811
0.59068 0.16486 -0.789885 -3.72987 -0.118251 0.986023 0.117369 0.228223 0.798194 0.0240772 0.601919 14.9905
0.544321 0.163132 -0.822862 -4.03537 -0.108532 0.98636 0.123752 0.272891 0.831827 0.0219459 0.554602 15.1656
0.495447 0.161887 -0.85342 -4.37063 -0.0983419 0.986617 0.130062 0.319933 0.863053 0.0194882 0.504737 15.3445
0.446835 0.161706 -0.879881 -4.71898 -0.0931281 0.986593 0.134024 0.373752 0.889756 0.0220551 0.455903 15.4834
0.396869 0.167628 -0.902439 -5.08034 -0.0875095 0.985614 0.144594 0.43145 0.913694 0.0215873 0.405828 15.6199
0.348397 0.172303 -0.921375 -5.45346 -0.0797409 0.984845 0.15402 0.489695 0.933949 0.019811 0.356857 15.7444
0.303032 0.173021 -0.937142 -5.84572 -0.0683627 0.984794 0.159713 0.548444 0.950525 0.0156674 0.310252 15.8588
0.260667 0.174563 -0.949516 -6.25401 -0.0620367 0.984513 0.163967 0.609457 0.963434 0.0161641 0.267459 15.9544
0.222427 0.173619 -0.959366 -6.68824 -0.0604519 0.984579 0.164166 0.680354 0.973073 0.0214807 0.229492 16.0283
0.187681 0.170343 -0.967346 -7.12455 -0.0612763 0.984959 0.161556 0.755713 0.980317 0.0289543 0.195297 16.0896
0.159375 0.17083 -0.972325 -7.57312 -0.0608744 0.984741 0.163034 0.834711 0.985339 0.0332062 0.167343 16.1501
0.138781 0.175398 -0.974667 -8.05643 -0.0609973 0.983836 0.168363 0.914694 0.988443 0.0360865 0.147236 16.2042
0.126127 0.180639 -0.975429 -8.56265 -0.0555735 0.983024 0.17486 0.999848 0.990456 0.0321534 0.134025 16.2734
0.11788 0.183435 -0.975938 -9.10737 -0.0543973 0.982508 0.178099 1.0876 0.991537 0.032094 0.125797 16.3399
0.114056 0.180697 -0.976903 -9.69225 -0.0538486 0.982999 0.175538 1.18407 0.992014 0.0325836 0.121848 16.4068
0.115083 0.175425 -0.977743 -10.2971 -0.0441412 0.984214 0.17139 1.28486 0.992375 0.0234346 0.12101 16.4973
0.120997 0.171873 -0.97766 -10.8904 -0.0323324 0.985056 0.169172 1.38711 0.992126 0.0111409 0.124746 16.5823
0.126125 0.171971 -0.976995 -11.5485 -0.0325622 0.985046 0.169185 1.49563 0.99148 0.0104746 0.129839 16.6748
0.130734 0.17083 -0.976589 -12.2754 -0.0361619 0.985209 0.167497 1.61282 0.990758 0.0134177 0.134978 16.7716
0.134327 0.163593 -0.97734 -12.9919 -0.0330095 0.98647 0.160585 1.7316 0.990387 0.0106907 0.13791 16.8756
0.136283 0.153186 -0.978755 -13.6856 -0.0353347 0.988096 0.149728 1.84169 0.99004 0.0141786 0.140073 16.9698
0.135144 0.145708 -0.980054 -14.2746 -0.0411865 0.989099 0.141373 1.9315 0.98997 0.0212592 0.139672 17.0555
0.132845 0.143401 -0.980708 -14.8267 -0.0477337 0.989255 0.138185 2.0172 0.989987 0.0284557 0.138262 17.126
0.128578 0.151054 -0.980128 -15.3641 -0.0566244 0.987837 0.144814 2.08973 0.990082 0.0368793 0.135567 17.1858
0.122367 0.159443 -0.979594 -15.9576 -0.0575931 0.986489 0.153371 2.17392 0.990813 0.0376503 0.129896 17.2678
0.117212 0.169037 -0.978615 -16.572 -0.0577942 0.984899 0.1632 2.26807 0.991424 0.0374293 0.125212 17.3445
0.114984 0.178828 -0.977138 -17.256 -0.0581857 0.983186 0.173088 2.3791 0.991662 0.0369532 0.123456 17.4292
0.114638 0.186101 -0.97582 -18.0095 -0.0564654 0.981929 0.180632 2.50313 0.991801 0.0343927 0.123075 17.5128
0.113001 0.186716 -0.975893 -18.7989 -0.0548368 0.981859 0.181508 2.63761 0.992081 0.0330044 0.12119 17.6131
0.111016 0.183823 -0.97667 -19.5739 -0.0550067 0.982375 0.178644 2.77166 0.992295 0.033891 0.119171 17.7066
0.108038 0.178874 -0.977922 -20.3858 -0.0524475 0.983336 0.17407 2.90439 0.992762 0.0324833 0.115619 17.8047
0.102788 0.173692 -0.979421 -21.1757 -0.0505563 0.984276 0.169247 3.03201 0.993418 0.0321193 0.109953 17.8971
0.0964336 0.168856 -0.980912 -21.9526 -0.0475553 0.985161 0.164912 3.15418 0.994203 0.0307445 0.103033 17.9849
0.0898829 0.167267 -0.981806 -22.6891 -0.048621 0.985358 0.163421 3.27042 0.994765 0.0330477 0.0966995 18.0476
0.0832341 0.169682 -0.981978 -23.4137 -0.0466245 0.984981 0.166249 3.38217 0.995439 0.0319467 0.0898954 18.1135
0.0765419 0.174792 -0.981626 -24.139 -0.0483348 0.984007 0.171447 3.4944 0.995894 0.0343238 0.0837663 18.1671
0.0699596 0.177808 -0.981575 -24.9186 -0.0500271 0.983373 0.174568 3.62202 0.996295 0.0368927 0.0776916 18.2206
0.0651205 0.180435 -0.981429 -25.6883 -0.0521333 0.982788 0.177226 3.74878 0.996515 0.0396241 0.0734064 18.2669
0.0617953 0.182341 -0.981292 -26.5131 -0.0557822 0.982265 0.179009 3.88462 0.996529 0.0436767 0.0708708 18.3185
0.0593257 0.18407 -0.981121 -27.3828 -0.0578856 0.981833 0.180703 4.03011 0.996559 0.0460725 0.0689029 18.3768
0.0560089 0.183809 -0.981365 -28.244 -0.0561718 0.981931 0.180709 4.16936 0.996849 0.0450037 0.0653218 18.4494
0.0548715 0.183182 -0.981547 -29.1164 -0.0570661 0.981996 0.180075 4.31425 0.996861 0.046132 0.0643371 18.4905
0.054005 0.182644 -0.981695 -29.9887 -0.0593526 0.981978 0.179432 4.45936 0.996775 0.0485759 0.0638722 18.5307
0.0521437 0.182023 -0.981911 -30.8637 -0.0616092 0.981962 0.17876 4.60475 0.996737 0.0511735 0.0624175 18.5841
0.050878 0.180151 -0.982322 -31.7645 -0.0674866 0.981968 0.176591 4.75613 0.996422 0.057309 0.0621183 18.6261
0.049144 0.175936 -0.983174 -32.6847 -0.071367 0.982466 0.172242 4.9041 0.996239 0.0617015 0.0608383 18.6809
0.0485758 0.17522 -0.98333 -33.5612 -0.0697814 0.982682 0.171657 5.04633 0.996379 0.0602798 0.0599616 18.7453
0.0500592 0.179999 -0.982392 -34.4352 -0.0722988 0.981698 0.176188 5.18172 0.996126 0.0622059 0.0621568 18.7877
0.0526101 0.183083 -0.981689 -35.305 -0.0735965 0.981088 0.179026 5.32569 0.995899 0.0628303 0.0650894 18.8296
0.0545119 0.182423 -0.981708 -36.22 -0.0725285 0.981296 0.178319 5.48039 0.995876 0.0614814 0.0667232 18.8809
0.0573651 0.18165 -0.981689 -37.1789 -0.073346 0.981417 0.177314 5.63825 0.995655 0.0618313 0.0696224 18.934
0.060837 0.182547 -0.981313 -38.1442 -0.0783308 0.980975 0.177629 5.80096 0.995069 0.0660606 0.0739787 18.9923
0.0669052 0.184211 -0.980607 -39.186 -0.0860028 0.980216 0.17827 5.97158 0.994046 0.0724077 0.0814242 19.0399
0.0717446 0.184886 -0.980138 -40.1651 -0.0905851 0.979817 0.178195 6.12465 0.993301 0.0760013 0.0870445 19.1167
0.0775414 0.184163 -0.979832 -41.1768 -0.0934656 0.979806 0.176762 6.29583 0.992598 0.0778743 0.0931885 19.1965
0.0827703 0.182949 -0.979632 -42.217 -0.0915751 0.980242 0.175326 6.46731 0.992352 0.075198 0.0978886 19.3007
0.0888276 0.182196 -0.979242 -43.3831 -0.0909309 0.980506 0.174183 6.66048 0.991888 0.073571 0.103663 19.4048
0.0941426 0.182831 -0.978627 -44.443 -0.0901536 0.980519 0.174512 6.82693 0.991468 0.0717977 0.108791 19.5177
0.0998012 0.18471 -0.977713 -45.5685 -0.0905233 0.980229 0.175945 7.00445 0.990881 0.0709462 0.114549 19.6372
0.104455 0.186245 -0.976935 -46.7211 -0.0902928 0.980028 0.17718 7.18665 0.990422 0.0697028 0.119185 19.7801
0.10901 0.185356 -0.976606 -47.9804 -0.0891502 0.980325 0.176111 7.38909 0.990035 0.0678668 0.12339 19.9391
0.112882 0.180542 -0.977068 -49.13 -0.0883303 0.981283 0.171116 7.5768 0.989674 0.0669888 0.126717 20.094
0.11672 0.175337 -0.977565 -50.2329 -0.0881206 0.982239 0.165654 7.74753 0.989248 0.0668084 0.130098 20.2393
0.120116 0.175176 -0.977183 -51.1591 -0.08921 0.982231 0.165115 7.8877 0.988744 0.0673415 0.133609 20.3598
0.124938 0.177872 -0.97609 -52.086 -0.0902534 0.981757 0.167353 8.02789 0.988051 0.0671866 0.138713 20.4648
0.126758 0.177403 -0.975941 -52.9972 -0.0895387 0.981907 0.166858 8.17012 0.987884 0.066234 0.140349 20.5895
0.127387 0.176982 -0.975935 -53.9231 -0.0906714 0.98191 0.16623 8.32003 0.9877 0.0673139 0.14113 20.7125
0.128769 0.177723 -0.975619 -54.844 -0.0921031 0.981701 0.166674 8.46538 0.987388 0.0683951 0.142781 20.827
0.13033 0.177412 -0.975469 -55.7712 -0.0927871 0.981725 0.166153 8.60914 0.987119 0.0688562 0.144409 20.9492
0.13248 0.175077 -0.975601 -56.6785 -0.093565 0.98209 0.163536 8.75204 0.98676 0.0696169 0.146489 21.0639
0.134174 0.173733 -0.97561 -57.5982 -0.0928445 0.982385 0.162171 8.89215 0.986599 0.0688209 0.147941 21.1864
0.134772 0.173175 -0.975626 -58.4825 -0.0900323 0.982677 0.16199 9.02449 0.986778 0.0660062 0.148028 21.3162
0.135378 0.173699 -0.975449 -59.375 -0.0879039 0.982736 0.162797 9.15665 0.986887 0.0637066 0.14831 21.4465
0.135785 0.176394 -0.974909 -60.3152 -0.0889248 0.982221 0.165332 9.30004 0.986739 0.064244 0.149057 21.5799
0.135483 0.179706 -0.974346 -61.3538 -0.0883293 0.981688 0.168778 9.45873 0.986834 0.0631968 0.148875 21.7386
0.135112 0.179814 -0.974378 -62.4866 -0.090432 0.981528 0.168594 9.63415 0.986695 0.0653359 0.148877 21.9049
0.134881 0.17787 -0.974766 -63.5856 -0.0900473 0.981886 0.166709 9.80192 0.986762 0.0652893 0.148454 22.0716
0.135474 0.175494 -0.975115 -64.6835 -0.0905109 0.982265 0.164206 9.96866 0.986638 0.0660128 0.148955 22.2221
0.134768 0.174191 -0.975446 -65.7723 -0.0877032 0.98266 0.163362 10.1301 0.986988 0.0635336 0.147709 22.3982
0.136714 0.174857 -0.975056 -66.7577 -0.0860627 0.982673 0.164156 10.2847 0.986865 0.0614736 0.149394 22.526
0.136862 0.177208 -0.974611 -67.8258 -0.0838433 0.982411 0.166853 10.4444 0.987036 0.0588788 0.149312 22.6888
0.137288 0.179598 -0.974113 -68.8614 -0.0839255 0.981998 0.169223 10.6015 0.986969 0.0585207 0.149889 22.8388
0.137197 0.179797 -0.974089 -69.8611 -0.0845447 0.981925 0.169336 10.7557 0.986929 0.0591218 0.149918 22.9848
0.137873 0.177359 -0.974441 -70.844 -0.0850447 0.982323 0.166761 10.9103 0.986792 0.0598792 0.150519 23.1216
0.137611 0.175704 -0.974778 -71.9292 -0.081886 0.98279 0.165588 11.076 0.987096 0.057034 0.14963 23.2946
0.137387 0.177066 -0.974563 -72.9571 -0.0812573 0.982591 0.167069 11.2269 0.987179 0.0562372 0.149383 23.4509
0.138335 0.17986 -0.973917 -73.9135 -0.0793396 0.982223 0.170125 11.3706 0.987202 0.0537359 0.150146 23.5888
0.13838 0.181909 -0.97353 -74.8528 -0.0789735 0.981883 0.172244 11.5203 0.987225 0.0530479 0.150239 23.729
0.139528 0.183093 -0.973144 -75.8276 -0.0790004 0.981683 0.173373 11.6764 0.987062 0.0526885 0.151436 23.8635
0.139555 0.185248 -0.972732 -76.7628 -0.0805223 0.981215 0.175312 11.8262 0.986935 0.053861 0.15185 24.0019
0.139158 0.184809 -0.972872 -77.6866 -0.0844037 0.98107 0.174293 11.9757 0.986667 0.0578598 0.152122 24.1388
0.139733 0.181842 -0.973349 -78.6236 -0.0886506 0.981343 0.170609 12.1188 0.986213 0.0624482 0.153247 24.2583
0.140117 0.180078 -0.973622 -79.607 -0.0896355 0.981592 0.168652 12.2747 0.986069 0.0636401 0.153679 24.4023
0.140068 0.178483 -0.973922 -80.5995 -0.0900598 0.981838 0.166981 12.4292 0.986038 0.0643225 0.153598 24.5507
0.139925 0.17843 -0.973953 -81.6067 -0.0868682 0.982049 0.167433 12.5854 0.986344 0.0611775 0.152913 24.7148
0.14099 0.180629 -0.973394 -82.6223 -0.0908685 0.981426 0.168958 12.7493 0.985832 0.0646295 0.154784 24.8423
0.140988 0.182893 -0.972971 -83.5489 -0.0900525 0.981083 0.171369 12.8857 0.985907 0.0634576 0.15479 24.9874
0.138929 0.18201 -0.973433 -84.5234 -0.091295 0.981133 0.17042 13.0429 0.986085 0.0651933 0.152924 25.1438
0.137509 0.184198 -0.973223 -85.5005 -0.0958248 0.980421 0.172022 13.1944 0.985854 0.0696042 0.152468 25.2864
0.13725 0.183418 -0.973407 -86.4585 -0.0998004 0.980266 0.170639 13.354 0.985496 0.0737262 0.152846 25.4194
0.137178 0.179805 -0.974091 -87.4967 -0.101139 0.98079 0.166798 13.5178 0.98537 0.0756375 0.152728 25.5673
0.136515 0.176025 -0.974874 -88.6204 -0.103238 0.981256 0.162721 13.698 0.985244 0.0784307 0.152128 25.7243
0.135889 0.174773 -0.975186 -89.5953 -0.0999681 0.981712 0.162012 13.8394 0.985668 0.0754719 0.150876 25.8778
0.135991 0.173667 -0.97537 -90.5511 -0.0975577 0.982078 0.16126 13.9839 0.985895 0.073225 0.150496 26.0161
0.136543 0.175182 -0.975022 -91.5374 -0.0961947 0.981933 0.162952 14.1351 0.985953 0.071542 0.150928 26.1522
0.135643 0.179062 -0.974442 -92.4875 -0.0974091 0.981178 0.16674 14.2845 0.985958 0.0723024 0.150532 26.2862
0.134966 0.178373 -0.974663 -93.5991 -0.0944855 0.981497 0.16654 14.4649 0.986335 0.0696142 0.149323 26.4604
0.134332 0.173884 -0.975561 -94.6778 -0.0949299 0.982214 0.161998 14.6359 0.986379 0.0708484 0.14845 26.6165
0.133762 0.170291 -0.976273 -95.6836 -0.0940113 0.982864 0.15856 14.7869 0.986544 0.0705714 0.147479 26.7607
0.132631 0.168386 -0.976757 -96.7007 -0.0910604 0.983366 0.15716 14.938 0.986974 0.0680995 0.145758 26.9158
0.131686 0.169513 -0.97669 -97.6444 -0.0916775 0.983131 0.15827 15.0809 0.987043 0.0686985 0.145005 27.0514
0.130608 0.175018 -0.975864 -98.5817 -0.0981019 0.981746 0.162943 15.2223 0.986569 0.0744524 0.145394 27.1707
0.129898 0.179285 -0.975184 -99.5361 -0.104805 0.98049 0.1663 15.3652 0.985973 0.0806019 0.146154 27.2925
0.12834 0.180171 -0.975227 -100.591 -0.110889 0.979799 0.166423 15.5282 0.985511 0.0867837 0.145727 27.4412
0.128093 0.178869 -0.975499 -101.7 -0.1134 0.979792 0.164765 15.6951 0.985258 0.0895165 0.145788 27.5855
0.127735 0.178002 -0.975704 -102.819 -0.115259 0.979762 0.163653 15.8647 0.985088 0.091555 0.145666 27.7349
0.12856 0.177716 -0.975648 -104.01 -0.115986 0.979755 0.163181 16.0433 0.984896 0.0921828 0.146569 27.8786
0.128357 0.176488 -0.975898 -105.082 -0.113566 0.98018 0.162326 16.2039 0.985204 0.089993 0.145856 28.0315
0.127421 0.17718 -0.975895 -106.095 -0.114403 0.979974 0.162983 16.3596 0.985229 0.090878 0.145139 28.1754
0.126959 0.182033 -0.975062 -107.113 -0.113261 0.979247 0.168067 16.5114 0.98542 0.0890989 0.144942 28.3157
0.126419 0.186128 -0.974358 -108.173 -0.111104 0.978715 0.172545 16.6697 0.985735 0.0864419 0.144408 28.4601
0.127131 0.185252 -0.974433 -109.246 -0.113327 0.978684 0.171275 16.8374 0.985391 0.0886547 0.145415 28.5992
0.128119 0.183857 -0.974568 -110.267 -0.112748 0.978995 0.16987 16.9968 0.985329 0.0881174 0.146157 28.7425
0.13021 0.183049 -0.974443 -111.351 -0.113206 0.979127 0.168802 17.1684 0.985002 0.0883335 0.148215 28.8826
0.130688 0.182125 -0.974552 -112.355 -0.111563 0.97944 0.168078 17.3218 0.985126 0.0867585 0.14832 29.0358
0.132068 0.18458 -0.973904 -113.329 -0.112386 0.978963 0.170299 17.4688 0.984849 0.0869622 0.150034 29.1665
0.132967 0.188199 -0.973088 -114.34 -0.111362 0.978426 0.174014 17.6239 0.984844 0.0852272 0.151056 29.3163
0.133457 0.189165 -0.972834 -115.461 -0.112378 0.978172 0.174787 17.8073 0.984663 0.0859981 0.151802 29.4803
0.134628 0.186753 -0.973138 -116.568 -0.114423 0.978439 0.171941 17.9852 0.984267 0.0882018 0.153095 29.6321
0.13532 0.183229 -0.973712 -117.683 -0.111683 0.979309 0.168761 18.1612 0.984487 0.0859108 0.152984 29.7905
0.136076 0.18121 -0.973985 -118.699 -0.109971 0.979817 0.166931 18.3195 0.984576 0.084395 0.153257 29.9372
0.136134 0.180843 -0.974045 -119.778 -0.107475 0.980091 0.166945 18.475 0.984843 0.0819585 0.15286 30.0982
0.136559 0.180584 -0.974033 -120.821 -0.105596 0.980296 0.166941 18.6411 0.984988 0.0800564 0.152937 30.2522
0.135398 0.178701 -0.974543 -121.909 -0.102943 0.980814 0.165549 18.8093 0.985429 0.0779078 0.151196 30.4342
0.136592 0.178509 -0.974411 -123.002 -0.101612 0.980967 0.165466 18.9792 0.985402 0.0764108 0.15213 30.5823
0.136795 0.180527 -0.974011 -124.011 -0.099283 0.980802 0.167841 19.1372 0.985611 0.0737428 0.152092 30.7351
0.136947 0.181251 -0.973855 -125.085 -0.0971222 0.980838 0.168893 19.309 0.985806 0.0714537 0.151926 30.8958
0.137056 0.179076 -0.974242 -126.107 -0.0937167 0.981456 0.167218 19.4691 0.98612 0.0683844 0.151297 31.0495
0.136435 0.179743 -0.974206 -127.104 -0.0950401 0.981241 0.167731 19.6206 0.986079 0.0697042 0.150959 31.1899
0.136049 0.184188 -0.97343 -128.098 -0.0944899 0.980499 0.172319 19.7771 0.986186 0.0685355 0.150799 31.341
0.135443 0.191243 -0.972153 -129.077 -0.0981496 0.978958 0.178907 19.9333 0.985912 0.0711847 0.151363 31.4824
0.137071 0.192284 -0.971719 -130.144 -0.104612 0.978303 0.17883 20.1035 0.985022 0.0771414 0.154213 31.618
0.137911 0.189043 -0.972236 -131.265 -0.108909 0.978558 0.174824 20.2913 0.984439 0.0817754 0.155543 31.7755
0.139602 0.183672 -0.973024 -132.361 -0.110895 0.979365 0.168959 20.4675 0.983978 0.0843169 0.15709 31.9311
0.141218 0.182215 -0.973065 -133.504 -0.114219 0.97935 0.166816 20.6535 0.983367 0.0875853 0.159114 32.088
0.142769 0.178118 -0.973597 -134.51 -0.109015 0.980519 0.163399 20.8057 0.983734 0.0828082 0.159405 32.2461
0.143377 0.17334 -0.97437 -135.49 -0.105064 0.981644 0.159175 20.9512 0.984075 0.0795487 0.158957 32.4015
0.145247 0.169362 -0.974792 -136.477 -0.100054 0.982704 0.155828 21.0934 0.984323 0.0748986 0.15968 32.5418
0.144541 0.17161 -0.974504 -137.423 -0.0967958 0.982575 0.158674 21.2342 0.984753 0.0713929 0.158634 32.6938
0.145515 0.177628 -0.97328 -138.431 -0.0960929 0.981637 0.164787 21.3821 0.984678 0.0695464 0.159912 32.8479
0.146666 0.180771 -0.972528 -139.444 -0.0968873 0.981058 0.167745 21.5344 0.98443 0.0696231 0.161403 33.0098
0.148037 0.177808 -0.972867 -140.566 -0.100153 0.981343 0.164117 21.7108 0.983898 0.0731405 0.163083 33.1824
0.148808 0.178235 -0.972671 -141.626 -0.10354 0.981024 0.163925 21.8766 0.983431 0.0763168 0.164438 33.3378
0.150112 0.178808 -0.972365 -142.695 -0.102297 0.98104 0.164611 22.0366 0.983362 0.0747601 0.165557 33.5084
0.151671 0.176385 -0.972566 -143.837 -0.100619 0.981593 0.162331 22.2097 0.983296 0.0732373 0.166626 33.688
0.153671 0.175146 -0.972476 -144.99 -0.100944 0.981799 0.160874 22.3795 0.982953 0.0734436 0.168553 33.8718
0.155324 0.177492 -0.971788 -145.994 -0.103783 0.981214 0.162626 22.5235 0.982397 0.0755949 0.170826 34.0292
0.156469 0.179121 -0.971305 -147.007 -0.102611 0.981044 0.164387 22.6657 0.982338 0.0739447 0.171883 34.2059
0.157531 0.180858 -0.970811 -147.946 -0.105066 0.980576 0.165628 22.803 0.981909 0.0759082 0.173473 34.3474
0.158193 0.182434 -0.970409 -148.901 -0.107675 0.98011 0.166705 22.9417 0.98152 0.0781176 0.174691 34.4961
0.158899 0.183404 -0.97011 -149.764 -0.108035 0.979924 0.167564 23.0696 0.981366 0.0781796 0.175523 34.632
0.159425 0.183205 -0.970062 -150.694 -0.111246 0.979704 0.166743 23.2037 0.980922 0.0813327 0.17657 34.7831
0.160761 0.182858 -0.969906 -151.537 -0.112078 0.979714 0.166131 23.3318 0.980609 0.0819973 0.177994 34.9293
0.162299 0.183829 -0.969467 -152.348 -0.114276 0.979384 0.166579 23.4546 0.980102 0.0837512 0.17996 35.0647
0.162127 0.18211 -0.96982 -153.144 -0.114815 0.979629 0.164758 23.5726 0.980068 0.0846378 0.179733 35.1961
0.159395 0.178935 -0.970863 -153.905 -0.112793 0.980297 0.162156 23.6831 0.98075 0.0836602 0.176437 35.3247
0.156778 0.175626 -0.971893 -154.653 -0.116948 0.98044 0.158306 23.8001 0.980685 0.0888421 0.174251 35.4157
0.151931 0.172735 -0.97318 -155.375 -0.118236 0.980716 0.155614 23.9062 0.981294 0.0914225 0.169425 35.5317
0.148407 0.172312 -0.973799 -156.062 -0.1203 0.980536 0.15517 24.0053 0.981582 0.0941195 0.166247 35.6327
0.14668 0.173585 -0.973834 -156.771 -0.124089 0.979935 0.155982 24.1063 0.98137 0.0979629 0.165276 35.7241
0.14597 0.175354 -0.973624 -157.469 -0.123941 0.979653 0.157858 24.205 0.981495 0.0976292 0.164733 35.8242
0.145847 0.177242 -0.973301 -158.187 -0.124117 0.979325 0.15974 24.3028 0.98149 0.0975059 0.164831 35.925
0.144684 0.177418 -0.973442 -158.888 -0.122932 0.979395 0.160231 24.403 0.981812 0.0964848 0.163513 36.0379
0.144219 0.176699 -0.973642 -159.597 -0.125694 0.979229 0.159095 24.5083 0.98153 0.0994362 0.163433 36.1399
0.144786 0.17644 -0.973605 -160.297 -0.129865 0.978849 0.158078 24.6084 0.980904 0.10355 0.164637 36.2299
0.144925 0.17687 -0.973506 -160.981 -0.134285 0.978306 0.157751 24.7041 0.980288 0.107865 0.165532 36.3274
0.145752 0.175162 -0.973691 -161.661 -0.136641 0.978333 0.155543 24.8083 0.97984 0.110376 0.166529 36.4286
0.147515 0.172733 -0.97386 -162.344 -0.138235 0.978568 0.152629 24.908 0.979352 0.112106 0.168231 36.529
0.148107 0.170224 -0.974212 -163.007 -0.138518 0.978936 0.149991 25.0013 0.979223 0.112731 0.168567 36.6366
0.148509 0.16972 -0.974238 -163.651 -0.137985 0.979082 0.14953 25.0913 0.979237 0.112224 0.168821 36.7445
0.149428 0.172037 -0.973691 -164.293 -0.135877 0.978978 0.152118 25.1811 0.979392 0.109571 0.169662 36.8499
0.149081 0.173078 -0.97356 -164.944 -0.134667 0.978943 0.153413 25.2713 0.979612 0.108235 0.169249 36.9627
0.15067 0.168349 -0.974144 -165.607 -0.129046 0.980311 0.149456 25.3634 0.980125 0.103191 0.169428 37.0758
0.150564 0.164644 -0.974794 -166.249 -0.126539 0.981133 0.14617 25.4549 0.980468 0.101342 0.168558 37.1875
0.150454 0.165715 -0.974629 -166.873 -0.130506 0.980553 0.146576 25.544 0.979965 0.105142 0.169155 37.2873
0.152205 0.169665 -0.973677 -167.493 -0.131336 0.979891 0.150217 25.6294 0.979584 0.105015 0.171427 37.3857
0.154396 0.168214 -0.973584 -168.142 -0.128351 0.980465 0.149048 25.7227 0.979637 0.101948 0.17297 37.4978
0.156963 0.169205 -0.973002 -168.797 -0.126849 0.980508 0.150047 25.8165 0.979424 0.0998724 0.175367 37.6117
0.15869 0.173899 -0.971893 -169.466 -0.127449 0.979739 0.154493 25.9128 0.979068 0.09935 0.177638 37.725
0.160683 0.177296 -0.970951 -170.147 -0.124038 0.979562 0.158342 26.01 0.979181 0.0949922 0.179391 37.8475
0.16075 0.177396 -0.970922 -170.854 -0.122135 0.97973 0.158784 26.1147 0.979409 0.0930593 0.179158 37.9871
0.162991 0.178633 -0.970322 -171.577 -0.126556 0.979134 0.158997 26.2261 0.978477 0.096885 0.182197 38.1067
0.166294 0.180595 -0.969398 -172.303 -0.12968 0.978553 0.160055 26.3359 0.977512 0.0990953 0.186147 38.2315
0.170521 0.180916 -0.968603 -173.066 -0.130846 0.978452 0.159721 26.4497 0.976628 0.0995021 0.190518 38.3673
0.173229 0.178974 -0.968483 -173.878 -0.135813 0.978296 0.156495 26.5747 0.975473 0.104423 0.193776 38.5106
0.176964 0.176616 -0.968241 -174.623 -0.137905 0.978512 0.153285 26.6812 0.974508 0.106399 0.197517 38.6439
0.178625 0.175378 -0.968161 -175.356 -0.1358 0.978963 0.15228 26.7863 0.974501 0.104275 0.198684 38.7956
0.180714 0.177556 -0.967376 -176.084 -0.138093 0.978407 0.153784 26.8976 0.973793 0.105797 0.201331 38.9292
0.181616 0.181067 -0.966556 -176.855 -0.141264 0.977511 0.156576 27.0092 0.97317 0.108103 0.20311 39.0756
0.182691 0.181699 -0.966235 -177.652 -0.142997 0.977235 0.15673 27.1167 0.972716 0.109535 0.204515 39.2313
0.183108 0.178934 -0.966672 -178.455 -0.142732 0.977716 0.153942 27.2362 0.972676 0.109787 0.204567 39.3971
0.184826 0.175918 -0.966898 -179.254 -0.141722 0.978336 0.150909 27.3526 0.972499 0.109139 0.205754 39.5432
0.185299 0.174922 -0.966988 -180.055 -0.141965 0.978472 0.149795 27.469 0.972374 0.109522 0.206143 39.7033
0.186649 0.174774 -0.966755 -180.897 -0.145168 0.978153 0.148807 27.5894 0.971642 0.112568 0.207943 39.8568
0.188553 0.174481 -0.966439 -181.718 -0.146544 0.978071 0.14799 27.7099 0.971068 0.113722 0.209988 40.0099
0.18859 0.17584 -0.966185 -182.57 -0.149283 0.977539 0.148767 27.8315 0.970643 0.116179 0.210604 40.1784
0.188302 0.178636 -0.965728 -183.427 -0.150881 0.976907 0.151285 27.9497 0.970452 0.117222 0.210906 40.3473
0.188799 0.18128 -0.965139 -184.328 -0.156178 0.975848 0.15274 28.0815 0.969517 0.121896 0.212551 40.5074
0.188681 0.183323 -0.964776 -185.186 -0.157565 0.975345 0.154516 28.2049 0.969316 0.122861 0.212914 40.6799
0.18896 0.184616 -0.964474 -186.093 -0.160758 0.974734 0.155084 28.3408 0.968737 0.125742 0.213865 40.8538
0.188735 0.183984 -0.964639 -187.086 -0.164682 0.974312 0.153608 28.4892 0.968121 0.129868 0.214186 41.0396
0.188662 0.179261 -0.965542 -188.089 -0.164968 0.975012 0.148785 28.64 0.968087 0.131213 0.21352 41.2317
0.187855 0.173047 -0.966832 -189.015 -0.163122 0.976184 0.143027 28.7668 0.968556 0.130844 0.211609 41.4235
0.186362 0.167482 -0.968101 -189.936 -0.157485 0.977714 0.138829 28.893 0.969777 0.126589 0.208585 41.6229
0.184853 0.166399 -0.968577 -190.836 -0.150887 0.978682 0.139339 29.0117 0.971114 0.120388 0.20602 41.8122
0.183889 0.169318 -0.968254 -191.662 -0.146262 0.978799 0.143385 29.1203 0.972004 0.115252 0.204756 41.9784
0.182584 0.170926 -0.968219 -192.503 -0.144649 0.978726 0.145503 29.2389 0.972492 0.113485 0.203424 42.1447
0.181095 0.170191 -0.968628 -193.355 -0.14385 0.978904 0.145102 29.3555 0.972888 0.11306 0.201756 42.3124
0.179222 0.170509 -0.96892 -194.207 -0.143263 0.978891 0.145765 29.4754 0.973322 0.112686 0.199866 42.4818
0.176932 0.171514 -0.969164 -195.052 -0.142737 0.97876 0.147154 29.5949 0.973818 0.1123 0.197656 42.6503
0.175422 0.170687 -0.969584 -195.903 -0.142429 0.978895 0.146557 29.7154 0.974136 0.112387 0.196031 42.8089
0.173127 0.169069 -0.97028 -196.742 -0.143235 0.979004 0.145032 29.834 0.974429 0.113869 0.193708 42.9663
0.170923 0.168852 -0.970708 -197.672 -0.14271 0.97906 0.145177 29.9594 0.974894 0.113716 0.191441 43.1394
0.168556 0.170241 -0.970879 -198.617 -0.14415 0.97864 0.146576 30.0902 0.975095 0.115246 0.189496 43.3104
0.16669 0.1705 -0.971156 -199.592 -0.145343 0.978425 0.14683 30.2263 0.975238 0.116676 0.187875 43.4848
0.164561 0.172093 -0.971238 -200.533 -0.146949 0.977951 0.148385 30.354 0.975359 0.118304 0.186221 43.6501
0.161927 0.173901 -0.971359 -201.524 -0.147988 0.977497 0.15033 30.4943 0.975643 0.119407 0.184019 43.8271
0.160988 0.174967 -0.971324 -202.568 -0.148205 0.977287 0.151478 30.6383 0.975765 0.119569 0.183262 44.0047
0.160132 0.176204 -0.971241 -203.702 -0.151637 0.97665 0.152185 30.7906 0.975379 0.122907 0.183112 44.1925
0.159996 0.176471 -0.971215 -204.829 -0.152896 0.976447 0.152234 30.9473 0.975205 0.124138 0.183209 44.3905
0.159586 0.175336 -0.971488 -205.821 -0.152114 0.976715 0.151292 31.0826 0.975394 0.123633 0.182541 44.5757
0.159193 0.174295 -0.97174 -206.821 -0.150718 0.977045 0.150555 31.2151 0.975675 0.122492 0.181808 44.7636
0.15873 0.173665 -0.971929 -207.8 -0.148988 0.977349 0.150302 31.3493 0.976016 0.120948 0.181008 44.9446
0.160008 0.174099 -0.971641 -208.723 -0.148875 0.977321 0.1506 31.4728 0.975824 0.120556 0.182299 45.0916
0.160125 0.17346 -0.971736 -209.638 -0.14714 0.977635 0.150267 31.6005 0.976069 0.118919 0.182067 45.2581
0.160784 0.173943 -0.971541 -210.606 -0.145708 0.977745 0.15094 31.7344 0.976175 0.117293 0.182551 45.4257
0.161609 0.174603 -0.971286 -211.504 -0.144511 0.977801 0.151729 31.8566 0.976217 0.115841 0.183253 45.5822
0.162126 0.17655 -0.970848 -212.419 -0.142125 0.977784 0.154077 31.9821 0.976481 0.113002 0.183616 45.7447
0.16285 0.178963 -0.970285 -213.386 -0.137853 0.977893 0.157229 32.1191 0.976973 0.108151 0.183921 45.9224
0.163608 0.181139 -0.969753 -214.433 -0.136532 0.977697 0.159589 32.2665 0.977032 0.106292 0.184691 46.11
0.1634 0.180206 -0.969962 -215.601 -0.139931 0.977469 0.158028 32.4336 0.976586 0.109906 0.184934 46.3123
0.162273 0.178593 -0.970449 -216.581 -0.138733 0.977845 0.156755 32.5721 0.976944 0.109197 0.183455 46.5056
0.16058 0.182714 -0.969964 -217.666 -0.145005 0.976421 0.159924 32.73 0.976313 0.114969 0.183288 46.6964
0.159643 0.189522 -0.968811 -218.77 -0.151775 0.974442 0.165614 32.8966 0.975438 0.120602 0.184328 46.8809
0.159531 0.189661 -0.968803 -219.912 -0.156215 0.973856 0.164927 33.0725 0.974755 0.12503 0.184988 47.0739
0.160891 0.182844 -0.969888 -221.219 -0.157247 0.974887 0.157702 33.2737 0.974365 0.127139 0.185602 47.2872
0.160908 0.176846 -0.970997 -222.382 -0.153585 0.976318 0.152363 33.4399 0.974946 0.124614 0.184258 47.5004
0.161353 0.174192 -0.971402 -223.575 -0.146474 0.977625 0.150978 33.61 0.975967 0.117924 0.183257 47.732
0.162654 0.174974 -0.971045 -224.681 -0.142586 0.977988 0.152341 33.7607 0.976326 0.113678 0.184023 47.9393
0.163344 0.176876 -0.970584 -225.78 -0.140276 0.977966 0.154614 33.9084 0.976546 0.110895 0.184557 48.1527
0.163754 0.179505 -0.970032 -226.811 -0.140045 0.977577 0.157259 34.0499 0.97651 0.110097 0.185221 48.344
0.164175 0.181055 -0.969673 -227.82 -0.138848 0.977466 0.159002 34.1924 0.97661 0.108533 0.185615 48.5353
0.163802 0.182305 -0.969502 -228.878 -0.137973 0.97735 0.16047 34.3404 0.976797 0.10748 0.185245 48.7403
0.164502 0.181597 -0.969516 -229.872 -0.138662 0.977403 0.159547 34.485 0.976582 0.10819 0.185965 48.9193
0.165275 0.179864 -0.969708 -230.883 -0.138434 0.977726 0.157757 34.6324 0.976484 0.108167 0.186493 49.0981
0.165416 0.178963 -0.96985 -231.851 -0.139343 0.977774 0.156659 34.7711 0.97633 0.109227 0.186677 49.2732
0.165353 0.179465 -0.969768 -232.863 -0.140379 0.977575 0.156974 34.9109 0.976193 0.110179 0.186838 49.456
0.166174 0.18021 -0.96949 -233.847 -0.14332 0.977134 0.157066 35.048 0.975626 0.112847 0.188202 49.621
0.165726 0.180106 -0.969586 -234.825 -0.142408 0.977247 0.157188 35.1892 0.975835 0.112026 0.187604 49.8077
0.165539 0.179823 -0.96967 -235.792 -0.140263 0.977533 0.157336 35.3295 0.976178 0.109964 0.187042 49.9924
0.165721 0.178142 -0.96995 -236.815 -0.140283 0.977806 0.155617 35.477 0.976144 0.110278 0.187033 50.1778
0.16624 0.175487 -0.970344 -237.809 -0.141225 0.97813 0.152701 35.6218 0.97592 0.111652 0.187388 50.3539
0.165288 0.172604 -0.971024 -238.824 -0.140118 0.978689 0.150116 35.7615 0.976241 0.111246 0.18595 50.5446
0.164683 0.171471 -0.971328 -239.795 -0.141954 0.978641 0.148694 35.8983 0.976078 0.113396 0.185507 50.7176
0.164457 0.172104 -0.971254 -240.755 -0.146025 0.978059 0.148584 36.0323 0.975516 0.117391 0.18598 50.8809
0.164614 0.174184 -0.970856 -241.709 -0.150896 0.977145 0.149727 36.1637 0.974747 0.121851 0.187136 51.0392
0.163328 0.175924 -0.97076 -242.754 -0.154167 0.976436 0.151014 36.3062 0.974452 0.124994 0.186601 51.2281
0.161885 0.175589 -0.971062 -243.806 -0.152766 0.976638 0.151129 36.4523 0.974913 0.12388 0.184927 51.4335
0.162105 0.173451 -0.97141 -244.81 -0.152795 0.976969 0.148945 36.5913 0.974872 0.124282 0.184874 51.6055
0.161868 0.171061 -0.971873 -245.862 -0.151162 0.977536 0.146881 36.7343 0.975166 0.123135 0.18409 51.7939
0.161247 0.170251 -0.972118 -246.875 -0.147531 0.978098 0.146827 36.8659 0.975825 0.119742 0.182833 51.9845
0.162034 0.170587 -0.971929 -247.85 -0.146784 0.978153 0.147208 37.0174 0.975807 0.118811 0.183534 52.1446
0.162808 0.172251 -0.971506 -248.839 -0.149245 0.977612 0.148323 37.148 0.975305 0.120844 0.18487 52.2997
0.162403 0.17171 -0.971669 -249.932 -0.149658 0.977636 0.147751 37.297 0.975309 0.121423 0.184468 52.4923
0.16368 0.171062 -0.971569 -250.966 -0.154352 0.977163 0.146043 37.4387 0.974364 0.126059 0.186346 52.6582
0.164209 0.1702 -0.971631 -252.037 -0.152879 0.977492 0.14539 37.5861 0.974507 0.124668 0.186533 52.8562
0.165469 0.169354 -0.971565 -253.055 -0.150817 0.977903 0.144773 37.7201 0.974615 0.122573 0.187354 53.042
0.1668 0.169 -0.971399 -254.126 -0.147573 0.978383 0.144875 37.8679 0.974884 0.119187 0.188135 53.2383
0.167961 0.169122 -0.971178 -255.146 -0.145068 0.978689 0.145341 38.0045 0.975061 0.116476 0.188916 53.4242
0.168959 0.169497 -0.97094 -256.188 -0.143996 0.978777 0.145808 38.1447 0.975048 0.115176 0.18978 53.6131
0.16963 0.169146 -0.970884 -257.148 -0.142848 0.978977 0.145598 38.2693 0.9751 0.113991 0.190225 53.7953
0.170105 0.168801 -0.970861 -258.105 -0.143389 0.978973 0.145089 38.3938 0.974938 0.11453 0.190733 53.9724
0.171047 0.16971 -0.970537 -258.998 -0.144982 0.978666 0.14558 38.516 0.974537 0.11581 0.192002 54.137
0.172055 0.171235 -0.970091 -259.924 -0.144989 0.978453 0.146996 38.643 0.974359 0.115361 0.193175 54.321
0.172845 0.172092 -0.969798 -260.807 -0.145569 0.978268 0.147651 38.7608 0.974133 0.115652 0.19414 54.4985
0.173685 0.173233 -0.969445 -261.706 -0.147938 0.977826 0.148226 38.8829 0.973626 0.117673 0.195462 54.6736
0.175637 0.175851 -0.968622 -262.674 -0.150193 0.977185 0.150172 39.0179 0.972931 0.119104 0.198041 54.8522
0.176245 0.180778 -0.967604 -263.68 -0.153466 0.976017 0.154397 39.1554 0.97231 0.121283 0.199761 55.038
0.176045 0.183831 -0.967065 -264.713 -0.156303 0.975165 0.156917 39.2994 0.971894 0.123531 0.200406 55.2343
0.175845 0.186679 -0.966556 -265.789 -0.160285 0.974182 0.158991 39.4545 0.971281 0.126967 0.201227 55.4345
0.173932 0.189644 -0.966324 -266.92 -0.163284 0.973252 0.161614 39.6183 0.971126 0.129676 0.200246 55.6734
0.17382 0.190174 -0.96624 -268.108 -0.166456 0.972732 0.161507 39.794 0.970607 0.132764 0.200736 55.8911
0.173907 0.184401 -0.967343 -269.44 -0.167196 0.973579 0.155531 39.9865 0.970465 0.134688 0.200143 56.1513
0.174165 0.177552 -0.968577 -270.551 -0.167191 0.974661 0.148604 40.1482 0.970419 0.136056 0.199437 56.3605
