1 0 0 0 0 1 0 0 0 0 1 0
1 0 0 0 0 1 0 0 0 0 1 0
0.999917 0.006516 0.0111241 -0.0366443 -0.00649759 0.999977 -0.00169003 -0.00233239 -0.0111348 0.00161761 0.999937 0.198
0.999911 0.00393947 0.0127231 -0.0282991 -0.00389033 0.999985 -0.00388479 0.00296307 -0.0127382 0.00383495 0.999912 0.418625
0.999953 0.00142383 0.00961582 -0.0200152 -0.00136644 0.999981 -0.00597284 0.00525479 -0.00962414 0.00595942 0.999936 0.638932
0.999996 -0.000883906 0.00284529 -0.0238808 0.000906548 0.999968 -0.00796651 0.00760081 -0.00283816 0.00796906 0.999964 0.862536
0.999929 -0.0044663 -0.0110237 -0.0189288 0.0043559 0.99994 -0.0100188 0.00441104 0.0110678 0.00997006 0.999889 1.09543
0.999549 -0.00624155 -0.0293818 -0.0204573 0.00593534 0.999927 -0.0104977 0.00207713 0.0294451 0.0103186 0.999513 1.3384
0.998995 0.00399006 -0.0446521 -0.0872346 -0.00451638 0.999921 -0.0116923 -0.00368475 0.044602 0.0118822 0.998934 1.57587
0.998042 0.0107347 -0.0616218 -0.143957 -0.0116322 0.999831 -0.0142253 -0.00223973 0.0614587 0.0149143 0.997998 1.82265
0.996632 0.0109277 -0.0812696 -0.179639 -0.012145 0.999821 -0.0144989 -0.00662274 0.0810966 0.0154371 0.996587 2.08271
0.994463 0.00600687 -0.104916 -0.195145 -0.00750983 0.999875 -0.0139362 -0.0102754 0.104819 0.014647 0.994383 2.36147
0.992203 0.00522313 -0.124524 -0.242304 -0.0069772 0.999882 -0.0136543 -0.0106157 0.124438 0.0144166 0.992123 2.64417
0.989927 0.00752163 -0.141376 -0.309338 -0.00947118 0.999869 -0.0131221 -0.0159722 0.141259 0.0143289 0.989869 2.94174
0.987778 0.0103226 -0.155524 -0.385013 -0.0124675 0.99984 -0.0128221 -0.0209634 0.155367 0.0146044 0.987749 3.23898
0.985451 0.00990632 -0.16967 -0.446445 -0.0122732 0.999841 -0.0129066 -0.0273641 0.169516 0.0148012 0.985416 3.57289
0.983358 0.00804653 -0.181499 -0.517416 -0.010707 0.999849 -0.0136831 -0.0342209 0.181362 0.0153987 0.983296 3.91021
0.981529 0.00419018 -0.191266 -0.590468 -0.00742977 0.999841 -0.0162236 -0.0409587 0.191168 0.017345 0.981404 4.26324
0.980266 0.00708252 -0.197557 -0.687809 -0.0109055 0.999774 -0.01827 -0.0481564 0.197383 0.0200639 0.980121 4.6374
0.979289 0.0109707 -0.202171 -0.800779 -0.0154134 0.999673 -0.0204137 -0.0561937 0.201881 0.0231071 0.979138 5.00927
0.977682 0.0105608 -0.209824 -0.896937 -0.0158619 0.999596 -0.0235977 -0.0634086 0.209489 0.0263992 0.977454 5.4129
0.976075 0.00663416 -0.217332 -0.99816 -0.012527 0.99959 -0.025748 -0.0721811 0.217072 0.0278545 0.975758 5.83504
0.974547 0.00157339 -0.224178 -1.1063 -0.00775964 0.999613 -0.0267169 -0.0889801 0.224049 0.0277764 0.974182 6.26612
0.972386 0.000399102 -0.23338 -1.21438 -0.00734442 0.999556 -0.0288915 -0.106277 0.233264 0.0298077 0.971956 6.71313
0.970367 0.00430486 -0.241597 -1.34736 -0.012643 0.999376 -0.0329732 -0.119561 0.241304 0.0350506 0.969816 7.16245
0.967913 0.00438474 -0.251247 -1.48016 -0.0139183 0.999248 -0.0361805 -0.135483 0.250899 0.0385165 0.967247 7.65645
0.96552 0.000621965 -0.260326 -1.61158 -0.0108549 0.999224 -0.0378722 -0.156755 0.260101 0.0393922 0.964778 8.14382
0.963373 -0.000648446 -0.268166 -1.76872 -0.0104502 0.999147 -0.039958 -0.18163 0.267963 0.0412968 0.962544 8.65748
0.961119 -0.000892548 -0.276134 -1.93281 -0.0113364 0.999024 -0.0426868 -0.205453 0.275903 0.0441574 0.960171 9.19648
0.959034 0.00115215 -0.283289 -2.1134 -0.0146102 0.998862 -0.0453983 -0.241131 0.282914 0.0476775 0.95796 9.72885
0.95672 0.000298395 -0.29101 -2.29046 -0.0156909 0.998598 -0.0505612 -0.272016 0.290587 0.0529391 0.955383 10.286
0.954458 -0.00343375 -0.298326 -2.46366 -0.0145618 0.998206 -0.0580783 -0.309988 0.29799 0.0597775 0.952695 10.8716
0.952903 -0.00573657 -0.303221 -2.65216 -0.015082 0.997688 -0.0662718 -0.349895 0.3029 0.0677238 0.950613 11.463
0.95115 -0.00852009 -0.308612 -2.83716 -0.0154982 0.997041 -0.0752918 -0.390826 0.30834 0.0763968 0.948203 12.0485
0.950227 -0.00452493 -0.311527 -3.04152 -0.0228309 0.996195 -0.0841091 -0.438694 0.310722 0.0870351 0.946508 12.5879
0.948597 -0.0056835 -0.316435 -3.22434 -0.0243598 0.995561 -0.0909062 -0.490858 0.315548 0.0939417 0.944248 13.122
0.947104 -0.00342732 -0.320907 -3.41257 -0.029486 0.994784 -0.0976473 -0.54263 0.319568 0.101944 0.942063 13.6289
0.945674 -0.00161672 -0.325114 -3.60077 -0.0338388 0.994067 -0.103372 -0.594584 0.323352 0.108758 0.940008 14.1131
0.944061 0.000241385 -0.32977 -3.78476 -0.0383214 0.993305 -0.108979 -0.648647 0.327536 0.11552 0.93775 14.6025
0.94241 0.00182644 -0.334456 -3.96354 -0.0417893 0.992792 -0.11233 -0.701164 0.33184 0.119837 0.935693 15.0628
0.94096 0.00473357 -0.338486 -4.14292 -0.0458412 0.992474 -0.113555 -0.757781 0.3354 0.122367 0.934095 15.5042
0.938524 0.00473775 -0.345181 -4.3083 -0.0464337 0.992552 -0.112627 -0.814729 0.342076 0.121731 0.931754 15.951
0.936065 0.00506602 -0.35179 -4.48172 -0.0469965 0.992736 -0.110755 -0.873522 0.348673 0.120207 0.929504 16.401
0.933531 0.00458876 -0.358468 -4.66207 -0.0468625 0.9929 -0.10933 -0.92582 0.355422 0.118862 0.927118 16.8457
0.930093 0.00444972 -0.367296 -4.84441 -0.0466764 0.993252 -0.106164 -0.982281 0.364346 0.115887 0.924025 17.3085
0.926654 0.00466754 -0.375886 -5.03956 -0.0457775 0.993882 -0.100512 -1.03672 0.373118 0.110347 0.921199 17.7772
0.923485 0.00946896 -0.383517 -5.24934 -0.0498106 0.994193 -0.0953945 -1.08922 0.380386 0.107199 0.918594 18.2343
0.919853 0.0125711 -0.392063 -5.46485 -0.0524581 0.994451 -0.0911905 -1.14462 0.388741 0.104449 0.915408 18.7146
0.916031 0.0137137 -0.400874 -5.69104 -0.0539947 0.994535 -0.08936 -1.1989 0.397457 0.103502 0.911765 19.2059
0.911296 0.0102688 -0.411624 -5.91426 -0.0513798 0.994711 -0.088935 -1.25105 0.408534 0.102195 0.907004 19.7308
0.907248 0.010799 -0.420458 -6.14958 -0.0524916 0.994762 -0.0877148 -1.30186 0.417309 0.10165 0.903062 20.2361
0.902462 0.00801599 -0.430694 -6.38088 -0.0498493 0.995053 -0.0859328 -1.35368 0.427875 0.0990209 0.898398 20.7437
0.898375 0.00697464 -0.439175 -6.63309 -0.0486401 0.995304 -0.0836914 -1.40637 0.436529 0.0965477 0.894495 21.2593
0.89462 0.00875839 -0.446741 -6.90534 -0.049811 0.995531 -0.0802316 -1.45022 0.444042 0.0940294 0.891059 21.7789
0.890809 0.0100412 -0.454267 -7.18853 -0.0493133 0.995987 -0.074687 -1.49939 0.451694 0.0889333 0.887729 22.3217
0.886732 0.00942094 -0.462187 -7.47553 -0.0476385 0.996332 -0.0710886 -1.54484 0.459822 0.0850545 0.883928 22.8634
0.882629 0.00808989 -0.47 -7.77055 -0.0461059 0.996521 -0.0694311 -1.59144 0.467803 0.0829516 0.879931 23.4212
0.87933 0.00697133 -0.476161 -8.07535 -0.0450014 0.996635 -0.068513 -1.63645 0.474081 0.0816735 0.876685 23.9733
0.87631 0.00880574 -0.481668 -8.39278 -0.0464809 0.996714 -0.0663421 -1.68576 0.479501 0.0805246 0.873839 24.5313
0.873196 0.00687835 -0.487321 -8.72606 -0.0441404 0.996907 -0.0650211 -1.7359 0.485366 0.0782867 0.870799 25.122
0.870544 0.00597008 -0.492055 -9.05945 -0.043487 0.996948 -0.0648412 -1.78564 0.490166 0.077845 0.868146 25.7042
0.867767 0.00309667 -0.496962 -9.39871 -0.0410957 0.997003 -0.0655464 -1.833 0.49527 0.0773019 0.865293 26.3092
0.866477 0.00390107 -0.499202 -9.797 -0.0426054 0.996899 -0.0661608 -1.88628 0.497396 0.0785955 0.863956 26.9708
0.866475 0.00614021 -0.499183 -10.184 -0.0444926 0.996895 -0.0649674 -1.94399 0.497234 0.0785025 0.864058 27.602
0.867011 0.00820859 -0.498222 -10.57 -0.0460163 0.996911 -0.0636531 -1.99445 0.49616 0.0781142 0.86471 28.2262
0.866941 0.00854569 -0.498337 -10.9582 -0.0460999 0.996942 -0.0631025 -2.05081 0.496274 0.0776794 0.864684 28.8808
0.865488 0.00542517 -0.5009 -11.3305 -0.0435166 0.996975 -0.0643928 -2.10059 0.499036 0.0775287 0.863106 29.557
0.864241 0.00236853 -0.503072 -11.7112 -0.0404688 0.997076 -0.064828 -2.15408 0.501447 0.0763858 0.86181 30.2095
0.862729 0.00290759 -0.505658 -12.0856 -0.0402621 0.997204 -0.0629591 -2.20656 0.504061 0.0746755 0.860434 30.8375
0.859527 0.00180475 -0.511086 -12.4674 -0.0373681 0.997539 -0.0593218 -2.25993 0.509722 0.0700871 0.85748 31.5125
0.856819 0.0029935 -0.515609 -12.889 -0.0365358 0.997822 -0.0549207 -2.31796 0.514321 0.0658952 0.855062 32.203
0.852252 -0.00016581 -0.523132 -13.3228 -0.0324915 0.998053 -0.0532494 -2.36817 0.522122 0.0623793 0.850587 32.9216
0.846763 -0.00329588 -0.53196 -13.7996 -0.0306915 0.998012 -0.0550376 -2.43215 0.531084 0.0629305 0.844979 33.6834
0.841388 -0.00465921 -0.540412 -14.274 -0.0315278 0.997837 -0.0576898 -2.49413 0.539511 0.0655775 0.839421 34.3834
0.834924 -0.00576831 -0.550335 -14.746 -0.0306818 0.997902 -0.0570074 -2.54728 0.549509 0.0644821 0.832996 35.0949
0.829339 -0.00120656 -0.558745 -15.1964 -0.0335687 0.998084 -0.0519809 -2.59615 0.557737 0.0618661 0.827709 35.7415
0.824064 0.00316812 -0.566488 -15.665 -0.0366461 0.998188 -0.0477262 -2.64589 0.56531 0.060089 0.822687 36.4092
0.821065 0.00563669 -0.570807 -16.1811 -0.0412426 0.997924 -0.04947 -2.6976 0.569343 0.0641596 0.819592 37.0951
0.817759 0.00393896 -0.575547 -16.6727 -0.0427636 0.997628 -0.0539325 -2.74806 0.57397 0.0687163 0.815988 37.7711
0.815124 0.00295334 -0.579279 -17.1632 -0.0473583 0.996979 -0.0615567 -2.79737 0.577347 0.07761 0.812802 38.4375
0.812147 0.00314343 -0.583444 -17.621 -0.048746 0.996855 -0.0624831 -2.85477 0.581413 0.079186 0.809746 39.0478
0.809406 0.00616635 -0.587217 -18.0756 -0.0501101 0.997023 -0.058601 -2.90834 0.585107 0.0768575 0.807306 39.6491
0.806968 0.0116361 -0.59048 -18.5504 -0.0534935 0.997136 -0.0534561 -2.95929 0.588168 0.0747242 0.80528 40.26
0.803686 0.0133383 -0.594905 -19.0697 -0.0539512 0.997264 -0.0505258 -3.01179 0.592603 0.0727027 0.802207 40.9509
0.80127 0.0148495 -0.598118 -19.5847 -0.056825 0.997062 -0.0513717 -3.05948 0.595598 0.0751507 0.79976 41.6065
0.797928 0.0138856 -0.602593 -20.1252 -0.0573108 0.996953 -0.0529157 -3.1139 0.600022 0.0767579 0.796293 42.2989
0.794149 0.0103095 -0.607636 -20.6557 -0.0554263 0.996918 -0.055525 -3.16748 0.605191 0.0777742 0.792272 42.977
0.78994 0.00889309 -0.613119 -21.1606 -0.0545637 0.996948 -0.0558393 -3.21764 0.610751 0.0775638 0.788015 43.6133
0.785365 0.00883547 -0.61897 -21.6738 -0.0541745 0.997043 -0.0545058 -3.27396 0.616658 0.0763394 0.783521 44.2514
0.780192 0.00895539 -0.625476 -22.2109 -0.054777 0.997035 -0.0540512 -3.32637 0.623137 0.076432 0.778369 44.9121
0.775127 0.00762314 -0.631759 -22.7677 -0.0549911 0.996946 -0.0554408 -3.37977 0.629407 0.0777148 0.77318 45.5794
0.770328 0.00630627 -0.637617 -23.2944 -0.0546989 0.996919 -0.0562238 -3.43303 0.635298 0.0781877 0.768299 46.1845
0.764963 0.00508217 -0.644054 -23.8391 -0.0544338 0.996901 -0.0567862 -3.49065 0.64177 0.0784977 0.762869 46.8164
0.759284 0.00447903 -0.650743 -24.42 -0.0541883 0.996939 -0.0563647 -3.55971 0.648499 0.0780595 0.757203 47.463
0.753492 0.00302482 -0.657451 -25.0059 -0.053763 0.996924 -0.0570301 -3.62042 0.655256 0.0783182 0.751336 48.1223
0.746114 -5.94801e-05 -0.665818 -25.5958 -0.050692 0.997092 -0.0568944 -3.67682 0.663885 0.0762014 0.743942 48.7996
0.739687 -0.000424426 -0.672951 -26.2058 -0.0492704 0.997282 -0.0547854 -3.73701 0.671145 0.0736806 0.737655 49.4571
0.732409 -0.00232871 -0.680861 -26.7942 -0.0472626 0.997408 -0.0542521 -3.78981 0.679223 0.071914 0.7304 50.0984
0.725124 -0.00617107 -0.688591 -27.4407 -0.0434705 0.997555 -0.0547168 -3.85443 0.687245 0.0696098 0.723083 50.7915
0.719335 -0.00656657 -0.694633 -28.085 -0.0450835 0.997406 -0.0561155 -3.91486 0.693199 0.0716823 0.717173 51.4285
0.714148 -0.00440436 -0.699981 -28.7494 -0.0481575 0.997302 -0.0554074 -3.97867 0.698336 0.0732784 0.712009 52.0611
0.708995 -0.00401155 -0.705202 -29.4212 -0.048474 0.997341 -0.0544081 -4.03793 0.703546 0.0727591 0.706915 52.7094
0.70466 -0.00222913 -0.709542 -30.1145 -0.0513921 0.997208 -0.0541714 -4.09956 0.707682 0.0746373 0.702578 53.3698
0.700145 -0.00285371 -0.713995 -30.7765 -0.0524489 0.997085 -0.0554167 -4.15627 0.712072 0.0762479 0.697954 54.0001
0.69539 -0.00238163 -0.718629 -31.4616 -0.0561839 0.996753 -0.0576703 -4.22154 0.716433 0.0804787 0.692998 54.6422
0.690428 -0.00418781 -0.723389 -32.1146 -0.0570995 0.996548 -0.060267 -4.27888 0.721144 0.0829152 0.687806 55.2531
0.684497 -0.0066977 -0.728985 -32.7473 -0.055369 0.996592 -0.0611464 -4.33385 0.72691 0.0822177 0.681793 55.8561
0.678422 -0.00870752 -0.734621 -33.3881 -0.0520478 0.996848 -0.0598819 -4.39156 0.732826 0.0788606 0.67583 56.4646
0.674015 -0.00656219 -0.738689 -34.0723 -0.0544176 0.996803 -0.0585084 -4.45796 0.736711 0.0796332 0.671503 57.0618
0.668272 -0.0093332 -0.743859 -34.7743 -0.0510387 0.99699 -0.0583617 -4.52775 0.742164 0.076967 0.665784 57.6988
0.661884 -0.0146469 -0.749463 -35.488 -0.043956 0.99733 -0.0583105 -4.59633 0.748317 0.0715382 0.659473 58.3598
0.658302 -0.0136304 -0.752631 -36.2713 -0.0455307 0.997284 -0.0578854 -4.66694 0.751376 0.0723739 0.655894 59.0232
0.652659 -0.0163349 -0.757475 -36.9984 -0.0414544 0.9975 -0.0572292 -4.73764 0.756517 0.0687519 0.650351 59.6726
0.649946 -0.0160337 -0.759811 -37.7435 -0.0429718 0.997403 -0.0578057 -4.81137 0.758765 0.070221 0.647569 60.2734
0.647529 -0.0190936 -0.761802 -38.5107 -0.0427226 0.997204 -0.0613078 -4.87347 0.760842 0.0722447 0.644903 60.8772
0.643239 -0.0218867 -0.765353 -39.2401 -0.0399445 0.997271 -0.0620901 -4.94723 0.764623 0.0705104 0.640609 61.4757
0.635499 -0.0274712 -0.771613 -39.9531 -0.0315858 0.997605 -0.0615311 -5.01959 0.771455 0.0634749 0.63311 62.0929
0.628261 -0.0298405 -0.77743 -40.6738 -0.0290736 0.997666 -0.061789 -5.08541 0.777459 0.0614223 0.625927 62.6561
0.619395 -0.0313191 -0.784455 -41.4487 -0.0255392 0.997871 -0.060005 -5.15475 0.784664 0.0572011 0.617277 63.2608
0.613137 -0.0256483 -0.78956 -42.2046 -0.0317647 0.997864 -0.057082 -5.22236 0.789338 0.0600792 0.611012 63.7938
0.603256 -0.0265665 -0.797105 -43.0487 -0.0309156 0.997915 -0.0566564 -5.29226 0.796948 0.0588213 0.601177 64.4399
0.594173 -0.0275299 -0.803866 -43.909 -0.0325583 0.997772 -0.0582359 -5.35835 0.803678 0.0607747 0.591953 65.0501
0.58374 -0.0308358 -0.811355 -44.7773 -0.0310512 0.9977 -0.060258 -5.42725 0.811347 0.0603685 0.581439 65.6835
0.573267 -0.0345235 -0.818641 -45.6412 -0.02805 0.997699 -0.0617172 -5.49188 0.818888 0.0583434 0.57098 66.284
0.561977 -0.0364202 -0.826351 -46.4431 -0.0238315 0.997903 -0.0601882 -5.55927 0.826809 0.0535176 0.55993 66.846
0.550872 -0.0373358 -0.833754 -47.3338 -0.0214617 0.998035 -0.0588724 -5.63279 0.834314 0.0503249 0.548988 67.4445
0.541215 -0.0368084 -0.840078 -48.1618 -0.0234118 0.997995 -0.0588105 -5.70039 0.840558 0.0514969 0.539268 67.9581
0.53038 -0.0386763 -0.846877 -48.9829 -0.0235693 0.9979 -0.0603343 -5.76089 0.847432 0.0519604 0.528355 68.4768
0.520419 -0.0375842 -0.853083 -49.8084 -0.0270062 0.997807 -0.0604352 -5.83573 0.853484 0.0544902 0.518263 68.9624
0.51063 -0.0384793 -0.858939 -50.6493 -0.0280145 0.997723 -0.061351 -5.90726 0.859344 0.0553905 0.50839 69.449
0.503239 -0.0358976 -0.863401 -51.4979 -0.0343326 0.997517 -0.0614847 -5.97347 0.863465 0.0605843 0.500757 69.8992
0.494633 -0.034086 -0.868433 -52.3819 -0.0343003 0.997686 -0.0586956 -6.04591 0.868425 0.0588203 0.49232 70.3911
0.486058 -0.0328906 -0.873308 -53.2235 -0.0329953 0.997888 -0.0559468 -6.11346 0.873304 0.0560084 0.483946 70.8565
0.47901 -0.0336992 -0.877162 -54.1581 -0.0330061 0.997865 -0.0563607 -6.17741 0.877189 0.0559491 0.476875 71.3461
0.470671 -0.0371761 -0.881525 -55.0656 -0.0304976 0.997829 -0.0583645 -6.24722 0.881781 0.0543549 0.468516 71.837
0.464481 -0.0397188 -0.884692 -55.9507 -0.0289921 0.997776 -0.0600172 -6.32356 0.885108 0.0535259 0.462297 72.2833
0.459834 -0.0403676 -0.887087 -56.8798 -0.0312188 0.997614 -0.06158 -6.40815 0.887456 0.0560104 0.457477 72.7296
0.454866 -0.0438722 -0.889478 -57.7668 -0.0293682 0.997504 -0.0642189 -6.48088 0.890075 0.0553334 0.452442 73.1758
0.448311 -0.0474051 -0.89262 -58.6095 -0.0221177 0.997699 -0.0640941 -6.54742 0.893604 0.0484768 0.446231 73.619
0.445246 -0.0440378 -0.894325 -59.4836 -0.0224884 0.997925 -0.0603352 -6.6195 0.895126 0.0469759 0.443331 74.0299
0.441798 -0.0415132 -0.896154 -60.335 -0.0202105 0.998215 -0.0562047 -6.69219 0.896887 0.0429428 0.44017 74.4419
0.438908 -0.0408263 -0.897604 -61.187 -0.0195123 0.998299 -0.0549474 -6.75799 0.89832 0.0416312 0.437364 74.8461
0.436793 -0.0412707 -0.898615 -62.0605 -0.0180945 0.998342 -0.0546461 -6.8153 0.89938 0.040129 0.435322 75.2474
0.435018 -0.0401153 -0.899528 -62.8947 -0.0177346 0.998432 -0.0531026 -6.87871 0.900247 0.0390533 0.433625 75.6396
0.430796 -0.0409269 -0.901521 -63.7714 -0.0120146 0.998622 -0.0510764 -6.94444 0.902369 0.0328349 0.429711 76.0836
0.429209 -0.0414856 -0.902252 -64.6381 -0.0115173 0.998612 -0.0513951 -7.00864 0.903132 0.0324507 0.428136 76.4862
0.427346 -0.0409439 -0.90316 -65.496 -0.0119981 0.998629 -0.050949 -7.06948 0.904008 0.032609 0.426269 76.8857
0.423931 -0.0400115 -0.90481 -66.3415 -0.008734 0.998797 -0.0482598 -7.13256 0.905652 0.0283614 0.423071 77.2919
0.422119 -0.0392975 -0.905688 -67.2217 -0.00782565 0.998865 -0.0469877 -7.19266 0.906507 0.026922 0.421332 77.6953
0.421892 -0.0405801 -0.905737 -68.1169 -0.0076506 0.998803 -0.0483134 -7.24823 0.906614 0.0273125 0.421077 78.0848
0.419458 -0.0422992 -0.906789 -69.0112 -0.00519203 0.998786 -0.0489923 -7.31463 0.90776 0.0252583 0.418729 78.5032
0.419426 -0.0440358 -0.906721 -69.9413 -0.00452362 0.998709 -0.0505958 -7.37872 0.907778 0.0253228 0.418685 78.9148
0.421094 -0.0439194 -0.905953 -70.8417 -0.00743626 0.998626 -0.0518685 -7.4451 0.906986 0.0285784 0.420189 79.3085
0.424177 -0.0425569 -0.904579 -71.7217 -0.0104433 0.998599 -0.0518773 -7.52442 0.905519 0.031452 0.423138 79.6916
0.429477 -0.0422443 -0.902089 -72.5967 -0.0146263 0.998449 -0.0537202 -7.58819 0.902959 0.0362658 0.428193 80.0833
0.434817 -0.0423933 -0.899521 -73.4402 -0.0174375 0.998308 -0.055478 -7.64992 0.90035 0.0398081 0.433341 80.4786
0.439708 -0.0431842 -0.897102 -74.2354 -0.0175375 0.99824 -0.0566486 -7.70835 0.89797 0.0406417 0.438177 80.8693
0.446526 -0.0422421 -0.893773 -75.0516 -0.0179117 0.998263 -0.0561292 -7.77465 0.894591 0.0410721 0.444994 81.2637
0.455331 -0.0413934 -0.889359 -75.8531 -0.0185064 0.998263 -0.055937 -7.83635 0.89013 0.0419287 0.453774 81.655
0.463383 -0.0418178 -0.885171 -76.6344 -0.0179749 0.998237 -0.0565692 -7.89571 0.885976 0.0421241 0.461814 82.0644
0.474156 -0.0406495 -0.879502 -77.4275 -0.0205397 0.998151 -0.0572066 -7.9584 0.880201 0.0451895 0.472444 82.465
0.484328 -0.0408615 -0.873932 -78.2655 -0.0223245 0.998006 -0.0590348 -8.02807 0.874602 0.0481023 0.48245 82.903
0.495095 -0.0413979 -0.867852 -79.0451 -0.0252809 0.997755 -0.0620168 -8.09956 0.868471 0.0526443 0.492936 83.3246
0.50691 -0.0414073 -0.861004 -79.8138 -0.0287657 0.997477 -0.0649062 -8.1688 0.861519 0.057669 0.50444 83.7593
0.518293 -0.0406237 -0.854238 -80.5545 -0.0292201 0.997447 -0.0651628 -8.2355 0.854704 0.0587343 0.515782 84.207
0.530493 -0.0391284 -0.846786 -81.2776 -0.0283314 0.997558 -0.0638443 -8.30473 0.847216 0.0578596 0.528089 84.648
0.542518 -0.0361073 -0.839268 -81.9843 -0.0302432 0.997589 -0.0624684 -8.37066 0.839499 0.0592724 0.540118 85.0953
0.555003 -0.0342035 -0.831145 -82.6702 -0.0321899 0.997523 -0.0625453 -8.43411 0.831225 0.0614672 0.552527 85.5278
0.566728 -0.0347079 -0.823174 -83.3594 -0.031684 0.997455 -0.0638696 -8.49982 0.823296 0.0622781 0.564186 85.9875
0.57779 -0.0353609 -0.815419 -83.9994 -0.0323612 0.997283 -0.066178 -8.56026 0.815544 0.0646249 0.575076 86.4306
0.589703 -0.0367974 -0.806782 -84.6368 -0.0306942 0.997219 -0.0679186 -8.62215 0.807037 0.0648153 0.586933 86.8728
0.601593 -0.0359104 -0.797995 -85.2685 -0.0311895 0.997171 -0.0683865 -8.6892 0.798194 0.0660299 0.598771 87.3253
0.612548 -0.0333757 -0.789728 -85.9079 -0.0320951 0.997234 -0.0670398 -8.75669 0.789781 0.0664115 0.609783 87.8006
0.622424 -0.0306829 -0.782078 -86.4879 -0.031915 0.997405 -0.0645305 -8.81639 0.782029 0.0651253 0.61983 88.2508
0.631806 -0.028569 -0.7746 -87.141 -0.0340319 0.997335 -0.0645422 -8.88246 0.774379 0.0671393 0.629149 88.7796
0.641748 -0.02886 -0.766372 -87.8015 -0.0346423 0.997181 -0.0665607 -8.95089 0.766133 0.0692641 0.638939 89.319
0.651578 -0.02646 -0.75812 -88.4676 -0.039783 0.996824 -0.0689834 -9.01899 0.757538 0.0751084 0.648456 89.8717
0.661756 -0.0255522 -0.749284 -89.0732 -0.0399468 0.996798 -0.0692733 -9.08715 0.748654 0.0757735 0.658616 90.3853
0.671498 -0.021684 -0.740689 -89.6236 -0.0428097 0.996767 -0.0679913 -9.14769 0.739769 0.0773647 0.668398 90.855
0.680069 -0.0202368 -0.732868 -90.1438 -0.0421277 0.996889 -0.0666199 -9.20769 0.731936 0.0761803 0.677101 91.3324
0.688855 -0.0204099 -0.724612 -90.6533 -0.040621 0.996946 -0.0666971 -9.26447 0.723761 0.075379 0.685922 91.8028
0.697534 -0.017873 -0.716329 -91.1516 -0.0437409 0.996762 -0.0674632 -9.32344 0.715216 0.0783908 0.694494 92.2569
0.705094 -0.0154548 -0.708945 -91.6375 -0.0462073 0.996636 -0.0676826 -9.37949 0.707607 0.080481 0.702008 92.7239
0.712548 -0.0134074 -0.701495 -92.101 -0.0459066 0.996784 -0.065681 -9.43607 0.70012 0.0790041 0.709641 93.1789
0.719575 -0.00989513 -0.694344 -92.5413 -0.0475793 0.996846 -0.0635144 -9.49082 0.692782 0.0787398 0.716835 93.6251
0.726374 -0.00996399 -0.687227 -92.9703 -0.0460469 0.996943 -0.0631244 -9.54253 0.685755 0.0774967 0.723695 94.0793
0.733442 -0.00819166 -0.679703 -93.4052 -0.0476286 0.996851 -0.0634081 -9.59336 0.678081 0.0788794 0.730742 94.5445
0.740652 -0.00538902 -0.671867 -93.8059 -0.0498731 0.996768 -0.062974 -9.64153 0.670035 0.0801499 0.73799 94.9867
0.749969 0.0021502 -0.661469 -94.2156 -0.0568863 0.9965 -0.0612581 -9.68672 0.659022 0.0835702 0.747466 95.4222
0.759633 0.00508922 -0.650332 -94.5975 -0.0570647 0.996634 -0.0588562 -9.73258 0.647844 0.0818202 0.757366 95.8566
0.768897 0.00307917 -0.639365 -94.9563 -0.0531463 0.996836 -0.0591128 -9.78032 0.63716 0.0794316 0.766628 96.3003
0.77794 0.00130784 -0.628337 -95.3112 -0.0509153 0.996841 -0.060963 -9.82573 0.626272 0.0794175 0.775549 96.753
0.787227 -0.00110319 -0.616662 -95.6361 -0.0486648 0.996769 -0.0639084 -9.86593 0.61474 0.0803201 0.78463 97.1754
0.797211 0.000490637 -0.6037 -95.9604 -0.0494281 0.996695 -0.0644619 -9.90674 0.601673 0.0812295 0.794601 97.5955
0.80753 0.00580691 -0.589798 -96.2695 -0.0538834 0.996496 -0.063964 -9.94914 0.58736 0.0834332 0.805013 97.9932
0.81689 0.00777738 -0.576741 -96.5575 -0.0531116 0.996675 -0.0617865 -9.99094 0.574343 0.0811044 0.814587 98.4046
0.825486 0.0040892 -0.564408 -96.8243 -0.0464081 0.99708 -0.0606511 -10.0283 0.562511 0.0762597 0.823265 98.8291
0.833761 0.00450676 -0.552107 -97.097 -0.0442131 0.9973 -0.0586272 -10.0662 0.550353 0.0732914 0.831709 99.2509
0.841581 0.00290463 -0.540123 -97.381 -0.0402899 0.997537 -0.0574123 -10.1068 0.538626 0.0700786 0.839625 99.7016
0.847902 -9.1912e-05 -0.530154 -97.6429 -0.03525 0.997777 -0.0565502 -10.1452 0.528981 0.0666369 0.846014 100.15
0.854824 0.00230181 -0.518913 -97.928 -0.037183 0.997691 -0.0568273 -10.1837 0.517584 0.0678721 0.852936 100.602
0.861447 0.00221161 -0.507843 -98.2017 -0.0364734 0.997678 -0.0575244 -10.2197 0.506536 0.068077 0.859527 101.065
0.868376 0.00557964 -0.495874 -98.4834 -0.039111 0.997593 -0.0572663 -10.2571 0.494361 0.0691228 0.866504 101.534
0.87414 0.00612113 -0.485635 -98.7441 -0.0388931 0.997591 -0.0574333 -10.2956 0.484114 0.0690925 0.872273 102.005
0.87949 0.00315144 -0.475906 -98.9905 -0.0349983 0.997699 -0.0580712 -10.332 0.474628 0.067729 0.877577 102.484
0.884546 0.0016942 -0.46645 -99.2459 -0.0332978 0.997672 -0.05952 -10.3719 0.465263 0.0681799 0.882543 102.966
0.889002 0.00106131 -0.457902 -99.502 -0.0322274 0.997663 -0.0602561 -10.4116 0.456768 0.0683248 0.886958 103.455
0.892625 0.00240253 -0.450794 -99.7535 -0.0329525 0.997658 -0.0599326 -10.4507 0.449595 0.0683521 0.890614 103.937
0.895856 0.00415751 -0.444325 -100.002 -0.0328798 0.997835 -0.0569562 -10.4885 0.443126 0.0656339 0.894053 104.422
0.899098 0.00844776 -0.437667 -100.259 -0.0351156 0.997984 -0.0528749 -10.5267 0.436337 0.0629086 0.897581 104.937
0.90209 0.00972624 -0.431437 -100.513 -0.0348876 0.998117 -0.050445 -10.565 0.430134 0.0605578 0.900731 105.47
0.905097 0.0111424 -0.425059 -100.759 -0.0351242 0.998199 -0.0486249 -10.5984 0.423752 0.0589401 0.903858 105.996
0.907913 0.0102957 -0.419033 -101.003 -0.032971 0.998355 -0.0469081 -10.6319 0.417861 0.0564044 0.906758 106.534
0.911279 0.0143571 -0.411538 -101.269 -0.0357223 0.998381 -0.044271 -10.6695 0.410236 0.0550443 0.910317 107.093
0.915169 0.0165779 -0.40273 -101.554 -0.0369059 0.998403 -0.0427676 -10.7054 0.401377 0.0540026 0.914319 107.698
0.919161 0.0188456 -0.393431 -101.842 -0.0385444 0.998364 -0.0422279 -10.7433 0.391991 0.0539788 0.918384 108.323
0.922681 0.0171666 -0.385183 -102.107 -0.03642 0.998422 -0.0427446 -10.7785 0.383841 0.053468 0.92185 108.962
0.92612 0.0126283 -0.377017 -102.355 -0.0314813 0.99854 -0.0438853 -10.8131 0.375913 0.052512 0.925166 109.598
0.929943 0.0134941 -0.367456 -102.618 -0.0325621 0.998422 -0.0457418 -10.8503 0.366259 0.0545024 0.928915 110.245
0.934714 0.0133284 -0.355152 -102.874 -0.0325968 0.9983 -0.0483256 -10.8906 0.353904 0.0567474 0.933559 110.88
0.939788 0.0158891 -0.341389 -103.119 -0.0348428 0.998168 -0.0494594 -10.9338 0.339978 0.0583763 0.93862 111.522
0.945489 0.0193849 -0.325076 -103.357 -0.0372544 0.998112 -0.0488357 -10.9757 0.323516 0.0582842 0.944426 112.173
0.951591 0.021698 -0.306599 -103.571 -0.0377996 0.998195 -0.0466765 -11.0159 0.305033 0.0560063 0.950694 112.835
0.957901 0.0245424 -0.286047 -103.774 -0.0393274 0.998164 -0.0460568 -11.0534 0.284391 0.0553674 0.957108 113.483
0.963773 0.0195611 -0.266006 -103.951 -0.0330469 0.99838 -0.0463158 -11.0906 0.264669 0.0534286 0.962858 114.165
0.969243 0.0177793 -0.245463 -104.119 -0.0298681 0.998513 -0.0456143 -11.1274 0.244287 0.0515428 0.968332 114.862
0.974578 0.0192476 -0.223222 -104.292 -0.0296745 0.998615 -0.0434505 -11.1688 0.222077 0.0489699 0.973799 115.566
0.979506 0.0245409 -0.199916 -104.456 -0.0332974 0.998622 -0.0405565 -11.2089 0.198645 0.046382 0.978973 116.27
0.983954 0.0277325 -0.176255 -104.614 -0.0347744 0.99871 -0.0369901 -11.252 0.175002 0.0425257 0.983649 117.042
0.987612 0.0322098 -0.153572 -104.759 -0.0379202 0.998689 -0.0343997 -11.293 0.152263 0.0397971 0.987538 117.866
0.990785 0.0348157 -0.130895 -104.89 -0.0397486 0.998587 -0.0352635 -11.3328 0.129482 0.0401414 0.990769 118.741
0.993393 0.0392757 -0.107829 -105.019 -0.0435886 0.998329 -0.0379356 -11.3791 0.106159 0.0423851 0.993445 119.68
0.995358 0.0391067 -0.0879344 -105.097 -0.0427294 0.998298 -0.0396995 -11.4225 0.0862322 0.0432727 0.995335 120.598
0.996963 0.0404214 -0.0665587 -105.177 -0.0430513 0.998328 -0.0385645 -11.4679 0.0648886 0.0413128 0.997037 121.534
0.998084 0.0402678 -0.0469831 -105.229 -0.0420622 0.998398 -0.0378504 -11.5139 0.0453837 0.0397541 0.998178 122.549
0.998934 0.035837 -0.0291072 -105.235 -0.0369404 0.998583 -0.0382964 -11.5526 0.0276936 0.0393308 0.998842 123.595
0.999123 0.0410559 -0.00824039 -105.265 -0.0413422 0.998412 -0.0382564 -11.6067 0.00665666 0.0385635 0.999234 124.638
0.999118 0.0402219 0.0120555 -105.257 -0.0397326 0.998472 -0.0383973 -11.6593 -0.0135815 0.0378845 0.99919 125.787
0.998497 0.0438843 0.0328393 -105.24 -0.0425802 0.998315 -0.0394116 -11.7159 -0.0345136 0.037954 0.998683 126.933
0.997515 0.0461348 0.0532456 -105.197 -0.0439538 0.998174 -0.0414301 -11.7732 -0.0550597 0.0389868 0.997722 128.1
0.996184 0.0478255 0.0730097 -105.131 -0.0446785 0.998026 -0.0441458 -11.8396 -0.0749769 0.0407154 0.996354 129.291
0.994386 0.0508651 0.092783 -105.046 -0.0465973 0.997779 -0.0475994 -11.9 -0.094998 0.0430088 0.994548 130.43
0.992468 0.0507813 0.111479 -104.903 -0.0454575 0.997725 -0.0497906 -11.9828 -0.113754 0.044348 0.992519 131.782
0.990649 0.0468577 0.128137 -104.714 -0.0403535 0.997784 -0.0528945 -12.0756 -0.130331 0.0472291 0.990345 133.082
0.987837 0.0508039 0.146957 -104.529 -0.042573 0.997372 -0.058624 -12.1705 -0.149549 0.0516545 0.987404 134.489
0.984861 0.0534742 0.164892 -104.34 -0.0430909 0.996894 -0.0659196 -12.2593 -0.167905 0.0578163 0.984106 135.733
0.981432 0.0564482 0.183319 -104.116 -0.0439694 0.996475 -0.0714398 -12.3711 -0.186705 0.0620528 0.980454 137.18
0.97801 0.0581178 0.200298 -103.896 -0.0435847 0.996138 -0.076222 -12.4663 -0.203954 0.0658159 0.976766 138.319
0.974475 0.0590848 0.216582 -103.617 -0.0427938 0.995943 -0.0791555 -12.5834 -0.22038 0.0678667 0.97305 139.559
0.97003 0.060785 0.235261 -103.355 -0.0432143 0.995926 -0.0791388 -12.7042 -0.239113 0.0666004 0.968705 140.814
0.964527 0.0681919 0.255025 -103.09 -0.0491712 0.995562 -0.0802367 -12.8239 -0.259365 0.0648506 0.9636 142.066
0.960678 0.063865 0.27022 -102.738 -0.0419658 0.995405 -0.0860631 -12.9404 -0.274475 0.071339 0.958944 143.266
0.956099 0.0640793 0.285951 -102.375 -0.0395166 0.995079 -0.0908624 -13.062 -0.290367 0.0755736 0.953927 144.5
0.951035 0.0653204 0.302102 -101.984 -0.0393022 0.995036 -0.0914206 -13.195 -0.306574 0.0750708 0.948882 145.751
0.945839 0.063423 0.318379 -101.573 -0.0356879 0.9951 -0.0922083 -13.3283 -0.322667 0.075852 0.943468 146.97
0.938288 0.0730991 0.338042 -101.168 -0.0429796 0.994477 -0.0957519 -13.4753 -0.343174 0.0753139 0.936247 148.317
0.932092 0.0735537 0.354675 -100.668 -0.0402999 0.994145 -0.10026 -13.6256 -0.359972 0.0791586 0.929599 149.646
0.926681 0.0683843 0.369574 -100.067 -0.0325402 0.994214 -0.102372 -13.8112 -0.374437 0.0828405 0.923545 151.084
0.920191 0.0662411 0.385826 -99.4573 -0.0265422 0.993869 -0.107331 -14.002 -0.39057 0.0885244 0.916307 152.533
0.912227 0.0674036 0.404102 -98.7448 -0.0231538 0.993278 -0.11341 -14.2334 -0.40903 0.0940989 0.907656 154.258
0.903089 0.0677113 0.424082 -98.144 -0.019615 0.992965 -0.116772 -14.4107 -0.429005 0.097137 0.898064 155.543
0.892136 0.0678229 0.446646 -97.5364 -0.0164969 0.992898 -0.11782 -14.5833 -0.451465 0.0977428 0.886919 156.754
0.877829 0.0762963 0.472859 -96.7554 -0.0213385 0.992481 -0.120525 -14.8064 -0.478499 0.0957098 0.872856 158.341
0.864981 0.0745923 0.496229 -95.8599 -0.0146221 0.992217 -0.12366 -15.0453 -0.501591 0.099708 0.85934 159.941
0.850807 0.0758721 0.519972 -95.0083 -0.0113918 0.991952 -0.126101 -15.2731 -0.525355 0.101365 0.844824 161.375
0.83897 0.067981 0.539915 -93.9119 0.00240851 0.991693 -0.128607 -15.5243 -0.544173 0.109198 0.831836 162.943
0.823767 0.0691197 0.562699 -93.0955 0.00548131 0.991523 -0.129819 -15.7326 -0.566902 0.110025 0.816405 164.17
0.807452 0.0730719 0.58539 -92.2532 0.00714757 0.991015 -0.133563 -15.9432 -0.58989 0.11203 0.799674 165.388
0.790805 0.0758873 0.607345 -91.4358 0.0105866 0.99044 -0.137539 -16.1496 -0.611976 0.115196 0.782442 166.523
0.773745 0.0799144 0.628437 -90.3531 0.0112952 0.990113 -0.139814 -16.4288 -0.633397 0.115278 0.765193 167.979
0.758539 0.0782475 0.646913 -89.2031 0.018786 0.989726 -0.14174 -16.7107 -0.651357 0.119668 0.749276 169.329
0.743457 0.0768102 0.664358 -88.193 0.0251988 0.98946 -0.142596 -16.941 -0.668309 0.122755 0.733686 170.461
0.728049 0.0773103 0.681151 -87.1364 0.0290394 0.989251 -0.143318 -17.1886 -0.684909 0.124123 0.717978 171.609
0.713027 0.0784012 0.696739 -86.087 0.0340175 0.98869 -0.146066 -17.4034 -0.700311 0.12785 0.702295 172.706
0.699668 0.0775738 0.710244 -84.9362 0.040667 0.988153 -0.147989 -17.6623 -0.71331 0.132426 0.688224 173.813
0.682685 0.0841628 0.725849 -83.7322 0.0400679 0.987539 -0.152191 -17.9198 -0.729613 0.132982 0.670806 175.015
0.668873 0.0841801 0.738595 -82.7285 0.0458821 0.986998 -0.154042 -18.1385 -0.741959 0.136923 0.656314 175.909
0.654044 0.0845528 0.751716 -81.805 0.0495967 0.986802 -0.154148 -18.3393 -0.754829 0.138102 0.641219 176.718
0.636977 0.0881584 0.765826 -80.5976 0.0482108 0.986939 -0.153711 -18.5939 -0.769374 0.134832 0.624407 177.759
0.619692 0.0883655 0.779854 -78.8509 0.0486435 0.987407 -0.150537 -18.9817 -0.783336 0.131221 0.60759 179.205
0.602813 0.0876389 0.793055 -77.7071 0.0503578 0.987789 -0.147436 -19.2252 -0.796292 0.128813 0.591038 180.074
0.58493 0.0898664 0.80609 -76.5819 0.0480855 0.988253 -0.145067 -19.4582 -0.809657 0.123615 0.573737 180.909
0.565201 0.0952217 0.819439 -75.418 0.0445446 0.988344 -0.145573 -19.7102 -0.82375 0.11878 0.554372 181.762
0.542774 0.103533 0.833473 -74.4386 0.0348452 0.988743 -0.145512 -19.9326 -0.839156 0.108023 0.533056 182.487
0.525872 0.102364 0.844382 -73.282 0.0390084 0.988785 -0.144164 -20.1507 -0.849669 0.10875 0.515981 183.178
0.50364 0.103036 0.857747 -72.2028 0.0364949 0.989438 -0.140284 -20.3605 -0.863143 0.101956 0.49456 183.839
0.481114 0.102659 0.870626 -71.024 0.0359687 0.989972 -0.136608 -20.5831 -0.87592 0.0970394 0.472597 184.545
0.460738 0.100315 0.881849 -69.9755 0.0387416 0.990372 -0.132901 -20.7724 -0.88669 0.0953969 0.452415 185.096
0.439686 0.0992306 0.892653 -68.8968 0.0414841 0.990574 -0.130549 -20.9543 -0.897193 0.0944315 0.431425 185.631
0.417733 0.099669 0.903087 -67.77 0.0408172 0.990903 -0.128241 -21.143 -0.907653 0.090432 0.409864 186.173
0.40058 0.095892 0.91123 -66.3344 0.0524899 0.990474 -0.127306 -21.3669 -0.914757 0.0988266 0.391731 186.744
0.382504 0.0940298 0.919157 -65.1236 0.0612923 0.990034 -0.126787 -21.5612 -0.921918 0.104834 0.372929 187.213
0.362882 0.0931857 0.927164 -63.954 0.0680776 0.989677 -0.126113 -21.7382 -0.929345 0.108883 0.352792 187.658
0.343578 0.0911901 0.934686 -62.8165 0.0722999 0.989752 -0.123139 -21.9061 -0.936337 0.109886 0.333464 188.056
0.325336 0.0899746 0.941308 -61.3847 0.0771188 0.989622 -0.121247 -22.1235 -0.942448 0.112038 0.315021 188.512
0.306063 0.0950044 0.947259 -60.0235 0.0778865 0.989174 -0.124374 -22.326 -0.94882 0.111845 0.29535 188.956
0.285042 0.104816 0.952767 -58.9044 0.0748468 0.988534 -0.131143 -22.5106 -0.955588 0.108693 0.273929 189.315
0.265537 0.11288 0.95747 -57.7723 0.0721598 0.988009 -0.136493 -22.6897 -0.961396 0.105335 0.254208 189.627
0.249017 0.116102 0.961515 -56.8016 0.075006 0.987495 -0.138665 -22.8409 -0.96559 0.106649 0.237194 189.853
0.2308 0.117021 0.965939 -55.8331 0.0764567 0.987491 -0.137901 -22.9925 -0.969993 0.10568 0.218966 190.075
0.212776 0.116544 0.970126 -54.9249 0.0760168 0.987878 -0.135349 -23.1363 -0.97414 0.102545 0.201337 190.258
0.192657 0.117181 0.974244 -54.0474 0.0720851 0.988471 -0.133147 -23.2791 -0.978615 0.0958802 0.181989 190.444
0.172135 0.116668 0.97814 -53.1483 0.0691306 0.989083 -0.130139 -23.4157 -0.982645 0.0900208 0.16219 190.616
0.153898 0.11656 0.981188 -52.2043 0.0699231 0.989243 -0.128484 -23.5566 -0.985609 0.0883812 0.144093 190.76
0.137219 0.117395 0.98356 -51.2962 0.0736338 0.988996 -0.128316 -23.6829 -0.9878 0.0900307 0.127065 190.867
0.11988 0.120323 0.98547 -50.374 0.0731457 0.98886 -0.129635 -23.8229 -0.99009 0.0876235 0.109743 190.962
0.102543 0.122044 0.987213 -49.4221 0.0762388 0.988561 -0.13013 -23.9591 -0.991803 0.088608 0.0920657 191.047
0.0853464 0.11962 0.989145 -48.5687 0.0769705 0.989008 -0.126245 -24.0805 -0.993374 0.0869095 0.0752011 191.123
0.0709993 0.115254 0.990795 -47.6578 0.0798259 0.98946 -0.120819 -24.2113 -0.994277 0.0876692 0.0610507 191.176
0.0584483 0.111117 0.992087 -46.7398 0.0838452 0.989728 -0.115792 -24.3368 -0.994763 0.0899496 0.0485313 191.211
0.0466424 0.10812 0.993043 -45.7807 0.0874783 0.989864 -0.111883 -24.4628 -0.995074 0.0920882 0.0367114 191.24
0.0351407 0.10855 0.99347 -44.813 0.0873279 0.989948 -0.111254 -24.5896 -0.99556 0.0906672 0.025308 191.285
0.0262798 0.111329 0.993436 -43.8937 0.0876091 0.989699 -0.113227 -24.7058 -0.995808 0.0900096 0.0162557 191.307
0.0218269 0.112982 0.993357 -42.9965 0.0897972 0.989356 -0.1145 -24.8235 -0.995721 0.0916999 0.0114491 191.301
0.015524 0.116985 0.993012 -42.1247 0.0889203 0.989036 -0.117906 -24.948 -0.995918 0.0901294 0.00495144 191.316
0.011868 0.125793 0.991986 -41.303 0.0917969 0.987729 -0.126352 -25.0618 -0.995707 0.0925607 0.000174974 191.307
0.00717202 0.128292 0.991711 -40.5555 0.0899715 0.987631 -0.128415 -25.1683 -0.995919 0.0901467 -0.00445928 191.31
0.00420815 0.11939 0.992838 -39.8401 0.091126 0.988671 -0.119275 -25.2735 -0.99583 0.0909753 -0.00671909 191.302
-0.000759849 0.110035 0.993927 -39.0889 0.0886994 0.990018 -0.109534 -25.3742 -0.996058 0.0880776 -0.0105123 191.321
-0.00340825 0.106122 0.994347 -38.283 0.0876218 0.99056 -0.105417 -25.4799 -0.996148 0.0867672 -0.0126747 191.327
-0.0033485 0.108665 0.994073 -37.4717 0.0870824 0.990334 -0.107963 -25.5795 -0.996195 0.0862047 -0.0127789 191.323
-0.00437544 0.111897 0.99371 -36.6666 0.0864022 0.990046 -0.111104 -25.6826 -0.996251 0.0853727 -0.014 191.332
-0.00399477 0.11381 0.993494 -35.9009 0.0827071 0.990136 -0.113093 -25.7912 -0.996566 0.0817173 -0.0133683 191.342
-0.00344174 0.114165 0.993456 -35.1676 0.0784805 0.990428 -0.113545 -25.8914 -0.99691 0.0775761 -0.0123685 191.35
0.000219231 0.1159 0.993261 -34.3824 0.076687 0.990334 -0.115575 -25.9935 -0.997055 0.0761956 -0.0086709 191.345
0.00400507 0.117794 0.99303 -33.6246 0.0728429 0.990366 -0.117771 -26.0872 -0.997335 0.0728069 -0.00461394 191.349
0.0103059 0.119216 0.992815 -32.8749 0.0726372 0.990155 -0.11965 -26.1831 -0.997305 0.0733484 0.00154492 191.344
0.015927 0.118513 0.992825 -32.1152 0.0702766 0.990362 -0.119347 -26.2839 -0.9974 0.0716732 0.00744483 191.36
0.0227115 0.117404 0.992824 -31.383 0.0709714 0.990386 -0.118739 -26.3834 -0.99722 0.0731589 0.0141607 191.375
0.0286849 0.116544 0.992771 -30.6687 0.071307 0.990411 -0.118328 -26.4852 -0.997042 0.0741858 0.0200994 191.404
0.0344153 0.117717 0.992451 -29.8999 0.0689064 0.990396 -0.119863 -26.591 -0.997029 0.0725113 0.0259734 191.445
0.0405772 0.117776 0.992211 -29.1667 0.0676006 0.99043 -0.12033 -26.6881 -0.996887 0.0719567 0.0322271 191.481
0.0475601 0.117099 0.991981 -28.4064 0.0663417 0.990541 -0.12011 -26.7876 -0.996663 0.0715222 0.0393417 191.515
0.05591 0.115231 0.991764 -27.6354 0.066713 0.990667 -0.118865 -26.8908 -0.996205 0.0728093 0.0477008 191.541
0.0609991 0.114222 0.991581 -26.8881 0.0643055 0.990917 -0.118102 -26.9917 -0.996064 0.0709682 0.0531 191.599
0.0686243 0.114903 0.991004 -26.1167 0.065324 0.990696 -0.119391 -27.0939 -0.995502 0.0729294 0.0604799 191.647
0.0753891 0.116982 0.990269 -25.3451 0.0653039 0.990383 -0.121967 -27.2015 -0.995014 0.0738634 0.0670248 191.705
0.0824361 0.118162 0.989567 -24.6363 0.0664749 0.990083 -0.123761 -27.3006 -0.994377 0.0759837 0.0737638 191.757
0.0888785 0.119508 0.988847 -23.8982 0.0654731 0.989928 -0.125524 -27.4082 -0.993888 0.0758992 0.0801587 191.828
0.0954024 0.120462 0.988123 -23.1996 0.0628776 0.989939 -0.126755 -27.505 -0.993451 0.0742235 0.0868682 191.897
0.103263 0.120187 0.987366 -22.5076 0.0635227 0.98985 -0.127133 -27.6022 -0.992624 0.0758482 0.0945799 191.961
0.11002 0.117939 0.986907 -21.7967 0.0637794 0.990051 -0.125425 -27.7026 -0.991881 0.0767436 0.101403 192.04
0.116628 0.116401 0.986331 -21.049 0.0635752 0.990196 -0.124375 -27.8087 -0.991139 0.0772119 0.108085 192.125
0.123016 0.115969 0.985605 -20.3019 0.0626859 0.990258 -0.12434 -27.9125 -0.990423 0.0770795 0.114548 192.217
0.129762 0.117373 0.984574 -19.5723 0.0624803 0.990028 -0.126258 -28.0161 -0.989575 0.0779 0.121135 192.313
0.137235 0.118023 0.983482 -18.8541 0.0629602 0.989829 -0.12757 -28.1181 -0.988536 0.0794273 0.128409 192.408
0.145429 0.119882 0.982079 -18.1357 0.0632508 0.989475 -0.130151 -28.2227 -0.987345 0.0810451 0.136316 192.514
0.154856 0.122102 0.980362 -17.4471 0.0634403 0.989056 -0.133206 -28.3236 -0.985898 0.0828223 0.145415 192.619
0.163382 0.123798 0.978765 -16.7932 0.0607876 0.988947 -0.135233 -28.4216 -0.984688 0.0815915 0.154051 192.733
0.168606 0.124031 0.977849 -16.1513 0.0547161 0.989344 -0.134923 -28.5162 -0.984164 0.0762529 0.160023 192.858
0.175059 0.12191 0.976981 -15.4871 0.0534972 0.989661 -0.133078 -28.6191 -0.983104 0.0755621 0.166727 192.965
0.179341 0.122662 0.97611 -14.7936 0.0514858 0.989667 -0.133826 -28.7216 -0.982439 0.0742563 0.171173 193.089
0.181958 0.124889 0.975343 -14.1054 0.0518543 0.989303 -0.13635 -28.8189 -0.981938 0.0753858 0.173536 193.215
0.18501 0.126242 0.974594 -13.397 0.0527635 0.989008 -0.138126 -28.9251 -0.981319 0.0769776 0.176315 193.343
0.189141 0.125491 0.973898 -12.6935 0.0556397 0.988837 -0.138221 -29.0318 -0.980372 0.0803307 0.180047 193.466
