1 0 0 0 0 1 0 0 0 0 1 0
1 0 0 0 0 1 0 0 0 0 1 0
1 0 0 0 0 1 0 0 0 0 1 0
1 0 0 0 0 1 0 0 0 0 1 0
1 0 0 0 0 1 0 0 0 0 1 0
1 0 0 0 0 1 0 0 0 0 1 0
1 0 0 0 0 1 0 0 0 0 1 0
1 0 0 0 0 1 0 0 0 0 1 0
1 0 0 0 0 1 0 0 0 0 1 0
1 0 0 0 0 1 0 0 0 0 1 0
1 0 0 0 0 1 0 0 0 0 1 0
1 0 0 0 0 1 0 0 0 0 1 0
0.998421 -0.00575978 0.0558841 0.0571466 0.00564322 0.999982 0.00224348 -0.0062106 -0.055896 -0.00192457 0.998435 0.164491
0.993727 -0.0123983 0.111147 0.136542 0.011913 0.999916 0.00502911 -0.0091183 -0.1112 -0.00367347 0.993791 0.347755
0.985647 -0.0228869 0.167262 0.230282 0.0219609 0.999732 0.00738378 -0.00978272 -0.167387 -0.00360456 0.985885 0.521358
0.973746 -0.0336137 0.225143 0.328345 0.0320902 0.999431 0.010424 -0.0152765 -0.225365 -0.00292544 0.97427 0.701092
0.959209 -0.0431087 0.279391 0.454191 0.0413396 0.99907 0.0122238 -0.0125521 -0.279658 -0.000175272 0.9601 0.887879
0.941757 -0.0526802 0.332141 0.589859 0.0510987 0.998602 0.0135001 -0.0109148 -0.332388 0.00425815 0.943133 1.07932
0.921448 -0.0589652 0.384001 0.729613 0.0572736 0.998233 0.0158498 -0.00610673 -0.384257 0.00738839 0.923197 1.28059
0.898728 -0.0581801 0.434629 0.867807 0.0546114 0.998293 0.0207073 -0.00168468 -0.435092 0.00512552 0.900371 1.50738
0.87496 -0.0598717 0.480479 1.02987 0.0548802 0.998194 0.0244456 0.00208396 -0.481075 0.00497985 0.876665 1.73908
0.851073 -0.0627391 0.521285 1.21589 0.056452 0.998014 0.0279496 0.00676904 -0.522003 0.00564039 0.852925 1.97763
0.826829 -0.0644346 0.558751 1.41793 0.0562341 0.997909 0.0318638 0.0176328 -0.559636 0.00507496 0.828723 2.22939
0.802115 -0.0631458 0.593821 1.63724 0.0532557 0.997995 0.0341887 0.0253358 -0.59479 0.00420106 0.80387 2.49997
0.776885 -0.0627259 0.626511 1.8771 0.0528733 0.99801 0.0343564 0.0398401 -0.627419 0.00643468 0.778655 2.77493
0.753101 -0.0625833 0.654921 2.13928 0.054136 0.997984 0.0331144 0.0517587 -0.655673 0.0105163 0.754972 3.05287
0.731498 -0.0637221 0.678859 2.41636 0.0580418 0.997829 0.0311202 0.0657757 -0.679368 0.0166378 0.733609 3.32733
0.71292 -0.063682 0.698348 2.70607 0.0597337 0.997763 0.0300055 0.0747673 -0.698697 0.0203234 0.715129 3.60126
0.697428 -0.0635855 0.713829 3.00246 0.0602992 0.997731 0.0299608 0.0865921 -0.714114 0.0221478 0.699679 3.88714
0.686716 -0.0646039 0.724049 3.31975 0.0620384 0.997618 0.0301737 0.103758 -0.724273 0.0241981 0.689088 4.17495
0.677614 -0.0648204 0.732556 3.64041 0.0610308 0.997628 0.031822 0.115721 -0.732881 0.0231454 0.679963 4.4761
0.669344 -0.0656823 0.740044 3.99087 0.0595254 0.997623 0.0347051 0.127395 -0.740564 0.0208218 0.671663 4.79143
0.660749 -0.0657852 0.747719 4.35823 0.0574013 0.997663 0.0370509 0.144067 -0.748409 0.0184387 0.662981 5.12325
0.653568 -0.0683206 0.753778 4.74915 0.0585322 0.997497 0.03966 0.158346 -0.754601 0.0181997 0.655932 5.44843
0.646477 -0.0710044 0.759622 5.17168 0.0599448 0.997309 0.0422057 0.175357 -0.760575 0.0182504 0.648994 5.78989
0.636988 -0.0698775 0.7677 5.58288 0.0559144 0.997448 0.0443954 0.191047 -0.768843 0.0146461 0.63927 6.15806
0.628989 -0.0715338 0.774116 6.04733 0.05659 0.997329 0.0461795 0.212086 -0.775352 0.0147609 0.631357 6.52716
0.621074 -0.074769 0.780177 6.50249 0.0574956 0.997104 0.0497879 0.232464 -0.78164 0.0139348 0.623574 6.88094
0.611282 -0.0762248 0.787733 6.97891 0.0538781 0.99705 0.0546698 0.252823 -0.789577 0.00902288 0.613586 7.26876
0.601934 -0.0796611 0.794563 7.48335 0.053563 0.996799 0.0593592 0.277542 -0.796748 0.00682884 0.604274 7.64692
0.590426 -0.0808064 0.803037 8.01089 0.0517431 0.996718 0.0622521 0.305329 -0.805432 0.00479637 0.592669 8.05122
0.579492 -0.0829014 0.81075 8.57294 0.0537654 0.996534 0.0634689 0.334364 -0.813202 0.00681063 0.581941 8.4369
0.567639 -0.0813773 0.819246 9.14236 0.0509953 0.996667 0.0636673 0.361457 -0.821697 0.00563764 0.569897 8.83557
0.553849 -0.0804262 0.828724 9.73046 0.0501181 0.996739 0.063237 0.394358 -0.831107 0.0065103 0.556074 9.229
0.535581 -0.0771087 0.840956 10.3226 0.0449818 0.997014 0.0627703 0.426183 -0.843285 0.00420915 0.53745 9.62614
0.513508 -0.0738853 0.854898 10.9357 0.0394237 0.997265 0.0625091 0.461099 -0.857179 0.0016043 0.515016 10.0015
0.48792 -0.0724038 0.86988 11.5734 0.0360252 0.997375 0.0628091 0.498376 -0.872145 0.000691772 0.489248 10.3514
0.458908 -0.0724132 0.885528 12.2326 0.0338606 0.997375 0.0640117 0.529318 -0.887838 0.000609012 0.460155 10.6892
0.427141 -0.0713266 0.901367 12.9611 0.0301654 0.997453 0.0646352 0.563967 -0.903682 -0.000418279 0.428205 11.0465
0.395851 -0.0701282 0.915633 13.7766 0.0280429 0.997538 0.0642777 0.605739 -0.917887 0.00023258 0.396843 11.3965
0.365662 -0.0687307 0.928207 14.5225 0.0267758 0.997634 0.0633234 0.640194 -0.930362 0.00169847 0.366637 11.6833
0.3355 -0.0661399 0.939716 15.2984 0.0252952 0.997805 0.0611975 0.673845 -0.941701 0.00323859 0.336436 11.9543
0.30519 -0.063915 0.950144 16.0731 0.0288128 0.997908 0.0578732 0.706461 -0.951855 0.00971395 0.306393 12.1859
0.274 -0.0608561 0.959802 16.8933 0.0327692 0.998007 0.0539237 0.736729 -0.961171 0.0166768 0.275448 12.4149
0.244106 -0.0579771 0.968014 17.7093 0.0386297 0.998 0.0500317 0.765262 -0.968979 0.025181 0.245857 12.6042
0.214973 -0.0551833 0.97506 18.5371 0.0446172 0.997915 0.04664 0.793037 -0.9756 0.0334781 0.216987 12.7755
0.186938 -0.0531865 0.980931 19.3629 0.0532944 0.997612 0.0439345 0.816881 -0.980925 0.0440651 0.189326 12.9103
0.160717 -0.0452346 0.985963 20.2769 0.0605928 0.997517 0.0358877 0.840249 -0.985139 0.0539745 0.163059 13.0318
0.134584 -0.0313222 0.990407 21.1705 0.0656204 0.997588 0.0226323 0.850677 -0.988727 0.061945 0.136315 13.1398
0.108839 -0.0133504 0.99397 22.0513 0.066074 0.997796 0.00616666 0.854382 -0.991861 0.0650044 0.109482 13.2267
0.0815161 0.00293073 0.996668 22.8709 0.0636459 0.997939 -0.00813999 0.847714 -0.994638 0.0640974 0.0811616 13.3016
0.0556165 0.0127439 0.998371 23.5777 0.0677765 0.997564 -0.0165092 0.830753 -0.996149 0.0685842 0.0546173 13.3289
0.0296616 0.0164426 0.999425 24.2648 0.0691765 0.997434 -0.0184629 0.810293 -0.997163 0.0696843 0.028448 13.344
0.00474608 0.0150787 0.999875 24.902 0.0728407 0.997225 -0.0153845 0.79129 -0.997332 0.0729046 0.00363457 13.3389
-0.0168804 0.00925037 0.999815 25.578 0.0772811 0.996978 -0.00791934 0.771238 -0.996866 0.0771331 -0.0175443 13.3065
-0.0358116 0.00462877 0.999348 26.2434 0.0860955 0.996286 -0.00152936 0.754402 -0.995643 0.0859846 -0.0360771 13.2577
-0.0510885 0.00404378 0.998686 26.9259 0.0887355 0.996055 0.000506199 0.73785 -0.994744 0.0886448 -0.0512458 13.211
-0.0637247 0.00696989 0.997943 27.6519 0.0909728 0.995853 -0.00114613 0.72329 -0.993812 0.0907127 -0.0640944 13.1624
-0.077067 0.0098974 0.996977 28.3334 0.0873967 0.996169 -0.00313355 0.709769 -0.993188 0.086891 -0.0776368 13.1304
-0.0887441 0.0123934 0.995977 28.9655 0.082356 0.99659 -0.0050629 0.694096 -0.992644 0.0815755 -0.0894622 13.0714
-0.10207 0.0114538 0.994711 29.61 0.0812452 0.996689 -0.00313981 0.681136 -0.991454 0.0804951 -0.102662 13.0129
-0.112959 0.0121189 0.993526 30.2634 0.0814925 0.99667 -0.00289204 0.669757 -0.990252 0.0806382 -0.11357 12.9453
-0.121008 0.0146018 0.992544 30.8976 0.0850352 0.996369 -0.0042908 0.658559 -0.989003 0.083882 -0.12181 12.8589
-0.125978 0.0175848 0.991877 31.5098 0.0841524 0.996428 -0.00697731 0.650803 -0.988457 0.0825899 -0.127008 12.791
-0.12609 0.0202249 0.991813 32.1406 0.0827541 0.996522 -0.00980038 0.640845 -0.988561 0.0808408 -0.127325 12.7153
-0.123995 0.019224 0.992097 32.7515 0.081976 0.996593 -0.00906552 0.629047 -0.988891 0.080204 -0.125148 12.6567
-0.116456 0.0188347 0.993017 33.4316 0.0811702 0.996656 -0.00938448 0.616399 -0.989873 0.0795106 -0.117595 12.5754
-0.108378 0.0180218 0.993946 34.1323 0.0794471 0.996795 -0.00941068 0.600288 -0.99093 0.0779462 -0.109462 12.5082
-0.100021 0.0180873 0.994821 34.8304 0.0787195 0.996845 -0.0102095 0.585277 -0.991866 0.0772906 -0.101129 12.4448
-0.0919426 0.0178185 0.995605 35.5329 0.0771511 0.996962 -0.010718 0.570238 -0.992771 0.0758266 -0.093038 12.3796
-0.0881358 0.0168615 0.995966 36.2432 0.0708689 0.997429 -0.0106149 0.552439 -0.993584 0.0696475 -0.0891042 12.3378
-0.085521 0.0154204 0.996217 36.9868 0.0673167 0.997685 -0.00966422 0.533468 -0.99406 0.0662356 -0.0863611 12.2744
-0.0856497 0.0143026 0.996223 37.7755 0.0630476 0.997971 -0.00890718 0.520517 -0.994328 0.0620465 -0.0863777 12.2207
-0.0861691 0.0136677 0.996187 38.5269 0.0632382 0.997965 -0.00822202 0.504874 -0.994272 0.0622886 -0.086858 12.1573
-0.0878367 0.0126733 0.996054 39.2681 0.0618402 0.99806 -0.00724547 0.490523 -0.994214 0.0609598 -0.08845 12.1052
-0.0877148 0.0120974 0.996072 40.0738 0.0612108 0.998102 -0.00673183 0.474842 -0.994263 0.0603799 -0.0882888 12.0341
-0.0882518 0.0120894 0.996025 40.8944 0.0602562 0.99816 -0.00677638 0.467581 -0.994274 0.0594186 -0.0888178 11.9694
-0.0886433 0.0120564 0.99599 41.7347 0.05799 0.998293 -0.00692312 0.451352 -0.994374 0.0571438 -0.0891912 11.9051
-0.088673 0.011176 0.995998 42.5755 0.0556704 0.99843 -0.00624699 0.433337 -0.994504 0.0548937 -0.0891559 11.8343
-0.0886759 0.0103524 0.996007 43.4172 0.0547304 0.998486 -0.00550544 0.41171 -0.994556 0.0540237 -0.0891083 11.7624
-0.0868967 0.00944105 0.996173 44.2703 0.0514797 0.998662 -0.00497404 0.385768 -0.994886 0.0508505 -0.0872664 11.6793
-0.0852911 0.00816015 0.996323 45.0885 0.0511738 0.998683 -0.0037987 0.37092 -0.995041 0.0506616 -0.0855963 11.6124
-0.083805 0.00589113 0.996465 45.9406 0.048477 0.998823 -0.00182804 0.35178 -0.995302 0.0481524 -0.0839919 11.5594
-0.0793736 0.00421281 0.996836 46.7514 0.0524822 0.998622 -4.14374e-05 0.336003 -0.995462 0.0523128 -0.0794853 11.4807
-0.0762242 0.00347938 0.997085 47.5818 0.0525814 0.998616 0.000534972 0.31724 -0.995703 0.0524689 -0.0763017 11.4196
-0.0723308 0.00315652 0.997376 48.3816 0.0539813 0.998542 0.000754577 0.291807 -0.995919 0.0538942 -0.0723957 11.3517
-0.0707491 0.00444927 0.997484 49.1932 0.055162 0.998477 -0.000541199 0.279472 -0.995968 0.0549849 -0.0708868 11.2905
-0.0720178 0.00651021 0.997382 50.0274 0.0533392 0.998573 -0.00266653 0.263225 -0.995976 0.0530075 -0.0722623 11.2422
-0.0758553 0.0096537 0.997072 50.8525 0.0518927 0.998636 -0.00572094 0.24667 -0.995768 0.0513068 -0.0762528 11.1916
-0.0805959 0.0104657 0.996692 51.6309 0.0508527 0.998686 -0.00637448 0.223875 -0.995449 0.0501707 -0.0810222 11.1285
-0.0863774 0.0084292 0.996227 52.3803 0.0513947 0.99867 -0.00399372 0.207561 -0.994936 0.0508558 -0.0866958 11.0615
-0.0932079 0.00523381 0.995633 53.1721 0.0501159 0.998743 -0.00055848 0.192134 -0.994385 0.0498449 -0.0933531 10.9973
-0.100042 0.0043749 0.994974 53.9605 0.045294 0.998974 0.00016172 0.179329 -0.993952 0.0450825 -0.100138 10.9338
-0.106116 0.00781567 0.994323 54.7073 0.0478254 0.998852 -0.00274724 0.169031 -0.993203 0.0472624 -0.106368 10.8581
-0.111522 0.0095635 0.993716 55.5089 0.0473452 0.998869 -0.00429966 0.151724 -0.992633 0.0465682 -0.111849 10.7628
-0.116707 0.0114247 0.993101 56.2675 0.0480809 0.998826 -0.00584023 0.130645 -0.992002 0.0470676 -0.117119 10.6745
-0.120759 0.012 0.992609 56.9901 0.0470525 0.998872 -0.00635141 0.111813 -0.991566 0.0459378 -0.121188 10.5871
-0.125713 0.0103954 0.992012 57.7901 0.0473312 0.998869 -0.00446922 0.089816 -0.990937 0.0463913 -0.126063 10.4983
-0.129123 0.00165074 0.991627 58.5941 0.0485576 0.99881 0.00466017 0.0730524 -0.990439 0.0487527 -0.12905 10.3999
-0.133037 -0.00878465 0.991072 59.4753 0.0465243 0.998803 0.0150984 0.058697 -0.990019 0.0481176 -0.132469 10.3015
-0.134847 -0.0116776 0.990798 60.3358 0.048212 0.998669 0.018332 0.0440948 -0.989693 0.0502403 -0.134105 10.1838
-0.138317 -0.00678837 0.990365 61.1678 0.0452049 0.998891 0.0131602 0.0398181 -0.989356 0.0465896 -0.137857 10.0954
-0.140685 1.04656e-05 0.990054 62.0414 0.0488137 0.998784 0.00692581 0.0292385 -0.98885 0.0493026 -0.140515 9.98212
-0.141257 0.00235678 0.98997 62.8987 0.0539196 0.998531 0.00531651 0.0292431 -0.988504 0.0541298 -0.141176 9.85464
-0.142662 0.00186031 0.98977 63.6257 0.0546876 0.998485 0.00600578 0.0184361 -0.98826 0.0549849 -0.142548 9.76168
-0.143691 -0.001736 0.989621 64.3052 0.0519005 0.998609 0.00928761 0.0127394 -0.988261 0.0526963 -0.143401 9.68002
-0.142775 -0.00636136 0.989735 64.9806 0.0501377 0.998649 0.0136513 0.0139717 -0.988484 0.0515721 -0.142263 9.58612
-0.143599 -0.0136947 0.989541 65.6899 0.0435086 0.99885 0.0201374 0.00495539 -0.988679 0.0459453 -0.142838 9.50642
-0.145456 -0.0163343 0.98923 66.3993 0.0313897 0.999284 0.0211158 0.00322926 -0.988867 0.034123 -0.144839 9.4465
-0.144839 -0.01964 0.98926 67.2126 0.024013 0.999439 0.0233578 -0.00258689 -0.989164 0.0271383 -0.144286 9.3545
-0.143694 -0.0207113 0.989405 67.9499 0.0268579 0.999331 0.0248198 -0.0034934 -0.989258 0.0301399 -0.143042 9.25906
-0.142643 -0.0196213 0.98958 69.0206 0.02769 0.999333 0.0238061 -0.00793019 -0.989387 0.0307972 -0.142005 9.14181
-0.138788 -0.0174794 0.990168 69.894 0.0291125 0.99934 0.0217219 -0.00609374 -0.989894 0.031841 -0.138187 9.05014
-0.131066 -0.0178785 0.991212 70.6252 0.0327694 0.999213 0.0223558 -0.0052993 -0.990832 0.0354116 -0.130376 8.96233
-0.122709 -0.0172868 0.992292 72.2306 0.0383661 0.999018 0.0221484 0.00108644 -0.991701 0.0407882 -0.121925 8.77778
-0.112292 -0.0173662 0.993523 74.8382 0.0341535 0.999189 0.0213254 0.023261 -0.993088 0.036327 -0.111608 8.54053
-0.100416 -0.0194529 0.994755 75.5838 0.0323739 0.999216 0.0228081 0.0253412 -0.994419 0.0344944 -0.0997071 8.47904
-0.0864599 -0.0236646 0.995974 76.3541 0.0334885 0.999084 0.0266456 0.0259662 -0.995692 0.0356574 -0.0855882 8.40925
-0.0761026 -0.024169 0.996807 77.0999 0.0318942 0.999136 0.0266605 0.0316061 -0.99659 0.0338212 -0.0752659 8.3778
-0.0630948 -0.0253686 0.997685 77.8736 0.0332365 0.999069 0.0275057 0.0401253 -0.997454 0.0348951 -0.0621929 8.33736
-0.0486748 -0.0243143 0.998519 78.687 0.0367437 0.998983 0.0261167 0.0492929 -0.998139 0.0379605 -0.0477319 8.29219
-0.0358846 -0.020438 0.999147 80.3985 0.0352186 0.999144 0.0217029 0.0403994 -0.998735 0.0359673 -0.0351341 8.25775
-0.0225994 -0.0112612 0.999681 81.1672 0.0387612 0.999175 0.0121318 0.0453242 -0.998993 0.039023 -0.0221443 8.23692
-0.00833321 -0.00550495 0.99995 87.0193 0.0391556 0.999216 0.00582722 0.0598118 -0.999198 0.0392022 -0.00811113 8.20656
0.00298045 -0.0082815 0.999961 87.6893 0.0359572 0.99932 0.00816901 0.0539343 -0.999349 0.0359314 0.0032762 8.22665
0.0164836 -0.011414 0.999799 94.9161 0.0348874 0.999333 0.0108335 -0.00656324 -0.999255 0.0347019 0.0168708 8.33294
0.0258866 -0.00917223 0.999623 101.748 0.0328831 0.999425 0.00831886 -0.0936493 -0.999124 0.0326553 0.0261733 8.638
0.0339546 -0.00251628 0.99942 102.491 0.0290892 0.999576 0.00152838 -0.105974 -0.999 0.0290205 0.0340134 8.67287
0.0407524 0.00590224 0.999152 109.372 0.0240251 0.999688 -0.00688532 -0.167911 -0.99888 0.0242853 0.0405978 8.92693
0.0457656 0.00897365 0.998912 115.789 0.0237116 0.999668 -0.0100668 -0.321071 -0.998671 0.0241465 0.0455376 9.21199
0.0491877 0.00928422 0.998746 119.348 0.0236994 0.999664 -0.0104599 -0.414018 -0.998508 0.0241842 0.0489512 9.44941
0.0566888 0.00917857 0.99835 122.504 0.0253266 0.999623 -0.0106284 -0.513105 -0.998071 0.0258873 0.056435 9.5587
0.0642194 0.00663805 0.997914 123.164 0.022768 0.999708 -0.00811519 -0.524062 -0.997676 0.0232417 0.0640495 9.59782
0.0707981 0.00300602 0.997486 125.872 0.0227396 0.999731 -0.00462676 -0.588845 -0.997231 0.02301 0.0707107 9.77845
0.074881 0.00114748 0.997192 126.55 0.02022 0.999792 -0.00266882 -0.601001 -0.996987 0.020363 0.0748422 9.85338
0.080975 0.00276083 0.996712 127.198 0.0130014 0.999908 -0.00382595 -0.615188 -0.996631 0.0132685 0.0809317 9.9182
0.0871747 0.00603323 0.996175 127.818 0.00647802 0.999957 -0.00662302 -0.627644 -0.996172 0.0070306 0.0871319 9.98705
0.0943961 0.0100568 0.995484 128.459 0.00712611 0.999917 -0.0107773 -0.644538 -0.995509 0.00811126 0.0943165 10.0502
0.10139 0.012682 0.994766 129.072 0.00776659 0.999878 -0.0135388 -0.662909 -0.994816 0.00909864 0.10128 10.1154
0.107537 0.0108766 0.994142 129.681 0.00602609 0.999915 -0.0115916 -0.678695 -0.994183 0.00723731 0.107462 10.1917
0.115342 0.00512598 0.993313 130.31 0.00723498 0.999956 -0.00600038 -0.699948 -0.993299 0.00787869 0.1153 10.2641
0.123727 0.00251311 0.992313 135.743 0.00707257 0.999969 -0.00341435 -0.872384 -0.992291 0.00744066 0.123706 10.9204
0.130268 0.0071495 0.991453 138.249 0.00624466 0.999948 -0.00803126 -0.910999 -0.991459 0.0072375 0.130217 11.2735
0.138331 0.00918338 0.990343 141.528 0.00797413 0.999914 -0.010386 -1.00276 -0.990354 0.00933382 0.138246 11.7105
0.145837 0.010796 0.98925 144.459 0.00664445 0.999907 -0.0118918 -1.06729 -0.989286 0.00830729 0.145752 12.1564
0.152642 0.0101372 0.98823 149.291 0.00638533 0.999916 -0.0112434 -1.21205 -0.988261 0.00802638 0.152564 12.9822
0.161665 0.00748255 0.986817 153.994 0.0130502 0.999868 -0.00971945 -1.35627 -0.986759 0.0144495 0.161546 13.6639
0.168496 0.00762439 0.985673 159.188 0.0154189 0.999827 -0.0103697 -1.4849 -0.985582 0.0169452 0.16835 14.6524
0.175381 0.00794884 0.984468 160.122 0.016896 0.999796 -0.0110826 -1.50853 -0.984356 0.0185772 0.175211 14.8173
0.181372 0.00995594 0.983364 161.005 0.00980332 0.999881 -0.0119313 -1.53227 -0.983366 0.0118042 0.181253 15.0059
0.186553 0.0108769 0.982385 161.728 0.00400417 0.999922 -0.0118315 -1.5491 -0.982437 0.00614084 0.186495 15.1605
0.188175 0.010983 0.982074 162.568 0.00196445 0.999931 -0.0115591 -1.57447 -0.982134 0.00410436 0.18814 15.3633
0.189472 0.0129539 0.981801 163.451 -0.00171949 0.999916 -0.0128611 -1.58989 -0.981885 0.000748626 0.189478 15.5858
0.19324 0.0141512 0.981049 164.207 -0.00142649 0.999899 -0.0141421 -1.60932 -0.981151 0.00133337 0.19324 15.7514
0.195785 0.0127214 0.980564 164.9 0.000570127 0.999914 -0.0130863 -1.62202 -0.980647 0.00312114 0.195761 15.9191
0.198827 0.0106694 0.979977 165.553 0.00436404 0.999921 -0.011772 -1.63068 -0.980025 0.00661725 0.198765 16.0664
0.202472 0.00947488 0.979242 166.168 0.00502149 0.99993 -0.0107133 -1.65112 -0.979275 0.0070864 0.20241 16.203
0.205659 0.0121999 0.978548 166.804 0.002145 0.999914 -0.0129171 -1.66911 -0.978621 0.0047555 0.205615 16.3521
0.208743 0.0150994 0.977854 167.403 -0.000633531 0.999883 -0.0153043 -1.68479 -0.97797 0.00257517 0.208728 16.4908
0.21112 0.0155551 0.977336 168.034 -0.00325648 0.999879 -0.0152104 -1.70501 -0.977455 2.85568e-05 0.211145 16.6262
0.21158 0.0146642 0.977251 168.781 -0.00457464 0.999891 -0.0140135 -1.72762 -0.97735 -0.0015056 0.211624 16.7976
0.211325 0.0109307 0.977355 169.821 -0.00552033 0.999935 -0.0099896 -1.74888 -0.9774 -0.00328427 0.211371 17.0476
0.211744 0.00630439 0.977305 170.466 -0.00792529 0.999957 -0.00473341 -1.77218 -0.977293 -0.00674315 0.211785 17.1954
0.211697 0.0044742 0.977325 171.914 -0.00790412 0.999965 -0.00286575 -1.80929 -0.977303 -0.00711823 0.211725 17.5375
0.212544 0.00918022 0.977108 173.802 -0.00911788 0.999931 -0.0074113 -1.8585 -0.977109 -0.00733394 0.212613 17.9599
0.212589 0.0132331 0.977052 174.535 -0.00828855 0.999897 -0.011739 -1.87285 -0.977107 -0.00560276 0.212677 18.1209
0.212673 0.0131516 0.977035 175.368 -0.0125818 0.999863 -0.0107202 -1.90136 -0.977042 -0.0100129 0.21281 18.3112
0.212794 0.0135404 0.977003 176.467 -0.0159746 0.999819 -0.0103773 -1.93311 -0.976966 -0.013399 0.212972 18.5662
0.215363 0.0121057 0.976459 177.709 -0.00954709 0.999901 -0.0102907 -1.97482 -0.976487 -0.00710611 0.215457 18.8163
0.215652 0.0154627 0.976348 178.724 -0.0111282 0.999849 -0.0133769 -1.99766 -0.976407 -0.0079802 0.215792 19.0581
0.214956 0.0193615 0.976432 179.977 -0.0198591 0.999683 -0.0154507 -2.04471 -0.976422 -0.0160698 0.215273 19.3735
0.214637 0.0227987 0.976428 181.475 -0.0252027 0.999524 -0.017798 -2.09863 -0.976369 -0.0207885 0.21511 19.7502
0.214519 0.0247591 0.976406 182.579 -0.0228649 0.999532 -0.020322 -2.14386 -0.976452 -0.0179659 0.214985 20.0045
0.214956 0.0248302 0.976308 183.68 -0.0202002 0.999576 -0.0209744 -2.18993 -0.976415 -0.015213 0.215367 20.2566
0.216313 0.0260666 0.975976 185.89 -0.0199471 0.999553 -0.0222752 -2.27999 -0.97612 -0.0146495 0.216736 20.7702
0.21739 0.0223784 0.975828 187.941 -0.0128924 0.999716 -0.0200541 -2.35315 -0.976 -0.00822125 0.217616 21.2423
0.220575 0.0174017 0.975215 191.039 -0.008542 0.999837 -0.015909 -2.45826 -0.975333 -0.00482116 0.220688 21.9347
0.221919 0.0110505 0.975003 195.155 -0.00438316 0.999937 -0.0103354 -2.59817 -0.975055 -0.00197997 0.221953 22.8966
0.224905 0.0104028 0.974325 196.142 -0.00385015 0.999945 -0.00978759 -2.62799 -0.974373 -0.00155003 0.224932 23.1335
0.229448 0.015793 0.973193 201.359 -0.0030115 0.999875 -0.015516 -2.77857 -0.973316 0.000629347 0.229467 24.4134
0.235177 0.0182191 0.971782 206.328 -0.0026165 0.999833 -0.0181118 -2.95257 -0.971949 0.0017168 0.235185 25.6973
0.242613 0.0196339 0.969924 206.911 -0.00393988 0.999807 -0.0192533 -2.96469 -0.970115 0.000849719 0.242644 25.8547
0.250538 0.0153365 0.967985 207.498 -0.00319432 0.999882 -0.015015 -2.98337 -0.968101 0.000669794 0.250558 26.0276
0.26152 0.0124525 0.965118 208.094 -0.000268703 0.999918 -0.0128287 -3.00886 -0.965198 0.00309563 0.261502 26.1978
0.274701 0.0137826 0.961431 208.668 0.00372558 0.999875 -0.0153982 -3.02571 -0.961522 0.00781179 0.274615 26.3653
0.288811 0.0150868 0.957267 209.244 0.00357293 0.999852 -0.0168359 -3.04307 -0.957379 0.00828265 0.288714 26.5395
0.301708 0.0148675 0.953284 209.841 0.00458999 0.999844 -0.0170464 -3.06127 -0.953389 0.00951859 0.301593 26.7336
0.315019 0.0159299 0.948952 213.054 0.00567057 0.99981 -0.0186661 -3.19513 -0.949068 0.0112613 0.314869 27.8014
0.32773 0.0234813 0.94448 213.668 0.00246073 0.999666 -0.0257072 -3.22193 -0.944768 0.0107491 0.327563 28.0294
0.339594 0.0345284 0.939938 214.217 -0.0039614 0.99937 -0.0352804 -3.24873 -0.940564 0.00825756 0.339517 28.2433
0.352495 0.0437639 0.93479 214.718 -0.00776056 0.999008 -0.043844 -3.27208 -0.935781 0.0082003 0.352485 28.4427
0.364358 0.0451016 0.930166 215.216 -0.00949846 0.998955 -0.0447163 -3.29832 -0.931211 0.00745759 0.364405 28.6479
0.375733 0.0417127 0.925789 215.717 -0.0116549 0.99912 -0.0402866 -3.33273 -0.926655 0.00434702 0.375888 28.8569
0.385694 0.0409945 0.921716 216.233 -0.015743 0.999159 -0.0378513 -3.36822 -0.922492 8.84084e-05 0.386015 29.0845
0.394247 0.0489036 0.917702 216.727 -0.0181904 0.998803 -0.0454107 -3.3947 -0.918824 0.00120963 0.394665 29.3044
0.400323 0.0575028 0.914568 217.24 -0.0225499 0.998345 -0.0528997 -3.42941 -0.916097 0.000553526 0.400957 29.5372
0.402788 0.0613818 0.913233 221.533 -0.0248562 0.998114 -0.056124 -3.67948 -0.914956 -9.34055e-05 0.403554 31.5167
0.402675 0.0582634 0.913487 223.082 -0.0275799 0.998291 -0.0515149 -3.78862 -0.914927 -0.00445008 0.403594 32.2231
0.400678 0.0551139 0.91456 224.663 -0.0289714 0.998452 -0.0474768 -3.91231 -0.915761 -0.00747316 0.401655 32.9415
0.398304 0.0517792 0.915791 226.411 -0.0269277 0.998635 -0.0447516 -4.02609 -0.916858 -0.00683542 0.399155 33.6962
0.395295 0.0515211 0.917108 226.868 -0.0252922 0.998658 -0.0452009 -4.05501 -0.918206 -0.00532797 0.396068 33.897
0.391695 0.0510661 0.918677 229.169 -0.0238527 0.998687 -0.0453435 -4.20902 -0.919786 -0.0041521 0.392398 34.8956
0.3882 0.049355 0.920253 229.646 -0.0238768 0.998768 -0.0434938 -4.2435 -0.921266 -0.00508837 0.3889 35.092
0.383631 0.0500793 0.922127 230.119 -0.0243983 0.99873 -0.0440891 -4.26951 -0.923164 -0.00558444 0.384366 35.2891
0.377923 0.0494786 0.924514 230.597 -0.0277101 0.998728 -0.0421231 -4.30006 -0.925422 -0.00969912 0.378813 35.4921
0.374389 0.0454491 0.926157 231.096 -0.0230188 0.998946 -0.039716 -4.33318 -0.926986 -0.00644975 0.375041 35.6773
0.369895 0.0453062 0.927968 231.593 -0.0226375 0.998953 -0.0397484 -4.3616 -0.928798 -0.00630412 0.370534 35.8748
0.36508 0.0472383 0.929777 232.093 -0.0239619 0.998858 -0.0413393 -4.39033 -0.930668 -0.007187 0.365795 36.0741
0.360205 0.0500965 0.931527 232.577 -0.0253723 0.998714 -0.0438987 -4.42314 -0.932528 -0.00782247 0.361013 36.2753
0.357424 0.0519348 0.932497 233.009 -0.0256975 0.998622 -0.0457678 -4.45468 -0.933589 -0.00760437 0.358266 36.4461
0.355867 0.0522773 0.933073 233.442 -0.0225624 0.998624 -0.0473448 -4.48086 -0.934264 -0.00420396 0.356557 36.6126
0.356298 0.0497143 0.933049 235.192 -0.0195572 0.998762 -0.0457474 -4.59273 -0.934168 -0.00194807 0.356829 37.2852
0.360196 0.0449254 0.931794 239.071 -0.0155988 0.99899 -0.0421353 -4.85344 -0.932746 0.000642133 0.360533 38.776
0.366196 0.0445199 0.929472 240.117 -0.0151556 0.999008 -0.0418795 -4.92663 -0.930414 0.00124941 0.366507 39.2095
0.376542 0.0440268 0.925353 241.28 -0.0126804 0.999021 -0.0423719 -5.00483 -0.926313 0.00422098 0.376732 39.6922
0.390284 0.0427687 0.919701 242.404 -0.00926668 0.999052 -0.0425264 -5.07363 -0.920648 0.00807479 0.39031 40.1637
0.405063 0.0406493 0.913385 243.467 -0.0103112 0.999151 -0.0398935 -5.13662 -0.91423 0.00674131 0.405139 40.6397
0.419007 0.0378022 0.907196 244.572 -0.0148683 0.999285 -0.0347722 -5.20464 -0.907861 0.00108133 0.419269 41.1977
0.432743 0.0320914 0.900946 245.768 -0.0155573 0.999483 -0.0281288 -5.26829 -0.901383 -0.00184374 0.433018 41.821
0.447853 0.026239 0.893722 247.263 -0.017463 0.999635 -0.0205977 -5.34068 -0.893937 -0.00638233 0.448148 42.6115
0.463586 0.0193478 0.88584 248.222 -0.0169856 0.999772 -0.0129472 -5.38113 -0.885889 -0.00904439 0.463809 43.1295
0.478602 0.0150837 0.877902 248.595 -0.0192675 0.999792 -0.00667398 -5.39708 -0.87782 -0.0137208 0.478793 43.3438
0.493581 0.0133018 0.869598 248.982 -0.0202292 0.999788 -0.00381126 -5.4114 -0.869464 -0.0157101 0.493746 43.5805
0.509451 0.0115157 0.860423 252.083 -0.0187012 0.999822 -0.00230848 -5.4932 -0.860297 -0.0149149 0.509576 45.4695
0.524524 0.0115237 0.851318 252.449 -0.0199169 0.999801 -0.00126214 -5.50103 -0.851163 -0.0162936 0.524649 45.7067
0.539058 0.0120035 0.842183 252.817 -0.0242075 0.999706 0.00124585 -5.50939 -0.841921 -0.0210587 0.53919 45.9509
0.55168 0.0100197 0.833996 253.171 -0.0265679 0.999632 0.00556472 -5.51716 -0.833633 -0.0252274 0.551743 46.1955
0.562183 0.0053999 0.826995 253.534 -0.0226975 0.999703 0.00890193 -5.52217 -0.826701 -0.0237752 0.562139 46.4445
0.571256 0.00400841 0.820762 253.894 -0.0210953 0.999729 0.00979999 -5.52833 -0.820501 -0.0229125 0.571186 46.6996
0.579048 0.00881153 0.815246 254.246 -0.0259307 0.999635 0.00761343 -5.53765 -0.814881 -0.0255485 0.579065 46.9675
0.58597 0.016922 0.810156 254.566 -0.0307387 0.999527 0.00135531 -5.54619 -0.80975 -0.0256974 0.586212 47.2215
0.59309 0.0259703 0.804717 254.878 -0.0322085 0.999445 -0.00851642 -5.55277 -0.804492 -0.0208678 0.593597 47.4653
0.599298 0.0269574 0.800072 255.182 -0.024429 0.999583 -0.015381 -5.55977 -0.800153 -0.0103271 0.599707 47.6939
0.604605 0.0249246 0.796135 255.467 -0.0229474 0.99964 -0.013869 -5.56379 -0.796195 -0.00988401 0.604959 47.9132
0.609284 0.0212617 0.792667 255.754 -0.0277687 0.999599 -0.0054678 -5.56959 -0.792466 -0.0186799 0.609631 48.1448
0.613123 0.0144034 0.789856 256.051 -0.0318778 0.999471 0.00651921 -5.5764 -0.789344 -0.029176 0.613258 48.3799
0.6146 0.00726124 0.788806 256.368 -0.0310982 0.999403 0.0150303 -5.58523 -0.788226 -0.033768 0.614459 48.6326
0.616548 0.00388599 0.787308 256.704 -0.0255624 0.999559 0.0150845 -5.59245 -0.786902 -0.0294258 0.616376 48.879
0.617444 0.00463553 0.786601 257.034 -0.0226206 0.999674 0.0118649 -5.59267 -0.786289 -0.0251193 0.617347 49.1381
0.618079 0.0046239 0.786102 258.957 -0.0222296 0.999686 0.011598 -5.58807 -0.785802 -0.0246432 0.617987 50.7099
0.618918 0.00316738 0.78545 260.633 -0.0235348 0.999618 0.0145139 -5.57956 -0.785103 -0.0274683 0.618756 52.0908
0.621477 1.98784e-05 0.783432 260.95 -0.0234579 0.999552 0.0185832 -5.58148 -0.783081 -0.0299268 0.621199 52.3424
0.623321 -0.00250909 0.781962 261.278 -0.0253852 0.999403 0.023442 -5.58027 -0.781554 -0.0344621 0.622885 52.6184
0.625955 -0.00461095 0.779846 261.625 -0.0245149 0.999372 0.0255862 -5.57383 -0.779474 -0.0351336 0.625448 52.9139
0.630396 -0.00701934 0.776242 261.973 -0.0228533 0.999358 0.0275964 -5.56757 -0.775937 -0.0351364 0.629831 53.2075
0.634423 -0.0062545 0.77296 262.304 -0.0265125 0.999203 0.0298459 -5.55886 -0.772531 -0.039428 0.633752 53.518
0.642258 -0.00992472 0.766424 262.689 -0.0219873 0.999266 0.0313651 -5.55462 -0.766173 -0.0369961 0.641569 53.8404
0.650756 -0.00783367 0.759246 263.089 -0.0227501 0.999297 0.0298098 -5.54851 -0.758946 -0.0366719 0.65012 54.1941
0.65813 -0.00157698 0.752903 263.425 -0.0279122 0.999259 0.0264917 -5.5471 -0.752387 -0.0384501 0.657598 54.5315
0.666538 0.00307753 0.745465 263.82 -0.0309608 0.999243 0.0235575 -5.53609 -0.744828 -0.0387822 0.666128 54.9132
0.67583 0.00305131 0.737051 264.333 -0.0293511 0.99931 0.0227761 -5.52152 -0.736473 -0.037026 0.675453 55.3928
0.683805 0.00118252 0.729664 264.912 -0.0293108 0.999236 0.0258493 -5.51024 -0.729076 -0.0390629 0.683317 55.972
0.692595 0.000353972 0.721327 265.561 -0.0298839 0.999155 0.0282033 -5.50198 -0.720707 -0.0410895 0.69202 56.615
0.700861 0.00149535 0.713297 266.168 -0.032614 0.999019 0.0299511 -5.48943 -0.712552 -0.044255 0.700222 57.2455
0.708019 0.00311923 0.706186 266.656 -0.0371555 0.99877 0.0328404 -5.47193 -0.705215 -0.0494904 0.707264 57.7591
0.713845 0.00545159 0.700282 267.337 -0.040619 0.998609 0.0336317 -5.45404 -0.699125 -0.0524526 0.713073 58.4669
0.716397 0.00521298 0.697674 267.806 -0.0431781 0.998387 0.036877 -5.44014 -0.696356 -0.0565428 0.715466 58.9805
0.717242 0.00085237 0.696824 268.457 -0.0401136 0.998391 0.0400677 -5.42233 -0.695669 -0.0566904 0.716122 59.6761
0.717759 -0.000974042 0.696291 269.256 -0.0350404 0.998681 0.0375179 -5.39786 -0.69541 -0.0513271 0.716778 60.4806
0.717987 -0.00191611 0.696054 270.06 -0.0327561 0.998795 0.0365377 -5.37878 -0.695285 -0.0490336 0.717059 61.2805
0.716067 -0.0010682 0.69803 270.669 -0.031249 0.998947 0.0335852 -5.35556 -0.697331 -0.045862 0.71528 61.9408
0.715064 -0.00216302 0.699055 271.443 -0.0297461 0.998995 0.0335184 -5.31644 -0.698426 -0.044762 0.714281 62.7588
0.714469 -0.00933452 0.699605 272.241 -0.024772 0.998947 0.0386268 -5.29575 -0.699229 -0.0449282 0.713485 63.56
0.713488 -0.0128332 0.70055 273.032 -0.023111 0.998857 0.0418356 -5.27747 -0.700286 -0.0460396 0.712376 64.3652
0.712099 -0.0148609 0.701921 274.102 -0.0223603 0.998789 0.0438305 -5.23977 -0.701723 -0.0469069 0.710905 65.4666
0.710972 -0.013737 0.703086 274.93 -0.024734 0.998702 0.0445242 -5.20636 -0.702785 -0.0490456 0.709709 66.3211
0.709237 -0.0140174 0.70483 275.55 -0.0255015 0.998638 0.0455215 -5.18204 -0.704508 -0.0502598 0.707914 66.9557
0.707874 -0.0116857 0.706242 276.869 -0.0275395 0.998646 0.044127 -5.12807 -0.705801 -0.0506859 0.706594 68.3131
0.707684 -0.0111249 0.706442 278.208 -0.0242798 0.998903 0.040053 -5.09569 -0.706112 -0.0454971 0.706637 69.6068
0.707722 -0.00700742 0.706457 278.626 -0.0231564 0.999183 0.0331089 -5.07803 -0.706112 -0.0397909 0.706982 70.0163
0.707583 -0.00440043 0.706617 279.589 -0.0245965 0.999221 0.0308527 -5.0502 -0.706203 -0.0392112 0.706923 70.9665
0.706683 -0.00642193 0.707501 279.994 -0.0253206 0.999089 0.0343599 -5.03943 -0.707077 -0.0421959 0.705876 71.3759
0.705791 -0.00728111 0.708383 280.365 -0.0282544 0.998862 0.0384178 -5.03109 -0.707856 -0.0471298 0.704782 71.7512
0.703445 -0.00471227 0.710734 281.658 -0.0329638 0.998686 0.0392472 -5.0043 -0.709985 -0.0510367 0.702365 73.082
0.70062 -0.00414458 0.713523 282.63 -0.0350019 0.99858 0.0401693 -4.98028 -0.712676 -0.053118 0.69948 74.0117
0.695182 -0.00416004 0.718822 284.572 -0.0364799 0.998491 0.0410587 -4.91227 -0.717908 -0.0547658 0.693981 75.9325
0.687869 -0.00394041 0.725824 284.923 -0.0374012 0.998464 0.040866 -4.90412 -0.72487 -0.0552571 0.686666 76.273
0.679329 -0.00250024 0.73383 285.283 -0.0376216 0.998561 0.0382297 -4.89746 -0.732869 -0.0535784 0.678257 76.618
0.670483 0.00183613 0.741922 285.643 -0.0406686 0.998584 0.0342813 -4.88556 -0.740809 -0.053158 0.669609 76.9522
0.661728 0.00201836 0.749742 286.002 -0.0424789 0.998491 0.0348042 -4.8745 -0.74854 -0.0548791 0.660815 77.2645
0.652144 -0.00567092 0.758074 286.357 -0.0385394 0.998431 0.040623 -4.86287 -0.757115 -0.0557078 0.650902 77.5766
0.645812 -0.0140645 0.763367 286.745 -0.0345431 0.998268 0.047616 -4.85183 -0.762715 -0.0571201 0.644208 77.8926
0.640469 -0.018804 0.767754 287.14 -0.0337056 0.998049 0.0525621 -4.83566 -0.767244 -0.059542 0.638586 78.2166
0.636783 -0.0186748 0.770817 287.565 -0.0370258 0.997813 0.0547618 -4.81481 -0.770153 -0.0634115 0.634699 78.5748
0.634543 -0.020378 0.772618 287.964 -0.0364088 0.997754 0.0562182 -4.79652 -0.772029 -0.063803 0.632377 78.9051
0.633453 -0.020632 0.773506 288.37 -0.0369415 0.997698 0.0568647 -4.77725 -0.772899 -0.0645956 0.631233 79.2382
0.631911 -0.0190708 0.774807 288.769 -0.0369114 0.997822 0.054664 -4.75764 -0.774162 -0.063142 0.629831 79.5755
0.631253 -0.0155909 0.77542 289.164 -0.0406512 0.997759 0.0531546 -4.73443 -0.774511 -0.0650757 0.629205 79.9089
0.631732 -0.0151489 0.775038 289.565 -0.0421744 0.997657 0.0538765 -4.714 -0.774038 -0.0667224 0.629613 80.2411
0.632601 -0.0151245 0.77433 289.97 -0.0444196 0.997455 0.0557719 -4.69601 -0.773203 -0.0696769 0.630319 80.5813
0.634287 -0.018042 0.772888 290.402 -0.0416633 0.997477 0.0574767 -4.67756 -0.771975 -0.0686577 0.631935 80.9277
0.636368 -0.0201792 0.771121 290.838 -0.0380992 0.997616 0.0575476 -4.65572 -0.770444 -0.0660006 0.634082 81.2796
0.640414 -0.0222815 0.767707 291.251 -0.0356672 0.997638 0.0587082 -4.63118 -0.767201 -0.0649795 0.638107 81.609
0.643738 -0.0224519 0.764917 291.66 -0.0377391 0.997422 0.0610368 -4.60991 -0.764315 -0.068159 0.641231 81.9606
0.64818 -0.0249548 0.761078 292.096 -0.0389413 0.997069 0.0658574 -4.58397 -0.760491 -0.0723248 0.645308 82.3335
0.652289 -0.0259899 0.757525 292.561 -0.0411134 0.996728 0.0695986 -4.5502 -0.756854 -0.0765428 0.649086 82.7426
0.655462 -0.0255506 0.754796 293.006 -0.0418833 0.99666 0.0701092 -4.52092 -0.754066 -0.0775672 0.652202 83.137
0.659416 -0.0197406 0.751519 293.455 -0.0469851 0.996619 0.0674055 -4.4964 -0.750309 -0.0797585 0.656258 83.5357
0.662465 -0.0140983 0.74896 293.884 -0.0503748 0.996721 0.0633193 -4.46568 -0.747397 -0.0796755 0.659583 83.929
0.665715 -0.00965049 0.746144 294.311 -0.0550023 0.996562 0.0619628 -4.43648 -0.744177 -0.0822892 0.662895 84.3291
0.668773 -0.00977987 0.743402 294.748 -0.0560968 0.996399 0.0635735 -4.41288 -0.741347 -0.0842188 0.665816 84.7321
0.671734 -0.00677674 0.740761 295.181 -0.05804 0.996403 0.061747 -4.38698 -0.738515 -0.0844714 0.668924 85.1362
0.674545 -0.00352158 0.738225 295.595 -0.0594563 0.996481 0.059081 -4.36018 -0.735836 -0.0837449 0.671962 85.5292
0.677925 -0.00286047 0.735125 296.021 -0.0598264 0.996461 0.0590487 -4.33426 -0.732692 -0.0840105 0.675355 85.9313
0.681277 -0.00304818 0.732019 296.444 -0.0609412 0.996284 0.0608654 -4.31128 -0.729485 -0.0860763 0.67856 86.3375
0.68461 -0.00444164 0.728896 296.908 -0.0575161 0.996534 0.0600941 -4.28505 -0.726637 -0.0830643 0.681982 86.776
0.688667 -0.00644173 0.725049 297.353 -0.0527567 0.996865 0.0589661 -4.26062 -0.723156 -0.0788592 0.686168 87.1866
0.691263 -0.00296905 0.722597 297.818 -0.0555629 0.996813 0.0572493 -4.23155 -0.720464 -0.0797239 0.688895 87.6549
0.693951 -5.10679e-05 0.720022 298.233 -0.0622118 0.996256 0.0600298 -4.20777 -0.717329 -0.0864516 0.69135 88.083
0.696516 0.000992624 0.717541 298.639 -0.0648307 0.995996 0.0615533 -4.18238 -0.714607 -0.0893915 0.693791 88.499
0.699317 0.00197802 0.714809 299.071 -0.0624802 0.996338 0.0583689 -4.16435 -0.712076 -0.0854798 0.696879 88.9332
0.702234 0.00791854 0.711902 299.487 -0.0633272 0.996669 0.0513812 -4.14377 -0.709124 -0.0811644 0.700396 89.353
0.704146 0.0171914 0.709847 300.409 -0.0711313 0.996386 0.046429 -4.07879 -0.706484 -0.0831852 0.702824 90.3274
0.706061 0.0189784 0.707896 301.361 -0.077331 0.995729 0.0504354 -4.02491 -0.703916 -0.0903528 0.704513 91.321
0.707853 0.0108282 0.706277 302.563 -0.0766269 0.995159 0.0615407 -3.96288 -0.702192 -0.0976815 0.705255 92.5529
0.709658 -0.000677032 0.704546 303.541 -0.0719927 0.994695 0.073471 -3.89649 -0.700858 -0.102861 0.705845 93.5155
0.710356 -0.00459503 0.703828 303.946 -0.0751035 0.993775 0.0822881 -3.86388 -0.699824 -0.111314 0.705589 93.945
0.712082 -0.006206 0.702069 304.386 -0.0754815 0.993489 0.0853399 -3.83239 -0.698028 -0.113762 0.706976 94.3965
0.713627 -0.00194357 0.700523 305.267 -0.0766168 0.993781 0.0808071 -3.76044 -0.696323 -0.111338 0.70904 95.3432
0.716626 0.00223334 0.697454 305.676 -0.0756087 0.99435 0.074503 -3.7257 -0.693347 -0.106124 0.712746 95.7682
0.719959 0.00562924 0.693994 306.106 -0.0753557 0.994689 0.0701068 -3.69177 -0.689913 -0.10277 0.71656 96.2183
0.723356 0.0060925 0.690448 307.533 -0.073001 0.995031 0.0677002 -3.58483 -0.686605 -0.0993748 0.720207 97.7161
0.725627 0.00926231 0.688025 308.4 -0.0745061 0.995088 0.0651819 -3.51537 -0.684042 -0.0985599 0.722753 98.6745
0.728597 0.00721262 0.684904 309.454 -0.0723533 0.99516 0.0664891 -3.43542 -0.68111 -0.0979989 0.725593 99.803
0.731049 0.00298083 0.682319 310.917 -0.0708278 0.99492 0.0715397 -3.31478 -0.678639 -0.100626 0.727546 101.392
0.734101 -0.00340636 0.679032 311.323 -0.0668608 0.994766 0.0772733 -3.28259 -0.675741 -0.102127 0.73003 101.815
0.736198 -0.00835674 0.676714 311.728 -0.0648958 0.994444 0.0828806 -3.24611 -0.673647 -0.104932 0.731566 102.256
0.73764 -0.0130425 0.675068 312.154 -0.0630384 0.994116 0.0880881 -3.20444 -0.672245 -0.107533 0.732478 102.721
0.738824 -0.019148 0.673626 312.65 -0.0610567 0.993583 0.095209 -3.1554 -0.671127 -0.111472 0.732914 103.263
0.740609 -0.0212134 0.671601 313.12 -0.059065 0.993577 0.0965174 -3.10917 -0.669335 -0.11115 0.734599 103.773
0.742133 -0.00995563 0.670179 313.565 -0.0668086 0.993811 0.0887448 -3.06933 -0.666915 -0.110634 0.736875 104.276
0.742744 0.0013322 0.669574 313.989 -0.0688658 0.994847 0.074412 -3.02459 -0.666024 -0.10138 0.739009 104.758
0.742889 0.00820942 0.669364 314.466 -0.0700712 0.995385 0.0655602 -2.97218 -0.665737 -0.0956071 0.740036 105.306
0.742601 0.00650614 0.669702 314.871 -0.070218 0.995198 0.068193 -2.9383 -0.666043 -0.0976654 0.739492 105.764
0.74316 0.0017606 0.669112 316.044 -0.0692401 0.99483 0.0742849 -2.84518 -0.665522 -0.101535 0.73944 107.068
0.74481 3.54459e-05 0.667277 316.456 -0.0674469 0.994883 0.0752309 -2.81347 -0.66386 -0.101038 0.741 107.518
0.74532 -3.53131e-05 0.666707 316.869 -0.0654988 0.995159 0.0732747 -2.77197 -0.663482 -0.0982816 0.741709 107.987
0.746426 -0.00274069 0.665463 317.271 -0.061686 0.995401 0.0732905 -2.73329 -0.662603 -0.0957556 0.742824 108.435
0.748197 -0.00623418 0.663448 317.696 -0.0605499 0.995141 0.0776355 -2.69365 -0.660708 -0.0982583 0.744184 108.896
0.748958 -0.00727406 0.662577 318.121 -0.0614776 0.994864 0.0804146 -2.65539 -0.659759 -0.100961 0.744664 109.38
0.749608 -0.00606167 0.661854 318.552 -0.0627846 0.994798 0.0802201 -2.61891 -0.658897 -0.101688 0.745328 109.876
0.750463 -0.00360794 0.660903 318.998 -0.0620783 0.995179 0.0759234 -2.57782 -0.657991 -0.0980054 0.746621 110.387
0.7519 -0.00197797 0.659275 319.417 -0.0623451 0.995301 0.0740904 -2.53777 -0.656323 -0.0968111 0.748243 110.869
0.752343 -0.00300829 0.658765 319.967 -0.0623118 0.995181 0.0757077 -2.483 -0.655818 -0.0980069 0.74853 111.53
0.754487 -0.00493993 0.656297 320.425 -0.0618688 0.994983 0.0786143 -2.44045 -0.653393 -0.0999177 0.750396 112.07
0.757127 -0.00636219 0.653237 320.948 -0.0614776 0.994821 0.080944 -2.39252 -0.650369 -0.101444 0.752815 112.689
0.759452 -0.00586647 0.650537 321.797 -0.0607559 0.99495 0.0799003 -2.30245 -0.64772 -0.100204 0.75526 113.729
0.76252 -0.00294683 0.646958 322.661 -0.0628781 0.994918 0.0786414 -2.22075 -0.643902 -0.100645 0.75846 114.767
0.765113 0.00284738 0.643889 323.188 -0.067508 0.994834 0.0758184 -2.17214 -0.640347 -0.101477 0.761353 115.428
0.769491 0.00355153 0.638647 323.766 -0.0643304 0.99533 0.0719752 -2.12285 -0.635409 -0.0964687 0.766126 116.113
0.775421 0.000975406 0.631444 324.303 -0.0588737 0.995754 0.0707596 -2.08443 -0.628694 -0.0920439 0.772187 116.757
