1 0 0 0 0 1 0 0 0 0 1 0
0.999812 -0.000552511 -0.0193855 -0.0319303 0.000539021 1 -0.00070108 0.00176425 0.0193859 0.000690499 0.999812 0.225707
0.999163 -0.00260069 -0.0408254 -0.0583525 0.00255768 0.999996 -0.0011056 6.39898e-05 0.0408281 0.00100026 0.999166 0.456608
0.998194 -0.00175238 -0.060054 -0.111923 0.00163835 0.999997 -0.00194785 0.00162361 0.0600572 0.00184594 0.998193 0.689983
0.996462 -0.00426519 -0.0839371 -0.146152 0.00397503 0.999986 -0.00362371 0.00209431 0.0839513 0.00327723 0.996464 0.948113
0.994195 -0.01156 -0.106972 -0.185242 0.0109443 0.99992 -0.00634099 0.00332949 0.107037 0.00513345 0.994242 1.19475
0.991441 -0.018763 -0.129199 -0.221698 0.0179251 0.99981 -0.00764511 -0.000868381 0.129318 0.00526377 0.991589 1.45297
0.98825 -0.0162624 -0.151981 -0.279859 0.0156407 0.999864 -0.00528494 -0.0124547 0.152046 0.00284575 0.988369 1.71201
0.984333 -0.0150149 -0.175677 -0.348516 0.0144629 0.999886 -0.00442175 -0.0230741 0.175723 0.00181167 0.984438 1.97887
0.979792 -0.0173906 -0.199263 -0.414767 0.0164793 0.999845 -0.00623134 -0.0329028 0.19934 0.00282171 0.979926 2.25903
0.974834 -0.0234412 -0.221696 -0.478497 0.0217804 0.999713 -0.00993317 -0.039978 0.221865 0.00485455 0.975065 2.53502
0.969015 -0.0329058 -0.244799 -0.541147 0.0298575 0.999424 -0.0161541 -0.0452997 0.24519 0.00834453 0.969439 2.81317
0.963348 -0.0361387 -0.265811 -0.622595 0.0317395 0.999279 -0.0208286 -0.0579563 0.266372 0.0116284 0.9638 3.08842
0.958659 -0.0382465 -0.281976 -0.72672 0.0326072 0.999164 -0.0246663 -0.0757204 0.282683 0.0144522 0.959104 3.34826
0.954554 -0.0344705 -0.296038 -0.861335 0.0276701 0.999249 -0.0271315 -0.0994737 0.296751 0.0177071 0.954791 3.60373
0.949751 -0.0359201 -0.31094 -1.00103 0.0282424 0.999176 -0.0291608 -0.120647 0.311731 0.0189138 0.949982 3.86891
0.942862 -0.0443055 -0.330225 -1.10199 0.0364334 0.998886 -0.0299929 -0.137015 0.331186 0.0162479 0.943426 4.16804
0.934545 -0.054025 -0.35172 -1.20623 0.0457995 0.998448 -0.0316715 -0.145551 0.352885 0.0134899 0.935569 4.48328
0.925673 -0.0603088 -0.373488 -1.33142 0.0514147 0.998107 -0.03374 -0.162768 0.374816 0.0120294 0.927021 4.80348
0.916433 -0.0663991 -0.39464 -1.46907 0.0565412 0.99773 -0.0365702 -0.1749 0.396173 0.0112007 0.918108 5.12492
0.908532 -0.0661179 -0.41255 -1.6481 0.0550294 0.997734 -0.0387155 -0.202914 0.414175 0.0124719 0.910112 5.42814
0.898523 -0.0700431 -0.433302 -1.81743 0.0564793 0.997429 -0.0441149 -0.224328 0.435278 0.0151656 0.900168 5.74808
0.889431 -0.0674195 -0.452069 -2.01503 0.0502639 0.99749 -0.0498685 -0.24873 0.454297 0.0216318 0.890588 6.05476
0.877607 -0.0706955 -0.474139 -2.19998 0.0500887 0.997175 -0.05597 -0.27062 0.476756 0.0253707 0.878669 6.36857
0.865552 -0.0795386 -0.494462 -2.39738 0.0557155 0.996472 -0.0627617 -0.302451 0.49771 0.0267743 0.86693 6.6899
0.852565 -0.0894225 -0.514914 -2.59792 0.0621252 0.995608 -0.0700389 -0.324623 0.518916 0.0277236 0.854376 7.01484
0.839362 -0.0948317 -0.535236 -2.81858 0.0635869 0.995034 -0.0765798 -0.349577 0.53984 0.0302441 0.841224 7.34341
0.826985 -0.0960377 -0.553961 -3.05038 0.0609117 0.994808 -0.0815327 -0.378397 0.558914 0.0336837 0.828541 7.67877
0.817338 -0.092221 -0.56873 -3.31011 0.0533281 0.994978 -0.0846989 -0.416474 0.573685 0.0388983 0.818152 8.01235
0.809013 -0.0900942 -0.580845 -3.56619 0.0479735 0.995007 -0.0875159 -0.453166 0.585829 0.0429363 0.809296 8.32494
0.799989 -0.0913191 -0.593024 -3.8521 0.0468095 0.994837 -0.0900477 -0.496099 0.598186 0.044278 0.800133 8.70056
0.791566 -0.0950178 -0.603651 -4.14662 0.048697 0.994504 -0.0926837 -0.535394 0.60914 0.0439693 0.791843 9.06536
0.781738 -0.0994934 -0.615618 -4.45182 0.0520486 0.994156 -0.0945774 -0.582471 0.621431 0.0418927 0.782348 9.45266
0.772068 -0.099767 -0.62766 -4.80291 0.0513525 0.994166 -0.0948559 -0.637067 0.633462 0.0410033 0.772687 9.87521
0.762921 -0.101322 -0.638503 -5.15446 0.0500969 0.993938 -0.0978664 -0.69454 0.644548 0.0426773 0.763372 10.2776
0.754027 -0.10347 -0.648643 -5.54638 0.048252 0.993572 -0.102402 -0.754053 0.655069 0.0459151 0.754173 10.697
0.744207 -0.107464 -0.659247 -5.95587 0.049626 0.993141 -0.10587 -0.813616 0.666103 0.0460732 0.744436 11.145
0.735579 -0.109361 -0.668554 -6.41 0.0488795 0.992879 -0.108633 -0.877967 0.675674 0.0472295 0.735686 11.6135
0.726663 -0.109406 -0.678226 -6.88253 0.0470318 0.992844 -0.109767 -0.957775 0.685382 0.0478651 0.726609 12.1263
0.720266 -0.11405 -0.684258 -7.34836 0.0502158 0.992377 -0.112548 -1.03878 0.691878 0.0467037 0.720503 12.6037
0.716556 -0.11694 -0.687658 -7.81551 0.0484053 0.991807 -0.118223 -1.11633 0.695848 0.0514269 0.716345 13.0802
0.715336 -0.118216 -0.688708 -8.32579 0.0441607 0.991264 -0.124281 -1.19939 0.697383 0.0584892 0.714308 13.603
0.716509 -0.117007 -0.687695 -8.79926 0.0391216 0.991021 -0.127856 -1.28302 0.69648 0.0647061 0.714653 14.0768
0.717959 -0.118842 -0.685866 -9.26661 0.0401504 0.990748 -0.12964 -1.37418 0.694927 0.0655387 0.716087 14.5675
0.720814 -0.119368 -0.682773 -9.68166 0.0405497 0.990634 -0.130381 -1.45508 0.691941 0.0662944 0.718903 15.0045
0.725935 -0.115241 -0.67804 -10.0925 0.0357926 0.990856 -0.130086 -1.53734 0.686831 0.0701655 0.723422 15.4126
0.731491 -0.110637 -0.672815 -10.5219 0.0307903 0.991101 -0.1295 -1.61834 0.681155 0.0740121 0.728389 15.8404
0.73612 -0.105779 -0.668534 -11.1224 0.025445 0.991339 -0.128837 -1.73475 0.676373 0.0778289 0.732436 16.4797
0.740475 -0.103195 -0.664114 -11.7259 0.0237844 0.991546 -0.127555 -1.86428 0.671663 0.078656 0.73667 17.1559
0.744734 -0.102018 -0.659517 -12.3489 0.0231325 0.991599 -0.127265 -1.99456 0.66696 0.0795223 0.740838 17.8466
0.748294 -0.100192 -0.655758 -13.0784 0.021856 0.991715 -0.126581 -2.13581 0.663008 0.0803878 0.744284 18.6726
0.750918 -0.102647 -0.65237 -14.0459 0.0268443 0.991774 -0.125152 -2.32918 0.65985 0.0764662 0.747496 19.785
0.75331 -0.100813 -0.649893 -15.4711 0.0243946 0.991785 -0.125571 -2.62537 0.657213 0.0787403 0.749581 21.4053
0.755148 -0.103021 -0.647409 -16.9594 0.0234689 0.99119 -0.130352 -2.92926 0.655134 0.0832413 0.750913 23.1066
0.756202 -0.101478 -0.646422 -18.4231 0.0185308 0.990826 -0.133866 -3.22725 0.654076 0.0892507 0.751145 24.8054
0.758029 -0.100903 -0.644369 -19.7667 0.0186729 0.990913 -0.133202 -3.49546 0.651954 0.0889386 0.753025 26.3611
0.760059 -0.100014 -0.642111 -20.289 0.0191497 0.991104 -0.131705 -3.61045 0.649571 0.0878075 0.755213 26.961
0.760813 -0.0975895 -0.641591 -20.7857 0.0172639 0.991323 -0.130314 -3.71633 0.648741 0.0880681 0.755896 27.5498
0.761767 -0.101371 -0.639871 -21.2688 0.0207934 0.990999 -0.132244 -3.82091 0.647517 0.0874341 0.757019 28.1223
0.762487 -0.105172 -0.638398 -21.7569 0.0253719 0.990801 -0.132924 -3.92426 0.646506 0.0851558 0.758141 28.6985
0.762548 -0.106081 -0.638175 -22.22 0.0252139 0.990588 -0.134533 -4.0258 0.64644 0.0864971 0.758046 29.262
0.763597 -0.100494 -0.637825 -22.711 0.0200587 0.991029 -0.13213 -4.12774 0.645381 0.0881004 0.758763 29.8213
0.763485 -0.0979407 -0.638356 -23.147 0.0199975 0.991545 -0.128212 -4.2205 0.645516 0.0851225 0.758989 30.3402
0.763399 -0.094661 -0.638953 -23.6235 0.0178397 0.991916 -0.125638 -4.32104 0.645681 0.0845134 0.758916 30.8922
0.762301 -0.0937215 -0.640401 -24.1176 0.0168147 0.991994 -0.125161 -4.42773 0.647005 0.0846422 0.757774 31.4773
0.761278 -0.0946743 -0.641477 -24.5957 0.017282 0.991895 -0.125882 -4.53026 0.648195 0.0847454 0.756744 32.0332
0.758909 -0.0950399 -0.644224 -25.0827 0.017765 0.991946 -0.12541 -4.63504 0.650954 0.0837306 0.754485 32.5973
0.755983 -0.0928355 -0.647975 -25.5412 0.0173497 0.992386 -0.121938 -4.73479 0.654361 0.0809407 0.751838 33.1296
0.75316 -0.092831 -0.651254 -26.0145 0.016879 0.992394 -0.121938 -4.83401 0.657621 0.080846 0.748999 33.666
0.751716 -0.0914133 -0.653121 -26.4985 0.0132673 0.992242 -0.123608 -4.93155 0.659354 0.0842529 0.747097 34.2103
0.75208 -0.0896943 -0.65294 -26.9841 0.0101166 0.992151 -0.124639 -5.03147 0.658994 0.0871329 0.747084 34.7391
0.751379 -0.0866859 -0.654152 -27.4422 0.00832537 0.9925 -0.12196 -5.12877 0.659819 0.0861919 0.746465 35.2504
0.750655 -0.0866694 -0.654985 -27.9533 0.00984409 0.992716 -0.120077 -5.23811 0.660621 0.0836887 0.74604 35.8313
0.751365 -0.0867049 -0.654166 -28.9181 0.0113939 0.992887 -0.118513 -5.43441 0.659789 0.0815931 0.747008 36.9077
0.75199 -0.0860584 -0.653532 -29.3823 0.0117125 0.993029 -0.117287 -5.53156 0.65907 0.0805442 0.747756 37.4331
0.752316 -0.0875144 -0.652964 -29.9088 0.015077 0.993165 -0.115739 -5.64275 0.65863 0.0772278 0.748493 38.0304
0.751977 -0.0916372 -0.652789 -30.414 0.0197618 0.992979 -0.116628 -5.74714 0.658893 0.0748012 0.748508 38.6186
0.750435 -0.0951386 -0.654061 -31.0759 0.0249323 0.992956 -0.115828 -5.88921 0.660474 0.0706139 0.747521 39.4083
0.750132 -0.0929558 -0.654723 -31.9231 0.0235905 0.993202 -0.113984 -6.08569 0.660867 0.0700579 0.747226 40.3523
0.74928 -0.0902867 -0.65607 -33.5932 0.0215092 0.993458 -0.112152 -6.45539 0.661904 0.069922 0.746321 42.2189
0.74798 -0.0925074 -0.657243 -35.0372 0.024423 0.993405 -0.112028 -6.76067 0.663272 0.0677427 0.745306 43.8891
0.748064 -0.0948542 -0.656812 -37.395 0.0252943 0.993089 -0.114609 -7.24322 0.663144 0.0691216 0.745293 46.4549
0.747695 -0.0935223 -0.657423 -38.69 0.0225964 0.993043 -0.115567 -7.52522 0.663657 0.0715535 0.744607 47.8666
0.747894 -0.090926 -0.657562 -39.6373 0.0178611 0.992972 -0.116991 -7.72309 0.663578 0.075752 0.744262 48.8644
0.747176 -0.0930484 -0.65808 -40.4063 0.0179733 0.992618 -0.119943 -7.88334 0.664383 0.0777909 0.743333 49.701
0.745907 -0.0950518 -0.659233 -40.6977 0.0200285 0.992518 -0.120445 -7.94384 0.665749 0.0766372 0.74223 50.0303
0.745924 -0.0923798 -0.659593 -40.9823 0.0184754 0.992823 -0.118157 -8.00474 0.665775 0.0759499 0.742277 50.3398
0.745526 -0.0882949 -0.660602 -41.2727 0.0142711 0.993073 -0.116627 -8.06611 0.666323 0.0775207 0.741622 50.6583
0.746514 -0.0838014 -0.660072 -41.5776 0.00820183 0.993121 -0.116809 -8.11876 0.66532 0.0817855 0.742065 50.9642
0.745832 -0.085075 -0.660679 -41.8587 0.0100007 0.993129 -0.116595 -8.18134 0.666059 0.0803529 0.741559 51.2863
0.747214 -0.0816154 -0.659553 -42.1328 0.00618183 0.993241 -0.115904 -8.23334 0.664555 0.0825277 0.742668 51.5743
0.748517 -0.0801529 -0.658253 -42.3923 0.00437169 0.993243 -0.115972 -8.27992 0.663101 0.0839294 0.74381 51.8539
0.748315 -0.0785123 -0.65868 -42.6182 0.00532903 0.99365 -0.112385 -8.32663 0.663322 0.0805895 0.743982 52.1204
0.748882 -0.0751432 -0.658429 -42.8843 0.00562847 0.994236 -0.107065 -8.37779 0.662679 0.0764735 0.744989 52.4139
0.749522 -0.0733447 -0.657903 -43.1294 0.00715991 0.994683 -0.102733 -8.42448 0.66194 0.0722899 0.746062 52.6868
0.749881 -0.06788 -0.658081 -43.3748 0.00105728 0.994844 -0.101412 -8.46723 0.661571 0.0753511 0.746087 52.9528
0.750122 -0.0642104 -0.658175 -43.6171 -0.00367026 0.994855 -0.101239 -8.5092 0.66129 0.0783575 0.746027 53.2196
0.750687 -0.0634824 -0.657601 -43.8741 -0.00563595 0.994721 -0.10246 -8.55882 0.660634 0.0806219 0.746366 53.4904
0.749769 -0.0696304 -0.658026 -44.1059 -0.0014831 0.994269 -0.106901 -8.5995 0.661698 0.0811266 0.745368 53.7545
0.749072 -0.0759914 -0.658116 -44.3273 0.00597713 0.994134 -0.107988 -8.63676 0.662461 0.0769569 0.745133 54.0165
0.75101 -0.0721734 -0.656335 -44.5526 0.00262717 0.994327 -0.106334 -8.67293 0.660286 0.0781338 0.746939 54.2687
0.753764 -0.0654938 -0.653873 -44.8024 -0.00331567 0.994629 -0.103447 -8.71416 0.657136 0.0801428 0.749499 54.5411
0.756583 -0.0607656 -0.651069 -45.0402 -0.00455775 0.995159 -0.0981767 -8.7541 0.653882 0.0772462 0.752643 54.8131
0.759881 -0.0610091 -0.647193 -45.2687 0.00128883 0.995726 -0.0923511 -8.79461 0.65006 0.0693418 0.756712 55.1008
0.763855 -0.0619695 -0.642406 -46.2394 0.00494836 0.995913 -0.0901864 -8.95091 0.645369 0.0657105 0.761039 56.2684
0.766925 -0.0661261 -0.638321 -46.5022 0.0103598 0.995823 -0.0907141 -8.99274 0.641654 0.062958 0.764406 56.5874
0.768959 -0.071141 -0.635328 -46.7514 0.0163908 0.995656 -0.0916506 -9.03334 0.639088 0.0600619 0.766785 56.9126
0.773158 -0.0683545 -0.630519 -47.0206 0.0148591 0.995854 -0.0897398 -9.07863 0.63404 0.0600141 0.770968 57.2273
0.776955 -0.0673369 -0.625944 -47.3024 0.0140192 0.995867 -0.0897306 -9.12188 0.6294 0.0609415 0.774689 57.563
0.781531 -0.0650282 -0.620468 -48.2523 0.0105503 0.995788 -0.0910747 -9.26696 0.623777 0.0646316 0.778925 58.6302
0.784528 -0.0669128 -0.616473 -49.2621 0.0123847 0.995653 -0.0923086 -9.43208 0.61997 0.0647838 0.781946 59.8843
0.785476 -0.0732732 -0.614539 -50.1977 0.0195136 0.995405 -0.0937435 -9.5934 0.618584 0.0616414 0.783297 61.156
0.786797 -0.0750839 -0.612628 -50.8395 0.0221599 0.99537 -0.0935328 -9.69501 0.616814 0.0600155 0.784817 61.9819
0.787961 -0.0738083 -0.611285 -51.5859 0.0228366 0.995609 -0.0907757 -9.81677 0.615301 0.057568 0.786187 62.9418
0.788942 -0.0719153 -0.610245 -52.3266 0.0241759 0.995992 -0.0861188 -9.94116 0.613992 0.0531895 0.787518 63.885
0.788752 -0.071801 -0.610504 -53.2767 0.0263503 0.996191 -0.0831178 -10.0971 0.614147 0.0494724 0.78764 65.1364
0.78699 -0.0745539 -0.612445 -54.4007 0.0304153 0.996153 -0.0821798 -10.2767 0.616216 0.046047 0.78623 66.7192
0.785243 -0.0770068 -0.61438 -55.2984 0.0334873 0.996066 -0.0820472 -10.4251 0.618282 0.043853 0.784732 67.9222
0.784675 -0.0763574 -0.615187 -56.1942 0.0318399 0.996039 -0.0830171 -10.5474 0.619089 0.045554 0.783998 68.9702
0.782196 -0.0791948 -0.617978 -57.1231 0.0341414 0.995846 -0.0844053 -10.6981 0.622096 0.0449229 0.781651 70.1361
0.778408 -0.0806467 -0.622556 -58.5869 0.0360153 0.995817 -0.0839679 -10.9173 0.626724 0.0429397 0.778057 71.9616
0.77427 -0.0796975 -0.627817 -59.9572 0.0359549 0.995976 -0.0820908 -11.1164 0.631833 0.0409873 0.77402 73.6155
0.770401 -0.0735567 -0.633302 -61.4442 0.0323408 0.996552 -0.0764055 -11.3449 0.636739 0.0383814 0.770124 75.3428
0.765973 -0.0697569 -0.639076 -62.7591 0.0302592 0.996906 -0.0725473 -11.536 0.64216 0.0362314 0.765714 76.8518
0.76043 -0.0715102 -0.645471 -64.0031 0.0328206 0.996881 -0.071776 -11.716 0.64859 0.0333958 0.760405 78.1973
0.753012 -0.0734347 -0.653896 -64.3374 0.0336477 0.99675 -0.0731905 -11.7631 0.657145 0.0331113 0.753036 78.5703
0.743412 -0.0774159 -0.664339 -64.7164 0.0349096 0.996416 -0.0770485 -11.8144 0.667922 0.034087 0.74345 78.9993
0.734678 -0.0754804 -0.674203 -65.0782 0.0304811 0.99646 -0.0783434 -11.8646 0.67773 0.0370067 0.734379 79.3591
0.724336 -0.0749518 -0.685361 -65.4304 0.0290521 0.996508 -0.0782751 -11.9113 0.688835 0.0367863 0.723985 79.711
0.712657 -0.0723306 -0.697774 -65.7571 0.0288105 0.996849 -0.0739075 -11.9552 0.700921 0.0325675 0.712495 80.041
0.702336 -0.0657644 -0.708801 -66.0997 0.023622 0.997328 -0.0691281 -11.9987 0.711454 0.0318079 0.702013 80.3494
0.689697 -0.0615505 -0.721478 -66.45 0.0206614 0.997648 -0.0653599 -12.0414 0.723803 0.0301718 0.689346 80.685
0.677031 -0.059485 -0.733546 -66.8121 0.0174765 0.997747 -0.0647795 -12.0842 0.735747 0.0310379 0.676545 81.002
0.662225 -0.0634655 -0.746613 -67.1731 0.0195604 0.997531 -0.0674452 -12.1265 0.74905 0.0300598 0.661831 81.3272
0.648875 -0.0663117 -0.758 -67.545 0.0173817 0.997227 -0.0723605 -12.1684 0.760696 0.0337776 0.648229 81.6401
0.636727 -0.0684356 -0.768047 -67.9995 0.0145748 0.996944 -0.0767483 -12.2188 0.770952 0.0376736 0.635778 82.0113
0.62773 -0.0660833 -0.775621 -68.5586 0.00832633 0.996903 -0.0781979 -12.2742 0.778387 0.0426291 0.626336 82.4334
0.620722 -0.060219 -0.781715 -69.1528 0.00359774 0.997254 -0.0739662 -12.3364 0.784022 0.0431001 0.619235 82.8821
0.617901 -0.0496278 -0.784688 -69.7573 -0.00287963 0.997856 -0.0653772 -12.3952 0.786251 0.0426562 0.616433 83.3261
0.617518 -0.0452041 -0.785257 -70.3911 -0.00233926 0.998237 -0.0593041 -12.4609 0.786553 0.0384583 0.616324 83.8363
0.619812 -0.0441927 -0.783505 -71.0933 -0.00373194 0.998236 -0.0592566 -12.5349 0.784741 0.039652 0.618554 84.3906
0.625083 -0.048295 -0.779063 -71.843 -0.00348447 0.997901 -0.0646568 -12.6051 0.780551 0.0431305 0.623603 84.9878
0.63408 -0.0500002 -0.771649 -72.4925 -0.00573488 0.997576 -0.0693519 -12.6651 0.773246 0.0484 0.632256 85.4901
0.642887 -0.0511191 -0.764253 -73.1814 -0.00335994 0.997573 -0.0695517 -12.7502 0.765953 0.0472818 0.641155 86.1004
0.653793 -0.0495551 -0.755049 -73.8446 -0.00258438 0.997701 -0.0677186 -12.8184 0.756669 0.0462253 0.652162 86.6969
0.665421 -0.0483433 -0.744901 -74.4384 0.00127943 0.997973 -0.0636245 -12.8888 0.746467 0.0413841 0.664135 87.2409
0.676896 -0.0485439 -0.734476 -75.1117 0.00525461 0.998116 -0.0611261 -12.9596 0.73606 0.0375166 0.675876 87.8739
0.688788 -0.0460379 -0.723499 -75.4871 0.00641778 0.99833 -0.0574161 -12.9979 0.724934 0.0349043 0.687933 88.2268
0.699963 -0.0429898 -0.712884 -76.0345 0.00905349 0.998641 -0.0513327 -13.0514 0.714122 0.0294769 0.6994 88.777
0.710864 -0.0357308 -0.702421 -76.3925 0.00809517 0.999058 -0.0426277 -13.0843 0.703283 0.0246163 0.710484 89.1385
0.720322 -0.0341686 -0.692798 -76.7489 0.0126383 0.999267 -0.0361432 -13.114 0.693525 0.017279 0.720225 89.5105
0.727401 -0.0334231 -0.685398 -77.0664 0.0151775 0.999352 -0.0326253 -13.1377 0.686044 0.013329 0.727437 89.8518
0.732486 -0.0367152 -0.679791 -77.3797 0.0194082 0.999265 -0.0330571 -13.1623 0.680505 0.0110204 0.73266 90.1922
0.736564 -0.0370866 -0.675351 -77.7019 0.0193236 0.999242 -0.0337979 -13.1818 0.676092 0.0118441 0.736722 90.5394
0.739728 -0.0329633 -0.672099 -78.9594 0.0189019 0.999423 -0.0282131 -13.2588 0.672641 0.00816608 0.739924 91.9084
0.741123 -0.0262303 -0.670857 -80.4429 0.0187162 0.999655 -0.0184097 -13.3666 0.671109 0.00108801 0.741358 93.6006
0.743179 -0.0242723 -0.668653 -82.3187 0.0227747 0.99968 -0.0109755 -13.4845 0.668705 -0.00707157 0.743494 95.7144
0.74563 -0.0265324 -0.665831 -83.4291 0.0256156 0.99961 -0.0111474 -13.5303 0.665867 -0.00874387 0.746019 96.9372
0.748286 -0.0294867 -0.662721 -84.4385 0.0279636 0.999526 -0.0128983 -13.5625 0.662787 -0.00888047 0.748755 98.0727
0.750879 -0.0273849 -0.659872 -85.1195 0.0275117 0.99957 -0.0101765 -13.5814 0.659867 -0.0105128 0.751309 98.8385
0.754673 -0.0209122 -0.655767 -85.9942 0.0259849 0.99966 -0.00197467 -13.6109 0.655586 -0.0155498 0.754961 99.7913
0.758565 -0.0123922 -0.65148 -87.3439 0.0238426 0.999677 0.00874615 -13.6471 0.651161 -0.0221675 0.758616 101.306
0.762055 -0.00790213 -0.647464 -87.7586 0.0217693 0.999673 0.0134214 -13.6586 0.647146 -0.0243227 0.761978 101.798
0.765641 -0.00925802 -0.643201 -88.1741 0.0242185 0.999602 0.0144408 -13.6614 0.642812 -0.0266339 0.765561 102.297
0.769292 -0.0075376 -0.638852 -88.5604 0.0237108 0.999578 0.0167584 -13.6654 0.638457 -0.0280398 0.769147 102.763
0.773429 -0.00431876 -0.633868 -88.9669 0.0228607 0.999516 0.021084 -13.6632 0.63347 -0.0307976 0.773154 103.255
0.777157 -0.00174794 -0.629305 -89.3779 0.0245142 0.999321 0.027498 -13.664 0.628829 -0.0367972 0.776672 103.756
0.779746 -0.00624872 -0.626065 -89.7928 0.0312572 0.999092 0.028958 -13.6572 0.625315 -0.0421489 0.779233 104.303
0.782515 -0.0118917 -0.622519 -90.213 0.0370294 0.998937 0.0274642 -13.6492 0.62153 -0.0445426 0.782123 104.846
0.785064 -0.0133641 -0.61927 -90.633 0.0386683 0.998875 0.0274646 -13.6422 0.618206 -0.0455076 0.784698 105.375
0.787029 -0.0117511 -0.616805 -91.0365 0.0383214 0.998819 0.0298682 -13.6367 0.615725 -0.0471439 0.786549 105.885
0.788571 -0.00709231 -0.614903 -91.424 0.0372175 0.998651 0.0362105 -13.6311 0.613816 -0.0514397 0.787771 106.374
0.790172 -0.00295765 -0.612878 -91.8301 0.0359162 0.998493 0.0414876 -13.622 0.611831 -0.0547946 0.789088 106.874
0.790231 -0.00629369 -0.612777 -92.2375 0.0407098 0.998278 0.042246 -13.6102 0.611455 -0.0583301 0.789126 107.411
0.790567 -0.0076253 -0.612328 -92.664 0.041461 0.998295 0.0410979 -13.5944 0.61097 -0.0578783 0.789535 107.944
0.790562 -0.00825531 -0.612327 -93.0975 0.0407882 0.998399 0.0392004 -13.5767 0.611023 -0.055966 0.789632 108.485
0.789829 -0.00814205 -0.613274 -93.4696 0.0430539 0.998181 0.0421965 -13.5638 0.611815 -0.0597318 0.788743 108.958
0.788516 -0.00771486 -0.614966 -93.8919 0.0467452 0.997781 0.0474199 -13.545 0.613235 -0.0661381 0.787127 109.495
0.786555 -0.00719453 -0.617479 -94.3028 0.0502271 0.997364 0.0523594 -13.5252 0.615475 -0.0721977 0.784843 110.008
0.784215 -0.00713278 -0.620448 -94.7417 0.0518608 0.997189 0.0540856 -13.5037 0.618317 -0.0745916 0.782381 110.546
0.780444 -0.00961099 -0.625152 -95.1618 0.0553049 0.997024 0.0537149 -13.4798 0.622775 -0.0764955 0.778652 111.078
0.775049 -0.0132719 -0.631762 -95.5649 0.0604385 0.996753 0.0532067 -13.4527 0.629005 -0.0794205 0.773334 111.598
0.770264 -0.00795951 -0.637675 -96.0108 0.0572238 0.996751 0.0566805 -13.4301 0.635152 -0.0801492 0.768217 112.116
0.765376 -0.00719393 -0.643543 -96.4827 0.0577962 0.996666 0.0575965 -13.4062 0.640983 -0.0812773 0.763239 112.671
0.761003 -0.00785418 -0.6487 -96.94 0.0597663 0.996523 0.0580476 -13.3803 0.645989 -0.0829449 0.758827 113.194
0.75664 -0.00574045 -0.653806 -97.4137 0.058494 0.996546 0.0589445 -13.347 0.65121 -0.0828435 0.754362 113.724
0.75205 -0.00440434 -0.659091 -97.8811 0.0595794 0.996338 0.0613246 -13.3226 0.656407 -0.0853875 0.749559 114.258
0.747839 -0.00705063 -0.663842 -98.3881 0.0639203 0.996063 0.061429 -13.2914 0.660795 -0.088372 0.745345 114.819
0.744261 -0.0095946 -0.66782 -98.9318 0.064961 0.996196 0.0580843 -13.2602 0.664722 -0.0866121 0.742053 115.401
0.741086 -0.0114343 -0.671312 -99.4805 0.0654582 0.996322 0.0552917 -13.2295 0.668211 -0.0849188 0.739109 115.994
0.738351 -0.0124733 -0.674301 -100.023 0.0657183 0.996401 0.0535291 -13.1985 0.671207 -0.0838372 0.736514 116.583
0.737116 -0.0119738 -0.67566 -100.555 0.0665536 0.996269 0.0549515 -13.1709 0.672481 -0.0854732 0.735162 117.142
0.73579 -0.0121289 -0.677102 -101.102 0.0702025 0.995819 0.0584493 -13.1349 0.673562 -0.0905406 0.733565 117.722
0.734207 -0.0132697 -0.678796 -101.711 0.0723015 0.995652 0.0587397 -13.1021 0.675065 -0.0922051 0.731974 118.367
0.733537 -0.0144377 -0.679496 -102.341 0.0676026 0.996366 0.0518088 -13.0652 0.676279 -0.0839394 0.731848 119.014
0.732878 -0.0164665 -0.680161 -102.938 0.0652619 0.996799 0.0461879 -13.0352 0.677223 -0.0782387 0.731606 119.654
0.73367 -0.0126774 -0.679388 -103.536 0.0603546 0.99709 0.0465711 -13.0095 0.676821 -0.075172 0.7323 120.277
0.733623 -0.0068165 -0.679522 -104.154 0.0559882 0.997156 0.050443 -12.988 0.677246 -0.0750514 0.731919 120.949
0.734499 -0.00555917 -0.678587 -107.156 0.055445 0.997115 0.0518447 -12.8237 0.676341 -0.0757041 0.732688 124.16
0.736673 -0.00724714 -0.67621 -107.755 0.0561802 0.997142 0.0505169 -12.796 0.673911 -0.0752041 0.734975 124.788
0.737402 -0.0129562 -0.67533 -108.445 0.056027 0.997544 0.0420388 -12.7718 0.673126 -0.0688362 0.736317 125.538
0.739267 -0.0149552 -0.673247 -109.084 0.0487565 0.998318 0.0313614 -12.7479 0.671645 -0.0560096 0.738753 126.212
0.741212 -0.0178656 -0.671034 -111.121 0.0473926 0.998544 0.0257637 -12.7231 0.669596 -0.0508984 0.740979 128.37
0.742406 -0.0196984 -0.66966 -113.812 0.049027 0.998485 0.0249819 -12.6685 0.668153 -0.0513781 0.742247 131.353
0.743247 -0.0225123 -0.668638 -114.411 0.0531095 0.998265 0.0254251 -12.6586 0.666906 -0.0544082 0.743153 132.028
0.743746 -0.0252816 -0.667984 -115.044 0.0580019 0.997956 0.0268101 -12.6547 0.665942 -0.0586842 0.743692 132.741
0.744505 -0.0318874 -0.666855 -119.376 0.0623656 0.997813 0.0219146 -12.6056 0.664698 -0.0579044 0.744865 137.539
0.744918 -0.0370469 -0.666126 -122.628 0.0644019 0.997787 0.0165272 -12.5711 0.66404 -0.0552112 0.745656 141.163
0.745336 -0.0353569 -0.66575 -123.207 0.062353 0.997913 0.0168095 -12.572 0.663766 -0.0540403 0.745985 141.807
0.747913 -0.0246829 -0.663338 -123.89 0.0502082 0.998549 0.0194534 -12.5845 0.661896 -0.0478545 0.748067 142.5
0.748186 -0.0239555 -0.663056 -124.502 0.0490609 0.99861 0.0192812 -12.5835 0.661673 -0.0469561 0.748321 143.19
0.748754 -0.0197939 -0.662553 -125.164 0.0452473 0.998749 0.0212965 -12.5745 0.661302 -0.0459246 0.748713 143.914
0.747599 -0.0209694 -0.663819 -126.021 0.0491049 0.998511 0.0237604 -12.5871 0.662333 -0.05036 0.747515 144.931
0.748053 -0.0235551 -0.663221 -126.991 0.049059 0.998598 0.0198676 -12.5825 0.661823 -0.0473989 0.74816 146
0.747099 -0.0306615 -0.664005 -127.805 0.0518153 0.998582 0.0121883 -12.5847 0.66269 -0.0435115 0.747629 146.935
0.746561 -0.0363606 -0.664323 -128.659 0.0547693 0.998475 0.00689942 -12.5919 0.663059 -0.0415353 0.747414 147.9
0.74583 -0.0378697 -0.665059 -129.397 0.05745 0.99832 0.00758115 -12.5983 0.663654 -0.0438619 0.746752 148.745
0.746109 -0.0360419 -0.664848 -130.131 0.0543199 0.9985 0.00682974 -12.6148 0.663605 -0.0412102 0.746947 149.553
0.74584 -0.0417017 -0.664818 -130.876 0.054904 0.998491 -0.00103665 -12.6226 0.663858 -0.035728 0.747004 150.389
0.745774 -0.047658 -0.664493 -131.591 0.0530814 0.998518 -0.0120402 -12.6418 0.664081 -0.0262929 0.747198 151.182
0.745787 -0.0545862 -0.663945 -132.241 0.0568758 0.998216 -0.0181816 -12.6705 0.663753 -0.0242028 0.747561 151.92
0.74615 -0.0556408 -0.663449 -132.867 0.059493 0.998087 -0.0167966 -12.7027 0.663114 -0.0269378 0.748033 152.622
0.745725 -0.0586117 -0.663671 -133.489 0.0662277 0.997711 -0.0136963 -12.735 0.662954 -0.0337397 0.747899 153.341
0.745277 -0.0606942 -0.663987 -134.118 0.0700821 0.997463 -0.0125149 -12.7627 0.663062 -0.0372065 0.747639 154.067
0.745778 -0.0635253 -0.663159 -134.822 0.0720659 0.997295 -0.0144885 -12.7993 0.662285 -0.0369859 0.748339 154.856
0.746759 -0.0629697 -0.662107 -135.39 0.0680045 0.99752 -0.0181701 -12.826 0.661609 -0.0314576 0.749189 155.487
0.747809 -0.0621291 -0.661001 -136.148 0.0636858 0.997733 -0.0217299 -12.8632 0.660853 -0.0258466 0.75007 156.333
0.748396 -0.0590681 -0.660616 -136.758 0.0608575 0.99794 -0.0202854 -12.897 0.660454 -0.0250219 0.750449 157.022
0.749477 -0.0538936 -0.659833 -137.392 0.0589118 0.998156 -0.0146116 -12.9302 0.659404 -0.027921 0.75127 157.735
0.750652 -0.0538308 -0.658502 -138.077 0.0617316 0.99803 -0.0112161 -12.964 0.657808 -0.032231 0.752496 158.522
0.752648 -0.054685 -0.656148 -138.755 0.0607147 0.998063 -0.0135371 -12.9962 0.655618 -0.0296492 0.754511 159.292
0.754013 -0.0602067 -0.654094 -139.386 0.0647312 0.997754 -0.0172197 -13.0309 0.653662 -0.0293564 0.756217 160.016
0.754607 -0.0646026 -0.652989 -139.996 0.069061 0.997434 -0.0188715 -13.0719 0.652533 -0.0308555 0.757132 160.739
0.755932 -0.0664955 -0.651265 -140.592 0.0713216 0.997272 -0.0190396 -13.1046 0.650754 -0.0320566 0.758612 161.425
0.757575 -0.0662347 -0.649379 -141.209 0.0711032 0.997292 -0.0187708 -13.135 0.648864 -0.0319526 0.760233 162.142
0.760874 -0.061837 -0.645947 -141.894 0.0660515 0.997659 -0.0177033 -13.1784 0.645529 -0.0291957 0.763177 162.916
0.762879 -0.0595228 -0.643796 -142.487 0.0656839 0.997736 -0.0144133 -13.2073 0.643197 -0.0312914 0.765061 163.629
0.766475 -0.0541926 -0.639984 -143.119 0.0600736 0.998115 -0.0125715 -13.2324 0.639459 -0.0288104 0.768285 164.333
0.76844 -0.0559435 -0.637472 -143.765 0.0612599 0.998027 -0.0137396 -13.27 0.636983 -0.0284934 0.770351 165.1
0.770312 -0.0575576 -0.635064 -144.514 0.0594302 0.998063 -0.0183704 -13.3063 0.634892 -0.0235911 0.772241 165.988
0.772575 -0.059275 -0.632151 -145.292 0.0579927 0.998059 -0.0227103 -13.3506 0.63227 -0.0191148 0.774512 166.894
0.773376 -0.0592095 -0.631176 -145.999 0.0575186 0.998076 -0.0231506 -13.3932 0.631333 -0.0184002 0.775294 167.741
0.773045 -0.058367 -0.631661 -148.566 0.0579687 0.998092 -0.0212824 -13.5782 0.631697 -0.0201643 0.774953 170.918
0.773077 -0.0573354 -0.631715 -149.144 0.0567852 0.998163 -0.0211024 -13.6257 0.631765 -0.0195583 0.774913 171.615
0.773654 -0.0531149 -0.631379 -150.775 0.0530546 0.998411 -0.0189817 -13.7398 0.631384 -0.0188123 0.775242 173.515
0.772769 -0.0516417 -0.632582 -151.464 0.0525527 0.998468 -0.0173124 -13.7887 0.632507 -0.0198654 0.7743 174.352
0.772402 -0.0484037 -0.633286 -152.133 0.0502967 0.998622 -0.0149818 -13.8385 0.633139 -0.0202802 0.773773 175.146
0.770814 -0.049602 -0.635127 -152.816 0.0496219 0.99861 -0.0177663 -13.8819 0.635125 -0.0178217 0.772204 175.968
0.768891 -0.0519381 -0.637266 -153.634 0.0492093 0.998546 -0.0220095 -13.9289 0.637483 -0.0144365 0.770329 176.946
0.767242 -0.0541446 -0.639068 -154.456 0.0497787 0.998452 -0.0248306 -13.9944 0.639423 -0.0127609 0.768749 177.937
0.766417 -0.0536493 -0.6401 -155.321 0.048345 0.998497 -0.0258028 -14.0488 0.640522 -0.0111699 0.767859 178.947
0.765205 -0.0521219 -0.641673 -156.403 0.0459256 0.998597 -0.0263473 -14.1273 0.642147 -0.00930819 0.766525 180.228
0.765234 -0.0496324 -0.641836 -157.545 0.0411982 0.998755 -0.0281136 -14.1948 0.642433 -0.004929 0.766326 181.516
0.762765 -0.0541792 -0.644402 -158.071 0.0465179 0.9985 -0.0288882 -14.2327 0.645001 -0.00794136 0.764141 182.173
0.760771 -0.0590708 -0.646327 -158.576 0.0526227 0.998185 -0.0292882 -14.2642 0.646884 -0.0117298 0.762498 182.802
0.760655 -0.0548414 -0.646835 -159.089 0.0479693 0.998449 -0.0282426 -14.31 0.647381 -0.00954533 0.762107 183.394
0.760064 -0.0564095 -0.647395 -159.573 0.0508002 0.998334 -0.0273467 -14.354 0.647859 -0.0121026 0.761664 183.998
0.762092 -0.0543456 -0.645184 -160.09 0.0486651 0.99846 -0.0266197 -14.3907 0.645637 -0.0111113 0.763564 184.591
0.76415 -0.0539311 -0.64278 -160.605 0.0491109 0.998471 -0.0253905 -14.4274 0.643166 -0.0121653 0.76563 185.206
0.765723 -0.0549171 -0.640822 -161.138 0.0481399 0.998447 -0.0280421 -14.473 0.641367 -0.00937659 0.767177 185.84
0.76776 -0.0626161 -0.637671 -161.683 0.0540764 0.997995 -0.0328898 -14.5186 0.638452 -0.00923152 0.769606 186.487
0.769236 -0.0703103 -0.635085 -162.184 0.059034 0.997497 -0.038929 -14.5587 0.636232 -0.00754601 0.771461 187.092
0.77074 -0.0751402 -0.632703 -162.702 0.063724 0.997133 -0.0407935 -14.604 0.633955 -0.00887721 0.773319 187.725
0.772384 -0.0764888 -0.630534 -163.172 0.0671678 0.996992 -0.0386648 -14.6474 0.631595 -0.0124875 0.775198 188.302
0.774327 -0.0744274 -0.628394 -163.655 0.0695962 0.997051 -0.0323329 -14.6861 0.628947 -0.0186976 0.777223 188.915
0.777169 -0.0702336 -0.62536 -164.186 0.0681306 0.997302 -0.0273364 -14.7359 0.625593 -0.0213612 0.779857 189.57
0.780199 -0.06786 -0.621839 -164.667 0.0666205 0.997458 -0.0252642 -14.7749 0.621973 -0.0217161 0.782737 190.159
0.782989 -0.0640492 -0.618729 -165.207 0.0632466 0.997727 -0.0232448 -14.8223 0.618812 -0.0209321 0.78526 190.847
0.786351 -0.0649063 -0.614361 -165.642 0.0645071 0.997656 -0.022835 -14.8638 0.614403 -0.0216743 0.788695 191.416
0.790987 -0.0673301 -0.608117 -166.073 0.0683744 0.997428 -0.0214985 -14.8992 0.608001 -0.0245746 0.793556 191.992
0.796731 -0.0651302 -0.600814 -166.478 0.0645193 0.997661 -0.0225916 -14.9386 0.60088 -0.0207647 0.799069 192.528
0.802396 -0.0636336 -0.59339 -166.899 0.0605284 0.997849 -0.0251587 -14.9739 0.593715 -0.0157297 0.804522 193.107
0.807951 -0.0712989 -0.58492 -167.305 0.0672137 0.997325 -0.0287267 -15.0111 0.585404 -0.0161049 0.810582 193.693
0.811485 -0.0839288 -0.578315 -167.644 0.0784564 0.99632 -0.0345032 -15.0379 0.579083 -0.0173737 0.815084 194.222
0.816624 -0.0866551 -0.570628 -167.988 0.0769788 0.996185 -0.0411157 -15.0679 0.572014 -0.0103502 0.820179 194.717
0.822738 -0.0863917 -0.561817 -168.341 0.0718518 0.996261 -0.0479755 -15.1001 0.563861 -0.000896302 0.825869 195.197
0.827523 -0.0821325 -0.555392 -168.66 0.0678896 0.996621 -0.0462283 -15.1324 0.557313 0.000549599 0.830303 195.663
0.833059 -0.0803676 -0.547315 -168.96 0.0692266 0.996758 -0.040995 -15.1649 0.548836 -0.00373758 0.835922 196.121
0.83744 -0.0783568 -0.540884 -169.265 0.0691375 0.996907 -0.0373759 -15.1983 0.542139 -0.00609528 0.840267 196.596
0.8417 -0.0752092 -0.534682 -169.612 0.0656119 0.99716 -0.0369753 -15.2339 0.535944 -0.00395937 0.844244 197.128
0.845603 -0.0740835 -0.528646 -169.908 0.0639618 0.99725 -0.0374417 -15.2605 0.529966 -0.00215238 0.848016 197.584
0.847811 -0.0701757 -0.525635 -170.189 0.0616646 0.997527 -0.033716 -15.287 0.526701 -0.00382829 0.850042 198.036
0.849566 -0.0686555 -0.522995 -170.462 0.0640985 0.997583 -0.0268331 -15.3131 0.523573 -0.0107267 0.851913 198.505
0.852465 -0.0640898 -0.518841 -170.786 0.0630553 0.997816 -0.0196543 -15.3423 0.518968 -0.0159611 0.854645 199.027
0.854547 -0.0634847 -0.51548 -171.114 0.0657279 0.997741 -0.0139165 -15.3668 0.515199 -0.0219891 0.856789 199.586
0.856173 -0.0667901 -0.512354 -171.463 0.0705558 0.997434 -0.0121221 -15.3927 0.511849 -0.025771 0.858689 200.192
0.858179 -0.0718964 -0.50829 -171.865 0.0753336 0.997062 -0.0138415 -15.425 0.507792 -0.0264129 0.861075 200.841
0.859159 -0.078409 -0.505665 -172.207 0.07813 0.996705 -0.021802 -15.4461 0.505708 -0.0207763 0.862454 201.427
0.860413 -0.0856192 -0.502354 -172.522 0.0808274 0.996235 -0.0313562 -15.4695 0.503147 -0.0136247 0.864093 201.961
0.861264 -0.0884939 -0.500394 -172.866 0.0819106 0.996019 -0.0351623 -15.5016 0.501514 -0.0107035 0.865084 202.546
0.861572 -0.0905111 -0.499501 -173.155 0.0835656 0.995841 -0.0363099 -15.5262 0.50071 -0.0104575 0.865552 203.058
0.862767 -0.0848053 -0.498438 -173.475 0.0796429 0.996321 -0.0316589 -15.5553 0.499289 -0.0123828 0.866347 203.594
0.863663 -0.0853308 -0.496794 -173.779 0.0815906 0.996236 -0.0292733 -15.583 0.497422 -0.0152514 0.867375 204.119
0.864606 -0.0819307 -0.495726 -174.098 0.079032 0.99651 -0.026856 -15.6123 0.496197 -0.0159584 0.868063 204.661
0.865674 -0.0792358 -0.494298 -174.435 0.0760087 0.996751 -0.0266634 -15.6423 0.494805 -0.0144891 0.868883 205.239
0.865694 -0.0799768 -0.494143 -174.755 0.0775012 0.996665 -0.0255345 -15.6692 0.494537 -0.0161915 0.869006 205.805
0.86498 -0.0844798 -0.494644 -175.058 0.0830009 0.996236 -0.0250033 -15.6933 0.494894 -0.0194285 0.868736 206.35
0.865083 -0.0839909 -0.494547 -175.371 0.0833996 0.996244 -0.0233097 -15.7193 0.494647 -0.0210802 0.868838 206.899
0.865296 -0.0830934 -0.494326 -175.694 0.0821315 0.996339 -0.0237114 -15.7449 0.494487 -0.0200824 0.868953 207.457
0.865049 -0.0868694 -0.494109 -176.018 0.0856146 0.996009 -0.0252209 -15.7731 0.494328 -0.0204856 0.869034 208.021
0.864937 -0.0894341 -0.493847 -176.336 0.0862906 0.995842 -0.0292119 -15.8017 0.494406 -0.0173479 0.869058 208.561
0.864378 -0.0916436 -0.494421 -176.635 0.0865155 0.995694 -0.0333055 -15.8282 0.495344 -0.0139865 0.868584 209.091
0.86338 -0.0933281 -0.495848 -176.933 0.0877479 0.995542 -0.0345918 -15.8551 0.496866 -0.0136438 0.86772 209.619
0.862971 -0.0925452 -0.496705 -177.256 0.0871888 0.995611 -0.0340194 -15.8852 0.497673 -0.0139493 0.867252 210.168
0.861912 -0.0911208 -0.498803 -177.571 0.0877208 0.995684 -0.0303124 -15.9212 0.499413 -0.0176288 0.866185 210.722
0.861657 -0.0871618 -0.49995 -177.894 0.0856413 0.995986 -0.0260395 -15.9497 0.500213 -0.0203792 0.865663 211.262
0.860917 -0.084009 -0.501761 -178.22 0.0838714 0.996214 -0.0228886 -15.9757 0.501784 -0.0223782 0.864703 211.816
0.860983 -0.0813782 -0.502081 -178.573 0.081164 0.996451 -0.022324 -16.0059 0.502115 -0.0215303 0.864533 212.389
0.860616 -0.0817189 -0.502654 -178.933 0.0802859 0.99647 -0.0245399 -16.0387 0.502885 -0.0192366 0.864139 212.983
0.859774 -0.0837371 -0.503762 -179.271 0.0795701 0.996383 -0.0298193 -16.0668 0.504437 -0.0144465 0.863328 213.552
0.858896 -0.0847992 -0.505082 -179.609 0.0791074 0.996328 -0.0327528 -16.095 0.506004 -0.0118245 0.86245 214.12
0.858104 -0.0824198 -0.506817 -179.944 0.0777023 0.99651 -0.0304952 -16.1309 0.507562 -0.0132128 0.861514 214.679
0.857206 -0.082069 -0.508392 -180.262 0.0791651 0.996485 -0.0273801 -16.1634 0.508853 -0.0167766 0.86069 215.224
0.857344 -0.0795746 -0.508556 -180.591 0.0760383 0.996718 -0.0277698 -16.1967 0.509097 -0.0148615 0.860581 215.78
0.858918 -0.079785 -0.50586 -180.92 0.0754078 0.996726 -0.0291674 -16.2259 0.506531 -0.0130934 0.862122 216.318
0.860513 -0.0795364 -0.503182 -181.679 0.0752826 0.996746 -0.0288085 -16.2838 0.503836 -0.0130908 0.8637 217.588
0.863845 -0.0758776 -0.49801 -182.404 0.0728386 0.997016 -0.0255616 -16.3589 0.498464 -0.014193 0.866794 218.78
0.866789 -0.0754834 -0.492929 -185.264 0.0717171 0.997071 -0.0265733 -16.6137 0.493491 -0.0123181 0.869663 223.645
0.869273 -0.0763913 -0.488395 -186.09 0.0712047 0.997034 -0.0292149 -16.6864 0.489178 -0.00938025 0.872134 225.094
0.872618 -0.0736507 -0.482818 -186.727 0.0681333 0.997255 -0.0289844 -16.7478 0.483628 -0.00760375 0.875241 226.203
0.875575 -0.072855 -0.477557 -187.293 0.0678337 0.99731 -0.0277779 -16.8055 0.478296 -0.00807275 0.878162 227.222
0.878373 -0.0741076 -0.472196 -188.279 0.0685769 0.997226 -0.0289412 -16.9053 0.473031 -0.00696061 0.881018 229.044
0.880257 -0.076892 -0.468226 -188.98 0.0712056 0.997014 -0.0298643 -16.9716 0.469124 -0.007052 0.883104 230.369
0.881152 -0.0764902 -0.466604 -189.309 0.0716568 0.997033 -0.0281237 -17.0034 0.467371 -0.0086541 0.884019 230.996
0.881797 -0.0731528 -0.465921 -191.651 0.0707816 0.997236 -0.0226123 -17.2553 0.466287 -0.0130392 0.884538 235.694
0.883557 -0.0722807 -0.462713 -192.862 0.0713522 0.99726 -0.0195347 -17.3735 0.462857 -0.0157555 0.886293 237.958
0.884686 -0.0744473 -0.460204 -193.63 0.0722443 0.997135 -0.0224259 -17.4511 0.460555 -0.0134072 0.88753 239.489
0.886042 -0.0790501 -0.456815 -195.095 0.0748752 0.99682 -0.0272673 -17.5674 0.457518 -0.0100442 0.889144 242.389
0.887433 -0.0792367 -0.454075 -195.389 0.0744041 0.99682 -0.0285327 -17.5944 0.454892 -0.0084642 0.890506 242.958
0.889649 -0.078067 -0.449923 -195.689 0.0744422 0.996892 -0.0257755 -17.6233 0.450537 -0.0105621 0.892695 243.533
0.891317 -0.0803199 -0.44621 -198.049 0.0781696 0.996669 -0.0232592 -17.8667 0.446592 -0.0141488 0.894626 248.283
0.893157 -0.0816303 -0.442274 -199.265 0.0790035 0.996576 -0.0243927 -17.9912 0.442751 -0.0131547 0.896548 250.755
0.895496 -0.0839417 -0.437082 -200.133 0.0803048 0.996409 -0.0268318 -18.0654 0.437765 -0.011072 0.899021 252.461
0.896786 -0.086998 -0.433827 -200.413 0.0836358 0.996134 -0.0268731 -18.09 0.434488 -0.0121841 0.900595 253.051
0.898451 -0.0896943 -0.429815 -200.684 0.0876007 0.995849 -0.0247017 -18.1203 0.430247 -0.0154588 0.902579 253.626
0.900781 -0.0893826 -0.424975 -200.99 0.0873526 0.995881 -0.0243047 -18.1535 0.425397 -0.0152295 0.904879 254.254
0.903144 -0.0897061 -0.419862 -201.824 0.0873773 0.995866 -0.0248202 -18.2327 0.420353 -0.0142703 0.907248 256.015
0.906062 -0.0887368 -0.413736 -204.776 0.0858973 0.995978 -0.0255033 -18.5675 0.414335 -0.0124312 0.91004 262.288
0.90888 -0.0869337 -0.407896 -207.156 0.0842789 0.996141 -0.0245129 -18.8221 0.408453 -0.0120977 0.912699 267.553
0.911385 -0.0865221 -0.402358 -208.38 0.0847307 0.996155 -0.0222863 -18.9501 0.402739 -0.0137807 0.915211 270.313
0.91307 -0.0861352 -0.398601 -211.052 0.085052 0.996167 -0.0204379 -19.2377 0.398834 -0.0152406 0.916896 276.755
0.915779 -0.0838083 -0.392842 -213.708 0.0835338 0.996345 -0.0178278 -19.5295 0.392901 -0.0164892 0.919433 282.967
0.917843 -0.0842648 -0.387895 -216.298 0.0835818 0.996326 -0.0186653 -19.7645 0.388043 -0.0152891 0.921514 289.194
0.92044 -0.0822476 -0.382132 -217.249 0.08045 0.996543 -0.0207099 -19.858 0.382515 -0.0116803 0.923876 291.42
0.922896 -0.0837712 -0.375826 -217.531 0.0806549 0.996452 -0.024048 -19.8912 0.376507 -0.00811838 0.926378 292.099
0.92479 -0.086578 -0.370496 -217.772 0.0825932 0.996227 -0.02664 -19.9196 0.371405 -0.00596409 0.928452 292.695
0.92693 -0.0862385 -0.36519 -218.252 0.0811934 0.996271 -0.0291803 -19.9821 0.366344 -0.00260288 0.930476 293.899
0.929278 -0.0849011 -0.359492 -218.478 0.0802133 0.996385 -0.0279668 -20.0061 0.360567 -0.00284712 0.932729 294.465
0.931399 -0.0834143 -0.354314 -218.705 0.0797872 0.996502 -0.0248616 -20.0381 0.355149 -0.00511371 0.934796 295.043
0.933617 -0.0819103 -0.348783 -218.918 0.0784264 0.996628 -0.0241236 -20.0671 0.349583 -0.00483155 0.936893 295.601
0.936343 -0.0772193 -0.342488 -219.127 0.0729119 0.997013 -0.025455 -20.1018 0.343431 -0.00113687 0.939177 296.126
0.938992 -0.0725039 -0.33621 -219.321 0.0664086 0.997353 -0.0296091 -20.1336 0.337467 0.00547543 0.941321 296.631
0.942166 -0.0700738 -0.327738 -219.483 0.0627309 0.997487 -0.0329369 -20.1602 0.329223 0.0104727 0.944194 297.103
