1 0 0 0 0 1 0 0 0 0 1 0
0.999943 -0.00711441 -0.00792281 0.00328556 0.00711772 0.999975 0.000389483 -0.0139183 0.00791984 -0.000445853 0.999969 1.21971
0.999925 -0.00248422 -0.0119929 -0.0417743 0.00251771 0.999993 0.00277787 -0.0304401 0.0119859 -0.00280785 0.999924 2.49766
0.999837 0.00655244 -0.0168476 -0.0862171 -0.00647686 0.999969 0.00453682 -0.0589481 0.0168768 -0.00442696 0.999848 3.8506
0.999689 0.0107894 -0.0224646 -0.140517 -0.0107054 0.999935 0.003857 -0.0737496 0.0225047 -0.00361531 0.99974 5.24985
0.999532 0.0157021 -0.0262583 -0.215525 -0.0156428 0.999875 0.00246328 -0.0912328 0.0262937 -0.00205138 0.999652 6.71623
0.999298 0.0224605 -0.0299791 -0.309227 -0.0224345 0.999748 0.00120483 -0.130454 0.0299986 -0.000531415 0.99955 8.41146
0.998575 0.0425997 -0.0321532 -0.425339 -0.0426388 0.99909 -0.000530484 -0.143697 0.0321014 0.0019007 0.999483 9.71681
0.997826 0.056125 -0.0345391 -0.523931 -0.0561917 0.99842 -0.000963028 -0.174551 0.0344304 0.00290174 0.999403 11.1276
0.997053 0.0663343 -0.0385432 -0.602841 -0.0664499 0.997788 -0.00172492 -0.201753 0.0383435 0.00428103 0.999255 12.4573
0.996502 0.0716233 -0.043062 -0.690677 -0.0718254 0.997412 -0.00316242 -0.224985 0.042724 0.0062443 0.999067 14.0003
0.996335 0.0715227 -0.0469065 -0.755539 -0.0717485 0.997418 -0.00314508 -0.257213 0.0465604 0.00649902 0.998894 15.2888
0.996123 0.0707131 -0.0523319 -0.781696 -0.0708754 0.997484 -0.00125111 -0.297388 0.0521117 0.0049553 0.998629 16.3056
0.995392 0.0781891 -0.0555076 -0.889404 -0.0782697 0.996932 0.000724181 -0.325172 0.0553939 0.00362372 0.998458 17.5184
0.994433 0.0879157 -0.0580885 -0.993118 -0.0879591 0.996122 0.0018134 -0.343698 0.0580227 0.00330611 0.99831 18.6518
0.99357 0.0957025 -0.0604905 -1.15257 -0.0957284 0.995404 0.00247625 -0.376135 0.0604495 0.00333034 0.998166 20.0911
0.992329 0.10606 -0.0635184 -1.29263 -0.106077 0.994353 0.00312374 -0.400797 0.063491 0.00363804 0.997976 21.4236
0.991589 0.109996 -0.0682145 -1.38741 -0.109877 0.99393 0.00550373 -0.441468 0.0684058 0.00203774 0.997655 22.8295
0.991235 0.110882 -0.0718233 -1.50478 -0.110782 0.99383 0.00538925 -0.457219 0.0719777 0.00261471 0.997403 24.1201
0.989645 0.122563 -0.0747135 -1.66345 -0.122664 0.992443 0.00325166 -0.469644 0.0745475 0.00594665 0.9972 25.4386
0.989353 0.121094 -0.0807276 -1.73815 -0.121302 0.992613 0.00234035 -0.497002 0.0804147 0.00747702 0.996733 26.5515
0.988463 0.127046 -0.0824635 -1.91536 -0.127386 0.991853 0.00115576 -0.500372 0.0819385 0.00936223 0.996593 27.886
0.987853 0.130666 -0.0841063 -2.04468 -0.130921 0.99139 0.00249935 -0.534672 0.0837087 0.00854228 0.996454 29.0811
0.987385 0.132282 -0.0870216 -2.16087 -0.132388 0.991187 0.0045795 -0.555923 0.0868605 0.00699889 0.996196 30.1692
0.986737 0.136685 -0.0875615 -2.30288 -0.136719 0.990594 0.00563755 -0.566882 0.0875085 0.00640851 0.996143 31.2303
0.984222 0.153253 -0.0884385 -2.4901 -0.153529 0.988137 0.00371564 -0.585041 0.0879588 0.00992082 0.996075 32.4369
0.982844 0.161628 -0.0888491 -2.68305 -0.162036 0.986781 0.00264666 -0.597609 0.0881024 0.0117955 0.996042 33.6191
0.982353 0.163283 -0.0912227 -2.83251 -0.1636 0.986519 0.00405001 -0.624109 0.0906541 0.0109455 0.995822 34.8948
0.983033 0.156918 -0.0949851 -2.94806 -0.15707 0.98757 0.00591424 -0.641912 0.0947325 0.00910544 0.995461 36.1095
0.982062 0.161355 -0.0975679 -3.08661 -0.161497 0.986852 0.00649149 -0.663669 0.0973325 0.00938188 0.995208 37.3023
0.981266 0.163938 -0.1012 -3.23298 -0.164243 0.986405 0.00537509 -0.700158 0.100706 0.011347 0.994852 38.6276
0.981553 0.159721 -0.105082 -3.38225 -0.160093 0.98709 0.00493831 -0.712792 0.104514 0.0119757 0.994451 40.0511
0.977837 0.181591 -0.104213 -3.61438 -0.182218 0.983252 0.00354418 -0.720283 0.103111 0.0155239 0.994549 41.1754
0.976528 0.188512 -0.104198 -3.79492 -0.189074 0.981952 0.00454167 -0.729549 0.103174 0.0152661 0.994546 42.4009
0.975439 0.193683 -0.104909 -4.00149 -0.194169 0.980952 0.00565867 -0.750313 0.104006 0.0148504 0.994466 43.8171
0.973304 0.204015 -0.105153 -4.23507 -0.204635 0.978826 0.00497471 -0.767003 0.103942 0.0166761 0.994444 45.2223
0.971957 0.209737 -0.10635 -4.41468 -0.210562 0.977574 0.00354155 -0.78799 0.104708 0.018951 0.994322 46.4886
0.969726 0.219771 -0.106453 -4.62908 -0.221023 0.975269 3.34986e-05 -0.805597 0.103827 0.023496 0.994318 47.7501
0.969123 0.221531 -0.108278 -4.79264 -0.222798 0.974865 0.000404952 -0.834314 0.105646 0.0237316 0.994121 49.0428
0.967885 0.226758 -0.108535 -4.97421 -0.227754 0.973713 0.0033012 -0.864936 0.10643 0.021524 0.994087 50.413
0.967391 0.22764 -0.111065 -5.14359 -0.228566 0.973518 0.00449628 -0.87172 0.109147 0.021036 0.993803 51.7976
0.964424 0.240097 -0.110633 -5.37904 -0.241501 0.9704 0.00072593 -0.864602 0.107533 0.026018 0.993861 53.0397
0.963068 0.244269 -0.113281 -5.54274 -0.246047 0.969256 -0.0017739 -0.888924 0.109365 0.0295809 0.993561 54.2808
0.962077 0.247393 -0.114911 -5.69428 -0.249329 0.968416 -0.00256066 -0.900721 0.110648 0.0311142 0.993372 55.5174
0.9609 0.250874 -0.117187 -5.81876 -0.252851 0.967503 -0.00208144 -0.904775 0.112857 0.031631 0.993108 56.6592
0.959993 0.253645 -0.11865 -5.98153 -0.255565 0.966791 -0.0010007 -0.924629 0.114456 0.0312834 0.992936 57.9023
0.958893 0.257697 -0.118813 -6.17871 -0.259498 0.965744 0.000319084 -0.947399 0.114825 0.0305257 0.992917 59.2201
0.957478 0.262423 -0.119871 -6.3415 -0.26413 0.964486 0.00171178 -0.966907 0.116064 0.0300226 0.992788 60.371
0.957773 0.261419 -0.11971 -6.54766 -0.263113 0.964763 0.00170639 -0.986259 0.115938 0.0298631 0.992807 61.6871
0.958425 0.257855 -0.122199 -6.71212 -0.259403 0.965763 0.00334884 -1.00881 0.118879 0.0284891 0.9925 63.0013
0.957954 0.259796 -0.121776 -6.92765 -0.261193 0.965276 0.00462836 -1.02001 0.11875 0.0273734 0.992547 64.336
0.956269 0.265969 -0.121698 -7.13926 -0.267382 0.963578 0.00487409 -1.02617 0.118562 0.027879 0.992555 65.6052
0.957382 0.26143 -0.122778 -7.32576 -0.263004 0.964788 0.00349611 -1.04888 0.119369 0.0289441 0.992428 67.0349
0.957574 0.260465 -0.123331 -7.55244 -0.262216 0.965007 0.00210377 -1.06982 0.119563 0.0303247 0.992363 68.6098
0.955492 0.269387 -0.120271 -7.80668 -0.271447 0.962453 -0.000770323 -1.06048 0.115548 0.0333832 0.992741 69.9472
0.955774 0.269376 -0.118039 -7.99657 -0.271448 0.962452 -0.00153266 -1.07131 0.113194 0.0335062 0.993008 71.1704
0.956853 0.265812 -0.117371 -8.19966 -0.267652 0.963516 8.87325e-05 -1.10039 0.113113 0.0313298 0.993088 72.716
0.956252 0.269818 -0.113055 -8.45447 -0.271521 0.962432 0.000344699 -1.11065 0.108901 0.0303671 0.993589 74.0617
0.958148 0.263302 -0.112359 -8.62123 -0.264934 0.964266 0.000419327 -1.13265 0.108455 0.0293661 0.993668 75.5505
0.960309 0.255833 -0.111155 -8.82982 -0.257438 0.966295 -8.74578e-05 -1.15175 0.107386 0.0286995 0.993803 76.9552
0.961743 0.252002 -0.107452 -9.05998 -0.253653 0.967294 -0.00175333 -1.18459 0.103496 0.0289419 0.994209 78.4663
0.961858 0.254084 -0.101341 -9.2929 -0.255943 0.966676 -0.00556163 -1.1911 0.0965508 0.031287 0.994836 79.9129
0.962692 0.252239 -0.0979744 -9.47283 -0.254184 0.967125 -0.00770093 -1.23802 0.0928111 0.0323172 0.995159 81.4965
0.963754 0.249694 -0.0939709 -9.69789 -0.251628 0.967781 -0.00914479 -1.291 0.0886599 0.0324591 0.995533 83.0416
0.963851 0.250602 -0.090501 -9.87674 -0.252597 0.967508 -0.01112 -1.33038 0.0847737 0.0335783 0.995834 84.5895
0.964307 0.249918 -0.0874763 -10.0723 -0.252078 0.9676 -0.0144092 -1.36396 0.0810409 0.0359458 0.996062 86.1819
0.964846 0.248307 -0.08611 -10.1994 -0.250548 0.96797 -0.0161013 -1.40301 0.0793538 0.03711 0.996156 87.5341
0.964648 0.24977 -0.0840718 -10.3032 -0.25194 0.967609 -0.0160946 -1.43083 0.0773287 0.0367067 0.99633 88.6148
0.964508 0.251404 -0.0807539 -10.4439 -0.253378 0.96725 -0.015051 -1.45416 0.0743254 0.0349781 0.99662 89.8953
0.964253 0.253391 -0.0775219 -10.5835 -0.255207 0.96678 -0.0143326 -1.48069 0.0713148 0.0336044 0.996888 91.1797
0.962496 0.261087 -0.0737176 -10.7822 -0.262864 0.96471 -0.0153701 -1.51359 0.0671032 0.0341713 0.997161 92.6823
0.962372 0.262425 -0.0705191 -10.9887 -0.264148 0.964347 -0.0161626 -1.5699 0.0637634 0.0341819 0.997379 94.4938
0.961989 0.264814 -0.0667194 -11.2135 -0.266467 0.963693 -0.0170677 -1.62365 0.0597772 0.0341974 0.997626 96.3267
0.961756 0.266428 -0.063575 -11.3774 -0.26803 0.963242 -0.018005 -1.69366 0.0564411 0.0343564 0.997815 97.9976
0.961515 0.26751 -0.062669 -11.489 -0.269203 0.962872 -0.020182 -1.74432 0.0549433 0.036276 0.99783 99.7653
0.961105 0.269515 -0.0603165 -11.6394 -0.271272 0.962228 -0.0229846 -1.81704 0.0518436 0.0384528 0.997915 101.644
0.960451 0.272385 -0.057795 -11.7988 -0.2742 0.961319 -0.0260837 -1.87855 0.0484546 0.0408995 0.997988 103.368
0.95949 0.276533 -0.0539282 -11.9502 -0.278299 0.960074 -0.0284292 -1.93511 0.0439134 0.0422857 0.99814 104.888
0.958403 0.281074 -0.0496036 -12.1053 -0.28272 0.958736 -0.0299227 -1.99849 0.0391462 0.042702 0.998321 106.676
0.95696 0.286534 -0.0461039 -12.2002 -0.288047 0.957137 -0.0303013 -2.04669 0.0354454 0.0422773 0.998477 107.873
0.956467 0.288762 -0.0422881 -12.3131 -0.290115 0.956513 -0.0302741 -2.11554 0.0317071 0.0412246 0.998647 109.464
0.956849 0.287883 -0.0395469 -12.3942 -0.28913 0.956804 -0.030499 -2.19191 0.0290585 0.0406171 0.998752 111.035
0.958476 0.282654 -0.0378191 -12.4833 -0.283847 0.958366 -0.0310667 -2.28158 0.0274635 0.0405115 0.998802 112.803
0.959658 0.278874 -0.0358628 -12.591 -0.280003 0.959478 -0.0316158 -2.36542 0.0255927 0.040382 0.998856 114.679
0.960317 0.276928 -0.0331976 -12.6571 -0.27796 0.96006 -0.0319833 -2.43559 0.0230146 0.0399417 0.998937 116.104
0.961981 0.271296 -0.0314835 -12.7278 -0.27226 0.961695 -0.0319065 -2.53259 0.0216214 0.0392652 0.998995 117.776
0.962977 0.267963 -0.0295296 -12.7821 -0.268856 0.962644 -0.0321375 -2.62358 0.0198149 0.0388869 0.999047 119.523
0.962558 0.269889 -0.0253224 -12.8567 -0.27065 0.962074 -0.0340948 -2.70037 0.0151602 0.0396718 0.999098 121.112
0.963044 0.268337 -0.0232797 -12.9022 -0.26904 0.962464 -0.0357886 -2.79024 0.0128025 0.0407292 0.999088 122.779
0.961653 0.2736 -0.0191596 -12.9985 -0.274154 0.960932 -0.0380647 -2.90404 0.00799658 0.0418577 0.999092 125.152
0.960987 0.276234 -0.0140754 -13.1639 -0.27658 0.960187 -0.0393104 -3.06696 0.00265611 0.0416698 0.999128 127.887
0.959292 0.282305 -0.00787539 -13.2444 -0.282387 0.958433 -0.0407947 -3.16174 -0.00396852 0.0413579 0.999137 129.698
0.959254 0.282533 -0.00273934 -13.2986 -0.282388 0.958346 -0.0427849 -3.25182 -0.00946291 0.0418152 0.999081 131.236
0.960057 0.279805 0.000646663 -13.3229 -0.279507 0.959134 -0.0440135 -3.37067 -0.0129355 0.0420747 0.999031 132.956
0.959819 0.280567 0.00551241 -13.3516 -0.280031 0.958889 -0.0459754 -3.4602 -0.0181849 0.0425844 0.998927 134.567
0.961807 0.273638 0.00699117 -13.3245 -0.27302 0.960845 -0.0472934 -3.57082 -0.0196587 0.0435785 0.998857 136.119
0.964497 0.263977 0.00782694 -13.2814 -0.263295 0.963462 -0.0491694 -3.71607 -0.0205206 0.045363 0.99876 137.982
0.966589 0.256157 0.0094584 -13.2408 -0.255384 0.965532 -0.0502748 -3.83959 -0.0220106 0.0461795 0.998691 139.62
0.96633 0.256973 0.0130552 -13.2364 -0.256018 0.965327 -0.0509664 -3.94097 -0.0256996 0.045908 0.998615 141.156
0.96603 0.257927 0.0161058 -13.216 -0.256839 0.965121 -0.0507439 -4.04218 -0.0286323 0.0448836 0.998582 142.759
0.968009 0.250317 0.0173269 -13.1263 -0.249213 0.967175 -0.0496446 -4.21131 -0.029185 0.0437383 0.998617 144.748
0.967906 0.250401 0.0213698 -13.1234 -0.249093 0.967161 -0.0505206 -4.31467 -0.0333185 0.0435761 0.998494 146.358
0.968862 0.246441 0.0239557 -13.0804 -0.244969 0.968132 -0.0520581 -4.45816 -0.0360216 0.0445687 0.998357 148.028
0.96928 0.244409 0.0275754 -13.0509 -0.242655 0.968545 -0.0551275 -4.56424 -0.0401817 0.0467426 0.998098 149.594
0.969017 0.244851 0.0324785 -13.025 -0.242766 0.968384 -0.0574248 -4.66778 -0.0455122 0.0477608 0.997821 151.112
0.971728 0.233637 0.0340249 -12.9143 -0.231423 0.971078 -0.0587423 -4.82404 -0.0467652 0.0492074 0.997693 152.917
0.971517 0.233738 0.0390153 -12.8753 -0.231131 0.970969 -0.0616201 -4.93112 -0.0522856 0.0508473 0.997337 154.395
0.972052 0.230783 0.0430674 -12.8081 -0.227815 0.971572 -0.0644132 -5.06295 -0.0567085 0.0528016 0.996994 155.979
0.972629 0.227877 0.0454532 -12.6899 -0.224699 0.972201 -0.0658498 -5.21558 -0.0591953 0.0538341 0.996794 157.745
0.97162 0.230937 0.0512051 -12.6244 -0.227373 0.971495 -0.067074 -5.37539 -0.0652354 0.0535278 0.996433 159.62
0.972016 0.228294 0.0553694 -12.5429 -0.224447 0.972115 -0.0679411 -5.51855 -0.069336 0.0536124 0.996152 161.26
0.972588 0.224973 0.0588249 -12.4393 -0.220829 0.972836 -0.0694649 -5.66404 -0.0728547 0.0545704 0.995849 162.823
0.973432 0.220342 0.0622924 -12.3605 -0.215903 0.973843 -0.070815 -5.78325 -0.0762665 0.0554844 0.995543 164.14
0.97248 0.222976 0.0675669 -12.2931 -0.218184 0.973278 -0.0715969 -5.90364 -0.0817257 0.0548845 0.995143 165.541
0.972679 0.220542 0.0725023 -12.2115 -0.215416 0.973842 -0.0722968 -6.03536 -0.0865503 0.0547034 0.994744 166.98
0.974033 0.213817 0.0744453 -12.0638 -0.208509 0.975288 -0.073057 -6.19106 -0.0882264 0.0556375 0.994545 168.568
0.975562 0.206306 0.0756109 -11.8509 -0.200719 0.976749 -0.0753224 -6.34878 -0.0893924 0.0583051 0.994288 170.274
0.974632 0.208405 0.0816025 -11.7553 -0.20219 0.976213 -0.0782736 -6.49315 -0.0959741 0.0597887 0.993587 172.004
0.974124 0.208763 0.0866053 -11.6338 -0.201987 0.976045 -0.0808492 -6.65573 -0.101409 0.061264 0.992957 173.731
0.974487 0.205694 0.0898106 -11.4108 -0.198572 0.976634 -0.0821914 -6.86989 -0.104618 0.0622605 0.992562 175.9
0.975611 0.199519 0.0915112 -11.1877 -0.192079 0.977774 -0.0840404 -7.05126 -0.106245 0.0644134 0.992251 177.688
0.976889 0.19232 0.0932761 -10.9914 -0.18464 0.979121 -0.0850323 -7.24275 -0.107682 0.0658447 0.992003 179.381
0.977933 0.185382 0.0963404 -10.8246 -0.177359 0.98037 -0.0861256 -7.41416 -0.110415 0.0671382 0.991615 181.046
0.978143 0.182281 0.100046 -10.6203 -0.174009 0.980978 -0.0860368 -7.62663 -0.113826 0.0667474 0.991256 183.034
0.978849 0.17747 0.101778 -10.2926 -0.169088 0.981855 -0.0858544 -7.92398 -0.115168 0.0668291 0.991095 185.618
0.979684 0.17156 0.103855 -10.0621 -0.162934 0.982831 -0.0865745 -8.13006 -0.116924 0.0678943 0.990817 187.497
0.979599 0.169917 0.107305 -9.8327 -0.160825 0.983016 -0.0884036 -8.3783 -0.120504 0.0693427 0.990288 190.073
0.980153 0.165164 0.10964 -9.42775 -0.15573 0.983717 -0.0897138 -8.73742 -0.122672 0.070859 0.989914 193.372
0.979358 0.166557 0.114529 -9.19145 -0.156548 0.983423 -0.0914982 -8.95015 -0.12787 0.0716802 0.989197 195.511
0.979679 0.162819 0.117127 -8.89194 -0.152527 0.983999 -0.0920924 -9.21082 -0.130247 0.072356 0.988838 197.769
0.979927 0.159264 0.119907 -8.64703 -0.148697 0.984547 -0.0924964 -9.42077 -0.132786 0.0728099 0.988467 199.579
0.980066 0.156185 0.122791 -8.3127 -0.145354 0.985022 -0.0927589 -9.68567 -0.135439 0.0730617 0.988088 202.015
0.981121 0.146982 0.125686 -7.95922 -0.135793 0.986322 -0.0934251 -9.98261 -0.137698 0.0745941 0.987661 204.57
0.981164 0.143937 0.128841 -7.61608 -0.131806 0.986397 -0.0982244 -10.2673 -0.141226 0.0793923 0.986789 207.205
0.980199 0.14564 0.134158 -7.37953 -0.132344 0.985812 -0.103242 -10.4911 -0.147291 0.0834429 0.985567 209.201
0.979186 0.14766 0.139255 -7.13263 -0.133587 0.985401 -0.105542 -10.7308 -0.152806 0.0847424 0.984616 211.124
0.979278 0.143662 0.142741 -6.80415 -0.128767 0.985704 -0.108655 -10.9934 -0.15631 0.088023 0.983778 213.284
0.978242 0.145742 0.147653 -6.51982 -0.130099 0.985311 -0.110615 -11.2614 -0.161606 0.0889982 0.982834 215.416
0.978074 0.143918 0.150529 -6.157 -0.127519 0.985323 -0.113482 -11.5438 -0.164652 0.091798 0.982071 217.677
0.977837 0.141938 0.153912 -5.76355 -0.125281 0.98566 -0.113042 -11.8846 -0.16775 0.0912544 0.981597 220.124
0.977872 0.138023 0.15721 -5.05993 -0.120997 0.986177 -0.113201 -12.4662 -0.170661 0.0916738 0.981056 224.499
0.97895 0.129189 0.158011 -4.66394 -0.112175 0.987327 -0.11226 -12.767 -0.170512 0.0921725 0.981035 226.71
0.978696 0.125617 0.162404 -4.29021 -0.108237 0.987819 -0.111797 -13.0671 -0.174469 0.0918375 0.980371 229.004
0.977582 0.126415 0.16838 -3.96747 -0.108309 0.987706 -0.112721 -13.3413 -0.18056 0.091957 0.979256 231.107
0.976595 0.12632 0.174087 -3.69621 -0.107305 0.987594 -0.114648 -13.5722 -0.18641 0.0932842 0.978034 232.819
0.976965 0.119368 0.176893 -3.18439 -0.0997612 0.988239 -0.115895 -13.9585 -0.188646 0.095578 0.977383 235.6
0.976191 0.117665 0.182227 -2.86903 -0.0973813 0.9884 -0.116541 -14.1985 -0.193826 0.0960208 0.976326 237.386
0.976372 0.110782 0.18554 -1.76749 -0.0903774 0.989239 -0.115057 -14.9897 -0.19629 0.0955699 0.975877 242.905
0.976368 0.104227 0.189319 -1.46909 -0.0834584 0.989904 -0.11456 -15.2044 -0.199348 0.0960521 0.97521 244.43
0.975421 0.103526 0.194515 -1.08084 -0.0821216 0.989957 -0.115073 -15.4789 -0.204474 0.0962707 0.974126 246.529
0.973955 0.106548 0.200148 -0.792923 -0.0845574 0.989714 -0.1154 -15.6829 -0.210385 0.0954704 0.972946 248.086
0.972859 0.106195 0.205593 -0.440212 -0.0835834 0.989758 -0.115728 -15.9276 -0.215777 0.095403 0.971771 249.883
0.971778 0.106048 0.210716 -0.0666086 -0.0826675 0.989704 -0.116846 -16.1778 -0.220938 0.096129 0.970539 251.733
0.971312 0.103176 0.214259 0.281578 -0.079184 0.989886 -0.117708 -16.3999 -0.224237 0.0973657 0.969659 253.335
0.970117 0.104342 0.219057 0.66042 -0.0794934 0.989664 -0.119357 -16.6535 -0.229246 0.0983768 0.968384 255.096
0.969769 0.0992861 0.222913 1.02946 -0.0736376 0.989969 -0.12058 -16.893 -0.232648 0.10052 0.967352 256.779
0.967751 0.103084 0.229853 1.41921 -0.0766577 0.989676 -0.121096 -17.1528 -0.239964 0.0995711 0.965662 258.639
0.967025 0.0999481 0.23425 2.81143 -0.0731062 0.990004 -0.120613 -17.9563 -0.243963 0.0995105 0.964666 264.416
0.96835 0.0863775 0.234175 3.33559 -0.0593833 0.990999 -0.11998 -18.2262 -0.24243 0.102276 0.964763 266.265
0.967865 0.0819621 0.23774 3.81876 -0.0541502 0.991144 -0.121251 -18.4681 -0.245572 0.104481 0.963731 268.144
0.96623 0.0842036 0.243537 4.22934 -0.0557414 0.991025 -0.121497 -18.718 -0.251581 0.103819 0.962252 269.875
0.964522 0.0867014 0.249361 4.70227 -0.0569277 0.990618 -0.124237 -18.9973 -0.257793 0.105634 0.960408 271.791
0.963479 0.0851832 0.253874 5.30198 -0.053692 0.990255 -0.128497 -19.3226 -0.262346 0.110173 0.958664 273.973
0.963154 0.0786596 0.257191 5.895 -0.0459421 0.990339 -0.130838 -19.6624 -0.264998 0.114201 0.957462 276.047
0.961226 0.0791242 0.264166 6.44175 -0.0446767 0.98998 -0.133957 -20.0042 -0.272118 0.116961 0.955129 278.298
0.960298 0.0743049 0.268898 6.91125 -0.0386987 0.990038 -0.135376 -20.2741 -0.276279 0.119596 0.953607 280.006
0.958755 0.0729465 0.274712 7.30122 -0.0358591 0.989826 -0.137687 -20.4973 -0.281961 0.122157 0.951617 281.44
0.957308 0.071945 0.279975 7.77621 -0.0340533 0.989857 -0.137926 -20.7581 -0.287058 0.122504 0.950048 283.086
0.95578 0.0691098 0.285848 8.24427 -0.0310568 0.99028 -0.135578 -21.0117 -0.292439 0.120705 0.948636 284.667
0.954591 0.0651108 0.290719 8.86708 -0.0272085 0.990801 -0.132564 -21.3433 -0.296676 0.118634 0.947581 286.663
0.952379 0.0679121 0.297257 9.46465 -0.0291692 0.990702 -0.132884 -21.6632 -0.303517 0.117885 0.945505 288.708
0.95138 0.0661622 0.300829 10.2346 -0.0266494 0.990677 -0.133603 -22.0573 -0.306864 0.11909 0.944273 291.086
0.95033 0.0627581 0.304853 10.8694 -0.0225794 0.990781 -0.133578 -22.3723 -0.310425 0.12006 0.942986 293.037
0.949369 0.059729 0.308433 11.5526 -0.0190921 0.990915 -0.133128 -22.7135 -0.313582 0.120499 0.941884 295.093
0.948517 0.0566808 0.311615 12.2014 -0.0157015 0.991062 -0.132475 -23.0412 -0.316338 0.120762 0.940929 297.074
0.948008 0.0550754 0.313444 12.8383 -0.0135692 0.991011 -0.133091 -23.3465 -0.317957 0.121918 0.940234 298.986
0.946597 0.0573283 0.317282 13.3877 -0.0152946 0.990942 -0.133418 -23.6183 -0.322057 0.121441 0.938899 300.753
0.946382 0.0563095 0.318106 13.9064 -0.0136051 0.990765 -0.134905 -23.8614 -0.322764 0.123343 0.938408 302.276
0.944475 0.0565015 0.323689 14.574 -0.0130808 0.990789 -0.13478 -24.2166 -0.328323 0.123062 0.936515 304.401
0.94349 0.0525021 0.327217 15.5251 -0.00823256 0.99078 -0.135233 -24.6459 -0.3313 0.124897 0.935223 307.021
0.940864 0.0556722 0.334179 16.6826 -0.0106481 0.990778 -0.135079 -25.2206 -0.338617 0.123532 0.93278 310.678
0.9397 0.0511935 0.338147 17.4389 -0.00566934 0.990929 -0.134266 -25.5543 -0.341953 0.124253 0.931466 312.743
0.938894 0.0441916 0.341359 18.3472 0.00240475 0.990858 -0.134889 -25.9421 -0.344199 0.127467 0.930204 315.108
0.938013 0.0386864 0.344434 19.5134 0.00901012 0.990694 -0.135811 -26.4368 -0.346482 0.130496 0.928935 318.098
0.936983 0.0359464 0.347521 20.4735 0.0129056 0.990453 -0.137245 -26.8673 -0.349137 0.133081 0.927574 320.552
0.934811 0.0362227 0.353292 21.1027 0.0142852 0.990145 -0.139317 -27.1478 -0.354857 0.135282 0.925081 322.27
0.93356 0.034731 0.356735 23.295 0.0164662 0.990087 -0.139484 -28.1171 -0.358044 0.136091 0.923734 327.828
0.931441 0.0363235 0.362075 23.9615 0.0159434 0.989977 -0.140329 -28.407 -0.363543 0.136481 0.921526 329.567
0.929448 0.0351856 0.367271 24.8306 0.0181458 0.989878 -0.140755 -28.7953 -0.368506 0.137489 0.919402 331.84
0.927344 0.0360439 0.372471 25.4973 0.0182345 0.989816 -0.141183 -29.0817 -0.373766 0.137717 0.917242 333.559
0.925151 0.034927 0.37799 26.1514 0.0202086 0.989814 -0.140922 -29.3823 -0.379062 0.138013 0.915022 335.206
0.923313 0.0332977 0.382602 26.8378 0.0234763 0.989478 -0.142768 -29.6745 -0.38333 0.140801 0.912816 336.875
0.920835 0.0346128 0.388414 27.49 0.0236769 0.989253 -0.144287 -29.9459 -0.389234 0.142061 0.910118 338.455
0.918305 0.0356465 0.394266 28.3208 0.0238111 0.989161 -0.144892 -30.2904 -0.395157 0.142443 0.907502 340.415
0.915787 0.036093 0.400039 29.2055 0.0240817 0.989229 -0.144381 -30.6442 -0.400941 0.141856 0.905054 342.469
0.913898 0.0339867 0.404519 30.3829 0.0263863 0.989408 -0.14274 -31.1247 -0.405086 0.141124 0.903321 345.121
0.911991 0.0310161 0.409037 32.6048 0.0304669 0.989262 -0.142942 -31.9841 -0.409078 0.142824 0.901253 349.961
0.909962 0.0296995 0.413628 35.1248 0.0330457 0.989067 -0.143717 -32.9657 -0.413374 0.144445 0.899032 355.439
0.906398 0.0360803 0.420881 37.3471 0.0276845 0.98913 -0.144414 -33.8479 -0.421517 0.142549 0.895546 360.461
0.90486 0.0352605 0.424247 38.3564 0.0295547 0.988956 -0.145231 -34.2304 -0.424682 0.143953 0.893825 362.563
0.90283 0.0381083 0.428307 41.4292 0.0276195 0.988869 -0.146203 -35.3601 -0.429111 0.143826 0.891728 368.791
0.901416 0.0396178 0.431138 42.7497 0.0263914 0.988925 -0.146052 -35.8712 -0.432149 0.143032 0.890387 371.545
0.900053 0.0404368 0.433901 45.3049 0.0260571 0.98891 -0.146211 -36.8523 -0.435002 0.142904 0.889018 376.803
0.899229 0.0374053 0.435877 46.2776 0.0288817 0.989089 -0.144464 -37.2092 -0.436524 0.142495 0.888337 378.717
0.898043 0.0317193 0.438764 47.0186 0.0345858 0.989219 -0.142302 -37.4851 -0.438547 0.142968 0.887264 380.213
0.896167 0.0324846 0.442527 47.9866 0.0347519 0.989115 -0.142985 -37.8392 -0.442354 0.143517 0.885283 382.188
0.893822 0.0354447 0.447019 50.6204 0.0330833 0.988942 -0.144565 -38.8413 -0.4472 0.144004 0.882765 387.727
0.893464 0.0316062 0.44802 53.7261 0.0380748 0.9886 -0.145673 -39.9268 -0.447517 0.147212 0.882075 393.56
0.892119 0.0304206 0.450775 54.6639 0.0401559 0.988443 -0.146177 -40.2633 -0.450012 0.148508 0.880587 395.386
0.890856 0.0269991 0.453483 55.7102 0.0446822 0.988185 -0.146611 -40.6339 -0.452083 0.150872 0.879124 397.394
0.889195 0.02454 0.45687 57.6618 0.0489544 0.987725 -0.148333 -41.34 -0.454902 0.154263 0.877079 401.173
0.887375 0.0240926 0.460419 59.5357 0.0509783 0.987383 -0.149919 -42.036 -0.458222 0.156506 0.874951 404.739
0.884886 0.0237359 0.465203 60.2933 0.0533613 0.986961 -0.151858 -42.3166 -0.462742 0.159201 0.872081 406.273
0.884213 0.0185685 0.466714 62.5002 0.0595392 0.986578 -0.152051 -43.0631 -0.463273 0.162234 0.871239 410.143
0.883521 0.0121518 0.468234 63.446 0.0668433 0.986161 -0.151721 -43.3988 -0.463598 0.165347 0.870481 411.837
0.88336 0.00447955 0.468673 64.2262 0.0751487 0.985664 -0.151062 -43.6574 -0.46263 0.168663 0.87036 413.173
0.88236 -0.000340755 0.470575 65.3171 0.0810945 0.985149 -0.151344 -44.0408 -0.463535 0.171701 0.869284 415.105
0.881264 -0.000874642 0.472624 66.9194 0.0833594 0.984609 -0.153611 -44.5851 -0.465216 0.17477 0.867773 417.921
0.880435 -0.00333646 0.474155 68.7405 0.0876019 0.983906 -0.15574 -45.1892 -0.466004 0.178656 0.866557 421.001
0.879142 -0.00638973 0.476518 69.5105 0.0921226 0.983329 -0.156774 -45.4522 -0.467572 0.181725 0.865074 422.361
0.878062 -0.00939967 0.478454 70.3726 0.0957946 0.983023 -0.156491 -45.7599 -0.46886 0.183242 0.864056 423.866
0.875869 -0.0126871 0.482383 71.3269 0.0998806 0.982772 -0.155507 -46.0992 -0.4721 0.184384 0.862047 425.567
0.873739 -0.0199811 0.485985 72.18 0.107953 0.982202 -0.153703 -46.3895 -0.474265 0.18676 0.860345 427.103
0.871944 -0.0249306 0.488971 73.0018 0.11318 0.981916 -0.151761 -46.6683 -0.476345 0.187669 0.858997 428.496
0.868918 -0.027663 0.494183 73.9915 0.117729 0.981333 -0.152069 -47.0063 -0.480752 0.190315 0.855955 430.218
0.866148 -0.028811 0.498957 74.9971 0.121071 0.980697 -0.153541 -47.3472 -0.484902 0.193398 0.852917 431.949
0.864285 -0.03649 0.501677 75.9874 0.131605 0.979027 -0.155518 -47.668 -0.48548 0.200435 0.850961 433.553
0.860888 -0.0367964 0.507462 77.4923 0.13459 0.978322 -0.157387 -48.207 -0.49067 0.203792 0.847179 436.155
0.858983 -0.039936 0.510445 78.306 0.139743 0.977389 -0.158693 -48.4755 -0.492565 0.207645 0.845141 437.448
0.855851 -0.040435 0.51564 79.2086 0.141122 0.977369 -0.15759 -48.7826 -0.497598 0.207642 0.842188 438.931
0.852071 -0.0380606 0.522041 79.9925 0.138422 0.97823 -0.154612 -49.074 -0.504791 0.204002 0.83879 440.267
0.849318 -0.0416274 0.526238 80.8885 0.141803 0.978236 -0.151479 -49.3612 -0.508479 0.203276 0.836736 441.675
0.846633 -0.0446127 0.530304 81.8057 0.144568 0.978288 -0.148503 -49.6429 -0.512164 0.202392 0.8347 443.1
0.842822 -0.0419032 0.536558 82.8554 0.142075 0.978922 -0.146721 -49.9718 -0.5191 0.199892 0.83101 444.798
0.840598 -0.0492336 0.539418 84.1213 0.152 0.977287 -0.14767 -50.3309 -0.519895 0.206123 0.828989 446.629
0.838949 -0.0531046 0.541614 86.0487 0.158162 0.976062 -0.149288 -50.8918 -0.520721 0.210908 0.827265 449.369
0.836737 -0.0592238 0.544392 88.4063 0.168132 0.973902 -0.15247 -51.5658 -0.521155 0.219107 0.824857 452.798
0.83465 -0.0644921 0.546992 89.6456 0.176514 0.97206 -0.154732 -51.9388 -0.52173 0.225698 0.822714 454.605
0.833795 -0.068628 0.547792 90.6763 0.182248 0.970835 -0.155773 -52.2439 -0.521125 0.229717 0.821985 456.091
0.831757 -0.0648913 0.551334 91.5866 0.178726 0.971569 -0.155278 -52.5415 -0.525583 0.227692 0.819707 457.501
0.829094 -0.0604094 0.555836 92.9736 0.173872 0.97271 -0.153634 -52.988 -0.531386 0.224022 0.816972 459.619
0.827203 -0.0622341 0.558445 93.9887 0.17589 0.97258 -0.152154 -53.2938 -0.533664 0.224087 0.815468 461.101
0.824615 -0.0624033 0.562242 95.3077 0.176939 0.972481 -0.151572 -53.6835 -0.537311 0.224471 0.812963 463.026
0.821942 -0.0623098 0.566153 96.7188 0.178223 0.972219 -0.151744 -54.1088 -0.54097 0.225627 0.810213 465.07
0.818933 -0.0620644 0.570523 98.2968 0.180614 0.971491 -0.153571 -54.5698 -0.544727 0.228808 0.806796 467.323
0.817418 -0.0668482 0.572153 100.965 0.187872 0.969872 -0.155091 -55.3029 -0.544548 0.234266 0.805349 470.804
0.815814 -0.071132 0.573923 102.349 0.195142 0.968061 -0.157407 -55.6883 -0.544396 0.240411 0.803639 472.641
0.813943 -0.0747753 0.576112 105.147 0.201402 0.966501 -0.1591 -56.4623 -0.544916 0.245529 0.801737 476.381
0.812093 -0.07898 0.578158 106.263 0.207345 0.965196 -0.15939 -56.7687 -0.545447 0.249318 0.800205 477.842
0.809487 -0.0790198 0.581796 108.175 0.207587 0.965421 -0.157704 -57.3092 -0.549216 0.248432 0.797899 480.457
0.80709 -0.0822144 0.584677 109.737 0.210625 0.965196 -0.155027 -57.7461 -0.551582 0.248268 0.796316 482.526
0.804407 -0.0860023 0.58782 110.914 0.214322 0.964844 -0.152127 -58.0698 -0.554072 0.248355 0.794559 484.076
0.801633 -0.0880306 0.591299 112.264 0.21623 0.964828 -0.149506 -58.4564 -0.557341 0.247706 0.792473 485.879
0.799455 -0.0910916 0.593779 113.469 0.221013 0.963709 -0.149727 -58.7876 -0.558592 0.250933 0.790575 487.405
0.797454 -0.0957265 0.595738 116.256 0.229124 0.961422 -0.152219 -59.5461 -0.558184 0.257885 0.788623 490.907
0.794575 -0.0958673 0.599549 117.788 0.232161 0.96039 -0.154115 -59.9633 -0.561027 0.261649 0.785359 492.889
0.792178 -0.0999119 0.602056 118.818 0.238998 0.958504 -0.155406 -60.2409 -0.561546 0.266999 0.783184 494.188
0.790052 -0.0992913 0.604946 120.416 0.239014 0.958596 -0.154812 -60.6584 -0.564527 0.2669 0.781072 496.173
0.788691 -0.103663 0.605987 121.496 0.244268 0.957379 -0.154141 -60.9367 -0.56418 0.269593 0.780398 497.459
0.786334 -0.107661 0.608349 122.484 0.248422 0.956684 -0.151797 -61.2145 -0.565655 0.27049 0.779018 498.7
0.783992 -0.112669 0.610461 124.603 0.252946 0.956031 -0.148399 -61.777 -0.5669 0.270757 0.77802 501.314
0.781118 -0.116341 0.613449 125.672 0.255578 0.955985 -0.14413 -62.063 -0.56968 0.269366 0.776471 502.662
0.778127 -0.117192 0.617078 126.817 0.256911 0.955883 -0.142425 -62.3569 -0.573163 0.269359 0.773906 504.091
0.775225 -0.119533 0.620272 127.958 0.262365 0.954159 -0.144031 -62.6531 -0.574622 0.274394 0.771049 505.501
0.772724 -0.116713 0.623919 129.283 0.262409 0.953759 -0.146579 -62.9835 -0.577961 0.276988 0.767619 507.096
0.770478 -0.120462 0.625981 130.454 0.270248 0.951096 -0.149604 -63.2745 -0.577347 0.284437 0.765354 508.484
0.768124 -0.122833 0.628409 134.276 0.275521 0.949327 -0.151216 -64.2129 -0.577992 0.289293 0.763044 512.997
0.764999 -0.121198 0.632525 137.841 0.274509 0.949812 -0.150008 -65.1866 -0.582599 0.28839 0.759875 517.377
0.763023 -0.127314 0.633709 140.205 0.282225 0.947639 -0.149433 -65.7434 -0.581503 0.292869 0.759001 520.065
0.760875 -0.127214 0.636306 142.993 0.281793 0.948083 -0.147412 -66.4423 -0.584519 0.291469 0.757221 523.348
0.758287 -0.129362 0.638958 146.426 0.284144 0.947701 -0.145341 -67.2891 -0.58674 0.291766 0.755387 527.339
0.755734 -0.133775 0.64107 149.333 0.289974 0.946075 -0.144418 -68.0017 -0.587181 0.295036 0.753772 530.697
0.75392 -0.137701 0.642373 152.239 0.296249 0.943988 -0.145336 -68.7051 -0.586379 0.299875 0.752486 534.034
0.751582 -0.138502 0.644935 155.078 0.298703 0.943182 -0.145546 -69.4329 -0.588133 0.302034 0.75025 537.41
0.748753 -0.136945 0.648548 157.643 0.299293 0.942856 -0.146445 -70.0871 -0.591433 0.303757 0.746953 540.456
0.746811 -0.141016 0.649914 160.039 0.30607 0.940491 -0.147639 -70.6598 -0.590419 0.309178 0.74553 543.07
0.744343 -0.141237 0.652691 161.75 0.307987 0.93983 -0.147863 -71.0606 -0.592535 0.311081 0.743055 544.947
0.741542 -0.144411 0.655181 163.806 0.313019 0.938226 -0.147481 -71.5601 -0.59341 0.314447 0.740937 547.22
0.738094 -0.147939 0.658279 166.697 0.317585 0.936998 -0.145515 -72.3135 -0.595279 0.316464 0.738576 550.51
0.735038 -0.151554 0.660871 168.323 0.322332 0.935618 -0.143945 -72.7097 -0.596508 0.318825 0.736566 552.29
0.730641 -0.152893 0.665423 171.37 0.325658 0.934638 -0.142826 -73.449 -0.600093 0.321054 0.732675 555.824
0.726118 -0.149744 0.671066 173.034 0.323491 0.935629 -0.14125 -73.8713 -0.606718 0.319648 0.727818 557.701
0.722783 -0.149974 0.674606 174.368 0.324616 0.935452 -0.139835 -74.192 -0.61009 0.320058 0.724813 559.146
0.719578 -0.153651 0.677199 176.378 0.330325 0.933549 -0.139181 -74.6328 -0.610814 0.323847 0.722516 561.241
0.716433 -0.153825 0.680487 178.032 0.331674 0.93321 -0.138242 -74.997 -0.613772 0.324741 0.719602 562.992
0.713164 -0.154583 0.68374 179.7 0.333943 0.932512 -0.137488 -75.3888 -0.616343 0.326382 0.716656 564.767
0.710608 -0.156765 0.685902 181.209 0.337557 0.931302 -0.136863 -75.7003 -0.617327 0.328787 0.714708 566.304
0.707097 -0.153497 0.690255 182.773 0.333746 0.933032 -0.134404 -76.0496 -0.6234 0.325406 0.710974 567.972
0.704426 -0.151487 0.693424 184.222 0.330531 0.934575 -0.131605 -76.3732 -0.628119 0.321904 0.708409 569.477
0.703134 -0.155844 0.693769 185.633 0.335645 0.932889 -0.130618 -76.6425 -0.626853 0.324702 0.708254 570.821
0.701732 -0.156292 0.695087 187.156 0.337115 0.932347 -0.130698 -76.9562 -0.627635 0.326039 0.706946 572.334
0.699642 -0.156805 0.697075 189.013 0.340318 0.930978 -0.13215 -77.3408 -0.62824 0.329685 0.704715 574.197
0.697768 -0.154855 0.699386 190.37 0.341548 0.930146 -0.134809 -77.6169 -0.629655 0.332939 0.701916 575.557
0.696706 -0.15547 0.700307 191.816 0.344083 0.929028 -0.136068 -77.9053 -0.629451 0.335763 0.700753 576.959
0.695081 -0.159625 0.700987 193.154 0.3492 0.927257 -0.135108 -78.1856 -0.628428 0.338695 0.70026 578.268
0.693893 -0.158827 0.702344 195.373 0.346653 0.928589 -0.132492 -78.6671 -0.631146 0.335404 0.699399 580.457
0.692286 -0.157406 0.704247 196.882 0.34466 0.929535 -0.131047 -78.9787 -0.633995 0.333448 0.697756 581.953
0.68977 -0.154041 0.707452 198.208 0.339787 0.931693 -0.128427 -79.276 -0.639345 0.328968 0.694995 583.306
0.687889 -0.154794 0.709117 199.994 0.34148 0.931132 -0.128 -79.6552 -0.640468 0.330199 0.693375 585.074
0.68721 -0.155908 0.709531 201.985 0.346138 0.928976 -0.131122 -80.0528 -0.638694 0.335704 0.692367 586.983
0.686786 -0.157499 0.709591 203.606 0.351863 0.926271 -0.134962 -80.3738 -0.636017 0.342368 0.691568 588.515
0.68676 -0.158512 0.70939 205.92 0.355003 0.924766 -0.137041 -80.8657 -0.634298 0.34595 0.691365 590.72
0.68622 -0.161237 0.709298 207.134 0.358339 0.923522 -0.136746 -81.1311 -0.633004 0.348007 0.691517 591.876
0.686623 -0.164739 0.708103 211.182 0.362291 0.921971 -0.136805 -81.9273 -0.630313 0.350473 0.69273 595.702
0.686516 -0.168491 0.707323 215.898 0.366752 0.920212 -0.13676 -82.8666 -0.627844 0.3533 0.693535 600.184
0.685865 -0.171765 0.707168 220.083 0.369571 0.919322 -0.135142 -83.7585 -0.626902 0.354038 0.69401 604.229
0.68468 -0.174896 0.707548 221.461 0.373696 0.917708 -0.134773 -84.0581 -0.625751 0.356684 0.693694 605.567
0.683873 -0.175748 0.708117 223.022 0.374379 0.917567 -0.133831 -84.3754 -0.626225 0.356628 0.693296 607.069
0.683162 -0.178508 0.708113 225.286 0.377809 0.916204 -0.133531 -84.8173 -0.62494 0.358755 0.693358 609.212
0.682045 -0.17902 0.70906 227.351 0.378274 0.916154 -0.132555 -85.2545 -0.625878 0.358628 0.692577 611.245
0.681137 -0.180752 0.709493 229.268 0.380816 0.915114 -0.13246 -85.6406 -0.625325 0.36041 0.692151 613.085
0.68014 -0.180791 0.710439 234.504 0.382202 0.914428 -0.1332 -86.7344 -0.625564 0.362126 0.691038 618.116
0.679298 -0.182051 0.710923 236.06 0.383664 0.913908 -0.132566 -87.0678 -0.625584 0.362807 0.690663 619.63
0.678508 -0.183616 0.711275 239.301 0.384235 0.913952 -0.130597 -87.7495 -0.626091 0.361908 0.690675 622.756
0.677697 -0.183017 0.712202 240.681 0.383559 0.914318 -0.13002 -88.0393 -0.627383 0.361286 0.689828 624.091
0.677365 -0.181414 0.712928 244.565 0.382685 0.914563 -0.130872 -88.8475 -0.628275 0.361475 0.688917 627.825
0.676649 -0.182277 0.713388 246.225 0.384645 0.913666 -0.131386 -89.1763 -0.627849 0.363303 0.688343 629.41
0.676292 -0.183783 0.713339 248.04 0.386384 0.912973 -0.131101 -89.5444 -0.627166 0.364285 0.688447 631.119
0.676536 -0.183024 0.713303 252.727 0.384995 0.913613 -0.13073 -90.4999 -0.627756 0.363061 0.688556 635.556
0.676005 -0.183407 0.713708 254.332 0.384798 0.913853 -0.12963 -90.8407 -0.628449 0.362264 0.688343 637.115
0.675498 -0.183151 0.714253 258.245 0.384402 0.914087 -0.129152 -91.6551 -0.629235 0.361802 0.687868 640.865
0.675044 -0.182335 0.714891 259.631 0.383828 0.914316 -0.129235 -91.938 -0.630073 0.361635 0.687189 642.202
0.67414 -0.182275 0.715759 263.81 0.384459 0.914037 -0.129336 -92.8281 -0.630655 0.36237 0.686266 646.257
0.673786 -0.181978 0.716167 267.765 0.384574 0.913954 -0.12958 -93.6414 -0.630963 0.362728 0.685794 650.015
0.67258 -0.182175 0.71725 269.241 0.384523 0.914143 -0.128391 -93.9602 -0.63228 0.362153 0.684885 651.463
0.6722 -0.183133 0.717363 270.716 0.384485 0.914374 -0.126852 -94.2611 -0.632707 0.361085 0.685054 652.86
0.672187 -0.180228 0.71811 275.519 0.379883 0.916471 -0.125578 -95.2822 -0.635495 0.35721 0.684505 657.431
0.66971 -0.178987 0.72073 280.159 0.379995 0.916434 -0.125507 -96.2894 -0.638038 0.357928 0.681759 661.968
0.668887 -0.177758 0.721798 281.779 0.380137 0.916221 -0.126632 -96.6278 -0.638817 0.359084 0.68042 663.503
0.667912 -0.174824 0.723416 283.126 0.37832 0.91682 -0.12773 -96.9208 -0.640912 0.358995 0.678494 664.8
0.667777 -0.171836 0.724255 284.564 0.374497 0.918436 -0.127387 -97.2161 -0.643292 0.356298 0.677663 666.157
0.668154 -0.171411 0.724008 286.495 0.373039 0.91913 -0.126653 -97.6243 -0.643748 0.354707 0.678064 667.997
0.669018 -0.172411 0.722973 287.969 0.373572 0.918928 -0.126551 -97.9193 -0.642541 0.354747 0.679187 669.356
0.668232 -0.172085 0.723776 289.54 0.373455 0.919011 -0.126291 -98.2683 -0.643426 0.35469 0.678379 670.869
0.668649 -0.170286 0.723817 291.271 0.371346 0.919817 -0.126646 -98.6254 -0.644213 0.353469 0.678269 672.484
0.669469 -0.168989 0.723363 292.698 0.369248 0.920659 -0.126658 -98.9106 -0.644567 0.351894 0.678752 673.812
0.669231 -0.167371 0.723959 294.087 0.367333 0.921442 -0.126537 -99.1997 -0.645907 0.350617 0.678138 675.149
0.668511 -0.16903 0.724239 296.209 0.369851 0.920429 -0.126573 -99.653 -0.645216 0.352475 0.677833 677.151
0.669183 -0.168393 0.723767 297.813 0.36987 0.920242 -0.12787 -99.9795 -0.644508 0.353268 0.678094 678.629
0.669349 -0.167676 0.723779 299.85 0.369831 0.92012 -0.128857 -100.398 -0.644358 0.353926 0.677894 680.549
0.669524 -0.17077 0.722894 304.04 0.372361 0.919259 -0.127714 -101.297 -0.642717 0.354685 0.679054 684.492
0.671263 -0.172475 0.720873 305.254 0.372709 0.919198 -0.127133 -101.554 -0.640698 0.354016 0.681307 685.645
0.6731 -0.173272 0.718967 308.586 0.373173 0.918902 -0.12791 -102.236 -0.638497 0.354395 0.683173 688.795
0.674385 -0.17341 0.717728 310.551 0.373189 0.91879 -0.128664 -102.651 -0.63713 0.354617 0.684333 690.67
0.674814 -0.173635 0.71727 312.922 0.373736 0.918483 -0.12927 -103.148 -0.636354 0.355303 0.684699 692.907
0.674516 -0.172402 0.717848 314.428 0.372919 0.918746 -0.129757 -103.474 -0.63715 0.355222 0.684001 694.357
0.67489 -0.171904 0.717616 316.554 0.37254 0.918829 -0.130255 -103.916 -0.636975 0.355249 0.68415 696.381
0.675272 -0.173185 0.716948 318.591 0.375068 0.917607 -0.13161 -104.335 -0.635084 0.357777 0.68459 698.268
0.675679 -0.173852 0.716403 321.511 0.376987 0.916602 -0.133123 -104.933 -0.633513 0.360023 0.684869 700.997
0.675567 -0.173818 0.716517 323.198 0.378464 0.915766 -0.13468 -105.289 -0.632752 0.362161 0.684444 702.607
0.675519 -0.172412 0.716902 324.367 0.377839 0.915863 -0.135767 -105.541 -0.633176 0.362587 0.683827 703.745
0.674127 -0.172667 0.718149 325.59 0.378941 0.91543 -0.135612 -105.818 -0.634 0.363556 0.682548 704.931
0.674433 -0.171227 0.718208 326.847 0.377849 0.915751 -0.136496 -106.076 -0.634327 0.363431 0.68231 706.111
0.673652 -0.172953 0.718526 328.269 0.380809 0.914462 -0.136911 -106.366 -0.633386 0.365851 0.681891 707.459
0.673426 -0.172571 0.71883 329.537 0.380945 0.914335 -0.137376 -106.634 -0.633545 0.366347 0.681477 708.658
0.673181 -0.172215 0.719145 331.279 0.380458 0.914576 -0.137125 -107.012 -0.634098 0.365914 0.681195 710.302
0.672841 -0.172699 0.719347 332.657 0.381341 0.914195 -0.13721 -107.313 -0.633927 0.366637 0.680965 711.606
0.673334 -0.172742 0.718876 335.515 0.380975 0.914361 -0.137124 -107.91 -0.633625 0.366203 0.68148 714.261
0.672235 -0.171826 0.720122 337.202 0.379934 0.914906 -0.136367 -108.285 -0.635413 0.36527 0.680315 715.879
0.671669 -0.171985 0.720612 339.85 0.381739 0.913958 -0.137681 -108.832 -0.63493 0.367562 0.679531 718.35
0.672089 -0.171147 0.72042 341.571 0.381109 0.914116 -0.138378 -109.207 -0.634865 0.367561 0.679593 719.948
0.672826 -0.170446 0.719898 342.75 0.38037 0.914326 -0.13902 -109.453 -0.634526 0.367364 0.680015 721.057
0.672995 -0.170809 0.719654 344.066 0.380472 0.914318 -0.138791 -109.752 -0.634286 0.367214 0.68032 722.309
