1 0 0 0 0 1 0 0 0 0 1 0
0.999983 -0.000154226 -0.00583264 -0.0143446 -6.15036e-06 0.999622 -0.0274864 0.00868468 0.00583468 0.0274859 0.999605 1.90569
0.99995 -0.00329043 -0.00940408 -0.0317671 0.00293283 0.999281 -0.0377899 -0.00484293 0.00952167 0.0377604 0.999241 3.05142
0.999926 -0.00188001 -0.0120527 -0.0639227 0.00153864 0.999599 -0.0282698 -0.0339778 0.012101 0.0282492 0.999528 4.11243
0.999889 0.00141784 -0.0148385 -0.112153 -0.00165558 0.99987 -0.016022 -0.082073 0.0148138 0.0160448 0.999762 5.34718
0.999839 0.00220832 -0.0177908 -0.137169 -0.00242115 0.999926 -0.0119501 -0.121011 0.0177631 0.0119913 0.99977 6.41693
0.999835 0.00215334 -0.0180232 -0.16688 -0.00242769 0.999881 -0.0152136 -0.150303 0.0179883 0.0152548 0.999722 7.63882
0.999839 0.000988556 -0.0179321 -0.193336 -0.00132019 0.999828 -0.0184912 -0.178942 0.0179107 0.0185119 0.999668 8.86783
0.999858 0.00273537 -0.0166372 -0.241531 -0.00305605 0.999809 -0.0192798 -0.215969 0.0165813 0.0193279 0.999676 10.2023
0.999842 0.00338468 -0.0174528 -0.247891 -0.00371322 0.999816 -0.0188265 -0.240991 0.0173859 0.0188883 0.99967 11.159
0.999839 0.00402757 -0.0174957 -0.26647 -0.00434694 0.999824 -0.0182548 -0.268678 0.0174191 0.0183279 0.99968 12.0657
0.999836 0.00276242 -0.0179108 -0.283893 -0.00310148 0.999816 -0.0189306 -0.297764 0.0178552 0.018983 0.99966 12.9591
0.999845 0.00324136 -0.017316 -0.323449 -0.00358929 0.999792 -0.0201 -0.326538 0.0172473 0.020159 0.999648 14.0269
0.99983 0.00298848 -0.0181789 -0.341178 -0.00337597 0.999767 -0.0213224 -0.347412 0.0181109 0.0213802 0.999607 14.9167
0.999829 0.00466597 -0.0178719 -0.373586 -0.00503595 0.999773 -0.0207131 -0.378145 0.0177712 0.0207995 0.999626 15.8598
0.999852 0.00834175 -0.0150789 -0.436657 -0.00863847 0.999768 -0.0197213 -0.413477 0.0149109 0.0198486 0.999692 16.8287
0.999847 0.0059442 -0.0164768 -0.436859 -0.0062793 0.999773 -0.0203609 -0.446801 0.016352 0.0204612 0.999657 18.0982
0.999857 0.00502312 -0.0161262 -0.462759 -0.00536444 0.999761 -0.0211921 -0.484201 0.0160159 0.0212756 0.999645 19.1969
0.999868 0.00335843 -0.0158755 -0.49022 -0.00371379 0.999742 -0.022408 -0.522116 0.0157961 0.022464 0.999623 20.4321
0.999854 0.00271625 -0.0168676 -0.496275 -0.00310639 0.999727 -0.0231466 -0.556952 0.0168001 0.0231956 0.99959 21.5079
0.99986 0.00297082 -0.0164612 -0.534521 -0.00335666 0.999719 -0.0234611 -0.591531 0.0163869 0.0235131 0.999589 22.5942
0.99983 -0.000316564 -0.0184292 -0.546271 -0.000119395 0.99972 -0.0236499 -0.64146 0.0184316 0.0236481 0.99955 24.1203
0.999805 -2.27308e-05 -0.0197582 -0.585089 -0.000443436 0.999722 -0.023589 -0.696207 0.0197532 0.0235931 0.999526 25.6915
0.999796 0.000913372 -0.0201721 -0.621261 -0.00138662 0.999724 -0.0234592 -0.741113 0.0201451 0.0234824 0.999521 26.8654
0.999779 0.00273386 -0.0208444 -0.670943 -0.00322373 0.999719 -0.0235041 -0.811044 0.0207743 0.0235661 0.999506 28.8008
0.999749 0.00160656 -0.0223672 -0.703444 -0.00212865 0.999725 -0.0233376 -0.84387 0.0223235 0.0233794 0.999477 29.8745
0.999721 0.000806727 -0.0236255 -0.750179 -0.00133425 0.99975 -0.0223212 -0.886475 0.0236016 0.0223465 0.999472 30.9589
0.999674 0.00312213 -0.0253535 -0.793154 -0.00365965 0.999769 -0.0211825 -0.914215 0.0252815 0.0212684 0.999454 32.141
0.999597 0.00712039 -0.0274776 -0.85116 -0.00768422 0.999761 -0.0204689 -0.944222 0.0273253 0.0206718 0.999413 33.1945
0.999484 0.00516764 -0.0317178 -0.89223 -0.00585643 0.999748 -0.0216616 -0.979565 0.0315979 0.0218361 0.999262 34.3355
0.999293 0.00526082 -0.037233 -0.925559 -0.00624009 0.999636 -0.0262341 -1.00566 0.0370814 0.0264479 0.998962 35.2564
0.999065 0.00722222 -0.0426162 -1.00349 -0.00843899 0.99956 -0.0284412 -1.04963 0.0423921 0.0287743 0.998687 36.5495
0.998827 0.00794574 -0.0477585 -1.09275 -0.0092264 0.999602 -0.0266551 -1.08181 0.0475277 0.0270644 0.998503 37.899
0.998544 0.00822324 -0.0533065 -1.1564 -0.00945982 0.999691 -0.0229869 -1.12655 0.053101 0.0234577 0.998314 39.0969
0.998333 0.00827591 -0.0571123 -1.23188 -0.00953507 0.999717 -0.0218099 -1.16368 0.0569156 0.0223182 0.99813 40.21
0.998169 0.00925935 -0.0597755 -1.31135 -0.0105891 0.999703 -0.0219672 -1.19806 0.0595543 0.0225599 0.99797 41.354
0.998185 0.0126658 -0.0588823 -1.41895 -0.013939 0.999677 -0.0212628 -1.23552 0.058594 0.0220449 0.998038 42.5198
0.998182 0.0137621 -0.0586837 -1.48998 -0.0149514 0.999691 -0.0198742 -1.27127 0.0583921 0.0207155 0.998079 43.527
0.998214 0.0133293 -0.0582361 -1.56101 -0.0145222 0.999692 -0.0201075 -1.29971 0.0579502 0.0209173 0.9981 44.5889
0.998242 0.0131469 -0.0577955 -1.63204 -0.0143618 0.999683 -0.0206556 -1.33587 0.0575057 0.0214493 0.998115 45.7761
0.998298 0.0119622 -0.0570794 -1.7078 -0.0131913 0.999688 -0.0212046 -1.38276 0.0568079 0.0219215 0.998144 47.07
0.998376 0.0110198 -0.055899 -1.79316 -0.0122594 0.999685 -0.0218806 -1.43385 0.0556403 0.0225303 0.998197 48.4139
0.998448 0.00964199 -0.0548514 -1.86643 -0.0108537 0.999703 -0.0218354 -1.48762 0.0546246 0.0223969 0.998256 49.6804
0.998521 0.00865661 -0.0536732 -1.9247 -0.00984218 0.999713 -0.0218637 -1.52226 0.0534685 0.0223597 0.998319 50.7009
0.998614 0.00935694 -0.0517979 -1.99675 -0.0104881 0.999711 -0.02161 -1.56016 0.0515807 0.0221234 0.998424 51.7149
0.99867 0.00966651 -0.0506411 -2.05092 -0.0108043 0.999694 -0.0222421 -1.59364 0.0504106 0.0227597 0.998469 52.6774
0.998736 0.0118232 -0.0488509 -2.15145 -0.0129351 0.999663 -0.0225084 -1.64634 0.0485683 0.0231118 0.998552 54.1079
0.998752 0.0137603 -0.0480192 -2.20683 -0.014847 0.99964 -0.0223486 -1.68791 0.0476944 0.0230336 0.998596 55.1614
0.998753 0.0138837 -0.0479595 -2.27253 -0.0149761 0.999635 -0.0224936 -1.74209 0.0476297 0.0231838 0.998596 56.4774
0.99877 0.0174223 -0.0464198 -2.34734 -0.0185293 0.999552 -0.0235252 -1.77431 0.0459891 0.0243564 0.998645 57.4986
0.99882 0.0170299 -0.0454774 -2.42734 -0.018109 0.999562 -0.0234229 -1.81903 0.0450586 0.0242188 0.998691 58.7075
0.99889 0.017624 -0.0436809 -2.50644 -0.0186595 0.999552 -0.0234121 -1.8577 0.0432487 0.0242012 0.998771 59.7612
0.998893 0.0191991 -0.0429517 -2.56122 -0.0202522 0.999502 -0.0242198 -1.89492 0.0424653 0.0250629 0.998784 60.7826
0.99891 0.0170439 -0.0434536 -2.60365 -0.0181411 0.999523 -0.024983 -1.94509 0.0430071 0.025744 0.998743 61.9192
0.998909 0.0169476 -0.0435195 -2.6633 -0.0180151 0.999543 -0.024254 -1.99203 0.0430886 0.0250116 0.998758 63.0336
0.998855 0.0149454 -0.0454494 -2.71 -0.0159967 0.999611 -0.0228544 -2.03964 0.0450902 0.0235553 0.998705 64.1134
0.998735 0.0129093 -0.0486027 -2.77102 -0.0140366 0.999639 -0.0229253 -2.08238 0.0482892 0.0235785 0.998555 65.1687
0.998582 0.00958378 -0.0523649 -2.84541 -0.0108803 0.99964 -0.0245305 -2.12567 0.052111 0.0250655 0.998327 66.3027
0.99817 0.00615152 -0.0601519 -2.89236 -0.00777534 0.999611 -0.0267985 -2.1609 0.0599636 0.0272172 0.997829 67.3112
0.997661 0.00121903 -0.0683441 -2.95009 -0.00313553 0.999605 -0.0279417 -2.20429 0.068283 0.0280906 0.99727 68.2599
0.997219 0.00190478 -0.0744976 -3.06204 -0.00393343 0.999625 -0.0270939 -2.25161 0.0744181 0.0273116 0.996853 69.4591
0.996805 0.00433634 -0.0797519 -3.16824 -0.00638217 0.999657 -0.0254154 -2.29048 0.0796143 0.0258432 0.996491 70.5359
0.996412 0.00717035 -0.0843368 -3.2691 -0.00926582 0.999657 -0.0244813 -2.33794 0.0841323 0.0251749 0.996137 71.6023
0.996233 0.00948359 -0.0861991 -3.38398 -0.011701 0.999613 -0.0252557 -2.38759 0.0859262 0.0261692 0.995958 72.6772
0.996212 0.0106457 -0.0863001 -3.51421 -0.0131099 0.999521 -0.0280383 -2.43784 0.0859602 0.0290635 0.995875 73.8302
0.996351 0.0134341 -0.0842864 -3.64392 -0.0159595 0.999441 -0.0293601 -2.49019 0.0838449 0.0305982 0.996009 75.018
0.996496 0.012261 -0.0827331 -3.77161 -0.0147356 0.99946 -0.0293657 -2.55719 0.0823284 0.030482 0.996139 76.6027
0.996751 0.0110554 -0.079783 -3.89665 -0.0133111 0.999525 -0.0277974 -2.63946 0.0794378 0.0287691 0.996425 78.2326
0.997177 0.0125394 -0.0740381 -3.98726 -0.0145491 0.999538 -0.0266669 -2.68784 0.0736695 0.0276688 0.996899 79.2726
0.997538 0.012452 -0.0690123 -4.05314 -0.0143244 0.999541 -0.0267038 -2.73484 0.0686481 0.0276266 0.997258 80.322
0.998028 0.0111686 -0.0617701 -4.12608 -0.0128617 0.999551 -0.0270808 -2.78619 0.0614399 0.0278219 0.997723 81.4589
0.998498 0.0111916 -0.0536306 -4.17859 -0.0126461 0.999559 -0.0268573 -2.8401 0.0533064 0.0274951 0.9982 82.5424
0.998989 0.0130272 -0.0430171 -4.22876 -0.0142067 0.999528 -0.0272282 -2.88506 0.0426421 0.0278118 0.998703 83.6433
0.999364 0.0150054 -0.0323406 -4.26709 -0.0158817 0.999509 -0.0270133 -2.93444 0.0319193 0.0275097 0.999112 84.7972
0.999645 0.0172428 -0.0203189 -4.3172 -0.0177969 0.999466 -0.0274162 -2.98522 0.0198353 0.0277681 0.999418 86.158
0.999803 0.0175248 -0.00934756 -4.33841 -0.0177783 0.999456 -0.0277698 -3.04287 0.00885582 0.0279305 0.999571 87.4357
0.999838 0.0178827 0.00181867 -4.36005 -0.0178222 0.999417 -0.0291091 -3.1018 -0.00233816 0.029072 0.999575 88.8586
0.999816 0.0162853 0.0101008 -4.34486 -0.0159679 0.9994 -0.0307424 -3.15379 -0.0105954 0.0305755 0.999476 90.0387
0.99973 0.0152843 0.0174902 -4.33261 -0.0147167 0.999375 -0.0321353 -3.20016 -0.0179705 0.0318692 0.99933 91.235
0.999722 0.0102386 0.0212291 -4.30419 -0.00955616 0.999442 -0.0320043 -3.24715 -0.0215449 0.0317925 0.999262 92.236
0.999689 0.00827298 0.0235311 -4.29305 -0.00753345 0.99948 -0.031345 -3.2916 -0.0237781 0.031158 0.999232 93.1792
0.999717 0.00548732 0.0231288 -4.25899 -0.00474953 0.999482 -0.0318345 -3.3277 -0.0232915 0.0317156 0.999226 94.104
0.999713 0.00680373 0.0229794 -4.25285 -0.00609563 0.999509 -0.0307453 -3.36683 -0.0231773 0.0305964 0.999263 94.9985
0.999749 0.0057223 0.0216406 -4.23699 -0.00504514 0.9995 -0.0312172 -3.40662 -0.0218084 0.0311002 0.999278 95.9694
0.999808 0.00516479 0.0189108 -4.21432 -0.00455962 0.99948 -0.0319054 -3.47224 -0.0190658 0.0318131 0.999312 97.35
0.999835 0.00616227 0.0170754 -4.21454 -0.00559682 0.999441 -0.0329672 -3.51842 -0.017269 0.0328662 0.999311 98.3294
0.999898 0.00565635 0.013148 -4.20586 -0.00521138 0.999421 -0.0336347 -3.56689 -0.0133306 0.0335627 0.999348 99.3611
0.999963 0.00234241 0.00823168 -4.19563 -0.00205852 0.999409 -0.0343276 -3.60859 -0.00830722 0.0343094 0.999377 100.449
0.999994 0.0010069 0.00323889 -4.18389 -0.00089439 0.999402 -0.034553 -3.66736 -0.00327175 0.0345499 0.999398 101.86
0.999998 0.00153584 -0.0012576 -4.19145 -0.00157773 0.99942 -0.0340081 -3.71835 0.00120464 0.03401 0.999421 103.01
0.999984 0.000172263 -0.00556985 -4.19785 -0.000355902 0.999456 -0.032986 -3.77685 0.00556114 0.0329875 0.99944 104.169
0.999944 -6.06405e-05 -0.0105857 -4.18671 -0.00028048 0.999481 -0.0322202 -3.83605 0.0105822 0.0322214 0.999425 105.625
0.999912 0.00131619 -0.0132128 -4.22638 -0.00172311 0.999523 -0.0308328 -3.91345 0.0131659 0.0308529 0.999437 107.272
0.999888 0.00234629 -0.0148099 -4.26165 -0.00280157 0.999522 -0.0307962 -3.96458 0.0147306 0.0308342 0.999416 108.543
0.999842 -0.000610109 -0.0177591 -4.27173 4.83851e-05 0.9995 -0.0316135 -4.02506 0.0177695 0.0316077 0.999342 109.677
0.999787 -0.0037571 -0.0202807 -4.29892 0.00308158 0.999443 -0.0332379 -4.08596 0.0203943 0.0331684 0.999242 111.117
0.999778 -0.00303228 -0.020839 -4.34012 0.00233666 0.999442 -0.0333242 -4.14326 0.0209284 0.0332681 0.999227 112.347
0.999748 -0.00354666 -0.0221555 -4.38589 0.00281059 0.999446 -0.033166 -4.22981 0.0222609 0.0330954 0.999204 114.239
0.999763 -0.0012302 -0.0217488 -4.44286 0.000536059 0.999491 -0.0318934 -4.3004 0.021777 0.0318742 0.999255 115.55
0.999734 -0.00263092 -0.0229187 -4.4642 0.00191241 0.999508 -0.031316 -4.37122 0.0229898 0.0312638 0.999247 116.922
0.999727 -0.00250823 -0.0232479 -4.4968 0.0018017 0.999537 -0.0303623 -4.42071 0.0233133 0.0303121 0.999269 117.959
0.999739 -0.000422983 -0.0228509 -4.53978 -0.000243917 0.999574 -0.0291742 -4.48196 0.0228535 0.0291721 0.999313 119.259
0.999765 0.00250866 -0.0215105 -4.60517 -0.00315917 0.999537 -0.0302611 -4.53625 0.0214247 0.0303219 0.999311 120.589
0.99977 0.00425709 -0.0210087 -4.6411 -0.00493428 0.999466 -0.0322877 -4.5976 0.0208601 0.0323839 0.999258 121.817
0.999786 0.00632802 -0.0196846 -4.69116 -0.00698339 0.999417 -0.0334051 -4.64452 0.0194617 0.0335354 0.999248 122.819
0.999813 0.00608188 -0.0183577 -4.73595 -0.00669929 0.999407 -0.0337606 -4.69292 0.0181414 0.0338772 0.999261 123.835
0.999832 0.00473561 -0.0177351 -4.76259 -0.0053039 0.999469 -0.0321347 -4.74338 0.0175735 0.0322233 0.999326 124.779
0.999846 0.00428613 -0.0170011 -4.7936 -0.00480426 0.999522 -0.0305538 -4.78988 0.016862 0.0306307 0.999389 125.702
0.999845 0.000445044 -0.0176226 -4.81016 -0.000975607 0.999546 -0.0301098 -4.84561 0.0176012 0.0301223 0.999391 126.919
0.999856 0.00114744 -0.0169063 -4.85679 -0.00164729 0.999561 -0.0295814 -4.90422 0.0168649 0.029605 0.999419 128.271
0.999871 0.000175277 -0.0160664 -4.954 -0.00065085 0.999562 -0.0296 -5.03221 0.0160542 0.0296066 0.999433 131.054
0.99985 -0.000484637 -0.0173098 -5.01294 -2.75956e-05 0.999562 -0.0295796 -5.21298 0.0173165 0.0295757 0.999413 135.042
0.999841 -9.04982e-05 -0.0178527 -5.04482 -0.000436553 0.999564 -0.0295161 -5.26314 0.0178476 0.0295192 0.999405 136.159
0.999808 -0.000445457 -0.0195877 -5.06376 -0.000133027 0.999564 -0.0295218 -5.3121 0.0195923 0.0295188 0.999372 137.236
0.999775 0.000574308 -0.0212175 -5.09212 -0.00119641 0.999569 -0.0293191 -5.36003 0.0211916 0.0293379 0.999345 138.225
0.999754 0.00346283 -0.0219027 -5.14168 -0.0041112 0.999553 -0.0296268 -5.42176 0.0217903 0.0297095 0.999321 139.438
0.999705 0.00232554 -0.0241723 -5.18891 -0.0030505 0.999545 -0.0299977 -5.5253 0.0240915 0.0300626 0.999258 141.539
0.999665 0.0027835 -0.0257454 -5.26982 -0.00354483 0.999556 -0.0295735 -5.62925 0.0256516 0.0296549 0.999231 143.71
0.999592 0.0048609 -0.0281379 -5.31921 -0.00570653 0.999532 -0.0300512 -5.70884 0.0279786 0.0301995 0.999152 145.456
0.999507 0.00672597 -0.030678 -5.35414 -0.00763657 0.999531 -0.0296627 -5.77193 0.0304641 0.0298824 0.999089 146.667
0.999435 0.00724543 -0.0328192 -5.39677 -0.0082277 0.999519 -0.0298943 -5.82913 0.0325868 0.0301475 0.999014 147.742
0.999354 0.00789488 -0.0350682 -5.4467 -0.00893564 0.999521 -0.0296212 -5.90279 0.0348175 0.0299154 0.998946 149.134
0.999273 0.00746528 -0.0373874 -5.47484 -0.00863025 0.999479 -0.0310957 -5.93779 0.0371358 0.0313958 0.998817 150.026
0.999186 0.00701775 -0.0397306 -5.49701 -0.00834128 0.999412 -0.0332454 -5.97505 0.0394739 0.0335497 0.998657 150.863
0.999184 0.00916424 -0.0393254 -5.54785 -0.0105099 0.999361 -0.0341489 -6.01512 0.0389874 0.0345344 0.998643 151.653
0.999177 0.00955899 -0.0394142 -5.58908 -0.0109081 0.999357 -0.0341576 -6.05506 0.0390623 0.0345594 0.998639 152.492
0.999188 0.0135783 -0.0379329 -5.65017 -0.014812 0.999364 -0.0324346 -6.09858 0.0374684 0.0329702 0.998754 153.266
0.999188 0.0152543 -0.0372792 -5.68034 -0.0164038 0.999393 -0.0307251 -6.13652 0.0367879 0.0313117 0.998832 153.967
0.99922 0.0181919 -0.0350392 -5.71729 -0.0192031 0.999402 -0.0287413 -6.18119 0.0344954 0.0293917 0.998973 154.739
0.999297 0.0197998 -0.0318266 -5.74757 -0.0206442 0.999438 -0.0264266 -6.21711 0.0312855 0.0270651 0.999144 155.462
0.999354 0.024405 -0.0263877 -5.79059 -0.0250539 0.999385 -0.0245461 -6.24835 0.0257724 0.0251913 0.99935 156.126
0.999399 0.0279792 -0.020477 -5.82397 -0.0284552 0.999323 -0.0233333 -6.28025 0.0198103 0.0239019 0.999518 156.784
0.999431 0.0304696 -0.0144712 -5.84103 -0.0308111 0.999237 -0.0239899 -6.30837 0.0137292 0.0244221 0.999607 157.385
0.999391 0.0343613 -0.00607751 -5.86726 -0.0345065 0.999075 -0.0256608 -6.33477 0.00519015 0.0258549 0.999652 157.929
0.999314 0.0368732 0.00331909 -5.88294 -0.0367725 0.998972 -0.0264961 -6.35814 -0.00429267 0.0263558 0.999643 158.437
0.99896 0.0428849 0.0155067 -5.91652 -0.0424259 0.998684 -0.0288092 -6.38157 -0.0167218 0.0281214 0.999465 158.93
0.998677 0.0440894 0.0264773 -5.91783 -0.0432832 0.998604 -0.0302874 -6.40647 -0.0277756 0.0291013 0.99919 159.411
0.998593 0.0397189 0.0351223 -5.87318 -0.0386822 0.99881 -0.0297188 -6.43997 -0.0362609 0.0283184 0.998941 159.876
0.99791 0.0443915 0.046955 -5.86736 -0.0430385 0.998639 -0.0294443 -6.46465 -0.0481982 0.0273619 0.998463 160.328
0.996817 0.0503328 0.061828 -5.87712 -0.0484752 0.998337 -0.031187 -6.48086 -0.063295 0.0280906 0.997599 160.722
0.995515 0.056071 0.0761942 -5.87161 -0.0536757 0.998009 -0.0331303 -6.49734 -0.0779001 0.0288919 0.996542 161.095
0.993772 0.0593224 0.0943343 -5.86469 -0.0564039 0.997852 -0.0333112 -6.51261 -0.0961078 0.0277829 0.994983 161.45
0.991459 0.0631251 0.114126 -5.84407 -0.0597699 0.99768 -0.032589 -6.52645 -0.115918 0.0254893 0.992932 161.788
0.988552 0.0659717 0.13569 -5.80917 -0.061883 0.997499 -0.0341371 -6.53732 -0.137603 0.0253494 0.990163 162.13
0.985606 0.0644975 0.156269 -5.70997 -0.0592557 0.99752 -0.0379776 -6.56232 -0.158331 0.0281711 0.986984 162.5
0.980288 0.0728771 0.183643 -5.6482 -0.0664207 0.996946 -0.0410747 -6.59002 -0.186076 0.0280673 0.982134 162.858
0.97311 0.0839068 0.214513 -5.61501 -0.0749984 0.995962 -0.0493502 -6.60959 -0.217788 0.031935 0.975473 163.199
0.968156 0.0816026 0.236676 -5.47617 -0.0681066 0.99558 -0.0646629 -6.64269 -0.240907 0.0464846 0.969434 163.439
0.964755 0.0775409 0.251465 -4.2207 -0.0529534 0.993258 -0.10312 -6.75891 -0.257766 0.0861698 0.962357 163.575
0.964755 0.0775409 0.251465 -4.2207 -0.0529534 0.993258 -0.10312 -6.75891 -0.257766 0.0861698 0.962357 163.575
0.95582 0.0768463 0.283729 -4.12783 -0.0459915 0.992432 -0.113859 -6.77589 -0.290332 0.0957794 0.952121 163.758
0.943582 0.0802597 0.321266 -4.04919 -0.0441244 0.992005 -0.118229 -6.79032 -0.328187 0.0973835 0.93958 163.94
0.929098 0.0843714 0.360081 -3.95818 -0.043272 0.991742 -0.120725 -6.80839 -0.367293 0.0965839 0.925077 164.11
0.913497 0.0840134 0.398076 -3.84419 -0.0370021 0.991548 -0.124353 -6.83286 -0.405159 0.0988667 0.908885 164.275
0.897329 0.0747349 0.434989 -3.69588 -0.0231017 0.992162 -0.122806 -6.86091 -0.440757 0.100148 0.892022 164.417
0.87646 0.0621844 0.477442 -3.55222 -0.00779371 0.993327 -0.115068 -6.89597 -0.481412 0.0971318 0.871096 164.569
0.853047 0.0530712 0.519128 -3.38233 0.00304578 0.994292 -0.106653 -6.93226 -0.521825 0.092561 0.848016 164.714
0.823037 0.0508667 0.565706 -3.22161 0.00766608 0.994896 -0.100612 -6.96605 -0.567936 0.0871438 0.818446 164.872
0.787493 0.0509442 0.614215 -3.02764 0.01181 0.995148 -0.0976812 -6.98982 -0.616211 0.0841771 0.78307 165.026
0.745155 0.0479403 0.665166 -2.83399 0.0171588 0.995704 -0.0909854 -7.01083 -0.66667 0.0792117 0.741132 165.168
0.697031 0.0405666 0.715893 -2.63622 0.0237538 0.996544 -0.0795979 -7.02499 -0.716648 0.0724874 0.693658 165.294
0.645155 0.0291291 0.763496 -2.41415 0.0343978 0.997152 -0.0671098 -7.03728 -0.763277 0.0695588 0.642316 165.399
0.591236 0.0178597 0.806301 -2.19473 0.0463031 0.997354 -0.0560442 -7.0595 -0.805169 0.0704696 0.588844 165.465
0.533025 0.0130452 0.845999 -1.95336 0.0545762 0.997269 -0.0497637 -7.07059 -0.844338 0.0726967 0.530857 165.53
0.469571 0.00891015 0.88285 -1.70458 0.0596491 0.997344 -0.0417919 -7.08604 -0.880878 0.0722854 0.467792 165.6
0.405329 0.00422705 0.914161 -1.43851 0.0653324 0.997298 -0.0335791 -7.09848 -0.911834 0.0733349 0.403957 165.637
0.339505 -0.000752913 0.940604 -1.17554 0.0720013 0.997086 -0.0251903 -7.10986 -0.937845 0.076277 0.33857 165.659
0.27432 -0.00251276 0.961635 -0.882852 0.074086 0.99708 -0.0185287 -7.12181 -0.95878 0.0763265 0.273705 165.673
0.214099 -0.0015901 0.976811 -0.586803 0.0799897 0.996669 -0.0159099 -7.12102 -0.973531 0.0815411 0.213513 165.659
0.157447 -9.92269e-05 0.987527 -0.212658 0.0824619 0.996509 -0.0130472 -7.12282 -0.984079 0.0834876 0.156905 165.644
0.102436 -0.000489481 0.994739 0.170787 0.0877593 0.996105 -0.00854711 -7.12269 -0.990861 0.0881732 0.10208 165.619
0.0500759 -0.00338725 0.99874 0.667927 0.0928208 0.995682 -0.00127707 -7.12085 -0.994423 0.0927678 0.0501741 165.575
0.002526 -0.00848841 0.999961 1.16355 0.0968299 0.995267 0.00820396 -7.106 -0.995298 0.0968054 0.00333598 165.521
-0.0394751 -0.0161098 0.999091 1.71054 0.0958091 0.995202 0.0198326 -7.093 -0.994617 0.0965049 -0.0377422 165.451
-0.0789887 -0.0242703 0.99658 2.27356 0.092623 0.9952 0.031578 -7.08205 -0.992563 0.0948005 -0.0763616 165.375
-0.113094 -0.0309376 0.993103 2.90902 0.0851574 0.995535 0.040711 -7.06565 -0.989928 0.0891742 -0.109954 165.272
-0.143096 -0.0297933 0.98926 3.57751 0.0838301 0.99559 0.0421099 -7.06373 -0.986152 0.0889556 -0.139968 165.148
-0.169913 -0.0221074 0.985211 4.25754 0.0846974 0.995721 0.0369504 -7.07687 -0.981813 0.0897232 -0.167314 165.016
-0.191663 -0.00868929 0.981422 4.95182 0.0918735 0.995411 0.0267553 -7.07295 -0.977151 0.0952947 -0.189986 164.838
-0.209116 0.00553793 0.977875 5.52554 0.0928984 0.995574 0.0142279 -7.05353 -0.973468 0.0938183 -0.208705 164.697
-0.224145 0.0176089 0.974397 6.02826 0.092257 0.99573 0.00322786 -7.02887 -0.970179 0.0906184 -0.224812 164.578
-0.237436 0.0243857 0.971097 6.52482 0.0857406 0.996309 -0.00405498 -7.00328 -0.967612 0.0822997 -0.23865 164.477
-0.247588 0.0218153 0.96862 6.95224 0.0840903 0.996458 -0.000948044 -7.00269 -0.965209 0.0812168 -0.248545 164.368
-0.256074 0.0152596 0.966537 7.34378 0.0868602 0.996194 0.00728493 -7.00979 -0.962747 0.085819 -0.256425 164.255
-0.263583 0.012243 0.964559 7.77569 0.0905249 0.995821 0.0120977 -7.0162 -0.96038 0.0905053 -0.263589 164.127
-0.270454 0.013549 0.962638 8.22223 0.0916978 0.995718 0.011748 -7.01554 -0.958356 0.0914491 -0.270538 164.004
-0.274611 0.0181394 0.961384 8.63699 0.0917366 0.995756 0.00741584 -7.00799 -0.957169 0.0902306 -0.27511 163.877
-0.278755 0.0208118 0.960137 9.07962 0.0913015 0.995811 0.00492231 -7.00426 -0.956012 0.0890341 -0.279487 163.749
-0.281955 0.0210316 0.959197 9.50537 0.0910306 0.995836 0.0049234 -7.00677 -0.955099 0.0887045 -0.282695 163.626
-0.284524 0.0218274 0.958421 9.94187 0.0944829 0.995512 0.0053767 -7.00903 -0.954002 0.0920841 -0.285309 163.499
-0.286334 0.0223775 0.957869 10.4419 0.0956907 0.995397 0.00535044 -7.01015 -0.95334 0.0931912 -0.287157 163.355
-0.287253 0.0217847 0.957607 10.9449 0.0940953 0.995548 0.00557797 -7.01431 -0.953222 0.0917086 -0.288024 163.215
-0.287485 0.0210585 0.957554 11.5981 0.0920336 0.995739 0.00573292 -7.01767 -0.953353 0.0897752 -0.288199 163.032
-0.288766 0.0204436 0.957182 12.379 0.0881421 0.996094 0.00531629 -7.01843 -0.953334 0.0859032 -0.28944 162.843
-0.288129 0.0203205 0.957376 13.3358 0.0874086 0.996159 0.00516247 -7.02257 -0.953594 0.0851704 -0.288798 162.564
-0.287114 0.0208706 0.957669 13.995 0.0886688 0.996049 0.0048763 -7.02538 -0.953784 0.0863154 -0.28783 162.372
-0.285979 0.0197398 0.958032 14.4988 0.0870887 0.996186 0.00547068 -7.03378 -0.95427 0.0849983 -0.286608 162.231
-0.284284 0.0183837 0.958564 14.9965 0.0853089 0.996335 0.00619219 -7.03695 -0.954937 0.0835344 -0.284811 162.087
-0.283205 0.0157929 0.958929 15.4781 0.0842878 0.996405 0.00848306 -7.03999 -0.955348 0.0832285 -0.283518 161.952
-0.281172 0.0136082 0.959561 16.2936 0.0849673 0.996326 0.0107676 -7.04444 -0.955889 0.0845588 -0.281295 161.71
-0.278455 0.0132125 0.960358 16.8988 0.087128 0.99613 0.0115581 -7.05185 -0.956489 0.0868925 -0.278528 161.533
-0.275924 0.0128179 0.961094 17.6701 0.0858952 0.996239 0.0113734 -7.06127 -0.957334 0.0856916 -0.275987 161.325
-0.274399 0.0125518 0.961534 18.4665 0.0839155 0.996413 0.0109403 -7.07428 -0.957948 0.0836897 -0.274468 161.123
-0.271945 0.0134222 0.962219 19.1736 0.0824719 0.996549 0.0094073 -7.08647 -0.958772 0.0819143 -0.272113 160.932
-0.268671 0.0155415 0.963107 20.2255 0.0836318 0.99647 0.00725023 -7.10161 -0.959595 0.0824943 -0.269022 160.624
-0.266517 0.0165048 0.963689 21.0733 0.0835323 0.996487 0.00603505 -7.11203 -0.960204 0.0821076 -0.266959 160.393
-0.263075 0.0146701 0.964664 21.5842 0.0847227 0.996373 0.00795247 -7.11975 -0.961048 0.083821 -0.263363 160.247
-0.260555 0.013038 0.965371 21.9716 0.085398 0.996301 0.00959335 -7.12356 -0.961675 0.0849404 -0.260705 160.148
-0.258468 0.0118135 0.965948 22.6565 0.0825251 0.99654 0.00989439 -7.12897 -0.962488 0.0822723 -0.258549 159.987
-0.253974 0.0117066 0.96714 23.3514 0.081727 0.99661 0.00939845 -7.13537 -0.963752 0.0814284 -0.25407 159.807
-0.249226 0.0122194 0.968368 23.8633 0.0795477 0.9968 0.00789475 -7.13604 -0.965173 0.0789991 -0.2494 159.695
-0.244368 0.0130336 0.969595 24.3845 0.0793227 0.996827 0.00659208 -7.1448 -0.966433 0.0785218 -0.244627 159.571
-0.241007 0.0126266 0.970441 24.9012 0.0768045 0.997028 0.00610174 -7.15077 -0.96748 0.0760048 -0.24126 159.458
-0.238945 0.0126845 0.97095 25.4149 0.0763315 0.997066 0.00575904 -7.15234 -0.968028 0.0754901 -0.239212 159.349
-0.23687 0.0131789 0.971452 25.8464 0.0766332 0.997046 0.00515946 -7.15817 -0.968514 0.0756676 -0.23718 159.247
-0.234896 0.0142878 0.971916 26.3491 0.0759561 0.997104 0.00369919 -7.16096 -0.969048 0.0746918 -0.235301 159.127
-0.233295 0.0148245 0.972293 26.8021 0.0748718 0.997189 0.00276092 -7.16755 -0.969519 0.0734414 -0.233749 159.023
-0.232791 0.0171094 0.972376 27.2234 0.0720697 0.9974 -0.000295881 -7.16954 -0.969853 0.07001 -0.233419 158.931
-0.234509 0.0197616 0.971913 27.6149 0.0706909 0.997493 -0.00322497 -7.17237 -0.96954 0.0679491 -0.235318 158.832
-0.237927 0.02067 0.971063 28.0287 0.0701347 0.997529 -0.00404913 -7.1783 -0.968748 0.0671419 -0.238789 158.726
-0.241858 0.0204553 0.970096 28.4161 0.0714148 0.997441 -0.00322724 -7.18441 -0.96768 0.0684987 -0.2427 158.637
-0.245296 0.0207231 0.969227 28.9202 0.0731244 0.997319 -0.00281711 -7.18402 -0.966686 0.0701831 -0.246154 158.511
-0.247631 0.0207472 0.968632 29.3376 0.0727631 0.997345 -0.00276032 -7.19288 -0.966118 0.0697972 -0.248484 158.421
-0.246808 0.0211715 0.968833 29.7765 0.0735632 0.997286 -0.00305323 -7.19096 -0.966268 0.0705169 -0.247695 158.305
-0.246486 0.0212039 0.968914 30.2401 0.0701847 0.997526 -0.00397547 -7.19619 -0.966602 0.067023 -0.247365 158.252
-0.241513 0.0232955 0.970118 30.6716 0.0701578 0.997515 -0.00648742 -7.18779 -0.967858 0.0664945 -0.242548 158.12
-0.237066 0.0264029 0.971135 31.0199 0.0684277 0.997602 -0.0104184 -7.19233 -0.969081 0.0639827 -0.238304 158.053
-0.232773 0.0318811 0.972008 31.3819 0.0671127 0.997606 -0.0166488 -7.2027 -0.970213 0.0613587 -0.234356 158.004
-0.225039 0.0369108 0.97365 31.8251 0.0683842 0.997416 -0.0220062 -7.20866 -0.971947 0.0616301 -0.226982 157.901
-0.218182 0.0386413 0.975143 32.2381 0.0666756 0.997471 -0.0246079 -7.22072 -0.973628 0.0596493 -0.220206 157.863
-0.208491 0.0386133 0.977262 32.7302 0.066114 0.997491 -0.0253077 -7.22673 -0.975787 0.0593343 -0.21052 157.785
-0.198955 0.0379881 0.979272 33.2718 0.0642701 0.997603 -0.0256417 -7.23975 -0.977899 0.0578363 -0.20092 157.71
-0.187978 0.0372274 0.981467 33.7367 0.0630056 0.99768 -0.0257751 -7.25246 -0.98015 0.0569928 -0.189888 157.638
-0.177167 0.0364837 0.983504 34.224 0.0614809 0.997771 -0.0259379 -7.26948 -0.982259 0.0558714 -0.179015 157.569
-0.166075 0.0363458 0.985443 34.8783 0.0603793 0.99782 -0.0266267 -7.28607 -0.984263 0.0550783 -0.167908 157.463
-0.156571 0.0357925 0.987018 35.8024 0.0596985 0.997859 -0.0267156 -7.31722 -0.985861 0.0547406 -0.158372 157.326
-0.149807 0.0350284 0.988095 36.5495 0.0574897 0.99799 -0.0266631 -7.33572 -0.987042 0.0528109 -0.15152 157.238
-0.143418 0.0351195 0.989039 37.1637 0.0589639 0.997898 -0.0268839 -7.35348 -0.987904 0.054462 -0.145187 157.135
-0.140015 0.0339903 0.989566 37.573 0.0567298 0.998044 -0.0262548 -7.36684 -0.988523 0.0524618 -0.141669 157.084
-0.140155 0.0333948 0.989566 38.0735 0.053721 0.998215 -0.0260781 -7.38263 -0.988671 0.0495055 -0.141699 157.037
-0.141504 0.0314145 0.989439 38.5505 0.0522691 0.998339 -0.0242219 -7.40168 -0.988557 0.0482896 -0.142911 156.98
-0.142916 0.0292283 0.989303 38.9787 0.0524556 0.998383 -0.0219188 -7.41713 -0.988344 0.048762 -0.144218 156.92
-0.145823 0.0295425 0.988869 39.4235 0.0522464 0.998389 -0.0221224 -7.43004 -0.98793 0.0484389 -0.147132 156.864
-0.148379 0.0311278 0.988441 39.9109 0.0524295 0.998346 -0.0235693 -7.44186 -0.98754 0.0483263 -0.149766 156.796
-0.150408 0.032367 0.988094 40.4382 0.0521552 0.998332 -0.0247633 -7.45713 -0.987247 0.0478096 -0.151845 156.719
-0.153276 0.0326463 0.987644 40.9561 0.0513792 0.998366 -0.025027 -7.47174 -0.986847 0.0469084 -0.154702 156.647
-0.156253 0.0334604 0.98715 41.4419 0.0525012 0.998295 -0.0255279 -7.48412 -0.986321 0.0478378 -0.157743 156.579
-0.157386 0.0326264 0.986998 41.9842 0.0536241 0.998262 -0.0244479 -7.50539 -0.98608 0.0490791 -0.158862 156.49
-0.159461 0.0323577 0.986674 42.5567 0.0527983 0.998312 -0.0242064 -7.52281 -0.985791 0.0482348 -0.1609 156.403
-0.161202 0.0332354 0.986362 43.1578 0.0527851 0.998293 -0.0250107 -7.54169 -0.985509 0.0480334 -0.162682 156.31
-0.162901 0.0337624 0.986065 43.8473 0.0523755 0.998301 -0.0255288 -7.56594 -0.985251 0.047487 -0.164393 156.201
-0.164252 0.0346777 0.985809 44.7024 0.0527743 0.998259 -0.0263226 -7.58899 -0.985006 0.0477018 -0.165796 156.066
-0.165302 0.0334652 0.985675 45.7086 0.054813 0.998191 -0.0246978 -7.61824 -0.984719 0.0499452 -0.166837 155.907
-0.166573 0.0306756 0.985552 46.7157 0.0541878 0.99829 -0.0219136 -7.64598 -0.984539 0.0497547 -0.16795 155.738
-0.16863 0.0265436 0.985322 47.4465 0.0519483 0.998487 -0.0180077 -7.66256 -0.98431 0.0481491 -0.169754 155.627
-0.169611 0.0253744 0.985184 48.1838 0.053133 0.99845 -0.0165685 -7.68365 -0.984078 0.0495356 -0.170697 155.502
-0.169716 0.0251227 0.985173 48.939 0.0542168 0.998399 -0.01612 -7.69998 -0.984 0.0506771 -0.170807 155.374
-0.169022 0.0283884 0.985203 50.276 0.0538805 0.998357 -0.0195236 -7.72799 -0.984138 0.0497833 -0.170274 155.145
-0.168353 0.0292703 0.985292 51.4733 0.0542432 0.99832 -0.0203889 -7.75614 -0.984233 0.0500129 -0.169658 154.952
-0.167339 0.0303097 0.985433 52.2465 0.0548684 0.998265 -0.021387 -7.77954 -0.984371 0.0504902 -0.168711 154.824
-0.166509 0.0278666 0.985646 53.0117 0.0541902 0.998348 -0.0190712 -7.80511 -0.98455 0.0502369 -0.167744 154.703
-0.165889 0.0276833 0.985756 54.3379 0.0532359 0.9984 -0.0190795 -7.84667 -0.984706 0.0493125 -0.167098 154.512
-0.163711 0.0288037 0.986088 55.5975 0.0514543 0.998462 -0.0206226 -7.88484 -0.985166 0.0473623 -0.164941 154.326
-0.160349 0.0310233 0.986573 57.212 0.0527163 0.998349 -0.0228255 -7.91995 -0.985652 0.0483484 -0.161719 154.069
-0.156175 0.0312997 0.987233 58.2298 0.0551969 0.998212 -0.0229159 -7.94385 -0.986186 0.0509134 -0.157623 153.908
-0.153216 0.0300269 0.987736 59.4509 0.0542438 0.998287 -0.0219334 -7.98624 -0.986703 0.050218 -0.154583 153.747
-0.150343 0.0299097 0.988181 60.4012 0.0494695 0.998518 -0.0226962 -8.01846 -0.987395 0.0454727 -0.1516 153.627
-0.146232 0.0318328 0.988738 62.6102 0.0479696 0.998535 -0.0250537 -8.07893 -0.988087 0.0437657 -0.147544 153.322
-0.1413 0.0324177 0.989436 63.4756 0.0478002 0.998521 -0.0258891 -8.11015 -0.988812 0.0436371 -0.142641 153.199
-0.137431 0.0311234 0.990022 64.276 0.0472528 0.998574 -0.0248328 -8.13972 -0.989384 0.0433686 -0.138706 153.092
-0.134742 0.0293622 0.990446 65.2111 0.0442665 0.998741 -0.023586 -8.17076 -0.989891 0.0406655 -0.135873 152.989
-0.130341 0.0278728 0.991077 66.4156 0.0444011 0.998766 -0.0222497 -8.21515 -0.990475 0.0411049 -0.131418 152.823
-0.127547 0.0273129 0.991456 68.0445 0.04331 0.998821 -0.0219441 -8.26868 -0.990886 0.0401411 -0.128579 152.642
-0.123607 0.0269358 0.991966 69.0895 0.0441875 0.998789 -0.021615 -8.29966 -0.991347 0.0411607 -0.124647 152.517
-0.120993 0.0265127 0.992299 70.238 0.0421184 0.99888 -0.021553 -8.34195 -0.991759 0.0391863 -0.121974 152.406
-0.116452 0.0272804 0.992822 71.1769 0.0422552 0.998854 -0.0224899 -8.37392 -0.992297 0.0393329 -0.117471 152.289
-0.11244 0.0262688 0.993311 72.0989 0.041075 0.998919 -0.0217676 -8.40217 -0.992809 0.0383527 -0.113397 152.188
-0.108849 0.025261 0.993737 72.987 0.040426 0.998963 -0.0209658 -8.42656 -0.993236 0.0378907 -0.109757 152.102
-0.104785 0.024285 0.994198 73.9268 0.0399224 0.998999 -0.0201946 -8.46056 -0.993693 0.0375747 -0.10565 152.013
-0.101545 0.0248594 0.99452 74.8644 0.0397211 0.998992 -0.0209154 -8.50078 -0.994038 0.0373796 -0.10243 151.931
-0.0977348 0.0261432 0.994869 75.7089 0.0382156 0.999016 -0.0224979 -8.52805 -0.994478 0.0358206 -0.0986377 151.857
-0.0944355 0.0275653 0.995149 76.5607 0.0365052 0.99904 -0.0242088 -8.56137 -0.994861 0.034042 -0.0953512 151.792
-0.0895808 0.0286502 0.995567 77.3844 0.0374249 0.998977 -0.0253808 -8.59162 -0.995276 0.0349854 -0.0905614 151.716
-0.0853556 0.0285234 0.995942 78.2648 0.0375597 0.998972 -0.0253912 -8.62155 -0.995642 0.03524 -0.0863392 151.654
-0.0796149 0.0264437 0.996475 79.0949 0.038108 0.998998 -0.023466 -8.6528 -0.996097 0.0361055 -0.0805429 151.593
-0.0735989 0.024919 0.996977 80.0981 0.0391162 0.998991 -0.0220817 -8.69066 -0.996521 0.0373727 -0.0744994 151.529
-0.0669322 0.0244968 0.997457 81.2445 0.0403363 0.998948 -0.0218267 -8.73567 -0.996942 0.0387728 -0.0678499 151.459
-0.0617026 0.0249762 0.997782 82.2241 0.0386749 0.998996 -0.022615 -8.77732 -0.997345 0.0371938 -0.0626066 151.419
-0.0559982 0.026455 0.99808 83.1596 0.0369668 0.999018 -0.0244058 -8.81562 -0.997746 0.0355292 -0.0569211 151.382
-0.0493929 0.0263731 0.998431 84.1073 0.0359396 0.999051 -0.0246115 -8.85501 -0.998133 0.0346676 -0.0502939 151.336
-0.0441571 0.0262691 0.998679 85.0388 0.0325941 0.99916 -0.0248405 -8.88874 -0.998493 0.0314542 -0.0449762 151.309
-0.0396701 0.0252729 0.998893 86.1766 0.0291772 0.999283 -0.024124 -8.93687 -0.998787 0.0281879 -0.0403791 151.28
-0.0352608 0.0271117 0.99901 87.6761 0.0264677 0.999307 -0.0261855 -8.99293 -0.999028 0.0255182 -0.0359539 151.245
-0.0309579 0.0274932 0.999142 88.9064 0.0259429 0.999307 -0.0266939 -9.04199 -0.999184 0.0250943 -0.0316497 151.214
-0.0266824 0.0282389 0.999245 90.3273 0.0260323 0.999282 -0.0275448 -9.10329 -0.999305 0.0252777 -0.0273983 151.187
-0.0235041 0.0282467 0.999325 92.0596 0.0270326 0.999253 -0.0276089 -9.17976 -0.999358 0.0263654 -0.0242501 151.159
-0.0203659 0.0291753 0.999367 94.1517 0.0276564 0.999208 -0.0286071 -9.27268 -0.99941 0.0270562 -0.0211567 151.137
-0.0175745 0.0281243 0.99945 95.3879 0.0280559 0.999225 -0.0276246 -9.32357 -0.999452 0.0275549 -0.0183499 151.12
-0.0149842 0.0281765 0.999491 96.5124 0.0281919 0.999217 -0.0277462 -9.36525 -0.99949 0.0277618 -0.0157668 151.107
-0.0125474 0.027743 0.999536 97.5691 0.0272328 0.999254 -0.0273932 -9.41688 -0.99955 0.0268765 -0.0132935 151.095
-0.0106247 0.0291125 0.99952 98.9584 0.0267931 0.999225 -0.0288192 -9.4779 -0.999585 0.0264741 -0.0113965 151.095
-0.00751839 0.0300594 0.99952 100.18 0.0279527 0.999164 -0.0298384 -9.53019 -0.999581 0.0277149 -0.00835235 151.077
-0.0042257 0.0295907 0.999553 101.233 0.0277037 0.999182 -0.0294626 -9.58448 -0.999607 0.0275668 -0.00504202 151.06
-0.00207288 0.0284939 0.999592 102.073 0.0282654 0.999196 -0.028424 -9.62303 -0.999598 0.0281949 -0.0028766 151.061
0.00102588 0.0271221 0.999632 103.09 0.0309133 0.999154 -0.0271409 -9.6704 -0.999522 0.0309297 0.000186574 151.051
0.00410846 0.0267022 0.999635 104.168 0.0329159 0.999098 -0.0268232 -9.71578 -0.99945 0.0330141 0.00322583 151.041
0.00537567 0.0260913 0.999645 105.194 0.0335205 0.999093 -0.0262572 -9.75599 -0.999424 0.0336498 0.0044962 151.053
0.00650857 0.0248862 0.999669 106.088 0.0314838 0.99919 -0.0250793 -9.80101 -0.999483 0.0316366 0.00571978 151.069
0.00755013 0.0239339 0.999685 107.277 0.0293696 0.999277 -0.0241459 -9.86397 -0.99954 0.0295427 0.00684174 151.09
0.00960547 0.0250315 0.999641 108.152 0.0296332 0.99924 -0.0253062 -9.89792 -0.999515 0.0298656 0.00885641 151.099
0.0110053 0.0262351 0.999595 109.131 0.0297481 0.999205 -0.0265523 -9.94854 -0.999497 0.0300283 0.0102161 151.122
0.0129135 0.0275232 0.999538 110.213 0.0288473 0.999195 -0.0278864 -10.0005 -0.9995 0.0291941 0.0121092 151.14
0.0141331 0.0283021 0.999499 111.214 0.0282756 0.999188 -0.0286931 -10.0488 -0.9995 0.028667 0.0133213 151.172
0.0162594 0.0287212 0.999455 111.957 0.0270243 0.99921 -0.0291538 -10.0816 -0.999503 0.0274836 0.0154704 151.18
0.0183932 0.027697 0.999447 112.745 0.0273148 0.999229 -0.0281937 -10.113 -0.999458 0.0278183 0.0176225 151.203
0.0201416 0.0231074 0.99953 113.358 0.0300134 0.999268 -0.0237062 -10.1365 -0.999347 0.0304768 0.0194333 151.221
0.0222861 0.0199888 0.999552 114.05 0.0289969 0.999367 -0.0206316 -10.164 -0.999331 0.0294437 0.0216923 151.241
0.0243728 0.0186182 0.99953 114.755 0.0280926 0.999419 -0.0193012 -10.1952 -0.999308 0.0285498 0.0238356 151.269
0.0267597 0.019585 0.99945 115.594 0.0260279 0.999455 -0.020282 -10.2315 -0.999303 0.0265563 0.0262353 151.307
0.0301868 0.0228538 0.999283 116.413 0.0286094 0.999309 -0.0237186 -10.2583 -0.999135 0.0293048 0.0295121 151.328
0.0322519 0.0243918 0.999182 117.271 0.0285649 0.999271 -0.025316 -10.2944 -0.999071 0.0293581 0.0315317 151.373
0.0333701 0.0242957 0.999148 118.032 0.0257399 0.999352 -0.0251603 -10.3393 -0.999112 0.0265575 0.0327231 151.419
0.0319419 0.0246473 0.999186 118.74 0.0192967 0.999494 -0.0252717 -10.3699 -0.999303 0.0200882 0.0314502 151.489
0.0332866 0.0245946 0.999143 119.436 0.0188908 0.999503 -0.0252328 -10.4051 -0.999267 0.0197145 0.0328054 151.523
0.0356178 0.0248476 0.999057 120.054 0.0208739 0.999454 -0.0256016 -10.4376 -0.999147 0.021766 0.0350797 151.543
0.0357215 0.0257091 0.999031 120.586 0.0156405 0.999532 -0.0262812 -10.4656 -0.999239 0.0165642 0.0353027 151.589
0.0375498 0.0250271 0.998981 121.097 0.0136113 0.999581 -0.0255538 -10.4894 -0.999202 0.014557 0.0371934 151.609
0.0384806 0.0251891 0.998942 121.51 0.0125988 0.999591 -0.0256908 -10.5069 -0.99918 0.013574 0.0381474 151.633
0.0393383 0.0343126 0.998637 121.938 0.0126505 0.999313 -0.0348341 -10.5343 -0.999146 0.0140035 0.0388772 151.662
0.0385697 0.0471802 0.998141 122.281 0.0124549 0.998784 -0.0476918 -10.5654 -0.999178 0.0142712 0.0379352 151.702
0.0376137 0.0580266 0.997606 122.571 0.010694 0.998232 -0.0584662 -10.5836 -0.999235 0.0128676 0.0369267 151.729
0.0350065 0.0640725 0.997331 122.836 0.00861373 0.997886 -0.0644106 -10.5901 -0.99935 0.0108455 0.0343807 151.77
0.0313951 0.0641523 0.997446 123.079 0.00322032 0.997926 -0.0642845 -10.6112 -0.999502 0.00523031 0.0311234 151.823
0.0303358 0.0645899 0.997451 123.34 -0.000478484 0.997911 -0.0646052 -10.6274 -0.99954 0.00148258 0.0303033 151.858
0.0302902 0.0619222 0.997621 123.588 -0.00319074 0.99808 -0.0618538 -10.6414 -0.999536 -0.00130958 0.0304296 151.878
0.026257 0.0557809 0.998098 123.839 -0.00626754 0.998432 -0.0556347 -10.6592 -0.999636 -0.00479482 0.0265654 151.944
0.0248241 0.0497647 0.998452 124.085 -0.00713797 0.998744 -0.0496017 -10.6784 -0.999666 -0.00589561 0.0251481 151.982
0.023133 0.0476699 0.998595 124.343 -0.0075804 0.998842 -0.0475061 -10.6968 -0.999704 -0.0064708 0.0234676 152.016
0.0246184 0.0482449 0.998532 124.602 -0.0073276 0.998817 -0.048078 -10.717 -0.99967 -0.00613324 0.0249428 152.018
0.0207216 0.0516447 0.998451 124.841 -0.0105013 0.998621 -0.0514356 -10.7391 -0.99973 -0.00941924 0.0212354 152.07
0.0194195 0.0545845 0.99832 125.094 -0.0134766 0.998432 -0.0543284 -10.7586 -0.999721 -0.0123989 0.0201247 152.103
0.0200231 0.055672 0.998248 125.355 -0.0139883 0.998366 -0.055398 -10.7766 -0.999702 -0.0128545 0.0207691 152.116
0.0212048 0.0556217 0.998227 125.631 -0.012189 0.998391 -0.055372 -10.7917 -0.999701 -0.0109932 0.0218487 152.126
0.0217702 0.054384 0.998283 125.902 -0.0149967 0.998425 -0.0540647 -10.8094 -0.999651 -0.013794 0.0225515 152.143
0.0203177 0.054632 0.9983 126.17 -0.0201506 0.998325 -0.0542233 -10.8273 -0.99959 -0.0190147 0.0213845 152.178
0.0222348 0.0562905 0.998167 126.451 -0.0212673 0.998214 -0.0558195 -10.8418 -0.999527 -0.0199872 0.0233923 152.188
0.0230807 0.0563194 0.998146 126.726 -0.0193112 0.998251 -0.0558788 -10.8568 -0.999547 -0.0179857 0.0241279 152.203
0.0247646 0.0526453 0.998306 127.044 -0.0149786 0.99852 -0.052285 -10.8691 -0.999581 -0.0136584 0.0255165 152.217
0.0280844 0.044582 0.998611 127.366 -0.0110771 0.998957 -0.0442859 -10.881 -0.999544 -0.00981801 0.0285489 152.22
