1 0 0 0 0 1 0 0 0 0 1 0
0.999998 0.000115449 0.00208678 -0.00735855 -0.000115352 1 -4.65206e-05 -0.00661664 -0.00208678 4.62798e-05 0.999998 0.332761
0.999952 0.00648364 0.00738147 -0.0474578 -0.00645932 0.999974 -0.00331317 -0.00892876 -0.00740276 0.00326533 0.999967 0.659699
0.999876 0.0118376 0.0103454 -0.0775726 -0.0117812 0.999916 -0.00549277 -0.0158632 -0.0104095 0.00537021 0.999931 0.987757
0.999858 0.0124086 0.0113765 -0.100678 -0.0123402 0.999905 -0.00606434 -0.0234126 -0.0114507 0.00592309 0.999917 1.30855
0.999876 0.0118864 0.0103453 -0.114302 -0.0118152 0.999906 -0.00691784 -0.0271663 -0.0104266 0.00679474 0.999923 1.63105
0.999891 0.0112567 0.00958503 -0.133272 -0.0112005 0.99992 -0.00589779 -0.0329867 -0.00965065 0.00578979 0.999937 1.94798
0.999836 0.0149481 0.0101959 -0.173535 -0.014891 0.999873 -0.00565679 -0.039283 -0.0102792 0.00550404 0.999932 2.27044
0.999779 0.0189819 0.00901116 -0.1976 -0.0189459 0.999812 -0.00405933 -0.0560014 -0.00908652 0.00388771 0.999951 2.60057
0.999755 0.0211566 0.00646444 -0.214342 -0.0211282 0.999767 -0.00443463 -0.0596167 -0.00655675 0.00429696 0.999969 2.92714
0.999744 0.0222423 0.00420339 -0.229958 -0.0222186 0.999737 -0.00561781 -0.0626816 -0.00432724 0.00552298 0.999975 3.25769
0.999713 0.0238403 0.0024898 -0.250472 -0.0238275 0.999703 -0.00504806 -0.0707745 -0.00260941 0.00498728 0.999984 3.57579
0.999708 0.0241554 -0.000285757 -0.266712 -0.0241565 0.999696 -0.00495577 -0.0782452 0.000165962 0.00496122 0.999988 3.91114
0.999694 0.0243848 -0.0042658 -0.281004 -0.024414 0.999678 -0.006918 -0.0794022 0.00409573 0.00702003 0.999967 4.25114
0.999702 0.0228197 -0.0086399 -0.287384 -0.0228887 0.999706 -0.00797441 -0.0802582 0.00845539 0.00816979 0.999931 4.55784
0.999641 0.0235364 -0.0128118 -0.294279 -0.023638 0.99969 -0.00783792 -0.0850204 0.0126233 0.00813795 0.999887 4.90656
0.999574 0.0244647 -0.0159135 -0.323237 -0.0245849 0.99967 -0.00740479 -0.0947711 0.0157271 0.00779287 0.999846 5.52314
0.999487 0.0263962 -0.0181558 -0.343295 -0.0265121 0.999629 -0.00617159 -0.108259 0.0179861 0.00664977 0.999816 5.89716
0.999428 0.0274073 -0.0198323 -0.367867 -0.0275464 0.999598 -0.0067756 -0.111751 0.0196386 0.00731803 0.99978 6.35266
0.999339 0.0292473 -0.0216122 -0.387433 -0.029405 0.999543 -0.00701454 -0.125199 0.0213972 0.00764541 0.999742 6.86326
0.999311 0.0292899 -0.0228163 -0.414763 -0.0294695 0.999537 -0.00757511 -0.138268 0.0225839 0.00824227 0.999711 7.45116
0.999263 0.0295602 -0.0244972 -0.433966 -0.029768 0.999524 -0.00816015 -0.152258 0.0242444 0.00888337 0.999667 7.98454
0.999225 0.0298422 -0.0256798 -0.45917 -0.0300958 0.999501 -0.00954789 -0.160069 0.0253821 0.0103133 0.999625 8.45991
0.999183 0.0301411 -0.026907 -0.49803 -0.0304542 0.999472 -0.0113051 -0.178073 0.026552 0.0121153 0.999574 9.23493
0.999148 0.0304977 -0.027801 -0.530076 -0.0308561 0.999445 -0.0125548 -0.202715 0.0274027 0.013402 0.999535 10.0784
0.999159 0.0296472 -0.028328 -0.55795 -0.0300338 0.99946 -0.0133192 -0.228443 0.0279178 0.0141588 0.99951 10.8488
0.999161 0.0288006 -0.0291148 -0.583038 -0.0292311 0.999468 -0.014471 -0.247996 0.0286825 0.0153099 0.999471 11.6033
0.999207 0.0264797 -0.0297227 -0.598909 -0.0269605 0.99951 -0.0158913 -0.267653 0.0292874 0.01668 0.999432 12.259
0.999194 0.0265519 -0.0300918 -0.636543 -0.02709 0.999478 -0.0176192 -0.289007 0.0296083 0.0184202 0.999392 12.9808
0.999105 0.0284771 -0.0312826 -0.675917 -0.0290573 0.999411 -0.0182533 -0.307494 0.0307444 0.019146 0.999344 13.8033
0.999027 0.030178 -0.0321561 -0.726978 -0.0307139 0.999395 -0.0163057 -0.320631 0.0316446 0.0172775 0.99935 14.6111
0.999056 0.0293516 -0.0320116 -0.755831 -0.0297713 0.999476 -0.0127132 -0.333169 0.0316217 0.0136542 0.999407 15.3173
0.999065 0.0288416 -0.0321927 -0.787161 -0.0292023 0.999515 -0.0107928 -0.351066 0.0318658 0.0117228 0.999423 16.075
0.999055 0.0286637 -0.0326591 -0.803458 -0.0290875 0.999498 -0.0125749 -0.385777 0.0322823 0.0135129 0.999387 16.9953
0.999064 0.0276359 -0.0332849 -0.82453 -0.0281516 0.999489 -0.0151254 -0.424467 0.0328499 0.0160483 0.999331 17.8529
0.999049 0.027409 -0.0338954 -0.835574 -0.0279918 0.999466 -0.0168394 -0.450652 0.0334158 0.0177722 0.999284 18.6342
0.998999 0.0296185 -0.0335369 -0.878067 -0.0302166 0.999391 -0.0174701 -0.477046 0.0329991 0.0184659 0.999285 19.3574
0.999013 0.0289775 -0.0336578 -0.893502 -0.0295955 0.9994 -0.0180084 -0.497786 0.0331157 0.0189867 0.999271 20.0678
0.999085 0.0259376 -0.0340128 -0.885659 -0.0265699 0.99948 -0.0182726 -0.512878 0.0335211 0.0191596 0.999254 20.7361
0.999139 0.024714 -0.0333317 -0.904146 -0.025302 0.99953 -0.0173346 -0.531081 0.0328876 0.0181631 0.999294 21.4264
0.999161 0.0241432 -0.0330947 -0.919483 -0.0248462 0.999471 -0.0209962 -0.543302 0.0325703 0.0218008 0.999232 22.0923
0.999094 0.0278811 -0.03216 -0.975524 -0.0288136 0.999167 -0.0289071 -0.560025 0.0313272 0.0298075 0.999065 22.9302
0.999119 0.0274864 -0.0317275 -0.994662 -0.0286426 0.99892 -0.0365825 -0.5698 0.0306877 0.037459 0.998827 23.642
0.999249 0.0249674 -0.0296299 -1.03869 -0.0261263 0.998882 -0.0393894 -0.595663 0.0286133 0.040134 0.998785 24.51
0.999363 0.0224153 -0.0277775 -1.05643 -0.0234084 0.999079 -0.035958 -0.63416 0.0269459 0.0365853 0.998967 25.3135
0.999455 0.0209605 -0.0254861 -1.08003 -0.0218093 0.999201 -0.0334953 -0.682039 0.0247637 0.0340329 0.999114 26.1774
0.999485 0.022937 -0.0224349 -1.12254 -0.0236407 0.99922 -0.0316204 -0.717999 0.0216921 0.0321345 0.999248 26.9931
0.999499 0.0237629 -0.0208857 -1.14256 -0.0244037 0.999222 -0.0309799 -0.751664 0.0201333 0.0314741 0.999302 27.8251
0.999543 0.0233222 -0.0192569 -1.14508 -0.0239479 0.999171 -0.0329276 -0.758142 0.018473 0.0333737 0.999272 28.0586
0.99963 0.0215149 -0.0166615 -1.14941 -0.0220756 0.99917 -0.0342327 -0.767253 0.0159112 0.0345878 0.999275 28.312
0.999673 0.0219925 -0.01305 -1.16507 -0.0224238 0.999174 -0.0338824 -0.780048 0.012294 0.034164 0.999341 28.5601
0.999705 0.021608 -0.0111084 -1.17173 -0.0219626 0.999219 -0.0328504 -0.789267 0.0103899 0.0330847 0.999399 28.8134
0.999703 0.0229445 -0.00827165 -1.18533 -0.0231916 0.999246 -0.0311365 -0.797348 0.00755101 0.031319 0.999481 29.0735
0.999722 0.0225618 -0.00691046 -1.19312 -0.0227611 0.999283 -0.030266 -0.805343 0.00622265 0.0304148 0.999518 29.344
0.999719 0.0225405 -0.00737386 -1.20473 -0.02275 0.999301 -0.029674 -0.911419 0.00669984 0.0298334 0.999532 32.1345
0.999696 0.0233237 -0.00804828 -1.23258 -0.0235469 0.999307 -0.0288451 -0.98756 0.00736992 0.0290258 0.999551 33.9741
0.999626 0.02539 -0.0101137 -1.24802 -0.0256529 0.999312 -0.0267751 -1.10587 0.00942692 0.0270245 0.99959 36.7307
0.999638 0.0249076 -0.0101304 -1.29448 -0.0251574 0.999363 -0.0253217 -1.15603 0.00949328 0.0255674 0.999628 38.0048
0.999571 0.0274229 -0.010278 -1.49229 -0.0276699 0.999312 -0.0247144 -1.33545 0.00959319 0.0249882 0.999642 42.7018
0.999457 0.0313035 -0.0103129 -1.74222 -0.0315611 0.999168 -0.0258374 -1.5244 0.00949551 0.0261488 0.999613 47.9733
0.999408 0.0329665 -0.00985638 -1.88138 -0.0332139 0.999108 -0.0260884 -1.64196 0.00898755 0.0264003 0.999611 51.8449
0.99945 0.0316986 -0.00972216 -1.94107 -0.0319144 0.999228 -0.0229125 -1.73347 0.00898836 0.0232101 0.99969 55.0708
0.999541 0.0285801 -0.0100238 -1.96526 -0.0287595 0.99942 -0.0182379 -1.80367 0.00949678 0.0185178 0.999783 57.4672
0.999552 0.0279261 -0.0107669 -1.97046 -0.028082 0.999499 -0.0146111 -1.81209 0.0103535 0.0149069 0.999835 57.7786
0.999506 0.0294322 -0.0110503 -1.97727 -0.0295726 0.999481 -0.0127618 -1.82329 0.010669 0.0130823 0.999858 58.1138
0.999326 0.0347609 -0.0117624 -1.98861 -0.034884 0.999337 -0.0104251 -1.84131 0.0113922 0.0108284 0.999876 58.4583
0.999216 0.0375879 -0.0123933 -2.00248 -0.0377229 0.999229 -0.0108398 -1.85035 0.0119763 0.0112988 0.999864 58.8002
0.999251 0.0364076 -0.013086 -2.01193 -0.0365693 0.999255 -0.0123395 -1.85851 0.012627 0.0128088 0.999838 59.1384
0.999265 0.0357025 -0.0139643 -2.01618 -0.0359029 0.999252 -0.0143738 -1.86491 0.0134407 0.0148646 0.999799 59.4778
0.999271 0.0354294 -0.0141976 -2.02295 -0.0356434 0.99925 -0.0151207 -1.87276 0.0136513 0.0156157 0.999785 59.8101
0.999276 0.0354175 -0.0139211 -2.02984 -0.0356241 0.999254 -0.0148899 -1.88372 0.0133834 0.0153751 0.999792 60.132
0.999288 0.0353392 -0.0131971 -2.03729 -0.0355325 0.99926 -0.0147157 -1.88998 0.0126673 0.0151742 0.999805 60.4632
0.99928 0.0356147 -0.0130998 -2.04073 -0.0358079 0.999249 -0.0148253 -1.89967 0.012562 0.0152837 0.999804 60.8054
0.999358 0.0340037 -0.0112848 -2.05005 -0.0341706 0.999304 -0.0149388 -1.90867 0.0107689 0.0153148 0.999825 61.148
0.999369 0.0342366 -0.00947065 -2.05931 -0.0343797 0.999291 -0.0153736 -1.91758 0.00893759 0.0156894 0.999837 61.4983
0.999391 0.0340713 -0.00756514 -2.06697 -0.0341806 0.999306 -0.0148172 -1.93153 0.00705504 0.0150668 0.999862 61.8503
0.999432 0.0330086 -0.00681772 -2.0681 -0.0331109 0.999332 -0.0154866 -1.93917 0.00630197 0.0157036 0.999857 62.1998
0.999484 0.0313704 -0.00683847 -2.06348 -0.0314753 0.999379 -0.0158125 -1.94939 0.00633818 0.0160196 0.999852 62.5602
0.99943 0.0333309 -0.00534746 -2.07233 -0.033412 0.999315 -0.0158803 -1.95941 0.0048145 0.01605 0.99986 62.9275
0.999379 0.0350014 -0.00398161 -2.07855 -0.0350627 0.999249 -0.0165198 -1.96849 0.0034004 0.0166491 0.999856 63.2929
0.99941 0.0342789 -0.00221673 -2.08704 -0.034312 0.999264 -0.0171375 -1.97754 0.00162765 0.0172034 0.999851 63.6538
0.999381 0.0351338 -0.00165945 -2.09038 -0.0351577 0.999226 -0.017626 -1.98671 0.00103889 0.0176734 0.999843 64.0088
0.999402 0.0345836 -0.00055838 -2.09676 -0.034588 0.99924 -0.0179615 -1.99748 -6.32166e-05 0.01797 0.999839 64.3747
0.999364 0.0356481 0.000133404 -2.10105 -0.0356398 0.9992 -0.0181317 -2.00958 -0.000779656 0.0181154 0.999836 64.7517
0.999337 0.0364188 0.000155561 -2.10487 -0.0364093 0.999157 -0.0189838 -2.02089 -0.000846799 0.0189656 0.99982 65.1297
0.999292 0.0376109 0.00097414 -2.1142 -0.0375845 0.999099 -0.0197186 -2.03089 -0.0017149 0.019668 0.999805 65.5068
0.999265 0.0383049 0.00121945 -2.11768 -0.0382728 0.999066 -0.0200485 -2.0447 -0.00198626 0.0199871 0.999798 65.8947
0.999297 0.037461 0.00129429 -2.11822 -0.0374272 0.999095 -0.0202296 -2.05815 -0.00205094 0.020167 0.999795 66.2924
0.999219 0.039331 0.00388393 -2.13753 -0.0392466 0.999033 -0.0198243 -2.07383 -0.00465989 0.0196564 0.999796 66.691
0.999221 0.0392196 0.00433598 -2.14204 -0.0391278 0.999043 -0.0195403 -2.08828 -0.0050982 0.0193554 0.9998 67.089
0.999151 0.0408023 0.00571593 -2.15422 -0.0406801 0.998971 -0.0200696 -2.09892 -0.00652893 0.01982 0.999782 67.497
0.999161 0.0405379 0.00587336 -2.15924 -0.040411 0.998977 -0.0203177 -2.10879 -0.00669099 0.0200633 0.999776 67.8948
0.999151 0.0407074 0.00630608 -2.16542 -0.0405765 0.998983 -0.0196622 -2.12049 -0.00710006 0.0193896 0.999787 68.2993
0.999142 0.0407453 0.00742034 -2.176 -0.0405945 0.998986 -0.0194573 -2.13143 -0.00820561 0.0191394 0.999783 68.7166
0.999137 0.0408779 0.00736919 -2.17806 -0.040732 0.99899 -0.0189637 -2.14668 -0.00813695 0.0186472 0.999793 69.1331
0.99918 0.0401145 0.00550464 -2.17155 -0.0400054 0.999025 -0.0186772 -2.15969 -0.0062485 0.0184417 0.99981 69.5493
0.999211 0.0394561 0.00450972 -2.17127 -0.039368 0.999059 -0.0181778 -2.17415 -0.0052227 0.0179859 0.999825 69.9759
0.99931 0.0368733 0.00438555 -2.17637 -0.0367833 0.999141 -0.0190804 -2.18687 -0.00508534 0.0189059 0.999808 70.3898
0.999293 0.0373903 0.00383225 -2.1796 -0.0373103 0.99912 -0.0191574 -2.20175 -0.00454518 0.0190009 0.999809 70.8089
0.999349 0.0359355 0.00323108 -2.18276 -0.0358643 0.999158 -0.0199121 -2.21424 -0.00394391 0.0197832 0.999797 71.2236
0.999369 0.0354511 0.00229646 -2.1864 -0.0353957 0.999156 -0.0208328 -2.2289 -0.00303306 0.0207383 0.99978 71.6398
0.999403 0.0344817 0.00229154 -2.19472 -0.0344256 0.999184 -0.0211403 -2.24064 -0.00301862 0.0210488 0.999774 72.0452
0.999466 0.0325923 0.00248863 -2.20225 -0.0325339 0.999256 -0.0207028 -2.25355 -0.00316153 0.0206108 0.999783 72.4581
0.999479 0.0322751 6.29259e-05 -2.1966 -0.0322678 0.99929 -0.0194393 -2.27406 -0.000690288 0.0194272 0.999811 72.8741
0.999278 0.0379409 0.00202094 -2.22494 -0.0378932 0.999083 -0.0199077 -2.28683 -0.0027744 0.0198167 0.9998 73.2873
0.999127 0.0417506 0.00167111 -2.23824 -0.0417041 0.99889 -0.0218868 -2.29953 -0.00258304 0.021798 0.999759 73.6991
0.999186 0.0403305 0.0001763 -2.23653 -0.0403137 0.998877 -0.0248711 -2.31709 -0.00117917 0.0248438 0.999691 74.1012
0.999332 0.0365199 -0.000930278 -2.23565 -0.0365316 0.998935 -0.0281713 -2.33195 -9.95262e-05 0.0281865 0.999603 74.498
0.999491 0.0317717 -0.00293722 -2.22863 -0.0318457 0.99904 -0.0300844 -2.34724 0.00197857 0.0301626 0.999543 74.8829
0.999456 0.0327398 -0.00404791 -2.23277 -0.0328498 0.998979 -0.031 -2.36402 0.00302884 0.0311161 0.999511 75.2633
0.999327 0.0363207 -0.00509874 -2.24098 -0.0364554 0.998902 -0.0294246 -2.37771 0.00402442 0.0295907 0.999554 75.6247
0.999334 0.0360256 -0.00586135 -2.24469 -0.0361575 0.999053 -0.0242046 -2.39261 0.00498381 0.0244004 0.99969 75.9911
0.999388 0.0343892 -0.00645054 -2.24758 -0.0345035 0.999233 -0.0185428 -2.40188 0.00580792 0.018754 0.999807 76.3663
0.999417 0.0336923 -0.00547373 -2.25714 -0.0337534 0.999364 -0.0114725 -2.41158 0.00508372 0.0116505 0.999919 76.7623
0.9994 0.0343333 -0.00446228 -2.26629 -0.0343577 0.999394 -0.0055107 -2.4208 0.00427038 0.00566071 0.999975 77.1777
0.999341 0.0362214 -0.00246289 -2.27544 -0.0362276 0.99934 -0.00250866 -2.43105 0.0023704 0.00259623 0.999994 77.6238
0.999316 0.0369582 -0.000901405 -2.28133 -0.0369607 0.999313 -0.00287698 -2.44058 0.000794458 0.00290833 0.999995 78.0676
0.999256 0.0385068 0.00225839 -2.29144 -0.0384914 0.999238 -0.00650934 -2.44864 -0.00250732 0.00641757 0.999976 78.5077
0.999159 0.0406723 0.00529237 -2.30407 -0.0406149 0.999119 -0.0105361 -2.45662 -0.00571623 0.0103123 0.99993 78.9404
0.999304 0.0368288 0.00599619 -2.29708 -0.03674 0.999222 -0.0143131 -2.46553 -0.00651867 0.0140829 0.99988 79.3493
0.999393 0.0340379 0.00735896 -2.29433 -0.0339079 0.999278 -0.0171272 -2.47651 -0.00793663 0.0168673 0.999826 79.77
0.999415 0.0330975 0.00861779 -2.28894 -0.032931 0.999281 -0.0187938 -2.48725 -0.00923362 0.018499 0.999786 80.1833
0.99928 0.036579 0.0100523 -2.29616 -0.0363939 0.999175 -0.0180148 -2.50237 -0.010703 0.017636 0.999787 80.5931
0.999218 0.037999 0.0109311 -2.29707 -0.0377989 0.999124 -0.0179613 -2.51574 -0.011604 0.017534 0.999779 81.0076
0.999196 0.0386893 0.0105041 -2.29106 -0.038489 0.999085 -0.0186478 -2.52896 -0.011216 0.0182286 0.999771 81.425
0.99912 0.0404694 0.0110212 -2.29528 -0.0402666 0.999026 -0.0180388 -2.54345 -0.0117405 0.0175792 0.999777 81.8344
0.999026 0.0422102 0.0128805 -2.31004 -0.0419657 0.998944 -0.0186987 -2.55925 -0.0136562 0.0181399 0.999742 82.255
0.998974 0.0431025 0.013868 -2.31438 -0.042819 0.99888 -0.020129 -2.56971 -0.0147201 0.0195146 0.999701 82.6622
0.998953 0.0437825 0.0132435 -2.31426 -0.0435088 0.998847 -0.0202966 -2.5815 -0.0141169 0.0196991 0.999706 83.0617
0.998945 0.0436667 0.0141982 -2.31692 -0.0433685 0.998845 -0.0206682 -2.59617 -0.0150843 0.0200306 0.999686 83.4606
0.998937 0.0438656 0.0141836 -2.31601 -0.0435734 0.998844 -0.0202958 -2.60724 -0.0150575 0.0196562 0.999693 83.8719
0.998896 0.0448343 0.0140265 -2.31809 -0.0445472 0.998804 -0.0201481 -2.61894 -0.0149131 0.019501 0.999699 84.2803
0.998925 0.0445535 0.0128154 -2.30756 -0.0442934 0.99882 -0.0199097 -2.63386 -0.0136873 0.0193207 0.99972 84.6939
0.998859 0.046006 0.0128204 -2.31191 -0.0457537 0.998766 -0.0193212 -2.64866 -0.0136934 0.0187126 0.999731 85.0959
0.998888 0.0453736 0.0128148 -2.3118 -0.0451192 0.998792 -0.0194879 -2.65913 -0.0136835 0.018888 0.999728 85.4889
0.99896 0.0439127 0.0122331 -2.30837 -0.0436701 0.998857 -0.0194416 -2.67337 -0.0130728 0.0188872 0.999736 85.8888
0.999005 0.0430416 0.0117039 -2.3064 -0.0428056 0.998889 -0.0197179 -2.68434 -0.0125396 0.0191973 0.999737 86.2816
0.998964 0.0441141 0.0111893 -2.30956 -0.0438949 0.998853 -0.0191347 -2.69861 -0.0120205 0.0186238 0.999754 86.6768
0.998922 0.0451146 0.0109601 -2.31652 -0.0449039 0.998815 -0.0187706 -2.7132 -0.0117939 0.0182582 0.999764 87.0729
0.998834 0.0469563 0.0111781 -2.32635 -0.0467405 0.998729 -0.0188426 -2.72365 -0.0120487 0.0182981 0.99976 87.4495
0.998753 0.0489803 0.00966929 -2.32939 -0.0488007 0.998646 -0.0180111 -2.73556 -0.0105384 0.0175168 0.999791 87.8429
0.998679 0.0506169 0.00886548 -2.33838 -0.0504546 0.99857 -0.0176585 -2.74736 -0.00974662 0.0171879 0.999805 88.2358
0.998663 0.0513692 0.00573898 -2.33537 -0.0512659 0.998542 -0.0168922 -2.76405 -0.00659835 0.0165754 0.999841 88.6309
0.998611 0.052534 0.00395411 -2.34357 -0.0524619 0.998486 -0.0165349 -2.77507 -0.00481676 0.0163045 0.999855 89.0295
0.998485 0.0549986 0.00161189 -2.35211 -0.0549642 0.998349 -0.0166792 -2.79031 -0.00252657 0.0165654 0.99986 89.4389
0.998388 0.0567445 0.000901046 -2.37298 -0.0567203 0.998238 -0.0174239 -2.80181 -0.00188817 0.0173447 0.999848 89.8353
0.99839 0.0567147 -0.00120682 -2.38749 -0.0567272 0.998226 -0.0181043 -2.8146 0.0001779 0.0181436 0.999835 90.2353
0.998409 0.0562593 -0.0037457 -2.39707 -0.0563196 0.998239 -0.018639 -2.82907 0.00269049 0.0188203 0.999819 90.6285
0.998445 0.0553818 -0.00638248 -2.40843 -0.0554976 0.998265 -0.0196605 -2.84436 0.00528258 0.0199841 0.999786 91.0368
0.998556 0.0529785 -0.00891426 -2.41399 -0.0531528 0.998374 -0.0206116 -2.85543 0.00780779 0.0210556 0.999748 91.4192
0.998554 0.0521454 -0.0130804 -2.41868 -0.0524118 0.998406 -0.0209198 -2.8681 0.0119687 0.0215751 0.999696 91.7906
0.998464 0.052969 -0.0162659 -2.43021 -0.0533089 0.998352 -0.0212242 -2.8828 0.0151149 0.0220587 0.999642 92.1539
0.998288 0.0555437 -0.0183215 -2.4473 -0.0559279 0.99821 -0.0211729 -2.89457 0.0171127 0.0221614 0.999608 92.5069
0.998092 0.058695 -0.0191735 -2.46328 -0.0590885 0.998039 -0.0206442 -2.90776 0.0179242 0.0217377 0.999603 92.8419
0.998279 0.0560228 -0.0173471 -2.46988 -0.056372 0.998203 -0.0203421 -2.91829 0.0161763 0.0212849 0.999643 93.1786
0.998353 0.0555265 -0.0144484 -2.47184 -0.05581 0.998241 -0.0200243 -2.93295 0.0133111 0.0207976 0.999695 93.5004
0.997679 0.0677322 -0.00698129 -2.51325 -0.0678672 0.997466 -0.0213672 -2.94008 0.00551635 0.0217914 0.999747 93.8177
0.997445 0.0713916 0.00250417 -2.52183 -0.0713211 0.997219 -0.0216357 -2.96 -0.00404181 0.0214018 0.999763 94.1178
0.995999 0.0874543 0.0183536 -2.5553 -0.087007 0.995921 -0.0238972 -2.96834 -0.0203686 0.0222047 0.999546 94.4206
0.995039 0.0920831 0.0376672 -2.53921 -0.0911954 0.995528 -0.0246474 -2.97979 -0.0397683 0.0210901 0.998986 94.7183
0.996153 0.0655196 0.0581938 -2.42093 -0.0634593 0.997314 -0.0365755 -3.00826 -0.0604339 0.0327418 0.997635 94.9783
0.994816 0.0536685 0.0863743 -2.34704 -0.0503492 0.997924 -0.0401606 -3.02346 -0.0883503 0.0356035 0.995453 95.2458
0.991361 0.0495135 0.121459 -2.28697 -0.0446658 0.998105 -0.042317 -3.04001 -0.123324 0.0365263 0.991694 95.5169
0.981238 0.0909705 0.169988 -2.5491 -0.0718406 0.990707 -0.115492 -3.0246 -0.178915 0.101113 0.978655 95.6975
0.973149 0.08683 0.21317 -2.45649 -0.0623217 0.990922 -0.119123 -3.05893 -0.221578 0.102639 0.969726 95.9428
0.963837 0.0689378 0.257422 -2.31277 -0.0368572 0.991162 -0.127433 -3.0975 -0.263932 0.113337 0.957859 96.1485
0.950904 0.0518688 0.305107 -2.16655 -0.0111111 0.990942 -0.133833 -3.13662 -0.309285 0.123872 0.942867 96.3403
0.935412 0.0310241 0.352195 -1.97019 0.0224221 0.988932 -0.146665 -3.17228 -0.352848 0.145089 0.924363 96.4944
0.914909 0.0137604 0.403425 -1.79204 0.0510198 0.987462 -0.149387 -3.20716 -0.400422 0.157258 0.902736 96.6622
0.890716 -0.00385379 0.454545 -1.60065 0.0829132 0.984566 -0.154127 -3.23535 -0.446935 0.174971 0.877288 96.8028
0.86156 -0.0145995 0.507446 -1.42592 0.104202 0.983388 -0.148625 -3.26386 -0.496847 0.180926 0.848769 96.9728
0.829917 -0.0258795 0.557287 -1.23068 0.127814 0.981174 -0.144777 -3.29107 -0.543049 0.191382 0.817601 97.1213
0.793313 -0.0252618 0.608289 -1.05062 0.137075 0.980896 -0.138033 -3.32437 -0.593182 0.192885 0.781621 97.2911
0.754413 -0.0287421 0.655771 -0.836335 0.153428 0.979088 -0.133594 -3.34628 -0.638218 0.201398 0.743046 97.4211
0.711733 -0.0311244 0.70176 -0.614337 0.167048 0.977858 -0.126052 -3.3655 -0.682298 0.206943 0.701173 97.5484
0.663573 -0.0346901 0.747307 -0.381988 0.179793 0.977042 -0.114293 -3.39035 -0.726186 0.210202 0.654576 97.6839
0.611497 -0.0397031 0.79025 -0.14646 0.194646 0.975597 -0.101603 -3.41285 -0.766932 0.215949 0.604303 97.8001
0.558094 -0.0449859 0.828558 0.113874 0.218944 0.971126 -0.0947482 -3.41415 -0.800372 0.234286 0.551829 97.8594
0.500689 -0.0458752 0.864411 0.362996 0.232018 0.969168 -0.0829563 -3.41872 -0.833953 0.242095 0.495896 97.9275
0.441511 -0.0466497 0.896042 0.62787 0.241765 0.967897 -0.0687357 -3.42582 -0.86407 0.24698 0.438616 98.0047
0.384183 -0.0480262 0.922007 0.896876 0.250151 0.966707 -0.0538784 -3.43445 -0.888723 0.25134 0.383406 98.0743
0.333557 -0.0495716 0.941426 1.17284 0.268726 0.962186 -0.0445477 -3.42641 -0.903618 0.267845 0.334265 98.0922
0.284723 -0.0495809 0.957327 1.44575 0.2735 0.961354 -0.0315536 -3.43186 -0.918766 0.270813 0.28728 98.1415
0.241814 -0.0491341 0.969078 1.72663 0.280145 0.959723 -0.0212447 -3.42772 -0.929002 0.276619 0.245839 98.1677
0.202266 -0.0486363 0.978122 2.01562 0.280263 0.959869 -0.0102272 -3.42732 -0.938371 0.2762 0.20778 98.2121
0.166995 -0.0486875 0.984755 2.30614 0.283771 0.958892 -0.000713234 -3.42382 -0.944239 0.279564 0.173946 98.2327
0.134906 -0.0480678 0.989692 2.59256 0.28691 0.957929 0.00741608 -3.42008 -0.948411 0.282952 0.143022 98.2563
0.107011 -0.0471829 0.993138 2.88485 0.289612 0.957038 0.0142621 -3.41433 -0.951143 0.286098 0.116078 98.2752
0.0821012 -0.0463694 0.995545 3.18352 0.288638 0.957213 0.0207804 -3.41026 -0.953912 0.285646 0.0919723 98.2967
0.0611331 -0.0457885 0.997079 3.48534 0.289312 0.956876 0.026204 -3.40031 -0.955281 0.286865 0.0717439 98.3054
0.0436801 -0.0444955 0.998054 3.79475 0.293226 0.95558 0.0297687 -3.38488 -0.955045 0.291355 0.054787 98.3015
0.0267214 -0.0424836 0.99874 4.09997 0.297141 0.954275 0.0326421 -3.37286 -0.95446 0.295894 0.0381232 98.3063
0.0130361 -0.040848 0.99908 4.41511 0.297996 0.953921 0.0351134 -3.36224 -0.954478 0.297264 0.024608 98.3127
0.00393947 -0.040473 0.999173 4.73972 0.300308 0.953108 0.0374231 -3.35023 -0.953834 0.299912 0.0159091 98.3049
-0.00326684 -0.040578 0.999171 5.07027 0.297783 0.953807 0.0397094 -3.3414 -0.954628 0.297666 0.0089675 98.3146
-0.00737158 -0.0401434 0.999167 5.40648 0.2976 0.95383 0.0405175 -3.328 -0.954662 0.297651 0.00491544 98.3166
-0.0108474 -0.0397736 0.99915 5.74577 0.296816 0.954045 0.0412006 -3.31594 -0.954873 0.297011 0.00145652 98.3236
-0.01279 -0.0404688 0.999099 6.09224 0.289529 0.956228 0.0424387 -3.30995 -0.957084 0.289811 -0.000513255 98.3432
-0.0120336 -0.041379 0.999071 6.44979 0.287913 0.956687 0.0430914 -3.30196 -0.957581 0.288164 0.000401172 98.3502
-0.00923764 -0.0420401 0.999073 6.82706 0.289451 0.95623 0.0429137 -3.28887 -0.957148 0.289579 0.00333526 98.3481
-0.00756633 -0.0425099 0.999067 7.21211 0.288513 0.956515 0.0428844 -3.27677 -0.957446 0.288568 0.00502735 98.3613
-0.00361746 -0.0428063 0.999077 7.61704 0.287455 0.956871 0.0420387 -3.26444 -0.957787 0.287341 0.00884341 98.3668
-0.000469796 -0.0427673 0.999085 8.02012 0.285754 0.95742 0.0411182 -3.25469 -0.958303 0.285512 0.0117712 98.3818
0.00291142 -0.0442253 0.999017 8.43495 0.28434 0.957822 0.041573 -3.24324 -0.958719 0.28394 0.0153637 98.3979
0.00802062 -0.0453701 0.998938 8.86604 0.284529 0.957781 0.0412163 -3.22906 -0.958634 0.283896 0.0205911 98.4068
0.0125827 -0.0465159 0.998838 9.3039 0.286051 0.957338 0.0409798 -3.21687 -0.958132 0.285203 0.0253518 98.4188
0.0172263 -0.0479529 0.998701 9.747 0.286304 0.95726 0.0410247 -3.20307 -0.957984 0.285225 0.0302192 98.4326
0.0233211 -0.0488615 0.998533 10.1998 0.289013 0.956487 0.040054 -3.18848 -0.957041 0.287655 0.036428 98.4383
0.0281213 -0.0498643 0.99836 10.6598 0.288467 0.956668 0.0396565 -3.17463 -0.957077 0.286879 0.041287 98.4619
0.0315155 -0.051042 0.998199 11.1231 0.287147 0.957056 0.0398723 -3.16608 -0.957368 0.285374 0.0448187 98.4961
0.0358554 -0.0509787 0.998056 11.6173 0.286302 0.957361 0.0386146 -3.15306 -0.957468 0.284361 0.0489219 98.528
0.0377522 -0.0509129 0.997989 12.1038 0.286144 0.957432 0.0380195 -3.14408 -0.957443 0.284133 0.0507136 98.5647
0.0361886 -0.0506939 0.998058 12.6086 0.282389 0.958529 0.038447 -3.14052 -0.958617 0.28045 0.0490033 98.6113
0.0355931 -0.0494329 0.998143 13.1412 0.282719 0.958474 0.0373867 -3.12359 -0.958542 0.280863 0.0480906 98.639
0.0335085 -0.0490795 0.998233 13.685 0.28244 0.958546 0.0376474 -3.1141 -0.958699 0.28068 0.0459815 98.6763
0.0312041 -0.0481496 0.998353 14.2371 0.282984 0.958396 0.0373777 -3.10111 -0.958617 0.281351 0.0435315 98.7121
0.0308734 -0.0477118 0.998384 14.7809 0.284827 0.957866 0.0369677 -3.08599 -0.958081 0.283226 0.0431622 98.7332
0.0293362 -0.0479513 0.998419 15.2976 0.282142 0.95863 0.0377503 -3.07244 -0.958924 0.280588 0.0416516 98.7679
0.0289407 -0.0487763 0.99839 15.8385 0.280777 0.958992 0.0387125 -3.05929 -0.959337 0.279205 0.0414492 98.792
0.0273324 -0.0491082 0.998419 16.3685 0.282435 0.958477 0.0394118 -3.04613 -0.958897 0.280911 0.0400673 98.8187
0.0277072 -0.0483403 0.998447 16.8942 0.285273 0.957675 0.0384499 -3.02771 -0.958046 0.283765 0.0403247 98.831
0.0264428 -0.0473978 0.998526 17.4166 0.283796 0.958133 0.037965 -3.02144 -0.95852 0.282373 0.038787 98.8632
0.0264112 -0.0451784 0.99863 17.926 0.286136 0.957522 0.0357511 -3.00477 -0.957825 0.2848 0.0382164 98.8798
0.0263736 -0.0442027 0.998674 18.4073 0.287459 0.957162 0.0347739 -2.9917 -0.95743 0.286161 0.0379502 98.9004
0.0278061 -0.0439346 0.998647 18.9096 0.289759 0.956495 0.0340121 -2.97825 -0.956696 0.288422 0.0393269 98.9133
0.028955 -0.0449432 0.99857 19.4003 0.297912 0.953977 0.0342978 -2.961 -0.954154 0.296493 0.0410116 98.9143
0.0306312 -0.0478751 0.998384 19.9093 0.300857 0.952972 0.036467 -2.95315 -0.953177 0.299254 0.0435943 98.9196
0.0299088 -0.0485233 0.998374 20.4218 0.295508 0.954602 0.0375432 -2.94841 -0.954872 0.293904 0.04289 98.9627
0.0302039 -0.0491943 0.998332 20.9419 0.296596 0.954245 0.0380485 -2.9421 -0.954525 0.294952 0.0434127 98.9807
0.0294816 -0.0479226 0.998416 21.4566 0.291734 0.955773 0.0372614 -2.93314 -0.956045 0.290173 0.0421584 99.0189
0.0269222 -0.0464709 0.998557 21.9661 0.285866 0.957561 0.0368558 -2.92655 -0.957891 0.284461 0.0390641 99.0578
0.0232194 -0.0452297 0.998707 22.4837 0.279327 0.959484 0.0369592 -2.91323 -0.959915 0.278108 0.0349125 99.0987
0.0204801 -0.0451296 0.998771 23.0072 0.276603 0.960244 0.0377169 -2.90265 -0.960766 0.275491 0.0321489 99.1237
0.0170269 -0.0449753 0.998843 23.5198 0.271912 0.961545 0.0386607 -2.89455 -0.962171 0.270939 0.0286015 99.1568
0.0146022 -0.0452706 0.998868 24.0391 0.271942 0.961498 0.0396015 -2.88593 -0.962203 0.271056 0.0263509 99.1723
0.0125722 -0.0450652 0.998905 24.5639 0.27189 0.961498 0.0399557 -2.87159 -0.962246 0.27109 0.0243409 99.1867
0.0106145 -0.0450751 0.998927 25.0765 0.271319 0.961637 0.0405094 -2.85956 -0.962431 0.270598 0.022437 99.2009
0.00948938 -0.0453339 0.998927 25.5881 0.271812 0.961474 0.0410521 -2.84326 -0.962304 0.271131 0.0214461 99.2111
0.00879026 -0.0458126 0.998911 26.1078 0.274135 0.960789 0.0416518 -2.82742 -0.961651 0.273471 0.0210044 99.2181
0.00828606 -0.0459448 0.99891 26.6193 0.272382 0.961274 0.0419543 -2.81537 -0.962154 0.271737 0.0204797 99.2368
0.00721409 -0.0460743 0.998912 27.1246 0.270571 0.961766 0.0424069 -2.80377 -0.962673 0.269971 0.0194046 99.2596
0.00705988 -0.0453996 0.998944 27.6344 0.270675 0.961763 0.0417969 -2.78999 -0.962645 0.270094 0.0190785 99.2735
0.00668661 -0.0450704 0.998961 28.1448 0.271463 0.961551 0.0415655 -2.77787 -0.962426 0.270903 0.0186645 99.2872
0.00625636 -0.0447573 0.998978 28.6556 0.270981 0.961695 0.0413898 -2.76431 -0.962564 0.270445 0.0181451 99.3034
0.00590579 -0.0451475 0.998963 29.166 0.272165 0.961341 0.0418381 -2.75311 -0.962232 0.271636 0.017965 99.3136
0.00496128 -0.0453841 0.998957 29.6777 0.267813 0.962538 0.0423994 -2.74747 -0.963458 0.267323 0.0169299 99.3383
0.00616365 -0.0458088 0.998931 30.2027 0.271379 0.961537 0.0424195 -2.72929 -0.962453 0.270827 0.0183581 99.3315
0.00671028 -0.045159 0.998957 30.749 0.272899 0.961142 0.0416164 -2.70869 -0.962019 0.272335 0.0187734 99.3369
0.00529594 -0.0453067 0.998959 31.268 0.270723 0.961733 0.0421831 -2.69568 -0.962643 0.270217 0.0173588 99.3571
0.00399656 -0.0450228 0.998978 31.785 0.269478 0.962078 0.0422817 -2.68415 -0.962998 0.269033 0.0159776 99.3713
0.00396659 -0.0449749 0.99898 32.3186 0.271701 0.961456 0.0422067 -2.6688 -0.962373 0.271257 0.0160334 99.3739
0.00224606 -0.0451683 0.998977 32.8463 0.270864 0.961662 0.0428721 -2.65542 -0.962615 0.27049 0.0143944 99.3908
0.000314836 -0.0446814 0.999001 33.3654 0.267906 0.962487 0.0429638 -2.64679 -0.963445 0.267625 0.0122735 99.4097
0.000789541 -0.0444187 0.999013 33.9312 0.272314 0.961268 0.0425253 -2.62765 -0.962208 0.272012 0.0128548 99.3998
-0.000264628 -0.043866 0.999037 34.452 0.269729 0.962006 0.0423114 -2.61791 -0.962936 0.269481 0.0115774 99.4135
-0.0010758 -0.0437593 0.999042 34.9661 0.269193 0.962151 0.0424333 -2.60531 -0.963086 0.268981 0.0107446 99.4233
-0.00152174 -0.0442956 0.999017 35.4919 0.268834 0.962223 0.0430736 -2.59144 -0.963185 0.268635 0.0104439 99.4319
-0.000494341 -0.0444267 0.999013 36.0246 0.270901 0.961651 0.0428993 -2.57094 -0.962607 0.270654 0.0115599 99.4263
-0.0013398 -0.0445535 0.999006 36.5373 0.269171 0.96212 0.0432694 -2.56039 -0.963091 0.268962 0.0107035 99.4388
-0.00143399 -0.0448166 0.998994 37.0739 0.267535 0.962563 0.0435662 -2.54711 -0.963547 0.267329 0.0106097 99.4457
-0.00211531 -0.0444856 0.999008 37.6015 0.265354 0.963171 0.0434516 -2.53408 -0.964149 0.265183 0.00976704 99.4565
-0.00274565 -0.0441921 0.999019 38.1308 0.26405 0.963535 0.0433481 -2.51848 -0.964505 0.26391 0.00902336 99.4689
-0.00384753 -0.0441456 0.999018 38.6529 0.26237 0.963982 0.0436078 -2.50661 -0.96496 0.26228 0.0078735 99.4816
-0.00419853 -0.0439743 0.999024 39.1705 0.259514 0.964757 0.0435566 -2.49287 -0.96573 0.259443 0.00736137 99.4956
-0.00456759 -0.0447003 0.99899 39.6859 0.258335 0.965036 0.0443622 -2.48037 -0.966045 0.258276 0.00713975 99.5015
-0.00540733 -0.0450028 0.998972 40.2101 0.256723 0.965442 0.0448819 -2.46571 -0.96647 0.256701 0.00633276 99.5127
-0.00555521 -0.0454095 0.998953 40.7253 0.256423 0.965502 0.0453149 -2.45446 -0.966549 0.256407 0.0062805 99.5188
-0.00539419 -0.045982 0.998928 41.2373 0.258192 0.965007 0.0458148 -2.43894 -0.966078 0.258163 0.00666678 99.5186
-0.00591365 -0.0454345 0.99895 41.7472 0.255425 0.965761 0.0454371 -2.42719 -0.966811 0.255425 0.00589394 99.5299
-0.00533891 -0.0449738 0.998974 42.2579 0.257198 0.965318 0.0448332 -2.4089 -0.966344 0.257173 0.00641342 99.5266
-0.00462533 -0.044664 0.998991 42.7597 0.258689 0.964943 0.0443394 -2.39153 -0.96595 0.258633 0.0070909 99.5244
-0.00561815 -0.0441085 0.999011 43.26 0.255484 0.965808 0.0440793 -2.38161 -0.966797 0.255479 0.00584297 99.5428
-0.00700126 -0.0434997 0.999029 43.7619 0.252467 0.966611 0.0438575 -2.36884 -0.96758 0.252529 0.00421474 99.5621
-0.00715055 -0.0433123 0.999036 44.2506 0.24916 0.967475 0.0437274 -2.35729 -0.968436 0.249233 0.00387374 99.5724
-0.00751986 -0.0434347 0.999028 44.7353 0.246604 0.968119 0.0439471 -2.34664 -0.969087 0.246695 0.00343106 99.5807
-0.00684072 -0.0435005 0.99903 45.2212 0.24874 0.967578 0.0438342 -2.33023 -0.968546 0.248799 0.00420139 99.5739
-0.00735581 -0.0432702 0.999036 45.7041 0.247345 0.967939 0.0437445 -2.31523 -0.9689 0.247429 0.00358269 99.5845
-0.00707372 -0.0440158 0.999006 46.1897 0.248825 0.967531 0.0443908 -2.30175 -0.968523 0.248892 0.0041082 99.585
-0.00630114 -0.0441582 0.999005 46.6767 0.248144 0.967708 0.04434 -2.28668 -0.968703 0.248176 0.00485992 99.5872
-0.00638182 -0.0439906 0.999012 47.1588 0.2456 0.968363 0.0442099 -2.27471 -0.96935 0.245639 0.00462414 99.6019
-0.00524674 -0.0442217 0.999008 47.6428 0.247925 0.967773 0.0441411 -2.25759 -0.968765 0.247911 0.005886 99.6016
-0.00472767 -0.0437984 0.999029 48.128 0.245599 0.96839 0.0436174 -2.24021 -0.96936 0.245566 0.00617859 99.6188
-0.00618285 -0.044171 0.999005 48.5993 0.240165 0.969718 0.0443625 -2.23731 -0.970712 0.2402 0.00461271 99.6542
-0.00559741 -0.0446262 0.998988 49.0745 0.23917 0.96995 0.0446691 -2.22665 -0.970962 0.239178 0.00524403 99.6695
-0.00547376 -0.0448217 0.99898 49.5597 0.234795 0.97101 0.0448533 -2.21986 -0.972029 0.234801 0.00520884 99.6956
-0.00436592 -0.0444891 0.999 50.047 0.231285 0.971877 0.044292 -2.2075 -0.972876 0.231247 0.00604651 99.7168
-0.00350001 -0.043933 0.999028 50.5302 0.230028 0.972209 0.0435595 -2.19535 -0.973178 0.229957 0.00670308 99.733
0.00039657 -0.0439145 0.999035 51.0158 0.23207 0.971765 0.0426236 -2.17881 -0.972699 0.231829 0.0105766 99.7278
0.00225295 -0.0439442 0.999031 51.5003 0.231532 0.97191 0.0422291 -2.16527 -0.972825 0.231213 0.0123642 99.7423
0.00516531 -0.0446597 0.998989 51.9909 0.232959 0.971569 0.0422294 -2.14751 -0.972473 0.232505 0.0154223 99.7409
0.00557541 -0.0448798 0.998977 52.4691 0.228848 0.972538 0.0424148 -2.14026 -0.973446 0.228378 0.015693 99.7694
0.00792681 -0.0452095 0.998946 52.9461 0.229031 0.972504 0.0421954 -2.13447 -0.973387 0.228455 0.0180632 99.7779
0.0103932 -0.0444309 0.998958 53.4132 0.226928 0.973052 0.0409177 -2.12476 -0.973856 0.226266 0.0201957 99.7984
0.0146749 -0.0438721 0.998929 53.8618 0.228138 0.972832 0.0393744 -2.11453 -0.973518 0.227316 0.0242851 99.8082
0.018688 -0.0433504 0.998885 54.2991 0.225741 0.973445 0.0380229 -2.10774 -0.974008 0.224779 0.0279777 99.8275
0.0215853 -0.04263 0.998858 54.7091 0.223799 0.973943 0.0367304 -2.10044 -0.974396 0.22275 0.0305634 99.8505
0.0246116 -0.0420659 0.998812 55.1225 0.222693 0.97424 0.0355437 -2.09368 -0.974578 0.221554 0.0333454 99.8731
0.0291475 -0.0414879 0.998714 55.5199 0.222958 0.974236 0.0339641 -2.08297 -0.974392 0.221681 0.0376466 99.8863
0.0294829 -0.0412124 0.998715 55.8991 0.220392 0.974828 0.0337205 -2.08133 -0.974966 0.219115 0.0378237 99.925
0.0314752 -0.0422109 0.998613 56.2672 0.217824 0.975383 0.0343634 -2.08457 -0.97548 0.21644 0.0398949 99.9449
0.0331301 -0.0422793 0.998556 56.6175 0.217058 0.975563 0.0341042 -2.07997 -0.975596 0.215615 0.0414975 99.9509
0.0309052 -0.0428233 0.998605 56.9475 0.213961 0.976206 0.0352411 -2.08118 -0.976353 0.212573 0.0393324 99.9629
0.0222585 -0.0423798 0.998854 57.2638 0.209948 0.977021 0.0367749 -2.07627 -0.977459 0.208889 0.0306446 99.9894
0.0059928 -0.0437819 0.999023 57.5665 0.202011 0.978496 0.0416706 -2.08513 -0.979365 0.201564 0.0147084 100.02
-0.00849021 -0.0446722 0.998966 57.8479 0.203103 0.978101 0.0454653 -2.07572 -0.979121 0.203279 0.000768751 99.9697
-0.0292027 -0.025813 0.99924 57.9207 0.208189 0.977587 0.0313379 -2.0429 -0.977653 0.208945 -0.0231742 99.7393
-0.0521578 -0.0241259 0.998347 58.159 0.211521 0.976759 0.034655 -2.02379 -0.975981 0.212979 -0.0458425 99.6287
-0.0786756 -0.0179491 0.996739 59.5868 0.216796 0.975601 0.0346808 -1.64938 -0.973042 0.218817 -0.0728647 97.7459
-0.121399 -0.00966381 0.992557 59.887 0.218999 0.97505 0.0362791 -1.3665 -0.968143 0.221773 -0.116254 96.6715
-0.207604 -0.0112638 0.978148 60.1185 0.214877 0.974986 0.0568332 -1.43691 -0.954321 0.22198 -0.199991 96.8261
-0.255138 -0.00296883 0.9669 60.3188 0.217013 0.974307 0.0602553 -1.32576 -0.942237 0.225204 -0.247938 96.4966
-0.310595 0.000427867 0.950542 60.9506 0.21915 0.973092 0.0711706 -1.18665 -0.924934 0.230417 -0.302332 95.9201
-0.40065 0.00318646 0.916226 61.4713 0.21334 0.972832 0.0899066 -1.15647 -0.891048 0.231488 -0.390445 95.931
-0.462868 0.00324926 0.886421 61.7736 0.211296 0.971573 0.106773 -1.08697 -0.860875 0.236719 -0.450397 95.6864
-0.521648 0.0048961 0.853147 61.9174 0.209028 0.97024 0.12224 -1.04886 -0.827158 0.242098 -0.507147 95.5418
-0.578577 0.00629864 0.815603 62.054 0.201769 0.969995 0.135641 -1.00753 -0.790277 0.243043 -0.562488 95.3866
-0.637018 0.00196695 0.770846 62.1944 0.187422 0.970384 0.152407 -0.976198 -0.747717 0.24156 -0.618521 95.2396
-0.692406 -0.00634639 0.72148 62.3239 0.170625 0.970158 0.172283 -0.957283 -0.701043 0.242392 -0.67066 95.0852
-0.741144 -0.00592887 0.67132 62.415 0.159425 0.969803 0.184572 -0.908279 -0.652142 0.243819 -0.717818 94.9082
-0.786343 -0.00248081 0.617786 62.4895 0.150085 0.969267 0.194926 -0.854963 -0.599283 0.245999 -0.761803 94.7158
-0.828053 0.000221191 0.560649 62.5754 0.139593 0.968589 0.20579 -0.816554 -0.542993 0.248668 -0.802074 94.5292
-0.862459 0.00485614 0.506104 62.6427 0.129769 0.968649 0.211847 -0.765281 -0.489208 0.248386 -0.83605 94.336
-0.89233 0.00807319 0.451311 62.7059 0.118446 0.968991 0.216857 -0.718679 -0.435566 0.246964 -0.865616 94.1438
-0.917027 0.0053575 0.39879 62.768 0.102196 0.969682 0.221974 -0.66672 -0.385511 0.244311 -0.889772 93.9477
-0.936137 0.00231553 0.351627 62.8253 0.0882501 0.969521 0.228564 -0.61895 -0.34038 0.244998 -0.907809 93.7436
-0.950747 0.00338108 0.309949 62.8617 0.0798401 0.968872 0.234335 -0.567882 -0.299508 0.24754 -0.921422 93.5342
-0.963501 -0.0015729 0.267699 62.9177 0.0651905 0.968501 0.240324 -0.523789 -0.259645 0.249004 -0.93305 93.3254
-0.973341 -0.0036719 0.229335 62.9589 0.0537569 0.96837 0.243659 -0.471672 -0.222975 0.249492 -0.942356 93.0979
-0.980941 -0.00497052 0.194242 62.9911 0.0438214 0.968258 0.24608 -0.416882 -0.189299 0.249902 -0.949587 92.8668
-0.986741 -0.00658405 0.162169 63.0118 0.0342254 0.968268 0.247561 -0.357216 -0.158653 0.249829 -0.955204 92.6291
-0.991161 -0.00828638 0.132403 63.0362 0.025144 0.968223 0.248822 -0.2977 -0.130258 0.249952 -0.959457 92.3857
-0.994246 -0.00604536 0.106954 63.0482 0.0208619 0.968364 0.248668 -0.22655 -0.105073 0.249469 -0.962666 92.1216
-0.996291 -0.00312695 0.0859885 63.0513 0.0185072 0.968163 0.249637 -0.169463 -0.0840315 0.250303 -0.964514 91.857
-0.99754 0.00342837 0.0700212 63.0349 0.0207795 0.968379 0.248617 -0.101917 -0.0669547 0.24946 -0.966068 91.5988
-0.998366 0.00745141 0.0566576 63.0237 0.0213068 0.968507 0.248073 -0.0328524 -0.0530248 0.248875 -0.967083 91.3254
-0.998873 0.0102913 0.0463397 63.0175 0.0214474 0.968735 0.247167 0.0475186 -0.0423473 0.247882 -0.967864 91.029
-0.999064 0.0163869 0.0400404 62.9994 0.0257621 0.968854 0.24629 0.122698 -0.0347573 0.247091 -0.968369 90.7284
-0.999225 0.0201266 0.0338232 62.9987 0.0278419 0.968872 0.245992 0.201345 -0.0278194 0.246743 -0.968682 90.4096
-0.99928 0.0229425 0.0302173 63.0006 0.0296976 0.968651 0.246644 0.274265 -0.0236114 0.247364 -0.968635 90.0906
-0.999311 0.0237817 0.0284961 63.0073 0.0300767 0.968733 0.246275 0.355303 -0.0217482 0.246963 -0.968781 89.766
-0.9992 0.0274151 0.0291305 63.0068 0.0337539 0.968633 0.246193 0.438548 -0.0214673 0.246979 -0.968783 89.4241
-0.999164 0.0278622 0.029903 63.0192 0.0343986 0.968383 0.247084 0.520038 -0.0220733 0.247906 -0.968533 89.0762
-0.999164 0.0266918 0.0309616 63.0364 0.0335386 0.968289 0.247571 0.605714 -0.0233717 0.248402 -0.968375 88.7268
-0.999 0.0305535 0.0326566 63.0416 0.0377371 0.967776 0.248967 0.697403 -0.0239974 0.249951 -0.967961 88.3557
-0.998976 0.0310817 0.0328814 63.0658 0.0383492 0.967293 0.250745 0.788315 -0.0240124 0.251749 -0.967495 87.9826
-0.998868 0.032485 0.0347535 63.0763 0.0401995 0.967024 0.251491 0.881976 -0.0254378 0.252603 -0.967235 87.6166
-0.998669 0.0359612 0.0369836 63.0842 0.044143 0.96672 0.251998 0.979148 -0.0266906 0.253295 -0.967021 87.2334
-0.998438 0.0395497 0.0394743 63.089 0.0482465 0.966543 0.251927 1.07703 -0.02819 0.253437 -0.966941 86.86
-0.998313 0.0408017 0.0413177 63.1064 0.0499403 0.966338 0.252381 1.16808 -0.0296293 0.254019 -0.966745 86.4768
-0.998144 0.0429354 0.0431843 63.1241 0.052468 0.966307 0.251987 1.26559 -0.0309101 0.253785 -0.966767 86.0914
-0.997975 0.0446735 0.0452771 63.138 0.0546503 0.966438 0.25102 1.35791 -0.0325436 0.252986 -0.966922 85.721
