1 0 0 0 0 1 0 0 0 0 1 0
0.999995 -0.00160093 0.00256695 3.5151e-05 0.00158925 0.999988 0.0045436 -0.00581906 -0.0025742 -0.0045395 0.999986 0.659893
0.999964 -0.00697924 0.0049137 0.0165036 0.00697686 0.999976 0.000501809 -0.010447 -0.00491708 -0.000467509 0.999988 1.3627
0.999948 -0.00615148 0.00817689 0.0188055 0.00621064 0.999955 -0.00723025 -0.0146843 -0.00813204 0.00728065 0.99994 2.0265
0.999923 0.00234004 0.0121959 0.00722197 -0.00218453 0.999916 -0.012749 -0.0114331 -0.0122247 0.0127214 0.999844 2.71166
0.999895 -0.00123234 0.0144137 0.0168154 0.00139565 0.999935 -0.0113252 -0.0186807 -0.0143988 0.0113441 0.999832 3.36975
0.999808 -0.00988776 0.0169093 0.0289863 0.00999732 0.999929 -0.0064071 -0.0400463 -0.0168447 0.00657492 0.999836 4.20061
0.999697 -0.0156428 0.0189891 0.0474534 0.01573 0.999866 -0.00445063 -0.0544278 -0.018917 0.00474798 0.99981 5.02808
0.999649 -0.0167138 0.0205574 0.0526141 0.0167647 0.999857 -0.00230722 -0.0606063 -0.0205159 0.00265105 0.999786 5.78945
0.999703 -0.0116104 0.021411 0.0475645 0.0115238 0.999925 0.00416473 -0.0713828 -0.0214578 -0.00391676 0.999762 6.7738
0.999683 -0.0127897 0.0216972 0.0692894 0.0126084 0.999885 0.00847008 -0.0843952 -0.021803 -0.00819383 0.999729 7.85789
0.999695 -0.00927662 0.0229049 0.0752339 0.00917063 0.999947 0.00472771 -0.0943313 -0.0229476 -0.00451622 0.999726 8.9109
0.999704 -0.00466307 0.0238654 0.0830699 0.00475753 0.999981 -0.00390308 -0.101669 -0.0238467 0.00401547 0.999708 9.68686
0.999691 -0.0037022 0.0245828 0.0918919 0.00388085 0.999966 -0.00722344 -0.11678 -0.0245552 0.00731661 0.999672 10.5333
0.999707 -0.00205749 0.0241298 0.105171 0.00203059 0.999997 0.00113916 -0.127954 -0.0241321 -0.00108982 0.999708 11.2853
0.999666 -0.0056128 0.025244 0.13132 0.00537026 0.999939 0.00966541 -0.130924 -0.0252967 -0.00952661 0.999635 12.1305
0.9996 -0.00899167 0.0268061 0.161272 0.00869421 0.9999 0.0111927 -0.14828 -0.0269041 -0.0109552 0.999578 13.14
0.999482 -0.0114038 0.0301036 0.188187 0.0113396 0.999933 0.00230311 -0.149023 -0.0301279 -0.00196056 0.999544 14.0215
0.999399 -0.0100277 0.033184 0.213956 0.0101911 0.999937 -0.00475814 -0.154362 -0.0331342 0.00509346 0.999438 15.2435
0.999353 -0.0109705 0.0342454 0.276188 0.0112526 0.999904 -0.00805506 -0.182622 -0.0341538 0.0084352 0.999381 16.4936
0.999226 -0.0160451 0.035906 0.348543 0.0163072 0.999842 -0.00701672 -0.206361 -0.0357878 0.00759682 0.999331 18.0659
0.999112 -0.0173506 0.038386 0.409079 0.0175395 0.999836 -0.00459052 -0.227788 -0.0383001 0.00525972 0.999252 19.4128
0.999057 -0.0132592 0.0413451 0.43951 0.013259 0.999912 0.000277813 -0.238706 -0.0413452 0.000270646 0.999145 20.6603
0.998939 -0.0113348 0.0446292 0.463991 0.0109632 0.999903 0.00856163 -0.25292 -0.0447219 -0.00806327 0.998967 21.6051
0.998849 -0.0113889 0.0465991 0.502409 0.0107362 0.999841 0.014233 -0.255748 -0.0467538 -0.0137163 0.998812 22.4919
0.998729 -0.0112274 0.0491306 0.547456 0.0105937 0.999858 0.0131397 -0.263898 -0.0492711 -0.0126025 0.998706 23.5815
0.998586 -0.0113264 0.0519349 0.596171 0.0109823 0.999916 0.00690525 -0.27336 -0.0520088 -0.00632513 0.998627 24.7952
0.998517 -0.00903872 0.0536937 0.6416 0.00914052 0.999957 -0.0016507 -0.285841 -0.0536765 0.00213903 0.998556 25.7703
0.998432 -0.00720143 0.0555202 0.686409 0.00742685 0.999965 -0.0038549 -0.289985 -0.0554905 0.0042612 0.99845 26.5765
0.99822 -0.00345442 0.0595438 0.711698 0.00344899 0.999994 0.000193926 -0.296475 -0.0595442 1.17851e-05 0.998226 27.3715
0.997978 -0.00105146 0.0635497 0.746676 0.000568627 0.999971 0.00761534 -0.311275 -0.0635558 -0.0075638 0.99795 28.1705
0.997612 0.00599099 0.0688137 0.772827 -0.00678915 0.999912 0.0113709 -0.321684 -0.0687396 -0.011811 0.997565 29.0713
0.99733 0.00954139 0.072399 0.833596 -0.010255 0.999902 0.00949163 -0.332038 -0.0723013 -0.0102087 0.997331 30.0539
0.997 0.0121153 0.0764487 0.897913 -0.0124267 0.999916 0.00359767 -0.344023 -0.0763987 -0.00453688 0.997067 31.0324
0.996651 0.00834378 0.081344 0.975497 -0.0078677 0.99995 -0.00617151 -0.357269 -0.0813914 0.00551085 0.996667 32.0172
0.996223 0.00616449 0.0866157 1.04787 -0.00526412 0.99993 -0.0106196 -0.36498 -0.0866751 0.0101235 0.996185 32.8213
0.995476 0.00526742 0.0948634 1.09953 -0.00477612 0.999974 -0.00540534 -0.376757 -0.0948894 0.00492781 0.995476 33.5517
0.994686 0.0028368 0.102917 1.16587 -0.00351331 0.999973 0.00639263 -0.388857 -0.102896 -0.00672024 0.994669 34.2206
0.993681 0.00157836 0.112232 1.23553 -0.00301959 0.999915 0.0126727 -0.400719 -0.112203 -0.0129315 0.993601 34.9124
0.992513 -0.00240191 0.122118 1.32089 0.0011221 0.999944 0.0105478 -0.410981 -0.122136 -0.0103318 0.99246 35.6294
0.991477 -0.00304418 0.130244 1.41674 0.0026924 0.999992 0.00287692 -0.417758 -0.130252 -0.00250173 0.991478 36.3361
0.99029 -0.00535214 0.138912 1.51361 0.00565367 0.999982 -0.00177621 -0.427544 -0.1389 0.00254433 0.990303 37.0263
0.98926 -0.00841085 0.145923 1.64209 0.00874893 0.99996 -0.00167523 -0.437912 -0.145903 0.00293391 0.989294 37.7931
0.988237 -0.0179253 0.151873 1.77375 0.0179419 0.999838 0.00126122 -0.446568 -0.151871 0.00147851 0.988399 38.4968
0.987238 -0.0209277 0.157874 1.85754 0.0205926 0.999781 0.0037586 -0.451869 -0.157918 -0.000459599 0.987452 39.0375
0.986417 -0.027039 0.162017 1.95288 0.0265482 0.999634 0.00519388 -0.458286 -0.162098 -0.000822074 0.986774 39.5614
0.986041 -0.028654 0.164018 2.04705 0.0285402 0.999588 0.0030506 -0.464666 -0.164038 0.00167309 0.986453 40.1159
0.985881 -0.0298285 0.16477 2.13095 0.030135 0.999546 0.000639685 -0.463851 -0.164714 0.00433468 0.986332 40.6542
0.986237 -0.0356492 0.161449 2.23554 0.03635 0.999338 -0.00138792 -0.469362 -0.161293 0.00723749 0.98688 41.1618
0.986502 -0.0306338 0.160855 2.28476 0.0311712 0.999514 -0.000817998 -0.484226 -0.160752 0.00582102 0.986978 41.6375
0.987213 -0.0358737 0.155318 2.37825 0.0361668 0.999345 0.0009387 -0.490182 -0.15525 0.00469065 0.987864 42.1162
0.988206 -0.0327228 0.149596 2.44703 0.0330438 0.999454 0.00033971 -0.492927 -0.149526 0.00460753 0.988747 42.6012
0.989062 -0.0330571 0.143746 2.51095 0.0334039 0.999442 7.50488e-07 -0.498882 -0.143666 0.00480093 0.989615 43.1064
0.990174 -0.0337004 0.135721 2.57585 0.0340036 0.999422 8.41758e-05 -0.501307 -0.135645 0.00453165 0.990747 43.5794
0.990958 -0.0396795 0.128172 2.64087 0.0397758 0.999207 0.00180942 -0.506019 -0.128142 0.00330507 0.99175 44.0897
0.991741 -0.0424572 0.121027 2.6973 0.0419698 0.999097 0.0065747 -0.509463 -0.121197 -0.0014409 0.992627 44.6234
0.992534 -0.0458119 0.113035 2.7604 0.0448077 0.99893 0.0114099 -0.516635 -0.113436 -0.00625986 0.993526 45.1705
0.993372 -0.0462235 0.105242 2.81092 0.0450522 0.998894 0.0134813 -0.523533 -0.105748 -0.00865056 0.994355 45.7183
0.994101 -0.0474989 0.0975002 2.86209 0.046661 0.998852 0.0108571 -0.525032 -0.0979039 -0.00624365 0.995176 46.2719
0.994792 -0.0467154 0.0905896 2.89501 0.0463504 0.998906 0.00612978 -0.529865 -0.0907769 -0.00189899 0.995869 46.7916
0.995546 -0.0460286 0.0822821 2.9277 0.0461843 0.998933 1.13082e-05 -0.531104 -0.0821948 0.00378888 0.996609 47.2868
0.996412 -0.042234 0.0733471 2.94971 0.0426211 0.999084 -0.00371953 -0.537503 -0.0731229 0.00683232 0.9973 47.7684
0.997205 -0.0394528 0.0634435 2.97012 0.0399877 0.999174 -0.00718406 -0.54232 -0.0631077 0.00970094 0.99796 48.2463
0.997875 -0.0366561 0.0538711 2.98772 0.0372026 0.999266 -0.00917628 -0.549436 -0.0534952 0.0111609 0.998506 48.7146
0.998481 -0.0317306 0.0450415 2.99448 0.0321557 0.999445 -0.00874463 -0.56257 -0.044739 0.0101797 0.998947 49.1981
0.998965 -0.0272817 0.0363912 2.99788 0.0275933 0.999586 -0.00808945 -0.575314 -0.0361555 0.00908524 0.999305 49.6938
0.999311 -0.0229606 0.0291451 2.99487 0.0232105 0.999696 -0.00826476 -0.585548 -0.0289465 0.00893554 0.999541 50.1821
0.999535 -0.0211941 0.0219424 2.99507 0.0213934 0.999732 -0.00889038 -0.590891 -0.0217481 0.00935566 0.99972 50.6665
0.999707 -0.0188825 0.0151702 2.99394 0.0190102 0.999785 -0.00832355 -0.598632 -0.0150097 0.00860949 0.99985 51.1378
0.999801 -0.0174365 0.00965394 2.98936 0.0175137 0.999815 -0.00797371 -0.609866 -0.00951312 0.0081412 0.999922 51.5973
0.999835 -0.0178148 0.00363939 2.98809 0.0178412 0.999814 -0.00733686 -0.620084 -0.00350801 0.00740058 0.999966 52.0753
0.999793 -0.0203257 -0.0010375 2.9828 0.0203187 0.999773 -0.00641869 -0.62926 0.00116773 0.00639628 0.999979 52.5498
0.99981 -0.0186877 -0.00557919 2.98464 0.0186636 0.999816 -0.00433572 -0.63327 0.00565919 0.00423077 0.999975 53.0548
0.999853 -0.0152098 -0.00796382 2.96357 0.0151848 0.99988 -0.00318354 -0.639994 0.00801129 0.00306214 0.999963 53.5539
0.999772 -0.0177671 -0.0118765 2.9597 0.0177418 0.99984 -0.00223255 -0.650418 0.0119142 0.00202133 0.999927 54.0781
0.99965 -0.0215011 -0.0154031 2.95529 0.0214469 0.999763 -0.00367443 -0.66247 0.0154785 0.0033428 0.999875 54.6213
0.999492 -0.0257042 -0.0188509 2.95181 0.0256242 0.999662 -0.00447318 -0.669926 0.0189596 0.00398787 0.999812 55.1836
0.999462 -0.0247331 -0.0215503 2.93123 0.0246215 0.999682 -0.00543217 -0.681987 0.0216778 0.00489865 0.999753 55.9528
0.999364 -0.02568 -0.0247599 2.91707 0.0255814 0.999664 -0.00428866 -0.695256 0.0248617 0.00365254 0.999684 56.8898
0.999209 -0.0284097 -0.0278294 2.89269 0.0283271 0.999593 -0.00335507 -0.724723 0.0279134 0.00256409 0.999607 58.6661
0.999106 -0.0302216 -0.0295657 2.84696 0.0301444 0.999541 -0.00305167 -0.747889 0.0296443 0.0021577 0.999558 60.1939
0.999138 -0.0289381 -0.0297519 2.76803 0.0288487 0.999578 -0.00342872 -0.778815 0.0298386 0.00256746 0.999551 61.8571
0.99917 -0.0276334 -0.0299161 2.748 0.0275044 0.999611 -0.00471601 -0.787014 0.0300348 0.00388927 0.999541 62.3936
0.999271 -0.0254397 -0.0284532 2.72517 0.0252717 0.999661 -0.00624698 -0.798601 0.0286024 0.00552337 0.999576 62.9134
0.999405 -0.022958 -0.0257574 2.70209 0.0227217 0.999697 -0.00942825 -0.80753 0.025966 0.00883739 0.999624 63.4655
0.999497 -0.0220836 -0.0227657 2.69162 0.0218226 0.999694 -0.0116525 -0.822521 0.023016 0.0111498 0.999673 64.0142
0.9996 -0.0210675 -0.0188455 2.62914 0.0208241 0.999698 -0.0130233 -0.900577 0.0191142 0.0126257 0.999738 67.1933
0.999694 -0.0201292 -0.0143688 2.57685 0.0199444 0.999718 -0.0128936 -0.964661 0.0146243 0.0126031 0.999814 69.765
0.999754 -0.01998 -0.00965492 2.54301 0.0198736 0.999742 -0.0109981 -1.0439 0.00987217 0.0108035 0.999893 72.3161
0.999808 -0.0189698 -0.00496075 2.53769 0.0189278 0.999786 -0.00838097 -1.09465 0.00511867 0.00828546 0.999953 74.2043
0.999829 -0.0184443 0.000901917 2.53172 0.0184501 0.999806 -0.00693608 -1.10821 -0.000773811 0.00695154 0.999976 74.7065
0.999814 -0.0178892 0.00723695 2.53438 0.01794 0.999814 -0.00701288 -1.12228 -0.00711015 0.00714141 0.999949 75.2314
0.99974 -0.0180786 0.0138892 2.56622 0.0181713 0.999813 -0.00657964 -1.15334 -0.0137676 0.00683031 0.999882 76.3639
0.999497 -0.0255998 0.0186969 2.62019 0.025741 0.999642 -0.00735551 -1.15871 -0.0185019 0.00783309 0.999798 76.997
0.999377 -0.0258091 0.0240635 2.66553 0.0259958 0.999634 -0.00747749 -1.18175 -0.0238617 0.00809838 0.999682 77.9709
0.999136 -0.0291315 0.0296366 2.70358 0.0293761 0.999538 -0.00785011 -1.19751 -0.0293942 0.00871393 0.99953 78.7812
0.998744 -0.0365795 0.0342358 2.77529 0.0368763 0.999287 -0.00807926 -1.20651 -0.0339159 0.0093316 0.999381 79.6144
0.998553 -0.0361399 0.039815 2.82995 0.0365288 0.999291 -0.00908272 -1.23284 -0.0394585 0.010524 0.999166 80.6187
0.998193 -0.0401812 0.0446821 2.90254 0.0406853 0.999118 -0.0104305 -1.24542 -0.0442236 0.0122296 0.998947 81.5876
0.997958 -0.040709 0.0492173 2.95532 0.0412745 0.999092 -0.0105271 -1.26828 -0.0487441 0.012537 0.998733 82.6103
0.997764 -0.0421781 0.0518468 3.00508 0.0427155 0.999044 -0.00930008 -1.29045 -0.051405 0.011494 0.998612 83.5606
0.997579 -0.0456389 0.0524655 3.09333 0.0461304 0.998902 -0.00819419 -1.31136 -0.0520339 0.0105946 0.998589 84.6581
0.997398 -0.0497797 0.0521499 3.2149 0.0502816 0.9987 -0.00835706 -1.34746 -0.0516661 0.0109575 0.998604 86.2482
0.997298 -0.0525967 0.0512803 3.30612 0.0531782 0.998535 -0.0100405 -1.37804 -0.0506771 0.0127404 0.998634 87.5621
0.997459 -0.0507279 0.0500176 3.35677 0.0513626 0.998614 -0.0114869 -1.41133 -0.0493655 0.0140267 0.998682 88.8371
0.997686 -0.0465078 0.0495928 3.36749 0.0470809 0.998836 -0.0104502 -1.44575 -0.0490491 0.0127609 0.998715 90.1072
0.997766 -0.0459284 0.048518 3.39927 0.0464811 0.998866 -0.0103237 -1.45737 -0.0479889 0.0125558 0.998769 91.0841
0.997756 -0.0487727 0.0458811 3.44694 0.0492869 0.998733 -0.0101417 -1.4817 -0.0453284 0.0123803 0.998895 92.0179
0.997585 -0.0546013 0.0429364 3.50646 0.0550467 0.998441 -0.00925966 -1.51208 -0.0423638 0.0116008 0.999035 92.938
0.997541 -0.0578405 0.0395711 3.54844 0.0582257 0.998266 -0.00865064 -1.52744 -0.0390022 0.0109334 0.999179 93.6854
0.997726 -0.0569352 0.0360705 3.55341 0.0573398 0.998302 -0.0102822 -1.53874 -0.0354238 0.0123271 0.999296 94.433
0.998058 -0.0541148 0.0308482 3.54636 0.0544483 0.998466 -0.010076 -1.55683 -0.0302557 0.011736 0.999473 94.9728
0.998284 -0.0532442 0.0243837 3.53643 0.053457 0.998537 -0.00815864 -1.57743 -0.0239136 0.00944811 0.999669 95.672
0.998312 -0.056169 0.0147886 3.54334 0.0562723 0.998393 -0.00666764 -1.59938 -0.0143903 0.00748857 0.999868 96.268
0.998372 -0.0569417 0.00331007 3.53627 0.0569672 0.998342 -0.0081996 -1.61226 -0.00283768 0.00837481 0.999961 96.8991
0.998392 -0.0560984 -0.00816949 3.5069 0.0560256 0.99839 -0.00887895 -1.63384 0.00865443 0.00840697 0.999927 97.6346
0.998301 -0.0551026 -0.0189399 3.4784 0.0549491 0.998453 -0.00853135 -1.65201 0.0193807 0.00747612 0.999784 98.3031
0.998285 -0.0507134 -0.0292303 3.44691 0.0504693 0.998685 -0.00902765 -1.67056 0.0296497 0.00753694 0.999532 98.9732
0.998211 -0.0469471 -0.0370241 3.41519 0.046617 0.998865 -0.00973109 -1.68573 0.037439 0.00798773 0.999267 99.5161
0.998111 -0.0458186 -0.0409288 3.38621 0.0454573 0.998919 -0.00971552 -1.6998 0.0413297 0.00783665 0.999115 99.9581
0.998001 -0.0460166 -0.0433154 3.36611 0.0456249 0.998909 -0.00998954 -1.71277 0.0437278 0.00799332 0.999012 100.357
0.997872 -0.04631 -0.0459023 3.34801 0.0458761 0.998892 -0.0104634 -1.72489 0.046336 0.0083353 0.998891 100.778
0.997861 -0.0458647 -0.0465791 3.31808 0.0453775 0.998904 -0.0114631 -1.73429 0.0470538 0.00932492 0.998849 101.17
0.997807 -0.0460529 -0.0475523 3.30163 0.0454883 0.998882 -0.0128879 -1.744 0.0480926 0.0106965 0.998786 101.561
0.997825 -0.046092 -0.0471217 3.2804 0.045478 0.998867 -0.0140198 -1.75331 0.0477145 0.0118463 0.998791 101.987
0.997957 -0.0448685 -0.045484 3.25256 0.0442607 0.998918 -0.0142832 -1.76206 0.0460757 0.0122408 0.998863 102.423
0.998133 -0.043769 -0.0425922 3.22584 0.0432011 0.998966 -0.0141639 -1.77142 0.0431681 0.0122974 0.998992 102.83
0.998124 -0.0456678 -0.0407815 3.21551 0.0451373 0.998885 -0.0138375 -1.78251 0.041368 0.0119708 0.999072 103.26
0.99817 -0.0466261 -0.0384928 3.20633 0.0461286 0.998841 -0.0137126 -1.78914 0.0390875 0.0119119 0.999165 103.689
0.998183 -0.0481623 -0.0362188 3.19858 0.0476911 0.998767 -0.0137639 -1.79923 0.0368371 0.0120115 0.999249 104.195
0.998297 -0.0485169 -0.0323844 3.18291 0.0481175 0.998757 -0.0130009 -1.80883 0.032975 0.0114205 0.999391 104.677
0.998492 -0.0473394 -0.0277858 3.17051 0.0470101 0.998818 -0.0123889 -1.82191 0.0283394 0.011064 0.999537 105.185
0.998673 -0.0467237 -0.0216753 3.15435 0.0464694 0.998846 -0.0120942 -1.838 0.0222154 0.0110709 0.999692 105.809
0.998809 -0.0462712 -0.0154802 3.14718 0.0461057 0.998877 -0.0108798 -1.85069 0.0159662 0.0101531 0.999821 106.422
0.998973 -0.0446161 -0.00789992 3.13248 0.0445403 0.998962 -0.00952811 -1.8622 0.00831683 0.00916646 0.999923 107.097
0.99906 -0.0433471 -0.000727807 3.13477 0.0433394 0.999024 -0.00848265 -1.87706 0.0010948 0.00844313 0.999964 107.781
0.999117 -0.0413391 0.00752568 3.12806 0.0413942 0.999116 -0.00731946 -1.88923 -0.00721645 0.00762452 0.999945 108.488
0.999098 -0.0387807 0.0172848 3.121 0.0388919 0.999225 -0.00614321 -1.903 -0.0170331 0.00680991 0.999832 109.125
0.9989 -0.0379298 0.0275853 3.1337 0.038084 0.999262 -0.00508597 -1.91467 -0.027372 0.00613093 0.999607 109.762
0.998592 -0.0360876 0.0388891 3.14302 0.0362413 0.999338 -0.00325419 -1.92696 -0.0387459 0.004659 0.999238 110.234
0.998128 -0.0347589 0.0503198 3.16263 0.0348517 0.999392 -0.000967919 -1.93438 -0.0502556 0.00271984 0.998733 110.69
0.997478 -0.0350613 0.0617088 3.2017 0.03504 0.999385 0.0014273 -1.93921 -0.0617209 0.000738576 0.998093 111.159
0.996543 -0.0347236 0.075474 3.23731 0.0346644 0.999397 0.00209494 -1.94427 -0.0755012 0.000528565 0.997146 111.608
0.995198 -0.0276053 0.0939141 3.25465 0.0275551 0.999619 0.00183104 -1.95393 -0.0939289 0.000765563 0.995579 112.039
0.993181 -0.0257447 0.113708 3.30903 0.0257278 0.999668 0.00161586 -1.95578 -0.113712 0.00132063 0.993513 112.49
0.990256 -0.0239135 0.137189 3.36228 0.0238167 0.999714 0.00234682 -1.96178 -0.137206 0.000943443 0.990542 112.929
0.987105 -0.0280567 0.157596 3.45252 0.0279076 0.999606 0.00315914 -1.96894 -0.157623 0.00127972 0.987499 113.376
0.983371 -0.0310904 0.178926 3.54251 0.0306983 0.999516 0.00496068 -1.97366 -0.178994 0.000614534 0.98385 113.832
0.979088 -0.0317911 0.200936 3.63603 0.0311199 0.999495 0.00649905 -1.97362 -0.201041 -0.000110033 0.979583 114.297
0.974739 -0.0378368 0.220121 3.77298 0.0370642 0.999284 0.0076402 -1.97924 -0.220252 0.000711402 0.975443 114.773
0.970049 -0.0412411 0.239384 3.88685 0.0403178 0.999149 0.00875514 -1.98434 -0.239542 0.00115853 0.970885 115.208
0.96612 -0.0465464 0.253863 4.01447 0.0455724 0.998914 0.00971971 -1.98695 -0.254039 0.00217873 0.967191 115.639
0.96329 -0.0528972 0.263202 4.12957 0.0518898 0.998595 0.0107823 -1.99141 -0.263402 0.00327104 0.964681 116.052
0.962424 -0.0601551 0.264806 4.24503 0.059331 0.998176 0.0111172 -1.9901 -0.264992 0.00501176 0.964238 116.458
0.963466 -0.0668385 0.259355 4.35913 0.0661316 0.997745 0.0114601 -1.99121 -0.259536 0.0061101 0.965714 116.86
0.965977 -0.0692625 0.24918 4.45222 0.0687314 0.997576 0.0108424 -1.99317 -0.249327 0.00665294 0.968396 117.25
0.969862 -0.0706113 0.2332 4.534 0.0701303 0.997484 0.0103641 -1.99968 -0.233345 0.00630266 0.972374 117.62
0.974488 -0.0696431 0.213362 4.58823 0.0692825 0.997555 0.00917599 -2.00514 -0.213479 0.00584037 0.97693 117.975
0.979244 -0.0669473 0.19131 4.6297 0.0667377 0.997742 0.00754633 -2.00999 -0.191383 0.00537786 0.981501 118.347
0.983911 -0.0660503 0.166004 4.6753 0.0660423 0.997801 0.00557444 -2.01002 -0.166007 0.00547851 0.986109 118.705
0.988015 -0.064576 0.1402 4.69643 0.0644821 0.997905 0.00521695 -2.01669 -0.140244 0.00388598 0.990109 119.044
0.991803 -0.0637837 0.110715 4.709 0.0636688 0.997961 0.00457681 -2.02099 -0.110781 0.00250976 0.993842 119.399
0.995073 -0.0634386 0.0761933 4.71808 0.0634 0.997984 0.00292739 -2.03217 -0.0762254 0.0019177 0.997089 119.779
0.997433 -0.0596274 0.039653 4.68281 0.0596718 0.998218 6.37634e-05 -2.05066 -0.0395862 0.00230257 0.999214 120.627
0.998469 -0.0552556 0.00270726 4.64708 0.0552617 0.998469 -0.00222649 -2.06011 -0.00258009 0.00237269 0.999994 121.122
0.998289 -0.0492167 -0.0315775 4.50761 0.0491189 0.998785 -0.00386731 -2.0794 0.0317295 0.00230964 0.999494 122.233
0.997256 -0.0412476 -0.0614694 4.36443 0.0409941 0.999145 -0.00537849 -2.09875 0.0616387 0.00284384 0.998094 123.101
0.995538 -0.035322 -0.0875015 4.24817 0.0348867 0.99937 -0.00649986 -2.11209 0.087676 0.00341822 0.996143 123.821
0.993365 -0.0314281 -0.110625 4.12926 0.030912 0.999502 -0.006378 -2.13247 0.11077 0.00291604 0.993842 124.593
0.991253 -0.0257845 -0.12943 3.94808 0.025211 0.999664 -0.00606775 -2.15589 0.129543 0.00275162 0.99157 125.471
0.989561 -0.018595 -0.142908 3.67809 0.0178432 0.999819 -0.00654029 -2.1842 0.143004 0.00392209 0.989714 126.547
0.988104 -0.0145277 -0.153101 3.48592 0.0132194 0.999867 -0.00956041 -2.20242 0.15322 0.00742278 0.988164 127.469
0.987391 -0.00930427 -0.158028 3.30688 0.00738049 0.999891 -0.0127562 -2.21542 0.158129 0.011429 0.987352 128.32
0.987172 -0.00410985 -0.159606 3.16501 0.00189915 0.9999 -0.0140011 -2.23333 0.159647 0.0135183 0.987082 129.096
0.987929 0.00368978 -0.154866 3.06476 -0.00591531 0.999886 -0.0139123 -2.24293 0.154797 0.0146604 0.987838 129.548
0.989248 0.00973355 -0.145926 2.84551 -0.0119601 0.999825 -0.0143886 -2.2627 0.14576 0.0159791 0.989191 130.574
0.990873 0.0150416 -0.13396 2.71578 -0.017184 0.999742 -0.014851 -2.27372 0.133702 0.0170174 0.990875 131.349
0.992578 0.0181954 -0.120243 2.65236 -0.0203043 0.99966 -0.016337 -2.28264 0.119905 0.0186572 0.99261 131.824
0.994352 0.0258199 -0.102946 2.47987 -0.0278014 0.999454 -0.0178592 -2.29606 0.102428 0.0206203 0.994527 132.903
0.995919 0.0300598 -0.0850969 2.40145 -0.0316113 0.999357 -0.0169439 -2.30751 0.0845328 0.0195648 0.996229 133.568
0.997212 0.0302902 -0.0681973 2.33865 -0.0315587 0.999347 -0.0175991 -2.32468 0.0676197 0.0197022 0.997517 134.404
0.998236 0.0305521 -0.0509065 2.28588 -0.0315293 0.999332 -0.018505 -2.34825 0.0503071 0.0200774 0.998532 135.283
0.998993 0.0277332 -0.0352601 2.26683 -0.0284701 0.999383 -0.0205726 -2.3673 0.0346678 0.0215557 0.999166 136.082
0.999342 0.0300332 -0.0203434 2.25087 -0.0304995 0.99927 -0.023013 -2.38663 0.0196373 0.0236184 0.999528 136.83
0.999531 0.030004 -0.00615111 2.24637 -0.0301526 0.999215 -0.0256928 -2.39932 0.0053754 0.0258662 0.999651 137.408
0.999487 0.0308261 0.00864664 2.23764 -0.030581 0.999163 -0.0271761 -2.41776 -0.00947714 0.0268977 0.999593 138.057
0.999216 0.031802 0.0235708 2.2381 -0.0311286 0.999112 -0.0284091 -2.43322 -0.0244533 0.0276531 0.999318 138.677
0.998902 0.0299112 0.0360447 2.26038 -0.0288964 0.99918 -0.028353 -2.45112 -0.0368632 0.0272803 0.998948 139.281
0.998361 0.0317969 0.0475777 2.27242 -0.0304889 0.999144 -0.0279694 -2.46848 -0.0484263 0.026473 0.998476 139.84
0.997794 0.0334191 0.0573673 2.28453 -0.0319429 0.999139 -0.0264612 -2.48915 -0.0582023 0.0245703 0.998002 140.436
0.9975 0.0317117 0.0631529 2.31491 -0.0301076 0.999203 -0.0261908 -2.5058 -0.0639331 0.0242239 0.99766 141.02
0.997271 0.0307238 0.067133 2.34664 -0.0290405 0.999242 -0.025908 -2.5223 -0.0678781 0.0238877 0.997408 141.601
0.997143 0.0301377 0.0692609 2.38559 -0.0284462 0.999276 -0.025281 -2.54455 -0.0699726 0.0232386 0.997278 142.193
0.997166 0.0293015 0.0692926 2.43324 -0.027696 0.999328 -0.0240178 -2.56675 -0.0699498 0.0220306 0.997307 142.747
0.996993 0.0309459 0.0710382 2.46061 -0.0294014 0.99931 -0.0226865 -2.58854 -0.0716912 0.0205297 0.997216 143.325
0.996668 0.0351211 0.073612 2.48118 -0.0336623 0.999213 -0.0209653 -2.60528 -0.0742904 0.0184175 0.997067 143.898
0.996429 0.0362029 0.0762792 2.507 -0.0349402 0.99923 -0.0178244 -2.62196 -0.0768657 0.0150956 0.996927 144.486
0.996521 0.0337337 0.0762158 2.55997 -0.032742 0.999363 -0.0142246 -2.63978 -0.0766471 0.0116797 0.99699 145.106
0.996467 0.0338363 0.0768688 2.5899 -0.0329414 0.999374 -0.0128807 -2.65191 -0.0772565 0.010303 0.996958 145.712
0.996502 0.0331806 0.076698 2.62813 -0.0322315 0.999388 -0.01358 -2.66622 -0.0771017 0.0110604 0.996962 146.391
0.996684 0.0315272 0.0750152 2.67434 -0.0304377 0.999415 -0.0156227 -2.68465 -0.0754638 0.0132876 0.99706 147.021
0.996851 0.030278 0.0732895 2.72234 -0.0290947 0.999429 -0.0171597 -2.70403 -0.0737673 0.0149733 0.997163 147.655
0.996859 0.0308696 0.0729375 2.79023 -0.0296416 0.999401 -0.0178592 -2.73319 -0.0734451 0.0156411 0.997177 148.719
0.996909 0.0301283 0.0725596 2.87307 -0.0289108 0.999424 -0.0177729 -2.77086 -0.0730533 0.0156202 0.997206 149.946
0.996902 0.0306386 0.0724344 2.9505 -0.0294544 0.999415 -0.0173614 -2.80298 -0.0729239 0.0151742 0.997222 151.011
0.996775 0.0306506 0.0741675 2.99147 -0.029421 0.999412 -0.017615 -2.82144 -0.0746638 0.0153761 0.99709 151.639
0.996566 0.0303232 0.0770549 3.02932 -0.0290543 0.999424 -0.0175358 -2.83972 -0.0775422 0.0152368 0.996873 152.192
0.996106 0.0349518 0.0809454 3.06706 -0.0336522 0.999283 -0.017365 -2.85381 -0.0814943 0.0145734 0.996567 152.75
0.995469 0.0373802 0.08743 3.15181 -0.0360528 0.99921 -0.0167122 -2.89619 -0.0879856 0.0134844 0.99603 154.064
0.994843 0.0381633 0.0939744 3.20513 -0.0368364 0.999196 -0.0158155 -2.91482 -0.0945024 0.0122723 0.995449 154.637
0.99385 0.0396706 0.103388 3.25722 -0.0383324 0.999154 -0.0148991 -2.9357 -0.103892 0.0108444 0.99453 155.247
0.992445 0.0431541 0.114849 3.31282 -0.0417993 0.999025 -0.0141795 -2.95569 -0.115349 0.00927173 0.993282 155.827
0.990509 0.0461794 0.129458 3.36487 -0.0447835 0.998903 -0.0136747 -2.97694 -0.129948 0.00774732 0.991491 156.404
0.988692 0.0453653 0.142932 3.45311 -0.043816 0.998942 -0.0139699 -2.99337 -0.143415 0.00754923 0.989634 156.97
0.986189 0.0461105 0.159079 3.54107 -0.0442315 0.998904 -0.015334 -3.00795 -0.159611 0.00808594 0.987147 157.541
0.983418 0.0450487 0.175668 3.64627 -0.0428122 0.998947 -0.0165026 -3.0251 -0.176226 0.00870823 0.984311 158.105
0.97997 0.0445476 0.1941 3.75469 -0.0419128 0.998965 -0.0176621 -3.04416 -0.194686 0.00917305 0.980823 158.673
0.976364 0.041682 0.212075 3.87504 -0.0385374 0.999078 -0.0189418 -3.06006 -0.212669 0.0103212 0.97707 159.226
0.973194 0.0356635 0.227205 4.01442 -0.032224 0.999303 -0.0188306 -3.07887 -0.227718 0.0110044 0.973665 159.775
0.969808 0.0332943 0.241584 4.13981 -0.0297377 0.999389 -0.0183542 -3.10322 -0.242048 0.0106159 0.970206 160.333
0.967546 0.0275806 0.251184 4.29671 -0.0239204 0.999559 -0.0176136 -3.12655 -0.251559 0.0110336 0.967779 160.967
0.966627 0.0224407 0.255204 4.45179 -0.0186507 0.999677 -0.0172616 -3.15197 -0.255509 0.0119258 0.966733 161.595
0.967076 0.0171428 0.253908 4.65498 -0.0131254 0.999761 -0.0175078 -3.17797 -0.254148 0.0135988 0.96707 162.371
0.968436 0.012082 0.248969 4.82783 -0.00808526 0.999822 -0.0170695 -3.20043 -0.249131 0.0145177 0.968361 163.046
0.970751 0.00808709 0.239954 4.98654 -0.00410057 0.999845 -0.0171083 -3.22264 -0.240055 0.0156239 0.970634 163.703
0.973445 0.00702816 0.228812 5.13436 -0.00314513 0.999845 -0.0173306 -3.24645 -0.228898 0.0161508 0.973316 164.387
0.975935 0.00600909 0.217978 5.2711 -0.00222232 0.999842 -0.0176133 -3.26773 -0.21805 0.016705 0.975795 165.079
0.978171 0.00597389 0.207714 5.43174 -0.00237964 0.999843 -0.0175494 -3.29231 -0.207786 0.016672 0.978032 165.891
0.979743 0.00739816 0.20012 5.59336 -0.00422691 0.999859 -0.0162693 -3.31952 -0.200212 0.0150939 0.979636 166.793
0.981153 0.00658405 0.193121 5.69816 -0.00379014 0.999883 -0.0148331 -3.33777 -0.193196 0.0138216 0.981063 167.409
0.982773 0.00625968 0.18471 5.80802 -0.00368012 0.999891 -0.014305 -3.36182 -0.18478 0.0133788 0.982689 168.01
0.984127 0.00594253 0.177364 5.9183 -0.00345911 0.999892 -0.0143078 -3.37448 -0.177429 0.0134672 0.984041 168.662
0.98524 0.00791398 0.170998 6.00325 -0.00564133 0.999889 -0.0137723 -3.3891 -0.171088 0.0126044 0.985175 169.265
0.986483 0.0068929 0.163718 6.09855 -0.00485169 0.999905 -0.0128644 -3.41068 -0.163791 0.0118962 0.986423 169.921
0.987566 0.00951008 0.156915 6.19153 -0.00766858 0.999894 -0.0123369 -3.43146 -0.157016 0.0109802 0.987535 170.607
0.988655 0.0119087 0.149731 6.28616 -0.00995827 0.999856 -0.0137692 -3.4557 -0.149873 0.012122 0.988631 171.357
0.989794 0.0119714 0.142001 6.39501 -0.00997825 0.999842 -0.0147403 -3.48123 -0.142155 0.0131729 0.989757 172.157
0.990739 0.011492 0.135295 6.48088 -0.00939037 0.999825 -0.0161619 -3.50084 -0.135457 0.0147417 0.990674 172.85
0.991444 0.012582 0.129926 6.54667 -0.010689 0.999826 -0.0152571 -3.52315 -0.130096 0.0137378 0.991406 173.532
0.992205 0.0112555 0.124105 6.64532 -0.00952589 0.999849 -0.014521 -3.55234 -0.12425 0.0132256 0.992163 174.287
0.992672 0.0136098 0.120075 6.71331 -0.011961 0.999824 -0.0144414 -3.57495 -0.120251 0.0128993 0.99266 174.933
0.99272 0.0174665 0.119175 6.74742 -0.0157516 0.999759 -0.015317 -3.6018 -0.119414 0.0133282 0.992755 175.527
0.992756 0.0199753 0.118476 6.79006 -0.0182453 0.999711 -0.0156683 -3.62067 -0.118755 0.0133932 0.992833 176.038
0.992763 0.021709 0.118109 6.83583 -0.0198012 0.999654 -0.0173023 -3.63721 -0.118444 0.0148384 0.99285 176.519
0.992642 0.0238944 0.118701 6.88002 -0.0218958 0.999596 -0.0181134 -3.65359 -0.119086 0.0153811 0.992765 176.971
0.991792 0.0329537 0.123538 6.88999 -0.0308462 0.999345 -0.0189338 -3.67058 -0.124081 0.0149677 0.992159 177.384
0.991218 0.033771 0.127852 6.93618 -0.0315358 0.999313 -0.0194677 -3.68695 -0.128422 0.0152648 0.991602 177.796
0.990007 0.0398223 0.135281 6.96464 -0.0373899 0.999091 -0.0204743 -3.70184 -0.135973 0.0152116 0.990596 178.192
0.988121 0.0474522 0.146171 6.9753 -0.0442404 0.998704 -0.0251482 -3.71688 -0.147175 0.0183828 0.98894 178.56
0.986283 0.0529248 0.156351 7.02146 -0.0488654 0.998364 -0.0296963 -3.73392 -0.157667 0.0216488 0.987255 178.926
0.982785 0.0645386 0.173115 7.03611 -0.059064 0.997583 -0.0365962 -3.74786 -0.175059 0.0257414 0.984221 179.263
0.978989 0.0699869 0.191527 7.08462 -0.0631575 0.997139 -0.0415403 -3.76139 -0.193886 0.0285711 0.980608 179.587
0.973408 0.0796892 0.214771 7.1224 -0.0718183 0.996437 -0.0442185 -3.77576 -0.217529 0.0276182 0.975663 179.901
0.967653 0.0813846 0.238797 7.19296 -0.0724674 0.996314 -0.0459019 -3.79136 -0.241652 0.0271121 0.969984 180.196
0.961517 0.0772102 0.263672 7.29626 -0.0676338 0.996685 -0.0452196 -3.80945 -0.26629 0.0256463 0.963552 180.5
0.952823 0.076254 0.293792 7.37644 -0.0654101 0.996771 -0.0465756 -3.82984 -0.296395 0.0251613 0.954734 180.792
0.943147 0.0742679 0.323972 7.49407 -0.0623098 0.996943 -0.0471447 -3.85278 -0.326483 0.0242777 0.944891 181.09
0.931538 0.0777131 0.355242 7.62843 -0.0645295 0.99672 -0.0488302 -3.87537 -0.357872 0.0225636 0.933498 181.386
0.915087 0.0946333 0.391996 7.71876 -0.0797814 0.995346 -0.0540464 -3.89103 -0.395287 0.0181832 0.918378 181.681
0.897152 0.107131 0.428534 7.8223 -0.0901626 0.994132 -0.0597684 -3.9107 -0.432423 0.0149835 0.901546 181.966
0.877578 0.114796 0.465487 7.93298 -0.0943332 0.993276 -0.0671121 -3.93072 -0.470061 0.0149852 0.882506 182.242
0.857826 0.109459 0.502148 8.09843 -0.0844296 0.993796 -0.0723965 -3.96377 -0.506958 0.0197074 0.861746 182.511
0.8369 0.102215 0.537728 8.30023 -0.0701231 0.994335 -0.0798728 -3.99418 -0.542846 0.0291384 0.839327 182.744
0.812203 0.100174 0.574711 8.52771 -0.0638234 0.994491 -0.083146 -4.02561 -0.579874 0.0308514 0.814122 182.991
0.781966 0.105835 0.61427 8.7561 -0.0697875 0.994149 -0.0824466 -4.05682 -0.619402 0.0216021 0.784777 183.268
0.748625 0.107357 0.654244 9.0049 -0.0743865 0.994173 -0.0780198 -4.09297 -0.658807 0.00974065 0.752249 183.549
0.712427 0.10902 0.693227 9.28317 -0.0770017 0.994038 -0.0771923 -4.12983 -0.697509 0.0016142 0.716574 183.833
0.675789 0.103084 0.729851 9.59528 -0.0704278 0.994673 -0.0752759 -4.18677 -0.733723 -0.000531207 0.679449 184.073
0.637602 0.0988433 0.763998 9.90536 -0.060963 0.995098 -0.0778649 -4.23431 -0.76795 0.00307122 0.640503 184.268
0.596479 0.0984784 0.796564 10.2155 -0.0487401 0.995057 -0.0865206 -4.2686 -0.801147 0.0127832 0.598331 184.424
0.551941 0.102383 0.827574 10.5299 -0.0405065 0.994554 -0.096025 -4.2994 -0.832899 0.019478 0.553083 184.569
0.503279 0.105296 0.857685 10.8307 -0.0331571 0.99417 -0.102595 -4.3318 -0.863488 0.0231958 0.503836 184.713
0.452716 0.10437 0.885525 11.1438 -0.0290911 0.994326 -0.102321 -4.37231 -0.89118 0.0205616 0.453183 184.846
0.399523 0.102858 0.910935 11.5027 -0.028728 0.994602 -0.0997051 -4.42028 -0.916273 0.0136651 0.400321 185.001
0.349678 0.101998 0.931301 11.8684 -0.0156474 0.994553 -0.103051 -4.46008 -0.936739 0.0214622 0.349369 185.095
0.299706 0.105761 0.948151 12.2571 -0.00656184 0.994041 -0.108806 -4.50543 -0.954009 0.0263882 0.298614 185.18
0.254546 0.107288 0.961091 12.645 0.00285695 0.993739 -0.111689 -4.55039 -0.967056 0.0311758 0.252646 185.234
0.21385 0.108229 0.970853 13.0212 0.00755948 0.993631 -0.112433 -4.58877 -0.976837 0.0313829 0.21167 185.279
0.175187 0.107795 0.978616 13.4265 0.00620913 0.993847 -0.110584 -4.63314 -0.984516 0.0254493 0.17344 185.34
0.145192 0.104756 0.983842 13.8595 0.0129346 0.994093 -0.107757 -4.68728 -0.989319 0.028371 0.142979 185.369
0.115835 0.100963 0.988124 14.3275 0.0210039 0.994349 -0.104062 -4.74734 -0.993046 0.0328084 0.113059 185.405
0.0900774 0.0999848 0.990903 14.7759 0.0233462 0.994462 -0.102466 -4.80395 -0.995661 0.0323638 0.0872444 185.435
0.0688983 0.102694 0.992324 15.2625 0.023036 0.994259 -0.104494 -4.85613 -0.997358 0.0300586 0.0661371 185.467
0.0516719 0.104758 0.993154 15.6815 0.0233684 0.994084 -0.106072 -4.89906 -0.998391 0.0286894 0.0489181 185.483
0.0376039 0.101611 0.994113 16.1124 0.0259025 0.994383 -0.102618 -4.94387 -0.998957 0.0296089 0.0347607 185.476
0.0258065 0.098252 0.994827 16.5792 0.0326978 0.994543 -0.0990722 -4.99542 -0.999132 0.0350853 0.0224531 185.454
0.0106568 0.0970003 0.995227 17.0352 0.0390169 0.994486 -0.0973458 -5.04635 -0.999182 0.0398681 0.00681342 185.444
-0.00529547 0.0970817 0.995262 17.5008 0.0424132 0.994402 -0.0967722 -5.0938 -0.999086 0.0416999 -0.00938338 185.429
-0.0208595 0.095673 0.995194 17.9825 0.0474485 0.994384 -0.0946006 -5.14265 -0.998656 0.0452472 -0.0252819 185.407
-0.0361788 0.0955356 0.994768 18.4898 0.0485763 0.994411 -0.0937346 -5.19634 -0.998164 0.044931 -0.0406174 185.374
-0.0522422 0.0960986 0.994 19.0459 0.0491879 0.994399 -0.093552 -5.25467 -0.997422 0.0440054 -0.0566764 185.332
-0.069468 0.0967285 0.992884 19.6109 0.0476498 0.994474 -0.0935496 -5.31302 -0.996446 0.040812 -0.0736932 185.298
-0.0824907 0.100017 0.99156 20.1564 0.0516183 0.994045 -0.0959728 -5.36945 -0.995254 0.0432658 -0.0871622 185.242
-0.0950686 0.105794 0.989833 20.7278 0.0529077 0.993468 -0.101101 -5.42944 -0.994064 0.0427583 -0.100045 185.195
-0.105856 0.108519 0.988442 21.2623 0.051566 0.993289 -0.103529 -5.4831 -0.993044 0.040011 -0.110741 185.141
-0.114963 0.109248 0.987344 21.7709 0.0464658 0.993438 -0.104512 -5.5379 -0.992282 0.0338627 -0.119285 185.095
-0.123488 0.108422 0.986405 22.2911 0.0433319 0.993654 -0.103794 -5.59705 -0.9914 0.0299255 -0.127402 185.058
-0.127809 0.106396 0.986075 22.8091 0.0416434 0.993928 -0.101846 -5.65726 -0.990924 0.0280468 -0.131464 185.006
-0.129053 0.105894 0.985967 23.3641 0.0393532 0.994046 -0.101611 -5.71854 -0.990857 0.0256878 -0.132452 184.941
-0.128398 0.106113 0.986029 23.9282 0.0398592 0.994008 -0.101781 -5.77714 -0.990921 0.0262339 -0.131858 184.872
-0.126731 0.104788 0.986387 24.504 0.0437315 0.994028 -0.0999814 -5.83962 -0.990973 0.0304654 -0.130557 184.793
-0.125823 0.102435 0.98675 25.0722 0.0434901 0.994268 -0.0976698 -5.90176 -0.991099 0.0306247 -0.129557 184.724
-0.123756 0.100647 0.987195 25.7011 0.040886 0.994515 -0.0962676 -5.97175 -0.99147 0.0284488 -0.127192 184.646
-0.122204 0.100278 0.987426 26.2878 0.0415984 0.994526 -0.0958504 -6.03458 -0.991633 0.029362 -0.125706 184.576
-0.12064 0.100078 0.987639 26.8622 0.0412877 0.99455 -0.0957354 -6.09174 -0.991837 0.0292278 -0.124115 184.516
-0.119156 0.100481 0.987778 27.4389 0.0445788 0.994404 -0.0957778 -6.15504 -0.991874 0.0326215 -0.122969 184.447
-0.119578 0.100365 0.987739 28.0345 0.0390899 0.994582 -0.0963279 -6.2222 -0.992055 0.0270919 -0.122853 184.397
-0.115623 0.101515 0.988092 28.6421 0.04494 0.99428 -0.0968922 -6.28849 -0.992276 0.0332019 -0.119524 184.31
-0.11379 0.102446 0.988209 29.3139 0.0436072 0.994226 -0.0980484 -6.35747 -0.992547 0.031936 -0.117601 184.246
-0.109807 0.103227 0.988578 29.9651 0.048356 0.99397 -0.0984191 -6.43267 -0.992776 0.0369966 -0.114136 184.164
-0.105926 0.103755 0.988946 30.5856 0.0508272 0.993806 -0.098821 -6.49884 -0.993074 0.0397977 -0.110544 184.102
-0.101075 0.103388 0.989492 31.2471 0.0514343 0.993799 -0.0985836 -6.57293 -0.993548 0.0409295 -0.105766 184.032
-0.0983161 0.102784 0.989833 31.9069 0.0487678 0.993954 -0.0983683 -6.65023 -0.99396 0.0386008 -0.102734 183.981
-0.0944149 0.102431 0.990249 32.5682 0.0462095 0.994071 -0.0984203 -6.72341 -0.99446 0.0364666 -0.0985885 183.912
-0.0967977 0.100591 0.990208 33.2542 0.0388785 0.994503 -0.097227 -6.79354 -0.994544 0.0290864 -0.100176 183.889
-0.0982909 0.0969918 0.99042 33.9576 0.0359276 0.994936 -0.0938685 -6.87508 -0.994509 0.0263569 -0.101278 183.83
-0.10019 0.0940519 0.990513 34.6648 0.0349427 0.995241 -0.0909664 -6.9479 -0.994355 0.0254973 -0.103 183.766
-0.102658 0.0905568 0.990586 35.4518 0.0302982 0.99567 -0.0878817 -7.02354 -0.994255 0.0209913 -0.104957 183.695
-0.1077 0.0877885 0.9903 36.268 0.020109 0.996082 -0.0861142 -7.09909 -0.99398 0.0106394 -0.109044 183.636
-0.111271 0.0861621 0.990048 37.1508 0.018521 0.996241 -0.0846196 -7.19316 -0.993618 0.00892093 -0.112448 183.541
-0.113568 0.0877368 0.989649 38.0418 0.0140711 0.996135 -0.0866971 -7.28157 -0.993431 0.00407949 -0.114363 183.437
-0.117648 0.0902409 0.988947 38.9914 0.0146396 0.995912 -0.0891349 -7.38332 -0.992947 0.00399118 -0.118489 183.337
-0.120332 0.0932071 0.988348 39.9237 0.0145256 0.995641 -0.0921263 -7.48894 -0.992627 0.00327066 -0.121161 183.238
-0.122163 0.0974605 0.987713 40.6966 0.00927565 0.995236 -0.0970556 -7.57023 -0.992467 -0.00269488 -0.122485 183.15
-0.124592 0.0994473 0.987212 41.5244 0.0109239 0.995042 -0.0988573 -7.66079 -0.992148 -0.00153259 -0.12506 183.054
-0.126245 0.0989972 0.987047 42.3244 0.0101219 0.995085 -0.0985088 -7.74538 -0.991947 -0.0024454 -0.126626 182.974
-0.12792 0.0964494 0.987084 43.0588 0.0116149 0.995338 -0.0957507 -7.83191 -0.991716 -0.000783594 -0.128444 182.887
-0.127223 0.0967193 0.987147 43.9136 0.0106309 0.99531 -0.096149 -7.92826 -0.991817 -0.00173807 -0.127655 182.771
-0.127112 0.0951824 0.987311 44.7384 0.00717161 0.995447 -0.0950434 -8.01092 -0.991863 -0.00500051 -0.127215 182.678
-0.126857 0.0927078 0.987579 45.4997 0.00780131 0.995685 -0.0924666 -8.0942 -0.99189 -0.00402561 -0.127033 182.592
-0.127085 0.0895581 0.98784 46.2904 0.00894937 0.995978 -0.0891446 -8.18733 -0.991851 -0.00248842 -0.127376 182.5
-0.126958 0.0907799 0.987745 47.0227 0.0118576 0.995871 -0.0900026 -8.26668 -0.991837 0.000285754 -0.12751 182.403
-0.126908 0.0943142 0.98742 47.7358 0.0112545 0.995542 -0.0936435 -8.34062 -0.991851 -0.000771157 -0.127404 182.318
-0.126088 0.100044 0.986962 48.4486 0.0135784 0.994983 -0.0991219 -8.41378 -0.991926 0.000903329 -0.126814 182.224
-0.123077 0.103104 0.987027 49.1145 0.0228892 0.994619 -0.101043 -8.49136 -0.992133 0.0101562 -0.124775 182.113
-0.124347 0.100518 0.987134 49.7923 0.0249316 0.994858 -0.0981643 -8.56721 -0.991926 0.0124044 -0.126213 182.042
-0.124693 0.0975825 0.987385 50.5398 0.0272218 0.995114 -0.0949085 -8.65453 -0.991822 0.015044 -0.12674 181.952
-0.126467 0.0970041 0.987216 51.3172 0.025107 0.995201 -0.0945724 -8.74029 -0.991653 0.0128257 -0.128295 181.878
-0.123421 0.101255 0.987175 52.0899 0.0335712 0.994637 -0.0978232 -8.83548 -0.991786 0.0210673 -0.126158 181.745
-0.121147 0.104795 0.987087 52.8009 0.0387424 0.994153 -0.100791 -8.91787 -0.991878 0.0260316 -0.124499 181.628
-0.121043 0.103854 0.9872 53.5657 0.0393801 0.994231 -0.0997653 -9.00338 -0.991866 0.0268001 -0.124435 181.525
-0.121255 0.101469 0.987422 54.3328 0.0418837 0.994399 -0.0970427 -9.08736 -0.991737 0.02959 -0.124826 181.417
-0.122974 0.0989268 0.987467 55.0841 0.040919 0.994678 -0.0945535 -9.18144 -0.991566 0.0287785 -0.126368 181.32
-0.124316 0.0987154 0.98732 55.8901 0.0380326 0.994782 -0.0946727 -9.26982 -0.991514 0.025781 -0.127421 181.222
-0.125461 0.0988068 0.987166 56.7374 0.0338444 0.994875 -0.0952771 -9.35924 -0.991521 0.0214566 -0.128162 181.129
-0.125065 0.0998938 0.987107 57.4831 0.0339661 0.994766 -0.0963655 -9.43436 -0.991567 0.0214762 -0.127804 181.031
-0.126814 0.101312 0.986739 58.1768 0.029919 0.994708 -0.0982855 -9.50295 -0.991475 0.0170583 -0.129174 180.967
-0.127584 0.102263 0.986542 58.8834 0.0250981 0.994685 -0.0998614 -9.57707 -0.99151 0.0120196 -0.129472 180.89
-0.128387 0.102598 0.986403 59.6184 0.0240916 0.994663 -0.100322 -9.65948 -0.991431 0.010884 -0.130174 180.805
-0.132331 0.100117 0.986136 60.3215 0.0109961 0.994973 -0.0995389 -9.72738 -0.991145 -0.00232837 -0.132766 180.77
