1 0 0 0 0 1 0 0 0 0 1 0
0.999971 -0.00026968 0.0075703 0.00566626 0.00027211 1 -0.000319857 -0.00223772 -0.00757022 0.000321908 0.999971 0.427674
0.999875 0.00289215 0.0155255 -0.00722233 -0.00288558 0.999996 -0.000445399 -0.00808133 -0.0155267 0.000400544 0.999879 0.867997
0.999799 0.00166835 0.0199643 0.00184369 -0.00165477 0.999998 -0.000696494 -0.00749085 -0.0199654 0.000663318 0.9998 1.31243
0.999683 0.00386035 0.0248676 -0.00946613 -0.0038533 0.999993 -0.000331586 -0.0112528 -0.0248687 0.000235658 0.999691 1.77843
0.999603 0.00616718 0.0274881 -0.00764198 -0.00617721 0.999981 0.000280031 -0.0134099 -0.0274858 -0.000449719 0.999622 2.24917
0.999524 0.00769839 0.0298679 -0.00326555 -0.00771799 0.99997 0.000541023 -0.0162793 -0.0298628 -0.000771286 0.999554 2.75163
0.999434 0.00996065 0.0321468 0.000722674 -0.00998182 0.99995 0.000498227 -0.0171449 -0.0321402 -0.000818828 0.999483 3.24865
0.999429 0.0093857 0.0324455 0.0199701 -0.00940983 0.999956 0.000591124 -0.0196839 -0.0324385 -0.000896093 0.999473 3.75823
0.999318 0.0113396 0.0351407 0.0141727 -0.0113537 0.999936 0.000203955 -0.0194096 -0.0351361 -0.000602794 0.999382 4.28364
0.999253 0.0122236 0.0366697 0.0192263 -0.0122793 0.999924 0.00129339 -0.0229347 -0.0366511 -0.0017427 0.999327 4.8081
0.999288 0.010788 0.0361611 0.0398152 -0.0108554 0.99994 0.00166902 -0.0234648 -0.0361409 -0.00206037 0.999345 5.35175
0.999324 0.010964 0.0351013 0.0553035 -0.0110381 0.999937 0.00191786 -0.0234406 -0.035078 -0.00230402 0.999382 5.91934
0.999285 0.0131361 0.0354442 0.0544447 -0.0132202 0.99991 0.00213991 -0.0263872 -0.035413 -0.00260696 0.999369 6.49947
0.999291 0.0139203 0.0349684 0.0631094 -0.0139895 0.999901 0.00173624 -0.0257599 -0.0349408 -0.0022242 0.999387 7.09558
0.999328 0.0140814 0.0338383 0.0781462 -0.0141225 0.9999 0.000977626 -0.0272474 -0.0338212 -0.00145485 0.999427 7.69575
0.999241 0.0195702 0.0336692 0.0810182 -0.0195238 0.999808 -0.00170673 -0.0320868 -0.0336961 0.00104808 0.999432 8.30162
0.99916 0.0240147 0.0331907 0.0873211 -0.0239141 0.999708 -0.00342485 -0.0327186 -0.0332633 0.00262825 0.999443 8.89094
0.999146 0.0261702 0.0319694 0.0989823 -0.0260705 0.999654 -0.00353414 -0.0388261 -0.0320508 0.00269767 0.999483 9.46768
0.999088 0.0288306 0.0315077 0.105908 -0.0287999 0.999584 -0.00142803 -0.0463344 -0.0315358 0.000519308 0.999502 10.0478
0.999006 0.0317933 0.0312356 0.110285 -0.0317771 0.999494 -0.00101437 -0.0523192 -0.031252 2.07912e-05 0.999512 10.6304
0.998942 0.0345448 0.0303436 0.115797 -0.0345271 0.999403 -0.00110803 -0.0597521 -0.0303638 5.91816e-05 0.999539 11.2241
0.998944 0.0359727 0.0285672 0.12964 -0.035945 0.999353 -0.00147995 -0.069181 -0.0286019 0.000451541 0.999591 11.815
0.998842 0.038795 0.0284364 0.127688 -0.038748 0.999247 -0.00220272 -0.0769737 -0.0285004 0.00109832 0.999593 12.3933
0.998882 0.0388761 0.0268818 0.141864 -0.0388263 0.999243 -0.00237092 -0.0851007 -0.0269537 0.00132455 0.999636 12.99
0.999007 0.0356444 0.0267204 0.147945 -0.0356299 0.999365 -0.00102117 -0.0962695 -0.0267398 6.81179e-05 0.999642 13.5658
0.999129 0.0329418 0.0256327 0.158646 -0.03298 0.999455 0.0010686 -0.102072 -0.0255835 -0.00191304 0.999671 14.1508
0.999192 0.032359 0.023826 0.171767 -0.0324285 0.999471 0.00253594 -0.11041 -0.0237314 -0.00330653 0.999713 14.7476
0.999272 0.0308275 0.0224869 0.183033 -0.0309053 0.999517 0.00311739 -0.116308 -0.02238 -0.00381009 0.999742 15.3551
0.999402 0.0274444 0.0210299 0.199973 -0.027548 0.99961 0.00465323 -0.120515 -0.0208939 -0.00522978 0.999768 15.9721
0.999405 0.02733 0.0210549 0.201108 -0.0274802 0.999599 0.00687652 -0.127384 -0.0208585 -0.00745102 0.999755 16.5826
0.999402 0.0275452 0.020904 0.204804 -0.0277271 0.99958 0.00846216 -0.130051 -0.0206621 -0.0090367 0.999746 17.2159
0.999363 0.0288827 0.0209401 0.198721 -0.0290731 0.999538 0.00884867 -0.133978 -0.0206748 -0.00945183 0.999742 17.8303
0.999529 0.0242187 0.0188715 0.218777 -0.0243972 0.999659 0.00928798 -0.133991 -0.0186401 -0.00974401 0.999779 18.4506
0.999654 0.0195318 0.0176236 0.231203 -0.0197315 0.999742 0.0112271 -0.13338 -0.0173998 -0.0115709 0.999782 19.0857
0.999741 0.0160859 0.0160882 0.240728 -0.0162758 0.999799 0.0117442 -0.133143 -0.015896 -0.012003 0.999802 19.7151
0.999777 0.0147835 0.0150888 0.239216 -0.0149534 0.999825 0.0112078 -0.138073 -0.0149205 -0.0114309 0.999823 20.3521
0.999871 0.0101166 0.0125112 0.251098 -0.0102313 0.999906 0.00914009 -0.141273 -0.0124176 -0.00926691 0.99988 21.0011
0.999888 0.0102406 0.0109249 0.249947 -0.0103211 0.99992 0.00734373 -0.145001 -0.0108488 -0.00745566 0.999913 21.6393
0.999864 0.0128112 0.010372 0.237378 -0.0128833 0.999893 0.00690914 -0.150811 -0.0102823 -0.00704182 0.999922 22.2803
0.999862 0.0146141 0.00792437 0.238082 -0.0146689 0.999869 0.00690564 -0.154225 -0.0078224 -0.00702093 0.999945 22.9117
0.999884 0.014157 0.00556127 0.239465 -0.0141951 0.999876 0.00687565 -0.158524 -0.00546324 -0.0069538 0.999961 23.5952
0.999889 0.0145457 0.00307684 0.241331 -0.0145666 0.99987 0.00688472 -0.162912 -0.00297629 -0.00692877 0.999972 24.2691
0.999863 0.0163933 0.00213093 0.231659 -0.0164053 0.999849 0.0057323 -0.167537 -0.00203663 -0.00576647 0.999981 24.9289
0.999866 0.0163469 0.000445262 0.223286 -0.0163484 0.999859 0.00373844 -0.17425 -0.000384087 -0.00374522 0.999993 25.5775
0.999864 0.0164831 -0.000946486 0.216737 -0.0164826 0.999864 0.00057233 -0.181262 0.000955791 -0.000556651 0.999999 26.236
0.999826 0.0186147 -0.00138883 0.202327 -0.0186186 0.999822 -0.00288779 -0.185369 0.00133483 0.00291315 0.999995 26.9069
0.999803 0.0198225 -0.00120141 0.191893 -0.0198282 0.999792 -0.00487463 -0.195703 0.00110453 0.00489749 0.999987 27.4999
0.999762 0.0218322 -4.51759e-05 0.17872 -0.0218321 0.999741 -0.00649806 -0.206656 -9.67032e-05 0.0064975 0.999979 28.1249
0.999773 0.0212505 0.00119716 0.172381 -0.021242 0.999752 -0.00674387 -0.222017 -0.00134018 0.00671691 0.999977 28.7142
0.999713 0.0236526 0.00381034 0.151221 -0.0236239 0.999694 -0.00739562 -0.236062 -0.0039841 0.00730349 0.999965 29.3663
0.999703 0.0237523 0.00552677 0.147278 -0.0237123 0.999693 -0.00720364 -0.250027 -0.00569618 0.00707044 0.999959 29.9627
0.999719 0.0228823 0.00619801 0.153761 -0.0228398 0.999716 -0.00684255 -0.260611 -0.00635282 0.00669907 0.999957 30.5578
0.999743 0.0214905 0.00716051 0.161671 -0.021443 0.999748 -0.00665089 -0.269204 -0.00730164 0.00649564 0.999952 31.1421
0.999732 0.0214929 0.00861553 0.161151 -0.0214315 0.999745 -0.00715391 -0.277442 -0.00876709 0.00696735 0.999937 31.7353
0.999636 0.0244293 0.0114784 0.14708 -0.0243462 0.999677 -0.0073234 -0.289913 -0.0116536 0.00704128 0.999907 32.3547
0.999657 0.0233545 0.0118273 0.161571 -0.0232706 0.999703 -0.00718427 -0.300859 -0.0119916 0.00690658 0.999904 32.9659
0.999639 0.0236518 0.0127814 0.17344 -0.0235776 0.999704 -0.00592187 -0.307228 -0.0129176 0.00561838 0.999901 33.5839
0.9996 0.0243016 0.0144847 0.175451 -0.0242449 0.999698 -0.00407866 -0.321275 -0.0145795 0.00372585 0.999887 34.1976
0.999539 0.0253518 0.0167212 0.174286 -0.0253057 0.999675 -0.00296653 -0.329135 -0.016791 0.00254202 0.999856 34.8106
0.99942 0.0278041 0.0196723 0.168155 -0.027735 0.999608 -0.00377585 -0.337193 -0.0197696 0.00322804 0.999799 35.4342
0.999365 0.0289769 0.0207492 0.177061 -0.0288699 0.999568 -0.00544189 -0.348648 -0.0208979 0.0048394 0.99977 36.0273
0.999209 0.0320213 0.0235857 0.17419 -0.03186 0.999467 -0.00718264 -0.356767 -0.0238031 0.00642552 0.999696 36.6221
0.999004 0.035709 0.0267415 0.170043 -0.0355125 0.999339 -0.0077895 -0.365767 -0.027002 0.00683209 0.999612 37.2234
0.998929 0.0365304 0.0283841 0.185284 -0.0363518 0.999316 -0.00678334 -0.375503 -0.0286125 0.00574426 0.999574 37.8549
0.998744 0.0393219 0.0310428 0.194003 -0.0391554 0.999215 -0.005951 -0.385011 -0.0312524 0.00472803 0.9995 38.464
0.998571 0.0411132 0.0341373 0.197215 -0.040945 0.999146 -0.00561188 -0.395962 -0.0343388 0.00420611 0.999401 39.0962
0.99844 0.0430686 0.0355355 0.21851 -0.0428913 0.999063 -0.00573662 -0.409443 -0.0357493 0.0042035 0.999352 39.7441
0.998094 0.0477791 0.0390641 0.219258 -0.0476001 0.998851 -0.00550078 -0.421527 -0.0392821 0.00363084 0.999222 40.3991
0.997565 0.0538352 0.0443376 0.201217 -0.0536596 0.998546 -0.00514187 -0.428674 -0.04455 0.00275021 0.999003 41.0371
0.997728 0.0500225 0.0451354 0.235491 -0.0499101 0.998747 -0.00361454 -0.438281 -0.0452597 0.00135361 0.998974 41.7004
0.998161 0.0410955 0.0445523 0.2877 -0.0409143 0.99915 -0.00497112 -0.452757 -0.0447188 0.00313915 0.998995 42.4095
0.998136 0.041745 0.0445151 0.309269 -0.0412883 0.999085 -0.0111304 -0.465906 -0.0449391 0.00927175 0.998947 43.0887
0.997988 0.0448839 0.0447901 0.315329 -0.0440102 0.998825 -0.020307 -0.477837 -0.0456489 0.0182949 0.99879 43.7287
0.997968 0.0455125 0.0445935 0.324379 -0.0443472 0.998657 -0.0267812 -0.489403 -0.0457525 0.0247492 0.998646 44.3424
0.998314 0.0395767 0.0424596 0.369015 -0.0385539 0.998953 -0.0246452 -0.509789 -0.0433905 0.0229666 0.998794 44.9406
0.998016 0.045104 0.0439292 0.378275 -0.0444084 0.998874 -0.0166844 -0.528949 -0.0446323 0.0147005 0.998895 45.544
0.997772 0.0494611 0.0447686 0.392713 -0.0491569 0.99876 -0.00787233 -0.54747 -0.0451025 0.00565411 0.998966 46.1943
0.997564 0.0527074 0.0457028 0.404667 -0.0526471 0.99861 -0.00252138 -0.556498 -0.0457722 0.00010912 0.998952 46.8469
0.997487 0.0539244 0.0459492 0.422728 -0.0539721 0.998542 -0.000201209 -0.567684 -0.0458931 -0.00227928 0.998944 47.5446
0.997507 0.0533289 0.046212 0.440796 -0.0532853 0.998577 -0.00217516 -0.574067 -0.0462622 -0.000292681 0.998929 48.239
0.997658 0.0509105 0.0456841 0.463528 -0.0506644 0.998694 -0.0065301 -0.578351 -0.0459569 0.00420025 0.998935 48.9846
0.997908 0.047752 0.0435841 0.498203 -0.0473568 0.998827 -0.0100563 -0.592085 -0.0440132 0.00797123 0.998999 49.6658
0.997846 0.0493486 0.0432105 0.513613 -0.0489086 0.998741 -0.0111813 -0.606735 -0.0437079 0.00904387 0.999003 50.3825
0.997823 0.0498938 0.0431288 0.525363 -0.0494598 0.998715 -0.0110731 -0.62085 -0.0436258 0.00891585 0.999008 51.1109
0.997789 0.0506706 0.0430081 0.540461 -0.0502854 0.998685 -0.00999397 -0.634192 -0.0434579 0.00780919 0.999025 51.8105
0.997811 0.0512805 0.041757 0.564544 -0.0509119 0.998655 -0.00984266 -0.646018 -0.0422056 0.00769519 0.999079 52.5184
0.99797 0.0496278 0.0399132 0.597064 -0.0493181 0.998745 -0.00870836 -0.662789 -0.0402953 0.00672225 0.999165 53.2241
0.99789 0.0512571 0.0398549 0.610626 -0.0509358 0.998661 -0.00903677 -0.67438 -0.0402647 0.00698766 0.999165 53.9358
0.9979 0.051696 0.0390398 0.628679 -0.0513497 0.998632 -0.00982242 -0.687511 -0.0394942 0.0077971 0.999189 54.6081
0.997792 0.0541616 0.038439 0.649357 -0.0537972 0.998497 -0.0104512 -0.703596 -0.0389473 0.00836018 0.999206 55.2777
0.997712 0.0558814 0.0380624 0.668009 -0.0555246 0.998404 -0.0103661 -0.71887 -0.0385809 0.00822902 0.999222 55.9613
0.997642 0.0569371 0.0383162 0.686335 -0.0566398 0.998356 -0.00880214 -0.735217 -0.0387544 0.00661116 0.999227 56.6402
0.997568 0.058195 0.038371 0.707933 -0.0578953 0.998283 -0.00887757 -0.745562 -0.0388218 0.00663447 0.999224 57.3371
0.997429 0.060205 0.038873 0.728172 -0.0598557 0.998156 -0.0100886 -0.758762 -0.0394087 0.0077359 0.999193 58.0595
0.997459 0.0596713 0.0389303 0.760142 -0.059205 0.998161 -0.0130244 -0.769997 -0.0396359 0.0106865 0.999157 58.8133
0.997478 0.0592406 0.0390956 0.789394 -0.0586711 0.998156 -0.0155578 -0.785211 -0.0399451 0.0132248 0.999114 59.5155
0.997316 0.0609161 0.0406141 0.801899 -0.0602875 0.998044 -0.0165263 -0.804534 -0.0415414 0.0140334 0.999038 60.2351
0.997013 0.0644442 0.0425673 0.808789 -0.0637513 0.997813 -0.0174409 -0.820926 -0.0435981 0.0146751 0.998941 60.9631
0.997042 0.0636468 0.0430756 0.835718 -0.0629187 0.997855 -0.018052 -0.841063 -0.0441322 0.0152883 0.998909 61.6725
0.997113 0.0629758 0.0424295 0.86742 -0.0622348 0.997889 -0.0185653 -0.869213 -0.0435091 0.0158711 0.998927 62.3905
0.99719 0.0618272 0.0423068 0.895625 -0.0610301 0.997938 -0.0198809 -0.88807 -0.0434487 0.017243 0.998907 63.1315
0.997275 0.0610692 0.0413938 0.92574 -0.0602513 0.997968 -0.0207269 -0.909439 -0.0425755 0.0181764 0.998928 63.8082
0.99722 0.062034 0.0412922 0.946569 -0.0612086 0.997905 -0.0209643 -0.924769 -0.0425062 0.0183786 0.998927 64.462
0.997208 0.0627003 0.0405678 0.969905 -0.0619469 0.997888 -0.0195687 -0.94013 -0.0417091 0.017001 0.998985 65.1183
0.99708 0.0644224 0.0409979 0.983436 -0.0637299 0.997805 -0.0179811 -0.954098 -0.0420663 0.0153158 0.998997 65.7725
0.996919 0.0664203 0.0417243 0.999639 -0.0657914 0.997701 -0.0162706 -0.973211 -0.0427091 0.0134754 0.998997 66.4388
0.996866 0.0672201 0.0417088 1.02279 -0.0666128 0.997654 -0.0157857 -0.990408 -0.0426721 0.0129579 0.999005 67.1564
0.996718 0.0691713 0.042064 1.04282 -0.068548 0.997518 -0.016084 -1.0059 -0.0430722 0.0131478 0.998985 67.8631
0.996829 0.0676871 0.0418408 1.07194 -0.0670812 0.997624 -0.0157214 -1.02949 -0.0428055 0.0128649 0.999001 68.5648
0.99668 0.06961 0.0422386 1.09438 -0.0689471 0.997476 -0.0169556 -1.04721 -0.0433123 0.0139871 0.998964 69.2989
0.996461 0.0720882 0.0432266 1.11444 -0.0712945 0.997262 -0.019632 -1.05805 -0.0445235 0.0164807 0.998872 70.0259
0.996519 0.0714459 0.0429489 1.14717 -0.0706067 0.997288 -0.02075 -1.0785 -0.044315 0.0176453 0.998862 70.7212
0.996501 0.071316 0.0435848 1.16771 -0.0704134 0.997277 -0.0219081 -1.09786 -0.0450285 0.0187625 0.998809 71.4015
0.996426 0.0719573 0.0442504 1.19131 -0.0710461 0.997234 -0.0218327 -1.12037 -0.045699 0.0186109 0.998782 72.0791
0.996302 0.0732472 0.0449067 1.21417 -0.0723794 0.997163 -0.0206567 -1.13946 -0.0462923 0.01733 0.998778 72.7387
0.996155 0.0751768 0.0449753 1.24501 -0.0743975 0.997052 -0.0187592 -1.15897 -0.046253 0.015341 0.998812 73.4099
0.995739 0.0802701 0.0453868 1.26753 -0.0794864 0.996658 -0.0188208 -1.17879 -0.0467459 0.015133 0.998792 74.0917
0.995176 0.0864322 0.0464164 1.28571 -0.0856333 0.996147 -0.0189359 -1.19187 -0.0478743 0.0148698 0.998743 74.7817
0.995446 0.0827975 0.0472344 1.31951 -0.0820949 0.996486 -0.0166308 -1.2097 -0.0484454 0.0126773 0.998745 75.4741
0.995144 0.0855917 0.0486132 1.34184 -0.0850775 0.996295 -0.0125532 -1.22801 -0.0495076 0.0083563 0.998739 76.1949
0.995526 0.0815159 0.0477748 1.38618 -0.0812219 0.996663 -0.00806572 -1.24813 -0.0482729 0.00414928 0.998826 76.9353
0.995686 0.0786408 0.049247 1.41282 -0.0785546 0.996903 -0.00368514 -1.26017 -0.0493843 -0.000199341 0.99878 77.6934
0.995511 0.0799488 0.0506509 1.43608 -0.0799959 0.996795 -0.00109942 -1.26882 -0.0505764 -0.00295738 0.998716 78.4728
0.995263 0.0817913 0.0525459 1.44779 -0.0817913 0.996647 -0.00215294 -1.28162 -0.0525458 -0.00215506 0.998616 79.2639
0.994915 0.0842957 0.0551283 1.45212 -0.0842029 0.996441 -0.00400883 -1.28943 -0.05527 -0.000653524 0.998471 80.2023
0.995005 0.0832529 0.0550771 1.4895 -0.0831472 0.996528 -0.0042127 -1.30057 -0.0552367 -0.000387854 0.998473 81.0932
0.994947 0.0836342 0.0555553 1.52391 -0.0835691 0.996496 -0.00349688 -1.31502 -0.0556531 -0.0011635 0.998449 82.1604
0.995386 0.079372 0.0539079 1.5882 -0.079351 0.996844 -0.00253203 -1.33235 -0.0539387 -0.0017573 0.998543 83.1546
0.995575 0.0768438 0.0540946 1.63017 -0.0769593 0.997034 5.0465e-05 -1.34757 -0.0539303 -0.00421332 0.998536 84.1733
0.99581 0.0739257 0.0538304 1.6738 -0.0741623 0.997243 0.00240823 -1.36599 -0.053504 -0.00639033 0.998547 85.1249
0.996289 0.0686113 0.0519593 1.74203 -0.0687675 0.997632 0.0012216 -1.3768 -0.0517525 -0.00479018 0.998648 86.1098
0.996011 0.0714507 0.0534459 1.75553 -0.0714377 0.997443 -0.00215607 -1.38766 -0.0534633 -0.00167058 0.998568 87.0573
0.995968 0.0714618 0.054222 1.79396 -0.0713179 0.997443 -0.00458723 -1.40141 -0.0544112 0.000701737 0.998518 87.9084
0.995806 0.0728043 0.0553988 1.83963 -0.0726196 0.997345 -0.00534267 -1.42084 -0.0556407 0.00129722 0.99845 88.9394
0.995543 0.0738857 0.0586177 1.86821 -0.0736541 0.997265 -0.00610405 -1.43679 -0.0589083 0.00175941 0.998262 89.8383
0.995175 0.077184 0.0605676 1.90618 -0.0769616 0.997016 -0.00600105 -1.45862 -0.06085 0.00131072 0.998146 90.713
0.994982 0.0782363 0.0623686 1.94977 -0.0781225 0.996935 -0.00426506 -1.47256 -0.0625111 -0.000628732 0.998044 91.5377
0.994952 0.0777071 0.0634969 2.0046 -0.0777575 0.996971 -0.00168172 -1.48755 -0.0634352 -0.00326413 0.997981 92.3723
0.994469 0.0812198 0.0665948 2.03683 -0.0812931 0.996689 -0.00161344 -1.50497 -0.0665053 -0.00380918 0.997779 93.2339
0.994457 0.080992 0.0670439 2.09666 -0.0808639 0.996714 -0.00462739 -1.51658 -0.0671984 -0.000819684 0.997739 94.069
0.994402 0.0807943 0.0680878 2.15023 -0.0804466 0.996728 -0.00783762 -1.52566 -0.0684983 0.00231631 0.997649 94.878
0.99426 0.0817246 0.0690577 2.19506 -0.0812374 0.996646 -0.00983816 -1.5392 -0.0696302 0.00417162 0.997564 95.6785
0.9944 0.0796302 0.0694852 2.245 -0.0791934 0.996818 -0.0090234 -1.56056 -0.0699826 0.0034701 0.997542 96.4687
0.994846 0.0754066 0.0677825 2.321 -0.0749866 0.997146 -0.0087236 -1.57094 -0.0682469 0.00359587 0.997662 97.314
0.994761 0.0757922 0.0686061 2.35825 -0.0754178 0.99712 -0.00803368 -1.59253 -0.0690174 0.00281747 0.997611 98.1216
0.994877 0.0741642 0.0687003 2.40548 -0.0737043 0.997238 -0.00920883 -1.60711 -0.0691935 0.00409815 0.997595 98.9057
0.994801 0.074693 0.0692299 2.44782 -0.0741246 0.997191 -0.0107466 -1.62694 -0.0698381 0.00555907 0.997543 99.7259
0.994493 0.0783403 0.0696184 2.48877 -0.0777896 0.996914 -0.0105898 -1.64772 -0.0702332 0.00511589 0.997517 100.54
0.994413 0.0794126 0.0695436 2.53282 -0.078972 0.996836 -0.00906664 -1.66805 -0.0700436 0.00352399 0.997538 101.29
0.994149 0.0822713 0.0699893 2.57747 -0.0819991 0.996609 -0.0067581 -1.68646 -0.070308 0.000979494 0.997525 102.111
0.993577 0.0872736 0.0720224 2.60118 -0.0871367 0.996184 -0.00504609 -1.70316 -0.0721879 -0.00126211 0.99739 102.919
0.993381 0.0893838 0.0721495 2.65224 -0.0893222 0.995994 -0.00408677 -1.71864 -0.0722258 -0.00238483 0.997385 103.738
0.992996 0.0930189 0.0728401 2.69077 -0.0929134 0.995662 -0.00484258 -1.73087 -0.0729746 -0.00195916 0.997332 104.539
0.992811 0.0945977 0.0733317 2.73557 -0.0944218 0.995515 -0.00586964 -1.74397 -0.0735581 -0.00109667 0.99729 105.342
0.992226 0.100824 0.0729577 2.77978 -0.100518 0.994904 -0.0078652 -1.76113 -0.0733789 0.0004705 0.997304 106.157
0.992062 0.102518 0.0728245 2.82745 -0.101954 0.994723 -0.0114387 -1.77534 -0.0736129 0.00392318 0.997279 106.91
0.992117 0.102742 0.0717523 2.88168 -0.101978 0.994685 -0.014237 -1.79381 -0.0728337 0.00680762 0.997321 107.683
0.991744 0.10594 0.0722474 2.92486 -0.105251 0.994357 -0.0132881 -1.80716 -0.0732474 0.00557428 0.997298 108.41
0.991808 0.104821 0.0730093 2.96452 -0.104458 0.99449 -0.0087801 -1.8214 -0.0735274 0.00108173 0.997293 109.124
0.992061 0.102672 0.0726155 3.01929 -0.102515 0.994714 -0.00589904 -1.83941 -0.0728373 -0.00159197 0.997343 109.87
0.992625 0.0982882 0.0709554 3.08451 -0.0980298 0.995158 -0.00712226 -1.85777 -0.0713118 0.000113994 0.997454 110.62
0.993028 0.0948339 0.0700133 3.14247 -0.0944675 0.995491 -0.00853383 -1.87552 -0.0705069 0.00186035 0.99751 111.415
0.992996 0.0947268 0.0706055 3.18116 -0.0943468 0.995501 -0.00870512 -1.89431 -0.0711125 0.00198274 0.997466 112.153
0.993026 0.0937718 0.0714633 3.21856 -0.0933415 0.99559 -0.00934423 -1.91044 -0.0720244 0.00260857 0.997399 112.898
0.992666 0.096789 0.07243 3.24797 -0.0962332 0.995297 -0.0111321 -1.92682 -0.0731668 0.00408031 0.997311 113.679
0.992595 0.0976218 0.0722821 3.30029 -0.0970413 0.995214 -0.0115081 -1.94859 -0.0730596 0.00440855 0.997318 114.517
0.992451 0.0989227 0.072495 3.352 -0.0984739 0.995092 -0.00974738 -1.96943 -0.0731035 0.00253492 0.997321 115.336
0.992293 0.099459 0.0739024 3.39171 -0.0992136 0.995042 -0.00699397 -1.99253 -0.0742316 -0.000392054 0.997241 116.101
0.992374 0.0988006 0.0737071 3.44153 -0.098652 0.995106 -0.00566269 -2.01108 -0.0739059 -0.00165185 0.997264 116.82
0.992368 0.0983721 0.0743554 3.48559 -0.098352 0.995144 -0.00394091 -2.03008 -0.074382 -0.00340217 0.997224 117.538
0.992528 0.0965137 0.0746586 3.53517 -0.0965309 0.995324 -0.00338662 -2.0452 -0.0746364 -0.00384555 0.997203 118.252
0.992576 0.0965227 0.0740076 3.58447 -0.0964756 0.995326 -0.00421995 -2.06084 -0.0740691 -0.00295131 0.997249 118.975
0.992598 0.0959102 0.0744961 3.62461 -0.0956771 0.99539 -0.00669938 -2.07329 -0.0747952 -0.000477784 0.997199 119.704
0.992612 0.0965937 0.0734219 3.67444 -0.096262 0.995323 -0.0080522 -2.08982 -0.0738563 0.000924983 0.997268 120.464
0.992683 0.096449 0.0726463 3.71114 -0.09601 0.995335 -0.00951933 -2.10796 -0.0732255 0.00247491 0.997312 121.12
0.992346 0.101295 0.0706374 3.74409 -0.100826 0.994852 -0.0101737 -2.12801 -0.0713043 0.00297374 0.99745 121.751
0.992504 0.101334 0.0683226 3.78162 -0.100646 0.994831 -0.0134426 -2.1428 -0.0693317 0.00646537 0.997573 122.374
0.992552 0.102227 0.0662525 3.81473 -0.101333 0.994712 -0.0167268 -2.15938 -0.0676121 0.00988868 0.997663 122.963
0.993086 0.09891 0.0632238 3.85647 -0.0978366 0.995004 -0.0198613 -2.17819 -0.0648724 0.0135384 0.997802 123.514
0.992787 0.102861 0.0615903 3.87808 -0.101743 0.994589 -0.0210215 -2.20122 -0.0634193 0.0146035 0.99788 124.019
0.992665 0.104462 0.0608558 3.90099 -0.103287 0.994405 -0.0221506 -2.22159 -0.0628293 0.0157025 0.997901 124.501
0.992268 0.108149 0.0608895 3.91439 -0.107063 0.994034 -0.0208333 -2.23811 -0.0627793 0.0141532 0.997927 124.971
0.992647 0.10447 0.0611341 3.94681 -0.103514 0.994454 -0.0186103 -2.25284 -0.0627393 0.0121453 0.997956 125.437
0.992312 0.105862 0.0641168 3.96255 -0.104814 0.9943 -0.0195151 -2.27126 -0.0658173 0.0126447 0.997752 125.873
0.991663 0.108544 0.0694409 3.97319 -0.107321 0.994 -0.0211169 -2.29032 -0.0713163 0.0134884 0.997363 126.29
0.990933 0.111391 0.0751269 3.99016 -0.109896 0.993659 -0.0237501 -2.30664 -0.0772961 0.0152785 0.996891 126.707
0.990478 0.111448 0.0808187 4.02558 -0.109502 0.993588 -0.0281376 -2.31671 -0.0834364 0.0190198 0.996332 127.093
0.989094 0.116543 0.090057 4.03738 -0.113978 0.992931 -0.0331373 -2.3315 -0.0932822 0.0225114 0.995385 127.451
0.987482 0.121895 0.100106 4.05559 -0.118806 0.992254 -0.0362836 -2.34619 -0.103753 0.0239362 0.994315 127.794
0.986488 0.121053 0.1104 4.08957 -0.117623 0.992365 -0.0370961 -2.36281 -0.114048 0.0236093 0.993195 128.109
0.984299 0.126711 0.122883 4.10537 -0.122941 0.991693 -0.0378181 -2.38171 -0.126655 0.0221169 0.9917 128.398
0.981537 0.133869 0.136614 4.12005 -0.129396 0.990739 -0.0411497 -2.40045 -0.140858 0.0227125 0.989769 128.683
0.979479 0.136466 0.148318 4.16567 -0.131249 0.990352 -0.0444609 -2.41757 -0.152955 0.024082 0.98794 128.959
0.975696 0.14507 0.164235 4.18069 -0.139075 0.989142 -0.0474913 -2.43485 -0.169341 0.0234962 0.985277 129.213
0.972635 0.147276 0.179697 4.22349 -0.140759 0.988852 -0.0485653 -2.4526 -0.184846 0.0219424 0.982523 129.467
0.9699 0.146766 0.194304 4.28334 -0.139713 0.988949 -0.0495947 -2.47305 -0.199436 0.0209551 0.979687 129.717
0.96689 0.145518 0.209641 4.34496 -0.137437 0.989108 -0.052692 -2.49141 -0.215025 0.0221349 0.976358 129.951
0.96141 0.153469 0.228338 4.37014 -0.143841 0.98788 -0.0583314 -2.50869 -0.234523 0.0232361 0.971833 130.176
0.956183 0.158094 0.246415 4.41464 -0.147032 0.987137 -0.0627842 -2.52828 -0.253171 0.0238025 0.967129 130.39
0.951875 0.155783 0.263942 4.49304 -0.143252 0.98747 -0.0661989 -2.54731 -0.270947 0.0252028 0.962264 130.602
0.946753 0.155131 0.282122 4.57941 -0.141373 0.987576 -0.0686173 -2.56575 -0.289261 0.0250792 0.956922 130.809
0.938163 0.161329 0.306305 4.62429 -0.146444 0.986658 -0.0711296 -2.58382 -0.313694 0.0218745 0.949272 131.018
0.933803 0.14918 0.325203 4.74504 -0.131371 0.988402 -0.0761824 -2.61027 -0.332796 0.0284171 0.942571 131.193
0.918862 0.174158 0.354063 4.73157 -0.151859 0.984291 -0.0900553 -2.62396 -0.364185 0.0289809 0.930876 131.404
0.910224 0.173407 0.37606 4.83825 -0.148054 0.984353 -0.095548 -2.65079 -0.386745 0.0312929 0.921656 131.591
0.897234 0.181569 0.402498 4.91327 -0.153636 0.982959 -0.100937 -2.67405 -0.413966 0.0287259 0.909839 131.791
0.883402 0.1877 0.429382 5.00026 -0.156477 0.981839 -0.107268 -2.69838 -0.441718 0.0275726 0.89673 131.98
0.87275 0.181578 0.45314 5.13484 -0.145103 0.982787 -0.114345 -2.72866 -0.466103 0.034043 0.884075 132.139
0.860681 0.175004 0.478124 5.27452 -0.132928 0.983738 -0.120785 -2.76308 -0.491486 0.0404015 0.869948 132.302
0.860681 0.175004 0.478124 5.27452 -0.132928 0.983738 -0.120785 -2.76308 -0.491486 0.0404015 0.869948 132.302
0.839292 0.18709 0.510477 5.35105 -0.140258 0.981653 -0.129175 -2.78697 -0.525278 0.036817 0.850134 132.499
0.829237 0.176178 0.530404 5.55159 -0.114782 0.982471 -0.146885 -2.83095 -0.546984 0.0609217 0.834923 132.606
0.805098 0.189408 0.562087 5.64707 -0.12272 0.980331 -0.154568 -2.86247 -0.580307 0.0554634 0.812507 132.806
0.785177 0.188438 0.589906 5.80199 -0.11562 0.980437 -0.159295 -2.90411 -0.608383 0.0568702 0.791604 132.971
0.768451 0.182236 0.613411 5.99063 -0.100236 0.981038 -0.165882 -2.94922 -0.632009 0.0659869 0.772147 133.104
0.751399 0.175037 0.636209 6.18299 -0.0818482 0.981453 -0.173354 -2.99319 -0.654753 0.0781853 0.751788 133.229
0.735576 0.165177 0.656996 6.41201 -0.056214 0.981357 -0.183788 -3.04755 -0.675105 0.0982574 0.731149 133.339
0.71337 0.162501 0.681687 6.60862 -0.0439293 0.9812 -0.187929 -3.09576 -0.69941 0.104117 0.707097 133.491
0.68989 0.160656 0.705862 6.81784 -0.0323142 0.980926 -0.191678 -3.14683 -0.723193 0.109427 0.681922 133.648
0.668555 0.15534 0.727258 7.05246 -0.0150436 0.980565 -0.195616 -3.19616 -0.743511 0.11984 0.657899 133.778
0.649018 0.148483 0.746143 7.31501 0.00554337 0.97982 -0.199806 -3.2464 -0.760753 0.133814 0.635097 133.883
0.622766 0.147262 0.768425 7.55558 0.0122236 0.980176 -0.197749 -3.3026 -0.782313 0.132544 0.608621 134.038
0.598132 0.143123 0.788514 7.83471 0.0249692 0.980117 -0.196842 -3.36615 -0.801009 0.137426 0.582665 134.181
0.574011 0.137161 0.807279 8.12493 0.0399816 0.980001 -0.194936 -3.43038 -0.817871 0.144171 0.557047 134.315
0.547964 0.133793 0.825733 8.42078 0.0511152 0.979926 -0.192697 -3.50191 -0.834939 0.147799 0.530126 134.46
0.520966 0.132885 0.84317 8.72457 0.0593252 0.979782 -0.19107 -3.57068 -0.851513 0.149562 0.50255 134.609
0.494138 0.135416 0.858772 9.04174 0.064561 0.979352 -0.191578 -3.64218 -0.866983 0.150109 0.475193 134.752
0.466457 0.138261 0.873672 9.369 0.0680326 0.979175 -0.19128 -3.71301 -0.881924 0.148662 0.447336 134.905
0.442246 0.135987 0.886525 9.71177 0.078517 0.978774 -0.189306 -3.78657 -0.89345 0.153327 0.422182 135.02
0.412405 0.136205 0.900761 10.0724 0.0806509 0.979419 -0.185024 -3.86277 -0.907424 0.148952 0.392932 135.176
0.384299 0.135499 0.913211 10.4478 0.0856139 0.979677 -0.18139 -3.93632 -0.91923 0.147892 0.364888 135.312
0.359172 0.134301 0.923558 10.8429 0.0902858 0.97995 -0.177614 -4.01023 -0.928894 0.147178 0.339845 135.419
0.332529 0.131835 0.933833 11.2674 0.0953917 0.980401 -0.172377 -4.09084 -0.938256 0.1464 0.313436 135.541
0.30527 0.131835 0.943096 11.7076 0.0975176 0.980836 -0.168677 -4.1732 -0.947259 0.14346 0.286564 135.661
0.276773 0.133011 0.951685 12.1659 0.0986881 0.981203 -0.165837 -4.25499 -0.955854 0.139819 0.258444 135.789
0.252946 0.134685 0.95806 12.648 0.105613 0.980501 -0.165724 -4.34 -0.961699 0.143102 0.233789 135.878
0.232363 0.137288 0.962891 13.142 0.114625 0.979224 -0.167278 -4.42156 -0.965851 0.14924 0.211799 135.956
0.212874 0.139734 0.967036 13.63 0.118633 0.978702 -0.167535 -4.50411 -0.969851 0.150386 0.191763 136.043
0.196602 0.13962 0.970491 14.124 0.124859 0.978186 -0.166021 -4.58659 -0.972501 0.153814 0.174881 136.116
0.182603 0.137794 0.973483 14.6274 0.128452 0.9783 -0.162571 -4.67146 -0.97476 0.154732 0.160941 136.188
0.168978 0.134316 0.976425 15.1487 0.12992 0.978991 -0.157153 -4.76387 -0.977019 0.153413 0.147978 136.263
0.155842 0.129477 0.979259 15.7017 0.134879 0.979297 -0.150947 -4.85728 -0.97853 0.155605 0.135152 136.337
0.143824 0.126544 0.981479 16.2635 0.136314 0.979803 -0.146303 -4.94828 -0.98017 0.154831 0.12367 136.41
0.133061 0.127596 0.98286 16.8518 0.137347 0.979736 -0.145785 -5.03672 -0.981545 0.154391 0.11284 136.474
0.123352 0.131659 0.983591 17.469 0.137453 0.979339 -0.148327 -5.13379 -0.982798 0.153494 0.102706 136.535
0.113578 0.135594 0.984233 18.0785 0.137208 0.97901 -0.150708 -5.22737 -0.984009 0.152162 0.092589 136.596
0.102975 0.137337 0.985157 18.6979 0.139076 0.978705 -0.150975 -5.32205 -0.984913 0.152559 0.081682 136.645
0.0906377 0.135237 0.986659 19.318 0.136703 0.979669 -0.146837 -5.42656 -0.986457 0.148188 0.0703077 136.7
0.0789933 0.134462 0.987765 19.9333 0.13817 0.979821 -0.14443 -5.52241 -0.987253 0.147888 0.0588207 136.73
0.0685624 0.133894 0.988621 20.5583 0.144398 0.979186 -0.14263 -5.61601 -0.987142 0.152534 0.0478014 136.742
0.0557967 0.133356 0.989496 21.2047 0.148643 0.978887 -0.140308 -5.70897 -0.987315 0.154911 0.0347962 136.768
0.0441381 0.130087 0.99052 21.8299 0.152442 0.978998 -0.135367 -5.79906 -0.987326 0.156971 0.0233804 136.781
0.0328772 0.126183 0.991462 22.4719 0.157167 0.979004 -0.129809 -5.8898 -0.987025 0.160093 0.0123551 136.787
0.0222583 0.124125 0.992017 23.1258 0.158532 0.97927 -0.126087 -5.98585 -0.987103 0.160073 0.00211901 136.789
0.0121959 0.125076 0.992072 23.7899 0.160438 0.979047 -0.125406 -6.07902 -0.986971 0.160695 -0.00812647 136.791
0.0026335 0.12887 0.991658 24.4788 0.162469 0.978431 -0.127582 -6.17389 -0.98671 0.161449 -0.0183606 136.792
-0.00263732 0.132911 0.991124 25.1511 0.168597 0.976999 -0.130568 -6.26169 -0.985682 0.166756 -0.024985 136.765
-0.00815429 0.134587 0.990868 25.7854 0.172685 0.976204 -0.131174 -6.3504 -0.984943 0.170038 -0.0312014 136.753
-0.0128234 0.132536 0.991095 26.3866 0.172808 0.976556 -0.128356 -6.43338 -0.984872 0.169623 -0.0354261 136.742
-0.0165596 0.129504 0.991441 27.0361 0.174305 0.976767 -0.124676 -6.51943 -0.984552 0.170749 -0.0387481 136.723
-0.0183312 0.127931 0.991614 27.7118 0.17659 0.976603 -0.12273 -6.61027 -0.984114 0.172859 -0.0404935 136.689
-0.0200169 0.127767 0.991602 28.3665 0.178272 0.976363 -0.122205 -6.70051 -0.983778 0.174329 -0.042321 136.657
-0.0207231 0.128531 0.991489 29.0488 0.179087 0.97614 -0.122799 -6.79149 -0.983615 0.175018 -0.0432469 136.628
-0.0216166 0.128114 0.991524 29.7075 0.180571 0.975946 -0.122165 -6.87897 -0.983324 0.176399 -0.0442303 136.61
-0.0203166 0.128079 0.991556 30.377 0.182774 0.975523 -0.122263 -6.96986 -0.982945 0.178746 -0.0432289 136.582
-0.0181432 0.128152 0.991589 31.0567 0.184677 0.975117 -0.122644 -7.05826 -0.982632 0.180898 -0.0413583 136.555
-0.0148268 0.128147 0.991644 31.7481 0.186784 0.974651 -0.123158 -7.14947 -0.982289 0.183397 -0.0383868 136.522
-0.0124495 0.127538 0.991756 32.4506 0.187438 0.974549 -0.122972 -7.24351 -0.982198 0.184362 -0.0360381 136.499
-0.00857958 0.126567 0.991921 33.1664 0.187837 0.974503 -0.12272 -7.33812 -0.982163 0.185267 -0.0321349 136.472
-0.00568921 0.125149 0.992122 33.9174 0.187139 0.974743 -0.121884 -7.43707 -0.982317 0.184971 -0.0289659 136.458
-0.00129839 0.124118 0.992267 34.6831 0.187041 0.974786 -0.121687 -7.5386 -0.982351 0.185436 -0.0244808 136.439
0.00303425 0.124888 0.992166 35.4356 0.187905 0.974426 -0.123229 -7.63824 -0.982183 0.186807 -0.0205104 136.43
0.00928813 0.126666 0.991902 36.1615 0.189234 0.973798 -0.126126 -7.73259 -0.981888 0.188873 -0.0149248 136.41
0.0150337 0.129194 0.991505 36.9039 0.192989 0.972597 -0.129657 -7.82726 -0.981086 0.193299 -0.0103113 136.398
0.020249 0.128629 0.991486 37.6231 0.188918 0.973332 -0.130132 -7.92165 -0.981784 0.189945 -0.0045914 136.406
0.0271196 0.124718 0.991822 38.3724 0.188741 0.973702 -0.1276 -8.02381 -0.981652 0.190658 0.00286708 136.399
0.0349477 0.119392 0.992232 39.1413 0.189908 0.973955 -0.123882 -8.13467 -0.98118 0.192762 0.0113639 136.384
0.0410781 0.121427 0.99175 39.9644 0.188452 0.973831 -0.127039 -8.24842 -0.981223 0.192116 0.0171199 136.402
0.0456347 0.128285 0.990687 40.7711 0.184235 0.973627 -0.134562 -8.36531 -0.981822 0.18866 0.0207966 136.439
0.0518043 0.134582 0.989547 41.5669 0.183886 0.97265 -0.14191 -8.48154 -0.981581 0.189316 0.0256398 136.465
0.0584154 0.136515 0.988914 42.3376 0.184315 0.9721 -0.145082 -8.59612 -0.98113 0.190747 0.0316239 136.497
0.0653339 0.133338 0.988915 43.0591 0.183636 0.9725 -0.143257 -8.70946 -0.980821 0.19096 0.0390515 136.526
0.0705577 0.130387 0.988949 43.7958 0.181891 0.973117 -0.141276 -8.82716 -0.980784 0.189849 0.0449448 136.573
0.0767566 0.130989 0.988408 44.5746 0.181566 0.97292 -0.143037 -8.94656 -0.980379 0.190441 0.0508948 136.621
0.0827713 0.132546 0.987715 45.3867 0.181456 0.972543 -0.145716 -9.07027 -0.97991 0.191287 0.0564474 136.671
0.0879364 0.134 0.987072 46.1681 0.179503 0.972558 -0.148021 -9.18964 -0.979819 0.190199 0.0614698 136.726
0.0928164 0.13291 0.986773 46.9531 0.17944 0.972591 -0.147878 -9.31567 -0.979381 0.190792 0.0664229 136.778
0.0965411 0.13143 0.986613 47.7339 0.179517 0.972689 -0.147141 -9.43911 -0.979006 0.191319 0.0703106 136.835
0.100525 0.12964 0.986452 48.5423 0.180529 0.97264 -0.146221 -9.56564 -0.978419 0.192782 0.0743711 136.893
0.104172 0.127882 0.986303 49.3353 0.180472 0.972805 -0.145193 -9.68933 -0.978048 0.193126 0.0782594 136.953
0.106783 0.126876 0.986154 50.1683 0.179045 0.973158 -0.144591 -9.81955 -0.978029 0.192006 0.0811999 137.032
0.109036 0.125636 0.986066 51.0455 0.176245 0.973821 -0.143565 -9.96023 -0.978289 0.189443 0.0840392 137.113
0.111904 0.12227 0.986168 51.9655 0.173594 0.974736 -0.140551 -10.1022 -0.978439 0.186921 0.0878513 137.193
0.112798 0.121751 0.986131 52.8929 0.17375 0.974756 -0.140221 -10.253 -0.978309 0.187157 0.0887961 137.279
0.114582 0.128595 0.985056 53.8587 0.17254 0.97394 -0.147213 -10.3959 -0.978315 0.186829 0.089408 137.367
0.117718 0.130263 0.984466 54.7831 0.178032 0.972529 -0.149972 -10.5355 -0.976958 0.192921 0.0912927 137.441
0.119988 0.128018 0.984487 55.7303 0.181146 0.972181 -0.148496 -10.6901 -0.976109 0.196154 0.0934602 137.529
0.1211 0.126707 0.98452 56.6813 0.178749 0.972823 -0.147188 -10.8458 -0.976414 0.193807 0.0951597 137.623
0.121682 0.130976 0.98389 57.5934 0.178107 0.972285 -0.151458 -10.994 -0.976459 0.193667 0.0949816 137.722
0.121052 0.133355 0.983648 58.5584 0.175792 0.972392 -0.153462 -11.1593 -0.976956 0.191494 0.0942672 137.829
0.120905 0.134068 0.983569 59.478 0.173685 0.972696 -0.153936 -11.3168 -0.977351 0.189443 0.0943178 137.923
0.120234 0.133709 0.9837 60.3125 0.171279 0.973235 -0.153221 -11.4587 -0.977858 0.18691 0.0941147 138.019
0.12225 0.131076 0.983806 61.2745 0.175014 0.972861 -0.151365 -11.6175 -0.976947 0.190685 0.0959926 138.099
0.122452 0.127356 0.984269 62.208 0.176795 0.973072 -0.147902 -11.7708 -0.976601 0.192125 0.0966391 138.195
0.122224 0.122457 0.984919 63.0929 0.178888 0.973389 -0.143223 -11.9116 -0.976248 0.193696 0.0970649 138.291
0.121458 0.121214 0.985168 64.0415 0.178195 0.973728 -0.141776 -12.0638 -0.97647 0.192772 0.0966673 138.398
0.123513 0.128084 0.984042 65.0482 0.177647 0.972762 -0.148913 -12.2235 -0.976313 0.193205 0.0973951 138.489
0.125637 0.134751 0.982882 65.9406 0.176781 0.971836 -0.155833 -12.3727 -0.976199 0.193334 0.098277 138.571
0.126738 0.135858 0.982588 66.7504 0.175085 0.971959 -0.156972 -12.5066 -0.976362 0.191931 0.0993979 138.653
0.12732 0.132395 0.982986 67.6003 0.171798 0.973128 -0.15332 -12.6505 -0.97687 0.188396 0.101153 138.75
0.129627 0.129669 0.983048 68.4843 0.172977 0.973253 -0.151186 -12.7999 -0.976359 0.189642 0.10373 138.841
0.13204 0.127275 0.983039 69.4148 0.175861 0.972982 -0.149594 -12.9563 -0.975519 0.192631 0.10609 138.932
0.133237 0.12685 0.982933 70.3879 0.174134 0.973351 -0.149218 -13.118 -0.975667 0.191043 0.107597 139.048
0.133904 0.128618 0.982612 71.3525 0.171109 0.973649 -0.150762 -13.2765 -0.97611 0.188322 0.108368 139.167
0.13603 0.128858 0.982289 72.301 0.169574 0.973845 -0.151233 -13.4303 -0.976084 0.187143 0.110621 139.278
0.138546 0.127575 0.982105 73.2525 0.167197 0.974421 -0.150163 -13.5914 -0.97614 0.18501 0.113672 139.386
0.140353 0.126463 0.981992 74.2267 0.164679 0.975013 -0.149101 -13.7512 -0.97631 0.182641 0.11602 139.508
0.144156 0.127192 0.981347 75.2749 0.163277 0.975055 -0.150362 -13.9266 -0.975992 0.181906 0.119793 139.625
0.147533 0.129003 0.980608 76.2539 0.164088 0.974525 -0.15289 -14.0901 -0.975351 0.183462 0.122607 139.742
0.149832 0.129158 0.980239 77.1826 0.162131 0.9748 -0.153224 -14.2452 -0.975328 0.181885 0.125116 139.867
0.15356 0.125495 0.980138 78.2017 0.163107 0.975077 -0.150401 -14.4132 -0.974585 0.182963 0.129264 139.987
0.155058 0.123994 0.980093 79.1389 0.1626 0.975359 -0.149119 -14.5711 -0.974432 0.182485 0.131076 140.124
0.158489 0.126128 0.979272 80.0686 0.161075 0.975218 -0.151675 -14.7232 -0.974134 0.181775 0.134245 140.244
0.160565 0.130194 0.978401 80.9696 0.160544 0.974617 -0.156038 -14.8764 -0.973881 0.182131 0.135588 140.375
0.162508 0.132714 0.977741 81.8762 0.158843 0.97447 -0.158671 -15.0363 -0.973838 0.181093 0.137279 140.509
0.163708 0.132232 0.977606 82.7702 0.155051 0.97521 -0.157873 -15.1929 -0.974248 0.177424 0.139147 140.646
0.165597 0.130174 0.977565 83.6731 0.15357 0.975754 -0.155947 -15.358 -0.974163 0.175949 0.141591 140.784
0.168274 0.129617 0.977181 84.539 0.153382 0.9758 -0.155847 -15.5071 -0.973734 0.176107 0.144321 140.909
0.170878 0.129219 0.976782 85.4216 0.155708 0.975364 -0.156271 -15.6619 -0.972911 0.178796 0.146547 141.039
0.173518 0.126957 0.976613 86.3347 0.15823 0.975179 -0.154884 -15.8182 -0.972036 0.181405 0.149123 141.174
0.176845 0.124922 0.976279 87.2505 0.161785 0.974731 -0.15403 -15.9754 -0.970851 0.185187 0.152166 141.3
0.177903 0.12571 0.975986 88.1711 0.160203 0.974875 -0.154769 -16.1389 -0.97092 0.18389 0.153294 141.449
0.180384 0.127306 0.975323 89.1518 0.160658 0.974459 -0.156906 -16.3103 -0.970387 0.184997 0.155324 141.59
0.181478 0.127349 0.975114 90.078 0.158626 0.974804 -0.15683 -16.4735 -0.970517 0.18314 0.156704 141.741
0.182099 0.12678 0.975073 90.9597 0.15672 0.975234 -0.15607 -16.6304 -0.97071 0.181233 0.15772 141.886
0.182476 0.126337 0.97506 91.8328 0.154328 0.975737 -0.155306 -16.7842 -0.971023 0.178818 0.158551 142.032
0.184255 0.126507 0.974703 92.73 0.154323 0.975659 -0.155803 -16.9373 -0.970688 0.179127 0.160247 142.176
0.182691 0.127406 0.97488 93.5873 0.151783 0.976026 -0.155999 -17.0902 -0.971384 0.176469 0.158973 142.345
0.183864 0.127971 0.974586 94.4436 0.152426 0.975784 -0.156884 -17.2393 -0.971061 0.177397 0.159906 142.483
0.184413 0.129678 0.974256 95.3489 0.152862 0.975411 -0.158767 -17.3954 -0.970889 0.178205 0.160056 142.639
0.185456 0.131178 0.973857 96.2367 0.153465 0.975022 -0.16056 -17.5496 -0.970595 0.17923 0.160692 142.789
0.186547 0.131199 0.973646 97.0995 0.154719 0.974753 -0.160991 -17.7038 -0.970187 0.180674 0.161538 142.935
0.188648 0.129927 0.973412 98.0159 0.155654 0.974724 -0.160267 -17.8677 -0.969631 0.18175 0.163656 143.079
0.18972 0.129488 0.973262 98.8962 0.155968 0.974704 -0.160083 -18.0262 -0.969371 0.182169 0.164725 143.228
0.191724 0.128993 0.972935 99.7654 0.15741 0.974451 -0.160212 -18.183 -0.968744 0.183866 0.166521 143.366
0.190971 0.126886 0.97336 100.626 0.158291 0.974651 -0.158111 -18.3441 -0.968749 0.184268 0.166045 143.528
0.192188 0.12547 0.973304 101.454 0.159144 0.97468 -0.157072 -18.4904 -0.968368 0.185083 0.167354 143.672
0.195069 0.125294 0.972753 102.329 0.163026 0.973867 -0.15813 -18.6397 -0.967145 0.189431 0.169546 143.813
0.197063 0.125384 0.97234 103.207 0.166024 0.973196 -0.159142 -18.7916 -0.966231 0.192793 0.170964 143.961
0.199808 0.125292 0.971791 104.06 0.168803 0.972561 -0.160098 -18.9397 -0.965185 0.19603 0.173176 144.098
0.200398 0.12786 0.971335 104.908 0.165254 0.97283 -0.162151 -19.0915 -0.965677 0.193012 0.173824 144.261
0.202214 0.128045 0.970935 105.78 0.166287 0.972531 -0.162887 -19.2482 -0.965121 0.194392 0.175367 144.417
0.203642 0.129087 0.970498 106.599 0.165769 0.972411 -0.164125 -19.4018 -0.96491 0.194302 0.176625 144.563
0.205761 0.128122 0.970179 107.434 0.167009 0.972251 -0.163815 -19.5525 -0.964246 0.195735 0.178654 144.716
