1 0 0 0 0 1 0 0 0 0 1 0
0.999984 0.00506881 -0.00249138 -0.0266041 -0.00506557 0.999986 0.00130587 -0.0212789 0.00249796 -0.00129323 0.999996 1.57756
0.999967 0.00656027 -0.00485435 -0.0329514 -0.00655536 0.999978 0.00102836 -0.0423215 0.00486099 -0.000996506 0.999988 3.50411
0.999943 0.00848805 -0.00645728 -0.0653253 -0.00848525 0.999964 0.000460343 -0.0584803 0.00646095 -0.000405525 0.999979 4.94151
0.999919 0.00946522 -0.00846275 -0.087718 -0.00945971 0.999955 0.000690796 -0.0919512 0.00846891 -0.000610685 0.999964 6.75758
0.999887 0.0095597 -0.0115959 -0.0869209 -0.00953609 0.999952 0.00208961 -0.119133 0.0116154 -0.0019788 0.999931 8.34669
0.999836 0.0126071 -0.0130026 -0.124516 -0.0125888 0.99992 0.00149267 -0.137968 0.0130203 -0.00132874 0.999914 9.94818
0.999765 0.0153019 -0.0153408 -0.153429 -0.0152921 0.999883 0.000751686 -0.16673 0.0153505 -0.000516916 0.999882 11.5995
0.999769 0.0136198 -0.0166487 -0.198439 -0.0136038 0.999907 0.00107644 -0.191035 0.0166618 -0.000849704 0.999861 13.1793
0.999732 0.0110371 -0.0203738 -0.206375 -0.0109975 0.999937 0.00205537 -0.215415 0.0203952 -0.00183075 0.99979 14.7034
0.999671 0.0124749 -0.0224099 -0.237856 -0.0124188 0.999919 0.00264303 -0.243747 0.0224411 -0.00236385 0.999745 16.5436
0.999649 0.0108393 -0.0241659 -0.310588 -0.0107808 0.999939 0.00255154 -0.260849 0.0241921 -0.00229012 0.999705 18.2213
0.999574 0.0125337 -0.0263508 -0.376931 -0.0124414 0.999916 0.00366547 -0.276046 0.0263946 -0.00333607 0.999646 19.9527
0.999538 0.0130425 -0.0274455 -0.468684 -0.0129338 0.999908 0.00413301 -0.292496 0.0274968 -0.00377613 0.999615 21.7919
0.999476 0.0177392 -0.027075 -0.59145 -0.0176634 0.999839 0.00303779 -0.317407 0.0271246 -0.00255796 0.999629 23.9813
0.999396 0.0183347 -0.0295093 -0.66073 -0.0183104 0.999832 0.00109083 -0.342084 0.0295243 -0.00054984 0.999564 25.715
0.999285 0.0214702 -0.0311178 -0.738666 -0.0215282 0.999767 -0.00153272 -0.363173 0.0310777 0.00220154 0.999515 27.4621
0.999108 0.0252418 -0.0338441 -0.808829 -0.0252835 0.99968 -0.000806858 -0.383586 0.0338129 0.00166184 0.999427 29.015
0.998972 0.0281611 -0.0355248 -0.8753 -0.0280551 0.9996 0.00347828 -0.401921 0.0356086 -0.00247805 0.999363 30.4945
0.998866 0.0325372 -0.0347521 -0.990558 -0.032308 0.999452 0.00713664 -0.401826 0.0349653 -0.00600577 0.99937 32.2868
0.998735 0.0357621 -0.0353485 -1.09099 -0.0354328 0.999323 0.00989976 -0.40719 0.0356786 -0.00863474 0.999326 34.2162
0.998488 0.0411795 -0.0364148 -1.18063 -0.0408425 0.999116 0.00995033 -0.41346 0.0367924 -0.00844801 0.999287 36.3249
0.998361 0.0412161 -0.0397027 -1.25025 -0.0410247 0.999142 0.00562294 -0.429973 0.0399004 -0.00398494 0.999196 38.1767
0.998128 0.0457222 -0.0406252 -1.37049 -0.0457842 0.998951 -0.000598349 -0.433937 0.0405553 0.00245722 0.999174 40.0514
0.997951 0.047255 -0.0431388 -1.48766 -0.0474677 0.998865 -0.00391929 -0.461967 0.0429047 0.00595896 0.999061 42.086
0.998069 0.0410129 -0.0466565 -1.56924 -0.0412915 0.999135 -0.0050233 -0.484175 0.0464101 0.00694012 0.998898 43.5414
0.998138 0.0331075 -0.051229 -1.62453 -0.0333022 0.999441 -0.0029522 -0.503644 0.0511026 0.00465274 0.998683 45.0489
0.997926 0.0329595 -0.0552937 -1.70769 -0.0330302 0.999454 -0.000364362 -0.528119 0.0552515 0.00218997 0.99847 46.5957
0.997676 0.0327157 -0.0597741 -1.80593 -0.0328489 0.99946 -0.00124764 -0.545463 0.059701 0.00320826 0.998211 48.2601
0.997361 0.0365245 -0.0627482 -1.91714 -0.0366215 0.999329 -0.000394975 -0.566593 0.0626917 0.00269186 0.998029 49.8856
0.997116 0.0398935 -0.064568 -2.06237 -0.0397966 0.999204 0.00278693 -0.58572 0.0646278 -0.000209308 0.997909 51.9294
0.996878 0.0416583 -0.0670756 -2.16101 -0.0414127 0.999129 0.00504935 -0.603877 0.0672276 -0.0022558 0.997735 53.4948
0.996545 0.0471522 -0.0683714 -2.31336 -0.0469282 0.998886 0.00488031 -0.613677 0.0685254 -0.00165491 0.997648 55.223
0.996062 0.0539432 -0.0703558 -2.44536 -0.0538615 0.998544 0.00305921 -0.628283 0.0704184 0.000742303 0.997517 56.7786
0.995845 0.0535364 -0.073671 -2.54249 -0.0535964 0.998562 0.00116393 -0.640272 0.0736274 0.00278941 0.997282 58.4435
0.995733 0.0512848 -0.0767139 -2.633 -0.0512811 0.998682 0.00201935 -0.654135 0.0767164 0.00192323 0.997051 59.9159
0.995694 0.0491886 -0.0785719 -2.75958 -0.0490248 0.998789 0.0040135 -0.664398 0.0786742 -0.000144244 0.9969 61.6896
0.995585 0.047466 -0.0809733 -2.88982 -0.0471388 0.998871 0.00594919 -0.680706 0.0811643 -0.00210594 0.996699 63.4547
0.995244 0.0512587 -0.0828314 -3.09407 -0.0509456 0.998684 0.00589103 -0.695138 0.0830244 -0.00164312 0.996546 65.5556
0.995175 0.0492058 -0.0848856 -3.29428 -0.0489899 0.998789 0.00462609 -0.711488 0.0850104 -0.000445237 0.99638 67.8749
0.994841 0.0525871 -0.0867482 -3.4463 -0.0525258 0.998615 0.00299103 -0.721917 0.0867853 0.00158091 0.996226 69.4333
0.994505 0.0562457 -0.0882955 -3.59093 -0.0562353 0.998414 0.00260719 -0.7385 0.0883021 0.00237246 0.996091 71.0777
0.994253 0.0584229 -0.0897144 -3.76063 -0.0584683 0.998287 0.00212357 -0.752842 0.0896848 0.00313409 0.995965 72.8157
0.994057 0.0598007 -0.0909598 -3.90003 -0.0599477 0.998201 0.00111704 -0.761 0.0908629 0.00434243 0.995854 74.2411
0.993691 0.0640312 -0.0920723 -4.07879 -0.0644072 0.997923 -0.00111572 -0.777091 0.0918096 0.0070388 0.995752 75.7871
0.993512 0.0659318 -0.0926682 -4.22969 -0.066375 0.997793 -0.00170551 -0.791182 0.0923512 0.00784529 0.995696 77.1724
0.993257 0.0675225 -0.0942382 -4.37089 -0.0677517 0.997702 0.000769125 -0.818222 0.0940735 0.00562086 0.995549 78.7309
0.992572 0.077362 -0.0938948 -4.54068 -0.0775193 0.996989 0.00197729 -0.824842 0.0937651 0.00531606 0.99558 80.0918
0.991966 0.0859924 -0.0927849 -4.80895 -0.0860781 0.996284 0.00308489 -0.845989 0.0927054 0.00492664 0.995681 82.1119
0.991591 0.0899994 -0.0929961 -5.02842 -0.0901657 0.995924 0.00241997 -0.85658 0.0928348 0.00598545 0.995664 83.8258
0.991462 0.090156 -0.094205 -5.20967 -0.0903294 0.995909 0.00243119 -0.865803 0.0940388 0.00609905 0.99555 85.3506
0.990935 0.0948298 -0.0951559 -5.40133 -0.0949918 0.995474 0.00283638 -0.871898 0.0949942 0.00622836 0.995458 87.1433
0.990452 0.0991066 -0.0958219 -5.59627 -0.0992649 0.995056 0.00312586 -0.883029 0.095658 0.00641573 0.995394 88.803
0.989985 0.102641 -0.0969233 -5.84357 -0.102667 0.994704 0.00473124 -0.897012 0.0968956 0.005267 0.995281 91.0806
0.989689 0.103482 -0.0990282 -6.04627 -0.103397 0.994622 0.00600031 -0.90876 0.0991166 0.00430078 0.995067 92.9528
0.989115 0.106781 -0.101236 -6.33651 -0.106787 0.994267 0.00538025 -0.92232 0.10123 0.00548899 0.994848 95.5289
0.988606 0.107888 -0.104966 -6.52934 -0.108098 0.994133 0.00370407 -0.937901 0.10475 0.00768478 0.994469 97.3491
0.988171 0.109037 -0.107837 -6.69019 -0.10947 0.993988 0.00190702 -0.947934 0.107397 0.00992051 0.994167 98.6457
0.987821 0.109599 -0.110447 -6.84436 -0.109703 0.993951 0.00514992 -0.969116 0.110344 0.00702924 0.993869 99.9841
0.987578 0.109968 -0.112231 -7.02609 -0.109654 0.993929 0.00898417 -0.970517 0.112538 0.00343407 0.993642 101.459
0.987607 0.107794 -0.114072 -7.23254 -0.107338 0.994171 0.0101524 -0.976634 0.114501 0.00221766 0.993421 103.093
0.987537 0.104257 -0.117901 -7.41405 -0.104071 0.99454 0.00774518 -0.984446 0.118065 0.00462147 0.992995 104.667
0.987564 0.103023 -0.118756 -7.62782 -0.102913 0.994665 0.00707589 -0.988121 0.118852 0.00523366 0.992898 106.243
0.98734 0.102939 -0.120678 -7.83026 -0.102959 0.994667 0.00608691 -0.993683 0.120661 0.00641503 0.992673 107.703
0.987129 0.102054 -0.123133 -8.03105 -0.102336 0.994742 0.00404417 -1.00261 0.122898 0.00860885 0.992382 109.212
0.986133 0.109457 -0.124742 -8.26283 -0.109873 0.993939 0.00356232 -1.01522 0.124376 0.0101928 0.992183 110.839
0.984572 0.122055 -0.125386 -8.48059 -0.121927 0.992501 0.00872256 -1.0283 0.12551 0.00669988 0.99207 112.404
0.98362 0.127822 -0.127098 -8.67527 -0.1271 0.991794 0.013803 -1.02727 0.12782 0.00257731 0.991794 113.913
0.983493 0.12753 -0.128367 -8.8571 -0.126711 0.991833 0.01456 -1.0276 0.129176 0.0019459 0.99162 115.251
0.983853 0.123962 -0.129101 -9.08459 -0.12327 0.992283 0.0133674 -1.01373 0.129762 0.00276279 0.991541 116.776
0.98415 0.120635 -0.129982 -9.28569 -0.120176 0.992687 0.0113947 -1.01191 0.130406 0.00440671 0.991451 118.158
0.98431 0.115966 -0.13299 -9.44788 -0.115738 0.993235 0.00947147 -1.02131 0.133189 0.00606915 0.991072 119.557
0.984005 0.117834 -0.133601 -9.62174 -0.117766 0.993006 0.00844241 -1.01912 0.133661 0.00742619 0.990999 120.868
0.98341 0.124302 -0.132112 -9.82119 -0.123987 0.992227 0.010636 -1.02545 0.132407 0.00592069 0.991178 122.139
0.983598 0.123639 -0.131334 -10.0096 -0.123105 0.992319 0.012214 -1.02324 0.131836 0.00415416 0.991263 123.405
0.983676 0.122991 -0.131354 -10.2298 -0.122641 0.992393 0.0107861 -1.01383 0.131681 0.0054993 0.991277 124.884
0.983697 0.120983 -0.133055 -10.4276 -0.120847 0.992629 0.00912279 -1.01796 0.133178 0.00710522 0.991067 126.276
0.982932 0.126652 -0.133434 -10.6552 -0.126171 0.991935 0.0120879 -1.02217 0.133889 0.00495391 0.990984 127.806
0.982239 0.131446 -0.133896 -10.8831 -0.130885 0.991312 0.0130234 -1.02141 0.134445 0.0047329 0.99091 129.31
0.981683 0.134555 -0.134882 -11.0787 -0.134404 0.990873 0.0102688 -1.01726 0.135033 0.00804797 0.990808 130.645
0.981353 0.135814 -0.136021 -11.2781 -0.136069 0.990671 0.00746678 -1.01086 0.135766 0.0111806 0.990678 131.972
0.981194 0.136754 -0.136225 -11.4929 -0.137073 0.990536 0.00707715 -1.01345 0.135904 0.0117288 0.990653 133.338
0.98143 0.134407 -0.136859 -11.7005 -0.134512 0.990875 0.00852731 -1.01863 0.136756 0.0100401 0.990554 134.734
0.981566 0.131824 -0.138388 -11.882 -0.131662 0.99124 0.0103584 -1.02603 0.138542 0.00805312 0.990324 136.056
0.981341 0.131029 -0.140713 -12.0414 -0.130794 0.991349 0.0109584 -1.03621 0.140932 0.00765055 0.98999 137.287
0.981276 0.130867 -0.141323 -12.2313 -0.130574 0.991373 0.0113834 -1.03051 0.141593 0.00728292 0.989898 138.559
0.981031 0.131294 -0.142622 -12.4131 -0.131069 0.991312 0.0110115 -1.02886 0.142829 0.00789075 0.989716 139.757
0.981043 0.129759 -0.143932 -12.5969 -0.129478 0.991517 0.0113629 -1.02624 0.144186 0.00748848 0.989522 140.924
0.980664 0.130398 -0.145924 -12.7906 -0.130149 0.99143 0.0112952 -1.0267 0.146146 0.00791506 0.989231 142.19
0.980523 0.132693 -0.1448 -13.0256 -0.132478 0.991123 0.0111695 -1.01833 0.144997 0.008231 0.989398 143.556
0.980502 0.130919 -0.146549 -13.2406 -0.130712 0.991358 0.0110841 -1.01782 0.146734 0.0082877 0.989141 144.953
0.980224 0.132142 -0.147304 -13.4545 -0.132209 0.991177 0.00938219 -1.01671 0.147245 0.0102783 0.989047 146.257
0.97989 0.13315 -0.148617 -13.6522 -0.133271 0.991037 0.00919209 -1.01923 0.148508 0.010799 0.988852 147.489
0.979927 0.132957 -0.148546 -13.8771 -0.132923 0.991074 0.0101965 -1.02399 0.148575 0.00975332 0.988853 148.821
0.979268 0.137525 -0.14873 -14.1089 -0.137659 0.990435 0.00944409 -1.0217 0.148606 0.0112256 0.988833 150.167
0.979219 0.138088 -0.148535 -14.318 -0.138318 0.990349 0.00883489 -1.01994 0.148322 0.0118937 0.988868 151.391
0.979144 0.138533 -0.148611 -14.5909 -0.138902 0.990274 0.0079459 -1.01992 0.148267 0.0128622 0.988864 152.954
0.979144 0.137107 -0.149926 -14.8009 -0.137325 0.990486 0.00894759 -1.02715 0.149726 0.0118276 0.988657 154.295
0.978962 0.136191 -0.151938 -14.9901 -0.13616 0.990629 0.0106568 -1.03084 0.151966 0.0102554 0.988333 155.556
0.978788 0.136763 -0.152547 -15.2239 -0.136611 0.990558 0.0115285 -1.02504 0.152683 0.00955551 0.988229 156.941
0.978443 0.137253 -0.15431 -15.4214 -0.137239 0.990479 0.0107935 -1.02935 0.154323 0.0106166 0.987963 158.182
0.97812 0.138126 -0.155573 -15.646 -0.13823 0.990348 0.0102021 -1.02707 0.155481 0.0115259 0.987772 159.544
0.978024 0.138773 -0.155598 -15.8682 -0.138835 0.99026 0.0105255 -1.02184 0.155543 0.0113082 0.987764 160.827
0.977914 0.139293 -0.155828 -16.1014 -0.139343 0.990187 0.0106541 -1.0143 0.155783 0.0112948 0.987727 162.205
0.977766 0.140054 -0.156069 -16.3252 -0.140236 0.990069 0.00990021 -1.01934 0.155906 0.0122064 0.987697 163.572
0.977558 0.141177 -0.156362 -16.5447 -0.141553 0.989892 0.00878958 -1.02451 0.156023 0.0135412 0.987661 164.913
0.977425 0.142572 -0.155927 -16.7615 -0.142911 0.989694 0.0090981 -1.03256 0.155617 0.0133909 0.987727 166.178
0.977315 0.143526 -0.155744 -16.9761 -0.143836 0.989557 0.00933263 -1.03831 0.155457 0.0132807 0.987753 167.458
0.977449 0.142621 -0.155729 -17.2144 -0.142864 0.989695 0.00969171 -1.03847 0.155507 0.012775 0.987752 168.855
0.977521 0.141306 -0.156479 -17.43 -0.141601 0.98988 0.00931781 -1.04658 0.156212 0.0130491 0.987637 170.185
0.976912 0.145725 -0.156228 -17.6949 -0.146019 0.989235 0.0096583 -1.04445 0.155954 0.0133769 0.987674 171.668
0.976661 0.148267 -0.155401 -17.9551 -0.148436 0.988865 0.0105816 -1.04564 0.155239 0.0127325 0.987795 173.08
0.976583 0.147586 -0.15654 -18.1837 -0.147994 0.988946 0.00910977 -1.04555 0.156154 0.0142706 0.98763 174.459
0.976407 0.147498 -0.157712 -18.4154 -0.148087 0.988941 0.00807855 -1.05748 0.157159 0.015467 0.987452 175.856
0.976605 0.146105 -0.157787 -18.6418 -0.147 0.989118 0.00604731 -1.06289 0.156954 0.0172889 0.987455 177.209
0.976673 0.145995 -0.157463 -18.8476 -0.146746 0.98915 0.00691023 -1.06985 0.156763 0.016358 0.987501 178.416
0.976635 0.145757 -0.157919 -19.0543 -0.14628 0.989208 0.00836395 -1.08103 0.157434 0.014932 0.987417 179.674
0.976367 0.148103 -0.157395 -19.2898 -0.148468 0.988872 0.00949841 -1.08333 0.15705 0.0140942 0.98749 181.009
0.976544 0.146334 -0.157952 -19.505 -0.146744 0.989132 0.00913003 -1.08302 0.157571 0.0142625 0.987405 182.398
0.976759 0.145266 -0.157606 -19.7443 -0.145701 0.989289 0.00884909 -1.08383 0.157204 0.01432 0.987462 183.775
0.97697 0.143964 -0.157494 -20.0032 -0.144729 0.989449 0.00666149 -1.07802 0.156791 0.0162859 0.987497 185.22
0.977051 0.143477 -0.157435 -20.2539 -0.144159 0.989529 0.00713714 -1.09025 0.15681 0.0157223 0.987504 186.694
0.976846 0.144315 -0.157941 -20.5042 -0.144876 0.989417 0.00801403 -1.0881 0.157426 0.0150533 0.987416 188.163
0.976457 0.145573 -0.159186 -20.732 -0.146057 0.989238 0.00872217 -1.091 0.158742 0.0147334 0.98721 189.552
0.976628 0.143362 -0.16014 -20.9888 -0.143894 0.989558 0.00833334 -1.0934 0.159663 0.0149046 0.987059 191.072
0.976406 0.144423 -0.160539 -21.2447 -0.145157 0.989382 0.00721173 -1.10066 0.159876 0.0162618 0.987003 192.511
0.976251 0.143915 -0.161931 -21.4883 -0.144839 0.989436 0.00614743 -1.10364 0.161106 0.0174526 0.986783 193.95
0.975981 0.145016 -0.162575 -21.7461 -0.145962 0.989271 0.00617564 -1.10885 0.161727 0.0177025 0.986677 195.433
0.975689 0.145088 -0.16426 -21.9753 -0.145942 0.989269 0.00692472 -1.12293 0.163502 0.017216 0.986393 196.787
0.975713 0.14267 -0.16622 -22.2063 -0.143729 0.989601 0.00570404 -1.12663 0.165305 0.0183251 0.986072 198.165
0.975155 0.144868 -0.16759 -22.4496 -0.146025 0.989266 0.00546677 -1.13153 0.166583 0.0191414 0.985842 199.582
0.975011 0.14537 -0.167992 -22.7168 -0.14624 0.989223 0.00724575 -1.13575 0.167235 0.0175025 0.985762 201.028
0.975072 0.144712 -0.168204 -22.9784 -0.145506 0.989328 0.00766078 -1.13248 0.167517 0.0170049 0.985722 202.41
0.974778 0.145638 -0.169109 -23.2412 -0.146437 0.989189 0.00780591 -1.1358 0.168417 0.0171547 0.985567 203.87
0.974755 0.146851 -0.168189 -23.519 -0.148164 0.988951 0.00478512 -1.12795 0.167033 0.0202553 0.985743 205.304
0.974668 0.148386 -0.167342 -23.7848 -0.149887 0.988696 0.00369727 -1.13212 0.165999 0.0214787 0.985892 206.701
0.974835 0.143597 -0.170518 -24.0268 -0.144999 0.989423 0.00427387 -1.14824 0.169328 0.0205586 0.985345 208.249
0.975215 0.140689 -0.170772 -24.2754 -0.141614 0.989898 0.00680953 -1.16268 0.170005 0.0175431 0.985287 209.676
0.975467 0.139776 -0.170076 -24.5378 -0.140583 0.990042 0.007352 -1.16151 0.16941 0.0167382 0.985403 211.138
0.97594 0.135634 -0.170718 -24.8125 -0.136136 0.990651 0.00881953 -1.17869 0.170318 0.0146335 0.985281 212.718
0.97613 0.135345 -0.169858 -25.0979 -0.135771 0.990698 0.00915803 -1.18421 0.169518 0.0141224 0.985426 214.271
0.976445 0.132235 -0.170498 -25.3623 -0.13261 0.991125 0.00924348 -1.19034 0.170207 0.0135839 0.985315 215.803
0.976381 0.129945 -0.172609 -25.633 -0.130403 0.991423 0.00872892 -1.20203 0.172263 0.0139861 0.984952 217.381
0.975992 0.131604 -0.173548 -25.919 -0.132378 0.991173 0.00715911 -1.2092 0.172959 0.0159868 0.984799 218.965
0.975608 0.133151 -0.174526 -26.1701 -0.133958 0.990961 0.00720054 -1.21377 0.173907 0.0163543 0.984626 220.342
0.975353 0.133515 -0.175673 -26.4271 -0.134385 0.990905 0.00698674 -1.21678 0.175008 0.0167933 0.984424 221.755
0.975388 0.131559 -0.176948 -26.7471 -0.132474 0.991164 0.00668354 -1.21643 0.176264 0.0169221 0.984197 223.462
0.975014 0.132707 -0.178148 -27.0574 -0.133407 0.991028 0.00809967 -1.22455 0.177624 0.0158689 0.98397 225.158
0.975518 0.128262 -0.178645 -27.3409 -0.128755 0.991637 0.00888191 -1.22337 0.17829 0.0143369 0.983874 226.664
0.97554 0.127088 -0.179359 -27.6317 -0.127676 0.991781 0.00830691 -1.22899 0.17894 0.0147961 0.983749 228.212
0.97592 0.124406 -0.179176 -27.9117 -0.125275 0.992101 0.00650046 -1.23785 0.178569 0.0161023 0.983796 229.714
0.975183 0.132321 -0.177506 -28.2163 -0.133277 0.991057 0.00657885 -1.24942 0.176789 0.017242 0.984098 231.161
0.975154 0.133222 -0.176995 -28.5064 -0.133922 0.990959 0.00804073 -1.26356 0.176466 0.0158627 0.984179 232.736
0.975069 0.135534 -0.1757 -28.8215 -0.136298 0.990637 0.00777374 -1.26372 0.175108 0.0163675 0.984413 234.41
0.975268 0.134608 -0.175311 -29.1462 -0.135392 0.990763 0.00753341 -1.27391 0.174706 0.0163887 0.984484 236.113
0.975483 0.133147 -0.175227 -29.4705 -0.134295 0.990927 0.00534262 -1.27591 0.174349 0.0183205 0.984514 237.845
0.976019 0.128936 -0.175392 -29.7324 -0.130062 0.991493 0.00510571 -1.2818 0.174558 0.0178286 0.984485 239.346
0.976126 0.128455 -0.17515 -30.0076 -0.129647 0.991549 0.00466815 -1.28846 0.17427 0.0181509 0.984531 240.844
0.976569 0.125575 -0.174768 -30.3016 -0.127037 0.991894 0.00284066 -1.28995 0.173708 0.0194279 0.984606 242.367
0.976974 0.122973 -0.174353 -30.5589 -0.123742 0.992293 0.00649557 -1.30218 0.173808 0.0152289 0.984662 243.842
0.977304 0.121507 -0.173532 -30.8392 -0.122021 0.992497 0.00774253 -1.31177 0.173171 0.0136077 0.984798 245.367
0.977348 0.120172 -0.17421 -31.1232 -0.120976 0.992637 0.00603507 -1.31456 0.173653 0.015177 0.98469 246.946
0.976861 0.125234 -0.173375 -31.4376 -0.126056 0.992003 0.00630912 -1.33533 0.172778 0.0156917 0.984836 248.588
0.976762 0.125453 -0.173777 -31.7354 -0.125989 0.991999 0.00798881 -1.35221 0.173389 0.0140908 0.984753 250.279
0.976657 0.126179 -0.173838 -32.0501 -0.127095 0.991873 0.00589445 -1.35972 0.173169 0.0163371 0.984757 251.973
0.976479 0.12759 -0.173811 -32.3382 -0.129101 0.991628 0.00263306 -1.37387 0.172692 0.019868 0.984776 253.53
0.975719 0.13473 -0.172686 -32.656 -0.136535 0.990634 0.00143823 -1.38333 0.171262 0.0221744 0.984976 255.144
0.975692 0.136292 -0.171611 -32.9271 -0.137918 0.990441 0.00246598 -1.40005 0.170307 0.0212623 0.985162 256.597
0.975852 0.136016 -0.170918 -33.2022 -0.137435 0.990504 0.00355682 -1.40972 0.169778 0.0200191 0.985279 258.075
0.975939 0.134987 -0.171238 -33.444 -0.136347 0.990654 0.00385032 -1.41858 0.170157 0.01959 0.985222 259.442
0.976375 0.133199 -0.170144 -33.7159 -0.134609 0.990893 0.00327077 -1.43513 0.16903 0.0197095 0.985414 260.924
0.97656 0.131016 -0.170776 -33.9478 -0.132549 0.991173 0.0024487 -1.45411 0.169589 0.0202448 0.985307 262.291
0.976748 0.130038 -0.170453 -34.1877 -0.131759 0.991281 0.00122138 -1.46755 0.169126 0.0212658 0.985365 263.661
0.976779 0.130433 -0.169968 -34.4597 -0.132279 0.991212 0.000466845 -1.48225 0.168535 0.0220272 0.985449 265.142
0.976925 0.129671 -0.169716 -34.6856 -0.131547 0.99131 0.00018895 -1.49518 0.168266 0.0221412 0.985493 266.376
0.977027 0.129669 -0.169128 -34.9249 -0.131533 0.991312 0.000184139 -1.50138 0.167682 0.022066 0.985594 267.612
0.976837 0.131619 -0.168721 -35.1662 -0.133273 0.991078 0.00153004 -1.5149 0.167417 0.0209914 0.985663 268.912
0.976872 0.130093 -0.169695 -35.3843 -0.131775 0.991279 0.00135754 -1.52731 0.168392 0.0210355 0.985496 270.177
0.976507 0.133374 -0.16925 -35.6401 -0.135386 0.990793 -0.000351839 -1.53856 0.167645 0.0232577 0.985573 271.531
0.976574 0.132971 -0.169181 -35.8869 -0.134974 0.990849 -0.000338516 -1.555 0.167587 0.0231655 0.985585 272.892
0.976284 0.135064 -0.169196 -36.114 -0.136836 0.990593 0.00119756 -1.57061 0.167767 0.0219831 0.985582 274.163
0.977016 0.129267 -0.169497 -36.3333 -0.130911 0.991393 0.00148602 -1.59351 0.16823 0.0207372 0.98553 275.472
0.976507 0.135378 -0.167649 -36.5947 -0.137275 0.990533 0.000276894 -1.59641 0.166099 0.0227436 0.985847 276.726
0.97624 0.138728 -0.166465 -36.8439 -0.140929 0.990019 -0.00142261 -1.59678 0.164606 0.0248485 0.986046 278.053
0.97587 0.142541 -0.165406 -37.0769 -0.144782 0.989462 -0.00150602 -1.60974 0.163448 0.0254174 0.986224 279.323
0.976155 0.140546 -0.165433 -37.2983 -0.142744 0.989759 -0.00141234 -1.62015 0.16354 0.0249933 0.98622 280.623
0.976431 0.138893 -0.165203 -37.5415 -0.14115 0.989986 -0.00194639 -1.63525 0.163279 0.025219 0.986258 281.975
0.976788 0.134949 -0.166355 -37.7487 -0.137441 0.990504 -0.00350685 -1.6534 0.164302 0.0262895 0.98606 283.275
0.977185 0.132644 -0.165878 -37.9747 -0.135196 0.99081 -0.00413948 -1.66507 0.163804 0.0264711 0.986138 284.531
0.976754 0.137371 -0.164565 -38.2312 -0.139834 0.990169 -0.00342253 -1.68763 0.162477 0.0263547 0.98636 285.834
0.976678 0.139002 -0.163644 -38.4779 -0.141326 0.98996 -0.00258627 -1.70154 0.161642 0.0256531 0.986516 287.175
0.976687 0.138864 -0.163707 -38.7051 -0.141396 0.989946 -0.00386081 -1.7101 0.161525 0.0269183 0.986501 288.464
0.976241 0.142427 -0.163301 -38.932 -0.145259 0.989379 -0.00546962 -1.72625 0.160788 0.0290606 0.986561 289.723
0.975716 0.147549 -0.161887 -39.1651 -0.15059 0.988574 -0.00660612 -1.74042 0.159062 0.0308241 0.986787 290.93
0.975512 0.149209 -0.161595 -39.3988 -0.152098 0.98835 -0.00558823 -1.76503 0.158878 0.0300296 0.986841 292.248
0.975265 0.151538 -0.160919 -39.6336 -0.154099 0.988049 -0.0034782 -1.78454 0.158469 0.0281895 0.986962 293.562
0.97457 0.157227 -0.159666 -39.8758 -0.159513 0.987195 -0.00151664 -1.80557 0.157383 0.0269468 0.98717 294.915
0.974486 0.157606 -0.159806 -40.0888 -0.159912 0.98713 -0.0015903 -1.83069 0.157499 0.0271046 0.987147 296.242
0.974107 0.158472 -0.161254 -40.3283 -0.161071 0.986938 -0.00309219 -1.8592 0.158657 0.0289854 0.986908 297.672
0.973696 0.16016 -0.162064 -40.5902 -0.163021 0.986613 -0.00442558 -1.88065 0.159186 0.030729 0.98677 299.121
0.973598 0.160157 -0.162654 -40.8211 -0.162917 0.986633 -0.00368928 -1.90419 0.159889 0.030091 0.986676 300.449
0.973905 0.157641 -0.163273 -41.0788 -0.160289 0.987065 -0.00308807 -1.93284 0.160674 0.0291784 0.986576 301.905
0.973462 0.159412 -0.164195 -41.3253 -0.162165 0.986758 -0.00341412 -1.94573 0.161476 0.0299502 0.986422 303.242
0.9725 0.163844 -0.165525 -41.5669 -0.166958 0.985951 -0.00498672 -1.96261 0.162382 0.0324854 0.986193 304.584
0.971972 0.165655 -0.166822 -41.7928 -0.168668 0.985665 -0.00395912 -1.9877 0.163775 0.0319858 0.985979 305.879
0.971611 0.166192 -0.16838 -42.0184 -0.169094 0.985596 -0.00294617 -2.00967 0.165465 0.0313345 0.985718 307.156
0.971422 0.16571 -0.169938 -42.2784 -0.168696 0.985663 -0.00318137 -2.03351 0.166974 0.0317583 0.98545 308.617
0.970284 0.171504 -0.17069 -42.5441 -0.17473 0.984608 -0.00394778 -2.05347 0.167386 0.0336552 0.985317 310.02
0.971737 0.159139 -0.174364 -42.7524 -0.162123 0.986766 -0.00291441 -2.08492 0.171593 0.0311005 0.984677 311.405
0.971767 0.158407 -0.174859 -43.0155 -0.161292 0.986904 -0.0023181 -2.10769 0.172202 0.030456 0.984591 312.755
0.97152 0.157826 -0.176747 -43.2546 -0.160306 0.987067 0.000251661 -2.14582 0.174501 0.0280891 0.984256 314.216
0.971249 0.157531 -0.178494 -43.5038 -0.159807 0.987147 0.00164563 -2.16559 0.176459 0.0269261 0.98394 315.615
0.970035 0.164148 -0.179131 -43.8148 -0.167017 0.985953 -0.000949671 -2.16582 0.176459 0.0308391 0.983825 317.127
0.969508 0.1652 -0.181008 -44.1057 -0.168618 0.985675 -0.00355098 -2.17763 0.177828 0.0339639 0.983475 318.659
0.968795 0.167841 -0.182387 -44.3624 -0.171265 0.98522 -0.00307247 -2.19801 0.179175 0.034213 0.983222 320.021
0.968734 0.16643 -0.183999 -44.6257 -0.169891 0.985458 -0.00309459 -2.21625 0.180808 0.0342577 0.982922 321.401
0.968821 0.164003 -0.185711 -44.8796 -0.16732 0.9859 -0.00222214 -2.24174 0.182728 0.033226 0.982602 322.721
0.968261 0.16787 -0.185178 -45.1547 -0.170665 0.985329 0.000858447 -2.25333 0.182606 0.0307723 0.982705 324.024
0.967633 0.169045 -0.187379 -45.4071 -0.171728 0.985142 0.0019407 -2.27001 0.184923 0.0303003 0.982286 325.325
0.967608 0.168225 -0.188242 -45.7187 -0.171023 0.985266 0.00139834 -2.29662 0.185704 0.0308407 0.982122 326.882
0.96777 0.166507 -0.188938 -45.9821 -0.169183 0.985583 0.00199313 -2.30884 0.186545 0.0300361 0.981987 328.18
0.967474 0.167452 -0.189615 -46.2522 -0.169815 0.985469 0.00383447 -2.31858 0.187502 0.0284897 0.981851 329.545
0.966994 0.169218 -0.190492 -46.5898 -0.171901 0.985111 0.00247208 -2.32956 0.188075 0.0303554 0.981686 331.228
0.966691 0.169795 -0.191517 -46.9302 -0.173204 0.984885 -0.00107589 -2.34654 0.18844 0.0342115 0.981489 332.889
0.966404 0.172105 -0.190901 -47.23 -0.175904 0.984403 -0.00300693 -2.36073 0.187406 0.0364862 0.981605 334.314
0.966845 0.16989 -0.190653 -47.4666 -0.173226 0.984882 -0.000844573 -2.3871 0.187627 0.0338425 0.981657 335.567
0.966283 0.174293 -0.189522 -47.7297 -0.177494 0.984122 8.25887e-05 -2.3965 0.186527 0.0335593 0.981876 336.799
0.966342 0.174602 -0.188935 -47.9947 -0.177847 0.984058 -0.00022312 -2.40877 0.185884 0.033817 0.98199 338.098
0.967183 0.170612 -0.18828 -48.2613 -0.173675 0.984803 0.000231845 -2.43931 0.185458 0.0324753 0.982115 339.492
0.967525 0.168724 -0.188221 -48.5512 -0.171958 0.985104 -0.000865987 -2.46121 0.185271 0.0332041 0.982126 340.947
0.966983 0.17306 -0.187067 -48.8568 -0.176386 0.98432 -0.00115275 -2.46623 0.183934 0.0341107 0.982346 342.324
0.967507 0.168791 -0.188252 -49.095 -0.171904 0.985114 -0.000215194 -2.49114 0.185414 0.0325696 0.982121 343.568
0.966875 0.172162 -0.18845 -49.4081 -0.175247 0.984524 0.000292683 -2.50465 0.185584 0.0327424 0.982083 344.976
0.966394 0.174491 -0.188774 -49.6985 -0.17736 0.984144 0.00171659 -2.52051 0.186081 0.0318222 0.982019 346.34
0.965727 0.178029 -0.188883 -50.0039 -0.181018 0.983479 0.00144822 -2.51813 0.18602 0.0327926 0.981999 347.756
0.965354 0.17782 -0.190976 -50.2711 -0.181219 0.983443 -0.000338618 -2.53312 0.187754 0.0349354 0.981595 349.034
0.964761 0.179572 -0.19233 -50.5871 -0.183398 0.983036 -0.00212868 -2.55003 0.188685 0.0373266 0.981328 350.52
0.964689 0.178987 -0.193234 -50.8721 -0.182708 0.983166 -0.00145898 -2.56524 0.18972 0.0367129 0.981152 351.858
0.964149 0.180342 -0.194664 -51.1383 -0.183782 0.982967 0.000396376 -2.58677 0.191419 0.0353935 0.98087 353.175
0.963081 0.185169 -0.195418 -51.4653 -0.188597 0.982054 0.00108535 -2.59803 0.192112 0.0358098 0.98072 354.68
0.962692 0.185988 -0.196551 -51.7735 -0.189626 0.981856 0.000315824 -2.61208 0.193043 0.0369671 0.980494 356.135
0.962068 0.187525 -0.19814 -52.0608 -0.191253 0.981541 0.000327306 -2.63116 0.194544 0.0375801 0.980174 357.511
0.962068 0.185345 -0.200184 -52.3376 -0.188735 0.982026 0.0021839 -2.65244 0.19699 0.0356806 0.979756 358.883
0.962256 0.183146 -0.201299 -52.6339 -0.186385 0.982472 0.00290854 -2.66577 0.198303 0.0347203 0.979526 360.258
0.962184 0.180995 -0.203577 -52.9309 -0.184426 0.982844 0.00215115 -2.68185 0.200474 0.0354751 0.979056 361.698
0.962396 0.178352 -0.2049 -53.2021 -0.181848 0.983325 0.00179896 -2.69955 0.201804 0.0355293 0.978781 362.985
0.962261 0.178438 -0.205458 -53.4968 -0.181773 0.983337 0.00268385 -2.71218 0.202514 0.0347642 0.978662 364.318
0.962016 0.177665 -0.207271 -53.7917 -0.181184 0.983447 0.00203452 -2.72315 0.204201 0.035597 0.978281 365.689
0.961674 0.176872 -0.209524 -54.0985 -0.1804 0.983591 0.00230695 -2.73493 0.206494 0.0355796 0.977801 367.142
0.961695 0.175084 -0.210921 -54.4032 -0.178692 0.983903 0.00198445 -2.75349 0.207873 0.0357815 0.977501 368.534
0.961496 0.174065 -0.212666 -54.6901 -0.177827 0.984061 0.00146356 -2.76325 0.209531 0.0364105 0.977124 369.83
0.961446 0.173054 -0.213713 -54.9845 -0.176563 0.984286 0.00270546 -2.77596 0.210823 0.0351327 0.976893 371.135
0.961081 0.175467 -0.213387 -55.3409 -0.178671 0.983899 0.00433143 -2.78036 0.210712 0.0339633 0.976958 372.633
0.960662 0.178407 -0.212838 -55.675 -0.181857 0.983319 0.00342397 -2.78084 0.209898 0.0354166 0.977082 374.007
0.960817 0.176998 -0.213315 -55.9721 -0.180624 0.983549 0.00253098 -2.79402 0.210253 0.0360978 0.97698 375.353
0.960868 0.175414 -0.214391 -56.2682 -0.179086 0.983831 0.00232722 -2.8078 0.211332 0.0361583 0.976745 376.677
0.961325 0.172301 -0.214865 -56.5687 -0.175672 0.984443 0.00345746 -2.82251 0.212118 0.0344219 0.976638 378.052
0.960195 0.181571 -0.212267 -56.9062 -0.184814 0.982763 0.00463373 -2.82072 0.209449 0.0347806 0.977201 379.346
0.959427 0.186511 -0.211456 -57.2311 -0.189724 0.981824 0.00517694 -2.81367 0.208578 0.0351514 0.977374 380.715
0.958767 0.190466 -0.210923 -57.596 -0.194077 0.98098 0.00364344 -2.81106 0.207605 0.0374421 0.977496 382.185
0.958764 0.190164 -0.211208 -57.9542 -0.194064 0.980986 0.00230544 -2.83016 0.20763 0.0387774 0.977438 383.734
0.958776 0.188564 -0.212585 -58.3437 -0.192411 0.981311 0.00263946 -2.85539 0.20911 0.038373 0.977139 385.539
0.958166 0.191016 -0.213144 -58.706 -0.194799 0.980838 0.00331051 -2.86266 0.209692 0.0383482 0.977015 387.105
0.958496 0.189147 -0.213329 -59.0279 -0.192684 0.981252 0.00428625 -2.87829 0.21014 0.0369967 0.976971 388.497
0.958072 0.190494 -0.214031 -59.3275 -0.194187 0.980957 0.00383463 -2.88797 0.210685 0.0378882 0.976819 389.801
0.957635 0.192065 -0.214584 -59.6536 -0.195902 0.980617 0.00344826 -2.89644 0.211087 0.0387352 0.9767 391.195
0.957704 0.189678 -0.216392 -59.9413 -0.193515 0.981091 0.00351781 -2.91577 0.212967 0.038506 0.9763 392.523
0.957966 0.18778 -0.216884 -60.252 -0.191663 0.981456 0.00318974 -2.93647 0.213461 0.0385129 0.976192 393.852
0.958221 0.186109 -0.217202 -60.5681 -0.189975 0.981784 0.00313186 -2.94274 0.213828 0.038262 0.976122 395.174
0.960278 0.172439 -0.219388 -60.8201 -0.175884 0.984403 0.00388584 -2.98145 0.216637 0.0348554 0.97563 396.465
0.960813 0.166367 -0.22172 -61.0967 -0.169386 0.985535 0.00546596 -3.01531 0.219422 0.0323046 0.975095 397.815
0.960928 0.165745 -0.22169 -61.4489 -0.168562 0.985671 0.00628549 -3.03429 0.219555 0.0313287 0.975097 399.339
0.960307 0.170185 -0.221016 -61.8027 -0.173434 0.984834 0.00476966 -3.04262 0.218476 0.0337513 0.975258 400.766
0.960749 0.165782 -0.222435 -62.0948 -0.169041 0.985599 0.00444762 -3.07033 0.219969 0.0333275 0.974937 402.06
0.960831 0.167625 -0.220692 -62.4608 -0.170531 0.985334 0.00595546 -3.07619 0.218454 0.0319127 0.975325 403.503
0.961081 0.167343 -0.219818 -62.793 -0.170413 0.98536 0.00506132 -3.08338 0.217447 0.0325955 0.975528 404.847
0.961402 0.165947 -0.219473 -63.132 -0.169215 0.985571 0.00396366 -3.09737 0.216964 0.0333273 0.975611 406.287
0.9611 0.166739 -0.220194 -63.452 -0.170025 0.985431 0.00407979 -3.1174 0.217666 0.0335174 0.975448 407.752
0.961077 0.167497 -0.219719 -63.7639 -0.170372 0.985362 0.00593591 -3.13618 0.217497 0.0317292 0.975545 409.089
0.960839 0.169767 -0.219017 -64.1354 -0.173619 0.984811 0.00168218 -3.14719 0.215976 0.0364092 0.97572 410.632
0.960776 0.171529 -0.217916 -64.4563 -0.175496 0.984479 0.00116666 -3.157 0.214733 0.0371224 0.975967 411.936
0.961231 0.169471 -0.21752 -64.7906 -0.173324 0.984864 0.00138724 -3.17259 0.214463 0.036368 0.976055 413.326
0.960688 0.174585 -0.215868 -65.1391 -0.178006 0.984023 0.00364768 -3.18172 0.213056 0.0349215 0.976416 414.673
0.960601 0.176106 -0.215016 -65.4913 -0.179537 0.983745 0.00362768 -3.19561 0.21216 0.0351186 0.976604 416.156
0.960108 0.17985 -0.214117 -65.8427 -0.183161 0.983073 0.00443981 -3.20888 0.211291 0.0349552 0.976798 417.664
0.960658 0.175293 -0.215428 -66.1771 -0.178381 0.983948 0.00518047 -3.23282 0.212878 0.0334516 0.976506 419.199
0.959825 0.180734 -0.21464 -66.5398 -0.184032 0.982909 0.00469009 -3.24339 0.211819 0.0349989 0.976682 420.683
0.959222 0.185127 -0.213592 -66.9376 -0.188964 0.981981 0.0024957 -3.24997 0.210206 0.0379674 0.97692 422.299
0.959218 0.186754 -0.212188 -67.2726 -0.190603 0.981664 0.00235349 -3.26241 0.208737 0.0381861 0.977226 423.661
0.959454 0.186956 -0.210941 -67.5842 -0.190642 0.981655 0.00291066 -3.28071 0.207616 0.0374217 0.977494 425.013
0.959158 0.189778 -0.20976 -67.9406 -0.193538 0.981089 0.00264824 -3.28761 0.206296 0.0380565 0.977749 426.492
0.958926 0.192745 -0.208113 -68.2818 -0.196524 0.980496 0.00256523 -3.30201 0.204548 0.0384393 0.978102 427.898
0.958288 0.197556 -0.206532 -68.7378 -0.201546 0.979477 0.00175553 -3.3061 0.20264 0.0399434 0.978438 429.771
0.957706 0.201304 -0.205609 -69.066 -0.205385 0.97868 0.00152566 -3.31299 0.201532 0.0407679 0.978633 431.163
0.956973 0.204726 -0.205647 -69.4051 -0.209071 0.9779 0.000618106 -3.32254 0.201229 0.0424033 0.978626 432.628
0.956531 0.206064 -0.206361 -69.7759 -0.210981 0.977488 -0.00186262 -3.3293 0.201332 0.04532 0.978474 434.217
0.956131 0.206101 -0.208175 -70.1023 -0.211142 0.977453 -0.00204504 -3.34797 0.20306 0.0459099 0.978089 435.66
0.956904 0.198831 -0.211662 -70.3876 -0.203413 0.979093 0.000131622 -3.37698 0.207263 0.0429288 0.977343 437.075
0.95593 0.201304 -0.213717 -70.7706 -0.205855 0.978582 0.000980653 -3.38808 0.209337 0.0430574 0.976895 438.684
0.954417 0.206233 -0.215767 -71.1818 -0.210974 0.977491 0.00108485 -3.39852 0.211134 0.0444858 0.976444 440.305
0.953206 0.207196 -0.220156 -71.5368 -0.211811 0.977307 0.0027007 -3.41473 0.215719 0.0440571 0.975461 441.837
0.952109 0.207423 -0.224644 -71.8736 -0.212094 0.977243 0.00340892 -3.42799 0.220239 0.0444 0.974435 443.235
0.95129 0.206182 -0.229209 -72.2523 -0.210715 0.977536 0.00479861 -3.44169 0.225049 0.0437328 0.973365 444.765
0.951048 0.200372 -0.235284 -72.5936 -0.204573 0.978829 0.00667939 -3.47336 0.231641 0.0417803 0.971904 446.299
0.949763 0.202869 -0.238316 -72.9719 -0.206965 0.978316 0.00798464 -3.46858 0.234768 0.0417396 0.971155 447.725
0.94893 0.202113 -0.242244 -73.3984 -0.206463 0.978425 0.0075657 -3.48634 0.238547 0.0428353 0.970186 449.374
0.947856 0.204059 -0.244802 -73.8229 -0.20943 0.977815 0.00417686 -3.49177 0.240223 0.0473098 0.969564 450.957
0.946967 0.204071 -0.24821 -74.2534 -0.21027 0.977642 0.00156953 -3.50137 0.242981 0.0507047 0.968705 452.599
0.946547 0.202279 -0.25126 -74.6264 -0.208528 0.978015 0.00179185 -3.51836 0.246098 0.0506988 0.967918 454.035
0.945314 0.206156 -0.252747 -75.0224 -0.212657 0.977126 0.00163256 -3.5233 0.247303 0.0522053 0.967531 455.431
0.946046 0.199918 -0.25501 -75.3852 -0.20625 0.978497 0.00194957 -3.53574 0.249916 0.0507513 0.966936 456.844
0.947108 0.190946 -0.257926 -75.7144 -0.196831 0.980433 0.00306138 -3.56634 0.253464 0.0478685 0.96616 458.175
0.947007 0.192411 -0.257209 -76.1009 -0.197527 0.980279 0.00605348 -3.57302 0.253301 0.0450731 0.966337 459.549
0.947561 0.188505 -0.258058 -76.4906 -0.193531 0.981076 0.00602569 -3.58494 0.254311 0.0442327 0.966111 461.024
0.947278 0.191599 -0.256817 -76.9145 -0.197104 0.980373 0.00438763 -3.59612 0.252617 0.0464632 0.96645 462.537
0.947133 0.194832 -0.254912 -77.3191 -0.201071 0.979575 0.00161402 -3.60824 0.25002 0.0497268 0.966963 464.02
0.947562 0.198107 -0.250759 -77.6982 -0.204668 0.978831 -8.81667e-05 -3.61905 0.245433 0.0514058 0.96805 465.381
0.948966 0.19759 -0.24581 -78.0786 -0.204284 0.97891 -0.00177065 -3.6365 0.240276 0.0518952 0.969316 466.761
0.95018 0.199678 -0.239345 -78.4371 -0.206788 0.978375 -0.00470531 -3.65465 0.23323 0.0539645 0.970923 468.107
0.951539 0.200898 -0.232837 -78.765 -0.208323 0.978031 -0.00748431 -3.6814 0.226219 0.055627 0.972487 469.384
0.952719 0.202873 -0.226204 -79.1033 -0.210684 0.977496 -0.0106746 -3.70411 0.218948 0.0578274 0.974021 470.742
0.954347 0.200874 -0.22107 -79.387 -0.208509 0.977953 -0.0115128 -3.74541 0.213884 0.0570825 0.97519 472.04
0.956156 0.199625 -0.214278 -79.6886 -0.207035 0.978254 -0.0124774 -3.77416 0.207127 0.0562933 0.976693 473.315
0.957958 0.197417 -0.208191 -79.9829 -0.204788 0.978703 -0.0142489 -3.80464 0.200944 0.0562848 0.977984 474.606
0.959211 0.19791 -0.201856 -80.2897 -0.205273 0.978574 -0.0160058 -3.84111 0.194363 0.0567886 0.979284 475.937
0.960003 0.199166 -0.19679 -80.5694 -0.206733 0.978223 -0.0184726 -3.87498 0.188825 0.0584168 0.980272 477.232
0.961303 0.196666 -0.192923 -80.8267 -0.204316 0.978692 -0.0203925 -3.91792 0.184802 0.0590207 0.981002 478.497
0.962781 0.193315 -0.188896 -81.0837 -0.200762 0.979416 -0.0209314 -3.95768 0.180962 0.0580755 0.981774 479.81
0.964286 0.189034 -0.185523 -81.3549 -0.196334 0.980299 -0.0216277 -4.00758 0.177779 0.0572798 0.982402 481.238
0.965091 0.189914 -0.180368 -81.6442 -0.197036 0.980144 -0.0222542 -4.05718 0.17256 0.0570162 0.983347 482.679
0.96537 0.192922 -0.175621 -81.9069 -0.200189 0.979452 -0.024473 -4.10664 0.167291 0.0587828 0.984154 484.021
0.966617 0.191573 -0.170148 -82.1697 -0.19902 0.979604 -0.0276822 -4.15465 0.161375 0.060621 0.98503 485.332
0.968136 0.186456 -0.167172 -82.4023 -0.19388 0.980594 -0.0290976 -4.20499 0.158502 0.0605817 0.985498 486.637
0.968996 0.185228 -0.163515 -82.6242 -0.192287 0.98093 -0.0283119 -4.24737 0.155153 0.0588759 0.986134 487.876
0.969819 0.183261 -0.16083 -82.8371 -0.190244 0.981308 -0.0290147 -4.29915 0.152506 0.0587358 0.986556 489.193
0.970842 0.18035 -0.157922 -83.0456 -0.187327 0.981829 -0.0303411 -4.35652 0.14958 0.0590393 0.986985 490.46
0.971666 0.176486 -0.157219 -83.2185 -0.183589 0.98249 -0.0317481 -4.41634 0.148863 0.0597122 0.987053 491.639
0.973455 0.166465 -0.157084 -83.3834 -0.173257 0.984405 -0.0304896 -4.48373 0.149559 0.0568962 0.987114 492.874
0.974209 0.164347 -0.154616 -83.6006 -0.170919 0.984825 -0.030124 -4.54492 0.147318 0.0557737 0.987515 494.23
0.975166 0.162175 -0.150835 -83.8454 -0.168707 0.985163 -0.0314854 -4.59788 0.143491 0.0561504 0.988057 495.591
0.976209 0.155841 -0.150765 -84.027 -0.162733 0.986069 -0.0344321 -4.66993 0.143299 0.0581474 0.98797 496.906
0.975845 0.16127 -0.147372 -84.2398 -0.168137 0.985131 -0.0353093 -4.72772 0.139487 0.0592351 0.988451 498.141
0.976146 0.162104 -0.144431 -84.4404 -0.168581 0.985111 -0.0337102 -4.79083 0.136816 0.0572544 0.988941 499.434
0.976335 0.163448 -0.141616 -84.6289 -0.169729 0.984925 -0.0333873 -4.8457 0.134025 0.0566336 0.989358 500.656
0.976708 0.163061 -0.13947 -84.8029 -0.169125 0.985052 -0.0327088 -4.90879 0.132052 0.0555348 0.989686 501.864
0.977036 0.162867 -0.137388 -84.9856 -0.169011 0.985019 -0.0342315 -4.96572 0.129755 0.0566655 0.989926 503.061
0.977387 0.161797 -0.136147 -85.1675 -0.168053 0.985131 -0.0357073 -5.02399 0.128345 0.0577797 0.990045 504.312
0.977616 0.161749 -0.134551 -85.3441 -0.168076 0.98508 -0.0369977 -5.08316 0.126559 0.0587842 0.990216 505.554
0.97801 0.15985 -0.133957 -85.5045 -0.166082 0.985431 -0.0366413 -5.14578 0.126148 0.0580833 0.99031 506.771
0.977988 0.161297 -0.132374 -85.6877 -0.167336 0.985251 -0.0357639 -5.21067 0.124653 0.0571276 0.990554 508.044
0.977843 0.163773 -0.130387 -85.8753 -0.169579 0.984907 -0.034668 -5.27763 0.122741 0.0560108 0.990857 509.367
0.976824 0.172173 -0.127163 -86.0805 -0.177923 0.983413 -0.035247 -5.33305 0.118985 0.0570553 0.991255 510.614
0.978211 0.163156 -0.12839 -86.2295 -0.169249 0.984841 -0.0379957 -5.39038 0.120245 0.0588977 0.990996 512.03
0.978495 0.161242 -0.128645 -86.4075 -0.167652 0.985011 -0.0405859 -5.4676 0.120172 0.0612806 0.99086 513.405
0.978642 0.161287 -0.127465 -86.6035 -0.167968 0.984834 -0.0434604 -5.54516 0.118522 0.0639422 0.99089 514.829
0.97903 0.160165 -0.125885 -86.7705 -0.166963 0.984918 -0.0453772 -5.61287 0.116719 0.0654438 0.991006 516.076
0.979603 0.157062 -0.125339 -86.9274 -0.16391 0.985389 -0.0462732 -5.68978 0.11624 0.0658736 0.991034 517.305
