1 0 0 0 0 1 0 0 0 0 1 0
0.999992 -0.000596869 0.00405664 0.00423007 0.000595929 1 0.00023289 -0.0103691 -0.00405678 -0.000230471 0.999992 0.698829
0.999949 0.0025774 0.00973043 -0.000230035 -0.00258772 0.999996 0.00104844 -0.0180247 -0.00972769 -0.00107357 0.999952 1.36492
0.999885 0.00234851 0.0149961 0.00541461 -0.00235134 0.999997 0.000171324 -0.0260073 -0.0149956 -0.000206565 0.999888 2.04186
0.999797 0.00215762 0.0200282 0.0167995 -0.00212677 0.999997 -0.00156141 -0.0376166 -0.0200315 0.00151849 0.999798 2.73383
0.999646 0.00160489 0.0265498 0.0288302 -0.00149191 0.99999 -0.00427465 -0.0492687 -0.0265564 0.00423352 0.999638 3.48775
0.999492 0.00120779 0.0318409 0.0560898 -0.0010159 0.999981 -0.0060419 -0.056463 -0.0318476 0.00600648 0.999475 4.19099
0.99931 -0.00155204 0.0371026 0.090339 0.00178848 0.999978 -0.00634037 -0.0734716 -0.0370919 0.00640235 0.999291 4.91327
0.999104 -0.0011471 0.0422965 0.116203 0.00143281 0.999976 -0.00672515 -0.0818805 -0.0422878 0.00677973 0.999082 5.57365
0.998835 -0.00211486 0.0482039 0.143192 0.00247868 0.999969 -0.00748905 -0.0969913 -0.0481866 0.00759981 0.998809 6.28041
0.998562 -0.00274043 0.0535436 0.175006 0.00320949 0.999957 -0.00867631 -0.113518 -0.0535175 0.00883568 0.998528 6.95551
0.998284 -0.00441227 0.0583985 0.215403 0.00505042 0.999929 -0.0107844 -0.127304 -0.0583468 0.0110608 0.998235 7.61122
0.998043 -0.00391174 0.0624069 0.263513 0.00472921 0.999905 -0.0129567 -0.142684 -0.0623503 0.0132265 0.997967 8.25827
0.997711 -0.00543327 0.0674051 0.305112 0.00633582 0.999893 -0.0131834 -0.155859 -0.0673263 0.0135802 0.997639 8.90349
0.997333 -0.00861068 0.0724729 0.349971 0.00952403 0.999879 -0.0122666 -0.174096 -0.0723585 0.0129241 0.997295 9.54258
0.996991 -0.00583892 0.0773014 0.38979 0.00683442 0.999897 -0.0126199 -0.19185 -0.0772197 0.0131102 0.996928 10.1889
0.996677 -0.00340775 0.0813798 0.436847 0.00460328 0.999884 -0.0145075 -0.206343 -0.081321 0.0148339 0.996578 10.8343
0.99652 -0.00399842 0.0832628 0.496223 0.00552761 0.99982 -0.0181433 -0.225961 -0.0831753 0.0185404 0.996362 11.4904
0.996261 -0.00821587 0.0859997 0.556351 0.0101194 0.999713 -0.0217212 -0.241622 -0.0857966 0.0225102 0.996058 12.1265
0.996039 -0.00927227 0.0884332 0.614108 0.0115441 0.999615 -0.0252132 -0.262068 -0.0881654 0.0261342 0.995763 12.76
0.995834 -0.0116659 0.0904322 0.674956 0.0137725 0.999647 -0.0227068 -0.284979 -0.0901354 0.0238576 0.995644 13.3707
0.995697 -0.0165382 0.0911775 0.737071 0.0186178 0.999585 -0.0220045 -0.309296 -0.0907757 0.0236073 0.995592 13.991
0.995646 -0.0176421 0.0915347 0.808749 0.019653 0.999584 -0.0211136 -0.33094 -0.0911241 0.0228206 0.995578 14.6422
0.995447 -0.020564 0.0930681 0.864239 0.0226511 0.999514 -0.0214252 -0.351013 -0.0925822 0.0234358 0.995429 15.2683
0.995439 -0.0224081 0.0927299 0.923169 0.0244743 0.999476 -0.021205 -0.367187 -0.0922062 0.0233778 0.995465 15.8973
0.995581 -0.0218678 0.0913223 0.984844 0.023752 0.999526 -0.0195961 -0.391447 -0.0908504 0.0216786 0.995629 16.5267
0.995652 -0.0243137 0.0899196 1.04694 0.0262316 0.999452 -0.0202086 -0.416812 -0.0893789 0.0224795 0.995744 17.1607
0.995739 -0.0264887 0.0883307 1.11063 0.0284046 0.999386 -0.020504 -0.435847 -0.0877334 0.0229256 0.99588 17.8003
0.995723 -0.0264526 0.0885167 1.157 0.0285515 0.999338 -0.0225306 -0.450317 -0.0878622 0.0249616 0.99582 18.4189
0.995751 -0.0305037 0.0868917 1.22188 0.0325368 0.999227 -0.0220782 -0.468362 -0.086151 0.0248115 0.995973 19.0409
0.995726 -0.0305656 0.0871478 1.26849 0.0324505 0.999267 -0.0202943 -0.490745 -0.0864636 0.0230356 0.995989 19.6773
0.995732 -0.031397 0.0867902 1.32891 0.0330983 0.999286 -0.0182333 -0.513043 -0.0861557 0.0210281 0.99606 20.3184
0.995797 -0.0293933 0.0867487 1.38172 0.0310698 0.999354 -0.018039 -0.535151 -0.0861624 0.0206585 0.996067 20.9739
0.995813 -0.0303703 0.086226 1.44776 0.0321621 0.999293 -0.0194674 -0.555755 -0.0855738 0.0221591 0.996085 21.6375
0.995849 -0.032127 0.0851645 1.52033 0.0341559 0.999164 -0.0224742 -0.576814 -0.0843713 0.0252898 0.996113 22.2949
0.995853 -0.0300334 0.0858739 1.57358 0.032412 0.999125 -0.0264399 -0.598664 -0.0850046 0.0291136 0.995955 22.9419
0.995964 -0.0249975 0.086205 1.62133 0.0272818 0.999304 -0.0254226 -0.626376 -0.0855095 0.0276718 0.995953 23.5513
0.99598 -0.0247842 0.0860803 1.67306 0.0270435 0.999317 -0.0251799 -0.654562 -0.0853974 0.0274066 0.99597 24.1773
0.99584 -0.0319156 0.0853492 1.737 0.0338222 0.999207 -0.0209866 -0.679907 -0.0846118 0.023786 0.99613 24.8038
0.995786 -0.03648 0.0841381 1.8034 0.0382557 0.999076 -0.0195886 -0.704187 -0.0833458 0.0227248 0.996262 25.4429
0.995553 -0.0430904 0.0837716 1.87087 0.0447752 0.998829 -0.0183377 -0.728916 -0.0828833 0.022007 0.996316 26.0788
0.995446 -0.0472196 0.082811 1.94042 0.0489682 0.998616 -0.0192122 -0.750972 -0.0817892 0.0231798 0.99638 26.7232
0.995337 -0.049478 0.0828071 1.99753 0.0516046 0.998385 -0.0237391 -0.774245 -0.0814988 0.0279016 0.996283 27.3782
0.995262 -0.0504149 0.0831435 2.05339 0.0527927 0.99825 -0.0266518 -0.794276 -0.0816544 0.0309149 0.996181 27.9969
0.995095 -0.0520178 0.0841433 2.1082 0.0544733 0.998146 -0.0271529 -0.814328 -0.0825749 0.0316033 0.996084 28.6139
0.994998 -0.0530635 0.08464 2.17172 0.0553837 0.998144 -0.0253034 -0.838798 -0.0831402 0.0298645 0.99609 29.2254
0.995055 -0.0492358 0.0862595 2.2154 0.0514367 0.9984 -0.0234794 -0.863858 -0.0849655 0.0278002 0.995996 29.8365
0.995084 -0.0468425 0.0872521 2.27204 0.0492222 0.998467 -0.0253245 -0.889501 -0.085932 0.0294948 0.995864 30.474
0.995007 -0.0474515 0.0878048 2.33027 0.0498757 0.998427 -0.0256222 -0.913088 -0.0864508 0.0298736 0.995808 31.0934
0.994897 -0.04688 0.0893399 2.38275 0.0492607 0.998482 -0.024631 -0.934333 -0.0880496 0.0289062 0.995697 31.7067
0.99472 -0.0489663 0.0901907 2.44652 0.0510228 0.998484 -0.0206366 -0.959542 -0.0890435 0.0251294 0.995711 32.3204
0.994516 -0.0508675 0.0913846 2.512 0.0529601 0.998384 -0.0206196 -0.983912 -0.090188 0.0253462 0.995602 32.9759
0.994351 -0.0520241 0.0925127 2.58358 0.0543217 0.99827 -0.0224923 -1.00665 -0.0911825 0.0273907 0.995457 33.6937
0.994166 -0.049439 0.0958651 2.62738 0.0520463 0.998334 -0.0248885 -1.02894 -0.0944749 0.0297327 0.995083 34.3722
0.993829 -0.0539011 0.0969416 2.70605 0.0566962 0.998045 -0.0263109 -1.05246 -0.0953338 0.0316447 0.994942 35.0702
0.993653 -0.0547697 0.0982525 2.77989 0.0575556 0.99801 -0.0257458 -1.07727 -0.0966469 0.0312374 0.994828 35.7593
0.993352 -0.0557214 0.10073 2.85437 0.0587252 0.997906 -0.0271025 -1.10022 -0.0990091 0.0328378 0.994545 36.5105
0.993128 -0.0574596 0.10196 2.93265 0.0605216 0.997796 -0.0271945 -1.12919 -0.100173 0.0331784 0.994417 37.2192
0.992736 -0.0611122 0.103633 3.02734 0.0643702 0.997522 -0.0283865 -1.15931 -0.101641 0.0348511 0.99421 37.95
0.992528 -0.0610144 0.105671 3.11142 0.0645484 0.997453 -0.0303499 -1.18527 -0.10355 0.036944 0.993938 38.6839
0.992237 -0.0614334 0.10813 3.19679 0.0652259 0.997361 -0.0318902 -1.21316 -0.105885 0.0386954 0.993625 39.4136
0.992162 -0.0532359 0.113051 3.23872 0.0571373 0.997868 -0.0315522 -1.24158 -0.11113 0.0377643 0.993088 40.1193
0.991647 -0.0569712 0.115715 3.33532 0.0608524 0.997687 -0.0302866 -1.27356 -0.113722 0.0370751 0.992821 40.8703
0.991385 -0.0560811 0.118366 3.41862 0.0600219 0.997746 -0.0299929 -1.30441 -0.116417 0.036839 0.992517 41.5939
0.991011 -0.0583097 0.120406 3.52766 0.0626406 0.997507 -0.0325002 -1.33428 -0.118211 0.0397503 0.992193 42.3384
0.990749 -0.057061 0.123125 3.62035 0.0618603 0.997453 -0.0355116 -1.3618 -0.120785 0.0427997 0.991756 43.056
0.989982 -0.0604437 0.1276 3.70509 0.0654814 0.997216 -0.0356581 -1.39381 -0.12509 0.0436563 0.991185 43.7979
0.989379 -0.0642005 0.130416 3.80467 0.0692416 0.997004 -0.0344898 -1.42713 -0.127811 0.0431536 0.990859 44.4858
0.988824 -0.0655981 0.133883 3.90216 0.070536 0.996981 -0.0324737 -1.46013 -0.131349 0.0415543 0.990465 45.2366
0.988167 -0.067562 0.137702 4.01877 0.0728603 0.996769 -0.0338011 -1.49521 -0.134973 0.0434341 0.989897 46.0958
0.987764 -0.0694889 0.139621 4.14379 0.0748149 0.996643 -0.0332604 -1.53627 -0.136841 0.0432992 0.989646 46.8823
0.987271 -0.0705058 0.142564 4.26594 0.0759933 0.996548 -0.0334137 -1.56875 -0.139716 0.0438223 0.989221 47.674
0.986939 -0.0693393 0.145411 4.37086 0.0748765 0.996648 -0.0329523 -1.60288 -0.142639 0.0434098 0.988822 48.3848
0.986439 -0.0686378 0.149087 4.47473 0.0743632 0.996679 -0.033168 -1.62995 -0.146315 0.0438048 0.988268 49.1036
0.985953 -0.0694776 0.151886 4.58962 0.0754974 0.996558 -0.0342255 -1.66126 -0.148985 0.0452118 0.987805 49.8228
0.985366 -0.0706712 0.15511 4.70376 0.0768825 0.996446 -0.03441 -1.69918 -0.152127 0.0458317 0.987298 50.5722
0.985071 -0.0725673 0.156107 4.83587 0.0786304 0.996357 -0.0330132 -1.73152 -0.153143 0.0447952 0.987188 51.2928
0.984603 -0.0745681 0.158106 4.96409 0.0801163 0.996363 -0.0290043 -1.76627 -0.155368 0.0412245 0.986996 52.0719
0.983927 -0.0789725 0.160161 5.09234 0.0844004 0.996056 -0.027365 -1.79776 -0.157368 0.0404428 0.986712 52.8185
0.983485 -0.0795726 0.162559 5.22555 0.0854249 0.995913 -0.0293234 -1.82974 -0.159561 0.0427257 0.986263 53.5678
0.982858 -0.0806301 0.165799 5.35516 0.0873147 0.99562 -0.0334201 -1.85813 -0.162378 0.0473239 0.985593 54.3437
0.982474 -0.0790456 0.168807 5.46321 0.0864814 0.995561 -0.0371491 -1.88461 -0.165122 0.0510967 0.984949 55.0167
0.981948 -0.0822649 0.170327 5.5901 0.089763 0.995284 -0.0367861 -1.91664 -0.166498 0.0514111 0.984701 55.6714
0.981246 -0.0836462 0.173667 5.70044 0.0911863 0.995187 -0.0358877 -1.94376 -0.16983 0.0510508 0.98415 56.3294
0.98035 -0.0899652 0.175556 5.82742 0.0973856 0.994662 -0.0341029 -1.97519 -0.171551 0.0505295 0.983879 56.9721
0.980205 -0.0881884 0.177258 5.95687 0.0956802 0.994826 -0.0341543 -2.00675 -0.173329 0.0504383 0.983572 57.6465
0.979974 -0.0854382 0.179862 6.07011 0.0929691 0.995093 -0.0338504 -2.03662 -0.176088 0.0498942 0.983109 58.282
0.979301 -0.0875045 0.182515 6.19475 0.0956288 0.994759 -0.0361808 -2.06896 -0.178392 0.0528856 0.982537 58.9368
0.978877 -0.0887393 0.184189 6.32338 0.0973054 0.994529 -0.0379835 -2.09834 -0.179811 0.0551037 0.982157 59.5746
0.978128 -0.0884746 0.188248 6.43475 0.0975439 0.994449 -0.0394531 -2.13023 -0.183712 0.0569527 0.981329 60.2084
0.977814 -0.0884128 0.189904 6.56374 0.0974224 0.994493 -0.0386246 -2.15904 -0.185443 0.0562686 0.981043 60.855
0.977459 -0.0890682 0.191418 6.68861 0.0977751 0.994538 -0.0365141 -2.18941 -0.18712 0.0544069 0.980829 61.4759
0.97693 -0.090847 0.193274 6.81438 0.0995869 0.994378 -0.0359753 -2.22236 -0.18892 0.0543929 0.980485 62.0927
0.976554 -0.0901197 0.195502 6.93772 0.0991245 0.994396 -0.0367551 -2.25294 -0.191094 0.0552724 0.980014 62.729
0.97606 -0.0908704 0.19761 7.06785 0.100252 0.994237 -0.0379807 -2.28 -0.193019 0.0568822 0.979545 63.3594
0.975418 -0.0906257 0.200866 7.18957 0.100014 0.994295 -0.0370743 -2.31309 -0.19636 0.0562524 0.978917 64.0055
0.975004 -0.0892778 0.20346 7.31637 0.0985586 0.994482 -0.0359274 -2.34806 -0.19913 0.0550821 0.978424 64.6671
0.974509 -0.088443 0.206178 7.44785 0.0980689 0.994494 -0.0369243 -2.37921 -0.201777 0.0562027 0.977818 65.2998
0.973613 -0.0940503 0.207926 7.60236 0.104038 0.993862 -0.0376092 -2.41098 -0.203112 0.0582491 0.977421 65.9429
0.97257 -0.0975923 0.211146 7.73983 0.10827 0.993333 -0.0395879 -2.44295 -0.205875 0.0613628 0.976653 66.5731
0.971915 -0.0979954 0.213957 7.87935 0.109048 0.993213 -0.0404523 -2.47767 -0.20854 0.0626477 0.976005 67.1896
0.971034 -0.10077 0.216653 8.01518 0.112027 0.992888 -0.0402899 -2.50606 -0.211052 0.0633939 0.975417 67.782
0.97056 -0.102637 0.217898 8.1636 0.113882 0.992703 -0.0396534 -2.54048 -0.212238 0.0633005 0.975166 68.3746
0.969882 -0.101376 0.221479 8.29437 0.112561 0.992901 -0.0384459 -2.5745 -0.216009 0.0622179 0.974407 68.9655
0.968763 -0.103161 0.225512 8.42954 0.114422 0.992728 -0.0374126 -2.60357 -0.220013 0.0620475 0.973522 69.548
0.96801 -0.100561 0.229876 8.56568 0.111963 0.993021 -0.0370708 -2.63115 -0.224544 0.0616225 0.972514 70.1428
0.967125 -0.0992497 0.234132 8.70165 0.110151 0.993336 -0.0339188 -2.65916 -0.229206 0.0585936 0.971613 70.7082
0.966432 -0.0986075 0.237247 8.84811 0.109126 0.993526 -0.0315846 -2.6891 -0.232596 0.0564141 0.970936 71.297
0.965135 -0.102973 0.240649 9.00465 0.113288 0.993127 -0.0293928 -2.72145 -0.235968 0.0556307 0.970167 71.8846
0.963772 -0.103077 0.246006 9.14782 0.114297 0.99294 -0.0317341 -2.74686 -0.240999 0.0587021 0.968749 72.4849
0.962592 -0.0987391 0.252323 9.28286 0.11069 0.993288 -0.0335782 -2.7727 -0.247314 0.0602517 0.96706 73.0751
0.961477 -0.10032 0.255927 9.44915 0.112504 0.99309 -0.0333808 -2.80098 -0.25081 0.0608877 0.96612 73.6761
0.960242 -0.10075 0.260356 9.60518 0.112541 0.993171 -0.0307445 -2.82848 -0.255481 0.0588229 0.965023 74.2949
0.958959 -0.100615 0.265092 9.77095 0.111929 0.993325 -0.0278847 -2.86265 -0.260516 0.0564117 0.96382 74.9168
0.957651 -0.0998361 0.270068 9.93507 0.111435 0.993379 -0.0279228 -2.889 -0.265492 0.0568354 0.962436 75.5333
0.956391 -0.0981501 0.275106 10.1015 0.110558 0.993419 -0.029926 -2.91796 -0.270359 0.0590363 0.960948 76.1525
0.954827 -0.0987281 0.280282 10.2793 0.111802 0.993247 -0.0310067 -2.95104 -0.275328 0.0609422 0.959417 76.7901
0.953411 -0.100874 0.284309 10.4609 0.113939 0.993042 -0.0297515 -2.97729 -0.279329 0.0607592 0.958271 77.3845
0.951901 -0.102145 0.288878 10.6432 0.114503 0.993078 -0.0261631 -3.00395 -0.284206 0.0579822 0.957008 78.0037
0.950625 -0.102236 0.293018 10.8417 0.113787 0.993248 -0.022604 -3.03142 -0.288729 0.0548296 0.95584 78.652
0.949283 -0.100238 0.298018 11.0199 0.112294 0.993396 -0.0235661 -3.05438 -0.293688 0.0558366 0.954269 79.2391
0.94729 -0.101172 0.303984 11.2191 0.114613 0.993053 -0.0266536 -3.07787 -0.299175 0.060089 0.952304 79.8579
0.945966 -0.0969954 0.309419 11.4081 0.11165 0.993296 -0.029965 -3.10297 -0.304438 0.0628923 0.950454 80.4476
0.944641 -0.0917993 0.315003 11.5809 0.106452 0.993877 -0.0295914 -3.12944 -0.310358 0.0614858 0.948629 81.0037
0.943379 -0.0896631 0.31937 11.7616 0.103884 0.994203 -0.0277382 -3.15402 -0.315032 0.0593451 0.947224 81.5579
0.941609 -0.0948713 0.323066 11.9666 0.108393 0.993816 -0.0240802 -3.17527 -0.318784 0.0576924 0.94607 82.1351
0.940076 -0.099936 0.325989 12.1915 0.113321 0.993309 -0.0222814 -3.19662 -0.321581 0.0578878 0.945111 82.7353
0.938614 -0.0953958 0.331517 12.3863 0.108546 0.993862 -0.0213343 -3.22381 -0.327447 0.0560096 0.943208 83.3415
0.93694 -0.0940088 0.336609 12.5877 0.10757 0.993958 -0.0218228 -3.2482 -0.332524 0.0566556 0.941392 83.9348
0.935759 -0.0932742 0.340081 12.7919 0.107231 0.993981 -0.0224354 -3.26894 -0.335941 0.0574614 0.940129 84.5171
0.934222 -0.0886361 0.345505 12.9705 0.102273 0.994526 -0.0214024 -3.2918 -0.341717 0.0553304 0.938173 85.0779
0.93282 -0.0903636 0.348828 13.179 0.103783 0.9944 -0.0199345 -3.30896 -0.345073 0.0547979 0.936975 85.6363
0.931428 -0.0891004 0.35285 13.3842 0.102907 0.994479 -0.0205249 -3.33361 -0.349073 0.0554283 0.935455 86.21
0.929796 -0.0902153 0.356849 13.6095 0.103837 0.99441 -0.0191562 -3.35757 -0.353126 0.0548654 0.933966 86.796
0.928783 -0.0890484 0.359767 13.8373 0.103568 0.994396 -0.0212435 -3.38147 -0.355859 0.0569909 0.9328 87.3857
0.927688 -0.0868318 0.363119 14.0531 0.101818 0.994553 -0.0222969 -3.40379 -0.359205 0.0576565 0.931476 87.9648
0.926364 -0.0863775 0.366591 14.2894 0.101956 0.994516 -0.0233076 -3.42798 -0.362567 0.0589673 0.93009 88.5793
0.924938 -0.0874401 0.369925 14.5142 0.102791 0.994461 -0.0219483 -3.45056 -0.365957 0.0583257 0.928802 89.1761
0.923845 -0.0862111 0.372932 14.7981 0.10142 0.994615 -0.021316 -3.47955 -0.369086 0.0575154 0.927614 89.9114
0.922955 -0.0848897 0.375429 15.0408 0.0992604 0.994879 -0.0190662 -3.51061 -0.371888 0.0548625 0.926655 90.5634
0.922656 -0.0820073 0.376804 15.2721 0.0965495 0.995131 -0.0198352 -3.53497 -0.373343 0.0546814 0.92608 91.1721
0.921824 -0.0818547 0.378868 15.5077 0.0966897 0.995108 -0.020262 -3.55495 -0.375356 0.0553107 0.925229 91.7667
0.921623 -0.0821583 0.379289 15.776 0.0970792 0.995069 -0.0203468 -3.57729 -0.375747 0.0555732 0.925054 92.4228
0.921665 -0.0843953 0.378697 16.0162 0.0991223 0.994884 -0.019525 -3.60069 -0.375111 0.0555328 0.925315 93.0293
0.922649 -0.0834241 0.376509 16.2387 0.0985132 0.994915 -0.0209645 -3.62345 -0.372845 0.056434 0.926176 93.5755
0.923945 -0.0859295 0.37275 16.4951 0.101754 0.994545 -0.0229488 -3.63914 -0.368744 0.0591321 0.927648 94.1488
0.924347 -0.0917727 0.370352 16.7476 0.108403 0.99381 -0.0242941 -3.66115 -0.36583 0.0626034 0.928574 94.7568
0.924357 -0.0963516 0.369161 16.987 0.113015 0.99331 -0.0237272 -3.67989 -0.364405 0.0636531 0.929063 95.3399
0.924651 -0.0914464 0.369673 17.1942 0.107538 0.993932 -0.023112 -3.70923 -0.365317 0.0611246 0.928874 95.9002
0.924574 -0.089031 0.370453 17.3908 0.105326 0.994149 -0.0239477 -3.73066 -0.366154 0.0611598 0.928542 96.4401
0.924814 -0.0886206 0.369954 17.6055 0.105631 0.994067 -0.0259341 -3.75356 -0.365461 0.0630629 0.928688 96.9827
0.92506 -0.0864149 0.369859 17.8169 0.103989 0.99419 -0.0278043 -3.77109 -0.365308 0.0641822 0.928672 97.5171
0.924692 -0.0872795 0.370576 18.0316 0.104849 0.994108 -0.0274921 -3.79317 -0.365993 0.0642764 0.928395 98.0644
0.92496 -0.0889428 0.36951 18.2394 0.105738 0.994069 -0.0254081 -3.8165 -0.365059 0.0625729 0.928879 98.5827
0.924894 -0.0875502 0.370009 18.4336 0.103338 0.99438 -0.0230219 -3.8396 -0.365914 0.0595288 0.928743 99.0957
0.924487 -0.0916265 0.370039 18.6445 0.107111 0.994015 -0.0214705 -3.85898 -0.365857 0.0594846 0.928768 99.6267
0.923994 -0.0951894 0.370369 18.857 0.109833 0.993776 -0.0185985 -3.87803 -0.366293 0.0578637 0.928699 100.171
0.923459 -0.0981405 0.370935 19.0738 0.112943 0.993432 -0.0183393 -3.896 -0.366699 0.0588302 0.928478 100.709
0.922983 -0.09576 0.372737 19.2777 0.111253 0.993586 -0.0202263 -3.91466 -0.368409 0.0601367 0.927717 101.242
0.922388 -0.0935356 0.374769 19.4844 0.110948 0.993509 -0.0251041 -3.9353 -0.369988 0.0647355 0.926778 101.78
0.921455 -0.0952009 0.376639 19.6895 0.113493 0.993182 -0.0266223 -3.95525 -0.371537 0.0672772 0.925977 102.288
0.921184 -0.092993 0.377852 19.8914 0.111408 0.993405 -0.0271206 -3.96967 -0.372838 0.0670788 0.925469 102.786
0.920857 -0.0924447 0.378783 20.0992 0.109431 0.993716 -0.0235135 -3.9905 -0.374229 0.0631032 0.925187 103.279
0.920057 -0.0888327 0.381581 20.3008 0.105093 0.99422 -0.0219405 -4.01571 -0.377426 0.0602879 0.924075 103.791
0.918444 -0.0898465 0.385212 20.5033 0.106388 0.994086 -0.0217959 -4.03404 -0.380976 0.0610001 0.922571 104.299
0.917409 -0.0895089 0.387749 20.72 0.108077 0.993795 -0.0262988 -4.05874 -0.382989 0.0660335 0.92139 104.803
0.915875 -0.0875388 0.391803 20.9376 0.107833 0.993715 -0.0300491 -4.08237 -0.38671 0.0697707 0.919558 105.327
0.914926 -0.0829063 0.395015 21.1598 0.103801 0.99409 -0.031781 -4.10708 -0.390046 0.0700803 0.918125 105.874
0.914053 -0.0839345 0.396816 21.4138 0.104721 0.994019 -0.0309666 -4.12886 -0.391843 0.06986 0.917376 106.46
0.913358 -0.0870531 0.397742 21.6766 0.107181 0.993828 -0.0286089 -4.15286 -0.392797 0.0687606 0.917051 107.043
0.911889 -0.0924155 0.399898 21.9253 0.112355 0.993311 -0.0266528 -4.17785 -0.394759 0.0692351 0.916172 107.598
0.910975 -0.0940101 0.401604 22.25 0.114869 0.992983 -0.0281186 -4.20869 -0.396142 0.0717473 0.915382 108.335
0.909549 -0.096322 0.404281 22.6913 0.11724 0.99273 -0.0272426 -4.2524 -0.398718 0.0721764 0.914229 109.354
0.908938 -0.095549 0.405835 22.9823 0.116629 0.992796 -0.0274702 -4.28018 -0.400287 0.0723011 0.913533 110.022
0.908418 -0.0998105 0.405974 23.323 0.121878 0.992127 -0.0287985 -4.30615 -0.399903 0.0756403 0.913431 110.74
0.907822 -0.0997086 0.40733 23.618 0.123316 0.99185 -0.0320459 -4.34005 -0.400815 0.0793223 0.912719 111.413
0.907059 -0.101729 0.408527 24.0452 0.12749 0.991177 -0.0362505 -4.37599 -0.401235 0.0849646 0.912026 112.336
0.906669 -0.0994133 0.40996 24.3499 0.125668 0.991362 -0.0375271 -4.4058 -0.402689 0.0855435 0.911331 113.016
0.905959 -0.100113 0.411358 24.5971 0.126009 0.991367 -0.0362466 -4.43166 -0.404178 0.0846729 0.910753 113.572
0.905786 -0.0956944 0.412789 24.9012 0.121049 0.992006 -0.035649 -4.46659 -0.406078 0.0822582 0.910129 114.267
0.905316 -0.093952 0.414218 25.2328 0.120235 0.992026 -0.0377776 -4.50659 -0.407366 0.0840044 0.909393 115.007
0.904697 -0.0939808 0.415561 25.6365 0.121521 0.991772 -0.0402637 -4.54832 -0.408358 0.0869257 0.908674 115.906
0.904274 -0.0938919 0.416501 25.9125 0.122275 0.99161 -0.041934 -4.57744 -0.409069 0.0888472 0.908168 116.51
0.903924 -0.0953223 0.416936 26.1724 0.123406 0.991515 -0.0408594 -4.60795 -0.409504 0.088386 0.908017 117.07
0.903904 -0.0953595 0.416971 26.4276 0.12314 0.991576 -0.0401722 -4.63826 -0.409628 0.0876577 0.908032 117.623
0.903665 -0.0962374 0.417286 26.6856 0.123914 0.991499 -0.039679 -4.66993 -0.40992 0.0875642 0.907908 118.177
0.903331 -0.0944621 0.418413 26.9296 0.121975 0.991749 -0.0394374 -4.69501 -0.411235 0.0866609 0.9074 118.728
0.902838 -0.0955347 0.419233 27.1758 0.121904 0.991871 -0.0364983 -4.72599 -0.412338 0.0840581 0.907145 119.262
0.902021 -0.0949787 0.421114 27.4483 0.120538 0.992111 -0.034429 -4.75897 -0.414522 0.081816 0.906354 119.868
0.901017 -0.0952022 0.423208 27.7159 0.121 0.992055 -0.0344444 -4.78986 -0.416566 0.0822431 0.905378 120.45
0.900275 -0.0931537 0.425238 27.9874 0.119309 0.992232 -0.0352298 -4.82227 -0.418653 0.0824514 0.904396 121.038
0.899785 -0.0888318 0.427196 28.2591 0.116075 0.992509 -0.0381006 -4.8502 -0.420612 0.0838693 0.903356 121.635
0.899306 -0.089859 0.427989 28.5459 0.117791 0.992265 -0.0391734 -4.88666 -0.421159 0.085642 0.902934 122.223
0.898747 -0.0898282 0.429168 28.843 0.117789 0.992273 -0.0389795 -4.91965 -0.422351 0.0855841 0.902383 122.853
0.89782 -0.0897466 0.431121 29.1253 0.116916 0.992457 -0.0368811 -4.95119 -0.424559 0.0835177 0.90154 123.459
0.897147 -0.0893055 0.432611 29.3927 0.115776 0.992652 -0.0351781 -4.98436 -0.426291 0.0816457 0.900894 124.036
0.896541 -0.0880944 0.434112 29.6818 0.114976 0.992716 -0.0360008 -5.01885 -0.427778 0.0821889 0.900139 124.658
0.896368 -0.0847744 0.435129 29.9413 0.11296 0.992823 -0.0392712 -5.04689 -0.428677 0.0843538 0.899511 125.221
0.896134 -0.0833949 0.435877 30.2045 0.112685 0.992754 -0.0417324 -5.07732 -0.429239 0.0865147 0.899038 125.796
0.896858 -0.0828152 0.434497 30.4616 0.112106 0.992801 -0.0421733 -5.10873 -0.427876 0.0865332 0.899685 126.324
0.897609 -0.0829593 0.432915 30.7146 0.111847 0.992852 -0.0416442 -5.14091 -0.426366 0.0858004 0.900472 126.858
0.898674 -0.0831754 0.43066 30.9764 0.111445 0.992933 -0.0407859 -5.17513 -0.424224 0.0846479 0.901592 127.407
0.899529 -0.0832888 0.428849 31.2184 0.110395 0.993135 -0.0386764 -5.20746 -0.422684 0.0821332 0.902548 127.936
0.901318 -0.0840283 0.424929 31.4842 0.110344 0.99318 -0.037652 -5.2379 -0.418867 0.0808246 0.904443 128.489
0.902851 -0.0841209 0.421644 31.7444 0.110096 0.99321 -0.0375933 -5.26724 -0.415619 0.0803627 0.905982 129.043
0.904012 -0.0830721 0.419357 31.993 0.108791 0.993348 -0.0377463 -5.29531 -0.413432 0.0797455 0.907036 129.603
0.905684 -0.0835014 0.415649 32.2513 0.109151 0.993287 -0.0382909 -5.32419 -0.409662 0.080048 0.908719 130.176
0.907152 -0.0820454 0.412728 32.5038 0.107461 0.993456 -0.0387067 -5.35769 -0.406851 0.0794652 0.910032 130.768
0.908827 -0.083771 0.408675 32.7681 0.109048 0.993275 -0.0389006 -5.39294 -0.402668 0.0799189 0.911851 131.382
0.911034 -0.086862 0.403077 33.0431 0.112469 0.99284 -0.0402471 -5.42118 -0.396695 0.0820001 0.91428 131.983
0.912643 -0.0854278 0.399731 33.3028 0.111281 0.992907 -0.0418722 -5.45351 -0.393318 0.0826967 0.915676 132.601
0.914423 -0.0822724 0.39631 33.5537 0.108178 0.993183 -0.0434234 -5.49046 -0.390035 0.0825794 0.917089 133.221
0.916056 -0.0821954 0.392536 33.8091 0.108992 0.992958 -0.0464312 -5.5252 -0.385955 0.0853167 0.918564 133.831
0.917457 -0.0821846 0.389254 34.0503 0.109192 0.992874 -0.0477312 -5.56543 -0.382557 0.0862946 0.919893 134.413
0.918943 -0.0805172 0.386085 34.2839 0.107994 0.992894 -0.0499775 -5.5933 -0.379317 0.0876215 0.921109 134.971
0.920222 -0.0782179 0.383501 34.512 0.105248 0.993189 -0.0499779 -5.63008 -0.37698 0.0863535 0.922187 135.552
0.921591 -0.0794704 0.37994 34.7546 0.105435 0.993268 -0.0479889 -5.66792 -0.373568 0.0842852 0.923766 136.148
0.922738 -0.0818867 0.376629 34.9835 0.107367 0.993102 -0.0471274 -5.7037 -0.370172 0.0839237 0.925165 136.71
0.924173 -0.075916 0.374353 35.2147 0.101048 0.993726 -0.0479387 -5.74633 -0.368365 0.0821312 0.926046 137.355
0.925689 -0.0774863 0.370263 35.4697 0.103064 0.993429 -0.0497696 -5.7863 -0.363974 0.0842319 0.927593 137.991
0.927366 -0.0764153 0.366269 35.6855 0.102401 0.993382 -0.0520203 -5.82234 -0.359869 0.085748 0.929054 138.55
0.928799 -0.0772693 0.362439 35.9041 0.102968 0.993319 -0.0521007 -5.85813 -0.355991 0.0857106 0.93055 139.12
0.930814 -0.0772637 0.357234 36.1333 0.102921 0.993258 -0.0533474 -5.89926 -0.350703 0.0864233 0.93249 139.713
0.932706 -0.0748787 0.352779 36.3368 0.100077 0.993529 -0.053711 -5.94037 -0.346474 0.0854016 0.934164 140.28
0.934174 -0.0771663 0.348375 36.5522 0.10279 0.993145 -0.0556493 -5.97685 -0.341692 0.0877957 0.935702 140.856
0.9356 -0.0754461 0.344905 36.753 0.100659 0.993357 -0.0557591 -6.01945 -0.338407 0.086886 0.93698 141.45
0.937143 -0.0742469 0.340955 36.9732 0.0986387 0.993616 -0.0547453 -6.06392 -0.334713 0.0849355 0.938484 142.078
0.938639 -0.0751567 0.336613 37.1862 0.0986798 0.993691 -0.053302 -6.10809 -0.330483 0.0832482 0.940133 142.684
0.940355 -0.0734429 0.332172 37.3942 0.0965481 0.993885 -0.0535739 -6.14927 -0.326206 0.082449 0.941696 143.3
0.941396 -0.0735746 0.329181 37.6049 0.0963341 0.993918 -0.0533488 -6.19224 -0.323254 0.0819337 0.942759 143.939
0.94266 -0.0759016 0.32501 37.8294 0.0986164 0.993661 -0.0539716 -6.23652 -0.318853 0.0829282 0.944169 144.574
0.943754 -0.0741194 0.322234 38.0301 0.0965878 0.993843 -0.0542838 -6.27933 -0.316226 0.0823544 0.945103 145.195
0.944948 -0.0763932 0.318177 38.2556 0.0990894 0.993516 -0.055744 -6.32334 -0.311855 0.0842032 0.946391 145.872
0.946345 -0.0762993 0.314022 38.4482 0.0986885 0.993541 -0.0560051 -6.36809 -0.307721 0.0839905 0.947762 146.486
0.947698 -0.0777057 0.309565 38.6398 0.0997574 0.993433 -0.0560284 -6.42065 -0.303179 0.0839795 0.949226 147.096
0.948903 -0.0752436 0.306465 38.8243 0.0973932 0.993577 -0.0576128 -6.46651 -0.300162 0.0845166 0.950137 147.724
0.949943 -0.0740415 0.303524 39.0086 0.0961255 0.993651 -0.0584543 -6.51553 -0.297269 0.0847046 0.951029 148.348
0.951175 -0.0709391 0.300388 39.199 0.0926776 0.993963 -0.05873 -6.56473 -0.294408 0.0837018 0.952007 148.998
0.952379 -0.0711869 0.296491 39.3903 0.0926251 0.993959 -0.05888 -6.61133 -0.290508 0.0835385 0.953219 149.619
0.953468 -0.0700137 0.293253 39.5722 0.0910642 0.994111 -0.0587387 -6.65797 -0.287414 0.0827103 0.954229 150.254
0.95434 -0.0699276 0.290424 39.7496 0.0904905 0.994209 -0.0579705 -6.70552 -0.284688 0.0816042 0.95514 150.879
0.955281 -0.0710184 0.287046 39.9461 0.0912614 0.994151 -0.057751 -6.75708 -0.281265 0.0813646 0.956174 151.535
0.956007 -0.0705205 0.28474 40.1409 0.0908171 0.994136 -0.058702 -6.80544 -0.278931 0.0819788 0.956806 152.2
0.956294 -0.0693331 0.284068 40.3193 0.0899669 0.994122 -0.0602295 -6.8556 -0.278223 0.0831538 0.95691 152.828
0.956642 -0.0703708 0.282639 40.5111 0.0910364 0.993999 -0.0606449 -6.90295 -0.276676 0.0837459 0.957307 153.475
0.956663 -0.07091 0.282432 40.6917 0.0916023 0.993942 -0.0607299 -6.95171 -0.276414 0.0839694 0.957363 154.106
0.956497 -0.0719515 0.282732 40.8757 0.0923079 0.993961 -0.0593325 -7.00015 -0.276756 0.0828497 0.957362 154.728
0.956013 -0.0717915 0.284402 41.0641 0.0918044 0.994106 -0.0576571 -7.05436 -0.278587 0.0812303 0.95697 155.392
0.955727 -0.0732921 0.284982 41.2434 0.0929672 0.994086 -0.0561179 -7.10215 -0.279184 0.0801274 0.956889 156.015
0.955371 -0.0750564 0.285714 41.4238 0.0947813 0.993932 -0.0558266 -7.15072 -0.27979 0.0804155 0.956687 156.646
0.95535 -0.077787 0.285053 41.6213 0.0976735 0.99363 -0.0562031 -7.19978 -0.278866 0.0815358 0.956862 157.283
0.955132 -0.0796421 0.285271 41.8052 0.0998821 0.99336 -0.0570942 -7.24863 -0.278829 0.083026 0.956745 157.907
0.955199 -0.0788471 0.285268 41.999 0.0992559 0.993383 -0.0577833 -7.29306 -0.278824 0.0835091 0.956704 158.561
0.95509 -0.0795896 0.285427 42.1775 0.100049 0.993302 -0.057805 -7.33404 -0.278915 0.0837657 0.956656 159.181
0.955 -0.0810653 0.285313 42.3574 0.101238 0.993248 -0.0566543 -7.37718 -0.278794 0.0829893 0.956758 159.793
0.955171 -0.0811101 0.284726 42.5425 0.100987 0.993321 -0.0558148 -7.42456 -0.278297 0.0820665 0.956983 160.398
0.95509 -0.0799883 0.285315 42.7197 0.100316 0.993302 -0.0573346 -7.46834 -0.278818 0.0833814 0.956717 160.996
0.954914 -0.0766626 0.286812 42.8798 0.0978348 0.99338 -0.0602094 -7.51509 -0.280298 0.085555 0.956093 161.585
0.954692 -0.0750173 0.287984 43.0422 0.0970453 0.993286 -0.0629714 -7.56079 -0.281326 0.0880658 0.955563 162.154
0.954223 -0.0770386 0.289005 43.2068 0.0998151 0.992887 -0.0648955 -7.60475 -0.28195 0.0907718 0.955125 162.699
0.953657 -0.0776245 0.290711 43.3633 0.10065 0.992791 -0.0650847 -7.64324 -0.283563 0.0913286 0.954595 163.243
0.953297 -0.0768723 0.292089 43.5179 0.0997494 0.992937 -0.0642315 -7.68903 -0.285088 0.0903674 0.954232 163.768
0.952702 -0.0780412 0.293716 43.6824 0.100946 0.992855 -0.0636254 -7.72547 -0.286652 0.0902655 0.953773 164.299
0.952102 -0.0769518 0.29594 43.8454 0.0998299 0.99301 -0.0629665 -7.77196 -0.289026 0.0894942 0.953129 164.833
0.951509 -0.078278 0.297496 44.0117 0.101219 0.9929 -0.0624825 -7.81576 -0.290493 0.0895649 0.952676 165.349
0.951108 -0.0782794 0.298775 44.1795 0.101237 0.992921 -0.0621279 -7.85965 -0.291797 0.0893375 0.952299 165.871
0.950411 -0.0780826 0.301035 44.3398 0.100518 0.99314 -0.0597493 -7.90155 -0.294304 0.0870459 0.95174 166.376
0.949518 -0.0772752 0.304045 44.4914 0.099184 0.99342 -0.057262 -7.94377 -0.29762 0.0845278 0.950935 166.873
0.948271 -0.0768259 0.308026 44.6338 0.0977594 0.993793 -0.0530908 -7.98558 -0.302036 0.0804569 0.949895 167.36
0.947418 -0.0809977 0.309578 44.8015 0.101761 0.993475 -0.0514932 -8.0206 -0.303387 0.0802885 0.949479 167.829
0.946312 -0.0833956 0.312313 44.9556 0.104359 0.993232 -0.0509897 -8.05988 -0.305946 0.0808447 0.94861 168.307
0.945403 -0.0837443 0.314961 45.1036 0.10475 0.993224 -0.0503375 -8.08849 -0.308611 0.0805814 0.947769 168.75
0.944466 -0.0805123 0.318593 45.235 0.10143 0.993606 -0.0495924 -8.11942 -0.312563 0.0791532 0.946593 169.191
0.943496 -0.0798542 0.32162 45.3692 0.101429 0.993542 -0.0508659 -8.14969 -0.315481 0.0806134 0.945502 169.605
0.942394 -0.0801672 0.324756 45.5017 0.101528 0.993608 -0.0493438 -8.17985 -0.318724 0.0794731 0.94451 169.988
0.941084 -0.0796104 0.328668 45.6292 0.1016 0.993555 -0.050255 -8.20438 -0.322549 0.080687 0.943107 170.352
0.939959 -0.0809493 0.331549 45.765 0.103568 0.993309 -0.0511008 -8.22718 -0.325194 0.0823706 0.942053 170.69
0.937858 -0.0781362 0.338109 45.8671 0.101548 0.993466 -0.0520884 -8.25293 -0.331829 0.0831857 0.939665 171.019
0.936485 -0.0770811 0.342131 45.9899 0.101261 0.993428 -0.0533567 -8.27887 -0.33577 0.0846123 0.938136 171.345
0.934899 -0.0784648 0.34613 46.1082 0.103347 0.993179 -0.0539952 -8.30282 -0.339533 0.0862516 0.936631 171.663
0.933116 -0.0792905 0.350725 46.2176 0.105016 0.992953 -0.0549169 -8.32221 -0.343899 0.0880757 0.934867 171.972
0.931733 -0.0829996 0.353532 46.3409 0.108958 0.992571 -0.0541311 -8.34112 -0.346413 0.088956 0.933855 172.281
0.931367 -0.0840166 0.354254 46.4566 0.109774 0.992531 -0.0532131 -8.36366 -0.347137 0.0884489 0.933634 172.583
0.931921 -0.08793 0.351841 46.5801 0.113924 0.99203 -0.0538275 -8.38176 -0.344304 0.0902461 0.934511 172.879
0.932858 -0.0902665 0.348753 46.6873 0.117154 0.991491 -0.0567442 -8.40305 -0.340664 0.0937921 0.935495 173.171
0.934998 -0.0918112 0.342564 46.7881 0.118543 0.99126 -0.0578836 -8.42716 -0.334256 0.0947297 0.93771 173.459
0.9381 -0.0962122 0.332735 46.8853 0.122493 0.990721 -0.0588798 -8.44755 -0.323983 0.0959929 0.94118 173.74
0.94267 -0.0955593 0.319753 46.9621 0.120791 0.990864 -0.0599835 -8.47154 -0.3111 0.095168 0.9456 174.015
0.94827 -0.0942277 0.30316 47.0339 0.118959 0.990826 -0.06413 -8.49783 -0.294336 0.096876 0.950779 174.296
0.95507 -0.0909451 0.282081 47.0888 0.114843 0.990961 -0.0693421 -8.52251 -0.273224 0.0986216 0.956881 174.564
0.962774 -0.0901488 0.254833 47.1442 0.111895 0.991098 -0.0721366 -8.5512 -0.246062 0.0979656 0.964291 174.829
0.970697 -0.0919661 0.222011 47.1946 0.110386 0.991276 -0.072013 -8.57791 -0.213452 0.0944097 0.972381 175.088
0.978043 -0.0956604 0.18515 47.2326 0.110444 0.991327 -0.0712303 -8.59998 -0.17673 0.0901151 0.980125 175.35
0.984393 -0.0955291 0.147796 47.2427 0.107279 0.991496 -0.073669 -8.62228 -0.139502 0.0883747 0.98627 175.619
0.989793 -0.0955058 0.105772 47.2493 0.103962 0.991554 -0.0775376 -8.65013 -0.0974733 0.0877424 0.991363 175.883
0.993598 -0.0936458 0.063197 47.2241 0.0987776 0.991586 -0.0836628 -8.6805 -0.0548306 0.0893697 0.994488 176.139
0.995206 -0.0962688 0.0172717 47.1972 0.0974318 0.991248 -0.0890775 -8.71198 -0.00854514 0.0903333 0.995875 176.387
0.994208 -0.103214 -0.0299591 47.1695 0.0999534 0.990428 -0.0951943 -8.74062 0.0394978 0.0916484 0.995008 176.632
0.991338 -0.106537 -0.0768045 47.1205 0.0985334 0.989955 -0.101392 -8.76631 0.0868351 0.0929458 0.991877 176.876
0.986338 -0.108031 -0.124362 47.0591 0.0944986 0.989428 -0.110012 -8.79405 0.134932 0.096757 0.986119 177.118
0.979238 -0.106399 -0.172546 46.983 0.0870285 0.989405 -0.116203 -8.82451 0.183082 0.0987736 0.978123 177.35
0.969385 -0.107777 -0.220628 46.8961 0.0828685 0.989403 -0.119221 -8.85998 0.231139 0.0972883 0.968044 177.582
0.956493 -0.110179 -0.270153 46.8045 0.07909 0.989199 -0.123411 -8.89623 0.280832 0.0966757 0.954875 177.814
0.940666 -0.113589 -0.319757 46.6947 0.0753096 0.988693 -0.12967 -8.93278 0.33087 0.0978956 0.938585 178.053
0.922541 -0.117512 -0.367572 46.5677 0.071749 0.988131 -0.135825 -8.96354 0.379171 0.098931 0.920023 178.278
0.901338 -0.120837 -0.415918 46.4377 0.0684197 0.98796 -0.138761 -8.99845 0.427677 0.0966134 0.898754 178.5
0.87887 -0.117751 -0.4623 46.2967 0.0600528 0.988659 -0.137652 -9.03414 0.473266 0.0932157 0.875974 178.7
0.853794 -0.116105 -0.507499 46.1337 0.0524731 0.989042 -0.137993 -9.07132 0.51796 0.0911878 0.850531 178.909
0.827472 -0.11165 -0.550295 45.9554 0.0421298 0.989615 -0.137433 -9.1096 0.559925 0.0905382 0.823582 179.091
0.79806 -0.107065 -0.59299 45.7714 0.0322937 0.990274 -0.135334 -9.15117 0.601712 0.088855 0.793756 179.275
0.767502 -0.100844 -0.633064 45.5734 0.0197017 0.990793 -0.133943 -9.18768 0.640743 0.0903295 0.762423 179.436
0.735276 -0.0981194 -0.670628 45.3567 0.0101444 0.990948 -0.133863 -9.22201 0.677692 0.0916232 0.729616 179.6
0.700867 -0.0970012 -0.706666 45.1196 0.00097541 0.990839 -0.135041 -9.26291 0.713291 0.0939566 0.694541 179.767
0.665759 -0.0969146 -0.739846 44.871 -0.00544169 0.990872 -0.134694 -9.29976 0.746147 0.0936997 0.659155 179.929
0.631364 -0.0908882 -0.770142 44.6188 -0.016604 0.991296 -0.1306 -9.33916 0.775309 0.0952433 0.62436 180.091
0.596928 -0.0881282 -0.79744 44.3322 -0.0216512 0.991817 -0.125817 -9.38809 0.802003 0.092369 0.590135 180.28
0.565836 -0.0849277 -0.820133 44.0495 -0.0276423 0.992168 -0.121814 -9.42539 0.824055 0.091597 0.559056 180.442
0.538788 -0.0811301 -0.838526 43.7165 -0.0368457 0.99213 -0.119667 -9.46342 0.841635 0.0953712 0.531559 180.605
0.514073 -0.0790816 -0.854093 43.3704 -0.041869 0.99224 -0.117074 -9.50783 0.856724 0.0959444 0.506773 180.778
0.493447 -0.0757758 -0.866469 42.9647 -0.0464152 0.992484 -0.113229 -9.55916 0.868537 0.09609 0.486221 180.98
0.477296 -0.0687378 -0.87605 42.5426 -0.0525931 0.992914 -0.106561 -9.61312 0.877167 0.0969355 0.470299 181.185
0.464587 -0.0643697 -0.883185 42.0632 -0.0565704 0.99316 -0.102143 -9.6765 0.883719 0.0974165 0.457768 181.415
0.454687 -0.0616538 -0.888515 41.5159 -0.0568633 0.993556 -0.0980418 -9.74158 0.888834 0.0951023 0.448252 181.673
0.448015 -0.0587423 -0.892094 41.1418 -0.0563813 0.993996 -0.0937673 -9.78606 0.892247 0.0923066 0.442013 181.841
0.441761 -0.0568833 -0.895328 40.7104 -0.0569077 0.994201 -0.0912437 -9.83805 0.895326 0.0912589 0.435962 182.056
0.438112 -0.0584586 -0.897017 40.0743 -0.0586717 0.993896 -0.093428 -9.90539 0.897004 0.0935615 0.432008 182.347
0.436788 -0.0571854 -0.897745 39.1732 -0.0654616 0.993311 -0.0951225 -10.0028 0.897179 0.100316 0.430123 182.746
0.43559 -0.0615709 -0.898037 38.7657 -0.0607594 0.993371 -0.0975783 -10.0554 0.898092 0.0970683 0.428961 182.953
0.437338 -0.0676699 -0.896747 38.0771 -0.0587207 0.992888 -0.103563 -10.1284 0.897378 0.0979495 0.430254 183.266
0.438618 -0.070567 -0.895899 37.3244 -0.0581521 0.992594 -0.106654 -10.2145 0.89679 0.0988787 0.431266 183.624
0.43795 -0.0697522 -0.896289 36.8053 -0.0555848 0.992977 -0.104437 -10.2757 0.897279 0.0955582 0.430997 183.89
0.439901 -0.0634792 -0.8958 36.1428 -0.0588295 0.993319 -0.0992792 -10.3533 0.896117 0.0963725 0.433227 184.197
0.44139 -0.0567602 -0.895518 35.6883 -0.0609146 0.9938 -0.0930136 -10.4042 0.895245 0.0956055 0.435196 184.417
0.44273 -0.0534962 -0.895058 35.1647 -0.0629106 0.993905 -0.0905222 -10.4701 0.894445 0.0963855 0.436666 184.672
0.445167 -0.0545814 -0.893783 34.5835 -0.0629569 0.993763 -0.092044 -10.5407 0.893232 0.0972447 0.438954 184.951
0.448404 -0.0581514 -0.891937 33.9397 -0.0642117 0.993207 -0.0970351 -10.6118 0.891521 0.100784 0.441625 185.252
0.451151 -0.0616743 -0.890314 33.1507 -0.0666159 0.992499 -0.102509 -10.6947 0.889958 0.105556 0.443658 185.637
0.453711 -0.0628833 -0.888927 31.9624 -0.0666156 0.992323 -0.104198 -10.8437 0.888655 0.106492 0.446039 186.256
0.45681 -0.0602463 -0.887522 31.4822 -0.0676038 0.992468 -0.102166 -10.9041 0.886992 0.10667 0.449296 186.497
0.457435 -0.0606803 -0.88717 31.0206 -0.0624748 0.993011 -0.100132 -10.9628 0.887046 0.10123 0.450447 186.755
0.461205 -0.0568997 -0.885467 30.4638 -0.0652126 0.993069 -0.0977807 -11.0346 0.884894 0.102841 0.454298 187.036
0.463988 -0.0567396 -0.884023 29.7608 -0.0669926 0.992841 -0.0988857 -11.1247 0.883305 0.105105 0.456865 187.405
0.467608 -0.0561066 -0.882153 27.9803 -0.0681713 0.992722 -0.099275 -11.3482 0.881303 0.106559 0.46038 188.305
0.470861 -0.0620454 -0.880023 24.8446 -0.0647844 0.992399 -0.104632 -11.7144 0.879826 0.106279 0.463262 189.997
0.474175 -0.0627522 -0.878191 24.4173 -0.0634025 0.992433 -0.105149 -11.7659 0.878145 0.105539 0.466609 190.231
0.478462 -0.0626841 -0.875868 23.9524 -0.0652543 0.992153 -0.106653 -11.8172 0.87568 0.108184 0.470617 190.481
0.482793 -0.0611826 -0.873595 23.3561 -0.0644591 0.992368 -0.105124 -11.8922 0.873359 0.107064 0.475165 190.813
0.487126 -0.0615539 -0.87116 22.8362 -0.0638707 0.992331 -0.10583 -11.9614 0.870993 0.107194 0.479459 191.11
0.492823 -0.0636881 -0.867796 22.2634 -0.0619625 0.992217 -0.108008 -12.0371 0.867921 0.107 0.485041 191.438
0.500461 -0.0625474 -0.863497 21.6082 -0.0640187 0.991983 -0.108958 -12.1265 0.863389 0.109809 0.492445 191.789
0.506273 -0.0610935 -0.860206 21.0086 -0.0630471 0.992196 -0.107574 -12.2125 0.860065 0.108695 0.49847 192.139
0.510806 -0.0620388 -0.857454 20.4481 -0.0590365 0.992507 -0.10698 -12.3097 0.857666 0.105267 0.503316 192.528
0.517728 -0.062151 -0.853285 19.9071 -0.0593104 0.992351 -0.108267 -12.3871 0.853487 0.106661 0.510081 192.848
0.522953 -0.0645255 -0.849916 19.3709 -0.0573331 0.992209 -0.110605 -12.4674 0.850431 0.10657 0.515179 193.182
0.530116 -0.0642535 -0.845487 18.6498 -0.0621523 0.991498 -0.114319 -12.5756 0.845644 0.113151 0.521615 193.593
0.535359 -0.0647175 -0.842142 18.0761 -0.0627282 0.99126 -0.116054 -12.6625 0.842292 0.114957 0.52662 193.957
0.540434 -0.0663102 -0.838769 17.3814 -0.0587536 0.991482 -0.116239 -12.7681 0.839333 0.1121 0.531934 194.402
0.546154 -0.0658905 -0.835089 14.9011 -0.0562532 0.991766 -0.115043 -13.1373 0.835794 0.109807 0.537951 195.982
