1 0 0 0 0 1 0 0 0 0 1 0
0.999997 -0.00213731 -0.0014559 0.00909799 0.00213727 0.999998 -2.57167e-05 0.000275392 0.00145595 2.2605e-05 0.999999 0.408447
1 0.000102048 -0.000682134 -0.00148005 -0.000101629 1 0.000614923 7.43669e-05 0.000682197 -0.000614853 1 0.818372
0.999997 0.00234176 -9.9644e-06 -0.00854587 -0.00234173 0.999995 0.00228895 -0.00218596 1.53245e-05 -0.00228892 0.999997 1.24361
0.999987 0.00508563 0.000604488 -0.0187958 -0.00508817 0.999978 0.00427864 -0.00111871 -0.000582715 -0.00428166 0.999991 1.68943
0.999956 0.00904297 0.00261962 -0.0419795 -0.00905639 0.999946 0.00515825 -0.00190144 -0.00257283 -0.00518175 0.999983 2.13132
0.999953 0.0090733 0.00347169 -0.0469401 -0.00909664 0.999936 0.00676582 -0.00448177 -0.00341008 -0.00679708 0.999971 2.60126
0.999954 0.0088326 0.00373384 -0.0495881 -0.00885782 0.999938 0.00679169 -0.00015966 -0.00367362 -0.00682445 0.99997 3.10756
0.99996 0.00784353 0.00430744 -0.0492898 -0.00787738 0.999938 0.00789898 0.00080017 -0.00424521 -0.00793259 0.99996 3.60781
0.999899 0.012412 0.00691753 -0.0745735 -0.0124701 0.999887 0.00842062 0.00488855 -0.00681223 -0.00850603 0.999941 4.11879
0.999837 0.0156513 0.00898274 -0.0927094 -0.0157174 0.99985 0.00733209 0.00761931 -0.00886664 -0.00747208 0.999933 4.64475
0.999866 0.0147504 0.00716134 -0.0738052 -0.0147817 0.999881 0.00433073 0.00256428 -0.00709661 -0.004436 0.999965 5.18929
0.999827 0.0170733 0.00731373 -0.073028 -0.0170722 0.999854 -0.000216419 -0.00266345 -0.00731636 9.152e-05 0.999973 5.72473
0.999692 0.0235079 0.00792535 -0.0817484 -0.0234961 0.999723 -0.00157834 -0.00266417 -0.00796025 0.00139164 0.999967 6.2564
0.999502 0.0299292 0.00996112 -0.09805 -0.0299318 0.999552 0.000112967 -0.00486144 -0.00995328 -0.000411066 0.99995 6.78595
0.999271 0.0366276 0.010756 -0.105371 -0.0366739 0.999319 0.00413894 -0.00882822 -0.0105971 -0.00453038 0.999934 7.34809
0.999166 0.0395037 0.0103808 -0.0983194 -0.0395569 0.999205 0.00497723 -0.0108597 -0.0101759 -0.00538371 0.999934 7.94158
0.998856 0.0458661 0.0135271 -0.126475 -0.0459381 0.998931 0.00505545 -0.00609878 -0.0132807 -0.00567108 0.999896 8.53875
0.998543 0.0516199 0.0157149 -0.146298 -0.0516806 0.998658 0.00347983 -0.00465461 -0.0155141 -0.00428691 0.99987 9.15014
0.998377 0.0544853 0.0165874 -0.15282 -0.0545376 0.998508 0.00271701 -0.00823265 -0.0164146 -0.00361724 0.999859 9.75636
0.998287 0.0557459 0.0177469 -0.156607 -0.0557976 0.998439 0.00243319 -0.00968796 -0.0175835 -0.00341926 0.99984 10.3565
0.998191 0.0574782 0.0176212 -0.148849 -0.0575563 0.998334 0.00395181 -0.0168399 -0.0173647 -0.00495888 0.999837 10.9705
0.997901 0.0618864 0.0190553 -0.159884 -0.0619615 0.998073 0.00337585 -0.0180346 -0.0188096 -0.00454946 0.999813 11.617
0.997942 0.0610701 0.0195402 -0.156211 -0.0611057 0.998131 0.00123307 -0.0237821 -0.0194284 -0.00242456 0.999808 12.2379
0.997887 0.061753 0.0201943 -0.155191 -0.0617506 0.998091 -0.000744097 -0.0291937 -0.0202017 -0.000504484 0.999796 12.8503
0.997698 0.0644118 0.0212218 -0.157194 -0.0644236 0.997923 -0.000128354 -0.0357209 -0.021186 -0.00123913 0.999775 13.4585
0.997401 0.0683563 0.0227939 -0.163413 -0.0684116 0.997656 0.00165623 -0.040421 -0.0226273 -0.0032113 0.999739 14.0649
0.996838 0.0754195 0.0250106 -0.176441 -0.0755093 0.997142 0.00266451 -0.0440002 -0.0247382 -0.00454462 0.999684 14.6624
0.996719 0.0767723 0.0256284 -0.16879 -0.0769207 0.997025 0.0048536 -0.0491617 -0.0251795 -0.00680903 0.99966 15.2893
0.996403 0.0802126 0.0273326 -0.173426 -0.0803823 0.996751 0.00516736 -0.0475508 -0.0268293 -0.00734583 0.999613 15.9181
0.996563 0.0779871 0.0279208 -0.163832 -0.0781944 0.996918 0.00640998 -0.0477041 -0.0273348 -0.00857119 0.99959 16.5559
0.996684 0.076358 0.0281072 -0.150216 -0.0765742 0.997041 0.0066934 -0.0492406 -0.0275129 -0.00882349 0.999583 17.225
0.996723 0.0758629 0.0280575 -0.135176 -0.0760393 0.997091 0.00527214 -0.0532918 -0.0275759 -0.00738833 0.999592 17.8874
0.996619 0.0772301 0.0280502 -0.125721 -0.0772855 0.997009 0.000893569 -0.0569735 -0.0278973 -0.00305842 0.999606 18.5669
0.996545 0.0779436 0.0286945 -0.124773 -0.0779273 0.996958 -0.00168973 -0.0624807 -0.0287389 -0.00055219 0.999587 19.185
0.996846 0.0741712 0.028238 -0.106345 -0.0742015 0.997243 2.80655e-05 -0.0687416 -0.0281581 -0.00212328 0.999601 19.7669
0.996974 0.0719984 0.0293026 -0.0986863 -0.0722322 0.997363 0.0069973 -0.0776767 -0.0287216 -0.00909272 0.999546 20.3547
0.997423 0.0657455 0.0287271 -0.0824358 -0.0661153 0.997738 0.0121174 -0.0787166 -0.0278655 -0.0139855 0.999514 20.9664
0.997756 0.0613529 0.0268154 -0.0683414 -0.0617172 0.998009 0.0129747 -0.0777608 -0.025966 -0.0146006 0.999556 21.5987
0.998011 0.0585937 0.0232368 -0.0527454 -0.0588623 0.998205 0.0110465 -0.0749172 -0.0225478 -0.0123923 0.999669 22.2163
0.998317 0.05498 0.01846 -0.0410767 -0.0551782 0.998422 0.0104053 -0.0690586 -0.0178588 -0.0114063 0.999775 22.8373
0.998304 0.0566895 0.0132143 -0.0457789 -0.0568448 0.998315 0.0116863 -0.0705816 -0.0125296 -0.0124176 0.999844 23.4095
0.998199 0.0596098 0.00672239 -0.0517764 -0.059706 0.998101 0.0151514 -0.0688769 -0.00580645 -0.0155254 0.999863 24.0036
0.998143 0.0609026 -0.00149402 -0.0647628 -0.0608642 0.997971 0.018673 -0.0604923 0.00262822 -0.0185474 0.999825 24.6071
0.998248 0.0575464 -0.0137645 -0.0609414 -0.0572332 0.998115 0.0221544 -0.0611052 0.0150135 -0.0213278 0.99966 25.2176
0.997904 0.0595349 -0.0253484 -0.087562 -0.0589088 0.997956 0.0247703 -0.0546472 0.0267713 -0.0232251 0.999372 25.8609
0.997218 0.0640396 -0.0381443 -0.134752 -0.0630386 0.997649 0.0268933 -0.0421291 0.0397768 -0.0244139 0.99891 26.5022
0.996399 0.0666916 -0.0523607 -0.183776 -0.0652355 0.997447 0.029043 -0.0286232 0.0541639 -0.0255226 0.998206 27.1494
0.995427 0.0664719 -0.0686091 -0.232209 -0.0645817 0.997479 0.029413 -0.0194636 0.0703913 -0.0248476 0.99721 27.7944
0.994 0.0700141 -0.0840369 -0.302348 -0.0677521 0.997267 0.0294774 -0.00796927 0.085871 -0.0236068 0.996027 28.4297
0.99245 0.071932 -0.0993429 -0.385873 -0.0691767 0.997125 0.0309109 0.00761858 0.101281 -0.0238053 0.994573 29.057
0.990641 0.0733262 -0.115127 -0.47716 -0.0698012 0.996969 0.0343621 0.0211336 0.117298 -0.0260044 0.992756 29.699
0.988786 0.0719405 -0.130868 -0.574649 -0.0676698 0.997029 0.0367986 0.033722 0.133127 -0.0275301 0.990717 30.3279
0.986568 0.0709994 -0.147115 -0.68162 -0.0660675 0.997086 0.03815 0.0578504 0.149395 -0.0279181 0.988383 30.9838
0.983998 0.0698151 -0.163934 -0.788839 -0.0641026 0.997146 0.0398881 0.0771967 0.166251 -0.0287413 0.985665 31.6106
0.981194 0.0705105 -0.179687 -0.915923 -0.0637882 0.99704 0.0429256 0.0967352 0.182182 -0.0306564 0.982787 32.2468
0.977831 0.0704118 -0.1972 -1.0443 -0.0627298 0.997018 0.0449424 0.11308 0.199776 -0.0315758 0.979333 32.8882
0.974327 0.0664852 -0.215096 -1.1853 -0.057813 0.99725 0.0463683 0.135107 0.217587 -0.0327425 0.975492 33.5474
0.970502 0.0671842 -0.231544 -1.34847 -0.0575865 0.997187 0.0479713 0.160058 0.234115 -0.0332224 0.971641 34.1719
0.966222 0.0679598 -0.248587 -1.51647 -0.0569882 0.997067 0.0510773 0.183436 0.25133 -0.0351855 0.967262 34.8004
0.961648 0.0696213 -0.265302 -1.70426 -0.0580106 0.996994 0.0513611 0.210729 0.268081 -0.034001 0.962796 35.4263
0.95678 0.0728797 -0.281534 -1.90326 -0.0612848 0.996878 0.0497848 0.235497 0.284284 -0.0303793 0.958259 36.0356
0.951775 0.0747328 -0.297556 -2.10636 -0.0631994 0.996836 0.0482086 0.26233 0.300217 -0.0270784 0.953486 36.6371
0.946402 0.0785716 -0.31329 -2.31039 -0.0658867 0.996529 0.0508908 0.286344 0.316201 -0.0275215 0.948293 37.2228
0.941251 0.0853607 -0.326741 -2.54671 -0.0716699 0.99598 0.0537371 0.311711 0.330015 -0.0271626 0.943585 37.8059
0.935916 0.0869491 -0.341322 -2.76824 -0.0720468 0.995821 0.0561228 0.339274 0.344776 -0.027935 0.938269 38.3852
0.930476 0.0894904 -0.355255 -3.00963 -0.0738058 0.995614 0.0574895 0.368224 0.358842 -0.0272727 0.933 38.9817
0.924699 0.0924627 -0.3693 -3.25974 -0.0763597 0.995391 0.0580201 0.397698 0.372962 -0.0254516 0.927497 39.5823
0.919004 0.094762 -0.382689 -3.51532 -0.0777982 0.995186 0.0596016 0.435837 0.386495 -0.0250016 0.921953 40.1892
0.91377 0.0970144 -0.394477 -3.80342 -0.0785312 0.994933 0.0627751 0.47157 0.398569 -0.0263832 0.916759 40.8353
0.908493 0.0994891 -0.405884 -4.0884 -0.0796696 0.994668 0.0654851 0.510541 0.410235 -0.0271561 0.911575 41.483
0.90417 0.105925 -0.413831 -4.38385 -0.0865656 0.994103 0.0653181 0.551998 0.418309 -0.0232352 0.908008 42.0843
0.900002 0.106991 -0.422551 -4.67252 -0.0881971 0.994055 0.0638431 0.58364 0.42687 -0.0201911 0.904088 42.6984
0.896329 0.108303 -0.42996 -4.96001 -0.0898371 0.993956 0.063087 0.620642 0.434194 -0.0179204 0.900641 43.3017
0.893112 0.111688 -0.435748 -5.2644 -0.0927956 0.993595 0.0644767 0.657896 0.440158 -0.0171494 0.897756 43.9047
0.890739 0.11374 -0.440054 -5.58283 -0.0930886 0.993312 0.0683124 0.689999 0.444881 -0.0198845 0.895369 44.53
0.888375 0.11762 -0.443797 -5.89336 -0.0965038 0.992871 0.0699636 0.727104 0.448862 -0.0193259 0.893392 45.1131
0.885954 0.118124 -0.448477 -6.23994 -0.0971972 0.992836 0.0694924 0.768015 0.453473 -0.0179763 0.891089 45.7775
0.883215 0.117091 -0.454115 -6.55375 -0.0970898 0.993004 0.0672093 0.805195 0.458808 -0.0152703 0.888404 46.3944
0.880989 0.116451 -0.458581 -6.86007 -0.097487 0.993118 0.0649062 0.840336 0.462984 -0.0124759 0.886279 46.9626
0.878131 0.115031 -0.464386 -7.12995 -0.0963255 0.993297 0.0638983 0.870383 0.468623 -0.0113788 0.883325 47.4973
0.875859 0.116019 -0.468413 -7.45662 -0.09708 0.993186 0.0644735 0.90695 0.472701 -0.0109963 0.881154 48.1003
0.873511 0.115787 -0.472833 -7.77448 -0.0960685 0.993202 0.0657371 0.937458 0.47723 -0.0119977 0.878696 48.6884
0.871096 0.11675 -0.477034 -8.08189 -0.0972411 0.993104 0.0654847 0.969411 0.481389 -0.0106562 0.876442 49.2452
0.869187 0.115561 -0.480791 -8.40681 -0.0960206 0.993245 0.065144 1.00421 0.485071 -0.0104564 0.874412 49.8318
0.867367 0.112371 -0.484817 -8.71813 -0.0920636 0.993591 0.0655874 1.04179 0.48908 -0.0122543 0.872153 50.3952
0.865629 0.112001 -0.487998 -9.04068 -0.0918268 0.99364 0.0651667 1.07615 0.492193 -0.011599 0.870409 50.9695
0.864029 0.115514 -0.490011 -9.3665 -0.0944645 0.993232 0.0675741 1.1114 0.494501 -0.0120973 0.869093 51.5383
0.863435 0.115947 -0.490954 -9.67281 -0.0911793 0.993068 0.0741734 1.14857 0.496151 -0.0192791 0.868022 52.0732
0.863122 0.117833 -0.491056 -10.014 -0.089671 0.992705 0.0805936 1.1927 0.49697 -0.0255287 0.867392 52.6474
0.86219 0.118155 -0.492613 -10.3714 -0.0894735 0.99265 0.0814897 1.23146 0.498621 -0.0261838 0.866425 53.2681
0.860424 0.115297 -0.496364 -10.7223 -0.0904528 0.993155 0.0738982 1.26859 0.501486 -0.0186863 0.864964 53.8921
0.859513 0.108483 -0.499468 -11.0712 -0.0883495 0.99404 0.0638651 1.3118 0.50342 -0.0107652 0.863975 54.5009
0.859313 0.105406 -0.50047 -11.4857 -0.0875966 0.994405 0.0590316 1.3581 0.503892 -0.00688713 0.863739 55.2047
0.859749 0.106129 -0.499568 -11.7799 -0.0887798 0.994335 0.0584486 1.3829 0.502941 -0.00589954 0.864301 55.6828
0.859793 0.108586 -0.498964 -12.074 -0.091949 0.994079 0.0578923 1.40812 0.502296 -0.00389615 0.864687 56.1723
0.860273 0.108019 -0.49826 -12.4198 -0.091849 0.994144 0.0569402 1.43982 0.501492 -0.00321937 0.865156 56.7616
0.861118 0.108964 -0.496591 -12.7041 -0.0917805 0.994032 0.0589612 1.46907 0.500052 -0.00519519 0.86598 57.2388
0.861322 0.110043 -0.495999 -12.992 -0.0901519 0.993873 0.0639496 1.49718 0.499997 -0.010366 0.865965 57.7567
0.861319 0.109569 -0.496108 -13.2824 -0.0867864 0.993847 0.0688242 1.52248 0.500597 -0.0162242 0.865529 58.2972
0.861108 0.111785 -0.495982 -13.5853 -0.0889236 0.993607 0.069554 1.55455 0.500586 -0.015789 0.865543 58.8136
0.860635 0.111189 -0.496935 -13.9101 -0.0903382 0.993729 0.0658919 1.59071 0.501145 -0.0118167 0.865283 59.365
0.859942 0.108664 -0.498691 -14.2219 -0.0903587 0.994052 0.0607878 1.62367 0.50233 -0.00721293 0.864646 59.8973
0.85915 0.105871 -0.500652 -14.5003 -0.0905199 0.994378 0.0549387 1.65582 0.503654 -0.00188156 0.863903 60.3718
0.85772 0.105801 -0.503112 -14.7932 -0.0919223 0.994386 0.0524015 1.68964 0.505832 0.00130138 0.862631 60.8771
0.856359 0.110817 -0.50435 -15.0861 -0.0964825 0.993839 0.0545474 1.72135 0.507287 0.00194881 0.861775 61.3461
0.854923 0.117468 -0.50528 -15.3927 -0.10106 0.993077 0.0598798 1.75478 0.508816 -0.000128967 0.860876 61.836
0.854041 0.121912 -0.505718 -15.7343 -0.103481 0.992537 0.0645122 1.78952 0.509809 -0.00276395 0.860283 62.3709
0.852276 0.121305 -0.508833 -16.0693 -0.102697 0.992611 0.0646251 1.82351 0.512913 -0.00282306 0.858436 62.95
0.850882 0.120858 -0.511266 -16.4162 -0.103918 0.99267 0.0617102 1.86363 0.514976 0.000621614 0.857204 63.5236
0.849291 0.119118 -0.514312 -16.7738 -0.103804 0.992873 0.0585422 1.90492 0.51762 0.00366843 0.855603 64.12
0.847328 0.11805 -0.517782 -17.1435 -0.103615 0.992992 0.0568333 1.9463 0.520863 0.00549337 0.853622 64.7366
0.846729 0.115785 -0.519273 -17.5413 -0.101604 0.993259 0.055797 1.98854 0.522233 0.00551503 0.852785 65.3571
0.845226 0.111321 -0.522686 -18.2829 -0.0972432 0.993773 0.0544021 2.06806 0.525487 0.00484566 0.850788 66.5986
0.843673 0.107511 -0.525983 -19.0164 -0.0940155 0.99419 0.0524127 2.13562 0.528562 0.00523137 0.848879 67.7833
0.841813 0.102596 -0.529929 -19.5227 -0.0900013 0.994705 0.0496074 2.1776 0.532213 0.00593419 0.84659 68.611
0.839155 0.102067 -0.534229 -20.0094 -0.090214 0.994748 0.0483459 2.21876 0.536358 0.00762524 0.843956 69.3887
0.836688 0.100015 -0.53847 -20.4508 -0.0886006 0.994952 0.047132 2.25997 0.540466 0.008274 0.841325 70.0901
0.834097 0.098702 -0.542715 -20.8304 -0.0869749 0.995087 0.047302 2.29031 0.544717 0.00774808 0.838584 70.6852
0.832063 0.100618 -0.54548 -21.2189 -0.0889293 0.994887 0.0478636 2.32386 0.547507 0.00868362 0.836756 71.2645
0.830821 0.102879 -0.546949 -21.6414 -0.0913973 0.994645 0.0482546 2.35359 0.548984 0.00989872 0.835774 71.8794
0.830536 0.105026 -0.546972 -22.0803 -0.0952156 0.994377 0.0463561 2.38434 0.548765 0.0135798 0.835866 72.5104
0.830245 0.104256 -0.547562 -22.608 -0.0963795 0.994407 0.0431994 2.42197 0.549003 0.0169076 0.835649 73.3104
0.830243 0.105868 -0.547256 -23.03 -0.0990277 0.994194 0.0420944 2.45195 0.548535 0.019245 0.835906 73.9442
0.831128 0.10742 -0.545607 -23.4939 -0.0998357 0.994047 0.0436289 2.48497 0.547046 0.0182098 0.836905 74.6306
0.832299 0.109043 -0.543496 -24.0151 -0.101355 0.993868 0.0441888 2.51612 0.544982 0.0183078 0.838248 75.3928
0.833188 0.107981 -0.542344 -24.4762 -0.101342 0.993956 0.042208 2.5435 0.543624 0.0197949 0.839096 76.1026
0.833786 0.103071 -0.542381 -24.9594 -0.0978602 0.994454 0.0385432 2.57731 0.543346 0.0209408 0.839248 76.8673
0.834784 0.10199 -0.541048 -25.4274 -0.0977951 0.994534 0.0365862 2.60363 0.541822 0.0223702 0.840196 77.5654
0.835628 0.0975455 -0.540565 -26.0744 -0.0946404 0.994956 0.0332418 2.63318 0.541081 0.0233815 0.840645 78.587
0.836476 0.0917844 -0.540263 -26.7275 -0.0906946 0.995465 0.0286979 2.65944 0.540447 0.0249938 0.841007 79.607
0.836376 0.0941378 -0.540012 -27.237 -0.0939157 0.995186 0.0280286 2.67105 0.540051 0.0272732 0.84119 80.3936
0.837369 0.0993531 -0.537533 -27.652 -0.0966704 0.99476 0.03327 2.69049 0.538022 0.0241043 0.842586 81.0106
0.837157 0.108833 -0.536026 -28.0634 -0.099637 0.993951 0.0461973 2.71304 0.537812 0.0147337 0.842936 81.6574
0.837775 0.114757 -0.53382 -28.5781 -0.100911 0.993364 0.0551781 2.74795 0.536609 0.00764131 0.843796 82.4579
0.837852 0.120636 -0.532401 -29.0456 -0.105621 0.992672 0.0587087 2.78622 0.535581 0.00704352 0.844454 83.192
0.838144 0.120529 -0.531966 -29.5177 -0.106658 0.992668 0.0568657 2.82526 0.53492 0.00907684 0.844854 83.9397
0.839307 0.112784 -0.53183 -29.9639 -0.0989427 0.993596 0.0545639 2.86476 0.534578 0.00682474 0.845092 84.6543
0.839787 0.111579 -0.531327 -30.4514 -0.100821 0.993681 0.0493231 2.90912 0.533473 0.0121478 0.84573 85.4015
0.840423 0.10746 -0.531171 -30.8998 -0.100148 0.994058 0.0426503 2.94066 0.532598 0.0173515 0.846191 86.1072
0.841339 0.104673 -0.530276 -31.3133 -0.101108 0.99423 0.0358352 2.97111 0.530967 0.0234655 0.847068 86.7463
0.841642 0.108889 -0.528944 -31.6975 -0.105733 0.993731 0.0363307 2.99088 0.529584 0.0253494 0.847879 87.3411
0.842165 0.114811 -0.526856 -32.1202 -0.109684 0.993117 0.0410899 3.01641 0.527947 0.0231833 0.848961 87.9814
0.843452 0.115418 -0.524659 -32.5226 -0.10469 0.993237 0.0501967 3.04847 0.526905 0.0125883 0.849831 88.623
0.84424 0.11876 -0.522643 -32.9434 -0.102774 0.992917 0.0596062 3.08415 0.52602 0.00339231 0.850466 89.2937
0.845058 0.118042 -0.521481 -33.3939 -0.100199 0.993009 0.062404 3.1219 0.525201 -0.000483163 0.850978 90.0101
0.844943 0.111826 -0.523036 -33.8119 -0.0955017 0.993728 0.058181 3.15966 0.526262 0.000791288 0.850322 90.706
0.845492 0.105008 -0.523562 -34.2242 -0.0921725 0.994456 0.0506056 3.19433 0.525974 0.00547141 0.850483 91.3738
0.844668 0.105537 -0.524784 -34.6118 -0.0965691 0.99433 0.0445314 3.224 0.526508 0.0130637 0.85007 91.985
0.845059 0.106372 -0.523986 -34.9988 -0.100104 0.994157 0.0403767 3.24737 0.525219 0.0183323 0.85077 92.5825
0.844947 0.106646 -0.52411 -35.386 -0.102114 0.99406 0.0376487 3.26891 0.525012 0.0217077 0.850818 93.1852
0.844821 0.108734 -0.523883 -35.7493 -0.103555 0.993848 0.0392844 3.29466 0.524932 0.0210622 0.850884 93.7582
0.845303 0.112934 -0.522215 -36.1408 -0.104023 0.993489 0.0464707 3.32583 0.524062 0.0150406 0.851547 94.3691
0.844784 0.113719 -0.522885 -36.6039 -0.101609 0.99347 0.0519009 3.35668 0.525373 0.00928499 0.850822 95.1363
0.845352 0.113853 -0.521936 -37.0326 -0.100322 0.993476 0.0542258 3.38999 0.524705 0.00652172 0.851259 95.8078
0.84502 0.1121 -0.522853 -37.4504 -0.0998018 0.993661 0.0517442 3.42029 0.525339 0.0084568 0.850851 96.4807
0.845422 0.109382 -0.522778 -37.9064 -0.0985993 0.993944 0.0485128 3.4561 0.524918 0.0105318 0.851088 97.196
0.844891 0.107574 -0.52401 -38.4505 -0.0974639 0.994132 0.0469387 3.49487 0.525984 0.0114139 0.850418 98.0791
0.844602 0.112013 -0.523547 -39.0301 -0.100399 0.993658 0.0506269 3.5338 0.525897 0.0098038 0.850492 98.9738
0.84387 0.113073 -0.524498 -39.431 -0.0990491 0.99357 0.0548364 3.56188 0.527326 0.00567635 0.849644 99.6359
0.843261 0.116065 -0.524823 -39.853 -0.102531 0.993213 0.0549073 3.594 0.527634 0.00750965 0.849439 100.294
0.842229 0.11651 -0.52638 -40.3032 -0.105868 0.993101 0.0504212 3.62363 0.528623 0.0132607 0.848753 101.013
0.841578 0.118231 -0.527037 -40.7353 -0.109752 0.992825 0.0474694 3.65165 0.528868 0.0178941 0.848516 101.697
0.841522 0.12062 -0.526585 -41.1797 -0.111639 0.992543 0.0489455 3.68427 0.528562 0.0175987 0.848712 102.38
0.841334 0.12292 -0.526354 -41.6372 -0.112067 0.992307 0.0526044 3.71395 0.528771 0.014729 0.848637 103.094
0.84037 0.122693 -0.527943 -42.0655 -0.111973 0.99233 0.0523794 3.74351 0.53032 0.0150973 0.847663 103.776
0.841146 0.118632 -0.527636 -42.5879 -0.108075 0.992837 0.0509348 3.78622 0.529899 0.0141807 0.847942 104.597
0.841084 0.117883 -0.527903 -43.0857 -0.106736 0.992944 0.0516711 3.82477 0.530269 0.0128868 0.847731 105.374
0.840691 0.120125 -0.528024 -43.5896 -0.108945 0.992667 0.0523739 3.86256 0.530443 0.0134953 0.847613 106.157
0.840033 0.121841 -0.528677 -44.155 -0.11134 0.992431 0.0518086 3.89844 0.530988 0.0153418 0.847241 107.032
0.839047 0.12225 -0.530146 -44.7906 -0.11138 0.992387 0.0525629 3.93882 0.532535 0.014945 0.846276 108.047
0.838949 0.125383 -0.529569 -45.2602 -0.112754 0.992029 0.0562515 3.97996 0.532401 0.0125189 0.8464 108.775
0.838873 0.127241 -0.529246 -45.7282 -0.114301 0.991794 0.0572756 4.01842 0.532191 0.0124464 0.846533 109.498
0.838678 0.124895 -0.530113 -46.2046 -0.113199 0.992069 0.0546421 4.05747 0.532733 0.0141812 0.846165 110.251
0.838385 0.122123 -0.531222 -46.6658 -0.112744 0.992355 0.0501983 4.09784 0.533291 0.0178068 0.845744 110.974
0.838421 0.123055 -0.53095 -47.136 -0.113263 0.992249 0.0511149 4.1272 0.533124 0.0172809 0.84586 111.709
0.837888 0.128466 -0.53051 -47.6017 -0.117389 0.991578 0.0547114 4.1555 0.53307 0.0164342 0.845911 112.425
0.837853 0.131684 -0.529775 -48.0314 -0.120726 0.991137 0.0554322 4.18603 0.532379 0.0175133 0.846325 113.078
0.837694 0.128474 -0.530814 -48.46 -0.119021 0.991521 0.0521493 4.2182 0.533013 0.0194929 0.845882 113.751
0.837575 0.124016 -0.53206 -48.8535 -0.115679 0.992071 0.0491355 4.24405 0.533934 0.0203932 0.84528 114.384
0.837681 0.122633 -0.532214 -49.2458 -0.114932 0.992226 0.0477319 4.27075 0.53393 0.0211841 0.845263 114.996
0.837629 0.119424 -0.533025 -49.6193 -0.110155 0.992691 0.049306 4.29242 0.535017 0.0174155 0.844662 115.602
0.83789 0.117068 -0.533137 -50.0076 -0.106372 0.993024 0.0508748 4.31537 0.535374 0.0140833 0.844498 116.213
0.838355 0.115241 -0.532805 -50.3916 -0.103855 0.993262 0.0514221 4.34758 0.535141 0.0122243 0.844674 116.817
0.838696 0.117113 -0.531858 -50.7658 -0.104593 0.993062 0.0537336 4.37397 0.534462 0.0105628 0.845127 117.406
0.838794 0.119654 -0.531138 -51.1387 -0.106767 0.99276 0.0550377 4.39924 0.533878 0.0105427 0.845496 117.984
0.839602 0.117708 -0.530295 -51.5481 -0.106467 0.992964 0.0518403 4.42854 0.532666 0.0129335 0.846227 118.622
0.840039 0.111923 -0.530856 -51.9267 -0.102552 0.993607 0.0472072 4.45499 0.532746 0.0147845 0.846146 119.244
0.841002 0.114825 -0.528707 -52.3699 -0.106071 0.993248 0.0469896 4.4847 0.530532 0.0165622 0.847503 119.929
0.843032 0.121028 -0.52407 -52.8047 -0.111006 0.992528 0.0506468 4.51229 0.526284 0.015478 0.850168 120.567
0.84472 0.12131 -0.521279 -53.2473 -0.110408 0.992522 0.0520634 4.54284 0.523697 0.0135743 0.851797 121.293
0.84657 0.120701 -0.518411 -53.8255 -0.110771 0.992577 0.05021 4.57763 0.520623 0.0149186 0.853656 122.252
0.849273 0.120294 -0.514067 -54.2706 -0.110651 0.992627 0.049476 4.61369 0.516228 0.0148637 0.856322 123.01
0.852486 0.119137 -0.508994 -54.6597 -0.107128 0.992834 0.0529643 4.64647 0.511656 0.00937601 0.859139 123.694
0.856315 0.117847 -0.502828 -55.0196 -0.104345 0.993017 0.0550317 4.66478 0.505803 0.00534326 0.862633 124.322
0.860467 0.113152 -0.496783 -55.3256 -0.10084 0.993562 0.05164 4.68801 0.499428 0.00566096 0.866337 124.87
0.865385 0.110682 -0.488732 -55.6401 -0.101346 0.993805 0.0456146 4.71506 0.490753 0.0100569 0.871241 125.401
0.870793 0.107156 -0.47983 -55.9031 -0.098866 0.994188 0.0426008 4.73326 0.481606 0.0103424 0.876327 125.866
0.875695 0.103752 -0.471587 -56.1467 -0.0952726 0.994569 0.0418994 4.74564 0.473373 0.00823823 0.880823 126.327
0.88121 0.101886 -0.461615 -56.3929 -0.0933129 0.994774 0.0414311 4.75782 0.463424 0.00656509 0.886113 126.781
0.88655 0.0993431 -0.451841 -56.6276 -0.0902598 0.995046 0.0416766 4.7658 0.453743 0.00383472 0.891124 127.246
0.891484 0.0954614 -0.44288 -56.8494 -0.086542 0.99543 0.0403594 4.77644 0.444709 0.00234798 0.895672 127.707
0.896201 0.0914151 -0.434129 -57.0809 -0.0842754 0.995802 0.0357123 4.78823 0.435571 0.00458103 0.900143 128.198
0.900925 0.0871342 -0.425138 -57.2697 -0.0812875 0.99618 0.0319131 4.79615 0.426295 0.00580716 0.904566 128.628
0.905047 0.0837624 -0.416981 -57.4539 -0.0795312 0.996452 0.027545 4.80297 0.417808 0.00823343 0.908498 129.046
0.908689 0.0788139 -0.409966 -57.6088 -0.0758715 0.996841 0.0234687 4.80922 0.410521 0.009779 0.911799 129.427
0.912632 0.081858 -0.400502 -57.7748 -0.0798941 0.996569 0.0216308 4.81016 0.400898 0.0122567 0.916041 129.78
0.915038 0.0877513 -0.393708 -57.9248 -0.0872825 0.996 0.0191348 4.81414 0.393812 0.0168547 0.919036 130.129
0.917267 0.0903635 -0.387887 -58.0785 -0.0914467 0.995686 0.0157073 4.81473 0.387633 0.0210632 0.921573 130.474
0.919006 0.0916289 -0.383447 -58.223 -0.0924496 0.995583 0.016332 4.81708 0.38325 0.0204403 0.923418 130.804
0.919688 0.0905919 -0.382056 -58.3645 -0.0897653 0.995762 0.020028 4.82121 0.382251 0.0158758 0.923922 131.144
0.918749 0.0955641 -0.383103 -58.5254 -0.0943901 0.995294 0.0219096 4.83191 0.383394 0.0160317 0.923446 131.495
0.916385 0.0972167 -0.388315 -58.6831 -0.0958671 0.995131 0.0228995 4.83722 0.38865 0.0162419 0.921242 131.859
0.912466 0.092622 -0.398531 -58.8275 -0.09152 0.995564 0.0218358 4.83543 0.398785 0.016549 0.916895 132.211
0.906576 0.0879538 -0.412775 -58.9847 -0.0879228 0.995944 0.0191104 4.83992 0.412782 0.0189673 0.910632 132.537
0.897932 0.0769693 -0.433351 -59.1281 -0.0768497 0.996883 0.017823 4.84363 0.433372 0.0172991 0.901049 132.855
0.887075 0.0749259 -0.455505 -59.2981 -0.0747963 0.99703 0.0183389 4.85317 0.455526 0.0178021 0.890044 133.145
0.872457 0.0794635 -0.482188 -59.4744 -0.0784825 0.996667 0.0222447 4.86275 0.482348 0.0184357 0.875786 133.419
0.855998 0.0860881 -0.509762 -59.6715 -0.0839341 0.996098 0.0272771 4.87256 0.510121 0.0194373 0.859883 133.692
0.838016 0.0944738 -0.537405 -59.884 -0.0904651 0.995322 0.0339051 4.88577 0.538095 0.0202034 0.842642 133.968
0.818517 0.100588 -0.565608 -60.1079 -0.0922919 0.994788 0.0433546 4.90379 0.567021 0.0167146 0.823534 134.245
0.795925 0.107153 -0.595837 -60.3455 -0.0919155 0.99419 0.056009 4.91812 0.598377 0.0101876 0.80115 134.542
0.772077 0.113653 -0.625285 -60.6308 -0.0960479 0.993446 0.0619743 4.93622 0.62823 0.0122084 0.777932 134.844
0.746185 0.114204 -0.655869 -60.92 -0.0968746 0.993317 0.0627483 4.95558 0.658652 0.0167152 0.752262 135.145
0.7183 0.110041 -0.686976 -61.2187 -0.095738 0.993653 0.059061 4.9803 0.689115 0.0233462 0.724276 135.431
0.68948 0.105743 -0.716544 -61.5257 -0.0943264 0.99397 0.0559194 5.01127 0.718136 0.0290337 0.695297 135.69
0.657128 0.108361 -0.74595 -61.8263 -0.0942343 0.993659 0.0613308 5.04368 0.747866 0.0299919 0.663172 135.959
0.625439 0.118684 -0.771194 -62.1617 -0.0990617 0.992444 0.0723944 5.06928 0.773959 0.0311175 0.63247 136.194
0.593216 0.123352 -0.795537 -62.5292 -0.0974558 0.991927 0.0811326 5.09649 0.799123 0.0294005 0.600448 136.446
0.559241 0.123226 -0.819796 -62.9024 -0.0966984 0.991837 0.0831217 5.12749 0.823346 0.0327879 0.566592 136.679
0.524339 0.119731 -0.84305 -63.2902 -0.0942456 0.992142 0.0822886 5.16796 0.846278 0.0363066 0.531503 136.892
0.485689 0.116464 -0.866338 -63.6612 -0.0888818 0.992528 0.0835991 5.20554 0.869601 0.0363985 0.492412 137.099
0.44836 0.117262 -0.886128 -64.0648 -0.0864022 0.992401 0.0876078 5.242 0.889667 0.0372835 0.455085 137.279
0.409647 0.121393 -0.904131 -64.5028 -0.0865594 0.991807 0.0939461 5.28545 0.908128 0.0397763 0.416799 137.446
0.369483 0.123306 -0.92102 -64.9496 -0.0844701 0.99151 0.098857 5.33124 0.92539 0.0412727 0.376762 137.602
0.328352 0.125055 -0.936241 -65.4161 -0.0829218 0.991186 0.103312 5.37937 0.940909 0.043712 0.335828 137.751
0.290219 0.12857 -0.948284 -65.8938 -0.0853472 0.990462 0.108169 5.43712 0.953147 0.0495407 0.298424 137.859
0.25275 0.128046 -0.959021 -66.4176 -0.0855422 0.99028 0.109675 5.49669 0.963743 0.0543164 0.261246 137.972
0.215694 0.126399 -0.968246 -66.9742 -0.0809342 0.990489 0.111273 5.55312 0.973101 0.0543632 0.223872 138.088
0.180239 0.124593 -0.9757 -67.5596 -0.0756572 0.990763 0.112541 5.62036 0.980709 0.0535345 0.188001 138.189
0.148958 0.12199 -0.98129 -68.1997 -0.0673984 0.991306 0.113005 5.6918 0.986544 0.0493044 0.155885 138.276
0.119203 0.119915 -0.985602 -68.8016 -0.0651536 0.991485 0.112751 5.75827 0.99073 0.0507753 0.126001 138.329
0.0903323 0.114121 -0.989352 -69.4226 -0.0549987 0.992469 0.109459 5.82314 0.994392 0.0445254 0.0959284 138.387
0.0614084 0.108279 -0.992222 -70.0467 -0.0458792 0.993354 0.105563 5.89119 0.997058 0.0390399 0.065968 138.424
0.0345152 0.106896 -0.993671 -70.6164 -0.0351947 0.993777 0.105685 5.94896 0.998784 0.0313242 0.0380626 138.444
0.0104518 0.107013 -0.994203 -71.1885 -0.0318374 0.993789 0.106634 6.0111 0.999438 0.0305383 0.0137939 138.433
-0.0122242 0.109151 -0.99395 -71.7788 -0.0267403 0.993633 0.109445 6.07015 0.999568 0.0279164 -0.00922767 138.419
-0.0304036 0.109666 -0.993503 -72.5699 -0.0228463 0.993627 0.110379 6.15982 0.999277 0.0260538 -0.0277044 138.379
-0.0456579 0.114187 -0.99241 -73.3165 -0.0215288 0.993102 0.115257 6.24122 0.998725 0.0266278 -0.0428847 138.337
-0.0592241 0.11704 -0.99136 -74.4067 -0.0208072 0.992742 0.118446 6.35885 0.998028 0.0276423 -0.0563591 138.268
-0.0704391 0.117455 -0.990577 -75.4093 -0.0190076 0.992705 0.119059 6.47141 0.997335 0.0272148 -0.0676927 138.186
-0.0809703 0.111881 -0.990417 -76.8523 -0.0165073 0.993393 0.113567 6.62947 0.99658 0.0255446 -0.0785885 138.067
-0.0897915 0.107387 -0.990154 -77.7471 -0.0174432 0.993848 0.10937 6.73094 0.995808 0.027092 -0.0873659 137.978
-0.0979982 0.107683 -0.989344 -78.8799 -0.0228447 0.993623 0.110412 6.85788 0.994924 0.0334214 -0.0949133 137.844
-0.105054 0.110539 -0.988304 -79.6552 -0.0232451 0.993259 0.113564 6.93581 0.994195 0.0349036 -0.101776 137.764
-0.108669 0.111036 -0.987857 -80.3977 -0.0223449 0.993218 0.114096 7.01745 0.993827 0.0344722 -0.105451 137.67
-0.112704 0.110287 -0.987489 -81.1348 -0.0232458 0.993256 0.113584 7.09676 0.993357 0.0357563 -0.10938 137.592
-0.116386 0.107321 -0.987389 -81.8388 -0.0253393 0.9935 0.110972 7.16982 0.992881 0.0379353 -0.11291 137.507
-0.118561 0.104528 -0.98743 -82.4925 -0.0240815 0.993848 0.108099 7.23851 0.992655 0.0365951 -0.115315 137.424
-0.121645 0.102713 -0.987245 -83.1879 -0.0223863 0.994094 0.106184 7.31555 0.992321 0.0350176 -0.118628 137.342
-0.120639 0.101047 -0.98754 -83.9356 -0.0201721 0.994351 0.104208 7.38614 0.992491 0.0324923 -0.11792 137.24
-0.12266 0.0985157 -0.987547 -84.8068 -0.0190266 0.994645 0.101587 7.46556 0.992266 0.0312503 -0.120128 137.144
-0.123448 0.0970291 -0.987596 -85.8515 -0.0202182 0.994756 0.10026 7.57402 0.992145 0.0323443 -0.120839 137.012
-0.125237 0.102708 -0.986796 -86.7922 -0.016661 0.994269 0.105601 7.66181 0.991987 0.0296661 -0.122808 136.914
-0.124502 0.107689 -0.986358 -88.5062 -0.014056 0.993802 0.110275 7.82705 0.99212 0.0275938 -0.122217 136.694
-0.122808 0.109811 -0.986336 -89.3098 -0.0145646 0.993553 0.112428 7.90752 0.992324 0.0281727 -0.120417 136.581
-0.122138 0.109465 -0.986458 -90.0396 -0.0168893 0.993526 0.112341 7.98406 0.992369 0.0303816 -0.119498 136.483
-0.122853 0.110863 -0.986213 -90.7981 -0.0180599 0.993327 0.113913 8.0597 0.99226 0.0318054 -0.120031 136.399
-0.122102 0.107653 -0.986662 -92.1618 -0.0174291 0.993715 0.110579 8.19934 0.992365 0.0306985 -0.119458 136.23
-0.121254 0.101947 -0.987372 -92.9165 -0.0165987 0.994364 0.104708 8.27287 0.992483 0.0290853 -0.118878 136.134
-0.120215 0.0975431 -0.987944 -93.7078 -0.0139335 0.994897 0.0999251 8.35018 0.99265 0.025778 -0.118243 136.036
-0.118195 0.103621 -0.987569 -94.4472 -0.0123161 0.994311 0.105802 8.42092 0.992914 0.0246683 -0.116246 135.939
-0.117807 0.118247 -0.985971 -95.1697 -0.0157461 0.992538 0.120916 8.48938 0.992912 0.02977 -0.115066 135.845
-0.118143 0.126406 -0.984918 -96.0125 -0.00972314 0.99167 0.128439 8.57663 0.992949 0.0247507 -0.11593 135.758
-0.117939 0.116747 -0.986134 -96.897 -0.00968748 0.992882 0.118705 8.66811 0.992974 0.0235531 -0.115969 135.654
-0.11842 0.0980457 -0.988111 -97.6844 -0.0144058 0.994839 0.10044 8.7546 0.992859 0.0261285 -0.116396 135.556
-0.120385 0.0865959 -0.988943 -98.4208 -0.0128739 0.995968 0.0887782 8.8239 0.992644 0.0234191 -0.118785 135.47
-0.122325 0.0920984 -0.988208 -99.123 -0.0113125 0.995491 0.0941775 8.8852 0.992426 0.0226994 -0.120732 135.389
-0.121428 0.102856 -0.987257 -100.014 -0.00880899 0.994466 0.10469 8.97025 0.992561 0.021409 -0.11985 135.27
-0.121798 0.113732 -0.986017 -100.896 -0.00504315 0.99333 0.115199 9.05595 0.992542 0.0190036 -0.120412 135.164
-0.122764 0.114638 -0.985793 -102.242 -0.00751911 0.99317 0.116432 9.19282 0.992407 0.021706 -0.121064 134.98
-0.1247 0.111598 -0.985899 -103.6 -0.0012931 0.993635 0.112637 9.33873 0.992194 0.0153207 -0.123762 134.833
-0.125941 0.107018 -0.986248 -104.993 0.00102989 0.994178 0.107746 9.49306 0.992037 0.012554 -0.125318 134.652
-0.126346 0.103188 -0.986605 -106.401 0.00129391 0.994591 0.103858 9.64077 0.991985 0.0118455 -0.125796 134.468
-0.127859 0.0992462 -0.986814 -107.304 -0.000264758 0.994977 0.100101 9.71895 0.991792 0.0130602 -0.127191 134.356
-0.1272 0.0968437 -0.987138 -108.266 -0.00414437 0.995162 0.0981649 9.81332 0.991868 0.0165776 -0.126183 134.213
-0.126501 0.102061 -0.986702 -109.068 -0.00229206 0.99466 0.103178 9.87944 0.991964 0.0153137 -0.125592 134.115
-0.125611 0.112194 -0.985715 -110.066 -0.00225839 0.99355 0.113374 9.97145 0.992077 0.0164671 -0.124547 133.994
-0.123498 0.116172 -0.985521 -110.893 -0.000213617 0.993121 0.117094 10.0518 0.992345 0.0146714 -0.122624 133.895
-0.121945 0.114621 -0.985896 -111.858 -0.00108836 0.993293 0.115616 10.1501 0.992536 0.0151717 -0.121002 133.783
-0.120536 0.109656 -0.986634 -112.708 0.00124071 0.993896 0.110312 10.237 0.992708 0.0120725 -0.119937 133.699
-0.118308 0.10911 -0.986964 -113.512 0.00507376 0.993998 0.10928 10.3192 0.992964 0.00792101 -0.118151 133.607
-0.116417 0.110968 -0.986982 -114.392 0.00219616 0.993765 0.111472 10.4034 0.993198 0.0108097 -0.115935 133.5
-0.115062 0.117506 -0.986384 -115.332 0.005062 0.993035 0.117708 10.4884 0.993345 0.00855056 -0.114855 133.403
-0.113045 0.119055 -0.986431 -116.489 0.000843661 0.992806 0.119727 10.6112 0.99359 0.0127023 -0.112332 133.252
-0.111896 0.116942 -0.986815 -117.525 -0.00324211 0.993003 0.118043 10.7148 0.993715 0.016408 -0.110734 133.124
-0.111679 0.111094 -0.987515 -118.673 -0.00742953 0.99361 0.11262 10.8398 0.993717 0.019914 -0.11014 132.979
-0.112668 0.109819 -0.987545 -119.576 -0.0109664 0.993676 0.111752 10.933 0.993572 0.0234207 -0.110751 132.872
-0.115202 0.111667 -0.987046 -120.413 -0.00704536 0.993544 0.113224 11.0165 0.993317 0.0199978 -0.113672 132.779
-0.119702 0.111161 -0.986567 -121.177 -0.00306095 0.993666 0.112332 11.0916 0.992805 0.0164663 -0.118604 132.714
-0.123388 0.109743 -0.986272 -121.968 -0.00173256 0.993841 0.110802 11.1722 0.992357 0.0153804 -0.122438 132.618
-0.127938 0.111668 -0.985476 -122.703 1.46722e-05 0.993641 0.112591 11.2481 0.991782 0.0143903 -0.127127 132.535
-0.13159 0.113841 -0.984746 -123.414 0.00572453 0.993455 0.114083 11.3208 0.991288 0.00937485 -0.13138 132.444
-0.136605 0.114681 -0.983965 -124.085 0.00524333 0.993346 0.115047 11.3897 0.990612 0.0105567 -0.136297 132.347
-0.141073 0.113768 -0.983441 -124.755 -0.000621223 0.993365 0.115006 11.4608 0.989999 0.0168351 -0.140066 132.235
-0.14681 0.11382 -0.982594 -125.395 0.0023696 0.993395 0.114717 11.5248 0.989162 0.0145133 -0.14611 132.149
-0.15142 0.115575 -0.98169 -126.023 0.00204087 0.993175 0.116613 11.5901 0.988467 0.0156539 -0.150622 132.047
-0.156321 0.115697 -0.980907 -126.656 0.00366984 0.993177 0.11656 11.6505 0.9877 0.014621 -0.155679 131.954
-0.158954 0.11319 -0.980776 -127.26 0.00185197 0.993439 0.114351 11.709 0.987284 0.0163602 -0.15812 131.835
-0.163164 0.110798 -0.980358 -127.827 0.00724969 0.993782 0.111109 11.7727 0.986572 0.0110217 -0.162953 131.757
-0.163113 0.111976 -0.980232 -128.37 0.00481901 0.993617 0.112703 11.8268 0.986596 0.0136595 -0.162611 131.649
-0.162548 0.11644 -0.979806 -128.894 0.000277075 0.993018 0.117964 11.8779 0.986701 0.0189034 -0.161446 131.549
-0.162627 0.11885 -0.979503 -129.425 0.00421899 0.992794 0.119763 11.9271 0.986679 0.0153441 -0.161957 131.478
-0.160279 0.114902 -0.980361 -129.943 0.00452561 0.993277 0.115676 11.9816 0.987061 0.0141037 -0.159722 131.393
-0.153634 0.110583 -0.981921 -130.423 0.00522514 0.993795 0.111102 12.0337 0.988114 0.0119384 -0.153258 131.308
-0.14488 0.107984 -0.983539 -130.894 8.68309e-05 0.994028 0.109123 12.0856 0.989449 0.0157244 -0.144025 131.233
-0.131457 0.109332 -0.985274 -131.341 0.00121553 0.993917 0.110128 12.1278 0.991321 0.0132795 -0.13079 131.178
-0.115998 0.112438 -0.986865 -131.78 0.000297824 0.993576 0.113168 12.1681 0.993249 0.0128333 -0.115286 131.136
-0.0971392 0.114666 -0.988643 -132.225 0.00210089 0.993362 0.115007 12.2126 0.995269 0.00909464 -0.0967353 131.111
-0.0735087 0.112309 -0.990951 -132.665 0.00228213 0.993655 0.112446 12.2525 0.997292 0.0060043 -0.0732986 131.09
-0.0458397 0.1093 -0.992951 -133.096 -0.000794171 0.993992 0.109451 12.2941 0.998948 0.00580579 -0.0454775 131.076
-0.0153406 0.109675 -0.993849 -133.525 -0.00640103 0.993935 0.109783 12.3366 0.999862 0.00804579 -0.0145455 131.078
0.0209729 0.111186 -0.993578 -133.958 -0.0133039 0.99374 0.110924 12.3803 0.999692 0.0108921 0.0223208 131.101
0.0630286 0.110797 -0.991842 -134.386 -0.0243186 0.993694 0.109458 12.4199 0.997715 0.0172212 0.0653255 131.137
0.108801 0.107759 -0.988206 -134.804 -0.0264331 0.994069 0.105489 12.4552 0.993712 0.0146441 0.111004 131.217
0.159333 0.105779 -0.981542 -135.216 -0.0364941 0.994195 0.101218 12.4901 0.98655 0.019693 0.162269 131.306
0.213989 0.104109 -0.971272 -135.614 -0.0454493 0.994289 0.0965631 12.527 0.975778 0.0234803 0.217498 131.415
0.270165 0.0989768 -0.957713 -135.984 -0.0449756 0.994914 0.090134 12.5594 0.961763 0.0187227 0.273243 131.556
0.325344 0.0904877 -0.941256 -136.326 -0.0432099 0.995794 0.0807952 12.5817 0.944608 0.0143853 0.327886 131.728
0.382497 0.0820941 -0.920302 -136.638 -0.0471516 0.996481 0.0692923 12.603 0.922753 0.0168896 0.385022 131.896
0.440291 0.0766783 -0.894575 -136.927 -0.0540278 0.996804 0.0588495 12.6206 0.896228 0.0224209 0.443027 132.062
0.496091 0.0743307 -0.865083 -137.196 -0.0580854 0.996938 0.0523504 12.6388 0.866326 0.0242782 0.498889 132.24
0.549863 0.0722452 -0.832124 -137.441 -0.0548166 0.997226 0.0503568 12.6518 0.833454 0.0179249 0.552298 132.436
0.601138 0.0713796 -0.795951 -137.683 -0.0511874 0.997397 0.050786 12.6663 0.797504 0.0102133 0.603227 132.665
0.648202 0.0745252 -0.757812 -137.924 -0.0540888 0.997192 0.051801 12.6807 0.759545 0.0074116 0.650413 132.916
0.691403 0.0790421 -0.718132 -138.172 -0.0610455 0.996834 0.0509444 12.6935 0.719885 0.00861558 0.69404 133.179
0.72983 0.0775842 -0.679211 -138.396 -0.062072 0.996956 0.0471812 12.7064 0.680804 0.00772569 0.732425 133.474
0.765028 0.0749336 -0.639623 -138.619 -0.0622548 0.997161 0.0423596 12.7199 0.640981 0.0074133 0.767521 133.788
0.796634 0.072536 -0.600094 -138.833 -0.062779 0.997333 0.0372119 12.7329 0.601193 0.00802908 0.799063 134.109
0.824534 0.0717546 -0.561245 -139.044 -0.064078 0.997387 0.0333769 12.7444 0.562173 0.00844307 0.826977 134.443
0.848782 0.0743185 -0.523493 -139.252 -0.0673332 0.997204 0.0323968 12.7559 0.524437 0.0077506 0.851414 134.792
0.869453 0.077095 -0.487964 -139.45 -0.0696485 0.997012 0.0334216 12.7659 0.489082 0.00492745 0.872224 135.151
0.886479 0.077945 -0.456157 -139.646 -0.0700616 0.996956 0.0341978 12.7802 0.457434 0.0016434 0.889242 135.56
0.900786 0.0749991 -0.427738 -139.844 -0.0686313 0.997181 0.030312 12.7999 0.428805 0.0020516 0.903395 135.987
0.911129 0.0689743 -0.406309 -140.023 -0.0630882 0.997618 0.0278817 12.8067 0.407265 0.000229503 0.91331 136.447
0.919224 0.0644685 -0.38842 -140.235 -0.0597232 0.997919 0.0242915 12.8205 0.389178 0.000868372 0.921162 136.981
0.924971 0.0606497 -0.375167 -140.421 -0.0574515 0.998154 0.0197159 12.8305 0.37567 0.00331734 0.926748 137.442
0.928274 0.0588511 -0.36721 -140.62 -0.055974 0.998261 0.0184895 12.8387 0.36766 0.00339088 0.929954 137.952
0.930353 0.0556878 -0.362413 -140.822 -0.0526023 0.998446 0.0183841 12.8458 0.362873 0.00196007 0.931836 138.492
0.931195 0.0532601 -0.360611 -141.013 -0.0491586 0.99858 0.0205438 12.8525 0.361193 -0.00140314 0.93249 139.024
0.931359 0.0548294 -0.35995 -141.231 -0.0497991 0.998489 0.0232413 12.8593 0.36068 -0.00372083 0.932682 139.6
0.931333 0.0531704 -0.360266 -141.448 -0.0480636 0.998577 0.0231258 12.8631 0.360982 -0.00422211 0.932563 140.17
0.930726 0.0508908 -0.36216 -141.869 -0.0466249 0.998702 0.0205153 12.8805 0.362734 -0.00220845 0.93189 141.289
0.930299 0.0482692 -0.363612 -142.292 -0.0438852 0.99883 0.0203138 12.9114 0.364168 -0.00294072 0.931329 142.362
0.928962 0.0522765 -0.366464 -142.493 -0.0468087 0.99862 0.0237975 12.9224 0.367202 -0.0049533 0.930128 142.835
0.927632 0.0522469 -0.369822 -142.703 -0.0440523 0.998561 0.0305752 12.9345 0.370888 -0.0120711 0.928599 143.35
0.925814 0.0519024 -0.374398 -142.918 -0.0424896 0.99854 0.0333579 12.9475 0.375582 -0.0149752 0.926668 143.889
