1 0 0 0 0 1 0 0 0 0 1 0
0.999997 -0.00206564 -0.000898483 0.0102032 0.00206576 0.999998 0.000136399 -0.00516512 0.000898199 -0.000138255 1 0.236955
0.999951 -0.0092282 -0.00368957 0.0410729 0.00922729 0.999957 -0.000264524 -0.0118554 0.00369185 0.000230466 0.999993 0.489409
0.999896 -0.013451 -0.00512461 0.0571487 0.0134477 0.999909 -0.000667987 -0.0185131 0.00513313 0.000599003 0.999987 0.734827
0.999863 -0.0155296 -0.00580066 0.0651477 0.0155235 0.999879 -0.00110759 -0.0202201 0.00581716 0.00101739 0.999983 0.987767
0.999856 -0.0159791 -0.00578868 0.0649531 0.0159741 0.999872 -0.000904555 -0.0211827 0.0058024 0.000811956 0.999983 1.22812
0.999757 -0.0206451 -0.00773213 0.0859165 0.0206352 0.999786 -0.00135072 -0.0294698 0.00775836 0.00119083 0.999969 1.46308
0.999703 -0.022636 -0.00897558 0.092389 0.0226214 0.999743 -0.00172223 -0.0316803 0.00901226 0.00151868 0.999958 1.70184
0.99959 -0.026221 -0.0114762 0.107324 0.0261978 0.999654 -0.00216685 -0.0318435 0.011529 0.00186531 0.999932 1.93305
0.999469 -0.0296712 -0.0134406 0.116091 0.029638 0.999557 -0.0026662 -0.0342165 0.0135138 0.00226644 0.999906 2.16522
0.999469 -0.0296712 -0.0134406 0.116091 0.029638 0.999557 -0.0026662 -0.0342165 0.0135138 0.00226644 0.999906 2.16522
0.999469 -0.0296712 -0.0134406 0.116091 0.029638 0.999557 -0.0026662 -0.0342165 0.0135138 0.00226644 0.999906 2.16522
0.999469 -0.0296712 -0.0134406 0.116091 0.029638 0.999557 -0.0026662 -0.0342165 0.0135138 0.00226644 0.999906 2.16522
0.999469 -0.0296712 -0.0134406 0.116091 0.029638 0.999557 -0.0026662 -0.0342165 0.0135138 0.00226644 0.999906 2.16522
0.999469 -0.0296712 -0.0134406 0.116091 0.029638 0.999557 -0.0026662 -0.0342165 0.0135138 0.00226644 0.999906 2.16522
0.999469 -0.0296712 -0.0134406 0.116091 0.029638 0.999557 -0.0026662 -0.0342165 0.0135138 0.00226644 0.999906 2.16522
0.999469 -0.0296712 -0.0134406 0.116091 0.029638 0.999557 -0.0026662 -0.0342165 0.0135138 0.00226644 0.999906 2.16522
0.999469 -0.0296712 -0.0134406 0.116091 0.029638 0.999557 -0.0026662 -0.0342165 0.0135138 0.00226644 0.999906 2.16522
0.999469 -0.0296712 -0.0134406 0.116091 0.029638 0.999557 -0.0026662 -0.0342165 0.0135138 0.00226644 0.999906 2.16522
0.999469 -0.0296712 -0.0134406 0.116091 0.029638 0.999557 -0.0026662 -0.0342165 0.0135138 0.00226644 0.999906 2.16522
0.999469 -0.0296712 -0.0134406 0.116091 0.029638 0.999557 -0.0026662 -0.0342165 0.0135138 0.00226644 0.999906 2.16522
0.999469 -0.0296712 -0.0134406 0.116091 0.029638 0.999557 -0.0026662 -0.0342165 0.0135138 0.00226644 0.999906 2.16522
0.999328 -0.0332679 -0.0154054 0.131568 0.0332195 0.999442 -0.00338251 -0.0346005 0.0155093 0.00286847 0.999876 2.37638
0.999328 -0.0332679 -0.0154054 0.131568 0.0332195 0.999442 -0.00338251 -0.0346005 0.0155093 0.00286847 0.999876 2.37638
0.999259 -0.0346959 -0.0166488 0.138055 0.0346443 0.999394 -0.00338106 -0.0379174 0.016756 0.00280177 0.999856 2.57502
0.999259 -0.0346959 -0.0166488 0.138055 0.0346443 0.999394 -0.00338106 -0.0379174 0.016756 0.00280177 0.999856 2.57502
0.999259 -0.0346959 -0.0166488 0.138055 0.0346443 0.999394 -0.00338106 -0.0379174 0.016756 0.00280177 0.999856 2.57502
0.999259 -0.0346959 -0.0166488 0.138055 0.0346443 0.999394 -0.00338106 -0.0379174 0.016756 0.00280177 0.999856 2.57502
0.999259 -0.0346959 -0.0166488 0.138055 0.0346443 0.999394 -0.00338106 -0.0379174 0.016756 0.00280177 0.999856 2.57502
0.999259 -0.0346959 -0.0166488 0.138055 0.0346443 0.999394 -0.00338106 -0.0379174 0.016756 0.00280177 0.999856 2.57502
0.999259 -0.0346959 -0.0166488 0.138055 0.0346443 0.999394 -0.00338106 -0.0379174 0.016756 0.00280177 0.999856 2.57502
0.999259 -0.0346959 -0.0166488 0.138055 0.0346443 0.999394 -0.00338106 -0.0379174 0.016756 0.00280177 0.999856 2.57502
0.999259 -0.0346959 -0.0166488 0.138055 0.0346443 0.999394 -0.00338106 -0.0379174 0.016756 0.00280177 0.999856 2.57502
0.999259 -0.0346959 -0.0166488 0.138055 0.0346443 0.999394 -0.00338106 -0.0379174 0.016756 0.00280177 0.999856 2.57502
0.999259 -0.0346959 -0.0166488 0.138055 0.0346443 0.999394 -0.00338106 -0.0379174 0.016756 0.00280177 0.999856 2.57502
0.999259 -0.0346959 -0.0166488 0.138055 0.0346443 0.999394 -0.00338106 -0.0379174 0.016756 0.00280177 0.999856 2.57502
0.999259 -0.0346959 -0.0166488 0.138055 0.0346443 0.999394 -0.00338106 -0.0379174 0.016756 0.00280177 0.999856 2.57502
0.999259 -0.0346959 -0.0166488 0.138055 0.0346443 0.999394 -0.00338106 -0.0379174 0.016756 0.00280177 0.999856 2.57502
0.999259 -0.0346959 -0.0166488 0.138055 0.0346443 0.999394 -0.00338106 -0.0379174 0.016756 0.00280177 0.999856 2.57502
0.999259 -0.0346959 -0.0166488 0.138055 0.0346443 0.999394 -0.00338106 -0.0379174 0.016756 0.00280177 0.999856 2.57502
0.999259 -0.0346959 -0.0166488 0.138055 0.0346443 0.999394 -0.00338106 -0.0379174 0.016756 0.00280177 0.999856 2.57502
0.999259 -0.0346959 -0.0166488 0.138055 0.0346443 0.999394 -0.00338106 -0.0379174 0.016756 0.00280177 0.999856 2.57502
0.999259 -0.0346959 -0.0166488 0.138055 0.0346443 0.999394 -0.00338106 -0.0379174 0.016756 0.00280177 0.999856 2.57502
0.999259 -0.0346959 -0.0166488 0.138055 0.0346443 0.999394 -0.00338106 -0.0379174 0.016756 0.00280177 0.999856 2.57502
0.999259 -0.0346959 -0.0166488 0.138055 0.0346443 0.999394 -0.00338106 -0.0379174 0.016756 0.00280177 0.999856 2.57502
0.999035 -0.0396013 -0.0189846 0.151065 0.0395268 0.999209 -0.00428215 -0.040169 0.0191392 0.00352762 0.999811 2.80438
0.998857 -0.0428136 -0.0212599 0.161269 0.0427105 0.999074 -0.00528008 -0.0415148 0.0214663 0.00436602 0.99976 3.06302
0.998857 -0.0428136 -0.0212599 0.161269 0.0427105 0.999074 -0.00528008 -0.0415148 0.0214663 0.00436602 0.99976 3.06302
0.99856 -0.048123 -0.023696 0.176797 0.0479909 0.998829 -0.00611224 -0.0418143 0.0239624 0.00496625 0.999701 3.34149
0.99856 -0.048123 -0.023696 0.176797 0.0479909 0.998829 -0.00611224 -0.0418143 0.0239624 0.00496625 0.999701 3.34149
0.998418 -0.0505156 -0.0247043 0.181211 0.0503629 0.998708 -0.0067646 -0.0430922 0.0250141 0.00550972 0.999672 3.61304
0.998288 -0.0523699 -0.0260389 0.184575 0.0522062 0.998612 -0.00692772 -0.0455918 0.0263656 0.00555647 0.999637 3.90079
0.998304 -0.0518594 -0.0264393 0.178672 0.0516886 0.998638 -0.00710504 -0.049553 0.0267717 0.00572639 0.999625 4.20332
0.998277 -0.0521644 -0.0268819 0.172239 0.0519783 0.998619 -0.0075765 -0.0540686 0.02724 0.00616617 0.99961 4.53554
0.998061 -0.055831 -0.0275097 0.178249 0.0556036 0.998413 -0.00896382 -0.0549762 0.0279665 0.0074168 0.999581 4.85076
0.997887 -0.0584126 -0.0284405 0.179007 0.058171 0.998264 -0.00925065 -0.0597286 0.0289315 0.00757669 0.999553 5.18409
0.997703 -0.060691 -0.0301026 0.179254 0.0604353 0.998128 -0.00933307 -0.0685879 0.0306127 0.00749236 0.999503 5.5297
0.997598 -0.062218 -0.0304408 0.172372 0.0619523 0.998033 -0.00959588 -0.0757766 0.030978 0.00768695 0.999491 5.89082
0.997494 -0.0634075 -0.0313899 0.166576 0.0631215 0.997956 -0.0100205 -0.0808827 0.0319611 0.00801403 0.999457 6.32012
0.997393 -0.0648537 -0.0316574 0.15659 0.0645719 0.997864 -0.00984472 -0.0897281 0.0322282 0.00777487 0.99945 6.738
0.997214 -0.066687 -0.0334299 0.151902 0.0664083 0.997748 -0.00938118 -0.0947811 0.0339802 0.00713502 0.999397 7.18473
0.997184 -0.0670988 -0.0334845 0.140033 0.0668266 0.997722 -0.00918438 -0.106891 0.0340245 0.00692087 0.999397 7.64212
0.996985 -0.0697074 -0.034074 0.131454 0.0694265 0.997543 -0.00936133 -0.112308 0.0346429 0.00696747 0.999375 8.09976
0.996909 -0.0704067 -0.0348632 0.117831 0.0701739 0.997504 -0.00785807 -0.121464 0.0353294 0.0053873 0.999361 8.53344
0.996613 -0.0737518 -0.0363895 0.116377 0.0735777 0.997271 -0.00610055 -0.126813 0.0367401 0.00340242 0.999319 8.98686
0.996746 -0.0721549 -0.0359191 0.0867583 0.0720622 0.997393 -0.00387015 -0.136881 0.0361047 0.00126915 0.999347 9.41201
0.996654 -0.0731923 -0.036377 0.0700001 0.0731692 0.997318 -0.00196815 -0.142683 0.0364235 -0.000700108 0.999336 9.81608
0.996608 -0.0733011 -0.0374189 0.0555258 0.0733218 0.997308 -0.000818625 -0.150263 0.0373782 -0.00192777 0.999299 10.2651
0.996672 -0.0723781 -0.0375051 0.0381182 0.0724084 0.997375 -0.000550639 -0.157722 0.0374465 -0.00216688 0.999296 10.6921
0.996414 -0.0751559 -0.0388592 0.0335225 0.0751887 0.997169 -0.000618215 -0.164136 0.0387957 -0.00230578 0.999245 11.0911
0.995926 -0.0802373 -0.0411444 0.0369469 0.080249 0.996774 -0.00137133 -0.166075 0.0411217 -0.00193606 0.999152 11.5131
0.995902 -0.0803069 -0.0415993 0.0221321 0.0803107 0.996769 -0.00158294 -0.171673 0.041592 -0.00176441 0.999133 11.9326
0.995831 -0.0809442 -0.0420437 0.0033176 0.0809579 0.996717 -0.00137875 -0.177485 0.0420172 -0.00203076 0.999115 12.3464
0.995387 -0.0849903 -0.0445053 0.00178956 0.0849979 0.99638 -0.00172393 -0.178212 0.0444907 -0.00206687 0.999008 12.7761
0.994877 -0.0897301 -0.0465562 0.00231126 0.0897153 0.995965 -0.00241179 -0.185625 0.0465847 -0.00177737 0.998913 13.1759
0.994496 -0.0938517 -0.0465852 -0.0065391 0.0938183 0.995585 -0.00290692 -0.190941 0.0466524 -0.00147963 0.99891 13.5631
0.994404 -0.0942708 -0.0476775 -0.0200575 0.0942447 0.995545 -0.00280077 -0.196538 0.0477291 -0.00170825 0.998859 13.9708
0.993847 -0.099255 -0.0491608 -0.0271651 0.0992045 0.995061 -0.00347256 -0.196797 0.0492626 -0.00142577 0.998785 14.3758
0.993611 -0.101114 -0.0501226 -0.0390752 0.101023 0.994875 -0.00435165 -0.201511 0.0503057 -0.000739678 0.998734 14.7739
0.993524 -0.101588 -0.0509007 -0.0575125 0.10149 0.994826 -0.00451116 -0.205854 0.0510956 -0.000683976 0.998694 15.1785
0.993682 -0.0998142 -0.0513133 -0.0844477 0.0997089 0.995006 -0.00461475 -0.21285 0.0515176 -0.000530791 0.998672 15.5988
0.993138 -0.104182 -0.0531255 -0.0884272 0.103988 0.994558 -0.00642225 -0.216591 0.0535054 0.000853795 0.998567 16.0045
0.99308 -0.104253 -0.0540602 -0.10853 0.104023 0.99455 -0.00704672 -0.223779 0.0545002 0.00137444 0.998513 16.4102
0.993134 -0.103448 -0.0546175 -0.131738 0.103197 0.994633 -0.00739645 -0.23337 0.0550895 0.00170931 0.99848 16.8154
0.992995 -0.104267 -0.055586 -0.147835 0.103976 0.994547 -0.00810246 -0.24136 0.0561277 0.00226608 0.998421 17.2308
0.992627 -0.106958 -0.057017 -0.155756 0.106637 0.99426 -0.0086623 -0.250694 0.0576162 0.00251833 0.998336 17.6673
0.992268 -0.109476 -0.0584697 -0.167818 0.109127 0.993986 -0.00912244 -0.255649 0.0591167 0.00267126 0.998248 18.0817
0.992204 -0.109796 -0.0589529 -0.191563 0.10946 0.993951 -0.00890798 -0.265521 0.0595743 0.00238558 0.998221 18.4983
0.992099 -0.111009 -0.0584489 -0.219768 0.110658 0.993816 -0.00920492 -0.27642 0.0591092 0.00266433 0.998248 18.9387
0.99194 -0.112247 -0.0587805 -0.239233 0.111889 0.993677 -0.00935058 -0.288119 0.0594584 0.00269832 0.998227 19.3696
0.991962 -0.111986 -0.0589176 -0.266971 0.111615 0.993705 -0.009562 -0.298922 0.0596176 0.00290903 0.998217 19.8165
0.991581 -0.114758 -0.0599782 -0.280739 0.114399 0.99339 -0.009395 -0.311366 0.0606599 0.00245446 0.998155 20.2345
0.99172 -0.113493 -0.0600954 -0.307746 0.113127 0.993535 -0.00947167 -0.319094 0.0607819 0.00259482 0.998148 20.657
0.991754 -0.113077 -0.0603077 -0.334745 0.11273 0.993584 -0.00914336 -0.32876 0.0609547 0.00226948 0.998138 21.0771
0.99132 -0.116351 -0.0612073 -0.347458 0.116018 0.993207 -0.00898559 -0.341013 0.061837 0.00180647 0.998085 21.4852
0.991306 -0.116424 -0.0613073 -0.375451 0.116084 0.993198 -0.00908528 -0.354368 0.061948 0.00188949 0.998078 21.967
0.991089 -0.118133 -0.0615354 -0.394734 0.117801 0.992996 -0.00900046 -0.364013 0.0621677 0.0016713 0.998064 22.3585
0.990617 -0.121339 -0.0628931 -0.404385 0.12097 0.992609 -0.00966822 -0.370207 0.0636014 0.00196935 0.997973 22.7481
0.99032 -0.123397 -0.0635544 -0.422281 0.123011 0.992355 -0.00997609 -0.380084 0.0642995 0.00206166 0.997929 23.1419
0.989541 -0.128645 -0.0652619 -0.419417 0.128229 0.991689 -0.0105445 -0.387819 0.066076 0.00206572 0.997812 23.5106
0.988793 -0.133363 -0.0671051 -0.427562 0.132913 0.991065 -0.0111477 -0.391381 0.0679922 0.00210366 0.997684 23.8932
0.988761 -0.133357 -0.0675869 -0.454204 0.132904 0.991066 -0.0111749 -0.399389 0.0684733 0.0020667 0.997651 24.2736
0.988302 -0.136101 -0.068815 -0.468568 0.135626 0.990693 -0.0115498 -0.407064 0.0697465 0.00208161 0.997563 24.6497
0.987896 -0.138259 -0.0703219 -0.488513 0.137803 0.990395 -0.0113173 -0.417481 0.0712111 0.00148972 0.99746 25.04
0.987717 -0.139143 -0.0711012 -0.519134 0.138667 0.990271 -0.0116027 -0.418399 0.0720239 0.00160073 0.997402 25.4421
0.987478 -0.140346 -0.0720434 -0.542019 0.139833 0.990101 -0.012135 -0.427178 0.0730333 0.00190893 0.997328 25.8311
0.987127 -0.141959 -0.0736723 -0.556057 0.141409 0.98987 -0.0126554 -0.436664 0.0747226 0.00207452 0.997202 26.2055
0.987042 -0.142313 -0.0741282 -0.590654 0.141817 0.989821 -0.0119376 -0.451961 0.0750725 0.00127022 0.997177 26.5923
0.98664 -0.144158 -0.0758903 -0.612905 0.143701 0.989555 -0.0114792 -0.466831 0.0767524 0.00042035 0.99705 26.9982
0.986136 -0.146384 -0.0781485 -0.633395 0.145915 0.989228 -0.0117146 -0.477223 0.0790215 0.000149142 0.996873 27.4144
0.985449 -0.149775 -0.0803645 -0.648264 0.1493 0.98872 -0.0119212 -0.491324 0.0812435 -0.000250724 0.996694 27.814
0.984894 -0.151957 -0.0830229 -0.664438 0.151432 0.988387 -0.0126246 -0.496168 0.0839771 -0.000138471 0.996468 28.1877
0.984314 -0.154832 -0.0845764 -0.68741 0.154365 0.98794 -0.0120663 -0.510894 0.0854246 -0.00117866 0.996344 28.5606
0.9833 -0.159793 -0.0871064 -0.702886 0.159346 0.987149 -0.0121126 -0.521403 0.0879224 -0.00196973 0.996125 28.9447
0.982348 -0.164346 -0.0893457 -0.720003 0.163868 0.9864 -0.0127084 -0.529813 0.0902192 -0.00215683 0.99592 29.3204
0.981815 -0.166406 -0.0913638 -0.740759 0.165928 0.986054 -0.0128571 -0.541313 0.0922292 -0.00253659 0.995735 29.673
0.981731 -0.166146 -0.0927361 -0.772766 0.165686 0.986097 -0.0126877 -0.553748 0.0935548 -0.00290918 0.99561 30.0224
0.980823 -0.169619 -0.0959967 -0.784697 0.169144 0.985504 -0.0131211 -0.563994 0.0968307 -0.00336782 0.995295 30.3737
0.980372 -0.171338 -0.0975394 -0.811629 0.170837 0.985206 -0.0135295 -0.574638 0.0984146 -0.00339944 0.99514 30.7217
0.980169 -0.171753 -0.09884 -0.844342 0.171268 0.985133 -0.0134394 -0.585955 0.0996788 -0.00375519 0.995013 31.0555
0.979734 -0.17294 -0.101058 -0.869288 0.172465 0.984923 -0.0134887 -0.599152 0.101867 -0.00421348 0.994789 31.3953
0.97928 -0.174249 -0.103185 -0.897182 0.173802 0.98469 -0.0133804 -0.610388 0.103937 -0.00483059 0.994572 31.7312
0.978664 -0.176454 -0.105262 -0.920024 0.176019 0.984294 -0.0134828 -0.620278 0.105987 -0.00533288 0.994353 32.059
0.978223 -0.177967 -0.106804 -0.948139 0.17756 0.984019 -0.0133885 -0.629277 0.107479 -0.00586707 0.99419 32.3862
0.977577 -0.179994 -0.109298 -0.967907 0.179608 0.983646 -0.013446 -0.634939 0.109931 -0.00648641 0.993918 32.7194
0.977618 -0.179079 -0.110427 -1.00236 0.178688 0.983813 -0.013507 -0.645735 0.111059 -0.00652734 0.993792 33.0437
0.977276 -0.180066 -0.111839 -1.02942 0.179615 0.983635 -0.0141736 -0.656209 0.112561 -0.00623655 0.993625 33.3667
0.976838 -0.181669 -0.113067 -1.05598 0.181226 0.983338 -0.014271 -0.666278 0.113776 -0.00655021 0.993485 33.6943
0.976412 -0.183209 -0.11425 -1.08274 0.182847 0.983045 -0.0137322 -0.678216 0.114829 -0.00748192 0.993357 34.0059
0.976326 -0.183337 -0.114782 -1.11484 0.182956 0.983022 -0.0139367 -0.68686 0.115388 -0.00739325 0.993293 34.3142
0.976005 -0.184381 -0.115834 -1.14351 0.183986 0.982827 -0.0141828 -0.696196 0.116459 -0.0074693 0.993167 34.6086
0.974571 -0.191009 -0.117165 -1.15708 0.190551 0.98156 -0.0152082 -0.700566 0.117909 -0.00750438 0.992996 34.9004
0.973218 -0.196525 -0.119267 -1.16526 0.196039 0.980467 -0.0159116 -0.706972 0.120064 -0.00789548 0.992735 35.1758
0.972994 -0.197417 -0.119619 -1.20026 0.19697 0.980284 -0.0156712 -0.716144 0.120354 -0.00831336 0.992696 35.4627
0.972994 -0.197417 -0.119619 -1.20026 0.19697 0.980284 -0.0156712 -0.716144 0.120354 -0.00831336 0.992696 35.4627
0.97224 -0.199993 -0.121455 -1.2205 0.199521 0.97976 -0.0161623 -0.720315 0.122229 -0.00851914 0.992465 35.7639
0.971677 -0.201928 -0.122759 -1.24672 0.201487 0.979358 -0.0161254 -0.728888 0.123482 -0.00906571 0.992305 36.0444
0.971563 -0.202355 -0.122953 -1.28574 0.201843 0.979275 -0.016738 -0.737352 0.123792 -0.00855512 0.992271 36.3486
0.971572 -0.202389 -0.122824 -1.32673 0.201859 0.979269 -0.0168801 -0.749882 0.123694 -0.00839275 0.992285 36.6303
0.970768 -0.205229 -0.124462 -1.35102 0.204731 0.978672 -0.0169162 -0.757911 0.125279 -0.00905954 0.99208 36.9127
0.971128 -0.203676 -0.124203 -1.39091 0.203158 0.978999 -0.0169552 -0.766529 0.125048 -0.00876723 0.992112 37.1735
0.971128 -0.203676 -0.124203 -1.39091 0.203158 0.978999 -0.0169552 -0.766529 0.125048 -0.00876723 0.992112 37.1735
0.971128 -0.203676 -0.124203 -1.39091 0.203158 0.978999 -0.0169552 -0.766529 0.125048 -0.00876723 0.992112 37.1735
0.971128 -0.203676 -0.124203 -1.39091 0.203158 0.978999 -0.0169552 -0.766529 0.125048 -0.00876723 0.992112 37.1735
0.971285 -0.203079 -0.123952 -1.43067 0.202487 0.979129 -0.0174958 -0.776005 0.124918 -0.00810514 0.992134 37.4361
0.970409 -0.206197 -0.125659 -1.44782 0.205529 0.978478 -0.0183985 -0.781477 0.126748 -0.00797244 0.991903 37.6806
0.970815 -0.20473 -0.124917 -1.48976 0.203994 0.978792 -0.0187939 -0.789857 0.126116 -0.00723696 0.991989 37.9473
0.971739 -0.201299 -0.123293 -1.542 0.200481 0.979511 -0.0191412 -0.800794 0.12462 -0.00611759 0.992186 38.2173
0.971739 -0.201299 -0.123293 -1.542 0.200481 0.979511 -0.0191412 -0.800794 0.12462 -0.00611759 0.992186 38.2173
0.971739 -0.201299 -0.123293 -1.542 0.200481 0.979511 -0.0191412 -0.800794 0.12462 -0.00611759 0.992186 38.2173
0.971739 -0.201299 -0.123293 -1.542 0.200481 0.979511 -0.0191412 -0.800794 0.12462 -0.00611759 0.992186 38.2173
0.971739 -0.201299 -0.123293 -1.542 0.200481 0.979511 -0.0191412 -0.800794 0.12462 -0.00611759 0.992186 38.2173
0.971739 -0.201299 -0.123293 -1.542 0.200481 0.979511 -0.0191412 -0.800794 0.12462 -0.00611759 0.992186 38.2173
0.971739 -0.201299 -0.123293 -1.542 0.200481 0.979511 -0.0191412 -0.800794 0.12462 -0.00611759 0.992186 38.2173
0.971739 -0.201299 -0.123293 -1.542 0.200481 0.979511 -0.0191412 -0.800794 0.12462 -0.00611759 0.992186 38.2173
0.971739 -0.201299 -0.123293 -1.542 0.200481 0.979511 -0.0191412 -0.800794 0.12462 -0.00611759 0.992186 38.2173
0.971804 -0.201565 -0.122348 -1.5781 0.200523 0.979466 -0.0209029 -0.810526 0.124049 -0.00421995 0.992267 38.4877
0.971546 -0.203314 -0.121497 -1.60519 0.202129 0.979109 -0.0221306 -0.819583 0.123459 -0.00305724 0.992345 38.7615
0.970959 -0.206604 -0.120641 -1.62758 0.205335 0.978422 -0.022996 -0.821192 0.122788 -0.00244346 0.99243 39.0296
0.970959 -0.206604 -0.120641 -1.62758 0.205335 0.978422 -0.022996 -0.821192 0.122788 -0.00244346 0.99243 39.0296
0.971989 -0.203633 -0.117352 -1.67208 0.202561 0.979042 -0.0211144 -0.833364 0.119192 -0.00324792 0.992866 39.2988
0.972725 -0.202452 -0.113221 -1.71293 0.20144 0.979288 -0.0204248 -0.844283 0.115011 -0.00293946 0.99336 39.5978
0.972999 -0.203649 -0.108627 -1.7466 0.202699 0.97904 -0.0198425 -0.850248 0.110391 -0.00271182 0.993885 39.914
0.973566 -0.203951 -0.102829 -1.78225 0.203163 0.978976 -0.0181929 -0.859583 0.104378 -0.00317911 0.994533 40.2133
0.97472 -0.201387 -0.0967722 -1.82728 0.200721 0.979507 -0.0166653 -0.870653 0.0981451 -0.00318025 0.995167 40.5398
0.975766 -0.199689 -0.0894665 -1.8648 0.199085 0.979856 -0.0157162 -0.879712 0.0908027 -0.00247614 0.995866 40.8415
0.977061 -0.196243 -0.0827138 -1.90747 0.195617 0.980555 -0.0156848 -0.889247 0.0841835 -0.000855167 0.99645 41.1912
0.978185 -0.193381 -0.0758741 -1.94546 0.192684 0.981123 -0.0164804 -0.895293 0.0776288 0.00150121 0.996981 41.5372
0.97915 -0.190926 -0.0693718 -1.98476 0.190291 0.981602 -0.0157052 -0.902339 0.0710941 0.00217694 0.997467 41.9054
0.979639 -0.190744 -0.0626482 -2.01814 0.190284 0.981639 -0.0132782 -0.910947 0.0640307 0.00108687 0.997947 42.2868
0.980715 -0.187444 -0.0553372 -2.05324 0.187071 0.982274 -0.0118985 -0.916403 0.0565866 0.0013171 0.998397 42.6677
0.981657 -0.184497 -0.0480681 -2.08883 0.184185 0.982831 -0.0108809 -0.923683 0.0492503 0.00182784 0.998785 43.0505
0.982575 -0.181391 -0.0405385 -2.12709 0.181135 0.983408 -0.00993429 -0.929455 0.0416679 0.00241825 0.999129 43.4748
0.982929 -0.181061 -0.0326802 -2.15519 0.180847 0.983466 -0.00941657 -0.932904 0.0338448 0.00334571 0.999422 43.9007
0.983652 -0.178362 -0.0248003 -2.18708 0.178212 0.983958 -0.00815592 -0.936366 0.0258572 0.00360287 0.999659 44.3277
0.984997 -0.171727 -0.0170634 -2.22403 0.171628 0.985136 -0.00709885 -0.939848 0.0180289 0.00406378 0.999829 44.783
0.986449 -0.163895 -0.00759584 -2.26906 0.163846 0.986463 -0.00672098 -0.94736 0.00859455 0.00538536 0.999949 45.2722
0.987085 -0.160199 0.000259512 -2.29244 0.160197 0.987067 -0.00599422 -0.953531 0.000704111 0.00595838 0.999982 45.7227
0.987344 -0.158472 0.0061632 -2.29663 0.158503 0.987346 -0.0048715 -0.957215 -0.00531322 0.00578674 0.999969 46.1824
0.988242 -0.152177 0.0148383 -2.32779 0.152253 0.988333 -0.00408341 -0.961713 -0.0140438 0.00629457 0.999882 46.6491
0.989201 -0.144503 0.024509 -2.35811 0.14463 0.98948 -0.00347301 -0.968754 -0.0237493 0.00698024 0.999694 47.0967
0.990214 -0.135343 0.0340246 -2.39224 0.13552 0.99077 -0.00292796 -0.976248 -0.0333143 0.00751031 0.999417 47.5841
0.991237 -0.12408 0.0453049 -2.43633 0.124351 0.992233 -0.00318887 -0.983787 -0.0445574 0.00879462 0.998968 48.0648
0.991382 -0.12008 0.0523777 -2.44201 0.1204 0.992721 -0.00299111 -0.987715 -0.0516373 0.0092716 0.998623 48.5414
0.991479 -0.11779 0.0556309 -2.42648 0.11807 0.993004 -0.00175966 -0.99595 -0.0550344 0.00831299 0.99845 49.0459
0.991623 -0.114535 0.0597174 -2.4279 0.114861 0.993379 -0.00204687 -1.00103 -0.0590876 0.00888894 0.998213 49.5619
0.99196 -0.110299 0.0620475 -2.41725 0.110671 0.993854 -0.00257516 -1.0066 -0.0613821 0.00942131 0.99807 50.0664
0.992269 -0.106595 0.0635649 -2.40155 0.107009 0.994253 -0.00314756 -1.01235 -0.0628641 0.00992526 0.997973 50.5839
0.993172 -0.0938657 0.06927 -2.43574 0.0944482 0.995516 -0.00517561 -1.01821 -0.0684736 0.0116827 0.997585 51.1046
0.993277 -0.0936698 0.0680162 -2.4013 0.0942596 0.995532 -0.00550729 -1.02665 -0.0671965 0.0118814 0.997669 51.6715
0.993321 -0.0942743 0.0665292 -2.36466 0.0949016 0.995467 -0.00632566 -1.03231 -0.0656312 0.0125971 0.997764 52.2174
0.993687 -0.0899808 0.0669979 -2.3521 0.0905983 0.995868 -0.0062303 -1.04146 -0.0661604 0.0122609 0.997734 52.7796
0.993949 -0.0873927 0.0665388 -2.3386 0.0880166 0.996098 -0.00649853 -1.04774 -0.0657113 0.0123157 0.997763 53.3518
0.994394 -0.083521 0.064849 -2.32239 0.0841653 0.996425 -0.00726254 -1.05446 -0.0640106 0.0126799 0.997869 53.9261
0.994852 -0.0789828 0.0634857 -2.31534 0.0796107 0.996798 -0.00741817 -1.06098 -0.0626965 0.0124341 0.997955 54.5134
0.995681 -0.0665636 0.0647215 -2.35433 0.0672011 0.99771 -0.0077214 -1.07678 -0.0640593 0.0120374 0.997873 55.0963
0.995978 -0.0649076 0.0617669 -2.33004 0.0654062 0.99784 -0.00608402 -1.0977 -0.0612386 0.0100995 0.998072 55.7102
0.996537 -0.0552257 0.0621561 -2.35237 0.0557092 0.998429 -0.00607184 -1.11269 -0.0617231 0.00951348 0.998048 56.2851
0.99684 -0.0555933 0.056741 -2.32036 0.0560292 0.99841 -0.00611839 -1.12071 -0.0563107 0.00927821 0.99837 56.8979
0.997188 -0.0550357 0.0508627 -2.29446 0.0554408 0.99844 -0.00658878 -1.13009 -0.0504207 0.00939012 0.998684 57.5091
0.997455 -0.0553742 0.0449109 -2.26661 0.0557429 0.998421 -0.00699886 -1.14383 -0.0444524 0.00948451 0.998966 58.1314
0.998058 -0.045006 0.0430581 -2.28754 0.0454162 0.998931 -0.00859545 -1.14838 -0.0426252 0.0105343 0.999036 58.7113
0.998498 -0.0371122 0.0403032 -2.30244 0.0375631 0.999239 -0.0104885 -1.15127 -0.0398833 0.0119867 0.999132 59.3037
0.998646 -0.0388166 0.0346447 -2.28032 0.0392209 0.999169 -0.0110676 -1.16622 -0.0341864 0.0124114 0.999338 59.9458
0.998993 -0.0326302 0.0308024 -2.285 0.0330089 0.999385 -0.0118682 -1.17478 -0.0303962 0.012873 0.999455 60.5529
0.999158 -0.0317355 0.0260086 -2.28194 0.0320594 0.999412 -0.0121328 -1.18793 -0.0256083 0.0129564 0.999588 61.1584
0.999295 -0.0309393 0.0212827 -2.28068 0.0312096 0.999435 -0.0124881 -1.2003 -0.0208843 0.0131435 0.999696 61.7473
0.999533 -0.0243445 0.0184952 -2.30187 0.0245859 0.999614 -0.0129378 -1.21484 -0.018173 0.0133865 0.999745 62.2932
0.999597 -0.0253263 0.0128371 -2.29131 0.0254909 0.999593 -0.0128274 -1.23546 -0.012507 0.0131494 0.999835 62.9226
0.999749 -0.0195153 0.0110227 -2.3268 0.0196664 0.999712 -0.0137748 -1.24406 -0.0107507 0.0139881 0.999844 63.4826
0.99986 -0.0146917 0.00804635 -2.34798 0.0148105 0.999779 -0.0149004 -1.25304 -0.00782567 0.0150175 0.999857 64.0129
0.999939 -0.00966703 0.00534988 -2.36932 0.00975024 0.999828 -0.0157529 -1.26526 -0.00519667 0.0158041 0.999862 64.5841
0.999981 -0.0052417 0.00337172 -2.3967 0.00529402 0.999863 -0.015701 -1.27827 -0.00328895 0.0157185 0.999871 65.1489
0.999998 -0.000836261 0.00189953 -2.41921 0.000866594 0.999871 -0.0160246 -1.29313 -0.00188589 0.0160262 0.99987 65.6866
0.999992 0.00392 0.00021861 -2.44596 -0.0039161 0.999869 -0.0156773 -1.30949 -0.000280036 0.0156764 0.999877 66.3373
0.999969 0.0078875 -0.000168387 -2.4821 -0.00788919 0.99984 -0.016055 -1.32812 4.17264e-05 0.0160558 0.999871 66.9969
0.999957 0.00912562 -0.00146953 -2.4947 -0.0091497 0.999808 -0.0173079 -1.34437 0.0013113 0.0173206 0.999849 67.596
0.99991 0.0132763 -0.00213781 -2.52127 -0.0133137 0.999739 -0.0185668 -1.36292 0.00189075 0.0185936 0.999825 68.2618
0.999867 0.0162227 -0.00157406 -2.54764 -0.0162504 0.999677 -0.0195423 -1.3752 0.00125653 0.0195652 0.999808 68.8666
0.999824 0.0186474 -0.0021841 -2.56019 -0.0186866 0.999634 -0.0195735 -1.39231 0.00181831 0.0196109 0.999806 69.5535
0.999821 0.0186122 -0.00327046 -2.56788 -0.0186739 0.999626 -0.0199692 -1.41299 0.00289757 0.0200267 0.999795 70.2615
0.999863 0.0157474 -0.00513583 -2.56099 -0.0158473 0.999674 -0.0200237 -1.4418 0.00481883 0.0201023 0.999786 70.991
0.999828 0.0176858 -0.00562647 -2.57769 -0.0177972 0.999633 -0.0204064 -1.45574 0.0052635 0.020503 0.999776 71.6225
0.999813 0.018475 -0.00574655 -2.60528 -0.0185919 0.999606 -0.0210052 -1.47678 0.00535622 0.0211081 0.999763 72.5124
0.999782 0.0197619 -0.00673261 -2.61239 -0.0199031 0.999568 -0.0216032 -1.49716 0.00630278 0.0217325 0.999744 73.2724
0.999762 0.0203909 -0.00772758 -2.62149 -0.0205557 0.999549 -0.0218805 -1.51431 0.00727794 0.0220341 0.999731 73.9729
0.999729 0.0221562 -0.00717236 -2.65481 -0.0223127 0.999497 -0.0225271 -1.53537 0.00666964 0.022681 0.999721 74.723
0.999679 0.0239576 -0.00826323 -2.67321 -0.0241399 0.99945 -0.022724 -1.56191 0.00771427 0.0229162 0.999708 75.4331
0.999578 0.0278952 -0.00814333 -2.70314 -0.0280802 0.999328 -0.0235745 -1.57881 0.00748024 0.0237932 0.999689 76.1853
0.999538 0.0287673 -0.00979642 -2.71828 -0.0289904 0.999305 -0.0234508 -1.60685 0.00911499 0.023724 0.999677 77.0486
0.999466 0.03094 -0.0105434 -2.74651 -0.0311849 0.999228 -0.0239101 -1.62863 0.0097955 0.0242261 0.999659 77.8559
0.999396 0.0327719 -0.0115916 -2.77323 -0.0330425 0.999166 -0.0239806 -1.65035 0.0107961 0.0243491 0.999645 78.6616
0.999298 0.034999 -0.0133282 -2.79417 -0.0353062 0.999099 -0.023557 -1.67239 0.0124917 0.024011 0.999634 79.3164
0.999168 0.037951 -0.0149191 -2.82626 -0.0383066 0.99897 -0.0243216 -1.6871 0.0139807 0.0248729 0.999593 79.9927
0.999109 0.0385595 -0.0171475 -2.84956 -0.0389764 0.998935 -0.0246823 -1.7041 0.0161775 0.0253286 0.999548 80.7395
0.999058 0.0390047 -0.0190158 -2.87979 -0.0394892 0.998887 -0.0258048 -1.72606 0.0179881 0.0265314 0.999486 81.5287
0.998952 0.0411622 -0.0200234 -2.92014 -0.041689 0.998775 -0.0266419 -1.74781 0.0189023 0.0274487 0.999444 82.3085
0.998818 0.0434263 -0.0218215 -2.94912 -0.0440142 0.99866 -0.0272259 -1.77122 0.0206099 0.0281542 0.999391 83.0744
0.998667 0.046413 -0.0225936 -3.00012 -0.0470314 0.99851 -0.0276568 -1.80132 0.0212763 0.0286825 0.999362 83.9231
0.998467 0.0499089 -0.0239504 -3.04529 -0.0505588 0.998347 -0.0273418 -1.83419 0.0225462 0.0285108 0.999339 84.8916
0.998445 0.050436 -0.0237254 -3.10251 -0.0510804 0.998319 -0.0273878 -1.86083 0.0223042 0.0285571 0.999343 85.7573
0.998353 0.0519412 -0.0243787 -3.15562 -0.0525967 0.998249 -0.0270657 -1.89699 0.0229302 0.0283033 0.999336 86.9127
0.998285 0.0531794 -0.0244834 -3.20755 -0.0538413 0.998178 -0.0272188 -1.92684 0.0229913 0.0284903 0.99933 87.8196
0.998062 0.057495 -0.0238023 -3.27931 -0.0581453 0.997927 -0.0275953 -1.95198 0.0221664 0.0289258 0.999336 88.6774
0.998005 0.0577842 -0.0254458 -3.32863 -0.0584888 0.997899 -0.0278738 -2.00942 0.0237816 0.0293065 0.999288 90.0724
0.997951 0.0578246 -0.0273814 -3.36127 -0.0585838 0.997896 -0.0277884 -2.05057 0.0257169 0.0293356 0.999239 91.1186
0.997934 0.0576372 -0.0283789 -3.4981 -0.0584382 0.997891 -0.0282528 -2.1392 0.0266906 0.0298528 0.999198 93.8811
0.997888 0.0575457 -0.0301412 -3.57467 -0.0583802 0.997913 -0.027576 -2.19807 0.0284914 0.0292774 0.999165 95.5733
0.997921 0.0556478 -0.0325197 -3.6009 -0.0565525 0.998018 -0.0275969 -2.25585 0.0309195 0.0293785 0.99909 96.9449
0.997708 0.0580369 -0.0347888 -3.62985 -0.0589679 0.997912 -0.0263612 -2.3089 0.0331862 0.0283522 0.999047 98.105
0.997729 0.0562901 -0.0369954 -3.66102 -0.0572431 0.998042 -0.0252257 -2.35745 0.035503 0.0272861 0.998997 99.2511
0.997606 0.0587902 -0.0364107 -3.72696 -0.0597083 0.997911 -0.0246637 -2.39231 0.0348847 0.0267787 0.999033 100.197
0.997561 0.0584907 -0.0380971 -3.80149 -0.0594332 0.997941 -0.0240951 -2.47201 0.0366093 0.0263005 0.998984 102.394
0.997516 0.0587981 -0.0387902 -3.84855 -0.0597412 0.997934 -0.0236183 -2.51271 0.0373213 0.025877 0.998968 103.476
0.997584 0.0573313 -0.0392365 -3.92051 -0.0582873 0.998019 -0.0236695 -2.57126 0.0378018 0.0258993 0.99895 105.176
0.997433 0.059462 -0.0399029 -3.96304 -0.0604559 0.997878 -0.0241801 -2.60671 0.0383805 0.0265304 0.998911 106.125
0.99754 0.0575611 -0.0399984 -4.0063 -0.0585832 0.997973 -0.0248702 -2.63671 0.0384858 0.0271523 0.99889 106.999
0.997454 0.058733 -0.0404585 -4.04715 -0.0597973 0.997882 -0.025618 -2.66432 0.0388681 0.0279721 0.998853 107.821
0.997386 0.0596326 -0.0408157 -4.08522 -0.0607171 0.99782 -0.0258662 -2.69528 0.0391843 0.0282767 0.998832 108.685
0.997357 0.0597063 -0.0413926 -4.13322 -0.0608124 0.997811 -0.0259988 -2.72748 0.0397497 0.0284473 0.998805 109.568
0.997411 0.0586669 -0.0415819 -4.17899 -0.0597445 0.997896 -0.0251632 -2.77192 0.0400182 0.0275823 0.998818 110.605
0.99733 0.0600499 -0.0415509 -4.23482 -0.0611186 0.997819 -0.0249459 -2.81466 0.0399622 0.0274188 0.998825 111.661
0.997314 0.0606616 -0.0410455 -4.29019 -0.0617098 0.997787 -0.0247718 -2.846 0.039452 0.0272382 0.99885 112.534
0.99739 0.0597444 -0.0405329 -4.33906 -0.0607723 0.997848 -0.0246182 -2.8778 0.0389749 0.0270172 0.998875 113.448
0.997432 0.0591103 -0.0404386 -4.38059 -0.060133 0.997888 -0.0245589 -2.90694 0.0389016 0.0269275 0.99888 114.229
0.997407 0.0592453 -0.0408553 -4.596 -0.0602932 0.99787 -0.0249121 -3.09356 0.0392923 0.0273108 0.998854 119.09
0.997428 0.0583144 -0.0416759 -4.62483 -0.059413 0.997905 -0.0256246 -3.12114 0.0400943 0.0280348 0.998803 119.816
0.997599 0.0557999 -0.0410291 -4.65914 -0.0569176 0.998024 -0.0265992 -3.14805 0.0394638 0.0288706 0.998804 120.555
0.997736 0.0541036 -0.0399519 -4.8539 -0.0552118 0.998105 -0.0271761 -3.26454 0.0384059 0.0293204 0.998832 123.551
0.997688 0.0555402 -0.0391628 -4.90194 -0.0565801 0.99806 -0.025962 -3.29977 0.0376449 0.0281178 0.998896 124.383
0.997811 0.0532309 -0.0392411 -4.94137 -0.0542418 0.998211 -0.025163 -3.33311 0.0378315 0.0272364 0.998913 125.237
0.997717 0.0551927 -0.038925 -4.99092 -0.0562199 0.998085 -0.0258068 -3.36268 0.0374261 0.0279362 0.998909 126.065
0.99768 0.0562829 -0.0383027 -5.05212 -0.0573228 0.998001 -0.0266143 -3.39881 0.0367282 0.0287481 0.998912 127.041
0.997663 0.0568386 -0.0379297 -5.08974 -0.057861 0.997975 -0.0264238 -3.42778 0.036351 0.0285566 0.998931 127.854
0.997579 0.0583543 -0.0378206 -5.13598 -0.0593374 0.997914 -0.0254116 -3.46124 0.0362588 0.0275942 0.998961 128.704
0.997558 0.0582512 -0.0385285 -5.16219 -0.0592249 0.997941 -0.0246314 -3.48849 0.0370143 0.0268531 0.998954 129.44
0.997412 0.0610753 -0.037942 -5.2104 -0.0619844 0.997806 -0.023264 -3.51814 0.0364379 0.0255556 0.999009 130.173
0.997368 0.0621337 -0.0373715 -5.25896 -0.062985 0.997771 -0.0220498 -3.55402 0.0359181 0.0243456 0.999058 131.09
0.997278 0.064102 -0.0364431 -5.30894 -0.0649055 0.997664 -0.0213094 -3.58209 0.034992 0.0236168 0.999109 131.878
0.997235 0.0646889 -0.0365775 -5.36901 -0.0655128 0.997614 -0.0217939 -3.62698 0.0350804 0.02413 0.999093 133.088
0.997194 0.0651204 -0.0369359 -5.4468 -0.0659738 0.99757 -0.022376 -3.67936 0.035389 0.02475 0.999067 134.585
0.997272 0.0640573 -0.0366905 -5.47994 -0.0649466 0.99761 -0.023582 -3.70211 0.0350922 0.0259006 0.999048 135.266
0.997278 0.0643432 -0.0360179 -5.58519 -0.0652542 0.997563 -0.0247129 -3.75647 0.03434 0.0269959 0.999046 136.777
0.997275 0.0644511 -0.035889 -5.63114 -0.0653894 0.997531 -0.0256144 -3.78758 0.0341496 0.0278914 0.999027 137.672
0.997377 0.0620276 -0.0373104 -5.6548 -0.0630325 0.997663 -0.0263882 -3.81852 0.0355864 0.0286708 0.998955 138.414
0.99735 0.0623734 -0.0374532 -5.69317 -0.0634065 0.997621 -0.0270589 -3.84848 0.0356763 0.029362 0.998932 139.151
0.997366 0.0627942 -0.0362928 -5.74934 -0.0637765 0.99761 -0.0265745 -3.87921 0.0345373 0.0288192 0.998988 139.965
0.997284 0.0645024 -0.0355493 -5.79353 -0.0654281 0.997531 -0.0255231 -3.90911 0.0338152 0.0277797 0.999042 140.687
0.997157 0.0659743 -0.0364065 -5.82604 -0.0668911 0.997458 -0.0245663 -3.94591 0.0346932 0.0269318 0.999035 141.573
0.997145 0.0661279 -0.0364427 -5.86364 -0.0670435 0.997449 -0.0245019 -3.97751 0.0347295 0.0268752 0.999035 142.369
0.997154 0.0659205 -0.0365853 -5.90164 -0.0668197 0.997478 -0.0239251 -4.00181 0.0349158 0.0263016 0.999044 143.127
0.997015 0.0679328 -0.036684 -5.93928 -0.0688272 0.997347 -0.0236945 -4.0324 0.0349771 0.0261486 0.999046 143.939
0.99701 0.0676467 -0.0373607 -5.96629 -0.0685624 0.997363 -0.0237964 -4.06603 0.0356524 0.0262868 0.999018 144.642
0.996874 0.0691703 -0.038187 -5.99683 -0.0701321 0.997238 -0.0244487 -4.09351 0.0363904 0.0270504 0.998971 145.379
0.996842 0.0694923 -0.0384378 -6.02611 -0.0704541 0.99722 -0.024257 -4.12167 0.0366452 0.0268885 0.998967 146.121
0.996891 0.0686714 -0.0386441 -6.06325 -0.0696204 0.99729 -0.023772 -4.1505 0.0369069 0.0263885 0.99897 146.943
0.99682 0.0694704 -0.0390375 -6.09731 -0.0703994 0.997255 -0.022947 -4.17926 0.0373362 0.0256223 0.998974 147.715
0.996755 0.0700771 -0.0395994 -6.1391 -0.070997 0.997227 -0.0223187 -4.21669 0.0379255 0.0250577 0.998966 148.619
0.996847 0.0687245 -0.0396651 -6.17736 -0.0696461 0.997322 -0.0223386 -4.24309 0.0380237 0.0250307 0.998963 149.313
0.996874 0.0682304 -0.0398285 -6.21313 -0.0691665 0.997349 -0.0226149 -4.2701 0.0381799 0.025299 0.998951 149.985
0.996823 0.069153 -0.0395242 -6.25353 -0.070079 0.997287 -0.0225422 -4.29224 0.0378581 0.0252404 0.998964 150.684
0.99687 0.0685031 -0.0394694 -6.28632 -0.0693905 0.997356 -0.021568 -4.31684 0.0378876 0.0242393 0.998988 151.356
0.996863 0.0686801 -0.0393376 -6.32502 -0.0695292 0.997366 -0.0206375 -4.34852 0.0378166 0.0233079 0.999013 152.044
0.996872 0.0689903 -0.0385459 -6.35904 -0.0698246 0.997344 -0.0207338 -4.37338 0.0370131 0.0233604 0.999042 152.708
0.996798 0.070122 -0.0384176 -6.39343 -0.0709503 0.997266 -0.020638 -4.39969 0.0368654 0.0232977 0.999049 153.329
0.99679 0.070296 -0.0383139 -6.42652 -0.071125 0.997252 -0.0207214 -4.42344 0.036752 0.02338 0.999051 153.999
0.996784 0.0710906 -0.0369744 -6.47068 -0.0718798 0.997203 -0.0204709 -4.45012 0.0354157 0.0230628 0.999107 154.664
0.996858 0.0705778 -0.0359624 -6.51128 -0.0713811 0.997216 -0.0215622 -4.47107 0.0343405 0.0240615 0.999121 155.326
0.996775 0.0723028 -0.0348032 -6.54899 -0.0731053 0.997073 -0.0223643 -4.49331 0.0330843 0.0248365 0.999144 155.905
0.996707 0.0736322 -0.0339634 -6.58251 -0.0744552 0.996944 -0.0236376 -4.5117 0.0321191 0.0260885 0.999144 156.455
0.996681 0.074349 -0.0331488 -6.61488 -0.0751942 0.996855 -0.0250217 -4.52763 0.0311842 0.0274312 0.999137 157.006
0.996746 0.0738862 -0.0322212 -6.64765 -0.0747228 0.996876 -0.0255827 -4.54883 0.0302304 0.0279072 0.999153 157.548
0.996781 0.0737109 -0.031528 -6.68078 -0.0745274 0.996891 -0.0255574 -4.57595 0.0295461 0.0278249 0.999176 158.198
0.996702 0.0750764 -0.0308149 -6.70508 -0.0758805 0.996783 -0.0258079 -4.59458 0.0287782 0.028061 0.999192 158.675
0.996696 0.0752672 -0.0305165 -6.72316 -0.0760629 0.996769 -0.0258082 -4.61359 0.0284754 0.0280441 0.999201 159.151
0.996799 0.0741517 -0.0298797 -6.74083 -0.0749244 0.99686 -0.0256258 -4.63156 0.0278857 0.0277825 0.999225 159.632
0.996794 0.0742279 -0.029871 -6.75961 -0.0750196 0.996835 -0.0263147 -4.64929 0.0278231 0.0284713 0.999207 160.117
0.996773 0.074669 -0.0294582 -6.78163 -0.0754862 0.996763 -0.0276794 -4.66539 0.0272961 0.0298138 0.999183 160.614
0.996758 0.0749436 -0.029284 -6.80147 -0.0757809 0.996714 -0.0286134 -4.68258 0.0270433 0.0307398 0.999162 161.086
0.996661 0.0760856 -0.0296295 -6.81856 -0.0769344 0.996625 -0.0286459 -4.70185 0.0273499 0.0308297 0.99915 161.575
0.996747 0.0751912 -0.0290201 -6.83802 -0.0760419 0.996671 -0.0294136 -4.71909 0.0267118 0.0315247 0.999146 162.076
0.996725 0.0756958 -0.0284348 -6.86095 -0.0765406 0.996618 -0.0298984 -4.7392 0.0260755 0.0319769 0.999148 162.542
0.996691 0.0763885 -0.0277833 -6.88253 -0.0772236 0.996552 -0.0303381 -4.75822 0.0253701 0.0323832 0.999153 163.029
0.996634 0.0775738 -0.0264997 -6.9118 -0.0783892 0.996433 -0.0312548 -4.7754 0.0239806 0.0332269 0.99916 163.506
0.996641 0.0773678 -0.0268654 -6.92734 -0.0781984 0.996444 -0.0313793 -4.79563 0.0243421 0.0333747 0.999146 163.988
0.996549 0.0785239 -0.026915 -6.9445 -0.079358 0.99635 -0.0314637 -4.8154 0.0243461 0.0334911 0.999142 164.49
0.996534 0.078457 -0.0276506 -6.95887 -0.0793139 0.996355 -0.0313895 -4.83897 0.0250871 0.0334738 0.999125 164.973
0.99662 0.0773826 -0.0275713 -6.97626 -0.078231 0.996449 -0.0311468 -4.86074 0.0250632 0.0331985 0.999134 165.44
0.996699 0.07641 -0.0274248 -6.99531 -0.0772495 0.99653 -0.0309813 -4.88347 0.0249624 0.0329976 0.999144 165.925
0.996729 0.0759686 -0.0275601 -7.01296 -0.0768229 0.996551 -0.0313886 -4.90331 0.0250805 0.0334032 0.999127 166.388
0.996752 0.0755614 -0.0278608 -7.03102 -0.0764224 0.996585 -0.0312563 -4.92746 0.0254039 0.033284 0.999123 166.907
0.996696 0.0762832 -0.0278985 -7.05023 -0.0771606 0.99651 -0.0318564 -4.94802 0.0253711 0.0339038 0.999103 167.455
0.996537 0.0781611 -0.0283822 -7.07455 -0.0790596 0.996355 -0.0320465 -4.97773 0.025774 0.0341794 0.999083 168.05
0.996548 0.0781195 -0.0280925 -7.11073 -0.0790164 0.996347 -0.0323745 -5.01519 0.0254608 0.0344825 0.999081 168.814
0.996582 0.0778059 -0.0277431 -7.15691 -0.0786793 0.996389 -0.0319167 -5.06424 0.0251596 0.0339905 0.999105 169.825
0.996603 0.0770513 -0.0290936 -7.16684 -0.0779724 0.996443 -0.031975 -5.08535 0.0265264 0.0341349 0.999065 170.294
0.996598 0.0768605 -0.0297638 -7.18321 -0.0778246 0.99643 -0.0327123 -5.10902 0.0271433 0.0349174 0.999022 170.809
0.996511 0.0779749 -0.0297483 -7.22239 -0.0789476 0.996331 -0.0330548 -5.14852 0.0270617 0.035288 0.999011 171.687
0.996639 0.0762488 -0.0299556 -7.24762 -0.0772285 0.996466 -0.0330338 -5.19148 0.0273309 0.0352362 0.999005 172.614
0.996519 0.0774968 -0.0307277 -7.28519 -0.0785211 0.996344 -0.0336605 -5.23663 0.0280068 0.0359561 0.998961 173.635
0.99651 0.0776203 -0.0307042 -7.30628 -0.0786699 0.9963 -0.0345927 -5.25769 0.0279055 0.0368875 0.99893 174.131
0.996511 0.0774996 -0.0309766 -7.3252 -0.0785741 0.996289 -0.0351225 -5.28009 0.0281397 0.0374339 0.998903 174.618
0.996329 0.0800947 -0.0302177 -7.36592 -0.0811658 0.996048 -0.0360597 -5.3005 0.0272101 0.03838 0.998893 175.094
0.996332 0.0800275 -0.0303057 -7.38952 -0.0811123 0.996039 -0.036437 -5.32501 0.0272697 0.0387615 0.998876 175.602
0.996239 0.0816411 -0.0290138 -7.42991 -0.0826894 0.995889 -0.0369815 -5.34556 0.0258753 0.0392416 0.998895 176.158
