1 0 0 0 0 1 0 0 0 0 1 0
0.999999 0.00157965 -0.000449019 -0.0195347 -0.00157969 0.999999 -9.20884e-05 -0.0280866 0.000448873 9.27976e-05 1 1.48041
0.999994 0.00345345 -0.000994432 -0.0240419 -0.00345392 0.999994 -0.000480533 -0.0560655 0.000992766 0.000483964 0.999999 2.78842
0.99996 0.0089461 0.000191923 -0.049551 -0.00894585 0.999959 -0.00129124 -0.0853537 -0.000203466 0.00128947 0.999999 4.04214
0.999888 0.0148252 0.0019302 -0.0765289 -0.014821 0.999888 -0.00220848 -0.114122 -0.00196273 0.00217962 0.999996 5.29708
0.999821 0.0187569 0.00267315 -0.075633 -0.0187497 0.999821 -0.00268871 -0.153446 -0.0027231 0.0026381 0.999993 6.76208
0.999763 0.0212241 0.00478575 -0.0768907 -0.0212142 0.999773 -0.00211041 -0.189911 -0.00482945 0.00200839 0.999986 8.11136
0.9996 0.0261855 0.0106792 -0.109217 -0.0261505 0.999652 -0.00340856 -0.220974 -0.0107647 0.00312793 0.999937 9.36469
0.999336 0.032469 0.016503 -0.119517 -0.0324414 0.999472 -0.00193758 -0.257099 -0.0165572 0.00140091 0.999862 10.535
0.998997 0.0375725 0.0243712 -0.127353 -0.0375484 0.999294 -0.00144774 -0.287416 -0.0244084 0.000531185 0.999702 11.6703
0.998928 0.0349299 0.0303839 -0.0807554 -0.0348943 0.99939 -0.00170065 -0.317991 -0.0304248 0.000638599 0.999537 12.9115
0.99866 0.0339463 0.0390607 -0.029363 -0.0338613 0.999423 -0.00283728 -0.342385 -0.0391344 0.00151083 0.999233 14.0376
0.998017 0.0361834 0.0515147 0.0158951 -0.0360782 0.999345 -0.00296947 -0.374971 -0.0515884 0.00110502 0.998668 15.1999
0.99718 0.0377144 0.0648881 0.0872361 -0.0375832 0.999288 -0.00324268 -0.403565 -0.0649642 0.000794833 0.997887 16.3085
0.99593 0.038641 0.0814291 0.158526 -0.0385192 0.999253 -0.00306642 -0.437808 -0.0814867 -8.26516e-05 0.996674 17.4705
0.994099 0.0415243 0.100209 0.253182 -0.0412256 0.999137 -0.00505055 -0.463061 -0.100333 0.000889549 0.994954 18.5771
0.99176 0.0441431 0.120262 0.366204 -0.0439938 0.999024 -0.00389759 -0.486964 -0.120317 -0.00142529 0.992735 19.5775
0.988619 0.0438757 0.143898 0.496399 -0.0436849 0.999035 -0.00448688 -0.515537 -0.143956 -0.00185036 0.989582 20.6349
0.985164 0.0443207 0.165796 0.654072 -0.0434539 0.999016 -0.00885364 -0.547393 -0.166025 0.00151782 0.98612 21.6166
0.981557 0.0384844 0.187259 0.853299 -0.036595 0.999238 -0.0135373 -0.576193 -0.187637 0.00643494 0.982217 22.6059
0.977051 0.0331406 0.210412 1.06152 -0.0312839 0.999437 -0.0121474 -0.601499 -0.210696 0.00528611 0.977537 23.5842
0.972241 0.024529 0.232694 1.31102 -0.0228075 0.999689 -0.010086 -0.638919 -0.232869 0.00449882 0.972498 24.5813
0.966448 0.0245442 0.255687 1.56998 -0.0223303 0.999684 -0.0115584 -0.668835 -0.25589 0.00546096 0.96669 25.6244
0.960081 0.0223669 0.278827 1.84447 -0.0191671 0.999715 -0.0141971 -0.702588 -0.279065 0.008286 0.960236 26.609
0.952404 0.0228101 0.303985 2.12496 -0.018421 0.999681 -0.0172987 -0.732834 -0.304283 0.0108756 0.95252 27.549
0.943973 0.0223698 0.329264 2.42755 -0.0166727 0.999659 -0.0201165 -0.764037 -0.329602 0.0134997 0.944023 28.4686
0.935355 0.0200649 0.353141 2.77424 -0.0139002 0.999704 -0.0199844 -0.799419 -0.353438 0.0137838 0.935356 29.3996
0.926287 0.0163851 0.376463 3.13099 -0.0100309 0.999772 -0.0188328 -0.83447 -0.376685 0.0136683 0.92624 30.2673
0.915273 0.019437 0.402365 3.49092 -0.0125098 0.999725 -0.0198372 -0.866776 -0.40264 0.0131229 0.915264 31.1685
0.903808 0.0225711 0.427342 3.89307 -0.0139331 0.999631 -0.0233299 -0.89956 -0.427711 0.0151316 0.903789 32.0478
0.891401 0.0258952 0.452475 4.32893 -0.0152388 0.999514 -0.027181 -0.939388 -0.45296 0.017334 0.891363 32.927
0.877853 0.030825 0.477937 4.79836 -0.0182462 0.999355 -0.0309407 -0.98213 -0.478582 0.0184409 0.877849 33.824
0.863366 0.0334415 0.503468 5.33827 -0.0194796 0.999267 -0.0329692 -1.03156 -0.504201 0.0186571 0.863385 34.7785
0.848493 0.0354382 0.528019 5.88867 -0.0198645 0.999185 -0.0351398 -1.08212 -0.528834 0.019327 0.848505 35.6769
0.833055 0.0377974 0.551898 6.47083 -0.0199398 0.999066 -0.0383245 -1.14203 -0.552831 0.0209217 0.833031 36.5518
0.816435 0.0420595 0.575904 7.01685 -0.0212385 0.998856 -0.0428397 -1.19897 -0.577047 0.0227445 0.816394 37.358
0.799603 0.0441832 0.598902 7.58786 -0.0203884 0.998712 -0.0464578 -1.26037 -0.600183 0.0249371 0.799474 38.1429
0.781261 0.045983 0.622508 8.17901 -0.0191038 0.998577 -0.0497865 -1.31574 -0.623912 0.027004 0.781028 38.9105
0.762033 0.0487888 0.645698 8.83473 -0.0187072 0.9984 -0.0533611 -1.38198 -0.647268 0.0285837 0.761726 39.7141
0.742812 0.0518364 0.667491 9.51406 -0.0188804 0.998224 -0.0565098 -1.45596 -0.669234 0.0293736 0.742471 40.483
0.721679 0.0560555 0.689954 10.1915 -0.019693 0.997975 -0.0604822 -1.5211 -0.691948 0.0300614 0.721322 41.2312
0.699031 0.0613095 0.712458 10.8202 -0.0215494 0.997671 -0.0647098 -1.58794 -0.714767 0.0298811 0.698724 41.892
0.678441 0.0614166 0.732083 11.5559 -0.0161865 0.997507 -0.0686834 -1.66758 -0.734477 0.0347478 0.677744 42.5553
0.655759 0.0656444 0.752111 12.2605 -0.0173342 0.997259 -0.0719275 -1.74932 -0.754771 0.0341299 0.6551 43.191
0.634586 0.0653143 0.770088 12.9863 -0.0123419 0.997152 -0.0744023 -1.82411 -0.772754 0.0377103 0.633584 43.7704
0.613702 0.0634264 0.786986 13.7459 -0.00433323 0.997024 -0.0769751 -1.90853 -0.789526 0.0438296 0.612151 44.3205
0.589343 0.0644207 0.80531 14.5239 -0.000963451 0.996871 -0.0790395 -1.99308 -0.807882 0.0458055 0.587561 44.9044
0.566923 0.0647164 0.821225 15.2925 0.00508046 0.996616 -0.0820453 -2.07914 -0.823755 0.0506855 0.564675 45.4111
0.541853 0.0690988 0.837628 16.0951 0.00505597 0.996329 -0.0854612 -2.16267 -0.840458 0.0505424 0.539514 45.9495
0.518192 0.0706028 0.852345 16.9401 0.00987031 0.996027 -0.0885052 -2.25466 -0.855207 0.0542756 0.515436 46.4602
0.494958 0.0712251 0.865993 17.7442 0.0143124 0.995831 -0.0900841 -2.34695 -0.868799 0.0569823 0.491875 46.9104
0.470963 0.0737826 0.879062 18.5682 0.0168059 0.995565 -0.092565 -2.44279 -0.881993 0.0583682 0.467635 47.3554
0.448314 0.0736381 0.890838 19.395 0.0209086 0.995464 -0.0928089 -2.53722 -0.893632 0.0602337 0.444741 47.7558
0.424121 0.0738768 0.902587 20.2457 0.022531 0.995498 -0.0920688 -2.63703 -0.905325 0.0593845 0.420547 48.1543
0.40101 0.0739348 0.913085 21.0662 0.025254 0.995467 -0.0916965 -2.7321 -0.915725 0.0598303 0.397325 48.5043
0.378227 0.0766626 0.922533 22.0023 0.0287663 0.99511 -0.0944876 -2.83249 -0.925266 0.0622756 0.374172 48.8706
0.357004 0.0790028 0.930756 22.9187 0.0331743 0.994716 -0.0971561 -2.93095 -0.933514 0.0655623 0.352496 49.1997
0.334961 0.0809716 0.938746 23.7782 0.036047 0.99447 -0.0986403 -3.02465 -0.941542 0.0668796 0.33019 49.5108
0.315814 0.081134 0.945346 24.6581 0.0453802 0.993905 -0.100462 -3.12324 -0.947735 0.0746273 0.310208 49.7856
0.297913 0.0826687 0.951007 25.5194 0.0526791 0.993301 -0.102848 -3.22107 -0.953138 0.0807378 0.291563 50.0381
0.281812 0.0846676 0.955727 26.3465 0.0585254 0.992727 -0.105203 -3.32106 -0.957683 0.0855816 0.274807 50.2698
0.268367 0.0878408 0.959303 27.1733 0.0658677 0.99183 -0.109246 -3.41519 -0.961062 0.0925051 0.260389 50.4808
0.255068 0.0912935 0.962604 28.0052 0.0677256 0.991401 -0.11197 -3.51383 -0.964548 0.093753 0.246692 50.6993
0.24605 0.0923315 0.964849 28.8277 0.0713118 0.99103 -0.113022 -3.60842 -0.96663 0.0966144 0.237259 50.8885
0.236821 0.0921208 0.967176 29.6708 0.0734451 0.990949 -0.112369 -3.71112 -0.968773 0.0976456 0.227912 51.0912
0.230987 0.0924647 0.968553 30.511 0.0795979 0.990341 -0.113528 -3.8063 -0.969695 0.103318 0.221396 51.2616
0.222209 0.0929558 0.970558 31.3209 0.0815942 0.99018 -0.113516 -3.90158 -0.971579 0.104416 0.212442 51.4465
0.215516 0.0923223 0.972126 32.2023 0.086592 0.989792 -0.113197 -4.00133 -0.972653 0.108574 0.205322 51.6241
0.208084 0.0921507 0.97376 33.0555 0.0884965 0.989695 -0.11257 -4.10368 -0.974099 0.109598 0.197784 51.8087
0.202945 0.0904721 0.975002 33.8754 0.0919644 0.98956 -0.110965 -4.20178 -0.974862 0.112185 0.192506 51.9653
0.197435 0.0888993 0.976277 34.7653 0.0933856 0.989645 -0.109002 -4.30558 -0.975858 0.112691 0.187089 52.135
0.192992 0.0878015 0.977264 35.6253 0.0963665 0.989477 -0.107929 -4.40144 -0.976457 0.115005 0.1825 52.2841
0.187532 0.0907614 0.978056 36.4691 0.0955789 0.989311 -0.110132 -4.49822 -0.977597 0.114135 0.176852 52.4431
0.182347 0.0941643 0.978715 37.3486 0.0944341 0.989125 -0.11276 -4.59432 -0.978689 0.112986 0.171472 52.6022
0.179525 0.093767 0.979275 38.2816 0.0981485 0.988773 -0.112669 -4.69545 -0.978845 0.116341 0.168306 52.7381
0.172474 0.0933383 0.980582 39.1469 0.096162 0.98915 -0.111068 -4.79409 -0.980309 0.113451 0.161627 52.8983
0.169692 0.0911622 0.981272 40.0673 0.100219 0.988954 -0.109207 -4.89626 -0.980388 0.116874 0.158682 53.0222
0.165576 0.0913138 0.981961 40.9522 0.100656 0.98894 -0.108935 -5.00079 -0.981047 0.116878 0.154553 53.1539
0.162767 0.0905192 0.982504 41.8349 0.106275 0.988381 -0.108667 -5.10664 -0.980924 0.122103 0.151256 53.2758
0.158337 0.0901168 0.983264 42.7697 0.106959 0.988401 -0.107811 -5.21596 -0.981575 0.122239 0.146861 53.4273
0.156349 0.0879112 0.983782 43.6939 0.109056 0.988405 -0.105656 -5.31862 -0.981663 0.123807 0.144949 53.5615
0.155642 0.0859503 0.984067 44.6447 0.111543 0.988307 -0.103962 -5.42424 -0.981496 0.125946 0.144235 53.6887
0.153787 0.085609 0.984388 45.6238 0.109718 0.9886 -0.103116 -5.534 -0.981994 0.123863 0.142641 53.8313
0.151741 0.0864567 0.984632 46.621 0.108488 0.988692 -0.103532 -5.64766 -0.982449 0.12253 0.140645 53.9854
0.149483 0.088072 0.984834 47.6556 0.107932 0.98862 -0.104793 -5.76352 -0.982856 0.12196 0.138276 54.1415
0.148701 0.0888845 0.984879 48.6649 0.108155 0.988516 -0.105542 -5.87568 -0.98295 0.122214 0.13738 54.2809
0.148678 0.0892781 0.984847 49.6933 0.110308 0.988204 -0.106235 -5.98081 -0.982714 0.124431 0.137076 54.4168
0.148043 0.0888562 0.984981 50.718 0.110193 0.988272 -0.105715 -6.09599 -0.982823 0.124189 0.136515 54.5627
0.147646 0.0885505 0.985068 51.7556 0.11147 0.988148 -0.105535 -6.20488 -0.982738 0.125388 0.136026 54.7037
0.147417 0.0871888 0.985224 52.7652 0.112912 0.988111 -0.104339 -6.32432 -0.982608 0.126625 0.13582 54.8374
0.146631 0.0857567 0.985467 53.8592 0.115172 0.987979 -0.103112 -6.45069 -0.982464 0.128617 0.134992 54.9884
0.146494 0.0847268 0.985576 54.9193 0.116481 0.987916 -0.102241 -6.56886 -0.98233 0.129779 0.134854 55.1295
0.146301 0.084917 0.985589 55.9833 0.11843 0.98764 -0.102674 -6.68242 -0.982125 0.131745 0.134436 55.2751
0.144124 0.0856086 0.98585 57.0462 0.118451 0.987595 -0.103077 -6.79855 -0.982445 0.131631 0.132195 55.4458
0.145359 0.0846985 0.985747 58.1534 0.122633 0.987103 -0.102899 -6.92223 -0.981749 0.135842 0.133097 55.5834
0.14696 0.0851544 0.98547 59.2902 0.12602 0.986557 -0.104041 -7.0427 -0.981082 0.139479 0.134253 55.719
0.147473 0.0863821 0.985287 60.4393 0.128209 0.986104 -0.105644 -7.1679 -0.980721 0.141903 0.134349 55.8677
0.148098 0.087489 0.985095 61.5953 0.128826 0.985886 -0.106927 -7.30188 -0.980546 0.142742 0.134737 56.0181
0.148543 0.0866456 0.985103 62.736 0.1309 0.985666 -0.106433 -7.44038 -0.980204 0.14476 0.135072 56.1757
0.149166 0.0856899 0.985092 63.9384 0.130857 0.985765 -0.105563 -7.56694 -0.980115 0.144653 0.135829 56.3295
0.148003 0.0842548 0.985391 65.1258 0.130127 0.986043 -0.103855 -7.70785 -0.980389 0.143597 0.134974 56.5134
0.146199 0.0850573 0.985592 66.2772 0.127472 0.986371 -0.104033 -7.83783 -0.981008 0.140845 0.133364 56.6928
0.144589 0.086216 0.985729 67.4487 0.125173 0.9866 -0.104653 -7.97812 -0.981543 0.138518 0.13186 56.8648
0.144253 0.0876914 0.985648 68.5996 0.124273 0.986574 -0.105962 -8.10602 -0.981706 0.137775 0.131418 57.0235
0.142541 0.0886162 0.985814 69.6676 0.121964 0.986821 -0.106342 -8.22597 -0.982246 0.135392 0.129854 57.187
0.141592 0.0893901 0.985881 70.7867 0.119522 0.987085 -0.106665 -8.34856 -0.982683 0.132937 0.129079 57.3421
0.140038 0.0905878 0.985994 71.8801 0.11709 0.987304 -0.107338 -8.47802 -0.983199 0.130481 0.127653 57.4932
0.138611 0.0923184 0.986035 72.9593 0.117671 0.987057 -0.108956 -8.60302 -0.983331 0.13113 0.125954 57.6429
0.13673 0.0932012 0.986214 74.033 0.117216 0.987048 -0.109531 -8.72643 -0.983649 0.130576 0.124035 57.788
0.135441 0.0928208 0.986428 75.0835 0.117584 0.98706 -0.109025 -8.85327 -0.983783 0.130755 0.122774 57.92
0.133479 0.0934751 0.986634 76.1433 0.113904 0.987498 -0.108967 -8.98258 -0.984484 0.126926 0.121163 58.0485
0.131839 0.0937501 0.986828 77.2088 0.11539 0.987298 -0.109211 -9.10788 -0.984532 0.128269 0.119347 58.17
0.129305 0.0943905 0.987102 78.3216 0.116084 0.987173 -0.109604 -9.23785 -0.984787 0.128759 0.11669 58.3099
0.128589 0.0948056 0.987156 79.464 0.118749 0.986786 -0.110239 -9.36867 -0.984563 0.1314 0.115632 58.4327
0.12742 0.0929644 0.987483 80.566 0.119946 0.986847 -0.108382 -9.50141 -0.98457 0.132255 0.114593 58.5536
0.12642 0.0927127 0.987635 81.6822 0.121543 0.986673 -0.10818 -9.62898 -0.984503 0.133717 0.113467 58.6751
0.123619 0.0936445 0.987901 82.8433 0.118566 0.987012 -0.108397 -9.76604 -0.985221 0.130532 0.11091 58.8212
0.121831 0.0945782 0.988034 84.0106 0.118031 0.987006 -0.109034 -9.90013 -0.985508 0.129902 0.109085 58.9592
0.120693 0.0945603 0.988176 85.1711 0.120117 0.986747 -0.109094 -10.0331 -0.985396 0.131864 0.107735 59.0906
0.117465 0.0946741 0.988554 86.3434 0.11738 0.987144 -0.108487 -10.1764 -0.986116 0.12878 0.104842 59.2439
0.115432 0.0946654 0.988794 87.5156 0.116021 0.98735 -0.108071 -10.311 -0.986516 0.127196 0.102989 59.3827
0.113805 0.0934111 0.989102 88.6519 0.116008 0.98751 -0.106609 -10.4423 -0.986707 0.126876 0.101547 59.5089
0.112708 0.0933824 0.98923 89.8626 0.114033 0.98778 -0.106238 -10.5861 -0.987063 0.124779 0.100682 59.6324
0.112656 0.0947461 0.989107 91.0863 0.115483 0.987449 -0.107741 -10.7247 -0.9869 0.126363 0.100301 59.7556
0.110712 0.0970135 0.989106 92.2531 0.111773 0.987695 -0.109386 -10.8614 -0.987547 0.122666 0.098506 59.8832
0.111304 0.0982427 0.988918 93.4523 0.113291 0.98736 -0.110839 -10.9995 -0.987308 0.124372 0.0987675 59.9925
0.108976 0.0985715 0.989145 94.7403 0.111921 0.987527 -0.110741 -11.1599 -0.987724 0.122774 0.0965844 60.1402
0.107979 0.0991604 0.989196 95.8802 0.109065 0.987826 -0.110928 -11.2947 -0.988153 0.119864 0.0958494 60.2584
0.105018 0.0985161 0.989579 97.0006 0.105082 0.988411 -0.109552 -11.4323 -0.988903 0.115492 0.0934487 60.3854
0.105413 0.0966821 0.989717 98.1561 0.107457 0.988327 -0.107991 -11.5709 -0.988606 0.117736 0.0937933 60.4912
0.106894 0.095298 0.989693 99.2623 0.110379 0.988106 -0.107067 -11.6969 -0.988125 0.120686 0.0951035 60.5855
0.107029 0.0931073 0.989887 100.442 0.112742 0.988048 -0.105124 -11.8432 -0.987843 0.122853 0.0952524 60.7005
0.105235 0.0929247 0.990096 101.628 0.109535 0.988483 -0.104416 -11.9952 -0.988397 0.119438 0.093845 60.8375
0.107966 0.0928761 0.989807 102.817 0.111812 0.988175 -0.104919 -12.136 -0.987847 0.122 0.0963047 60.9331
0.11205 0.0924619 0.989392 103.928 0.117753 0.987411 -0.105612 -12.2714 -0.986701 0.128338 0.0997513 61.0224
0.113924 0.0927706 0.989149 105.014 0.118562 0.987246 -0.106247 -12.4054 -0.98639 0.12938 0.101472 61.1255
0.11447 0.0934808 0.989019 106.133 0.115177 0.9876 -0.106677 -12.5527 -0.986727 0.126123 0.102283 61.255
0.11874 0.0936535 0.988499 107.219 0.118801 0.98705 -0.107787 -12.6797 -0.985793 0.130233 0.106076 61.3353
0.121518 0.0921948 0.988298 108.324 0.121426 0.986818 -0.106987 -12.8117 -0.985134 0.133006 0.108722 61.4339
0.122468 0.0901278 0.988372 109.43 0.124659 0.986584 -0.105411 -12.9425 -0.984612 0.136119 0.10959 61.5381
0.122114 0.0884662 0.988566 110.515 0.12717 0.986415 -0.103983 -13.0714 -0.984335 0.138413 0.109205 61.6506
0.120839 0.0881924 0.988747 111.597 0.129554 0.986125 -0.103792 -13.1931 -0.984182 0.140638 0.107737 61.7589
0.116863 0.088089 0.989234 112.729 0.126373 0.986643 -0.102787 -13.332 -0.985075 0.137025 0.10417 61.8882
0.111728 0.0883291 0.989805 113.94 0.127446 0.986543 -0.102424 -13.4568 -0.985533 0.13759 0.0989673 62.0046
0.1056 0.0876806 0.990536 115.071 0.129643 0.98639 -0.101135 -13.5919 -0.985922 0.139096 0.0927955 62.0914
0.0959389 0.0875156 0.991533 116.208 0.132146 0.98619 -0.0998303 -13.7211 -0.986576 0.140605 0.0830492 62.1916
0.0839778 0.087331 0.992633 117.395 0.13149 0.98647 -0.097913 -13.8557 -0.987754 0.138744 0.0713584 62.287
0.0697764 0.0865933 0.993797 118.613 0.129927 0.98695 -0.0951191 -13.9982 -0.989065 0.135758 0.057615 62.3679
0.0536162 0.087205 0.994746 119.835 0.125924 0.987636 -0.0933689 -14.1343 -0.99059 0.130268 0.0419721 62.4431
0.0382278 0.0881666 0.995372 121.056 0.128507 0.987395 -0.0923954 -14.2627 -0.990972 0.131444 0.0264159 62.4803
0.0222172 0.0893535 0.995752 122.204 0.130114 0.987268 -0.0914954 -14.3822 -0.99125 0.131594 0.0103082 62.4966
0.00513403 0.089035 0.996015 123.452 0.132634 0.987168 -0.0889278 -14.5204 -0.991152 0.132562 -0.00674092 62.5133
-0.0112032 0.0881061 0.996048 124.659 0.132715 0.987429 -0.0858509 -14.644 -0.991091 0.131229 -0.0227554 62.4676
-0.0300369 0.0871984 0.995738 125.845 0.135033 0.987409 -0.0823957 -14.761 -0.990386 0.131982 -0.0414334 62.4325
-0.0495838 0.0848144 0.995162 126.965 0.134191 0.987919 -0.0775111 -14.8747 -0.989714 0.129698 -0.0603661 62.377
-0.0704719 0.0828978 0.994063 128.164 0.133786 0.988323 -0.0729346 -14.9899 -0.988501 0.127852 -0.0807396 62.3084
-0.0909202 0.0835392 0.992348 129.395 0.136613 0.988101 -0.070665 -15.0988 -0.986443 0.129143 -0.101251 62.1968
-0.110635 0.0840197 0.990303 130.59 0.14089 0.987683 -0.0680576 -15.1961 -0.983824 0.131994 -0.121109 62.0468
-0.131759 0.0872713 0.987433 131.778 0.143435 0.987312 -0.0681213 -15.2963 -0.98085 0.132657 -0.142605 61.8841
-0.154195 0.0887567 0.984046 132.917 0.143727 0.987378 -0.0665358 -15.3847 -0.977531 0.131175 -0.165006 61.6973
-0.179091 0.0905007 0.979661 134.133 0.144326 0.987404 -0.0648318 -15.4807 -0.973189 0.12978 -0.189897 61.48
-0.205392 0.0897515 0.974556 135.296 0.145132 0.987569 -0.0603627 -15.5777 -0.967859 0.129041 -0.215865 61.2372
-0.234601 0.0874864 0.968147 136.429 0.139517 0.988661 -0.0555324 -15.666 -0.962028 0.122045 -0.244147 60.9933
-0.258972 0.0893943 0.961739 137.503 0.146263 0.987855 -0.0524369 -15.7378 -0.954746 0.127087 -0.268902 60.6682
-0.286948 0.0892968 0.953775 138.701 0.145762 0.988122 -0.0486592 -15.8171 -0.946791 0.125062 -0.296556 60.3131
-0.314666 0.0900835 0.944918 139.803 0.145977 0.988236 -0.0456018 -15.8908 -0.937911 0.123587 -0.324114 59.9408
-0.34388 0.0915978 0.934536 140.905 0.147623 0.988129 -0.0425299 -15.9616 -0.927337 0.123334 -0.353319 59.5454
-0.37186 0.0945241 0.923464 142.033 0.150602 0.987766 -0.0404615 -16.0203 -0.915991 0.12403 -0.381546 59.082
-0.40171 0.0966427 0.910653 143.086 0.151162 0.987773 -0.0381457 -16.0812 -0.903205 0.122333 -0.411407 58.6253
-0.427734 0.101896 0.898143 144.114 0.157419 0.986839 -0.0369896 -16.1229 -0.890092 0.125563 -0.438145 58.1036
-0.456021 0.104299 0.883836 145.078 0.159076 0.986668 -0.0343575 -16.1643 -0.875637 0.124929 -0.466533 57.6073
-0.48276 0.107353 0.869148 145.94 0.162769 0.986164 -0.0313982 -16.2057 -0.860493 0.126313 -0.493555 57.118
-0.510006 0.10879 0.853264 146.797 0.165569 0.985836 -0.0267305 -16.2509 -0.844086 0.127642 -0.520794 56.608
-0.535675 0.111068 0.837088 147.643 0.169179 0.985329 -0.0224749 -16.2863 -0.827303 0.129579 -0.546607 56.0515
-0.562291 0.111799 0.819347 148.521 0.168382 0.98554 -0.0189199 -16.3268 -0.809615 0.127325 -0.572985 55.4514
-0.588383 0.115396 0.800306 149.355 0.169018 0.985452 -0.0178301 -16.3516 -0.79072 0.124775 -0.599327 54.839
-0.614589 0.116112 0.780256 150.115 0.166995 0.985841 -0.0151682 -16.3779 -0.770969 0.120976 -0.625277 54.2507
-0.637928 0.118781 0.760881 150.852 0.169962 0.985386 -0.0113314 -16.4061 -0.751107 0.122092 -0.648793 53.6253
-0.662112 0.117493 0.740137 151.566 0.166924 0.985944 -0.00718697 -16.4326 -0.730578 0.118788 -0.672417 53.0057
-0.685766 0.116454 0.718445 152.293 0.16523 0.986253 -0.00214969 -16.4557 -0.708819 0.117234 -0.69558 52.3375
-0.708376 0.114776 0.696441 152.975 0.162868 0.986643 0.00305647 -16.4797 -0.686788 0.115593 -0.717607 51.6733
-0.729633 0.112141 0.674582 153.632 0.158602 0.987315 0.00741559 -16.4843 -0.665193 0.112401 -0.738163 50.9797
-0.748762 0.112368 0.653245 154.248 0.158007 0.987374 0.0112676 -16.4843 -0.643731 0.111654 -0.757063 50.2654
-0.7671 0.115769 0.630995 154.848 0.159533 0.987109 0.0128385 -16.4804 -0.621375 0.110513 -0.775681 49.5295
-0.785976 0.115829 0.60731 155.426 0.15645 0.987585 0.0141196 -16.4784 -0.598135 0.106111 -0.794339 48.8061
-0.803317 0.115627 0.58422 155.963 0.155728 0.987624 0.0186611 -16.4774 -0.574831 0.10597 -0.811381 48.0824
-0.820007 0.115944 0.560487 156.493 0.155299 0.987602 0.0229088 -16.471 -0.550882 0.105829 -0.827846 47.3206
-0.836519 0.114065 0.535934 157.005 0.151824 0.988047 0.0266863 -16.456 -0.526484 0.103691 -0.843838 46.5406
-0.850511 0.116282 0.512943 157.495 0.154036 0.987562 0.0315295 -16.434 -0.502896 0.105828 -0.857844 45.6924
-0.865472 0.11473 0.487643 157.965 0.150818 0.987933 0.0352374 -16.4148 -0.477716 0.104043 -0.872332 44.88
-0.879139 0.115252 0.462419 158.408 0.149274 0.988083 0.0375297 -16.3917 -0.452583 0.102021 -0.885867 44.0402
-0.892539 0.112463 0.436723 158.83 0.144029 0.988776 0.0397297 -16.368 -0.427353 0.098361 -0.898718 43.1955
-0.90428 0.116288 0.410798 159.196 0.145843 0.988448 0.0412321 -16.3354 -0.401257 0.0971975 -0.910794 42.3656
-0.915299 0.117996 0.385104 159.535 0.146188 0.988249 0.0446531 -16.3085 -0.375309 0.0971685 -0.921792 41.533
-0.926692 0.116654 0.357258 159.867 0.14333 0.98846 0.0490283 -16.2735 -0.347416 0.09664 -0.932718 40.7117
-0.936644 0.117591 0.329954 160.161 0.143146 0.988218 0.054163 -16.2418 -0.319697 0.0979631 -0.942442 39.8777
-0.946725 0.113088 0.301536 160.462 0.136504 0.988959 0.0576778 -16.2031 -0.291684 0.0957657 -0.951709 39.0091
-0.956395 0.106508 0.271965 160.754 0.127337 0.990039 0.0600723 -16.1637 -0.262857 0.0920841 -0.96043 38.111
-0.96272 0.115395 0.24465 160.974 0.133899 0.989156 0.0603456 -16.0986 -0.235034 0.0908544 -0.967732 37.098
-0.971379 0.103881 0.213618 161.213 0.120193 0.990633 0.0648136 -16.0467 -0.204884 0.088634 -0.974765 36.1834
-0.977181 0.103442 0.18552 161.385 0.11804 0.990579 0.0694246 -15.9935 -0.176591 0.0897392 -0.980185 35.2358
-0.983107 0.0973806 0.154976 161.569 0.109902 0.991156 0.0743748 -15.9368 -0.146362 0.0901506 -0.985115 34.266
-0.987019 0.100051 0.125631 161.717 0.110274 0.990897 0.0772209 -15.8656 -0.116762 0.0900723 -0.989067 33.1771
-0.989893 0.103526 0.0969283 161.807 0.111456 0.990519 0.0803098 -15.7982 -0.0876951 0.0903013 -0.992046 32.1306
-0.992929 0.0995206 0.0647081 161.909 0.104717 0.991066 0.0825994 -15.7311 -0.0559097 0.0887914 -0.99448 31.1102
-0.994641 0.0979162 0.0331891 161.963 0.100459 0.991182 0.0864065 -15.6536 -0.0244358 0.0892776 -0.995707 30.1218
-0.995553 0.094182 0.00178801 161.988 0.0939569 0.991456 0.0904839 -15.5797 0.00674922 0.0902495 -0.995896 29.1408
-0.995347 0.0914027 -0.0305053 161.974 0.0881914 0.991678 0.0937907 -15.5031 0.0388241 0.090664 -0.995124 28.1436
-0.993887 0.0902776 -0.0635438 161.921 0.0840213 0.991919 0.0950589 -15.4132 0.071612 0.0891388 -0.993441 27.081
-0.991478 0.0855555 -0.0982475 161.863 0.0759691 0.992333 0.0974874 -15.3292 0.105835 0.0891928 -0.990376 26.1126
-0.98759 0.0840746 -0.132654 161.754 0.0707788 0.992268 0.10195 -15.2399 0.140199 0.091296 -0.985905 25.0869
-0.982142 0.0874862 -0.166566 161.57 0.0702792 0.991821 0.106543 -15.1426 0.174525 0.0929347 -0.980257 24.0212
-0.976036 0.078301 -0.203034 161.413 0.0569251 0.992403 0.109071 -15.0413 0.210031 0.0948998 -0.973078 23.0067
-0.968596 0.0788745 -0.235799 161.149 0.0540596 0.992469 0.109918 -14.9301 0.242693 0.0937193 -0.965566 21.9299
-0.959847 0.0804655 -0.268734 160.87 0.0525719 0.992603 0.109436 -14.8263 0.275552 0.0909143 -0.956977 20.9607
-0.949698 0.08608 -0.301103 160.54 0.0548217 0.992332 0.110779 -14.715 0.30833 0.0886996 -0.947135 19.9768
-0.938812 0.0825287 -0.334396 160.185 0.0470749 0.992503 0.112787 -14.6 0.341197 0.0901444 -0.935659 18.9223
-0.926454 0.080339 -0.367735 159.809 0.0407129 0.992613 0.114286 -14.4905 0.3742 0.090909 -0.922881 17.9146
-0.913715 0.085245 -0.397314 159.302 0.04305 0.992553 0.113952 -14.3588 0.404069 0.0870155 -0.91058 16.7892
-0.900984 0.0879747 -0.42484 158.754 0.0434626 0.992602 0.113372 -14.2267 0.43167 0.0836813 -0.898141 15.6375
-0.886763 0.0882019 -0.453731 158.244 0.0403263 0.992645 0.11415 -14.102 0.460462 0.0829265 -0.883798 14.5754
-0.872944 0.086301 -0.480126 157.745 0.0345386 0.992691 0.115636 -13.9875 0.486597 0.084361 -0.869544 13.6324
-0.858643 0.0885687 -0.504864 157.17 0.0333453 0.992524 0.117408 -13.8641 0.511488 0.0839763 -0.855177 12.6423
-0.84485 0.0909675 -0.527213 156.553 0.0328278 0.992396 0.118626 -13.7366 0.533996 0.0829141 -0.841412 11.6513
-0.831054 0.0955086 -0.54793 155.938 0.0367812 0.992427 0.117201 -13.6189 0.554974 0.077247 -0.828273 10.7575
-0.817602 0.0984633 -0.567302 155.271 0.0381208 0.992365 0.117299 -13.4882 0.57452 0.0742778 -0.815113 9.83517
-0.803901 0.103267 -0.58573 154.538 0.0390433 0.99185 0.121282 -13.3599 0.59348 0.0746297 -0.801381 8.85472
-0.789313 0.104368 -0.605056 153.844 0.036233 0.991647 0.123786 -13.2414 0.612922 0.0757827 -0.786501 7.95048
-0.773545 0.102137 -0.625456 153.012 0.0335704 0.992146 0.120498 -13.0885 0.632851 0.0722136 -0.770899 6.91325
-0.75999 0.106421 -0.641162 152.104 0.0431504 0.992589 0.113603 -12.9272 0.6485 0.058671 -0.75895 5.91687
-0.74584 0.104558 -0.657868 151.217 0.044623 0.993228 0.107268 -12.7777 0.664629 0.0506484 -0.745455 4.92655
-0.731047 0.0981825 -0.675227 150.49 0.0368126 0.993827 0.104653 -12.6578 0.681334 0.0516497 -0.730148 4.09275
-0.717059 0.0970592 -0.690222 149.649 0.0344589 0.993983 0.103975 -12.5312 0.69616 0.0507722 -0.716089 3.22158
-0.699531 0.0878948 -0.709176 148.873 0.0218703 0.994575 0.101694 -12.4101 0.714267 0.0556284 -0.697659 2.30795
-0.683054 0.0843216 -0.725484 147.973 0.0142686 0.994664 0.102174 -12.2838 0.730228 0.0594386 -0.680613 1.40155
-0.666427 0.0818506 -0.741064 147.152 0.00591877 0.994505 0.104521 -12.1653 0.745547 0.0652691 -0.663249 0.631059
-0.650455 0.082205 -0.755083 146.011 0.00288864 0.994386 0.105769 -12.0057 0.759539 0.0666171 -0.647041 -0.328808
-0.632875 0.080959 -0.77001 145.054 -0.00245325 0.994304 0.106558 -11.8684 0.77425 0.0693266 -0.629071 -1.16624
-0.617877 0.0809029 -0.782101 144.067 -0.00544221 0.994228 0.107145 -11.7471 0.786256 0.0704591 -0.613871 -1.95965
-0.60339 0.0814227 -0.793279 143.069 -0.00712948 0.994183 0.107467 -11.6248 0.797415 0.0704999 -0.599299 -2.74932
-0.589813 0.0795689 -0.80361 142.138 -0.0115722 0.994199 0.106933 -11.493 0.807457 0.0723703 -0.585471 -3.45531
-0.57666 0.0762826 -0.813415 140.967 -0.0186864 0.994139 0.106479 -11.3408 0.816771 0.0766016 -0.571855 -4.36855
-0.565696 0.0802692 -0.820698 139.591 -0.0144762 0.994131 0.10721 -11.1773 0.824487 0.0725291 -0.561214 -5.25609
-0.556145 0.0867735 -0.826543 137.976 -0.00541878 0.994135 0.108014 -10.9899 0.831068 0.0645502 -0.552412 -6.2472
-0.544221 0.0853997 -0.834584 136.473 -0.0106391 0.994023 0.108652 -10.795 0.838875 0.0680099 -0.540059 -7.27968
-0.53594 0.0915074 -0.839282 134.828 -0.00284859 0.993907 0.110185 -10.5854 0.844251 0.0614435 -0.532414 -8.25297
-0.525065 0.0907662 -0.846208 133.664 -0.00654744 0.993836 0.110664 -10.4342 0.851037 0.0636462 -0.521235 -9.03649
-0.517412 0.0942546 -0.85053 132.118 0.00172268 0.994028 0.109109 -10.2419 0.855735 0.0549891 -0.514484 -9.93833
-0.512085 0.0987152 -0.853243 130.866 0.00841468 0.993903 0.109938 -10.0922 0.858894 0.0491181 -0.509793 -10.6609
-0.50908 0.102942 -0.854541 129.327 0.0167408 0.993819 0.109747 -9.90137 0.860556 0.0415644 -0.507656 -11.5072
-0.504779 0.105535 -0.856773 127.939 0.0237312 0.99382 0.108435 -9.72976 0.862922 0.0344035 -0.504164 -12.3046
-0.502059 0.106384 -0.858265 126.53 0.0251956 0.993783 0.108443 -9.55205 0.864466 0.0328201 -0.501618 -13.128
-0.500586 0.10756 -0.858979 124.411 0.02874 0.993769 0.107689 -9.28807 0.865209 0.0292205 -0.500558 -14.3353
-0.49835 0.108383 -0.860174 122.327 0.0317389 0.993771 0.106829 -9.02909 0.866395 0.0259372 -0.498686 -15.5545
-0.495832 0.107236 -0.861772 120.841 0.0289044 0.993835 0.107039 -8.8479 0.867937 0.0281645 -0.495874 -16.444
-0.494386 0.106879 -0.862646 119.312 0.0294921 0.993903 0.106239 -8.65711 0.868742 0.0270819 -0.494524 -17.3069
-0.493163 0.107044 -0.863326 117.798 0.0295737 0.99389 0.10634 -8.47447 0.869434 0.0269109 -0.493315 -18.1714
-0.491995 0.109285 -0.863712 116.28 0.0318441 0.993685 0.107591 -8.2884 0.870016 0.0254303 -0.492368 -19.0219
-0.49039 0.111205 -0.864379 114.766 0.0354271 0.993549 0.107724 -8.11013 0.870783 0.0222042 -0.491166 -19.8662
-0.490442 0.11353 -0.864047 112.69 0.0367449 0.99329 0.109655 -7.87468 0.870699 0.0220298 -0.491323 -20.9762
-0.488858 0.113793 -0.86491 110.416 0.0370298 0.993269 0.109751 -7.60167 0.871577 0.0216254 -0.489781 -22.2636
-0.486598 0.113028 -0.866283 107.929 0.0385652 0.993408 0.107952 -7.30448 0.872774 0.0191207 -0.487749 -23.632
-0.484669 0.112123 -0.867481 104.808 0.0397402 0.993549 0.106214 -6.93005 0.873794 0.017005 -0.485998 -25.3209
-0.482966 0.111669 -0.86849 102.829 0.0384308 0.993582 0.106381 -6.70575 0.874796 0.0180018 -0.484158 -26.4296
-0.481225 0.114621 -0.869071 100.999 0.0422333 0.993295 0.10762 -6.48397 0.875579 0.0150856 -0.482839 -27.4284
-0.480094 0.114948 -0.869653 99.1826 0.0404239 0.993223 0.108965 -6.27007 0.876285 0.0171587 -0.481487 -28.4421
-0.47926 0.115699 -0.870013 97.4738 0.0408076 0.993138 0.109594 -6.06064 0.876724 0.0170207 -0.480693 -29.3631
-0.477669 0.117331 -0.87067 93.91 0.0426272 0.99297 0.110426 -5.62433 0.877505 0.0156327 -0.479312 -31.3039
-0.476921 0.117793 -0.871017 91.6045 0.0435446 0.992929 0.110437 -5.36419 0.877867 0.0147415 -0.478678 -32.5872
-0.475498 0.118215 -0.871738 89.8134 0.0459879 0.992915 0.109563 -5.15239 0.878514 0.0120075 -0.477566 -33.5866
-0.4756 0.117434 -0.871788 87.9902 0.0440181 0.992985 0.109746 -4.93801 0.87856 0.0138207 -0.477433 -34.5888
-0.475402 0.117076 -0.871944 86.1794 0.045205 0.993047 0.10869 -4.71663 0.878606 0.0122553 -0.477389 -35.5908
-0.475413 0.118074 -0.871804 83.7622 0.0469568 0.992946 0.108874 -4.42478 0.878509 0.0108231 -0.477603 -36.9322
-0.476596 0.118136 -0.871149 81.1806 0.0452917 0.992913 0.10987 -4.12834 0.877955 0.0129079 -0.478569 -38.3496
-0.477285 0.118102 -0.870776 77.9594 0.0457423 0.992923 0.109597 -3.74444 0.877557 0.0124775 -0.47931 -40.1132
-0.477876 0.118382 -0.870414 75.8834 0.0466035 0.992899 0.109455 -3.49001 0.87719 0.0117415 -0.479999 -41.2718
-0.479336 0.114512 -0.870129 73.7772 0.0416504 0.993302 0.107777 -3.22037 0.876642 0.0154204 -0.480895 -42.4853
-0.48079 0.114506 -0.869327 71.4706 0.0448241 0.99335 0.106051 -2.9579 0.875689 0.0120216 -0.482725 -43.7357
-0.482443 0.115106 -0.868331 68.2539 0.0485114 0.993318 0.104722 -2.58772 0.874583 0.00839827 -0.484804 -45.5056
-0.484765 0.118124 -0.866631 65.8367 0.0527415 0.992983 0.105844 -2.31712 0.873053 0.00560227 -0.487594 -46.8355
-0.487623 0.122358 -0.864438 62.8368 0.0593256 0.992486 0.107017 -1.97859 0.871036 0.000900773 -0.491218 -48.4368
-0.491185 0.126047 -0.861887 60.2372 0.0671071 0.99201 0.106833 -1.67778 0.868466 -0.00536405 -0.495719 -49.8162
-0.49541 0.129928 -0.858888 56.9346 0.0756817 0.991447 0.106327 -1.33531 0.865356 -0.0123265 -0.501006 -51.5423
-0.496188 0.131341 -0.858223 54.483 0.0793057 0.991215 0.105842 -1.03316 0.864586 -0.0155444 -0.502245 -53.0525
-0.498343 0.135053 -0.856396 51.613 0.0863691 0.990612 0.10596 -0.743184 0.862667 -0.0211616 -0.50533 -54.6818
-0.502713 0.137604 -0.853431 49.0606 0.0929653 0.99013 0.104883 -0.441579 0.85944 -0.0266133 -0.510544 -56.0894
-0.505427 0.138237 -0.851724 46.7114 0.0987738 0.989864 0.102044 -0.183981 0.857197 -0.0325524 -0.513958 -57.3946
-0.507224 0.144183 -0.849668 44.4535 0.108466 0.988746 0.103033 0.0722237 0.854961 -0.0398991 -0.517155 -58.6914
-0.508424 0.152347 -0.847523 41.5008 0.123143 0.986973 0.103541 0.424701 0.852256 -0.0517235 -0.520561 -60.3782
-0.508086 0.15836 -0.846623 37.8787 0.136311 0.985349 0.102504 0.808122 0.850451 -0.0633227 -0.522228 -62.5242
-0.507786 0.163495 -0.845827 34.3647 0.153519 0.983284 0.0979014 1.23473 0.847694 -0.0801371 -0.524397 -64.598
-0.510558 0.169496 -0.842972 31.7531 0.166406 0.981321 0.0965278 1.52778 0.843588 -0.0909922 -0.529226 -66.08
-0.51223 0.17759 -0.840287 28.9342 0.178983 0.97898 0.0977957 1.84317 0.839992 -0.100304 -0.533248 -67.7663
-0.512704 0.185776 -0.838226 26.4033 0.189111 0.976767 0.10081 2.12907 0.83748 -0.106832 -0.535924 -69.3063
-0.512338 0.194022 -0.83658 22.4748 0.203789 0.973787 0.101038 2.56866 0.834254 -0.11872 -0.538448 -71.5991
-0.513272 0.19863 -0.834924 19.048 0.213897 0.971756 0.0996886 2.96347 0.831144 -0.127421 -0.541261 -73.6835
-0.514652 0.202275 -0.833197 15.7254 0.224567 0.96965 0.09669 3.33164 0.827468 -0.137347 -0.544457 -75.654
-0.513677 0.208937 -0.832155 13.0358 0.24043 0.96609 0.0941511 3.63804 0.823607 -0.151712 -0.546493 -77.2563
-0.513484 0.214604 -0.830831 11.1124 0.253417 0.962962 0.092113 3.85156 0.819826 -0.163248 -0.548849 -78.4058
-0.512882 0.218571 -0.830168 7.69556 0.260051 0.961164 0.0923986 4.21469 0.818123 -0.168497 -0.549804 -80.643
-0.511041 0.222415 -0.830282 5.24497 0.265591 0.959535 0.0935669 4.46447 0.817495 -0.172699 -0.549433 -82.2389
-0.509095 0.230195 -0.829357 1.21586 0.28146 0.955121 0.0923295 4.9228 0.813389 -0.186426 -0.551038 -84.7187
-0.506586 0.235766 -0.829328 -2.09505 0.293112 0.951689 0.0915071 5.27033 0.810837 -0.19673 -0.551218 -86.885
-0.503311 0.240818 -0.82987 -5.005 0.301796 0.948892 0.0923198 5.57133 0.80969 -0.203986 -0.550266 -88.7546
-0.501703 0.244815 -0.829674 -7.62927 0.308697 0.946636 0.092659 5.85525 0.808084 -0.20963 -0.550504 -90.3939
-0.498301 0.250235 -0.830108 -10.547 0.320488 0.942792 0.091819 6.15716 0.805595 -0.220286 -0.549991 -92.2264
-0.497241 0.255509 -0.829136 -14.6753 0.329873 0.93956 0.0917095 6.63686 0.802456 -0.227908 -0.551473 -94.791
-0.495606 0.260398 -0.828594 -18.2835 0.338977 0.936334 0.0915054 7.03861 0.799668 -0.235524 -0.552322 -97.0284
-0.492329 0.267317 -0.828344 -22.0789 0.351519 0.931675 0.0917365 7.43655 0.79627 -0.246014 -0.552658 -99.5062
-0.49054 0.272389 -0.827753 -26.1874 0.361235 0.927994 0.0913016 7.87777 0.793019 -0.254226 -0.553615 -102.118
-0.487208 0.276925 -0.828215 -29.9637 0.369002 0.924847 0.0921652 8.23124 0.791496 -0.26071 -0.55278 -104.659
-0.486805 0.278576 -0.827898 -32.9835 0.371243 0.923908 0.0925904 8.51293 0.790695 -0.262278 -0.553183 -106.607
-0.487196 0.281875 -0.826551 -34.9188 0.375774 0.922039 0.0929461 8.7064 0.788311 -0.265313 -0.555135 -107.861
-0.485102 0.287614 -0.825805 -37.4682 0.383876 0.918545 0.0944146 8.95466 0.785694 -0.271206 -0.555996 -109.545
-0.482012 0.295465 -0.824842 -40.0108 0.396981 0.912895 0.0950222 9.23027 0.78107 -0.281645 -0.55732 -111.172
-0.480827 0.300418 -0.823744 -43.1937 0.404731 0.909443 0.0954265 9.54921 0.777816 -0.287512 -0.558873 -113.199
-0.480031 0.303244 -0.823173 -45.6649 0.41089 0.906781 0.0944352 9.811 0.775074 -0.292901 -0.559883 -114.784
-0.479271 0.304734 -0.823065 -47.6735 0.418027 0.903843 0.0912247 10.0452 0.771721 -0.300342 -0.560573 -116.056
-0.477079 0.307647 -0.823255 -49.5242 0.426971 0.899889 0.0888536 10.2374 0.768174 -0.309116 -0.560675 -117.239
-0.475808 0.309159 -0.823424 -51.8341 0.433162 0.897151 0.0865418 10.4677 0.765492 -0.315499 -0.560788 -118.756
-0.471663 0.317305 -0.82271 -54.2147 0.447286 0.890161 0.0868884 10.7125 0.759914 -0.327004 -0.561782 -120.319
-0.469557 0.325958 -0.820529 -56.683 0.457406 0.884722 0.0897033 10.9613 0.75518 -0.333194 -0.564522 -121.896
-0.466362 0.329539 -0.820921 -58.4817 0.460579 0.882764 0.0927113 11.1021 0.755231 -0.334862 -0.563466 -123.123
-0.460695 0.334889 -0.821955 -60.9362 0.471806 0.876806 0.0927961 11.3318 0.751771 -0.345052 -0.561942 -124.736
-0.462069 0.328122 -0.82391 -63.2386 0.46361 0.881354 0.0909951 11.5343 0.756014 -0.339927 -0.559368 -126.299
-0.459383 0.326499 -0.826054 -65.0081 0.465462 0.880562 0.0891927 11.6932 0.756514 -0.343523 -0.556488 -127.478
-0.456944 0.326787 -0.827292 -67.1013 0.468168 0.879177 0.088695 11.8856 0.756321 -0.346783 -0.554726 -128.87
-0.45384 0.329569 -0.827897 -68.715 0.471958 0.876975 0.090387 12.0146 0.755834 -0.349711 -0.553549 -129.934
-0.452302 0.327009 -0.829752 -70.8105 0.472702 0.876828 0.0878891 12.2049 0.75629 -0.352473 -0.551169 -131.321
-0.451363 0.326876 -0.830315 -72.4201 0.477739 0.874425 0.0845402 12.3729 0.753682 -0.358515 -0.550845 -132.339
-0.447344 0.328567 -0.831821 -74.5419 0.478627 0.873629 0.0876805 12.5088 0.755513 -0.358909 -0.548074 -133.803
-0.448707 0.327954 -0.831329 -76.1598 0.476304 0.874861 0.0880438 12.6727 0.756172 -0.35646 -0.548762 -134.858
-0.448004 0.331483 -0.830308 -77.5207 0.47565 0.874749 0.0925818 12.8055 0.757 -0.353459 -0.549561 -135.744
-0.447075 0.3343 -0.829679 -80.17 0.478082 0.873245 0.0942381 13.0726 0.756017 -0.354523 -0.550229 -137.465
-0.444783 0.337618 -0.829567 -82.0087 0.482071 0.870862 0.0959559 13.25 0.754835 -0.35723 -0.5501 -138.655
-0.441744 0.341669 -0.829532 -84.3426 0.488366 0.867217 0.0971254 13.4771 0.752569 -0.362211 -0.549948 -140.152
-0.440632 0.342745 -0.82968 -86.6426 0.490553 0.865972 0.097211 13.7148 0.751798 -0.364168 -0.54971 -141.641
-0.439676 0.341976 -0.830504 -88.9706 0.489963 0.866293 0.0973219 13.9399 0.752742 -0.364126 -0.548444 -143.169
-0.437711 0.342135 -0.831476 -90.9265 0.492064 0.865143 0.0969532 14.1357 0.752517 -0.366702 -0.547035 -144.44
-0.434708 0.344076 -0.83225 -93.1036 0.495616 0.863005 0.0979162 14.3654 0.751927 -0.369911 -0.545685 -145.82
-0.431504 0.344637 -0.833684 -94.7939 0.500968 0.860096 0.0962611 14.5477 0.750223 -0.376112 -0.543787 -146.895
-0.429617 0.344351 -0.834776 -96.3604 0.49896 0.861022 0.0983883 14.6971 0.752641 -0.37425 -0.541727 -147.924
-0.428673 0.343806 -0.835486 -98.5487 0.493229 0.86385 0.10241 14.9074 0.756944 -0.368186 -0.539884 -149.338
-0.425065 0.345979 -0.836432 -102.486 0.497552 0.86125 0.103395 15.3505 0.75615 -0.372218 -0.53823 -151.891
-0.422797 0.344595 -0.838151 -107.108 0.501056 0.859543 0.100638 15.8795 0.755106 -0.377411 -0.536074 -154.785
-0.42292 0.342697 -0.838867 -110.218 0.502046 0.859279 0.0979257 16.2704 0.754379 -0.379735 -0.535456 -156.605
-0.420941 0.344327 -0.839195 -113.153 0.505286 0.857333 0.0983174 16.5721 0.753323 -0.382647 -0.53487 -158.452
-0.419549 0.341946 -0.840864 -114.799 0.498464 0.860959 0.101409 16.7152 0.758625 -0.376594 -0.531662 -159.573
-0.418264 0.34055 -0.842069 -117.427 0.493818 0.863339 0.103868 17.0014 0.762364 -0.372385 -0.529274 -161.28
-0.416461 0.341462 -0.842593 -120.461 0.496742 0.861683 0.103678 17.3548 0.761451 -0.375374 -0.528476 -163.131
-0.413955 0.343462 -0.843016 -124.18 0.500837 0.859253 0.104146 17.7658 0.760134 -0.379102 -0.527711 -165.461
-0.414402 0.341198 -0.843715 -126.418 0.494554 0.862665 0.105955 17.9939 0.763995 -0.373355 -0.52623 -166.863
-0.412407 0.342719 -0.844076 -128.574 0.498592 0.860365 0.105726 18.2419 0.762448 -0.377247 -0.525698 -168.142
-0.411044 0.342605 -0.844787 -130.833 0.498421 0.860379 0.106414 18.4846 0.763295 -0.377319 -0.524415 -169.532
-0.409694 0.343569 -0.845051 -134.807 0.501077 0.858855 0.106252 18.9407 0.762282 -0.379904 -0.524022 -171.901
-0.408749 0.34169 -0.84627 -138.226 0.500267 0.859435 0.105376 19.3308 0.76332 -0.380288 -0.522229 -173.991
-0.407374 0.342493 -0.846608 -140.988 0.504158 0.857299 0.104225 19.6562 0.761493 -0.384366 -0.521912 -175.629
-0.405408 0.342358 -0.847606 -143.639 0.501624 0.858465 0.106818 19.9325 0.76421 -0.381875 -0.519764 -177.298
-0.402413 0.345104 -0.847919 -146.545 0.505727 0.855866 0.108326 20.2531 0.763089 -0.385223 -0.51894 -179.068
-0.401629 0.34381 -0.848816 -149.056 0.502306 0.857699 0.109735 20.5174 0.765757 -0.382292 -0.517174 -180.575
-0.400393 0.341243 -0.850435 -151.04 0.499202 0.859494 0.109848 20.7246 0.768429 -0.380557 -0.514484 -181.786
