1 0 0 0 0 1 0 0 0 0 1 0
1 0 0 0 0 1 0 0 0 0 1 0
1 0 0 0 0 1 0 0 0 0 1 0
1 0 0 0 0 1 0 0 0 0 1 0
1 0 0 0 0 1 0 0 0 0 1 0
1 0 0 0 0 1 0 0 0 0 1 0
1 0 0 0 0 1 0 0 0 0 1 0
1 0 0 0 0 1 0 0 0 0 1 0
1 0 0 0 0 1 0 0 0 0 1 0
1 0 0 0 0 1 0 0 0 0 1 0
1 0 0 0 0 1 0 0 0 0 1 0
1 0 0 0 0 1 0 0 0 0 1 0
1 0 0 0 0 1 0 0 0 0 1 0
1 0 0 0 0 1 0 0 0 0 1 0
1 0 0 0 0 1 0 0 0 0 1 0
1 0 0 0 0 1 0 0 0 0 1 0
1 0 0 0 0 1 0 0 0 0 1 0
1 0 0 0 0 1 0 0 0 0 1 0
1 0 0 0 0 1 0 0 0 0 1 0
1 0 0 0 0 1 0 0 0 0 1 0
1 0 0 0 0 1 0 0 0 0 1 0
1 0 0 0 0 1 0 0 0 0 1 0
1 0 0 0 0 1 0 0 0 0 1 0
1 0 0 0 0 1 0 0 0 0 1 0
1 0 0 0 0 1 0 0 0 0 1 0
0.99952 0.00535639 -0.0305236 -0.0548322 -0.00545625 0.99998 -0.00318938 0.00663427 0.0305059 0.00335439 0.999529 0.128582
0.997935 0.0131665 -0.0628741 -0.123568 -0.0136195 0.999884 -0.00678094 0.00737498 0.0627776 0.00762325 0.997998 0.248491
0.994866 0.0236317 -0.0983991 -0.20127 -0.0246232 0.999657 -0.00887447 0.00410529 0.0981557 0.0112518 0.995107 0.373021
0.990269 0.0333447 -0.135113 -0.294884 -0.0350126 0.999337 -0.00998607 0.00720993 0.13469 0.0146195 0.99078 0.50808
0.983625 0.0388566 -0.17599 -0.36871 -0.0407556 0.999143 -0.00718723 0.00722548 0.17556 0.0142421 0.984366 0.65566
0.9747 0.0453342 -0.218871 -0.451536 -0.0475612 0.998856 -0.0049143 0.00939273 0.218398 0.0151998 0.975741 0.809176
0.963386 0.0507555 -0.26327 -0.544697 -0.0532821 0.998576 -0.00246143 0.0130558 0.262771 0.0163989 0.964719 0.969381
0.949482 0.0528871 -0.309332 -0.634394 -0.0547485 0.998497 0.00266666 0.0156981 0.309008 0.0144035 0.95095 1.13626
0.933485 0.0566149 -0.354118 -0.7436 -0.0568584 0.998335 0.00972597 0.0236016 0.354079 0.0110555 0.93515 1.30681
0.914637 0.0654967 -0.398935 -0.876997 -0.0645504 0.997789 0.0158212 0.0325697 0.399089 0.0112807 0.916843 1.47626
0.892165 0.0717343 -0.445978 -1.00344 -0.068806 0.99737 0.0227799 0.0404069 0.446439 0.0103626 0.894754 1.65299
0.867204 0.078362 -0.491749 -1.14836 -0.0726096 0.996884 0.0308095 0.0512755 0.492631 0.00898752 0.870192 1.83159
0.83991 0.0829147 -0.536354 -1.30489 -0.0733833 0.996536 0.0391384 0.0622775 0.537741 0.00648674 0.843085 2.00885
0.809936 0.0886642 -0.579778 -1.48604 -0.0752228 0.996047 0.047239 0.0777873 0.581675 0.00535201 0.813404 2.18354
0.777447 0.0922295 -0.62215 -1.68716 -0.0748895 0.995727 0.0540269 0.096082 0.624474 0.00458937 0.781032 2.35838
0.741145 0.0939556 -0.664737 -1.89721 -0.0725268 0.995569 0.0598528 0.117174 0.667415 0.00385169 0.744676 2.54451
0.703642 0.096404 -0.703985 -2.13449 -0.0731459 0.995317 0.063189 0.143312 0.70678 0.00703116 0.707399 2.71121
0.665156 0.0986059 -0.740165 -2.37524 -0.0741264 0.995066 0.0659498 0.167673 0.743016 0.010999 0.669183 2.86457
0.625353 0.0999421 -0.773915 -2.63099 -0.0740375 0.99489 0.0686533 0.195942 0.776822 0.0143662 0.629557 3.0239
0.585992 0.100422 -0.80407 -2.89909 -0.0731551 0.994795 0.070928 0.228544 0.807008 0.0172586 0.590288 3.16851
0.545949 0.100187 -0.831807 -3.19204 -0.0687531 0.994833 0.0746974 0.259725 0.834993 0.0164083 0.550016 3.32639
0.505653 0.100341 -0.856882 -3.50142 -0.065014 0.994821 0.0781288 0.293993 0.860284 0.0162033 0.509558 3.47432
0.465638 0.102088 -0.879067 -3.8402 -0.0606645 0.99467 0.0833795 0.329124 0.882894 0.0145036 0.469349 3.6201
0.425457 0.106319 -0.898712 -4.19339 -0.0575515 0.994243 0.0903753 0.36634 0.903147 0.0132715 0.429126 3.76552
0.389291 0.11035 -0.914481 -4.62022 -0.0582408 0.99376 0.0951234 0.414837 0.919272 0.0162294 0.393289 3.8994
0.356058 0.112328 -0.927688 -5.01619 -0.0587141 0.993477 0.0977589 0.460505 0.932617 0.0196605 0.360331 4.01985
0.326937 0.112995 -0.938267 -5.41023 -0.0607524 0.993286 0.0984516 0.509589 0.943092 0.0248145 0.331606 4.12594
0.301373 0.113575 -0.946718 -5.83678 -0.0613797 0.993132 0.0996035 0.557877 0.951529 0.0280914 0.306275 4.23085
0.279203 0.113343 -0.953519 -6.23748 -0.0604533 0.993114 0.100348 0.600406 0.958327 0.0296259 0.284133 4.32599
0.259397 0.112942 -0.959144 -6.70562 -0.0558316 0.993231 0.101857 0.65579 0.964156 0.0271293 0.263947 4.43909
0.24076 0.112691 -0.96402 -7.11636 -0.0513462 0.993325 0.103293 0.702157 0.969225 0.0246299 0.244939 4.53829
0.22511 0.112546 -0.967811 -7.54005 -0.0508021 0.993311 0.103695 0.750361 0.973008 0.0258241 0.229322 4.6298
0.212888 0.113193 -0.970498 -7.95468 -0.0532669 0.993134 0.104148 0.797406 0.975624 0.0295235 0.217456 4.70003
0.203988 0.114296 -0.972278 -8.36711 -0.057365 0.99285 0.104678 0.847499 0.977291 0.0344216 0.209086 4.7599
0.197004 0.115096 -0.973623 -8.79094 -0.0564232 0.99277 0.105943 0.898573 0.978778 0.0340639 0.202074 4.84284
0.192908 0.116615 -0.974263 -9.22071 -0.0550567 0.992635 0.107913 0.949209 0.979671 0.0328225 0.197907 4.92666
0.189857 0.119502 -0.974512 -9.63838 -0.0540629 0.992332 0.111154 0.996166 0.980322 0.0315817 0.194861 5.01357
0.188161 0.12135 -0.974613 -10.0564 -0.0572451 0.992006 0.112464 1.04593 0.980468 0.0346305 0.193603 5.08499
0.18585 0.120658 -0.975142 -10.4923 -0.0562078 0.992112 0.112045 1.09565 0.980969 0.0339869 0.191166 5.17151
0.183787 0.12013 -0.975598 -10.9198 -0.0565929 0.992151 0.111507 1.1435 0.981336 0.0347184 0.189143 5.24793
0.181657 0.118618 -0.976182 -11.3595 -0.0568556 0.992304 0.109997 1.19715 0.981717 0.0355198 0.187003 5.32831
0.181059 0.118504 -0.976307 -11.8183 -0.0591734 0.992228 0.109462 1.25247 0.98169 0.0379522 0.186664 5.40638
0.181313 0.120606 -0.976002 -12.2795 -0.0617298 0.99189 0.111101 1.30703 0.981486 0.0401043 0.187288 5.48549
0.181602 0.1228 -0.975675 -12.7639 -0.0621113 0.991624 0.113246 1.3679 0.981409 0.0400346 0.187708 5.57313
0.181542 0.123557 -0.97559 -13.2589 -0.0632647 0.991488 0.113798 1.42811 0.981346 0.0410613 0.187813 5.66679
0.182089 0.122431 -0.97563 -13.7423 -0.0667447 0.991468 0.111962 1.47919 0.981014 0.0447311 0.188708 5.74754
0.183698 0.117812 -0.975897 -14.2395 -0.0688202 0.991897 0.106789 1.54806 0.980571 0.0475445 0.190318 5.82541
0.183939 0.11429 -0.976271 -14.7621 -0.0661462 0.992405 0.103716 1.60772 0.980709 0.0454992 0.190102 5.93263
0.183868 0.114081 -0.976308 -15.2778 -0.0648774 0.992485 0.103753 1.66996 0.980808 0.0442635 0.189887 6.03633
0.183672 0.117483 -0.975942 -15.7979 -0.0626596 0.992212 0.107649 1.7278 0.980989 0.04138 0.189603 6.14183
0.183977 0.120551 -0.97551 -16.3765 -0.0619719 0.991899 0.110889 1.79673 0.980975 0.0400533 0.189957 6.24485
0.184181 0.121835 -0.975312 -16.9668 -0.0601614 0.991825 0.112537 1.86328 0.981049 0.0379491 0.190005 6.35099
0.184043 0.120414 -0.975515 -17.5615 -0.0557553 0.992149 0.111948 1.93632 0.981336 0.0337869 0.189312 6.46904
0.183633 0.118025 -0.975884 -18.2248 -0.0523911 0.99253 0.11018 2.01032 0.981598 0.0308951 0.188444 6.59768
0.182516 0.114374 -0.976528 -18.9054 -0.0519901 0.992944 0.10658 2.09248 0.981827 0.0313172 0.187175 6.73211
0.181014 0.110018 -0.977308 -19.6529 -0.0498064 0.993474 0.102612 2.17334 0.982219 0.0301019 0.185312 6.88176
0.180242 0.105656 -0.977931 -20.6473 -0.0454302 0.994047 0.0990237 2.28961 0.982573 0.0265794 0.183969 7.07433
0.179512 0.103791 -0.978265 -21.6163 -0.0423291 0.994313 0.0977263 2.39573 0.982845 0.023866 0.182885 7.25926
0.178985 0.104814 -0.978253 -22.2268 -0.043202 0.994187 0.098617 2.4597 0.982903 0.0246116 0.182473 7.37232
0.178252 0.106678 -0.978185 -22.8014 -0.0421498 0.994021 0.100724 2.51926 0.983082 0.0232761 0.181683 7.47985
0.177464 0.107021 -0.978291 -23.3924 -0.0405244 0.994021 0.101391 2.59064 0.983293 0.0216515 0.18074 7.59344
0.176748 0.107802 -0.978335 -23.9272 -0.0383853 0.993983 0.102591 2.64902 0.983507 0.0194208 0.179823 7.69948
0.177021 0.107573 -0.978311 -24.4524 -0.0345858 0.994075 0.103048 2.70371 0.983599 0.0155941 0.179692 7.79937
0.175897 0.107174 -0.978557 -24.9947 -0.0350187 0.994108 0.102582 2.76101 0.983786 0.0162239 0.178614 7.89783
0.175632 0.106855 -0.97864 -25.5666 -0.0364799 0.994116 0.101998 2.82385 0.98378 0.0177866 0.178497 7.99384
0.176211 0.106603 -0.978563 -26.1658 -0.0390343 0.994093 0.101266 2.88997 0.983578 0.0203533 0.179331 8.09016
0.175033 0.105385 -0.978906 -26.7721 -0.0351891 0.994289 0.100749 2.95509 0.983933 0.0168123 0.177742 8.21131
0.174292 0.104201 -0.979165 -29.2029 -0.0312817 0.994469 0.100262 3.19985 0.984197 0.0131552 0.176587 8.68201
0.172565 0.0992237 -0.979988 -29.7414 -0.0251416 0.995033 0.0963198 3.26033 0.984677 0.00801702 0.174203 8.79275
0.172511 0.0970901 -0.980211 -32.2752 -0.0237914 0.995251 0.0943926 3.53692 0.98472 0.00703681 0.174002 9.1915
0.171008 0.0982906 -0.980355 -33.9208 -0.022528 0.995141 0.0958434 3.70557 0.985012 0.00569547 0.172391 9.49183
0.170087 0.103067 -0.980024 -34.4468 -0.0215505 0.994667 0.100866 3.76009 0.985193 0.00396394 0.171401 9.58046
0.16965 0.106017 -0.979785 -34.9774 -0.0198773 0.994363 0.104152 3.81357 0.985304 0.00180607 0.1708 9.66816
0.168199 0.105379 -0.980104 -35.5012 -0.0171123 0.994432 0.103983 3.8733 0.985604 -0.000717959 0.169066 9.76192
0.167691 0.1047 -0.980264 -36.0418 -0.0202909 0.9945 0.10275 3.93236 0.985631 0.00266017 0.168893 9.84154
0.166094 0.104421 -0.980566 -36.5683 -0.0229068 0.994518 0.102026 3.98626 0.985844 0.00551571 0.167575 9.92499
0.164931 0.105615 -0.980634 -37.1121 -0.0259427 0.994371 0.102731 4.04506 0.985964 0.0084968 0.166742 10.0072
0.163058 0.106997 -0.980797 -37.6567 -0.0250945 0.99423 0.104291 4.10498 0.986297 0.00760711 0.164803 10.1027
0.161618 0.108997 -0.980816 -38.2112 -0.0276009 0.993992 0.105913 4.16328 0.986467 0.00995395 0.163656 10.1899
0.159999 0.109578 -0.981016 -38.7831 -0.0287477 0.993915 0.10633 4.2246 0.986698 0.0111892 0.162176 10.2822
0.158659 0.108615 -0.981341 -39.3645 -0.0305042 0.993995 0.105084 4.29187 0.986862 0.0132625 0.161019 10.3688
0.157983 0.10819 -0.981497 -39.9155 -0.0307636 0.994036 0.104621 4.3523 0.986963 0.0136661 0.160369 10.4512
0.157942 0.108559 -0.981463 -40.4706 -0.0324701 0.993972 0.104717 4.4103 0.986914 0.0153289 0.160515 10.5253
0.157272 0.109415 -0.981475 -41.0375 -0.03437 0.993848 0.105287 4.47277 0.986957 0.0171747 0.160065 10.6068
0.15567 0.110186 -0.981644 -41.5931 -0.0347045 0.993756 0.106042 4.52987 0.987199 0.0175599 0.158522 10.6955
0.154868 0.110516 -0.981734 -42.1649 -0.0359382 0.993696 0.106193 4.59291 0.987281 0.0188358 0.157864 10.7817
0.153888 0.111568 -0.981769 -42.7349 -0.0377043 0.993544 0.106996 4.65337 0.987369 0.0205515 0.157101 10.8704
0.154451 0.114045 -0.981396 -43.3113 -0.0447724 0.993103 0.108359 4.71822 0.986986 0.0272034 0.158492 10.9387
0.155253 0.116901 -0.980934 -43.8908 -0.0505118 0.992614 0.110299 4.7862 0.986583 0.0324245 0.160011 11.0179
0.15629 0.119276 -0.980483 -44.4599 -0.0535479 0.992245 0.112171 4.85153 0.986259 0.0349716 0.161465 11.1053
0.158096 0.119821 -0.980127 -45.0492 -0.054018 0.992173 0.112581 4.92854 0.985945 0.0351459 0.163331 11.2013
0.159956 0.120001 -0.979803 -45.6588 -0.0518111 0.992236 0.113066 4.99854 0.985764 0.0326791 0.164931 11.3065
0.161913 0.119542 -0.979538 -46.2619 -0.0521281 0.992286 0.112481 5.06246 0.985427 0.0328493 0.166895 11.4018
0.162028 0.117336 -0.979785 -46.8684 -0.0522517 0.992533 0.110222 5.12587 0.985402 0.0333364 0.16695 11.5085
0.16231 0.114167 -0.980113 -47.4746 -0.048936 0.992993 0.107563 5.19455 0.985526 0.0305043 0.16676 11.6211
0.163152 0.113018 -0.980106 -48.0748 -0.0491837 0.993114 0.106331 5.26203 0.985374 0.0308571 0.167587 11.7201
0.165128 0.11333 -0.979739 -48.645 -0.0553745 0.992875 0.105516 5.32816 0.984716 0.0368289 0.170227 11.7922
0.165971 0.113414 -0.979587 -49.2271 -0.0575341 0.992786 0.105195 5.39067 0.984451 0.0389005 0.171298 11.8875
0.166884 0.112193 -0.979573 -49.8308 -0.0587381 0.992872 0.10371 5.46054 0.984225 0.0402308 0.172284 11.9842
0.168091 0.11166 -0.979427 -50.415 -0.0621684 0.992787 0.102514 5.5249 0.983809 0.0436577 0.173821 12.0716
0.168875 0.11166 -0.979292 -51.092 -0.0621904 0.99279 0.102474 5.5965 0.983674 0.0435972 0.174601 12.1845
0.170205 0.111175 -0.979117 -51.6865 -0.0622847 0.992842 0.101906 5.65532 0.983438 0.043639 0.175911 12.2785
0.170372 0.109779 -0.979246 -52.2812 -0.0603305 0.993072 0.100833 5.72054 0.983531 0.0418993 0.175814 12.3904
0.171182 0.108267 -0.979273 -52.8637 -0.0581314 0.993322 0.0996583 5.78248 0.983523 0.0398668 0.176332 12.4924
0.171371 0.106747 -0.979406 -53.4533 -0.0558528 0.993567 0.098518 5.84831 0.983622 0.0378195 0.176231 12.6025
0.172978 0.105451 -0.979264 -54.0325 -0.0556684 0.993709 0.0971732 5.91063 0.983351 0.0377053 0.17776 12.6983
0.174754 0.106602 -0.978824 -54.6323 -0.0570096 0.993549 0.0980279 5.97369 0.98296 0.0386715 0.179704 12.799
0.17733 0.109377 -0.978055 -55.2027 -0.0608109 0.993124 0.100036 6.03139 0.982271 0.0417369 0.182762 12.8895
0.179033 0.110897 -0.977573 -55.7987 -0.0635495 0.992856 0.100992 6.09893 0.981788 0.0440433 0.184802 12.9891
0.180778 0.110689 -0.977275 -56.3855 -0.0654419 0.992799 0.100342 6.1649 0.981344 0.0458152 0.18672 13.091
0.181622 0.110389 -0.977153 -56.9809 -0.0656201 0.992825 0.0999631 6.22808 0.981177 0.0459654 0.187563 13.2015
0.181517 0.109507 -0.977272 -57.6473 -0.0609612 0.993122 0.0999599 6.29737 0.981496 0.0414311 0.186945 13.3416
0.182477 0.110211 -0.977014 -58.2459 -0.0638031 0.992931 0.10009 6.36218 0.981138 0.0440724 0.188219 13.4454
0.183121 0.10926 -0.977 -58.8521 -0.0657203 0.992942 0.0987244 6.42336 0.980891 0.0461302 0.189009 13.5524
0.182737 0.10919 -0.97708 -59.4513 -0.0663789 0.992916 0.0985457 6.48468 0.980918 0.0468495 0.188691 13.6647
0.182497 0.10906 -0.977139 -60.0469 -0.0666777 0.992914 0.098368 6.54469 0.980943 0.0472015 0.188476 13.7745
0.18275 0.110567 -0.976922 -60.6542 -0.0672209 0.992736 0.0997824 6.61146 0.980859 0.0474344 0.188855 13.8849
0.182704 0.111467 -0.976829 -61.3807 -0.0672109 0.992644 0.100701 6.68283 0.980868 0.047255 0.188852 14.0168
0.181925 0.112611 -0.976843 -62.0928 -0.0685552 0.992456 0.101643 6.75624 0.98092 0.0484762 0.188273 14.151
0.182007 0.112152 -0.97688 -62.7503 -0.0702703 0.992418 0.100843 6.82476 0.980783 0.0502915 0.188508 14.267
0.181176 0.112554 -0.976989 -63.4218 -0.0716236 0.992301 0.101036 6.89285 0.980839 0.0516703 0.187842 14.3963
0.181352 0.113094 -0.976894 -64.0864 -0.0745202 0.99209 0.101019 6.96292 0.980591 0.0544783 0.188345 14.5126
0.181573 0.11515 -0.976612 -64.8707 -0.0770218 0.991735 0.102613 7.04398 0.980357 0.0565888 0.188941 14.6512
0.182785 0.116434 -0.976234 -65.6575 -0.0826794 0.991265 0.102747 7.12742 0.97967 0.0619339 0.190816 14.7818
0.184507 0.11735 -0.9758 -66.4942 -0.0836932 0.991116 0.103367 7.21616 0.979261 0.0625959 0.192689 14.9371
0.185459 0.117233 -0.975634 -67.5112 -0.0857892 0.990999 0.102772 7.32453 0.9789 0.0646389 0.193847 15.1293
0.187151 0.117403 -0.97529 -68.453 -0.0897402 0.990724 0.102041 7.4245 0.978223 0.0684257 0.195951 15.2902
0.187726 0.115873 -0.975363 -69.2531 -0.0907161 0.990818 0.10025 7.5084 0.978023 0.0696617 0.196514 15.4478
0.187773 0.113894 -0.975587 -69.9354 -0.0911379 0.99099 0.0981504 7.57378 0.977975 0.0704829 0.196461 15.5889
0.188036 0.112294 -0.975721 -70.5917 -0.090586 0.991191 0.0966174 7.63963 0.977976 0.0702191 0.196552 15.7161
0.187672 0.113002 -0.97571 -71.2306 -0.0890394 0.991228 0.0976726 7.70446 0.978188 0.0685463 0.196087 15.8441
0.187098 0.115984 -0.97547 -71.8296 -0.0885585 0.990954 0.100839 7.76622 0.978341 0.0675194 0.195677 15.9562
0.186889 0.118879 -0.975162 -72.4337 -0.0918528 0.990417 0.103135 7.82695 0.978077 0.0702965 0.196017 16.0566
0.185432 0.119793 -0.975328 -73.1032 -0.0943077 0.990129 0.103681 7.89523 0.978121 0.0727551 0.194899 16.1774
0.182729 0.117108 -0.976164 -73.8663 -0.0895341 0.990737 0.102096 7.97541 0.979078 0.0687441 0.191521 16.3468
0.181118 0.11516 -0.976696 -74.709 -0.0919168 0.990756 0.0997729 8.06328 0.979157 0.0717041 0.190028 16.4964
0.179872 0.112603 -0.977224 -75.5825 -0.0905456 0.991105 0.0975364 8.15552 0.979514 0.0709393 0.188468 16.6543
0.177264 0.111642 -0.977811 -76.4517 -0.0852425 0.991553 0.0977576 8.24385 0.980465 0.0660221 0.185283 16.832
0.174814 0.112826 -0.978116 -77.3779 -0.0801138 0.991749 0.10008 8.34333 0.981337 0.0608651 0.182411 17.0153
0.172125 0.117555 -0.978036 -77.9914 -0.0810354 0.991178 0.104874 8.4112 0.981736 0.0612041 0.180132 17.1225
0.167481 0.118687 -0.978705 -78.6344 -0.0727933 0.991506 0.107783 8.47718 0.983184 0.0531915 0.174698 17.2721
0.165526 0.119687 -0.978916 -79.2881 -0.0785925 0.991052 0.107881 8.54921 0.983069 0.0590782 0.173452 17.3702
0.163265 0.118018 -0.979498 -79.9105 -0.0846717 0.990832 0.10527 8.61669 0.982942 0.0657488 0.171761 17.4643
0.16084 0.116999 -0.980021 -80.5579 -0.0888417 0.990634 0.103685 8.68529 0.982974 0.07039 0.169728 17.5651
0.158503 0.117458 -0.980347 -81.1928 -0.0901316 0.990475 0.104099 8.75026 0.983236 0.0718603 0.16758 17.6658
0.15656 0.118724 -0.980507 -81.842 -0.0909384 0.990265 0.105385 8.82748 0.983473 0.0726666 0.165832 17.766
0.15422 0.119904 -0.980734 -82.539 -0.0903194 0.990164 0.106854 8.90078 0.9839 0.0721002 0.163533 17.8723
0.152219 0.117953 -0.981283 -83.2199 -0.0880917 0.990521 0.105398 8.97648 0.984413 0.0703993 0.161166 17.9787
0.149399 0.115684 -0.981986 -83.8202 -0.0831242 0.991086 0.10411 9.035 0.985277 0.0660729 0.157683 18.0853
0.147874 0.114506 -0.982355 -84.4277 -0.0830097 0.991207 0.103042 9.10024 0.985516 0.0663077 0.156079 18.1767
0.147093 0.11393 -0.982539 -85.0402 -0.0837481 0.991212 0.102398 9.16971 0.985571 0.0672238 0.155341 18.2664
0.145527 0.11262 -0.982924 -85.6365 -0.0827962 0.991401 0.101333 9.23378 0.985884 0.0666357 0.1536 18.3644
0.145149 0.112636 -0.982978 -86.2181 -0.0810469 0.991514 0.101647 9.29556 0.986085 0.0649134 0.153046 18.453
0.144982 0.113447 -0.982909 -86.7929 -0.0821802 0.991353 0.1023 9.35505 0.986015 0.065944 0.153052 18.5353
0.145261 0.113958 -0.982809 -87.3765 -0.0837909 0.991193 0.102546 9.41921 0.985839 0.0674545 0.15353 18.6218
0.144944 0.112231 -0.983054 -87.978 -0.0825599 0.991453 0.101017 9.47816 0.985989 0.0665191 0.152971 18.7238
0.145977 0.109888 -0.983166 -88.5681 -0.0841919 0.991586 0.0983287 9.53698 0.985699 0.0684209 0.154001 18.8089
0.146891 0.108194 -0.983218 -89.1394 -0.0841946 0.99176 0.0965558 9.59705 0.985563 0.0685984 0.15479 18.8973
0.148579 0.109006 -0.982874 -89.7186 -0.0854433 0.991604 0.0970581 9.66295 0.985202 0.0695592 0.156645 18.9814
0.1494 0.110005 -0.982639 -90.2863 -0.0841359 0.991602 0.0982163 9.72222 0.985191 0.0680018 0.1574 19.0758
0.150536 0.109461 -0.982526 -90.8966 -0.083105 0.991735 0.0977544 9.78256 0.985105 0.0669373 0.158388 19.1714
0.151082 0.107017 -0.982711 -91.6094 -0.0812202 0.992105 0.0955537 9.85584 0.985179 0.0653795 0.158582 19.2933
0.151611 0.107155 -0.982615 -92.246 -0.0810915 0.992104 0.0956781 9.91915 0.985108 0.0651758 0.159103 19.3999
0.152721 0.106192 -0.982547 -92.8951 -0.0807812 0.992225 0.0946815 9.98633 0.984962 0.0649115 0.160112 19.5009
0.153951 0.105517 -0.982428 -93.5052 -0.0784183 0.99245 0.0943046 10.0439 0.984962 0.0625221 0.161063 19.6018
0.155436 0.104851 -0.982266 -94.1263 -0.0786957 0.992505 0.0934909 10.1144 0.984706 0.0627682 0.162523 19.699
0.157707 0.108132 -0.981548 -94.7348 -0.0807179 0.992072 0.0963224 10.1765 0.984182 0.0640378 0.165184 19.7871
0.159531 0.11085 -0.98095 -95.3479 -0.0798605 0.991868 0.0990963 10.2412 0.983957 0.0625302 0.167086 19.8827
0.160509 0.110446 -0.980836 -95.9699 -0.0798339 0.991917 0.098629 10.3039 0.9838 0.062473 0.168029 19.9875
0.162416 0.107033 -0.9809 -96.5844 -0.0785092 0.992349 0.095283 10.3645 0.983594 0.0615341 0.169577 20.0862
0.163369 0.101706 -0.981309 -97.1837 -0.075504 0.993044 0.0903521 10.4257 0.983671 0.0593319 0.169912 20.1955
0.164413 0.100177 -0.981292 -97.8061 -0.0755214 0.993188 0.0887379 10.4821 0.983496 0.0595189 0.170858 20.2975
0.163806 0.0983199 -0.981581 -98.3645 -0.0698993 0.993677 0.0878667 10.5365 0.984013 0.0542187 0.169643 20.4147
0.164077 0.0991076 -0.981456 -98.9182 -0.0666044 0.993783 0.0892176 10.5886 0.984196 0.0507308 0.169658 20.5166
0.164484 0.0998955 -0.981308 -99.4785 -0.0642622 0.99383 0.0903988 10.6362 0.984284 0.0481918 0.169889 20.6137
0.164766 0.102123 -0.981032 -100.041 -0.065085 0.993583 0.0924981 10.6904 0.984183 0.04861 0.170355 20.712
0.165683 0.104474 -0.98063 -100.591 -0.0651415 0.99336 0.0948241 10.7464 0.984025 0.048169 0.171388 20.8042
0.165158 0.108792 -0.980249 -101.149 -0.0641037 0.99298 0.099404 10.8004 0.984182 0.0464202 0.170972 20.9065
0.165542 0.110151 -0.980032 -101.738 -0.0609619 0.992985 0.10131 10.8606 0.984317 0.0429736 0.171096 21.016
0.166537 0.111553 -0.979705 -102.301 -0.0626485 0.992769 0.102392 10.9138 0.984043 0.0443251 0.172321 21.106
0.167047 0.111416 -0.979633 -102.877 -0.0660899 0.992625 0.101624 10.9744 0.983731 0.0477678 0.173179 21.1978
0.167222 0.112029 -0.979534 -103.427 -0.0692191 0.992406 0.101685 11.029 0.983486 0.0507985 0.173707 21.2859
0.167796 0.112374 -0.979396 -104.01 -0.072179 0.992216 0.101479 11.0931 0.983176 0.0536641 0.174601 21.3762
0.168422 0.113539 -0.979154 -104.565 -0.0734887 0.992026 0.102391 11.1504 0.982972 0.0547119 0.175423 21.4682
0.168926 0.115451 -0.978844 -105.131 -0.0759143 0.99169 0.103865 11.2101 0.982701 0.0567627 0.176287 21.5598
0.169052 0.11645 -0.978704 -105.679 -0.0754318 0.991612 0.104956 11.264 0.982716 0.0560823 0.176418 21.6579
0.169413 0.116205 -0.97867 -106.211 -0.0756673 0.991627 0.104645 11.3183 0.982636 0.0563251 0.176788 21.7489
0.171202 0.11594 -0.97839 -106.733 -0.0789511 0.991473 0.103675 11.3732 0.982068 0.0594956 0.178895 21.8211
0.170669 0.114505 -0.978653 -107.256 -0.0772076 0.991725 0.102571 11.4261 0.982299 0.0580538 0.178097 21.9178
0.169954 0.113462 -0.978898 -107.763 -0.0776853 0.991801 0.10147 11.4768 0.982385 0.0588007 0.177375 22.0024
0.168303 0.112664 -0.979276 -108.263 -0.0763013 0.991955 0.101009 11.5273 0.982778 0.0577199 0.175546 22.0921
0.166871 0.11177 -0.979623 -108.768 -0.0750001 0.992114 0.10042 11.5812 0.983122 0.0567148 0.173938 22.1818
0.166549 0.112012 -0.97965 -109.247 -0.0766261 0.991992 0.100396 11.6298 0.983051 0.0583459 0.173798 22.2536
0.165039 0.111963 -0.979911 -109.733 -0.0756061 0.992048 0.100616 11.6756 0.983385 0.0574818 0.172192 22.3414
0.164621 0.111057 -0.980085 -110.211 -0.0762325 0.992102 0.0996146 11.7274 0.983407 0.0583157 0.171787 22.4188
0.163635 0.110178 -0.980349 -110.724 -0.0735199 0.992342 0.0992543 11.7753 0.983778 0.0558337 0.170482 22.5172
0.164149 0.110139 -0.980268 -111.257 -0.0729324 0.992382 0.0992873 11.8295 0.983736 0.0551953 0.170931 22.6061
0.164046 0.110343 -0.980262 -111.764 -0.0716072 0.992435 0.0997294 11.8788 0.98385 0.0538336 0.170706 22.6976
0.164701 0.111592 -0.980011 -112.325 -0.0719069 0.992294 0.100906 11.9384 0.983719 0.0538502 0.171456 22.7955
0.166868 0.112812 -0.979504 -112.911 -0.0743623 0.992043 0.101588 11.9989 0.983171 0.0558865 0.173929 22.8867
0.169841 0.113071 -0.978963 -113.458 -0.0778061 0.991833 0.101059 12.0554 0.982395 0.0590053 0.177251 22.9692
0.172438 0.113366 -0.978475 -114.001 -0.0765517 0.991893 0.10143 12.1039 0.982041 0.0574135 0.179719 23.0719
0.175443 0.111721 -0.97813 -114.481 -0.0771442 0.992045 0.0994733 12.1535 0.981462 0.0580052 0.182666 23.1613
0.179848 0.11046 -0.977473 -114.98 -0.0811788 0.991953 0.0971598 12.2046 0.980339 0.061876 0.187368 23.2426
0.184586 0.109594 -0.976687 -115.437 -0.0833266 0.99193 0.0955569 12.25 0.979278 0.0637455 0.192228 23.3333
0.190266 0.107748 -0.975802 -115.872 -0.0830436 0.992163 0.0933625 12.2906 0.978214 0.0632704 0.197722 23.4316
0.19923 0.105808 -0.974224 -116.314 -0.0868922 0.992145 0.0899849 12.3315 0.976093 0.0667247 0.20686 23.5177
0.20683 0.101228 -0.973126 -116.753 -0.0847757 0.992746 0.0852505 12.3773 0.974697 0.0648651 0.213912 23.6386
0.216365 0.0971654 -0.971465 -117.177 -0.0836881 0.993219 0.0807021 12.4199 0.972719 0.063839 0.223029 23.7473
0.229051 0.0962267 -0.968647 -117.672 -0.0884857 0.99304 0.0777262 12.4631 0.969384 0.0679081 0.235971 23.8387
0.242277 0.0974754 -0.965298 -118.174 -0.0930324 0.99269 0.0768914 12.5011 0.965736 0.071175 0.249575 23.9381
0.254828 0.0985698 -0.961949 -118.768 -0.0946164 0.992559 0.0766417 12.5473 0.962346 0.0714857 0.262258 24.0978
0.268401 0.0994892 -0.958156 -119.307 -0.09734 0.992362 0.0757739 12.5915 0.958377 0.0729291 0.276035 24.2488
0.283185 0.0998873 -0.953849 -119.907 -0.100684 0.992162 0.0740077 12.6361 0.953766 0.0750793 0.291023 24.4216
0.297759 0.100186 -0.949369 -120.514 -0.103373 0.992014 0.0722645 12.6826 0.949028 0.0766217 0.305738 24.6258
0.312298 0.100157 -0.94469 -121.03 -0.103574 0.992088 0.070943 12.7131 0.944321 0.0756898 0.320201 24.8273
0.328617 0.101549 -0.938988 -121.484 -0.104506 0.992007 0.0707094 12.7426 0.938663 0.0748936 0.336603 25.0052
0.347811 0.102332 -0.931963 -121.918 -0.107194 0.991848 0.0689026 12.775 0.931417 0.0759361 0.355945 25.1733
0.368523 0.10503 -0.923666 -122.323 -0.111513 0.991417 0.0682429 12.8051 0.922906 0.0778514 0.377073 25.327
0.386024 0.106276 -0.916346 -122.713 -0.112988 0.99131 0.0673716 12.8304 0.915543 0.0775294 0.394677 25.5296
0.407148 0.107299 -0.907038 -123.107 -0.117987 0.990934 0.0642623 12.8576 0.90571 0.080854 0.416116 25.7043
0.427316 0.105881 -0.897881 -123.48 -0.120165 0.990959 0.0596682 12.8815 0.896081 0.0823965 0.436176 25.9023
0.447344 0.104046 -0.88829 -123.802 -0.121068 0.991113 0.0551194 12.9003 0.88613 0.082886 0.455964 26.0862
0.468999 0.103699 -0.87709 -124.106 -0.12386 0.990992 0.0509349 12.9202 0.874471 0.0847479 0.477618 26.2518
0.489887 0.102891 -0.865693 -124.406 -0.125205 0.99102 0.0469342 12.9376 0.862748 0.0853963 0.49837 26.4384
0.511801 0.103201 -0.852883 -124.7 -0.127971 0.990841 0.0431012 12.9533 0.849519 0.0870851 0.52032 26.6225
0.534116 0.10409 -0.838979 -124.985 -0.130949 0.9906 0.0395356 12.9647 0.835208 0.0887469 0.542726 26.8142
0.557177 0.105159 -0.823709 -125.255 -0.132814 0.990465 0.0366088 12.9734 0.819704 0.0890026 0.56583 27.0116
0.580605 0.105253 -0.807354 -125.515 -0.133655 0.990478 0.0330095 12.9846 0.80314 0.0887416 0.589144 27.2179
0.604003 0.105278 -0.789998 -125.764 -0.134466 0.990488 0.0291889 12.9963 0.785557 0.0885979 0.612414 27.4278
0.628189 0.105401 -0.770888 -126.003 -0.133675 0.99067 0.02652 12.9995 0.766492 0.0863893 0.636418 27.6359
0.65226 0.106731 -0.750444 -126.237 -0.134022 0.990678 0.0244108 13.0033 0.746053 0.0846537 0.660483 27.8516
0.676526 0.10747 -0.728535 -126.466 -0.134194 0.990721 0.0215326 13.0096 0.724089 0.0831978 0.684671 28.0761
0.699565 0.106567 -0.706578 -126.677 -0.133583 0.990888 0.0171892 13.016 0.701972 0.0823621 0.707426 28.314
0.724012 0.107515 -0.681357 -126.896 -0.135263 0.99073 0.0126015 13.0174 0.676395 0.0830387 0.731843 28.5536
0.746404 0.104058 -0.657308 -127.083 -0.131708 0.991261 0.00736557 13.0185 0.65233 0.0810747 0.753586 28.8141
0.769119 0.106332 -0.630198 -127.284 -0.134745 0.990877 0.00274084 13.0202 0.62474 0.0828077 0.77643 29.0689
0.790893 0.108905 -0.602186 -127.479 -0.13758 0.990489 -0.00156329 13.0186 0.596288 0.0840852 0.798354 29.3341
0.813064 0.112882 -0.571126 -127.68 -0.142335 0.989794 -0.00699809 13.0152 0.564507 0.086981 0.820832 29.598
0.832384 0.112079 -0.542749 -127.842 -0.141615 0.989839 -0.0127826 13.0109 0.535801 0.0875012 0.839798 29.8826
0.851203 0.113269 -0.512467 -128.002 -0.142591 0.989616 -0.0181096 13.0066 0.505095 0.0884881 0.858516 30.1591
0.869599 0.114968 -0.480187 -128.164 -0.144071 0.989275 -0.0240508 13.0025 0.472272 0.0900957 0.876836 30.4454
0.886505 0.116636 -0.447777 -128.308 -0.144746 0.989045 -0.0289437 12.9934 0.439496 0.0904728 0.893677 30.7416
0.902152 0.118247 -0.414898 -128.442 -0.145122 0.988839 -0.0337292 12.9841 0.406279 0.0906394 0.909243 31.0401
0.916251 0.118747 -0.382601 -128.556 -0.14418 0.988807 -0.0383872 12.9713 0.37376 0.0903356 0.923116 31.3445
0.929146 0.118225 -0.350302 -128.658 -0.141847 0.988977 -0.0424641 12.953 0.34142 0.0891448 0.935674 31.6595
0.94065 0.119992 -0.317458 -128.758 -0.141928 0.98877 -0.0468109 12.9384 0.308276 0.0890889 0.947116 31.9825
0.950796 0.121304 -0.285082 -128.847 -0.141441 0.988629 -0.0510635 12.9193 0.275646 0.0888733 0.957142 32.319
0.960139 0.120151 -0.252384 -128.926 -0.13843 0.988793 -0.0559005 12.8985 0.242839 0.0886098 0.966011 32.6466
0.967878 0.11881 -0.221579 -128.99 -0.135278 0.988951 -0.060633 12.8785 0.211927 0.0886601 0.973256 32.9782
0.974229 0.117869 -0.192316 -129.044 -0.132377 0.989106 -0.0643784 12.8552 0.182633 0.0881776 0.979219 33.3209
0.979552 0.116533 -0.164005 -129.088 -0.12914 0.989265 -0.0683976 12.8336 0.154274 0.0881787 0.984085 33.6603
0.983774 0.11731 -0.135749 -129.131 -0.127962 0.98912 -0.0725767 12.8072 0.125758 0.0887697 0.988081 34.0069
0.986702 0.121931 -0.107478 -129.174 -0.130401 0.988572 -0.0756389 12.7803 0.097027 0.0886483 0.991326 34.3486
0.989107 0.124458 -0.0785944 -129.207 -0.130577 0.988348 -0.0782218 12.75 0.0679433 0.0876324 0.993833 34.7021
0.991012 0.123822 -0.0506346 -129.219 -0.127685 0.988425 -0.0819361 12.722 0.039903 0.0876649 0.99535 35.0466
0.992368 0.121133 -0.0230953 -129.22 -0.122668 0.988854 -0.0843829 12.6914 0.0126163 0.0865719 0.996166 35.4046
0.99282 0.119557 0.0037147 -129.206 -0.118804 0.989224 -0.0855632 12.6595 -0.0139043 0.0845075 0.996326 35.7678
0.992277 0.12014 0.0308776 -129.19 -0.117066 0.989291 -0.0871671 12.6274 -0.0410192 0.0828792 0.995715 36.1334
0.990924 0.121806 0.0568536 -129.167 -0.11648 0.989187 -0.0891115 12.5939 -0.0670932 0.0816804 0.994398 36.5136
0.989382 0.120413 0.0813915 -129.122 -0.112917 0.989414 -0.0911624 12.5604 -0.091507 0.0810039 0.992504 36.8928
0.986615 0.122409 0.107738 -129.082 -0.112501 0.989224 -0.0937023 12.5226 -0.118047 0.0803275 0.989754 37.2872
0.983488 0.123031 0.132719 -129.024 -0.110535 0.989053 -0.097758 12.4848 -0.143294 0.0814737 0.986321 37.6777
0.979552 0.126145 0.156734 -128.96 -0.111139 0.988649 -0.101103 12.4502 -0.167709 0.0816161 0.982452 38.0651
0.975203 0.127698 0.180756 -128.894 -0.11042 0.988569 -0.102655 12.4116 -0.191799 0.0801501 0.978156 38.4536
0.970942 0.127597 0.20246 -128.815 -0.108253 0.988674 -0.103943 12.3695 -0.21343 0.0790054 0.973759 38.8475
0.967486 0.123869 0.220514 -128.707 -0.102831 0.989195 -0.104499 12.3263 -0.231076 0.0784257 0.96977 39.2461
0.962558 0.127286 0.239332 -128.615 -0.104288 0.988832 -0.106469 12.2855 -0.250211 0.0775228 0.965083 39.653
0.957765 0.130678 0.256145 -128.517 -0.105874 0.988453 -0.108402 12.242 -0.267353 0.0767045 0.960541 40.0768
0.954174 0.129555 0.269756 -128.412 -0.103361 0.988631 -0.109203 12.197 -0.280837 0.0763166 0.956716 40.4885
0.951683 0.127496 0.279364 -128.287 -0.100217 0.988877 -0.109901 12.1517 -0.290269 0.0765942 0.953875 40.9031
0.950146 0.124583 0.285834 -128.161 -0.0969657 0.989315 -0.108874 12.1007 -0.296343 0.0757302 0.952074 41.3181
0.949556 0.120809 0.289393 -128.025 -0.0931906 0.989835 -0.107436 12.0562 -0.29943 0.0750476 0.951162 41.7425
0.94952 0.115835 0.291537 -127.884 -0.0886364 0.990527 -0.104876 12.0077 -0.300924 0.0737409 0.950793 42.1717
0.948714 0.115262 0.294375 -127.757 -0.0882891 0.990716 -0.103373 11.9619 -0.303557 0.072081 0.950083 42.6148
0.94919 0.111306 0.294364 -127.604 -0.0846082 0.991183 -0.101967 11.9088 -0.303118 0.0718806 0.950238 43.0686
0.949044 0.111756 0.294663 -127.47 -0.0848208 0.99109 -0.102699 11.8571 -0.303515 0.072472 0.950067 43.5207
0.949228 0.111749 0.294073 -127.334 -0.0843859 0.990971 -0.104186 11.8114 -0.303061 0.0740803 0.950088 43.9681
0.950284 0.108745 0.291778 -127.186 -0.0810574 0.991122 -0.105393 11.7656 -0.300649 0.0765028 0.950662 44.4142
0.950716 0.108575 0.290431 -127.051 -0.0806817 0.991046 -0.106386 11.7196 -0.299382 0.0777107 0.950963 44.8681
0.950814 0.109117 0.289908 -126.928 -0.0812663 0.99099 -0.106464 11.6721 -0.298913 0.0776681 0.951114 45.3165
0.951125 0.11013 0.288502 -126.804 -0.0827172 0.990965 -0.10558 11.62 -0.297522 0.0765558 0.95164 45.7509
0.952188 0.109135 0.285355 -126.661 -0.0820002 0.991043 -0.105404 11.5737 -0.294302 0.0769653 0.952608 46.1968
0.952327 0.110586 0.28433 -126.538 -0.084072 0.991032 -0.103858 11.5227 -0.293265 0.075003 0.953084 46.6466
0.952809 0.111255 0.28245 -126.406 -0.085378 0.991076 -0.102365 11.4767 -0.291318 0.0734196 0.953805 47.0991
0.952972 0.11283 0.281272 -126.279 -0.0874593 0.991013 -0.101216 11.4294 -0.290164 0.0718559 0.954275 47.5622
0.95342 0.112384 0.279928 -126.153 -0.0872211 0.991074 -0.100822 11.3769 -0.288761 0.0717101 0.954712 48.0134
0.953952 0.112277 0.278153 -126.023 -0.0872163 0.991063 -0.100928 11.3275 -0.286999 0.0720215 0.95522 48.4744
0.954005 0.113148 0.277618 -125.894 -0.0882727 0.991007 -0.100563 11.2741 -0.2865 0.0714312 0.955414 48.9567
0.954416 0.111999 0.276668 -125.75 -0.0871671 0.99111 -0.100517 11.221 -0.285466 0.0718188 0.955694 49.4526
0.954613 0.111053 0.276373 -125.623 -0.0862989 0.991217 -0.100211 11.1729 -0.285074 0.071812 0.955812 49.9047
0.954492 0.11093 0.276839 -125.503 -0.0862494 0.99126 -0.0998278 11.1244 -0.285494 0.0714076 0.955717 50.3405
0.954091 0.112544 0.277567 -125.381 -0.0875736 0.991043 -0.100816 11.0732 -0.286427 0.07188 0.955402 50.7867
0.953074 0.115489 0.279844 -125.264 -0.0900166 0.990675 -0.102271 11.0264 -0.289046 0.0722817 0.954583 51.2343
0.95192 0.116955 0.283144 -125.142 -0.0911421 0.990525 -0.102729 10.9755 -0.292475 0.0719839 0.95356 51.6782
0.950536 0.118275 0.287215 -125.018 -0.0919527 0.990368 -0.103515 10.9264 -0.296692 0.0719847 0.952256 52.1139
0.948574 0.120133 0.292874 -124.895 -0.0934147 0.990221 -0.103619 10.8833 -0.302458 0.0709317 0.95052 52.5347
0.945923 0.12192 0.300609 -124.763 -0.0946126 0.990084 -0.103839 10.84 -0.310289 0.0697819 0.948078 52.9521
0.942001 0.12359 0.312026 -124.631 -0.0952071 0.989939 -0.104675 10.7953 -0.321824 0.0688971 0.94429 53.3596
0.936412 0.125783 0.327583 -124.498 -0.0962339 0.989808 -0.104969 10.7455 -0.337447 0.0667699 0.938973 53.7674
0.929463 0.128125 0.345952 -124.356 -0.0968558 0.989607 -0.106284 10.6986 -0.355975 0.0652795 0.932213 54.162
0.920725 0.131505 0.367385 -124.211 -0.0980821 0.989268 -0.108297 10.6446 -0.377684 0.0636778 0.923742 54.5505
0.909966 0.135686 0.391856 -124.061 -0.0991133 0.98873 -0.112202 10.594 -0.402664 0.0632619 0.913159 54.9281
0.89787 0.138034 0.418062 -123.894 -0.0972954 0.988312 -0.117356 10.5486 -0.429375 0.0646951 0.900806 55.2875
0.884244 0.138501 0.446015 -123.716 -0.0933249 0.988154 -0.121831 10.4948 -0.457605 0.0661043 0.886695 55.6355
0.868733 0.139755 0.475155 -123.538 -0.0898631 0.987917 -0.126274 10.4484 -0.487061 0.0669993 0.870794 55.96
0.851613 0.14078 0.504912 -123.339 -0.0858645 0.987714 -0.130571 10.4013 -0.517091 0.0678418 0.853238 56.2846
0.832858 0.140847 0.535267 -123.145 -0.0811772 0.987706 -0.133591 10.3513 -0.547502 0.0678107 0.834052 56.5878
0.813107 0.139028 0.565269 -122.939 -0.0743434 0.98791 -0.136037 10.3042 -0.577348 0.068589 0.813613 56.8824
0.79224 0.136521 0.594742 -122.727 -0.0674557 0.988272 -0.136998 10.2551 -0.60647 0.0684163 0.792157 57.1514
0.768763 0.13588 0.624932 -122.501 -0.0649138 0.988701 -0.13512 10.2038 -0.636231 0.0633086 0.768897 57.4356
0.744869 0.132764 0.653868 -122.254 -0.0602496 0.989383 -0.132253 10.1514 -0.664484 0.0591162 0.74496 57.7168
0.721227 0.126716 0.68101 -121.984 -0.0496599 0.990055 -0.131628 10.0971 -0.690916 0.0611148 0.720347 57.9812
0.696352 0.124243 0.706865 -121.702 -0.0427593 0.990335 -0.131943 10.044 -0.716425 0.061654 0.694934 58.2436
0.669492 0.125212 0.73219 -121.404 -0.0383669 0.990204 -0.134253 9.99488 -0.741828 0.0617895 0.667738 58.5013
0.640801 0.127876 0.756982 -121.099 -0.0364163 0.989983 -0.13641 9.9413 -0.766843 0.059845 0.639039 58.7589
0.61193 0.127836 0.780513 -120.781 -0.0308762 0.98996 -0.137933 9.89004 -0.790309 0.0603059 0.609733 59.0055
0.581096 0.125284 0.804134 -120.451 -0.024647 0.990336 -0.136483 9.83056 -0.813462 0.0594904 0.578568 59.2486
0.550269 0.123213 0.825846 -120.105 -0.0190933 0.990651 -0.135079 9.774 -0.834769 0.0585618 0.547477 59.466
0.517838 0.123142 0.84657 -119.748 -0.0159243 0.990802 -0.134381 9.71589 -0.855331 0.0561066 0.515035 59.6848
0.483343 0.124558 0.866525 -119.372 -0.0147327 0.990843 -0.13421 9.65069 -0.875307 0.0521034 0.480752 59.9102
0.451382 0.123547 0.883736 -118.988 -0.00603001 0.990768 -0.135431 9.58848 -0.89231 0.055802 0.44796 60.0862
0.41894 0.123262 0.899608 -118.603 0.00263554 0.990574 -0.136953 9.53041 -0.90801 0.0597463 0.414667 60.2419
0.385355 0.123055 0.914527 -118.21 0.00995799 0.990456 -0.137468 9.46939 -0.922715 0.0620807 0.380452 60.3951
0.351242 0.123698 0.928078 -117.816 0.01588 0.990305 -0.138002 9.41577 -0.93615 0.06321 0.345872 60.5384
0.320017 0.121613 0.939574 -117.411 0.0264431 0.990194 -0.137172 9.35948 -0.947043 0.0687424 0.313663 60.6456
0.290942 0.118421 0.949384 -116.998 0.0399395 0.989942 -0.13572 9.30469 -0.955907 0.0774045 0.283286 60.7238
0.263456 0.116201 0.957647 -116.566 0.0556637 0.989233 -0.135348 9.24991 -0.963064 0.0889643 0.254151 60.7817
0.233334 0.115525 0.96551 -116.123 0.0627404 0.98906 -0.133505 9.18987 -0.970371 0.0917277 0.223533 60.8582
0.206529 0.114169 0.971757 -115.668 0.0741357 0.988488 -0.131891 9.1299 -0.975628 0.0992813 0.195688 60.9033
0.180599 0.113438 0.976993 -115.217 0.0846844 0.987845 -0.130352 9.0684 -0.979904 0.106278 0.168797 60.9443
0.1561 0.113683 0.981177 -114.76 0.0935196 0.987191 -0.129258 9.01081 -0.983304 0.111936 0.143468 60.9826
0.134156 0.113674 0.984419 -114.311 0.104982 0.986178 -0.128184 8.95846 -0.985384 0.120543 0.120368 60.9909
0.111852 0.115132 0.987033 -113.85 0.1118 0.985501 -0.127622 8.90176 -0.987416 0.124626 0.0973589 61.0113
0.0905543 0.117205 0.988971 -113.385 0.117796 0.984819 -0.127499 8.84619 -0.9889 0.128042 0.0753733 61.0263
0.0713593 0.120098 0.990194 -112.91 0.125042 0.983816 -0.128336 8.79318 -0.989582 0.132974 0.0551872 61.024
0.0514933 0.122935 0.991078 -112.438 0.127157 0.98351 -0.128603 8.73818 -0.990545 0.132644 0.0350122 61.028
0.0340921 0.124068 0.991688 -111.96 0.134112 0.982722 -0.127557 8.68168 -0.99038 0.137346 0.0168641 61.0171
0.018785 0.122701 0.992266 -111.481 0.140287 0.9823 -0.124124 8.62518 -0.989933 0.141534 0.00123918 61.007
0.00645274 0.121274 0.992598 -110.98 0.143548 0.982226 -0.12094 8.56735 -0.989622 0.143266 -0.0110706 60.9956
-0.0021196 0.119636 0.992816 -110.504 0.149214 0.981741 -0.117983 8.50996 -0.988803 0.147892 -0.0199323 60.9692
-0.0113569 0.118738 0.992861 -110.008 0.148618 0.982097 -0.11575 8.44968 -0.98883 0.146242 -0.0288001 60.96
-0.0199628 0.118283 0.992779 -109.475 0.146528 0.982601 -0.114124 8.39226 -0.989005 0.143192 -0.0369473 60.9456
-0.0286569 0.117073 0.99271 -108.914 0.145292 0.983059 -0.111741 8.33066 -0.988974 0.14103 -0.0451812 60.9227
-0.0381207 0.114496 0.992692 -108.359 0.142848 0.983836 -0.107989 8.27026 -0.98901 0.137687 -0.0538601 60.8979
-0.0481538 0.113021 0.992425 -107.806 0.140933 0.984406 -0.10527 8.21428 -0.988847 0.134797 -0.0633314 60.8657
-0.0595677 0.111488 0.991979 -107.253 0.137283 0.985216 -0.102485 8.16259 -0.988739 0.130077 -0.0739925 60.8293
-0.072348 0.110282 0.991264 -106.687 0.135927 0.985685 -0.0997409 8.10809 -0.988074 0.127524 -0.0863027 60.7811
-0.0864815 0.109906 0.990173 -106.102 0.134729 0.986056 -0.0976817 8.05232 -0.987101 0.124957 -0.100083 60.7287
-0.0999719 0.111252 0.988751 -105.522 0.136471 0.985871 -0.0971298 7.99509 -0.985587 0.125225 -0.113742 60.6641
-0.113506 0.114153 0.986958 -104.938 0.13868 0.985473 -0.0980323 7.93789 -0.983811 0.125744 -0.127688 60.5936
-0.124828 0.118062 0.985129 -104.384 0.143458 0.984609 -0.0998215 7.88729 -0.981752 0.128864 -0.139843 60.5062
-0.137607 0.118107 0.98342 -103.861 0.145073 0.984561 -0.097945 7.83176 -0.979805 0.129189 -0.152616 60.4345
-0.150087 0.11471 0.981996 -103.33 0.144684 0.985102 -0.0929595 7.77834 -0.978029 0.128127 -0.164448 60.3612
-0.158836 0.110255 0.98113 -102.809 0.148003 0.985175 -0.0867493 7.72969 -0.976149 0.131431 -0.172799 60.2663
-0.164642 0.10903 0.980309 -102.267 0.154507 0.984453 -0.0835417 7.68571 -0.974177 0.13771 -0.178928 60.1538
-0.169833 0.109353 0.979387 -101.728 0.158465 0.983922 -0.0823803 7.64242 -0.972649 0.141207 -0.184431 60.0489
-0.173726 0.110375 0.978589 -101.175 0.161843 0.983388 -0.082185 7.59828 -0.971404 0.1441 -0.188703 59.9434
