1 0 0 0 0 1 0 0 0 0 1 0
0.999951 -0.00735227 -0.00667853 0.0244541 0.00733749 0.999971 -0.00223524 -0.00534504 0.00669477 0.00218612 0.999975 0.478012
0.999925 -0.00614849 -0.0105802 0.01478 0.00610691 0.999974 -0.00395799 -0.00646604 0.0106043 0.00389308 0.999936 0.963655
0.999887 -0.00551533 -0.0139824 -0.000970767 0.00543958 0.99997 -0.00544975 -0.0105985 0.014012 0.00537308 0.999887 1.46114
0.99982 -0.00316558 -0.0186811 -0.0174201 0.0030531 0.999977 -0.00604691 -0.0158903 0.0186998 0.00598879 0.999807 1.97323
0.99971 -0.00499585 -0.0235782 -0.0269567 0.00485732 0.999971 -0.00592924 -0.0245094 0.0236071 0.00581299 0.999704 2.48872
0.999588 -0.0028924 -0.0285595 -0.0455622 0.00267668 0.999968 -0.00758888 -0.0271416 0.0285805 0.00750931 0.999563 3.01223
0.999474 0.000205601 -0.0324217 -0.0774243 -0.000479512 0.999964 -0.00844085 -0.0337949 0.0324188 0.00845196 0.999439 3.54431
0.999341 0.000571852 -0.0362829 -0.106564 -0.000813528 0.999978 -0.00664647 -0.041761 0.0362783 0.00667161 0.999319 4.09232
0.999133 -0.000968251 -0.0416119 -0.123531 0.000820644 0.999993 -0.00356416 -0.0537916 0.0416151 0.00352693 0.999127 4.64481
0.99895 -0.00218325 -0.0457694 -0.147705 0.00216128 0.999998 -0.000529495 -0.0655609 0.0457705 0.000430018 0.998952 5.2307
0.998851 -0.00117838 -0.0479109 -0.1835 0.00110645 0.999998 -0.0015278 -0.0691028 0.0479126 0.00147303 0.99885 5.80757
0.998731 -0.00291163 -0.0502797 -0.214665 0.00283532 0.999995 -0.00158912 -0.0759484 0.0502841 0.00144454 0.998734 6.39878
0.998625 -0.00629839 -0.0520472 -0.246538 0.0061848 0.999978 -0.00234333 -0.0800286 0.0520608 0.00201821 0.998642 7.02432
0.998547 -0.00459682 -0.0536935 -0.284499 0.0045254 0.999989 -0.00145154 -0.0872608 0.0536996 0.00120645 0.998556 7.61612
0.998462 -0.0059814 -0.0551103 -0.317992 0.005918 0.999982 -0.00131353 -0.0960798 0.0551171 0.000985371 0.998479 8.20704
0.998347 -0.00397571 -0.057334 -0.355097 0.00374118 0.999984 -0.00419734 -0.0971343 0.0573498 0.0039759 0.998346 8.83384
0.998268 -0.00415972 -0.0586769 -0.396081 0.00375694 0.999969 -0.00697309 -0.102986 0.0587041 0.00674057 0.998253 9.45102
0.998195 -0.000437196 -0.0600513 -0.440704 -9.36982e-05 0.999961 -0.00883758 -0.108627 0.0600528 0.00882725 0.998156 10.0516
0.998078 -0.00148288 -0.0619454 -0.474718 0.00095986 0.999964 -0.00847218 -0.119266 0.0619557 0.00839644 0.998044 10.6795
0.998069 -0.00142247 -0.0620965 -0.526687 0.000985951 0.999975 -0.00705982 -0.130074 0.062105 0.00698496 0.998045 11.3021
0.997965 -0.00255071 -0.0637062 -0.569824 0.00221236 0.999983 -0.00538118 -0.141732 0.0637189 0.00522929 0.997954 11.9609
0.997781 -0.00539861 -0.0663575 -0.601753 0.00504508 0.999972 -0.00549412 -0.15081 0.0663853 0.00514715 0.997781 12.6292
0.997663 -0.00595501 -0.0680706 -0.647237 0.00553825 0.999965 -0.00630954 -0.161131 0.0681058 0.0059178 0.997661 13.2628
0.99756 -0.00766754 -0.0693937 -0.688194 0.00716936 0.999947 -0.00742535 -0.167829 0.0694469 0.00690972 0.997562 13.8708
0.997496 -0.00790803 -0.0702791 -0.734898 0.00749317 0.999953 -0.00616476 -0.173346 0.0703245 0.00562271 0.997508 14.5149
0.997517 -0.00585733 -0.0701752 -0.78005 0.00566795 0.99998 -0.00289754 -0.183995 0.0701908 0.0024926 0.99753 15.141
0.997557 -0.0046868 -0.0697008 -0.828257 0.00473855 0.999989 0.000577157 -0.190713 0.0696974 -0.000906028 0.997568 15.8089
0.99761 -0.00653061 -0.0687814 -0.868621 0.00679514 0.99997 0.00361269 -0.200121 0.0687558 -0.00407144 0.997625 16.5052
0.997712 -0.00638137 -0.0673081 -0.915241 0.00668798 0.999968 0.00433091 -0.206814 0.0672783 -0.00477115 0.997723 17.2118
0.997768 -0.00773611 -0.0663244 -0.967755 0.00781878 0.999969 0.000986932 -0.208437 0.0663147 -0.00150331 0.997798 17.9826
0.997761 -0.00859898 -0.0663179 -1.00703 0.00835628 0.999957 -0.0039362 -0.215184 0.066349 0.00337321 0.997791 18.6658
0.997827 -0.00906187 -0.0652556 -1.05205 0.00862017 0.999938 -0.00704716 -0.221096 0.0653155 0.00646934 0.997844 19.3304
0.997847 -0.0126655 -0.0643538 -1.09855 0.0123146 0.999907 -0.00584671 -0.233474 0.0644219 0.00504163 0.99791 20.0024
0.997728 -0.0156544 -0.0655244 -1.13781 0.015642 0.999877 -0.000702558 -0.245417 0.0655273 -0.00032397 0.997851 20.7037
0.99766 -0.0169434 -0.0662406 -1.18576 0.0171709 0.999848 0.00286698 -0.25877 0.066182 -0.00399768 0.9978 21.3966
0.997514 -0.0218802 -0.06698 -1.23559 0.0221201 0.999751 0.0028413 -0.272899 0.0669012 -0.00431584 0.99775 22.117
0.9973 -0.0244379 -0.0692441 -1.27605 0.0243887 0.999701 -0.00155601 -0.274754 0.0692615 -0.000136969 0.997599 22.8487
0.997239 -0.0233489 -0.0704866 -1.32737 0.0230094 0.999719 -0.00562428 -0.282482 0.0705981 0.0039869 0.997497 23.5407
0.997101 -0.0223221 -0.0727455 -1.38425 0.021947 0.999741 -0.00595239 -0.296768 0.0728595 0.00433859 0.997333 24.2623
0.99687 -0.0253389 -0.0748845 -1.42177 0.0250638 0.999675 -0.00461072 -0.30891 0.074977 0.00271939 0.997182 24.928
0.996838 -0.022413 -0.0762386 -1.47069 0.0223116 0.999749 -0.00218168 -0.319149 0.0762683 0.000473775 0.997087 25.5745
0.996789 -0.0215438 -0.0771148 -1.52975 0.0215524 0.999767 -0.000720998 -0.33024 0.0771124 -0.000943327 0.997022 26.236
0.996672 -0.0213132 -0.0786846 -1.57789 0.0215125 0.999767 0.00168564 -0.337937 0.0786304 -0.00337273 0.996898 26.9065
0.996674 -0.0214527 -0.0786215 -1.63721 0.0218904 0.999749 0.00470926 -0.345254 0.0785007 -0.00641465 0.996893 27.6148
0.996768 -0.0145466 -0.0790009 -1.70976 0.0151364 0.999862 0.00687237 -0.349058 0.07889 -0.00804595 0.996851 28.3653
0.996706 -0.0144302 -0.079803 -1.76576 0.0149627 0.99987 0.00607882 -0.353847 0.0797048 -0.00725287 0.996792 29.088
0.996744 -0.014228 -0.0793607 -1.83643 0.0146344 0.999883 0.0045407 -0.360908 0.0792868 -0.00568731 0.996836 29.8534
0.996779 -0.0125935 -0.0792019 -1.91072 0.0127963 0.999916 0.00205356 -0.36582 0.0791694 -0.00306044 0.996856 30.6771
0.996601 -0.0151393 -0.0809751 -1.96891 0.0153444 0.99988 0.0019109 -0.371601 0.0809365 -0.00314692 0.996714 31.4412
0.996478 -0.0167865 -0.0821583 -2.03027 0.0170873 0.99985 0.00295962 -0.378897 0.0820962 -0.00435306 0.996615 32.1877
0.996474 -0.0155007 -0.082452 -2.09918 0.0159319 0.999863 0.00457447 -0.396326 0.0823698 -0.00587195 0.996585 32.9122
0.996399 -0.0145711 -0.0835274 -2.16596 0.0147213 0.999891 0.00118261 -0.408824 0.0835011 -0.00240799 0.996505 33.7419
0.996268 -0.0156734 -0.0848767 -2.23507 0.0154691 0.999876 -0.0030646 -0.41869 0.0849142 0.0017402 0.996387 34.5569
0.996228 -0.014423 -0.085566 -2.31304 0.0141014 0.999891 -0.00436231 -0.430631 0.0856196 0.00313926 0.996323 35.3945
0.996322 -0.0128334 -0.0847201 -2.39474 0.0128545 0.999917 -0.000296658 -0.450233 0.0847169 -0.000793464 0.996405 36.178
0.996278 -0.0139442 -0.0850648 -2.46549 0.0141778 0.999897 0.0021425 -0.456319 0.0850262 -0.00334055 0.996373 36.9749
0.996266 -0.0154668 -0.0849383 -2.54003 0.015783 0.999871 0.0030516 -0.469362 0.0848802 -0.00438079 0.996382 37.7798
0.996177 -0.0190714 -0.085251 -2.60452 0.0192617 0.999813 0.00141023 -0.476137 0.0852082 -0.00304692 0.996359 38.5692
0.99615 -0.0203327 -0.0852793 -2.67085 0.0203838 0.999792 -0.000271389 -0.483602 0.0852671 -0.00146797 0.996357 39.2899
0.995983 -0.0231368 -0.0865002 -2.72936 0.0232725 0.999729 0.000560212 -0.489356 0.0864638 -0.00257104 0.996252 39.9916
0.995753 -0.02694 -0.0880362 -2.78245 0.0274772 0.99961 0.00489548 -0.500019 0.08787 -0.00729367 0.996105 40.6758
0.995617 -0.0277524 -0.0893114 -2.84329 0.0287467 0.999538 0.00986571 -0.506666 0.0889963 -0.0123899 0.995955 41.4078
0.995619 -0.0255019 -0.0899588 -2.91493 0.0267171 0.999567 0.0123306 -0.514478 0.0896054 -0.01468 0.995869 42.1431
0.995493 -0.0247193 -0.0915564 -2.98622 0.025585 0.999638 0.0082935 -0.518902 0.0913183 -0.0105986 0.995765 42.8887
0.995491 -0.0213238 -0.0924335 -3.0629 0.0214754 0.999769 0.000645588 -0.527837 0.0923984 -0.00262772 0.995719 43.6152
0.995407 -0.0196094 -0.0937055 -3.12863 0.0192801 0.999804 -0.00441781 -0.535195 0.0937738 0.00259086 0.99559 44.3097
0.995374 -0.014567 -0.0949637 -3.1967 0.0142666 0.999891 -0.00384134 -0.542881 0.0950093 0.00246876 0.995473 44.9712
0.995407 -0.00996399 -0.0952179 -3.27754 0.00985684 0.99995 -0.00159559 -0.557528 0.0952291 0.000649713 0.995455 45.6449
0.995378 -0.00713057 -0.0957741 -3.35301 0.00717083 0.999974 7.62751e-05 -0.570619 0.095771 -0.000762702 0.995403 46.2963
0.995199 -0.00726673 -0.0976064 -3.41212 0.00728741 0.999973 -0.000144561 -0.579194 0.0976048 -0.000567431 0.995225 46.9498
0.995001 -0.00636972 -0.099664 -3.47648 0.00646826 0.999979 0.000665592 -0.590445 0.0996577 -0.00130692 0.995021 47.6007
0.994905 -0.00500838 -0.100689 -3.5467 0.00516049 0.999986 0.00125026 -0.60287 0.100682 -0.00176349 0.994917 48.2412
0.994624 -0.00699769 -0.103314 -3.6007 0.00725089 0.999972 0.00207542 -0.620698 0.103297 -0.00281338 0.994647 48.8875
0.994261 -0.0106108 -0.10645 -3.65985 0.0109701 0.999936 0.00279004 -0.628008 0.106414 -0.0039418 0.994314 49.626
0.993899 -0.00977843 -0.109863 -3.71681 0.0104369 0.999931 0.00542019 -0.636765 0.109802 -0.00653375 0.993932 50.3011
0.993768 -0.00814045 -0.111173 -3.80296 0.00923827 0.999913 0.00936333 -0.644652 0.111087 -0.010332 0.993757 51.0224
0.993364 -0.00851164 -0.114697 -3.8756 0.0098333 0.999892 0.0109622 -0.653055 0.114591 -0.0120173 0.99334 51.7988
0.993119 -0.00718576 -0.116885 -3.95841 0.00804775 0.999944 0.00690448 -0.66453 0.116829 -0.00779763 0.993121 52.5392
0.992936 -0.00822746 -0.118365 -4.04498 0.00823079 0.999966 -0.000460677 -0.674224 0.118365 -0.000516816 0.99297 53.2599
0.992768 -0.00946631 -0.119678 -4.11555 0.00875094 0.999941 -0.00650155 -0.681828 0.119733 0.00540723 0.992791 53.8238
0.992826 -0.00706629 -0.119361 -4.19533 0.00617097 0.99995 -0.00786882 -0.690539 0.119411 0.0070758 0.99282 54.3588
0.992724 -0.00524835 -0.120299 -4.2648 0.00478079 0.99998 -0.00417491 -0.705707 0.120319 0.00356941 0.992729 54.884
0.992622 -0.00207908 -0.121233 -4.33489 0.00188853 0.999997 -0.00168666 -0.7244 0.121236 0.00144526 0.992623 55.385
0.992421 -0.00655124 -0.12271 -4.38626 0.0059673 0.999969 -0.0051256 -0.734971 0.12274 0.00435451 0.992429 55.8514
0.992042 -0.0188405 -0.124491 -4.4129 0.0176782 0.999789 -0.0104349 -0.748833 0.124661 0.00815114 0.992166 56.2943
0.991909 -0.0243236 -0.1246 -4.4488 0.0226356 0.999632 -0.0149452 -0.762886 0.124917 0.0120039 0.992095 56.6952
0.992323 -0.0231463 -0.121486 -4.49533 0.0214416 0.999653 -0.015321 -0.768727 0.121798 0.0125985 0.992475 57.0637
0.993003 -0.0166511 -0.11691 -4.55006 0.015269 0.999803 -0.0127077 -0.774913 0.117099 0.0108337 0.993061 57.426
0.993579 -0.0159793 -0.112007 -4.59612 0.0150482 0.999845 -0.0091529 -0.787961 0.112135 0.00740863 0.993665 57.7935
0.993963 -0.0207963 -0.107728 -4.61579 0.0203913 0.99978 -0.00485994 -0.799186 0.107806 0.00263387 0.994168 58.1593
0.994843 -0.0222275 -0.0989604 -4.65423 0.0222091 0.999753 -0.00128724 -0.810274 0.0989646 -0.000917221 0.995091 58.5208
0.995889 -0.0198941 -0.0883728 -4.68674 0.0198353 0.999802 -0.00154398 -0.814365 0.088386 -0.000215266 0.996086 58.9051
0.997318 -0.0130058 -0.0720247 -4.72592 0.0129277 0.999915 -0.00154966 -0.821753 0.0720388 0.000614387 0.997402 59.2601
0.998563 -0.00702083 -0.0531227 -4.75181 0.00698989 0.999975 -0.000768169 -0.825584 0.0531268 0.000395743 0.998588 59.61
0.999582 -0.00483086 -0.0285117 -4.77473 0.00483326 0.999988 1.50616e-05 -0.829642 0.0285113 -0.00015286 0.999593 59.947
0.999952 -0.00935942 -0.00305402 -4.75709 0.00936249 0.999956 0.000992173 -0.831308 0.0030446 -0.00102072 0.999995 60.2804
0.999596 -0.0123782 0.0255848 -4.72664 0.012307 0.99992 0.00293788 -0.836032 -0.0256191 -0.00262182 0.999668 60.614
0.998146 -0.0128252 0.059495 -4.69956 0.0125507 0.999909 0.00498626 -0.839877 -0.0595535 -0.00423032 0.998216 60.9443
0.995188 -0.0112957 0.0973351 -4.65709 0.0107077 0.999921 0.00656078 -0.845193 -0.0974015 -0.00548697 0.99523 61.2701
0.990639 -0.0133283 0.135857 -4.56948 0.0125506 0.9999 0.00657945 -0.845147 -0.135931 -0.00481277 0.990707 61.5861
0.983678 -0.0149951 0.179311 -4.47257 0.013888 0.999876 0.00742791 -0.850242 -0.1794 -0.00481639 0.983764 61.9083
0.974225 -0.0177815 0.224876 -4.34705 0.0169903 0.999841 0.00545334 -0.854417 -0.224937 -0.00149207 0.974372 62.2063
0.960899 -0.0196143 0.276202 -4.21752 0.0192972 0.999806 0.00386583 -0.859964 -0.276224 0.00161526 0.961092 62.498
0.94316 -0.020283 0.331719 -4.0854 0.0201882 0.999789 0.00373205 -0.866056 -0.331725 0.0031769 0.943371 62.7762
0.922907 -0.0249536 0.384213 -3.90577 0.0260857 0.999657 0.00226534 -0.864841 -0.384138 0.00793178 0.923242 63.0156
0.897652 -0.0285206 0.43978 -3.72341 0.030889 0.999521 0.0017721 -0.863648 -0.43962 0.0119936 0.898104 63.2526
0.871429 -0.0377409 0.489068 -3.50611 0.044276 0.999018 -0.00179846 -0.868254 -0.48852 0.0232212 0.872244 63.4087
0.839199 -0.0405039 0.542314 -3.31045 0.0484515 0.998825 -0.000376394 -0.868525 -0.541662 0.0265918 0.840176 63.6068
0.804212 -0.0444347 0.592679 -3.1052 0.0533188 0.998574 0.00251684 -0.862799 -0.591946 0.0295769 0.805435 63.7901
0.765983 -0.0456805 0.641236 -2.89617 0.0532037 0.998555 0.00758125 -0.857777 -0.640656 0.028309 0.767306 63.9695
0.726078 -0.0483913 0.685908 -2.6693 0.0568147 0.998332 0.010291 -0.852242 -0.685261 0.0314976 0.727616 64.1179
0.686232 -0.0525635 0.725481 -2.42156 0.0651418 0.997819 0.0106776 -0.846182 -0.72446 0.0399318 0.68816 64.2344
0.646084 -0.0578594 0.76107 -2.1588 0.0753977 0.997084 0.0117958 -0.84267 -0.759533 0.0497618 0.648562 64.3355
0.604441 -0.0570497 0.794605 -1.91121 0.0752814 0.997059 0.0143201 -0.839137 -0.793085 0.0511634 0.606958 64.461
0.560575 -0.0548363 0.826286 -1.65747 0.0718964 0.99726 0.0174065 -0.837175 -0.824977 0.0496493 0.562982 64.5966
0.51905 -0.0531606 0.853089 -1.40469 0.0712797 0.99728 0.0187768 -0.833194 -0.851767 0.0510619 0.521427 64.7057
0.479104 -0.0559863 0.875971 -1.1321 0.0776426 0.996755 0.02124 -0.823252 -0.874317 0.0578365 0.481897 64.8092
0.441458 -0.0653652 0.894898 -0.738784 0.0932854 0.995282 0.0266793 -0.810478 -0.89242 0.0717032 0.445473 64.9294
0.407365 -0.0689432 0.91066 -0.396049 0.0955509 0.994891 0.0325774 -0.796783 -0.908253 0.0737435 0.411871 65.0475
0.376937 -0.0649601 0.923958 -0.0376309 0.0932158 0.995134 0.031936 -0.786509 -0.921537 0.0740897 0.381158 65.1591
0.347262 -0.0570586 0.936031 0.597999 0.0814986 0.996207 0.0304913 -0.78943 -0.93422 0.0656967 0.350595 65.4004
0.320146 -0.0530138 0.945884 1.22288 0.0754442 0.996689 0.0303262 -0.795583 -0.944359 0.0616526 0.323085 65.5948
0.294887 -0.0512409 0.954157 1.87135 0.0752905 0.996702 0.0302568 -0.785211 -0.952561 0.0629166 0.297773 65.7723
0.27253 -0.0503655 0.960828 2.64995 0.0820256 0.99621 0.0289543 -0.75955 -0.958644 0.0709215 0.275628 65.925
0.253512 -0.0451856 0.966276 3.42149 0.088655 0.99579 0.0233062 -0.726316 -0.963261 0.0797568 0.25645 66.0508
0.234064 -0.0381081 0.971474 4.38701 0.0896632 0.995819 0.0174599 -0.664245 -0.968078 0.0830187 0.236502 66.2569
0.216731 -0.0363706 0.975554 5.38718 0.0850387 0.996211 0.0182483 -0.633976 -0.972521 0.0790049 0.219002 66.4846
0.201553 -0.0397595 0.97867 6.23291 0.0813149 0.996406 0.0237336 -0.622101 -0.976097 0.074797 0.204061 66.6534
0.186766 -0.0423112 0.981493 6.53237 0.0807741 0.996351 0.0275814 -0.6162 -0.979078 0.0741279 0.189502 66.7127
0.173836 -0.0448843 0.983751 7.30473 0.0828169 0.996088 0.0308128 -0.601938 -0.981286 0.0761148 0.176873 66.8283
0.162296 -0.0456925 0.985684 7.64531 0.0861719 0.995767 0.0319714 -0.591219 -0.982972 0.0797494 0.165547 66.8762
0.15219 -0.0448148 0.987335 8.00223 0.0880182 0.995617 0.0316234 -0.579771 -0.984424 0.0820906 0.155467 66.9243
0.14485 -0.0444746 0.988454 8.36905 0.0899483 0.995445 0.0316079 -0.570703 -0.985357 0.0843314 0.14819 66.9707
0.139902 -0.0437223 0.9892 8.74427 0.0899041 0.995459 0.0312839 -0.559141 -0.986075 0.0845564 0.143198 67.0184
0.134172 -0.0426927 0.990038 9.12476 0.0903081 0.995441 0.0306869 -0.548812 -0.986834 0.0852911 0.137416 67.0717
0.128116 -0.0417388 0.990881 9.53209 0.0901198 0.995471 0.0302802 -0.535963 -0.987656 0.0854186 0.131297 67.1231
0.123655 -0.0419111 0.99144 9.95286 0.0927985 0.995218 0.0304968 -0.523887 -0.987977 0.0882331 0.126952 67.1731
0.12052 -0.0417243 0.991834 10.415 0.092272 0.995262 0.0306563 -0.513167 -0.988413 0.0878238 0.123799 67.2338
0.117673 -0.0426686 0.992135 10.8913 0.0943066 0.995041 0.0316082 -0.503041 -0.988564 0.0898455 0.121113 67.2872
0.115087 -0.0437391 0.992392 11.4521 0.0963677 0.994809 0.03267 -0.490693 -0.98867 0.0918747 0.118704 67.3538
0.114428 -0.0445592 0.992432 12.0426 0.101649 0.994275 0.0329217 -0.473781 -0.988217 0.097113 0.118302 67.4144
0.114554 -0.0450768 0.992394 12.6108 0.102643 0.99416 0.0333088 -0.46065 -0.9881 0.0980466 0.118512 67.4879
0.117158 -0.0454203 0.992074 13.1529 0.105391 0.993881 0.033057 -0.446624 -0.987505 0.100683 0.121228 67.5497
0.120973 -0.0455169 0.991612 13.7356 0.106863 0.99374 0.0325777 -0.431764 -0.986887 0.102026 0.12508 67.6245
0.127488 -0.0466362 0.990743 14.2805 0.111474 0.993239 0.0324093 -0.416938 -0.985556 0.10631 0.131824 67.6719
0.130339 -0.0482383 0.990295 14.8513 0.112442 0.993091 0.0335752 -0.400935 -0.985073 0.106975 0.134863 67.7622
0.135699 -0.0498887 0.989493 15.4171 0.113878 0.992897 0.034443 -0.383509 -0.984184 0.108008 0.140417 67.8314
0.138996 -0.0511836 0.988969 15.9748 0.108309 0.993458 0.0361936 -0.369651 -0.984352 0.102083 0.14363 67.9296
0.14355 -0.0524085 0.988254 16.548 0.108173 0.993444 0.036971 -0.353484 -0.983713 0.101595 0.148278 68.0171
0.148808 -0.0513556 0.987532 17.1337 0.107667 0.993555 0.0354449 -0.335173 -0.982987 0.10105 0.153379 68.101
0.153048 -0.0468939 0.987106 17.7607 0.105766 0.993913 0.0308185 -0.321606 -0.982543 0.0996857 0.157076 68.2012
0.155261 -0.0408387 0.987029 18.3977 0.0996831 0.994693 0.0254755 -0.306702 -0.982831 0.0944347 0.158508 68.3086
0.155035 -0.0374506 0.987199 19.018 0.096386 0.995087 0.0226129 -0.298528 -0.983196 0.0916463 0.157883 68.4185
0.155938 -0.0382618 0.987025 19.6269 0.0974688 0.994969 0.0231708 -0.290397 -0.982946 0.0925909 0.158883 68.5159
0.155409 -0.0396311 0.987055 20.2368 0.0950597 0.995158 0.0249896 -0.282289 -0.983266 0.0899455 0.158423 68.6258
0.156451 -0.041503 0.986813 20.8591 0.0978383 0.994854 0.0263297 -0.278298 -0.982828 0.0924288 0.159707 68.7162
0.158749 -0.0418283 0.986432 21.468 0.0974958 0.994883 0.0264964 -0.267009 -0.982493 0.0919667 0.162015 68.8014
0.160178 -0.0410475 0.986234 22.0579 0.0965942 0.994991 0.0257237 -0.256051 -0.98235 0.0911441 0.163341 68.8908
0.159742 -0.0395894 0.986365 22.6602 0.0926854 0.995383 0.0249409 -0.247141 -0.982798 0.0874375 0.162674 69.0038
0.15653 -0.036727 0.98699 23.2609 0.0841894 0.996167 0.0237166 -0.243792 -0.984079 0.0793818 0.159022 69.1381
0.153903 -0.0365822 0.987409 23.8918 0.0807613 0.996437 0.0243288 -0.234805 -0.98478 0.0760002 0.156309 69.2424
0.149267 -0.038392 0.988051 24.5236 0.07727 0.996643 0.0270525 -0.235249 -0.985773 0.0723087 0.151733 69.3583
0.144168 -0.04012 0.98874 25.3437 0.0739135 0.996823 0.0296707 -0.224095 -0.986789 0.0688037 0.146676 69.4907
0.13835 -0.0421567 0.989486 26.0077 0.0717853 0.996893 0.0324353 -0.215911 -0.987778 0.0665432 0.140946 69.5865
0.13198 -0.041739 0.990373 26.7224 0.07186 0.996887 0.0324373 -0.201941 -0.988644 0.0668872 0.134568 69.6751
0.122808 -0.0406025 0.991599 27.352 0.0698707 0.997037 0.0321718 -0.19029 -0.989968 0.0653328 0.125281 69.7641
0.112932 -0.0399427 0.992799 28.0627 0.0716546 0.996917 0.0319575 -0.169521 -0.991016 0.0675296 0.115446 69.8428
0.102308 -0.0401878 0.993941 28.9542 0.0716952 0.996883 0.0329271 -0.14513 -0.992166 0.067892 0.10487 69.9397
0.0924858 -0.0410917 0.994866 29.8098 0.0719496 0.996812 0.0344834 -0.126782 -0.993111 0.0683909 0.0951474 70.0124
0.0818088 -0.0417135 0.995775 30.9216 0.0737508 0.996638 0.0356906 -0.0977026 -0.993916 0.0705194 0.0846101 70.0987
0.0721846 -0.0416424 0.996522 32.0165 0.0745409 0.996559 0.0362445 -0.0778936 -0.994602 0.0716653 0.0750403 70.1659
0.06114 -0.0411761 0.99728 33.1684 0.0743977 0.996557 0.0365852 -0.0576557 -0.995353 0.0719585 0.0639929 70.2363
0.0506955 -0.0398829 0.997917 34.8236 0.0767559 0.996403 0.035923 -0.0297828 -0.99576 0.0747749 0.0535744 70.3399
0.0433636 -0.0390998 0.998294 36.4902 0.0806479 0.99611 0.0355111 0.00522416 -0.995799 0.0789704 0.0463482 70.3022
0.0344217 -0.0377374 0.998695 37.6486 0.0808034 0.99612 0.0348551 0.0458475 -0.996136 0.0794981 0.0373374 70.3454
0.0255242 -0.0374264 0.998973 38.3546 0.0809011 0.996099 0.0352516 0.0584861 -0.996395 0.0799183 0.0284525 70.3543
0.015522 -0.0373852 0.99918 38.9656 0.081844 0.995995 0.0359946 0.0689206 -0.996524 0.0812183 0.0185196 70.3676
0.00709237 -0.0382032 0.999245 39.5733 0.084238 0.995741 0.0374713 0.0806109 -0.99642 0.0839086 0.0102803 70.3647
0.000617448 -0.0394764 0.99922 40.1462 0.0881126 0.995336 0.0392685 0.0938754 -0.99611 0.0880197 0.00409294 70.3534
-0.00422152 -0.0413349 0.999136 40.726 0.0931277 0.994787 0.0415484 0.107233 -0.995645 0.0932227 -0.00035009 70.3451
-0.00701947 -0.042632 0.999066 41.2907 0.0981295 0.994239 0.0431155 0.125029 -0.995149 0.0983405 -0.00279558 70.3253
-0.00891171 -0.0440948 0.998988 41.8435 0.100426 0.993937 0.0447677 0.138362 -0.994905 0.100723 -0.00442944 70.3125
-0.0105154 -0.0450244 0.998931 42.3911 0.101232 0.993805 0.045859 0.153634 -0.994807 0.101605 -0.00589238 70.3065
-0.0118854 -0.044495 0.998939 42.9234 0.1019 0.993755 0.0454765 0.169026 -0.994724 0.102332 -0.00727711 70.3091
-0.0100202 -0.043681 0.998995 43.4265 0.106921 0.993271 0.0445032 0.180398 -0.994217 0.107259 -0.00528242 70.2914
-0.00635285 -0.0417599 0.999107 43.9266 0.109098 0.993135 0.0422039 0.196163 -0.994011 0.109269 -0.0017533 70.2815
-0.000100324 -0.0411842 0.999152 44.4065 0.109959 0.993092 0.0409455 0.209597 -0.993936 0.10987 0.00442895 70.2783
0.00795468 -0.0399518 0.99917 44.8816 0.111415 0.993016 0.0388187 0.224467 -0.993742 0.111014 0.0123504 70.2854
0.0182702 -0.039479 0.999053 45.3208 0.109111 0.993331 0.0372575 0.23117 -0.993862 0.108327 0.0224559 70.3108
0.0318843 -0.0389707 0.998732 45.7476 0.107179 0.993611 0.0353493 0.2374 -0.993728 0.105915 0.0358574 70.3391
0.0490577 -0.0374741 0.998093 46.1517 0.107334 0.993707 0.0320338 0.240849 -0.993012 0.105557 0.0527712 70.3699
0.0703823 -0.0344413 0.996925 46.5447 0.106098 0.993993 0.0268495 0.246021 -0.991862 0.103882 0.0736137 70.4086
0.0943739 -0.0312896 0.995045 46.9162 0.103809 0.994367 0.0214226 0.240985 -0.99011 0.101273 0.0970903 70.4661
0.122382 -0.0293651 0.992049 47.2889 0.103829 0.994456 0.0166278 0.244513 -0.987037 0.100968 0.124752 70.5271
0.155056 -0.0294817 0.987466 47.6412 0.102539 0.994636 0.0135947 0.244544 -0.98257 0.0991461 0.157247 70.6026
0.189844 -0.0311399 0.98132 47.971 0.100579 0.994855 0.0121116 0.239172 -0.976649 0.096401 0.192 70.7037
0.232011 -0.0343653 0.972106 48.3118 0.100276 0.994896 0.0112383 0.241536 -0.967531 0.0948713 0.234273 70.7989
0.276667 -0.0383614 0.9602 48.6451 0.0997034 0.994956 0.011022 0.237701 -0.95578 0.0926858 0.279096 70.9135
0.322089 -0.0401131 0.945859 48.9738 0.0946496 0.995461 0.00998614 0.233922 -0.941966 0.0863088 0.324423 71.066
0.371195 -0.0410431 0.927648 49.2944 0.0908608 0.995834 0.00770236 0.221825 -0.924099 0.0814277 0.373378 71.2307
0.421948 -0.0400471 0.905735 49.5944 0.0892382 0.996007 0.00246574 0.215306 -0.902217 0.0797858 0.423837 71.4125
0.475905 -0.0399074 0.878591 49.8882 0.092302 0.99572 -0.00476947 0.204524 -0.87464 0.0833655 0.477552 71.6108
0.530583 -0.0346625 0.846924 50.1654 0.0902072 0.995798 -0.0157577 0.192252 -0.842819 0.0847594 0.531481 71.8405
0.585619 -0.0311086 0.80999 50.4176 0.0915239 0.995411 -0.0279415 0.181438 -0.805403 0.0904964 0.585778 72.0638
0.638935 -0.0270828 0.768784 50.6355 0.0873404 0.995472 -0.0375198 0.163697 -0.764286 0.0911187 0.638407 72.2958
0.687894 -0.0206352 0.725517 50.8121 0.0787619 0.995815 -0.0463546 0.147456 -0.721525 0.0890302 0.686641 72.5515
0.734276 -0.0192838 0.678578 50.9711 0.0756585 0.995694 -0.0535731 0.128116 -0.674622 0.0906775 0.732573 72.7956
0.779511 -0.0220236 0.626001 51.135 0.0750027 0.995473 -0.0583729 0.109501 -0.621882 0.092454 0.777634 73.0246
0.819215 -0.0227414 0.573036 51.2636 0.0682485 0.995979 -0.0580422 0.0841824 -0.569411 0.0866578 0.817472 73.2789
0.85412 -0.0223893 0.519594 51.3557 0.0607376 0.996531 -0.0569012 0.0633893 -0.516517 0.0801594 0.852517 73.5411
0.885468 -0.024156 0.464073 51.459 0.055748 0.996958 -0.0544754 0.0370338 -0.461345 0.0741073 0.88412 73.8228
0.912471 -0.0279256 0.408187 51.5649 0.0537237 0.997208 -0.0518726 0.019087 -0.405599 0.0692616 0.911423 74.1182
0.933995 -0.0264699 0.356304 51.6485 0.0473154 0.997632 -0.0499156 -0.00773486 -0.354139 0.0634796 0.933036 74.4293
0.950064 -0.0193357 0.311455 51.7018 0.0370171 0.998015 -0.0509586 -0.027412 -0.309851 0.0599431 0.948894 74.7624
0.962371 -0.0127884 0.271439 51.7588 0.0274931 0.998349 -0.0504395 -0.054158 -0.270346 0.0560042 0.961133 75.101
0.971696 -0.00872546 0.236073 51.8128 0.0218498 0.998354 -0.0530355 -0.078339 -0.235222 0.0566926 0.970287 75.4548
0.978781 -0.00635383 0.20481 51.8694 0.0179031 0.998349 -0.0545869 -0.0997052 -0.204125 0.0570954 0.977279 75.818
0.983115 -0.0115714 0.18262 51.9283 0.0221099 0.998198 -0.0557771 -0.123106 -0.181645 0.0588731 0.9816 76.1784
0.985714 -0.0128145 0.16794 51.9732 0.0225933 0.99815 -0.0564474 -0.146864 -0.166906 0.0594353 0.98418 76.5367
0.987895 -0.00955823 0.154829 52.0204 0.0186638 0.998173 -0.0574644 -0.172296 -0.153997 0.0596585 0.986269 76.9172
0.989444 -0.00334524 0.144875 52.0619 0.0117377 0.998299 -0.057113 -0.200683 -0.144437 0.0582106 0.9878 77.3012
0.990363 0.0040346 0.138439 52.1459 0.00428189 0.998206 -0.0597227 -0.230116 -0.138432 0.0597399 0.988569 77.9565
0.990761 0.00985403 0.135263 52.1966 -0.00123565 0.997971 -0.0636526 -0.25851 -0.135615 0.0628973 0.988763 78.369
0.990754 0.0129609 0.135052 52.2449 -0.00401119 0.99779 -0.0663307 -0.291668 -0.135613 0.0651757 0.988616 78.7735
0.990442 0.0106068 0.137521 52.3039 -0.00101377 0.997572 -0.0696402 -0.325203 -0.137926 0.0688352 0.988048 79.166
0.989822 0.00823469 0.142072 52.3556 0.0026194 0.997101 -0.0760426 -0.353619 -0.142287 0.0756408 0.986931 79.5659
0.989256 0.00773753 0.145991 52.4245 0.00416279 0.996703 -0.081033 -0.381224 -0.146136 0.0807701 0.985962 79.9791
0.988694 0.0120139 0.149468 52.4862 4.70199e-05 0.99676 -0.0804282 -0.41411 -0.14995 0.0795259 0.98549 80.3619
0.98756 0.0176209 0.156253 52.5345 -0.00566756 0.997044 -0.0766181 -0.446329 -0.157141 0.0747794 0.984741 80.7774
0.986419 0.0183957 0.163214 52.5831 -0.00664667 0.997365 -0.0722417 -0.483628 -0.164113 0.0701758 0.983942 81.2147
0.985616 0.0167028 0.168173 52.6476 -0.00560796 0.997788 -0.0662328 -0.524298 -0.168908 0.064337 0.98353 81.6555
0.985031 0.0146037 0.171759 52.7304 -0.00400757 0.998076 -0.0618774 -0.558368 -0.172332 0.0602628 0.983194 82.1171
0.984525 0.0096069 0.174983 52.8205 0.0010846 0.998143 -0.0609022 -0.598185 -0.175244 0.0601495 0.982686 82.6319
0.984394 0.00624951 0.175869 52.9172 0.00510883 0.997933 -0.0640574 -0.640064 -0.175906 0.0639562 0.982327 83.1723
0.984342 0.00636544 0.176155 53.0535 0.00633476 0.997425 -0.0714406 -0.700289 -0.176156 0.0714379 0.981767 83.9902
0.984246 0.0102598 0.176506 53.1985 0.0036304 0.996932 -0.0781928 -0.775027 -0.176767 0.0776018 0.981189 84.946
0.984481 0.0143014 0.174907 53.3394 4.71327e-05 0.996652 -0.0817575 -0.851278 -0.175491 0.0804969 0.981185 85.8987
0.984923 0.0129507 0.172505 53.4221 0.000453539 0.996997 -0.0774384 -0.894415 -0.17299 0.0763492 0.98196 86.4141
0.985275 0.00757634 0.17081 53.5227 0.00453144 0.99751 -0.0703835 -0.936768 -0.170918 0.0701211 0.982787 86.9692
0.985617 0.00891983 0.16876 53.6059 0.00199228 0.997923 -0.0643811 -0.987164 -0.168984 0.0637913 0.983552 87.5263
0.986013 0.0104151 0.16634 53.7222 0.000494888 0.997858 -0.0654126 -1.04093 -0.166665 0.06458 0.983896 88.2124
0.986542 0.0133282 0.162964 53.8562 -0.00200822 0.997585 -0.0694315 -1.11502 -0.163496 0.0681698 0.984186 89.0044
0.987083 0.0143833 0.15956 54.0749 -0.00248054 0.997214 -0.0745468 -1.23384 -0.160188 0.0731881 0.98437 90.4824
0.987552 0.0141768 0.156655 54.2163 -0.00194052 0.996952 -0.0779877 -1.31024 -0.157284 0.0767129 0.984569 91.5143
0.988274 0.0097871 0.152374 54.3264 0.00195541 0.99705 -0.0767238 -1.36528 -0.152676 0.0761221 0.98534 92.222
0.988705 0.00706854 0.149707 54.4225 0.00426014 0.997158 -0.0752165 -1.42469 -0.149814 0.0750047 0.985865 92.9376
0.988856 0.00711189 0.148703 54.5129 0.00372394 0.997364 -0.0724636 -1.48452 -0.148827 0.0722099 0.986223 93.6217
0.989053 0.00354996 0.147515 54.6142 0.00691787 0.997496 -0.0703877 -1.53737 -0.147395 0.0706377 0.986552 94.283
0.989117 -4.71166e-05 0.147128 54.71 0.0103119 0.997563 -0.0690054 -1.58984 -0.146766 0.0697716 0.986707 94.9207
0.989263 0.000800511 0.146143 54.8143 0.00905885 0.997726 -0.0667856 -1.65447 -0.145865 0.0673925 0.987006 95.6235
0.989106 0.00715202 0.147033 54.8908 0.00300395 0.99763 -0.068735 -1.70226 -0.147176 0.0684278 0.986741 96.2172
0.989058 0.0104968 0.147156 54.9792 0.0001816 0.997378 -0.0723644 -1.74856 -0.14753 0.0715993 0.986463 96.8296
0.988847 0.0192072 0.14769 55.0611 -0.00825042 0.997191 -0.0744453 -1.79286 -0.148705 0.0723965 0.986228 97.4184
0.988347 0.0240746 0.150304 55.1488 -0.0130933 0.9972 -0.0736269 -1.84573 -0.151656 0.070801 0.985894 98.0319
0.987807 0.0270294 0.153319 55.2338 -0.0161433 0.997288 -0.0718084 -1.89769 -0.154844 0.0684578 0.985564 98.6601
0.987489 0.0258793 0.155549 55.3279 -0.0147401 0.997271 -0.0723438 -1.95107 -0.156997 0.0691459 0.985176 99.2582
0.987381 0.0229274 0.156693 55.4336 -0.0112191 0.997105 -0.0752014 -2.0029 -0.157964 0.0724945 0.98478 99.8795
0.98742 0.0173635 0.157161 55.5383 -0.00587586 0.997295 -0.0732662 -2.0597 -0.158009 0.0714211 0.984851 100.477
0.987356 0.0115295 0.1581 55.6368 0.000322556 0.997203 -0.0747357 -2.11496 -0.15852 0.0738417 0.984591 101.095
0.986849 0.0156352 0.160887 55.7217 -0.00351761 0.997153 -0.0753281 -2.16556 -0.161606 0.0737716 0.984094 101.754
0.986502 0.0182093 0.162733 55.8173 -0.00646478 0.997354 -0.0724104 -2.21903 -0.163621 0.070381 0.98401 102.384
0.986489 0.0184693 0.162785 55.9235 -0.00767179 0.997743 -0.0667105 -2.27012 -0.16365 0.0645603 0.984404 102.999
0.986347 0.0209796 0.16334 56.0259 -0.0108347 0.99797 -0.0627541 -2.32385 -0.164325 0.0601276 0.984572 103.624
0.986217 0.018691 0.164399 56.1436 -0.00734773 0.997566 -0.0693377 -2.38432 -0.165295 0.0671741 0.983954 104.352
0.986362 0.0123464 0.164129 56.2611 0.00141941 0.996507 -0.0834914 -2.44794 -0.164586 0.0825856 0.982899 105.021
0.986255 0.0117076 0.164813 56.3669 0.00363654 0.995707 -0.0924917 -2.51195 -0.165188 0.0918198 0.981979 105.701
0.986248 0.0100663 0.164968 56.4626 0.00382764 0.996485 -0.0836883 -2.56979 -0.16523 0.0831688 0.982742 106.357
0.986684 0.00242008 0.162631 56.572 0.00801687 0.99795 -0.0634886 -2.62013 -0.162452 0.063947 0.984642 106.946
0.986687 0.00345006 0.162595 56.6672 0.0044657 0.998823 -0.0482934 -2.68309 -0.16257 0.0483766 0.98551 107.626
0.986605 0.0101221 0.162813 56.7681 -0.00130332 0.99853 -0.0541811 -2.73938 -0.163122 0.0532431 0.985168 108.355
0.986419 0.0209038 0.162913 56.8761 -0.00956665 0.997496 -0.0700665 -2.81756 -0.16397 0.0675564 0.984149 109.341
0.986731 0.019089 0.161238 56.9991 -0.00659845 0.996959 -0.0776497 -2.87929 -0.16223 0.0755554 0.983856 110.062
0.987256 0.0133961 0.158573 57.1413 -0.000891276 0.9969 -0.0786682 -2.95341 -0.159135 0.0775244 0.984208 110.859
0.987459 0.014824 0.15718 57.2559 -0.00266471 0.997005 -0.0772889 -3.03925 -0.157855 0.0759008 0.984541 111.736
0.987973 0.0149318 0.153905 57.3873 -0.00274996 0.996866 -0.0790621 -3.11479 -0.154604 0.077688 0.984917 112.644
0.988699 0.0159064 0.14907 57.5228 -0.00384998 0.996721 -0.0808194 -3.20087 -0.149867 0.0793321 0.985518 113.586
0.989036 0.0204021 0.146257 57.6407 -0.0086041 0.996689 -0.0808496 -3.29702 -0.147422 0.0787048 0.985937 114.525
0.988884 0.0294086 0.14575 57.7284 -0.0177243 0.996571 -0.0808267 -3.39262 -0.147627 0.0773449 0.986014 115.467
0.988961 0.0311993 0.144852 57.854 -0.0199444 0.996714 -0.0785118 -3.49978 -0.146825 0.0747561 0.986334 116.529
0.988996 0.0306773 0.144725 57.9989 -0.0201567 0.997084 -0.0736083 -3.6112 -0.146561 0.0698811 0.98673 117.717
0.988957 0.0327931 0.144531 58.1128 -0.0223453 0.997058 -0.0733273 -3.70567 -0.14651 0.0692879 0.98678 118.691
0.989356 0.0319756 0.141958 58.2609 -0.0212651 0.996855 -0.0763349 -3.80426 -0.143952 0.0725037 0.986925 119.758
0.990348 0.0248323 0.136364 58.4307 -0.0139223 0.996667 -0.0803844 -3.90514 -0.137905 0.07771 0.987392 120.829
0.991598 0.0186023 0.128012 58.6606 -0.00818068 0.996643 -0.0814608 -4.0354 -0.129097 0.0797292 0.988422 122.208
0.992386 0.0185623 0.121762 58.7281 -0.00940484 0.997112 -0.0753553 -4.10783 -0.122809 0.0736364 0.989695 122.849
0.99315 0.0160566 0.115736 58.8225 -0.00827893 0.997694 -0.0673714 -4.17349 -0.116551 0.0659518 0.990993 123.698
0.993654 0.0126235 0.111773 58.9116 -0.00610141 0.998269 -0.0585023 -4.23288 -0.112318 0.0574491 0.99201 124.521
0.99383 0.021063 0.108895 58.9575 -0.014962 0.998288 -0.0565425 -4.28153 -0.109899 0.0545644 0.992444 125.216
0.994172 0.0249569 0.104879 59.0088 -0.0185788 0.997943 -0.0613565 -4.33199 -0.106195 0.0590503 0.99259 125.882
0.994966 0.0239811 0.097297 59.0724 -0.0169966 0.997261 -0.0719898 -4.37768 -0.0987569 0.0699737 0.992648 126.491
0.995316 0.0241554 0.0936066 59.0965 -0.0168087 0.996773 -0.0784928 -4.41475 -0.0952005 0.0765518 0.99251 127.048
0.995906 0.0232035 0.0873631 59.1375 -0.0164392 0.996867 -0.0773654 -4.46117 -0.0888845 0.0756125 0.993168 127.59
0.996303 0.030687 0.0802393 59.1658 -0.0247145 0.996923 -0.0743953 -4.50944 -0.0822754 0.0721372 0.993995 128.143
0.996685 0.0379685 0.0719479 59.1931 -0.0325062 0.996606 -0.075627 -4.56537 -0.0745752 0.0730375 0.994537 128.727
0.99728 0.0402359 0.0617478 59.2233 -0.0351521 0.996068 -0.0813178 -4.61827 -0.0647769 0.0789261 0.994774 129.317
0.997705 0.0403065 0.0544145 59.2388 -0.0356557 0.995837 -0.0838907 -4.66745 -0.0575693 0.081758 0.994988 129.881
0.998185 0.0392479 0.045676 59.2634 -0.0354462 0.996063 -0.0812575 -4.71598 -0.0486853 0.079491 0.995646 130.448
0.99858 0.0383109 0.0370104 59.2872 -0.0355157 0.996667 -0.073439 -4.7731 -0.0397006 0.0720202 0.996613 131.008
0.998709 0.0419347 0.0286581 59.2968 -0.0399164 0.996907 -0.0676982 -4.82287 -0.0314084 0.0664669 0.997294 131.602
0.998941 0.0407534 0.0213743 59.3013 -0.0393042 0.997155 -0.0643231 -4.87493 -0.0239349 0.0634149 0.9977 132.24
0.998994 0.0419706 0.0157656 59.2997 -0.0409102 0.99721 -0.0624437 -4.9227 -0.0183424 0.0617359 0.997924 132.873
0.999082 0.0412296 0.0116185 59.3032 -0.0404021 0.997119 -0.0641902 -4.9845 -0.0142316 0.0636619 0.99787 133.629
0.998933 0.0456343 0.00715796 59.2964 -0.0450221 0.996525 -0.070082 -5.03347 -0.0103312 0.0696849 0.997516 134.254
0.998824 0.0484517 0.00182936 59.3028 -0.0481674 0.995869 -0.0769752 -5.0851 -0.00555139 0.0767965 0.997031 134.881
0.998883 0.0472153 -0.00161362 59.2991 -0.0471954 0.995769 -0.0788486 -5.14345 -0.00211606 0.0788367 0.996885 135.529
0.998716 0.0504181 -0.00500267 59.2897 -0.0506483 0.996085 -0.0724472 -5.20037 0.00133044 0.0726075 0.99736 136.156
0.998643 0.0515383 -0.00747228 59.2795 -0.0519051 0.996699 -0.0624324 -5.2523 0.00422995 0.0627355 0.998021 136.86
0.998577 0.052083 -0.0114825 59.2699 -0.052644 0.99706 -0.055669 -5.30654 0.00854938 0.0561943 0.998383 137.609
0.99873 0.0475362 -0.0167146 59.2582 -0.048441 0.9971 -0.0586981 -5.37758 0.0138758 0.0594332 0.998136 138.471
0.999152 0.0342259 -0.0228823 59.2538 -0.0357233 0.997005 -0.0685938 -5.43482 0.0204661 0.0693531 0.997382 139.211
0.999052 0.0312423 -0.0303248 59.2156 -0.0334131 0.996703 -0.0739365 -5.51999 0.0279149 0.0748796 0.996802 140.534
0.998715 0.0347436 -0.0368936 59.1587 -0.037367 0.996633 -0.0729759 -5.58841 0.034234 0.0742607 0.996651 141.421
0.998452 0.033339 -0.0445297 59.1051 -0.0362726 0.997108 -0.0667819 -5.66904 0.0421744 0.0682937 0.996773 142.366
0.998222 0.0286285 -0.0522737 59.0793 -0.0319089 0.997501 -0.0630389 -5.72204 0.0503384 0.0645948 0.996641 143.031
0.998118 0.0205152 -0.05779 59.0414 -0.0239602 0.997937 -0.0595652 -5.76372 0.0564488 0.0608377 0.99655 143.691
0.997784 0.0161396 -0.0645554 59.0032 -0.0199923 0.998029 -0.0594871 -5.81766 0.0634681 0.0606459 0.996139 144.376
0.997393 0.0116959 -0.0712029 58.9611 -0.0164523 0.997645 -0.0665856 -5.86609 0.0702565 0.0675835 0.995237 145.006
0.996906 0.00185252 -0.0785863 58.9191 -0.00794084 0.996982 -0.0772316 -5.91093 0.078206 0.0776167 0.993911 145.6
0.996322 -0.00862729 -0.0852478 58.8796 0.00166192 0.996677 -0.0814427 -5.9578 0.0856671 0.0810015 0.993026 146.183
0.995791 -0.00421906 -0.0915564 58.8211 -0.00261062 0.997229 -0.0743476 -6.00321 0.0916164 0.0742737 0.993021 146.746
0.995441 0.00989405 -0.0948684 58.7333 -0.0157519 0.998001 -0.061198 -6.05196 0.0940733 0.0624134 0.993607 147.343
0.994893 0.0151339 -0.099792 58.6562 -0.0205332 0.998367 -0.053303 -6.10963 0.0988224 0.0550799 0.99358 148.029
0.994624 0.0148887 -0.102479 58.5711 -0.0207504 0.998194 -0.056373 -6.16009 0.101455 0.0581964 0.993136 148.715
0.994395 0.0161845 -0.10448 58.4891 -0.0232905 0.997471 -0.0671559 -6.21045 0.103129 0.0692129 0.992257 149.397
0.99384 0.0256877 -0.107811 58.4074 -0.0340903 0.996461 -0.0768341 -6.25478 0.105455 0.0800361 0.991198 150.026
0.993748 0.0240725 -0.109021 58.3268 -0.0328838 0.996272 -0.0797599 -6.31239 0.106695 0.0828462 0.990834 150.613
0.993571 0.0178864 -0.111787 58.2672 -0.0263696 0.996844 -0.0748754 -6.3629 0.110095 0.0773419 0.990907 151.18
0.993455 0.0178535 -0.112819 58.2061 -0.0254657 0.997468 -0.0663951 -6.40909 0.111348 0.0688336 0.991395 151.757
0.993435 0.0199818 -0.112638 58.1254 -0.0269656 0.997784 -0.0608235 -6.45939 0.111173 0.0634616 0.991773 152.384
0.993231 0.0211934 -0.114208 58.0429 -0.0284074 0.997677 -0.0619131 -6.51177 0.11263 0.0647383 0.991526 153.042
0.993122 0.0180059 -0.115693 57.9541 -0.0263482 0.997129 -0.0709877 -6.56845 0.114083 0.0735477 0.990745 153.718
0.993014 0.00758369 -0.117753 57.8811 -0.0173509 0.996469 -0.0821446 -6.63096 0.116714 0.0836139 0.98964 154.379
0.992544 -0.00487042 -0.121786 57.833 -0.00573242 0.99623 -0.0865596 -6.68337 0.121748 0.0866124 0.988775 154.995
0.9924 -0.000851315 -0.123055 57.7582 -0.00924967 0.996631 -0.0814906 -6.74049 0.12271 0.0820094 0.989048 155.575
0.99217 0.00638676 -0.124731 57.679 -0.0152985 0.997386 -0.0706211 -6.79544 0.123954 0.0719763 0.989674 156.172
0.991872 0.00501139 -0.127145 57.6057 -0.0136896 0.997627 -0.067473 -6.84966 0.126505 0.0686651 0.989587 156.792
0.991674 0.00358151 -0.128721 57.5277 -0.0128755 0.997362 -0.0714434 -6.90509 0.128126 0.072506 0.989104 157.436
0.991701 0.00500707 -0.128468 57.4388 -0.0151028 0.99686 -0.0777324 -6.96009 0.127676 0.0790275 0.988663 158.083
0.991533 0.01117 -0.129375 57.334 -0.0214 0.996727 -0.0779544 -7.02543 0.128081 0.080063 0.988527 158.821
0.991452 0.011444 -0.129968 56.5499 -0.0213062 0.996975 -0.074747 -7.5285 0.12872 0.0768772 0.988697 164.299
0.991229 0.0153634 -0.131257 55.9013 -0.0249629 0.997106 -0.0718061 -7.95848 0.129774 0.0744528 0.988744 169.104
0.991259 0.0197296 -0.130444 55.6545 -0.0288753 0.997227 -0.0685967 -8.10687 0.128728 0.0717638 0.98908 170.686
0.991084 0.022261 -0.131362 55.5102 -0.0314999 0.997141 -0.0686776 -8.20088 0.129458 0.0722032 0.988953 171.712
0.991185 0.0204944 -0.13089 55.19 -0.0301933 0.996908 -0.0725512 -8.39857 0.128998 0.0758637 0.988739 173.879
0.991065 0.0219267 -0.131563 54.7188 -0.0323977 0.996428 -0.0779843 -8.67437 0.129383 0.0815499 0.988236 176.989
0.990977 0.0254905 -0.131589 54.6288 -0.0359912 0.9963 -0.0780479 -8.71783 0.129113 0.0820797 0.988227 177.529
0.990677 0.0261687 -0.133698 54.5552 -0.0355385 0.99704 -0.0681824 -8.76553 0.131518 0.0722981 0.988674 178.078
0.990599 0.024655 -0.134556 54.463 -0.0328712 0.997706 -0.0591854 -8.82158 0.132788 0.063052 0.989137 178.714
0.990633 0.0187382 -0.135257 54.3824 -0.0267564 0.997975 -0.0577093 -8.8734 0.133901 0.0607877 0.989129 179.33
