1 0 0 0 0 1 0 0 0 0 1 0
0.999015 0.000520924 0.044372 0.0292496 -0.000393991 0.999996 -0.00286935 -0.0109727 -0.0443733 0.00284904 0.999011 0.969838
0.996039 -0.00650061 0.0886765 0.130419 0.00721925 0.999944 -0.00778576 -0.0357408 -0.0886209 0.0083951 0.99603 1.97261
0.990927 -0.00632104 0.134252 0.250131 0.00817246 0.999879 -0.0132441 -0.0318535 -0.134152 0.0142211 0.990859 2.91437
0.983579 -0.00497297 0.180411 0.416932 0.00793995 0.999845 -0.0157272 -0.05686 -0.180305 0.0169014 0.983466 3.86593
0.97423 -0.0101025 0.225331 0.63563 0.0140525 0.999774 -0.0159328 -0.0800289 -0.225119 0.0186887 0.974152 4.75805
0.962461 -0.00794429 0.271303 0.865365 0.0131383 0.999763 -0.0173336 -0.103581 -0.271101 0.0202473 0.962338 5.63087
0.949344 -0.0150503 0.313878 1.20273 0.022557 0.999539 -0.0202975 -0.132659 -0.313428 0.0263494 0.949246 6.57102
0.934327 -0.0173818 0.355993 1.5138 0.0269602 0.999395 -0.021962 -0.162559 -0.355395 0.0301173 0.934231 7.3673
0.917261 -0.0184606 0.397858 1.8687 0.0299273 0.999296 -0.0226302 -0.186686 -0.39716 0.0326646 0.917168 8.17501
0.897118 -0.0146432 0.441547 2.23605 0.0268635 0.999409 -0.0214365 -0.206347 -0.440973 0.0310926 0.896982 8.97849
0.875251 -0.0141563 0.483461 2.72813 0.0272978 0.999424 -0.0201553 -0.24795 -0.482898 0.0308384 0.875134 9.8718
0.852148 -0.01821 0.522984 3.22446 0.0330101 0.999275 -0.0189925 -0.279691 -0.522259 0.0334482 0.852131 10.6379
0.825631 -0.0140152 0.564037 3.75857 0.0297822 0.99938 -0.0187621 -0.313854 -0.563425 0.0322888 0.825536 11.4885
0.800634 -0.023802 0.59868 4.35878 0.0441107 0.998841 -0.0192793 -0.339834 -0.597527 0.0418439 0.800756 12.1812
0.773124 -0.0238019 0.633809 4.91761 0.0472277 0.998682 -0.0201043 -0.355168 -0.632495 0.0454764 0.773229 12.8286
0.743772 -0.0290429 0.667802 5.49522 0.0558382 0.998263 -0.0187758 -0.369162 -0.666097 0.0512537 0.744102 13.4304
0.712112 -0.0277851 0.701516 6.18619 0.0559172 0.998287 -0.0172223 -0.401121 -0.699836 0.0514911 0.712445 14.1348
0.677866 -0.0243717 0.734782 6.8716 0.0547855 0.998346 -0.017428 -0.423719 -0.733141 0.0520692 0.67808 14.7826
0.642177 -0.023896 0.766184 7.52849 0.0573837 0.998208 -0.0169636 -0.443716 -0.764405 0.0548601 0.642398 15.3411
0.604159 -0.0188301 0.796641 8.19166 0.052696 0.998477 -0.0163629 -0.472827 -0.795119 0.0518656 0.604231 15.8867
0.568727 -0.0205545 0.82227 8.89457 0.0618301 0.997928 -0.0178196 -0.491813 -0.820199 0.0609755 0.568819 16.321
0.530613 -0.0189955 0.847401 9.6201 0.0668232 0.997575 -0.0194805 -0.516921 -0.844976 0.0669627 0.530596 16.7623
0.49577 -0.0227469 0.868156 10.2905 0.0802903 0.996576 -0.019739 -0.52803 -0.864734 0.0794905 0.495899 17.08
0.459434 -0.0265193 0.887816 11.0461 0.0905901 0.995741 -0.0171363 -0.546264 -0.88358 0.0883004 0.45988 17.4322
0.424645 -0.0288403 0.9049 11.8377 0.0996055 0.994913 -0.015033 -0.559298 -0.899864 0.0965168 0.425358 17.7609
0.390554 -0.0269671 0.920185 12.5676 0.103206 0.994552 -0.014657 -0.57308 -0.914777 0.100693 0.391209 18.0586
0.354849 -0.0249496 0.934591 13.2861 0.0976896 0.995161 -0.0105247 -0.588757 -0.929806 0.0950345 0.35557 18.3728
0.32392 -0.0277179 0.945678 14.0057 0.104682 0.994483 -0.006708 -0.597194 -0.940275 0.101168 0.325035 18.5867
0.292974 -0.0285122 0.955695 14.7931 0.109198 0.994013 -0.00381985 -0.606463 -0.949864 0.105479 0.294334 18.8042
0.261236 -0.02481 0.964956 15.5983 0.10566 0.994398 -0.00303769 -0.609664 -0.959475 0.102751 0.262394 19.0266
0.232167 -0.0240049 0.97238 16.296 0.109594 0.993975 -0.00162878 -0.616401 -0.966482 0.106945 0.233399 19.1777
0.20356 -0.0241137 0.978765 17.0291 0.114955 0.993371 0.00056555 -0.618903 -0.97229 0.112399 0.204983 19.3128
0.175143 -0.0251882 0.984221 17.7589 0.122393 0.992475 0.00361956 -0.622784 -0.976906 0.119827 0.176908 19.4128
0.145048 -0.0258186 0.989088 18.5808 0.120554 0.992673 0.00823317 -0.626035 -0.982053 0.118045 0.147097 19.5376
0.115477 -0.0261176 0.992967 19.3964 0.121316 0.992541 0.0119979 -0.625731 -0.985874 0.119077 0.117785 19.6362
0.0876479 -0.0252878 0.99583 20.2393 0.122369 0.99238 0.0144299 -0.615562 -0.988607 0.120594 0.0900744 19.7241
0.0618803 -0.0244789 0.997783 21.1379 0.124746 0.99205 0.0166018 -0.6048 -0.990257 0.123442 0.064442 19.7859
0.0395209 -0.0238272 0.998935 21.9709 0.130139 0.991323 0.018497 -0.591387 -0.990708 0.129269 0.0422788 19.8112
0.019016 -0.0239173 0.999533 22.8171 0.136662 0.990393 0.0210986 -0.578295 -0.990435 0.136197 0.0221019 19.8261
0.00180102 -0.0242074 0.999705 23.703 0.141479 0.989657 0.0237092 -0.557943 -0.98994 0.141395 0.00520723 19.82
-0.0141663 -0.0240623 0.99961 24.5904 0.143062 0.989376 0.0258434 -0.541707 -0.989612 0.143372 -0.0105734 19.8168
-0.0277652 -0.0248294 0.999306 25.4674 0.145727 0.988911 0.0286201 -0.525519 -0.988935 0.14642 -0.023839 19.7887
-0.0409868 -0.0258509 0.998825 26.3027 0.146851 0.988653 0.0316137 -0.508561 -0.988309 0.147975 -0.0367255 19.7583
-0.0535394 -0.025384 0.998243 27.1443 0.144983 0.988886 0.032922 -0.487264 -0.987985 0.146491 -0.0492641 19.7225
-0.0642311 -0.0222047 0.997688 28.06 0.143987 0.989085 0.0312831 -0.462673 -0.987493 0.145663 -0.0603328 19.6664
-0.0751846 -0.0184854 0.996998 29.0293 0.143033 0.989289 0.0291287 -0.438207 -0.986858 0.144794 -0.0717353 19.6182
-0.0830955 -0.0152404 0.996425 29.9103 0.147211 0.988726 0.0273991 -0.410007 -0.985609 0.148961 -0.0799151 19.5355
-0.0885893 -0.0136152 0.995975 30.792 0.151944 0.98802 0.0270214 -0.387698 -0.984411 0.153726 -0.0854592 19.4368
-0.0948083 -0.0123673 0.995419 31.694 0.149662 0.988381 0.0265343 -0.358203 -0.984181 0.151492 -0.0918559 19.3717
-0.100232 -0.0103297 0.99491 32.6444 0.150899 0.988221 0.0254625 -0.333094 -0.983455 0.152683 -0.0974932 19.2848
-0.104382 -0.00869181 0.994499 33.5856 0.150382 0.988326 0.0244219 -0.313011 -0.983102 0.152104 -0.101857 19.1825
-0.108097 -0.00760001 0.994111 34.5012 0.152113 0.988069 0.0240941 -0.291336 -0.982434 0.153822 -0.105651 19.0809
-0.111279 -0.00787789 0.993758 35.4541 0.151534 0.988141 0.0248018 -0.258777 -0.982168 0.153348 -0.108765 18.9824
-0.111898 -0.00921176 0.993677 36.4126 0.156663 0.987289 0.0267943 -0.234737 -0.981293 0.15867 -0.109033 18.8561
-0.113506 -0.0100357 0.993487 37.3517 0.159349 0.98682 0.028174 -0.212815 -0.980675 0.161509 -0.110411 18.742
-0.116825 -0.00932082 0.993109 38.3637 0.159207 0.986848 0.0279905 -0.18784 -0.980309 0.16138 -0.113804 18.643
-0.118295 -0.00965248 0.992932 39.3877 0.155231 0.987479 0.0280933 -0.161316 -0.98077 0.157457 -0.115315 18.536
-0.119863 -0.00856436 0.992754 40.4617 0.15551 0.987457 0.0272946 -0.137402 -0.980535 0.157655 -0.117028 18.4209
-0.120005 -0.00812345 0.99274 41.5385 0.154506 0.987629 0.0267588 -0.107506 -0.980677 0.156596 -0.117266 18.2941
-0.11782 -0.00616784 0.993016 42.5952 0.158157 0.9871 0.0248962 -0.0838148 -0.98036 0.159986 -0.115324 18.1546
-0.115954 -0.00638975 0.993234 43.5858 0.158853 0.986988 0.0248948 -0.0624133 -0.980469 0.160665 -0.11343 18.0339
-0.114139 -0.00783055 0.993434 44.6818 0.157282 0.987215 0.0258523 -0.0428918 -0.980936 0.1592 -0.111449 17.9098
-0.112242 -0.00672896 0.993658 45.8135 0.159123 0.986951 0.0246579 -0.0165897 -0.980858 0.160881 -0.109707 17.7802
-0.109839 -0.00533645 0.993935 46.9344 0.161396 0.986618 0.0231329 0.0140316 -0.980758 0.162959 -0.107508 17.646
-0.109186 -0.00467024 0.99401 48.0378 0.16212 0.986516 0.022443 0.03595 -0.980712 0.1636 -0.106957 17.5357
-0.1072 -0.00407142 0.994229 49.1173 0.16303 0.986384 0.0216175 0.0633496 -0.98078 0.164406 -0.105076 17.418
-0.103636 -0.00481312 0.994604 50.2833 0.168198 0.985501 0.0222951 0.0943246 -0.98029 0.169601 -0.101324 17.2609
-0.103657 -0.00628851 0.994593 51.4991 0.170177 0.985122 0.0239645 0.119785 -0.979946 0.171741 -0.101044 17.1631
-0.100306 -0.00429265 0.994947 52.678 0.177814 0.983814 0.0221709 0.14543 -0.978939 0.179139 -0.0979188 17.0205
-0.0984122 -0.0019213 0.995144 53.8955 0.182719 0.982962 0.0199673 0.171385 -0.978227 0.183796 -0.0963844 16.8845
-0.0989833 -0.00237898 0.995086 55.1894 0.180079 0.983443 0.020264 0.185673 -0.978659 0.1812 -0.0969161 16.7803
-0.0987083 -0.00278967 0.995113 56.5041 0.180491 0.98336 0.0206601 0.198244 -0.978611 0.181648 -0.0965622 16.6517
-0.0977046 -0.00375255 0.995208 57.7904 0.180649 0.983314 0.0214429 0.223016 -0.978683 0.181878 -0.0953964 16.5189
-0.0966412 -0.00377393 0.995312 59.1301 0.184168 0.982657 0.021608 0.236461 -0.978132 0.185393 -0.0942702 16.3866
-0.0969648 -0.00397601 0.99528 60.5129 0.184728 0.982545 0.0219222 0.259179 -0.977995 0.185982 -0.0945378 16.2565
-0.0991376 -0.00285426 0.99507 62.0112 0.17959 0.983524 0.0207134 0.284747 -0.978734 0.180758 -0.0969916 16.142
-0.0974253 -0.00150655 0.995242 63.3861 0.182589 0.982999 0.0193619 0.313304 -0.97835 0.183607 -0.0954938 15.983
-0.0979449 -0.000806201 0.995192 64.7626 0.18181 0.983156 0.0186899 0.329377 -0.978444 0.182766 -0.0961486 15.8507
-0.0998533 0.000189008 0.995002 66.158 0.181394 0.983245 0.018017 0.346835 -0.978328 0.182287 -0.0982146 15.7473
-0.101688 -0.000151368 0.994816 67.649 0.180032 0.983486 0.0185522 0.366272 -0.97839 0.180986 -0.0999813 15.6283
-0.101236 -0.000361291 0.994862 69.0331 0.18249 0.983026 0.0189269 0.383401 -0.977982 0.183468 -0.0994516 15.4667
-0.101318 -0.00107503 0.994854 70.5752 0.180058 0.983465 0.0194001 0.40711 -0.978424 0.181097 -0.0994487 15.3171
-0.102821 0.000591718 0.9947 72.0662 0.181876 0.983153 0.0182155 0.432005 -0.977931 0.182785 -0.101196 15.161
-0.106119 0.00147523 0.994352 73.5431 0.177185 0.984023 0.0174495 0.455468 -0.97844 0.178036 -0.104685 15.017
-0.11073 0.00226873 0.993848 75.0794 0.176844 0.984084 0.0174567 0.473531 -0.97799 0.177689 -0.109369 14.8623
-0.116683 0.00169012 0.993168 76.5658 0.172556 0.984824 0.0185969 0.494151 -0.978064 0.173547 -0.115203 14.7191
-0.120969 0.00108796 0.992656 78.2314 0.1711 0.985055 0.0197713 0.516351 -0.977799 0.172235 -0.119348 14.5266
-0.125212 0.00161406 0.992129 80.042 0.169806 0.985278 0.0198276 0.527117 -0.977491 0.170952 -0.123643 14.3037
-0.128445 0.0034704 0.991711 81.6852 0.174672 0.98444 0.0191782 0.53954 -0.976213 0.175687 -0.127052 14.087
-0.133018 0.00457544 0.991103 83.4087 0.175836 0.984235 0.0190556 0.538362 -0.975391 0.176806 -0.131726 13.8672
-0.134899 0.00444604 0.990849 84.836 0.177058 0.984003 0.0196901 0.547103 -0.974912 0.178094 -0.133528 13.6456
-0.142072 0.00440859 0.989847 86.3882 0.171276 0.985016 0.0201961 0.569703 -0.974926 0.172406 -0.140698 13.4703
-0.14679 0.00413903 0.989159 87.9384 0.170458 0.985137 0.0211736 0.592377 -0.97437 0.171718 -0.145314 13.2428
-0.151598 0.00549418 0.988427 89.6739 0.179392 0.983531 0.022047 0.617266 -0.972027 0.180658 -0.150087 13.0013
-0.160421 0.00498988 0.987036 91.3866 0.174866 0.984313 0.0234445 0.64032 -0.971436 0.17636 -0.158777 12.7842
-0.164222 0.00654325 0.986402 92.8555 0.176686 0.984001 0.0228885 0.656385 -0.970471 0.178042 -0.162751 12.5327
-0.168448 0.00960343 0.985664 94.5151 0.188247 0.981861 0.0226047 0.681302 -0.967568 0.189356 -0.1672 12.2167
-0.172682 0.0101242 0.984926 96.1158 0.191608 0.98119 0.0235077 0.711364 -0.966161 0.192779 -0.171373 11.9218
-0.177863 0.0108947 0.983995 97.6716 0.194859 0.980529 0.0243656 0.73238 -0.96457 0.196074 -0.176522 11.6428
-0.181759 0.0136997 0.983248 99.355 0.206209 0.978201 0.0244897 0.758107 -0.961479 0.207206 -0.180622 11.3056
-0.185376 0.0167717 0.982525 102.705 0.213943 0.976559 0.0236955 0.847286 -0.959095 0.214597 -0.184619 10.6452
-0.185157 0.0195565 0.982514 106.137 0.231141 0.972619 0.0241995 0.936769 -0.955139 0.23158 -0.184607 9.79904
-0.187914 0.0207656 0.981966 107.962 0.238901 0.970717 0.0251896 0.969074 -0.952688 0.239326 -0.187372 9.44322
-0.186182 0.0240299 0.982221 110.095 0.251335 0.967603 0.0239689 1.02943 -0.949825 0.25133 -0.18619 8.93404
-0.187491 0.0262523 0.981915 111.923 0.259922 0.965336 0.0238217 1.06901 -0.947253 0.259688 -0.187816 8.56283
-0.18871 0.0267018 0.98167 113.914 0.262082 0.964744 0.0241397 1.11027 -0.946415 0.261834 -0.189055 8.1293
-0.192815 0.0273031 0.980855 117.022 0.260262 0.965232 0.0242934 1.15779 -0.94609 0.259963 -0.193217 7.56017
-0.197805 0.0288667 0.979816 119.262 0.26096 0.965045 0.024251 1.20127 -0.944867 0.26049 -0.198423 7.13907
-0.201459 0.028846 0.979072 121.477 0.261201 0.964953 0.025316 1.23469 -0.944028 0.260834 -0.201933 6.67075
-0.206273 0.0288831 0.978068 123.774 0.258116 0.965766 0.0259167 1.27041 -0.943836 0.257801 -0.206667 6.21461
-0.210844 0.0294625 0.977076 126.85 0.25839 0.965673 0.0266395 1.30248 -0.942751 0.258083 -0.211219 5.59995
-0.215837 0.0306826 0.975947 129.715 0.261607 0.964782 0.0275245 1.35138 -0.940732 0.261255 -0.216263 5.10824
-0.218779 0.0307895 0.975289 131.357 0.26422 0.964031 0.0288363 1.38756 -0.939321 0.263999 -0.219045 4.72638
-0.22304 0.0314496 0.974302 133.089 0.267366 0.963124 0.0301176 1.41939 -0.937426 0.267213 -0.223224 4.3439
-0.227675 0.0323465 0.9732 134.88 0.267101 0.963187 0.030473 1.46385 -0.936387 0.26688 -0.227933 3.94533
-0.229535 0.0343686 0.972693 136.726 0.270117 0.962368 0.0297382 1.51175 -0.935067 0.269567 -0.230181 3.49307
-0.230839 0.0370855 0.972285 138.169 0.273292 0.961517 0.0282099 1.55534 -0.933823 0.27223 -0.232091 3.13151
-0.231897 0.0393842 0.971943 139.75 0.278804 0.959951 0.0276219 1.59849 -0.931929 0.277387 -0.23359 2.72402
-0.235124 0.0404482 0.971123 141.444 0.279705 0.959685 0.0277491 1.63242 -0.93085 0.278152 -0.236959 2.33113
-0.237557 0.0409805 0.970509 143.149 0.282665 0.958789 0.0287039 1.66996 -0.929337 0.281148 -0.239351 1.90488
-0.241371 0.0416067 0.969541 144.634 0.284528 0.958207 0.0297139 1.69327 -0.927785 0.283033 -0.243121 1.55488
-0.243885 0.0427699 0.968861 146.171 0.288836 0.956894 0.030465 1.72781 -0.925794 0.287272 -0.245725 1.16423
-0.245458 0.0435932 0.968426 147.897 0.293978 0.955293 0.0315099 1.77438 -0.923757 0.29243 -0.2473 0.701437
-0.249213 0.0430384 0.967492 149.414 0.29317 0.95549 0.0330122 1.80272 -0.923008 0.291867 -0.250738 0.340712
-0.250696 0.0433919 0.967093 151.044 0.295387 0.954782 0.0337325 1.85341 -0.921899 0.294123 -0.252177 -0.101888
-0.253476 0.043988 0.966341 152.762 0.293021 0.955524 0.0333652 1.90312 -0.921894 0.291616 -0.255091 -0.543104
-0.255384 0.0463892 0.965726 154.431 0.293674 0.955377 0.0317694 1.94708 -0.921159 0.291722 -0.257611 -0.992218
-0.260322 0.0480538 0.964325 156.236 0.289851 0.956583 0.0305781 1.99107 -0.920988 0.287471 -0.262948 -1.44471
-0.264068 0.0490594 0.963256 157.903 0.288341 0.957048 0.0303029 2.02932 -0.920395 0.285748 -0.266872 -1.89065
-0.267511 0.0503069 0.962241 159.641 0.287324 0.957369 0.0298264 2.06343 -0.919719 0.284454 -0.270561 -2.36004
-0.273613 0.0500372 0.960538 161.619 0.283574 0.958454 0.0308484 2.0959 -0.919088 0.280824 -0.276435 -2.87623
-0.275587 0.0507736 0.959934 163.228 0.288133 0.957052 0.0320987 2.14516 -0.917078 0.285435 -0.27838 -3.36095
-0.275743 0.0533002 0.959753 165.138 0.296664 0.954438 0.0322281 2.22079 -0.914307 0.29361 -0.278991 -3.96458
-0.279467 0.0527647 0.958704 167.167 0.296719 0.95436 0.0339694 2.2496 -0.913157 0.29396 -0.282368 -4.53773
-0.281331 0.054685 0.958051 168.863 0.302168 0.952635 0.0343555 2.29176 -0.910795 0.299158 -0.28453 -5.04564
-0.284397 0.0563745 0.957048 170.722 0.305419 0.951585 0.0347055 2.33274 -0.908756 0.30217 -0.287845 -5.59761
-0.285865 0.0583431 0.956492 172.454 0.31086 0.949812 0.0349704 2.37308 -0.906448 0.307332 -0.289655 -6.13968
-0.287668 0.0601 0.955843 174 0.314871 0.948484 0.0351257 2.41554 -0.90449 0.311072 -0.291772 -6.61494
-0.290414 0.0592905 0.955062 175.833 0.314376 0.948589 0.0367065 2.4651 -0.903785 0.310909 -0.294123 -7.17093
-0.291238 0.0593712 0.954806 177.545 0.318978 0.946983 0.0384111 2.51842 -0.901905 0.315749 -0.294736 -7.73274
-0.292666 0.060265 0.954314 179.306 0.322142 0.945885 0.039061 2.56999 -0.900317 0.318857 -0.296243 -8.29217
-0.294836 0.0611123 0.953592 181.039 0.321251 0.946203 0.0386871 2.62444 -0.899927 0.317749 -0.298607 -8.83184
-0.294824 0.0627811 0.953487 182.666 0.325817 0.944647 0.0385456 2.67549 -0.898288 0.322027 -0.298959 -9.37862
-0.296636 0.0646042 0.952803 184.566 0.327441 0.94411 0.0379272 2.7295 -0.897101 0.323237 -0.301211 -9.98847
-0.297739 0.0668555 0.952303 186.499 0.330512 0.943071 0.0371278 2.79074 -0.895608 0.325802 -0.302886 -10.6152
-0.298561 0.0678998 0.951972 189.493 0.331885 0.9426 0.0368558 2.87406 -0.894826 0.326949 -0.303958 -11.6027
-0.301129 0.0693614 0.951057 191.442 0.334968 0.941487 0.0373961 2.92745 -0.892814 0.329835 -0.306743 -12.236
-0.300933 0.0693839 0.951118 193.613 0.339249 0.939897 0.0387729 3.00014 -0.891263 0.334334 -0.306385 -12.9984
-0.301906 0.0687582 0.950855 195.568 0.341975 0.938828 0.0406922 3.04627 -0.889891 0.337454 -0.306952 -13.6304
-0.304031 0.0685841 0.95019 197.5 0.344387 0.937865 0.0424983 3.09192 -0.888236 0.340154 -0.308759 -14.268
-0.303066 0.0721265 0.950236 199.61 0.353088 0.934662 0.041669 3.16966 -0.885144 0.348146 -0.308731 -15.0015
-0.302368 0.0740365 0.950312 201.266 0.359374 0.932261 0.0417149 3.24315 -0.88285 0.354131 -0.308493 -15.6024
-0.302968 0.0755621 0.950001 203.202 0.363638 0.930595 0.0419502 3.33023 -0.880896 0.358166 -0.309417 -16.2832
-0.303465 0.0777996 0.949661 205.395 0.369781 0.928164 0.0421253 3.41469 -0.878164 0.36395 -0.310434 -17.0618
-0.305635 0.0781743 0.948934 207.309 0.370733 0.927745 0.0429777 3.49265 -0.877009 0.364936 -0.312533 -17.7123
-0.306864 0.0795856 0.94842 209.434 0.374917 0.926033 0.0435985 3.58748 -0.874798 0.368957 -0.314004 -18.4521
-0.309725 0.080345 0.947426 211.78 0.374252 0.926292 0.0437948 3.70749 -0.874074 0.36814 -0.316965 -19.2857
-0.31115 0.0829454 0.946734 214.222 0.37786 0.924856 0.0431573 3.82858 -0.872014 0.371161 -0.319111 -20.1343
-0.313765 0.0845082 0.945732 216.551 0.379727 0.924079 0.0434086 3.92631 -0.870263 0.372741 -0.322034 -20.9344
-0.316416 0.0856929 0.944742 218.399 0.381649 0.923256 0.0440793 4.00126 -0.868461 0.374508 -0.324837 -21.5674
-0.318075 0.0875267 0.944017 220.215 0.383244 0.922618 0.0435869 4.08669 -0.867152 0.375653 -0.327006 -22.2123
-0.31922 0.0894378 0.943451 222.35 0.388904 0.92021 0.0443525 4.17149 -0.864206 0.38107 -0.328533 -23.0015
-0.31975 0.0921084 0.943014 224.999 0.394675 0.917758 0.0441815 4.29924 -0.86139 0.386311 -0.329806 -23.9652
-0.322688 0.0935128 0.941875 227.065 0.397092 0.916673 0.0450338 4.37228 -0.85918 0.388543 -0.332933 -24.7011
-0.326456 0.0952138 0.940405 228.473 0.396794 0.916808 0.04492 4.43184 -0.857893 0.387811 -0.337078 -25.1964
-0.327555 0.0967103 0.93987 230.359 0.399563 0.915599 0.0450392 4.51961 -0.856188 0.39029 -0.33855 -25.8966
-0.329084 0.0991566 0.93908 232.118 0.403514 0.913871 0.0449097 4.57852 -0.853745 0.393711 -0.340751 -26.5313
-0.33013 0.102117 0.938395 234.457 0.407188 0.912285 0.0439739 4.67909 -0.851594 0.396621 -0.342754 -27.4181
-0.331396 0.10434 0.937704 236.584 0.411138 0.910511 0.0439865 4.78164 -0.849201 0.400103 -0.344638 -28.2203
-0.333196 0.107023 0.936764 238.492 0.412749 0.909836 0.0428633 4.8989 -0.847714 0.40093 -0.347327 -28.9542
-0.333876 0.109124 0.936279 240.009 0.415246 0.908732 0.0421628 4.98974 -0.846226 0.402863 -0.348717 -29.5412
-0.338703 0.109911 0.934452 242.01 0.415536 0.908524 0.0437541 5.03865 -0.844162 0.403118 -0.353392 -30.2501
-0.33939 0.111698 0.93399 243.681 0.416689 0.90804 0.04282 5.13647 -0.843318 0.403716 -0.354723 -30.9286
-0.33892 0.114197 0.933859 245.601 0.420222 0.906464 0.0416615 5.23918 -0.841752 0.406548 -0.355208 -31.7017
-0.338718 0.116469 0.933652 247.631 0.424851 0.90432 0.0413213 5.34805 -0.839507 0.410659 -0.355791 -32.4979
-0.338614 0.117989 0.933498 249.201 0.430307 0.901699 0.0421186 5.41954 -0.836765 0.415953 -0.356099 -33.1135
-0.337779 0.120427 0.933489 251.496 0.43617 0.89889 0.0418631 5.5311 -0.834063 0.421301 -0.356153 -33.9897
-0.337177 0.12148 0.933571 253.167 0.438627 0.897705 0.041606 5.62476 -0.833017 0.423518 -0.35597 -34.6708
-0.337351 0.122335 0.933396 254.744 0.441991 0.896021 0.0423096 5.70347 -0.831167 0.426826 -0.356345 -35.2941
-0.337221 0.123573 0.93328 257.758 0.447349 0.893308 0.0433592 5.84297 -0.828349 0.432123 -0.356522 -36.5344
-0.337125 0.123606 0.93331 259.595 0.445379 0.894336 0.0424329 5.99257 -0.829448 0.429982 -0.356555 -37.3572
-0.338783 0.126899 0.932268 262.531 0.446535 0.893844 0.0406003 6.14263 -0.82815 0.430045 -0.359484 -38.464
-0.337531 0.131706 0.932055 265.02 0.451032 0.891727 0.0373277 6.28785 -0.826222 0.432986 -0.360389 -39.4894
-0.339977 0.134895 0.930709 268.005 0.454162 0.890155 0.0368827 6.44949 -0.8235 0.435232 -0.363897 -40.5785
-0.348189 0.132442 0.928021 270.07 0.446963 0.89365 0.0401615 6.51374 -0.824008 0.428775 -0.370356 -41.3325
-0.350389 0.130354 0.927489 272.609 0.445455 0.894291 0.0425972 6.6491 -0.823892 0.42808 -0.371416 -42.4515
-0.358141 0.126487 0.92506 274.293 0.437219 0.898154 0.046463 6.72252 -0.824969 0.421094 -0.376969 -43.1548
-0.360752 0.125358 0.924199 275.903 0.43122 0.901068 0.0461025 6.86444 -0.826987 0.415165 -0.379119 -43.9291
-0.363577 0.128818 0.922614 278.184 0.437219 0.898132 0.0468961 6.98612 -0.822588 0.420435 -0.382862 -44.8559
-0.368726 0.130885 0.920277 280.276 0.438966 0.897206 0.0482764 7.06448 -0.819359 0.421772 -0.388277 -45.6687
-0.369644 0.131495 0.919822 282.311 0.441217 0.89605 0.0492124 7.19153 -0.817735 0.424032 -0.389237 -46.607
-0.369181 0.131014 0.920076 284.352 0.443849 0.894666 0.0506992 7.32257 -0.816519 0.427093 -0.388445 -47.5991
-0.370829 0.131875 0.91929 286.669 0.448226 0.89236 0.052797 7.43284 -0.813375 0.431628 -0.390023 -48.6266
-0.371702 0.134457 0.918564 288.181 0.452635 0.890127 0.0528671 7.50905 -0.81053 0.435425 -0.391722 -49.2687
-0.374113 0.13636 0.917303 291.451 0.456269 0.888199 0.0540518 7.68788 -0.807377 0.438758 -0.394504 -50.6466
-0.375473 0.138806 0.91638 293.122 0.461376 0.885503 0.0549129 7.78975 -0.803836 0.443415 -0.396525 -51.3881
-0.377372 0.138533 0.915641 294.555 0.46195 0.885106 0.0564745 7.87832 -0.802616 0.444292 -0.39801 -52.0418
-0.378418 0.139816 0.915014 296.055 0.464928 0.883494 0.0572779 7.95648 -0.800401 0.44709 -0.399334 -52.7091
-0.380325 0.139583 0.914259 297.833 0.466382 0.882596 0.0592626 8.04892 -0.798649 0.448933 -0.400772 -53.499
-0.384296 0.139444 0.912618 299.219 0.466945 0.882121 0.0618418 8.11884 -0.796417 0.449908 -0.404108 -54.0951
-0.38793 0.138498 0.911224 300.872 0.46323 0.884007 0.0628471 8.2042 -0.796824 0.446487 -0.40709 -54.8235
-0.389791 0.139945 0.910208 302.517 0.463387 0.883947 0.0625353 8.29664 -0.795824 0.446154 -0.409403 -55.5752
-0.390996 0.141159 0.909503 304.472 0.461316 0.88514 0.0609427 8.4392 -0.796435 0.443397 -0.411206 -56.4974
-0.393123 0.140166 0.90874 307.36 0.461713 0.88477 0.0632693 8.61359 -0.795158 0.44445 -0.41254 -57.8273
-0.395067 0.139591 0.907985 309.491 0.463141 0.883851 0.0656327 8.74638 -0.793362 0.446454 -0.41383 -58.8214
-0.39748 0.140213 0.906835 312.442 0.463012 0.88387 0.0662833 8.93741 -0.79223 0.446222 -0.416241 -60.1782
-0.39928 0.139806 0.906107 314.693 0.460888 0.884959 0.0665495 9.10208 -0.792564 0.444186 -0.417781 -61.2317
-0.403093 0.137837 0.904719 316.879 0.461684 0.884199 0.0709902 9.2434 -0.790167 0.44631 -0.420052 -62.2382
-0.40278 0.136714 0.905029 318.927 0.461613 0.884165 0.0718765 9.40815 -0.790368 0.446723 -0.419233 -63.2459
-0.402794 0.134543 0.905348 320.591 0.45704 0.886561 0.0715884 9.54501 -0.793014 0.442616 -0.418593 -64.0846
-0.399421 0.140477 0.905941 322.522 0.468246 0.880832 0.069862 9.71218 -0.788168 0.452107 -0.417601 -65.0492
-0.400349 0.142279 0.90525 324.405 0.472285 0.878599 0.0707785 9.84785 -0.785282 0.455872 -0.418942 -65.9214
-0.401876 0.142564 0.904528 325.329 0.472464 0.878448 0.0714588 9.91169 -0.784394 0.456074 -0.420384 -66.3545
-0.401696 0.145876 0.90408 327.046 0.477274 0.875904 0.0707299 10.0689 -0.781569 0.459905 -0.42147 -67.2254
-0.405663 0.14655 0.902197 328.065 0.472221 0.878729 0.0695907 10.13 -0.782588 0.454267 -0.425672 -67.7006
-0.409086 0.157736 0.898759 329.087 0.477365 0.87641 0.0634672 10.2018 -0.77767 0.455 -0.433825 -68.199
-0.411379 0.169068 0.895647 330.142 0.491112 0.868919 0.0615497 10.3085 -0.767838 0.465184 -0.440487 -68.814
-0.409211 0.165223 0.897356 331.411 0.491003 0.868809 0.0639397 10.419 -0.769066 0.466769 -0.436651 -69.4414
-0.409211 0.165223 0.897356 331.411 0.491003 0.868809 0.0639397 10.419 -0.769066 0.466769 -0.436651 -69.4414
-0.413146 0.152289 0.897841 332.339 0.47956 0.874523 0.0723381 10.4768 -0.774166 0.460455 -0.434337 -69.8831
-0.413146 0.152289 0.897841 332.339 0.47956 0.874523 0.0723381 10.4768 -0.774166 0.460455 -0.434337 -69.8831
-0.413146 0.152289 0.897841 332.339 0.47956 0.874523 0.0723381 10.4768 -0.774166 0.460455 -0.434337 -69.8831
-0.415957 0.148154 0.897235 333.536 0.465882 0.882047 0.0703353 10.5382 -0.780983 0.447262 -0.435916 -70.4467
-0.415957 0.148154 0.897235 333.536 0.465882 0.882047 0.0703353 10.5382 -0.780983 0.447262 -0.435916 -70.4467
-0.42071 0.144077 0.895681 334.432 0.450001 0.890425 0.0681382 10.5851 -0.78772 0.431724 -0.439445 -70.8581
-0.426747 0.136378 0.894029 335.394 0.432071 0.89919 0.0690753 10.6349 -0.794482 0.415762 -0.442651 -71.3074
-0.435771 0.132585 0.890239 336.522 0.425507 0.901928 0.0739593 10.6734 -0.793125 0.411032 -0.44945 -71.7924
-0.441967 0.117919 0.889247 337.67 0.395633 0.91532 0.0752586 10.7441 -0.805071 0.385078 -0.451194 -72.3374
-0.441967 0.117919 0.889247 337.67 0.395633 0.91532 0.0752586 10.7441 -0.805071 0.385078 -0.451194 -72.3374
-0.441967 0.117919 0.889247 337.67 0.395633 0.91532 0.0752586 10.7441 -0.805071 0.385078 -0.451194 -72.3374
-0.447194 0.110949 0.887529 338.503 0.379451 0.922091 0.0759227 10.7977 -0.809959 0.370726 -0.454453 -72.739
-0.453108 0.102062 0.885594 339.354 0.364183 0.927938 0.0793897 10.851 -0.813673 0.35849 -0.457625 -73.1641
-0.457352 0.0891963 0.884801 340.521 0.34044 0.936724 0.0815427 10.9203 -0.821541 0.338516 -0.458779 -73.7165
-0.460499 0.0759994 0.884401 341.576 0.315393 0.945326 0.082987 10.9808 -0.82974 0.317149 -0.459291 -74.2241
-0.464231 0.0640506 0.883395 342.606 0.2864 0.954656 0.0812879 11.05 -0.838132 0.29074 -0.461525 -74.7254
-0.464231 0.0640506 0.883395 342.606 0.2864 0.954656 0.0812879 11.05 -0.838132 0.29074 -0.461525 -74.7254
-0.468381 0.0552332 0.881799 343.583 0.262978 0.961524 0.0794578 11.1153 -0.843482 0.26911 -0.464884 -75.1905
-0.47747 0.0540589 0.876983 345.056 0.259657 0.962208 0.0820572 11.2117 -0.839405 0.266895 -0.473463 -75.8714
-0.47747 0.0540589 0.876983 345.056 0.259657 0.962208 0.0820572 11.2117 -0.839405 0.266895 -0.473463 -75.8714
-0.481377 0.0393552 0.87563 346.187 0.224824 0.971114 0.07995 11.2911 -0.84719 0.235348 -0.47632 -76.4191
-0.485912 0.0262983 0.873612 347.153 0.19446 0.977746 0.0787276 11.3625 -0.8521 0.208137 -0.480213 -76.8771
-0.489629 0.0131431 0.871832 348.121 0.168972 0.982362 0.0800868 11.4356 -0.855401 0.186528 -0.483214 -77.3649
-0.493585 0.000927096 0.869697 349.318 0.147011 0.985698 0.0823837 11.5304 -0.857182 0.168519 -0.486662 -77.9538
-0.491667 -0.0115579 0.870707 350.868 0.130466 0.987648 0.0867812 11.6547 -0.860954 0.156265 -0.484086 -78.7664
-0.49306 -0.0240954 0.869662 352.159 0.109717 0.989913 0.0896318 11.7566 -0.863049 0.13961 -0.485443 -79.3974
-0.491063 -0.0388982 0.870255 354.062 0.074253 0.993498 0.086306 11.9044 -0.867954 0.107001 -0.484982 -80.3548
-0.490891 -0.0449646 0.87006 355.999 0.0520575 0.995369 0.0808116 12.037 -0.869664 0.0849628 -0.486277 -81.362
-0.488652 -0.0608551 0.870354 357.852 0.0135163 0.996917 0.077293 12.1733 -0.872374 0.0495334 -0.486323 -82.2532
-0.484688 -0.0631355 0.872406 359.403 0.00601962 0.997127 0.0755059 12.2875 -0.874666 0.0418483 -0.482915 -83.0557
-0.482011 -0.0630127 0.873896 360.766 0.00780112 0.997062 0.0761965 12.3838 -0.876131 0.0435449 -0.480103 -83.7888
-0.478338 -0.0685775 0.875494 361.87 -0.00416718 0.997112 0.0758271 12.4542 -0.878166 0.0326226 -0.477243 -84.3517
-0.474541 -0.0756761 0.876974 362.987 -0.0252776 0.997058 0.0723604 12.5242 -0.87987 0.0121703 -0.475058 -84.912
-0.472341 -0.0849357 0.877314 364.149 -0.0450887 0.996371 0.0721866 12.6101 -0.880262 -0.00546031 -0.474457 -85.5076
-0.471745 -0.0916663 0.876957 365.838 -0.0578697 0.995656 0.0729435 12.7244 -0.879834 -0.0163385 -0.475 -86.3705
-0.471062 -0.097496 0.876695 367.802 -0.0735131 0.994755 0.0711254 12.8637 -0.879031 -0.0309441 -0.475759 -87.3779
-0.47344 -0.0997452 0.87516 370.041 -0.0800088 0.99433 0.0700446 13.0118 -0.877185 -0.0368586 -0.478736 -88.4658
-0.476608 -0.0997414 0.87344 371.129 -0.0768034 0.994468 0.071653 13.0898 -0.875755 -0.0329327 -0.481632 -89.0117
-0.47543 -0.105387 0.873419 372.234 -0.084204 0.993692 0.0740638 13.165 -0.875715 -0.0383332 -0.481305 -89.5835
-0.472714 -0.112709 0.873979 373.341 -0.0973227 0.992397 0.0753403 13.2328 -0.875825 -0.0494436 -0.480089 -90.1352
-0.471763 -0.115256 0.87416 374.507 -0.105708 0.991662 0.0737008 13.3179 -0.875366 -0.0576364 -0.480013 -90.7393
-0.472925 -0.114834 0.873588 375.455 -0.108674 0.991503 0.0715022 13.3811 -0.874375 -0.0611213 -0.481385 -91.226
-0.472271 -0.115387 0.873868 376.693 -0.112601 0.99117 0.0700217 13.4678 -0.874232 -0.0653291 -0.481094 -91.8819
-0.472158 -0.116582 0.873771 377.936 -0.113844 0.99098 0.0707025 13.5534 -0.874132 -0.066091 -0.481172 -92.5331
-0.471644 -0.119633 0.873636 379.642 -0.117996 0.990406 0.0719211 13.6782 -0.873859 -0.0691641 -0.481235 -93.4389
-0.472812 -0.119447 0.87303 380.564 -0.11749 0.990469 0.0718854 13.7438 -0.873296 -0.0685843 -0.482339 -93.9243
-0.470141 -0.123872 0.873855 381.268 -0.126184 0.989364 0.0723575 13.7999 -0.873524 -0.0762485 -0.480772 -94.3044
-0.469908 -0.124974 0.873824 382.22 -0.126063 0.989281 0.0736957 13.8718 -0.873668 -0.0755263 -0.480625 -94.8046
-0.469516 -0.124411 0.874115 382.936 -0.123073 0.989579 0.0747381 13.9162 -0.874304 -0.0724893 -0.479935 -95.1895
-0.471086 -0.118332 0.874114 383.765 -0.113627 0.990846 0.0728977 13.9739 -0.874738 -0.0649817 -0.480219 -95.6425
-0.468288 -0.119571 0.875448 384.387 -0.11942 0.990275 0.0713755 14.0182 -0.875469 -0.071122 -0.478013 -95.9685
-0.464237 -0.123 0.877129 385.12 -0.126007 0.989409 0.0720531 14.0676 -0.876702 -0.0770747 -0.474819 -96.3529
-0.463565 -0.124621 0.877256 385.758 -0.127538 0.989135 0.0731198 14.111 -0.876836 -0.077988 -0.474422 -96.6895
-0.46402 -0.124228 0.877071 386.251 -0.12569 0.989333 0.0736311 14.148 -0.876862 -0.0760732 -0.474684 -96.9521
-0.464077 -0.124069 0.877063 386.979 -0.124742 0.989429 0.0739603 14.2008 -0.876968 -0.075083 -0.474647 -97.3376
-0.464044 -0.123753 0.877125 387.726 -0.124945 0.989438 0.0734966 14.2513 -0.876956 -0.0754867 -0.474605 -97.7385
-0.462394 -0.12633 0.877629 388.43 -0.131011 0.988668 0.0732877 14.3068 -0.876942 -0.0810914 -0.473705 -98.1079
-0.460126 -0.131392 0.878077 389.396 -0.139227 0.987432 0.0747979 14.3778 -0.876869 -0.0878356 -0.472636 -98.6129
-0.46161 -0.134152 0.876881 390.255 -0.142353 0.986891 0.0760441 14.4312 -0.875587 -0.0897238 -0.474655 -99.0328
-0.462541 -0.134328 0.876363 391.063 -0.142184 0.986901 0.0762264 14.4868 -0.875122 -0.0893472 -0.475581 -99.4256
-0.460455 -0.136915 0.877061 391.709 -0.14888 0.98595 0.0757512 14.5302 -0.875109 -0.0956966 -0.474369 -99.7686
-0.458225 -0.137621 0.878117 392.511 -0.152245 0.985493 0.0750039 14.5884 -0.8757 -0.0993207 -0.47253 -100.207
-0.458251 -0.137865 0.878066 393.283 -0.152532 0.985439 0.0751193 14.6485 -0.875637 -0.0995099 -0.472607 -100.624
-0.457585 -0.139106 0.878217 393.975 -0.15484 0.985062 0.0753525 14.6959 -0.87558 -0.101503 -0.472288 -100.981
-0.454667 -0.142345 0.879213 394.658 -0.163127 0.983757 0.0749124 14.7422 -0.875596 -0.109363 -0.470502 -101.323
-0.452664 -0.142992 0.880141 395.458 -0.166144 0.983298 0.0743016 14.7992 -0.876066 -0.112597 -0.468861 -101.746
-0.451967 -0.145012 0.880169 396.272 -0.169539 0.982678 0.0748423 14.8605 -0.875775 -0.115397 -0.468723 -102.166
-0.452068 -0.1467 0.879837 397 -0.170665 0.982385 0.0761086 14.9115 -0.875504 -0.115752 -0.469142 -102.555
-0.451073 -0.148299 0.88008 397.713 -0.171744 0.982091 0.0774633 14.9622 -0.875806 -0.116207 -0.468465 -102.931
-0.448906 -0.150161 0.880872 398.6 -0.177552 0.981113 0.0767652 15.0394 -0.875762 -0.12194 -0.467089 -103.407
-0.44652 -0.151251 0.881898 399.427 -0.180751 0.980538 0.0766514 15.1044 -0.876327 -0.125177 -0.465168 -103.845
-0.446643 -0.151566 0.881781 400.222 -0.180567 0.980538 0.0770789 15.1627 -0.876302 -0.124794 -0.465318 -104.257
-0.444778 -0.154982 0.88213 400.928 -0.187147 0.979255 0.0776847 15.2137 -0.87587 -0.130536 -0.464556 -104.62
-0.443691 -0.156891 0.88234 401.868 -0.192042 0.978331 0.0773901 15.2872 -0.875362 -0.135109 -0.464206 -105.094
-0.443988 -0.157483 0.882085 402.872 -0.194584 0.977887 0.0766457 15.3596 -0.87465 -0.13761 -0.464814 -105.621
-0.441971 -0.160878 0.882485 403.628 -0.199427 0.976788 0.0781916 15.4077 -0.87458 -0.141433 -0.463796 -106.03
-0.441542 -0.16301 0.882309 404.303 -0.200831 0.976363 0.0798836 15.4639 -0.874476 -0.141923 -0.463842 -106.386
-0.438894 -0.166738 0.882933 404.943 -0.20808 0.974781 0.08065 15.5096 -0.874114 -0.148324 -0.46252 -106.736
-0.439401 -0.163301 0.883323 405.694 -0.204511 0.9757 0.0786473 15.5587 -0.874701 -0.146091 -0.46212 -107.133
-0.437922 -0.16306 0.884102 406.261 -0.209447 0.974858 0.0760529 15.604 -0.874275 -0.151867 -0.461064 -107.422
-0.440786 -0.160902 0.883073 407.222 -0.205505 0.975762 0.0752121 15.6736 -0.873771 -0.148324 -0.463168 -107.907
-0.439576 -0.165214 0.88288 408.203 -0.21027 0.974553 0.0776774 15.7532 -0.873246 -0.151498 -0.46313 -108.394
-0.438112 -0.168902 0.88291 409.009 -0.21503 0.973366 0.0795051 15.8132 -0.872823 -0.15502 -0.462762 -108.807
-0.43868 -0.169898 0.882437 409.828 -0.21807 0.97274 0.0788768 15.8794 -0.871783 -0.157831 -0.463771 -109.211
-0.43955 -0.170074 0.88197 410.896 -0.219787 0.972426 0.0779808 15.9577 -0.870913 -0.159569 -0.46481 -109.748
-0.439941 -0.169913 0.881806 411.945 -0.221305 0.972167 0.0769128 16.0519 -0.870331 -0.161311 -0.465298 -110.277
-0.438761 -0.173192 0.881756 413.159 -0.227956 0.970605 0.0772124 16.1538 -0.869209 -0.167123 -0.465344 -110.874
-0.438681 -0.175562 0.881327 414.267 -0.230813 0.969842 0.078307 16.2377 -0.868496 -0.16907 -0.465973 -111.452
-0.437895 -0.178871 0.881052 415.325 -0.23703 0.968303 0.0787774 16.3242 -0.867217 -0.174339 -0.466413 -111.967
-0.438529 -0.178532 0.880806 416.848 -0.236614 0.968428 0.0784894 16.4398 -0.86701 -0.173991 -0.466927 -112.744
-0.438441 -0.178975 0.88076 417.95 -0.237515 0.968206 0.0785098 16.5371 -0.866808 -0.174772 -0.46701 -113.284
-0.437439 -0.181195 0.880804 419.025 -0.240393 0.967405 0.079623 16.6233 -0.866521 -0.176909 -0.466738 -113.829
-0.436886 -0.183564 0.880588 420.068 -0.24439 0.966355 0.0801929 16.7084 -0.865681 -0.180172 -0.467048 -114.36
-0.437297 -0.18595 0.879883 420.744 -0.247962 0.965396 0.0807859 16.7559 -0.864457 -0.18285 -0.468273 -114.695
-0.436517 -0.187059 0.880035 421.89 -0.252805 0.96424 0.0795607 16.8456 -0.863448 -0.187748 -0.468197 -115.269
-0.434323 -0.188984 0.880709 422.959 -0.258738 0.962713 0.0789835 16.9284 -0.862797 -0.193569 -0.467025 -115.802
-0.430538 -0.191183 0.882092 424.034 -0.263903 0.961264 0.0795352 16.9928 -0.863129 -0.198544 -0.464315 -116.396
-0.431266 -0.191046 0.881766 425.251 -0.261852 0.961761 0.0803074 17.0989 -0.86339 -0.196259 -0.4648 -117.001
-0.430302 -0.19112 0.882221 426.357 -0.259511 0.962263 0.0818837 17.1821 -0.864578 -0.193711 -0.463661 -117.591
-0.427897 -0.19104 0.883407 427.699 -0.261666 0.961734 0.081235 17.2922 -0.865122 -0.196397 -0.461511 -118.263
-0.424206 -0.193794 0.884587 428.581 -0.268697 0.959778 0.0814121 17.356 -0.864784 -0.203151 -0.459215 -118.713
-0.423984 -0.192229 0.885034 429.805 -0.266353 0.960465 0.0810143 17.4691 -0.865618 -0.201382 -0.458422 -119.312
-0.422646 -0.192095 0.885703 430.643 -0.264789 0.960811 0.0820304 17.5352 -0.866751 -0.199855 -0.456948 -119.743
-0.421216 -0.192855 0.886219 431.533 -0.265976 0.960435 0.0825888 17.5992 -0.867084 -0.200925 -0.455845 -120.197
-0.420737 -0.193555 0.886294 432.28 -0.266907 0.960143 0.0829774 17.6595 -0.86703 -0.201647 -0.455629 -120.567
-0.419492 -0.194118 0.886761 432.975 -0.268815 0.959618 0.0829009 17.7111 -0.867044 -0.203598 -0.454734 -120.92
-0.420002 -0.192471 0.886879 433.735 -0.267715 0.960039 0.0815657 17.7736 -0.867137 -0.203173 -0.454746 -121.307
-0.420413 -0.192756 0.886622 434.504 -0.267074 0.960172 0.0821071 17.8337 -0.867136 -0.202274 -0.455149 -121.689
-0.418976 -0.195044 0.886801 435.37 -0.269125 0.959446 0.0838718 17.8992 -0.867197 -0.20352 -0.454477 -122.133
-0.420047 -0.193914 0.886543 436.332 -0.265171 0.960496 0.0844509 17.9792 -0.867897 -0.199612 -0.454873 -122.627
-0.419271 -0.193662 0.886965 436.989 -0.267562 0.959949 0.0831195 18.03 -0.867538 -0.202469 -0.454295 -122.955
-0.419713 -0.19106 0.88732 437.825 -0.265746 0.960622 0.0811423 18.0955 -0.867883 -0.201745 -0.453959 -123.385
-0.421387 -0.187984 0.887184 438.586 -0.261669 0.961876 0.0795258 18.1621 -0.86831 -0.198637 -0.454511 -123.755
-0.419906 -0.188927 0.887686 439.502 -0.263794 0.961272 0.0798047 18.2337 -0.868385 -0.200656 -0.453481 -124.221
-0.417996 -0.192028 0.887922 440.314 -0.268977 0.95974 0.0809369 18.3025 -0.867716 -0.204999 -0.452818 -124.625
-0.418329 -0.19474 0.887174 440.933 -0.273926 0.958317 0.0811916 18.3615 -0.866005 -0.209055 -0.454236 -124.915
-0.417591 -0.195647 0.887322 441.6 -0.275414 0.957858 0.081584 18.4172 -0.86589 -0.210312 -0.453876 -125.251
-0.418661 -0.193725 0.887239 442.122 -0.272684 0.958716 0.0806606 18.4649 -0.866237 -0.208167 -0.454203 -125.498
-0.417031 -0.194384 0.887863 442.854 -0.275752 0.957878 0.0801919 18.5233 -0.866052 -0.211387 -0.453067 -125.872
-0.414984 -0.197579 0.888116 443.633 -0.282988 0.955748 0.0803944 18.5931 -0.8647 -0.217964 -0.452533 -126.251
-0.41333 -0.19977 0.888398 444.471 -0.28767 0.954319 0.0807541 18.6615 -0.863947 -0.222187 -0.451916 -126.658
-0.412211 -0.201426 0.888543 445.166 -0.291129 0.953246 0.0810336 18.7164 -0.863322 -0.225278 -0.45158 -126.999
-0.410764 -0.203073 0.888839 445.748 -0.29473 0.952114 0.0813246 18.7606 -0.862791 -0.228562 -0.450945 -127.287
-0.410828 -0.200753 0.889336 446.951 -0.292527 0.952907 0.0799708 18.8554 -0.863509 -0.2273 -0.450207 -127.906
-0.4105 -0.201183 0.88939 447.655 -0.293009 0.952734 0.0802732 18.9103 -0.863502 -0.227647 -0.450046 -128.249
-0.409693 -0.202127 0.889548 448.501 -0.293459 0.95251 0.0812773 18.976 -0.863732 -0.227747 -0.449553 -128.666
-0.406904 -0.205062 0.890157 449.561 -0.299854 0.950464 0.0818868 19.0604 -0.862854 -0.233597 -0.448236 -129.191
-0.40829 -0.201995 0.890223 450.473 -0.295335 0.951991 0.080559 19.1375 -0.863757 -0.230023 -0.448345 -129.629
-0.40937 -0.199245 0.890347 451.317 -0.291568 0.95326 0.0792644 19.2013 -0.864526 -0.227149 -0.448329 -130.045
-0.410023 -0.198878 0.890128 452.36 -0.290573 0.953569 0.079205 19.2923 -0.864551 -0.226171 -0.448774 -130.553
-0.41156 -0.198615 0.889478 452.835 -0.287603 0.954399 0.0800386 19.3327 -0.864814 -0.222876 -0.449915 -130.779
-0.411585 -0.198699 0.889447 453.406 -0.286603 0.95465 0.0806412 19.3764 -0.865134 -0.221728 -0.449867 -131.055
-0.409489 -0.200799 0.889943 454.096 -0.290686 0.953354 0.0813526 19.4281 -0.864766 -0.225381 -0.448757 -131.4
-0.408948 -0.201743 0.889979 454.864 -0.29183 0.952955 0.0819215 19.4862 -0.864637 -0.226221 -0.448583 -131.781
-0.408528 -0.200304 0.890496 455.468 -0.289934 0.953572 0.0814805 19.5406 -0.865473 -0.224898 -0.447635 -132.066
-0.407342 -0.199524 0.891214 456.412 -0.291162 0.953294 0.0803431 19.6127 -0.86562 -0.226761 -0.446411 -132.526
-0.407457 -0.197235 0.891671 457.259 -0.287426 0.954474 0.0797857 19.6674 -0.866813 -0.22378 -0.445598 -132.969
-0.408893 -0.195766 0.891337 457.76 -0.284155 0.955477 0.0794997 19.7079 -0.867215 -0.220771 -0.446316 -133.208
-0.409609 -0.194876 0.891203 458.364 -0.281855 0.956155 0.0795346 19.7566 -0.867628 -0.218612 -0.446577 -133.498
-0.411914 -0.193228 0.8905 459.266 -0.278535 0.957183 0.0788571 19.8218 -0.867609 -0.215553 -0.448098 -133.957
-0.413026 -0.192568 0.890127 460.63 -0.276374 0.9578 0.0789682 19.9188 -0.867771 -0.213392 -0.448817 -134.633
