1 0 0 0 0 1 0 0 0 0 1 0
0.999999 0.000512641 0.00105026 -0.0298016 -0.000516198 0.999994 0.00338893 -0.0216887 -0.00104851 -0.00338947 0.999994 1.27225
1 0.000532457 0.000664663 -0.046344 -0.000535485 0.999989 0.0045636 -0.0413866 -0.000662226 -0.00456396 0.999989 2.45367
0.999993 0.00382497 -0.000526635 -0.0577467 -0.00382251 0.999982 0.00459367 -0.0557854 0.000544196 -0.00459163 0.999989 3.6919
0.999988 0.00437357 -0.0019734 -0.0606618 -0.00436513 0.999981 0.00425991 -0.0637364 0.001992 -0.00425125 0.999989 5.06824
0.99999 0.00343935 -0.00271092 -0.076708 -0.00342732 0.999984 0.00442956 -0.0768475 0.00272612 -0.00442022 0.999987 6.30724
0.999989 0.00351241 -0.00312504 -0.102286 -0.00349788 0.999983 0.00464356 -0.090886 0.0031413 -0.00463258 0.999984 7.55253
0.999979 0.00573687 -0.00316834 -0.132599 -0.00572325 0.999974 0.00429181 -0.109395 0.00319288 -0.00427359 0.999986 8.85693
0.999974 0.00592523 -0.0040513 -0.13947 -0.00590574 0.999971 0.00480457 -0.123404 0.00407965 -0.00478052 0.99998 10.1393
0.999985 0.0030098 -0.00450385 -0.161291 -0.00298819 0.999984 0.00479641 -0.139261 0.00451821 -0.00478288 0.999978 11.4093
0.999977 0.00396676 -0.0055762 -0.173516 -0.00394153 0.999982 0.00452802 -0.148573 0.00559406 -0.00450593 0.999974 12.6083
0.999968 0.00449043 -0.00661668 -0.182407 -0.00445475 0.999976 0.00539718 -0.170413 0.00664076 -0.00536754 0.999964 13.7984
0.999962 0.00501373 -0.00709586 -0.195218 -0.00496745 0.999966 0.00652467 -0.192835 0.00712833 -0.00648917 0.999954 14.8927
0.999948 0.00624704 -0.00800439 -0.207485 -0.0061884 0.999954 0.00733072 -0.205262 0.00804982 -0.0072808 0.999941 16.2699
0.999934 0.00838806 -0.00787823 -0.228926 -0.00833212 0.99994 0.00710741 -0.210299 0.00793738 -0.0070413 0.999944 17.4435
0.999908 0.0106699 -0.00838557 -0.248027 -0.0106111 0.999919 0.00701818 -0.217228 0.00845978 -0.00692856 0.99994 18.7459
0.999859 0.0152632 -0.0069571 -0.284388 -0.0152105 0.999856 0.00756899 -0.226994 0.00707162 -0.00746211 0.999947 19.967
0.999825 0.0180068 -0.00503682 -0.326236 -0.0179639 0.999803 0.00844543 -0.227986 0.0051879 -0.00835347 0.999952 21.1514
0.99963 0.0269936 -0.00330385 -0.368201 -0.0269707 0.999613 0.00679021 -0.235073 0.00348586 -0.00669859 0.999971 22.3405
0.999661 0.0258315 -0.00312172 -0.37395 -0.0258156 0.999654 0.00501555 -0.254701 0.0032502 -0.00493326 0.999983 23.5769
0.999582 0.0289078 -0.00106528 -0.420486 -0.0289026 0.999572 0.00458289 -0.264035 0.0011973 -0.00455019 0.999989 24.7832
0.999239 0.0389754 0.00156814 -0.466466 -0.0389847 0.999219 0.00641901 -0.263778 -0.00131673 -0.00647525 0.999978 25.9568
0.999287 0.0376879 0.00242316 -0.472075 -0.0377054 0.99926 0.00765908 -0.282158 -0.00213272 -0.00774498 0.999968 27.1947
0.999438 0.0334663 0.00170396 -0.458442 -0.0334776 0.999414 0.0070906 -0.299844 -0.00146567 -0.00714366 0.999973 28.4803
0.999388 0.0348246 0.00333389 -0.474907 -0.0348411 0.99938 0.00504212 -0.312138 -0.00315624 -0.00515519 0.999982 29.6483
0.999368 0.0352577 0.00458113 -0.492802 -0.0352776 0.999368 0.00432235 -0.32397 -0.00442584 -0.00448122 0.99998 30.801
0.999259 0.0380762 0.00554958 -0.505346 -0.038092 0.99927 0.0027667 -0.326944 -0.00544019 -0.00297604 0.999981 31.8894
0.999523 0.030283 0.00602887 -0.481564 -0.0303054 0.999534 0.00365139 -0.350499 -0.00591549 -0.00383235 0.999975 32.9888
0.999592 0.0274122 0.00804348 -0.480703 -0.0274592 0.999606 0.00578695 -0.368153 -0.00788168 -0.00600546 0.999951 34.0284
0.999388 0.0332397 0.0109214 -0.500809 -0.0333072 0.999427 0.00606234 -0.369808 -0.0107137 -0.00642239 0.999922 35.089
0.999209 0.036959 0.0146652 -0.513714 -0.0370558 0.999293 0.00638546 -0.379192 -0.0144188 -0.00692384 0.999872 36.1286
0.999252 0.0343075 0.0178378 -0.494537 -0.0344169 0.99939 0.00585905 -0.398544 -0.0176259 -0.00646859 0.999824 37.1317
0.999014 0.0378847 0.0231461 -0.502635 -0.0379817 0.999271 0.00376791 -0.4107 -0.0229865 -0.00464332 0.999725 38.1673
0.998709 0.042235 0.02823 -0.505971 -0.042297 0.999104 0.00160273 -0.421453 -0.028137 -0.0027947 0.9996 39.1389
0.998136 0.0499746 0.0350291 -0.520412 -0.0500562 0.998745 0.0014563 -0.431228 -0.0349124 -0.00320701 0.999385 40.0734
0.997996 0.0487157 0.0403949 -0.48491 -0.0488018 0.998808 0.00114888 -0.455525 -0.0402908 -0.00311792 0.999183 41.0523
0.997795 0.0477503 0.0461087 -0.439481 -0.0477894 0.998857 -0.000254928 -0.472074 -0.0460682 -0.00194914 0.998936 42.0435
0.997535 0.046164 0.052852 -0.390012 -0.0462105 0.998932 -0.00034338 -0.491121 -0.0528114 -0.00209978 0.998602 42.9651
0.996798 0.0500167 0.0623862 -0.350456 -0.0501237 0.998743 0.0001507 -0.507399 -0.0623003 -0.00327725 0.998052 43.9457
0.995981 0.0523464 0.0726732 -0.29229 -0.0525061 0.998621 0.000287314 -0.523911 -0.0725579 -0.00410195 0.997356 44.9251
0.994539 0.0574878 0.087103 -0.241381 -0.0576895 0.998335 -0.000202161 -0.543425 -0.0869695 -0.00482386 0.996199 45.8435
0.992286 0.0672591 0.104141 -0.195364 -0.0675058 0.997718 -0.00115814 -0.55091 -0.103981 -0.0058809 0.994562 46.726
0.990248 0.0698319 0.120547 -0.103911 -0.0702348 0.99753 -0.000908196 -0.566704 -0.120313 -0.00756728 0.992707 47.5962
0.987406 0.0744934 0.139573 -0.0172897 -0.075012 0.997181 -0.00154897 -0.579273 -0.139295 -0.00894021 0.990211 48.4157
0.984136 0.0773626 0.15966 0.0976302 -0.0777757 0.996964 -0.00366907 -0.600481 -0.159459 -0.00880684 0.987165 49.2778
0.98093 0.075012 0.179303 0.253901 -0.0751657 0.997153 -0.00594617 -0.619604 -0.179238 -0.00764464 0.983776 50.1756
0.977119 0.0728277 0.199838 0.434815 -0.0727908 0.997319 -0.00754213 -0.63898 -0.199852 -0.00717684 0.9798 51.0891
0.972828 0.0680653 0.2213 0.625203 -0.068162 0.997648 -0.00720924 -0.653034 -0.22127 -0.00807091 0.975179 51.92
0.966381 0.0685282 0.247812 0.791006 -0.0687981 0.997602 -0.00758115 -0.67988 -0.247738 -0.00972273 0.968778 52.7449
0.960261 0.0648259 0.271471 1.02823 -0.0645542 0.997865 -0.0099405 -0.703393 -0.271536 -0.00797912 0.962395 53.6061
0.953226 0.059736 0.296298 1.27194 -0.0583892 0.998204 -0.0134007 -0.730282 -0.296566 -0.00452674 0.955001 54.397
0.944975 0.056564 0.322217 1.54035 -0.0547886 0.998391 -0.0145837 -0.758664 -0.322523 -0.00387263 0.946554 55.2031
0.935123 0.0552976 0.349982 1.80678 -0.0536594 0.998456 -0.0143838 -0.784574 -0.350237 -0.00532927 0.936646 55.9515
0.924625 0.0522388 0.377278 2.12224 -0.0509118 0.998612 -0.0134966 -0.813276 -0.37746 -0.00672865 0.926002 56.7252
0.911943 0.0527523 0.406912 2.42288 -0.050605 0.99859 -0.0160452 -0.847551 -0.407185 -0.00595951 0.913326 57.4631
0.8984 0.0547605 0.43575 2.79626 -0.0499484 0.998498 -0.0225005 -0.873274 -0.436328 -0.00155059 0.899786 58.2701
0.884173 0.0552992 0.463876 3.16783 -0.0465993 0.998457 -0.0302065 -0.905038 -0.46483 0.00509153 0.885385 58.9972
0.869363 0.0537532 0.491242 3.55035 -0.0420356 0.998507 -0.0348684 -0.940103 -0.492383 0.00966366 0.870325 59.6626
0.852253 0.0533408 0.520403 3.92924 -0.0416492 0.998549 -0.0341424 -0.974697 -0.521469 0.00742358 0.853238 60.2994
0.833293 0.0538582 0.550201 4.34293 -0.0439082 0.998547 -0.031246 -1.00959 -0.551085 0.00187876 0.834447 60.9267
0.814305 0.048847 0.578378 4.83209 -0.0383451 0.998803 -0.0303676 -1.05065 -0.579169 0.00255054 0.815203 61.5625
0.792337 0.0543522 0.607658 5.34853 -0.0395425 0.998504 -0.0377515 -1.0917 -0.608801 0.00588355 0.793301 62.2368
0.769267 0.0614619 0.635965 5.84123 -0.0406849 0.998055 -0.0472428 -1.13139 -0.637631 0.0104681 0.770271 62.8441
0.745932 0.0629832 0.663037 6.35582 -0.0388109 0.997937 -0.0511329 -1.17865 -0.66489 0.0124086 0.746838 63.4278
0.723235 0.0580419 0.688158 6.8887 -0.0326 0.99822 -0.049932 -1.22873 -0.689832 0.0136786 0.72384 63.9618
0.696885 0.0595847 0.714703 7.41801 -0.0330067 0.998151 -0.051032 -1.28312 -0.716423 0.0119734 0.697564 64.5012
0.673322 0.0583298 0.737045 8.02868 -0.0253315 0.998118 -0.0558497 -1.33716 -0.738915 0.0189344 0.673532 65.0107
0.64536 0.0626637 0.761304 8.6065 -0.0259979 0.997854 -0.0600958 -1.38917 -0.763436 0.0189911 0.645604 65.5202
0.616768 0.0660804 0.784367 9.17325 -0.0274918 0.99767 -0.0624331 -1.44549 -0.786665 0.0169431 0.617147 65.9825
0.587777 0.0679947 0.806161 9.78239 -0.0260953 0.997537 -0.0651099 -1.50544 -0.808602 0.0172331 0.588103 66.4352
0.559615 0.0735724 0.825481 10.4301 -0.023566 0.997062 -0.0728888 -1.56887 -0.828418 0.0213363 0.559704 66.855
0.529579 0.0822778 0.844261 11.0824 -0.0214546 0.996266 -0.0836336 -1.63663 -0.847989 0.0261773 0.529366 67.2573
0.497336 0.0915499 0.862714 11.7085 -0.021425 0.995409 -0.0932803 -1.70206 -0.867293 0.0279081 0.497015 67.6344
0.464079 0.0969146 0.880476 12.2913 -0.0220746 0.994953 -0.0978801 -1.76499 -0.885519 0.025988 0.463877 67.9568
0.431565 0.0957451 0.896986 12.8739 -0.0196003 0.995112 -0.0967889 -1.82897 -0.901869 0.0241895 0.431332 68.2337
0.39821 0.0938656 0.912479 13.4962 -0.0207792 0.995418 -0.0933293 -1.90019 -0.917059 0.018204 0.398336 68.5026
0.363438 0.0944989 0.926813 14.1086 -0.0219548 0.995435 -0.0928863 -1.97629 -0.93136 0.0134104 0.363853 68.7539
0.326015 0.0981264 0.940258 14.7651 -0.0288763 0.995168 -0.0938446 -2.04789 -0.944924 0.00344358 0.327273 69.0076
0.289669 0.0998134 0.951908 15.4447 -0.0302523 0.995005 -0.0951265 -2.11907 -0.956649 -0.0012422 0.291242 69.2224
0.252873 0.0991409 0.962406 16.1349 -0.0300826 0.995061 -0.0946005 -2.19258 -0.967032 -0.00502973 0.254607 69.4135
0.216572 0.098391 0.971296 16.8469 -0.0277348 0.995127 -0.094621 -2.27149 -0.975873 -0.00644639 0.218245 69.5759
0.180755 0.0979873 0.978635 17.5901 -0.0241272 0.995167 -0.0951863 -2.35066 -0.983232 -0.0064063 0.182246 69.7186
0.144306 0.0970258 0.984765 18.3389 -0.0211144 0.995257 -0.0949654 -2.42901 -0.989308 -0.00708862 0.14567 69.8398
0.110603 0.0963306 0.989185 19.0967 -0.0106331 0.995349 -0.095742 -2.51098 -0.993808 7.12663e-05 0.111113 69.9167
0.0765243 0.100149 0.992025 19.881 -0.00666739 0.994972 -0.0999318 -2.59667 -0.997045 0.00103299 0.0768073 69.9833
0.044403 0.10536 0.993442 20.6508 -0.00268853 0.994432 -0.105344 -2.67795 -0.99901 0.0020067 0.0444391 70.0139
0.0164171 0.109141 0.993891 21.3895 0.00715182 0.993986 -0.10927 -2.76481 -0.99984 0.00890202 0.0155378 70.0181
-0.00835065 0.107391 0.994182 22.1435 0.0119497 0.994156 -0.107288 -2.85137 -0.999894 0.0109843 -0.00958514 70.0064
-0.0280464 0.104334 0.994147 22.9267 0.0187204 0.994418 -0.103834 -2.9432 -0.999431 0.0156987 -0.0298431 69.9618
-0.044698 0.101868 0.993793 23.7366 0.0225293 0.994637 -0.100941 -3.03701 -0.998746 0.0178776 -0.0467533 69.9084
-0.0616412 0.104782 0.992583 24.5714 0.023953 0.994343 -0.103481 -3.13419 -0.997811 0.0173966 -0.0638024 69.8581
-0.0764284 0.108937 0.991106 25.4387 0.0279546 0.993857 -0.107083 -3.23406 -0.996683 0.0195217 -0.0790041 69.7936
-0.0876123 0.113889 0.989623 26.2734 0.0334681 0.993219 -0.11134 -3.33555 -0.995592 0.0233661 -0.0908298 69.7129
-0.0944373 0.117488 0.988574 27.1219 0.0415744 0.992611 -0.113996 -3.44207 -0.994662 0.0303339 -0.098624 69.61
-0.0975504 0.123675 0.987516 27.95 0.0495025 0.991624 -0.119299 -3.54297 -0.993999 0.0372469 -0.102855 69.4972
-0.101414 0.128511 0.986509 28.7807 0.0494795 0.991046 -0.124015 -3.64833 -0.993613 0.0362351 -0.106865 69.4135
-0.103803 0.132838 0.985687 29.6128 0.0512773 0.990438 -0.128078 -3.75523 -0.993275 0.0372486 -0.109622 69.321
-0.106466 0.135834 0.984994 30.4169 0.0509721 0.990068 -0.131025 -3.86378 -0.993009 0.0362576 -0.112332 69.2284
-0.109632 0.139188 0.984179 31.186 0.0517692 0.989603 -0.134188 -3.9751 -0.992623 0.0362388 -0.115698 69.1495
-0.10977 0.142938 0.983626 31.9588 0.055183 0.988956 -0.137555 -4.08825 -0.992424 0.0391801 -0.116445 69.0426
-0.111963 0.14519 0.983048 32.7645 0.0579289 0.98854 -0.139404 -4.1937 -0.992022 0.0413389 -0.11909 68.9484
-0.113023 0.144461 0.983035 33.5363 0.0595009 0.988583 -0.138435 -4.30223 -0.991809 0.042845 -0.120329 68.8484
-0.116484 0.143901 0.982713 34.3183 0.0593447 0.988689 -0.137742 -4.424 -0.991418 0.0422741 -0.123706 68.7662
-0.119593 0.145012 0.982176 35.173 0.0596713 0.988537 -0.138686 -4.555 -0.991028 0.0420219 -0.126875 68.6734
-0.122856 0.147153 0.981454 36.0703 0.0572319 0.988351 -0.141022 -4.68493 -0.990773 0.0388451 -0.129846 68.5669
-0.127146 0.149234 0.980593 36.8741 0.0551438 0.988151 -0.143234 -4.80873 -0.99035 0.035862 -0.133869 68.4871
-0.129844 0.152938 0.979668 37.6447 0.0524464 0.987709 -0.147242 -4.92469 -0.990146 0.0322615 -0.13627 68.3875
-0.132651 0.157083 0.978636 38.379 0.0493297 0.987184 -0.151768 -5.03971 -0.989935 0.0281436 -0.1387 68.2949
-0.133828 0.160036 0.977997 39.1094 0.0483676 0.986753 -0.15485 -5.15095 -0.989824 0.02658 -0.139796 68.1819
-0.136919 0.159096 0.977723 39.8047 0.0483967 0.986914 -0.153814 -5.25889 -0.989399 0.0262585 -0.142827 68.091
-0.14107 0.154653 0.977845 40.5146 0.0439929 0.987727 -0.149869 -5.37262 -0.989022 0.0218762 -0.146142 68.001
-0.142741 0.153539 0.977778 41.248 0.0460445 0.987855 -0.1484 -5.48751 -0.988688 0.0238385 -0.148077 67.8931
-0.144565 0.1542 0.977406 41.9853 0.0460975 0.98776 -0.149016 -5.60355 -0.988421 0.0235137 -0.149903 67.787
-0.145015 0.157125 0.976874 42.7552 0.0473722 0.98728 -0.151767 -5.72657 -0.988295 0.0242682 -0.150614 67.6597
-0.145091 0.160081 0.976383 43.5068 0.0492075 0.986771 -0.154472 -5.84857 -0.988194 0.0256329 -0.151048 67.5431
-0.145237 0.160773 0.976247 44.2754 0.0476325 0.986701 -0.155408 -5.9743 -0.98825 0.0239301 -0.150963 67.4256
-0.145102 0.159655 0.976451 44.9883 0.0443673 0.986952 -0.154779 -6.09069 -0.988421 0.0208637 -0.150292 67.318
-0.145652 0.158395 0.976574 45.8004 0.0400036 0.987236 -0.154158 -6.22887 -0.988527 0.0166131 -0.150129 67.2038
-0.146426 0.159329 0.976306 46.5331 0.0355433 0.987154 -0.155768 -6.34944 -0.988583 0.0118926 -0.150208 67.1035
-0.146836 0.159636 0.976194 47.2809 0.0313717 0.987147 -0.156708 -6.47026 -0.988663 0.00761449 -0.149957 66.9935
-0.149148 0.158589 0.976015 48.0176 0.0257543 0.987343 -0.156494 -6.59473 -0.988479 0.00179583 -0.151345 66.9022
-0.149012 0.153683 0.97682 48.7664 0.0265702 0.988114 -0.151407 -6.71804 -0.988478 0.00339281 -0.151325 66.7906
-0.148888 0.1456 0.978076 49.5447 0.0287211 0.98932 -0.142902 -6.83694 -0.988437 0.00681515 -0.15148 66.6713
-0.14888 0.140719 0.978792 50.395 0.0329085 0.98998 -0.137322 -6.96504 -0.988308 0.0117661 -0.152019 66.5459
-0.14702 0.143543 0.978663 51.2871 0.0412743 0.989443 -0.138924 -7.09522 -0.988272 0.0199689 -0.151393 66.3986
-0.144558 0.149425 0.978149 52.1737 0.0476748 0.988436 -0.143951 -7.22587 -0.988347 0.0258238 -0.15001 66.2459
-0.143995 0.155377 0.977304 53.0877 0.0493495 0.987495 -0.149726 -7.36191 -0.988347 0.0266697 -0.149862 66.1114
-0.143363 0.159541 0.976726 53.9331 0.050656 0.98681 -0.153752 -7.50102 -0.988373 0.0274346 -0.149553 65.9858
-0.144089 0.156577 0.977099 54.7946 0.0466844 0.987379 -0.15134 -7.63785 -0.988463 0.0238089 -0.14958 65.865
-0.143571 0.152298 0.977851 55.6585 0.0468027 0.988027 -0.147011 -7.77205 -0.988533 0.0246594 -0.14898 65.7358
-0.143935 0.14964 0.978208 56.5814 0.0429577 0.988514 -0.144896 -7.91906 -0.988654 0.0211661 -0.14871 65.6007
-0.143079 0.150811 0.978154 57.553 0.0417318 0.988362 -0.146281 -8.06253 -0.988831 0.0198904 -0.147707 65.4498
-0.14463 0.155644 0.977168 58.5229 0.0416477 0.987634 -0.151147 -8.22149 -0.988609 0.0188365 -0.149323 65.3269
-0.144565 0.158224 0.976763 59.4065 0.0398558 0.987263 -0.154026 -8.36239 -0.988692 0.0166629 -0.14903 65.1997
-0.144197 0.156273 0.977132 60.2386 0.0387283 0.987586 -0.152229 -8.50383 -0.988791 0.0158917 -0.148459 65.0752
-0.144218 0.149334 0.978213 61.0418 0.0395606 0.988627 -0.145092 -8.63576 -0.988755 0.0177739 -0.148486 64.9595
-0.145412 0.147459 0.978321 61.8892 0.0364398 0.988958 -0.143646 -8.76629 -0.9887 0.014762 -0.14918 64.8402
-0.145002 0.150586 0.977905 62.7971 0.0344336 0.98852 -0.147115 -8.90489 -0.988832 0.0123408 -0.148522 64.7084
-0.146407 0.153315 0.977271 63.6232 0.0317592 0.988136 -0.150261 -9.03387 -0.988714 0.00903807 -0.149539 64.5989
-0.147002 0.153046 0.977224 64.4701 0.0290772 0.988199 -0.150391 -9.16138 -0.988709 0.00630718 -0.149717 64.4789
-0.148228 0.149588 0.977575 65.3197 0.027488 0.988735 -0.147128 -9.29428 -0.988571 0.00506314 -0.15067 64.3699
-0.148915 0.147992 0.977713 66.2269 0.0256983 0.988983 -0.145784 -9.439 -0.988516 0.00341612 -0.151078 64.2458
-0.147095 0.149028 0.977831 67.1468 0.0281289 0.988815 -0.146471 -9.58103 -0.988722 0.00596027 -0.149641 64.1056
-0.144381 0.15031 0.978039 68.0548 0.0321471 0.988586 -0.147185 -9.71505 -0.989 0.0101904 -0.147565 63.9574
-0.142392 0.150324 0.978329 68.929 0.0335904 0.988565 -0.147008 -9.84943 -0.98924 0.0119297 -0.145813 63.8267
-0.142852 0.150322 0.978262 69.8059 0.0323036 0.988581 -0.14719 -9.99161 -0.989217 0.0105749 -0.146077 63.7181
-0.143269 0.148704 0.978448 70.6997 0.0297789 0.988847 -0.145925 -10.1261 -0.989236 0.00823063 -0.1461 63.604
-0.143362 0.147682 0.978589 71.6227 0.0273897 0.989017 -0.145243 -10.2697 -0.989291 0.0059809 -0.145833 63.485
-0.143231 0.146457 0.978793 72.5314 0.0266103 0.989202 -0.144121 -10.4124 -0.989332 0.00540347 -0.145581 63.3672
-0.139816 0.148316 0.979007 73.5137 0.0295185 0.988903 -0.1456 -10.5623 -0.989737 0.00854163 -0.142643 63.216
-0.137922 0.150438 0.978951 74.5151 0.0300201 0.988578 -0.147688 -10.7241 -0.989988 0.00901883 -0.140862 63.0714
-0.136741 0.149331 0.979287 75.5429 0.0276939 0.988762 -0.146909 -10.8813 -0.99022 0.00703181 -0.13934 62.9266
-0.135343 0.148124 0.979664 76.6106 0.0264577 0.988949 -0.145873 -11.0494 -0.990445 0.00617672 -0.137767 62.7738
-0.134666 0.149238 0.979588 77.6371 0.0241502 0.988794 -0.147321 -11.2048 -0.990597 0.00381819 -0.136761 62.6264
-0.135455 0.148548 0.979584 78.6539 0.022314 0.988903 -0.146875 -11.3656 -0.990532 0.00196357 -0.137266 62.5002
-0.136268 0.14476 0.980039 79.6557 0.0192098 0.989467 -0.143481 -11.534 -0.990486 -0.000725523 -0.137613 62.3653
-0.13693 0.143091 0.980191 80.6254 0.0180447 0.989708 -0.141959 -11.6864 -0.990416 -0.00175115 -0.138102 62.2273
-0.137158 0.142906 0.980187 81.6575 0.0177295 0.989734 -0.141817 -11.8397 -0.990391 -0.00207308 -0.138284 62.0772
-0.139238 0.142986 0.979882 82.7362 0.0172404 0.989721 -0.141972 -12.0036 -0.990109 -0.00287421 -0.140272 61.9284
-0.141005 0.141768 0.979806 83.8001 0.0166924 0.989894 -0.140826 -12.1605 -0.989868 -0.00350191 -0.141947 61.7738
-0.143425 0.137591 0.98005 84.9345 0.0145368 0.990474 -0.136927 -12.3188 -0.989554 -0.00539196 -0.144059 61.5981
-0.146568 0.138379 0.979474 86.0238 0.0167587 0.990372 -0.137411 -12.4763 -0.989059 -0.00372531 -0.147476 61.4252
-0.150852 0.143717 0.978054 87.1007 0.0130359 0.989579 -0.1434 -12.6442 -0.98847 -0.00888239 -0.151154 61.2554
-0.158183 0.146305 0.976511 88.0669 0.0137184 0.989192 -0.145983 -12.7984 -0.987314 -0.00969588 -0.158481 61.1112
-0.166261 0.143023 0.975654 89.0753 0.016817 0.989693 -0.142215 -12.9489 -0.985938 -0.00723731 -0.166953 60.9322
-0.177687 0.139988 0.974079 90.1166 0.0174537 0.990123 -0.13911 -13.1192 -0.983932 -0.00771689 -0.178375 60.7545
-0.191705 0.140513 0.971342 91.1289 0.0157884 0.990012 -0.140098 -13.2704 -0.981326 -0.0115215 -0.192008 60.5744
-0.205473 0.141337 0.968403 92.198 0.0194618 0.989911 -0.140347 -13.4272 -0.978469 -0.00999058 -0.206151 60.3559
-0.218514 0.13959 0.965798 93.3591 0.0229831 0.990178 -0.137914 -13.6098 -0.975563 -0.00793903 -0.219576 60.0822
-0.233886 0.142117 0.961821 94.4817 0.0278705 0.989833 -0.139478 -13.7845 -0.971865 -0.00581555 -0.235469 59.8169
-0.250423 0.144864 0.957237 95.5677 0.0268956 0.989401 -0.142696 -13.9538 -0.967763 -0.0099888 -0.251665 59.5602
-0.265345 0.149346 0.952516 96.5431 0.0297258 0.988728 -0.146743 -14.1059 -0.963695 -0.0106233 -0.266794 59.293
-0.281267 0.147515 0.948224 97.4468 0.028415 0.988961 -0.145424 -14.2518 -0.959209 -0.0139591 -0.282353 59.0338
-0.298379 0.141775 0.943859 98.4307 0.0224322 0.989675 -0.141565 -14.4015 -0.954184 -0.0210671 -0.298478 58.7459
-0.313683 0.138307 0.939401 99.3729 0.0205531 0.990092 -0.138907 -14.5459 -0.949305 -0.0242652 -0.313418 58.4417
-0.330351 0.138693 0.933613 100.269 0.0169219 0.989856 -0.14106 -14.6862 -0.943706 -0.0308009 -0.329347 58.155
-0.34363 0.140946 0.928468 101.178 0.0185667 0.989499 -0.143339 -14.8307 -0.938922 -0.0320171 -0.342638 57.8227
-0.357243 0.142465 0.923082 102.019 0.0205679 0.989259 -0.144718 -14.9744 -0.933785 -0.0327137 -0.356336 57.5036
-0.369175 0.143539 0.918208 102.842 0.0266116 0.989228 -0.143942 -15.1108 -0.928979 -0.0287047 -0.369018 57.1558
-0.382823 0.141924 0.912855 103.735 0.0290455 0.989489 -0.141658 -15.2628 -0.923365 -0.0277157 -0.382922 56.7885
-0.397073 0.140366 0.90699 104.643 0.0294334 0.989675 -0.140276 -15.4126 -0.917315 -0.0290042 -0.397105 56.3983
-0.412668 0.141176 0.899875 105.508 0.0279699 0.989414 -0.142397 -15.5566 -0.910452 -0.0335933 -0.412248 56.0194
-0.42518 0.144321 0.893529 106.354 0.0327146 0.989011 -0.144176 -15.7034 -0.904517 -0.0320693 -0.425229 55.5997
-0.440506 0.146025 0.885794 107.196 0.034534 0.988709 -0.145816 -15.8438 -0.897085 -0.033643 -0.440575 55.202
-0.454716 0.148506 0.878168 108.014 0.037677 0.988326 -0.147625 -15.9834 -0.889839 -0.0340405 -0.455002 54.7834
-0.467712 0.153108 0.870519 108.804 0.0414993 0.9876 -0.151404 -16.1252 -0.882906 -0.0346876 -0.468267 54.3507
-0.48073 0.156764 0.862742 109.547 0.045597 0.987028 -0.15394 -16.2535 -0.875682 -0.0346651 -0.481642 53.9222
-0.49586 0.154472 0.854553 110.267 0.0465213 0.987364 -0.151485 -16.3851 -0.867156 -0.0353605 -0.49678 53.5171
-0.51263 0.149007 0.845581 111.041 0.0433929 0.988064 -0.147809 -16.5314 -0.857512 -0.039079 -0.512977 53.0747
-0.527979 0.148927 0.836098 111.825 0.0440461 0.987981 -0.148167 -16.677 -0.848115 -0.0414021 -0.528193 52.5842
-0.543942 0.147889 0.825988 112.602 0.0434022 0.987988 -0.148312 -16.816 -0.838 -0.0448235 -0.543826 52.086
-0.557455 0.149251 0.816682 113.37 0.0477275 0.987842 -0.147952 -16.9565 -0.828834 -0.0434986 -0.5578 51.551
-0.573344 0.147211 0.805981 114.162 0.04507 0.987903 -0.148378 -17.1058 -0.818074 -0.048746 -0.573043 51.0071
-0.588153 0.147779 0.795134 114.902 0.0478982 0.987803 -0.148157 -17.2449 -0.80733 -0.0490536 -0.588057 50.4711
-0.603321 0.144688 0.784263 115.645 0.047772 0.988195 -0.145561 -17.3876 -0.796066 -0.0503546 -0.603111 49.9114
-0.616777 0.143064 0.774028 116.373 0.0515557 0.988575 -0.141637 -17.5286 -0.785448 -0.047453 -0.617106 49.326
-0.632772 0.140579 0.761471 117.171 0.0514648 0.988843 -0.139789 -17.6696 -0.772626 -0.0492654 -0.632947 48.6991
-0.647662 0.138573 0.749221 117.951 0.0512998 0.989022 -0.138579 -17.8202 -0.760199 -0.0513177 -0.647661 48.0469
-0.661621 0.140037 0.736646 118.759 0.0520012 0.98861 -0.14123 -17.9779 -0.748033 -0.0551345 -0.661367 47.3286
-0.678201 0.136313 0.722124 119.491 0.0466915 0.988653 -0.142773 -18.1216 -0.733392 -0.0631119 -0.67687 46.6829
-0.6939 0.131909 0.707886 120.18 0.0449842 0.989099 -0.140215 -18.2704 -0.718665 -0.0654513 -0.69227 46.0326
-0.709282 0.125103 0.693735 120.858 0.0431075 0.989982 -0.134452 -18.4059 -0.703606 -0.0654591 -0.707569 45.3568
-0.723652 0.125031 0.678745 121.581 0.0464605 0.990048 -0.132841 -18.5581 -0.688599 -0.0645956 -0.722259 44.5561
-0.741812 0.120774 0.659643 122.306 0.0445123 0.990347 -0.131265 -18.7081 -0.669129 -0.0680118 -0.740027 43.7992
-0.758688 0.116931 0.640874 122.974 0.0426156 0.99056 -0.130284 -18.8463 -0.650058 -0.0715338 -0.75651 43.0364
-0.775558 0.113857 0.620924 123.662 0.0429247 0.990836 -0.128072 -18.9936 -0.629815 -0.072674 -0.773338 42.2224
-0.790971 0.114147 0.601112 124.338 0.0445088 0.990575 -0.129537 -19.151 -0.610233 -0.0757053 -0.788597 41.3586
-0.804561 0.115454 0.58254 124.944 0.0506872 0.990691 -0.12634 -19.2817 -0.591703 -0.0721207 -0.802923 40.5242
-0.817836 0.117284 0.563372 125.54 0.0561049 0.990597 -0.124778 -19.4213 -0.572709 -0.0704397 -0.816726 39.6623
-0.831792 0.11695 0.542628 126.169 0.0576766 0.990471 -0.125059 -19.5802 -0.552083 -0.072726 -0.830612 38.7343
-0.843848 0.121484 0.522649 126.711 0.0629719 0.989724 -0.128378 -19.7122 -0.532874 -0.0754196 -0.842827 37.8553
-0.85617 0.122657 0.501924 127.241 0.0677034 0.989671 -0.126362 -19.85 -0.512239 -0.0742058 -0.855631 36.982
-0.86774 0.120555 0.482177 127.748 0.0693949 0.990022 -0.122642 -19.9799 -0.49215 -0.0729605 -0.867447 36.112
-0.876967 0.124919 0.46403 128.201 0.075953 0.989516 -0.122839 -20.1028 -0.47451 -0.0724815 -0.877261 35.2656
-0.885286 0.129517 0.446648 128.628 0.081631 0.988802 -0.12493 -20.2274 -0.457827 -0.0741386 -0.885945 34.4261
-0.894107 0.127087 0.429444 129.039 0.0806136 0.9889 -0.12481 -20.3478 -0.440539 -0.0769743 -0.894427 33.6086
-0.902584 0.12298 0.412575 129.365 0.0788065 0.989335 -0.122497 -20.4511 -0.42324 -0.07805 -0.90265 32.9371
-0.908975 0.122481 0.398451 129.692 0.0801082 0.989369 -0.121376 -20.5569 -0.409081 -0.0784086 -0.909123 32.1955
-0.915613 0.119341 0.383941 130.01 0.0787383 0.989665 -0.119845 -20.6566 -0.394276 -0.0795009 -0.915547 31.4696
-0.921379 0.116763 0.370711 130.305 0.0779559 0.989943 -0.118049 -20.7535 -0.380766 -0.079869 -0.921215 30.7486
-0.926977 0.111923 0.358033 130.595 0.0758638 0.990664 -0.113269 -20.8502 -0.367368 -0.0778363 -0.926813 30.024
-0.93129 0.11027 0.347188 130.888 0.0766735 0.991069 -0.109104 -20.9495 -0.356118 -0.074987 -0.931427 29.2383
-0.935304 0.10998 0.33632 131.183 0.0788519 0.991352 -0.104895 -21.0467 -0.344948 -0.0715889 -0.935888 28.4446
-0.9377 0.11451 0.328033 131.472 0.0838791 0.990811 -0.106101 -21.1471 -0.337168 -0.0719762 -0.938689 27.6088
-0.939389 0.120055 0.321147 131.758 0.0899536 0.990178 -0.107036 -21.2478 -0.330843 -0.0716598 -0.940961 26.784
-0.94053 0.124031 0.31626 132.031 0.0937311 0.989575 -0.109343 -21.3446 -0.326524 -0.0731969 -0.94235 25.9529
-0.942255 0.121624 0.312032 132.305 0.0920083 0.989884 -0.107998 -21.4434 -0.32201 -0.0730518 -0.943914 25.127
-0.944543 0.114307 0.307851 132.597 0.0858755 0.990819 -0.104415 -21.5447 -0.31696 -0.072188 -0.945688 24.2562
-0.945935 0.110848 0.304829 132.881 0.0833819 0.991311 -0.101732 -21.6592 -0.313457 -0.0708148 -0.946958 23.3407
-0.94797 0.105216 0.300472 133.192 0.0775601 0.991698 -0.102563 -21.7704 -0.308769 -0.0739224 -0.94826 22.4035
-0.949353 0.102286 0.297097 133.484 0.0740629 0.991734 -0.104775 -21.8819 -0.305358 -0.0774645 -0.949081 21.4843
-0.950049 0.102329 0.29485 133.782 0.0735909 0.991532 -0.106994 -21.9933 -0.303302 -0.0799515 -0.949534 20.5394
-0.950483 0.102178 0.293498 134.069 0.0729554 0.991375 -0.108871 -22.1034 -0.302091 -0.0820683 -0.94974 19.6381
-0.950207 0.104867 0.293446 134.373 0.0751938 0.991009 -0.110666 -22.225 -0.302413 -0.0830904 -0.949549 18.662
-0.949381 0.107353 0.295213 134.681 0.0771664 0.990696 -0.112101 -22.3542 -0.304501 -0.0836465 -0.948832 17.644
-0.948486 0.110138 0.29706 134.987 0.0792268 0.990294 -0.114199 -22.4765 -0.306754 -0.0847809 -0.948005 16.6554
-0.947287 0.113514 0.299603 135.298 0.0824682 0.990012 -0.114347 -22.6 -0.30959 -0.0836119 -0.947187 15.6727
-0.946547 0.113237 0.302035 135.606 0.0817642 0.990003 -0.114925 -22.7224 -0.31203 -0.0840863 -0.946344 14.7262
-0.946044 0.109903 0.30483 135.904 0.077865 0.990266 -0.115373 -22.8343 -0.314543 -0.0854126 -0.945393 13.8428
-0.945062 0.106262 0.309139 136.191 0.0742313 0.990747 -0.113623 -22.9467 -0.318353 -0.0844325 -0.944205 12.9842
-0.942932 0.104066 0.316306 136.492 0.0720047 0.991159 -0.111445 -23.069 -0.325107 -0.0823094 -0.942088 12.0564
-0.940799 0.101448 0.323429 136.831 0.0694711 0.991616 -0.108954 -23.195 -0.331771 -0.0800348 -0.939959 11.0865
-0.937331 0.10591 0.331953 137.184 0.0732225 0.991285 -0.109514 -23.3271 -0.340658 -0.0783447 -0.936917 10.043
-0.934015 0.105197 0.341393 137.555 0.0712853 0.991323 -0.110438 -23.4609 -0.350049 -0.0788142 -0.93341 8.99019
-0.930089 0.108073 0.351075 137.912 0.0721743 0.990877 -0.113816 -23.5845 -0.360173 -0.0805206 -0.929404 8.02967
-0.925704 0.109265 0.362124 138.239 0.0723255 0.990835 -0.114081 -23.6964 -0.371271 -0.0794139 -0.925122 7.17064
-0.920377 0.112116 0.374614 138.59 0.0730616 0.99045 -0.116923 -23.8131 -0.384145 -0.080243 -0.919779 6.2851
-0.914661 0.113936 0.387831 138.946 0.0727737 0.990192 -0.119265 -23.9264 -0.397616 -0.0808633 -0.913982 5.43966
-0.908014 0.118525 0.401824 139.321 0.075986 0.98983 -0.120259 -24.0487 -0.411991 -0.078664 -0.907786 4.56569
-0.902166 0.116936 0.415238 139.705 0.0735376 0.990159 -0.11907 -24.1647 -0.425075 -0.0768856 -0.901887 3.73345
-0.895002 0.120697 0.429423 140.117 0.0757922 0.989846 -0.120249 -24.2978 -0.439577 -0.0750763 -0.895062 2.84344
-0.888403 0.123843 0.442045 140.51 0.0780992 0.989661 -0.120302 -24.4127 -0.452373 -0.0723533 -0.888889 2.06242
-0.880794 0.126125 0.456392 140.907 0.08025 0.98969 -0.118629 -24.5344 -0.466649 -0.067862 -0.881835 1.28464
-0.871019 0.130924 0.473482 141.291 0.084867 0.989443 -0.117473 -24.6471 -0.483864 -0.0621382 -0.872935 0.509778
-0.862203 0.134359 0.488419 141.725 0.0879036 0.989239 -0.116954 -24.7683 -0.498877 -0.0579044 -0.864736 -0.280961
-0.852557 0.137963 0.504095 142.163 0.0906549 0.988946 -0.117338 -24.8819 -0.514711 -0.0543385 -0.85564 -1.03622
-0.840899 0.1423 0.522149 142.61 0.0941956 0.98857 -0.117714 -25.0021 -0.532932 -0.0498011 -0.844691 -1.80114
-0.82891 0.146376 0.539891 143.072 0.0975235 0.988191 -0.118189 -25.1202 -0.550815 -0.0453161 -0.833396 -2.54435
-0.817992 0.147663 0.555954 143.59 0.0970125 0.98806 -0.119695 -25.2391 -0.56699 -0.0439749 -0.82255 -3.30821
-0.804893 0.151434 0.573773 144.128 0.0984657 0.98757 -0.122517 -25.3543 -0.585194 -0.0421162 -0.809799 -4.10006
-0.791095 0.154589 0.591837 144.659 0.0997702 0.987191 -0.124497 -25.4735 -0.603502 -0.0394409 -0.796385 -4.83906
-0.777577 0.155625 0.609225 145.222 0.100024 0.987165 -0.124504 -25.5965 -0.620781 -0.0358743 -0.783163 -5.56067
-0.76187 0.156693 0.628491 145.774 0.099675 0.987103 -0.125272 -25.7191 -0.640015 -0.0327961 -0.767662 -6.25468
-0.745063 0.159953 0.647531 146.362 0.0999872 0.986634 -0.128671 -25.8435 -0.659457 -0.031123 -0.751098 -6.94994
-0.725463 0.165933 0.66796 146.969 0.102454 0.985726 -0.133598 -25.9719 -0.680593 -0.0284853 -0.732108 -7.66366
-0.709787 0.1657 0.68465 147.582 0.0986531 0.985744 -0.136296 -26.1 -0.697474 -0.0291982 -0.716015 -8.27154
-0.689494 0.167153 0.70474 148.183 0.0975213 0.98557 -0.13835 -26.2266 -0.717696 -0.0266641 -0.695846 -8.8868
-0.668814 0.166475 0.724551 148.826 0.0933978 0.985699 -0.140264 -26.3629 -0.737539 -0.0261393 -0.674798 -9.50492
-0.64817 0.166783 0.743006 149.444 0.0893724 0.985638 -0.143282 -26.494 -0.756232 -0.0264669 -0.653767 -10.0625
-0.629332 0.166352 0.759123 150.085 0.0845162 0.985678 -0.145933 -26.6222 -0.772527 -0.0276822 -0.634378 -10.5751
-0.609283 0.166016 0.775379 150.739 0.0803892 0.985732 -0.147886 -26.7515 -0.788867 -0.0277722 -0.613936 -11.0821
-0.58778 0.165641 0.791882 151.4 0.0773897 0.985839 -0.148768 -26.8839 -0.805311 -0.0261596 -0.592276 -11.5696
-0.562727 0.1662 0.809763 152.076 0.0752112 0.985811 -0.150067 -27.0264 -0.823214 -0.0235433 -0.567242 -12.0637
-0.535426 0.170157 0.827264 152.834 0.0753641 0.985213 -0.153867 -27.1729 -0.841213 -0.0200383 -0.540332 -12.5851
-0.507793 0.170446 0.844449 153.557 0.0719246 0.985197 -0.155605 -27.3194 -0.858471 -0.0182782 -0.512536 -13.0469
-0.48243 0.168319 0.859611 154.279 0.0661531 0.985562 -0.155855 -27.4614 -0.873433 -0.018323 -0.486599 -13.442
-0.452293 0.166849 0.876124 155.057 0.063007 0.985868 -0.155222 -27.6126 -0.889641 -0.0150038 -0.456414 -13.8742
-0.422981 0.168442 0.890345 155.834 0.0595077 0.985613 -0.158195 -27.7529 -0.904183 -0.0139311 -0.426919 -14.2476
-0.391129 0.17237 0.90405 156.632 0.0570181 0.984956 -0.163128 -27.8935 -0.918568 -0.0122568 -0.395073 -14.6111
-0.359516 0.174018 0.916769 157.456 0.05515 0.984703 -0.165286 -28.0479 -0.931508 -0.00886306 -0.363614 -14.9401
-0.325415 0.174796 0.929275 158.315 0.0546681 0.984599 -0.166059 -28.2135 -0.94399 -0.00323641 -0.329959 -15.2713
-0.292528 0.17526 0.940059 159.143 0.0509888 0.984522 -0.167683 -28.3635 -0.954897 -0.0011193 -0.296936 -15.539
-0.258784 0.17431 0.950077 159.938 0.0490897 0.984685 -0.167289 -28.5116 -0.964687 0.0033473 -0.263378 -15.7658
-0.225948 0.172787 0.958693 160.791 0.0440141 0.984949 -0.167146 -28.6618 -0.973144 0.00442963 -0.230153 -15.9641
-0.19036 0.17096 0.966714 161.642 0.0417779 0.985239 -0.166009 -28.8246 -0.980825 0.0087859 -0.194692 -16.1476
-0.156088 0.170552 0.972907 162.513 0.0378124 0.98529 -0.166656 -28.9851 -0.987019 0.0107749 -0.160241 -16.2904
-0.118727 0.170223 0.978227 163.333 0.0356167 0.985291 -0.167129 -29.136 -0.992288 0.0149986 -0.123043 -16.4189
-0.0848936 0.169918 0.981795 164.149 0.0310782 0.985324 -0.167841 -29.2846 -0.995905 0.0162638 -0.0889284 -16.4837
-0.050388 0.170789 0.984018 165.032 0.0268591 0.985145 -0.169609 -29.4393 -0.998368 0.0178836 -0.0542268 -16.529
-0.0167945 0.170884 0.985148 165.913 0.0192218 0.98516 -0.170558 -29.5947 -0.999674 0.0160719 -0.0198299 -16.5464
0.0173696 0.170696 0.985171 166.76 0.0152913 0.985159 -0.170964 -29.7442 -0.999732 0.0180341 0.0145016 -16.5411
0.0525701 0.169529 0.984122 167.664 0.0122266 0.985302 -0.170385 -29.9298 -0.998542 0.0209896 0.0497247 -16.5183
0.0862103 0.168034 0.982004 168.549 0.0106949 0.985461 -0.169564 -30.0987 -0.99622 0.0251206 0.0831598 -16.4549
0.116115 0.166764 0.979136 169.39 0.00648868 0.985656 -0.168644 -30.2424 -0.993215 0.0259355 0.113368 -16.3438
0.147181 0.165709 0.97513 170.347 0.00314234 0.985783 -0.167994 -30.4193 -0.989105 0.0277897 0.144568 -16.2061
0.176235 0.166137 0.970227 171.222 -6.16009e-05 0.985656 -0.168768 -30.5746 -0.984348 0.0296831 0.173717 -16.0396
0.203133 0.166849 0.964831 172.053 -0.00604882 0.98557 -0.169162 -30.7277 -0.979132 0.0285263 0.201211 -15.8465
0.234257 0.164994 0.958071 172.981 -0.00603396 0.985721 -0.168281 -30.9036 -0.972156 0.03364 0.231908 -15.6353
0.265504 0.162398 0.950334 173.865 -0.00587417 0.985966 -0.166846 -31.0725 -0.964092 0.0387157 0.262732 -15.408
0.296761 0.159929 0.941465 174.764 -0.00572537 0.986157 -0.165716 -31.2426 -0.954934 0.0437879 0.293569 -15.1461
0.326431 0.15921 0.931716 175.559 -0.00558404 0.98602 -0.166532 -31.3876 -0.945205 0.0491586 0.322756 -14.8781
0.356525 0.157762 0.92087 176.36 -0.00632984 0.986026 -0.166473 -31.5363 -0.934264 0.0535229 0.352541 -14.5914
0.385265 0.155807 0.909558 177.137 -0.00748135 0.986138 -0.165756 -31.6782 -0.922776 0.0570551 0.38109 -14.2773
0.413656 0.154049 0.897306 177.908 -0.00911302 0.986232 -0.165114 -31.8284 -0.910388 0.0601234 0.409365 -13.937
0.44178 0.154774 0.883672 178.709 -0.0110602 0.98587 -0.167144 -31.9862 -0.897055 0.0640673 0.437249 -13.5432
0.471775 0.154125 0.868144 179.513 -0.0101834 0.985491 -0.169424 -32.1443 -0.88166 0.0710892 0.466499 -13.1426
0.499196 0.151777 0.853093 180.208 -0.0114027 0.985605 -0.16868 -32.2895 -0.866414 0.074477 0.49374 -12.7528
0.527022 0.148161 0.836837 180.902 -0.0125967 0.98594 -0.166627 -32.4388 -0.849758 0.0772745 0.521478 -12.3447
0.550801 0.146871 0.821613 181.578 -0.0174172 0.986204 -0.164617 -32.5807 -0.834455 0.076361 0.54576 -11.8922
0.574623 0.145177 0.805439 182.273 -0.0191808 0.98626 -0.164085 -32.7307 -0.818193 0.0788382 0.569512 -11.4154
0.594477 0.145989 0.790749 182.928 -0.0247248 0.986235 -0.163492 -32.8755 -0.803733 0.077641 0.589903 -10.9204
0.614447 0.144694 0.775576 183.592 -0.0280105 0.98642 -0.161839 -33.02 -0.78846 0.077717 0.610156 -10.4093
0.634006 0.140482 0.760461 184.236 -0.0279715 0.986884 -0.15899 -33.1594 -0.772822 0.0795291 0.62962 -9.90012
0.650599 0.137511 0.746868 184.881 -0.0286081 0.987209 -0.156841 -33.2961 -0.758882 0.0806743 0.646212 -9.34084
0.665622 0.136117 0.733771 185.503 -0.0310021 0.987421 -0.155047 -33.4316 -0.745645 0.080454 0.661469 -8.77096
0.68081 0.133408 0.720208 186.123 -0.0306437 0.9876 -0.153971 -33.5721 -0.731819 0.0827551 0.676456 -8.18769
0.69543 0.133987 0.705992 186.754 -0.03443 0.987547 -0.153508 -33.7129 -0.717769 0.0824464 0.691383 -7.56712
0.71048 0.131057 0.691405 187.361 -0.0339114 0.98774 -0.152381 -33.8521 -0.702899 0.084817 0.706214 -6.95992
0.72419 0.128763 0.677473 187.944 -0.0359561 0.988127 -0.149371 -33.9827 -0.688663 0.0838139 0.720222 -6.33524
0.736349 0.128902 0.66421 188.495 -0.0407278 0.988349 -0.146656 -34.1126 -0.675375 0.0809381 0.73302 -5.69437
0.749053 0.127782 0.65007 189.044 -0.0424722 0.988467 -0.14536 -34.2376 -0.661147 0.0812721 0.745842 -5.03824
0.762831 0.126173 0.634168 189.631 -0.0422597 0.988408 -0.145819 -34.3781 -0.645215 0.0844354 0.759321 -4.34375
0.775481 0.124548 0.618964 190.177 -0.0428904 0.988477 -0.145166 -34.5129 -0.629912 0.0860259 0.771887 -3.67682
0.788021 0.121506 0.603539 190.727 -0.0422117 0.988687 -0.143931 -34.6459 -0.614199 0.0879442 0.784235 -2.99218
0.79795 0.120749 0.590505 191.23 -0.0457458 0.989034 -0.140425 -34.7813 -0.600986 0.0850389 0.794723 -2.2962
0.808465 0.118132 0.576566 191.739 -0.0459263 0.989325 -0.138303 -34.9112 -0.586749 0.0853333 0.80526 -1.58742
0.818616 0.117872 0.562116 192.239 -0.0474746 0.989252 -0.138303 -35.0345 -0.572376 0.0865305 0.815413 -0.879699
0.829353 0.112278 0.547328 192.746 -0.0420499 0.989366 -0.139239 -35.1688 -0.557141 0.0924636 0.825254 -0.152634
0.837432 0.110618 0.535231 193.202 -0.0427422 0.98956 -0.13764 -35.2885 -0.544868 0.0923873 0.833417 0.559744
0.845745 0.106245 0.522903 193.686 -0.0401732 0.989874 -0.136149 -35.4194 -0.532073 0.0941404 0.841449 1.31743
0.853656 0.103571 0.510436 194.165 -0.0388059 0.989953 -0.135969 -35.5443 -0.51939 0.0962629 0.849098 2.07245
0.858329 0.10457 0.502331 194.654 -0.0419046 0.990028 -0.134491 -35.6824 -0.511386 0.0943875 0.854152 2.89755
0.861996 0.1035 0.496236 195.121 -0.0429887 0.990333 -0.13188 -35.8202 -0.505089 0.0923474 0.858113 3.71428
0.86557 0.100735 0.490551 195.602 -0.04137 0.990595 -0.130423 -35.9513 -0.499076 0.0925958 0.861597 4.53848
0.86766 0.100564 0.486881 196.102 -0.0420107 0.990656 -0.129751 -36.094 -0.49538 0.0921255 0.863778 5.45026
0.869619 0.101234 0.483233 196.603 -0.0431669 0.990595 -0.129839 -36.2284 -0.491833 0.0920512 0.86581 6.37825
0.871753 0.100315 0.479566 197.061 -0.0437154 0.990837 -0.127795 -36.3561 -0.487991 0.0904417 0.86815 7.22012
0.874402 0.0984032 0.475119 197.526 -0.0423106 0.990952 -0.127371 -36.4825 -0.483354 0.0912709 0.870654 8.06102
0.876851 0.0971758 0.470838 197.988 -0.0412046 0.990946 -0.127784 -36.6126 -0.478993 0.092647 0.872916 8.90818
0.878992 0.096083 0.467055 198.429 -0.0407902 0.991049 -0.127113 -36.7397 -0.475088 0.0926799 0.875044 9.74301
0.881977 0.0935747 0.46191 198.918 -0.0390225 0.991225 -0.126294 -36.882 -0.469675 0.0933637 0.877889 10.6487
0.884207 0.0924698 0.457851 199.389 -0.0384854 0.991298 -0.125884 -37.0197 -0.465507 0.0936868 0.880071 11.5516
0.885567 0.0925721 0.455193 199.862 -0.0394644 0.991392 -0.124841 -37.1677 -0.462831 0.0925913 0.881597 12.5007
0.88683 0.0931453 0.452611 200.377 -0.0407995 0.991432 -0.124091 -37.3267 -0.460291 0.0915815 0.883032 13.516
0.887347 0.0967649 0.450835 200.831 -0.0448904 0.991217 -0.124395 -37.4564 -0.458912 0.0901434 0.883897 14.4152
0.887776 0.0965743 0.45003 201.293 -0.0447311 0.991215 -0.124469 -37.5949 -0.458097 0.0903701 0.884297 15.3411
0.890206 0.0946687 0.445614 201.798 -0.0423846 0.991138 -0.125891 -37.7335 -0.453583 0.0931816 0.886329 16.2766
0.890594 0.0983354 0.444041 202.235 -0.0455646 0.990725 -0.128015 -37.8628 -0.452511 0.0937766 0.886815 17.1559
0.891056 0.0996516 0.442819 202.646 -0.0464761 0.990505 -0.129381 -37.9872 -0.451508 0.0947056 0.887227 17.9719
0.891138 0.102456 0.442014 203.054 -0.049319 0.990273 -0.130107 -38.1147 -0.451045 0.0941432 0.887522 18.794
0.891661 0.10134 0.441215 203.462 -0.0486259 0.990424 -0.129216 -38.2466 -0.450084 0.0937621 0.88805 19.6178
0.892576 0.0980566 0.440105 203.886 -0.0459657 0.99077 -0.127523 -38.3791 -0.448548 0.0935945 0.888845 20.4468
0.892355 0.0976495 0.440645 204.282 -0.0461102 0.99093 -0.126218 -38.5036 -0.448973 0.0923127 0.888764 21.2734
0.891769 0.0965187 0.442078 204.699 -0.0452274 0.991106 -0.125154 -38.6389 -0.450226 0.0916146 0.888202 22.1435
0.892205 0.0946601 0.441599 205.128 -0.0425647 0.99106 -0.126444 -38.7722 -0.449621 0.0940173 0.888258 23.0025
