1 0 0 0 0 1 0 0 0 0 1 0
0.999996 0.00181415 0.00202534 -0.0102818 -0.00180394 0.999986 -0.00503519 0.000131671 -0.00203444 0.00503152 0.999985 0.679853
0.999996 -0.00137764 0.00247255 -0.00282491 0.00139122 0.999984 -0.0055021 -0.00316314 -0.00246493 0.00550552 0.999982 1.69193
0.999992 -0.00298959 0.00267387 -0.00446054 0.00299371 0.999994 -0.00153986 -0.00429473 -0.00266925 0.00154785 0.999995 2.52817
0.999984 -0.00515862 0.00238957 -0.00636438 0.00514805 0.999977 0.004409 -0.00719906 -0.00241226 -0.00439663 0.999987 3.33446
0.999982 -0.00565116 0.00190974 -0.0185388 0.00564305 0.999975 0.0042269 -0.00655119 -0.00193358 -0.00421605 0.999989 4.19249
0.999956 -0.00936996 -7.57668e-05 -0.00695317 0.00937006 0.999955 0.00146207 -0.006546 6.20639e-05 -0.00146272 0.999999 4.90074
0.99996 -0.00892827 -0.000288613 -0.0164863 0.00892766 0.999958 -0.00203685 -0.00590959 0.000306786 0.0020342 0.999998 5.54638
0.999976 -0.00675554 -0.00117272 -0.0226024 0.00675211 0.999973 -0.00290747 -0.00345724 0.00119233 0.00289948 0.999995 6.24106
0.999986 -0.0051287 -0.00153937 -0.0334563 0.00512692 0.999986 -0.0011621 -0.00486721 0.00154531 0.00115419 0.999998 6.89604
0.999975 -0.00644522 -0.00294719 -0.0307153 0.00645209 0.999976 0.00232673 -0.0110955 0.00293213 -0.00234569 0.999993 7.55739
0.99998 -0.0056658 -0.00280482 -0.0475081 0.00567554 0.999978 0.00347679 -0.0073686 0.00278506 -0.00349264 0.99999 8.24077
0.999969 -0.00716357 -0.00321831 -0.0529533 0.00717666 0.999966 0.00407611 -0.00433389 0.00318901 -0.00409908 0.999987 8.94344
0.999971 -0.00672742 -0.0036405 -0.0632921 0.00674189 0.999969 0.00397542 -0.00195239 0.00361365 -0.00399985 0.999985 9.71176
0.99997 -0.00625893 -0.00456516 -0.0705134 0.00626942 0.999978 0.00228715 0.00193232 0.00455075 -0.0023157 0.999987 10.3617
0.999956 -0.00745803 -0.00571986 -0.0782978 0.00745987 0.999972 0.000299892 0.00246895 0.00571746 -0.000342548 0.999984 11.0196
0.999913 -0.00970821 -0.00888041 -0.0722031 0.00969916 0.999952 -0.00106184 0.00356146 0.0088903 0.000975612 0.99996 11.655
0.999928 -0.00783709 -0.00906662 -0.0942713 0.00781727 0.999967 -0.00221866 0.00552488 0.0090837 0.00214762 0.999956 12.2782
0.999911 -0.00720475 -0.0112698 -0.100974 0.00717168 0.99997 -0.00297231 0.00315621 0.0112908 0.00289122 0.999932 12.8924
0.999889 -0.00657293 -0.0133497 -0.110206 0.00653561 0.999975 -0.00283749 -0.000588017 0.013368 0.00274993 0.999907 13.5029
0.999864 -0.00727513 -0.014818 -0.121937 0.00724965 0.999972 -0.00177251 -0.00429876 0.0148305 0.00166484 0.999889 14.1348
0.999842 -0.00754462 -0.016104 -0.133805 0.00754403 0.999972 -9.76481e-05 -0.00766904 0.0161043 -2.38566e-05 0.99987 14.7624
0.999818 -0.00760455 -0.0175213 -0.146608 0.00761193 0.999971 0.000354575 -0.00760803 0.0175181 -0.000487882 0.999846 15.3451
0.999789 -0.00850754 -0.0186794 -0.161767 0.00850961 0.999964 3.14768e-05 -0.00673437 0.0186785 -0.000190425 0.999826 15.9396
0.999769 -0.00807327 -0.019934 -0.17809 0.00806305 0.999967 -0.000592668 -0.00719866 0.0199381 0.000431801 0.999801 16.5051
0.999723 -0.00769207 -0.0222251 -0.186724 0.00769152 0.99997 -0.000109967 -0.00830499 0.0222252 -6.10083e-05 0.999753 17.0641
0.999681 -0.00778118 -0.0240198 -0.194698 0.00782626 0.999968 0.00178344 -0.00795907 0.0240052 -0.00197085 0.99971 17.5964
0.999656 -0.00879481 -0.0247218 -0.209642 0.00890354 0.999951 0.00429147 -0.00668148 0.0246828 -0.00451011 0.999685 18.1328
0.999658 -0.00673075 -0.0252628 -0.227667 0.00687695 0.99996 0.00570449 -0.00644287 0.0252234 -0.00587627 0.999665 18.6728
0.999655 -0.00482575 -0.0258182 -0.246773 0.00494016 0.999978 0.00436921 -0.00469828 0.0257965 -0.00449525 0.999657 19.1948
0.999628 -0.0042106 -0.0269547 -0.263594 0.00425716 0.99999 0.0016702 -0.00297935 0.0269474 -0.00178433 0.999635 19.7246
0.999621 -0.00382351 -0.0272781 -0.283253 0.00381692 0.999993 -0.00029338 -0.0014915 0.0272791 0.00018915 0.999628 20.2231
0.999611 -0.00143829 -0.0278563 -0.304894 0.00141988 0.999999 -0.00068085 -0.00231029 0.0278572 0.000641033 0.999612 20.7168
0.999593 -0.00086651 -0.0285316 -0.326189 0.000833319 0.999999 -0.00117517 -0.00456142 0.0285325 0.00115091 0.999592 21.2062
0.999517 -0.00231527 -0.030983 -0.338588 0.00225518 0.999996 -0.00197423 -0.00669862 0.0309875 0.0019034 0.999518 21.6848
0.999472 -0.00152681 -0.0324624 -0.362687 0.00146956 0.999997 -0.00178744 -0.00929554 0.032465 0.00173879 0.999471 22.1487
0.999372 -0.00261379 -0.0353257 -0.374084 0.0025921 0.999996 -0.000659761 -0.00834728 0.0353273 0.000567779 0.999376 22.6098
0.999302 -0.00256112 -0.0372745 -0.394341 0.00263104 0.999995 0.00182697 -0.0106786 0.0372696 -0.00192376 0.999303 23.0837
0.99923 -0.00066624 -0.0392186 -0.418615 0.000803241 0.999994 0.00347761 -0.0133328 0.039216 -0.00350644 0.999225 23.5635
0.99914 0.000342851 -0.0414608 -0.439797 -0.000184127 0.999993 0.00383205 -0.0137161 0.0414618 -0.00382112 0.999133 24.0231
0.999065 0.00200662 -0.0431836 -0.461051 -0.00186816 0.999993 0.00324643 -0.0160701 0.0431898 -0.00316272 0.999062 24.462
0.998965 0.0027464 -0.0454108 -0.484091 -0.00262643 0.999993 0.00270119 -0.0153576 0.0454179 -0.00257912 0.998965 24.9169
0.99889 0.00237571 -0.0470525 -0.507387 -0.00219672 0.99999 0.00385524 -0.0138888 0.0470612 -0.0037476 0.998885 25.3501
0.998846 0.00498362 -0.0477675 -0.538746 -0.00471773 0.999973 0.00567743 -0.011334 0.0477945 -0.00544552 0.998842 25.7919
0.998833 0.00809358 -0.0476167 -0.56635 -0.00780128 0.99995 0.00632114 -0.0120726 0.0476655 -0.00594229 0.998846 26.22
0.998847 0.0128234 -0.0462552 -0.59521 -0.0126517 0.999912 0.00400291 -0.0112292 0.0463024 -0.00341309 0.998922 26.6566
0.998877 0.0145592 -0.0450843 -0.613282 -0.0145478 0.999894 0.000579166 -0.00860245 0.045088 7.73636e-05 0.998983 27.0612
0.998963 0.0144879 -0.0431713 -0.6302 -0.0145669 0.999893 -0.00151564 -0.00625029 0.0431447 0.00214294 0.999067 27.4573
0.999072 0.018319 -0.0389825 -0.658426 -0.0183749 0.999831 -0.00107724 -0.00310033 0.0389562 0.00179254 0.999239 27.853
0.999071 0.0240903 -0.0357305 -0.68062 -0.0240497 0.99971 0.0015654 -0.00376047 0.0357579 -0.00070464 0.99936 28.253
0.999113 0.0263297 -0.0328547 -0.690228 -0.0261804 0.999645 0.0049683 -0.00464563 0.0329738 -0.00410375 0.999448 28.6488
0.999095 0.0310295 -0.0290976 -0.70372 -0.0308771 0.999507 0.00567183 -0.00246167 0.0292592 -0.00476825 0.99956 29.0521
0.999085 0.035347 -0.0240966 -0.716562 -0.0352184 0.999363 0.00573972 0.000661763 0.0242841 -0.00488582 0.999693 29.4355
0.999116 0.0376688 -0.0186797 -0.724973 -0.0375293 0.999265 0.00776655 0.000654821 0.0189585 -0.00705865 0.999795 29.822
0.998979 0.0435475 -0.0120635 -0.73828 -0.0434413 0.999016 0.00892945 0.00210203 0.0124405 -0.00839628 0.999887 30.2014
0.99898 0.0448078 -0.00557686 -0.735807 -0.044759 0.998961 0.00857974 0.00193459 0.00595551 -0.00832137 0.999948 30.5744
0.99878 0.0493556 0.00175199 -0.742097 -0.049369 0.998743 0.00868469 0.00153181 -0.00132115 -0.00876059 0.999961 30.9228
0.998495 0.0540907 0.00904497 -0.744679 -0.0541669 0.998497 0.00840679 -0.000243705 -0.00857665 -0.00888408 0.999924 31.2534
0.998047 0.0601075 0.0170065 -0.744449 -0.0601974 0.998175 0.00482462 0.00829718 -0.0166854 -0.00583895 0.999844 31.5656
0.997532 0.0649141 0.0267621 -0.754049 -0.0649854 0.997885 0.00180216 0.00553329 -0.0265885 -0.00353686 0.99964 31.862
0.996819 0.0702119 0.0377018 -0.770143 -0.0703018 0.997525 0.00106329 0.00305441 -0.0375339 -0.00371042 0.999288 32.1292
0.996371 0.0711572 0.0467168 -0.765843 -0.0713359 0.99745 0.00216845 0.00238215 -0.0464433 -0.00549317 0.998906 32.3924
0.99543 0.0767554 0.0568161 -0.769822 -0.0770252 0.997026 0.00257173 0.00109686 -0.0564497 -0.00693625 0.998381 32.6458
0.995569 0.0720456 0.0604222 -0.71809 -0.0722382 0.997387 0.00100685 0.000691051 -0.0601918 -0.00536718 0.998172 32.8552
0.994808 0.0754929 0.0682509 -0.696919 -0.0756682 0.997133 -1.6439e-05 0.00118219 -0.0680565 -0.00514807 0.997668 33.0752
0.992885 0.0870218 0.0812758 -0.721173 -0.0871681 0.996192 -0.00175252 -0.00107574 -0.0811189 -0.00534461 0.99669 33.2696
0.990848 0.095532 0.0953601 -0.746842 -0.0956096 0.995412 -0.00376598 -0.003021 -0.0952824 -0.00538583 0.995436 33.4578
0.990848 0.095532 0.0953601 -0.746842 -0.0956096 0.995412 -0.00376598 -0.003021 -0.0952824 -0.00538583 0.995436 33.4578
0.990202 0.0916238 0.105384 -0.708909 -0.0911877 0.995793 -0.0089596 -0.0052035 -0.105762 -0.000737944 0.994391 33.6285
0.990472 0.0816912 0.110871 -0.617467 -0.0800969 0.99661 -0.0187659 -0.00891031 -0.112029 0.00970666 0.993658 33.7808
0.990472 0.0816912 0.110871 -0.617467 -0.0800969 0.99661 -0.0187659 -0.00891031 -0.112029 0.00970666 0.993658 33.7808
0.989341 0.0777069 0.123149 -0.558962 -0.0755681 0.996899 -0.0219514 -0.00948091 -0.124473 0.0124113 0.992145 33.9497
0.989379 0.0663065 0.129354 0.423279 -0.062314 0.997454 -0.0346762 0.000306296 -0.131324 0.0262474 0.990992 34.9635
0.988918 0.0545477 0.13808 0.554128 -0.048189 0.997636 -0.0489849 -0.00991551 -0.140426 0.0417881 0.989209 35.0593
0.988918 0.0545477 0.13808 0.554128 -0.048189 0.997636 -0.0489849 -0.00991551 -0.140426 0.0417881 0.989209 35.0593
0.987574 0.0435743 0.150996 1.32671 -0.0353283 0.997756 -0.0568705 -0.0855944 -0.153135 0.0508294 0.986897 36.0194
0.985 0.0392269 0.168037 1.39493 -0.0293792 0.997724 -0.0606956 -0.0944046 -0.170036 0.0548483 0.98391 36.1535
0.982656 0.0296557 0.183049 1.51136 -0.0169876 0.997375 -0.0703901 -0.0980932 -0.184656 0.0660598 0.980581 36.2822
0.979525 0.0212588 0.200196 1.62731 -0.00578008 0.996969 -0.0775871 -0.104905 -0.201239 0.0748414 0.976679 36.4092
0.979525 0.0212588 0.200196 1.62731 -0.00578008 0.996969 -0.0775871 -0.104905 -0.201239 0.0748414 0.976679 36.4092
0.979525 0.0212588 0.200196 1.62731 -0.00578008 0.996969 -0.0775871 -0.104905 -0.201239 0.0748414 0.976679 36.4092
0.979525 0.0212588 0.200196 1.62731 -0.00578008 0.996969 -0.0775871 -0.104905 -0.201239 0.0748414 0.976679 36.4092
0.973462 0.0129797 0.228478 1.71712 0.00539877 0.99681 -0.0796304 -0.118117 -0.228783 0.0787507 0.970287 36.5554
0.966166 0.00175039 0.257916 1.83307 0.0206505 0.996242 -0.0841188 -0.130995 -0.257094 0.0865988 0.962498 36.6927
0.956988 -0.00549206 0.290076 1.94094 0.0323952 0.995591 -0.0880253 -0.141669 -0.288313 0.0936362 0.952947 36.8329
0.945734 -0.0079525 0.324845 2.04056 0.0396312 0.99506 -0.0910199 -0.150644 -0.322517 0.0989546 0.941377 36.9858
0.932639 -0.00981735 0.360676 2.14387 0.0464808 0.994569 -0.0931188 -0.158237 -0.357804 0.103611 0.928031 37.1307
0.918782 -0.0145884 0.394496 2.2981 0.0576225 0.99357 -0.097461 -0.167777 -0.390538 0.112277 0.913715 37.2651
0.901442 -0.013812 0.432678 2.42365 0.0615255 0.993433 -0.0964698 -0.179642 -0.428504 0.113583 0.896372 37.4229
0.882286 -0.0140413 0.470504 2.55805 0.0666105 0.993221 -0.0952667 -0.192505 -0.465977 0.115393 0.87724 37.5688
0.859374 -0.0161075 0.511094 2.70562 0.0733104 0.993059 -0.0919702 -0.209251 -0.506065 0.116505 0.85459 37.7369
0.832548 -0.0217409 0.553526 2.85347 0.0830977 0.992824 -0.0859906 -0.226863 -0.547684 0.117588 0.828381 37.8949
0.803273 -0.0249418 0.595089 3.02153 0.0905188 0.992629 -0.080582 -0.237473 -0.588693 0.118596 0.79961 38.061
0.770816 -0.0264163 0.63651 3.20443 0.0959557 0.992555 -0.0750099 -0.245974 -0.62979 0.118896 0.767612 38.229
0.734896 -0.0293155 0.677546 3.40203 0.104277 0.992069 -0.0701798 -0.25546 -0.670115 0.122227 0.732125 38.3844
0.696665 -0.0326122 0.716655 3.61247 0.111977 0.991665 -0.0637266 -0.263488 -0.708603 0.124645 0.694511 38.5326
0.656604 -0.0352534 0.753411 3.83031 0.116239 0.991703 -0.0548994 -0.270769 -0.745225 0.123623 0.655254 38.6835
0.615051 -0.0374549 0.787597 4.06225 0.117755 0.992033 -0.0447801 -0.278023 -0.779645 0.120285 0.614561 38.8324
0.571501 -0.0360847 0.819808 4.30967 0.113949 0.992844 -0.0357348 -0.281192 -0.812652 0.113839 0.571523 38.9944
0.528732 -0.0362501 0.848014 4.58012 0.116332 0.992754 -0.0300953 -0.280902 -0.840779 0.114564 0.529118 39.1358
0.487096 -0.0422802 0.872324 4.88251 0.12891 0.991367 -0.0239321 -0.27812 -0.863782 0.124109 0.488342 39.2548
0.446929 -0.0511951 0.893104 5.18301 0.143287 0.989568 -0.0149795 -0.274419 -0.88302 0.134665 0.449602 39.3609
0.40817 -0.0542613 0.911292 5.4966 0.152156 0.988313 -0.00930355 -0.267517 -0.900136 0.142456 0.411656 39.47
0.3721 -0.052862 0.926686 5.82227 0.152909 0.988227 -0.00502643 -0.260918 -0.915511 0.143569 0.375802 39.5911
0.342208 -0.0542638 0.938056 6.17187 0.162045 0.986781 -0.0020322 -0.251413 -0.925546 0.152702 0.346477 39.6854
0.313793 -0.056891 0.947785 6.51356 0.166966 0.985955 0.00390303 -0.247593 -0.934696 0.157023 0.318885 39.7901
0.289533 -0.0595124 0.955316 6.86852 0.172088 0.985039 0.00920853 -0.238178 -0.941571 0.161732 0.295442 39.886
0.269387 -0.0607146 0.961116 7.20428 0.172994 0.984827 0.0137247 -0.23032 -0.947367 0.16257 0.275803 39.9819
0.254063 -0.0593558 0.965365 7.57365 0.174978 0.984466 0.0144798 -0.218601 -0.951228 0.165239 0.260502 40.0779
0.240978 -0.059448 0.968708 7.93401 0.17409 0.984581 0.0171152 -0.209673 -0.954789 0.164518 0.247611 40.1688
0.230196 -0.0585356 0.971382 8.30367 0.174478 0.984497 0.0179785 -0.19869 -0.957375 0.165346 0.236841 40.2525
0.221002 -0.0567624 0.97362 8.67738 0.179059 0.983696 0.0167051 -0.186936 -0.958695 0.170644 0.227563 40.335
0.214216 -0.0556703 0.975199 9.04568 0.182237 0.983123 0.0160918 -0.174742 -0.959636 0.17427 0.220746 40.4143
0.209917 -0.056144 0.976106 9.41964 0.182469 0.983059 0.0173029 -0.160949 -0.960541 0.174477 0.216606 40.4961
0.205994 -0.0577329 0.976849 9.78848 0.177277 0.983942 0.0207685 -0.153583 -0.962361 0.168895 0.212921 40.5882
0.203116 -0.0632884 0.977107 10.1867 0.172863 0.984552 0.0278369 -0.142443 -0.963775 0.163252 0.210918 40.6878
0.202545 -0.0692015 0.976825 10.6044 0.17438 0.984106 0.0335596 -0.126809 -0.963622 0.163541 0.211393 40.7723
0.202755 -0.0723457 0.976553 11.0629 0.179429 0.983127 0.0355792 -0.104519 -0.96265 0.168008 0.212315 40.8602
0.204042 -0.0718398 0.976323 11.5256 0.187052 0.981791 0.0331501 -0.0884565 -0.960926 0.175859 0.213764 40.9407
0.204547 -0.065351 0.976673 12.0036 0.188018 0.981813 0.0263179 -0.0755541 -0.96063 0.178249 0.213114 41.0487
0.205984 -0.0571639 0.976884 12.4514 0.186594 0.98227 0.0181341 -0.0601621 -0.9606 0.178546 0.212998 41.1604
0.207389 -0.0559894 0.976655 12.881 0.185512 0.982496 0.0169314 -0.0443613 -0.960508 0.17767 0.214146 41.266
0.209153 -0.0597898 0.976053 13.3145 0.182942 0.982899 0.0210077 -0.0346837 -0.960618 0.174167 0.216514 41.3712
0.211044 -0.0657146 0.975265 13.7636 0.180344 0.983227 0.0272253 -0.0284725 -0.960696 0.170137 0.219355 41.4837
0.214173 -0.0664666 0.974532 14.233 0.17837 0.983568 0.0278825 -0.0134741 -0.960372 0.167856 0.222509 41.5944
0.216145 -0.0626909 0.974346 14.6942 0.184859 0.982514 0.0222079 -0.00210945 -0.958701 0.175317 0.223955 41.7
0.219141 -0.0576296 0.97399 15.1389 0.185713 0.982468 0.016347 0.00676419 -0.957856 0.177301 0.226002 41.8071
0.222265 -0.0559814 0.973378 15.5765 0.180984 0.983368 0.0152292 0.0181051 -0.958041 0.172781 0.2287 41.9174
0.226726 -0.0583974 0.972206 16.0171 0.178435 0.983796 0.0174813 0.0305201 -0.957474 0.169512 0.233472 42.0264
0.230269 -0.0626689 0.971107 16.4677 0.181967 0.983095 0.0202945 0.0369019 -0.955962 0.172036 0.23778 42.141
0.233163 -0.0627261 0.970413 16.9191 0.186524 0.982273 0.0186764 0.0437763 -0.954381 0.17665 0.240729 42.2512
0.236033 -0.0581259 0.970005 17.3745 0.185358 0.982575 0.0137757 0.0506993 -0.953903 0.176546 0.242694 42.3729
0.239705 -0.0560512 0.969226 17.8127 0.18163 0.983294 0.0119447 0.0619383 -0.953704 0.173178 0.245881 42.4963
0.24341 -0.0566118 0.96827 18.2538 0.181981 0.983232 0.0117391 0.0685144 -0.952699 0.173349 0.249631 42.6117
0.247315 -0.0608082 0.967025 18.709 0.188272 0.982023 0.013601 0.0803487 -0.950468 0.1787 0.254318 42.7217
0.249253 -0.060625 0.966539 19.1504 0.190713 0.981568 0.0123861 0.0857879 -0.949474 0.181245 0.256221 42.8479
0.253025 -0.0607213 0.965552 19.5943 0.195338 0.98068 0.0104841 0.0946577 -0.947535 0.185956 0.259998 42.9591
0.255767 -0.0607487 0.964828 20.0434 0.195727 0.980609 0.0098569 0.102714 -0.946718 0.186322 0.262698 43.0844
0.259106 -0.0622673 0.96384 20.481 0.198415 0.980067 0.00997652 0.113889 -0.945249 0.188655 0.266296 43.2068
0.262047 -0.0632488 0.96298 20.9287 0.198828 0.979981 0.0102602 0.116377 -0.944351 0.188779 0.269376 43.3384
0.265376 -0.0626143 0.96211 21.3851 0.1988 0.979999 0.00894423 0.126408 -0.943427 0.188894 0.272516 43.4671
0.268585 -0.0602792 0.961368 21.829 0.196471 0.980487 0.0065882 0.132644 -0.943006 0.187112 0.275188 43.6017
0.272723 -0.0610717 0.960152 22.2845 0.200919 0.979594 0.00523893 0.142804 -0.940879 0.191484 0.279428 43.7187
0.275004 -0.060536 0.959535 22.7489 0.197794 0.98023 0.00515374 0.144647 -0.940878 0.188373 0.281541 43.8666
0.276218 -0.0587044 0.959301 23.2086 0.192964 0.981196 0.00448278 0.144347 -0.941525 0.183872 0.282352 44.0233
0.279409 -0.0579409 0.958423 23.6862 0.190763 0.981629 0.00373075 0.148445 -0.941032 0.181789 0.285329 44.1714
0.283316 -0.0560748 0.957386 24.1689 0.190081 0.981768 0.0012529 0.15035 -0.940001 0.181626 0.288809 44.3164
0.285315 -0.0522249 0.95701 24.6439 0.187466 0.982268 -0.00228629 0.147476 -0.939921 0.180059 0.290046 44.4779
0.288751 -0.0501869 0.956088 25.1124 0.187953 0.982164 -0.00520849 0.149604 -0.938774 0.181203 0.293034 44.6227
0.293463 -0.0474608 0.954791 25.5861 0.184587 0.982785 -0.00788212 0.151709 -0.93798 0.178555 0.297172 44.7656
0.29695 -0.0475844 0.953707 26.0577 0.182223 0.983227 -0.00768034 0.151314 -0.937345 0.176068 0.30064 44.9194
0.300192 -0.0473425 0.952703 26.5324 0.183478 0.982983 -0.00896586 0.147676 -0.936067 0.177492 0.30377 45.0748
0.304044 -0.0458104 0.951556 27.0072 0.183016 0.983047 -0.0111516 0.146728 -0.934913 0.177541 0.307274 45.233
0.308589 -0.0448441 0.950138 27.5159 0.180796 0.983444 -0.0123035 0.144258 -0.933855 0.175578 0.311587 45.4001
0.312416 -0.046099 0.948826 28.0186 0.178481 0.983882 -0.0109655 0.140113 -0.933028 0.172773 0.315608 45.5769
0.316783 -0.0467797 0.947344 28.5448 0.179617 0.98367 -0.0114887 0.132553 -0.931336 0.173799 0.320012 45.7567
0.32195 -0.0421982 0.945816 29.0557 0.17596 0.984268 -0.0159819 0.126754 -0.930261 0.171571 0.32431 45.9403
0.327826 -0.0341493 0.944121 29.5577 0.175716 0.984113 -0.0254177 0.118905 -0.928253 0.174229 0.328618 46.1218
0.335349 -0.0295671 0.94163 30.0423 0.174662 0.984131 -0.0313019 0.109227 -0.925761 0.174964 0.335192 46.2963
0.342041 -0.0252822 0.939345 30.5282 0.169818 0.984842 -0.0353284 0.0959991 -0.924213 0.171601 0.34115 46.4908
0.349247 -0.0265598 0.936654 30.9937 0.167635 0.985243 -0.0345681 0.0799707 -0.921914 0.169089 0.348546 46.6689
0.355728 -0.0279599 0.934171 31.4798 0.166998 0.985367 -0.0341 0.0611556 -0.919548 0.168135 0.355192 46.8667
0.362001 -0.0306298 0.931674 31.9556 0.165269 0.985735 -0.031808 0.0451451 -0.91741 0.165491 0.3619 47.0626
0.369906 -0.0359108 0.928375 32.4367 0.164585 0.985981 -0.0274387 0.0311837 -0.914375 0.162946 0.37063 47.2524
0.375538 -0.0411634 0.925892 32.9145 0.160172 0.986864 -0.0210909 0.0170052 -0.912861 0.156222 0.377199 47.4695
0.382748 -0.0442297 0.922793 33.4264 0.160661 0.98682 -0.0193388 -0.000846475 -0.909776 0.155658 0.384809 47.6874
0.390077 -0.0433264 0.919762 33.9541 0.162947 0.986375 -0.0226424 -0.0125794 -0.90625 0.158704 0.391822 47.9084
0.395542 -0.0377005 0.917674 34.4507 0.164048 0.98599 -0.0302018 -0.0269934 -0.903679 0.162489 0.396185 48.1266
0.400487 -0.0340457 0.91567 34.91 0.163305 0.985963 -0.0347654 -0.0401569 -0.901633 0.163457 0.400425 48.3334
0.405351 -0.0307468 0.913644 35.3492 0.161635 0.986098 -0.0385265 -0.0579512 -0.899758 0.163294 0.404685 48.5335
0.410927 -0.030748 0.911149 35.7764 0.15992 0.986366 -0.0388374 -0.0744665 -0.897532 0.16167 0.410242 48.7283
0.415031 -0.0343602 0.909158 36.2035 0.163812 0.985778 -0.0375241 -0.0908042 -0.894939 0.164504 0.414757 48.9277
0.418821 -0.0397709 0.907198 36.6281 0.162926 0.98612 -0.0319864 -0.105554 -0.893333 0.161203 0.419487 49.132
0.421222 -0.0445432 0.905863 37.0563 0.159637 0.986841 -0.0257056 -0.124311 -0.892798 0.155437 0.42279 49.3437
0.424672 -0.0464087 0.904157 37.5067 0.155859 0.987523 -0.0225175 -0.138153 -0.89183 0.150483 0.426607 49.5634
0.4272 -0.0453698 0.903018 37.9665 0.152732 0.988009 -0.0226143 -0.155947 -0.891164 0.14758 0.429007 49.7971
0.429454 -0.043383 0.902046 38.4278 0.151503 0.988151 -0.0246046 -0.169337 -0.89029 0.147229 0.430938 50.0217
0.430529 -0.037929 0.901779 38.8627 0.14564 0.988943 -0.0279367 -0.188759 -0.890749 0.143363 0.431293 50.2457
0.432559 -0.0343773 0.90095 39.3125 0.145263 0.988875 -0.0320104 -0.205646 -0.889827 0.144721 0.43274 50.4657
0.434273 -0.0289397 0.900316 39.7452 0.143836 0.988887 -0.0375937 -0.223396 -0.889223 0.145824 0.433609 50.683
0.435506 -0.0265916 0.899793 40.1776 0.143772 0.988787 -0.0403647 -0.237366 -0.888631 0.146944 0.434446 50.9008
0.437231 -0.0254034 0.898991 40.5904 0.14054 0.98925 -0.0403987 -0.252372 -0.888301 0.144008 0.436101 51.1056
0.437763 -0.0284794 0.898639 40.9826 0.14133 0.989252 -0.0374961 -0.270337 -0.887913 0.143419 0.437083 51.2994
0.438513 -0.0312336 0.898182 41.3697 0.142463 0.989176 -0.035156 -0.287286 -0.887362 0.143374 0.438216 51.4882
0.43857 -0.0324379 0.898111 41.7664 0.143959 0.988979 -0.0345788 -0.300158 -0.887092 0.144456 0.438407 51.6787
0.438239 -0.0332372 0.898244 42.1545 0.144213 0.98897 -0.033765 -0.314936 -0.887214 0.144336 0.438199 51.8614
0.437746 -0.0320894 0.898526 42.5292 0.144236 0.988926 -0.0349514 -0.326073 -0.887454 0.1449 0.437526 52.0376
0.435647 -0.0290708 0.899648 42.8934 0.142885 0.989039 -0.0372316 -0.344079 -0.888704 0.144766 0.435025 52.2193
0.432601 -0.0246235 0.901249 43.2354 0.141273 0.98913 -0.0407869 -0.364659 -0.890448 0.144967 0.431378 52.3968
0.43207 -0.0243729 0.901511 43.5784 0.14396 0.98868 -0.0422667 -0.374239 -0.890276 0.148044 0.430688 52.5508
0.430761 -0.0255642 0.902104 43.9017 0.144721 0.988619 -0.0410894 -0.384875 -0.890787 0.148253 0.429558 52.6986
0.428609 -0.0282265 0.903049 44.2294 0.144665 0.98876 -0.037756 -0.397954 -0.891833 0.146822 0.427875 52.8533
0.427033 -0.0319118 0.903673 44.5679 0.145169 0.988833 -0.0336808 -0.412583 -0.892507 0.145568 0.426897 53.0109
0.425064 -0.0341386 0.904519 44.8978 0.149985 0.988131 -0.0331886 -0.426748 -0.892651 0.149771 0.42514 53.1595
0.423098 -0.0338268 0.905452 45.2252 0.153756 0.98749 -0.0349554 -0.43916 -0.892943 0.154009 0.423006 53.3098
0.421802 -0.0334621 0.90607 45.552 0.158948 0.986572 -0.0375599 -0.447643 -0.892647 0.159861 0.421457 53.4474
0.420257 -0.0316345 0.906854 45.8576 0.15806 0.986666 -0.03883 -0.461196 -0.893533 0.159656 0.419653 53.5911
0.419307 -0.0291325 0.907377 46.1621 0.157597 0.986646 -0.0411497 -0.474257 -0.894061 0.160255 0.418299 53.7336
0.41821 -0.0312421 0.907813 46.4679 0.160264 0.986268 -0.0398878 -0.485042 -0.894101 0.162171 0.417474 53.8701
0.419457 -0.0345143 0.907119 46.7783 0.167414 0.985078 -0.0399328 -0.49393 -0.892204 0.168615 0.418976 53.9979
0.423412 -0.0385477 0.905117 47.0994 0.176285 0.983502 -0.0405798 -0.496845 -0.88862 0.17674 0.423222 54.1194
0.425178 -0.0397127 0.904238 47.411 0.179305 0.982933 -0.0411413 -0.50648 -0.887172 0.179627 0.425042 54.2624
0.429561 -0.0399731 0.902153 47.7254 0.178979 0.98297 -0.0416673 -0.518684 -0.885124 0.179365 0.4294 54.4072
0.43474 -0.0389512 0.899713 48.0357 0.177531 0.983166 -0.0432183 -0.532333 -0.882884 0.178515 0.434336 54.563
0.440631 -0.0401537 0.89679 48.3413 0.178581 0.982953 -0.043733 -0.544754 -0.879746 0.17942 0.44029 54.7178
0.447497 -0.0391338 0.893429 48.651 0.176339 0.983289 -0.0452539 -0.557164 -0.876728 0.177797 0.446919 54.8808
0.453452 -0.0402604 0.890371 48.9511 0.175614 0.983432 -0.0449688 -0.572604 -0.873809 0.176752 0.453009 55.0558
0.462265 -0.0398057 0.885848 49.2652 0.172723 0.983899 -0.0459206 -0.587954 -0.869758 0.174233 0.461697 55.2237
0.471816 -0.0411044 0.880738 49.5927 0.174237 0.983561 -0.0474363 -0.603137 -0.86431 0.175838 0.471221 55.3948
0.480537 -0.0359264 0.876238 49.9114 0.168871 0.984252 -0.0522551 -0.618411 -0.860562 0.173081 0.479037 55.5858
0.489416 -0.0329969 0.871426 50.2309 0.165183 0.984701 -0.0554852 -0.635393 -0.856263 0.1711 0.487379 55.7728
0.499741 -0.0300332 0.865654 50.5535 0.162321 0.98494 -0.0595356 -0.654582 -0.85083 0.170266 0.49709 55.9669
0.509795 -0.0290596 0.859805 50.8867 0.162451 0.984701 -0.0630398 -0.67553 -0.844819 0.171814 0.506716 56.1625
0.519095 -0.0285409 0.85424 51.207 0.161211 0.984773 -0.065061 -0.69562 -0.839375 0.171486 0.515792 56.3616
0.528577 -0.02794 0.848425 51.5299 0.160048 0.984814 -0.0672801 -0.718686 -0.833661 0.171352 0.525022 56.5656
0.537834 -0.0260862 0.842647 51.8625 0.156271 0.985284 -0.0692407 -0.73988 -0.828441 0.168921 0.533996 56.7883
0.548199 -0.0316106 0.83575 52.2071 0.158452 0.985113 -0.0666744 -0.76235 -0.821201 0.168977 0.545047 57.0039
0.557573 -0.0390894 0.829207 52.5646 0.162291 0.984748 -0.0627057 -0.787674 -0.814109 0.169536 0.555413 57.2419
0.567639 -0.0441485 0.822093 52.9464 0.164539 0.984499 -0.0607407 -0.815933 -0.806668 0.169745 0.566104 57.5008
0.576039 -0.0458843 0.816133 53.3259 0.162201 0.984986 -0.0591062 -0.84261 -0.801168 0.166425 0.574833 57.7786
0.583661 -0.0486933 0.810536 53.723 0.167487 0.983955 -0.0614947 -0.862793 -0.794536 0.171646 0.582452 58.0672
0.590351 -0.0548053 0.805284 54.1336 0.173243 0.983044 -0.0601005 -0.885396 -0.788335 0.17499 0.589835 58.367
0.594948 -0.0649341 0.801137 54.5658 0.181578 0.981822 -0.0552664 -0.912387 -0.782985 0.17835 0.595924 58.6905
0.599725 -0.0697908 0.797157 55.0243 0.185506 0.981177 -0.0536598 -0.948672 -0.778407 0.180058 0.601383 59.0529
0.605713 -0.0707427 0.792532 55.5058 0.188024 0.980557 -0.056176 -0.982334 -0.773149 0.183042 0.607237 59.4226
0.613066 -0.0671658 0.787171 56.0156 0.191849 0.979212 -0.0658644 -1.01497 -0.766384 0.191397 0.613207 59.7994
0.617633 -0.0629109 0.783946 56.4458 0.193435 0.978327 -0.0738884 -1.04771 -0.762307 0.197279 0.616416 60.1601
0.622808 -0.0613936 0.779962 56.8888 0.192425 0.978314 -0.0766464 -1.08759 -0.758342 0.19782 0.621115 60.5115
0.628314 -0.0600033 0.775643 57.3142 0.187258 0.979372 -0.0759261 -1.13394 -0.755087 0.192951 0.626589 60.8503
0.63431 -0.0561581 0.771036 57.7704 0.182124 0.980142 -0.0784402 -1.17837 -0.75132 0.19018 0.631941 61.2065
0.638578 -0.0542659 0.767641 58.2376 0.182453 0.979746 -0.0825173 -1.22687 -0.747615 0.192752 0.635545 61.5871
0.642988 -0.0504485 0.764213 58.6493 0.180074 0.979813 -0.0868277 -1.26876 -0.744406 0.193444 0.639092 61.9309
0.646458 -0.0472583 0.761484 59.0785 0.177113 0.98011 -0.0895332 -1.31879 -0.742107 0.192749 0.64197 62.2999
0.650294 -0.0478213 0.758176 59.4613 0.175046 0.980594 -0.0882885 -1.36609 -0.739241 0.190129 0.646045 62.6306
0.653451 -0.0503755 0.755291 59.8412 0.174741 0.980873 -0.0857584 -1.41596 -0.736524 0.188019 0.649755 62.9646
0.656157 -0.0521988 0.752817 60.2148 0.174054 0.981175 -0.0836733 -1.46033 -0.734277 0.185934 0.65289 63.3014
0.659006 -0.0534332 0.750238 60.6037 0.173908 0.981269 -0.0828728 -1.50537 -0.731757 0.185086 0.655954 63.6467
0.662512 -0.0516866 0.747266 60.9797 0.17214 0.981422 -0.0847332 -1.54894 -0.729003 0.184771 0.659101 63.9793
0.664842 -0.0516566 0.745196 61.341 0.173141 0.981095 -0.0864621 -1.58997 -0.726642 0.186507 0.661216 64.3002
0.66672 -0.053371 0.743395 61.6961 0.17467 0.980843 -0.0862362 -1.62945 -0.724551 0.187344 0.66327 64.619
0.66819 -0.0553754 0.741927 62.0468 0.177545 0.980283 -0.0867335 -1.66719 -0.722496 0.18968 0.664847 64.9296
0.669456 -0.0533191 0.740935 62.3592 0.173836 0.980971 -0.0864735 -1.70837 -0.722225 0.186692 0.665986 65.2289
0.671046 -0.0540418 0.739443 62.6808 0.174881 0.980736 -0.0870281 -1.74762 -0.720496 0.187714 0.66757 65.5214
0.674661 -0.0540356 0.736147 63.0028 0.176642 0.980157 -0.0899416 -1.78088 -0.716679 0.190715 0.670819 65.7921
0.676351 -0.0549227 0.734529 63.2989 0.179161 0.979534 -0.091728 -1.82167 -0.714458 0.193639 0.672349 66.0691
0.677982 -0.0554627 0.732983 63.6085 0.180073 0.979298 -0.0924599 -1.86366 -0.712681 0.194676 0.673934 66.3654
0.679311 -0.0559766 0.731712 63.8887 0.18031 0.979252 -0.0924838 -1.90478 -0.711354 0.194761 0.67531 66.6418
0.682263 -0.056979 0.728883 64.1716 0.181087 0.979063 -0.092968 -1.94196 -0.708325 0.19542 0.678297 66.904
0.685851 -0.0587295 0.725368 64.4678 0.183541 0.978477 -0.0943191 -1.97559 -0.704216 0.197823 0.681869 67.1676
0.690057 -0.0620923 0.721086 64.7625 0.187791 0.977552 -0.0955337 -2.00719 -0.698968 0.201337 0.686227 67.4233
0.692952 -0.063355 0.718195 65.0527 0.189753 0.977039 -0.0968949 -2.04429 -0.695565 0.203423 0.689063 67.7009
0.696372 -0.0635167 0.714865 65.3377 0.190918 0.97658 -0.0992086 -2.08228 -0.691821 0.205567 0.692189 67.975
0.699957 -0.0649383 0.711226 65.6201 0.193914 0.975727 -0.101753 -2.12078 -0.687355 0.20914 0.69556 68.2475
0.703991 -0.0617263 0.707521 65.9012 0.191908 0.97569 -0.105828 -2.16062 -0.683789 0.210281 0.698723 68.5309
0.708885 -0.0570567 0.703013 66.1679 0.18977 0.975398 -0.112192 -2.20123 -0.679316 0.212942 0.702272 68.8041
0.713489 -0.0493365 0.698927 66.4098 0.183992 0.975703 -0.118952 -2.24334 -0.676077 0.213468 0.705231 69.0752
0.718844 -0.0435922 0.693803 66.6475 0.179814 0.975727 -0.124998 -2.28323 -0.671514 0.21461 0.709234 69.331
0.724136 -0.0388725 0.68856 66.8864 0.175861 0.975812 -0.129858 -2.32501 -0.666858 0.215126 0.713457 69.5944
0.729239 -0.03816 0.683194 67.1135 0.172758 0.976365 -0.129866 -2.36183 -0.662091 0.212731 0.718596 69.8406
0.734712 -0.0380866 0.677309 67.342 0.167698 0.977632 -0.126937 -2.40037 -0.657324 0.206845 0.724665 70.0914
0.739204 -0.037648 0.672429 67.5702 0.16101 0.979363 -0.122166 -2.44452 -0.653952 0.198573 0.73001 70.3658
0.743609 -0.0365957 0.667612 67.8007 0.153811 0.981084 -0.11754 -2.49277 -0.650683 0.19009 0.735172 70.6453
0.748423 -0.0386263 0.662096 68.0432 0.152613 0.981543 -0.115248 -2.53619 -0.645425 0.187299 0.740504 70.9298
0.753652 -0.0338414 0.656402 68.2956 0.146868 0.982093 -0.117994 -2.58006 -0.640655 0.185331 0.745126 71.2336
0.758695 -0.0307407 0.650721 68.5383 0.144195 0.982033 -0.121729 -2.62215 -0.635287 0.186186 0.749496 71.5271
0.763612 -0.0274142 0.645093 68.7833 0.141424 0.981939 -0.125678 -2.666 -0.629997 0.1872 0.753697 71.8289
0.76824 -0.0245094 0.639693 69.0161 0.137883 0.982148 -0.127961 -2.7135 -0.625136 0.186507 0.757905 72.1276
0.773332 -0.0229102 0.633587 69.2565 0.134819 0.982433 -0.129031 -2.75625 -0.619501 0.185203 0.762835 72.4308
0.778407 -0.0188709 0.627477 69.4932 0.127579 0.983444 -0.12869 -2.80714 -0.61466 0.180226 0.767927 72.7429
0.783401 -0.0196799 0.621205 69.7292 0.125773 0.983839 -0.127444 -2.85701 -0.608658 0.177971 0.773216 73.0575
0.788473 -0.020266 0.614735 69.9762 0.123833 0.984222 -0.126385 -2.91045 -0.602474 0.175776 0.778542 73.3943
0.794478 -0.0204627 0.606949 70.2367 0.123114 0.984106 -0.127975 -2.96208 -0.594683 0.176397 0.78437 73.7383
0.800234 -0.0169286 0.59945 70.489 0.117807 0.984561 -0.129462 -3.01465 -0.588003 0.174219 0.789873 74.0964
0.806498 -0.016701 0.591001 70.7513 0.116414 0.984518 -0.131041 -3.07175 -0.579663 0.174485 0.795956 74.4584
0.811632 -0.0160026 0.58395 71.0054 0.114499 0.984593 -0.13216 -3.12594 -0.572838 0.174127 0.80096 74.8252
0.816211 -0.0180252 0.577473 71.2744 0.115346 0.984475 -0.132302 -3.18059 -0.566123 0.174596 0.805618 75.1923
0.818727 -0.0208228 0.573806 71.535 0.117654 0.984222 -0.132156 -3.23904 -0.562 0.17571 0.808258 75.5674
0.820776 -0.0235919 0.570763 71.7952 0.120249 0.983895 -0.132254 -3.2996 -0.55845 0.177185 0.810394 75.9498
0.822844 -0.0275817 0.567597 72.068 0.124272 0.983379 -0.132371 -3.36093 -0.554512 0.179457 0.812596 76.3423
0.825241 -0.03366 0.563777 72.3447 0.129912 0.982769 -0.131485 -3.42024 -0.549637 0.181748 0.815394 76.735
0.826887 -0.0391236 0.561005 72.6067 0.134769 0.982294 -0.130137 -3.47585 -0.545981 0.183214 0.817519 77.1305
0.828176 -0.0437288 0.55876 72.8777 0.138732 0.981921 -0.128778 -3.53522 -0.543027 0.184169 0.81927 77.5413
0.8305 -0.0448744 0.555208 73.1556 0.138692 0.982017 -0.12809 -3.59629 -0.539476 0.183382 0.821789 77.9606
0.832241 -0.0416454 0.552848 73.4292 0.135685 0.98215 -0.130272 -3.66164 -0.537555 0.18343 0.823036 78.3938
0.835251 -0.0351869 0.548742 73.7049 0.128345 0.982861 -0.132333 -3.72751 -0.53468 0.18096 0.825452 78.8222
0.837459 -0.029313 0.545713 73.9614 0.120532 0.983878 -0.132122 -3.79065 -0.533042 0.176423 0.827491 79.241
0.839315 -0.0317421 0.542718 74.2275 0.120279 0.984397 -0.128436 -3.85279 -0.530173 0.173076 0.830037 79.6648
0.84172 -0.0312067 0.539011 74.5012 0.115232 0.985709 -0.122877 -3.91737 -0.527474 0.165539 0.833288 80.1158
0.844613 -0.0360216 0.534164 74.8065 0.115977 0.986353 -0.116866 -3.98204 -0.522664 0.160658 0.837264 80.5927
0.847971 -0.04118 0.528441 75.1218 0.119202 0.986255 -0.114422 -4.04824 -0.516465 0.160018 0.841224 81.0888
0.85116 -0.0451865 0.522958 75.4576 0.124081 0.985373 -0.116811 -4.1182 -0.510031 0.164314 0.844316 81.618
0.853433 -0.049596 0.518837 75.7778 0.132307 0.98347 -0.123621 -4.18939 -0.504129 0.174148 0.845888 82.1497
0.856407 -0.051737 0.513703 76.0972 0.138866 0.981385 -0.132668 -4.26407 -0.497277 0.184953 0.847649 82.6788
0.860048 -0.0525702 0.507497 76.3984 0.1412 0.980352 -0.137738 -4.33811 -0.490285 0.19012 0.850573 83.1934
0.863804 -0.0565884 0.50064 76.6794 0.143002 0.980344 -0.135925 -4.41157 -0.483108 0.189005 0.854918 83.6878
0.867941 -0.0629045 0.492667 76.9885 0.147319 0.979913 -0.134419 -4.49083 -0.474315 0.189247 0.859774 84.2043
0.871229 -0.0664739 0.486355 77.2782 0.150785 0.979127 -0.136284 -4.56898 -0.467144 0.19207 0.863068 84.7199
0.874236 -0.0681085 0.480701 77.5739 0.155084 0.977415 -0.14356 -4.64324 -0.460067 0.200054 0.865053 85.2411
0.876818 -0.0668333 0.476155 77.8429 0.153779 0.977258 -0.146009 -4.72209 -0.455568 0.201246 0.867155 85.7472
0.879057 -0.0704842 0.471477 78.1215 0.156364 0.976925 -0.14549 -4.80328 -0.450343 0.201616 0.869795 86.249
0.880374 -0.0762252 0.468115 78.3853 0.159859 0.976936 -0.141565 -4.88508 -0.446528 0.199463 0.872254 86.7423
0.881014 -0.0832143 0.465713 78.6741 0.165765 0.9763 -0.13914 -4.96585 -0.443098 0.199783 0.873929 87.264
0.881242 -0.0884526 0.464316 78.9643 0.17003 0.975898 -0.136796 -5.04445 -0.441025 0.199498 0.875042 87.8009
0.881695 -0.0905338 0.463052 79.2542 0.171481 0.975792 -0.135733 -5.12518 -0.439554 0.19908 0.875877 88.3369
0.881884 -0.0900877 0.462779 79.5397 0.17064 0.976017 -0.135178 -5.20524 -0.439503 0.19818 0.876106 88.8811
0.882171 -0.0885737 0.462525 79.8404 0.169674 0.975971 -0.136719 -5.29001 -0.439301 0.199087 0.876002 89.4398
0.882125 -0.0843674 0.463398 80.1283 0.16574 0.976506 -0.137718 -5.37513 -0.440892 0.198288 0.875384 89.9905
0.881391 -0.081705 0.465268 80.4268 0.163717 0.97672 -0.13862 -5.4637 -0.443111 0.198351 0.874248 90.5549
0.880951 -0.0815855 0.466122 80.7235 0.163576 0.976806 -0.13818 -5.54069 -0.444037 0.197976 0.873863 91.092
0.879676 -0.0793303 0.46891 81.013 0.161054 0.977422 -0.136777 -5.62974 -0.447472 0.195839 0.872591 91.6447
0.878414 -0.0801202 0.471137 81.3069 0.161473 0.977627 -0.134806 -5.70854 -0.449795 0.194491 0.871698 92.1881
0.87717 -0.0795667 0.473542 81.6073 0.159465 0.978476 -0.130979 -5.79444 -0.452928 0.190404 0.870978 92.7469
0.875034 -0.0847563 0.476584 81.9226 0.164875 0.977867 -0.128814 -5.8763 -0.455118 0.191293 0.86964 93.3144
0.873287 -0.0824488 0.480179 82.2406 0.165398 0.977216 -0.133011 -5.96768 -0.458273 0.195577 0.867027 93.8904
0.871654 -0.0726495 0.484708 82.5416 0.160021 0.976942 -0.141339 -6.04936 -0.463264 0.200763 0.863181 94.4452
0.869659 -0.0664821 0.489156 82.8377 0.157257 0.976578 -0.146854 -6.13343 -0.467936 0.204636 0.859744 94.9773
0.867735 -0.0682288 0.492323 83.1231 0.157379 0.977283 -0.141948 -6.2137 -0.471454 0.200654 0.85876 95.4678
0.865562 -0.0689204 0.496037 83.4233 0.155524 0.978505 -0.135427 -6.29969 -0.476041 0.194366 0.857675 95.9914
0.86346 -0.0700323 0.499532 83.7381 0.154502 0.979436 -0.129749 -6.38593 -0.480173 0.189212 0.856523 96.5352
0.861042 -0.0706034 0.503608 84.066 0.155977 0.979249 -0.129396 -6.46743 -0.484022 0.189967 0.854187 97.0992
0.859129 -0.0726285 0.50658 84.4035 0.158558 0.978945 -0.128553 -6.54702 -0.486577 0.190766 0.852556 97.6568
0.856898 -0.0758592 0.509874 84.7684 0.164067 0.977812 -0.130253 -6.63655 -0.48868 0.195267 0.850331 98.2499
0.854098 -0.0765919 0.514441 85.1171 0.166824 0.977181 -0.131483 -6.72313 -0.492631 0.19812 0.847386 98.8301
0.851486 -0.076454 0.518774 85.4817 0.169548 0.976314 -0.134402 -6.80577 -0.496211 0.202398 0.844281 99.4121
0.848988 -0.0760186 0.522915 85.8614 0.169923 0.976311 -0.133951 -6.89323 -0.500345 0.202578 0.841794 100.022
0.846284 -0.0730721 0.527696 86.2019 0.167175 0.976939 -0.132824 -6.98064 -0.505821 0.200625 0.838984 100.581
0.842649 -0.0734302 0.533433 86.5393 0.168508 0.97686 -0.131716 -7.05965 -0.511418 0.200878 0.835524 101.119
0.838983 -0.069002 0.539766 86.8864 0.165221 0.977402 -0.131862 -7.14152 -0.518469 0.199811 0.831424 101.671
0.834349 -0.061228 0.547825 87.2073 0.16132 0.977423 -0.136452 -7.22002 -0.527102 0.202224 0.82539 102.19
0.830139 -0.0554488 0.554793 87.5297 0.158433 0.977484 -0.13937 -7.30147 -0.534574 0.203594 0.820232 102.687
0.825737 -0.0551374 0.561355 87.8707 0.161017 0.976842 -0.140904 -7.37798 -0.540585 0.206738 0.815492 103.175
0.820754 -0.057597 0.56837 88.19 0.159408 0.978478 -0.131036 -7.45306 -0.54859 0.198151 0.812271 103.647
0.816369 -0.0587678 0.574534 88.5282 0.154574 0.98075 -0.119319 -7.52661 -0.556461 0.186217 0.809737 104.133
0.811093 -0.0628899 0.581526 88.9254 0.156319 0.981347 -0.1119 -7.60612 -0.563642 0.181665 0.805795 104.687
0.806884 -0.0612808 0.587522 89.3247 0.153262 0.982263 -0.108031 -7.67516 -0.570481 0.177213 0.801965 105.224
0.801022 -0.0610175 0.595517 89.766 0.156046 0.981683 -0.10931 -7.74793 -0.577939 0.180488 0.795871 105.807
0.795661 -0.0618007 0.602581 90.2101 0.160936 0.980597 -0.111933 -7.82407 -0.583972 0.186038 0.790169 106.387
0.790456 -0.0569316 0.609867 90.6212 0.164103 0.978956 -0.12131 -7.89878 -0.590126 0.195971 0.783164 106.921
0.784142 -0.0564095 0.618012 90.9957 0.167458 0.978152 -0.123192 -7.96825 -0.597561 0.200091 0.776457 107.403
0.778579 -0.0602767 0.624645 91.3764 0.17093 0.978111 -0.118667 -8.03396 -0.603819 0.199162 0.77184 107.876
0.772144 -0.0655162 0.632061 91.7604 0.174618 0.978255 -0.111918 -8.10921 -0.610985 0.196786 0.766794 108.35
0.766846 -0.0657911 0.63845 92.1612 0.175296 0.978382 -0.109729 -8.17621 -0.617429 0.196063 0.761801 108.832
0.761526 -0.0620726 0.645155 92.5584 0.172143 0.979023 -0.108998 -8.24252 -0.624856 0.194064 0.756237 109.313
0.75701 -0.0675019 0.649907 92.9509 0.179442 0.977883 -0.107447 -8.30683 -0.62828 0.197959 0.75238 109.747
0.752717 -0.0744646 0.65412 93.3536 0.185521 0.977308 -0.102229 -8.36972 -0.631664 0.198303 0.749451 110.2
0.749063 -0.0780736 0.657883 93.7605 0.188593 0.977075 -0.0987784 -8.42544 -0.635089 0.198064 0.746614 110.654
0.746391 -0.0802219 0.660655 94.1861 0.189948 0.977094 -0.0959515 -8.48208 -0.637825 0.197107 0.744532 111.12
0.742184 -0.0775873 0.66569 94.5998 0.188872 0.977231 -0.0966773 -8.54788 -0.643032 0.197483 0.73994 111.598
0.738971 -0.0751421 0.669534 95.0137 0.189217 0.976911 -0.0992015 -8.61229 -0.646621 0.199994 0.736128 112.062
0.736845 -0.0709661 0.672327 95.4046 0.189955 0.976146 -0.105148 -8.66557 -0.648827 0.20519 0.732748 112.488
0.733803 -0.06592 0.676157 95.7646 0.18515 0.977011 -0.105684 -8.72698 -0.653646 0.202741 0.729139 112.904
0.732485 -0.0701523 0.677159 96.1278 0.185959 0.977467 -0.0998885 -8.78001 -0.654893 0.19909 0.729025 113.287
0.730519 -0.0777602 0.67845 96.5086 0.190044 0.977398 -0.0926057 -8.82792 -0.655915 0.196586 0.728786 113.689
0.728221 -0.0835239 0.680234 96.9055 0.19474 0.976851 -0.0885336 -8.88383 -0.657093 0.196941 0.727629 114.103
0.725665 -0.0860153 0.68265 97.297 0.199569 0.975816 -0.0891898 -8.93504 -0.658469 0.200958 0.725282 114.522
0.724075 -0.0851247 0.684448 97.6708 0.202505 0.974856 -0.0929868 -8.9778 -0.659323 0.205934 0.723107 114.909
