1 0 0 0 0 1 0 0 0 0 1 0
1 -0.000933816 -5.60678e-05 -0.00688232 0.000933909 0.999998 0.0016813 -0.0156833 5.44977e-05 -0.00168135 0.999999 1.02316
0.999997 -0.00249519 -0.000355239 -0.0107877 0.00249575 0.999996 0.00156915 -0.0310097 0.000351322 -0.00157003 0.999999 2.04716
0.999997 -0.0024643 0.000307631 -0.028594 0.00246417 0.999997 0.000427545 -0.047108 -0.000308684 -0.000426786 1 3.18412
0.99999 -0.00436849 -0.000267883 -0.0270977 0.00436863 0.99999 0.000505002 -0.0656645 0.000265674 -0.000506168 1 4.30079
0.999981 -0.00613153 -0.000796874 -0.0206948 0.00613283 0.99998 0.00163021 -0.0857633 0.000786863 -0.00163506 0.999998 5.34408
0.999978 -0.0066861 -1.20335e-05 -0.0301126 0.00668611 0.999975 0.00247118 -0.0961262 -4.48928e-06 -0.0024712 0.999997 6.29623
0.999967 -0.00808242 -0.000905421 -0.0271938 0.00808539 0.999962 0.00332239 -0.116222 0.000878533 -0.0033296 0.999994 7.28132
0.99998 -0.00619205 -0.000906916 -0.0399607 0.00619346 0.99998 0.0015605 -0.133006 0.000897235 -0.00156609 0.999998 8.4531
0.999999 -0.00130537 -0.000439813 -0.0558684 0.0013052 0.999999 -0.000389761 -0.152485 0.000440322 0.000389186 1 9.44732
1 -8.80658e-05 -3.90706e-05 -0.0640499 8.80088e-05 0.999999 -0.00145714 -0.166527 3.91989e-05 0.00145713 0.999999 10.4308
0.999999 0.00151803 -0.000231066 -0.0707205 -0.00151837 0.999998 -0.00146408 -0.185361 0.000228843 0.00146443 0.999999 11.3887
0.999998 0.00201009 -0.000463553 -0.0744839 -0.00201042 0.999998 -0.000701142 -0.202682 0.000462143 0.000702072 1 12.3567
1 -0.000749267 0.000307581 -0.0857984 0.000748724 0.999998 0.0017604 -0.214707 -0.0003089 -0.00176017 0.999998 13.2792
0.999984 -0.00561393 4.06643e-05 -0.0811251 0.00561376 0.999978 0.00340419 -0.228431 -5.97743e-05 -0.00340391 0.999994 14.2377
0.999977 -0.00672319 0.000870242 -0.0922539 0.00672229 0.999977 0.00102889 -0.243705 -0.000877139 -0.00102302 0.999999 15.1841
0.999975 -0.00692117 0.00125723 -0.0974345 0.00692203 0.999976 -0.000682964 -0.261805 -0.00125248 0.00069165 0.999999 16.1186
0.999988 -0.00449692 0.00183595 -0.103944 0.00450078 0.999988 -0.00210219 -0.282657 -0.00182648 0.00211043 0.999996 17.1011
0.999996 -0.00194143 0.00191243 -0.108231 0.0019426 0.999998 -0.000608786 -0.290458 -0.00191124 0.000612499 0.999998 18.0725
0.999996 -0.000586059 0.00278437 -0.116381 0.000577976 0.999996 0.00290302 -0.306187 -0.00278606 -0.0029014 0.999992 19.0621
0.999991 -0.00201878 0.00361052 -0.117912 0.00200209 0.999987 0.00461975 -0.315714 -0.0036198 -0.00461248 0.999983 20.0713
0.999983 -0.00402996 0.00410692 -0.121384 0.00402041 0.999989 0.00233065 -0.324583 -0.00411627 -0.0023141 0.999989 21.1818
0.999984 -0.00423691 0.00367697 -0.113589 0.00423367 0.999991 0.000886806 -0.354607 -0.00368069 -0.000871225 0.999993 22.3155
0.999978 -0.0047467 0.00453927 -0.114846 0.0047555 0.999987 -0.00193087 -0.36461 -0.00453005 0.00195241 0.999988 23.2413
0.999983 -0.00211045 0.00535134 -0.120915 0.00212308 0.999995 -0.00235541 -0.384289 -0.00534635 0.00236673 0.999983 24.1394
0.999988 -0.00193887 0.00459675 -0.113381 0.00195914 0.999988 -0.00440859 -0.403454 -0.00458815 0.00441754 0.99998 25.0566
0.999989 -0.000317269 0.00473469 -0.117122 0.000335379 0.999993 -0.00382467 -0.420961 -0.00473344 0.00382621 0.999981 25.9941
0.999987 -0.000639392 0.00496342 -0.121537 0.00065009 0.999997 -0.00215388 -0.443746 -0.00496203 0.00215708 0.999985 26.9143
0.999982 0.00326692 0.00508806 -0.129668 -0.00325984 0.999994 -0.00139863 -0.455597 -0.0050926 0.00138202 0.999986 27.8376
0.999953 0.00796614 0.00559188 -0.142213 -0.00795693 0.999967 -0.00166759 -0.468654 -0.00560498 0.00162302 0.999983 28.7746
0.999921 0.0112467 0.00563202 -0.146979 -0.0112337 0.999934 -0.00232758 -0.486975 -0.00565782 0.00226413 0.999981 29.8318
0.999915 0.0120426 0.00498624 -0.147959 -0.0120335 0.999926 -0.00183801 -0.509824 -0.005008 0.00177785 0.999986 30.7878
0.999942 0.0101838 0.00358997 -0.140419 -0.0101783 0.999947 -0.00154475 -0.530751 -0.00360552 0.00150812 0.999992 31.8316
0.999949 0.00942998 0.00348777 -0.142796 -0.00942349 0.999954 -0.0018717 -0.548335 -0.00350526 0.00183874 0.999992 32.8145
0.999978 0.00648251 0.00172246 -0.128657 -0.00647853 0.999976 -0.00230858 -0.567579 -0.00173738 0.00229737 0.999996 33.8306
0.999985 0.00544601 0.000219249 -0.13221 -0.00544563 0.999984 -0.00170804 -0.590913 -0.000228547 0.00170682 0.999999 34.8621
0.999965 0.00832152 -0.000607168 -0.146407 -0.00832222 0.999965 -0.00116164 -0.602759 0.00059748 0.00116665 0.999999 35.9334
0.999948 0.0101883 -0.000945168 -0.167057 -0.0101902 0.999946 -0.00205588 -0.61974 0.000924171 0.00206541 0.999997 37.0041
0.999945 0.0100354 -0.00297675 -0.169084 -0.01004 0.999948 -0.00154889 -0.641409 0.00296105 0.00157869 0.999994 38.0192
0.999922 0.0115065 -0.00481999 -0.168072 -0.0115101 0.999933 -0.000725957 -0.66401 0.00481131 0.00078138 0.999988 39.1895
0.999934 0.00952898 -0.00642726 -0.170606 -0.00952648 0.999955 0.000419405 -0.686919 0.00643097 -0.000358148 0.999979 40.3459
0.999936 0.00884699 -0.00710362 -0.180039 -0.00884599 0.999961 0.000172546 -0.70142 0.00710487 -0.000109697 0.999975 41.4946
0.99995 0.00665747 -0.00747769 -0.194889 -0.00665895 0.999978 -0.00017208 -0.723952 0.00747638 0.000221865 0.999972 42.5615
0.999953 0.0060264 -0.00763419 -0.206167 -0.00603039 0.999982 -0.000499621 -0.739246 0.00763104 0.000545634 0.999971 43.7221
0.999963 0.00630919 -0.00592229 -0.229587 -0.00631012 0.99998 -0.00013886 -0.755245 0.0059213 0.000176225 0.999982 44.7094
0.999974 0.00425676 -0.00586051 -0.23676 -0.00425425 0.999991 0.000441848 -0.776024 0.00586234 -0.000416905 0.999983 45.7143
0.999975 0.00483858 -0.0052153 -0.246657 -0.00483849 0.999988 3.02828e-05 -0.795759 0.00521539 -5.0478e-06 0.999986 46.7116
0.999983 0.00273705 -0.00514617 -0.251358 -0.00274318 0.999996 -0.00118506 -0.815089 0.0051429 0.00119916 0.999986 47.6904
0.999984 0.00186175 -0.0053075 -0.251685 -0.00187082 0.999997 -0.00170494 -0.838456 0.00530431 0.00171485 0.999984 48.7136
0.999981 0.00247803 -0.00570517 -0.254604 -0.00248698 0.999996 -0.00156363 -0.864968 0.00570127 0.00157779 0.999983 49.6824
0.99997 0.00567877 -0.00533672 -0.267045 -0.00568146 0.999984 -0.000488899 -0.879516 0.00533386 0.000519204 0.999986 50.648
0.999958 0.00732811 -0.00555199 -0.273517 -0.00732496 0.999973 0.000587036 -0.898976 0.00555614 -0.000546343 0.999984 51.6548
0.999932 0.0103093 -0.00550105 -0.285062 -0.0103068 0.999947 0.000475548 -0.914728 0.00550566 -0.000418817 0.999985 52.6815
0.999895 0.0135475 -0.00506121 -0.304081 -0.0135467 0.999908 0.000200278 -0.937466 0.00506346 -0.000131695 0.999987 53.934
0.999875 0.0150455 -0.00480766 -0.32429 -0.0150486 0.999887 -0.00061782 -0.953418 0.00479782 0.000690091 0.999988 55.1127
0.999812 0.0187902 -0.0048162 -0.315582 -0.0187947 0.999823 -0.000885679 -0.981807 0.00479871 0.000976032 0.999988 56.2374
0.999855 0.016291 -0.00500054 -0.324749 -0.0162923 0.999867 -0.000212385 -1.00799 0.00499641 0.000293825 0.999987 57.4031
0.999861 0.0157698 -0.00535837 -0.330336 -0.0157714 0.999876 -0.000261536 -1.038 0.00535358 0.000346008 0.999986 58.523
0.999869 0.0150303 -0.00595508 -0.336175 -0.0150372 0.999886 -0.00111027 -1.06141 0.00593771 0.00119968 0.999982 59.5827
0.999869 0.0145966 -0.00695448 -0.34144 -0.014603 0.999893 -0.000866241 -1.09564 0.0069411 0.000967684 0.999975 60.7767
0.999883 0.0128918 -0.00823784 -0.342126 -0.0128989 0.999916 -0.000807442 -1.12231 0.00822675 0.000913606 0.999966 62.0522
0.999891 0.0122965 -0.00818685 -0.378713 -0.0123073 0.999923 -0.00127613 -1.14124 0.00817053 0.00137675 0.999966 63.2231
0.999865 0.0136809 -0.00905059 -0.396522 -0.0136923 0.999906 -0.00120008 -1.1594 0.00903331 0.00132385 0.999958 64.6151
0.999881 0.0109423 -0.0108598 -0.405997 -0.0109506 0.99994 -0.000699131 -1.18796 0.0108515 0.000817969 0.999941 65.7716
0.999894 0.00791972 -0.0122423 -0.415255 -0.00791546 0.999969 0.000396981 -1.21606 0.0122451 -0.000300036 0.999925 66.8588
0.99989 0.00552368 -0.0137753 -0.430326 -0.00551188 0.999984 0.000894465 -1.23566 0.0137801 -0.000818438 0.999905 67.9298
0.999876 0.00364085 -0.0153297 -0.443589 -0.00361939 0.999992 0.0014277 -1.26612 0.0153347 -0.00137204 0.999881 69.0239
0.999868 0.00308318 -0.0159766 -0.46304 -0.00306621 0.999995 0.00108688 -1.29464 0.0159799 -0.00103775 0.999872 70.1518
0.999841 -0.00236177 -0.0176972 -0.462846 0.00235618 0.999997 -0.000336714 -1.30123 0.017698 0.000294963 0.999843 71.2065
0.999827 -0.00305552 -0.0183651 -0.479095 0.00303892 0.999995 -0.000931642 -1.32425 0.0183678 0.000875671 0.999831 72.2038
0.999807 -0.00601264 -0.0187297 -0.494201 0.00599115 0.999981 -0.00120347 -1.34728 0.0187366 0.00109102 0.999824 73.2308
0.999807 -0.00572289 -0.0187782 -0.518719 0.00568525 0.999982 -0.00205772 -1.36729 0.0187896 0.00195057 0.999822 74.3177
0.999815 -0.00532609 -0.0184644 -0.544408 0.00529076 0.999984 -0.00196177 -1.38665 0.0184745 0.00186372 0.999828 75.3304
0.99985 -0.000958504 -0.0172927 -0.584298 0.000937941 0.999999 -0.0011972 -1.39994 0.0172939 0.0011808 0.99985 76.3276
0.999829 -0.00266343 -0.0182858 -0.601385 0.00266616 0.999996 0.0001249 -1.42191 0.0182854 -0.000173631 0.999833 77.3523
0.99983 -0.00340019 -0.0181249 -0.62463 0.00337088 0.999993 -0.00164717 -1.43775 0.0181303 0.0015858 0.999834 78.3616
0.99982 -0.00295761 -0.0187522 -0.634991 0.00287602 0.999986 -0.00437627 -1.45576 0.0187649 0.00432155 0.999815 79.3691
0.999807 -0.00551723 -0.0188612 -0.659646 0.00541437 0.99997 -0.0055002 -1.48053 0.018891 0.00539702 0.999807 80.3411
0.999768 -0.00841457 -0.0198263 -0.668454 0.00832685 0.999955 -0.00450275 -1.50098 0.0198633 0.00433662 0.999793 81.3488
0.99973 -0.012615 -0.0195149 -0.686113 0.012557 0.999916 -0.00308762 -1.5165 0.0195522 0.00284174 0.999805 82.3285
0.999712 -0.0150434 -0.0187181 -0.706791 0.0149954 0.999884 -0.00270087 -1.53793 0.0187566 0.00241941 0.999821 83.3315
0.99961 -0.0204112 -0.0190622 -0.717853 0.0203316 0.999784 -0.00435654 -1.55781 0.019147 0.00396727 0.999809 84.3398
0.999611 -0.0198573 -0.0196087 -0.729819 0.0197277 0.999782 -0.00677975 -1.58174 0.0197391 0.00639028 0.999785 85.2972
0.99966 -0.0178787 -0.0189877 -0.749309 0.0177003 0.999798 -0.00952539 -1.60045 0.0191541 0.00918607 0.999774 86.2493
0.999744 -0.0142748 -0.0175828 -0.774043 0.0141148 0.999858 -0.00919049 -1.62861 0.0177115 0.00893996 0.999803 87.1962
0.99976 -0.0139164 -0.0169014 -0.792676 0.0137924 0.999877 -0.00743396 -1.65077 0.0170027 0.00719907 0.99983 88.1213
0.999835 -0.0106616 -0.0146735 -0.824881 0.0105891 0.999931 -0.00500871 -1.67704 0.0147259 0.0048525 0.99988 89.0306
0.999772 -0.015174 -0.0150147 -0.830062 0.0151096 0.999876 -0.00439869 -1.70031 0.0150796 0.00417083 0.999878 89.9545
0.999752 -0.0168058 -0.0146101 -0.837171 0.0167348 0.999848 -0.00497012 -1.72577 0.0146914 0.00472439 0.999881 90.9556
0.999837 -0.0131189 -0.0124073 -0.869302 0.0130525 0.9999 -0.00540976 -1.74965 0.0124771 0.00524693 0.999908 91.9537
0.999838 -0.0136025 -0.0118155 -0.880129 0.0135376 0.999893 -0.00556107 -1.77537 0.0118899 0.00540021 0.999915 92.9014
0.999813 -0.0155564 -0.0114871 -0.887969 0.0154824 0.999859 -0.00650285 -1.79805 0.0115866 0.00632378 0.999913 93.8553
0.999821 -0.0151783 -0.0112733 -0.89231 0.0150984 0.99986 -0.0071444 -1.82232 0.0113802 0.00697291 0.999911 94.815
0.999772 -0.0186918 -0.0103526 -0.904829 0.0186175 0.999801 -0.00722519 -1.84466 0.0104856 0.0070308 0.99992 95.7721
0.999729 -0.0208924 -0.0102666 -0.915028 0.0208325 0.999766 -0.00591059 -1.87427 0.0103877 0.00569511 0.99993 96.7158
0.999652 -0.0241398 -0.0106771 -0.917842 0.024087 0.999697 -0.00504328 -1.89683 0.0107956 0.00478434 0.99993 97.7022
0.999626 -0.024976 -0.0111257 -0.920371 0.0249253 0.999678 -0.00467126 -1.92535 0.0112388 0.0043922 0.999927 98.7252
0.999601 -0.0262627 -0.0103923 -0.946936 0.026216 0.999646 -0.00460631 -1.95284 0.0105096 0.00433203 0.999935 99.7663
0.999553 -0.0277052 -0.0112129 -0.960661 0.0276553 0.999607 -0.00457782 -1.96439 0.0113353 0.00426568 0.999927 100.745
0.999597 -0.0262839 -0.0106773 -0.989258 0.0262362 0.999645 -0.00458384 -1.99696 0.010794 0.00430187 0.999932 101.804
0.999477 -0.0296791 -0.0128578 -0.991714 0.0296232 0.999551 -0.00451087 -2.02296 0.012986 0.00412762 0.999907 102.808
0.99945 -0.0302293 -0.0136179 -1.01758 0.030177 0.999536 -0.00402811 -2.0403 0.0137334 0.00361495 0.999899 103.811
0.999394 -0.0312871 -0.01528 -1.03058 0.0312224 0.999503 -0.00445418 -2.05661 0.0154117 0.0039744 0.999873 104.821
0.999466 -0.0289009 -0.015245 -1.06517 0.0288357 0.999574 -0.0044804 -2.08194 0.015368 0.00403841 0.999874 105.872
0.999406 -0.02998 -0.0169958 -1.07972 0.029894 0.999539 -0.00529097 -2.10596 0.0171466 0.00477975 0.999842 106.939
0.999343 -0.0313264 -0.0182348 -1.10038 0.0312219 0.999495 -0.00598784 -2.12925 0.0184132 0.00541458 0.999816 108.028
0.999225 -0.0345983 -0.0187593 -1.12651 0.0344499 0.999373 -0.00817601 -2.15547 0.0190304 0.00752342 0.999791 109.015
0.999023 -0.0394754 -0.0198842 -1.14895 0.0393063 0.999188 -0.00882647 -2.18198 0.0202165 0.00803627 0.999763 109.976
0.998655 -0.0473181 -0.021187 -1.1642 0.0471824 0.998863 -0.00686222 -2.20442 0.0214876 0.00585334 0.999752 110.974
0.998264 -0.0540979 -0.0232953 -1.17806 0.0539907 0.998528 -0.00520532 -2.22852 0.0235426 0.00393855 0.999715 111.936
0.997873 -0.0603604 -0.0246298 -1.19503 0.0601614 0.99815 -0.00874318 -2.2523 0.025112 0.00724282 0.999658 112.964
0.997873 -0.0603739 -0.024583 -1.21599 0.0600994 0.998123 -0.0117548 -2.28057 0.0252465 0.0102524 0.999629 113.927
0.998018 -0.058036 -0.0243277 -1.23934 0.0577157 0.998239 -0.0136689 -2.31362 0.0250781 0.0122377 0.999611 114.867
0.997927 -0.059656 -0.0241335 -1.26213 0.0593385 0.998144 -0.0136668 -2.34705 0.024904 0.0122065 0.999615 115.878
0.997558 -0.0650256 -0.0254985 -1.2626 0.0647782 0.997845 -0.0104112 -2.37541 0.0261205 0.00873401 0.999621 116.914
0.997132 -0.0711343 -0.0258524 -1.27834 0.0709607 0.99745 -0.00757262 -2.40212 0.0263252 0.00571639 0.999637 117.802
0.996865 -0.0747249 -0.0260092 -1.30213 0.0745738 0.997193 -0.00673559 -2.42254 0.0264395 0.00477487 0.999639 118.763
0.996907 -0.0743435 -0.0254694 -1.33534 0.0742015 0.997222 -0.0064793 -2.45349 0.0258803 0.0045694 0.999655 119.82
0.996935 -0.0739807 -0.0254424 -1.35209 0.0738503 0.997251 -0.00602786 -2.47523 0.0258184 0.00413046 0.999658 120.779
0.996998 -0.0733573 -0.0247776 -1.38424 0.0732039 0.997292 -0.00704371 -2.50078 0.0252272 0.00520875 0.999668 121.879
0.997254 -0.0698345 -0.0246523 -1.40527 0.0696226 0.99753 -0.00934991 -2.52449 0.0252443 0.00760788 0.999652 122.854
0.9975 -0.0664979 -0.0239111 -1.43341 0.0662765 0.997752 -0.00993462 -2.54897 0.024518 0.00832504 0.999665 123.793
0.997526 -0.06593 -0.0244131 -1.45238 0.0657217 0.997795 -0.00924161 -2.5721 0.0249685 0.00761427 0.999659 124.773
0.997588 -0.0647558 -0.0250044 -1.48083 0.0645441 0.997873 -0.00918367 -2.60539 0.0255459 0.00754763 0.999645 125.777
0.997725 -0.0626 -0.0250348 -1.52059 0.0623011 0.997979 -0.0125489 -2.62916 0.0257697 0.0109607 0.999608 126.873
0.997975 -0.0581304 -0.0258217 -1.55362 0.0577559 0.998218 -0.0150195 -2.66431 0.0266488 0.0134978 0.999554 127.896
0.9981 -0.0554128 -0.026925 -1.57648 0.0549977 0.99836 -0.0159201 -2.69912 0.027763 0.0144091 0.999511 128.941
0.998283 -0.0517687 -0.0274084 -1.60472 0.0513756 0.998569 -0.0148601 -2.72713 0.0281385 0.0134265 0.999514 129.877
0.99839 -0.0494886 -0.0277311 -1.63544 0.049143 0.998707 -0.0130081 -2.7625 0.028339 0.0116244 0.999531 130.899
0.998429 -0.0484217 -0.0281766 -1.67329 0.0481373 0.998784 -0.0106869 -2.80526 0.0286598 0.00931377 0.999546 132.162
0.998357 -0.0500457 -0.0279083 -1.72065 0.0497897 0.998712 -0.00979324 -2.83383 0.0283624 0.0083876 0.999563 133.266
0.998183 -0.0525396 -0.0295171 -1.74939 0.0522834 0.998588 -0.00938775 -2.86384 0.0299686 0.00782743 0.99952 134.259
0.998077 -0.0535448 -0.0312347 -1.78243 0.0531362 0.998492 -0.0137706 -2.89377 0.0319249 0.0120844 0.999417 135.294
0.998098 -0.0522051 -0.0327879 -1.8189 0.051617 0.998495 -0.0185333 -2.92108 0.033706 0.0168056 0.99929 136.313
0.998198 -0.0493348 -0.0341725 -1.85352 0.0487052 0.998632 -0.019018 -2.9567 0.035064 0.0173194 0.999235 137.301
0.998275 -0.0475408 -0.0344557 -1.90356 0.0469237 0.998727 -0.0185046 -2.98533 0.0352915 0.0168558 0.999235 138.404
0.998386 -0.045134 -0.0344861 -1.95027 0.0446287 0.998887 -0.0152844 -3.02359 0.0351376 0.0137207 0.999288 139.549
0.99836 -0.0455116 -0.0347386 -1.98441 0.0450512 0.998888 -0.0139228 -3.04928 0.0353336 0.012335 0.999299 140.572
0.998406 -0.044382 -0.0348728 -2.02972 0.0439439 0.998946 -0.0132296 -3.07766 0.0354232 0.0116761 0.999304 141.642
0.998234 -0.046655 -0.0367739 -2.04959 0.0462156 0.998851 -0.012708 -3.11491 0.0373245 0.010986 0.999243 142.927
0.998098 -0.0496221 -0.0365716 -2.11455 0.04921 0.998715 -0.012083 -3.1545 0.0371242 0.0102604 0.999258 144.306
0.997919 -0.0529079 -0.0368634 -2.14807 0.0525083 0.998552 -0.0117259 -3.19752 0.0374304 0.00976582 0.999252 145.48
0.997896 -0.0540045 -0.0358879 -2.22168 0.0536444 0.9985 -0.0109216 -3.23896 0.0364239 0.00897341 0.999296 146.983
0.997906 -0.054618 -0.0346495 -2.27538 0.0543318 0.998481 -0.00914833 -3.2731 0.0350966 0.0072466 0.999358 148.17
0.997903 -0.0553958 -0.03348 -2.32875 0.0551181 0.998438 -0.00916154 -3.30652 0.0339352 0.00729697 0.999397 149.33
0.998106 -0.0517746 -0.033213 -2.36486 0.0513345 0.998584 -0.0139695 -3.33525 0.0338893 0.0122381 0.999351 150.434
0.998438 -0.045629 -0.0322335 -2.41304 0.0450374 0.998807 -0.0188493 -3.37002 0.0330551 0.0173682 0.999303 151.487
0.998684 -0.0399694 -0.0321327 -2.44886 0.0393837 0.99905 -0.018659 -3.40776 0.032848 0.0173689 0.999309 152.531
0.998877 -0.0346417 -0.0323357 -2.48437 0.0341621 0.9993 -0.0152682 -3.44291 0.032842 0.0141464 0.99936 153.618
0.99888 -0.0346475 -0.0322381 -2.51345 0.0342274 0.999323 -0.0134937 -3.47012 0.0326838 0.0123751 0.999389 154.627
0.99867 -0.0387758 -0.0339683 -2.53735 0.0383449 0.999177 -0.0132483 -3.50133 0.034454 0.0119282 0.999335 155.68
0.998506 -0.0418546 -0.0351223 -2.57845 0.0414018 0.999051 -0.0135239 -3.53268 0.035655 0.0120495 0.999292 156.776
0.998589 -0.0405099 -0.0343486 -2.63381 0.0400514 0.9991 -0.0139331 -3.56768 0.0348821 0.0125377 0.999313 157.799
0.998525 -0.0409721 -0.0356181 -2.66968 0.0404651 0.999071 -0.0148417 -3.6018 0.0361931 0.0133785 0.999255 159.006
0.998469 -0.0416706 -0.0363676 -2.70276 0.0411466 0.99904 -0.0150389 -3.63353 0.0369594 0.0135195 0.999225 160.061
0.998384 -0.0426636 -0.0375313 -2.72879 0.0421602 0.999011 -0.0141055 -3.66876 0.038096 0.0125004 0.999196 161.06
0.998266 -0.0445623 -0.0384725 -2.76549 0.0440309 0.998924 -0.0145515 -3.70466 0.0390795 0.0128323 0.999154 162.137
0.998265 -0.0444567 -0.0386025 -2.81268 0.0438954 0.998919 -0.0152673 -3.73878 0.0392395 0.0135463 0.999138 163.187
0.998176 -0.0457977 -0.0393411 -2.85403 0.0452105 0.998854 -0.0156885 -3.77239 0.0400146 0.0138812 0.999103 164.228
0.998077 -0.0470162 -0.0403998 -2.8952 0.0464068 0.998796 -0.0158915 -3.81132 0.0410984 0.0139861 0.999057 165.373
0.998123 -0.0459812 -0.0404616 -2.94623 0.0453624 0.998841 -0.0160822 -3.84861 0.0411542 0.0142166 0.999052 166.459
0.998087 -0.0462694 -0.0410118 -2.9895 0.0456255 0.998822 -0.0165011 -3.88191 0.041727 0.0145984 0.999022 167.492
0.998032 -0.045925 -0.0426889 -3.02862 0.0452352 0.998832 -0.0169862 -3.92542 0.0434191 0.0150218 0.998944 168.762
0.997819 -0.0486319 -0.044623 -3.06273 0.0478546 0.998686 -0.0183253 -3.94859 0.0454556 0.0161499 0.998836 169.883
0.997897 -0.0471869 -0.0444461 -3.12475 0.0464098 0.998754 -0.0183566 -3.98688 0.0452569 0.0162553 0.998843 170.982
0.997743 -0.0491785 -0.0457241 -3.16413 0.0483771 0.998658 -0.018474 -4.02473 0.0465713 0.0162203 0.998783 172.035
0.997644 -0.0510917 -0.0457804 -3.21939 0.0502767 0.998559 -0.0187809 -4.0649 0.046674 0.016435 0.998775 173.198
0.997643 -0.0514716 -0.0453831 -3.28448 0.0506496 0.998534 -0.0190823 -4.10188 0.0462988 0.0167386 0.998787 174.403
0.997739 -0.0502667 -0.0446142 -3.34653 0.0494946 0.998608 -0.0182449 -4.14635 0.0454692 0.0159955 0.998838 175.579
0.997709 -0.0506244 -0.0448835 -3.4081 0.0498619 0.998595 -0.0179489 -4.19077 0.0457291 0.0156698 0.998831 176.753
0.997655 -0.0513927 -0.0452122 -3.46484 0.0505874 0.998543 -0.0187817 -4.22988 0.0461116 0.0164505 0.998801 177.997
0.997531 -0.0529698 -0.0461119 -3.5082 0.0521329 0.998456 -0.0191682 -4.2797 0.047056 0.0167169 0.998752 179.295
0.997651 -0.0505244 -0.0462668 -3.55345 0.0497179 0.998593 -0.0184209 -4.32532 0.0471324 0.0160773 0.998759 180.369
0.997611 -0.0512319 -0.0463323 -3.60874 0.050514 0.998586 -0.0165368 -4.3653 0.0471141 0.0141569 0.998789 181.554
0.997551 -0.052514 -0.046189 -3.65912 0.0518168 0.998526 -0.016166 -4.40342 0.0469698 0.013733 0.998802 182.662
0.997517 -0.0535613 -0.0457334 -3.72203 0.0527953 0.998447 -0.0177974 -4.44829 0.0466156 0.0153387 0.998795 183.901
0.997576 -0.0527208 -0.0454263 -3.77037 0.0519023 0.998471 -0.0190159 -4.49109 0.0463593 0.0166121 0.998787 184.973
0.997468 -0.0542552 -0.0459867 -3.81212 0.0534303 0.998391 -0.0189806 -4.52182 0.0469425 0.0164755 0.998762 186.019
0.9975 -0.0539713 -0.0456094 -3.87134 0.0531945 0.998421 -0.0180765 -4.56198 0.046513 0.0156051 0.998796 187.141
0.997504 -0.0538946 -0.045626 -3.93529 0.0531365 0.998431 -0.0176714 -4.60522 0.0465068 0.0152028 0.998802 188.352
0.997327 -0.0555409 -0.0474745 -3.97602 0.0547462 0.99834 -0.01788 -4.64122 0.0483887 0.0152332 0.998712 189.451
0.997305 -0.055436 -0.0480564 -4.03775 0.0546287 0.998345 -0.0179525 -4.68219 0.0489721 0.0152789 0.998683 190.735
0.997292 -0.0551856 -0.0486147 -4.10701 0.0543573 0.998356 -0.0182 -4.72478 0.0495391 0.0155081 0.998652 192.115
0.997304 -0.054718 -0.0488975 -4.16886 0.0538994 0.998386 -0.0179079 -4.76854 0.0497985 0.015224 0.998643 193.373
0.997223 -0.055982 -0.0491172 -4.22998 0.0551783 0.998322 -0.0175703 -4.813 0.0500184 0.0148113 0.998638 194.528
0.997154 -0.0572889 -0.0490001 -4.29093 0.0565193 0.998258 -0.016952 -4.85429 0.0498859 0.0141343 0.998655 195.691
0.997036 -0.0589971 -0.0493761 -4.35296 0.0582532 0.998168 -0.016374 -4.89488 0.0502516 0.0134491 0.998646 196.887
0.996917 -0.0609202 -0.0494442 -4.41235 0.0601279 0.99804 -0.0173579 -4.93112 0.0504048 0.0143314 0.998626 198.038
0.996826 -0.0618773 -0.0500989 -4.47061 0.0609995 0.99796 -0.0188645 -4.96568 0.0511639 0.0157486 0.998566 199.161
0.996487 -0.0671059 -0.0501016 -4.52581 0.0663217 0.997651 -0.0171566 -5.00509 0.0511353 0.0137736 0.998597 200.248
0.996277 -0.0700932 -0.0501907 -4.58136 0.0693989 0.997469 -0.0154474 -5.04261 0.0511465 0.0119067 0.99862 201.356
0.996349 -0.0693401 -0.0498027 -4.65128 0.0686046 0.99751 -0.0163317 -5.0806 0.0508112 0.0128554 0.998626 202.479
0.996367 -0.06943 -0.0493216 -4.71264 0.0686452 0.997489 -0.0174339 -5.11583 0.0504082 0.0139849 0.998631 203.592
0.996615 -0.0665988 -0.0481961 -4.77744 0.0658082 0.997673 -0.0178108 -5.15364 0.0492702 0.0145788 0.998679 204.677
0.996844 -0.063587 -0.0475206 -4.84733 0.0628191 0.997872 -0.0174836 -5.20016 0.0485312 0.0144433 0.998717 205.889
0.99715 -0.0594857 -0.0464031 -4.91918 0.0587338 0.998122 -0.0174027 -5.24164 0.0473511 0.0146276 0.998771 207.062
0.997445 -0.0555306 -0.0449406 -4.99346 0.0547927 0.998345 -0.017487 -5.28867 0.0458372 0.0149799 0.998837 208.26
0.997464 -0.0557019 -0.0443103 -5.0501 0.054956 0.998329 -0.017877 -5.32478 0.045232 0.0153965 0.998858 209.379
0.997539 -0.055482 -0.0428621 -5.11395 0.0547503 0.998337 -0.0180613 -5.37441 0.0437929 0.0156701 0.998918 210.49
0.997531 -0.0564151 -0.0418216 -5.16921 0.055668 0.998272 -0.018819 -5.41495 0.042811 0.0164444 0.998948 211.717
0.997697 -0.053887 -0.0411995 -5.23632 0.053163 0.998415 -0.0184719 -5.46296 0.0421296 0.0162391 0.99898 213.009
0.997655 -0.0552095 -0.0404537 -5.29309 0.0545255 0.998353 -0.0178239 -5.50515 0.0413711 0.0155764 0.999022 214.285
0.997773 -0.0535198 -0.0397987 -5.34437 0.0528551 0.998448 -0.017572 -5.55028 0.0406774 0.0154293 0.999053 215.657
0.997877 -0.0518651 -0.0393925 -5.40175 0.0511338 0.998504 -0.0193506 -5.60625 0.0403372 0.0172952 0.999036 216.943
0.997804 -0.052933 -0.0398141 -5.443 0.0520897 0.998402 -0.0219292 -5.65022 0.0409112 0.0198072 0.998966 218.203
0.997889 -0.0509432 -0.0402904 -5.50724 0.0500965 0.998507 -0.021755 -5.71145 0.0413385 0.0196907 0.998951 219.509
0.997856 -0.051009 -0.0410051 -5.57331 0.0501294 0.998496 -0.0222003 -5.76014 0.0420759 0.0200972 0.998912 220.891
0.998045 -0.0469315 -0.0412869 -5.65711 0.0460262 0.998684 -0.0226113 -5.82713 0.0422938 0.0206668 0.998891 222.503
0.998141 -0.0449175 -0.041185 -5.72453 0.0439856 0.998761 -0.0232597 -5.88052 0.0421788 0.0214049 0.998881 223.867
0.998088 -0.0448491 -0.0425246 -5.78073 0.0438746 0.998759 -0.0235788 -5.93139 0.0435293 0.021668 0.998817 225.261
0.998139 -0.0431846 -0.0430547 -5.85227 0.0421983 0.998831 -0.0235594 -5.97839 0.0440218 0.0216988 0.998795 226.612
0.998176 -0.0423987 -0.0429663 -5.92727 0.04149 0.998901 -0.0218259 -6.03451 0.0438445 0.0200034 0.998838 227.83
0.9982 -0.0404797 -0.0442399 -5.98355 0.0395827 0.998996 -0.0209682 -6.08319 0.0450443 0.0191793 0.998801 229.139
0.9983 -0.0389581 -0.0433562 -6.0523 0.0380714 0.999052 -0.0210924 -6.13535 0.0441368 0.0194059 0.998837 230.48
0.998335 -0.0387975 -0.0426781 -6.11742 0.0379119 0.999053 -0.0213675 -6.18297 0.0434667 0.0197139 0.99886 231.866
0.998274 -0.0399369 -0.04306 -6.16055 0.0390241 0.999 -0.0218351 -6.23155 0.0438889 0.020117 0.998834 233.14
0.998229 -0.041525 -0.0425902 -6.21955 0.0405813 0.998916 -0.0227884 -6.28323 0.0434903 0.0210197 0.998833 234.506
0.998205 -0.042943 -0.0417339 -6.28345 0.0419289 0.998811 -0.0248785 -6.33452 0.0427526 0.023084 0.998819 235.821
0.998099 -0.0445858 -0.0425466 -6.33591 0.0434859 0.998704 -0.0264353 -6.3823 0.0436701 0.0245349 0.998745 237.126
0.997854 -0.0465135 -0.046083 -6.37239 0.0452898 0.998602 -0.0272517 -6.4415 0.0472861 0.0251062 0.998566 238.352
0.9976 -0.0487515 -0.0491676 -6.42434 0.0474823 0.998516 -0.026662 -6.49463 0.0503945 0.0242634 0.998435 239.57
0.997492 -0.0497378 -0.0503501 -6.48253 0.0485909 0.998536 -0.0237531 -6.54314 0.0514578 0.021247 0.998449 240.768
0.997411 -0.0510391 -0.0506539 -6.54035 0.0500684 0.99854 -0.0202509 -6.6005 0.0516136 0.0176623 0.998511 242.038
0.997403 -0.0516561 -0.0501839 -6.61199 0.0507346 0.998522 -0.0194653 -6.65005 0.0511152 0.0168687 0.99855 243.268
0.997323 -0.0533509 -0.0500147 -6.67894 0.0523968 0.998422 -0.0201971 -6.70365 0.0510133 0.0175225 0.998544 244.517
0.997272 -0.0540083 -0.0503249 -6.74182 0.0530612 0.998392 -0.0199722 -6.75674 0.0513227 0.0172474 0.998533 245.789
0.997352 -0.0531421 -0.0496486 -6.83471 0.0522127 0.998439 -0.0198346 -6.80927 0.0506251 0.0171898 0.99857 247.287
0.997517 -0.05159 -0.0479412 -6.91452 0.0506708 0.998511 -0.0201963 -6.85776 0.0489118 0.017717 0.998646 248.604
0.997628 -0.0498028 -0.0475143 -6.98416 0.0488628 0.99859 -0.0207438 -6.91887 0.0484804 0.0183729 0.998655 249.969
0.997766 -0.0480519 -0.046418 -7.05466 0.0471083 0.998665 -0.0212126 -6.96896 0.0473753 0.0189785 0.998697 251.201
0.997804 -0.0483503 -0.0452786 -7.1194 0.0475154 0.998683 -0.0193381 -7.01572 0.046154 0.0171442 0.998787 252.418
0.997946 -0.046231 -0.0443501 -7.18762 0.0454454 0.998794 -0.0185631 -7.06068 0.0451548 0.0165094 0.998844 253.668
0.99797 -0.0466138 -0.0433913 -7.26211 0.0457852 0.998753 -0.0198976 -7.1073 0.0442647 0.0178705 0.99886 254.957
0.99818 -0.0425954 -0.042697 -7.33672 0.0417747 0.998928 -0.019935 -7.16361 0.0435003 0.018115 0.998889 256.395
0.998226 -0.0419692 -0.0422258 -7.41041 0.0410914 0.998925 -0.021445 -7.22189 0.0430804 0.0196719 0.998878 257.753
0.998292 -0.0401265 -0.0424616 -7.47957 0.039107 0.998933 -0.0245757 -7.28026 0.0434024 0.0228732 0.998796 259.119
0.998243 -0.0404482 -0.0433052 -7.53378 0.039432 0.998932 -0.0240692 -7.33166 0.0442325 0.0223193 0.998772 260.336
0.998304 -0.0386324 -0.0435393 -7.60237 0.0377335 0.999061 -0.0212815 -7.37256 0.0443206 0.0196025 0.998825 261.48
0.998459 -0.0350108 -0.0430534 -7.68655 0.0342334 0.99924 -0.0186625 -7.42382 0.043674 0.0171598 0.998898 262.787
0.99844 -0.0335829 -0.0446162 -7.75167 0.0327299 0.99927 -0.019714 -7.48051 0.0452457 0.0182229 0.99881 264.143
0.998459 -0.0315936 -0.0456281 -7.83615 0.0306499 0.999305 -0.0212349 -7.53572 0.0462672 0.0198037 0.998733 265.52
0.998422 -0.0305552 -0.0471165 -7.90413 0.0296404 0.999361 -0.0199946 -7.58591 0.0476973 0.0185665 0.998689 266.787
0.998271 -0.0330737 -0.048591 -7.96349 0.0321755 0.999299 -0.0191528 -7.65244 0.0491903 0.0175563 0.998635 268.261
0.998079 -0.0357585 -0.050592 -8.01375 0.0347748 0.999191 -0.020193 -7.70611 0.0512731 0.0183949 0.998515 269.675
0.998094 -0.0354147 -0.0505483 -8.09033 0.0343699 0.99918 -0.0213909 -7.75967 0.0512644 0.0196128 0.998493 271.157
0.997986 -0.036551 -0.0518388 -8.15053 0.0354664 0.999135 -0.0216907 -7.81278 0.0525868 0.0198084 0.99842 272.544
0.9979 -0.0382894 -0.0522358 -8.22526 0.0371935 0.99907 -0.021792 -7.86916 0.0530217 0.0198034 0.998397 273.921
0.997759 -0.040616 -0.0531721 -8.2913 0.0394681 0.998968 -0.0224647 -7.92792 0.0540297 0.0203157 0.998333 275.357
0.997833 -0.0393099 -0.0527564 -8.37465 0.0381214 0.999 -0.0233487 -7.97887 0.0536215 0.0212869 0.998334 276.63
0.997804 -0.0403602 -0.0525147 -8.45162 0.0391518 0.998949 -0.0238389 -8.0213 0.0534217 0.0217305 0.998336 277.862
0.99772 -0.0413719 -0.0533267 -8.51668 0.0400963 0.998889 -0.0247732 -8.07546 0.0542924 0.0225785 0.99827 279.14
0.997758 -0.0422877 -0.0518704 -8.61945 0.0409611 0.998812 -0.0263782 -8.13102 0.0529243 0.0241944 0.998305 280.522
0.997915 -0.0400955 -0.050568 -8.70375 0.0388863 0.998939 -0.0246741 -8.1891 0.0515037 0.0226563 0.998416 281.811
0.997771 -0.0423696 -0.0515519 -8.75771 0.0411393 0.998848 -0.0246965 -8.23181 0.0525389 0.0225207 0.998365 283.116
0.997852 -0.0405447 -0.0514627 -8.83333 0.0392511 0.998894 -0.025903 -8.28707 0.052456 0.0238273 0.998339 284.483
0.997912 -0.0389491 -0.0515278 -8.89846 0.0376117 0.998936 -0.0266754 -8.33879 0.052512 0.0246816 0.998315 285.752
0.99793 -0.0382735 -0.0516774 -8.96848 0.0370273 0.999005 -0.0248618 -8.41002 0.0525775 0.0228968 0.998354 287.06
0.997845 -0.0394334 -0.0524465 -9.03248 0.0382217 0.998983 -0.023909 -8.46728 0.053336 0.0218529 0.998337 288.366
0.99788 -0.0383603 -0.0525701 -9.1031 0.0371616 0.999031 -0.0235946 -8.53337 0.0534243 0.021591 0.998338 289.737
0.997869 -0.0381528 -0.0529376 -9.17921 0.0368893 0.999015 -0.0246433 -8.58896 0.0538257 0.0226379 0.998294 291.109
0.997957 -0.0375449 -0.0516866 -9.2697 0.0362842 0.999026 -0.0251184 -8.64125 0.0525793 0.0231917 0.998347 292.404
0.997952 -0.0379042 -0.0515216 -9.35438 0.0366485 0.999013 -0.0251035 -8.70411 0.0524223 0.0231639 0.998356 293.82
0.997926 -0.037509 -0.0523072 -9.42225 0.0362173 0.99902 -0.0254281 -8.76446 0.0532097 0.023481 0.998307 295.268
0.998061 -0.0346218 -0.0517298 -9.49759 0.0333505 0.999125 -0.0252394 -8.81464 0.0525584 0.0234653 0.998342 296.521
0.998246 -0.0315656 -0.0500859 -9.5897 0.0302737 0.999194 -0.0263458 -8.86262 0.0508772 0.0247833 0.998397 297.837
0.99831 -0.0301076 -0.0497025 -9.6627 0.0287829 0.999217 -0.0271571 -8.91609 0.0504812 0.0256807 0.998395 299.056
0.998443 -0.0270275 -0.0488043 -9.73753 0.0257158 0.999296 -0.0273077 -8.97179 0.049508 0.0260101 0.998435 300.31
0.99834 -0.028227 -0.0501965 -9.77877 0.0269218 0.999286 -0.0264913 -9.02613 0.0509085 0.025096 0.998388 301.521
0.998196 -0.0309244 -0.0514586 -9.82137 0.029586 0.999209 -0.02657 -9.07526 0.0522396 0.0249996 0.998322 302.795
0.998346 -0.0276326 -0.0504222 -9.90305 0.0263049 0.999294 -0.0268083 -9.1364 0.0511274 0.0254376 0.998368 304.002
0.998409 -0.0266928 -0.0496667 -9.98217 0.0254038 0.999328 -0.0264052 -9.19755 0.0503382 0.0251014 0.998417 305.281
