1 0 0 0 0 1 0 0 0 0 1 0
1 0.000336922 -0.000351785 -0.0120747 -0.000337247 1 -0.000924151 -0.00828041 0.000351473 0.000924269 1 0.401131
0.999992 -0.00317004 -0.00228036 -0.0047377 0.0031643 0.999992 -0.00251653 -0.0176809 0.00228832 0.0025093 0.999994 0.801808
0.999998 0.000889495 -0.00197905 -0.0330819 -0.000897717 0.999991 -0.00415765 -0.0291621 0.00197533 0.00415942 0.999989 1.18663
0.999994 0.00229057 -0.00242338 -0.0515506 -0.00230645 0.999976 -0.0065676 -0.0318106 0.00240827 0.00657315 0.999975 1.57019
0.999991 0.00387124 -0.0016483 -0.075431 -0.00388598 0.999952 -0.00903587 -0.0392774 0.00161324 0.0090422 0.999958 1.94323
0.999976 -0.00273991 -0.00641246 -0.0483782 0.0026728 0.999942 -0.0104511 -0.0455943 0.00644072 0.0104337 0.999925 2.33277
0.999974 0.00338395 -0.0063277 -0.0731289 -0.00344575 0.999946 -0.00978121 -0.0612229 0.00629426 0.00980277 0.999932 2.70817
0.99997 0.0047662 -0.00608529 -0.0901133 -0.00482855 0.999936 -0.0102717 -0.0718843 0.00603594 0.0103008 0.999929 3.09949
0.999957 0.00201446 -0.0090716 -0.0787402 -0.00213545 0.999909 -0.0133473 -0.0816929 0.00904388 0.013366 0.99987 3.49498
0.999938 0.00454897 -0.0102121 -0.0895668 -0.00472497 0.99984 -0.0172768 -0.0936141 0.0101319 0.017324 0.999799 3.88247
0.999909 0.00488654 -0.0125944 -0.0914166 -0.00514492 0.999775 -0.0205651 -0.108575 0.0124911 0.020628 0.999709 4.26343
0.999875 0.0067301 -0.014298 -0.0985483 -0.00702182 0.999766 -0.0204511 -0.1189 0.014157 0.020549 0.999689 4.64338
0.999837 0.0107129 -0.0145622 -0.117225 -0.0109123 0.999847 -0.0136856 -0.127954 0.0144134 0.0138422 0.9998 5.02733
0.999817 0.009951 -0.0163604 -0.117512 -0.0100044 0.999945 -0.00318232 -0.137869 0.0163279 0.00334541 0.999861 5.44758
0.99979 0.00947708 -0.0181548 -0.119801 -0.0094161 0.99995 0.00344145 -0.148975 0.0181865 -0.00326978 0.999829 5.90616
0.999752 0.00595262 -0.0214461 -0.11346 -0.00590339 0.99998 0.00235819 -0.160843 0.0214598 -0.002231 0.999767 6.39762
0.999703 0.00751862 -0.0231885 -0.123294 -0.00764177 0.999957 -0.00522702 -0.165002 0.0231482 0.00540266 0.999717 6.88186
0.999682 0.00672983 -0.0242858 -0.138676 -0.0070022 0.999913 -0.0111479 -0.168423 0.0242087 0.0113145 0.999643 7.36686
0.999642 0.00233916 -0.0266622 -0.143531 -0.00259459 0.999951 -0.00954983 -0.173151 0.0266386 0.00961559 0.999599 7.85301
0.999611 0.000275028 -0.0278793 -0.152663 -0.000290361 1 -0.0005459 -0.179606 0.0278791 0.000553782 0.999611 8.35419
0.999596 -0.00139443 -0.0284032 -0.167294 0.00159452 0.999974 0.00702334 -0.18786 0.0283926 -0.00706579 0.999572 8.89581
0.999578 -0.00253789 -0.0289292 -0.187471 0.00280885 0.999953 0.00932937 -0.191451 0.0289041 -0.0094067 0.999538 9.49171
0.999562 -0.00236994 -0.0294858 -0.208289 0.00262117 0.999961 0.00848467 -0.195124 0.0294645 -0.00855824 0.999529 10.1088
0.99958 -0.00132999 -0.0289623 -0.229673 0.00150431 0.999981 0.00599772 -0.197018 0.0289538 -0.00603877 0.999563 10.7191
0.999575 0.00138573 -0.0291167 -0.248593 -0.00130317 0.999995 0.0028544 -0.203109 0.0291205 -0.00281524 0.999572 11.3855
0.999586 -0.00252882 -0.0286615 -0.266381 0.00244524 0.999993 -0.00295098 -0.207926 0.0286688 0.00287967 0.999585 12.0447
0.999539 -0.00820644 -0.0292183 -0.269296 0.00793198 0.999923 -0.00949681 -0.216861 0.029294 0.00926067 0.999528 12.7055
0.999574 -0.00766309 -0.0281766 -0.288269 0.00724816 0.999864 -0.0147987 -0.229493 0.0282862 0.0145882 0.999493 13.3496
0.999588 -0.00572144 -0.028112 -0.311889 0.00528926 0.999867 -0.0154237 -0.245934 0.0281965 0.0152687 0.999486 14.0048
0.999544 -0.00740581 -0.0292693 -0.324403 0.00696983 0.999864 -0.0149696 -0.261071 0.0293761 0.0147588 0.999459 14.6776
0.999564 -0.00584225 -0.0289347 -0.349559 0.00536965 0.999851 -0.016384 -0.279088 0.0290261 0.0162215 0.999447 15.3354
0.999588 -0.00192288 -0.028626 -0.37785 0.00139342 0.999828 -0.0185042 -0.297422 0.0286567 0.0184567 0.999419 16.0101
0.9996 0.00203194 -0.0282114 -0.408617 -0.00258128 0.999808 -0.0194496 -0.315059 0.0281664 0.0195146 0.999413 16.7099
0.999584 0.00454664 -0.0284694 -0.433281 -0.00509937 0.999799 -0.0193725 -0.337553 0.0283756 0.0195097 0.999407 17.4159
0.999558 0.00457871 -0.0293627 -0.447074 -0.00515664 0.999794 -0.0196372 -0.361411 0.0292667 0.01978 0.999376 18.1281
0.999553 0.00570603 -0.0293624 -0.477447 -0.00628405 0.999788 -0.0196311 -0.384578 0.0292442 0.0198069 0.999376 18.8658
0.999515 0.0128441 -0.0283556 -0.530293 -0.0133799 0.999734 -0.0187886 -0.411992 0.0281068 0.0191589 0.999421 19.6422
0.999473 0.0167345 -0.0278212 -0.574522 -0.017204 0.999712 -0.0167243 -0.441929 0.0275333 0.0171941 0.999473 20.4766
0.999402 0.0183023 -0.0293458 -0.591263 -0.018761 0.999705 -0.015431 -0.470135 0.0290547 0.0159724 0.99945 21.3116
0.999394 0.0197654 -0.0286386 -0.633062 -0.0202505 0.999655 -0.0167474 -0.497026 0.0282976 0.0173172 0.99945 22.2265
0.999373 0.0210242 -0.0284849 -0.665704 -0.0215268 0.999616 -0.0174532 -0.52468 0.028107 0.0180555 0.999442 23.0643
0.999345 0.0221285 -0.0286466 -0.69826 -0.0226135 0.999604 -0.0167207 -0.548453 0.0282652 0.0173575 0.99945 23.9204
0.999339 0.0209548 -0.029691 -0.718828 -0.0213959 0.999664 -0.014618 -0.567352 0.0293747 0.0152436 0.999452 24.7126
0.999337 0.0222963 -0.0287678 -0.75868 -0.0226154 0.999686 -0.0108154 -0.591996 0.0285176 0.0114588 0.999528 25.4929
0.999295 0.0226669 -0.0299242 -0.786212 -0.0229148 0.999706 -0.00796834 -0.620738 0.0297348 0.00864843 0.99952 26.3752
0.999277 0.0215732 -0.0313006 -0.808378 -0.0218096 0.999736 -0.00723231 -0.642881 0.0311363 0.00790974 0.999484 27.2214
0.999286 0.022024 -0.0306852 -0.853553 -0.0222907 0.999716 -0.00837439 -0.666376 0.030492 0.00905241 0.999494 28.0802
0.999254 0.0210505 -0.0323678 -0.876808 -0.0213577 0.99973 -0.00917428 -0.68376 0.032166 0.00985874 0.999434 28.9197
0.999193 0.0216883 -0.0338085 -0.902217 -0.0219631 0.999729 -0.00777758 -0.706289 0.0336306 0.00851384 0.999398 29.7702
0.999121 0.0237663 -0.0345203 -0.940083 -0.023988 0.999694 -0.00602391 -0.72593 0.0343666 0.0068467 0.999386 30.6288
0.99905 0.0234556 -0.0367215 -0.962656 -0.0236074 0.999714 -0.0037058 -0.744655 0.0366241 0.00456918 0.999319 31.5191
0.998999 0.0217412 -0.0390844 -0.978973 -0.0219268 0.99975 -0.00432659 -0.765535 0.0389806 0.00517926 0.999227 32.3901
0.99896 0.0228222 -0.0394696 -1.02005 -0.0231567 0.9997 -0.00803946 -0.789475 0.0392743 0.00894509 0.999188 33.2566
0.998967 0.0233829 -0.0389638 -1.06787 -0.0238701 0.999642 -0.0120877 -0.810896 0.0386672 0.0130053 0.999168 34.1226
0.998962 0.0241473 -0.0386203 -1.10985 -0.0246242 0.999626 -0.0119206 -0.837956 0.038318 0.0128593 0.999183 34.9576
0.99895 0.0244852 -0.0387228 -1.14999 -0.0248632 0.999648 -0.00931053 -0.860772 0.0384812 0.0102635 0.999207 35.7983
0.998911 0.026456 -0.0384233 -1.18947 -0.0267444 0.999618 -0.00701028 -0.885527 0.0382231 0.00803025 0.999237 36.6295
0.998901 0.0259608 -0.0390312 -1.22229 -0.0262012 0.999641 -0.00565849 -0.908315 0.0388703 0.00667494 0.999222 37.4584
0.998905 0.027131 -0.0381221 -1.27005 -0.0274039 0.999602 -0.00665379 -0.930539 0.0379264 0.0076912 0.999251 38.3165
0.998955 0.0267975 -0.0370223 -1.31352 -0.0271377 0.999594 -0.00871559 -0.949414 0.0367737 0.00971118 0.999276 39.1316
0.998935 0.0274614 -0.0370645 -1.34565 -0.0278869 0.99955 -0.0110116 -0.973272 0.0367455 0.0120335 0.999252 39.9436
0.998969 0.0262939 -0.037009 -1.37804 -0.0268228 0.999544 -0.0138682 -0.994494 0.0366274 0.0148466 0.999219 40.7898
0.99904 0.0227018 -0.0374647 -1.40305 -0.0233693 0.999574 -0.0174775 -1.02098 0.037052 0.0183362 0.999145 41.6562
0.999035 0.0227597 -0.0375531 -1.4373 -0.0234852 0.999544 -0.018993 -1.04932 0.0371037 0.0198566 0.999114 42.4718
0.999035 0.0218182 -0.03813 -1.46684 -0.0224642 0.99961 -0.0165951 -1.07997 0.037753 0.0174356 0.999135 43.3274
0.999105 0.0174905 -0.0385165 -1.4885 -0.0179215 0.99978 -0.0108724 -1.10481 0.0383178 0.011553 0.999199 44.136
0.999145 0.0165111 -0.0379059 -1.53044 -0.0167156 0.999847 -0.00508491 -1.12616 0.0378162 0.00571418 0.999268 44.993
0.999193 0.0143023 -0.0375445 -1.57107 -0.0144806 0.999885 -0.00448178 -1.14833 0.0374761 0.00502183 0.999285 45.9291
0.999251 0.0115816 -0.0369236 -1.61434 -0.0118658 0.999902 -0.00748728 -1.17103 0.0368332 0.0079198 0.99929 46.8475
0.999241 0.0131498 -0.0366747 -1.65725 -0.0135412 0.999854 -0.0104439 -1.19688 0.036532 0.0109326 0.999273 47.7635
0.99917 0.0166638 -0.0371665 -1.6922 -0.0172067 0.999749 -0.0143333 -1.22554 0.0369183 0.0149609 0.999206 48.6523
0.999161 0.0176951 -0.0369323 -1.73214 -0.0184055 0.99965 -0.0189838 -1.24898 0.0365835 0.0196476 0.999137 49.4924
0.999155 0.0174848 -0.0371932 -1.75594 -0.0182286 0.999639 -0.0197536 -1.27711 0.0368343 0.0204149 0.999113 50.3271
0.99911 0.0203362 -0.0369492 -1.79236 -0.0209534 0.999646 -0.0163948 -1.30374 0.0366027 0.0171544 0.999183 51.16
0.999083 0.020682 -0.0374906 -1.82374 -0.0212257 0.999674 -0.0141624 -1.33152 0.0371855 0.0149452 0.999197 51.9477
0.999075 0.0233608 -0.0360964 -1.87584 -0.0238575 0.999626 -0.0133918 -1.35802 0.03577 0.0142406 0.999259 52.7906
0.999062 0.0233882 -0.0364348 -1.91218 -0.0238475 0.999641 -0.0122218 -1.38919 0.0361359 0.0130793 0.999261 53.6513
0.999068 0.0253391 -0.0349475 -1.96607 -0.0257555 0.999602 -0.0115161 -1.40929 0.0346417 0.0124054 0.999323 54.4962
0.99909 0.026683 -0.0332686 -2.01709 -0.0270402 0.999581 -0.0103339 -1.42572 0.0329789 0.011224 0.999393 55.3381
0.999112 0.0245395 -0.0342611 -2.04884 -0.0248418 0.999656 -0.00842748 -1.45413 0.0340425 0.0092711 0.999377 56.1772
0.999041 0.0273731 -0.0341773 -2.09659 -0.027696 0.999576 -0.00900931 -1.48919 0.0339162 0.00994724 0.999375 57.0375
0.999022 0.0272392 -0.0348269 -2.13225 -0.027716 0.999528 -0.0132815 -1.51276 0.0344487 0.0142338 0.999305 57.9058
0.998981 0.0277505 -0.0356049 -2.17008 -0.028311 0.999482 -0.0153358 -1.54089 0.0351609 0.0163282 0.999248 58.7631
0.998929 0.0276341 -0.0371152 -2.19928 -0.0281666 0.999507 -0.0139011 -1.56733 0.0367127 0.0149316 0.999214 59.6657
0.998844 0.0312359 -0.0365389 -2.24993 -0.0316121 0.999453 -0.009765 -1.59315 0.0362138 0.0109088 0.999285 60.5273
0.998839 0.0302703 -0.0374871 -2.28097 -0.0305099 0.999517 -0.00583757 -1.61883 0.0372923 0.00697452 0.99928 61.3884
0.998839 0.0285465 -0.0388099 -2.31228 -0.0287714 0.999572 -0.00524983 -1.64341 0.0386435 0.00636035 0.999233 62.2671
0.998851 0.0260489 -0.040228 -2.34524 -0.0263715 0.999624 -0.0075102 -1.66607 0.0400172 0.00856244 0.999162 63.2167
0.99884 0.0253428 -0.0409469 -2.38462 -0.0256947 0.999637 -0.0080909 -1.69276 0.040727 0.00913363 0.999129 64.1098
0.998835 0.0231007 -0.0423684 -2.41519 -0.0234871 0.999687 -0.00864339 -1.71472 0.0421555 0.00962843 0.999065 64.962
0.998872 0.0205688 -0.0427934 -2.463 -0.0209278 0.999749 -0.00795726 -1.74682 0.042619 0.00884386 0.999052 65.8397
0.998854 0.0183348 -0.0442022 -2.49535 -0.0186323 0.999806 -0.00632876 -1.77256 0.0440776 0.0071451 0.999003 66.6683
0.998825 0.0168514 -0.0454333 -2.52695 -0.0170008 0.999851 -0.00290513 -1.80386 0.0453776 0.00367412 0.998963 67.4519
0.99879 0.0129029 -0.0474618 -2.55442 -0.0130089 0.999914 -0.00192387 -1.82648 0.0474329 0.00253896 0.998871 68.2676
0.998658 0.00869187 -0.051056 -2.57803 -0.00878313 0.99996 -0.0015633 -1.8506 0.0510404 0.00200964 0.998695 69.0431
0.998473 0.00613589 -0.0548959 -2.61637 -0.00625327 0.999979 -0.00196685 -1.87602 0.0548827 0.00230713 0.99849 69.8015
0.998228 0.00449127 -0.0593284 -2.6545 -0.0046741 0.999985 -0.00294319 -1.89404 0.0593143 0.00321528 0.998234 70.5188
0.997956 0.00317347 -0.0638332 -2.6922 -0.00331494 0.999992 -0.00211037 -1.91936 0.063826 0.00231766 0.997958 71.2626
0.997741 0.00399455 -0.0670579 -2.74417 -0.0040642 0.999991 -0.000902255 -1.93874 0.0670537 0.00117275 0.997749 71.9671
0.99748 0.0030968 -0.0708768 -2.78845 -0.00309928 0.999995 7.49087e-05 -1.95631 0.0708767 0.000144947 0.997485 72.6341
0.997148 0.00232211 -0.0754412 -2.82899 -0.00220328 0.999996 0.00165843 -1.97294 0.0754448 -0.00148748 0.997149 73.2915
0.996942 0.00304156 -0.078087 -2.88779 -0.00289103 0.999994 0.00204066 -1.98514 0.0780928 -0.00180867 0.996944 73.9698
0.9966 0.00281025 -0.0823431 -2.93124 -0.00262349 0.999994 0.00237615 -2.00268 0.0823492 -0.00215204 0.996601 74.6253
0.996322 0.00350543 -0.085616 -2.98728 -0.00339306 0.999993 0.00145798 -2.02189 0.0856205 -0.00116211 0.996327 75.2559
0.996094 0.00453632 -0.0881828 -3.04513 -0.00476048 0.999986 -0.00233191 -2.0374 0.088171 0.00274259 0.996102 75.839
0.995725 0.00385179 -0.0922851 -3.08637 -0.00442508 0.999972 -0.00600831 -2.0539 0.0922594 0.006391 0.995715 76.3789
0.995479 0.00496376 -0.0948542 -3.13543 -0.00582641 0.999944 -0.00881969 -2.06654 0.0948051 0.00933247 0.995452 76.8889
0.995516 0.00804331 -0.0942455 -3.19858 -0.00905044 0.999906 -0.0102637 -2.07627 0.0941541 0.0110707 0.995496 77.3509
0.995622 0.0123326 -0.0926504 -3.25459 -0.0133184 0.999861 -0.0100299 -2.09001 0.0925139 0.0112199 0.995648 77.7956
0.995929 0.0182586 -0.0882741 -3.31042 -0.0191052 0.999779 -0.00875548 -2.10347 0.0880947 0.0104063 0.996058 78.2015
0.996387 0.0219012 -0.0820511 -3.35523 -0.0225719 0.999719 -0.00725496 -2.11759 0.0818692 0.0090808 0.996602 78.6014
0.996967 0.0237466 -0.0741171 -3.39035 -0.024221 0.999691 -0.00550747 -2.12782 0.0739634 0.00728595 0.997234 78.9884
0.997596 0.0249828 -0.0646433 -3.41345 -0.0252213 0.999678 -0.00287741 -2.14123 0.0645506 0.00450088 0.997904 79.3636
0.998264 0.0254665 -0.0531022 -3.42826 -0.0256138 0.99967 -0.00209543 -2.14782 0.0530313 0.00345194 0.998587 79.731
0.99891 0.0247557 -0.0395842 -3.43794 -0.0248553 0.999689 -0.0020257 -2.15889 0.0395217 0.00300737 0.999214 80.0838
0.999419 0.0232207 -0.0249575 -3.43674 -0.0232954 0.999725 -0.00270714 -2.17194 0.0248878 0.00328696 0.999685 80.426
0.999796 0.0177992 -0.00951988 -3.40787 -0.0178562 0.999823 -0.0059429 -2.18534 0.00941242 0.00611168 0.999937 80.7565
0.999821 0.0154248 0.0109822 -3.38719 -0.0153073 0.999826 -0.0107059 -2.1941 -0.0111455 0.0105359 0.999882 81.0755
0.999278 0.0132805 0.0356017 -3.36507 -0.0127394 0.999801 -0.0153828 -2.20411 -0.0357989 0.0149182 0.999248 81.378
0.997837 0.0130222 0.0644332 -3.34558 -0.011895 0.99977 -0.0178467 -2.21446 -0.0646507 0.0170417 0.997762 81.6681
0.995613 0.00822854 0.0932011 -3.29222 -0.00644717 0.999791 -0.0193981 -2.22122 -0.0933413 0.0187121 0.995458 81.9462
0.992076 0.00585156 0.125506 -3.23884 -0.00321706 0.99977 -0.0211834 -2.2294 -0.125601 0.0206117 0.991867 82.2218
0.987113 0.00234319 0.160007 -3.16725 0.00127982 0.999745 -0.0225361 -2.24014 -0.160019 0.0224504 0.986859 82.4838
0.980393 -0.00279188 0.197032 -3.08081 0.00745741 0.999709 -0.022941 -2.25143 -0.196911 0.0239606 0.980129 82.7387
0.971276 -0.00371656 0.237927 -3.0025 0.00946273 0.99969 -0.0230134 -2.26498 -0.237768 0.0246038 0.97101 82.9872
0.960285 -0.00245251 0.27901 -2.90898 0.0092755 0.999689 -0.0231368 -2.28041 -0.278866 0.0248059 0.96001 83.2252
0.945915 0.000676936 0.324414 -2.81624 0.0073632 0.999695 -0.0235554 -2.28553 -0.324331 0.0246701 0.945622 83.4606
0.929958 -0.00121581 0.367665 -2.69187 0.00999706 0.999708 -0.0219803 -2.29668 -0.367531 0.0241163 0.929699 83.6802
0.91218 -0.00451313 0.409764 -2.54474 0.0143694 0.999677 -0.0209773 -2.30264 -0.409537 0.0250232 0.91195 83.8921
0.891861 -0.00899048 0.452221 -2.38464 0.0212302 0.999533 -0.0219984 -2.30744 -0.451811 0.0292202 0.891635 84.0955
0.868899 -0.00991744 0.494889 -2.22546 0.0245065 0.999435 -0.0229987 -2.32065 -0.494382 0.0321115 0.868652 84.2984
0.844942 -0.0100223 0.534765 -2.05426 0.0285378 0.999245 -0.026363 -2.32676 -0.534097 0.0375363 0.84459 84.4692
0.818099 -0.007256 0.575032 -1.87946 0.0303071 0.999075 -0.0305111 -2.33239 -0.574278 0.0423886 0.817562 84.6347
0.786927 -0.0020388 0.617042 -1.70716 0.0285524 0.999044 -0.0331126 -2.33905 -0.616385 0.0436753 0.786233 84.8097
0.755257 0.000688698 0.655429 -1.5145 0.0297188 0.998935 -0.0352949 -2.34687 -0.654755 0.0461353 0.754432 84.9378
0.720971 -0.000533833 0.692965 -1.30906 0.034656 0.998776 -0.0352872 -2.35478 -0.692098 0.0494565 0.720107 85.0649
0.685691 -0.0050341 0.727875 -1.09749 0.0429184 0.998516 -0.0335252 -2.36066 -0.726626 0.0542272 0.68489 85.1675
0.648577 -0.00716106 0.761115 -0.836026 0.0501679 0.998184 -0.0333586 -2.34986 -0.759494 0.0598192 0.647758 85.2412
0.605251 -0.00871797 0.795987 -0.602164 0.0514808 0.998275 -0.0282113 -2.35847 -0.794368 0.058053 0.604656 85.3777
0.56269 -0.0127608 0.826569 -0.347723 0.0583713 0.997998 -0.0243292 -2.36454 -0.824604 0.0619377 0.562309 85.4653
0.517798 -0.018584 0.855301 -0.122264 0.0678668 0.997506 -0.0194127 -2.37507 -0.852807 0.0680984 0.517767 85.5216
0.468753 -0.018026 0.883145 0.146084 0.0654021 0.997756 -0.0143485 -2.38528 -0.880905 0.0644854 0.46888 85.6309
0.419998 -0.0120854 0.907444 0.434463 0.0594631 0.998129 -0.0142285 -2.39691 -0.905575 0.0599354 0.419931 85.7409
0.372453 -0.00716087 0.928023 0.742254 0.0598509 0.998074 -0.0163192 -2.39795 -0.926119 0.0616212 0.372164 85.8287
0.327974 -0.00551599 0.944671 1.0714 0.062646 0.997909 -0.0159228 -2.40271 -0.942607 0.0644022 0.327634 85.9097
0.287501 -0.00629576 0.95776 1.39726 0.0691495 0.997505 -0.0142003 -2.40942 -0.955281 0.0703112 0.287219 85.9859
0.254125 -0.0067858 0.967148 1.93218 0.0780329 0.996859 -0.0135094 -2.40966 -0.964018 0.0789025 0.253856 86.0661
0.227731 -0.00628878 0.973704 2.69227 0.08922 0.995907 -0.0144347 -2.40423 -0.969628 0.0901611 0.22736 86.1113
0.201084 -0.00716739 0.979548 3.15608 0.0863169 0.996213 -0.01043 -2.41039 -0.975764 0.0866488 0.200941 86.1832
0.177505 -0.0104461 0.984064 3.63226 0.080786 0.996723 -0.00399168 -2.4199 -0.980798 0.0802072 0.177768 86.2544
0.155552 -0.0143098 0.987724 4.11255 0.077224 0.997011 0.00228267 -2.42669 -0.984805 0.0759209 0.156192 86.3107
0.133759 -0.0171772 0.990865 4.50791 0.0820706 0.996607 0.00619779 -2.43196 -0.98761 0.0804918 0.134715 86.3468
0.114294 -0.0176666 0.99329 5.02402 0.091201 0.995806 0.00721728 -2.43861 -0.989252 0.0897641 0.115426 86.3764
0.0980134 -0.0158155 0.995059 5.62695 0.0972028 0.995245 0.00624401 -2.43999 -0.990427 0.0961106 0.0990846 86.4037
0.0837768 -0.0105629 0.996429 6.16746 0.0963422 0.995345 0.00245119 -2.44058 -0.991816 0.0957928 0.0844045 86.45
0.0727733 -0.00564118 0.997333 6.65279 0.0926156 0.995701 -0.00112602 -2.43836 -0.993039 0.0924505 0.072983 86.4906
0.0673192 -0.00601425 0.997713 7.13625 0.0945343 0.995522 -0.000377521 -2.43985 -0.993243 0.0943436 0.0675863 86.513
0.0645756 -0.00963506 0.997866 7.58855 0.100252 0.994957 0.00311926 -2.44235 -0.992864 0.0998371 0.0652159 86.5367
0.0661965 -0.0115073 0.99774 8.09218 0.104065 0.99456 0.00456626 -2.44526 -0.992365 0.103528 0.0670339 86.5582
0.0689425 -0.0118371 0.99755 8.60136 0.104211 0.994545 0.00459927 -2.4485 -0.992163 0.103639 0.0698 86.5914
0.071272 -0.0111905 0.997394 9.14101 0.101663 0.994811 0.0038969 -2.45202 -0.992263 0.10112 0.0720399 86.6311
0.073613 -0.00953356 0.997241 9.69526 0.10279 0.994701 0.00192163 -2.44933 -0.991975 0.102365 0.0742029 86.6663
0.0759755 -0.00843625 0.997074 10.2622 0.103506 0.994629 0.000528567 -2.45072 -0.991723 0.103163 0.0764406 86.7004
0.0774474 -0.00903254 0.996956 10.8173 0.104545 0.99452 0.000888991 -2.45655 -0.9915 0.104158 0.0779673 86.7394
0.0790934 -0.0108153 0.996809 11.3746 0.106331 0.994328 0.00235138 -2.46266 -0.99118 0.105806 0.0797948 86.7752
0.0815385 -0.0122655 0.996595 11.9555 0.110851 0.993832 0.00316195 -2.46539 -0.990487 0.110216 0.0823952 86.8021
0.0815724 -0.0143751 0.996564 12.555 0.111087 0.993797 0.00524225 -2.47143 -0.990457 0.110278 0.0826633 86.8496
0.0809921 -0.0156905 0.996591 13.1874 0.108158 0.99411 0.00686155 -2.47654 -0.990829 0.107233 0.0822121 86.9048
0.0814274 -0.0168109 0.996537 13.8225 0.112619 0.993609 0.00755938 -2.47458 -0.990296 0.111613 0.0828003 86.9382
0.0819484 -0.0199217 0.996437 14.433 0.11718 0.993058 0.0102171 -2.47844 -0.989724 0.115925 0.0837139 86.9684
0.080894 -0.0204814 0.996512 15.0768 0.117389 0.993026 0.0108805 -2.47008 -0.989786 0.1161 0.0827342 87.022
0.0807454 -0.0217248 0.996498 15.7386 0.119038 0.992817 0.011999 -2.47764 -0.989601 0.117652 0.0827515 87.0621
0.0809557 -0.0172582 0.996568 16.3899 0.116783 0.993128 0.00771189 -2.48442 -0.989853 0.115758 0.0824148 87.1132
0.0798636 -0.0124079 0.996729 17.0854 0.117171 0.993107 0.0029744 -2.48726 -0.989895 0.11655 0.080767 87.1758
0.0790719 -0.0109428 0.996809 17.6974 0.117767 0.99304 0.00155955 -2.49307 -0.989888 0.117268 0.0798103 87.2228
0.0790259 -0.0122547 0.996797 18.3231 0.114547 0.993413 0.00313186 -2.49435 -0.99027 0.113933 0.0799091 87.2694
0.0780326 -0.0165144 0.996814 19.0191 0.11101 0.993789 0.00777416 -2.50794 -0.990751 0.11005 0.0793812 87.3319
0.0782323 -0.0221798 0.996688 19.7459 0.11005 0.993835 0.0134782 -2.5195 -0.990842 0.108631 0.0801908 87.3901
0.0789549 -0.0275977 0.996496 20.4538 0.108815 0.993882 0.0189036 -2.51997 -0.990922 0.106941 0.081475 87.443
0.0793963 -0.0285935 0.996433 21.4751 0.10678 0.994081 0.0200177 -2.52614 -0.991108 0.10481 0.0819796 87.5302
0.0786557 -0.0223266 0.996652 22.2569 0.108837 0.993965 0.013677 -2.54148 -0.990943 0.107397 0.080611 87.6134
0.079902 -0.0122082 0.996728 22.9467 0.112173 0.993684 0.0031787 -2.55173 -0.990471 0.111552 0.0807667 87.6693
0.0789792 -0.00678864 0.996853 23.714 0.112394 0.993661 -0.00213787 -2.55294 -0.99052 0.112209 0.0792416 87.7488
0.0813762 -0.0117705 0.996614 24.3323 0.114289 0.993445 0.00240113 -2.55611 -0.990109 0.113706 0.082188 87.7933
0.0818915 -0.019911 0.996442 24.9935 0.115382 0.993267 0.0103651 -2.56984 -0.98994 0.114122 0.0836375 87.8529
0.0832009 -0.0229195 0.996269 25.6514 0.117127 0.993031 0.0130635 -2.57504 -0.989626 0.115603 0.0853056 87.902
0.084178 -0.0218444 0.996211 26.2993 0.11762 0.992988 0.011835 -2.57658 -0.989485 0.116178 0.086157 87.9518
0.0834302 -0.0204487 0.996304 26.9329 0.114831 0.993327 0.0107717 -2.58142 -0.989875 0.113508 0.0852215 88.0125
0.0812101 -0.0196489 0.996503 27.5787 0.111961 0.993657 0.0104686 -2.58555 -0.990389 0.110719 0.0828949 88.0759
0.0792124 -0.019582 0.996665 28.2295 0.111728 0.993682 0.0106436 -2.59143 -0.990577 0.110512 0.0808998 88.1308
0.0772473 -0.0196785 0.996818 28.8515 0.11118 0.993739 0.011002 -2.60181 -0.990794 0.109976 0.0789516 88.1796
0.0764734 -0.0188518 0.996893 29.4706 0.110811 0.993788 0.0102926 -2.60261 -0.990895 0.109679 0.0780874 88.2206
0.0747842 -0.0196909 0.997005 30.1679 0.110593 0.993801 0.0113321 -2.60861 -0.991048 0.109415 0.0764983 88.2778
0.0741862 -0.0208177 0.997027 33.9864 0.113131 0.993504 0.0123263 -2.63653 -0.990807 0.11188 0.0760593 88.5086
0.0725941 -0.0208344 0.997144 35.2842 0.113454 0.993465 0.0124978 -2.65236 -0.990888 0.112223 0.0744835 88.6079
0.0708143 -0.0195931 0.997297 37.0261 0.112398 0.993596 0.0115394 -2.66535 -0.991137 0.111277 0.0725631 88.7483
0.0705609 -0.0190025 0.997326 38.1646 0.11235 0.993608 0.0109829 -2.66713 -0.99116 0.111275 0.0722448 88.8233
0.0698424 -0.0200471 0.997357 40.3098 0.113304 0.993487 0.0120348 -2.67784 -0.991102 0.112164 0.071659 88.9582
0.0684032 -0.0202741 0.997452 41.1126 0.114057 0.993397 0.0123699 -2.68018 -0.991117 0.11292 0.070264 89.0169
0.0673409 -0.0207013 0.997515 41.8049 0.113173 0.99349 0.0129776 -2.68821 -0.991291 0.112018 0.0692454 89.0684
0.0669001 -0.0219562 0.997518 42.4867 0.112685 0.993528 0.0143109 -2.69725 -0.991376 0.111448 0.0689413 89.1137
0.0658835 -0.0229882 0.997562 43.2354 0.111492 0.993644 0.0155344 -2.70234 -0.991579 0.110197 0.0680278 89.1718
0.0659786 -0.0234694 0.997545 43.9765 0.110982 0.993693 0.0160383 -2.71044 -0.99163 0.109651 0.0681671 89.2155
0.0660573 -0.020651 0.997602 45.4448 0.110621 0.993774 0.0132468 -2.72162 -0.991665 0.109481 0.0679305 89.3192
0.0656243 -0.0180691 0.997681 46.9832 0.108173 0.994072 0.0108885 -2.74675 -0.991964 0.107207 0.0671899 89.4442
0.0658901 -0.0160316 0.997698 48.2866 0.105715 0.994356 0.00899621 -2.7594 -0.992211 0.104879 0.067213 89.5374
0.06608 -0.0149906 0.997702 49.6659 0.107076 0.99422 0.00784633 -2.77008 -0.992052 0.106312 0.0673032 89.6249
0.0659669 -0.015154 0.997707 51.0561 0.110186 0.99388 0.00781052 -2.77836 -0.991719 0.109418 0.067233 89.7231
0.0667303 -0.016416 0.997636 52.2433 0.109865 0.993906 0.00900598 -2.80115 -0.991704 0.109004 0.0681272 89.7956
0.068938 -0.0162106 0.997489 54.0208 0.11075 0.993812 0.00849673 -2.81807 -0.991454 0.109887 0.0703067 89.8614
0.0704012 -0.0157958 0.997394 54.539 0.107877 0.994131 0.00812957 -2.82595 -0.991668 0.107024 0.0716921 89.8925
0.0703115 -0.0172141 0.997377 55.0724 0.109422 0.993951 0.00944107 -2.83093 -0.991505 0.108471 0.0717697 89.9329
0.0694981 -0.0179916 0.99742 56.0393 0.110115 0.993866 0.0102549 -2.8414 -0.991486 0.109118 0.071053 89.997
0.0665175 -0.0182495 0.997618 56.5791 0.107605 0.994133 0.011011 -2.84771 -0.991966 0.106616 0.0680909 90.0357
0.0615874 -0.0181422 0.997937 57.1291 0.103643 0.994546 0.0116843 -2.85459 -0.992706 0.102709 0.0631318 90.075
0.0557839 -0.0149408 0.998331 57.6846 0.106998 0.994219 0.00890056 -2.85802 -0.992693 0.106323 0.0570601 90.1002
0.0495244 -0.0123354 0.998697 58.2178 0.10942 0.993972 0.00685099 -2.86052 -0.992761 0.108938 0.0505756 90.1199
0.0421825 -0.0103089 0.999057 58.7286 0.108481 0.994082 0.00567721 -2.86412 -0.993203 0.108139 0.0430512 90.1453
0.0353365 -0.0106966 0.999318 59.2627 0.104376 0.994514 0.00695432 -2.86939 -0.99391 0.104059 0.0362591 90.1744
0.0304119 -0.0124819 0.99946 59.8141 0.105114 0.994417 0.00922052 -2.87694 -0.993995 0.104777 0.0315541 90.1856
0.0257107 -0.0113943 0.999604 60.3729 0.100938 0.994854 0.0087439 -2.87988 -0.99456 0.100673 0.0267285 90.2056
0.0211624 -0.0113147 0.999712 60.904 0.0988023 0.995065 0.00917064 -2.87864 -0.994882 0.0985798 0.0221759 90.2261
0.0175884 -0.0140926 0.999746 61.4584 0.098884 0.995023 0.0122864 -2.87517 -0.994944 0.0986428 0.0188944 90.2461
0.014428 -0.0176544 0.99974 61.9918 0.0990339 0.994953 0.0161407 -2.87948 -0.994979 0.0987753 0.0161035 90.2655
0.0123502 -0.0207646 0.999708 62.5024 0.0966784 0.995125 0.019475 -2.88691 -0.995239 0.0964096 0.0142975 90.2829
0.0115088 -0.0199342 0.999735 63.0169 0.0963139 0.995175 0.0187345 -2.87976 -0.995284 0.0960728 0.0133732 90.2931
0.0107656 -0.0166891 0.999803 63.5591 0.0973145 0.995132 0.0155633 -2.88223 -0.995195 0.0971278 0.0123373 90.3061
0.00920258 -0.0134799 0.999867 64.1131 0.100257 0.994883 0.01249 -2.88819 -0.994919 0.100129 0.010507 90.3221
0.00751588 -0.00941645 0.999927 64.6754 0.107868 0.994128 0.00855106 -2.89299 -0.994137 0.107796 0.00848749 90.3297
0.00731347 -0.00821773 0.999939 65.2168 0.108047 0.994118 0.00737965 -2.89262 -0.994119 0.107986 0.00815835 90.3327
0.00514892 -0.0102341 0.999934 65.7728 0.103475 0.994585 0.00964655 -2.89858 -0.994619 0.103418 0.00618001 90.3556
0.00562914 -0.0156495 0.999862 66.3202 0.103937 0.994471 0.01498 -2.90391 -0.994568 0.103839 0.00722458 90.3603
0.00453537 -0.0176992 0.999833 66.8533 0.104956 0.994329 0.0171257 -2.90779 -0.994466 0.104861 0.0063673 90.371
0.0033425 -0.0182992 0.999827 67.4105 0.103576 0.994461 0.0178547 -2.91139 -0.994616 0.103499 0.00521934 90.3798
0.00183318 -0.0170841 0.999852 68.0094 0.102309 0.994611 0.016807 -2.91376 -0.994751 0.102263 0.00357115 90.3866
0.000914517 -0.0158871 0.999873 68.5872 0.104145 0.994438 0.0157054 -2.91232 -0.994562 0.104117 0.00256398 90.3802
-0.00157112 -0.0152802 0.999882 69.2643 0.104404 0.994416 0.0153608 -2.91222 -0.994534 0.104416 3.29757e-05 90.3837
-0.00455914 -0.0151533 0.999875 70.4748 0.102747 0.994586 0.0155417 -2.92248 -0.994697 0.102805 -0.00297749 90.4135
-0.00699048 -0.0153425 0.999858 72.2538 0.101641 0.994693 0.0159738 -2.93698 -0.994797 0.101739 -0.00539395 90.4391
-0.00865788 -0.0148806 0.999852 73.2589 0.0982869 0.995035 0.01566 -2.9406 -0.99512 0.0984079 -0.00715233 90.4446
-0.00954498 -0.0134969 0.999863 74.0341 0.0985191 0.995031 0.0143722 -2.94503 -0.995089 0.0986428 -0.00816785 90.4394
-0.0114434 -0.0135531 0.999843 74.9623 0.096459 0.99523 0.0145946 -2.95331 -0.995271 0.0966109 -0.0100815 90.4531
-0.0122118 -0.0130499 0.99984 75.8917 0.0957619 0.995304 0.0141603 -2.94912 -0.995329 0.0959195 -0.0109048 90.4417
-0.0138829 -0.014581 0.999797 76.717 0.0948181 0.995369 0.015833 -2.94866 -0.995398 0.0950186 -0.0124361 90.443
-0.014289 -0.0167272 0.999758 77.3606 0.0932995 0.995476 0.0179891 -2.94779 -0.995536 0.0935339 -0.0126637 90.4327
-0.0169305 -0.0179592 0.999695 78.1222 0.0888922 0.995852 0.0193956 -2.93917 -0.995897 0.0891935 -0.0152638 90.4398
-0.0187631 -0.0186127 0.999651 78.8818 0.0908509 0.995659 0.0202436 -2.93504 -0.995688 0.091199 -0.0169906 90.4237
-0.0205224 -0.0177378 0.999632 80.0696 0.0931419 0.99546 0.0195759 -2.92659 -0.995441 0.0935094 -0.0187771 90.4049
-0.0226708 -0.0161667 0.999612 81.2988 0.0930713 0.995493 0.0182109 -2.92242 -0.995401 0.0934481 -0.021064 90.3797
-0.0245763 -0.0129698 0.999614 82.0057 0.0938675 0.995468 0.0152239 -2.92413 -0.995281 0.0942054 -0.0232475 90.3672
-0.0241563 -0.00866557 0.999671 82.7761 0.0970212 0.995222 0.0109715 -2.91712 -0.994989 0.0972542 -0.0232002 90.3399
-0.025216 -0.0049728 0.99967 83.499 0.0974899 0.995209 0.00740973 -2.92177 -0.994917 0.0976445 -0.0246104 90.3214
-0.0249316 -0.00394795 0.999681 84.2952 0.0994588 0.995021 0.00641 -2.92586 -0.994729 0.0995869 -0.0244148 90.3017
-0.0242898 -0.00483128 0.999693 85.2567 0.102568 0.994699 0.00729928 -2.93334 -0.994429 0.102714 -0.0236655 90.2702
-0.024828 -0.0066908 0.999669 86.1246 0.101711 0.994772 0.00918413 -2.93887 -0.994504 0.101905 -0.0240177 90.2619
-0.0252417 -0.00821064 0.999648 87.8463 0.0999821 0.994932 0.0106965 -2.94772 -0.994669 0.100217 -0.0242928 90.2596
-0.0233366 -0.0104545 0.999673 89.8378 0.0991571 0.99499 0.0127203 -2.95585 -0.994798 0.0994215 -0.022183 90.2295
-0.0223292 -0.013995 0.999653 91.6855 0.0977686 0.995079 0.0161149 -2.97266 -0.994959 0.0980945 -0.0208511 90.2163
-0.0206175 -0.017557 0.999633 92.3939 0.0980526 0.99499 0.0194978 -2.97495 -0.994968 0.0984187 -0.0187927 90.2045
-0.0187529 -0.0175684 0.99967 93.245 0.0976106 0.995037 0.0193181 -2.9771 -0.995048 0.0979407 -0.0169449 90.1961
-0.0170006 -0.012953 0.999772 94.5492 0.0991669 0.994964 0.014577 -2.97632 -0.994926 0.0993921 -0.0156305 90.1725
-0.0145117 -0.00649651 0.999874 96.6737 0.100745 0.994881 0.00792623 -2.97493 -0.994806 0.100847 -0.0137829 90.1368
-0.0131525 -0.0033452 0.999908 97.4321 0.0991337 0.995063 0.00463297 -2.98292 -0.994987 0.0991855 -0.012756 90.1311
-0.0114685 -0.00533353 0.99992 99.5904 0.0980461 0.995161 0.00643268 -2.99146 -0.995116 0.098112 -0.0108901 90.1243
-0.0104588 -0.00781475 0.999915 100.269 0.0969674 0.995249 0.00879254 -2.99734 -0.995233 0.0970511 -0.00965134 90.1223
-0.00948706 -0.00940713 0.999911 100.973 0.0984705 0.995087 0.010296 -3.00326 -0.995095 0.0985594 -0.00851412 90.1134
-0.0088744 -0.00952127 0.999915 101.639 0.0974497 0.995187 0.0103411 -3.00791 -0.995201 0.0975332 -0.00790384 90.1126
-0.0082143 -0.00941887 0.999922 102.318 0.0973378 0.995199 0.010174 -3.01402 -0.995217 0.0974138 -0.00725805 90.1093
-0.0078088 -0.0120028 0.999897 103.095 0.0997483 0.994931 0.0127222 -3.02274 -0.994982 0.0998374 -0.00657196 90.1065
-0.0070312 -0.0133621 0.999886 103.866 0.103083 0.994574 0.014016 -3.03788 -0.994648 0.10317 -0.00561564 90.1042
-0.00650109 -0.0123936 0.999902 104.587 0.106059 0.994275 0.0130134 -3.04377 -0.994339 0.106133 -0.00514942 90.0976
-0.00579871 -0.0104266 0.999929 105.455 0.106865 0.994213 0.0109867 -3.05278 -0.994257 0.106921 -0.00465092 90.0946
-0.00551445 -0.00874204 0.999947 106.249 0.102805 0.994658 0.00926275 -3.06251 -0.994686 0.10285 -0.00458627 90.1089
-0.00527258 -0.0129044 0.999903 107.011 0.0973831 0.995157 0.0133566 -3.07374 -0.995233 0.0974441 -0.00399038 90.1185
-0.00630803 -0.0145651 0.999874 107.942 0.0918876 0.995655 0.0150833 -3.08465 -0.995749 0.0919711 -0.00494227 90.1367
-0.00765536 -0.0135959 0.999878 108.701 0.0883969 0.995984 0.0142197 -3.08857 -0.996056 0.0884949 -0.00642278 90.1439
-0.010421 -0.00808953 0.999913 109.545 0.0825365 0.996548 0.00892249 -3.08954 -0.996534 0.0826223 -0.0097173 90.1677
-0.0111449 -0.00581412 0.999921 110.283 0.0823268 0.996583 0.00671231 -3.10141 -0.996543 0.0823951 -0.0106282 90.1626
-0.0116696 -0.00555238 0.999916 111.104 0.0823252 0.996584 0.00649466 -3.11063 -0.996537 0.0823941 -0.0111726 90.1552
-0.0114502 -0.00679265 0.999911 111.918 0.0851852 0.996335 0.00774383 -3.12939 -0.996299 0.0852663 -0.0108296 90.1391
-0.012535 -0.00632225 0.999901 112.694 0.0860009 0.996268 0.00737741 -3.14062 -0.996216 0.0860849 -0.0119445 90.1352
-0.0118146 -0.0028074 0.999926 113.566 0.0877509 0.996135 0.00383357 -3.1474 -0.996072 0.0877897 -0.0115226 90.1129
-0.0114477 -0.000963335 0.999934 114.468 0.0899165 0.995947 0.0019889 -3.15642 -0.995884 0.0899333 -0.0113147 90.0925
-0.01141 -0.000716121 0.999935 115.831 0.090633 0.995883 0.00174741 -3.18122 -0.995819 0.090647 -0.0112981 90.0556
-0.0127232 -0.00146883 0.999918 116.559 0.0900586 0.995933 0.0026089 -3.19169 -0.995855 0.0900844 -0.0125392 90.0433
-0.0148017 7.45187e-05 0.99989 117.343 0.0906345 0.995883 0.00126747 -3.20395 -0.995774 0.0906433 -0.0147475 90.0235
-0.0169218 0.00252152 0.999854 118.179 0.0911461 0.995837 -0.000968801 -3.22456 -0.995694 0.0911164 -0.0170812 90.0001
-0.0208292 0.00518752 0.99977 118.86 0.0880488 0.996111 -0.00333412 -3.22746 -0.995898 0.087959 -0.021205 89.9977
-0.0236779 0.00501732 0.999707 119.521 0.0882508 0.996094 -0.00290898 -3.24218 -0.995817 0.0881561 -0.0240282 89.9807
-0.0259567 0.0037742 0.999656 120.186 0.0900097 0.99594 -0.00142302 -3.25406 -0.995603 0.0899418 -0.026191 89.9601
-0.0280368 0.00417699 0.999598 120.944 0.0926139 0.995701 -0.00156307 -3.27203 -0.995307 0.0925329 -0.0283031 89.9339
-0.0303911 0.0083747 0.999503 121.744 0.0876717 0.996133 -0.0056807 -3.30044 -0.995686 0.0874555 -0.0310078 89.9253
-0.0320736 0.0153718 0.999367 122.599 0.0854436 0.996264 -0.0125819 -3.32824 -0.995827 0.084986 -0.0332672 89.9051
-0.0342821 0.0176888 0.999256 123.394 0.0908853 0.995756 -0.0145088 -3.34731 -0.995271 0.0903203 -0.0357443 89.8665
-0.0367355 0.0158715 0.999199 124.11 0.0927904 0.995608 -0.012403 -3.36188 -0.995008 0.0922604 -0.0380469 89.8355
-0.0410074 0.0077622 0.999129 124.85 0.0889437 0.996028 -0.00408758 -3.38865 -0.995192 0.0886986 -0.0415349 89.819
-0.0418488 0.00601642 0.999106 125.642 0.0896683 0.995969 -0.00224166 -3.40719 -0.995092 0.0894943 -0.0422196 89.773
-0.0432251 0.00963848 0.999019 126.557 0.0890849 0.996007 -0.00575494 -3.42042 -0.995086 0.0887487 -0.0439112 89.7317
-0.044873 0.0132653 0.998905 127.552 0.0878231 0.996093 -0.00928272 -3.44352 -0.995125 0.0873104 -0.0458627 89.6791
-0.0471761 0.0157051 0.998763 128.629 0.0882458 0.996032 -0.0114939 -3.47641 -0.994981 0.0875944 -0.0483749 89.6289
-0.0500819 0.0195224 0.998554 129.57 0.0907343 0.995763 -0.0149171 -3.51077 -0.994615 0.089856 -0.0516411 89.5898
-0.0517939 0.0239168 0.998371 130.412 0.091533 0.995619 -0.0191023 -3.53614 -0.994454 0.0903946 -0.0537562 89.5441
-0.0544574 0.0271144 0.998148 131.117 0.0911629 0.995591 -0.0220712 -3.54947 -0.994346 0.0897921 -0.0566892 89.509
-0.056937 0.0236037 0.998099 131.773 0.0926051 0.995535 -0.0182603 -3.58226 -0.994074 0.0913893 -0.0588686 89.4704
-0.06161 0.0197721 0.997904 132.424 0.0945099 0.995427 -0.013888 -3.60363 -0.993616 0.0934563 -0.0631969 89.4297
-0.0663562 0.0189923 0.997615 133.019 0.0989634 0.995014 -0.0123603 -3.61632 -0.992876 0.0979072 -0.0679049 89.3804
-0.0722526 0.0183949 0.997217 133.652 0.0969782 0.995222 -0.0113317 -3.63171 -0.99266 0.0958895 -0.0736913 89.3334
-0.0801764 0.0185457 0.996608 134.241 0.0952127 0.995398 -0.0108634 -3.65153 -0.992223 0.0940188 -0.0815732 89.2847
-0.0902484 0.0191031 0.995736 134.912 0.0946796 0.995452 -0.0105163 -3.67114 -0.991409 0.0933268 -0.0916467 89.2172
-0.102939 0.0199077 0.994488 135.537 0.09363 0.995554 -0.0102375 -3.6886 -0.990271 0.0920601 -0.104345 89.1544
-0.115525 0.0209263 0.993084 136.157 0.0943612 0.995488 -0.0099999 -3.70353 -0.988812 0.0925534 -0.116978 89.0802
-0.128055 0.0206366 0.991552 136.745 0.0954155 0.995402 -0.00839419 -3.71856 -0.987167 0.0935345 -0.129435 89.0043
-0.138893 0.020476 0.990096 137.343 0.0991742 0.995048 -0.00666603 -3.73363 -0.985329 0.0972661 -0.140236 88.9106
-0.149544 0.0201582 0.98855 137.933 0.103135 0.994656 -0.00468094 -3.74737 -0.983362 0.101254 -0.150824 88.8168
-0.158232 0.0205501 0.987188 138.462 0.109752 0.993954 -0.00309924 -3.75606 -0.981283 0.107856 -0.159531 88.7209
-0.165645 0.0196437 0.98599 139.007 0.11427 0.99345 -0.000595075 -3.76932 -0.979543 0.11257 -0.166805 88.6197
-0.172813 0.019715 0.984757 139.547 0.11318 0.993575 -2.98082e-05 -3.78039 -0.97843 0.11145 -0.173934 88.5296
-0.177021 0.0176694 0.984049 140.055 0.115937 0.993252 0.00302133 -3.78435 -0.977355 0.114623 -0.177875 88.4313
-0.179261 0.0142584 0.983698 140.577 0.122544 0.992431 0.00794639 -3.79218 -0.97614 0.121971 -0.179652 88.3311
-0.179711 0.0118109 0.983649 141.118 0.129516 0.991508 0.0117571 -3.80113 -0.975156 0.129511 -0.179715 88.2184
-0.179531 0.00998272 0.983702 141.671 0.133834 0.9909 0.0143697 -3.80862 -0.974606 0.134233 -0.179234 88.1059
-0.177618 0.0153893 0.983979 142.196 0.137535 0.990453 0.00933579 -3.81228 -0.974441 0.13699 -0.178038 87.9955
-0.176368 0.0184463 0.984151 142.716 0.137145 0.990533 0.00601164 -3.8179 -0.974723 0.136032 -0.177228 87.9029
-0.177203 0.0172976 0.984022 143.205 0.138982 0.990266 0.00762065 -3.82848 -0.974312 0.138112 -0.177882 87.8254
-0.175441 0.0162868 0.984355 143.715 0.141096 0.989957 0.00876815 -3.82838 -0.974326 0.140427 -0.175977 87.733
-0.172293 0.0136265 0.984951 144.203 0.14408 0.989499 0.0115138 -3.83423 -0.974452 0.143895 -0.172447 87.6359
-0.171173 0.0140492 0.985141 144.706 0.144092 0.989504 0.0109253 -3.84102 -0.974647 0.143821 -0.171401 87.5528
-0.169188 0.0153907 0.985464 145.208 0.14416 0.989511 0.00929605 -3.85249 -0.974984 0.143637 -0.169632 87.4718
-0.165431 0.0165988 0.986082 145.7 0.144863 0.989422 0.00764817 -3.85964 -0.975524 0.144112 -0.166086 87.3952
-0.159148 0.0153481 0.987135 146.259 0.145865 0.989271 0.0081355 -3.86677 -0.97642 0.145284 -0.15968 87.2993
-0.154848 0.0140322 0.987839 146.932 0.14936 0.988739 0.00936785 -3.87622 -0.976583 0.148994 -0.1552 87.2077
-0.150001 0.0117522 0.988616 147.967 0.148154 0.988906 0.0107234 -3.89195 -0.977523 0.148076 -0.150078 87.0527
-0.146186 0.0105792 0.989201 148.797 0.148693 0.988818 0.011399 -3.90497 -0.978018 0.148754 -0.146124 86.941
-0.141673 0.00972165 0.989866 149.498 0.152009 0.988306 0.0120497 -3.90765 -0.978173 0.152176 -0.141494 86.8352
-0.137943 0.00726125 0.990413 150.129 0.155015 0.987808 0.0143481 -3.91613 -0.978234 0.155508 -0.137387 86.7473
-0.133282 0.00506988 0.991065 151.018 0.15623 0.987592 0.0159582 -3.91977 -0.978687 0.156961 -0.13242 86.6102
-0.131158 0.00310284 0.991357 152.058 0.152701 0.988124 0.0171098 -3.94356 -0.979531 0.153625 -0.130074 86.5017
-0.126252 0.00485502 0.991986 152.87 0.153068 0.988107 0.0146453 -3.94609 -0.980118 0.15369 -0.125494 86.3865
-0.121672 0.00839167 0.992535 154.012 0.155988 0.9877 0.0107714 -3.95632 -0.980236 0.156134 -0.121484 86.2556
-0.115718 0.0115623 0.993215 156.515 0.157067 0.987565 0.00680312 -3.96475 -0.980785 0.156788 -0.116095 85.9502
-0.107857 0.0125332 0.994087 157.104 0.157017 0.987585 0.00458486 -3.97052 -0.981689 0.156584 -0.108486 85.8782
-0.0995363 0.0111648 0.994971 157.615 0.154582 0.98797 0.00437801 -3.98042 -0.982953 0.15424 -0.100065 85.8386
-0.0884262 0.00935613 0.996039 158.139 0.154968 0.987909 0.00447796 -3.98922 -0.983954 0.15475 -0.088807 85.7972
-0.0753965 0.00795318 0.997122 158.827 0.157341 0.987536 0.00402051 -3.99968 -0.984662 0.157192 -0.0757082 85.7461
-0.062379 0.0065043 0.998031 159.503 0.157634 0.987492 0.00341683 -4.0165 -0.985525 0.157537 -0.062624 85.7183
-0.045749 0.00578699 0.998936 160.288 0.158811 0.987308 0.00155356 -4.03541 -0.986249 0.158713 -0.0460874 85.6841
-0.0252096 0.00537029 0.999668 161.444 0.159437 0.987207 -0.00128267 -4.05404 -0.986886 0.159352 -0.0257433 85.6502
