1 0 0 0 0 1 0 0 0 0 1 0
0.999998 0.000978695 0.00152536 -0.00290045 -0.000977169 0.999999 -0.00100053 -0.0168297 -0.00152633 0.00099904 0.999998 0.967703
0.999999 -0.000933734 0.00104827 0.013372 0.000934469 0.999999 -0.000700282 -0.0348965 -0.00104761 0.000701261 0.999999 1.95691
0.999992 -0.0034599 0.0019458 0.0137625 0.00346164 0.999994 -0.000891747 -0.0481508 -0.0019427 0.000898476 0.999998 2.90859
0.999988 -0.00245288 0.00417174 0.00291195 0.00245796 0.999996 -0.00121111 -0.0635381 -0.00416876 0.00122135 0.999991 3.84625
0.999981 -0.00416151 0.00461515 0.00795599 0.00416623 0.999991 -0.00101426 -0.0845191 -0.00461089 0.00103347 0.999989 4.82027
0.999977 -0.00458891 0.00502131 0.010736 0.00459849 0.999988 -0.00189877 -0.105219 -0.00501254 0.00192182 0.999986 5.83237
0.999974 -0.00477616 0.00540724 0.0143559 0.00478598 0.999987 -0.00180596 -0.13042 -0.00539854 0.00183179 0.999984 6.81144
0.999963 -0.00745372 0.00419649 0.0299202 0.00745578 0.999972 -0.000475587 -0.146925 -0.00419283 0.000506858 0.999991 7.76443
0.999965 -0.00774804 0.00330245 0.0235273 0.0077461 0.99997 0.000599361 -0.166983 -0.003307 -0.000573759 0.999994 8.68242
0.999966 -0.00815712 0.0012426 0.0180182 0.00815681 0.999967 0.000256247 -0.187019 -0.00124465 -0.000246102 0.999999 9.57365
0.999983 -0.00583782 -0.000943947 0.0113822 0.00583744 0.999983 -0.000403073 -0.199713 0.000946284 0.000397556 0.999999 10.5433
0.999981 -0.00575194 -0.00209502 0.00483558 0.00575056 0.999983 -0.00066344 -0.216883 0.0020988 0.00065138 0.999998 11.4785
0.999983 -0.00467747 -0.00342775 0.000381244 0.00467499 0.999989 -0.000731843 -0.236267 0.00343114 0.000715806 0.999994 12.4928
0.999984 -0.00415458 -0.00393305 -0.010995 0.00415195 0.999991 -0.000676556 -0.255181 0.00393583 0.000660215 0.999992 13.527
0.999978 -0.004928 -0.00453314 -0.0195975 0.00492641 0.999988 -0.000362854 -0.271777 0.00453487 0.000340514 0.99999 14.5169
0.999978 -0.00461109 -0.00473672 -0.0327512 0.00461019 0.999989 -0.000200282 -0.289599 0.00473759 0.00017844 0.999989 15.4453
0.999972 -0.0050436 -0.00546603 -0.0411517 0.00503805 0.999987 -0.00102833 -0.310523 0.00547114 0.00100076 0.999985 16.3877
0.999956 -0.00593811 -0.00721245 -0.0336461 0.00592227 0.99998 -0.00221576 -0.320775 0.00722547 0.00217295 0.999972 17.302
0.999965 -0.00334636 -0.00765548 -0.0493046 0.00333486 0.999993 -0.00151425 -0.337041 0.0076605 0.00148867 0.99997 18.2204
0.999967 -0.00203658 -0.00790997 -0.0699847 0.00202187 0.999996 -0.00186608 -0.353629 0.00791374 0.00185002 0.999967 19.175
0.999969 -0.000636042 -0.00781109 -0.0951953 0.00061675 0.999997 -0.00247204 -0.373956 0.00781264 0.00246715 0.999966 20.0755
0.999962 -0.000757228 -0.00866315 -0.109619 0.000745089 0.999999 -0.00140445 -0.399354 0.0086642 0.00139794 0.999961 20.9828
0.999961 -0.00219713 -0.00854057 -0.126458 0.00219966 0.999998 0.000286644 -0.416449 0.00853992 -0.000305419 0.999963 21.9217
0.999952 -0.00281342 -0.00938202 -0.140323 0.00281432 0.999996 8.28838e-05 -0.432994 0.00938175 -0.000109284 0.999956 22.8705
0.999948 -0.000554583 -0.0101424 -0.164985 0.000543569 0.999999 -0.00108869 -0.448813 0.010143 0.00108312 0.999948 23.8883
0.999934 0.00117634 -0.011389 -0.183802 -0.00120081 0.999997 -0.0021418 -0.469991 0.0113864 0.00215534 0.999933 24.8508
0.999919 0.000347356 -0.0127349 -0.194036 -0.000378551 0.999997 -0.00244721 -0.484571 0.012734 0.00245183 0.999916 25.7593
0.999914 0.000273204 -0.0131087 -0.21423 -0.000302146 0.999998 -0.00220591 -0.498516 0.0131081 0.00220968 0.999912 26.6715
0.999902 9.21568e-05 -0.0139676 -0.23204 -0.000123473 0.999997 -0.00224123 -0.515486 0.0139674 0.00224273 0.9999 27.5194
0.999899 0.00131623 -0.014119 -0.263232 -0.00134284 0.999997 -0.00187507 -0.541493 0.0141165 0.00189384 0.999899 28.475
0.999879 0.000227222 -0.0155849 -0.270037 -0.000263095 0.999997 -0.00229972 -0.554686 0.0155843 0.00230354 0.999876 29.388
0.999888 0.00113679 -0.0149395 -0.29662 -0.00116726 0.999997 -0.00203124 -0.569117 0.0149372 0.00204845 0.999886 30.221
0.999896 0.00432233 -0.0137498 -0.323318 -0.00433324 0.99999 -0.000763362 -0.586359 0.0137464 0.000822864 0.999905 31.0768
0.999886 0.0106547 -0.0107092 -0.36887 -0.0106623 0.999943 -0.0006546 -0.597367 0.0107016 0.00076871 0.999942 31.8981
0.999906 0.00747881 -0.0114502 -0.37146 -0.00749756 0.999971 -0.00159553 -0.60917 0.0114379 0.00168123 0.999933 32.7669
0.999882 0.01083 -0.010895 -0.389308 -0.0108509 0.999939 -0.00186469 -0.624402 0.0108741 0.00198269 0.999939 33.6423
0.99988 0.0119092 -0.00990303 -0.409167 -0.0119144 0.999929 -0.000462175 -0.639147 0.00989682 0.000580108 0.999951 34.5225
0.999894 0.0118763 -0.00836508 -0.423186 -0.0118509 0.999925 0.00307171 -0.658198 0.00840094 -0.00297225 0.99996 35.4322
0.999905 0.0119987 -0.00679065 -0.434221 -0.0119598 0.999912 0.00574813 -0.67034 0.00685902 -0.00566637 0.99996 36.3281
0.999924 0.0113436 -0.00483945 -0.445323 -0.0112989 0.999894 0.00916619 -0.683713 0.00494291 -0.00911081 0.999946 37.2545
0.999942 0.00996592 -0.00402808 -0.446307 -0.00992412 0.999898 0.0102677 -0.691219 0.00412999 -0.0102272 0.999939 38.2294
0.999974 0.00630508 -0.00356576 -0.444038 -0.00627466 0.999944 0.00848052 -0.697151 0.00361903 -0.00845793 0.999958 39.1998
0.999975 0.00679142 -0.00211904 -0.456735 -0.00677722 0.999955 0.00664067 -0.707773 0.00216405 -0.00662614 0.999976 40.1794
0.999976 0.0063642 -0.00268448 -0.451651 -0.00634688 0.999959 0.00641249 -0.718524 0.00272518 -0.0063953 0.999976 41.121
0.999979 0.0058125 -0.00290587 -0.454687 -0.00579465 0.999965 0.00611272 -0.732506 0.00294129 -0.00609575 0.999977 42.091
0.999984 0.00413126 -0.00395594 -0.455192 -0.00411309 0.999981 0.00458957 -0.740652 0.00397483 -0.00457322 0.999982 43.0848
0.999971 0.00619851 -0.00449451 -0.476358 -0.00617651 0.999969 0.00489173 -0.751887 0.00452469 -0.00486382 0.999978 44.0199
0.999957 0.0071462 -0.0058485 -0.486844 -0.00711073 0.999956 0.00606367 -0.763572 0.00589157 -0.00602183 0.999965 45.0013
0.999957 0.00483439 -0.00786645 -0.490737 -0.0047854 0.999969 0.00623445 -0.775028 0.00789635 -0.00619654 0.99995 45.9468
0.999937 0.00650839 -0.00917564 -0.500719 -0.00645729 0.999964 0.00558812 -0.782249 0.00921168 -0.00552852 0.999942 46.931
0.99993 0.00660771 -0.00984089 -0.516771 -0.00655184 0.999962 0.00569947 -0.798528 0.00987818 -0.0056346 0.999935 47.8935
0.999934 0.00797733 -0.00828939 -0.547189 -0.00793605 0.999956 0.0050014 -0.808969 0.00832892 -0.00493528 0.999953 48.8561
0.999937 0.00710341 -0.00863379 -0.559533 -0.00706838 0.999967 0.00408085 -0.824449 0.00866249 -0.00401957 0.999954 49.8576
0.999933 0.00746329 -0.00888006 -0.5741 -0.00741093 0.999955 0.00591405 -0.844611 0.0089238 -0.00584784 0.999943 50.8492
0.999924 0.0082017 -0.00925601 -0.589044 -0.00813112 0.999938 0.00763662 -0.859384 0.00931807 -0.00756077 0.999928 51.8593
0.999937 0.00492801 -0.0101119 -0.595162 -0.00486449 0.999968 0.00629681 -0.873685 0.0101426 -0.00624722 0.999929 52.8236
0.999939 0.00462184 -0.0100345 -0.613494 -0.00457405 0.999978 0.00478017 -0.881935 0.0100564 -0.00473398 0.999938 53.8488
0.999926 0.00606149 -0.0105736 -0.62942 -0.00600568 0.999968 0.00530286 -0.89861 0.0106055 -0.00523897 0.99993 54.802
0.999907 0.00780839 -0.0111651 -0.639321 -0.00774286 0.999953 0.00590043 -0.916971 0.0112106 -0.00581343 0.99992 55.8006
0.999901 0.0085373 -0.0112046 -0.656611 -0.00847045 0.999946 0.00600055 -0.926942 0.0112552 -0.00590505 0.999919 56.7851
0.999909 0.00850603 -0.0104598 -0.670178 -0.00843567 0.999942 0.00675238 -0.937093 0.0105166 -0.00666353 0.999922 57.7841
0.999913 0.0101793 -0.0083569 -0.686274 -0.0101174 0.999921 0.00741756 -0.948837 0.00843175 -0.00733237 0.999938 58.7608
0.999948 0.00894864 -0.00498197 -0.703419 -0.00892166 0.999946 0.00541094 -0.964416 0.00503012 -0.00536621 0.999973 59.7062
0.999958 0.00890724 -0.00236391 -0.713507 -0.00890505 0.99996 0.000936782 -0.986433 0.00237216 -0.000915691 0.999997 60.7631
0.999956 0.00933304 0.000135392 -0.719973 -0.0093331 0.999956 0.000441399 -1.00329 -0.000131267 -0.000442644 1 61.8484
0.999974 0.00669611 0.00273472 -0.718529 -0.00670617 0.999971 0.00368544 -1.01886 -0.00270997 -0.00370369 0.999989 62.8359
0.999959 0.00690959 0.0057762 -0.71907 -0.00693833 0.999964 0.00497063 -1.03575 -0.00574164 -0.00501051 0.999971 63.9256
0.999931 0.00627543 0.00992628 -0.71826 -0.00630612 0.999975 0.0030635 -1.04873 -0.00990681 -0.00312589 0.999946 64.99
0.999908 0.0041518 0.0128806 -0.70839 -0.00415758 0.999991 0.00042154 -1.07032 -0.0128787 -0.000475053 0.999917 65.975
0.999879 0.00199708 0.0154351 -0.683068 -0.00195623 0.999995 -0.00266179 -1.09194 -0.0154403 0.00263127 0.999877 66.9809
0.999847 0.000335943 0.0174864 -0.653592 -0.000273982 0.999994 -0.00354564 -1.11244 -0.0174875 0.00354031 0.999841 67.93
0.999792 -0.00120941 0.0203735 -0.630452 0.0012441 0.999998 -0.00169046 -1.13224 -0.0203714 0.00171545 0.999791 68.8206
0.999706 0.000525109 0.024257 -0.617326 -0.000497497 0.999999 -0.00114435 -1.15223 -0.0242575 0.00113194 0.999705 69.7221
0.999629 0.00025211 0.0272342 -0.589123 -0.000155247 0.999994 -0.00355874 -1.16782 -0.0272349 0.00355319 0.999623 70.6306
0.999512 0.00200233 0.0311713 -0.574434 -0.0018253 0.999982 -0.00570646 -1.19194 -0.0311822 0.00564678 0.999498 71.5574
0.999411 0.00207021 0.0342404 -0.547382 -0.00186621 0.99998 -0.00598897 -1.21279 -0.0342522 0.00592154 0.999396 72.4527
0.9993 0.00195392 0.0373494 -0.521133 -0.0017762 0.999987 -0.00479067 -1.23552 -0.0373582 0.00472098 0.999291 73.3873
0.999155 0.00247897 0.0410259 -0.494016 -0.0023405 0.999991 -0.003423 -1.25694 -0.041034 0.00332409 0.999152 74.3353
0.999072 0.000687233 0.0430569 -0.447551 -0.000610186 0.999998 -0.00180253 -1.27509 -0.0430581 0.00177458 0.999071 75.281
0.998871 0.00503913 0.0472369 -0.436127 -0.00497027 0.999986 -0.00157504 -1.28526 -0.0472442 0.00133848 0.998882 76.2214
0.998737 0.00659114 0.0498063 -0.399908 -0.00639086 0.999971 -0.00417943 -1.30127 -0.0498324 0.00385585 0.99875 77.2066
0.998622 0.0054868 0.0521906 -0.354016 -0.00510285 0.999959 -0.00748716 -1.32774 -0.0522296 0.00721052 0.998609 78.1776
0.99853 0.00549446 0.0539208 -0.305971 -0.00494497 0.999935 -0.0103188 -1.35193 -0.053974 0.010037 0.998492 79.1222
0.998404 0.00747571 0.0559713 -0.269311 -0.00683595 0.999909 -0.011613 -1.37106 -0.056053 0.0112119 0.998365 80.0836
0.998291 0.00996547 0.0575743 -0.239823 -0.00934019 0.999895 -0.0111194 -1.39678 -0.057679 0.0105626 0.998279 81.0022
0.998403 0.00611745 0.0561542 -0.181831 -0.00560631 0.999941 -0.00925542 -1.42369 -0.0562076 0.00892583 0.998379 81.9136
0.998265 0.012653 0.0575046 -0.175338 -0.0121844 0.99989 -0.00849344 -1.44259 -0.0576057 0.00777805 0.998309 82.8222
0.9982 0.0181968 0.0571382 -0.150881 -0.0177702 0.99981 -0.00796531 -1.46412 -0.0572723 0.00693562 0.998335 83.8137
0.998026 0.0249967 0.0576103 -0.143387 -0.0245726 0.999666 -0.00805926 -1.48306 -0.0577925 0.00662772 0.998307 84.7711
0.998246 0.0238737 0.0541833 -0.0940337 -0.023451 0.99969 -0.00842279 -1.50268 -0.0543675 0.00713736 0.998495 85.7491
0.998155 0.0304567 0.0525201 -0.0794823 -0.0300082 0.999506 -0.00930707 -1.52186 -0.0527776 0.00771386 0.998576 86.6727
0.998101 0.0355376 0.0503152 -0.0613846 -0.0351237 0.999342 -0.00908754 -1.54433 -0.050605 0.00730303 0.998692 87.69
0.99802 0.0396193 0.0488508 -0.0501646 -0.0392236 0.99919 -0.00903349 -1.55842 -0.0491691 0.0070995 0.998765 88.5963
0.998264 0.0394579 0.0437298 -0.0093306 -0.0391546 0.999203 -0.00777075 -1.58734 -0.0440016 0.00604503 0.999013 89.5298
0.998365 0.0404191 0.0404282 0.00533989 -0.0401441 0.999165 -0.00759153 -1.60662 -0.0407012 0.00595617 0.999154 90.5421
0.998383 0.0430092 0.0371639 0.0194208 -0.0427554 0.999057 -0.00759697 -1.62927 -0.0374555 0.00599573 0.99928 91.581
0.998518 0.0436957 0.0324533 0.0417124 -0.0434762 0.999027 -0.00743966 -1.65594 -0.0327468 0.00601769 0.999446 92.5674
0.998689 0.0435158 0.026956 0.0663091 -0.0433259 0.999032 -0.00758984 -1.68035 -0.0272601 0.006412 0.999608 93.5972
0.998746 0.0447789 0.0223973 0.0760325 -0.0446055 0.998971 -0.00818352 -1.70036 -0.0227407 0.00717421 0.999716 94.6082
0.998721 0.0468815 0.0189515 0.0820411 -0.0467318 0.998873 -0.00826507 -1.72348 -0.0193176 0.00736886 0.999786 95.5555
0.998672 0.0487181 0.0167863 0.0920707 -0.0485837 0.998784 -0.0083265 -1.74543 -0.0171715 0.0074999 0.999824 96.5708
0.998648 0.0493754 0.0162291 0.097271 -0.049239 0.998749 -0.00869699 -1.76938 -0.0166382 0.00788613 0.99983 97.5272
0.998511 0.051955 0.0166098 0.0880784 -0.0518196 0.99862 -0.00848435 -1.79438 -0.0170276 0.00761101 0.999826 98.5095
0.998502 0.0525316 0.0153017 0.0978962 -0.0524252 0.998598 -0.00727304 -1.82271 -0.0156623 0.00645995 0.999856 99.49
0.998543 0.0520502 0.0142528 0.112008 -0.0519556 0.998625 -0.00692759 -1.84746 -0.0145938 0.00617698 0.999874 100.509
0.998376 0.0554791 0.0129087 0.119406 -0.0554182 0.998451 -0.00502843 -1.8665 -0.0131676 0.00430489 0.999904 101.483
0.998317 0.0566345 0.0124864 0.118123 -0.0566131 0.998394 -0.0020674 -1.8872 -0.0125834 0.00135703 0.99992 102.497
0.998279 0.0570964 0.0133552 0.10785 -0.0570716 0.998368 -0.00223396 -1.91085 -0.0134609 0.00146792 0.999908 103.579
0.99842 0.0550717 0.0112073 0.131452 -0.0550325 0.998477 -0.00377332 -1.93198 -0.0113981 0.00315059 0.99993 104.647
0.998663 0.0508187 0.0094188 0.148914 -0.0507929 0.998705 -0.00296292 -1.94756 -0.00955717 0.00248055 0.999951 105.659
0.998772 0.0487244 0.00900868 0.150685 -0.0487147 0.998812 -0.0012937 -1.96577 -0.00906102 0.000853257 0.999959 106.73
0.999002 0.0437946 0.00881646 0.155067 -0.0438024 0.99904 0.000696184 -1.98845 -0.0087775 -0.00108167 0.999961 107.859
0.999195 0.0394226 0.00748902 0.166469 -0.0394352 0.999221 0.0015372 -2.00492 -0.00742259 -0.00183129 0.999971 108.947
0.999338 0.0354142 0.00834183 0.164506 -0.0354135 0.999373 -0.000235439 -2.0242 -0.00834494 -6.01306e-05 0.999965 109.997
0.999444 0.032307 0.00828245 0.172544 -0.0322952 0.999477 -0.00154616 -2.0386 -0.00832807 0.00127782 0.999965 111.051
0.999412 0.0328522 0.00980028 0.162138 -0.0328365 0.999459 -0.00176717 -2.06241 -0.00985303 0.00144432 0.99995 112.104
0.999475 0.0309447 0.00959351 0.180327 -0.0309309 0.99952 -0.0015799 -2.08037 -0.00963779 0.00128234 0.999953 113.163
0.999396 0.0332647 0.0100174 0.186673 -0.0332753 0.999446 0.000890815 -2.10819 -0.00998223 -0.00122361 0.999949 114.33
0.999274 0.0362239 0.0117703 0.180341 -0.036254 0.99934 0.00235129 -2.12968 -0.0116774 -0.0027763 0.999928 115.576
0.999222 0.0372277 0.013013 0.182122 -0.0372385 0.999306 0.000587056 -2.15076 -0.0129821 -0.00107118 0.999915 116.778
0.999104 0.0396356 0.0148473 0.173547 -0.0396195 0.999214 -0.00137638 -2.17283 -0.0148902 0.000786904 0.999889 117.97
0.999155 0.0381598 0.0152828 0.182701 -0.0381098 0.999267 -0.00355022 -2.20345 -0.0154071 0.0029648 0.999877 119.155
0.999151 0.0380112 0.0159053 0.179203 -0.0378987 0.999255 -0.00731699 -2.2436 -0.0161716 0.00670798 0.999847 120.317
0.999067 0.040162 0.0158731 0.198305 -0.0399942 0.999142 -0.0107496 -2.27074 -0.0162913 0.0101047 0.999816 121.398
0.999078 0.0394652 0.0169287 0.201418 -0.0392694 0.99916 -0.0117437 -2.30019 -0.0173779 0.0110681 0.999788 122.467
0.999107 0.0388956 0.0165163 0.221503 -0.0387072 0.999184 -0.0115771 -2.33041 -0.0169531 0.0109274 0.999797 123.528
0.999131 0.0385662 0.0157858 0.241047 -0.0383971 0.999203 -0.0108778 -2.36531 -0.0161927 0.0102622 0.999816 124.575
0.999126 0.0388326 0.0154804 0.249193 -0.0386807 0.999202 -0.00999508 -2.39708 -0.0158562 0.00938754 0.99983 125.69
0.99914 0.0386885 0.0148859 0.25603 -0.0385552 0.999215 -0.00913908 -2.4314 -0.0152278 0.00855729 0.999847 126.754
0.999264 0.0358575 0.0136103 0.276201 -0.0357286 0.999315 -0.00959423 -2.46198 -0.013945 0.00910089 0.999861 127.869
0.99934 0.0340151 0.0127444 0.279668 -0.0338952 0.99938 -0.00950598 -2.48896 -0.0130599 0.00906773 0.999874 128.94
0.999322 0.0348786 0.0117559 0.285664 -0.0347772 0.999357 -0.00872631 -2.51205 -0.0120527 0.00831156 0.999893 129.992
0.999271 0.0363764 0.0115816 0.286593 -0.03628 0.999306 -0.00842002 -2.54233 -0.0118799 0.0079937 0.999897 131.075
0.999315 0.0353293 0.0110481 0.292096 -0.035226 0.999335 -0.00940598 -2.57619 -0.011373 0.00901035 0.999895 132.308
0.999221 0.0377431 0.01149 0.278513 -0.0376238 0.999238 -0.0104331 -2.61454 -0.011875 0.00999268 0.99988 133.472
0.999319 0.0355757 0.00983249 0.296984 -0.0354701 0.999313 -0.0107176 -2.63954 -0.010207 0.0103616 0.999894 134.578
0.999368 0.0344303 0.00887892 0.304301 -0.0343285 0.999346 -0.0113817 -2.67565 -0.00926499 0.0110697 0.999896 135.684
0.999368 0.0346669 0.00783229 0.306426 -0.0345666 0.999323 -0.0126021 -2.70497 -0.00826386 0.0123234 0.99989 136.728
0.999324 0.036086 0.00699891 0.307051 -0.0359992 0.999278 -0.0121608 -2.74067 -0.00743269 0.0119006 0.999902 137.773
0.999372 0.0349885 0.00559656 0.314115 -0.034926 0.99933 -0.0109002 -2.77057 -0.0059742 0.0106979 0.999925 138.837
0.999461 0.0325968 0.00383716 0.327657 -0.0325534 0.999411 -0.0108751 -2.79625 -0.0041894 0.0107443 0.999934 139.898
0.999446 0.033157 0.00289796 0.324929 -0.0331249 0.999396 -0.0104984 -2.82936 -0.0032443 0.0103966 0.999941 141.009
0.999443 0.0332967 0.00231184 0.324072 -0.0332709 0.999392 -0.0103937 -2.85937 -0.00265651 0.010311 0.999943 142.088
0.999372 0.0353494 0.00229292 0.312989 -0.0353214 0.999312 -0.0112723 -2.88951 -0.00268981 0.0111842 0.999934 143.233
0.999318 0.0368413 0.0025842 0.300666 -0.0368073 0.999248 -0.0121675 -2.91552 -0.00303053 0.0120641 0.999923 144.254
0.99926 0.0383945 0.00216473 0.293323 -0.0383665 0.999195 -0.0117452 -2.94919 -0.00261393 0.0116535 0.999929 145.331
0.999259 0.0384535 0.00182008 0.292333 -0.0384271 0.999179 -0.0128197 -2.98397 -0.00231155 0.0127402 0.999916 146.491
0.999333 0.0364964 0.00121186 0.290423 -0.036475 0.999229 -0.0144995 -3.01478 -0.00174011 0.0144456 0.999894 147.538
0.999407 0.0343775 0.00210759 0.279814 -0.034344 0.999308 -0.0142806 -3.05191 -0.00259706 0.0141998 0.999896 148.553
0.999475 0.0323905 0.00110466 0.285999 -0.0323767 0.999417 -0.0107895 -3.08016 -0.00145349 0.010748 0.999941 149.589
0.999558 0.0297177 0.000920412 0.28295 -0.0297113 0.999539 -0.00630877 -3.11184 -0.00110747 0.00627863 0.99998 150.604
0.999642 0.026761 -0.000177685 0.289797 -0.0267616 0.999612 -0.00777925 -3.13083 -3.05649e-05 0.00778122 0.99997 151.641
0.999637 0.0269427 0.000664848 0.273942 -0.026933 0.999568 -0.01176 -3.15161 -0.000981407 0.0117378 0.999931 152.795
0.999765 0.0216823 -1.52698e-05 0.277958 -0.0216803 0.999661 -0.0143966 -3.17909 -0.000296887 0.0143936 0.999896 153.901
0.999788 0.020605 -0.000554004 0.278055 -0.0206107 0.999689 -0.0140453 -3.21709 0.000264429 0.0140537 0.999901 155.009
0.999832 0.018345 -0.000444902 0.271233 -0.0183492 0.999746 -0.0130861 -3.25196 0.000204724 0.0130921 0.999914 156.065
0.999871 0.0160486 -0.000598785 0.27159 -0.0160543 0.99981 -0.0110962 -3.28539 0.000420592 0.0111044 0.999938 157.126
0.999833 0.0182055 0.00170232 0.246572 -0.018187 0.999781 -0.0103479 -3.31999 -0.00189033 0.0103152 0.999945 158.248
0.999826 0.0183809 0.00330827 0.237404 -0.0183438 0.999772 -0.010906 -3.35724 -0.00350798 0.0108434 0.999935 159.437
0.999857 0.0163275 0.00439548 0.241689 -0.0162729 0.999793 -0.0121799 -3.40128 -0.00459344 0.0121066 0.999916 160.647
0.999891 0.0140798 0.00444989 0.258344 -0.0140173 0.999807 -0.0137891 -3.43882 -0.00464318 0.0137252 0.999895 161.865
0.999904 0.0128868 0.00500774 0.263105 -0.0128138 0.999815 -0.0143545 -3.47585 -0.0051918 0.014289 0.999884 162.889
0.999956 0.00848807 0.00396182 0.296644 -0.00843328 0.999871 -0.0136475 -3.5104 -0.00407715 0.0136135 0.999899 163.917
0.999968 0.00649528 0.00476748 0.304148 -0.00643772 0.999907 -0.0119906 -3.54297 -0.00484493 0.0119595 0.999917 164.922
0.999972 0.00588908 0.004594 0.328619 -0.00583373 0.999911 -0.0119693 -3.56891 -0.00466408 0.0119422 0.999918 165.923
0.999953 0.00727467 0.00633168 0.323765 -0.007196 0.999898 -0.0123602 -3.59918 -0.00642095 0.0123141 0.999904 166.978
0.999966 0.00548526 0.00622973 0.339241 -0.00540926 0.999912 -0.0121516 -3.6343 -0.00629583 0.0121175 0.999907 168.045
0.999978 0.00264335 0.00605963 0.348724 -0.00256963 0.999923 -0.0121409 -3.66462 -0.00609126 0.012125 0.999908 169.073
0.99997 0.00395608 0.00661794 0.349332 -0.00387314 0.999914 -0.0124982 -3.69555 -0.00666682 0.0124722 0.9999 170.172
0.999944 0.00592162 0.00879185 0.33406 -0.00581307 0.999907 -0.0123215 -3.72981 -0.008864 0.0122697 0.999885 171.156
0.999896 0.00904236 0.0112491 0.316929 -0.00890207 0.999883 -0.0124596 -3.76223 -0.0113604 0.0123581 0.999859 172.111
0.999923 0.00616713 0.0107739 0.336632 -0.0060357 0.999907 -0.0121887 -3.78907 -0.010848 0.0121227 0.999868 173.137
0.999926 0.00616039 0.0104464 0.338401 -0.00604777 0.999924 -0.0107787 -3.82792 -0.010512 0.0107148 0.999887 174.094
0.999916 0.00770075 0.0103902 0.333946 -0.00758796 0.999912 -0.0108511 -3.86329 -0.0104729 0.0107714 0.999887 175.096
0.999916 0.0082253 0.0100487 0.334548 -0.00810934 0.999901 -0.0115273 -3.89909 -0.0101425 0.0114448 0.999883 176.062
0.999916 0.00799793 0.0101521 0.331464 -0.00787025 0.99989 -0.0125552 -3.92966 -0.0102514 0.0124743 0.99987 176.99
0.99995 0.00538833 0.00842568 0.345945 -0.00528146 0.999906 -0.0126552 -3.96289 -0.00849308 0.0126101 0.999884 177.9
0.999944 0.00743645 0.00748376 0.341491 -0.00734212 0.999894 -0.0125545 -3.99559 -0.00757633 0.0124989 0.999893 178.804
0.999945 0.00849357 0.00621299 0.337378 -0.00842079 0.999897 -0.0116472 -4.02865 -0.00631127 0.0115943 0.999913 179.703
0.999959 0.00782002 0.00464499 0.332498 -0.00777295 0.999919 -0.0100653 -4.05894 -0.00472333 0.0100288 0.999939 180.623
0.999971 0.00727956 0.00203668 0.333039 -0.00726207 0.999938 -0.00846823 -4.08605 -0.0020982 0.0084532 0.999962 181.507
0.999968 0.00794445 -6.02209e-05 0.323198 -0.00794468 0.999933 -0.00839183 -4.11481 -6.45162e-06 0.00839205 0.999965 182.354
0.999979 0.00536499 -0.00353035 0.329994 -0.00539704 0.999944 -0.00913115 -4.13841 0.00348116 0.00915002 0.999952 183.237
0.999967 0.00426563 -0.00688507 0.326747 -0.00433086 0.999946 -0.00948775 -4.15952 0.00684423 0.00951726 0.999931 184.076
0.999946 0.0059317 -0.00853914 0.300645 -0.00601289 0.999937 -0.00951393 -4.17956 0.00848216 0.00956476 0.999918 184.882
0.999924 0.00593896 -0.0107695 0.279052 -0.00604698 0.999931 -0.0100254 -4.20585 0.0107092 0.0100898 0.999892 185.669
0.999879 0.00811311 -0.0132623 0.252401 -0.00825006 0.999913 -0.010304 -4.23539 0.0131776 0.0104121 0.999859 186.417
0.999833 0.00569277 -0.017393 0.245858 -0.00588765 0.99992 -0.011174 -4.25899 0.017328 0.0112746 0.999786 187.211
0.99978 0.0103489 -0.0182446 0.205066 -0.0105681 0.999873 -0.0119585 -4.28125 0.0181185 0.0121487 0.999762 187.945
0.999721 0.011774 -0.020495 0.175823 -0.0120267 0.999853 -0.0122493 -4.30897 0.0203477 0.0124923 0.999715 188.613
0.99965 0.0150067 -0.0217894 0.146294 -0.0152761 0.999808 -0.0122529 -4.33262 0.0216014 0.0125815 0.999687 189.269
0.999626 0.0156271 -0.02244 0.125125 -0.0158985 0.999802 -0.0119678 -4.35217 0.0222486 0.0123201 0.999677 189.901
0.99963 0.0143968 -0.0230726 0.111594 -0.0146595 0.999829 -0.0112563 -4.37265 0.0229066 0.0115904 0.99967 190.526
0.999631 0.0136228 -0.0234877 0.10187 -0.013882 0.999844 -0.0109095 -4.38991 0.0233354 0.0112315 0.999665 191.123
0.999616 0.0140619 -0.0238615 0.0908916 -0.014342 0.99983 -0.0116083 -4.4103 0.0236942 0.0119461 0.999648 191.721
0.999621 0.0137664 -0.0238263 0.0762012 -0.0140931 0.999808 -0.0135973 -4.43119 0.0236345 0.0139279 0.999624 192.293
0.999633 0.015574 -0.022168 0.0507217 -0.0159214 0.999752 -0.0155822 -4.45315 0.0219198 0.0159294 0.999633 192.881
0.999665 0.0170523 -0.0194608 0.0217633 -0.0173823 0.999706 -0.0169182 -4.47809 0.0191666 0.0172508 0.999667 193.444
0.999696 0.016079 -0.018695 0.013801 -0.0164172 0.999702 -0.0180775 -4.49228 0.0183987 0.0183789 0.999662 194.034
0.999735 0.0159939 -0.0165581 -0.00383087 -0.0162968 0.999699 -0.0183246 -4.5154 0.01626 0.0185896 0.999695 194.609
0.999733 0.017651 -0.0148786 -0.0173838 -0.0179191 0.999676 -0.0180838 -4.54096 0.0145546 0.0183456 0.999726 195.19
0.999756 0.0179406 -0.0128482 -0.0274492 -0.0181749 0.999666 -0.0183606 -4.562 0.0125145 0.0185896 0.999749 195.758
0.999782 0.0180264 -0.0104897 -0.0384887 -0.0182228 0.999655 -0.0189331 -4.58106 0.0101448 0.0191201 0.999766 196.311
0.999815 0.017029 -0.0088938 -0.0363194 -0.0171929 0.999677 -0.0186921 -4.6023 0.00857262 0.0188415 0.999786 196.9
0.999811 0.0189574 -0.00426821 -0.0545024 -0.0190316 0.999655 -0.0180828 -4.62523 0.00392394 0.0181606 0.999827 197.448
0.999848 0.0173192 -0.00220146 -0.0502552 -0.0173561 0.999688 -0.0179798 -4.64577 0.00188938 0.0180153 0.999836 197.987
0.999874 0.0158495 0.00120978 -0.0543615 -0.0158252 0.999713 -0.0179845 -4.66697 -0.00149448 0.0179631 0.999838 198.519
0.999839 0.0168428 0.00614746 -0.0656197 -0.0167276 0.999692 -0.0183286 -4.68867 -0.00645427 0.0182228 0.999813 199.026
0.999807 0.0171457 0.00955882 -0.067205 -0.0169673 0.999686 -0.0184445 -4.70849 -0.00987206 0.0182788 0.999784 199.525
0.999768 0.0177826 0.0121197 -0.0623483 -0.0175464 0.999659 -0.0193257 -4.72817 -0.0124593 0.0191085 0.99974 200.029
0.999741 0.0172083 0.0148735 -0.0569159 -0.0169146 0.999664 -0.0196554 -4.74915 -0.0152068 0.0193988 0.999696 200.545
0.99971 0.0168785 0.017161 -0.0480435 -0.0165504 0.999681 -0.0190867 -4.76545 -0.0174777 0.0187971 0.999671 201.061
0.999641 0.0173633 0.0204227 -0.0445714 -0.0169809 0.99968 -0.0187481 -4.78315 -0.0207417 0.0183945 0.999616 201.566
0.999576 0.0179928 0.022902 -0.0359869 -0.0175578 0.999664 -0.019055 -4.80321 -0.0232372 0.0186448 0.999556 202.09
0.999536 0.0178461 0.0246719 -0.0236341 -0.0173373 0.999636 -0.0206854 -4.82233 -0.025032 0.0202481 0.999482 202.608
0.999505 0.0171092 0.026412 -0.0116878 -0.0165117 0.999606 -0.0226781 -4.84314 -0.0267896 0.0222308 0.999394 203.113
0.999489 0.016796 0.0271904 -0.000588229 -0.0161418 0.999579 -0.0241042 -4.86327 -0.0275838 0.023653 0.99934 203.633
0.999472 0.017878 0.0271354 0.0112439 -0.0172207 0.999557 -0.0242674 -4.88432 -0.0275572 0.0237873 0.999337 204.142
0.999467 0.017374 0.0276508 0.0216849 -0.0167052 0.999567 -0.0242388 -4.91027 -0.02806 0.0237639 0.999324 204.698
0.999403 0.0201902 0.0280374 0.0293721 -0.0194985 0.999504 -0.0247298 -4.93019 -0.0285228 0.0241684 0.999301 205.233
0.999348 0.0223705 0.02834 0.0342973 -0.0216755 0.999462 -0.0245988 -4.95941 -0.0288751 0.0239685 0.999296 205.783
0.999386 0.0209327 0.0280949 0.0491066 -0.0201976 0.999453 -0.026198 -4.98307 -0.0286279 0.0256144 0.999262 206.318
0.999489 0.0160499 0.0276564 0.0696987 -0.0152654 0.999481 -0.0283496 -5.0082 -0.0280971 0.027913 0.999215 206.859
0.999467 0.0155669 0.0287119 0.078024 -0.014718 0.999455 -0.0295429 -5.02963 -0.0291561 0.0291046 0.999151 207.382
0.999451 0.0161396 0.0289317 0.0915928 -0.0154059 0.999559 -0.0254041 -5.05144 -0.029329 0.0249444 0.999259 207.929
0.999392 0.0201216 0.0284882 0.106364 -0.0195812 0.999625 -0.0191226 -5.07475 -0.0288624 0.0185531 0.999411 208.478
0.999458 0.0169887 0.0281819 0.131254 -0.0165333 0.99973 -0.0163164 -5.09298 -0.0284515 0.0158416 0.99947 209.061
0.999425 0.015728 0.0300508 0.152564 -0.0151717 0.999711 -0.0186487 -5.11386 -0.0303354 0.018182 0.999374 209.654
0.999317 0.0152622 0.0336651 0.171679 -0.0144429 0.999597 -0.0244476 -5.13774 -0.0340246 0.0239447 0.999134 210.273
0.999126 0.0178575 0.0378041 0.187463 -0.0168059 0.999468 -0.0279533 -5.15803 -0.0382831 0.0272935 0.998894 210.875
0.999025 0.0189599 0.0398775 0.211046 -0.0178568 0.999453 -0.0278391 -5.18109 -0.0403835 0.0270999 0.998817 211.437
0.998938 0.0173849 0.042677 0.238838 -0.0162952 0.999536 -0.0257522 -5.20272 -0.0431049 0.0250294 0.998757 212.011
0.998941 0.0119018 0.044453 0.276894 -0.0108912 0.999678 -0.0229092 -5.22529 -0.0447113 0.0224008 0.998749 212.611
0.998893 0.00760864 0.0464149 0.315545 -0.00657482 0.999728 -0.0223858 -5.2416 -0.0465726 0.0220558 0.998671 213.229
0.998723 0.00828628 0.0498278 0.34008 -0.00719717 0.999732 -0.0219974 -5.26628 -0.0499967 0.0216107 0.998516 213.845
0.998689 0.00802655 0.0505584 0.382802 -0.00682944 0.999693 -0.0238063 -5.29916 -0.050734 0.0234298 0.998437 214.462
0.998517 0.0100684 0.0535103 0.402196 -0.00866372 0.999613 -0.0264176 -5.321 -0.0537556 0.0259148 0.998218 215.068
0.998265 0.011585 0.0577293 0.419571 -0.0100315 0.999582 -0.0271267 -5.3393 -0.0580195 0.0265005 0.997964 215.655
0.998138 0.0104055 0.0600969 0.454061 -0.00887227 0.99963 -0.0257232 -5.36184 -0.0603423 0.0251422 0.997861 216.263
0.997867 0.0123693 0.0640966 0.480277 -0.0107887 0.999631 -0.0249474 -5.38277 -0.0643815 0.0242027 0.997632 216.88
0.997667 0.011408 0.0673135 0.514933 -0.00975484 0.999644 -0.0248375 -5.412 -0.0675728 0.024123 0.997423 217.488
0.997473 0.0104884 0.0702647 0.555469 -0.00872347 0.99964 -0.0253787 -5.43663 -0.0705055 0.0247017 0.997205 218.099
0.997439 0.00561957 0.0712993 0.615418 -0.00378331 0.999658 -0.0258633 -5.46454 -0.0714203 0.0255273 0.99712 218.724
0.997229 0.00453146 0.0742561 0.65034 -0.0027017 0.999691 -0.0247231 -5.49452 -0.0743452 0.0244539 0.996933 219.332
0.997141 0.00419279 0.0754457 0.693403 -0.0023041 0.999682 -0.0251034 -5.5174 -0.0755269 0.0248578 0.996834 219.944
0.99708 0.00484414 0.076207 0.731188 -0.00289148 0.999665 -0.0257126 -5.53856 -0.076306 0.0254172 0.99676 220.545
0.997041 0.00386636 0.0767707 0.775154 -0.00187221 0.999659 -0.0260304 -5.5612 -0.0768452 0.0258096 0.996709 221.162
0.997017 0.00622267 0.0769339 0.815382 -0.00428151 0.999669 -0.0253708 -5.58907 -0.0770663 0.0249657 0.996713 221.791
0.997036 0.00716836 0.0766033 0.855298 -0.00524594 0.999667 -0.0252675 -5.6135 -0.076759 0.0247908 0.996741 222.404
0.99715 0.00424732 0.0753214 0.902665 -0.00225531 0.999646 -0.0265122 -5.63885 -0.0754073 0.0262667 0.996807 223.014
0.99715 0.00545632 0.0752461 0.932151 -0.0034113 0.999622 -0.0272796 -5.66801 -0.0753665 0.0269452 0.996792 223.626
0.997216 0.0058578 0.0743368 0.966755 -0.00376787 0.999595 -0.0282235 -5.69414 -0.074472 0.0278648 0.996834 224.24
0.997302 0.00709422 0.0730581 1.00466 -0.00501836 0.99958 -0.0285582 -5.72272 -0.07323 0.0281145 0.996919 224.854
0.997241 0.0110979 0.0733936 1.02088 -0.00895319 0.999525 -0.0294863 -5.74577 -0.073686 0.0287479 0.996867 225.453
0.997259 0.0124478 0.0729331 1.04132 -0.0103106 0.999508 -0.0296069 -5.76692 -0.0732658 0.0287738 0.996897 226.04
0.997071 0.0175422 0.0744432 1.04266 -0.0154124 0.999458 -0.0290892 -5.78879 -0.0749131 0.0278566 0.996801 226.647
0.997137 0.0205127 0.0727771 1.05684 -0.0185749 0.999457 -0.027205 -5.81511 -0.0732956 0.0257753 0.996977 227.251
0.997634 0.0167909 0.0666659 1.10962 -0.0150772 0.999545 -0.026125 -5.83978 -0.0670742 0.025058 0.997433 227.872
0.998035 0.0128106 0.0613306 1.15157 -0.0112883 0.999621 -0.0251034 -5.86717 -0.0616289 0.0243618 0.997802 228.492
0.998254 0.0142507 0.0573172 1.17509 -0.0128666 0.999618 -0.0244453 -5.89627 -0.0576437 0.0236651 0.998057 229.121
0.998484 0.0149863 0.0529554 1.20101 -0.0137502 0.999626 -0.0236312 -5.93058 -0.0532898 0.0228672 0.998317 229.76
0.998807 0.0117117 0.0474013 1.23917 -0.0106192 0.999674 -0.023235 -5.95971 -0.047658 0.0227039 0.998606 230.399
0.999086 0.00893679 0.0418102 1.27574 -0.00796865 0.999698 -0.0232652 -5.99124 -0.0420054 0.0229107 0.998855 231.017
0.99927 0.00816697 0.0373191 1.29748 -0.00729179 0.999697 -0.0235275 -6.01581 -0.0374999 0.0232382 0.999026 231.604
0.999409 0.00827546 0.0333609 1.31436 -0.00749948 0.9997 -0.0233186 -6.04677 -0.0335438 0.0230546 0.999171 232.211
0.999452 0.0111615 0.031173 1.31075 -0.0104399 0.999676 -0.0232146 -6.07577 -0.031422 0.0228764 0.999244 232.793
0.999613 0.00765786 0.0267267 1.32671 -0.00702912 0.999698 -0.0235401 -6.10844 -0.0268989 0.0233432 0.999366 233.365
0.999688 0.0110301 0.022391 1.32371 -0.0104625 0.999625 -0.025313 -6.13437 -0.0226618 0.0250708 0.999429 233.949
0.999787 0.0130865 0.0159836 1.32216 -0.0126524 0.999556 -0.0269606 -6.16431 -0.0163293 0.0267526 0.999509 234.479
0.999827 0.0162885 0.0089331 1.30576 -0.0160242 0.999454 -0.0288989 -6.18611 -0.00939894 0.0287508 0.999542 234.997
0.999862 0.0165297 -0.00164722 1.29986 -0.0165714 0.999418 -0.0298207 -6.21036 0.00115334 0.0298439 0.999554 235.496
0.999721 0.0189355 -0.0141478 1.2743 -0.0193534 0.999362 -0.0300106 -6.23324 0.0135705 0.030276 0.999449 235.978
0.999294 0.0236102 -0.0292103 1.23507 -0.0244736 0.999263 -0.0295622 -6.25198 0.0284908 0.0302563 0.999136 236.423
0.998369 0.0295264 -0.0488716 1.19366 -0.0309315 0.999122 -0.0282483 -6.27566 0.0479946 0.0297139 0.998406 236.858
0.996988 0.0326173 -0.0703589 1.14223 -0.0346721 0.999001 -0.0281837 -6.29115 0.0693694 0.0305383 0.997124 237.271
0.994867 0.036402 -0.0944156 1.07445 -0.0391826 0.998846 -0.0277645 -6.30729 0.093296 0.0313214 0.995146 237.682
0.991779 0.0361772 -0.122739 1.01494 -0.039725 0.998857 -0.0265813 -6.322 0.121637 0.0312386 0.992083 238.09
0.987481 0.0391347 -0.152804 0.93366 -0.0433728 0.998758 -0.0245004 -6.33738 0.151655 0.0308213 0.987953 238.467
0.981623 0.0369665 -0.187215 0.854859 -0.0416744 0.998905 -0.0212726 -6.35489 0.186223 0.0286837 0.982089 238.842
0.97431 0.0391632 -0.221779 0.740692 -0.0443716 0.998843 -0.0185493 -6.36672 0.220796 0.0279135 0.97492 239.202
0.965294 0.0430152 -0.2576 0.617856 -0.0485257 0.998708 -0.0150698 -6.37613 0.256619 0.027047 0.966134 239.533
0.954158 0.0463614 -0.29569 0.484957 -0.0519657 0.998587 -0.0111185 -6.38832 0.294756 0.0259746 0.955219 239.861
0.941325 0.0496971 -0.333823 0.333327 -0.0554809 0.998429 -0.00780828 -6.39465 0.332911 0.025871 0.942603 240.177
0.926098 0.0512839 -0.373781 0.183979 -0.056883 0.998373 -0.00395625 -6.40474 0.37297 0.0249257 0.927509 240.473
0.908657 0.0532687 -0.414131 0.00972252 -0.0588892 0.998264 -0.00080593 -6.41038 0.41337 0.0251202 0.910217 240.768
0.888615 0.0546296 -0.455389 -0.173166 -0.0601983 0.998184 0.00227776 -6.41463 0.454686 0.0253896 0.89029 241.041
0.865146 0.0563634 -0.498343 -0.366449 -0.0614745 0.99809 0.00616306 -6.41812 0.497739 0.0253034 0.866958 241.314
0.839825 0.0608726 -0.539433 -0.576522 -0.0661743 0.997762 0.00956851 -6.41592 0.538809 0.0276607 0.841974 241.546
0.810956 0.0659605 -0.581377 -0.79832 -0.072052 0.997321 0.0126472 -6.41236 0.580653 0.031633 0.813536 241.775
0.779573 0.0667637 -0.622742 -1.02912 -0.0730666 0.997208 0.0154422 -6.40633 0.622034 0.0334633 0.782275 241.99
0.743751 0.067867 -0.665003 -1.25387 -0.0722609 0.997166 0.0209482 -6.40229 0.66454 0.0324735 0.746547 242.189
0.704119 0.0692611 -0.706696 -1.48152 -0.069943 0.997157 0.0280403 -6.3974 0.706629 0.0296848 0.706961 242.362
0.659505 0.0707727 -0.748361 -1.71909 -0.0670465 0.997128 0.0352129 -6.39114 0.748704 0.0269519 0.662357 242.525
0.613151 0.0772079 -0.786184 -1.97601 -0.074156 0.996443 0.0400217 -6.37503 0.786477 0.0337609 0.616696 242.642
0.562675 0.0849197 -0.822305 -2.2328 -0.0810671 0.995584 0.0473429 -6.36099 0.822694 0.0400233 0.567074 242.76
0.510344 0.0898189 -0.855267 -2.48192 -0.0851571 0.994921 0.0536712 -6.34671 0.855744 0.0454413 0.515401 242.854
0.455718 0.0938863 -0.885159 -2.7338 -0.0877221 0.994318 0.0603013 -6.33691 0.885791 0.0501676 0.461365 242.935
0.399765 0.0965089 -0.911523 -2.99349 -0.085021 0.994059 0.06796 -6.32326 0.912666 0.0503305 0.405595 243.012
0.341607 0.0993278 -0.934579 -3.25019 -0.0800475 0.993861 0.0763694 -6.30325 0.936428 0.0487224 0.347461 243.087
0.282517 0.103173 -0.953698 -3.5024 -0.0751402 0.993525 0.0852226 -6.2864 0.956315 0.0475842 0.28844 243.139
0.226128 0.105178 -0.968403 -3.74359 -0.0789216 0.992863 0.0894064 -6.26328 0.970895 0.0562105 0.232815 243.116
0.165263 0.109153 -0.980191 -3.99177 -0.0781977 0.992178 0.0973031 -6.24308 0.983145 0.0605681 0.172506 243.11
0.102125 0.114095 -0.988207 -4.27038 -0.0749024 0.991463 0.10673 -6.20959 0.991948 0.0631193 0.109799 243.096
0.037522 0.120498 -0.992004 -4.5385 -0.0717561 0.990466 0.117597 -6.18004 0.996716 0.0667699 0.0458107 243.061
-0.0252219 0.125028 -0.991833 -4.79323 -0.0712481 0.9894 0.126533 -6.14227 0.99714 0.0738576 -0.0160465 242.989
-0.0885522 0.129157 -0.987662 -5.06453 -0.0711358 0.988206 0.135606 -6.10466 0.993528 0.0822664 -0.0783201 242.9
-0.151107 0.132377 -0.979614 -5.33916 -0.0701457 0.987059 0.144203 -6.06457 0.986026 0.0905058 -0.139865 242.789
-0.21214 0.134729 -0.967907 -5.60967 -0.0670667 0.986108 0.151962 -6.02563 0.974935 0.0971515 -0.200158 242.669
-0.268581 0.129227 -0.954549 -5.87006 -0.0708563 0.985625 0.15337 -5.9659 0.960647 0.108828 -0.255564 242.497
-0.328261 0.130541 -0.935523 -6.16032 -0.0643663 0.985011 0.160032 -5.93312 0.942391 0.112748 -0.314938 242.355
-0.384264 0.130289 -0.913984 -6.44756 -0.0555172 0.984939 0.163745 -5.87439 0.921553 0.113663 -0.371243 242.203
-0.430871 0.118862 -0.894551 -6.7077 -0.0618114 0.985072 0.160662 -5.79419 0.900294 0.124518 -0.417092 241.95
-0.475893 0.114054 -0.872076 -6.97104 -0.0631609 0.984564 0.163233 -5.7358 0.877232 0.132762 -0.461343 241.733
-0.516966 0.110653 -0.848824 -7.259 -0.0636742 0.983892 0.167041 -5.66779 0.853634 0.140403 -0.501593 241.504
-0.556612 0.113422 -0.822993 -7.59025 -0.0558615 0.983285 0.173293 -5.59886 0.828892 0.142431 -0.540973 241.253
-0.595906 0.119879 -0.794056 -7.92338 -0.0423471 0.982729 0.180142 -5.52257 0.801937 0.140974 -0.580537 240.99
-0.631679 0.118665 -0.766094 -8.21173 -0.0399039 0.981928 0.184999 -5.44229 0.774202 0.14743 -0.615529 240.683
-0.670566 0.12548 -0.731161 -8.60745 -0.0216479 0.981862 0.188358 -5.34449 0.741534 0.142135 -0.655686 240.365
-0.70308 0.117489 -0.701338 -8.92032 -0.022318 0.982125 0.186901 -5.24846 0.71076 0.147059 -0.68789 239.99
-0.733223 0.11465 -0.670254 -9.22659 -0.01597 0.982508 0.185532 -5.16657 0.679801 0.146741 -0.718567 239.623
-0.761858 0.108365 -0.638615 -9.51594 -0.0131235 0.983122 0.182479 -5.07793 0.647611 0.147404 -0.747577 239.253
-0.787346 0.105343 -0.607444 -9.79861 -0.00799628 0.983466 0.180917 -4.98961 0.616459 0.147302 -0.773486 238.851
-0.811098 0.100341 -0.57624 -10.0717 -0.00785231 0.983219 0.182262 -4.89582 0.584858 0.152357 -0.796698 238.405
-0.834786 0.0992311 -0.541558 -10.3557 -0.00173527 0.983145 0.182819 -4.79672 0.550571 0.153555 -0.820544 237.951
-0.856751 0.098082 -0.506318 -10.628 0.00410203 0.983014 0.183484 -4.69899 0.515715 0.155123 -0.8426 237.475
-0.876053 0.0988568 -0.471972 -10.8681 0.0110819 0.98263 0.185247 -4.6012 0.482087 0.157055 -0.861931 236.98
-0.894007 0.102155 -0.436252 -11.1096 0.0208414 0.982089 0.187261 -4.50541 0.447568 0.15832 -0.880124 236.465
-0.910427 0.106438 -0.399742 -11.355 0.0310883 0.981203 0.190457 -4.39492 0.4125 0.16097 -0.896623 235.908
-0.925213 0.107069 -0.364029 -11.5823 0.03811 0.980734 0.191594 -4.27372 0.37753 0.163392 -0.911468 235.32
-0.938342 0.105135 -0.329333 -11.7937 0.0425033 0.980492 0.191907 -4.15522 0.343085 0.166077 -0.924506 234.698
-0.949455 0.101764 -0.296949 -11.9784 0.0461931 0.980989 0.188488 -4.03385 0.310485 0.165244 -0.936105 234.074
-0.9594 0.0991902 -0.264032 -12.1565 0.0503573 0.98132 0.185677 -3.91146 0.277517 0.164842 -0.946473 233.43
-0.96771 0.0968249 -0.232728 -12.3192 0.0535866 0.9812 0.185403 -3.7901 0.246304 0.166945 -0.954706 232.764
-0.97469 0.0973511 -0.20125 -12.4713 0.0597483 0.980898 0.18512 -3.65827 0.215428 0.16841 -0.961888 232.08
-0.980265 0.0967013 -0.172424 -12.5989 0.0646166 0.981019 0.182831 -3.52367 0.186831 0.168081 -0.967906 231.368
-0.984429 0.0987602 -0.145416 -12.7161 0.0715806 0.980779 0.18152 -3.38429 0.160548 0.168285 -0.972576 230.609
-0.98784 0.0982322 -0.120509 -12.8069 0.075337 0.98047 0.181669 -3.24776 0.136002 0.170381 -0.975948 229.854
-0.990412 0.0985846 -0.0967756 -12.886 0.0797575 0.980038 0.182111 -3.10905 0.112797 0.172646 -0.978504 229.056
-0.992761 0.0927239 -0.0763359 -12.9436 0.0776869 0.980477 0.180637 -2.96086 0.091595 0.173399 -0.980583 228.182
-0.994313 0.0880087 -0.0599641 -12.9897 0.0761391 0.981167 0.177524 -2.80889 0.0744584 0.171949 -0.982288 227.309
-0.995249 0.0851712 -0.0471731 -13.0344 0.0756516 0.981482 0.175985 -2.65328 0.0612883 0.17158 -0.983262 226.406
