1 0 0 0 0 1 0 0 0 0 1 0
1 0 0 0 0 1 0 0 0 0 1 0
1 0 0 0 0 1 0 0 0 0 1 0
1 0 0 0 0 1 0 0 0 0 1 0
1 0 0 0 0 1 0 0 0 0 1 0
1 0 0 0 0 1 0 0 0 0 1 0
1 0 0 0 0 1 0 0 0 0 1 0
1 0 0 0 0 1 0 0 0 0 1 0
1 0 0 0 0 1 0 0 0 0 1 0
1 0 0 0 0 1 0 0 0 0 1 0
1 0 0 0 0 1 0 0 0 0 1 0
1 0 0 0 0 1 0 0 0 0 1 0
1 0 0 0 0 1 0 0 0 0 1 0
1 0 0 0 0 1 0 0 0 0 1 0
1 0 0 0 0 1 0 0 0 0 1 0
0.999621 0.006785 -0.0266711 -0.0851739 -0.00686004 0.999973 -0.00272303 -0.00663383 0.0266519 0.00290496 0.999641 0.146318
0.998448 0.0141799 -0.0538525 -0.178191 -0.0145122 0.999878 -0.00578368 -5.9015e-05 0.0537639 0.00655622 0.998532 0.293916
0.99627 0.0215168 -0.0835665 -0.271571 -0.0222828 0.999718 -0.00824418 0.00541807 0.0833656 0.0100755 0.996468 0.438615
0.99627 0.0215168 -0.0835665 -0.271571 -0.0222828 0.999718 -0.00824418 0.00541807 0.0833656 0.0100755 0.996468 0.438615
0.993102 0.0309209 -0.113106 -0.415258 -0.0325284 0.999394 -0.0123942 0.010126 0.112654 0.0159878 0.993506 0.628084
0.988713 0.036904 -0.145206 -0.515118 -0.0394042 0.99912 -0.0143789 0.011926 0.144548 0.0199384 0.989297 0.771028
0.988713 0.036904 -0.145206 -0.515118 -0.0394042 0.99912 -0.0143789 0.011926 0.144548 0.0199384 0.989297 0.771028
0.982359 0.0365571 -0.183397 -0.606734 -0.04039 0.999036 -0.0172066 0.0172764 0.182591 0.0243105 0.982888 0.916092
0.972963 0.0402011 -0.227435 -0.6978 -0.0444831 0.998916 -0.0137306 0.0142192 0.226637 0.0234763 0.973696 1.08212
0.960607 0.0481075 -0.273715 -0.791133 -0.0526965 0.998566 -0.00943341 0.00791053 0.272869 0.0234856 0.961765 1.21657
0.944968 0.0532053 -0.322808 -0.905791 -0.0585219 0.998263 -0.0067795 0.00581881 0.321886 0.0252977 0.94644 1.39027
0.926589 0.0549934 -0.372034 -1.02375 -0.0613733 0.998101 -0.00531904 0.00663393 0.371035 0.0277615 0.928204 1.5427
0.904353 0.0504336 -0.423796 -1.145 -0.0568977 0.998377 -0.00260477 0.00957523 0.422976 0.0264686 0.905754 1.72046
0.879336 0.0473756 -0.473839 -1.2973 -0.0539115 0.998546 -0.000210405 0.010508 0.47314 0.0257304 0.880612 1.90014
0.851099 0.0473984 -0.522861 -1.43625 -0.0535429 0.99856 0.0033656 0.013292 0.522267 0.025131 0.852411 2.05035
0.819806 0.0485408 -0.570581 -1.58074 -0.0540321 0.998512 0.00731313 0.018875 0.570087 0.0248344 0.821209 2.17992
0.786012 0.0506861 -0.61613 -1.74518 -0.0560276 0.998372 0.0106557 0.0213329 0.615668 0.0261448 0.787572 2.29561
0.749007 0.0541413 -0.660347 -1.93069 -0.0607732 0.998068 0.0128981 0.0370174 0.659769 0.0304706 0.75085 2.41746
0.709514 0.0580401 -0.702298 -2.125 -0.0644519 0.99777 0.0173448 0.0445701 0.701738 0.032958 0.711672 2.53391
0.66797 0.0627037 -0.741542 -2.33692 -0.0696471 0.997338 0.0215964 0.0511806 0.740922 0.0372205 0.670559 2.6468
0.625105 0.066557 -0.777698 -2.56654 -0.0712818 0.997062 0.0280352 0.0597942 0.777279 0.0379108 0.628013 2.7707
0.58211 0.0697532 -0.810113 -2.81716 -0.0735825 0.996745 0.0329499 0.0733181 0.809774 0.0404297 0.585347 2.88909
0.539746 0.0710316 -0.838826 -3.09058 -0.0739141 0.996584 0.0368302 0.085869 0.838576 0.042122 0.543153 3.01501
0.499883 0.0739216 -0.862932 -3.3631 -0.0789322 0.996093 0.0396044 0.102748 0.862488 0.0483156 0.503765 3.11903
0.463563 0.0763435 -0.882769 -3.65076 -0.0830766 0.995637 0.0424791 0.116622 0.882161 0.0536458 0.467883 3.22455
0.429961 0.0764107 -0.899608 -3.93674 -0.0851289 0.995404 0.0438607 0.131894 0.898825 0.0577243 0.43449 3.33172
0.399778 0.0743948 -0.913588 -4.69205 -0.0847528 0.995431 0.0439723 0.147261 0.912685 0.05985 0.404256 3.58908
0.371179 0.0719277 -0.925771 -5.28846 -0.0831202 0.995567 0.0440242 0.163324 0.924834 0.0606094 0.375512 3.79316
0.346321 0.0701949 -0.935486 -6.23685 -0.0818308 0.995656 0.0444158 0.197532 0.93454 0.0611695 0.35056 4.1116
0.325572 0.0673064 -0.943119 -6.98574 -0.0792493 0.995896 0.0437154 0.233595 0.94219 0.060509 0.32957 4.37667
0.311125 0.0666962 -0.948026 -7.82584 -0.0799676 0.995834 0.0438157 0.277704 0.946999 0.0621792 0.315162 4.60765
0.299168 0.0676598 -0.951798 -8.76011 -0.0810941 0.995677 0.0452896 0.311736 0.950748 0.063636 0.303362 4.85792
0.289755 0.0688895 -0.954619 -9.29607 -0.0805946 0.99562 0.0473856 0.329168 0.953702 0.0632069 0.294038 5.01792
0.282595 0.0701571 -0.95667 -9.72169 -0.0789587 0.995639 0.0496909 0.339509 0.955984 0.061495 0.286902 5.15096
0.278492 0.0708379 -0.957823 -10.1358 -0.0785252 0.995617 0.0508014 0.359903 0.957223 0.0610654 0.282834 5.26902
0.277206 0.0706469 -0.95821 -10.5334 -0.0756707 0.995801 0.0515272 0.378566 0.957826 0.0582248 0.281388 5.38656
0.278348 0.0720251 -0.957776 -10.9573 -0.0736674 0.995848 0.053479 0.39713 0.957651 0.0556711 0.282498 5.5097
0.280052 0.0742426 -0.95711 -11.4129 -0.0744007 0.995685 0.0554651 0.418726 0.957097 0.0556764 0.284368 5.6405
0.281642 0.075085 -0.956577 -11.9207 -0.0771806 0.995476 0.0554143 0.440719 0.95641 0.0582222 0.286163 5.78541
0.283841 0.0735569 -0.956046 -12.4154 -0.0804699 0.995363 0.0526912 0.464675 0.955489 0.061977 0.288444 5.92051
0.285083 0.0739048 -0.955649 -12.983 -0.0815178 0.99528 0.0526518 0.492872 0.95503 0.0628923 0.289762 6.08632
0.286617 0.0765274 -0.954984 -13.479 -0.0826108 0.995066 0.0549456 0.51925 0.954477 0.0631437 0.291525 6.23665
0.288574 0.0802336 -0.95409 -14.0137 -0.0839982 0.994762 0.0582478 0.54483 0.953766 0.0633331 0.293802 6.39487
0.290252 0.0829722 -0.953346 -14.5573 -0.0853523 0.994508 0.0605686 0.566318 0.953136 0.0637901 0.29574 6.55515
0.292659 0.082794 -0.952626 -15.4426 -0.0873714 0.994392 0.0595824 0.615581 0.952217 0.065795 0.298252 6.81014
0.29456 0.0807666 -0.952214 -16.2736 -0.0901048 0.99433 0.0564657 0.661943 0.951376 0.0691665 0.300167 7.05466
0.295858 0.0798695 -0.951887 -17.2448 -0.0901221 0.994387 0.0554245 0.714511 0.950971 0.0693882 0.301396 7.35745
0.297233 0.0810495 -0.951359 -18.5705 -0.0880354 0.994473 0.0572176 0.780048 0.950738 0.0667463 0.302725 7.77986
0.298764 0.0821702 -0.950783 -20.1447 -0.0860475 0.994548 0.0589139 0.850963 0.95044 0.0642112 0.304205 8.26458
0.301061 0.0835556 -0.949937 -20.885 -0.0855337 0.994505 0.0603677 0.883611 0.949761 0.0630773 0.306554 8.48759
0.301773 0.0791217 -0.950091 -22.1109 -0.0863891 0.99472 0.055399 0.938571 0.949458 0.0653596 0.307015 8.86569
0.302229 0.0716812 -0.950537 -23.2406 -0.0843116 0.995271 0.0482473 0.983706 0.9495 0.0655595 0.306843 9.22409
0.302175 0.0663564 -0.95094 -25.0588 -0.0821372 0.995677 0.0433778 1.06025 0.949707 0.0649998 0.306319 9.8085
0.301403 0.0662197 -0.951195 -25.6058 -0.0798899 0.995832 0.0440127 1.08396 0.950144 0.0627254 0.305437 9.98973
0.300798 0.0728351 -0.950903 -26.1896 -0.0792462 0.99554 0.0511862 1.10589 0.95039 0.0599587 0.305228 10.1787
0.29996 0.0793863 -0.950643 -26.7515 -0.0795815 0.99514 0.0579915 1.13133 0.950627 0.0582584 0.30482 10.3585
0.300059 0.0857776 -0.950056 -27.3379 -0.0832715 0.994502 0.0634907 1.1547 0.950279 0.0600617 0.305552 10.5312
0.299618 0.0863568 -0.950143 -27.9704 -0.0843379 0.994394 0.0637836 1.18312 0.950324 0.0610224 0.305221 10.728
0.299155 0.0829562 -0.950592 -28.6393 -0.0843246 0.994615 0.0602607 1.21315 0.950471 0.0621309 0.304539 10.9372
0.299617 0.0810565 -0.95061 -29.7148 -0.085902 0.994629 0.057735 1.26198 0.950184 0.0643609 0.304971 11.2533
0.299323 0.0823927 -0.950588 -30.7022 -0.088079 0.994397 0.0584554 1.3141 0.950078 0.0662298 0.304903 11.5628
0.299302 0.0852282 -0.950345 -31.7704 -0.0891818 0.994141 0.061069 1.35664 0.949982 0.0664754 0.305149 11.8904
0.299674 0.0845124 -0.950291 -32.5594 -0.091797 0.994001 0.0594515 1.38931 0.949615 0.0694178 0.305635 12.1261
0.299523 0.0794887 -0.950772 -33.425 -0.0918729 0.994295 0.0541846 1.4276 0.949655 0.0711207 0.305117 12.4021
0.298169 0.0756458 -0.951511 -34.0439 -0.0903183 0.994618 0.0507704 1.44392 0.950231 0.0708007 0.303396 12.6178
0.299533 0.0766337 -0.951003 -34.6135 -0.0908368 0.994532 0.0515308 1.46358 0.949752 0.0709509 0.304857 12.7844
0.300713 0.0791082 -0.950428 -35.2445 -0.0906077 0.994416 0.0541015 1.48427 0.949401 0.0698471 0.306201 12.974
0.301382 0.0840489 -0.949792 -35.8807 -0.0912149 0.99408 0.0590243 1.50983 0.94913 0.0688463 0.307265 13.1681
0.301613 0.0887656 -0.949289 -36.5053 -0.0901257 0.993853 0.0642975 1.53936 0.949161 0.0661624 0.307759 13.3712
0.30183 0.0922012 -0.948893 -37.1519 -0.0916916 0.993506 0.0673702 1.5692 0.948942 0.0666711 0.308324 13.5687
0.30059 0.091394 -0.949364 -37.7933 -0.0891811 0.99373 0.0674284 1.59668 0.949575 0.0643971 0.306856 13.792
0.300285 0.0870649 -0.949868 -38.4517 -0.0885238 0.994071 0.0631313 1.62844 0.949733 0.0651285 0.306212 14.0052
0.30017 0.0832425 -0.950247 -39.1065 -0.0894051 0.994255 0.0588558 1.65926 0.949687 0.0672902 0.305888 14.2108
0.300534 0.0828038 -0.95017 -39.7474 -0.0957028 0.993814 0.056337 1.68721 0.948958 0.0740028 0.306599 14.3943
0.300546 0.0820407 -0.950232 -40.4229 -0.100489 0.993472 0.0539905 1.72545 0.948459 0.0792616 0.306828 14.5916
0.299793 0.0792129 -0.95071 -41.0362 -0.09713 0.993903 0.0521832 1.74416 0.949047 0.0766984 0.305659 14.7914
0.297737 0.0734323 -0.951819 -41.6573 -0.0908258 0.994693 0.0483289 1.7649 0.950317 0.0720605 0.302827 15.0027
0.296163 0.0703034 -0.952547 -42.2787 -0.0855673 0.99523 0.0468494 1.78352 0.951297 0.0676318 0.300766 15.2117
0.294221 0.0736172 -0.952898 -42.8563 -0.084685 0.995115 0.050731 1.80113 0.951978 0.06577 0.299019 15.3911
0.292839 0.0790732 -0.952887 -43.438 -0.0824988 0.994948 0.0572102 1.81783 0.952596 0.0618586 0.297883 15.5677
0.291429 0.0821092 -0.953062 -44.0663 -0.0811084 0.994843 0.0609072 1.84234 0.953148 0.0595512 0.296586 15.7563
0.290921 0.0820136 -0.953225 -44.7293 -0.0826788 0.994747 0.0603527 1.8656 0.953168 0.0612537 0.296173 15.9417
0.289467 0.0795168 -0.953879 -45.3355 -0.0857101 0.994693 0.0569093 1.88926 0.953343 0.0652837 0.294746 16.1207
0.288384 0.0778413 -0.954346 -45.9993 -0.0907039 0.994429 0.0537019 1.91642 0.953209 0.0710761 0.293838 16.3021
0.286811 0.0777962 -0.954823 -46.6387 -0.0949423 0.994099 0.0524774 1.94377 0.953271 0.075602 0.292505 16.4855
0.285264 0.0793405 -0.955159 -47.5534 -0.0963255 0.993895 0.0537899 1.97722 0.953596 0.0766618 0.291165 16.7563
0.284129 0.0806958 -0.955384 -48.772 -0.0968641 0.99377 0.0551309 2.02576 0.953881 0.0768782 0.290175 17.117
0.282804 0.0816217 -0.955699 -50.0984 -0.0998923 0.993461 0.0552873 2.06842 0.953962 0.0798315 0.289108 17.5037
0.281984 0.0821469 -0.955896 -52.0409 -0.1003 0.993392 0.0557811 2.12805 0.954162 0.0801474 0.28836 18.0703
0.282012 0.0830951 -0.955806 -54.0208 -0.0990601 0.99344 0.057139 2.21285 0.954283 0.0785683 0.288394 18.6417
0.282793 0.0862995 -0.955291 -54.6067 -0.100504 0.993128 0.0599657 2.23004 0.953901 0.0790525 0.289523 18.7966
0.284023 0.092496 -0.954346 -55.556 -0.10518 0.992335 0.0648752 2.25915 0.953031 0.0819525 0.291574 19.0363
0.28419 0.0945162 -0.954098 -56.4279 -0.106163 0.992112 0.0666599 2.3007 0.952872 0.0823459 0.291983 19.28
0.283314 0.0937442 -0.954435 -57.2717 -0.104665 0.992289 0.0663934 2.34058 0.953299 0.0810862 0.290941 19.5371
0.282653 0.0909536 -0.9549 -58.0068 -0.103034 0.992614 0.0640474 2.37769 0.953672 0.0802843 0.289937 19.761
0.283471 0.0874285 -0.954987 -59.2002 -0.104809 0.992695 0.05977 2.44111 0.953236 0.0831478 0.290564 20.0866
0.283416 0.0847864 -0.955242 -60.4477 -0.104452 0.992887 0.0571374 2.4889 0.953292 0.0835831 0.290256 20.468
0.285581 0.0829085 -0.954762 -61.116 -0.106107 0.992861 0.054479 2.51429 0.952463 0.085749 0.292339 20.6508
0.288046 0.0837065 -0.953951 -62.327 -0.109528 0.992515 0.0540184 2.55069 0.951332 0.0889244 0.295059 21.0013
0.293911 0.0861457 -0.951943 -62.833 -0.114409 0.991941 0.0544418 2.5648 0.948961 0.0929095 0.301398 21.1302
0.29995 0.0877711 -0.949908 -63.3928 -0.115586 0.991766 0.0551404 2.58614 0.946926 0.0932567 0.307626 21.3038
0.306371 0.0884534 -0.947794 -63.9725 -0.113661 0.99195 0.0558338 2.60435 0.945102 0.0906211 0.313959 21.5014
0.314775 0.0905357 -0.944839 -64.5578 -0.115591 0.991688 0.0565155 2.61923 0.942102 0.0914252 0.322623 21.6925
0.325811 0.0917934 -0.940968 -65.2425 -0.116348 0.991603 0.0564474 2.64681 0.938249 0.0910886 0.333755 21.9348
0.340072 0.0945606 -0.935633 -65.8557 -0.120477 0.991114 0.0563785 2.66962 0.93265 0.0935495 0.348442 22.1514
0.356517 0.0959832 -0.929346 -66.5135 -0.122359 0.990938 0.055405 2.68987 0.926242 0.0939609 0.36503 22.4234
0.37686 0.0969417 -0.921183 -67.0176 -0.12321 0.990917 0.0538747 2.70049 0.918039 0.0931953 0.385381 22.6405
0.399519 0.0957496 -0.911711 -67.4133 -0.121037 0.991333 0.0510724 2.70918 0.908699 0.0899463 0.407646 22.8403
0.426085 0.0945384 -0.89973 -67.7959 -0.119847 0.991658 0.0474417 2.71526 0.89671 0.087616 0.43386 23.041
0.456742 0.0935773 -0.884664 -68.1385 -0.118841 0.991957 0.0435704 2.71968 0.881626 0.0852336 0.464189 23.2348
0.489445 0.0923782 -0.867127 -68.4586 -0.116948 0.992344 0.0397075 2.72243 0.864157 0.0819739 0.496501 23.443
0.524049 0.0917368 -0.846733 -68.7591 -0.116691 0.99254 0.0353128 2.71444 0.843656 0.0803009 0.530844 23.6626
0.562103 0.0914525 -0.821995 -69.0484 -0.11514 0.992843 0.0317244 2.70966 0.819013 0.0768123 0.56861 23.8926
0.600125 0.0848364 -0.795395 -69.2837 -0.106328 0.993996 0.025795 2.69327 0.792808 0.0690924 0.605542 24.1489
0.639544 0.0732385 -0.765258 -69.5196 -0.0927489 0.995531 0.0177642 2.67984 0.763139 0.0596159 0.643478 24.4299
0.677775 0.0622891 -0.732627 -69.7137 -0.0818497 0.996604 0.00901123 2.66797 0.7307 0.0538577 0.680571 24.7078
0.717026 0.0525061 -0.695066 -69.9156 -0.0716601 0.997428 0.00142266 2.66498 0.693353 0.0487884 0.718945 24.9935
0.755724 0.0516797 -0.652847 -70.1558 -0.0707451 0.99749 -0.00293156 2.65938 0.651057 0.0484012 0.757484 25.313
0.789767 0.0469369 -0.611609 -70.3456 -0.064555 0.997891 -0.00677801 2.64965 0.610001 0.0448354 0.791131 25.6373
0.819623 0.0347129 -0.57185 -70.4768 -0.0501508 0.998678 -0.0112577 2.6473 0.570704 0.0379058 0.820281 25.9463
0.847492 0.0199351 -0.530433 -70.5887 -0.0330745 0.999336 -0.0152867 2.63866 0.529776 0.0304992 0.847589 26.2757
0.873389 0.0105955 -0.486908 -70.7726 -0.0244952 0.999454 -0.0221893 2.61795 0.486407 0.0313068 0.873171 26.8122
0.897123 0.0038018 -0.441765 -70.879 -0.0206557 0.99923 -0.0333476 2.60872 0.441298 0.0390418 0.896511 27.2231
0.919863 -0.00239363 -0.392234 -70.9993 -0.017893 0.998684 -0.048057 2.59423 0.391833 0.0512241 0.918609 27.6668
0.94081 -0.00269172 -0.338924 -71.1265 -0.0181542 0.998133 -0.058321 2.56362 0.338448 0.0610219 0.939004 28.1907
0.95893 -0.00307338 -0.283626 -71.2322 -0.015426 0.997896 -0.0629682 2.52643 0.283222 0.0647573 0.956865 28.7509
0.973359 -0.00938838 -0.229093 -71.2861 -0.00626549 0.997699 -0.0675067 2.49479 0.2292 0.0671437 0.971061 29.3572
0.984553 -0.0103288 -0.174783 -71.3263 -0.00207019 0.997502 -0.070609 2.43829 0.175076 0.0698801 0.982072 30.0175
0.992465 -0.0115961 -0.121976 -71.356 0.0030678 0.997551 -0.0698747 2.38441 0.122487 0.068974 0.99007 30.6826
0.997322 -0.00468914 -0.0729874 -71.3945 -0.000355141 0.99762 -0.0689458 2.32916 0.073137 0.068787 0.994947 31.3725
0.999584 -0.00115029 -0.0288284 -71.3891 -0.0009129 0.997444 -0.0714527 2.2824 0.0288369 0.0714493 0.997027 32.1294
0.999935 0.00441896 0.0104991 -71.381 -0.00367126 0.997526 -0.0701967 2.22472 -0.0107834 0.0701536 0.997478 32.9338
0.999099 0.00444039 0.0422061 -71.3264 -0.00155475 0.997673 -0.0681585 2.1492 -0.0424105 0.0680315 0.996781 33.8478
0.99761 0.00537395 0.0688838 -71.2801 -0.00079865 0.997801 -0.0662767 2.08876 -0.0690885 0.0660633 0.995421 34.5288
0.995885 0.0050254 0.09049 -71.2074 0.000800303 0.997935 -0.0642284 2.03526 -0.0906259 0.0640365 0.993824 35.2378
0.993979 0.00718167 0.109332 -71.1515 -0.000450469 0.998109 -0.0614672 1.99806 -0.109567 0.0610479 0.992103 35.7249
0.992161 0.010616 0.124518 -71.0836 -0.00317655 0.998206 -0.0597933 1.96018 -0.124929 0.058929 0.990414 36.2561
0.990573 0.0115309 0.136502 -70.989 -0.00355355 0.998279 -0.0585414 1.91879 -0.136942 0.0575044 0.988909 36.8013
0.988779 0.00909645 0.149108 -70.9019 -0.000313819 0.998269 -0.0588192 1.88174 -0.149385 0.0581124 0.98707 37.3461
0.986521 0.0107029 0.163285 -70.811 -0.00100409 0.998236 -0.0593652 1.84515 -0.163632 0.058401 0.984791 37.8925
0.983948 0.0126467 0.178006 -70.7182 -0.00218399 0.998264 -0.0588506 1.81009 -0.178442 0.0575172 0.982268 38.4257
0.981575 0.0122525 0.190684 -70.6026 -0.00115178 0.998303 -0.0582173 1.77127 -0.191074 0.056925 0.979924 38.9544
0.978818 0.0161958 0.20409 -70.4903 -0.00388925 0.998157 -0.0605571 1.72022 -0.204695 0.0584806 0.977077 39.565
0.976172 0.0204595 0.216031 -70.3798 -0.00630697 0.9978 -0.0659988 1.67603 -0.216906 0.0630637 0.974153 40.133
0.973871 0.0228067 0.225954 -70.2553 -0.00667791 0.99739 -0.0718898 1.62931 -0.227004 0.0685025 0.971482 40.7001
0.972237 0.021699 0.232988 -70.1155 -0.00502462 0.997397 -0.0719236 1.58552 -0.233943 0.0687562 0.969816 41.2504
0.970876 0.019783 0.238764 -69.8845 -0.00408148 0.997806 -0.0660777 1.51518 -0.239547 0.0631788 0.968827 42.1352
0.9696 0.0218647 0.243715 -69.7355 -0.00790137 0.998278 -0.0581247 1.46476 -0.244567 0.0544321 0.968103 42.755
0.968624 0.0218497 0.247567 -69.5829 -0.00864613 0.998487 -0.0542957 1.41412 -0.248379 0.0504516 0.967348 43.372
0.967939 0.0211324 0.250296 -69.4237 -0.00755679 0.998454 -0.0550755 1.36531 -0.251073 0.0514183 0.966602 43.98
0.967196 0.0210509 0.253159 -69.2588 -0.00701188 0.998393 -0.0562303 1.31947 -0.253936 0.0526106 0.965789 44.6156
0.966572 0.0188418 0.255701 -69.1041 -0.00527178 0.998546 -0.0536518 1.27139 -0.25634 0.0505103 0.965266 45.2002
0.96546 0.0198995 0.25979 -68.9665 -0.00677441 0.998659 -0.0513199 1.22757 -0.260462 0.0477874 0.964301 45.7955
0.964788 0.0173375 0.262457 -68.8021 -0.00449087 0.998766 -0.0494683 1.18063 -0.262991 0.0465478 0.963675 46.3949
0.963765 0.0191042 0.266068 -68.6502 -0.00511314 0.998572 -0.0531783 1.13466 -0.266704 0.049891 0.962486 46.9988
0.963122 0.0241087 0.267982 -68.4843 -0.00808288 0.998121 -0.060745 1.08699 -0.268943 0.0563388 0.961507 47.6394
0.962661 0.0281351 0.269243 -68.2607 -0.00994093 0.997588 -0.068702 1.02215 -0.270526 0.0634603 0.960619 48.4536
0.962511 0.0299758 0.269582 -68.0234 -0.0108605 0.997337 -0.0721211 0.943359 -0.271026 0.0664896 0.960273 49.2706
0.962011 0.0288773 0.27148 -67.6764 -0.0100416 0.99746 -0.0705167 0.832799 -0.272827 0.0651117 0.959857 50.538
0.961255 0.0299214 0.274034 -67.5404 -0.0122602 0.997749 -0.0659365 0.782527 -0.275389 0.060022 0.959457 51.0422
0.960848 0.0301051 0.275437 -66.8468 -0.0139112 0.998068 -0.0605598 0.564091 -0.276728 0.0543571 0.95941 53.4285
0.96015 0.0269374 0.278184 -66.0958 -0.0110957 0.998234 -0.0583653 0.335176 -0.279264 0.0529528 0.958753 56.0902
0.959567 0.0261393 0.280264 -65.9515 -0.0101595 0.998246 -0.0583191 0.288593 -0.281297 0.0531137 0.95815 56.621
0.959365 0.024081 0.281138 -65.7951 -0.00800753 0.998274 -0.0581823 0.243622 -0.282054 0.0535668 0.957902 57.1505
0.959312 0.0216573 0.281517 -65.4006 -0.00498556 0.998198 -0.0598029 0.135964 -0.282305 0.0559661 0.957691 58.4453
0.959258 0.0192302 0.281876 -64.9509 -0.00224081 0.998167 -0.0604711 0.00566917 -0.282523 0.0573758 0.957543 59.9482
0.958942 0.0197817 0.28291 -64.7795 -0.00286743 0.99819 -0.0600762 -0.0446736 -0.283587 0.0567984 0.957263 60.5495
0.95866 0.0221553 0.283689 -64.3784 -0.00551143 0.998223 -0.0593338 -0.15047 -0.2845 0.0553175 0.957079 61.9797
0.958705 0.020596 0.283655 -63.8511 -0.00366075 0.998185 -0.0601049 -0.290548 -0.284379 0.0565845 0.957041 63.7826
0.959174 0.0199701 0.28211 -63.2542 -0.00311774 0.99819 -0.0600598 -0.456775 -0.282798 0.0567283 0.9575 65.8546
0.959532 0.019043 0.280955 -62.3013 -0.00236963 0.998222 -0.0595661 -0.726977 -0.28159 0.0564898 0.957871 69.34
0.960552 0.0196574 0.277406 -61.008 -0.00313627 0.998201 -0.0598745 -1.05958 -0.278084 0.0566425 0.958885 73.7282
0.961437 0.0217427 0.274163 -60.3934 -0.0053676 0.998164 -0.0603368 -1.23962 -0.274972 0.0565385 0.959788 75.9467
0.962413 0.0218362 0.270711 -60.097 -0.00426038 0.997854 -0.0653431 -1.3224 -0.271556 0.0617338 0.960441 76.9702
0.963153 0.0230334 0.267966 -59.9228 -0.0047008 0.997616 -0.0688555 -1.37347 -0.268913 0.0650587 0.960965 77.6015
0.963928 0.0219797 0.265254 -59.7328 -0.00334612 0.997506 -0.0704964 -1.42974 -0.266142 0.0670659 0.961598 78.2678
0.964795 0.0203652 0.262214 -59.5623 -0.00220246 0.997588 -0.0693755 -1.48307 -0.262994 0.0663556 0.962513 78.8735
0.965559 0.0185121 0.259526 -59.3936 -0.000655434 0.997636 -0.0687235 -1.53562 -0.260184 0.0661865 0.963288 79.4801
0.966222 0.0162519 0.257198 -59.2283 0.0011183 0.997736 -0.0672465 -1.5848 -0.257708 0.0652626 0.964016 80.0948
0.966496 0.0149566 0.256246 -59.0527 0.00141382 0.997976 -0.0635823 -1.64244 -0.256679 0.0618143 0.964518 80.7824
0.966773 0.013258 0.255292 -58.8491 0.00200609 0.99823 -0.0594375 -1.70016 -0.255628 0.0579747 0.965035 81.5531
0.966315 0.0131427 0.257027 -58.667 0.00160133 0.998369 -0.0570706 -1.76027 -0.257358 0.0555597 0.964718 82.3147
0.9658 0.0146037 0.258876 -58.393 0.000135864 0.998384 -0.0568277 -1.83925 -0.259288 0.0549194 0.964237 83.3608
0.96522 0.0160433 0.260945 -58.1634 -0.000878406 0.998309 -0.0581283 -1.90722 -0.261436 0.0558774 0.963602 84.2469
0.965158 0.0134509 0.26132 -57.9299 0.0025775 0.998141 -0.0608967 -1.96819 -0.261654 0.0594485 0.963329 85.055
0.964813 0.0100763 0.262743 -57.71 0.00663028 0.998015 -0.0626213 -2.03123 -0.262853 0.0621599 0.962832 85.8408
0.964827 0.00652529 0.262803 -57.3818 0.0103552 0.997973 -0.0627963 -2.12405 -0.26268 0.063309 0.962804 86.9388
0.964432 0.00309157 0.264314 -57.0505 0.0131828 0.998125 -0.0597764 -2.23055 -0.264003 0.0611346 0.962583 88.1797
0.964259 -0.00097854 0.264958 -56.7034 0.0166242 0.998246 -0.0568135 -2.34179 -0.264438 0.0591877 0.962585 89.4459
0.964054 -0.00268796 0.265691 -56.3248 0.018135 0.998283 -0.0557029 -2.47421 -0.265085 0.0585189 0.962448 90.8392
0.963869 -0.00188771 0.266371 -55.7642 0.0182831 0.998086 -0.0590846 -2.63451 -0.265749 0.0618198 0.962058 92.8789
0.963604 0.00349409 0.267312 -55.4941 0.0143547 0.997796 -0.0647881 -2.72322 -0.266949 0.0662672 0.96143 93.9114
0.963594 0.00384662 0.267342 -55.2821 0.015551 0.997397 -0.0704021 -2.78621 -0.266917 0.0719965 0.961026 94.6652
0.963053 0.0134809 0.268973 -55.1216 0.00728679 0.997076 -0.0760634 -2.85063 -0.269212 0.0752131 0.960139 95.3252
0.963208 0.0120226 0.268487 -54.9296 0.00903954 0.996984 -0.0770738 -2.913 -0.268604 0.0766651 0.960195 95.9833
0.962879 0.00870275 0.269793 -54.7531 0.0108272 0.997431 -0.0708159 -2.97762 -0.269716 0.0711082 0.960311 96.6624
0.96356 0.00159673 0.267488 -54.4926 0.0156001 0.997945 -0.0621525 -3.05334 -0.267037 0.0640605 0.961555 97.5283
0.964118 -0.00286005 0.265459 -54.2986 0.0181424 0.998314 -0.0551354 -3.10706 -0.264854 0.0579731 0.962544 98.2172
0.964811 -0.00622672 0.262869 -54.1028 0.0221025 0.998102 -0.0574805 -3.16535 -0.262012 0.061268 0.963118 98.9288
0.965533 -0.012244 0.259991 -53.9146 0.029136 0.997699 -0.0612173 -3.218 -0.258644 0.0666825 0.963668 99.5658
0.966343 -0.0136217 0.256897 -53.7462 0.0308583 0.997525 -0.0631841 -3.26797 -0.2554 0.0689849 0.964371 100.182
0.967076 -0.0106085 0.254266 -53.5754 0.0282992 0.997417 -0.066019 -3.3246 -0.252909 0.071041 0.964878 100.852
0.967939 -0.00744993 0.251076 -53.4135 0.0257879 0.997226 -0.0698271 -3.38099 -0.249859 0.0740631 0.965446 101.508
0.96897 -0.00619859 0.2471 -53.1101 0.0251442 0.996972 -0.0735904 -3.48984 -0.245895 0.0775201 0.966192 102.725
0.969738 -0.0032088 0.244128 -52.7158 0.0228897 0.996704 -0.0778228 -3.64516 -0.243074 0.0810557 0.966615 104.365
0.970765 -0.0012588 0.240027 -52.4024 0.020616 0.996728 -0.0781523 -3.77045 -0.239143 0.0808159 0.967615 105.636
0.97162 0.00075303 0.236547 -52.113 0.0178789 0.996901 -0.0766114 -3.88911 -0.235872 0.0786663 0.968595 106.892
0.972563 0.00141778 0.232637 -51.8398 0.0153687 0.997405 -0.0703288 -4.00916 -0.232133 0.0719745 0.970017 108.067
0.973501 0.000499677 0.228682 -51.5431 0.0147378 0.997782 -0.0649192 -4.13226 -0.228207 0.0665692 0.971334 109.413
0.974361 -0.000144025 0.22499 -51.2636 0.0143403 0.998006 -0.0614643 -4.25859 -0.224532 0.0631149 0.972421 110.806
0.975705 -0.00207333 0.219078 -51.0413 0.0157435 0.998034 -0.0606715 -4.35364 -0.218521 0.0626465 0.973819 111.9
0.976924 -0.00561649 0.213512 -50.7009 0.018237 0.998197 -0.0571855 -4.49229 -0.212806 0.0597597 0.975265 113.518
0.978542 -0.00609076 0.20596 -50.4204 0.0184233 0.998146 -0.058014 -4.59904 -0.205224 0.0605635 0.976839 114.808
0.979835 -0.00183628 0.1998 -50.2302 0.0140082 0.998129 -0.0595239 -4.67991 -0.199317 0.0611224 0.978027 115.807
0.980976 0.00203263 0.194117 -50.0251 0.010463 0.997938 -0.0633246 -4.77415 -0.193845 0.064151 0.978932 116.929
0.981997 0.00157577 0.188892 -49.786 0.0111164 0.99775 -0.0661143 -4.89578 -0.188571 0.0670238 0.97977 118.334
0.98301 0.00244994 0.183535 -49.5812 0.0101915 0.99764 -0.0679026 -4.99432 -0.183268 0.0686194 0.980665 119.527
0.983815 0.00549311 0.179106 -49.3109 0.00603742 0.997946 -0.0637698 -5.1112 -0.179088 0.063819 0.981761 121.103
0.984801 0.00600699 0.173583 -49.033 0.00441798 0.998212 -0.0596088 -5.26512 -0.173631 0.0594696 0.983014 122.881
0.985948 0.00445355 0.166992 -48.3048 0.00527651 0.998316 -0.0577779 -5.64055 -0.166968 0.0578471 0.984264 126.983
0.987183 0.00103154 0.159588 -48.2087 0.00892209 0.998058 -0.0616417 -5.6931 -0.159342 0.0622755 0.985257 127.606
0.988492 0.00292116 0.151242 -48.0546 0.00773446 0.99753 -0.0698178 -5.77192 -0.151073 0.0701841 0.986028 128.674
0.989626 0.00271168 0.143643 -47.993 0.00771748 0.997375 -0.0719978 -5.82033 -0.143461 0.0723595 0.987007 129.241
0.991097 0.00305133 0.133105 -47.9313 0.00629042 0.997548 -0.0697062 -5.86698 -0.132991 0.069923 0.988648 129.781
0.992418 0.00240789 0.122887 -47.8687 0.00550418 0.997934 -0.0640048 -5.92354 -0.122787 0.0641959 0.990355 130.467
0.993749 0.0030964 0.111591 -47.8179 0.00326448 0.998382 -0.0567738 -5.97187 -0.111587 0.0567832 0.992131 131.072
0.994904 0.00275399 0.100786 -47.6256 0.00268396 0.998549 -0.0537802 -6.18222 -0.100788 0.0537766 0.993454 133.67
0.9959 0.00843997 0.0900674 -47.5927 -0.00315239 0.998271 -0.0586885 -6.23201 -0.090407 0.0581639 0.994205 134.26
0.996937 0.0101986 0.0775377 -47.559 -0.00493089 0.997685 -0.0678282 -6.28191 -0.07805 0.0672381 0.994679 134.828
0.997844 0.00927737 0.0649745 -47.5329 -0.00452767 0.997331 -0.0728702 -6.32476 -0.0654772 0.0724189 0.995223 135.358
0.998629 0.00688137 0.0518885 -47.5075 -0.00333297 0.997669 -0.068164 -6.36591 -0.0522365 0.0678976 0.996324 135.868
0.999172 0.00514489 0.0403606 -47.495 -0.00267976 0.998141 -0.0608957 -6.41231 -0.0405989 0.0607371 0.997328 136.394
0.999586 0.00424625 0.028464 -47.4915 -0.00264175 0.998418 -0.0561716 -6.45648 -0.0286575 0.0560731 0.998015 136.953
0.999857 0.00442256 0.016348 -47.4965 -0.00345931 0.998282 -0.0584867 -6.50149 -0.0165786 0.0584218 0.998154 137.531
0.999992 0.0015485 0.00380486 -47.4935 -0.00130571 0.998012 -0.0630054 -6.549 -0.00389486 0.0629999 0.998006 138.103
0.999991 0.000889577 -0.00412091 -47.5128 -0.00117685 0.997529 -0.0702415 -6.59607 0.00404824 0.0702458 0.997522 138.664
0.999929 -0.00164215 -0.0117896 -47.5245 0.000738639 0.99709 -0.0762353 -6.64131 0.0118805 0.0762212 0.99702 139.182
0.999807 -3.76737e-05 -0.0196304 -47.5396 -0.00150484 0.996908 -0.078557 -6.6861 0.0195727 0.0785714 0.996716 139.707
0.99959 0.00615553 -0.0279489 -47.5642 -0.00835029 0.996831 -0.0791031 -6.73304 0.0273734 0.0793041 0.996475 140.228
0.999331 0.00565716 -0.0361287 -47.5938 -0.00845202 0.996942 -0.0776807 -6.78139 0.0355788 0.0779341 0.996323 140.782
0.998987 0.00436243 -0.0447822 -47.6216 -0.00755638 0.997419 -0.0714025 -6.82982 0.0443552 0.0716686 0.996442 141.358
0.998601 0.00176433 -0.0528454 -47.6503 -0.00512323 0.997969 -0.0634929 -6.87724 0.0526261 0.0636748 0.996582 141.951
0.998156 0.00807308 -0.0601544 -47.6906 -0.0115269 0.998291 -0.0572928 -6.92714 0.059589 0.0578806 0.996544 142.555
0.997656 0.0165868 -0.0663827 -47.7521 -0.0205843 0.997986 -0.0599952 -6.98565 0.0652539 0.061221 0.995989 143.23
0.997209 0.015564 -0.0730185 -47.796 -0.0205724 0.997449 -0.0683486 -7.0297 0.0717685 0.06966 0.994986 143.827
0.99696 0.0131968 -0.0767877 -47.8556 -0.0190214 0.996955 -0.0756236 -7.07991 0.0755559 0.0768543 0.994175 144.386
0.996628 0.0131642 -0.080993 -47.9011 -0.019365 0.9969 -0.0762567 -7.12528 0.0797381 0.0775679 0.993793 144.921
0.99619 0.0182508 -0.0852841 -47.9629 -0.024354 0.997173 -0.0710798 -7.17429 0.0837458 0.072886 0.993818 145.457
0.995767 0.0215849 -0.0893409 -48.0355 -0.0275986 0.997396 -0.0666339 -7.22755 0.08767 0.0688175 0.99377 146.019
0.995363 0.0190829 -0.0942755 -48.0997 -0.0256674 0.997277 -0.069131 -7.27851 0.0926996 0.0712302 0.993143 146.604
0.994853 0.0167312 -0.0999382 -48.1576 -0.0243786 0.996825 -0.0757977 -7.3304 0.0983527 0.0778439 0.992102 147.19
0.994241 0.0153479 -0.106067 -48.2169 -0.024224 0.996263 -0.0829096 -7.37683 0.104398 0.0850014 0.990897 147.74
0.99362 0.0160546 -0.111631 -48.2812 -0.0255445 0.996129 -0.0841075 -7.43177 0.109849 0.0864224 0.990184 148.288
0.993076 0.0154071 -0.116463 -48.3485 -0.024802 0.996514 -0.0796554 -7.48885 0.11483 0.0819923 0.989996 148.845
0.992525 0.0169267 -0.120866 -48.425 -0.0264576 0.996626 -0.0776907 -7.54356 0.119143 0.0803078 0.989624 149.396
0.991951 0.0176872 -0.125378 -48.5071 -0.0275435 0.996626 -0.0773209 -7.59597 0.123587 0.0801519 0.989091 149.952
0.991392 0.0178389 -0.129707 -48.593 -0.028137 0.996556 -0.0780009 -7.65324 0.127869 0.080979 0.98848 150.503
0.99084 0.0173091 -0.133925 -48.6751 -0.028041 0.996506 -0.0786678 -7.70582 0.132095 0.0817026 0.987864 151.048
0.990303 0.0183586 -0.137709 -48.7616 -0.0293572 0.9965 -0.078268 -7.75844 0.13579 0.0815517 0.987376 151.586
0.989534 0.0188612 -0.143062 -48.8428 -0.0301995 0.996535 -0.0775024 -7.81467 0.141104 0.0810117 0.986675 152.137
0.988889 0.019249 -0.147405 -48.9326 -0.030931 0.996522 -0.0773733 -7.8712 0.145403 0.081073 0.986045 152.685
0.988249 0.0173902 -0.151859 -49.0382 -0.0300722 0.99621 -0.0816187 -7.93037 0.149864 0.0852263 0.985026 153.29
0.987555 0.0148222 -0.156571 -49.1369 -0.0285837 0.995884 -0.0860104 -7.99293 0.154652 0.0894154 0.983914 153.88
0.986712 0.0126622 -0.161985 -49.2211 -0.0273282 0.995689 -0.0886343 -8.04749 0.160164 0.0918833 0.982805 154.409
0.985999 0.0126989 -0.16627 -49.309 -0.027029 0.996081 -0.0842091 -8.10203 0.164549 0.0875242 0.982478 154.914
0.985288 0.0129874 -0.170407 -49.3894 -0.0262466 0.996778 -0.0757887 -8.14853 0.168874 0.0791463 0.982455 155.398
0.984703 0.00989154 -0.173961 -49.4858 -0.0217214 0.997568 -0.0662309 -8.20453 0.172883 0.0689964 0.982523 155.948
0.984383 0.00875669 -0.175824 -49.5984 -0.0199274 0.997885 -0.061869 -8.25429 0.17491 0.0644065 0.982476 156.499
0.983865 0.00529088 -0.178833 -49.7013 -0.0167739 0.997888 -0.06276 -8.30081 0.178124 0.0647471 0.981876 157.042
0.983367 0.00540406 -0.181548 -49.8155 -0.0178237 0.997604 -0.0668478 -8.34349 0.180752 0.0689718 0.981107 157.582
0.9828 0.00432866 -0.184623 -49.916 -0.0175265 0.997399 -0.0699133 -8.38871 0.18384 0.0719466 0.98032 158.092
0.982347 0.00381781 -0.187029 -50.0205 -0.0173951 0.997324 -0.0710076 -8.43548 0.186257 0.0730075 0.979785 158.587
0.981658 0.000448093 -0.19065 -50.1026 -0.014413 0.99731 -0.0718685 -8.4758 0.190105 0.0732982 0.979024 159.075
0.981124 0.000344123 -0.193381 -50.1956 -0.0143238 0.997381 -0.0708976 -8.52026 0.19285 0.0723292 0.978559 159.535
0.980518 -0.00201129 -0.196418 -50.2828 -0.0119149 0.997497 -0.0696937 -8.56228 0.196066 0.0706762 0.97804 159.988
0.979741 -0.00495772 -0.200207 -50.3599 -0.00906312 0.997572 -0.0690546 -8.60409 0.200063 0.0694701 0.977317 160.41
0.978918 -0.00958545 -0.204029 -50.4312 -0.00461956 0.997604 -0.0690328 -8.64202 0.204201 0.0685199 0.976528 160.813
0.97813 -0.0135044 -0.207554 -50.502 -0.00104411 0.997559 -0.0698259 -8.68153 0.207991 0.0685156 0.975728 161.207
0.978008 -0.00984653 -0.208335 -50.5983 -0.00554399 0.997305 -0.0731614 -8.7206 0.208493 0.0727075 0.975317 161.559
0.977786 -0.00815233 -0.209447 -50.6924 -0.00817515 0.997 -0.0769715 -8.75903 0.209446 0.0769739 0.974786 161.893
0.976446 -0.0144016 -0.215282 -50.747 -0.00287261 0.996814 -0.0797125 -8.78566 0.215744 0.0784534 0.973293 162.215
0.974727 -0.0228389 -0.222229 -50.7944 0.00514895 0.996793 -0.0798582 -8.81292 0.22334 0.0766957 0.971719 162.515
0.973566 -0.0201892 -0.22751 -50.8726 0.00232545 0.99691 -0.0785145 -8.84151 0.228392 0.07591 0.970605 162.798
0.973999 -0.00510289 -0.226494 -51.0095 -0.0134242 0.99669 -0.0801841 -8.87021 0.226153 0.0811397 0.970707 163.02
0.973089 0.00287469 -0.23041 -51.0983 -0.0210443 0.996852 -0.076439 -8.89291 0.229465 0.0792308 0.970087 163.267
0.971416 0.00576857 -0.237312 -51.1653 -0.0228387 0.997338 -0.0692451 -8.92108 0.236281 0.0726857 0.968962 163.515
0.97053 0.0140626 -0.240572 -51.273 -0.0309949 0.997289 -0.0667448 -8.94469 0.238981 0.0722343 0.968334 163.733
0.970861 0.025753 -0.238254 -51.4608 -0.0453534 0.995987 -0.0771539 -8.96294 0.235311 0.0857114 0.968133 163.907
0.970169 0.0388292 -0.239302 -51.6356 -0.0614688 0.994233 -0.0878798 -8.98096 0.234509 0.0999679 0.96696 164.067
0.967758 0.0461457 -0.24762 -51.7478 -0.070175 0.993547 -0.0891059 -9.00294 0.24191 0.10361 0.964751 164.246
0.964572 0.053872 -0.25826 -51.8589 -0.0796167 0.992729 -0.0902801 -9.02228 0.251519 0.107643 0.961848 164.405
0.964572 0.053872 -0.25826 -51.8589 -0.0796167 0.992729 -0.0902801 -9.02228 0.251519 0.107643 0.961848 164.405
0.964572 0.053872 -0.25826 -51.8589 -0.0796167 0.992729 -0.0902801 -9.02228 0.251519 0.107643 0.961848 164.405
0.964572 0.053872 -0.25826 -51.8589 -0.0796167 0.992729 -0.0902801 -9.02228 0.251519 0.107643 0.961848 164.405
0.959624 0.0568927 -0.275472 -51.9542 -0.0863861 0.991613 -0.0961356 -9.03298 0.267692 0.116051 0.95649 164.531
0.959624 0.0568927 -0.275472 -51.9542 -0.0863861 0.991613 -0.0961356 -9.03298 0.267692 0.116051 0.95649 164.531
0.954593 0.0670536 -0.29027 -52.0844 -0.10023 0.989828 -0.100965 -9.04002 0.280548 0.125474 0.951604 164.61
0.954593 0.0670536 -0.29027 -52.0844 -0.10023 0.989828 -0.100965 -9.04002 0.280548 0.125474 0.951604 164.61
0.954593 0.0670536 -0.29027 -52.0844 -0.10023 0.989828 -0.100965 -9.04002 0.280548 0.125474 0.951604 164.61
0.954593 0.0670536 -0.29027 -52.0844 -0.10023 0.989828 -0.100965 -9.04002 0.280548 0.125474 0.951604 164.61
0.94781 0.0728729 -0.310395 -52.2051 -0.109388 0.988764 -0.101885 -9.04113 0.299482 0.130521 0.945132 164.7
0.939369 0.0828731 -0.332742 -52.3349 -0.123063 0.987189 -0.101551 -9.04398 0.320063 0.136343 0.937534 164.792
0.939369 0.0828731 -0.332742 -52.3349 -0.123063 0.987189 -0.101551 -9.04398 0.320063 0.136343 0.937534 164.792
0.93036 0.0901093 -0.355402 -52.4629 -0.135242 0.985317 -0.104213 -9.04543 0.340793 0.145021 0.928886 164.85
0.920549 0.0989009 -0.377901 -52.5938 -0.148903 0.983218 -0.105401 -9.04618 0.361135 0.153297 0.919827 164.927
0.909694 0.108757 -0.400786 -52.7221 -0.163157 0.981093 -0.1041 -9.04993 0.381887 0.16009 0.910238 165.005
0.909694 0.108757 -0.400786 -52.7221 -0.163157 0.981093 -0.1041 -9.04993 0.381887 0.16009 0.910238 165.005
0.897515 0.113006 -0.426258 -52.8576 -0.173963 0.978948 -0.106759 -9.05302 0.40522 0.169971 0.89828 165.066
0.883661 0.116362 -0.453434 -53.0043 -0.185907 0.976188 -0.111786 -9.05504 0.429629 0.183078 0.884252 165.129
0.868538 0.118829 -0.481167 -53.1664 -0.197306 0.973486 -0.115738 -9.0549 0.454657 0.19546 0.868955 165.213
0.850532 0.122675 -0.511416 -53.3385 -0.210059 0.970723 -0.116497 -9.05536 0.482152 0.206512 0.8514 165.295
0.829252 0.12434 -0.544867 -53.4859 -0.217711 0.969791 -0.110033 -9.06339 0.514726 0.209868 0.831272 165.422
0.805925 0.124799 -0.578715 -53.6476 -0.224339 0.969004 -0.103454 -9.07183 0.547866 0.213204 0.808941 165.548
0.778298 0.124949 -0.615337 -53.8131 -0.231133 0.9682 -0.0957436 -9.08349 0.583806 0.216742 0.782428 165.689
0.748361 0.125867 -0.65124 -53.9925 -0.238641 0.967176 -0.0873021 -9.08888 0.618875 0.220746 0.753834 165.82
0.71585 0.126125 -0.686769 -54.1813 -0.244125 0.966687 -0.0769313 -9.08879 0.654187 0.222729 0.722794 165.959
0.682041 0.128861 -0.719872 -54.3839 -0.250975 0.965816 -0.0648991 -9.08828 0.6869 0.224933 0.691066 166.061
0.645332 0.130521 -0.752669 -54.5912 -0.253753 0.965973 -0.0500556 -9.09513 0.720525 0.223294 0.656494 166.169
0.606478 0.130827 -0.784263 -54.8181 -0.253833 0.966613 -0.0350462 -9.09981 0.753494 0.220327 0.619437 166.288
0.565572 0.131494 -0.814149 -55.0619 -0.254783 0.966774 -0.0208481 -9.09948 0.784356 0.219222 0.580282 166.406
0.523076 0.132513 -0.841921 -55.3193 -0.254974 0.966928 -0.00622353 -9.09556 0.813252 0.217923 0.539565 166.522
0.480562 0.134681 -0.866557 -55.5873 -0.256554 0.966497 0.0079386 -9.08894 0.838594 0.218503 0.499015 166.619
0.436967 0.135219 -0.889256 -55.8698 -0.255943 0.966459 0.0211917 -9.07505 0.862295 0.218339 0.456919 166.726
0.393599 0.134823 -0.909342 -56.1707 -0.252715 0.966944 0.033978 -9.05856 0.883863 0.216431 0.41466 166.825
0.350043 0.134746 -0.926992 -56.4898 -0.249739 0.967206 0.0462871 -9.03916 0.902829 0.215303 0.372215 166.914
0.307305 0.134839 -0.94201 -56.8235 -0.24756 0.967154 0.057678 -9.01101 0.918846 0.21548 0.330592 166.991
0.264787 0.135094 -0.954797 -57.1679 -0.243391 0.967443 0.0693855 -8.98332 0.933085 0.214017 0.289047 167.068
0.224131 0.135222 -0.965132 -57.539 -0.240174 0.967447 0.0797714 -8.94755 0.944501 0.213921 0.249311 167.138
0.186454 0.135538 -0.97307 -57.9311 -0.236878 0.967421 0.0893623 -8.90777 0.95348 0.213837 0.212485 167.206
0.15423 0.13592 -0.978641 -58.34 -0.235986 0.966893 0.0970982 -8.86473 0.959439 0.21597 0.181199 167.259
0.127996 0.136034 -0.982401 -58.7601 -0.236717 0.96611 0.102936 -8.81782 0.963111 0.219376 0.155859 167.304
0.107265 0.135428 -0.984964 -59.1922 -0.23851 0.965256 0.106744 -8.76684 0.965198 0.223474 0.135839 167.342
0.0899294 0.136255 -0.986584 -59.6396 -0.237658 0.964917 0.1116 -8.71848 0.967177 0.224433 0.119157 167.389
0.0760833 0.136644 -0.987694 -60.1003 -0.233357 0.965496 0.115597 -8.66851 0.96941 0.221691 0.105345 167.437
0.0641344 0.137389 -0.988439 -60.5714 -0.231469 0.965514 0.119184 -8.61495 0.970726 0.221149 0.0937239 167.476
0.0543994 0.138466 -0.988872 -61.0539 -0.228525 0.96578 0.122661 -8.56311 0.972017 0.219309 0.0841807 167.511
0.0457747 0.139162 -0.989211 -61.5367 -0.227406 0.965701 0.125332 -8.50725 0.972724 0.219216 0.0758511 167.548
0.0389889 0.139542 -0.989448 -62.0498 -0.228256 0.965264 0.127137 -8.44374 0.97282 0.22089 0.0694859 167.575
0.0335937 0.139511 -0.989651 -62.5843 -0.227202 0.965349 0.128373 -8.37468 0.973268 0.220538 0.0641269 167.603
0.0300392 0.140086 -0.989684 -63.1091 -0.226384 0.965355 0.129771 -8.31263 0.973575 0.22015 0.0607117 167.625
0.0278689 0.140333 -0.989712 -63.6597 -0.226132 0.965315 0.130506 -8.24332 0.973698 0.220168 0.058636 167.648
0.026115 0.140828 -0.98969 -64.241 -0.223671 0.965751 0.13152 -8.17801 0.974315 0.21793 0.0567197 167.686
0.0252432 0.140196 -0.989802 -64.8189 -0.223212 0.965911 0.131119 -8.10836 0.974443 0.217626 0.0556761 167.711
0.0240135 0.139301 -0.989959 -65.3969 -0.222405 0.966173 0.130559 -8.03758 0.974659 0.217037 0.0541825 167.743
0.0215507 0.137757 -0.990232 -66.0209 -0.220062 0.966824 0.129711 -7.96041 0.975248 0.215117 0.0511507 167.788
0.0203502 0.138648 -0.990133 -66.6565 -0.220407 0.966595 0.130822 -7.88085 0.975196 0.21557 0.0502295 167.819
0.0210212 0.141118 -0.98977 -67.3166 -0.223898 0.965508 0.132904 -7.79492 0.974386 0.218814 0.0518923 167.827
0.0189835 0.14345 -0.989475 -67.9658 -0.22212 0.965528 0.135717 -7.72084 0.974835 0.217206 0.0501922 167.865
0.0191926 0.14305 -0.989529 -68.6676 -0.224069 0.965153 0.13518 -7.63139 0.974384 0.219128 0.0505767 167.879
0.0192425 0.14104 -0.989817 -69.3963 -0.225228 0.965165 0.133148 -7.53778 0.974116 0.220372 0.0503382 167.901
0.0189142 0.139829 -0.989995 -70.1314 -0.223133 0.965789 0.132147 -7.44775 0.974605 0.218401 0.0494675 167.931
0.0182057 0.139821 -0.990009 -70.9235 -0.220391 0.96638 0.132431 -7.35396 0.975242 0.215779 0.0484089 167.964
0.017137 0.139165 -0.990121 -71.6654 -0.217275 0.967121 0.132172 -7.26755 0.97596 0.212864 0.0468107 168
