1 0 0 0 0 1 0 0 0 0 1 0
0.999993 0.00383894 0.000245916 -0.00485724 -0.00383932 0.999991 0.00158683 -0.0134329 -0.000239822 -0.00158777 0.999999 0.619231
0.999993 0.00385079 -1.73911e-05 -0.00317022 -0.00385076 0.999991 0.00181508 -0.0255479 2.43804e-05 -0.001815 0.999998 1.25781
0.999988 0.004798 8.98963e-05 -0.00287122 -0.00479812 0.999987 0.00147593 -0.0393066 -8.28136e-05 -0.00147635 0.999999 1.88412
0.999989 0.00478055 -0.000265595 -0.00189384 -0.00478024 0.999988 0.00115573 -0.0503816 0.000271117 -0.00115445 0.999999 2.44895
0.999971 0.00731296 0.00206068 -0.0231546 -0.00731422 0.999973 0.00060729 -0.0598241 -0.00205618 -0.000622344 0.999998 2.9911
0.999966 0.00782861 0.00243664 -0.0255526 -0.00783228 0.999968 0.00150014 -0.0705029 -0.00242482 -0.00151918 0.999996 3.5311
0.999968 0.00765419 0.00222397 -0.0203834 -0.00766326 0.999962 0.00409842 -0.0785943 -0.00219252 -0.00411533 0.999989 4.04271
0.999964 0.00780318 0.00332146 -0.0195745 -0.00782863 0.99994 0.00771803 -0.0838224 -0.00326104 -0.00774376 0.999965 4.54691
0.999981 0.00503183 0.00350519 -0.00682588 -0.00506983 0.999928 0.0109181 -0.0898631 -0.00344999 -0.0109357 0.999934 5.0643
0.999992 0.00177288 0.0036799 0.00370958 -0.00182333 0.999904 0.0137519 -0.105656 -0.00365517 -0.0137585 0.999899 5.55601
0.999995 -0.000715489 0.00304038 0.0255373 0.000674544 0.999909 0.0134468 -0.114391 -0.00304973 -0.0134447 0.999905 6.05213
0.999977 0.00356033 0.00583417 0.00762136 -0.00362244 0.999937 0.0106701 -0.120087 -0.00579581 -0.010691 0.999926 6.50705
0.999917 0.00877628 0.00948323 -0.0193899 -0.00885025 0.999931 0.00778671 -0.128731 -0.00941423 -0.00786999 0.999925 6.90881
0.999863 0.00950501 0.0135702 -0.0353391 -0.00958308 0.999938 0.00570014 -0.129554 -0.0135152 -0.0058294 0.999892 7.29905
0.999872 0.00610782 0.0148131 -0.0191295 -0.00616139 0.999975 0.00357333 -0.138803 -0.0147909 -0.00366414 0.999884 7.67536
0.999775 0.00865272 0.0193868 -0.0370135 -0.0086855 0.999961 0.00160696 -0.141213 -0.0193721 -0.00177498 0.999811 8.00755
0.999631 0.0152442 0.0224872 -0.0450449 -0.0152309 0.999884 -0.000765628 -0.146564 -0.0224963 0.000422846 0.999747 8.31899
0.999152 0.0273819 0.030761 -0.0935248 -0.0272668 0.99962 -0.0041555 -0.144704 -0.030863 0.00331322 0.999518 8.60047
0.999148 0.0254768 0.0324786 -0.0720141 -0.0253804 0.999672 -0.00337769 -0.151123 -0.032554 0.00255049 0.999467 8.87877
0.998933 0.026363 0.0379296 -0.0837398 -0.0262495 0.999649 -0.00348729 -0.155274 -0.0380082 0.00248793 0.999274 9.11615
0.998933 0.026363 0.0379296 -0.0837398 -0.0262495 0.999649 -0.00348729 -0.155274 -0.0380082 0.00248793 0.999274 9.11615
0.998933 0.026363 0.0379296 -0.0837398 -0.0262495 0.999649 -0.00348729 -0.155274 -0.0380082 0.00248793 0.999274 9.11615
0.998933 0.026363 0.0379296 -0.0837398 -0.0262495 0.999649 -0.00348729 -0.155274 -0.0380082 0.00248793 0.999274 9.11615
0.998933 0.026363 0.0379296 -0.0837398 -0.0262495 0.999649 -0.00348729 -0.155274 -0.0380082 0.00248793 0.999274 9.11615
0.998933 0.026363 0.0379296 -0.0837398 -0.0262495 0.999649 -0.00348729 -0.155274 -0.0380082 0.00248793 0.999274 9.11615
0.998933 0.026363 0.0379296 -0.0837398 -0.0262495 0.999649 -0.00348729 -0.155274 -0.0380082 0.00248793 0.999274 9.11615
0.998933 0.026363 0.0379296 -0.0837398 -0.0262495 0.999649 -0.00348729 -0.155274 -0.0380082 0.00248793 0.999274 9.11615
0.998933 0.026363 0.0379296 -0.0837398 -0.0262495 0.999649 -0.00348729 -0.155274 -0.0380082 0.00248793 0.999274 9.11615
0.998933 0.026363 0.0379296 -0.0837398 -0.0262495 0.999649 -0.00348729 -0.155274 -0.0380082 0.00248793 0.999274 9.11615
0.998933 0.026363 0.0379296 -0.0837398 -0.0262495 0.999649 -0.00348729 -0.155274 -0.0380082 0.00248793 0.999274 9.11615
0.998933 0.026363 0.0379296 -0.0837398 -0.0262495 0.999649 -0.00348729 -0.155274 -0.0380082 0.00248793 0.999274 9.11615
0.998933 0.026363 0.0379296 -0.0837398 -0.0262495 0.999649 -0.00348729 -0.155274 -0.0380082 0.00248793 0.999274 9.11615
0.998933 0.026363 0.0379296 -0.0837398 -0.0262495 0.999649 -0.00348729 -0.155274 -0.0380082 0.00248793 0.999274 9.11615
0.998933 0.026363 0.0379296 -0.0837398 -0.0262495 0.999649 -0.00348729 -0.155274 -0.0380082 0.00248793 0.999274 9.11615
0.998933 0.026363 0.0379296 -0.0837398 -0.0262495 0.999649 -0.00348729 -0.155274 -0.0380082 0.00248793 0.999274 9.11615
0.998933 0.026363 0.0379296 -0.0837398 -0.0262495 0.999649 -0.00348729 -0.155274 -0.0380082 0.00248793 0.999274 9.11615
0.998933 0.026363 0.0379296 -0.0837398 -0.0262495 0.999649 -0.00348729 -0.155274 -0.0380082 0.00248793 0.999274 9.11615
0.998933 0.026363 0.0379296 -0.0837398 -0.0262495 0.999649 -0.00348729 -0.155274 -0.0380082 0.00248793 0.999274 9.11615
0.998933 0.026363 0.0379296 -0.0837398 -0.0262495 0.999649 -0.00348729 -0.155274 -0.0380082 0.00248793 0.999274 9.11615
0.998933 0.026363 0.0379296 -0.0837398 -0.0262495 0.999649 -0.00348729 -0.155274 -0.0380082 0.00248793 0.999274 9.11615
0.998933 0.026363 0.0379296 -0.0837398 -0.0262495 0.999649 -0.00348729 -0.155274 -0.0380082 0.00248793 0.999274 9.11615
0.998933 0.026363 0.0379296 -0.0837398 -0.0262495 0.999649 -0.00348729 -0.155274 -0.0380082 0.00248793 0.999274 9.11615
0.998933 0.026363 0.0379296 -0.0837398 -0.0262495 0.999649 -0.00348729 -0.155274 -0.0380082 0.00248793 0.999274 9.11615
0.998933 0.026363 0.0379296 -0.0837398 -0.0262495 0.999649 -0.00348729 -0.155274 -0.0380082 0.00248793 0.999274 9.11615
0.998933 0.026363 0.0379296 -0.0837398 -0.0262495 0.999649 -0.00348729 -0.155274 -0.0380082 0.00248793 0.999274 9.11615
0.998933 0.026363 0.0379296 -0.0837398 -0.0262495 0.999649 -0.00348729 -0.155274 -0.0380082 0.00248793 0.999274 9.11615
0.998933 0.026363 0.0379296 -0.0837398 -0.0262495 0.999649 -0.00348729 -0.155274 -0.0380082 0.00248793 0.999274 9.11615
0.998933 0.026363 0.0379296 -0.0837398 -0.0262495 0.999649 -0.00348729 -0.155274 -0.0380082 0.00248793 0.999274 9.11615
0.998933 0.026363 0.0379296 -0.0837398 -0.0262495 0.999649 -0.00348729 -0.155274 -0.0380082 0.00248793 0.999274 9.11615
0.998933 0.026363 0.0379296 -0.0837398 -0.0262495 0.999649 -0.00348729 -0.155274 -0.0380082 0.00248793 0.999274 9.11615
0.999256 0.0363204 0.0129636 -0.16833 -0.0362311 0.999318 -0.00706264 -0.149928 -0.0132113 0.0065877 0.999891 9.25947
0.998986 0.0416657 -0.0170641 -0.216588 -0.0417568 0.999115 -0.00501862 -0.146562 0.0168399 0.00572608 0.999842 9.40338
0.997541 0.0482688 -0.0508182 -0.274812 -0.0484389 0.998824 -0.00212081 -0.14493 0.050656 0.00457717 0.998706 9.5505
0.994724 0.0532089 -0.0877114 -0.343857 -0.0531646 0.998582 0.0028431 -0.142461 0.0877383 0.00183504 0.996142 9.70581
0.990042 0.0619947 -0.126389 -0.424079 -0.0616323 0.998076 0.00677934 -0.137359 0.126566 0.00107782 0.991958 9.86052
0.983451 0.0713959 -0.166511 -0.506371 -0.070545 0.997448 0.0110268 -0.134119 0.166874 0.000902264 0.985978 10.023
0.974864 0.0764626 -0.209271 -0.590579 -0.0742692 0.99707 0.0183313 -0.133567 0.210059 -0.00232818 0.977686 10.2043
0.964034 0.0810801 -0.25311 -0.684727 -0.076469 0.996678 0.0280196 -0.130668 0.254541 -0.00765682 0.967032 10.4013
0.950717 0.0884643 -0.297172 -0.798725 -0.0812986 0.996024 0.036412 -0.123807 0.299212 -0.0104579 0.954129 10.6009
0.934809 0.0966833 -0.341737 -0.928665 -0.0872242 0.995261 0.042978 -0.114574 0.344273 -0.0103685 0.938812 10.7995
0.915874 0.102442 -0.388175 -1.07152 -0.0904525 0.99469 0.0490878 -0.100627 0.391143 -0.00984687 0.920277 11.0173
0.894957 0.112107 -0.431838 -1.23758 -0.0996409 0.993691 0.0514679 -0.0831661 0.434884 -0.00303281 0.900481 11.1975
0.870195 0.114597 -0.479195 -1.3944 -0.0990819 0.993408 0.0576409 -0.0615849 0.482642 -0.00267928 0.875814 11.4205
0.842649 0.120811 -0.524736 -1.57355 -0.101925 0.992675 0.064868 -0.0414049 0.528729 -0.00117733 0.84879 11.6238
0.812938 0.122797 -0.569257 -1.772 -0.0995739 0.99243 0.0718838 -0.0201947 0.573775 -0.00175399 0.819011 11.8433
0.781007 0.121354 -0.612618 -1.98263 -0.0938814 0.992606 0.0769401 0.00819907 0.617426 -0.00257726 0.786625 12.0662
0.747355 0.121475 -0.653226 -2.20913 -0.0894624 0.99259 0.0822299 0.0359566 0.658375 -0.00301573 0.752684 12.27
0.711062 0.121461 -0.692559 -2.4551 -0.0833168 0.992582 0.0885363 0.0617998 0.698176 -0.00525298 0.715907 12.4822
0.672369 0.123024 -0.729921 -2.73098 -0.0795437 0.99239 0.0939893 0.0955447 0.73593 -0.00513483 0.677038 12.6866
0.63098 0.124031 -0.76582 -3.02501 -0.0776296 0.992277 0.096747 0.130972 0.771906 -0.00159509 0.635735 12.8729
0.586076 0.122985 -0.800868 -3.32087 -0.0707365 0.992406 0.100634 0.166672 0.807162 -0.00232859 0.590325 13.0539
0.539031 0.122646 -0.833309 -3.6402 -0.0642608 0.992447 0.1045 0.203828 0.839831 -0.00277972 0.542841 13.2304
0.491816 0.122553 -0.862031 -3.98403 -0.0611276 0.992462 0.10622 0.249075 0.868551 0.000453 0.4956 13.3827
0.443707 0.128696 -0.886883 -4.35535 -0.0580799 0.991684 0.114847 0.296932 0.894288 0.000551736 0.447492 13.5347
0.397044 0.13422 -0.907932 -4.73151 -0.0537955 0.990952 0.122968 0.341995 0.916222 1.90478e-05 0.400671 13.6678
0.352671 0.13534 -0.925908 -5.13202 -0.0469206 0.990798 0.126953 0.392015 0.93457 -0.00132852 0.355776 13.7947
0.311299 0.137325 -0.940338 -5.56243 -0.0444041 0.990525 0.129954 0.44381 0.949274 0.00130024 0.314447 13.9102
0.272574 0.136146 -0.952454 -5.9996 -0.0408824 0.990682 0.129911 0.496732 0.961266 0.00352814 0.2756 14.0176
0.238204 0.133234 -0.962033 -6.43654 -0.0420755 0.991031 0.126832 0.555992 0.970303 0.010266 0.241674 14.106
0.210332 0.134347 -0.968355 -6.86939 -0.0428804 0.990827 0.128151 0.612532 0.976689 0.014569 0.214164 14.1847
0.189831 0.138743 -0.971964 -7.34018 -0.0428746 0.990192 0.132971 0.674084 0.98088 0.0164306 0.193917 14.2668
0.177743 0.144456 -0.973417 -7.84101 -0.0409783 0.989396 0.139345 0.738318 0.983223 0.0151213 0.181778 14.3483
0.169886 0.147361 -0.974384 -8.39854 -0.0406546 0.988963 0.142478 0.808693 0.984625 0.0154082 0.174002 14.4397
0.165848 0.145079 -0.975421 -8.99766 -0.0390447 0.98931 0.140506 0.878017 0.985378 0.0147824 0.169739 14.5441
0.166912 0.139606 -0.976038 -9.60335 -0.0323889 0.990167 0.136088 0.961099 0.98544 0.00889812 0.169793 14.6556
0.173266 0.13585 -0.975461 -10.2092 -0.0240557 0.990729 0.133704 1.04368 0.984581 0.000299123 0.174928 14.7568
0.178841 0.135361 -0.974522 -10.869 -0.0232026 0.990796 0.133363 1.1324 0.983604 -0.00123943 0.180336 14.8823
0.183882 0.133964 -0.973777 -11.5306 -0.0256525 0.990986 0.131488 1.21656 0.982614 0.000801618 0.185661 15.003
0.186751 0.126191 -0.974269 -12.2527 -0.0205094 0.992001 0.124556 1.31069 0.982193 -0.00327936 0.187845 15.1553
0.18852 0.115965 -0.975199 -12.9553 -0.022634 0.993253 0.113737 1.39505 0.981808 0.000630979 0.189873 15.2949
0.189396 0.10963 -0.975761 -13.5557 -0.0311786 0.993918 0.105619 1.4607 0.981406 0.0104191 0.191662 15.3936
0.187633 0.108277 -0.976253 -14.1041 -0.0379688 0.993962 0.102944 1.51887 0.981505 0.0177515 0.190611 15.4899
0.183134 0.115785 -0.976246 -14.6608 -0.0449703 0.992987 0.109334 1.57644 0.982059 0.0238792 0.187057 15.5862
0.177657 0.124673 -0.976163 -15.2388 -0.047609 0.99187 0.118015 1.63509 0.98294 0.0255081 0.182148 15.6914
0.173205 0.134028 -0.975724 -15.8427 -0.0484003 0.990659 0.127488 1.70816 0.983696 0.0251438 0.178074 15.7981
0.171113 0.144217 -0.974639 -16.5103 -0.0487678 0.989256 0.137818 1.7872 0.984044 0.0239486 0.176308 15.9153
0.170414 0.151988 -0.97358 -17.25 -0.0462144 0.988178 0.146178 1.87475 0.984288 0.0200828 0.175423 16.0438
0.168864 0.152756 -0.97373 -18.0575 -0.0471277 0.988039 0.146828 1.98473 0.984512 0.0210958 0.174043 16.1826
0.167064 0.150567 -0.974381 -18.853 -0.0491444 0.988314 0.144294 2.0894 0.98472 0.0237791 0.172511 16.3142
0.164933 0.146156 -0.975416 -19.6638 -0.0517307 0.98888 0.139427 2.19466 0.984947 0.0274629 0.17066 16.4357
0.160424 0.140571 -0.976987 -20.4454 -0.0504756 0.98968 0.134109 2.29738 0.985757 0.0277998 0.165863 16.5631
0.154455 0.135475 -0.978668 -21.2289 -0.0479111 0.990416 0.12954 2.39566 0.986837 0.026881 0.159466 16.6909
0.148228 0.133718 -0.979871 -21.9603 -0.0484902 0.990608 0.127847 2.48499 0.987764 0.0285636 0.15332 16.7928
0.141755 0.136069 -0.980505 -22.7099 -0.0484727 0.990274 0.130416 2.5768 0.988714 0.0290406 0.146972 16.8958
0.134623 0.14081 -0.980841 -23.4705 -0.0468761 0.989649 0.13564 2.67055 0.989787 0.0277177 0.13983 17.0108
0.129036 0.144324 -0.981081 -24.2537 -0.0508175 0.989015 0.138807 2.7691 0.990337 0.0319449 0.134953 17.0959
0.124095 0.147098 -0.981307 -25.0736 -0.0541653 0.988481 0.141324 2.87605 0.990791 0.0356152 0.130633 17.1929
0.121548 0.149506 -0.981261 -25.912 -0.0603927 0.987874 0.143033 2.983 0.990747 0.0418757 0.129103 17.2808
0.119618 0.151025 -0.981266 -26.7916 -0.0629206 0.987529 0.144319 3.10235 0.990824 0.0444787 0.127629 17.3814
0.118781 0.150299 -0.981479 -27.6847 -0.066901 0.987442 0.143116 3.23087 0.990664 0.0486625 0.127345 17.4702
0.117513 0.14965 -0.981731 -28.5782 -0.0687406 0.987435 0.142291 3.34851 0.990689 0.0507637 0.126323 17.5716
0.116468 0.149115 -0.981937 -29.4471 -0.0700771 0.987435 0.141638 3.46039 0.990719 0.052315 0.125454 17.6727
0.115095 0.148581 -0.98218 -30.3311 -0.070384 0.987485 0.141136 3.57161 0.990858 0.0528858 0.124112 17.778
0.113713 0.147049 -0.982571 -31.2786 -0.0746291 0.987456 0.139143 3.69204 0.990707 0.0575061 0.12326 17.8853
0.112896 0.14334 -0.983213 -32.2024 -0.0809337 0.987578 0.134683 3.80764 0.990305 0.0643698 0.123095 17.9865
0.113564 0.142635 -0.983239 -33.0665 -0.0824259 0.987582 0.133745 3.91915 0.990106 0.0658557 0.123911 18.0842
0.11456 0.147123 -0.982462 -33.9174 -0.0831154 0.986925 0.1381 4.02024 0.989933 0.0658369 0.125291 18.1872
0.116492 0.150519 -0.98172 -34.8704 -0.0843097 0.98638 0.141229 4.1371 0.989607 0.0663165 0.127596 18.2979
0.117484 0.149423 -0.981769 -35.8139 -0.0829349 0.986638 0.14024 4.26154 0.989606 0.064947 0.128306 18.4221
0.120688 0.148807 -0.981474 -36.747 -0.08595 0.986554 0.139009 4.38103 0.988963 0.0675809 0.131855 18.5259
0.123829 0.150057 -0.980892 -37.7816 -0.0903635 0.986098 0.139446 4.51231 0.988181 0.0713695 0.135667 18.6613
0.128341 0.151636 -0.980069 -38.8261 -0.091915 0.985807 0.140487 4.63726 0.987462 0.0720528 0.140457 18.8051
0.132055 0.151262 -0.979633 -39.8283 -0.0912845 0.985944 0.139932 4.76219 0.98703 0.0709466 0.144007 18.9738
0.137519 0.150856 -0.978944 -40.8413 -0.094158 0.985849 0.138693 4.89086 0.986014 0.0731026 0.149777 19.1151
0.14337 0.150152 -0.978212 -41.915 -0.0943514 0.985995 0.137518 5.02293 0.985161 0.0725797 0.155529 19.2738
0.147487 0.149069 -0.977766 -43.0418 -0.0918293 0.986371 0.13653 5.16202 0.984792 0.0696513 0.159165 19.4751
0.152158 0.14879 -0.977092 -44.2174 -0.0881029 0.98671 0.136535 5.30686 0.984422 0.0653098 0.163244 19.6825
0.157238 0.14898 -0.976259 -45.3377 -0.0864205 0.986839 0.136675 5.45793 0.983772 0.0628783 0.168044 19.8772
0.162306 0.150064 -0.975263 -46.4531 -0.0872471 0.98668 0.137301 5.59831 0.982876 0.0628041 0.173237 20.0653
0.167112 0.148556 -0.974682 -47.625 -0.085447 0.987046 0.13579 5.74678 0.982228 0.0605915 0.177641 20.2832
0.172929 0.144232 -0.974317 -48.8289 -0.0873332 0.987569 0.130693 5.89412 0.981055 0.0624895 0.183376 20.4811
0.175985 0.137987 -0.974674 -49.8839 -0.0825756 0.988706 0.125064 6.0199 0.980923 0.0584748 0.185391 20.6905
0.179574 0.137367 -0.974107 -50.8719 -0.0831944 0.988776 0.124099 6.1332 0.98022 0.0587553 0.188987 20.8793
0.181681 0.139861 -0.973361 -51.7988 -0.0829928 0.988483 0.126543 6.23225 0.979849 0.0577915 0.191196 21.0657
0.183722 0.139423 -0.97304 -52.7847 -0.0828111 0.988566 0.126012 6.3464 0.979484 0.0574274 0.193167 21.2556
0.184376 0.13979 -0.972864 -53.7356 -0.0846777 0.988413 0.125976 6.45207 0.979201 0.0591528 0.194077 21.4369
0.184683 0.140095 -0.972762 -54.692 -0.0834947 0.988446 0.126502 6.5645 0.979245 0.0578577 0.194246 21.6232
0.185687 0.140021 -0.972581 -55.6418 -0.0833031 0.988475 0.126405 6.66774 0.979071 0.0575474 0.195211 21.801
0.185359 0.137805 -0.97296 -56.5487 -0.081711 0.988851 0.124489 6.76452 0.979268 0.0564265 0.194552 21.9946
0.18596 0.135921 -0.973111 -57.4949 -0.0798838 0.989198 0.122903 6.8731 0.979305 0.0548808 0.194809 22.1818
0.186677 0.135785 -0.972992 -58.4509 -0.0782142 0.989313 0.123056 6.97543 0.979303 0.05313 0.195302 22.3668
0.186633 0.135481 -0.973043 -59.4486 -0.0733154 0.989604 0.123725 7.08493 0.97969 0.0482479 0.194626 22.5716
0.186683 0.138449 -0.972616 -60.4285 -0.0731197 0.989232 0.12678 7.19163 0.979695 0.0474498 0.194796 22.7608
0.186312 0.142194 -0.972146 -61.4808 -0.0749032 0.988648 0.130252 7.31141 0.979631 0.0485493 0.194848 22.9707
0.18502 0.142625 -0.97233 -62.5668 -0.0748706 0.988583 0.130762 7.42601 0.979879 0.0486053 0.193586 23.2017
0.185413 0.140415 -0.972577 -63.6717 -0.076399 0.988802 0.128193 7.5587 0.979686 0.0505353 0.194064 23.4065
0.184683 0.138545 -0.972984 -64.8137 -0.074481 0.98914 0.126708 7.67571 0.979972 0.049068 0.192996 23.6358
0.185234 0.137219 -0.973067 -65.8677 -0.0720452 0.989435 0.125812 7.79701 0.98005 0.0468 0.193163 23.8357
0.185216 0.138606 -0.972874 -66.9507 -0.0699828 0.98935 0.12763 7.91339 0.980203 0.0444451 0.192944 24.0425
0.184304 0.140589 -0.972762 -67.9788 -0.0667129 0.989224 0.130328 8.02738 0.980603 0.0408758 0.191697 24.2537
0.18517 0.142468 -0.972324 -68.9981 -0.0675195 0.988942 0.132044 8.14944 0.980384 0.0412002 0.192742 24.4407
0.184855 0.142211 -0.972422 -69.9336 -0.067379 0.98898 0.131824 8.26096 0.980453 0.0411524 0.1924 24.6254
0.186308 0.139875 -0.972483 -70.8969 -0.0679718 0.989277 0.129269 8.37132 0.980137 0.0420175 0.193818 24.7932
0.186833 0.138418 -0.972591 -71.9918 -0.066735 0.989525 0.128008 8.49424 0.980122 0.0409897 0.194113 25.0008
0.187846 0.138889 -0.972329 -72.9734 -0.0660907 0.989495 0.128573 8.6064 0.979972 0.04011 0.195052 25.1841
0.188428 0.141516 -0.971837 -73.951 -0.0657703 0.98916 0.131286 8.7186 0.979882 0.0391801 0.195693 25.3686
0.19029 0.143745 -0.971147 -74.8516 -0.0662104 0.988849 0.133392 8.82666 0.979493 0.038917 0.197686 25.5339
0.190765 0.146128 -0.970698 -75.7711 -0.0674179 0.988473 0.135554 8.92834 0.979318 0.0395833 0.198418 25.7097
0.190809 0.149035 -0.970248 -76.7309 -0.070921 0.987917 0.137802 9.03903 0.979062 0.0425171 0.199073 25.8955
0.190673 0.14849 -0.970358 -77.711 -0.0725127 0.987923 0.136929 9.15905 0.978972 0.0442545 0.199138 26.0883
0.190243 0.144854 -0.970992 -78.7187 -0.0735084 0.98838 0.133046 9.27936 0.978981 0.0460649 0.198681 26.2857
0.190973 0.14345 -0.971057 -79.6931 -0.0758048 0.988465 0.131114 9.39575 0.978664 0.0485717 0.199644 26.4691
0.192097 0.141898 -0.971063 -80.6487 -0.0766718 0.988637 0.129298 9.50737 0.978376 0.0496154 0.200794 26.6456
0.191842 0.142039 -0.971093 -81.6665 -0.0760313 0.988649 0.129586 9.6284 0.978476 0.0489733 0.200464 26.8544
0.190325 0.144 -0.971103 -82.6516 -0.0742521 0.988462 0.132022 9.74071 0.978909 0.0469794 0.198821 27.0722
0.190988 0.146546 -0.970592 -83.6087 -0.0758547 0.988039 0.134254 9.84967 0.978657 0.0479831 0.19982 27.2486
0.189703 0.146648 -0.970828 -84.6128 -0.0800875 0.987799 0.133563 9.96914 0.97857 0.0524139 0.199133 27.442
0.189653 0.148506 -0.970555 -85.564 -0.0855698 0.987234 0.134338 10.088 0.978115 0.0575726 0.19994 27.6153
0.189279 0.148183 -0.970678 -86.5823 -0.0882731 0.987113 0.133479 10.2129 0.977947 0.0604199 0.19992 27.8111
0.188673 0.144521 -0.971348 -87.7059 -0.0884189 0.987595 0.129764 10.3441 0.978051 0.0614025 0.199111 28.037
0.187866 0.140504 -0.972093 -88.7482 -0.0893783 0.988054 0.125538 10.4718 0.97812 0.0632997 0.19818 28.2414
0.187301 0.139042 -0.972412 -89.771 -0.0869718 0.988391 0.124574 10.5885 0.978445 0.0612395 0.197219 28.4424
0.18722 0.137732 -0.972614 -90.763 -0.0844839 0.988711 0.123749 10.703 0.978678 0.0590019 0.196742 28.6365
0.187214 0.139825 -0.972317 -91.774 -0.0854755 0.988382 0.125677 10.8185 0.978593 0.0595807 0.196991 28.8288
0.186138 0.14384 -0.971938 -92.8177 -0.0841538 0.987925 0.130089 10.9355 0.978913 0.0575776 0.195995 29.0362
0.18556 0.143269 -0.972133 -93.8953 -0.0810989 0.988172 0.130153 11.0606 0.979281 0.0546878 0.194984 29.2479
0.184892 0.139318 -0.972834 -94.9733 -0.0805759 0.988717 0.126278 11.1825 0.97945 0.0550391 0.194031 29.4543
0.185454 0.136134 -0.973177 -96.0224 -0.0829781 0.98899 0.122533 11.3046 0.979143 0.0580281 0.194708 29.6304
0.184634 0.134355 -0.973581 -96.9754 -0.0809051 0.989327 0.121185 11.4106 0.979472 0.0563928 0.193534 29.8175
0.184932 0.135911 -0.973308 -97.9477 -0.0841827 0.988941 0.122099 11.5255 0.979139 0.0593556 0.194328 29.9885
0.184684 0.141877 -0.972503 -98.8733 -0.0897624 0.987824 0.127065 11.6256 0.97869 0.0638273 0.195171 30.1525
0.184989 0.14632 -0.971787 -99.8772 -0.0961927 0.986801 0.13027 11.7404 0.978021 0.0693802 0.196623 30.3256
0.184396 0.147969 -0.97165 -100.89 -0.10628 0.985807 0.129956 11.8629 0.977089 0.0793038 0.197505 30.503
0.183863 0.146447 -0.971981 -101.997 -0.107895 0.985871 0.12813 11.9876 0.977012 0.081314 0.197066 30.7175
0.182792 0.145066 -0.97239 -103.118 -0.107294 0.98609 0.12694 12.1152 0.977279 0.0811284 0.195814 30.9398
0.183141 0.144442 -0.972418 -104.267 -0.107211 0.986182 0.126295 12.2474 0.977223 0.0811241 0.196096 31.1467
0.182816 0.142923 -0.972703 -105.405 -0.103847 0.986649 0.125455 12.3697 0.977647 0.0780769 0.195217 31.367
0.183655 0.143616 -0.972443 -106.346 -0.103779 0.986574 0.126103 12.4744 0.977497 0.0777597 0.196094 31.5395
0.18285 0.148714 -0.971828 -107.303 -0.103263 0.985931 0.131444 12.5794 0.977703 0.0763197 0.195634 31.7267
0.182591 0.153137 -0.97119 -108.317 -0.103912 0.985269 0.135821 12.6925 0.977682 0.0761188 0.195814 31.9212
0.182628 0.151812 -0.971391 -109.398 -0.104253 0.985427 0.134406 12.8241 0.977639 0.076724 0.195793 32.123
0.182969 0.149731 -0.97165 -110.462 -0.102161 0.985879 0.132686 12.9555 0.977796 0.0749875 0.195682 32.3358
0.185611 0.150038 -0.971101 -111.577 -0.105211 0.985627 0.132173 13.0822 0.976974 0.0776376 0.198729 32.5221
0.185202 0.149324 -0.971289 -112.74 -0.104913 0.985743 0.131542 13.2188 0.977084 0.0775391 0.198228 32.7689
0.186648 0.15168 -0.970647 -113.797 -0.105781 0.985368 0.13364 13.3445 0.976715 0.0777326 0.199962 32.968
0.187858 0.155226 -0.969853 -114.86 -0.106259 0.984849 0.137045 13.4705 0.976432 0.0773106 0.201506 33.1758
0.18833 0.155855 -0.96966 -115.963 -0.104963 0.984867 0.137913 13.6044 0.976481 0.0758051 0.201839 33.4104
0.18894 0.153959 -0.969845 -117.173 -0.10825 0.984879 0.135257 13.7532 0.976004 0.0794302 0.202749 33.6431
0.189466 0.150483 -0.970287 -118.359 -0.105375 0.985595 0.132281 13.8932 0.976217 0.0771815 0.202594 33.8774
0.189151 0.148713 -0.970622 -119.448 -0.102889 0.986026 0.131022 14.0179 0.976543 0.0750832 0.201808 34.1041
0.188703 0.147748 -0.970856 -120.507 -0.100885 0.986304 0.13049 14.1441 0.976838 0.0733204 0.201024 34.3205
0.188752 0.147192 -0.970931 -121.487 -0.0976487 0.986616 0.130586 14.2613 0.977158 0.0701617 0.200599 34.5177
0.188112 0.14517 -0.97136 -122.565 -0.0944776 0.987104 0.129226 14.3833 0.977593 0.0674627 0.199401 34.7467
0.188647 0.144792 -0.971312 -123.64 -0.0925351 0.987291 0.129201 14.5102 0.977676 0.0655071 0.199648 34.9578
0.188021 0.146516 -0.971175 -124.657 -0.0893105 0.987265 0.131652 14.6292 0.978096 0.0619827 0.198712 35.1692
0.188196 0.147448 -0.971 -125.743 -0.0878721 0.987229 0.132881 14.7596 0.978193 0.0603161 0.198749 35.3836
0.187437 0.145011 -0.971514 -126.803 -0.0829579 0.987846 0.131444 14.8839 0.978767 0.0559574 0.197189 35.6067
0.185557 0.145267 -0.971836 -127.855 -0.0823246 0.987833 0.13194 15.0057 0.979179 0.0555237 0.195259 35.8263
0.186345 0.14996 -0.970973 -128.872 -0.0828681 0.98716 0.136556 15.1249 0.978983 0.0550161 0.196379 36.0178
0.18575 0.157361 -0.969915 -129.86 -0.0874234 0.985825 0.1432 15.2433 0.9787 0.0581939 0.196874 36.2094
0.186043 0.158534 -0.969667 -131.022 -0.092149 0.985363 0.14342 15.3882 0.978211 0.0626717 0.197929 36.4282
0.186143 0.155288 -0.970173 -132.183 -0.0947324 0.985667 0.139592 15.5395 0.977945 0.0659228 0.198186 36.658
0.187571 0.150021 -0.970727 -133.327 -0.0953168 0.986384 0.134023 15.6775 0.977615 0.0673878 0.199316 36.8827
0.187756 0.148276 -0.970959 -134.418 -0.0964734 0.986544 0.132001 15.8118 0.977466 0.0688877 0.199534 37.0914
0.189728 0.145028 -0.971066 -135.501 -0.0954855 0.987068 0.128762 15.9375 0.977183 0.068293 0.201122 37.2956
0.190546 0.139958 -0.97165 -136.538 -0.0934315 0.987877 0.123973 16.0582 0.977222 0.0671602 0.201312 37.497
0.192369 0.136212 -0.971823 -137.526 -0.0895621 0.988624 0.120838 16.1651 0.977227 0.063793 0.20238 37.6811
0.192053 0.138444 -0.97157 -138.529 -0.0872825 0.988486 0.123601 16.2769 0.977495 0.0610631 0.201926 37.8764
0.193596 0.145283 -0.970265 -139.512 -0.0903107 0.987415 0.129831 16.3863 0.976916 0.0624905 0.20428 38.058
0.193757 0.14815 -0.969799 -140.575 -0.0898177 0.987059 0.132842 16.5083 0.976929 0.0613661 0.204556 38.2891
0.195296 0.144493 -0.970042 -141.629 -0.0887364 0.987634 0.129249 16.6328 0.976722 0.0608362 0.205703 38.5087
0.197084 0.145243 -0.969568 -142.67 -0.0928468 0.987285 0.129024 16.7557 0.97598 0.0645928 0.208063 38.6986
0.198063 0.146159 -0.969231 -143.723 -0.0916631 0.987249 0.130144 16.8727 0.975894 0.063066 0.208935 38.9155
0.199161 0.144316 -0.969282 -144.779 -0.093081 0.987411 0.127889 16.9921 0.975536 0.0647511 0.210087 39.1272
0.199828 0.142459 -0.96942 -145.78 -0.0912271 0.987782 0.126352 17.1011 0.975575 0.0631886 0.210383 39.3633
0.201633 0.144881 -0.968687 -146.914 -0.0949996 0.987229 0.12788 17.2313 0.974843 0.06624 0.212822 39.5902
0.203668 0.146871 -0.967961 -147.984 -0.0965515 0.986877 0.129426 17.3499 0.974268 0.0670982 0.215176 39.8008
0.204032 0.148885 -0.967576 -148.925 -0.0987302 0.986458 0.130971 17.448 0.973973 0.0688068 0.215969 39.9973
0.203846 0.150294 -0.967398 -149.894 -0.0993525 0.98622 0.132283 17.5534 0.973949 0.069148 0.215969 40.2062
0.203543 0.151269 -0.96731 -150.846 -0.0987746 0.986124 0.133427 17.6552 0.974071 0.0683875 0.21566 40.4122
0.204613 0.150037 -0.967276 -151.708 -0.0975954 0.986386 0.132356 17.7528 0.973966 0.06732 0.21647 40.5878
0.20604 0.150006 -0.966978 -152.573 -0.0995966 0.986263 0.131776 17.8535 0.973462 0.0691565 0.21815 40.7709
0.207927 0.150989 -0.966421 -153.426 -0.101218 0.986031 0.132276 17.9494 0.972893 0.0703155 0.220305 40.9437
0.20728 0.149035 -0.966863 -154.265 -0.10054 0.98634 0.130483 18.0439 0.973102 0.0701623 0.219432 41.1304
0.204192 0.145419 -0.96807 -155.044 -0.0972357 0.987028 0.127757 18.1289 0.97409 0.0680441 0.215683 41.3032
0.20106 0.142463 -0.969164 -155.829 -0.0990521 0.987254 0.124573 18.2149 0.974558 0.0709512 0.212608 41.4416
0.198592 0.140445 -0.969967 -156.642 -0.105117 0.987023 0.121392 18.309 0.974429 0.0778528 0.210778 41.5713
0.193847 0.139941 -0.970999 -157.347 -0.104711 0.987071 0.121354 18.3795 0.975428 0.0781499 0.205994 41.7238
0.192298 0.141009 -0.971153 -158.059 -0.108105 0.986644 0.121852 18.4617 0.975364 0.0815541 0.204973 41.8452
0.192031 0.142421 -0.971 -158.78 -0.109272 0.986364 0.123065 18.5479 0.975286 0.0824713 0.204975 41.9654
0.190153 0.143325 -0.971236 -159.498 -0.105511 0.98654 0.124926 18.6231 0.976068 0.0787212 0.202716 42.1168
0.190045 0.143796 -0.971188 -160.278 -0.103204 0.986661 0.125892 18.7001 0.976336 0.0763059 0.20235 42.2566
0.18968 0.142971 -0.971381 -160.991 -0.105917 0.986548 0.124521 18.781 0.976116 0.0792663 0.202271 42.3886
0.189159 0.142293 -0.971582 -161.693 -0.10855 0.986411 0.123331 18.8584 0.975928 0.0821364 0.202035 42.5177
0.19048 0.143059 -0.971211 -162.39 -0.115325 0.985735 0.12258 18.937 0.974894 0.088656 0.204261 42.6326
0.192145 0.142146 -0.971017 -163.079 -0.119901 0.985442 0.120532 19.0145 0.974014 0.0932664 0.206391 42.7545
0.193061 0.139552 -0.971212 -163.743 -0.120681 0.985696 0.117643 19.0864 0.973737 0.0944949 0.20714 42.8878
0.194427 0.137198 -0.971275 -164.412 -0.120758 0.985986 0.115103 19.1557 0.973455 0.0949101 0.20827 43.0186
0.195682 0.137429 -0.97099 -165.089 -0.123525 0.9857 0.114617 19.2238 0.972857 0.0975127 0.209859 43.1477
0.196635 0.139402 -0.970516 -165.759 -0.121115 0.985714 0.117046 19.2951 0.972967 0.094529 0.21071 43.2878
0.196582 0.140951 -0.970303 -166.419 -0.120317 0.985602 0.118798 19.358 0.973077 0.0933903 0.21071 43.4249
0.197704 0.136883 -0.970658 -167.096 -0.116264 0.986488 0.115434 19.424 0.973343 0.0900306 0.210947 43.5676
0.197979 0.133376 -0.97109 -167.733 -0.11529 0.986991 0.112056 19.4932 0.973403 0.0897724 0.21078 43.7032
0.19827 0.134369 -0.970893 -168.351 -0.119118 0.986519 0.112206 19.561 0.972882 0.0934037 0.211603 43.8284
0.199905 0.138632 -0.969958 -168.984 -0.121094 0.985846 0.115946 19.6258 0.972304 0.0942775 0.213863 43.9584
0.201762 0.137208 -0.969776 -169.616 -0.118728 0.986263 0.114839 19.6948 0.972212 0.0919699 0.215281 44.0958
0.203497 0.137948 -0.969309 -170.259 -0.116024 0.986446 0.116029 19.7634 0.972177 0.0888515 0.216744 44.2376
0.204336 0.142091 -0.968533 -170.893 -0.115737 0.985976 0.120232 19.8345 0.972035 0.0875276 0.217915 44.3828
0.206065 0.145486 -0.967663 -171.585 -0.113402 0.985773 0.12406 19.9091 0.971945 0.0841704 0.219631 44.5342
0.20748 0.14561 -0.967342 -172.272 -0.110448 0.986024 0.124733 19.9812 0.971984 0.0809617 0.220662 44.6948
0.208852 0.146705 -0.966881 -173 -0.112951 0.985686 0.12516 20.0643 0.971403 0.08307 0.222433 44.8588
0.210948 0.148718 -0.966118 -173.737 -0.116625 0.985128 0.126179 20.153 0.970515 0.0860563 0.225155 45.0236
0.215878 0.1489 -0.965 -174.498 -0.1186 0.984985 0.125452 20.2443 0.969191 0.0873664 0.230296 45.1803
0.218162 0.147118 -0.96476 -175.234 -0.121342 0.98499 0.122764 20.3252 0.96834 0.0902834 0.232739 45.3548
0.221174 0.14373 -0.964585 -175.995 -0.12255 0.985336 0.118722 20.4153 0.967504 0.0919511 0.235545 45.5271
0.223251 0.142672 -0.964263 -176.72 -0.121676 0.985572 0.117654 20.4951 0.967137 0.0910611 0.237389 45.6993
0.224232 0.144602 -0.963748 -177.451 -0.121948 0.985321 0.119465 20.5748 0.966876 0.0907392 0.238574 45.8785
0.226249 0.14891 -0.96262 -178.211 -0.127982 0.984223 0.122171 20.6625 0.965625 0.0955573 0.241738 46.0435
0.227501 0.148 -0.962465 -178.998 -0.126133 0.984535 0.121579 20.7496 0.965574 0.0937395 0.242651 46.2407
0.228616 0.144762 -0.962693 -179.804 -0.124574 0.985103 0.118549 20.8389 0.965513 0.0928245 0.243244 46.4359
0.228489 0.141087 -0.963269 -180.594 -0.121679 0.985823 0.115528 20.9239 0.965913 0.0908126 0.242417 46.6374
0.228231 0.140124 -0.963471 -181.394 -0.122323 0.985874 0.114406 21.0093 0.965892 0.091744 0.242147 46.8315
0.229145 0.139736 -0.96331 -182.244 -0.124267 0.985744 0.113431 21.1005 0.965428 0.0937154 0.243243 47.0253
0.229206 0.139491 -0.963331 -183.086 -0.123985 0.985801 0.113245 21.1901 0.965449 0.0934819 0.243246 47.2319
0.228762 0.140609 -0.963274 -183.924 -0.125503 0.985516 0.11405 21.279 0.965358 0.0948034 0.243096 47.4365
0.229662 0.143369 -0.962653 -184.767 -0.127993 0.98495 0.116154 21.3668 0.964818 0.096537 0.244555 47.623
0.229313 0.145066 -0.962482 -185.615 -0.127754 0.984763 0.117986 21.4533 0.964932 0.0959055 0.244352 47.8259
0.229877 0.147244 -0.962017 -186.487 -0.130793 0.984195 0.119385 21.5544 0.964391 0.0983812 0.245502 48.0226
0.229657 0.148283 -0.96191 -187.422 -0.133977 0.983734 0.11966 21.6672 0.964006 0.101393 0.245788 48.2421
0.229584 0.147694 -0.962017 -188.445 -0.137814 0.983394 0.118087 21.7829 0.963483 0.105468 0.246126 48.4694
0.227948 0.14181 -0.963291 -189.451 -0.131896 0.984715 0.113753 21.8889 0.964698 0.101124 0.243168 48.7335
0.227149 0.134998 -0.964458 -190.445 -0.129241 0.985764 0.107542 21.994 0.965246 0.10022 0.241362 48.9704
0.226413 0.129418 -0.965395 -191.33 -0.124232 0.986876 0.103162 22.0829 0.966076 0.096576 0.239519 49.1803
0.22475 0.128161 -0.965951 -192.229 -0.117952 0.987601 0.103589 22.1691 0.967251 0.0906544 0.237081 49.3991
0.224123 0.131084 -0.965705 -193.124 -0.114824 0.987563 0.107402 22.2554 0.967773 0.086815 0.236387 49.6044
0.223175 0.133098 -0.965649 -194.007 -0.113632 0.987433 0.109838 22.3442 0.968132 0.085216 0.235495 49.8093
0.221681 0.132159 -0.966122 -194.887 -0.112696 0.987606 0.10924 22.4333 0.968585 0.0846613 0.233827 50.012
0.220733 0.132682 -0.966267 -195.802 -0.113731 0.987447 0.10961 22.5319 0.968681 0.0856997 0.233053 50.212
0.218976 0.134615 -0.9664 -196.676 -0.114173 0.987168 0.111638 22.6157 0.969028 0.0858903 0.231535 50.4123
0.216913 0.133408 -0.967032 -197.578 -0.111151 0.987551 0.111307 22.7059 0.969842 0.0833423 0.229041 50.6273
0.213857 0.13113 -0.968024 -198.445 -0.108818 0.98798 0.109793 22.7957 0.970785 0.0818587 0.225556 50.8373
0.210705 0.13076 -0.968765 -199.358 -0.107695 0.988086 0.109944 22.8834 0.971599 0.0811655 0.222277 51.0495
0.208303 0.131686 -0.969159 -200.28 -0.107558 0.987969 0.111124 22.975 0.972132 0.0810934 0.219961 51.2529
0.205729 0.132282 -0.969627 -201.284 -0.107875 0.987849 0.11188 23.0696 0.972645 0.0815819 0.2175 51.4725
0.203576 0.133345 -0.969936 -202.227 -0.108081 0.987688 0.1131 23.165 0.973075 0.081807 0.215482 51.6743
0.200384 0.135064 -0.970363 -203.275 -0.108533 0.987416 0.115025 23.2725 0.973687 0.0822669 0.212522 51.9027
0.198251 0.135952 -0.970677 -204.363 -0.109238 0.987229 0.115959 23.3841 0.974045 0.0830463 0.21057 52.1345
0.198282 0.136765 -0.970556 -205.438 -0.112607 0.986839 0.116054 23.497 0.973655 0.0862805 0.211073 52.3369
0.197773 0.136197 -0.97074 -206.499 -0.110224 0.98711 0.116037 23.6059 0.974031 0.0840496 0.210236 52.5718
0.199073 0.135127 -0.970624 -207.577 -0.111876 0.987106 0.114476 23.719 0.973578 0.0858009 0.211624 52.7787
0.199941 0.133693 -0.970644 -208.614 -0.11015 0.987434 0.113316 23.8208 0.973597 0.0842603 0.212155 52.9887
0.198419 0.13326 -0.971016 -209.619 -0.108933 0.987574 0.113273 23.9184 0.974045 0.0832999 0.21047 53.2191
0.197189 0.133121 -0.971285 -210.567 -0.107487 0.987701 0.113549 24.0149 0.974455 0.0820098 0.209073 53.4266
0.196909 0.13207 -0.971486 -211.472 -0.106145 0.987933 0.112791 24.1105 0.974659 0.0809091 0.208551 53.6242
0.196156 0.131948 -0.971654 -212.449 -0.103446 0.98816 0.113306 24.2101 0.975101 0.0782879 0.207483 53.8492
0.196005 0.131447 -0.971753 -213.381 -0.0986588 0.98859 0.113824 24.3055 0.975627 0.0735618 0.206737 54.0468
0.196302 0.133152 -0.971461 -214.337 -0.0953195 0.988636 0.116245 24.3999 0.975899 0.0697801 0.206763 54.2455
0.195947 0.135536 -0.971203 -215.315 -0.0906137 0.988667 0.119692 24.4996 0.976419 0.0645511 0.206008 54.4569
0.195725 0.137516 -0.970969 -216.353 -0.0890553 0.988521 0.12205 24.6075 0.976607 0.0625817 0.205725 54.6749
0.196365 0.136278 -0.971014 -217.487 -0.0893525 0.988661 0.120685 24.7237 0.976451 0.0630642 0.206316 54.8986
0.195883 0.135544 -0.971214 -218.514 -0.0922765 0.988554 0.119353 24.8276 0.976276 0.066241 0.206149 55.1084
0.195757 0.139673 -0.970655 -219.565 -0.100201 0.987473 0.121885 24.9445 0.97552 0.0734008 0.2073 55.304
0.195062 0.146825 -0.969739 -220.702 -0.105202 0.986159 0.12815 25.0631 0.975132 0.0770215 0.207809 55.5322
0.192939 0.146836 -0.970162 -221.991 -0.106724 0.986014 0.12801 25.1979 0.97539 0.0788412 0.205911 55.8353
0.192725 0.139935 -0.971224 -223.243 -0.105327 0.987011 0.121309 25.3344 0.975584 0.0789173 0.204961 56.096
0.19189 0.134096 -0.972212 -224.429 -0.101682 0.988007 0.116205 25.4557 0.976135 0.0765583 0.203224 56.3452
0.193135 0.133081 -0.972105 -225.636 -0.0980306 0.988419 0.115838 25.5614 0.976263 0.0729235 0.203945 56.5792
0.193699 0.133473 -0.971939 -226.871 -0.0915025 0.988841 0.117558 25.6795 0.976785 0.066164 0.203751 56.8524
0.195974 0.135327 -0.971226 -228.217 -0.0911606 0.988657 0.119361 25.819 0.976363 0.0651458 0.206088 57.1198
0.196009 0.137995 -0.970844 -229.474 -0.0923682 0.988245 0.12182 25.9506 0.976242 0.0657973 0.206451 57.3876
0.197225 0.139777 -0.970343 -230.629 -0.0932979 0.987967 0.123352 26.0728 0.975909 0.0662027 0.207893 57.6203
0.198936 0.1406 -0.969874 -231.845 -0.093814 0.987842 0.123962 26.21 0.975512 0.0663273 0.209707 57.8563
0.199317 0.139047 -0.97002 -232.968 -0.091696 0.988185 0.12281 26.3383 0.975635 0.0644688 0.209713 58.0969
0.199275 0.138398 -0.970121 -234.047 -0.0936745 0.988134 0.121725 26.4439 0.975456 0.0666189 0.209875 58.3146
0.199382 0.136676 -0.970343 -235.029 -0.0908677 0.988538 0.120568 26.5488 0.9757 0.0641338 0.209516 58.5257
0.19922 0.136242 -0.970438 -236.012 -0.0903132 0.988626 0.120255 26.6535 0.975784 0.0636861 0.209259 58.7309
0.199232 0.136579 -0.970388 -237.032 -0.0912928 0.98852 0.120388 26.7565 0.975691 0.0646043 0.209414 58.9434
0.198975 0.13657 -0.970442 -237.99 -0.0911166 0.988531 0.120434 26.8595 0.97576 0.0644601 0.209136 59.1423
0.199333 0.136762 -0.970341 -239.053 -0.0906995 0.988537 0.120695 26.972 0.975725 0.063951 0.209452 59.361
0.199405 0.134569 -0.970633 -240.036 -0.089898 0.988861 0.118627 27.0783 0.975785 0.0636031 0.209281 59.5592
0.199007 0.131517 -0.971133 -241.011 -0.0884591 0.989319 0.115853 27.1817 0.975997 0.0628499 0.208516 59.7672
0.198385 0.12858 -0.971654 -242.092 -0.0877632 0.989706 0.11305 27.2893 0.976187 0.062848 0.207627 59.9969
0.198692 0.127707 -0.971706 -243.071 -0.0909519 0.989598 0.111461 27.3904 0.975833 0.0662322 0.20824 60.185
0.197665 0.127724 -0.971913 -244.055 -0.0925947 0.989475 0.1112 27.491 0.975887 0.0680136 0.207411 60.3926
0.198127 0.130007 -0.971516 -245.039 -0.0974972 0.988863 0.112445 27.5861 0.975315 0.0724418 0.208595 60.5752
0.19743 0.131659 -0.971436 -246.045 -0.100292 0.988454 0.113582 27.6851 0.975173 0.075003 0.208355 60.7771
0.19582 0.131077 -0.97184 -247.131 -0.0988332 0.988619 0.113425 27.7975 0.975647 0.0738391 0.206546 61.016
0.195091 0.129169 -0.972242 -248.343 -0.0972403 0.988953 0.111877 27.9075 0.975953 0.0727149 0.205496 61.2698
0.195074 0.126568 -0.972588 -249.395 -0.0941985 0.989472 0.109871 28.006 0.976255 0.0701833 0.204942 61.4859
0.195637 0.126408 -0.972495 -250.451 -0.0955131 0.989399 0.109391 28.1069 0.976014 0.0714851 0.205636 61.6821
0.195404 0.128523 -0.972265 -251.598 -0.0955098 0.989157 0.11156 28.2138 0.976061 0.0710615 0.205561 61.9091
0.196748 0.130003 -0.971797 -252.696 -0.0980972 0.988807 0.112418 28.3255 0.975534 0.0732126 0.207299 62.0987
0.196479 0.128905 -0.971998 -253.764 -0.098355 0.988912 0.111266 28.4384 0.975562 0.0737394 0.206979 62.3074
0.196989 0.127569 -0.972071 -254.825 -0.0993996 0.988988 0.109646 28.5425 0.975354 0.0750244 0.2075 62.5131
0.198684 0.127601 -0.971722 -255.822 -0.102373 0.988766 0.108908 28.6433 0.974702 0.0778399 0.209515 62.7029
0.200531 0.126813 -0.971445 -256.832 -0.102628 0.98885 0.1079 28.7446 0.974297 0.0780601 0.211309 62.9087
0.200879 0.127037 -0.971344 -257.929 -0.0997296 0.989056 0.108728 28.848 0.974526 0.0750305 0.21135 63.1473
0.200871 0.127178 -0.971327 -259.005 -0.0955724 0.989351 0.109774 28.9444 0.974944 0.0707816 0.210887 63.3871
0.202184 0.127648 -0.970993 -260.086 -0.0944537 0.989389 0.110398 29.0467 0.974782 0.0693931 0.212096 63.6067
0.202629 0.127424 -0.97093 -261.063 -0.093865 0.98946 0.110267 29.1392 0.974747 0.068793 0.212454 63.8161
0.203382 0.126229 -0.970928 -262.071 -0.0938153 0.989604 0.109005 29.2403 0.974594 0.0689182 0.21311 64.0282
0.202697 0.127311 -0.97093 -263.002 -0.0949054 0.989399 0.10992 29.3297 0.974632 0.0698662 0.212631 64.2387
0.202835 0.1295 -0.970612 -263.979 -0.0955315 0.989105 0.112004 29.4193 0.974542 0.0700057 0.212997 64.4584
0.205838 0.131106 -0.969764 -264.912 -0.100845 0.988551 0.112241 29.5107 0.973376 0.0746918 0.216703 64.6367
0.207993 0.133004 -0.969045 -265.849 -0.10511 0.988014 0.113047 29.6033 0.972466 0.078343 0.21948 64.8283
0.209882 0.135641 -0.968272 -266.842 -0.107269 0.987546 0.115089 29.7039 0.971824 0.079711 0.221818 65.0376
0.210878 0.140375 -0.967381 -267.815 -0.110335 0.986729 0.119131 29.8024 0.971266 0.0816135 0.223568 65.2407
0.210485 0.142858 -0.967103 -268.872 -0.111463 0.986321 0.121438 29.9118 0.971222 0.0822349 0.223529 65.4807
0.210067 0.145711 -0.966768 -269.933 -0.115645 0.985593 0.12342 30.0296 0.970823 0.0858757 0.223892 65.7091
0.209489 0.148728 -0.966434 -271.07 -0.119457 0.984854 0.125669 30.1561 0.970487 0.0891215 0.224082 65.959
0.2099 0.14936 -0.966247 -272.391 -0.125299 0.984223 0.12492 30.3122 0.969661 0.0948489 0.225303 66.2248
