1 0 0 0 0 1 0 0 0 0 1 0
0.999859 -0.0164967 0.00322619 0.0855779 0.0165154 0.999846 -0.00587566 -0.00157348 -0.00312876 0.00592811 0.999978 0.167482
0.999659 -0.0254088 0.0060813 0.127214 0.0254507 0.999652 -0.00691278 -0.00723206 -0.00590354 0.0070652 0.999958 0.361862
0.999184 -0.0403658 0.00114121 0.201491 0.0403773 0.999098 -0.0131481 -0.0158405 -0.000609442 0.0131835 0.999913 0.528256
0.998974 -0.0451675 -0.00336836 0.221151 0.0451099 0.998861 -0.0155616 -0.0166864 0.0040674 0.0153937 0.999873 0.742064
0.998204 -0.0575976 -0.0164718 0.273486 0.0572635 0.998157 -0.0200818 -0.020416 0.0175981 0.0191025 0.999663 0.943706
0.996975 -0.0688286 -0.0360915 0.329482 0.0678901 0.997338 -0.0266166 -0.0172104 0.0378274 0.0240859 0.998994 1.15635
0.995348 -0.0772025 -0.0576465 0.354382 0.0755955 0.9967 -0.0295604 -0.025326 0.0597384 0.025065 0.997899 1.37425
0.995314 -0.0647772 -0.0717899 0.274607 0.0625657 0.997507 -0.0326383 -0.0394508 0.0737251 0.0279938 0.996886 1.60533
0.994506 -0.0565317 -0.0880982 0.205823 0.0535386 0.997917 -0.0359769 -0.0505451 0.0899486 0.0310626 0.995462 1.85518
0.992875 -0.053377 -0.106538 0.149632 0.0495465 0.998038 -0.0382851 -0.059388 0.108372 0.0327337 0.993571 2.11373
0.991583 -0.0476758 -0.120379 0.0501051 0.0429228 0.998205 -0.0417737 -0.0665202 0.122154 0.0362551 0.991849 2.3539
0.989518 -0.0447484 -0.137303 -0.0202199 0.0393004 0.998339 -0.0421373 -0.0819285 0.13896 0.0362995 0.989632 2.61742
0.987612 -0.0396494 -0.151822 -0.100522 0.0334407 0.998505 -0.0432326 -0.0954512 0.153309 0.0376201 0.987462 2.88455
0.985051 -0.0389019 -0.167815 -0.161762 0.0321037 0.998558 -0.0430352 -0.11283 0.169248 0.0370043 0.984879 3.18827
0.983042 -0.0357544 -0.179861 -0.242996 0.0282446 0.998626 -0.0441431 -0.128685 0.181192 0.0383145 0.982701 3.50953
0.980258 -0.0402345 -0.193587 -0.305899 0.0317647 0.998406 -0.04666 -0.138748 0.195156 0.0395895 0.979973 3.86185
0.978266 -0.0426742 -0.202917 -0.381283 0.0333452 0.998233 -0.0491748 -0.158646 0.204657 0.0413397 0.97796 4.19614
0.97716 -0.0401845 -0.208669 -0.481046 0.0300431 0.998219 -0.0515452 -0.178074 0.210369 0.0440989 0.976627 4.54102
0.975823 -0.0387842 -0.215092 -0.577383 0.0279114 0.998185 -0.0533596 -0.200323 0.216771 0.046066 0.975135 4.90998
0.974594 -0.0360326 -0.221062 -0.689462 0.0240914 0.998113 -0.0564783 -0.227983 0.22268 0.0497177 0.973623 5.28154
0.972155 -0.0428422 -0.230388 -0.768043 0.0299554 0.9978 -0.0591463 -0.249192 0.232415 0.050598 0.9713 5.69069
0.971424 -0.0401987 -0.233924 -0.905924 0.026503 0.997761 -0.0614005 -0.280847 0.235868 0.0534462 0.970314 6.08155
0.969256 -0.0409453 -0.242625 -1.02168 0.0260696 0.997596 -0.0642089 -0.311223 0.244671 0.0559097 0.967993 6.52366
0.967574 -0.0358305 -0.250033 -1.15637 0.0192518 0.997469 -0.0684403 -0.344196 0.251852 0.0614075 0.965815 6.95195
0.966046 -0.030786 -0.256529 -1.30007 0.012804 0.99736 -0.0714754 -0.382243 0.258052 0.065764 0.96389 7.37456
0.963692 -0.0328016 -0.264993 -1.4365 0.0137255 0.997199 -0.073521 -0.420796 0.266663 0.0672145 0.961443 7.84801
0.960579 -0.0387639 -0.275293 -1.5616 0.0183128 0.996903 -0.0764745 -0.459837 0.277405 0.0684184 0.958314 8.35344
0.957615 -0.0418265 -0.284999 -1.70781 0.0199597 0.996659 -0.0792037 -0.506817 0.28736 0.0701582 0.95525 8.88577
0.955869 -0.0385891 -0.291249 -1.89688 0.015075 0.996473 -0.0825524 -0.557937 0.293407 0.0745187 0.953079 9.40175
0.953697 -0.039379 -0.298181 -2.07278 0.0135964 0.996023 -0.0880526 -0.606071 0.300462 0.0799213 0.950439 9.9281
0.951202 -0.0441356 -0.305396 -2.23672 0.0154005 0.995275 -0.095869 -0.663386 0.308184 0.0864875 0.947387 10.479
0.949792 -0.0463469 -0.309429 -2.4235 0.0145664 0.994446 -0.104239 -0.720645 0.312541 0.0944978 0.945192 11.0318
0.948951 -0.0449471 -0.312204 -2.6185 0.0098518 0.993536 -0.113092 -0.783433 0.315269 0.104243 0.94326 11.5668
0.947792 -0.0435969 -0.315895 -2.81099 0.004958 0.992505 -0.1221 -0.850731 0.318851 0.11416 0.940905 12.093
0.946284 -0.0447389 -0.320227 -2.987 0.00315677 0.991612 -0.12921 -0.920544 0.323321 0.121258 0.938488 12.6044
0.944682 -0.0436378 -0.325071 -3.15987 -0.00101685 0.990715 -0.135949 -0.988641 0.327986 0.128759 0.935867 13.0856
0.942841 -0.0442676 -0.33029 -3.32801 -0.00313503 0.989916 -0.141624 -1.06313 0.333228 0.134565 0.933194 13.5604
0.941505 -0.0411055 -0.334482 -3.51152 -0.00906558 0.989085 -0.147069 -1.13792 0.336877 0.141499 0.930856 14.0275
0.939751 -0.0388456 -0.339644 -3.69453 -0.0136571 0.988464 -0.150839 -1.20935 0.341586 0.14639 0.92838 14.5059
0.937797 -0.0384294 -0.345052 -3.86859 -0.0154799 0.988239 -0.152135 -1.28399 0.34684 0.148013 0.926172 14.963
0.935915 -0.0369967 -0.350277 -4.05142 -0.0172843 0.988446 -0.150583 -1.36801 0.351801 0.146987 0.924462 15.4109
0.933348 -0.0376898 -0.356989 -4.22611 -0.0172501 0.988615 -0.149475 -1.44155 0.358559 0.145671 0.922071 15.8596
0.931223 -0.0355924 -0.362709 -4.41807 -0.0197401 0.988833 -0.147714 -1.51693 0.363916 0.144715 0.920121 16.2994
0.927475 -0.0372496 -0.372025 -4.59764 -0.0186063 0.989193 -0.145431 -1.58653 0.373422 0.141806 0.916759 16.7579
0.923524 -0.0377814 -0.381675 -4.78377 -0.0173386 0.990006 -0.139952 -1.66214 0.383148 0.135867 0.91364 17.2164
0.91945 -0.0366103 -0.391498 -4.98461 -0.0180402 0.99068 -0.13501 -1.73816 0.392792 0.131198 0.91022 17.6891
0.915831 -0.0325961 -0.400239 -5.19576 -0.021905 0.991161 -0.130845 -1.8159 0.400966 0.128599 0.907022 18.152
0.911948 -0.0323333 -0.409029 -5.43011 -0.0229685 0.991304 -0.129571 -1.8921 0.409662 0.127557 0.903275 18.6544
0.908179 -0.0313032 -0.41741 -5.67436 -0.0252191 0.991296 -0.129211 -1.96683 0.417822 0.127874 0.899485 19.1496
0.903927 -0.0323134 -0.426465 -5.91336 -0.02491 0.991471 -0.127923 -2.0428 0.426961 0.126256 0.895412 19.6516
0.899792 -0.0309263 -0.435221 -6.16002 -0.0273042 0.991539 -0.126907 -2.11409 0.435463 0.126074 0.891334 20.1513
0.896022 -0.0315767 -0.442885 -6.42092 -0.0267533 0.991816 -0.12484 -2.18753 0.443203 0.123708 0.887844 20.6515
0.891635 -0.0324252 -0.451592 -6.6679 -0.0250543 0.99237 -0.120722 -2.26113 0.452061 0.118954 0.88402 21.1374
0.888171 -0.0289203 -0.458603 -6.94571 -0.027219 0.992954 -0.115332 -2.3324 0.458707 0.114917 0.881126 21.6416
0.883918 -0.0303762 -0.466654 -7.23733 -0.0246427 0.993476 -0.111346 -2.40835 0.466992 0.109921 0.877403 22.1807
0.879887 -0.0321183 -0.474095 -7.54096 -0.0227358 0.993725 -0.109517 -2.4858 0.474638 0.107142 0.873636 22.7384
0.876628 -0.0317965 -0.480117 -7.86402 -0.0230894 0.993885 -0.10798 -2.56716 0.480614 0.105744 0.870533 23.3064
0.873253 -0.0319735 -0.486217 -8.18409 -0.0227463 0.994082 -0.106223 -2.6412 0.486736 0.103819 0.867358 23.8731
0.869971 -0.0339134 -0.491936 -8.52704 -0.0207016 0.994241 -0.105151 -2.71841 0.492669 0.101662 0.864258 24.4786
0.86706 -0.0359412 -0.496905 -8.87221 -0.0192601 0.994231 -0.10552 -2.79429 0.497831 0.101063 0.861366 25.0653
0.864836 -0.0367902 -0.500705 -9.21532 -0.0191686 0.994165 -0.106157 -2.86809 0.501689 0.101406 0.859084 25.6473
0.862931 -0.0357771 -0.504053 -9.56437 -0.0207168 0.994147 -0.10603 -2.96277 0.504896 0.101939 0.857139 26.2441
0.862583 -0.0351408 -0.504694 -9.93998 -0.0208197 0.994274 -0.104813 -3.04911 0.505487 0.100917 0.856912 26.869
0.862345 -0.0352092 -0.505096 -10.3161 -0.0198429 0.994463 -0.103199 -3.13142 0.505933 0.0990161 0.856871 27.5071
0.862743 -0.0337739 -0.504513 -10.7198 -0.0207677 0.994558 -0.102093 -3.22292 0.505216 0.0985577 0.857347 28.1501
0.861279 -0.037781 -0.506727 -11.0966 -0.0172348 0.994486 -0.103442 -3.3007 0.507841 0.0978253 0.855879 28.8132
0.859496 -0.0406339 -0.509525 -11.4665 -0.0146378 0.99447 -0.103999 -3.38074 0.510933 0.0968452 0.854148 29.4454
0.858343 -0.0405196 -0.511474 -11.8597 -0.0140892 0.994639 -0.102441 -3.45878 0.512883 0.0951354 0.85317 30.0717
0.85563 -0.0402717 -0.516018 -12.2596 -0.0127781 0.995021 -0.0988425 -3.54297 0.51743 0.0911664 0.850855 30.7456
0.852472 -0.039951 -0.521244 -12.6815 -0.0111507 0.995459 -0.0945339 -3.63582 0.522654 0.0863997 0.848156 31.4358
0.847568 -0.0422339 -0.529003 -13.1039 -0.0085373 0.995614 -0.093165 -3.71956 0.530618 0.0834799 0.84349 32.1274
0.843667 -0.0406216 -0.535328 -13.5891 -0.0125346 0.995371 -0.0952847 -3.81844 0.536721 0.0870987 0.839252 32.826
0.83718 -0.0434552 -0.545199 -14.0358 -0.0126041 0.995041 -0.0986642 -3.9073 0.546783 0.0894714 0.83248 33.5223
0.828554 -0.0483874 -0.557815 -14.4282 -0.00780467 0.995164 -0.0979178 -3.99471 0.559855 0.0854838 0.824169 34.168
0.822043 -0.0461006 -0.567556 -14.8703 -0.00841899 0.995624 -0.0930651 -4.07622 0.569363 0.0812818 0.818058 34.8141
0.81789 -0.0396797 -0.574005 -15.371 -0.0140485 0.995945 -0.088865 -4.16422 0.575203 0.0807457 0.814016 35.4856
0.814653 -0.0386136 -0.578662 -15.8726 -0.0174128 0.995703 -0.0909565 -4.24528 0.579687 0.0841741 0.81048 36.1481
0.810855 -0.0412055 -0.583794 -16.3555 -0.0180385 0.995285 -0.0953038 -4.33392 0.584969 0.0878084 0.806289 36.8207
0.807626 -0.0441865 -0.588038 -16.8375 -0.020005 0.994562 -0.102209 -4.42524 0.589356 0.0943103 0.80235 37.4768
0.804565 -0.0457582 -0.592099 -17.3164 -0.0196562 0.994429 -0.10356 -4.51522 0.59354 0.0949594 0.799183 38.1056
0.801423 -0.0436447 -0.596503 -17.7653 -0.0198349 0.994846 -0.0994394 -4.60159 0.597769 0.0915246 0.796427 38.6926
0.798081 -0.0408772 -0.601162 -18.2525 -0.0200913 0.995336 -0.0943522 -4.68834 0.602216 0.0873788 0.793537 39.3328
0.795639 -0.0384135 -0.604551 -18.7683 -0.0216576 0.995546 -0.0917607 -4.77083 0.605383 0.0861016 0.791263 39.9673
0.792806 -0.0371625 -0.60834 -19.3254 -0.0240647 0.995452 -0.0921724 -4.86606 0.608999 0.0877143 0.788306 40.6756
0.788759 -0.0390887 -0.613459 -19.8512 -0.0235002 0.995329 -0.0936365 -4.9603 0.614253 0.0882731 0.784156 41.3496
0.784198 -0.0431631 -0.619007 -20.412 -0.0210085 0.995159 -0.0960068 -5.06146 0.620155 0.0882928 0.779495 42.0664
0.780853 -0.0416613 -0.623324 -20.9341 -0.0235021 0.995108 -0.095952 -5.15421 0.624273 0.0895738 0.776054 42.6854
0.776591 -0.0411252 -0.628662 -21.4467 -0.0243642 0.99516 -0.0951977 -5.24014 0.629534 0.0892465 0.77183 43.302
0.77192 -0.0406277 -0.634421 -21.9705 -0.0255149 0.995172 -0.0947746 -5.32256 0.635208 0.0893455 0.767156 43.9214
0.766788 -0.0413463 -0.640567 -22.5119 -0.0265876 0.995021 -0.0960516 -5.41014 0.641349 0.0906823 0.761871 44.556
0.761165 -0.042548 -0.647162 -23.0378 -0.0265035 0.994972 -0.0965872 -5.50067 0.648017 0.0906708 0.756209 45.1693
0.755688 -0.0429602 -0.653521 -23.5899 -0.0275447 0.994879 -0.0972507 -5.59154 0.654352 0.0914923 0.750635 45.7882
0.748784 -0.0462813 -0.661196 -24.1505 -0.0251434 0.994858 -0.0981106 -5.68898 0.662337 0.0900883 0.74377 46.4472
0.742407 -0.0486682 -0.668179 -24.7494 -0.0237836 0.994815 -0.0988851 -5.7911 0.669527 0.0893047 0.7374 47.0983
0.73516 -0.051831 -0.675909 -25.3281 -0.0206519 0.994898 -0.0987544 -5.88668 0.677579 0.0865591 0.730339 47.7356
0.729151 -0.0508106 -0.682464 -25.9425 -0.0214612 0.995052 -0.0970126 -5.98375 0.684016 0.0853834 0.724453 48.3759
0.721604 -0.0529824 -0.690276 -26.5414 -0.0187935 0.995201 -0.0960334 -6.0814 0.692051 0.0822707 0.717145 49.0106
0.714076 -0.0560975 -0.697817 -27.1548 -0.0161604 0.995198 -0.0965409 -6.18127 0.699882 0.0802145 0.70974 49.6512
0.707784 -0.0570192 -0.704124 -27.796 -0.0178026 0.994981 -0.0984676 -6.27932 0.706204 0.0822291 0.703217 50.2833
0.702395 -0.0556079 -0.709612 -28.4223 -0.0197801 0.995034 -0.0975535 -6.38173 0.711513 0.0825573 0.697807 50.8704
0.697681 -0.0532615 -0.714426 -29.067 -0.0229654 0.995057 -0.0966101 -6.4801 0.71604 0.0838101 0.69301 51.476
0.690484 -0.0581661 -0.721005 -29.7445 -0.0174036 0.995137 -0.0969482 -6.57796 0.723138 0.0794892 0.686114 52.1456
0.687588 -0.0556356 -0.723966 -30.4708 -0.0221823 0.994985 -0.0975307 -6.69046 0.725762 0.0831202 0.682906 52.7731
0.682902 -0.0562452 -0.728342 -31.1462 -0.0247883 0.994673 -0.100054 -6.79236 0.73009 0.0863815 0.67787 53.3832
0.678875 -0.0580557 -0.731955 -31.8234 -0.0257792 0.99437 -0.102779 -6.89026 0.733801 0.0886435 0.673557 53.9689
0.673353 -0.0581466 -0.737031 -32.4579 -0.0263059 0.994387 -0.102483 -6.99549 0.738853 0.0883958 0.668044 54.5441
0.670702 -0.0530612 -0.739827 -33.1388 -0.0327729 0.994344 -0.101026 -7.09998 0.741003 0.0920047 0.665169 55.099
0.666256 -0.0519852 -0.743909 -33.8212 -0.0343118 0.994374 -0.100218 -7.19872 0.744933 0.0922959 0.660724 55.6847
0.659774 -0.0543904 -0.749493 -34.4805 -0.032332 0.994399 -0.100625 -7.29917 0.750768 0.0906222 0.65432 56.2786
0.654286 -0.0560735 -0.754166 -35.1885 -0.0308381 0.99444 -0.100692 -7.40463 0.755618 0.0891385 0.648918 56.9018
0.650039 -0.0560167 -0.757833 -35.8991 -0.0316649 0.994416 -0.100665 -7.50485 0.759241 0.089433 0.644636 57.5001
0.647543 -0.0542641 -0.760095 -36.622 -0.0347697 0.994319 -0.100607 -7.60843 0.761236 0.0915753 0.641977 58.0753
0.64277 -0.0574788 -0.7639 -37.3607 -0.0317039 0.994331 -0.101494 -7.7206 0.765403 0.0894558 0.637303 58.7038
0.640613 -0.0594571 -0.765559 -38.1023 -0.033196 0.993921 -0.104971 -7.82277 0.767146 0.0926593 0.634745 59.2762
0.634863 -0.0638228 -0.769984 -38.8155 -0.0287493 0.993941 -0.10609 -7.93465 0.77209 0.0894893 0.629181 59.8712
0.628494 -0.0665578 -0.774962 -39.5539 -0.0249886 0.99409 -0.105643 -8.05086 0.777413 0.0857614 0.623116 60.4572
0.61728 -0.0747573 -0.783183 -40.3054 -0.0147961 0.994196 -0.106561 -8.16212 0.786604 0.077366 0.612592 61.0977
0.608742 -0.074882 -0.789827 -41.0512 -0.0143078 0.994338 -0.105299 -8.26745 0.793239 0.0754004 0.604223 61.659
0.599744 -0.0736919 -0.796792 -41.8399 -0.0138562 0.994645 -0.10242 -8.37814 0.800072 0.0724662 0.595511 62.2435
0.591774 -0.0717677 -0.802903 -42.6343 -0.0174527 0.994655 -0.101771 -8.49206 0.805915 0.0742382 0.587358 62.7985
0.581402 -0.0750445 -0.810149 -43.4616 -0.0158003 0.994508 -0.103461 -8.60703 0.813463 0.0729528 0.577023 63.397
0.571366 -0.0763442 -0.817136 -44.3417 -0.0167873 0.994368 -0.104641 -8.73546 0.820523 0.0735058 0.566867 64.0051
0.561671 -0.0764374 -0.823822 -45.1807 -0.018454 0.994318 -0.104838 -8.86114 0.827155 0.0740876 0.557069 64.5575
0.551465 -0.0765869 -0.830675 -46.0054 -0.017199 0.994521 -0.103111 -8.97759 0.834021 0.0711491 0.547126 65.1007
0.540932 -0.0769693 -0.837537 -46.8273 -0.016332 0.994655 -0.101957 -9.08709 0.840908 0.0688302 0.536783 65.6223
0.52924 -0.0793416 -0.844754 -47.6632 -0.0143484 0.994639 -0.102408 -9.19703 0.848351 0.0663195 0.525265 66.1578
0.518499 -0.0809408 -0.851239 -48.5092 -0.0145136 0.994533 -0.103406 -9.30973 0.854955 0.0659706 0.514489 66.6719
0.508693 -0.0805031 -0.857176 -49.3158 -0.0186373 0.994356 -0.104447 -9.41422 0.860746 0.0691069 0.504322 67.1337
0.499864 -0.0817032 -0.862242 -50.1471 -0.020057 0.994182 -0.105833 -9.52506 0.865872 0.0701961 0.495317 67.5881
0.487351 -0.0841498 -0.869142 -50.9657 -0.0160353 0.994315 -0.10526 -9.6435 0.873059 0.0652356 0.483231 68.0798
0.478152 -0.0819333 -0.874447 -51.8547 -0.0173762 0.994562 -0.102689 -9.75943 0.878105 0.0642957 0.474128 68.5571
0.46997 -0.0794503 -0.879099 -52.7481 -0.0184256 0.994841 -0.099761 -9.88247 0.88249 0.0630826 0.466082 69.0296
0.462382 -0.0803041 -0.883037 -53.6466 -0.017805 0.994849 -0.0997955 -9.99216 0.886502 0.0618661 0.458571 69.4967
0.45207 -0.0858301 -0.887844 -54.5321 -0.0114484 0.994719 -0.101991 -10.1055 0.891909 0.0562716 0.4487 69.9789
0.443744 -0.0916593 -0.891454 -55.4019 -0.00494354 0.99449 -0.104714 -10.215 0.89614 0.0508733 0.440846 70.4248
0.438464 -0.0940853 -0.893811 -56.321 -0.00448721 0.994264 -0.106861 -10.3383 0.898738 0.0508652 0.435526 70.8539
0.430385 -0.0986187 -0.897242 -57.2293 -0.00117667 0.993952 -0.109813 -10.4604 0.902644 0.0483176 0.427666 71.3355
0.424998 -0.10042 -0.899607 -58.1496 0.00230114 0.993944 -0.109863 -10.5787 0.905192 0.0446215 0.422655 71.7741
0.420448 -0.0981714 -0.90199 -59.0824 0.00364615 0.994304 -0.106519 -10.6998 0.907309 0.041497 0.418411 72.1986
0.417349 -0.0956007 -0.903704 -59.9404 0.00416005 0.994642 -0.1033 -10.8097 0.908737 0.0393525 0.41551 72.584
0.412567 -0.0960722 -0.905847 -60.8142 0.00764551 0.994753 -0.102019 -10.9229 0.910895 0.0351641 0.411137 72.9902
0.408213 -0.0956534 -0.907862 -61.694 0.00980045 0.994897 -0.100417 -11.0478 0.912834 0.032094 0.407067 73.3966
0.404308 -0.0960716 -0.909563 -62.5457 0.0126557 0.99496 -0.0994661 -11.147 0.914535 0.0287038 0.403487 73.7878
0.400813 -0.0965929 -0.911054 -63.43 0.0166276 0.99503 -0.0981811 -11.2509 0.916009 0.0242036 0.400427 74.1885
0.398462 -0.09777 -0.911959 -64.3211 0.0189757 0.994968 -0.0983783 -11.3607 0.916989 0.021895 0.398312 74.5762
0.392872 -0.0999023 -0.914151 -65.1653 0.0262161 0.994894 -0.0974595 -11.4752 0.91922 0.0143236 0.393485 74.9806
0.391801 -0.0986401 -0.914747 -66.0282 0.0273032 0.995045 -0.0956045 -11.5778 0.919645 0.0124824 0.392553 75.334
0.390157 -0.0968682 -0.915639 -66.8861 0.0280198 0.995239 -0.09335 -11.6947 0.920322 0.0107652 0.391013 75.6967
0.390153 -0.0972155 -0.915603 -67.8021 0.0280234 0.995204 -0.0937259 -11.8085 0.920323 0.0109091 0.391006 76.0667
0.388218 -0.0986541 -0.916272 -68.7393 0.0306592 0.995086 -0.0941499 -11.9246 0.921057 0.00845859 0.389335 76.4663
0.388169 -0.100654 -0.916075 -69.6368 0.0309796 0.994881 -0.0961856 -12.0277 0.921068 0.00895659 0.3893 76.8317
0.390238 -0.0990095 -0.915375 -70.5116 0.024846 0.994972 -0.0970267 -12.1424 0.920379 0.0151201 0.390735 77.1752
0.390925 -0.100438 -0.914926 -71.4031 0.0272462 0.994856 -0.0975708 -12.2602 0.920019 0.0132146 0.39165 77.5695
0.395103 -0.100239 -0.913152 -72.2499 0.024798 0.99483 -0.0984758 -12.3726 0.918302 0.0162637 0.395546 77.9296
0.401382 -0.100863 -0.91034 -73.0721 0.0237174 0.994729 -0.0997559 -12.4737 0.915604 0.0184494 0.401659 78.275
0.40745 -0.0998612 -0.907751 -73.8959 0.0235382 0.994821 -0.0988745 -12.5914 0.912924 0.0189196 0.40769 78.6371
0.414484 -0.0996719 -0.904582 -74.7231 0.0241072 0.994838 -0.0985708 -12.688 0.909737 0.0190491 0.414747 79.0107
0.422897 -0.0990018 -0.900753 -75.5563 0.0242267 0.994894 -0.0979746 -12.7919 0.905854 0.0196109 0.423136 79.3923
0.432514 -0.0984908 -0.896232 -76.3417 0.0238757 0.994918 -0.0978137 -12.8885 0.901311 0.0209077 0.432667 79.7569
0.442536 -0.0979247 -0.891388 -77.1215 0.0232207 0.994938 -0.0977723 -12.9869 0.89645 0.0225691 0.44257 80.129
0.451162 -0.0996964 -0.886856 -77.8991 0.025004 0.994763 -0.0991067 -13.0881 0.892092 0.0225382 0.451291 80.534
0.461698 -0.100675 -0.881306 -78.6779 0.022917 0.994561 -0.101607 -13.1905 0.886741 0.0267146 0.461493 80.9365
0.473326 -0.101113 -0.875065 -79.4786 0.0214711 0.994419 -0.10329 -13.2991 0.880625 0.0301015 0.472856 81.3607
0.485799 -0.0991846 -0.868425 -80.2058 0.0197147 0.994532 -0.102559 -13.3977 0.873848 0.0327024 0.485098 81.7586
0.497839 -0.098135 -0.861699 -80.9466 0.0212569 0.99466 -0.100996 -13.4962 0.867009 0.0319628 0.497266 82.1899
0.510793 -0.0968233 -0.854234 -81.6614 0.0230233 0.994822 -0.0989914 -13.5907 0.859395 0.0308968 0.510377 82.6008
0.523189 -0.0971231 -0.846664 -82.379 0.0249042 0.994803 -0.0987271 -13.6852 0.851853 0.0305674 0.522888 83.0317
0.53392 -0.0988139 -0.839741 -83.073 0.0270847 0.994637 -0.0998199 -13.7775 0.845101 0.0305517 0.533733 83.4752
0.544706 -0.101459 -0.832467 -83.7254 0.0309869 0.994412 -0.100921 -13.8707 0.838055 0.0291767 0.544806 83.904
0.555638 -0.102664 -0.825061 -84.3475 0.0328594 0.994283 -0.101592 -13.958 0.830775 0.0293374 0.555835 84.3211
0.566591 -0.102165 -0.817641 -84.987 0.0331855 0.994308 -0.101244 -14.0496 0.823331 0.03023 0.566756 84.7611
0.576734 -0.0999499 -0.810794 -85.5914 0.0332038 0.994535 -0.0989819 -14.1387 0.816257 0.0301648 0.576901 85.1912
0.58716 -0.0985483 -0.803449 -86.1889 0.0359225 0.994756 -0.0957612 -14.2244 0.808673 0.0273653 0.587621 85.6286
0.598767 -0.0958309 -0.795169 -86.8359 0.0332792 0.994935 -0.0948466 -14.3109 0.800231 0.0303284 0.598924 86.0915
0.611951 -0.0938538 -0.785307 -87.4823 0.028232 0.994893 -0.0969022 -14.3881 0.790391 0.0371287 0.611476 86.548
0.620602 -0.0957448 -0.778258 -88.098 0.0306714 0.994722 -0.097917 -14.4797 0.783526 0.0368972 0.620263 87.0431
0.628266 -0.0965863 -0.77198 -88.6675 0.0333181 0.994694 -0.0973355 -14.5684 0.777285 0.0354316 0.62815 87.5371
0.637954 -0.0960853 -0.764057 -89.2295 0.0359235 0.994818 -0.0951106 -14.6506 0.769236 0.0332286 0.6381 87.9968
0.64691 -0.0948699 -0.756642 -89.7723 0.037714 0.994997 -0.0925109 -14.7317 0.761633 0.0313102 0.647252 88.4555
0.655207 -0.0939578 -0.749583 -90.3043 0.0380484 0.99508 -0.0914721 -14.8107 0.75449 0.0314128 0.655559 88.9177
0.66288 -0.0942896 -0.742765 -90.8208 0.0393271 0.995054 -0.0912188 -14.8863 0.747692 0.0312564 0.66331 89.3808
0.670077 -0.0928671 -0.73646 -91.3194 0.0386166 0.995161 -0.0903533 -14.9607 0.741287 0.0321041 0.67042 89.8379
0.676786 -0.0921394 -0.730391 -91.7868 0.0410895 0.995318 -0.0874862 -15.0263 0.735032 0.0291981 0.677403 90.2772
0.684906 -0.0857508 -0.723568 -92.2535 0.0351533 0.995783 -0.0847363 -15.0963 0.727783 0.0326006 0.685032 90.6996
0.692853 -0.0825284 -0.71634 -92.7248 0.0325015 0.995993 -0.0833109 -15.1666 0.720346 0.0344401 0.692759 91.143
0.700738 -0.0814942 -0.708749 -93.1716 0.0319248 0.996041 -0.082964 -15.2281 0.712704 0.0355093 0.700565 91.5778
0.708997 -0.0780501 -0.700879 -93.6017 0.0291323 0.99625 -0.0814729 -15.2873 0.70461 0.0373458 0.708612 92.0096
0.717175 -0.077098 -0.692616 -94.0062 0.0312917 0.996422 -0.0785147 -15.3477 0.696191 0.0346356 0.717021 92.4407
0.727754 -0.0725604 -0.681989 -94.4256 0.0294453 0.996776 -0.0746311 -15.4076 0.685206 0.0342318 0.727545 92.87
0.739355 -0.0674222 -0.669932 -94.835 0.024271 0.996996 -0.073552 -15.4636 0.672878 0.0381211 0.73877 93.3002
0.747021 -0.0720905 -0.660881 -95.1757 0.0303359 0.996764 -0.0744395 -15.5157 0.664108 0.0355594 0.74679 93.7354
0.755934 -0.0798796 -0.649757 -95.5099 0.0397655 0.996298 -0.076219 -15.5645 0.653439 0.0317786 0.756311 94.1538
0.764452 -0.0835386 -0.639245 -95.8318 0.0456303 0.996093 -0.0756049 -15.6089 0.643063 0.0286274 0.765278 94.5732
0.774482 -0.0832341 -0.627096 -96.1577 0.0476808 0.996167 -0.0733335 -15.6553 0.630796 0.026895 0.775483 94.9817
0.784288 -0.0826976 -0.614861 -96.4726 0.0503601 0.996292 -0.0697623 -15.699 0.61835 0.0237493 0.785544 95.3985
0.794775 -0.080243 -0.601576 -96.7766 0.0499279 0.996506 -0.0669593 -15.7387 0.604847 0.0231822 0.796004 95.7918
0.803948 -0.0800239 -0.58929 -97.0701 0.0527657 0.996596 -0.0633483 -15.7837 0.592354 0.0198344 0.805434 96.1973
0.812124 -0.0814769 -0.577768 -97.3755 0.0566836 0.996536 -0.0608559 -15.8233 0.580724 0.0166727 0.813929 96.6349
0.819715 -0.0815912 -0.566931 -97.6789 0.0585109 0.996552 -0.0588214 -15.8624 0.569776 0.0150451 0.821663 97.0732
0.82731 -0.0806975 -0.555919 -97.9896 0.0583442 0.996619 -0.0578427 -15.9028 0.558707 0.0154192 0.829221 97.5201
0.834118 -0.0823386 -0.545406 -98.2744 0.0609697 0.9965 -0.0571951 -15.939 0.548206 0.0144542 0.836218 97.9653
0.840448 -0.0822678 -0.535611 -98.5497 0.0619996 0.996517 -0.0557752 -15.9737 0.538334 0.0136685 0.842621 98.4207
0.847368 -0.0799004 -0.524961 -98.8402 0.0601114 0.996693 -0.0546703 -16.0115 0.527593 0.0147697 0.849369 98.8811
0.853627 -0.080501 -0.514627 -99.1287 0.0614676 0.99665 -0.053944 -16.0508 0.517245 0.0144152 0.855716 99.3584
0.858619 -0.0819451 -0.506023 -99.4003 0.0630052 0.996526 -0.0544699 -16.0868 0.508728 0.0148868 0.860798 99.8322
0.862386 -0.083822 -0.499264 -99.6619 0.0652498 0.996375 -0.0545756 -16.1214 0.502029 0.0144883 0.86473 100.311
0.865187 -0.0852368 -0.494152 -99.9231 0.0675003 0.996275 -0.0536654 -16.154 0.496885 0.0130752 0.867718 100.792
0.868005 -0.0847115 -0.489276 -100.18 0.0690776 0.99636 -0.0499582 -16.1888 0.491727 0.00956592 0.870697 101.259
0.870886 -0.0830794 -0.484413 -100.439 0.0696441 0.996524 -0.0457019 -16.2176 0.486526 0.00606467 0.873645 101.749
0.87404 -0.081979 -0.478887 -100.713 0.0701851 0.996628 -0.0425109 -16.2524 0.480757 0.00354549 0.876847 102.266
0.876823 -0.0821269 -0.473747 -100.978 0.0717583 0.996621 -0.0399581 -16.2823 0.475428 0.00104096 0.879754 102.783
0.880661 -0.08087 -0.466793 -101.27 0.071727 0.996724 -0.0373568 -16.311 0.468285 -0.000583021 0.883577 103.324
0.884823 -0.0775194 -0.459434 -101.572 0.0696927 0.996989 -0.0339992 -16.3379 0.460686 -0.00193597 0.887561 103.882
0.888192 -0.0804637 -0.452371 -101.87 0.0742146 0.996742 -0.0315773 -16.3655 0.453439 -0.00552591 0.89127 104.474
0.892393 -0.0796844 -0.444169 -102.174 0.074028 0.996802 -0.0300957 -16.3926 0.445146 -0.00602374 0.895438 105.07
0.896069 -0.0805075 -0.436553 -102.471 0.0752066 0.996733 -0.0294447 -16.4197 0.437497 -0.00644711 0.899197 105.694
0.899646 -0.0850208 -0.428262 -102.756 0.0800961 0.996349 -0.0295432 -16.4441 0.42921 -0.0077237 0.903172 106.316
0.902753 -0.0904474 -0.420543 -103.022 0.0856843 0.995863 -0.0302502 -16.4685 0.421539 -0.00872543 0.906768 106.933
0.907622 -0.0913991 -0.409718 -103.308 0.0861214 0.995791 -0.03136 -16.4969 0.41086 -0.00682244 0.911673 107.572
0.913546 -0.0887951 -0.396924 -103.591 0.083333 0.996039 -0.0310255 -16.5262 0.398106 -0.00473361 0.917327 108.212
0.920573 -0.0861023 -0.380962 -103.854 0.08137 0.996275 -0.0285449 -16.5522 0.382 -0.0047212 0.92415 108.837
0.928548 -0.0793991 -0.362622 -104.122 0.0758116 0.99683 -0.0241373 -16.5782 0.363389 -0.00507835 0.931624 109.484
0.935807 -0.0763753 -0.344141 -104.354 0.0736818 0.997062 -0.0209187 -16.6003 0.344727 -0.00578102 0.938685 110.134
0.943592 -0.0739071 -0.322755 -104.599 0.0718607 0.997247 -0.0182691 -16.624 0.323217 -0.00595481 0.946306 110.813
0.950522 -0.0723623 -0.302112 -104.812 0.0711673 0.997352 -0.0149765 -16.6434 0.302396 -0.00726505 0.953155 111.487
0.956892 -0.0710724 -0.281616 -105.02 0.0709685 0.997422 -0.0105822 -16.6622 0.281642 -0.00985979 0.959469 112.2
0.962237 -0.0746297 -0.261783 -105.202 0.0758218 0.997106 -0.00555849 -16.6768 0.26144 -0.0145003 0.965111 112.941
0.967953 -0.0730793 -0.240264 -105.397 0.0753809 0.997155 0.000390209 -16.6864 0.239551 -0.018489 0.970708 113.73
0.973091 -0.0715788 -0.21902 -105.591 0.074513 0.997207 0.00515535 -16.6885 0.218039 -0.0213365 0.975707 114.591
0.977577 -0.0722084 -0.197811 -105.748 0.0750584 0.997155 0.00693773 -16.6963 0.196747 -0.0216295 0.980216 115.399
0.9811 -0.0779616 -0.1771 -105.888 0.0803918 0.996742 0.006577 -16.699 0.17601 -0.0206901 0.984171 116.278
0.984566 -0.0781352 -0.156603 -106.021 0.080351 0.996736 0.00785883 -16.7073 0.155477 -0.0203207 0.98763 117.093
0.987072 -0.0819917 -0.137715 -106.14 0.0843284 0.996375 0.0112094 -16.7024 0.136296 -0.0226778 0.990408 118.039
0.989872 -0.0797372 -0.117455 -106.283 0.0820052 0.996525 0.0145975 -16.7028 0.115883 -0.0240816 0.992971 119.05
0.991893 -0.0814194 -0.0975698 -106.391 0.0834385 0.996372 0.0167882 -16.6866 0.0958489 -0.0247932 0.995087 120.081
0.993184 -0.0854013 -0.0793241 -106.452 0.0871564 0.996015 0.018928 -16.6784 0.0773915 -0.0257125 0.996669 121.062
0.994814 -0.08335 -0.0582994 -106.536 0.0847268 0.996171 0.0215521 -16.6666 0.0562798 -0.0263799 0.998066 122.156
0.995892 -0.0820882 -0.0382065 -106.587 0.0830006 0.996285 0.0229386 -16.652 0.0361816 -0.0260155 0.999007 123.344
0.996394 -0.082653 -0.0191921 -106.614 0.0831043 0.996251 0.0240427 -16.6485 0.0171329 -0.025551 0.999527 124.462
0.996302 -0.0859141 -0.000364609 -106.609 0.0858993 0.996033 0.0232334 -16.6252 -0.00163291 -0.0231788 0.99973 125.706
0.995864 -0.0891606 0.0174798 -106.582 0.088768 0.995808 0.022083 -16.5985 -0.0193754 -0.02044 0.999603 126.882
0.995307 -0.089421 0.0369832 -106.553 0.0886302 0.99581 0.0224974 -16.5886 -0.03884 -0.019114 0.999063 128.129
0.994488 -0.0884224 0.056342 -106.49 0.0873207 0.995943 0.0217292 -16.576 -0.0580347 -0.0166897 0.998175 129.548
0.993387 -0.0858922 0.0761926 -106.396 0.0847114 0.996232 0.018602 -16.5671 -0.0775033 -0.0120246 0.99692 131.043
0.992035 -0.0805971 0.0967982 -106.321 0.0796315 0.996729 0.0138037 -16.5609 -0.0975941 -0.00598554 0.995208 132.235
0.990358 -0.0768517 0.115261 -106.201 0.0761873 0.997042 0.010165 -16.5493 -0.115701 -0.00128555 0.993283 133.637
0.988364 -0.0724707 0.133731 -106.061 0.0720358 0.997369 0.00809417 -16.5568 -0.133965 0.00163339 0.990985 134.801
0.985417 -0.0821609 0.149006 -105.836 0.0821597 0.9966 0.00617466 -16.5531 -0.149007 0.00615771 0.988817 136.013
0.982455 -0.086138 0.165417 -105.6 0.0859534 0.996265 0.00828734 -16.5544 -0.165513 0.00607624 0.986189 137.323
0.979421 -0.0862044 0.182494 -105.386 0.0857798 0.996262 0.010234 -16.5771 -0.182694 0.00563088 0.983154 138.54
0.976135 -0.0876671 0.198682 -105.082 0.087988 0.996095 0.00723095 -16.5891 -0.19854 0.0104232 0.980037 140.007
0.972413 -0.0935539 0.213684 -104.772 0.0948249 0.995485 0.00431754 -16.5881 -0.213123 0.0160641 0.976893 141.286
0.968762 -0.100336 0.226787 -104.411 0.10174 0.994796 0.00552037 -16.5877 -0.22616 0.0177254 0.973929 142.612
0.964353 -0.101783 0.24426 -104.094 0.103188 0.994637 0.0070706 -16.5884 -0.24367 0.0183863 0.969684 143.914
0.959775 -0.105141 0.260342 -103.704 0.107258 0.994212 0.00610375 -16.5885 -0.259477 0.0220655 0.965497 145.265
0.954914 -0.103289 0.278337 -103.343 0.106308 0.994324 0.00426562 -16.5934 -0.277198 0.0255162 0.960474 146.582
0.949618 -0.10661 0.294719 -102.874 0.110367 0.993883 0.00390877 -16.5978 -0.293333 0.0288154 0.955576 148.055
0.943397 -0.123747 0.307716 -102.286 0.129971 0.991518 0.000271638 -16.6224 -0.305139 0.0397378 0.951478 149.494
0.936797 -0.131205 0.32434 -101.655 0.140085 0.990131 -0.00407352 -16.612 -0.320605 0.0492513 0.945932 151.136
0.928898 -0.132525 0.345813 -101.171 0.142496 0.989789 -0.00344786 -16.6399 -0.341825 0.0524797 0.938297 152.461
0.919908 -0.13272 0.368991 -100.672 0.142912 0.989735 -0.000294506 -16.66 -0.365164 0.0530043 0.929433 153.731
0.91012 -0.141374 0.389482 -99.8976 0.154711 0.987956 -0.00291149 -16.597 -0.384379 0.0629068 0.92103 155.252
0.899941 -0.136563 0.414072 -99.2696 0.150581 0.988597 -0.00122641 -16.607 -0.409183 0.063455 0.910243 156.637
0.888522 -0.136036 0.438204 -98.4354 0.150844 0.988557 0.00102914 -16.6374 -0.433329 0.0651862 0.898875 158.349
0.876009 -0.137154 0.462382 -97.8336 0.152512 0.988293 0.00420939 -16.6615 -0.457546 0.0668312 0.886671 159.554
0.863614 -0.144251 0.483077 -97.0033 0.161836 0.986803 0.00534823 -16.6426 -0.477473 0.0735603 0.875562 160.972
0.849917 -0.143687 0.506946 -96.166 0.163324 0.986555 0.00580652 -16.6482 -0.500965 0.0778613 0.861958 162.431
0.835675 -0.146453 0.529339 -95.2492 0.168991 0.9856 0.00589997 -16.6626 -0.52258 0.084523 0.84839 163.873
0.821827 -0.145171 0.550932 -94.2214 0.168866 0.985608 0.00781087 -16.6727 -0.544137 0.0866143 0.834514 165.469
0.806153 -0.136902 0.575652 -93.4714 0.160518 0.986983 0.00993252 -16.7024 -0.569519 0.0843954 0.817634 166.758
0.793716 -0.144029 0.590991 -92.6073 0.170223 0.985338 0.0115204 -16.6918 -0.583985 0.0914565 0.806596 167.853
0.779893 -0.143157 0.609322 -91.6763 0.170037 0.98534 0.0138639 -16.6861 -0.602374 0.0927952 0.792802 169.117
0.766839 -0.145259 0.625186 -90.5409 0.173196 0.984751 0.0163646 -16.709 -0.61803 0.0957305 0.780304 170.532
0.753511 -0.145477 0.641138 -89.5273 0.175752 0.984291 0.0167842 -16.6961 -0.633508 0.100034 0.767242 171.766
0.738759 -0.138295 0.659629 -88.5377 0.169496 0.985388 0.0167627 -16.7037 -0.652309 0.0994211 0.751405 173.026
0.72528 -0.140941 0.673873 -87.5167 0.175002 0.984412 0.0175378 -16.6869 -0.66584 0.105209 0.738639 174.132
0.710311 -0.133314 0.691148 -86.6328 0.164704 0.986121 0.0209398 -16.6962 -0.684347 0.0989609 0.72241 175.166
0.695967 -0.134962 0.705277 -85.6725 0.166232 0.98578 0.024602 -16.6874 -0.698568 0.100117 0.708505 176.147
0.681694 -0.135421 0.718995 -84.6485 0.164618 0.985913 0.0296159 -16.6637 -0.712877 0.098171 0.694384 177.129
0.66697 -0.138412 0.732116 -83.5497 0.165732 0.985537 0.0353379 -16.6437 -0.726419 0.0977659 0.680263 178.13
0.650855 -0.132278 0.74759 -82.3876 0.155274 0.987083 0.0394706 -16.6115 -0.743154 0.0903917 0.662987 179.263
0.636127 -0.129165 0.760696 -81.2828 0.151549 0.987601 0.040961 -16.5826 -0.756555 0.0892267 0.647815 180.19
0.620077 -0.1267 0.774243 -80.1668 0.148003 0.988045 0.0431539 -16.5576 -0.770454 0.0878316 0.631416 181.121
0.602238 -0.124933 0.788481 -79.1068 0.142965 0.98859 0.0474439 -16.5246 -0.785411 0.0841528 0.613227 181.998
0.582952 -0.124958 0.80284 -78.0423 0.138389 0.988935 0.0534372 -16.4818 -0.800635 0.0799532 0.593794 182.824
0.563692 -0.127854 0.81603 -76.7921 0.13613 0.988818 0.0608907 -16.438 -0.81469 0.0767624 0.574793 183.715
0.544763 -0.129535 0.828525 -75.7709 0.134143 0.988736 0.066382 -16.3772 -0.827791 0.0749785 0.556003 184.403
0.524327 -0.12873 0.84173 -74.7392 0.12975 0.989042 0.0704358 -16.3108 -0.841573 0.072283 0.535284 185.098
0.504496 -0.129022 0.85372 -73.6543 0.126343 0.98916 0.07483 -16.2528 -0.85412 0.0701105 0.515328 185.779
0.485016 -0.129207 0.864908 -72.6163 0.12393 0.989199 0.0782776 -16.1863 -0.865679 0.0692225 0.49579 186.392
0.46648 -0.129854 0.874948 -71.4513 0.125421 0.988881 0.0798951 -16.1012 -0.875595 0.0724671 0.47758 187.017
0.446635 -0.130197 0.885192 -70.2355 0.125521 0.988689 0.0820863 -16.0129 -0.885868 0.0744475 0.457926 187.661
0.426733 -0.131677 0.89474 -69.1121 0.125109 0.988426 0.0857954 -15.9204 -0.895682 0.0753287 0.438268 188.219
0.408425 -0.134233 0.902868 -67.8977 0.129133 0.987677 0.0884268 -15.8274 -0.903611 0.0804747 0.420726 188.764
0.390458 -0.129261 0.911501 -66.6708 0.124952 0.988373 0.0866372 -15.7404 -0.912102 0.0800656 0.402069 189.312
0.374744 -0.122542 0.918994 -65.5265 0.128337 0.98854 0.0794835 -15.6517 -0.918203 0.0881547 0.386176 189.755
0.357969 -0.115712 0.926536 -64.5146 0.127022 0.989102 0.0744501 -15.5816 -0.925053 0.0910402 0.368765 190.157
0.340452 -0.111374 0.933642 -63.4996 0.121501 0.989846 0.0737732 -15.518 -0.932379 0.0883219 0.350527 190.549
0.321478 -0.108595 0.940669 -62.5313 0.113048 0.990699 0.0757364 -15.4578 -0.940145 0.0819929 0.330764 190.922
0.303892 -0.108999 0.946451 -61.5528 0.108684 0.990915 0.0792223 -15.3968 -0.946487 0.0787891 0.312978 191.251
0.286167 -0.10905 0.951954 -60.6318 0.106919 0.990932 0.0813746 -15.335 -0.952196 0.0784951 0.295231 191.543
0.26794 -0.110016 0.957133 -59.7083 0.100842 0.991204 0.0857027 -15.2784 -0.958144 0.0735557 0.276678 191.83
0.248519 -0.108363 0.962546 -58.7965 0.0914577 0.991908 0.0880554 -15.2195 -0.9643 0.0661488 0.256419 192.117
0.231072 -0.107963 0.966928 -57.876 0.089571 0.991964 0.0893527 -15.1516 -0.968805 0.0659619 0.238885 192.351
0.213999 -0.103221 0.971365 -56.9163 0.0820303 0.992788 0.0874259 -15.0724 -0.973383 0.0609723 0.220923 192.579
0.198143 -0.10225 0.974825 -55.9801 0.0839013 0.992663 0.0870673 -15.0018 -0.976576 0.0645374 0.205268 192.751
0.182484 -0.1046 0.977629 -55.0997 0.0819835 0.992481 0.0908865 -14.9311 -0.979785 0.0635642 0.189687 192.923
0.168822 -0.109372 0.97956 -54.2137 0.0842778 0.991786 0.0962124 -14.8614 -0.982037 0.0663124 0.176653 193.063
0.154975 -0.112934 0.981442 -53.3028 0.0796377 0.99164 0.101532 -14.7883 -0.984703 0.0624248 0.162673 193.226
0.142847 -0.115956 0.982929 -52.3394 0.0803171 0.991196 0.105259 -14.7001 -0.986481 0.06391 0.150903 193.374
0.132367 -0.116095 0.984378 -51.41 0.0791052 0.991187 0.106261 -14.6227 -0.988039 0.063804 0.140384 193.514
0.124918 -0.114165 0.985577 -50.4678 0.078078 0.991408 0.104944 -14.5448 -0.98909 0.0638424 0.132759 193.637
0.117235 -0.112131 0.986754 -49.6178 0.0733179 0.991871 0.104001 -14.4744 -0.990394 0.0601541 0.124503 193.772
0.111064 -0.107624 0.987968 -48.7611 0.0719222 0.992383 0.10002 -14.4022 -0.991207 0.0599482 0.117959 193.888
0.105755 -0.0985114 0.989501 -47.9472 0.0725417 0.993194 0.091126 -14.332 -0.991743 0.062143 0.112182 193.986
0.101182 -0.0953358 0.99029 -47.1893 0.066606 0.993814 0.0888696 -14.2725 -0.992636 0.0569672 0.106906 194.083
0.0976551 -0.103759 0.989797 -46.479 0.0679553 0.992924 0.0973826 -14.2169 -0.992898 0.057752 0.104015 194.162
0.0955922 -0.113085 0.988976 -45.7445 0.0683129 0.991929 0.10682 -14.1508 -0.993074 0.0573486 0.102546 194.236
0.0936987 -0.117255 0.988672 -44.9271 0.0681406 0.991467 0.111129 -14.0839 -0.993266 0.0569561 0.100889 194.327
0.0938271 -0.11543 0.988874 -44.0696 0.0680631 0.991676 0.109299 -14.0057 -0.993259 0.0570506 0.100903 194.419
0.093496 -0.112114 0.989287 -43.2495 0.0675433 0.992065 0.106046 -13.9322 -0.993326 0.0569049 0.100327 194.518
0.0946148 -0.108726 0.989559 -42.4409 0.062954 0.992682 0.10305 -13.8584 -0.993521 0.0525466 0.100767 194.624
0.0957102 -0.107636 0.989573 -41.6777 0.0589223 0.993006 0.10231 -13.7947 -0.993664 0.0485158 0.101383 194.727
0.0991143 -0.106004 0.989414 -40.9399 0.0587549 0.993198 0.100523 -13.7309 -0.99334 0.0481697 0.104668 194.808
0.103282 -0.104781 0.989118 -40.1565 0.0574718 0.993403 0.0992337 -13.664 -0.99299 0.0465973 0.108623 194.904
0.107317 -0.102981 0.988877 -39.4187 0.0545922 0.993731 0.0975615 -13.5995 -0.992725 0.043515 0.112266 195.01
0.114941 -0.103732 0.987941 -38.6701 0.0561922 0.993619 0.097791 -13.5341 -0.991782 0.0442744 0.120037 195.094
0.121779 -0.105221 0.986964 -37.9404 0.0582947 0.993407 0.0987154 -13.4739 -0.990844 0.0455134 0.12711 195.188
0.128199 -0.105453 0.986126 -37.2273 0.0601172 0.993329 0.0984077 -13.4114 -0.989925 0.0466674 0.133683 195.291
0.134655 -0.104982 0.985316 -36.4749 0.0635056 0.993242 0.0971477 -13.3513 -0.988855 0.0494916 0.140412 195.404
0.14094 -0.105426 0.984389 -35.7445 0.0624585 0.99328 0.0974355 -13.2958 -0.988046 0.0477509 0.146578 195.525
0.147399 -0.106735 0.983301 -35.008 0.0623164 0.993187 0.098467 -13.2352 -0.987112 0.0467618 0.153047 195.647
0.153864 -0.108481 0.982119 -34.2632 0.0609499 0.993104 0.100146 -13.1736 -0.98621 0.0444513 0.159415 195.776
0.161146 -0.109771 0.980807 -33.5437 0.0619519 0.99296 0.100953 -13.1144 -0.984984 0.0444947 0.166812 195.898
0.168431 -0.109003 0.979668 -32.77 0.063899 0.992984 0.0994983 -13.0458 -0.98364 0.0458413 0.174214 196.033
0.175152 -0.106893 0.978721 -32.0292 0.0663601 0.99311 0.0965889 -12.9813 -0.982303 0.0480303 0.181038 196.172
0.182585 -0.105553 0.977508 -31.3159 0.0689748 0.993146 0.0943585 -12.9209 -0.980768 0.050195 0.188614 196.305
0.189054 -0.103111 0.976538 -30.5714 0.0683861 0.99344 0.0916567 -12.8551 -0.979583 0.0494536 0.194865 196.461
0.19574 -0.102401 0.975295 -29.8949 0.0681044 0.993551 0.0906496 -12.801 -0.978288 0.0486781 0.201452 196.609
0.2028 -0.102614 0.973829 -29.194 0.0691365 0.993513 0.0902906 -12.7443 -0.976776 0.0490161 0.208579 196.761
0.208975 -0.104576 0.972313 -28.4694 0.0691518 0.993357 0.0919764 -12.6836 -0.975473 0.0480164 0.214819 196.933
0.215231 -0.10583 0.970812 -27.7527 0.0688534 0.993281 0.0930143 -12.6271 -0.974133 0.0468241 0.221072 197.105
0.222142 -0.106409 0.96919 -27.0249 0.0706395 0.993171 0.0928515 -12.5654 -0.972452 0.047837 0.228141 197.277
0.229776 -0.104932 0.96757 -26.3133 0.072201 0.993269 0.090573 -12.5062 -0.970562 0.0490481 0.235805 197.443
0.235904 -0.104258 0.966167 -25.6373 0.0742935 0.993253 0.0890413 -12.4519 -0.968932 0.0507747 0.242059 197.623
0.244066 -0.102221 0.964356 -24.9272 0.0760454 0.993384 0.0860521 -12.3959 -0.966772 0.0523325 0.250225 197.812
0.252205 -0.0998006 0.962514 -24.271 0.075445 0.993668 0.0832622 -12.3512 -0.964728 0.0516177 0.258138 198.006
0.261643 -0.0983926 0.960136 -23.6063 0.0771553 0.993739 0.0808108 -12.2998 -0.962076 0.052936 0.267597 198.189
0.269501 -0.0993465 0.957862 -22.9436 0.0764932 0.99373 0.0815448 -12.2541 -0.959957 0.0512935 0.27541 198.379
0.27407 -0.100508 0.956443 -22.2846 0.0739546 0.993782 0.0832398 -12.2118 -0.958862 0.0479198 0.279798 198.588
0.278225 -0.0993203 0.955367 -21.5933 0.0715343 0.99402 0.0825062 -12.1597 -0.957848 0.0453862 0.283666 198.799
0.28018 -0.0964803 0.955087 -20.9357 0.0710965 0.99429 0.0795839 -12.1053 -0.957311 0.0456056 0.285439 199.006
0.28263 -0.0945277 0.95456 -20.2612 0.0692733 0.994546 0.0779766 -12.059 -0.956724 0.044087 0.287636 199.221
0.285116 -0.0947986 0.953794 -19.5678 0.0692123 0.994536 0.0781585 -12.014 -0.955991 0.0437301 0.290119 199.438
0.289023 -0.096281 0.952468 -18.8724 0.0752286 0.994137 0.0776653 -11.9638 -0.954362 0.0492058 0.294572 199.641
