1 0 0 0 0 1 0 0 0 0 1 0
1 0 0 0 0 1 0 0 0 0 1 0
1 0 0 0 0 1 0 0 0 0 1 0
1 0 0 0 0 1 0 0 0 0 1 0
1 0 0 0 0 1 0 0 0 0 1 0
1 0 0 0 0 1 0 0 0 0 1 0
1 0 0 0 0 1 0 0 0 0 1 0
1 0 0 0 0 1 0 0 0 0 1 0
1 0 0 0 0 1 0 0 0 0 1 0
1 0 0 0 0 1 0 0 0 0 1 0
1 0 0 0 0 1 0 0 0 0 1 0
0.998599 -0.0172166 0.0500313 0.0983723 0.0174433 0.999839 -0.00409816 -0.00479667 -0.0499527 0.00496514 0.998739 0.141554
0.994253 -0.0282236 0.10327 0.191054 0.0288788 0.999571 -0.00485522 -0.00908084 -0.103089 0.00780963 0.994642 0.290649
0.986775 -0.0348145 0.158314 0.274381 0.0353358 0.999375 -0.000478193 -0.015324 -0.158199 0.00606603 0.987389 0.464207
0.975821 -0.045581 0.213765 0.374636 0.0459122 0.99894 0.00341765 -0.0194008 -0.213695 0.00647942 0.976879 0.630771
0.961219 -0.0584754 0.269514 0.495094 0.058918 0.998242 0.00645394 -0.0221974 -0.269418 0.00967561 0.962975 0.80168
0.943917 -0.067894 0.323127 0.622493 0.0684355 0.997608 0.00969953 -0.0209161 -0.323013 0.0129578 0.946306 0.975729
0.923846 -0.0762001 0.375102 0.76124 0.0771965 0.996939 0.0123944 -0.0145336 -0.374899 0.0175061 0.926901 1.16382
0.900975 -0.080898 0.426262 0.910289 0.0814665 0.996532 0.0169335 -0.00851249 -0.426153 0.0194694 0.904441 1.37375
0.876616 -0.0832923 0.473927 1.07397 0.0826564 0.99633 0.022216 0.000979073 -0.474038 0.0196983 0.880284 1.58351
0.852103 -0.0902951 0.515526 1.27996 0.0904447 0.995591 0.0248846 0.0148733 -0.5155 0.0254224 0.856513 1.79367
0.827222 -0.0959312 0.553626 1.4939 0.0962661 0.994946 0.0285624 0.028249 -0.553568 0.029668 0.832275 2.01576
0.802485 -0.101964 0.587896 1.72303 0.101736 0.994245 0.0335705 0.0403902 -0.587935 0.0328702 0.80824 2.24545
0.776595 -0.101156 0.621826 1.95857 0.0990148 0.994356 0.0380985 0.0483695 -0.622171 0.0319829 0.782228 2.51055
0.750728 -0.102909 0.652547 2.22454 0.101045 0.994056 0.0405183 0.0622719 -0.652838 0.0355182 0.756665 2.77906
0.726653 -0.105039 0.678928 2.50874 0.105413 0.993587 0.0408982 0.0788166 -0.67887 0.0418493 0.733065 3.0369
0.703622 -0.102849 0.703092 2.79903 0.1047 0.993676 0.0405769 0.0963681 -0.702819 0.0450627 0.70994 3.33397
0.683132 -0.099368 0.723503 3.09508 0.101575 0.993999 0.0406114 0.110909 -0.723197 0.045747 0.689125 3.6283
0.667423 -0.101659 0.737707 3.42042 0.105138 0.993579 0.041798 0.122059 -0.737219 0.0496638 0.673826 3.90395
0.654715 -0.099961 0.749237 3.74853 0.102162 0.993824 0.0433196 0.139815 -0.74894 0.0481817 0.660883 4.21106
0.644839 -0.0997431 0.757783 4.09194 0.100023 0.993935 0.0457114 0.157064 -0.757746 0.0463193 0.650904 4.51898
0.636193 -0.100552 0.764949 4.46482 0.0982377 0.993958 0.0489533 0.175952 -0.76525 0.0440031 0.642227 4.83464
0.627664 -0.101244 0.771873 4.85635 0.095683 0.994022 0.0525763 0.192981 -0.772582 0.0408548 0.6336 5.15966
0.619818 -0.103838 0.777845 5.27142 0.0971377 0.993736 0.0552554 0.21921 -0.77871 0.0413098 0.626022 5.48385
0.611791 -0.105083 0.784009 5.71371 0.0960642 0.993671 0.0582217 0.246062 -0.785165 0.0396957 0.618013 5.82867
0.603943 -0.107289 0.789773 6.20397 0.0973685 0.993408 0.0604947 0.279064 -0.791057 0.0403636 0.610409 6.1908
0.595261 -0.107916 0.796253 6.68371 0.0963041 0.993379 0.0626371 0.309241 -0.79774 0.0393969 0.601713 6.55813
0.588228 -0.110387 0.801125 7.18695 0.0964632 0.993145 0.0660165 0.349666 -0.802921 0.0384464 0.594844 6.90241
0.578896 -0.112467 0.807608 7.71502 0.0938303 0.993051 0.0710342 0.385489 -0.809985 0.0346567 0.585426 7.29065
0.568109 -0.113976 0.815023 8.22839 0.0900147 0.993027 0.0761245 0.420141 -0.818016 0.030117 0.574407 7.66773
0.556498 -0.114102 0.822977 8.79198 0.0865864 0.993096 0.079138 0.46486 -0.826325 0.0272185 0.562535 8.06884
0.544605 -0.114048 0.830902 9.36809 0.0847119 0.993125 0.0807912 0.507277 -0.834403 0.026388 0.550522 8.45126
0.532697 -0.113353 0.838681 9.95349 0.0839255 0.99318 0.0809284 0.552497 -0.842135 0.0272764 0.538577 8.81888
0.518634 -0.112395 0.847577 10.5671 0.082309 0.993281 0.0813511 0.595697 -0.851025 0.0275717 0.5244 9.19721
0.501398 -0.111544 0.857997 11.1666 0.0809486 0.993353 0.0818364 0.636225 -0.861422 0.028421 0.507094 9.53937
0.478946 -0.108607 0.8711 11.8148 0.0756459 0.993732 0.0823046 0.690782 -0.874579 0.0264756 0.48416 9.90804
0.45198 -0.106917 0.885598 12.4964 0.0705851 0.993965 0.0839758 0.744222 -0.889231 0.0245547 0.456799 10.2652
0.422714 -0.107528 0.899862 13.1574 0.0695979 0.993856 0.0860656 0.795603 -0.903587 0.0262474 0.4276 10.5683
0.390949 -0.106655 0.914212 13.8821 0.0651891 0.993978 0.0880835 0.846615 -0.918101 0.0251605 0.395547 10.8834
0.359669 -0.105806 0.927062 14.6413 0.0640087 0.994007 0.0886129 0.907721 -0.930882 0.0274686 0.364287 11.1736
0.328654 -0.103257 0.938789 15.4131 0.0593143 0.9943 0.0885982 0.968612 -0.942586 0.0265655 0.332905 11.4493
0.297517 -0.100587 0.949403 16.1905 0.0565309 0.994546 0.0876541 1.02499 -0.953041 0.027592 0.301581 11.6969
0.26627 -0.0985176 0.958851 17.0046 0.0593975 0.99455 0.085691 1.08047 -0.962067 0.0341364 0.270671 11.9111
0.234302 -0.0954606 0.967466 17.8568 0.0627663 0.994576 0.0829349 1.13666 -0.970136 0.0412925 0.239023 12.118
0.203755 -0.0923806 0.974654 18.6652 0.0670227 0.994519 0.0802521 1.18439 -0.976725 0.0489721 0.20883 12.2764
0.173994 -0.0887298 0.980741 19.5438 0.0687524 0.994597 0.0777859 1.24458 -0.982344 0.0538941 0.179154 12.4267
0.145133 -0.0860876 0.98566 20.4375 0.0737327 0.994379 0.0759923 1.29702 -0.986661 0.0616464 0.150665 12.5509
0.119111 -0.0784491 0.989777 21.3812 0.0802314 0.994374 0.0691583 1.34228 -0.989634 0.0711737 0.124735 12.6316
0.0925123 -0.0643194 0.993632 22.2762 0.0829814 0.994938 0.0566779 1.37744 -0.992248 0.0772096 0.0973814 12.7094
0.0662761 -0.0462114 0.996731 23.1554 0.08233 0.995774 0.0406926 1.41185 -0.994399 0.0793638 0.0698006 12.767
0.0406993 -0.0307401 0.998698 23.9756 0.0848691 0.996021 0.0271991 1.4285 -0.995561 0.0836517 0.0431462 12.7802
0.0145972 -0.0204717 0.999684 24.6918 0.08877 0.995869 0.0190974 1.43934 -0.995945 0.0884632 0.0163542 12.7816
-0.0105268 -0.0163472 0.999811 25.3776 0.0910008 0.995702 0.0172381 1.4477 -0.995795 0.0911651 -0.00899394 12.763
-0.0347961 -0.0173492 0.999244 26.031 0.0925762 0.995494 0.0205079 1.45321 -0.995097 0.0932198 -0.0330332 12.729
-0.0571363 -0.0230262 0.998101 26.6835 0.0929658 0.995268 0.0282827 1.46007 -0.994029 0.0944052 -0.0547253 12.6866
-0.0766767 -0.027041 0.996689 27.384 0.101225 0.994256 0.0347624 1.47047 -0.991904 0.103555 -0.0734991 12.6131
-0.0922863 -0.0272624 0.995359 28.1051 0.101242 0.994188 0.0366171 1.4816 -0.990572 0.104151 -0.0889898 12.5405
-0.10538 -0.0237319 0.994149 28.7921 0.105868 0.993766 0.0349448 1.49563 -0.988781 0.108931 -0.102211 12.4649
-0.117422 -0.0211316 0.992857 29.4634 0.104178 0.993995 0.0334767 1.50516 -0.987603 0.107365 -0.114516 12.3981
-0.12828 -0.01891 0.991558 30.1201 0.0990607 0.994574 0.0317832 1.51222 -0.986778 0.102302 -0.125711 12.3093
-0.141919 -0.0208023 0.98966 30.7656 0.0947405 0.994904 0.0344986 1.51404 -0.985334 0.0986569 -0.139225 12.2332
-0.15257 -0.0200544 0.988089 31.399 0.0932005 0.995046 0.0345866 1.52838 -0.983888 0.0973673 -0.149945 12.1419
-0.162145 -0.0179701 0.986603 32.0304 0.0930406 0.995101 0.0334158 1.53974 -0.982371 0.0972123 -0.159679 12.0487
-0.166643 -0.0154189 0.985897 32.6536 0.0920888 0.995264 0.0311308 1.55276 -0.981708 0.0959778 -0.164433 11.9498
-0.166752 -0.0131251 0.985912 33.2969 0.0909964 0.995439 0.0286426 1.56297 -0.981791 0.0944906 -0.164797 11.8481
-0.16339 -0.0138577 0.986464 33.923 0.092175 0.995313 0.0292491 1.57542 -0.982246 0.0957064 -0.161347 11.7527
-0.157237 -0.0145391 0.987454 34.5745 0.0890884 0.995606 0.028845 1.58943 -0.983534 0.0925062 -0.155251 11.6678
-0.147399 -0.0153245 0.988958 35.2886 0.0885956 0.995656 0.028633 1.59986 -0.985101 0.0918379 -0.145401 11.5508
-0.140131 -0.0148825 0.990021 35.984 0.085922 0.995932 0.0271331 1.61925 -0.986398 0.0888668 -0.138282 11.4734
-0.131571 -0.0158969 0.991179 36.6785 0.0842746 0.996072 0.0271622 1.62496 -0.987718 0.087105 -0.129715 11.3789
-0.12518 -0.0162652 0.992001 37.3997 0.0816414 0.996306 0.026638 1.64126 -0.988769 0.0843229 -0.12339 11.2851
-0.123462 -0.017338 0.992198 38.136 0.0762537 0.996725 0.0269056 1.65561 -0.989415 0.0789805 -0.121735 11.2023
-0.124679 -0.0186865 0.992021 38.9255 0.0723327 0.996991 0.027871 1.67184 -0.989557 0.0752305 -0.122952 11.1252
-0.125796 -0.0192872 0.991869 39.7195 0.0712741 0.997052 0.0284275 1.68521 -0.989492 0.0742706 -0.12405 11.0329
-0.126181 -0.0198091 0.991809 40.4463 0.0722058 0.996965 0.0290983 1.69721 -0.989376 0.0752861 -0.124368 10.9396
-0.125797 -0.0194525 0.991865 41.2498 0.0726135 0.996945 0.0287616 1.7168 -0.989395 0.0756409 -0.124 10.8366
-0.125501 -0.0209931 0.991871 42.0546 0.0742214 0.996776 0.0304881 1.72566 -0.989313 0.0774443 -0.123538 10.7321
-0.125114 -0.0212164 0.991915 42.8969 0.0739636 0.99679 0.03065 1.73911 -0.989382 0.0772003 -0.123143 10.6297
-0.12507 -0.0229624 0.991882 43.7542 0.0712839 0.99694 0.032068 1.74803 -0.989584 0.074716 -0.123051 10.5269
-0.1248 -0.0232222 0.99191 44.6152 0.0712364 0.996936 0.0323027 1.76401 -0.989621 0.0746914 -0.122764 10.4261
-0.123653 -0.0235922 0.992045 45.5037 0.0718046 0.996884 0.0326573 1.77775 -0.989724 0.0752716 -0.121574 10.3223
-0.122492 -0.0254204 0.992144 46.366 0.0695363 0.996995 0.0341298 1.78955 -0.990031 0.0731706 -0.120356 10.2304
-0.118786 -0.0274033 0.992542 47.197 0.0718648 0.99676 0.0361204 1.80342 -0.990316 0.0756194 -0.116432 10.1181
-0.114024 -0.0287415 0.993062 47.9796 0.0750028 0.99648 0.0374523 1.81341 -0.990643 0.0787529 -0.111467 10.0105
-0.11139 -0.0293432 0.993343 48.8517 0.0757989 0.996401 0.0379334 1.82784 -0.990882 0.0795198 -0.108765 9.91858
-0.108715 -0.0293384 0.99364 49.7073 0.074734 0.996494 0.0375995 1.84478 -0.99126 0.0783463 -0.106142 9.82932
-0.107414 -0.0291028 0.993788 50.5166 0.0757616 0.996425 0.0373687 1.8522 -0.991324 0.0793049 -0.104825 9.74058
-0.108437 -0.0265616 0.993748 51.3474 0.0747053 0.996599 0.0347896 1.87226 -0.991292 0.0780108 -0.106084 9.66249
-0.111661 -0.0237756 0.993462 52.1048 0.0725377 0.996852 0.0320097 1.88287 -0.991095 0.0756377 -0.109585 9.58249
-0.116019 -0.0224116 0.992994 52.8888 0.0709802 0.997002 0.0307952 1.89375 -0.990708 0.0740557 -0.11408 9.4922
-0.12219 -0.0239287 0.992218 53.6346 0.0728031 0.9968 0.0330048 1.90637 -0.989833 0.0762694 -0.120056 9.39904
-0.129174 -0.0262999 0.991273 54.3795 0.069666 0.996938 0.0355285 1.92532 -0.989172 0.0736474 -0.126946 9.31504
-0.135852 -0.0273404 0.990352 55.1318 0.0649946 0.99722 0.0364458 1.9387 -0.988595 0.0693188 -0.133698 9.22604
-0.14146 -0.0244049 0.989643 55.9453 0.0669184 0.997174 0.0341559 1.95191 -0.98768 0.0710571 -0.139427 9.10944
-0.146805 -0.0232058 0.988893 56.7006 0.0679454 0.997127 0.0334858 1.96171 -0.986829 0.0721066 -0.144806 8.99609
-0.153382 -0.0213475 0.987936 57.4758 0.0649769 0.997385 0.0316397 1.97399 -0.986028 0.069046 -0.151594 8.89742
-0.159232 -0.020747 0.987023 58.2709 0.0607196 0.997681 0.0307666 1.98624 -0.985372 0.0648307 -0.157603 8.79638
-0.162593 -0.0219143 0.98645 59.0079 0.062968 0.997485 0.0325383 1.99564 -0.984682 0.0674053 -0.160805 8.66971
-0.165353 -0.0300613 0.985776 59.8309 0.0636292 0.997128 0.0410806 2.01403 -0.98418 0.0695169 -0.162965 8.53084
-0.16734 -0.0403108 0.985075 60.7399 0.0633667 0.996658 0.0515492 2.03238 -0.983861 0.0710471 -0.164226 8.37547
-0.169063 -0.042067 0.984707 61.5597 0.0651456 0.996427 0.0537525 2.05913 -0.98345 0.0732369 -0.165718 8.23977
-0.172538 -0.0375842 0.984286 62.41 0.0621952 0.996862 0.0489668 2.07573 -0.983037 0.0696664 -0.169659 8.1263
-0.175143 -0.0308284 0.98406 63.3404 0.0640375 0.997036 0.0426323 2.09815 -0.982458 0.0704835 -0.17265 7.98132
-0.176171 -0.0287273 0.98394 64.2723 0.0675908 0.996862 0.0412065 2.12944 -0.982036 0.0737647 -0.173677 7.81373
-0.176187 -0.0288845 0.983933 65.0493 0.0708274 0.996607 0.0419392 2.14515 -0.981805 0.0770786 -0.173543 7.67208
-0.174978 -0.0326877 0.98403 65.8535 0.0691443 0.996573 0.0453995 2.16288 -0.982141 0.075984 -0.172118 7.52826
-0.174502 -0.0380619 0.983921 66.5608 0.0667923 0.996493 0.0503941 2.18499 -0.982389 0.0745122 -0.171348 7.41132
-0.17349 -0.0446028 0.983825 67.3181 0.063246 0.996407 0.0563262 2.20662 -0.982803 0.071995 -0.170046 7.28169
-0.173087 -0.0482813 0.983722 68.256 0.0549137 0.996771 0.0585839 2.22864 -0.983374 0.06416 -0.169877 7.14187
-0.172261 -0.0504485 0.983759 69.1475 0.046368 0.997165 0.0592552 2.27334 -0.983959 0.0558223 -0.169433 7.02306
-0.173586 -0.0516957 0.983461 69.957 0.0452538 0.997148 0.0604026 2.3021 -0.983778 0.0549904 -0.170752 6.92683
-0.171214 -0.0498117 0.983974 71.3079 0.0478946 0.99712 0.058811 2.35397 -0.984069 0.0571963 -0.168335 6.70389
-0.165209 -0.0470969 0.985134 72.4947 0.0509342 0.997119 0.0562116 2.40188 -0.984943 0.0594637 -0.162334 6.50718
-0.157036 -0.0462596 0.986509 74.6982 0.0570353 0.99681 0.0558218 2.49607 -0.985945 0.0650319 -0.153897 6.18025
-0.148649 -0.0465784 0.987792 77.827 0.0630175 0.996414 0.0564682 2.58388 -0.98688 0.0706422 -0.145181 5.70988
-0.135489 -0.0473578 0.989646 81.4305 0.0617791 0.996509 0.0561442 2.71432 -0.988851 0.0687463 -0.13209 5.16614
-0.123101 -0.0495284 0.991157 82.4333 0.059793 0.996569 0.057225 2.75232 -0.990591 0.0663087 -0.119717 5.05708
-0.110541 -0.0537906 0.992415 87.7423 0.0606323 0.996309 0.0607553 2.94874 -0.99202 0.0668884 -0.106872 4.52606
-0.0976615 -0.0549537 0.993701 89.7649 0.0619048 0.996205 0.0611762 3.01848 -0.993293 0.0674895 -0.0938891 4.3434
-0.0848448 -0.0562223 0.994807 90.551 0.0624358 0.996145 0.061623 3.05234 -0.994436 0.0673399 -0.0810074 4.28729
-0.0697788 -0.0563864 0.995968 92.8238 0.0647291 0.996041 0.0609256 3.1295 -0.99546 0.0687194 -0.0658527 4.10137
-0.0565314 -0.0520207 0.997045 93.6985 0.0664409 0.996232 0.0557454 3.15394 -0.996188 0.0693959 -0.0528621 4.06103
-0.0456997 -0.042217 0.998063 94.4642 0.0660273 0.996794 0.0451866 3.19129 -0.996771 0.0679644 -0.0427657 4.05223
-0.034003 -0.0373994 0.998722 98.3717 0.0665463 0.996997 0.0396005 3.29266 -0.997204 0.0678078 -0.0314121 4.05015
-0.0220372 -0.0403509 0.998943 99.031 0.0664726 0.996915 0.0417354 3.30935 -0.997545 0.0673221 -0.019287 4.048
-0.0093392 -0.0433681 0.999016 99.7133 0.0657194 0.996872 0.0438894 3.32616 -0.997794 0.0660646 -0.00645987 4.04817
0.00300011 -0.0406414 0.999169 100.469 0.0662418 0.996987 0.0403538 3.34889 -0.997799 0.0660657 0.00568324 4.04904
0.0106965 -0.0332223 0.999391 101.182 0.060362 0.997647 0.0325182 3.36322 -0.998119 0.0599774 0.0126767 4.0668
0.0144336 -0.024634 0.999592 108.335 0.0536431 0.998276 0.0238269 3.50131 -0.998456 0.0532773 0.0157301 4.36799
0.0184522 -0.0212496 0.999604 109.906 0.0512658 0.998479 0.0202793 3.51388 -0.998515 0.0508713 0.0195136 4.41606
0.022752 -0.0205921 0.999529 114.224 0.0498214 0.998569 0.0194383 3.54431 -0.998499 0.0493556 0.0237454 4.51559
0.0273609 -0.020711 0.999411 115.016 0.0480379 0.998657 0.0193803 3.54407 -0.998471 0.0474794 0.0283191 4.55006
0.0331052 -0.0247438 0.999146 115.741 0.0465322 0.998648 0.0231897 3.54445 -0.998368 0.0457247 0.0342118 4.58802
0.0395047 -0.0275736 0.998839 116.364 0.046362 0.998593 0.0257332 3.55409 -0.998143 0.0452916 0.0407275 4.61383
0.0449997 -0.0293875 0.998555 117.039 0.04391 0.998659 0.0274118 3.56155 -0.998022 0.042613 0.0462298 4.65531
0.051845 -0.0278411 0.998267 117.751 0.0360031 0.999014 0.0259921 3.56836 -0.998006 0.0345931 0.0527962 4.70318
0.0587313 -0.0241968 0.997981 118.933 0.0281974 0.999348 0.0225705 3.58658 -0.997876 0.0268149 0.0593753 4.80476
0.0660993 -0.0212214 0.997587 119.581 0.0297385 0.999372 0.0192889 3.5824 -0.99737 0.0283917 0.0666888 4.84968
0.0721808 -0.0181131 0.997227 120.2 0.0309731 0.999394 0.0159106 3.58581 -0.996911 0.0297388 0.0726981 4.90662
0.0794428 -0.0201431 0.996636 120.802 0.0299672 0.999392 0.0178101 3.58224 -0.996389 0.0284515 0.0799982 4.95383
0.0874747 -0.0253894 0.995843 121.42 0.0301146 0.999286 0.0228319 3.58233 -0.995711 0.0279922 0.0881768 5.00704
0.0959436 -0.0283959 0.994982 122.097 0.0291528 0.999244 0.0257064 3.58104 -0.99496 0.0265402 0.0966989 5.06898
0.103093 -0.0244016 0.994372 124.308 0.0288362 0.999352 0.0215342 3.60344 -0.994254 0.0264539 0.10373 5.30649
0.109599 -0.0221625 0.993729 127.573 0.0296571 0.999379 0.0190176 3.61494 -0.993533 0.0273868 0.110188 5.70877
0.117007 -0.0210211 0.992909 129.198 0.0287262 0.999429 0.017774 3.6179 -0.992716 0.0264428 0.117544 5.90862
0.124359 -0.0218395 0.991997 130.784 0.0308405 0.99936 0.0181353 3.61646 -0.991758 0.0283384 0.124953 6.1091
0.133507 -0.0245772 0.990743 132.859 0.037527 0.999101 0.0197276 3.61218 -0.990337 0.0345458 0.134309 6.36671
0.140847 -0.0244373 0.98973 134.233 0.0408326 0.998988 0.0188551 3.61635 -0.989189 0.0377575 0.141702 6.56399
0.148871 -0.0254023 0.98853 135.382 0.0464825 0.998745 0.0186646 3.61022 -0.987764 0.0431708 0.149864 6.71458
0.154752 -0.0235726 0.987672 136.687 0.0380174 0.999117 0.017889 3.61554 -0.987222 0.0347804 0.155511 6.96435
0.159577 -0.0231054 0.986915 137.9 0.0326023 0.999304 0.0181239 3.61803 -0.986647 0.0292835 0.160219 7.20103
0.163548 -0.0232929 0.98626 138.721 0.0327476 0.999298 0.0181704 3.62135 -0.985992 0.0293259 0.164196 7.33815
0.165463 -0.0217649 0.985976 139.595 0.0309926 0.999377 0.0168596 3.62949 -0.985729 0.0277684 0.166035 7.52098
0.170407 -0.021294 0.985144 140.471 0.0324565 0.999345 0.0159867 3.62422 -0.984839 0.0292501 0.170987 7.67848
0.174643 -0.0235707 0.98435 141.208 0.0355518 0.999213 0.0176191 3.63129 -0.98399 0.0319183 0.175343 7.82123
0.178492 -0.026046 0.983596 141.9 0.0419126 0.998944 0.0188465 3.6401 -0.983048 0.0378611 0.179395 7.95131
0.18135 -0.0268486 0.983052 142.575 0.0414523 0.998948 0.0196357 3.63963 -0.982545 0.0371888 0.182272 8.09528
0.186238 -0.0247335 0.982193 143.223 0.0400077 0.999045 0.0175718 3.63921 -0.98169 0.0360227 0.18705 8.21789
0.189135 -0.0213266 0.98172 143.851 0.0378954 0.999178 0.0144051 3.64461 -0.98122 0.0344781 0.189787 8.35136
0.191166 -0.0209984 0.981333 144.478 0.0351684 0.999276 0.0145314 3.64182 -0.980927 0.031734 0.191766 8.47747
0.192488 -0.0217536 0.981058 145.188 0.0351243 0.999266 0.0152658 3.64305 -0.980671 0.0315205 0.193111 8.61912
0.192239 -0.0267357 0.980984 145.997 0.0365107 0.999132 0.0200754 3.64354 -0.980669 0.0319571 0.193049 8.79648
0.192832 -0.0311679 0.980737 146.781 0.0338083 0.999113 0.0251045 3.64411 -0.980649 0.0283161 0.193715 8.95883
0.193083 -0.0327198 0.980637 147.507 0.0335002 0.999081 0.0267392 3.6477 -0.98061 0.0276887 0.194001 9.10958
0.194133 -0.0279654 0.980576 148.269 0.0341048 0.999182 0.021744 3.65366 -0.980382 0.0292212 0.194928 9.26242
0.193438 -0.0236894 0.980826 149.452 0.0338635 0.999274 0.0174564 3.66572 -0.980528 0.0298375 0.1941 9.51952
0.19249 -0.0230921 0.981027 150.399 0.0260541 0.999491 0.0184146 3.65999 -0.980953 0.0220151 0.192993 9.73583
0.193282 -0.0233116 0.980866 151.339 0.0238897 0.999533 0.0190477 3.6564 -0.980852 0.019751 0.193749 9.93321
0.193073 -0.0236899 0.980898 152.058 0.0278246 0.999439 0.0186608 3.65853 -0.98079 0.0236902 0.193624 10.081
0.193754 -0.0206129 0.980834 153.147 0.02598 0.999536 0.0158739 3.6595 -0.980706 0.0224064 0.194199 10.3032
0.194167 -0.0166347 0.980827 154.41 0.0183318 0.999743 0.0133265 3.64906 -0.980797 0.0153928 0.194422 10.5752
0.194622 -0.0133391 0.980788 155.723 0.0123681 0.999861 0.0111443 3.63713 -0.9808 0.00996152 0.19476 10.8569
0.193891 -0.0102522 0.98097 156.839 0.0145416 0.999866 0.00757552 3.63054 -0.980915 0.012796 0.194014 11.0925
0.194428 -0.00965573 0.980869 158.066 0.0162843 0.999846 0.00661466 3.61663 -0.980782 0.0146867 0.194555 11.3346
0.195371 -0.00816252 0.980695 161.994 0.016989 0.999843 0.0049374 3.57349 -0.980582 0.0156964 0.195479 12.1859
0.196469 -0.0116793 0.980441 163.822 0.0246332 0.999672 0.00697221 3.55638 -0.980201 0.0227816 0.196692 12.5683
0.201382 -0.0165185 0.979373 168.043 0.0306959 0.999473 0.0105457 3.52992 -0.979032 0.0279391 0.201783 13.2911
0.202339 -0.0223632 0.97906 168.836 0.0335836 0.99931 0.0158851 3.52591 -0.97874 0.0296662 0.20295 13.4667
0.205789 -0.0234008 0.978317 169.6 0.0352695 0.999242 0.0164824 3.52038 -0.977961 0.0311129 0.206459 13.6274
0.210616 -0.0185929 0.977392 170.411 0.0354191 0.999308 0.0113774 3.51272 -0.976927 0.0322221 0.211128 13.8075
0.21711 -0.0155459 0.976023 175.243 0.0377659 0.999258 0.00751523 3.50615 -0.975416 0.0352288 0.217536 14.9122
0.225632 -0.0145694 0.974104 175.859 0.0372072 0.999288 0.00632774 3.50401 -0.973502 0.0348159 0.226013 15.0576
0.234105 -0.0201739 0.972002 179.408 0.0397377 0.999148 0.0111665 3.44278 -0.971399 0.036011 0.234707 15.9791
0.245735 -0.0223552 0.969079 180.023 0.0440494 0.998959 0.0118746 3.4384 -0.968336 0.0397693 0.246464 16.1351
0.258546 -0.0219875 0.965749 182.65 0.0474367 0.998824 0.010041 3.40093 -0.964834 0.0432159 0.259285 16.8566
0.272597 -0.021821 0.961881 183.62 0.0493137 0.998746 0.00868184 3.38901 -0.960864 0.0450673 0.273331 17.1291
0.285982 -0.0226489 0.957967 184.245 0.0502491 0.9987 0.00861113 3.38119 -0.956917 0.0456743 0.286748 17.3221
0.297248 -0.0199922 0.954591 184.857 0.0483865 0.998812 0.00585128 3.3754 -0.953573 0.0444501 0.297862 17.5381
0.309302 -0.0130001 0.950875 185.505 0.0462917 0.998927 -0.00140079 3.35974 -0.949837 0.0444509 0.309572 17.7693
0.321693 -0.0020073 0.946842 186.148 0.0409071 0.999094 -0.0117802 3.34638 -0.94596 0.0425221 0.321483 18.0018
0.334872 0.00759351 0.942233 186.744 0.0367529 0.999101 -0.0211139 3.33151 -0.941547 0.0417003 0.334292 18.2277
0.347936 0.0065747 0.937495 191.693 0.0396895 0.998976 -0.021736 3.13492 -0.936678 0.0447715 0.347319 20.0162
0.359435 0.00330684 0.933164 192.23 0.037844 0.999119 -0.0181173 3.11343 -0.932402 0.0418266 0.358993 20.2262
0.36916 0.00327676 0.92936 192.746 0.0314455 0.999377 -0.0160144 3.08954 -0.928834 0.0351361 0.368827 20.4524
0.37741 0.0109091 0.925982 195.247 0.0272995 0.999365 -0.0229004 2.97782 -0.925644 0.0339217 0.376873 21.5379
0.384074 0.0191878 0.923103 198.77 0.0232008 0.999268 -0.0304241 2.81408 -0.923011 0.0331019 0.383347 23.0482
0.38688 0.023187 0.921838 203.382 0.0201973 0.999231 -0.0336101 2.6508 -0.921909 0.0316218 0.386114 25.0904
0.386718 0.0198366 0.921985 204.688 0.0175154 0.99943 -0.0288495 2.58558 -0.922032 0.0273056 0.38615 25.6668
0.385523 0.0155317 0.922567 206.037 0.0178519 0.999546 -0.0242876 2.50647 -0.922525 0.025833 0.385071 26.2391
0.382842 0.0119603 0.923736 207.016 0.0202741 0.999567 -0.0213447 2.46407 -0.923591 0.0268995 0.382434 26.64
0.380225 0.0122926 0.924812 212.343 0.0224914 0.999493 -0.0225323 2.30675 -0.92462 0.0293677 0.379756 28.7919
0.375979 0.0121198 0.926549 213.941 0.0224082 0.999503 -0.022167 2.23443 -0.926357 0.0290966 0.37552 29.4676
0.370873 0.0116827 0.92861 214.441 0.0211178 0.999556 -0.0210094 2.21395 -0.928444 0.027402 0.370461 29.6812
0.365257 0.0132497 0.930812 214.925 0.0189036 0.999587 -0.0216466 2.20173 -0.930715 0.0255022 0.364856 29.8791
0.359821 0.012148 0.932942 215.415 0.0180811 0.999637 -0.0199901 2.18404 -0.932846 0.0240615 0.359471 30.0684
0.353764 0.0083381 0.935298 215.924 0.0207895 0.999643 -0.0167751 2.15952 -0.935104 0.0253788 0.353464 30.2622
0.349163 0.00855736 0.937023 220.731 0.0199771 0.999663 -0.0165735 1.99441 -0.936849 0.0245058 0.348875 32.0289
0.344075 0.0103902 0.938885 221.251 0.0183546 0.999673 -0.0177894 1.97699 -0.938763 0.0233538 0.343772 32.2241
0.340102 0.0131181 0.940297 221.73 0.0168883 0.999656 -0.0200546 1.95707 -0.940237 0.0227007 0.339764 32.4032
0.337469 0.0154662 0.94121 222.18 0.0165634 0.999613 -0.0223647 1.93848 -0.941191 0.023137 0.337082 32.5701
0.334553 0.0162565 0.942237 222.61 0.0177624 0.999565 -0.0235524 1.92162 -0.942209 0.0246159 0.334119 32.7327
0.334125 0.0138431 0.942427 224.948 0.0204397 0.999551 -0.0219287 1.83171 -0.942307 0.0265898 0.333692 33.5955
0.337584 0.00944965 0.941248 226.241 0.0228595 0.999572 -0.0182339 1.7746 -0.941018 0.0276719 0.337223 34.062
0.343938 0.0091575 0.938948 228.616 0.0222044 0.999594 -0.0178825 1.66101 -0.93873 0.0269993 0.343595 34.9836
0.354413 0.00862887 0.935049 229.74 0.0247263 0.999521 -0.0185959 1.61477 -0.934762 0.0297109 0.35403 35.4136
0.367737 0.00760226 0.929899 231.227 0.0278833 0.999427 -0.0191974 1.55785 -0.929512 0.0329883 0.367314 36.0106
0.381271 0.00583363 0.924445 232.418 0.0266664 0.999495 -0.0173053 1.51466 -0.924079 0.0312497 0.380923 36.54
0.396105 0.0024146 0.918202 233.873 0.0228333 0.999661 -0.0124789 1.45221 -0.917921 0.0259086 0.395916 37.2109
0.411321 -0.00259842 0.911487 235.144 0.0212327 0.999752 -0.00673153 1.41553 -0.911243 0.0221222 0.411274 37.8131
0.426957 -0.00995931 0.904217 236.239 0.0228714 0.999738 0.000211893 1.3892 -0.903983 0.0205903 0.427073 38.3374
0.442124 -0.0166285 0.8968 237.132 0.0235925 0.999698 0.00690524 1.37367 -0.896644 0.0181048 0.442382 38.8
0.458159 -0.0216936 0.888606 238.278 0.0233206 0.999651 0.0123806 1.35598 -0.888565 0.0150505 0.458505 39.3953
0.474425 -0.024018 0.879968 242.668 0.0237119 0.999614 0.0144996 1.27385 -0.879977 0.0139868 0.474811 41.8314
0.491456 -0.0254531 0.87053 243.834 0.0256089 0.999563 0.0147684 1.27095 -0.870526 0.0150353 0.491893 42.484
0.506968 -0.0255644 0.861586 244.22 0.0247225 0.99958 0.0151119 1.26908 -0.86161 0.0136393 0.507387 42.7204
0.520987 -0.0241246 0.853224 245.335 0.0198176 0.999673 0.0161646 1.26976 -0.853334 0.00848731 0.521295 43.4505
0.534026 -0.0266025 0.845049 245.714 0.0186522 0.999632 0.0196816 1.26871 -0.845262 0.0052515 0.534326 43.6954
0.545508 -0.0312425 0.837523 246.097 0.022232 0.999493 0.022804 1.268 -0.837811 0.00618004 0.545926 43.9389
0.555403 -0.0340195 0.830885 246.474 0.0265263 0.999379 0.0231868 1.26871 -0.831158 0.00916232 0.555961 44.1833
0.563486 -0.0300999 0.825577 246.839 0.0238209 0.999512 0.0201828 1.26569 -0.825782 0.00829331 0.563928 44.445
0.57126 -0.0218925 0.820477 247.173 0.0195321 0.999724 0.013076 1.26532 -0.820537 0.00855584 0.57153 44.6924
0.57909 -0.0132746 0.815156 250.133 0.0194888 0.999807 0.00243666 1.26207 -0.815031 0.0144753 0.579237 46.8321
0.585889 -0.0100551 0.810329 252.101 0.0249127 0.999674 -0.00560793 1.26053 -0.810008 0.0234731 0.585949 48.252
0.59074 -0.0110675 0.806786 252.396 0.0244038 0.999694 -0.004155 1.25934 -0.806493 0.0221432 0.590829 48.4791
0.595798 -0.0172493 0.802949 252.682 0.0232608 0.999721 0.00421667 1.25411 -0.802797 0.0161649 0.596033 48.6977
0.599043 -0.0231423 0.800383 252.986 0.0170265 0.999724 0.0161627 1.24867 -0.800536 0.00394555 0.599272 48.9434
0.600637 -0.0288237 0.799002 253.315 0.0158313 0.999583 0.0241586 1.24614 -0.799365 -0.0018613 0.600842 49.1975
0.600859 -0.0304305 0.798775 253.645 0.0188024 0.999537 0.0239352 1.24463 -0.799134 0.000637181 0.601153 49.451
0.601894 -0.0301513 0.798007 253.974 0.0225084 0.99953 0.0207887 1.24718 -0.798259 0.00544923 0.60229 49.6975
0.603365 -0.0320779 0.79682 254.302 0.0262915 0.999448 0.0203268 1.25084 -0.797032 0.00868509 0.603875 49.9421
0.60518 -0.0330596 0.795402 254.627 0.024608 0.999437 0.0228171 1.2573 -0.795708 0.0057648 0.605653 50.1894
0.606296 -0.0334089 0.794537 254.942 0.0208087 0.999442 0.0261461 1.26108 -0.794967 0.000681036 0.606652 50.4544
0.60879 -0.0376003 0.79244 255.272 0.0210095 0.99929 0.0312746 1.26365 -0.793053 -0.0023909 0.609148 50.7122
0.611741 -0.0397287 0.79006 255.611 0.0211999 0.999203 0.0338306 1.26859 -0.790774 -0.00394638 0.612095 50.9887
0.616681 -0.0421864 0.786082 255.97 0.022765 0.999101 0.0357593 1.27479 -0.786884 -0.00415692 0.617087 51.2758
0.622577 -0.0442871 0.781304 256.323 0.0228325 0.999 0.038433 1.28094 -0.782225 -0.00608835 0.622966 51.5714
0.630107 -0.0464105 0.77512 256.703 0.0245682 0.998904 0.0398378 1.2846 -0.77612 -0.00605877 0.630556 51.8918
0.636853 -0.0403693 0.769928 257.051 0.0173964 0.999126 0.0379972 1.28645 -0.770789 -0.0108046 0.636999 52.2324
0.645863 -0.0365283 0.762579 257.41 0.0161349 0.999285 0.0342014 1.29501 -0.763283 -0.00978529 0.645991 52.5511
0.655203 -0.0346739 0.754656 257.785 0.0168974 0.999369 0.031247 1.30466 -0.755264 -0.00772144 0.655376 52.8813
0.664697 -0.0350869 0.746289 258.295 0.0189951 0.999367 0.0300671 1.32231 -0.746872 -0.0058097 0.664943 53.3421
0.673261 -0.0372953 0.738464 258.77 0.0192708 0.999273 0.0328979 1.33297 -0.739154 -0.00791812 0.67349 53.7935
0.68175 -0.0365838 0.73067 259.43 0.016458 0.999263 0.0346759 1.34714 -0.731401 -0.0116149 0.681849 54.4498
0.690496 -0.0357126 0.722454 259.951 0.0139926 0.999253 0.0360219 1.35826 -0.723201 -0.0147639 0.69048 54.9712
0.698386 -0.0352489 0.714853 260.442 0.0112742 0.999204 0.0382555 1.38019 -0.715633 -0.0186577 0.698228 55.4623
0.704655 -0.0330527 0.708779 261.033 0.00821921 0.999228 0.0384258 1.40085 -0.709502 -0.0212513 0.704383 56.0551
0.707633 -0.0346434 0.70573 261.695 0.00709467 0.999095 0.0419305 1.41741 -0.706544 -0.0246645 0.707239 56.7494
0.708756 -0.0387014 0.704392 262.21 0.00994085 0.998943 0.0448825 1.43372 -0.705384 -0.0248085 0.708391 57.2803
0.708717 -0.0393134 0.704397 262.792 0.0138057 0.999028 0.0418668 1.46121 -0.705358 -0.019947 0.708571 57.8667
0.707758 -0.0395853 0.705345 263.496 0.0152039 0.999051 0.0408127 1.48352 -0.706291 -0.0181615 0.707689 58.5789
0.707159 -0.0389965 0.705979 264.16 0.018073 0.999149 0.0370872 1.51878 -0.706824 -0.0134674 0.707261 59.24
0.70714 -0.0420907 0.70582 264.855 0.0219156 0.999052 0.0376206 1.54945 -0.706734 -0.0111346 0.707392 59.9213
0.706754 -0.0496201 0.705717 265.501 0.0275692 0.998711 0.0426114 1.5712 -0.706922 -0.0106597 0.707211 60.5471
0.705543 -0.0520906 0.70675 266.539 0.0277737 0.998561 0.045872 1.60413 -0.708123 -0.0127356 0.705974 61.5914
0.703442 -0.0538127 0.708713 267.308 0.0281047 0.998456 0.0479172 1.64053 -0.710197 -0.0137888 0.703868 62.3807
0.702374 -0.0520998 0.709899 267.965 0.0255499 0.99852 0.0480028 1.67756 -0.71135 -0.015578 0.702666 63.0498
0.701895 -0.053699 0.710254 268.782 0.0274836 0.998453 0.0483283 1.72263 -0.71175 -0.014401 0.702285 63.8186
0.700535 -0.0535405 0.711606 269.779 0.0277155 0.99847 0.0478395 1.74737 -0.713079 -0.0137907 0.700948 64.8031
0.699575 -0.0503389 0.712784 270.974 0.0265737 0.998658 0.0444469 1.77323 -0.714065 -0.0121526 0.699974 65.9926
0.699517 -0.0468177 0.71308 271.74 0.0279431 0.99888 0.0381704 1.80435 -0.714069 -0.00677519 0.700042 66.7227
0.698991 -0.0446487 0.713735 272.693 0.0272076 0.998987 0.0358475 1.84203 -0.714613 -0.00563801 0.699497 67.6511
0.698752 -0.046237 0.713868 273.143 0.0261013 0.998892 0.0391494 1.85596 -0.714888 -0.00872282 0.699185 68.0823
0.697548 -0.0460111 0.71506 273.975 0.0216895 0.998835 0.0431125 1.88519 -0.71621 -0.0145638 0.697733 68.9299
0.695798 -0.0442705 0.716872 275.318 0.0183502 0.998869 0.0438744 1.93519 -0.718003 -0.0173729 0.695823 70.246
0.692186 -0.0428192 0.720448 276.795 0.0148689 0.998873 0.0450814 1.98584 -0.721566 -0.0204924 0.692042 71.6951
0.687444 -0.043886 0.72491 277.812 0.0150173 0.998818 0.0462273 2.02971 -0.726082 -0.0208925 0.687291 72.6339
0.680403 -0.0452405 0.73144 278.177 0.0162654 0.998779 0.0466452 2.03997 -0.732657 -0.0198404 0.680308 72.972
0.673169 -0.0465287 0.738023 278.562 0.0201222 0.998802 0.0446155 2.0509 -0.739215 -0.0151831 0.673299 73.3055
0.664702 -0.0424858 0.745899 278.926 0.0174338 0.998992 0.0413658 2.06611 -0.746905 -0.0144921 0.664773 73.6335
0.655565 -0.0414113 0.754002 279.294 0.0147003 0.999006 0.0420863 2.08431 -0.754995 -0.0165062 0.655523 73.9561
0.647634 -0.0504097 0.760283 279.658 0.0201404 0.998593 0.0490544 2.09703 -0.761686 -0.0164569 0.647738 74.2513
0.640482 -0.0583367 0.765755 280.065 0.0229883 0.99812 0.0568112 2.11265 -0.767629 -0.0187831 0.640619 74.586
0.633847 -0.0634695 0.77085 280.481 0.0232986 0.997742 0.0629934 2.13073 -0.773108 -0.0219684 0.633894 74.9357
0.630863 -0.0627014 0.773357 280.918 0.0187278 0.99767 0.0656109 2.15712 -0.775668 -0.0269082 0.630567 75.2937
0.628798 -0.0649668 0.77485 281.332 0.0206688 0.997548 0.0668658 2.18303 -0.777294 -0.0260298 0.628599 75.6285
0.626721 -0.0653267 0.776501 281.759 0.0204661 0.997516 0.0674023 2.21087 -0.778975 -0.0263505 0.626501 75.9838
0.626202 -0.06395 0.777034 282.171 0.0208634 0.997648 0.065293 2.23739 -0.779382 -0.024675 0.626063 76.315
0.625878 -0.0605989 0.777563 282.589 0.0164436 0.997781 0.0645256 2.26196 -0.779747 -0.0275992 0.625486 76.664
0.625826 -0.0607334 0.777595 283.026 0.0156848 0.997742 0.0653044 2.29016 -0.779805 -0.0286728 0.625365 77.0273
0.628422 -0.0631096 0.775309 283.627 0.0174769 0.997597 0.0670379 2.32386 -0.777676 -0.0285781 0.628015 77.4918
0.62995 -0.0645914 0.773945 284.14 0.0182177 0.99749 0.0684197 2.35683 -0.776422 -0.0290015 0.629546 77.9085
0.6309 -0.0670774 0.772959 284.957 0.0228384 0.99743 0.067916 2.41417 -0.775528 -0.025195 0.630811 78.575
0.633119 -0.0680218 0.77106 285.402 0.0229928 0.997344 0.0691049 2.44288 -0.773713 -0.0260228 0.633002 78.9448
0.636274 -0.0689959 0.768372 286.039 0.0223151 0.997222 0.0710667 2.48496 -0.77114 -0.0280716 0.636046 79.4853
0.640129 -0.0701208 0.76506 286.726 0.0192802 0.996979 0.0752452 2.53673 -0.768025 -0.0334162 0.639547 80.0835
0.644763 -0.0736519 0.760826 290 0.0191574 0.996591 0.0802403 2.75518 -0.764142 -0.0371606 0.643977 82.8367
0.647885 -0.0746221 0.758075 290.543 0.0203062 0.996528 0.08074 2.79456 -0.761468 -0.0369166 0.647151 83.3014
0.652252 -0.0688815 0.754866 291.023 0.0151111 0.996846 0.0779052 2.82669 -0.757851 -0.039407 0.651236 83.7208
0.655788 -0.0618831 0.752405 291.469 0.0102696 0.997274 0.0730719 2.86753 -0.754875 -0.0401928 0.654636 84.1283
0.658905 -0.0580982 0.74998 291.899 0.00708818 0.997448 0.0710413 2.90333 -0.752193 -0.0414935 0.657635 84.5221
0.662252 -0.057249 0.747091 292.346 0.0055168 0.997422 0.0715414 2.93573 -0.749261 -0.0432569 0.660861 84.9275
0.665274 -0.0549694 0.744573 292.797 0.00432381 0.997553 0.0697828 2.96624 -0.746586 -0.0432053 0.663884 85.3403
0.668247 -0.052532 0.742083 293.231 0.00399062 0.997743 0.0670366 2.99676 -0.743929 -0.0418356 0.666948 85.7418
0.672385 -0.0512662 0.738424 293.671 0.00176114 0.997707 0.0676636 3.02201 -0.7402 -0.0441955 0.670933 86.1505
0.676088 -0.0517753 0.735 294.108 0.00111334 0.997599 0.0692493 3.04879 -0.73682 -0.0460003 0.674522 86.5579
0.678864 -0.0543408 0.73225 294.654 0.00565897 0.997615 0.0687873 3.0795 -0.734242 -0.0425535 0.677553 87.0686
0.681713 -0.0536819 0.729647 295.244 0.00695144 0.997735 0.066911 3.12376 -0.731586 -0.040542 0.680542 87.6315
0.684715 -0.0514863 0.72699 295.798 0.00618178 0.997876 0.0648484 3.16327 -0.728785 -0.0399086 0.683579 88.1639
0.688222 -0.0490405 0.723841 298.351 1.89724e-06 0.997713 0.0675937 3.32098 -0.7255 -0.0465181 0.686648 90.6998
0.691793 -0.0475608 0.720528 302.007 -0.00358099 0.99759 0.0692874 3.54483 -0.722087 -0.0505127 0.689956 94.3087
0.694455 -0.0454862 0.718097 302.439 -0.00265393 0.997831 0.0657718 3.56772 -0.719531 -0.0475813 0.692828 94.7415
0.697423 -0.0400066 0.715542 302.88 -0.00250877 0.998298 0.0582611 3.59406 -0.716655 -0.0424277 0.696136 95.1782
0.700124 -0.0317038 0.713317 303.28 -0.0092529 0.998527 0.0534619 3.62368 -0.713961 -0.0440302 0.6988 95.5844
0.703028 -0.0296805 0.710543 303.69 -0.015841 0.998227 0.0573709 3.64939 -0.710986 -0.051589 0.701311 95.9993
0.704759 -0.0376361 0.708448 304.589 -0.0157697 0.997514 0.0686803 3.69781 -0.709271 -0.0595751 0.702414 96.9222
0.706204 -0.0495418 0.706273 305.528 -0.0105884 0.996698 0.0805012 3.77028 -0.707929 -0.0643286 0.703348 97.847
0.707767 -0.0553892 0.704271 305.943 -0.0110074 0.995936 0.08939 3.80692 -0.70636 -0.0710195 0.704281 98.2667
0.708822 -0.0556673 0.703187 306.363 -0.0130001 0.995681 0.0919266 3.84396 -0.705268 -0.0743011 0.705037 98.7071
0.710922 -0.0527396 0.70129 306.789 -0.0124972 0.996079 0.0875777 3.88116 -0.70316 -0.0710251 0.707476 99.1483
0.714541 -0.0491918 0.697862 307.217 -0.0103757 0.99667 0.0808783 3.92319 -0.699516 -0.0650316 0.711652 99.5805
0.717774 -0.0462992 0.694736 307.638 -0.00934444 0.997056 0.0761011 3.96083 -0.696214 -0.0611153 0.715228 100.022
0.720966 -0.0451262 0.691499 308.054 -0.00806869 0.997263 0.0734925 3.99405 -0.692923 -0.0585651 0.718629 100.458
0.723558 -0.041919 0.68899 309.254 -0.00966492 0.997441 0.0708354 4.09938 -0.690196 -0.0579126 0.721301 101.778
0.726241 -0.0430109 0.686094 310.707 -0.00850167 0.997403 0.0715258 4.23012 -0.687388 -0.0577779 0.723989 103.339
0.728369 -0.0476685 0.683525 313.177 -0.00651904 0.99705 0.0764801 4.44465 -0.685155 -0.0601616 0.725909 106.046
0.729518 -0.0506635 0.682082 313.576 -0.00717021 0.996631 0.0816964 4.48319 -0.683924 -0.0644897 0.726698 106.499
0.730549 -0.0532998 0.680777 313.99 -0.00782388 0.99623 0.0863934 4.53112 -0.682816 -0.0684409 0.727378 106.964
0.731067 -0.0558573 0.680015 314.43 -0.00854585 0.995816 0.0909849 4.58103 -0.682252 -0.0723274 0.727531 107.467
0.731452 -0.059475 0.679294 314.883 -0.0102071 0.995122 0.0981179 4.62726 -0.681817 -0.0787022 0.727277 107.983
0.732948 -0.0602289 0.677613 315.333 -0.00924145 0.9951 0.0984445 4.6784 -0.680221 -0.0784169 0.7288 108.463
0.733958 -0.0468607 0.677577 315.778 -0.0195215 0.995749 0.0900112 4.72407 -0.678914 -0.0792918 0.729923 108.98
0.734473 -0.036505 0.677655 316.206 -0.0206448 0.996888 0.0760777 4.76614 -0.678324 -0.0698671 0.731434 109.458
0.735008 -0.0300427 0.677393 316.609 -0.0212097 0.99751 0.0672536 4.81033 -0.677727 -0.0637992 0.732541 109.904
0.735038 -0.0316027 0.677289 317.005 -0.0212068 0.997353 0.069552 4.84499 -0.677694 -0.0654865 0.732422 110.334
0.735315 -0.0362712 0.676754 317.435 -0.0208531 0.996883 0.0760864 4.87659 -0.677404 -0.0700599 0.732267 110.805
0.735901 -0.036503 0.676104 317.832 -0.0210889 0.996826 0.0767729 4.90971 -0.676761 -0.0707556 0.732795 111.251
0.736965 -0.0382699 0.674847 318.225 -0.016949 0.997036 0.07505 4.94498 -0.675719 -0.0667471 0.734131 111.67
0.738148 -0.0420791 0.673325 318.632 -0.0121866 0.997058 0.0756705 4.97848 -0.674529 -0.0640616 0.735464 112.108
0.738964 -0.0445676 0.672269 319.044 -0.0129087 0.99669 0.0802642 5.01557 -0.673621 -0.0679905 0.735943 112.57
0.74001 -0.0462602 0.671003 319.488 -0.0125263 0.996511 0.0825158 5.05987 -0.672479 -0.0694677 0.736849 113.058
0.740339 -0.0435602 0.67082 319.919 -0.0155903 0.996517 0.0819156 5.09987 -0.672052 -0.0711036 0.737082 113.554
0.740808 -0.0408415 0.670474 320.351 -0.0156158 0.996833 0.0779753 5.13727 -0.671536 -0.0682347 0.737824 114.042
0.741449 -0.0391216 0.669868 320.753 -0.0169947 0.996884 0.0770307 5.16834 -0.670794 -0.0684985 0.738473 114.505
0.742903 -0.0428046 0.668029 321.21 -0.0137471 0.996767 0.0791567 5.20969 -0.669257 -0.0679892 0.739913 115.009
0.744904 -0.043099 0.665778 321.755 -0.0153312 0.996542 0.0816642 5.26383 -0.666996 -0.0710391 0.741667 115.639
0.748208 -0.0453246 0.661915 322.327 -0.0137979 0.996385 0.0838242 5.31653 -0.663321 -0.0718509 0.744877 116.273
0.750662 -0.0444868 0.659187 323.103 -0.0134991 0.996489 0.0826229 5.40015 -0.660549 -0.0709203 0.747426 117.192
0.754352 -0.0442321 0.654978 323.803 -0.0122171 0.996609 0.0813738 5.46347 -0.656356 -0.0693864 0.751254 117.984
0.757003 -0.0383106 0.652288 324.276 -0.0170733 0.996779 0.0783576 5.50559 -0.653189 -0.0704536 0.75391 118.561
0.761091 -0.0375741 0.647556 324.819 -0.01349 0.997188 0.0737164 5.56002 -0.648505 -0.0648404 0.758444 119.193
0.767541 -0.0409917 0.639688 325.451 -0.00602924 0.997447 0.0711515 5.61495 -0.640971 -0.0584686 0.765335 119.907
0.773306 -0.041763 0.632656 325.942 -0.00396914 0.99749 0.070698 5.65135 -0.63402 -0.0571823 0.771199 120.527
0.779981 -0.0449078 0.62419 326.409 0.000744332 0.997488 0.0708349 5.69418 -0.625803 -0.0547852 0.778055 121.13
0.79043 -0.0489339 0.610595 326.872 0.00732119 0.997488 0.0704625 5.72882 -0.612509 -0.0512254 0.788802 121.684
0.799853 -0.0496287 0.598141 327.371 0.00791311 0.997361 0.072171 5.77848 -0.600144 -0.052993 0.798134 122.366
0.809501 -0.0540778 0.584623 327.756 0.011514 0.99702 0.0762817 5.81677 -0.587006 -0.0550187 0.807711 122.892
0.81838 -0.055595 0.571982 328.193 0.0114888 0.996693 0.0804379 5.85757 -0.574562 -0.0592574 0.816313 123.53
0.825625 -0.0514874 0.561865 328.958 0.00700704 0.996687 0.0810365 5.93441 -0.564176 -0.0629687 0.82325 124.712
