1 0 0 0 0 1 0 0 0 0 1 0
0.999878 0.00411826 -0.0150712 -0.0751379 -0.00416085 0.999987 -0.00279607 0.00742901 0.0150595 0.00285843 0.999883 0.224547
0.999297 0.0015057 -0.0374566 -0.0908179 -0.00162233 0.999994 -0.00308362 0.00448424 0.0374517 0.00314222 0.999293 0.455068
0.998335 0.00249628 -0.0576215 -0.133179 -0.0026882 0.999991 -0.00325347 0.00230999 0.0576129 0.00340296 0.998333 0.686603
0.996862 0.00142213 -0.0791439 -0.181498 -0.00181931 0.999986 -0.00494662 0.00280021 0.0791358 0.00507508 0.996851 0.921677
0.994921 -0.0039151 -0.10058 -0.233698 0.00315469 0.999965 -0.00771816 0.00625315 0.100607 0.00736166 0.994899 1.17353
0.992624 -0.00855465 -0.12093 -0.285985 0.00748203 0.999929 -0.00932106 0.004921 0.121001 0.00834751 0.992617 1.42926
0.989747 -0.00545011 -0.14273 -0.347575 0.00457625 0.999969 -0.00645004 -0.00691099 0.142761 0.00573074 0.989741 1.68398
0.985922 -0.00338515 -0.167172 -0.407353 0.00262189 0.999985 -0.00478619 -0.0220149 0.167186 0.00428051 0.985916 1.94002
0.981463 -0.00818695 -0.191475 -0.462509 0.00699493 0.999952 -0.00690059 -0.0300676 0.191522 0.00543332 0.981473 2.21532
0.976574 -0.0153047 -0.214639 -0.518767 0.0133224 0.999854 -0.010679 -0.0361473 0.214771 0.00756936 0.976635 2.48333
0.971004 -0.0233224 -0.237925 -0.580304 0.0199454 0.999663 -0.0165914 -0.0428171 0.238232 0.0113648 0.971142 2.76724
0.964594 -0.0310029 -0.26191 -0.634274 0.0262032 0.999419 -0.021799 -0.0517398 0.262433 0.0141643 0.964846 3.03991
0.958409 -0.0370927 -0.282977 -0.697129 0.030644 0.999161 -0.0271827 -0.0590513 0.283748 0.0173806 0.958741 3.31309
0.953869 -0.0377118 -0.297846 -0.816777 0.030568 0.999123 -0.0286081 -0.0841704 0.298664 0.0181838 0.954185 3.56337
0.94883 -0.0399414 -0.31325 -0.949887 0.0321571 0.999033 -0.0299797 -0.107755 0.314145 0.0183725 0.949197 3.82622
0.943271 -0.0448238 -0.328983 -1.08289 0.0369652 0.998863 -0.0301067 -0.131743 0.329959 0.0162379 0.943856 4.11161
0.934361 -0.0573382 -0.351684 -1.17374 0.0496677 0.998291 -0.0308021 -0.149696 0.352849 0.0113129 0.935612 4.42605
0.926313 -0.06235 -0.371559 -1.30867 0.053749 0.997993 -0.0334712 -0.163103 0.3729 0.0110339 0.927806 4.73214
0.918167 -0.0670937 -0.390471 -1.4588 0.0573224 0.997683 -0.0366396 -0.171916 0.392025 0.0112586 0.919886 5.03536
0.909196 -0.0689395 -0.410622 -1.61462 0.0582215 0.997558 -0.0385669 -0.198652 0.412278 0.0111578 0.91099 5.34887
0.898458 -0.075424 -0.432533 -1.77233 0.0624545 0.997071 -0.0441363 -0.223223 0.434595 0.012641 0.900537 5.6834
0.888594 -0.0746201 -0.452584 -1.96038 0.0581372 0.997043 -0.0502428 -0.245841 0.454995 0.0183335 0.890305 6.00092
0.877262 -0.0768424 -0.473821 -2.15603 0.0569842 0.996795 -0.0561521 -0.272874 0.476617 0.0222598 0.878829 6.31732
0.863899 -0.0883888 -0.495849 -2.34433 0.065108 0.995819 -0.064077 -0.297415 0.499439 0.0230723 0.866042 6.64762
0.85079 -0.0976994 -0.516345 -2.54756 0.0708458 0.99492 -0.0715186 -0.321871 0.520709 0.0242665 0.853389 6.97621
0.837591 -0.102731 -0.536551 -2.77261 0.0719648 0.994349 -0.0780424 -0.351654 0.541537 0.0267548 0.840251 7.31168
0.825768 -0.102363 -0.554643 -3.01125 0.068102 0.994294 -0.0821117 -0.390192 0.559883 0.030033 0.828027 7.64074
0.816279 -0.098237 -0.569243 -3.27813 0.0599935 0.994522 -0.0856004 -0.428514 0.574533 0.035723 0.817701 7.98154
0.807847 -0.0968096 -0.581387 -3.54374 0.0552989 0.994517 -0.0887631 -0.46602 0.586792 0.0395569 0.808771 8.30958
0.799138 -0.0985552 -0.593014 -3.8271 0.0547532 0.994302 -0.091462 -0.506932 0.598649 0.0406214 0.799981 8.67235
0.790316 -0.102059 -0.604139 -4.13338 0.0565841 0.993973 -0.0938938 -0.551784 0.610081 0.0400211 0.791328 9.062
0.78074 -0.106285 -0.615751 -4.44918 0.0598357 0.993616 -0.0956396 -0.601766 0.621985 0.0378257 0.782115 9.4523
0.771633 -0.105692 -0.627225 -4.78284 0.0583796 0.993704 -0.0956265 -0.659422 0.633383 0.0371715 0.772945 9.84529
0.762999 -0.106243 -0.637608 -5.1705 0.0558587 0.993547 -0.0987091 -0.721393 0.643981 0.039699 0.764011 10.282
0.752582 -0.110198 -0.649212 -5.53163 0.0561493 0.993046 -0.103472 -0.778483 0.6561 0.0414182 0.753536 10.699
0.743289 -0.114311 -0.659132 -5.93369 0.0580828 0.992599 -0.106645 -0.840213 0.666445 0.0409835 0.744427 11.133
0.733111 -0.116459 -0.670064 -6.35261 0.0581286 0.992354 -0.108875 -0.910118 0.67762 0.040868 0.734276 11.5973
0.724398 -0.117371 -0.679317 -6.82676 0.0572474 0.992238 -0.110391 -0.987663 0.687001 0.0410776 0.725494 12.0992
0.717141 -0.12136 -0.68628 -7.27241 0.05943 0.991784 -0.113282 -1.06807 0.69439 0.0404534 0.718461 12.5704
0.712407 -0.125552 -0.690444 -7.73303 0.0594391 0.991126 -0.118899 -1.14659 0.699245 0.0436649 0.713547 13.0531
0.71106 -0.127701 -0.691438 -8.19563 0.0566421 0.990576 -0.1247 -1.2254 0.700846 0.0495044 0.711592 13.5241
0.712169 -0.12712 -0.690402 -8.70496 0.0535124 0.990437 -0.127165 -1.32766 0.699965 0.0536177 0.712161 14.035
0.713978 -0.128068 -0.688356 -9.09326 0.053154 0.990207 -0.129095 -1.403 0.698148 0.0555818 0.713793 14.4433
0.716443 -0.129209 -0.685577 -9.52428 0.0542566 0.990043 -0.129891 -1.48849 0.695533 0.0558623 0.716319 14.8996
0.720485 -0.123374 -0.682408 -9.93235 0.0465233 0.990429 -0.129943 -1.56766 0.691908 0.0618738 0.719329 15.3125
0.724533 -0.119459 -0.678809 -10.3983 0.0422192 0.990708 -0.129285 -1.66116 0.687946 0.0650127 0.722844 15.7991
0.727793 -0.115376 -0.676022 -10.8881 0.0380828 0.991025 -0.128138 -1.76088 0.684738 0.0675128 0.725655 16.3382
0.73204 -0.113113 -0.671806 -11.348 0.0360102 0.991166 -0.127645 -1.85049 0.680309 0.0692496 0.729646 16.8421
0.737418 -0.109689 -0.666471 -12.095 0.0315879 0.991246 -0.12819 -1.99452 0.674698 0.0734773 0.734428 17.6305
0.740125 -0.109403 -0.66351 -12.9753 0.0324029 0.991333 -0.127311 -2.17191 0.671688 0.0727266 0.737256 18.6261
0.74252 -0.111294 -0.660513 -14.0559 0.0366122 0.991369 -0.125885 -2.39142 0.668822 0.0692892 0.740186 19.8578
0.744417 -0.110012 -0.65859 -15.0894 0.0346509 0.99137 -0.126433 -2.60034 0.666815 0.0712983 0.741805 21.0106
0.745789 -0.111796 -0.656735 -16.4567 0.0333201 0.990844 -0.130833 -2.88719 0.665349 0.0756913 0.742685 22.5668
0.747325 -0.108991 -0.655459 -19.0768 0.0273906 0.99067 -0.133502 -3.45335 0.663894 0.0818157 0.743337 25.5078
0.746963 -0.111179 -0.655504 -20.3466 0.0311525 0.990689 -0.132531 -3.73925 0.664135 0.0785752 0.743472 27.08
0.749252 -0.109228 -0.653216 -22.3374 0.0301351 0.990907 -0.13113 -4.14677 0.661599 0.0785644 0.745731 29.2584
0.750342 -0.106943 -0.652342 -22.8946 0.0282708 0.991116 -0.129963 -4.26343 0.660445 0.0790744 0.746699 29.9026
0.750578 -0.112159 -0.651194 -23.3802 0.0337908 0.990715 -0.131689 -4.36817 0.659918 0.0768388 0.747399 30.4752
0.750468 -0.117131 -0.650444 -23.8998 0.0398955 0.990404 -0.13232 -4.47884 0.659701 0.0733524 0.74794 31.0882
0.750857 -0.118238 -0.649795 -24.3526 0.0399914 0.990179 -0.133964 -4.56966 0.659253 0.0746017 0.748212 31.604
0.751144 -0.113413 -0.650323 -24.8113 0.0354663 0.990642 -0.131798 -4.66196 0.659185 0.0759344 0.748137 32.1243
0.751629 -0.11124 -0.650138 -25.2659 0.035616 0.991083 -0.1284 -4.75256 0.658623 0.0733541 0.748889 32.6394
0.751199 -0.106939 -0.651356 -25.7464 0.0320147 0.99153 -0.125866 -4.85522 0.659299 0.0736978 0.74826 33.1922
0.751381 -0.104799 -0.651493 -26.2624 0.0290912 0.991609 -0.125959 -4.95768 0.659227 0.0756903 0.748125 33.7584
0.749095 -0.108353 -0.653541 -26.7646 0.0328037 0.99139 -0.126767 -5.066 0.66165 0.0735216 0.7462 34.3394
0.746226 -0.108797 -0.656741 -27.2744 0.0342153 0.991519 -0.12538 -5.1812 0.664812 0.071091 0.74362 34.925
0.742723 -0.105222 -0.66128 -27.7996 0.032579 0.992085 -0.121268 -5.29798 0.668806 0.0685246 0.740272 35.5191
0.740053 -0.104682 -0.664352 -28.2854 0.0322934 0.992204 -0.120369 -5.4055 0.671773 0.0676254 0.737664 36.0488
0.738859 -0.102945 -0.665951 -28.7715 0.028626 0.992165 -0.121613 -5.50717 0.673252 0.0707913 0.736016 36.5723
0.737961 -0.102115 -0.667073 -29.2378 0.0267523 0.992135 -0.122279 -5.60721 0.674313 0.0723916 0.734888 37.0787
0.737753 -0.097639 -0.667973 -29.7123 0.0231038 0.992557 -0.119567 -5.70516 0.674676 0.0727781 0.734518 37.589
0.736243 -0.0965203 -0.669798 -30.1767 0.023985 0.992876 -0.116713 -5.81179 0.676292 0.0698637 0.733313 38.1131
0.736967 -0.0948225 -0.669244 -30.6478 0.0232633 0.993083 -0.115088 -5.90744 0.675528 0.0692476 0.734075 38.6212
0.736754 -0.0944203 -0.669536 -31.1173 0.0237243 0.993202 -0.113959 -6.00154 0.675744 0.0680754 0.733986 39.1443
0.737048 -0.0951241 -0.669113 -31.6398 0.026757 0.993376 -0.111749 -6.10674 0.675311 0.064461 0.734711 39.7163
0.736716 -0.0983831 -0.669007 -32.5873 0.0300634 0.993146 -0.112944 -6.2956 0.675534 0.0630953 0.734624 40.7518
0.735448 -0.101966 -0.669865 -33.3343 0.0350968 0.993018 -0.112623 -6.43954 0.676671 0.059318 0.733892 41.5893
0.734658 -0.100058 -0.671019 -34.5436 0.0334141 0.993201 -0.111516 -6.68409 0.677614 0.0595048 0.733006 42.8969
0.734276 -0.101081 -0.671283 -35.8534 0.0362814 0.993282 -0.109881 -6.9568 0.67788 0.056328 0.733011 44.3006
0.733426 -0.103731 -0.671808 -37.0393 0.0397635 0.993143 -0.109937 -7.18927 0.678605 0.053917 0.732522 45.5714
0.732468 -0.104386 -0.672751 -39.2458 0.0380554 0.992908 -0.112628 -7.62324 0.679737 0.0568949 0.731246 47.9563
0.732723 -0.102084 -0.672826 -40.4958 0.0338053 0.992924 -0.113836 -7.87507 0.679686 0.0606652 0.73099 49.2415
0.732011 -0.100133 -0.673895 -41.6116 0.0297964 0.992899 -0.115167 -8.10582 0.680641 0.0642236 0.729796 50.41
0.729938 -0.106279 -0.6752 -41.9461 0.0347811 0.992333 -0.118596 -8.17048 0.682628 0.0630832 0.728039 50.7885
0.728554 -0.108906 -0.676275 -42.6132 0.0374112 0.992133 -0.119468 -8.30178 0.683966 0.0617386 0.726897 51.5116
0.729428 -0.106028 -0.675791 -42.9078 0.0354735 0.992449 -0.117421 -8.35937 0.683137 0.0616771 0.727681 51.8066
0.729174 -0.102828 -0.676558 -43.1997 0.0322207 0.992709 -0.116152 -8.41666 0.683569 0.0628958 0.727171 52.1126
0.729544 -0.099804 -0.676612 -43.5106 0.028675 0.992889 -0.115538 -8.47843 0.683332 0.0648884 0.727219 52.4234
0.729603 -0.0998618 -0.67654 -43.7933 0.0287128 0.992882 -0.115591 -8.53448 0.683268 0.0649103 0.727277 52.7204
0.730758 -0.0977859 -0.675596 -44.0572 0.0265054 0.993005 -0.115058 -8.58269 0.682122 0.0661728 0.728238 52.9932
0.731594 -0.0960162 -0.674945 -44.3214 0.0247518 0.993121 -0.11445 -8.63387 0.681291 0.0670247 0.728938 53.2726
0.73286 -0.0930234 -0.673991 -44.5754 0.0239189 0.99352 -0.111116 -8.6812 0.679959 0.0653115 0.730336 53.5364
0.733228 -0.0895908 -0.674055 -44.8369 0.0243779 0.994109 -0.105612 -8.73111 0.679546 0.0610059 0.731092 53.8176
0.733742 -0.0882105 -0.673678 -45.0983 0.0264404 0.994492 -0.10142 -8.77844 0.678914 0.0566036 0.732033 54.0984
0.734187 -0.0829028 -0.673867 -45.3588 0.0203714 0.99476 -0.100186 -8.82268 0.678641 0.0598276 0.732029 54.3708
0.734685 -0.0793744 -0.673749 -45.6259 0.0160253 0.994885 -0.0997329 -8.86828 0.678219 0.0624752 0.732199 54.6506
0.735421 -0.0779912 -0.673108 -45.8821 0.0126304 0.994759 -0.10146 -8.9139 0.677493 0.0661144 0.732552 54.9083
0.73478 -0.0840139 -0.673082 -46.1283 0.0162564 0.994196 -0.106349 -8.95401 0.678111 0.067201 0.731881 55.1753
0.733935 -0.0903035 -0.67319 -46.6701 0.0237809 0.993931 -0.107402 -9.04413 0.678803 0.062817 0.731629 55.7911
0.735645 -0.0877713 -0.671656 -46.9031 0.0220671 0.994148 -0.105745 -9.08163 0.677008 0.062969 0.733277 56.0467
0.738769 -0.0799724 -0.669197 -47.3896 0.0142412 0.994566 -0.103134 -9.15739 0.673809 0.0666619 0.735893 56.5454
0.741711 -0.0746528 -0.666552 -47.6356 0.0124547 0.995148 -0.097596 -9.19862 0.670604 0.0640863 0.739042 56.8145
0.745131 -0.0751885 -0.662667 -47.8759 0.0190353 0.995617 -0.0915621 -9.24146 0.666647 0.0556117 0.743296 57.103
0.7491 -0.075907 -0.658094 -48.5137 0.022539 0.995759 -0.0891987 -9.34287 0.662073 0.0519859 0.747634 57.8445
0.752603 -0.0785397 -0.653774 -48.7739 0.0261259 0.995641 -0.0895339 -9.38452 0.657957 0.0503029 0.751374 58.1392
0.75519 -0.0842418 -0.65007 -49.0255 0.0331266 0.995345 -0.0905022 -9.42207 0.654668 0.0468118 0.754466 58.4475
0.758867 -0.0841846 -0.645781 -49.2917 0.0348285 0.995437 -0.0888385 -9.46206 0.650313 0.044925 0.758337 58.7605
0.762774 -0.0823032 -0.641406 -49.5632 0.0327196 0.995509 -0.0888297 -9.5022 0.645837 0.0467705 0.762042 59.0702
0.76706 -0.0814891 -0.636379 -49.8465 0.0310397 0.995453 -0.0900553 -9.54435 0.640824 0.0493248 0.766101 59.3879
0.76947 -0.0851528 -0.632981 -50.1598 0.0353384 0.99523 -0.0909266 -9.59614 0.637704 0.0475967 0.768809 59.773
0.770889 -0.0899489 -0.630586 -51.2242 0.0403765 0.994889 -0.0925542 -9.76482 0.635688 0.0458882 0.770581 61.1082
0.772176 -0.0906192 -0.628913 -51.8679 0.0420239 0.994894 -0.0917562 -9.87062 0.634017 0.0444226 0.772042 61.9044
0.773652 -0.0882601 -0.627433 -52.5799 0.0414635 0.99518 -0.0888643 -9.98437 0.632253 0.0427344 0.773583 62.7604
0.774531 -0.0858664 -0.626681 -53.4186 0.0422656 0.995555 -0.0841715 -10.1214 0.631122 0.0387064 0.774717 63.7898
0.775508 -0.0834358 -0.6258 -54.2289 0.0424591 0.995877 -0.0801605 -10.2634 0.629909 0.0355942 0.775853 64.7517
0.775693 -0.0838012 -0.625522 -55.2839 0.043371 0.99588 -0.0796349 -10.4002 0.629619 0.0346427 0.776132 66.0265
0.774764 -0.0848847 -0.626527 -56.4901 0.0446311 0.995817 -0.0797269 -10.5746 0.630674 0.0338069 0.775311 67.5203
0.772981 -0.0865219 -0.628501 -57.6072 0.0459303 0.995689 -0.0805816 -10.7296 0.632764 0.0334208 0.773623 68.8836
0.771156 -0.0870107 -0.630672 -58.6545 0.0450221 0.99559 -0.0823055 -10.881 0.635052 0.0350762 0.771672 70.1029
0.767982 -0.0857351 -0.634707 -59.7123 0.0437266 0.995706 -0.08159 -11.0456 0.638977 0.0349061 0.768433 71.3356
0.764286 -0.0837616 -0.639414 -60.8036 0.0425215 0.995917 -0.0796368 -11.1984 0.643474 0.0336764 0.764727 72.5852
0.760144 -0.0782225 -0.645029 -62.0026 0.0393547 0.996447 -0.0744607 -11.3639 0.648562 0.0312159 0.760522 73.9585
0.755196 -0.075182 -0.651173 -63.9355 0.0382493 0.996762 -0.070723 -11.6441 0.654382 0.0285028 0.755627 76.1479
0.7494 -0.0762773 -0.65771 -65.9763 0.0394179 0.99672 -0.0706807 -11.9132 0.660943 0.0270426 0.749948 78.3584
0.742315 -0.0769287 -0.66562 -66.316 0.0389268 0.996661 -0.0717765 -11.9622 0.668919 0.0273704 0.742831 78.7184
0.732892 -0.0811137 -0.675492 -66.6495 0.0401603 0.996294 -0.0760628 -12.0035 0.679158 0.0286179 0.733434 79.0831
0.723022 -0.0797259 -0.686209 -66.9931 0.0363408 0.996332 -0.0774667 -12.0494 0.689869 0.0310727 0.723267 79.4303
0.711464 -0.0792464 -0.69824 -67.365 0.0351276 0.996389 -0.0772919 -12.0986 0.701844 0.0304629 0.711679 79.8038
0.699927 -0.0779434 -0.709948 -67.7177 0.0364918 0.996632 -0.0734409 -12.1406 0.713281 0.025496 0.700414 80.1471
0.688356 -0.0733964 -0.72165 -68.0607 0.0344635 0.997053 -0.0685332 -12.1835 0.724554 0.0223047 0.688857 80.4607
0.674924 -0.0698655 -0.734572 -68.4046 0.0331491 0.997373 -0.0644033 -12.2306 0.737142 0.019117 0.675467 80.7854
0.662011 -0.0672113 -0.746474 -68.7895 0.0297896 0.997544 -0.0633983 -12.279 0.748902 0.0197332 0.662387 81.1121
0.646845 -0.0716627 -0.759247 -69.5157 0.0320156 0.997249 -0.066851 -12.3572 0.761949 0.0189345 0.64736 81.7486
0.63455 -0.0739927 -0.769332 -69.8982 0.0290955 0.996988 -0.07189 -12.3992 0.772334 0.0232337 0.634791 82.0429
0.622975 -0.0775777 -0.778385 -70.5465 0.0290603 0.996678 -0.0760757 -12.4749 0.781702 0.0247731 0.62316 82.5439
0.61468 -0.0743126 -0.785268 -71.1068 0.0226307 0.996804 -0.0766164 -12.5364 0.788452 0.0293234 0.614397 82.9344
0.60767 -0.068639 -0.791218 -71.6684 0.0176867 0.997181 -0.0729227 -12.5907 0.793992 0.0303189 0.607171 83.3471
0.604352 -0.0587073 -0.794552 -72.2468 0.0123581 0.997852 -0.0643288 -12.6508 0.796622 0.0290581 0.603779 83.7701
0.603375 -0.0548878 -0.795566 -72.9094 0.0144308 0.998217 -0.0579244 -12.7242 0.797327 0.0234695 0.603091 84.2976
0.606241 -0.0539653 -0.793448 -73.7312 0.0131668 0.998239 -0.0578338 -12.8042 0.795172 0.0246141 0.605885 84.9108
0.611293 -0.0584088 -0.789246 -74.432 0.0141769 0.997921 -0.0628715 -12.8738 0.791278 0.0272438 0.61085 85.4553
0.621793 -0.0598686 -0.78089 -75.1962 0.0115677 0.997667 -0.0672774 -12.9482 0.783096 0.0327995 0.621035 85.9897
0.631399 -0.0593994 -0.77318 -75.9279 0.010945 0.997645 -0.0677059 -13.0284 0.775381 0.034287 0.630563 86.5968
0.643052 -0.0576853 -0.763647 -76.6095 0.0122396 0.997806 -0.0650666 -13.107 0.765725 0.0324944 0.642347 87.173
0.654728 -0.0560878 -0.753781 -77.2598 0.015223 0.998019 -0.0610386 -13.1778 0.755711 0.0284889 0.654285 87.7506
0.665414 -0.0578778 -0.744227 -78.0129 0.0212849 0.998055 -0.058587 -13.2529 0.746171 0.0231438 0.665352 88.4709
0.6763 -0.057121 -0.734408 -78.3178 0.0243721 0.998178 -0.0551928 -13.2802 0.736223 0.0194279 0.67646 88.7614
0.687667 -0.053502 -0.724052 -78.7743 0.0264993 0.998466 -0.0486115 -13.3258 0.725542 0.0142417 0.68803 89.2104
0.69827 -0.0452671 -0.714402 -79.2538 0.0240119 0.998918 -0.0398254 -13.3656 0.715432 0.0106547 0.698601 89.683
0.708117 -0.0431109 -0.704778 -79.7929 0.0279431 0.999063 -0.0330368 -13.4115 0.705542 0.00370027 0.708659 90.2244
0.715368 -0.0418841 -0.697492 -80.3609 0.0302216 0.999122 -0.0290008 -13.4542 0.698094 -0.000333082 0.716006 90.8089
0.719461 -0.0469406 -0.692945 -80.6807 0.0360542 0.998892 -0.030232 -13.4725 0.693596 -0.0032328 0.720357 91.1596
0.723777 -0.047433 -0.688402 -81.5041 0.035733 0.998872 -0.0312561 -13.5149 0.689109 -0.00197619 0.724655 92.007
0.726772 -0.0436719 -0.685489 -83.2751 0.0355413 0.999031 -0.0259657 -13.6002 0.685958 -0.00549206 0.72762 93.8865
0.72963 -0.0364213 -0.682871 -84.6625 0.0341876 0.999275 -0.0167683 -13.6781 0.682987 -0.011111 0.730346 95.3259
0.732054 -0.0346555 -0.680365 -86.2393 0.038418 0.999216 -0.00955995 -13.7655 0.680163 -0.0191399 0.732811 97.0273
0.734556 -0.0364193 -0.67757 -87.3062 0.0400407 0.999145 -0.0102956 -13.7993 0.677366 -0.0195677 0.735386 98.1644
0.737024 -0.0402939 -0.674665 -88.0692 0.0435713 0.998977 -0.0120648 -13.8246 0.674461 -0.020504 0.738026 99.0117
0.739696 -0.0382128 -0.671855 -88.6939 0.0430821 0.999027 -0.0093889 -13.8399 0.67156 -0.022 0.740623 99.6901
0.742652 -0.0331526 -0.668857 -89.536 0.0434886 0.999053 -0.00123252 -13.8662 0.668265 -0.0281723 0.74339 100.62
0.746831 -0.0250796 -0.664541 -90.7825 0.0416897 0.999089 0.00914679 -13.8921 0.663706 -0.0345356 0.747196 101.966
0.750718 -0.0204084 -0.660308 -91.2069 0.038971 0.99915 0.0134258 -13.8982 0.659472 -0.0358119 0.750875 102.442
0.755258 -0.0193108 -0.655144 -91.6559 0.0387587 0.999133 0.0152314 -13.9075 0.654281 -0.0368961 0.755351 102.942
0.758724 -0.0198005 -0.651111 -92.0758 0.0405567 0.999035 0.0168787 -13.9045 0.650149 -0.0392132 0.758795 103.443
0.763777 -0.0160776 -0.64528 -92.534 0.0391075 0.999006 0.0213982 -13.9014 0.644294 -0.0415788 0.763647 103.963
0.766575 -0.0157787 -0.641961 -92.9354 0.0435207 0.998676 0.0274224 -13.8971 0.640678 -0.0489599 0.766247 104.463
0.769424 -0.0186372 -0.638466 -93.3456 0.0488004 0.998368 0.0296671 -13.8958 0.636871 -0.053984 0.769078 104.976
0.772102 -0.0237882 -0.635054 -93.7621 0.0539544 0.998145 0.028209 -13.8888 0.633205 -0.0560442 0.771953 105.505
0.775553 -0.0238557 -0.630832 -94.1855 0.053365 0.998186 0.0278599 -13.8787 0.629023 -0.0552712 0.775419 106.003
0.777006 -0.0220991 -0.629105 -94.5913 0.0528635 0.998144 0.030229 -13.8726 0.62727 -0.0567448 0.776732 106.508
0.779116 -0.0179357 -0.626624 -95.005 0.0517489 0.998019 0.0357761 -13.8619 0.624741 -0.0603008 0.7785 107.01
0.779883 -0.0154221 -0.625735 -95.4188 0.0519791 0.997839 0.0401909 -13.8478 0.623763 -0.0638694 0.778999 107.526
0.780195 -0.0183624 -0.625267 -95.8472 0.0563229 0.997571 0.0409826 -13.837 0.622996 -0.0671912 0.779334 108.067
0.779104 -0.0209451 -0.626545 -96.2821 0.0584258 0.997518 0.0393055 -13.8193 0.624167 -0.0672295 0.778393 108.62
0.778484 -0.0217853 -0.627286 -96.7753 0.0581525 0.997602 0.0375231 -13.8033 0.624964 -0.0656894 0.777885 109.225
0.777254 -0.0233436 -0.628753 -97.1697 0.0627191 0.997209 0.0405092 -13.7914 0.626053 -0.0709208 0.776549 109.718
0.775003 -0.0240918 -0.631499 -97.5956 0.0681176 0.996636 0.0455751 -13.7744 0.628276 -0.078337 0.774036 110.254
0.7728 -0.0229259 -0.634235 -98.0013 0.0705639 0.996255 0.0499684 -13.7561 0.630714 -0.0833697 0.771524 110.743
0.77047 -0.0217088 -0.637106 -98.4745 0.0710708 0.996115 0.0520062 -13.7389 0.633502 -0.0853489 0.769019 111.3
0.765503 -0.0251191 -0.642941 -98.8748 0.0750073 0.995909 0.0503965 -13.7111 0.639045 -0.086804 0.764255 111.804
0.760788 -0.0257186 -0.648491 -99.3195 0.0767815 0.995764 0.0505863 -13.6905 0.644443 -0.0882776 0.75954 112.319
0.756056 -0.0207096 -0.654179 -99.7695 0.0734086 0.995876 0.053314 -13.6656 0.650377 -0.0883307 0.754459 112.816
0.75123 -0.0204791 -0.659723 -100.256 0.074611 0.995747 0.0540499 -13.6431 0.65581 -0.0898265 0.749562 113.357
0.747163 -0.0191488 -0.664365 -100.726 0.0738146 0.995792 0.0543126 -13.6191 0.660529 -0.0896202 0.745433 113.864
0.742726 -0.0169122 -0.669382 -101.223 0.072521 0.995832 0.055307 -13.5908 0.665657 -0.0896222 0.740857 114.398
0.738857 -0.015001 -0.673695 -101.733 0.0724641 0.995724 0.0573016 -13.5624 0.669955 -0.0911564 0.736784 114.935
0.734254 -0.0172911 -0.678654 -102.294 0.0762399 0.995452 0.0571234 -13.5311 0.67458 -0.0936836 0.732233 115.545
0.729763 -0.0206699 -0.683388 -102.863 0.0780823 0.995523 0.0532702 -13.4975 0.679227 -0.0922351 0.728109 116.154
0.726121 -0.0234458 -0.687167 -103.427 0.0800202 0.995509 0.0505902 -13.4725 0.682894 -0.0917219 0.724736 116.743
0.724646 -0.0229453 -0.688739 -104.053 0.0776346 0.995801 0.048507 -13.4417 0.684734 -0.0886204 0.723385 117.36
0.723932 -0.0221601 -0.689516 -104.595 0.0779529 0.99571 0.0498429 -13.4222 0.685453 -0.0898326 0.722554 117.897
0.721493 -0.0227879 -0.692046 -105.155 0.083469 0.995032 0.054256 -13.3983 0.687372 -0.0969098 0.719811 118.493
0.719703 -0.0232183 -0.693894 -105.76 0.085262 0.994831 0.0551453 -13.3757 0.689027 -0.098851 0.717963 119.11
0.718304 -0.0255531 -0.695259 -106.399 0.0824733 0.995406 0.0486225 -13.3462 0.690823 -0.0922661 0.717112 119.761
0.717309 -0.0278934 -0.696197 -107.026 0.0800704 0.995879 0.0425983 -13.3176 0.69214 -0.0863009 0.716586 120.407
0.718656 -0.023871 -0.694956 -107.666 0.074365 0.996317 0.0426787 -13.2922 0.691378 -0.0823517 0.717785 121.039
0.719081 -0.017946 -0.694695 -108.304 0.0693808 0.996526 0.0460731 -13.2649 0.691455 -0.0813288 0.717827 121.688
0.720208 -0.0155019 -0.693585 -108.983 0.0677463 0.996544 0.0480736 -13.2352 0.690442 -0.0816108 0.718769 122.375
0.721674 -0.0186564 -0.691982 -109.611 0.0707727 0.996387 0.0469461 -13.2088 0.688606 -0.0828532 0.720387 123.025
0.723151 -0.0246707 -0.690249 -111.332 0.0701871 0.996813 0.0379049 -13.1429 0.687115 -0.0758576 0.722578 124.788
0.724627 -0.028986 -0.688531 -112.526 0.0667092 0.997373 0.0282187 -13.115 0.685905 -0.0663794 0.724658 125.992
0.726336 -0.0323874 -0.686577 -114.79 0.0657142 0.997586 0.0224613 -13.0893 0.684192 -0.0614323 0.72671 128.333
0.727398 -0.0338586 -0.68538 -117.492 0.0671691 0.997499 0.0220093 -13.0739 0.68292 -0.0620459 0.727853 131.218
0.729056 -0.0348302 -0.683567 -118.112 0.0691861 0.997339 0.0229722 -13.0703 0.680948 -0.0640413 0.729526 131.871
0.72969 -0.0365633 -0.6828 -121.173 0.0726252 0.997065 0.0242207 -13.0585 0.67991 -0.0672621 0.730204 135.164
0.729324 -0.0439904 -0.682753 -121.765 0.0782869 0.996742 0.0194058 -13.0588 0.679675 -0.0676037 0.730392 135.822
0.729762 -0.0482339 -0.681997 -122.344 0.0791961 0.996757 0.0142476 -13.0572 0.679099 -0.0644089 0.731216 136.446
0.730203 -0.046027 -0.681678 -122.936 0.0769478 0.996921 0.0151131 -13.0666 0.678883 -0.0634893 0.731496 137.078
0.730061 -0.0435488 -0.681993 -123.573 0.077013 0.996853 0.0187868 -13.0702 0.679029 -0.0662378 0.731117 137.773
0.730245 -0.0416806 -0.681913 -124.204 0.0751612 0.99698 0.0195499 -13.0763 0.679039 -0.0655296 0.731172 138.449
0.730594 -0.0374659 -0.681783 -124.892 0.0710044 0.997249 0.0212862 -13.0701 0.67911 -0.0639612 0.731244 139.182
0.730676 -0.0368566 -0.681729 -125.729 0.0719365 0.99714 0.0231927 -13.0684 0.678924 -0.0659876 0.731237 140.085
0.730805 -0.0393965 -0.681448 -126.523 0.0718843 0.997224 0.0194385 -13.069 0.67879 -0.0631912 0.731608 140.924
0.729821 -0.0466157 -0.682047 -127.46 0.0747564 0.997132 0.011842 -13.0689 0.679538 -0.05963 0.731212 141.952
0.728911 -0.0526345 -0.682582 -128.236 0.0779032 0.996941 0.00631568 -13.0749 0.680162 -0.0577789 0.730781 142.792
0.727525 -0.0561976 -0.683776 -129.086 0.0836109 0.996473 0.00706312 -13.0842 0.680967 -0.0623097 0.729658 143.74
0.727293 -0.0548419 -0.684133 -129.899 0.0811417 0.996682 0.00636402 -13.1029 0.681514 -0.0601402 0.72933 144.603
0.727053 -0.0604123 -0.683918 -130.65 0.0815886 0.996665 -0.00130362 -13.1139 0.681716 -0.0548521 0.729558 145.4
0.727457 -0.0655532 -0.683015 -131.404 0.078765 0.996824 -0.0117813 -13.14 0.681617 -0.0452273 0.73031 146.194
0.728337 -0.0699363 -0.681641 -132.054 0.0797124 0.996671 -0.0170852 -13.1765 0.680567 -0.0418914 0.731487 146.871
0.728413 -0.0713127 -0.681417 -132.67 0.083094 0.996422 -0.0154542 -13.2067 0.680081 -0.0453646 0.731732 147.532
0.727936 -0.0729726 -0.68175 -133.35 0.0885482 0.995999 -0.0120618 -13.2446 0.679903 -0.0515875 0.731485 148.283
0.727873 -0.0744513 -0.681658 -134.015 0.091986 0.995705 -0.0105294 -13.2765 0.679514 -0.055039 0.731595 149.004
0.727802 -0.0790282 -0.681219 -134.824 0.0958102 0.995313 -0.0131044 -13.3035 0.679062 -0.0557303 0.731963 149.875
0.728633 -0.0787825 -0.680358 -135.512 0.0928252 0.995556 -0.0158695 -13.3416 0.678585 -0.0515914 0.732708 150.609
0.730142 -0.0773623 -0.678902 -136.305 0.0883789 0.995916 -0.0184375 -13.3878 0.677556 -0.0465386 0.733998 151.451
0.730695 -0.0738955 -0.678693 -136.996 0.0850321 0.996235 -0.0169218 -13.4238 0.677388 -0.045346 0.734227 152.192
0.731386 -0.0695952 -0.678404 -137.671 0.0841721 0.996385 -0.0114701 -13.455 0.67675 -0.0487136 0.7346 152.922
0.733093 -0.0677075 -0.67675 -138.341 0.0852736 0.996331 -0.00730787 -13.4944 0.674762 -0.0523516 0.736176 153.645
0.734245 -0.0697389 -0.675293 -138.992 0.0858327 0.996264 -0.00956053 -13.5228 0.673437 -0.0509425 0.737487 154.367
0.735385 -0.0754717 -0.673434 -139.645 0.0893983 0.995898 -0.013988 -13.5475 0.671727 -0.0499173 0.739115 155.091
0.737358 -0.0774815 -0.671043 -140.34 0.0902089 0.995797 -0.0158553 -13.5869 0.669451 -0.048843 0.741249 155.844
0.738321 -0.0788172 -0.669828 -140.999 0.0924475 0.995601 -0.0152495 -13.6285 0.668083 -0.0506649 0.74236 156.594
0.740088 -0.0785157 -0.667911 -141.683 0.0924795 0.995608 -0.0145647 -13.6611 0.666122 -0.0509889 0.744098 157.343
0.741037 -0.0773666 -0.666993 -142.357 0.091949 0.995674 -0.013335 -13.7017 0.665139 -0.0514476 0.744945 158.146
0.744236 -0.0741854 -0.663785 -142.993 0.0897447 0.995908 -0.0106822 -13.7206 0.66186 -0.0516211 0.747848 158.841
0.744485 -0.0735782 -0.663573 -143.613 0.0902117 0.99588 -0.0092136 -13.7358 0.661517 -0.0530026 0.748055 159.568
0.747262 -0.075806 -0.660192 -144.335 0.0916399 0.995736 -0.0106087 -13.7686 0.658181 -0.0525724 0.751022 160.356
0.749533 -0.0772845 -0.65744 -145.158 0.089034 0.995907 -0.0155668 -13.7964 0.655953 -0.0468667 0.753346 161.263
0.74962 -0.0815139 -0.65683 -145.878 0.0911532 0.995645 -0.0195312 -13.835 0.655561 -0.0452311 0.753786 162.113
0.750547 -0.0806258 -0.65588 -146.752 0.0903582 0.995728 -0.0190024 -13.8928 0.65461 -0.0450019 0.754626 163.098
0.751059 -0.0780215 -0.655609 -147.613 0.0884287 0.995934 -0.0172191 -13.9471 0.654287 -0.0450421 0.754904 164.087
0.752499 -0.077829 -0.653978 -148.836 0.0870931 0.996032 -0.0183227 -14.0067 0.652809 -0.0431692 0.756291 165.412
0.752692 -0.0733087 -0.654279 -149.406 0.0823346 0.996461 -0.0169296 -14.0408 0.653205 -0.041127 0.756064 166.053
0.751436 -0.0732081 -0.655732 -150.023 0.0836591 0.996376 -0.0153696 -14.0798 0.654481 -0.0433087 0.754837 166.769
0.748486 -0.0756705 -0.658819 -150.67 0.0882818 0.995996 -0.0141008 -14.117 0.657248 -0.0476075 0.752169 167.543
0.74649 -0.077829 -0.66083 -151.414 0.0885513 0.995922 -0.0172646 -14.1602 0.659478 -0.0456295 0.750337 168.385
0.745165 -0.0803157 -0.662026 -152.287 0.088604 0.995844 -0.0210826 -14.2121 0.660967 -0.0429482 0.749185 169.348
0.743244 -0.0835509 -0.663782 -153.495 0.0898904 0.995646 -0.0246716 -14.2933 0.662954 -0.0413307 0.747519 170.711
0.743461 -0.0823693 -0.663687 -154.208 0.0868682 0.995873 -0.0262868 -14.3276 0.663113 -0.0381101 0.747548 171.471
0.743542 -0.08127 -0.663732 -155.435 0.084616 0.996043 -0.0271689 -14.4073 0.663314 -0.0359611 0.747477 172.782
0.742526 -0.0821842 -0.664756 -156.47 0.0834744 0.996061 -0.0299035 -14.4413 0.664595 -0.033286 0.746462 173.917
0.741342 -0.0822936 -0.666063 -157.215 0.0832617 0.996064 -0.030394 -14.5059 0.665943 -0.0329253 0.745276 174.744
0.737862 -0.0858495 -0.66947 -157.836 0.0887715 0.995605 -0.0298312 -14.5469 0.669089 -0.0374185 0.74224 175.487
0.737685 -0.0847821 -0.6698 -158.417 0.0875678 0.995719 -0.0295935 -14.5899 0.669442 -0.0368223 0.741951 176.13
0.737672 -0.0877769 -0.669429 -158.949 0.0919366 0.995337 -0.0292016 -14.6215 0.66887 -0.0400038 0.742302 176.736
0.739278 -0.0852828 -0.667978 -159.479 0.0898622 0.99557 -0.0276533 -14.6713 0.667377 -0.0395824 0.743667 177.323
0.740902 -0.0850738 -0.666203 -160.025 0.0904879 0.995545 -0.0264967 -14.7049 0.66549 -0.0406519 0.745299 177.938
0.742986 -0.0887953 -0.663391 -161.827 0.091526 0.995329 -0.0307179 -14.8117 0.66302 -0.0378945 0.747642 179.941
0.743346 -0.0967159 -0.661878 -162.432 0.097718 0.994578 -0.0355853 -14.8614 0.661731 -0.0382252 0.748767 180.655
0.744981 -0.103761 -0.658967 -163.181 0.10172 0.993947 -0.0415092 -14.9261 0.659285 -0.0361066 0.751026 181.501
0.747072 -0.106875 -0.656095 -163.813 0.10424 0.993615 -0.0431608 -14.9821 0.656519 -0.0361469 0.753443 182.211
0.747866 -0.107624 -0.655068 -164.306 0.107311 0.993392 -0.0406955 -15.0295 0.655119 -0.0398615 0.754473 182.793
0.750889 -0.102591 -0.652412 -164.837 0.106081 0.99377 -0.0341758 -15.0743 0.651853 -0.0435461 0.757094 183.394
0.753386 -0.099466 -0.650012 -165.326 0.105329 0.993984 -0.0300218 -15.1127 0.649088 -0.0458469 0.75933 183.972
0.755079 -0.0999455 -0.647971 -165.85 0.107704 0.993795 -0.0277789 -15.1532 0.646727 -0.0488141 0.761158 184.613
0.757626 -0.0987888 -0.64517 -166.344 0.107127 0.993895 -0.0263862 -15.1888 0.643838 -0.0491242 0.763584 185.211
0.762048 -0.0977739 -0.640096 -166.828 0.105741 0.994055 -0.0259535 -15.2265 0.638828 -0.0479066 0.767857 185.789
0.767021 -0.0986963 -0.633986 -167.252 0.10831 0.993835 -0.0236781 -15.2676 0.632414 -0.0505056 0.772982 186.318
0.773003 -0.0978975 -0.626803 -167.695 0.105743 0.994083 -0.0248536 -15.2988 0.625527 -0.0470683 0.778781 186.87
0.779343 -0.0966422 -0.6191 -168.148 0.102262 0.994405 -0.0264975 -15.3427 0.618197 -0.0426595 0.784865 187.447
0.784552 -0.105516 -0.611019 -168.544 0.11043 0.993438 -0.0297636 -15.379 0.61015 -0.0441236 0.791056 187.992
0.789483 -0.113716 -0.603145 -168.952 0.116447 0.99259 -0.0347198 -15.4114 0.602624 -0.0428236 0.796875 188.543
0.794777 -0.11728 -0.595463 -169.327 0.115979 0.992419 -0.0406629 -15.4442 0.595717 -0.036743 0.802353 189.052
0.799881 -0.119253 -0.588191 -169.686 0.113336 0.99244 -0.0470869 -15.475 0.58936 -0.0289994 0.80735 189.539
0.80482 -0.115283 -0.582215 -170.011 0.109184 0.992971 -0.045686 -15.503 0.58339 -0.0267994 0.81175 189.99
0.810184 -0.11383 -0.575017 -170.325 0.111006 0.993008 -0.04017 -15.5347 0.575569 -0.0312853 0.817154 190.447
0.815322 -0.111743 -0.568122 -170.648 0.110958 0.993169 -0.0361064 -15.5678 0.568276 -0.0335994 0.822152 190.905
0.820053 -0.108552 -0.561898 -170.974 0.107577 0.993582 -0.0349466 -15.6013 0.562085 -0.031789 0.826468 191.366
0.823718 -0.108727 -0.556477 -171.295 0.107248 0.993602 -0.0353822 -15.6256 0.556764 -0.0305363 0.830109 191.838
0.826078 -0.105478 -0.553598 -171.594 0.105846 0.993886 -0.0314243 -15.652 0.553527 -0.0326372 0.832191 192.285
0.829239 -0.10181 -0.549542 -171.911 0.106376 0.994045 -0.0236435 -15.6844 0.548677 -0.0388518 0.835131 192.759
0.832693 -0.0953414 -0.545466 -172.259 0.103144 0.994532 -0.0163768 -15.7116 0.544045 -0.0426246 0.837973 193.276
0.835024 -0.0943581 -0.542062 -172.617 0.105336 0.994378 -0.0108282 -15.7319 0.540037 -0.0480568 0.840268 193.837
0.837163 -0.0968344 -0.538313 -173.033 0.10879 0.994018 -0.00962269 -15.7536 0.536024 -0.0505074 0.84269 194.493
0.83702 -0.106516 -0.536705 -173.414 0.11868 0.992861 -0.011958 -15.7734 0.534147 -0.053687 0.843685 195.137
0.83874 -0.110957 -0.533108 -173.817 0.119144 0.992692 -0.0191621 -15.8035 0.531338 -0.0474443 0.84583 195.751
0.84006 -0.117377 -0.529643 -174.17 0.1209 0.992266 -0.0281433 -15.8314 0.52885 -0.0403915 0.847754 196.309
0.841091 -0.120346 -0.527336 -174.526 0.122137 0.992011 -0.0315861 -15.8641 0.526924 -0.0378404 0.84907 196.872
0.841427 -0.122738 -0.526247 -174.858 0.124579 0.99169 -0.0321027 -15.8915 0.525815 -0.0385473 0.849725 197.414
0.843564 -0.115622 -0.524435 -175.198 0.118845 0.992528 -0.0276581 -15.9191 0.523714 -0.0389949 0.851001 197.928
0.844497 -0.114168 -0.523251 -175.558 0.118623 0.992621 -0.0251296 -15.9493 0.522259 -0.0408475 0.851808 198.508
0.844558 -0.113603 -0.523275 -176.146 0.119642 0.992565 -0.0223849 -16.0034 0.521927 -0.0437002 0.85187 199.504
0.846193 -0.111327 -0.521118 -176.496 0.116708 0.992909 -0.0226043 -16.0265 0.519939 -0.0416911 0.853186 200.051
0.846008 -0.112599 -0.521144 -176.82 0.118896 0.992675 -0.0214678 -16.0513 0.519744 -0.0437998 0.853198 200.587
0.845917 -0.116291 -0.520481 -177.164 0.123517 0.992122 -0.0209234 -16.076 0.518814 -0.0465886 0.853617 201.144
0.845642 -0.11503 -0.521208 -177.498 0.123167 0.992201 -0.0191434 -16.1003 0.519346 -0.0480072 0.853215 201.701
0.846469 -0.113076 -0.520291 -177.841 0.120578 0.992512 -0.0195355 -16.1237 0.518604 -0.0461993 0.853765 202.244
0.845963 -0.117761 -0.520076 -178.189 0.125154 0.991915 -0.0210212 -16.1511 0.518346 -0.0473066 0.853862 202.816
0.8453 -0.121025 -0.520405 -179.273 0.12674 0.991627 -0.0247471 -16.2411 0.519043 -0.0450372 0.853561 204.581
0.844971 -0.122583 -0.520575 -180.278 0.126267 0.991586 -0.0285462 -16.3242 0.519694 -0.0416106 0.853339 206.21
0.843819 -0.123952 -0.522116 -181.944 0.127464 0.991409 -0.0293623 -16.4623 0.52127 -0.0417743 0.852369 208.951
0.843497 -0.122662 -0.52294 -182.28 0.126381 0.991566 -0.0287328 -16.4889 0.522054 -0.0418535 0.851885 209.479
0.842917 -0.121653 -0.524111 -182.631 0.12669 0.991591 -0.026409 -16.5157 0.522916 -0.0441389 0.85124 210.044
0.84185 -0.119445 -0.526329 -182.956 0.126363 0.991719 -0.0229463 -16.5383 0.524711 -0.0471913 0.849972 210.569
0.841254 -0.116832 -0.527865 -183.319 0.125709 0.991881 -0.0191913 -16.5675 0.525822 -0.0502127 0.849112 211.132
0.839127 -0.118647 -0.530838 -184.245 0.128458 0.991541 -0.0185572 -16.6436 0.528549 -0.0526186 0.84727 212.663
0.838304 -0.119206 -0.532011 -184.612 0.127818 0.99158 -0.0207726 -16.6751 0.530008 -0.050587 0.846483 213.238
0.837923 -0.120958 -0.532216 -184.957 0.126368 0.991632 -0.026416 -16.6991 0.530957 -0.0451203 0.846197 213.765
0.83673 -0.120948 -0.534092 -185.3 0.125109 0.991731 -0.0285827 -16.7286 0.533133 -0.0429036 0.844943 214.31
0.835736 -0.118995 -0.536083 -186.057 0.124152 0.991906 -0.0266251 -16.7962 0.534912 -0.0443044 0.843745 215.491
0.834926 -0.118177 -0.537524 -186.404 0.125455 0.991828 -0.0231909 -16.8288 0.535872 -0.0480723 0.842929 216.039
0.835845 -0.114013 -0.536996 -186.76 0.120144 0.992473 -0.023712 -16.86 0.535657 -0.0446971 0.843252 216.583
0.836976 -0.116279 -0.534743 -187.101 0.121149 0.99229 -0.0261504 -16.8772 0.533661 -0.0428962 0.84461 217.111
0.838916 -0.114328 -0.532118 -188.008 0.119278 0.992541 -0.0252036 -16.9502 0.53103 -0.0423263 0.846295 218.514
0.842363 -0.113578 -0.526805 -188.789 0.119264 0.992589 -0.0232971 -17.0012 0.525547 -0.0432042 0.849667 219.716
0.84553 -0.112611 -0.521917 -189.805 0.117288 0.992803 -0.0241994 -17.0826 0.520886 -0.0407532 0.852653 221.332
0.848129 -0.113309 -0.51753 -190.802 0.116452 0.992842 -0.026532 -17.1587 0.516832 -0.037765 0.855254 222.967
0.85075 -0.114382 -0.512973 -191.669 0.117724 0.992703 -0.0261106 -17.2372 0.512216 -0.0381756 0.858008 224.416
0.854236 -0.112282 -0.507616 -192.294 0.115995 0.992949 -0.0244351 -17.2956 0.50678 -0.0380074 0.861237 225.453
0.85707 -0.11325 -0.502598 -193.119 0.116062 0.992907 -0.0258129 -17.3613 0.501956 -0.0362089 0.864135 226.873
0.858906 -0.116001 -0.498822 -193.67 0.118851 0.992567 -0.0261769 -17.4138 0.498151 -0.0368018 0.866309 227.842
0.859508 -0.117279 -0.497485 -194.521 0.120774 0.992358 -0.02528 -17.4726 0.496648 -0.0383549 0.867104 229.365
0.861298 -0.111695 -0.495671 -195.884 0.1176 0.992872 -0.0193888 -17.5918 0.494304 -0.0415914 0.868294 231.659
0.863196 -0.111525 -0.492398 -196.257 0.118933 0.992767 -0.0163613 -17.6237 0.490661 -0.0444393 0.870216 232.313
0.865221 -0.112279 -0.488657 -196.978 0.118205 0.992811 -0.0188243 -17.6839 0.487257 -0.0414745 0.872273 233.57
0.866643 -0.116579 -0.485119 -197.819 0.120803 0.992417 -0.0226794 -17.7538 0.484084 -0.0389489 0.874154 235.1
0.867621 -0.116569 -0.483369 -198.137 0.120494 0.992446 -0.0230579 -17.7821 0.482405 -0.0382374 0.875113 235.687
0.8693 -0.116913 -0.480259 -199.165 0.122365 0.992282 -0.0200694 -17.8672 0.478898 -0.0413204 0.876897 237.578
0.870354 -0.119592 -0.477684 -199.885 0.126505 0.991806 -0.01781 -17.9265 0.4759 -0.0449285 0.878351 238.947
0.872351 -0.121246 -0.473607 -200.831 0.127504 0.991656 -0.0190164 -18.0016 0.471961 -0.0437976 0.880531 240.711
0.87415 -0.12321 -0.469767 -201.776 0.128561 0.991483 -0.0208154 -18.0737 0.468331 -0.042198 0.882545 242.512
0.875899 -0.123254 -0.466487 -202.752 0.128832 0.991464 -0.0200621 -18.1524 0.464977 -0.042526 0.884301 244.355
0.877064 -0.127535 -0.463135 -203.96 0.13449 0.990749 -0.0181364 -18.2503 0.461163 -0.04638 0.886102 246.756
0.878855 -0.127695 -0.459682 -204.272 0.134816 0.990717 -0.0174595 -18.2794 0.457644 -0.0466282 0.887912 247.359
0.880999 -0.128877 -0.455227 -205.269 0.13608 0.990551 -0.0170748 -18.3621 0.453126 -0.0469042 0.890211 249.337
0.883822 -0.128046 -0.44996 -205.699 0.134669 0.990738 -0.017416 -18.3988 0.448022 -0.0452031 0.892879 250.193
0.88679 -0.127808 -0.444149 -206.201 0.134406 0.990785 -0.0167516 -18.4345 0.442197 -0.044841 0.895797 251.187
0.889363 -0.12774 -0.438993 -206.776 0.135216 0.990712 -0.0143454 -18.4786 0.436749 -0.0466005 0.898376 252.375
0.892287 -0.124953 -0.433832 -207.253 0.132943 0.991051 -0.0120109 -18.5164 0.43145 -0.0469578 0.900914 253.345
0.896446 -0.120144 -0.426557 -210.443 0.128336 0.991684 -0.00961069 -18.7522 0.424164 -0.0461269 0.90441 259.642
0.899272 -0.117947 -0.421186 -211.451 0.125523 0.992042 -0.00980402 -18.8227 0.418991 -0.044052 0.906921 261.806
0.902945 -0.112771 -0.414696 -214.335 0.118857 0.992848 -0.0111973 -19.0388 0.412993 -0.0391789 0.909891 267.686
0.905599 -0.114778 -0.40831 -214.735 0.119563 0.99273 -0.013879 -19.0746 0.406934 -0.03625 0.912738 268.563
0.907262 -0.11851 -0.403524 -216.683 0.122395 0.992348 -0.0162535 -19.2495 0.402363 -0.0346431 0.914825 273.026
0.909987 -0.118053 -0.397475 -217.563 0.120584 0.992527 -0.0187211 -19.3299 0.396715 -0.0308933 0.917422 275.046
0.911285 -0.12007 -0.393883 -217.922 0.123581 0.992197 -0.0165424 -19.367 0.392795 -0.0336014 0.919012 275.932
0.914302 -0.116823 -0.387819 -218.175 0.121208 0.992539 -0.013227 -19.3922 0.386471 -0.0349134 0.921641 276.498
0.916146 -0.117967 -0.383093 -218.411 0.122681 0.992371 -0.0122008 -19.4151 0.381609 -0.0358203 0.923629 277.084
0.919003 -0.11477 -0.377175 -218.652 0.118529 0.992861 -0.0133145 -19.4439 0.376011 -0.0324702 0.926046 277.656
0.921762 -0.111363 -0.371421 -218.866 0.113092 0.993436 -0.0171993 -19.4691 0.370898 -0.026151 0.928305 278.177
0.925627 -0.107365 -0.362887 -219.062 0.10739 0.994012 -0.0201693 -19.49 0.362879 -0.020301 0.931615 278.67
0.930498 -0.106007 -0.350623 -219.216 0.105109 0.994225 -0.0216488 -19.5084 0.350893 -0.0167096 0.936266 279.096
0.935096 -0.10607 -0.338149 -219.356 0.105413 0.99422 -0.0203651 -19.5258 0.338354 -0.0166018 0.940872 279.515
