1 0 0 0 0 1 0 0 0 0 1 0
0.999976 0.00317577 -0.00617001 -0.0068639 -0.00317658 0.999995 -0.000120364 -0.00276905 0.0061696 0.000139961 0.999981 1.44316
0.999818 0.0145261 -0.0123456 -0.0377465 -0.014496 0.999892 0.0025212 -0.0306011 0.0123809 -0.00234178 0.999921 2.79231
0.999661 0.0199948 -0.0166761 -0.0715143 -0.0199247 0.999792 0.00435959 -0.0487847 0.0167598 -0.00402585 0.999851 4.09595
0.999438 0.0255589 -0.0217061 -0.10474 -0.0254713 0.999666 0.00430144 -0.0693112 0.0218088 -0.00374614 0.999755 5.41587
0.99911 0.0328185 -0.0265141 -0.178634 -0.0327446 0.999459 0.00321705 -0.0948042 0.0266054 -0.00234599 0.999643 7.01686
0.998762 0.0406053 -0.0287515 -0.283757 -0.0405628 0.999175 0.00206088 -0.119708 0.0288114 -0.000892091 0.999584 8.36238
0.998532 0.0424624 -0.033638 -0.338753 -0.0424295 0.999098 0.00169024 -0.138138 0.0336795 -0.000260514 0.999433 9.5163
0.998014 0.0513995 -0.0364079 -0.439625 -0.0513866 0.998678 0.00129101 -0.166357 0.0364262 0.000582438 0.999336 11.0342
0.998427 0.0373055 -0.0418437 -0.464896 -0.0373186 0.999303 0.000467386 -0.210726 0.041832 0.0010949 0.999124 12.5438
0.998166 0.0419396 -0.0436645 -0.55172 -0.0420146 0.999117 -0.000799745 -0.238644 0.0435924 0.00263282 0.999046 13.7207
0.997549 0.0504961 -0.0484367 -0.62056 -0.0505835 0.99872 -0.000579098 -0.274665 0.0483454 0.00302777 0.998826 14.9676
0.997167 0.0564985 -0.0496628 -0.753875 -0.0565323 0.998401 0.000723427 -0.303206 0.0496243 0.00208618 0.998766 16.3056
0.996438 0.0670491 -0.0511381 -0.932454 -0.0670563 0.997748 0.00157666 -0.321131 0.0511287 0.00185808 0.99869 17.7373
0.996064 0.0695596 -0.0549311 -1.01981 -0.0694829 0.997578 0.00330781 -0.354223 0.0550282 0.000521986 0.998485 18.9948
0.995502 0.07511 -0.0577357 -1.12308 -0.0749985 0.997175 0.00409906 -0.380243 0.0578805 0.000249469 0.998323 20.2192
0.994253 0.0886949 -0.0599591 -1.27422 -0.0886046 0.996058 0.00416843 -0.406087 0.0600925 0.00116818 0.998192 21.588
0.993094 0.0986662 -0.06347 -1.42028 -0.0985313 0.99512 0.00525941 -0.430734 0.0636792 0.00103069 0.99797 23.0521
0.992891 0.0967072 -0.0693895 -1.4951 -0.096585 0.995312 0.0051215 -0.448074 0.0695595 0.0016169 0.997576 24.3922
0.991631 0.106949 -0.0723229 -1.63316 -0.106995 0.994254 0.00324928 -0.47058 0.0722549 0.00451607 0.997376 25.6866
0.989558 0.122543 -0.0758886 -1.78896 -0.122789 0.992432 0.00143562 -0.488943 0.0754902 0.00789764 0.997115 27.0228
0.98839 0.129506 -0.0794589 -1.91802 -0.12985 0.991533 0.000855486 -0.503706 0.0788969 0.00947215 0.996838 28.3467
0.986923 0.137899 -0.0834711 -2.05179 -0.138273 0.990393 0.00131274 -0.506481 0.0828503 0.0102462 0.996509 29.5314
0.985734 0.145445 -0.0847048 -2.21383 -0.145731 0.98932 0.00282792 -0.520782 0.0842115 0.00955652 0.996402 30.7552
0.984201 0.155203 -0.0852107 -2.35618 -0.155423 0.98784 0.00409043 -0.54697 0.0848093 0.00921786 0.996355 31.8925
0.982371 0.165968 -0.0860318 -2.58492 -0.166402 0.986056 0.00215218 -0.556133 0.0851893 0.0122016 0.99629 33.4356
0.982927 0.161961 -0.0873066 -2.73213 -0.162419 0.98672 0.00188379 -0.570546 0.0864523 0.0123286 0.99618 34.5563
0.982181 0.165809 -0.0884726 -2.90307 -0.16621 0.986086 0.0028679 -0.603876 0.0877171 0.0118882 0.996074 35.976
0.981319 0.16984 -0.0903765 -3.05091 -0.170136 0.98541 0.00447651 -0.63014 0.0898182 0.0109834 0.995898 37.2349
0.981491 0.166751 -0.0941815 -3.20036 -0.167026 0.98594 0.00501506 -0.649256 0.0936935 0.0108085 0.995542 38.57
0.980218 0.172084 -0.0977789 -3.33795 -0.17258 0.98499 0.00342719 -0.663705 0.0969009 0.0135153 0.995202 39.8211
0.977526 0.186024 -0.0991835 -3.54996 -0.186765 0.982403 0.00184594 -0.674895 0.0977815 0.0167196 0.995067 41.0852
0.973546 0.20498 -0.100954 -3.75776 -0.205918 0.978569 0.00114912 -0.669869 0.0990261 0.0196695 0.99489 42.3802
0.970812 0.217059 -0.102024 -3.96044 -0.217945 0.975958 0.00251362 -0.691194 0.100117 0.0197954 0.994779 43.7795
0.968665 0.226505 -0.101896 -4.1848 -0.227398 0.973798 0.00291778 -0.700528 0.0998873 0.0203446 0.994791 45.1396
0.968302 0.227825 -0.10241 -4.3536 -0.228753 0.973481 0.00274303 -0.734803 0.100319 0.0207705 0.994739 46.4516
0.967959 0.228596 -0.103918 -4.5252 -0.229713 0.973258 0.00124416 -0.750205 0.101424 0.0226671 0.994585 47.7041
0.966903 0.233249 -0.103407 -4.7371 -0.234786 0.972043 -0.00278499 -0.749469 0.0998665 0.0269714 0.994635 49.0379
0.965664 0.238105 -0.103921 -4.92246 -0.239707 0.970841 -0.00302388 -0.772028 0.10017 0.0278306 0.994581 50.3185
0.965718 0.237751 -0.104228 -5.10349 -0.239107 0.970993 -0.000530425 -0.790771 0.101079 0.025434 0.994553 51.7042
0.962782 0.249114 -0.104851 -5.32538 -0.250522 0.968111 -0.00026731 -0.795351 0.101441 0.0265248 0.994488 53.1135
0.962957 0.246936 -0.108334 -5.49472 -0.248562 0.968615 -0.0015574 -0.81908 0.104549 0.0284274 0.994113 54.4984
0.963611 0.242919 -0.111551 -5.66238 -0.244898 0.96954 -0.00418758 -0.850063 0.107135 0.0313538 0.99375 55.9044
0.963365 0.243551 -0.112298 -5.83667 -0.245639 0.969349 -0.00493356 -0.872051 0.107654 0.0323375 0.993662 57.1069
0.961404 0.251032 -0.112633 -6.02227 -0.253157 0.967413 -0.00475062 -0.883038 0.10777 0.0330811 0.993625 58.214
0.960196 0.255752 -0.112313 -6.22553 -0.257852 0.966175 -0.00434526 -0.905191 0.107402 0.0331324 0.993663 59.6235
0.959673 0.257061 -0.113786 -6.38747 -0.259027 0.965867 -0.00259338 -0.947746 0.109236 0.0319625 0.993502 60.8774
0.958224 0.262553 -0.113461 -6.59709 -0.264473 0.964391 -0.0019374 -0.957708 0.108912 0.0318637 0.993541 62.1907
0.957553 0.264436 -0.114744 -6.79725 -0.266339 0.963878 -0.00130177 -0.99054 0.110255 0.0318074 0.993394 63.6831
0.957591 0.263946 -0.115556 -6.95864 -0.265715 0.964052 9.62708e-05 -1.01469 0.111427 0.0306126 0.993301 64.9002
0.957472 0.264426 -0.11544 -7.11995 -0.265979 0.963977 0.00201681 -1.04805 0.111815 0.0287737 0.993312 66.0811
0.957677 0.263284 -0.116346 -7.2956 -0.264729 0.964318 0.00312747 -1.07296 0.113018 0.0278052 0.993204 67.3788
0.959367 0.256074 -0.118498 -7.42342 -0.257662 0.966233 0.00198179 -1.10773 0.115004 0.0286311 0.992952 68.6958
0.960513 0.251756 -0.11846 -7.62662 -0.253447 0.967349 0.00081447 -1.14427 0.114797 0.029241 0.992959 70.1553
0.960712 0.250993 -0.118471 -7.81034 -0.252796 0.96752 -0.000198097 -1.18218 0.114573 0.0301393 0.992957 71.5604
0.961101 0.250107 -0.117178 -8.02308 -0.251835 0.96777 6.09423e-05 -1.21439 0.113416 0.0294509 0.993111 73.0532
0.96189 0.246707 -0.117914 -8.15044 -0.248269 0.96869 0.00149159 -1.23283 0.11459 0.0278397 0.993023 74.4024
0.96258 0.244943 -0.115941 -8.33092 -0.246276 0.969195 0.00290452 -1.26372 0.113081 0.0257576 0.993252 75.9669
0.962794 0.245794 -0.112312 -8.5999 -0.247082 0.968991 0.00251519 -1.27849 0.109448 0.0253288 0.99367 77.5201
0.962621 0.247653 -0.109672 -8.75199 -0.248942 0.968516 0.00199913 -1.30337 0.106715 0.0253776 0.993966 78.9301
0.963652 0.245051 -0.106415 -8.91402 -0.246426 0.969162 0.000242778 -1.33225 0.103193 0.0259896 0.994322 80.3766
0.964069 0.244707 -0.103393 -9.10241 -0.246295 0.969191 -0.0026817 -1.34058 0.099551 0.0280504 0.994637 81.7855
0.965619 0.239603 -0.100852 -9.25763 -0.241264 0.970449 -0.00442091 -1.38791 0.0968122 0.0286008 0.994892 83.3368
0.965581 0.241522 -0.0965473 -9.46341 -0.243248 0.969943 -0.00634865 -1.42161 0.0921121 0.029615 0.995308 85.0116
0.965988 0.241637 -0.0920804 -9.67113 -0.243471 0.969866 -0.00906324 -1.44386 0.0871156 0.0311739 0.99571 86.6028
0.966916 0.23811 -0.0915226 -9.78994 -0.240148 0.970665 -0.0117746 -1.48247 0.0860341 0.033364 0.995733 87.9825
0.967279 0.237052 -0.0904331 -9.95257 -0.239161 0.970892 -0.0130868 -1.52735 0.0846985 0.0342866 0.995817 89.5429
0.967676 0.236044 -0.0888062 -10.1024 -0.238089 0.971156 -0.0130422 -1.56724 0.0831661 0.0337645 0.995964 91.0642
0.968233 0.234749 -0.0861224 -10.2689 -0.236539 0.971559 -0.0110624 -1.61633 0.0810762 0.0310823 0.996223 92.5614
0.968269 0.235524 -0.0835665 -10.437 -0.237104 0.971439 -0.00938287 -1.66592 0.0789699 0.0288991 0.996458 93.9755
0.968615 0.23491 -0.0812612 -10.5806 -0.236443 0.971597 -0.00965979 -1.69345 0.076684 0.0285703 0.996646 95.3175
0.970087 0.228649 -0.0815547 -10.6781 -0.230163 0.973105 -0.00954787 -1.74812 0.0771782 0.0280331 0.996623 97.0123
0.969495 0.232355 -0.0780438 -10.8754 -0.233825 0.972226 -0.0101248 -1.78528 0.0735237 0.0280645 0.996899 98.4689
0.970321 0.229263 -0.0769084 -11.0372 -0.230751 0.972951 -0.0109454 -1.84829 0.0723188 0.0283673 0.996978 100.366
0.970344 0.229566 -0.0757111 -11.1552 -0.231113 0.97285 -0.0122318 -1.90466 0.0708475 0.0293669 0.997055 101.853
0.970131 0.231118 -0.0736925 -11.3552 -0.232766 0.972425 -0.0144938 -1.99057 0.0683106 0.031214 0.997176 103.727
0.969939 0.232649 -0.0713591 -11.5314 -0.234439 0.971969 -0.0177206 -2.03624 0.0652362 0.0339173 0.997293 105.567
0.969684 0.234516 -0.0686668 -11.6828 -0.236305 0.971491 -0.0190871 -2.11397 0.062233 0.0347348 0.997457 107.458
0.969039 0.237952 -0.0659023 -11.8009 -0.239686 0.970651 -0.0196702 -2.16595 0.0592876 0.0348571 0.997632 108.945
0.969355 0.237217 -0.0638631 -11.8744 -0.238913 0.970829 -0.0202646 -2.21399 0.0571931 0.0349014 0.997753 110.374
0.96921 0.238627 -0.0607457 -12.0023 -0.240165 0.97054 -0.0193274 -2.28798 0.054344 0.0333213 0.997966 111.963
0.969939 0.236265 -0.0582854 -12.2001 -0.237706 0.97115 -0.0190778 -2.38124 0.0520965 0.0323591 0.998118 114.17
0.970709 0.233645 -0.0559914 -12.329 -0.235031 0.971792 -0.0195204 -2.45223 0.0498511 0.0321084 0.99824 115.745
0.972304 0.227032 -0.0555008 -12.4026 -0.228405 0.973367 -0.0196954 -2.51604 0.0495512 0.0318266 0.998264 117.47
0.973473 0.222301 -0.0541571 -12.5418 -0.223598 0.974494 -0.0191235 -2.60352 0.0485246 0.0307256 0.998349 119.282
0.974522 0.217961 -0.0529151 -12.6335 -0.219227 0.975482 -0.0193507 -2.67459 0.0474 0.0304581 0.998412 121.196
0.975361 0.214699 -0.0507447 -12.7274 -0.215913 0.976213 -0.0197255 -2.74125 0.0453026 0.0301959 0.998517 122.875
0.97494 0.217588 -0.0463505 -12.8604 -0.218746 0.975545 -0.021521 -2.8006 0.0405343 0.0311206 0.998693 124.523
0.975255 0.21671 -0.0437599 -12.9342 -0.217855 0.975703 -0.0233044 -2.86551 0.0376463 0.032261 0.99877 126.127
0.975463 0.216141 -0.0419025 -13.0217 -0.217263 0.97581 -0.0243173 -2.96053 0.0356329 0.0328245 0.998826 128.202
0.974786 0.220144 -0.0364617 -13.159 -0.221147 0.97489 -0.0261645 -3.03389 0.0297861 0.0335681 0.998992 130.229
0.975838 0.215861 -0.0338313 -13.225 -0.216788 0.975856 -0.0266059 -3.12636 0.0272713 0.0332973 0.999073 132.099
0.977082 0.210557 -0.0312469 -13.245 -0.211406 0.977028 -0.0268887 -3.20669 0.0248675 0.0328782 0.99915 133.619
0.978455 0.204515 -0.0282639 -13.2814 -0.205295 0.978295 -0.0281702 -3.28118 0.0218892 0.0333657 0.999203 135.105
0.97902 0.20236 -0.0238689 -13.3527 -0.203022 0.978724 -0.0296872 -3.33765 0.0173536 0.0339103 0.999274 136.528
0.979536 0.200073 -0.0218979 -13.3731 -0.200693 0.979158 -0.0311711 -3.41336 0.015205 0.034928 0.999274 138.077
0.981378 0.190977 -0.0206012 -13.3899 -0.191579 0.980927 -0.0328721 -3.51101 0.0139304 0.0362067 0.999247 139.736
0.982256 0.186531 -0.0194716 -13.3955 -0.187105 0.981761 -0.0337077 -3.59844 0.0128289 0.0367528 0.999242 141.308
0.984342 0.175164 -0.019721 -13.37 -0.175754 0.983854 -0.0337855 -3.68712 0.0134846 0.0367225 0.999235 142.787
0.98471 0.173437 -0.0162938 -13.4174 -0.173895 0.984212 -0.0329678 -3.76093 0.0103187 0.0352971 0.999324 144.309
0.985388 0.169615 -0.015511 -13.396 -0.170029 0.984946 -0.0311636 -3.91419 0.00999164 0.0333456 0.999394 146.452
0.986215 0.164879 -0.013935 -13.4067 -0.165245 0.985752 -0.0314109 -4.00037 0.00855744 0.0332806 0.999409 147.996
0.985872 0.167257 -0.00905147 -13.4558 -0.167469 0.985306 -0.0335566 -4.09476 0.00330589 0.0345984 0.999396 149.899
0.986047 0.166419 -0.00399387 -13.5184 -0.166454 0.985383 -0.0362404 -4.18102 -0.0020956 0.0363996 0.999335 151.502
0.987086 0.160191 0.000207368 -13.5318 -0.160071 0.986396 -0.0374317 -4.26956 -0.00620076 0.0369151 0.999299 152.908
0.986877 0.161392 0.00519827 -13.5257 -0.161065 0.986152 -0.0395298 -4.35429 -0.011506 0.0381737 0.999205 154.547
0.987899 0.154889 0.00807342 -13.4933 -0.154436 0.987148 -0.041084 -4.49095 -0.0143331 0.0393401 0.999123 156.557
0.988235 0.152461 0.0121384 -13.4842 -0.151809 0.987459 -0.0433456 -4.58174 -0.0185947 0.0409929 0.998986 157.997
0.989409 0.144494 0.0138052 -13.4065 -0.143749 0.988595 -0.0449085 -4.67233 -0.0201367 0.0424484 0.998896 159.516
0.990193 0.138635 0.0172614 -13.3841 -0.137746 0.989444 -0.0450127 -4.80389 -0.0233195 0.0421936 0.998837 161.172
0.990508 0.135879 0.0207672 -13.3343 -0.134844 0.989844 -0.0450021 -4.92991 -0.0266712 0.0417746 0.998771 162.931
0.991188 0.13034 0.0236161 -13.2921 -0.12915 0.99054 -0.0463772 -5.02633 -0.0294375 0.0429185 0.998645 164.416
0.991277 0.128842 0.0277589 -13.2488 -0.127441 0.990713 -0.0474025 -5.11856 -0.0336086 0.0434514 0.99849 165.753
0.991801 0.124131 0.0303649 -13.1708 -0.122619 0.991321 -0.0474079 -5.21529 -0.0359861 0.0432959 0.998414 167.194
0.991 0.128796 0.0364854 -13.1459 -0.126998 0.990745 -0.0479228 -5.32844 -0.04232 0.0428579 0.998184 168.84
0.991248 0.125731 0.0402364 -13.0745 -0.12375 0.99113 -0.0484546 -5.44723 -0.0459717 0.0430513 0.998015 170.388
0.991551 0.122213 0.0434921 -12.9754 -0.120038 0.991532 -0.0495426 -5.56929 -0.0491786 0.0439033 0.997825 172.029
0.991833 0.118416 0.0473907 -12.8988 -0.116007 0.991953 -0.0507147 -5.68918 -0.0530147 0.0448028 0.997588 173.695
0.991276 0.120632 0.0531061 -12.8451 -0.11784 0.991622 -0.0529088 -5.80046 -0.0590437 0.0461892 0.997186 175.33
0.991597 0.11672 0.0557842 -12.7275 -0.113781 0.992078 -0.0532479 -5.92773 -0.0615573 0.0464533 0.997022 176.944
0.99231 0.10929 0.0581074 -12.55 -0.106186 0.992875 -0.054065 -6.11333 -0.0636021 0.047479 0.996845 179.276
0.993053 0.100854 0.0606126 -12.4274 -0.0975521 0.9937 -0.0551673 -6.23883 -0.0657946 0.0488712 0.996636 181.026
0.993614 0.0938545 0.0626264 -12.2508 -0.0904009 0.994337 -0.0558763 -6.38527 -0.067516 0.049858 0.996472 183.176
0.993286 0.0943404 0.0669523 -12.1047 -0.0907071 0.994336 -0.055382 -6.55267 -0.0717979 0.0489371 0.996218 185.438
0.993318 0.091096 0.0708615 -11.9392 -0.0872566 0.994638 -0.0555155 -6.73882 -0.0755388 0.0489614 0.99594 188.025
0.992571 0.0938239 0.0774579 -11.8621 -0.0895974 0.994382 -0.0563539 -6.88188 -0.0823101 0.0489953 0.995402 189.935
0.992005 0.0960639 0.0818433 -11.7018 -0.0914911 0.994121 -0.0579097 -7.0474 -0.0869251 0.0499587 0.994961 192.26
0.992265 0.091603 0.0837761 -11.447 -0.0868337 0.99448 -0.0589096 -7.23843 -0.0887099 0.0511794 0.994742 194.667
0.991845 0.0917825 0.0884241 -11.3052 -0.086671 0.994428 -0.0600153 -7.36374 -0.0934397 0.0518621 0.994273 196.427
0.991619 0.090207 0.0924949 -11.1123 -0.0847864 0.994533 -0.0609547 -7.52454 -0.0974878 0.0526015 0.993846 198.582
0.99168 0.0852528 0.0964459 -10.8952 -0.0795517 0.994932 -0.0614947 -7.69575 -0.1012 0.0533106 0.993437 200.756
0.99146 0.0828568 0.100707 -10.6184 -0.0768675 0.995114 -0.0619702 -7.89284 -0.10535 0.0536999 0.992984 203.446
0.991651 0.0757556 0.104352 -10.3743 -0.0694669 0.995616 -0.0626392 -8.07564 -0.10864 0.0548672 0.992566 205.688
0.991888 0.0699207 0.106157 -9.92851 -0.0631983 0.995854 -0.0654241 -8.39891 -0.110291 0.0581844 0.992195 209.147
0.992195 0.0620432 0.108162 -9.62218 -0.0547325 0.996093 -0.0692984 -8.60162 -0.112039 0.0628376 0.991715 211.539
0.992859 0.0491604 0.108692 -9.29666 -0.0415216 0.996579 -0.0714597 -8.80337 -0.111833 0.0664364 0.991504 213.718
0.992508 0.0463096 0.113063 -8.98533 -0.0380568 0.996525 -0.0740914 -9.03723 -0.116101 0.0692335 0.990822 216.391
0.992026 0.0465339 0.11713 -8.76222 -0.037758 0.996388 -0.0760602 -9.21567 -0.120246 0.0710311 0.9902 218.376
0.991643 0.0453923 0.120759 -8.15922 -0.0360584 0.996271 -0.0783863 -9.64325 -0.123867 0.0733769 0.989582 223.162
0.991703 0.0393207 0.12239 -7.86658 -0.0298779 0.996501 -0.0780554 -9.84199 -0.125031 0.0737511 0.989408 225.203
0.990828 0.0405502 0.128905 -7.57968 -0.0305725 0.996448 -0.0784618 -10.0643 -0.131629 0.0738011 0.988548 227.631
0.990747 0.0326296 0.131739 -7.3142 -0.0225125 0.996733 -0.0775688 -10.2673 -0.13384 0.0738853 0.988245 229.796
0.989999 0.0319985 0.137394 -7.09439 -0.0215709 0.996819 -0.0767245 -10.4351 -0.139412 0.0729935 0.98754 231.713
0.989121 0.0346639 0.142959 -6.65016 -0.023619 0.996654 -0.078245 -10.7267 -0.145193 0.0740173 0.986631 234.948
0.989101 0.026162 0.144898 -6.32502 -0.0148005 0.996769 -0.0789407 -10.9547 -0.146495 0.0759358 0.986293 237.111
0.988739 0.0195008 0.148374 -5.92637 -0.0077098 0.996794 -0.0796322 -11.237 -0.149451 0.0775915 0.98572 239.74
0.988254 0.0137593 0.152202 -5.58047 -0.00173312 0.996884 -0.0788665 -11.4666 -0.152813 0.0776763 0.985198 241.895
0.987757 0.0074694 0.155823 -5.32054 0.00458546 0.997031 -0.0768601 -11.6378 -0.155934 0.0766336 0.98479 243.499
0.986932 0.00607534 0.16102 -5.08408 0.00630159 0.997069 -0.0762439 -11.7813 -0.161011 0.0762622 0.984002 245.026
0.986109 -0.000268555 0.166098 -4.82171 0.0129837 0.997063 -0.0754713 -11.9258 -0.16559 0.0765795 0.983217 246.57
0.985137 -0.00116616 0.171769 -4.51955 0.0142386 0.99709 -0.0748928 -12.111 -0.171181 0.0762254 0.982286 248.589
0.984672 -0.00749597 0.174258 -4.20039 0.0208545 0.996969 -0.0749556 -12.2665 -0.173168 0.0774407 0.981843 250.18
0.983877 -0.0113962 0.178485 -3.89071 0.0251153 0.996883 -0.074794 -12.4427 -0.177076 0.0780708 0.981096 251.961
0.983022 -0.0110521 0.183157 -3.58212 0.0252743 0.996826 -0.0754987 -12.603 -0.181741 0.078846 0.98018 253.661
0.982147 -0.0109201 0.187796 -3.24271 0.0259242 0.996645 -0.0776259 -12.7628 -0.186319 0.0811085 0.979136 255.454
0.981222 -0.0119538 0.192509 -2.8765 0.0274868 0.996557 -0.0782198 -12.9584 -0.190911 0.0820425 0.978173 257.439
0.980374 -0.0171829 0.196395 -2.54982 0.0330302 0.996429 -0.0777031 -13.1167 -0.194358 0.0826651 0.977441 259.047
0.979796 -0.0235136 0.198611 -2.10626 0.0393671 0.996311 -0.0762541 -13.3092 -0.196085 0.0825322 0.977107 260.986
0.978855 -0.0262924 0.202858 -1.74144 0.0423347 0.996273 -0.0751516 -13.4734 -0.200126 0.0821504 0.97632 262.73
0.977953 -0.0285874 0.206858 -1.24447 0.0448715 0.996214 -0.0744621 -13.6968 -0.203946 0.0821025 0.975533 264.905
0.977182 -0.0364307 0.209254 -0.839424 0.0528787 0.995888 -0.0735529 -13.8689 -0.205714 0.0829397 0.975091 266.576
0.975959 -0.0357083 0.21501 -0.415608 0.0530182 0.995752 -0.0752846 -14.0606 -0.211409 0.0848741 0.973706 268.523
0.974489 -0.0311374 0.222267 0.0697911 0.0496822 0.995688 -0.0783367 -14.2897 -0.218869 0.087381 0.971834 270.785
0.973214 -0.0326795 0.227566 0.485283 0.0524677 0.995295 -0.081456 -14.4626 -0.223833 0.091214 0.97035 272.558
0.971913 -0.0368667 0.232435 0.878703 0.0576844 0.994844 -0.0834109 -14.627 -0.228161 0.094476 0.969029 274.156
0.970059 -0.0367666 0.240068 1.26197 0.0588612 0.994596 -0.0855212 -14.7885 -0.235627 0.0970914 0.966982 275.961
0.968632 -0.0403374 0.245205 1.64474 0.063463 0.994172 -0.0871514 -14.9547 -0.240261 0.0999791 0.965546 277.527
0.967338 -0.0418319 0.250015 2.21505 0.0653472 0.994106 -0.0865048 -15.1961 -0.244922 0.100017 0.96437 279.738
0.965929 -0.046504 0.254596 2.6479 0.069976 0.994012 -0.0839221 -15.3577 -0.249169 0.0988784 0.963399 281.302
0.964358 -0.0517948 0.259481 3.10016 0.0751116 0.993899 -0.0807599 -15.5284 -0.253715 0.0973716 0.962365 282.959
0.96308 -0.0534565 0.263855 3.6816 0.077054 0.99382 -0.0799042 -15.7482 -0.257953 0.0972852 0.961247 285.057
0.961662 -0.0545031 0.268766 4.37247 0.0786311 0.993702 -0.0798341 -16.0185 -0.262722 0.0979068 0.959891 287.491
0.960577 -0.0590309 0.271676 5.24456 0.0835607 0.993317 -0.0796169 -16.3104 -0.265161 0.0991796 0.95909 290.302
0.95933 -0.0649538 0.274712 5.95583 0.0897738 0.992844 -0.0787506 -16.5525 -0.267631 0.10021 0.958296 292.656
0.958131 -0.0668604 0.278414 6.59839 0.0918657 0.992732 -0.0777437 -16.7908 -0.271193 0.100065 0.957309 294.916
0.957774 -0.0700827 0.27885 7.18273 0.0954805 0.992327 -0.0785503 -16.9694 -0.271205 0.101858 0.957117 296.781
0.957649 -0.0758113 0.277779 7.87654 0.101324 0.99174 -0.0786506 -17.1876 -0.269522 0.103465 0.95742 298.953
0.957094 -0.0793206 0.278709 8.39147 0.105354 0.991237 -0.0796818 -17.358 -0.269946 0.105626 0.957064 300.642
0.956063 -0.0756694 0.283228 8.97973 0.102365 0.991472 -0.0806528 -17.5669 -0.27471 0.106102 0.955655 302.798
0.955025 -0.0743631 0.287049 10.6136 0.101575 0.991518 -0.08108 -18.0975 -0.278585 0.10659 0.954478 308.188
0.953443 -0.0800028 0.290769 11.296 0.107578 0.990965 -0.0800948 -18.3251 -0.281734 0.107646 0.953435 310.34
0.952027 -0.083813 0.294312 11.8716 0.111413 0.990687 -0.0782705 -18.5122 -0.285011 0.107306 0.952499 312.141
0.950868 -0.0852083 0.297639 12.4136 0.113193 0.990502 -0.0780558 -18.6847 -0.288161 0.107911 0.951482 313.837
0.949186 -0.077764 0.304958 12.9483 0.106487 0.991196 -0.0786866 -18.879 -0.296154 0.107162 0.94911 315.738
0.947668 -0.0756386 0.310167 13.7624 0.105712 0.991068 -0.0813007 -19.0935 -0.301247 0.109834 0.947199 318.196
0.945623 -0.0699314 0.317659 14.4293 0.101328 0.991351 -0.0833959 -19.3101 -0.30908 0.111049 0.944531 320.382
0.944203 -0.0678205 0.322305 15.2006 0.0997855 0.991483 -0.0836939 -19.5499 -0.313883 0.111185 0.942929 322.663
0.942648 -0.0715387 0.326031 15.8076 0.104176 0.991026 -0.0837493 -19.7367 -0.317115 0.112911 0.941642 324.377
0.940549 -0.0656287 0.333258 16.3096 0.0990973 0.99149 -0.084426 -19.8999 -0.324881 0.112432 0.939048 325.934
0.938539 -0.0684742 0.338314 16.9964 0.102628 0.991159 -0.0840966 -20.1025 -0.329565 0.113648 0.937268 327.848
0.936888 -0.0711349 0.342316 17.637 0.106198 0.990724 -0.0847783 -20.2876 -0.33311 0.115781 0.935752 329.594
0.935188 -0.077234 0.345628 18.336 0.113634 0.989768 -0.0862945 -20.4923 -0.335427 0.119977 0.934395 331.419
0.932717 -0.0758179 0.352548 18.9806 0.11322 0.989782 -0.0866815 -20.6951 -0.342374 0.120765 0.93177 333.208
0.930899 -0.0824263 0.355855 19.6311 0.120812 0.988856 -0.0869915 -20.8775 -0.344719 0.123972 0.930484 334.817
0.928818 -0.0881844 0.359889 20.7242 0.1267 0.988307 -0.084826 -21.212 -0.348201 0.124386 0.929131 337.635
0.926977 -0.0930262 0.363399 22.0457 0.131698 0.987803 -0.083076 -21.5587 -0.351239 0.124869 0.927922 340.897
0.924949 -0.0960184 0.367762 22.7565 0.13523 0.987389 -0.0823179 -21.7606 -0.35522 0.125872 0.926269 342.696
0.922689 -0.101961 0.37182 25.067 0.142564 0.986272 -0.0833234 -22.29 -0.35822 0.12989 0.924558 348.163
0.920969 -0.0980342 0.377102 25.9027 0.139082 0.986785 -0.0831371 -22.5055 -0.363968 0.129015 0.922433 350.177
0.919177 -0.0976733 0.381541 26.5021 0.139482 0.986703 -0.0834354 -22.663 -0.368318 0.12991 0.920579 351.606
0.917862 -0.0993043 0.384276 28.8488 0.141792 0.986344 -0.0837876 -23.2703 -0.370708 0.131393 0.919408 357.021
0.916372 -0.0986172 0.387991 30.2148 0.141466 0.986424 -0.0833958 -23.631 -0.3745 0.131309 0.917882 360.281
0.914557 -0.100371 0.391804 31.6515 0.143822 0.986109 -0.0830951 -24.0023 -0.378021 0.132345 0.916289 363.657
0.912874 -0.102439 0.39518 32.6125 0.145573 0.986053 -0.0806696 -24.2469 -0.381405 0.131169 0.915055 365.931
0.911028 -0.10916 0.397633 33.7293 0.152197 0.985249 -0.0782282 -24.5176 -0.383228 0.131786 0.914204 368.414
0.909242 -0.107284 0.402206 34.7698 0.150923 0.985437 -0.0783281 -24.7782 -0.387945 0.131921 0.912193 370.876
0.90829 -0.111201 0.403291 35.869 0.156192 0.984455 -0.0803282 -25.0264 -0.388089 0.135952 0.911539 373.274
0.906547 -0.10641 0.408473 36.6838 0.152209 0.985007 -0.0812058 -25.2241 -0.393707 0.13579 0.909151 375.224
0.90514 -0.107202 0.411374 37.4101 0.153656 0.984761 -0.0814624 -25.3925 -0.396372 0.136945 0.907819 376.828
0.90375 -0.11154 0.413274 38.0997 0.158508 0.984026 -0.0810441 -25.5586 -0.397633 0.138751 0.906993 378.252
0.901823 -0.116269 0.416169 38.803 0.16442 0.983004 -0.0816624 -25.733 -0.399601 0.142072 0.905613 379.703
0.900488 -0.119445 0.418156 39.7609 0.168599 0.982226 -0.0825034 -25.9692 -0.400869 0.144794 0.904621 381.669
0.898064 -0.119477 0.423327 42.1239 0.169549 0.982061 -0.0825176 -26.5419 -0.405874 0.145881 0.902211 386.815
0.896531 -0.126567 0.424515 43.2141 0.177543 0.980642 -0.0825772 -26.7814 -0.405845 0.149403 0.901648 388.965
0.895026 -0.126331 0.42775 43.921 0.17784 0.980595 -0.082506 -26.9287 -0.409026 0.149916 0.900124 390.409
0.893293 -0.132359 0.429544 44.8449 0.18446 0.979429 -0.0818109 -27.1245 -0.409879 0.152315 0.899333 392.208
0.890665 -0.131123 0.435343 45.6198 0.183551 0.979713 -0.080441 -27.3248 -0.415963 0.151554 0.896664 393.901
0.888699 -0.13521 0.438102 46.7529 0.189078 0.978571 -0.0815357 -27.5584 -0.417689 0.155296 0.89522 396.093
0.887008 -0.133167 0.442136 47.5782 0.187987 0.978712 -0.0823583 -27.7512 -0.421756 0.156168 0.893159 397.79
0.884934 -0.131427 0.446788 48.4549 0.186629 0.979031 -0.0816568 -27.9628 -0.426687 0.155644 0.890906 399.592
0.883059 -0.132604 0.450138 49.4517 0.188275 0.978769 -0.0810179 -28.175 -0.429837 0.156293 0.889276 401.549
0.881273 -0.136151 0.452571 50.2463 0.191842 0.978219 -0.0792791 -28.3553 -0.43192 0.156689 0.888197 403.097
0.878635 -0.145044 0.454931 51.2809 0.201061 0.97655 -0.0769704 -28.5519 -0.433098 0.159098 0.887194 405.027
0.875354 -0.148391 0.460147 52.1059 0.204656 0.975989 -0.0745812 -28.7253 -0.438031 0.159457 0.884705 406.68
0.872005 -0.160256 0.46252 52.9714 0.218823 0.972841 -0.0754804 -28.8731 -0.437862 0.167029 0.88339 408.219
0.869136 -0.167182 0.46546 53.7605 0.227372 0.970849 -0.075858 -29.0323 -0.439209 0.171764 0.881812 409.698
0.866495 -0.168486 0.469892 54.7069 0.230419 0.970034 -0.0770816 -29.2107 -0.442824 0.175063 0.879352 411.431
0.864114 -0.167953 0.474445 55.6119 0.231942 0.969497 -0.0792386 -29.3896 -0.446665 0.178515 0.876712 413.111
0.861468 -0.169591 0.478656 56.7083 0.235236 0.968625 -0.0801789 -29.6063 -0.45004 0.181669 0.874334 415.093
0.858877 -0.175014 0.481352 57.7689 0.241562 0.967133 -0.0793805 -29.7993 -0.451639 0.184455 0.872926 416.893
0.85595 -0.176918 0.48585 58.8623 0.243379 0.966895 -0.076688 -30.0149 -0.456198 0.183887 0.870671 418.867
0.853015 -0.179558 0.490026 61.3875 0.245518 0.966625 -0.0731912 -30.4811 -0.460529 0.182743 0.86863 423.354
0.850202 -0.181332 0.494242 62.3198 0.246536 0.966642 -0.0694453 -30.6416 -0.465162 0.180891 0.866546 424.974
0.847231 -0.185575 0.497757 63.5717 0.251038 0.965636 -0.0672798 -30.8414 -0.468167 0.181957 0.864703 427.082
0.844145 -0.190055 0.501297 65.0082 0.256732 0.964173 -0.0667718 -31.0865 -0.470647 0.185064 0.862695 429.487
0.840942 -0.191743 0.506014 66.4583 0.260416 0.963111 -0.0678334 -31.331 -0.474341 0.188818 0.859854 431.964
0.837997 -0.194605 0.509793 67.856 0.265922 0.961442 -0.0701081 -31.5614 -0.476493 0.194316 0.857436 434.264
0.835257 -0.195051 0.514103 68.9745 0.26848 0.96061 -0.0717411 -31.747 -0.479859 0.197949 0.854723 436.132
0.833541 -0.199257 0.515272 69.9576 0.273829 0.959073 -0.0720895 -31.9131 -0.479819 0.201186 0.853989 437.692
0.831742 -0.204578 0.516095 70.8365 0.280177 0.957238 -0.0720903 -32.0483 -0.479277 0.204558 0.853492 439.091
0.830309 -0.205186 0.518156 71.9839 0.280417 0.957303 -0.0702634 -32.2466 -0.481616 0.20364 0.852395 440.955
0.828238 -0.21234 0.518588 73.5948 0.288156 0.955084 -0.0691475 -32.481 -0.480613 0.206705 0.852223 443.435
0.825292 -0.213607 0.522747 75.154 0.289742 0.954735 -0.0673064 -32.7635 -0.484708 0.207009 0.849826 446.087
0.822642 -0.216114 0.525884 77.6903 0.293551 0.953569 -0.0673293 -33.1304 -0.486916 0.209762 0.847887 450.058
0.81944 -0.222006 0.528424 80.3778 0.301908 0.950859 -0.0686925 -33.5306 -0.487206 0.215825 0.846197 454.225
0.81604 -0.230185 0.530183 81.9692 0.312833 0.947206 -0.0702619 -33.7363 -0.486019 0.223195 0.844967 456.567
0.812151 -0.231777 0.535434 83.3396 0.316525 0.945951 -0.0706285 -33.9821 -0.490125 0.22684 0.841618 458.764
0.809835 -0.232606 0.538574 84.346 0.319198 0.944961 -0.0718468 -34.1266 -0.492219 0.230096 0.839509 460.28
0.807208 -0.232543 0.54253 86.6621 0.320085 0.944701 -0.0713172 -34.4445 -0.495944 0.231223 0.837004 463.859
0.805395 -0.236485 0.543519 89.2431 0.324131 0.943433 -0.0698156 -34.7643 -0.496263 0.232401 0.836488 467.491
0.802622 -0.24054 0.545838 90.3065 0.327782 0.942397 -0.0666887 -34.9148 -0.498354 0.232442 0.835233 469.08
0.799718 -0.246538 0.547422 91.3239 0.333385 0.940657 -0.0634 -35.0608 -0.499305 0.233204 0.834452 470.567
0.79641 -0.249678 0.55081 92.5936 0.336376 0.939791 -0.0603629 -35.2313 -0.502575 0.233353 0.832445 472.451
0.792765 -0.250228 0.555797 93.9131 0.338478 0.939059 -0.0600131 -35.4275 -0.506909 0.235701 0.829149 474.472
0.789536 -0.254269 0.558551 95.8727 0.345611 0.936307 -0.062302 -35.6642 -0.507134 0.242231 0.827127 477.248
0.785754 -0.258297 0.562027 97.1145 0.352532 0.933623 -0.0637895 -35.8219 -0.508245 0.248255 0.824656 479.022
0.7826 -0.260527 0.565387 98.181 0.356932 0.931891 -0.0646498 -35.9481 -0.510036 0.2524 0.822288 480.527
0.779381 -0.264018 0.568207 99.9487 0.361635 0.930131 -0.0638504 -36.1578 -0.511649 0.255247 0.820405 482.993
0.776388 -0.269652 0.569657 102.961 0.368145 0.927656 -0.0626323 -36.5035 -0.511557 0.258343 0.819492 487.012
0.773903 -0.271672 0.572074 106.099 0.37018 0.926984 -0.0605647 -36.8842 -0.51385 0.258642 0.817963 491.417
0.770539 -0.275641 0.57471 107.138 0.372738 0.926276 -0.0554882 -37.0339 -0.517045 0.256972 0.816474 492.886
0.767741 -0.277969 0.577328 108.109 0.373724 0.926133 -0.0510745 -37.1506 -0.520485 0.254973 0.814914 494.251
0.764584 -0.279686 0.580679 109.169 0.375517 0.925537 -0.0486582 -37.2799 -0.523831 0.255258 0.812677 495.75
0.762931 -0.276536 0.584349 110.279 0.373662 0.926242 -0.0495239 -37.4012 -0.527554 0.256132 0.80999 497.248
0.760265 -0.27112 0.590332 111.392 0.370431 0.927453 -0.051115 -37.5385 -0.533647 0.257538 0.80554 498.856
0.757344 -0.273355 0.593049 112.617 0.375802 0.925156 -0.0534784 -37.658 -0.534044 0.26337 0.803388 500.427
0.754387 -0.273236 0.59686 115.63 0.377656 0.92436 -0.0541668 -37.9528 -0.536913 0.26627 0.800515 504.395
0.750163 -0.278139 0.599912 116.715 0.383788 0.921929 -0.0524723 -38.0782 -0.538482 0.269602 0.798343 505.809
0.748048 -0.282952 0.600301 119.868 0.389592 0.919514 -0.052066 -38.3349 -0.537254 0.272821 0.798077 509.676
0.745304 -0.287166 0.601713 122.89 0.394036 0.917729 -0.0500843 -38.6006 -0.537827 0.274425 0.797141 513.491
0.743115 -0.288948 0.603563 125.697 0.395433 0.917253 -0.0477397 -38.8788 -0.539826 0.274145 0.795885 517.045
0.740475 -0.292549 0.605071 127.449 0.399973 0.915325 -0.0469239 -39.0381 -0.540109 0.276758 0.794787 519.285
0.737498 -0.298688 0.605708 129.723 0.408543 0.911478 -0.0479636 -39.2317 -0.537764 0.282831 0.79424 522.098
0.735752 -0.299664 0.607347 131.209 0.410339 0.910682 -0.0477637 -39.3871 -0.538787 0.28436 0.792999 523.991
0.733376 -0.300209 0.609947 133.225 0.41235 0.909759 -0.0480212 -39.5889 -0.540488 0.286729 0.790986 526.561
0.730544 -0.300171 0.613353 134.904 0.413955 0.909021 -0.0481787 -39.7496 -0.543089 0.289098 0.788338 528.691
0.727583 -0.301764 0.616085 136.512 0.416763 0.907771 -0.0475534 -39.9043 -0.544914 0.291361 0.786243 530.665
0.723911 -0.29858 0.621934 137.791 0.413748 0.909275 -0.0450615 -40.0542 -0.552055 0.289945 0.781772 532.353
0.721052 -0.299045 0.625025 140.577 0.41497 0.908774 -0.0439187 -40.2968 -0.554873 0.291034 0.779368 535.773
0.717149 -0.303117 0.627549 142.567 0.420375 0.906349 -0.0426128 -40.4618 -0.555862 0.294366 0.77741 538.153
0.713008 -0.307375 0.63019 144.105 0.425994 0.903789 -0.0411553 -40.5907 -0.556909 0.297802 0.775349 539.994
0.709665 -0.308353 0.633477 145.215 0.428585 0.902581 -0.0407871 -40.6709 -0.559188 0.300444 0.772685 541.322
0.707372 -0.309933 0.635268 148.507 0.431075 0.901419 -0.0402218 -40.8741 -0.560177 0.3023 0.771243 545.041
0.702959 -0.314646 0.637845 149.835 0.437395 0.89843 -0.0388547 -40.9765 -0.560834 0.306304 0.769184 546.606
0.700191 -0.315355 0.640533 151.247 0.439116 0.897623 -0.038086 -41.0799 -0.562947 0.307936 0.766985 548.257
0.69729 -0.316121 0.643315 152.536 0.441203 0.896618 -0.0376279 -41.1724 -0.564913 0.31007 0.764676 549.766
0.694449 -0.315998 0.646441 153.895 0.440948 0.896838 -0.035297 -41.2962 -0.568599 0.309559 0.762147 551.39
0.692494 -0.315007 0.649017 155.25 0.438365 0.898236 -0.0317627 -41.4155 -0.572964 0.306502 0.760111 552.993
0.691069 -0.315822 0.650138 156.459 0.438574 0.898199 -0.0298616 -41.4925 -0.574522 0.30577 0.759229 554.367
0.690126 -0.311384 0.653274 157.929 0.432073 0.901441 -0.0267738 -41.6074 -0.580551 0.300739 0.756648 556.109
0.688274 -0.313536 0.654197 159.518 0.435061 0.900015 -0.0263745 -41.7132 -0.580517 0.302768 0.755864 557.89
0.685513 -0.315221 0.656283 161.237 0.43878 0.898192 -0.02691 -41.8475 -0.580986 0.306411 0.754035 559.861
0.682726 -0.31658 0.65853 162.378 0.442878 0.896134 -0.0283459 -41.925 -0.581157 0.311001 0.75202 561.139
0.681177 -0.318313 0.659298 164.107 0.446043 0.894543 -0.0289538 -42.0287 -0.580555 0.313798 0.751324 563.036
0.678888 -0.320158 0.660765 165.745 0.44777 0.893741 -0.0270108 -42.1396 -0.581905 0.314208 0.750106 564.886
0.677193 -0.322302 0.661462 167.343 0.449361 0.893002 -0.0249269 -42.2292 -0.582653 0.314116 0.749565 566.644
0.675922 -0.32373 0.662064 168.559 0.450632 0.892395 -0.0237092 -42.2897 -0.583147 0.314372 0.749072 567.971
0.674186 -0.323424 0.66398 169.77 0.449094 0.89324 -0.0208998 -42.374 -0.586334 0.31228 0.747458 569.35
0.673654 -0.321206 0.665595 171.235 0.447057 0.894261 -0.0209131 -42.4469 -0.588499 0.311647 0.74602 570.986
0.671675 -0.322482 0.666977 174.687 0.451093 0.892183 -0.0229027 -42.6858 -0.58768 0.316252 0.744726 574.814
0.670386 -0.323925 0.667574 176.453 0.456309 0.889422 -0.0266595 -42.7762 -0.58512 0.322493 0.744066 576.745
0.669632 -0.32521 0.667706 177.758 0.460365 0.887238 -0.0295592 -42.8374 -0.582801 0.327182 0.743838 578.125
0.668662 -0.32554 0.668517 179.322 0.461047 0.886893 -0.0292674 -42.9431 -0.583376 0.327788 0.74312 579.853
0.668458 -0.32906 0.666996 183.455 0.464483 0.885113 -0.0288337 -43.1773 -0.580878 0.329082 0.744503 584.24
0.66781 -0.331002 0.666684 186.991 0.465737 0.8845 -0.0273789 -43.4302 -0.580619 0.328783 0.744838 588.131
0.667166 -0.334015 0.665826 191.103 0.468295 0.883184 -0.0261845 -43.6694 -0.579301 0.329273 0.745647 592.589
0.666697 -0.33416 0.666222 192.756 0.468314 0.88319 -0.0256629 -43.7752 -0.579825 0.32911 0.745312 594.392
0.666789 -0.336093 0.665158 195.057 0.470707 0.881899 -0.0262533 -43.8505 -0.577778 0.3306 0.746241 596.828
0.6655 -0.338394 0.665282 199.25 0.472958 0.880726 -0.0251345 -44.1182 -0.577426 0.331377 0.746169 601.436
0.664718 -0.339734 0.66538 200.888 0.474285 0.880031 -0.0244817 -44.2178 -0.577238 0.331853 0.746103 603.225
0.663859 -0.340764 0.665711 202.825 0.475603 0.879328 -0.0241703 -44.32 -0.577142 0.33266 0.745818 605.315
0.662836 -0.341022 0.666597 204.14 0.476887 0.878617 -0.0247081 -44.4059 -0.577258 0.334269 0.745008 606.767
0.661368 -0.343788 0.666635 205.79 0.480408 0.876703 -0.0244919 -44.4897 -0.57602 0.336455 0.744982 608.569
0.660116 -0.345304 0.667093 207.903 0.481458 0.87617 -0.0228945 -44.6182 -0.576581 0.33629 0.744623 610.915
0.658894 -0.34556 0.668166 212.889 0.481469 0.876196 -0.0216401 -45.0024 -0.577967 0.33596 0.743697 616.509
0.658447 -0.343274 0.669784 217.528 0.479857 0.877065 -0.0222258 -45.3075 -0.579815 0.336035 0.742223 621.677
0.657529 -0.342397 0.671133 219.679 0.479463 0.877282 -0.0221743 -45.4378 -0.58118 0.336364 0.741005 624.05
0.656602 -0.342539 0.671968 222.537 0.479888 0.877058 -0.0218295 -45.631 -0.581878 0.336803 0.740258 627.234
0.656018 -0.342914 0.672347 223.899 0.480425 0.87677 -0.0215826 -45.7106 -0.582093 0.337171 0.739921 628.734
0.655418 -0.34232 0.673234 226.21 0.478841 0.877676 -0.0198968 -45.8961 -0.58407 0.335413 0.739162 631.342
0.655165 -0.342247 0.673518 228.963 0.478551 0.877845 -0.0194355 -46.0492 -0.584592 0.335046 0.738916 634.32
0.655288 -0.342105 0.67347 231.36 0.478906 0.877635 -0.0201616 -46.1419 -0.584163 0.33574 0.73894 636.86
0.655338 -0.340949 0.674008 234.627 0.477826 0.878219 -0.0203408 -46.3334 -0.584992 0.335389 0.738444 640.428
0.654962 -0.340302 0.6747 236.318 0.476886 0.878744 -0.0197186 -46.4501 -0.586178 0.33467 0.737829 642.277
0.6542 -0.340074 0.675553 238.089 0.475966 0.879273 -0.018295 -46.572 -0.587774 0.333509 0.737084 644.238
0.654082 -0.340686 0.675359 240.038 0.474791 0.879954 -0.0159382 -46.6885 -0.588855 0.33108 0.737317 646.346
0.654405 -0.338426 0.676183 241.563 0.47143 0.881777 -0.0149221 -46.7749 -0.591192 0.328538 0.736583 648.007
0.654145 -0.337004 0.677143 243.865 0.470989 0.881993 -0.0160374 -46.8912 -0.591831 0.329418 0.735676 650.471
0.654527 -0.334568 0.677982 245.811 0.469139 0.882957 -0.0171908 -46.9997 -0.592877 0.32932 0.734878 652.55
0.655135 -0.331253 0.679021 247.514 0.466781 0.884168 -0.01903 -47.0936 -0.594065 0.329422 0.733872 654.378
0.654305 -0.331877 0.679516 249.541 0.467729 0.883672 -0.0187882 -47.2126 -0.594234 0.330123 0.73342 656.538
0.653421 -0.334726 0.678969 251.188 0.470665 0.882127 -0.0180749 -47.3228 -0.592887 0.331378 0.733944 658.312
0.653926 -0.33353 0.679071 252.826 0.468859 0.883094 -0.0177602 -47.4222 -0.593761 0.330003 0.733857 660.078
0.655426 -0.332293 0.678232 255.583 0.467105 0.884013 -0.0182842 -47.6023 -0.59349 0.328789 0.734621 662.963
0.65641 -0.3295 0.678642 257.046 0.464323 0.885458 -0.0191974 -47.6854 -0.594584 0.327711 0.734218 664.539
0.658358 -0.327757 0.677599 258.694 0.461654 0.886844 -0.0195754 -47.7677 -0.594508 0.325704 0.735171 666.289
0.658571 -0.328444 0.677059 261.627 0.463113 0.886059 -0.0206369 -47.9108 -0.593136 0.327146 0.735639 669.462
0.659136 -0.326904 0.677255 263.122 0.461486 0.886898 -0.021043 -48.007 -0.593777 0.326414 0.735448 671.084
0.660492 -0.324783 0.676953 265.206 0.460143 0.887543 -0.0231356 -48.1281 -0.593311 0.326776 0.735662 673.327
0.66121 -0.325207 0.676049 266.685 0.461297 0.886907 -0.0245337 -48.2115 -0.591614 0.328081 0.736448 674.877
0.661859 -0.327988 0.674067 268.019 0.463361 0.885846 -0.0239335 -48.2987 -0.58927 0.328177 0.738282 676.329
0.662943 -0.329868 0.672082 271.22 0.464381 0.885323 -0.0235368 -48.4912 -0.587245 0.327706 0.740103 679.803
0.66396 -0.331243 0.670399 274.225 0.466286 0.884284 -0.0248847 -48.7105 -0.58458 0.32912 0.741583 683.154
0.664508 -0.331723 0.669619 275.93 0.467701 0.88349 -0.0264587 -48.8202 -0.582825 0.330764 0.742234 685.038
0.664704 -0.3326 0.668988 277.205 0.469141 0.882702 -0.0272851 -48.9197 -0.581442 0.331986 0.742772 686.448
0.665887 -0.331709 0.668254 279.076 0.469168 0.88262 -0.0293894 -49.0116 -0.580065 0.333093 0.743352 688.44
0.66636 -0.330039 0.66861 280.522 0.467215 0.883653 -0.0294532 -49.1326 -0.581099 0.332011 0.74303 690.031
0.666752 -0.329539 0.668465 281.724 0.467392 0.883519 -0.0306379 -49.2127 -0.580505 0.332863 0.743112 691.341
0.667437 -0.328783 0.668154 283.502 0.467224 0.883562 -0.0319424 -49.3531 -0.579853 0.333497 0.743337 693.289
0.667286 -0.330064 0.667673 284.823 0.47001 0.882017 -0.0337134 -49.4455 -0.577772 0.33631 0.74369 694.713
0.667874 -0.329079 0.667571 286.134 0.469874 0.882028 -0.0352908 -49.5283 -0.577203 0.337244 0.743709 696.128
0.667775 -0.329002 0.667708 287.605 0.470304 0.881775 -0.0358719 -49.6413 -0.576966 0.33798 0.743559 697.733
0.667483 -0.329336 0.667836 289.006 0.471752 0.880952 -0.0370716 -49.7293 -0.576122 0.339797 0.743385 699.263
0.66864 -0.326585 0.668029 290.392 0.467847 0.883052 -0.036571 -49.8497 -0.577961 0.336988 0.743236 700.801
0.668457 -0.327458 0.667785 292.425 0.469262 0.88228 -0.0370949 -50.0125 -0.577026 0.338162 0.74343 703.023
0.66703 -0.329482 0.668216 293.825 0.472763 0.880377 -0.0378305 -50.1107 -0.575817 0.341142 0.743005 704.558
0.66605 -0.32772 0.670058 295.231 0.471551 0.881027 -0.0378267 -50.2261 -0.577943 0.341161 0.741345 706.155
0.664618 -0.329185 0.670761 296.754 0.473533 0.879984 -0.0373325 -50.3504 -0.57797 0.34244 0.740734 707.846
0.664871 -0.329591 0.67031 298.817 0.47417 0.879621 -0.0378138 -50.4837 -0.577156 0.342983 0.741117 710.047
0.663803 -0.329913 0.67121 299.991 0.475488 0.87889 -0.0382486 -50.5875 -0.577301 0.344541 0.74028 711.347
