1 0 0 0 0 1 0 0 0 0 1 0
0.999982 0.000785687 -0.00597707 0.000773695 -0.000943971 0.999648 -0.0265255 -0.0206141 0.00595412 0.0265306 0.99963 2.01052
0.999958 -0.00073671 -0.00913862 -0.0131326 0.000397357 0.999312 -0.0370803 -0.0328851 0.00915965 0.0370751 0.999271 3.22669
0.999918 -0.00116271 -0.0127781 -0.0335674 0.000818057 0.999637 -0.0269444 -0.0760329 0.0128048 0.0269317 0.999555 4.57806
0.999873 0.00215888 -0.0158108 -0.0636957 -0.00240352 0.999877 -0.0154705 -0.106288 0.0157754 0.0155066 0.999755 5.601
0.999797 0.0026937 -0.0199563 -0.071352 -0.00293268 0.999924 -0.0119557 -0.141795 0.0199226 0.0120118 0.999729 6.80307
0.999768 0.00103414 -0.0215026 -0.0794373 -0.00134897 0.999892 -0.0146322 -0.170991 0.0214852 0.0146578 0.999662 7.75873
0.999777 0.00336919 -0.0208264 -0.115254 -0.0037492 0.999827 -0.0182346 -0.196814 0.0207613 0.0183087 0.999617 8.97756
0.999791 0.00310844 -0.0202145 -0.143231 -0.00350369 0.999803 -0.0195467 -0.219417 0.0201498 0.0196134 0.999605 10.019
0.99977 0.00380186 -0.0210978 -0.153294 -0.00419221 0.99982 -0.0184885 -0.255793 0.0210237 0.0185727 0.999606 10.9452
0.999787 0.00354948 -0.0203092 -0.194102 -0.00393056 0.999816 -0.0187549 -0.271622 0.0202389 0.0188307 0.999618 11.8825
0.999784 0.00246942 -0.0206461 -0.219069 -0.00287003 0.999808 -0.0193968 -0.304625 0.0205942 0.0194519 0.999599 12.9431
0.999748 0.00146526 -0.022403 -0.226149 -0.00191209 0.999799 -0.0199364 -0.338451 0.0223693 0.0199742 0.99955 13.8557
0.999754 0.00218498 -0.0220754 -0.26257 -0.0026408 0.999783 -0.0206402 -0.364506 0.0220255 0.0206935 0.999543 14.7383
0.999759 0.00481611 -0.0214346 -0.296775 -0.00524732 0.999784 -0.0201068 -0.396616 0.0213332 0.0202144 0.999568 15.7891
0.999761 0.00496475 -0.0212862 -0.328095 -0.00538061 0.999795 -0.0195239 -0.425395 0.0211849 0.0196338 0.999583 16.8582
0.999742 0.00585503 -0.0219598 -0.338713 -0.00630636 0.999769 -0.02054 -0.453041 0.0218345 0.0206731 0.999548 18.0246
0.999734 0.00639454 -0.0221527 -0.366565 -0.00686874 0.999747 -0.0213962 -0.505495 0.0220103 0.0215426 0.999526 19.5309
0.999736 0.00795898 -0.0215701 -0.389158 -0.0084549 0.9997 -0.022998 -0.527727 0.0213806 0.0231743 0.999503 20.2924
0.999745 0.00781477 -0.0211876 -0.414708 -0.00831588 0.999685 -0.0236674 -0.552195 0.0209959 0.0238375 0.999495 21.1617
0.999727 0.00711104 -0.0222587 -0.430512 -0.00765462 0.999672 -0.0244316 -0.571082 0.0220777 0.0245953 0.999454 21.9757
0.999714 0.00404398 -0.0235839 -0.463013 -0.00462746 0.999683 -0.0247388 -0.615327 0.0234764 0.0248409 0.999416 23.3409
0.99968 0.00354571 -0.0250389 -0.498453 -0.00414055 0.999709 -0.0237447 -0.672143 0.0249474 0.0238407 0.999404 24.5475
0.99967 0.0021034 -0.0255924 -0.554067 -0.00270481 0.99972 -0.023488 -0.731353 0.0255358 0.0235494 0.999396 26.0267
0.99962 0.000393912 -0.02758 -0.578799 -0.00106191 0.999706 -0.02421 -0.772565 0.0275623 0.0242301 0.999326 27.3879
0.999604 -0.000300736 -0.0281277 -0.624659 -0.000360979 0.999723 -0.0235173 -0.81139 0.028127 0.0235182 0.999328 28.4368
0.999536 -0.00189349 -0.0304014 -0.655455 0.00117983 0.999724 -0.0234755 -0.840479 0.0304374 0.0234287 0.999262 29.4496
0.999446 -0.000623132 -0.0332756 -0.689214 -0.000114038 0.999755 -0.022147 -0.864783 0.0332812 0.0221385 0.999201 30.3223
0.999403 0.00126751 -0.0345185 -0.756747 -0.00201964 0.999761 -0.021763 -0.891896 0.0344827 0.0218198 0.999167 31.2128
0.999257 0.000650124 -0.0385412 -0.825212 -0.00154655 0.999729 -0.0232338 -0.942312 0.0385157 0.0232761 0.998987 32.9774
0.999031 0.00199927 -0.0439554 -0.869846 -0.00322732 0.999606 -0.0278853 -0.972203 0.0438823 0.0280001 0.998644 33.9417
0.998786 0.00371707 -0.0491092 -0.95814 -0.00518335 0.999544 -0.029764 -1.02271 0.0489761 0.0299824 0.99835 35.1761
0.998419 0.000659704 -0.0561996 -1.02202 -0.0021933 0.999627 -0.027231 -1.06641 0.0561607 0.0273112 0.998048 36.4725
0.998099 0.00257455 -0.0615847 -1.1002 -0.00404944 0.999708 -0.0238361 -1.11006 0.0615053 0.0240402 0.997817 37.734
0.997785 0.0010883 -0.06651 -1.16665 -0.00261444 0.999735 -0.0228633 -1.14454 0.0664675 0.0229866 0.997524 38.7793
0.997599 0.00338344 -0.0691691 -1.23942 -0.00499865 0.999719 -0.0231918 -1.17702 0.0690711 0.0234819 0.997335 39.752
0.99758 0.005273 -0.069323 -1.32629 -0.00686861 0.999716 -0.0227988 -1.20397 0.0691831 0.0232198 0.997334 40.7144
0.997552 0.00685254 -0.0695849 -1.40223 -0.00836688 0.999734 -0.0214944 -1.23912 0.0694191 0.022024 0.997344 41.6771
0.997604 0.00807294 -0.068715 -1.48354 -0.00950932 0.999743 -0.0206021 -1.27835 0.068531 0.0212062 0.997424 42.671
0.997708 0.00880625 -0.0670865 -1.58759 -0.010207 0.999736 -0.0205662 -1.32582 0.0668877 0.0212039 0.997535 43.846
0.997798 0.00777488 -0.0658618 -1.67262 -0.00920086 0.999729 -0.0213756 -1.36374 0.0656778 0.0219345 0.9976 44.9823
0.997864 0.0066918 -0.0649761 -1.77912 -0.00812836 0.999728 -0.0218698 -1.42176 0.0648121 0.0223513 0.997647 46.4395
0.997926 0.00500615 -0.0641792 -1.87706 -0.00648305 0.999718 -0.0228246 -1.47118 0.0640469 0.0231933 0.997677 47.9594
0.997989 0.00327616 -0.0633017 -1.93096 -0.00474002 0.999724 -0.0229889 -1.50409 0.0632089 0.0232428 0.99773 48.8787
0.998008 0.00137685 -0.0630784 -1.98711 -0.00281839 0.999737 -0.0227698 -1.54512 0.0630305 0.0229023 0.997749 49.9023
0.998103 0.000769995 -0.0615614 -2.05203 -0.00214331 0.99975 -0.0222452 -1.59092 0.0615289 0.0223349 0.997855 50.8635
0.998165 0.000284184 -0.060546 -2.1493 -0.0016473 0.999746 -0.022465 -1.64287 0.0605242 0.0225235 0.997913 52.257
0.998204 9.13341e-05 -0.0599088 -2.2207 -0.00145709 0.99974 -0.022754 -1.68458 0.0598911 0.0228004 0.997944 53.3608
0.998354 0.00358855 -0.0572336 -2.3605 -0.00492866 0.999717 -0.0232909 -1.73999 0.0571338 0.0235346 0.998089 54.7723
0.998379 0.00379513 -0.0567843 -2.43178 -0.00517151 0.999696 -0.0241115 -1.78134 0.0566756 0.0243661 0.998095 55.8753
0.998364 0.00323551 -0.0570778 -2.48187 -0.00458214 0.999714 -0.0234778 -1.82459 0.0569855 0.0237009 0.998094 56.8338
0.998398 0.00220756 -0.0565338 -2.55991 -0.00352522 0.999724 -0.0232184 -1.87165 0.0564669 0.0233805 0.998131 58.0229
0.998388 0.00230535 -0.0567183 -2.61445 -0.00362873 0.999723 -0.0232406 -1.91869 0.056649 0.023409 0.99812 59.0318
0.998429 0.00373697 -0.055901 -2.6817 -0.00509656 0.999694 -0.0241987 -1.9603 0.0557935 0.0244456 0.998143 60.0561
0.998348 0.00222652 -0.057406 -2.72752 -0.00356979 0.999722 -0.0233075 -2.00975 0.0573381 0.023474 0.998079 61.1437
0.998237 9.28251e-05 -0.0593485 -2.79113 -0.00139355 0.99976 -0.0218757 -2.05655 0.0593322 0.0219198 0.997998 62.191
0.998032 -0.00241803 -0.0626615 -2.85959 0.00105693 0.999763 -0.0217456 -2.09888 0.0626992 0.0216366 0.997798 63.1995
0.997684 -0.00747642 -0.0676095 -2.92835 0.00590817 0.99971 -0.023366 -2.13655 0.0677646 0.0229125 0.997438 64.1979
0.997222 -0.0103356 -0.0737681 -3.01432 0.0084889 0.999644 -0.0253039 -2.18468 0.0740033 0.0246074 0.996954 65.2859
0.996695 -0.0126257 -0.0802436 -3.10832 0.0105022 0.999585 -0.0268305 -2.22488 0.0805491 0.0258991 0.996414 66.3171
0.996051 -0.0131383 -0.0878046 -3.19855 0.0108748 0.999597 -0.0262078 -2.26291 0.0881136 0.0251495 0.995793 67.3477
0.995464 -0.0124982 -0.0943099 -3.2951 0.0103213 0.99967 -0.0235349 -2.31094 0.0945729 0.0224547 0.995265 68.3852
0.995106 -0.0080903 -0.0984784 -3.41307 0.00587012 0.999722 -0.0228137 -2.35497 0.0986356 0.022124 0.994878 69.445
0.994927 -0.00538543 -0.100454 -3.53053 0.00296798 0.999703 -0.0241991 -2.39514 0.100555 0.0237782 0.994647 70.4595
0.994795 -0.00425716 -0.101809 -3.64163 0.00153138 0.999639 -0.0268367 -2.4367 0.101886 0.0265412 0.994442 71.4962
0.994784 -0.00338741 -0.101951 -3.77519 0.000532544 0.999607 -0.0280165 -2.49378 0.102006 0.0278161 0.994395 72.8106
0.995023 -0.00376164 -0.0995709 -3.94304 0.00103224 0.999623 -0.027449 -2.55619 0.0996365 0.0272096 0.994652 74.2357
0.995264 -0.00590585 -0.097033 -4.05948 0.00337434 0.99965 -0.0262326 -2.61507 0.097154 0.0257809 0.994935 75.5297
0.995776 -0.00643243 -0.0915908 -4.16437 0.00417766 0.999684 -0.0247884 -2.66482 0.0917213 0.024301 0.995488 76.6075
0.996425 -0.0023067 -0.0844509 -4.30407 0.000215201 0.999693 -0.0247666 -2.71504 0.0844821 0.0246599 0.99612 77.8592
0.997034 -0.00538311 -0.0767692 -4.38031 0.00351952 0.999696 -0.0243898 -2.77114 0.0768772 0.0240473 0.996751 78.8558
0.997731 -0.00205468 -0.067288 -4.46687 0.000404868 0.999699 -0.0245231 -2.81234 0.0673182 0.0244402 0.997432 79.9069
0.998355 -0.000518669 -0.0573295 -4.52184 -0.000930888 0.999681 -0.0252551 -2.8473 0.0573243 0.0252669 0.998036 80.9446
0.998847 -0.00189029 -0.047971 -4.55982 0.000710026 0.999697 -0.0246088 -2.89931 0.048003 0.0245464 0.998546 82.143
0.999264 -0.00307132 -0.0382454 -4.59075 0.00214381 0.999703 -0.024269 -2.94553 0.0383086 0.0241691 0.998974 83.2589
0.999639 -0.00126806 -0.0268447 -4.63771 0.000603913 0.999694 -0.0247341 -2.99126 0.0268678 0.024709 0.999334 84.431
0.999879 -0.00120136 -0.0154949 -4.68183 0.000799221 0.999663 -0.0259329 -3.04095 0.0155208 0.0259174 0.999544 85.7084
0.999977 -0.00212453 -0.00644878 -4.69685 0.00194623 0.999619 -0.02753 -3.08335 0.00650481 0.0275168 0.9996 86.7479
0.999997 -0.00257964 7.25075e-05 -4.69264 0.00258066 0.999598 -0.0282303 -3.13052 3.45658e-07 0.0282304 0.999601 87.9119
0.999976 -0.003872 0.00579692 -4.71384 0.0040318 0.999605 -0.0278139 -3.17421 -0.00568693 0.0278366 0.999596 88.8396
0.999942 -0.00730045 0.00791874 -4.70833 0.00751876 0.999582 -0.0278983 -3.20421 -0.00771176 0.0279563 0.999579 89.7285
0.999923 -0.00968351 0.00782398 -4.70006 0.00989437 0.999576 -0.0273768 -3.24666 -0.00755557 0.0274521 0.999595 90.6479
0.999929 -0.00933086 0.00742683 -4.70131 0.00952777 0.999592 -0.0269346 -3.27911 -0.00717247 0.0270034 0.99961 91.6019
0.999921 -0.0111247 0.00584886 -4.70123 0.0112776 0.999577 -0.0267984 -3.31935 -0.00554826 0.0268623 0.999624 92.5831
0.99993 -0.0114012 0.00314349 -4.69061 0.0114804 0.999584 -0.0264693 -3.38375 -0.0028404 0.0265035 0.999645 93.7987
0.999909 -0.0134603 -0.000755373 -4.67344 0.0134345 0.999533 -0.0274467 -3.47224 0.00112446 0.027434 0.999623 95.7011
0.99988 -0.014494 -0.00544889 -4.67038 0.0143308 0.99948 -0.0288867 -3.50464 0.00586474 0.0288051 0.999568 96.5703
0.999833 -0.0148117 -0.0107047 -4.66535 0.0144985 0.999481 -0.0287611 -3.57343 0.0111252 0.0286011 0.999529 98.15
0.999735 -0.0162588 -0.0162673 -4.66885 0.0157888 0.999466 -0.0286156 -3.61613 0.0167239 0.0283512 0.999458 99.194
0.999674 -0.0157239 -0.0201227 -4.7115 0.0151789 0.999521 -0.0269569 -3.68803 0.020537 0.0266427 0.999434 100.6
0.999551 -0.0171328 -0.0245648 -4.75272 0.0164402 0.999469 -0.0281282 -3.73014 0.0250336 0.0277117 0.999302 102.319
0.999495 -0.0160224 -0.0274391 -4.79199 0.0152671 0.999505 -0.027518 -3.76592 0.0278664 0.0270851 0.999245 103.293
0.999437 -0.0138904 -0.0305507 -4.83258 0.0131004 0.999578 -0.0259104 -3.81674 0.0308977 0.0254956 0.999197 104.449
0.999401 -0.0121667 -0.0323926 -4.88209 0.0113382 0.999607 -0.0256411 -3.87134 0.0326918 0.0252585 0.999146 105.746
0.999289 -0.0133009 -0.0352911 -4.92099 0.0123836 0.999583 -0.0260842 -3.94535 0.0356233 0.0256287 0.999037 107.326
0.999208 -0.0144276 -0.0370794 -4.98591 0.0134167 0.999535 -0.0273674 -4.00624 0.037457 0.0268483 0.998938 108.849
0.999137 -0.0160139 -0.0383188 -5.03328 0.0149604 0.999506 -0.0276249 -4.04871 0.0387423 0.0270278 0.998884 109.992
0.999196 -0.0116789 -0.0383406 -5.09327 0.0106615 0.999588 -0.0266325 -4.10118 0.0386359 0.0262024 0.99891 111.169
0.999129 -0.0126546 -0.0397723 -5.15606 0.0116456 0.999607 -0.0254989 -4.17813 0.0400794 0.0250135 0.998883 112.857
0.999099 -0.0132563 -0.0403275 -5.22154 0.0122374 0.999602 -0.0254062 -4.24778 0.0406482 0.0248898 0.998863 114.55
0.999119 -0.0119282 -0.0402464 -5.29848 0.0109345 0.999632 -0.0248211 -4.31513 0.0405276 0.0243592 0.998881 116.213
0.999245 -0.00753033 -0.0381076 -5.37095 0.00663633 0.999701 -0.0235323 -4.35953 0.0382735 0.0232616 0.998997 117.223
0.999199 -0.00786161 -0.039228 -5.40167 0.00693328 0.999694 -0.0237452 -4.41094 0.0394026 0.0234542 0.998948 118.301
0.999244 -0.00585553 -0.0384383 -5.46203 0.00485792 0.99965 -0.0259958 -4.45478 0.0385771 0.0257894 0.998923 119.333
0.999225 -0.0064015 -0.0388489 -5.50101 0.00537334 0.999634 -0.0265126 -4.50085 0.0390044 0.0262833 0.998893 120.316
0.999276 -0.00731832 -0.0373459 -5.54788 0.00632457 0.999625 -0.0266585 -4.53814 0.037527 0.026403 0.998947 121.193
0.999296 -0.00757313 -0.0367461 -5.59 0.0066334 0.99965 -0.0256287 -4.57442 0.0369273 0.0253669 0.998996 122.083
0.99929 -0.00922599 -0.0365222 -5.63005 0.00835381 0.999678 -0.0239619 -4.61511 0.0367316 0.0236398 0.999046 123.005
0.999354 -0.00902523 -0.0347882 -5.70177 0.00819812 0.999682 -0.0238453 -4.65896 0.0349924 0.0235447 0.99911 124.184
0.999304 -0.0114927 -0.0354749 -5.7406 0.010699 0.99969 -0.0224828 -4.71124 0.0357223 0.0220876 0.999118 125.383
0.999331 -0.0106576 -0.03498 -5.79886 0.00989173 0.999709 -0.0219952 -4.76593 0.0352043 0.0216345 0.999146 126.647
0.999324 -0.0110603 -0.0350691 -5.83792 0.0103028 0.999711 -0.0217075 -4.80117 0.0352991 0.0213315 0.999149 127.518
0.999299 -0.0122791 -0.0353523 -5.89535 0.0115091 0.999694 -0.0219013 -4.84057 0.0356104 0.021479 0.999135 128.606
0.999281 -0.0128127 -0.0356748 -5.95063 0.0120493 0.999696 -0.0215338 -4.88094 0.0359399 0.0210884 0.999131 129.627
0.999242 -0.0118915 -0.0370682 -5.9934 0.0111111 0.999714 -0.0211898 -4.92011 0.0373095 0.0207619 0.999088 130.558
0.999089 -0.0148814 -0.0399955 -6.01997 0.0140113 0.999661 -0.0219486 -4.95829 0.0403085 0.0213682 0.998959 131.508
0.998992 -0.0170242 -0.0415341 -6.07141 0.016079 0.999606 -0.0229868 -4.99406 0.0419091 0.0222958 0.998873 132.564
0.998988 -0.0139961 -0.0427415 -6.12632 0.0130641 0.999672 -0.0220062 -5.03662 0.0430355 0.0214255 0.998844 133.423
0.998868 -0.0133159 -0.0456624 -6.15826 0.0123375 0.99969 -0.0216424 -5.08029 0.0459364 0.0210545 0.998722 134.326
0.998737 -0.0138961 -0.0482816 -6.20737 0.0128839 0.999692 -0.0212124 -5.13155 0.0485615 0.0205635 0.998608 135.449
0.998561 -0.014662 -0.0515841 -6.24348 0.0135612 0.999674 -0.0216263 -5.17654 0.0518844 0.0208956 0.998434 136.459
0.998438 -0.0136605 -0.0541668 -6.30889 0.0125027 0.999687 -0.0216552 -5.22809 0.0544457 0.0209441 0.998297 137.654
0.998305 -0.0140991 -0.0564566 -6.34551 0.0128255 0.999656 -0.022857 -5.26283 0.0567595 0.0220942 0.998143 138.491
0.998272 -0.012001 -0.0575263 -6.3998 0.0106186 0.999649 -0.0242763 -5.30329 0.0577974 0.0236235 0.998049 139.303
0.99826 -0.00960337 -0.0581865 -6.46133 0.00813377 0.999643 -0.0254411 -5.33925 0.0584101 0.0249235 0.997982 140.174
0.99829 -0.00848113 -0.0578364 -6.51675 0.00703607 0.999659 -0.0251433 -5.37338 0.0580299 0.0246934 0.998009 140.981
0.998282 -0.00858178 -0.0579606 -6.5584 0.00723067 0.999698 -0.0234803 -5.40584 0.0581446 0.0230209 0.998043 141.715
0.998238 -0.00856352 -0.0587156 -6.59035 0.00727908 0.99973 -0.0220549 -5.43615 0.0588886 0.0215886 0.998031 142.449
0.998369 -0.00640248 -0.0567246 -6.63871 0.00526605 0.999783 -0.0201611 -5.47196 0.0568413 0.0198295 0.998186 143.197
0.9986 -0.00348575 -0.0527793 -6.69197 0.00255111 0.999839 -0.0177655 -5.49932 0.0528327 0.017606 0.998448 143.898
0.99887 -0.000375134 -0.0475314 -6.74299 -0.000355416 0.999882 -0.0153605 -5.53242 0.0475315 0.01536 0.998752 144.571
0.999066 0.00143876 -0.043191 -6.7695 -0.00204281 0.999901 -0.0139446 -5.5586 0.0431666 0.0140198 0.99897 145.199
0.99933 0.0069814 -0.035939 -6.8134 -0.00749718 0.999871 -0.0142366 -5.58613 0.035835 0.0144965 0.999253 145.794
0.999547 0.0105934 -0.0281741 -6.84068 -0.0110425 0.999814 -0.0158327 -5.60542 0.0280012 0.0161366 0.999478 146.325
0.99973 0.0142178 -0.0183518 -6.87458 -0.0145114 0.999767 -0.0159623 -5.6325 0.0181206 0.0162243 0.999704 146.858
0.999835 0.0160116 -0.00855633 -6.88952 -0.0161555 0.999725 -0.0170264 -5.65813 0.00828136 0.0171618 0.999818 147.356
0.9998 0.0197549 0.00319133 -6.91004 -0.0196935 0.99964 -0.0182344 -5.67765 -0.0035504 0.0181679 0.999829 147.809
0.999603 0.0233594 0.015747 -6.92809 -0.0230726 0.999569 -0.0181539 -5.69224 -0.0161642 0.0177834 0.999711 148.261
0.999286 0.0264043 0.0270327 -6.92116 -0.0259341 0.999509 -0.0175987 -5.71122 -0.0274841 0.0168851 0.99948 148.671
0.998572 0.0322772 0.0425779 -6.94499 -0.0314747 0.999317 -0.0193856 -5.72183 -0.0431745 0.0180178 0.998905 149.054
0.997888 0.0344024 0.0550961 -6.92245 -0.0333066 0.999231 -0.0206858 -5.73706 -0.0557654 0.018807 0.998267 149.415
0.996453 0.0390192 0.0745547 -6.93551 -0.0375498 0.999074 -0.0210111 -5.74781 -0.0753055 0.0181371 0.996996 149.747
0.994771 0.0414546 0.0933404 -6.91122 -0.0397902 0.999015 -0.0196226 -5.76111 -0.0940619 0.0158059 0.995441 150.082
0.992443 0.0433516 0.114793 -6.87791 -0.0413264 0.998946 -0.0199643 -5.77424 -0.115538 0.0150695 0.993189 150.437
0.9893 0.0453602 0.138668 -6.8254 -0.0425674 0.998828 -0.0230414 -5.79061 -0.139551 0.0168921 0.990071 150.802
0.984513 0.0548514 0.166511 -6.77907 -0.0511868 0.998345 -0.0262235 -5.80431 -0.167674 0.0172942 0.985691 151.152
0.978778 0.0623868 0.195197 -6.72023 -0.0569403 0.997819 -0.0333961 -5.82148 -0.196855 0.0215728 0.980195 151.474
0.973304 0.0612459 0.221199 -6.61495 -0.0520397 0.997528 -0.047216 -5.85135 -0.223544 0.0344444 0.974085 151.724
0.970296 0.0544057 0.235724 -6.00401 -0.038239 0.996626 -0.0726229 -5.90212 -0.23888 0.0614518 0.969103 152.04
0.965096 0.0485921 0.257348 -5.60867 -0.0255123 0.995407 -0.0922762 -5.94898 -0.26065 0.0824899 0.961903 152.423
0.95562 0.0477752 0.290704 -5.51928 -0.0187294 0.994619 -0.101891 -5.96276 -0.294007 0.091924 0.951373 152.61
0.94529 0.0469296 0.322839 -5.40528 -0.0134284 0.994358 -0.105226 -5.98143 -0.325956 0.095134 0.940586 152.77
0.92937 0.0527276 0.365364 -5.34297 -0.0144162 0.994176 -0.106805 -5.99159 -0.368868 0.0939938 0.924717 152.954
0.913382 0.0537924 0.403535 -5.23078 -0.0102979 0.993968 -0.10919 -6.00927 -0.406974 0.0955765 0.908426 153.12
0.894772 0.0448564 0.444264 -5.11869 0.00283099 0.994352 -0.106099 -6.03493 -0.446514 0.0961924 0.889591 153.271
0.873958 0.0317841 0.484961 -4.95484 0.018003 0.995057 -0.0976593 -6.06413 -0.485668 0.0940809 0.869066 153.426
0.848608 0.0236932 0.528491 -4.80167 0.0268311 0.995783 -0.087726 -6.09339 -0.528341 0.088625 0.844394 153.584
0.817825 0.0217235 0.575056 -4.62839 0.030167 0.996295 -0.0805387 -6.12147 -0.574675 0.0832143 0.81414 153.759
0.779718 0.0232256 0.6257 -4.46994 0.0305102 0.996715 -0.0750179 -6.14356 -0.625387 0.0775831 0.776448 153.914
0.737716 0.0194543 0.674831 -4.2791 0.0344649 0.997196 -0.0664242 -6.1651 -0.674231 0.0722602 0.734977 154.04
0.689814 0.0110988 0.723902 -4.05539 0.0406605 0.99771 -0.0540426 -6.17504 -0.722844 0.0667135 0.687783 154.169
0.638081 -0.00158728 0.769968 -3.81863 0.0490987 0.998047 -0.0386311 -6.19576 -0.768403 0.0624542 0.636912 154.273
0.582324 -0.0117499 0.812872 -3.58679 0.0567413 0.998045 -0.0262217 -6.20563 -0.810974 0.0613929 0.581852 154.362
0.5228 -0.0165447 0.852295 -3.3414 0.0625797 0.997859 -0.0190162 -6.21026 -0.850155 0.063278 0.522716 154.439
0.460113 -0.0217336 0.887594 -3.10004 0.0685959 0.997582 -0.0111322 -6.21768 -0.885207 0.0660074 0.460491 154.486
0.395829 -0.0262709 0.917948 -2.83179 0.0708617 0.997484 -0.00200923 -6.22371 -0.915586 0.0658427 0.396695 154.523
0.32953 -0.0312619 0.943627 -2.56527 0.0749312 0.997165 0.00686835 -6.22594 -0.941167 0.0684438 0.330938 154.546
0.266033 -0.0322927 0.963423 -2.30064 0.0792107 0.996791 0.0115384 -6.23069 -0.960704 0.0732438 0.267737 154.521
0.206521 -0.0313484 0.97794 -1.98376 0.0852219 0.996264 0.0139387 -6.21996 -0.974724 0.0804633 0.208421 154.495
0.150299 -0.0297906 0.988192 -1.62881 0.0872211 0.996048 0.0167615 -6.21096 -0.984786 0.0836719 0.152303 154.473
0.095127 -0.0304993 0.994998 -1.20632 0.0888789 0.995799 0.0220266 -6.20185 -0.991489 0.086339 0.0974381 154.45
0.0431686 -0.0330301 0.998522 -0.78196 0.0946342 0.995095 0.0288254 -6.18406 -0.994576 0.09325 0.0460826 154.401
-0.00434313 -0.0383453 0.999255 -0.259549 0.0987055 0.994368 0.0385868 -6.15745 -0.995107 0.0987996 -0.000533777 154.333
-0.0469249 -0.0456995 0.997852 0.308709 0.0963259 0.99409 0.050057 -6.12417 -0.994243 0.0984679 -0.0422456 154.264
-0.0853826 -0.0534302 0.994915 0.870489 0.0928364 0.99379 0.0613369 -6.0922 -0.992014 0.0976014 -0.0798921 154.173
-0.118901 -0.0597629 0.991106 1.54827 0.0860397 0.993812 0.0702481 -6.05196 -0.989171 0.093627 -0.113024 154.055
-0.1491 -0.0581694 0.98711 2.12366 0.0845417 0.993863 0.0713371 -6.02821 -0.985201 0.0940883 -0.143267 153.948
-0.174637 -0.0490468 0.983411 2.75592 0.0878182 0.994002 0.0651701 -6.00718 -0.980709 0.0977425 -0.169283 153.795
-0.196305 -0.0357791 0.97989 3.44235 0.0932087 0.994128 0.0549719 -5.98083 -0.976103 0.102126 -0.191817 153.617
-0.214482 -0.0212947 0.976496 4.0301 0.0935726 0.994716 0.0422447 -5.94395 -0.972235 0.100434 -0.211356 153.484
-0.229327 -0.00955308 0.973303 4.6089 0.0916489 0.995297 0.031363 -5.90206 -0.969025 0.0963945 -0.227373 153.341
-0.240348 -0.00261593 0.970683 5.01312 0.0871703 0.995898 0.0242679 -5.87154 -0.966765 0.0904475 -0.239134 153.231
-0.250493 -0.00510333 0.968105 5.38029 0.085997 0.995916 0.0275013 -5.86009 -0.964291 0.090143 -0.249031 153.136
-0.260583 -0.0117798 0.96538 5.764 0.0885948 0.995415 0.0360605 -5.85852 -0.961378 0.0949244 -0.258345 153.038
-0.268475 -0.0154981 0.963162 6.19539 0.0903566 0.995057 0.0411977 -5.85382 -0.959039 0.0980886 -0.265748 152.917
-0.275019 -0.013752 0.96134 6.63865 0.092646 0.994865 0.0407356 -5.83953 -0.956965 0.100267 -0.272333 152.789
-0.279703 -0.00939234 0.960041 7.05135 0.0924642 0.99504 0.0366737 -5.82158 -0.955624 0.0990271 -0.277447 152.668
-0.284402 -0.0074563 0.958676 7.463 0.0908194 0.995263 0.0346835 -5.8089 -0.954394 0.0969305 -0.282378 152.554
-0.287663 -0.00709821 0.957705 7.89553 0.0893898 0.995408 0.0342274 -5.79379 -0.953551 0.095455 -0.285707 152.427
-0.290289 -0.00625625 0.956919 8.35399 0.0910972 0.995257 0.034142 -5.77952 -0.952593 0.0970837 -0.288342 152.295
-0.291252 -0.00570058 0.956629 8.84113 0.0933781 0.995038 0.034359 -5.76928 -0.952078 0.0993354 -0.289274 152.142
-0.292105 -0.00581255 0.956369 9.41127 0.0922646 0.995146 0.0342287 -5.75429 -0.951925 0.0982373 -0.290151 151.981
-0.291293 -0.00663079 0.956611 10.0869 0.0904122 0.995309 0.03443 -5.73793 -0.952352 0.0965185 -0.289327 151.775
-0.29102 -0.00668317 0.956694 10.805 0.0899441 0.995356 0.0343136 -5.71801 -0.95248 0.0960349 -0.289067 151.572
-0.290594 -0.00710977 0.95682 11.2531 0.0890115 0.995435 0.0344302 -5.70847 -0.952697 0.0951732 -0.288634 151.448
-0.290377 -0.00748669 0.956883 11.9021 0.0879469 0.995528 0.0344775 -5.69548 -0.952862 0.0941664 -0.28842 151.27
-0.287949 -0.00702995 0.95762 13.056 0.0900665 0.995342 0.0343891 -5.66776 -0.953401 0.0961518 -0.285974 150.905
-0.287638 -0.00887634 0.957698 13.5874 0.0865767 0.995622 0.0352305 -5.65754 -0.953818 0.093048 -0.28561 150.772
-0.286001 -0.0112287 0.958164 14.024 0.086198 0.995576 0.0373963 -5.64653 -0.954345 0.0932871 -0.283768 150.645
-0.284802 -0.0139802 0.958484 14.6187 0.085617 0.995526 0.0399605 -5.636 -0.954755 0.0934434 -0.282331 150.482
-0.283415 -0.0145895 0.958886 15.1641 0.0847795 0.995588 0.0402059 -5.62135 -0.955243 0.0926888 -0.280928 150.338
-0.279658 -0.0140018 0.959998 15.8583 0.0855924 0.995549 0.0394544 -5.60171 -0.956277 0.0932022 -0.277215 150.13
-0.277547 -0.013665 0.960615 16.627 0.0839244 0.995731 0.0384125 -5.58383 -0.957039 0.0912803 -0.275215 149.928
-0.275392 -0.0120847 0.961256 17.4675 0.082327 0.995951 0.0361069 -5.56405 -0.9578 0.0890809 -0.273282 149.7
-0.272868 -0.00976135 0.962002 18.2594 0.0826707 0.996012 0.0335557 -5.54899 -0.958493 0.0886856 -0.270973 149.468
-0.270776 -0.00873615 0.962603 18.6833 0.0839041 0.995939 0.0326405 -5.54335 -0.958979 0.0896045 -0.268943 149.355
-0.267345 -0.00932223 0.963556 19.1593 0.0868251 0.995653 0.0337229 -5.52709 -0.959681 0.0926765 -0.265373 149.215
-0.263476 -0.0115331 0.964597 19.982 0.0873027 0.99554 0.0357495 -5.52295 -0.960707 0.0936311 -0.261294 148.973
-0.259749 -0.0132398 0.965585 20.8923 0.0882377 0.995398 0.0373852 -5.53103 -0.961636 0.0949118 -0.257386 148.713
-0.256219 -0.0134446 0.966525 21.6555 0.0876427 0.995462 0.0370805 -5.52006 -0.962637 0.0942096 -0.253878 148.536
-0.249127 -0.0127277 0.968387 22.1761 0.0896264 0.99532 0.036139 -5.51432 -0.964315 0.0957963 -0.246821 148.385
-0.243819 -0.0124877 0.96974 22.8371 0.0897104 0.99534 0.0353729 -5.51734 -0.965663 0.0956204 -0.241562 148.225
-0.239516 -0.0123565 0.970814 23.3474 0.0897077 0.99536 0.0348013 -5.50704 -0.966739 0.0954249 -0.237296 148.096
-0.236765 -0.0123075 0.971489 23.8201 0.0894551 0.995396 0.0344118 -5.49695 -0.96744 0.0950522 -0.234574 147.99
-0.234941 -0.0113748 0.971943 24.2814 0.0901205 0.99537 0.0334331 -5.48693 -0.967823 0.0954468 -0.232828 147.888
-0.233461 -0.0104158 0.97231 24.7418 0.0906089 0.995359 0.0324188 -5.48116 -0.968135 0.0956685 -0.231433 147.784
-0.23116 -0.00957699 0.972869 25.1877 0.0901999 0.995434 0.0312312 -5.47562 -0.968725 0.094972 -0.229241 147.678
-0.230314 -0.0072572 0.973089 25.5762 0.0890996 0.995615 0.0285136 -5.47355 -0.969029 0.093269 -0.228657 147.581
-0.231382 -0.00437603 0.972853 25.9519 0.088975 0.995704 0.0256405 -5.46756 -0.968786 0.0924923 -0.229999 147.482
-0.234858 -0.00348858 0.972023 26.4375 0.0892848 0.995689 0.0251463 -5.46813 -0.96792 0.0926927 -0.233534 147.371
-0.238746 -0.00348505 0.971076 26.9251 0.0910157 0.995511 0.0259496 -5.46114 -0.966807 0.0945785 -0.237357 147.261
-0.241148 -0.00311371 0.970483 27.4202 0.0929611 0.995323 0.0262926 -5.44341 -0.966026 0.0965576 -0.239731 147.115
-0.245438 -0.00333182 0.969407 27.9011 0.0903856 0.995559 0.0263059 -5.46389 -0.965189 0.0940768 -0.244047 147.091
-0.244554 -0.00304675 0.969631 28.3665 0.0910783 0.995502 0.0260992 -5.45297 -0.965349 0.094695 -0.243176 146.97
-0.243285 -0.00342627 0.969949 28.7441 0.0887656 0.995719 0.0257818 -5.45807 -0.965885 0.0923704 -0.24194 146.912
-0.238383 -0.00222236 0.971169 29.1589 0.0892912 0.995712 0.0241959 -5.45466 -0.967058 0.0924847 -0.237162 146.798
-0.23434 0.00105537 0.972154 29.6502 0.0887592 0.995846 0.0203145 -5.45327 -0.968094 0.0910481 -0.23346 146.726
-0.228408 0.00725678 0.973538 29.9984 0.0894697 0.995897 0.0135676 -5.44395 -0.969446 0.0902011 -0.22812 146.651
-0.22255 0.0115889 0.974852 30.3995 0.088264 0.996062 0.00830883 -5.44205 -0.970918 0.0878935 -0.222696 146.596
-0.21365 0.0134101 0.976818 30.8157 0.088362 0.996072 0.00565212 -5.43955 -0.972906 0.0875212 -0.213996 146.519
-0.203242 0.0129313 0.979043 31.2039 0.0875027 0.996152 0.00500769 -5.43567 -0.975211 0.0866867 -0.203592 146.45
-0.193479 0.0121479 0.981029 31.6782 0.0856528 0.996315 0.00455531 -5.43495 -0.977358 0.0849093 -0.193807 146.388
-0.182137 0.0116367 0.983204 32.1856 0.0856634 0.996316 0.00407714 -5.4322 -0.979535 0.0849672 -0.182463 146.307
-0.171688 0.0113689 0.985086 32.7792 0.0856861 0.996316 0.00343547 -5.4325 -0.981418 0.0849979 -0.17203 146.231
-0.162251 0.0111284 0.986687 33.4156 0.0839625 0.996466 0.00256805 -5.43616 -0.983171 0.0832613 -0.162611 146.163
-0.1529 0.010651 0.988184 34.185 0.083017 0.996546 0.00210394 -5.43603 -0.984749 0.0823577 -0.153256 146.061
-0.145638 0.00961014 0.989291 34.8935 0.0814876 0.996672 0.00231434 -5.43652 -0.985976 0.080952 -0.145937 145.973
-0.140725 0.00944877 0.990004 35.2622 0.0801046 0.996785 0.00187309 -5.43662 -0.986803 0.0795675 -0.14103 145.93
-0.136958 0.0085266 0.99054 35.7124 0.0791154 0.996863 0.00235792 -5.43663 -0.987412 0.0786899 -0.137203 145.871
-0.136092 0.00792045 0.990664 36.1935 0.0776074 0.99698 0.00269036 -5.44029 -0.987652 0.077249 -0.136296 145.817
-0.136996 0.00638272 0.990551 36.6378 0.0760563 0.997095 0.00409393 -5.44126 -0.987647 0.0758985 -0.137084 145.761
-0.137672 0.00502709 0.990465 37.0648 0.0758488 0.997104 0.00548202 -5.4357 -0.987569 0.0758803 -0.137655 145.698
-0.139476 0.00531802 0.990211 37.5232 0.0763093 0.99707 0.00539369 -5.43703 -0.987281 0.0763147 -0.139473 145.629
-0.14278 0.00698999 0.98973 37.9971 0.0744921 0.997215 0.00370348 -5.43388 -0.986947 0.0742558 -0.142903 145.575
-0.144696 0.00835563 0.989441 38.5185 0.0748927 0.997188 0.00253129 -5.43419 -0.986638 0.0744681 -0.144915 145.501
-0.146729 0.00844436 0.989141 38.9943 0.0749998 0.99718 0.00261246 -5.4377 -0.986329 0.0745687 -0.146948 145.431
-0.149767 0.00873018 0.988683 39.5368 0.0746487 0.997207 0.00250247 -5.44082 -0.985899 0.0741787 -0.150001 145.36
-0.151528 0.00843527 0.988417 40.0503 0.0754483 0.997145 0.00305676 -5.4416 -0.985569 0.0750376 -0.151732 145.282
-0.152385 0.00806501 0.988288 40.5946 0.0764858 0.997064 0.00365682 -5.44456 -0.985357 0.0761472 -0.152555 145.192
-0.153976 0.0090421 0.988033 41.2322 0.0770263 0.997025 0.00287942 -5.44743 -0.985068 0.0765479 -0.154214 145.093
-0.156065 0.00973632 0.987699 41.8617 0.076353 0.997078 0.00223566 -5.4494 -0.984791 0.0757627 -0.156352 145.002
-0.158008 0.0105281 0.987382 42.649 0.0761632 0.997094 0.00155653 -5.45025 -0.984496 0.0754481 -0.15835 144.891
-0.158527 0.00891079 0.987314 43.7003 0.0771351 0.997015 0.00338681 -5.45734 -0.984337 0.0766935 -0.158742 144.717
-0.160071 0.00558196 0.98709 44.5193 0.076992 0.997008 0.00684733 -5.46004 -0.984098 0.0770941 -0.160022 144.597
-0.161097 0.00143761 0.986938 45.2256 0.0766865 0.996994 0.0110652 -5.45655 -0.983955 0.0774673 -0.160722 144.483
-0.16239 -0.00033661 0.986727 45.9171 0.076653 0.996974 0.0129552 -5.45893 -0.983745 0.0777393 -0.161872 144.379
-0.162674 -0.00067941 0.98668 46.6445 0.0776003 0.996893 0.0134804 -5.4567 -0.983624 0.0787596 -0.162116 144.266
-0.162428 0.00187342 0.986719 47.5552 0.0770917 0.996966 0.0107975 -5.45619 -0.983704 0.0778216 -0.162079 144.125
-0.161831 0.00294371 0.986814 48.9132 0.0771709 0.996971 0.00968151 -5.4453 -0.983796 0.0777201 -0.161568 143.913
-0.161709 0.00430435 0.986829 50.2076 0.0768616 0.997008 0.00824639 -5.43645 -0.983841 0.0771828 -0.161556 143.724
-0.16079 0.00258072 0.986985 51.037 0.0764719 0.997023 0.00985105 -5.43349 -0.984022 0.0770606 -0.160508 143.599
-0.160091 0.00247422 0.987099 52.2959 0.0744607 0.997178 0.00957679 -5.43638 -0.98429 0.0750332 -0.159823 143.426
-0.158036 0.00396855 0.987425 53.4112 0.0733155 0.997279 0.00772588 -5.43082 -0.984708 0.0736145 -0.157897 143.269
-0.154203 0.00494134 0.988027 54.764 0.0738499 0.997248 0.00653843 -5.43799 -0.985275 0.073974 -0.154144 143.056
-0.148824 0.00475495 0.988852 56.0603 0.0771783 0.996994 0.00682138 -5.43343 -0.985847 0.0773331 -0.148744 142.837
-0.142953 0.00433576 0.98972 56.9678 0.07968 0.996795 0.00714204 -5.43219 -0.986517 0.0798818 -0.14284 142.687
-0.139916 0.00482709 0.990152 57.9256 0.0762895 0.997068 0.00591945 -5.43355 -0.98722 0.0763664 -0.139874 142.583
-0.136702 0.00587472 0.990595 58.7771 0.0733235 0.997299 0.00420416 -5.44158 -0.987895 0.0732086 -0.136764 142.484
-0.133328 0.00581181 0.991055 59.7098 0.0705155 0.997504 0.00363689 -5.45183 -0.98856 0.0703696 -0.133405 142.378
-0.130258 0.00448824 0.99147 60.5636 0.0684253 0.997646 0.00447344 -5.45663 -0.989116 0.0684244 -0.130259 142.284
-0.126706 0.00299289 0.991936 61.537 0.0679368 0.997674 0.00566777 -5.46069 -0.989611 0.0681071 -0.126615 142.174
-0.122595 0.000997567 0.992456 62.6044 0.0673363 0.997704 0.00731504 -5.4714 -0.99017 0.0677252 -0.122381 142.039
-0.118188 0.000451293 0.992991 64.0931 0.067289 0.997705 0.00755545 -5.47736 -0.990709 0.0677103 -0.117947 141.859
-0.116153 -0.000789788 0.993231 65.0955 0.0659669 0.997786 0.00850786 -5.48271 -0.991038 0.0665086 -0.115843 141.784
-0.113137 -0.00142735 0.993578 66.0098 0.0642571 0.997895 0.0087504 -5.49284 -0.991499 0.0648345 -0.112807 141.695
-0.108967 -0.000492465 0.994045 66.8554 0.0658417 0.9978 0.00771188 -5.49523 -0.991862 0.06629 -0.108695 141.603
-0.104131 -0.00207775 0.994561 67.8046 0.0658299 0.99779 0.00897692 -5.50185 -0.992383 0.0664066 -0.103764 141.496
-0.0997303 -0.00314611 0.99501 68.6819 0.0665026 0.997738 0.00982033 -5.50092 -0.99279 0.0671501 -0.0992955 141.412
-0.0968874 -0.00463927 0.995285 69.5524 0.0635507 0.99792 0.010838 -5.51108 -0.993264 0.0643011 -0.096391 141.348
-0.0935487 -0.0037054 0.995608 70.4281 0.0625775 0.997994 0.00959414 -5.51831 -0.993646 0.0632002 -0.0931292 141.277
-0.0893223 -0.00279332 0.995999 71.2373 0.0618244 0.998052 0.00834356 -5.52427 -0.994082 0.0623223 -0.0889756 141.209
-0.0865392 -0.00113749 0.996248 72.0507 0.0598582 0.998187 0.0063393 -5.53013 -0.994449 0.0601822 -0.0863142 141.158
-0.0816918 -7.67916e-05 0.996658 72.8281 0.0609819 0.998126 0.00507533 -5.53606 -0.99479 0.0611927 -0.081534 141.095
-0.0778369 -0.000690532 0.996966 73.659 0.0612126 0.99811 0.00547042 -5.54461 -0.995085 0.0614526 -0.0776475 141.044
-0.0714594 -0.00284082 0.997439 74.4736 0.06341 0.99796 0.00738518 -5.55148 -0.995426 0.0637754 -0.0711335 140.984
-0.0651837 -0.00460277 0.997863 75.3634 0.0643096 0.997891 0.00880382 -5.55984 -0.995799 0.064746 -0.0647502 140.932
-0.0585128 -0.00520019 0.998273 76.3179 0.0647002 0.997864 0.0089904 -5.5697 -0.996188 0.0651145 -0.0580513 140.88
-0.0523075 -0.00460965 0.99862 77.2756 0.0641085 0.997911 0.00796437 -5.57916 -0.996571 0.0644367 -0.0519027 140.847
-0.047262 -0.00292489 0.998878 78.2319 0.0609489 0.998124 0.00580649 -5.58881 -0.997021 0.061155 -0.0469951 140.827
-0.0406721 -0.00276123 0.999169 79.1184 0.0607056 0.998142 0.00522947 -5.59671 -0.997327 0.0608678 -0.0404289 140.796
-0.0356542 -0.00317194 0.999359 79.9917 0.0578635 0.998311 0.00523302 -5.60534 -0.997688 0.058013 -0.0354104 140.783
-0.0304959 -0.00393523 0.999527 80.8892 0.0553664 0.99845 0.00562024 -5.61323 -0.998 0.0555116 -0.0302308 140.762
-0.025585 -0.0022342 0.99967 82.3681 0.0551107 0.998474 0.003642 -5.62163 -0.998152 0.0551858 -0.0254228 140.741
-0.0203922 -0.000666015 0.999792 83.7394 0.0564321 0.998405 0.00181611 -5.62038 -0.998198 0.0564574 -0.0203221 140.708
-0.0167894 0.000815627 0.999859 84.7868 0.0563903 0.998409 0.000132445 -5.62705 -0.998268 0.0563845 -0.0168086 140.706
-0.0135096 0.00123579 0.999908 85.9613 0.05763 0.998338 -0.00045522 -5.63988 -0.998247 0.0576185 -0.0135583 140.702
-0.0109089 0.00224376 0.999938 87.01 0.0582749 0.998299 -0.00160433 -5.65595 -0.998241 0.0582538 -0.0110211 140.706
-0.00835219 0.00152086 0.999964 88.0715 0.0581121 0.99831 -0.00103296 -5.67129 -0.998275 0.0581014 -0.00842645 140.702
-0.0063893 0.00135761 0.999979 89.2028 0.0587258 0.998274 -0.000980072 -5.68806 -0.998254 0.0587183 -0.006458 140.706
-0.00343833 0.000994015 0.999994 90.7801 0.0582174 0.998304 -0.000792164 -5.7212 -0.998298 0.0582143 -0.00349037 140.697
-0.00217495 0.00190896 0.999996 91.951 0.0574288 0.998348 -0.00178091 -5.74484 -0.998347 0.0574247 -0.00228099 140.717
-0.000212237 0.00313624 0.999995 92.8784 0.0562206 0.998413 -0.00311935 -5.75824 -0.998418 0.0562197 -0.000388222 140.726
0.00233316 0.00214358 0.999995 93.8968 0.0561757 0.998418 -0.00227126 -5.78811 -0.998418 0.0561807 0.00220905 140.733
0.00459419 0.00109522 0.999989 94.7832 0.057541 0.998342 -0.00135778 -5.80349 -0.998333 0.0575466 0.00452355 140.737
0.00634313 -7.89893e-05 0.99998 95.8402 0.0583928 0.998294 -0.000291545 -5.82294 -0.998274 0.0583935 0.00633692 140.753
0.00874398 -0.000437742 0.999962 97.1298 0.0601457 0.99819 -8.89661e-05 -5.84245 -0.998151 0.0601442 0.00875447 140.752
0.0115621 -0.00155967 0.999932 98.1783 0.0630642 0.998009 0.000827461 -5.86121 -0.997942 0.0630504 0.0116375 140.742
0.0139968 -0.00260958 0.999899 98.9507 0.0632305 0.997997 0.0017195 -5.87743 -0.997901 0.0632 0.0141338 140.748
0.0150993 -0.00321951 0.999881 99.892 0.0615761 0.9981 0.00228391 -5.89584 -0.997988 0.0615343 0.0152688 140.775
0.017129 -0.00270747 0.99985 100.761 0.0615045 0.998105 0.00164908 -5.9133 -0.99796 0.061467 0.017263 140.793
0.0192189 -0.000667668 0.999815 101.696 0.0615993 0.998101 -0.000517569 -5.92691 -0.997916 0.0615979 0.0192236 140.811
0.0211456 0.000786092 0.999776 102.961 0.0599378 0.9982 -0.00205256 -5.95688 -0.997978 0.0599677 0.0210605 140.841
0.022711 0.00128641 0.999741 103.937 0.0594375 0.998229 -0.0026347 -5.9804 -0.997974 0.0594819 0.0225943 140.869
0.0240726 0.00128951 0.999709 104.735 0.0588939 0.998261 -0.00270578 -5.99654 -0.997974 0.058942 0.0239548 140.896
0.0268104 -0.000155602 0.999641 105.427 0.0598067 0.998209 -0.00144864 -6.01283 -0.99785 0.059824 0.0267717 140.908
0.0270386 -0.00434702 0.999625 106.108 0.0598604 0.998203 0.00272169 -6.02297 -0.99784 0.0597643 0.0272502 140.948
0.0287539 -0.00792204 0.999555 106.854 0.0572714 0.998339 0.0062649 -6.0413 -0.997944 0.0570658 0.0291598 140.987
0.0311883 -0.0095309 0.999468 107.5 0.0573455 0.998324 0.00773053 -6.05452 -0.997867 0.0570739 0.0316826 141.007
0.0339731 -0.00829738 0.999388 108.215 0.0564795 0.998383 0.00636908 -6.0653 -0.997826 0.0562286 0.0343868 141.036
0.0381283 -0.00535963 0.999258 109.017 0.0605499 0.998161 0.00304336 -6.07404 -0.997437 0.0603889 0.0383827 141.048
0.0405989 -0.00351739 0.999169 109.798 0.0613091 0.998118 0.00102254 -6.08434 -0.997293 0.0612167 0.0407381 141.091
0.0433686 -0.00322758 0.999054 110.598 0.0612197 0.998124 0.000567042 -6.09585 -0.997182 0.0611372 0.0434849 141.114
0.043029 -0.00377809 0.999067 111.315 0.0590382 0.998255 0.0012323 -6.11719 -0.997328 0.05893 0.043177 141.176
0.0439257 -0.00397952 0.999027 111.959 0.058735 0.998273 0.00139403 -6.13567 -0.997307 0.0586167 0.0440835 141.223
0.0455508 -0.00312906 0.998957 112.531 0.0600766 0.998194 0.000387279 -6.1415 -0.997154 0.0599963 0.0456565 141.249
0.0467317 -0.00255105 0.998904 112.987 0.0571775 0.998364 -0.000125266 -6.15293 -0.99727 0.0571207 0.0468011 141.276
0.0480753 -0.00301682 0.998839 113.454 0.0539225 0.998545 0.000420573 -6.16049 -0.997387 0.0538397 0.048168 141.303
0.0492086 -0.00256012 0.998785 113.861 0.0532728 0.99858 -6.50741e-05 -6.16376 -0.997367 0.0532112 0.0492751 141.327
0.0511697 0.00650185 0.998669 114.271 0.0543265 0.99848 -0.0092842 -6.1779 -0.997211 0.0547293 0.0507387 141.347
0.0506821 0.019548 0.998524 114.605 0.0557028 0.998197 -0.0223689 -6.19716 -0.99716 0.0567543 0.0495019 141.385
0.0512532 0.0309627 0.998206 114.898 0.057607 0.997763 -0.0339069 -6.19924 -0.997023 0.0592415 0.0493549 141.404
0.0504728 0.0355916 0.998091 115.17 0.0555888 0.997715 -0.0383893 -6.21228 -0.997177 0.0574203 0.048379 141.434
0.0526681 0.0361752 0.997957 115.452 0.0539796 0.997779 -0.0390176 -6.21582 -0.997152 0.0559243 0.0505984 141.434
0.0519888 0.0364365 0.997983 115.699 0.0511341 0.997926 -0.0390982 -6.22778 -0.997338 0.0530636 0.0500178 141.465
0.0508042 0.033549 0.998145 115.951 0.0482158 0.998188 -0.0360046 -6.24294 -0.997544 0.0499555 0.0490946 141.504
0.0472472 0.0277876 0.998497 116.203 0.04425 0.998573 -0.0298835 -6.25421 -0.997903 0.0455953 0.0459502 141.562
0.0448505 0.0222156 0.998747 116.46 0.0413491 0.998855 -0.0240748 -6.27015 -0.998138 0.042377 0.0438805 141.611
0.044976 0.0190563 0.998806 116.737 0.0429228 0.998858 -0.02099 -6.28813 -0.998066 0.0438156 0.0441067 141.633
0.0445216 0.0200182 0.998808 116.995 0.038425 0.999025 -0.0217354 -6.30034 -0.998269 0.0393468 0.043709 141.665
0.0407486 0.0251527 0.998853 117.242 0.0352102 0.999026 -0.0265935 -6.30152 -0.998549 0.0362534 0.0398232 141.73
0.0400561 0.0284876 0.998791 117.505 0.0323047 0.999034 -0.0297901 -6.30975 -0.998675 0.0334589 0.0390971 141.765
0.0451977 0.0291876 0.998552 117.76 0.0361866 0.998869 -0.0308348 -6.32882 -0.998322 0.0375278 0.0440904 141.736
0.0459218 0.0292019 0.998518 118.013 0.0368413 0.998843 -0.0309058 -6.33462 -0.998265 0.038206 0.0447928 141.752
0.0471127 0.02804 0.998496 118.28 0.0344041 0.998967 -0.0296766 -6.34411 -0.998297 0.0357505 0.0460993 141.77
0.047645 0.0279468 0.998473 118.556 0.0299914 0.999118 -0.029396 -6.35775 -0.998414 0.0313462 0.0467648 141.793
0.0496316 0.029299 0.998338 118.833 0.0292811 0.999097 -0.030777 -6.36834 -0.998338 0.0307599 0.0487289 141.81
0.0511656 0.0293761 0.998258 119.109 0.0326458 0.998984 -0.0310707 -6.37646 -0.998156 0.0341787 0.0501547 141.824
0.0536316 0.0255886 0.998233 119.411 0.0381497 0.998889 -0.027655 -6.38007 -0.997832 0.0395654 0.0525959 141.838
