1 0 0 0 0 1 0 0 0 0 1 0
0.999996 0.00110817 0.0026134 -0.0136725 -0.00110831 0.999999 5.12505e-05 -0.00525536 -0.00261334 -5.41468e-05 0.999997 0.331994
0.999991 0.00227917 0.00351864 -0.0142803 -0.00227049 0.999994 -0.00246833 -0.00670106 -0.00352425 0.00246031 0.999991 0.666743
0.999933 0.00826525 0.00807372 -0.0574061 -0.00822415 0.999953 -0.00511075 -0.0126688 -0.00811559 0.00504401 0.999954 0.982143
0.999975 0.00529427 0.00474043 -0.0438414 -0.00526579 0.999968 -0.00599937 -0.0190146 -0.00477204 0.00597425 0.999971 1.30249
0.999963 0.00677075 0.0053799 -0.0716561 -0.00673862 0.999959 -0.00596818 -0.0315714 -0.00542009 0.0059317 0.999968 1.61841
0.999998 0.00202908 -0.000241511 -0.0586915 -0.00203037 0.999983 -0.00548749 -0.0340067 0.000230372 0.00548797 0.999985 1.93512
0.999993 0.00262955 -0.00276138 -0.0764077 -0.00264427 0.999982 -0.00534107 -0.0360389 0.00274729 0.00534833 0.999982 2.25497
0.999953 0.00269677 -0.00931272 -0.0661999 -0.00274184 0.999985 -0.00483077 -0.0444112 0.00929955 0.00485608 0.999945 2.58695
0.999936 0.0045267 -0.0104082 -0.0963949 -0.0045729 0.99998 -0.00442017 -0.054438 0.0103879 0.00446748 0.999936 2.90782
0.999862 0.00339547 -0.0162612 -0.0932593 -0.00347021 0.999984 -0.00457048 -0.0644058 0.0162454 0.00462628 0.999857 3.24923
0.999802 0.00501733 -0.0192572 -0.112511 -0.0050832 0.999981 -0.00337306 -0.0762488 0.0192399 0.00347028 0.999809 3.57759
0.99974 0.00489704 -0.0222713 -0.135389 -0.0049632 0.999983 -0.00291658 -0.0866933 0.0222567 0.00302636 0.999748 3.91497
0.999668 0.00571522 -0.025117 -0.16134 -0.00583519 0.999972 -0.00470595 -0.0880991 0.0250894 0.00485095 0.999673 4.2528
0.999601 0.00506258 -0.0278002 -0.184343 -0.00520848 0.999973 -0.00517802 -0.0912203 0.0277732 0.00532075 0.9996 4.56069
0.999547 0.00551865 -0.0295883 -0.212222 -0.00564436 0.999975 -0.00416704 -0.0999571 0.0295645 0.00433215 0.999553 4.89718
0.999475 0.00824488 -0.0313389 -0.24493 -0.00832384 0.999963 -0.00239003 -0.115134 0.0313181 0.00264964 0.999506 5.26147
0.999379 0.0101274 -0.0337508 -0.269347 -0.0101903 0.999947 -0.001693 -0.123081 0.0337318 0.00203588 0.999429 5.60863
0.999311 0.012495 -0.0349382 -0.301891 -0.0125506 0.99992 -0.0013719 -0.134206 0.0349182 0.00180945 0.999389 6.04801
0.999208 0.0139186 -0.0372895 -0.325059 -0.0140188 0.999899 -0.0024258 -0.139393 0.037252 0.00294663 0.999302 6.52812
0.999154 0.0159289 -0.037909 -0.36017 -0.0160492 0.999867 -0.00286985 -0.149791 0.0378583 0.00347583 0.999277 6.98588
0.999099 0.015883 -0.0393638 -0.385768 -0.0160344 0.999865 -0.0035337 -0.160988 0.0393023 0.00416168 0.999219 7.46213
0.999043 0.0149224 -0.0411029 -0.407659 -0.0151152 0.999876 -0.00438368 -0.168899 0.0410324 0.00500077 0.999145 7.87635
0.999018 0.0148316 -0.0417484 -0.443346 -0.0150717 0.999872 -0.00544334 -0.182804 0.0416623 0.00606722 0.999113 8.36107
0.998963 0.0143978 -0.0431825 -0.466981 -0.014712 0.999868 -0.0069669 -0.192911 0.0430764 0.00759497 0.999043 8.87718
0.998923 0.0150274 -0.043888 -0.514918 -0.0153952 0.999849 -0.00805483 -0.21208 0.0437603 0.00872182 0.999004 9.80968
0.998885 0.0153855 -0.0446381 -0.562035 -0.0158054 0.999834 -0.00906933 -0.239024 0.0444911 0.00976474 0.998962 10.7963
0.998866 0.0153795 -0.0450676 -0.608935 -0.0158565 0.999822 -0.0102449 -0.263295 0.044902 0.0109479 0.998931 11.6752
0.998841 0.014909 -0.0457702 -0.65602 -0.0154821 0.999806 -0.0121927 -0.280632 0.0455795 0.0128872 0.998878 12.5094
0.998758 0.0175872 -0.0466133 -0.70923 -0.0181928 0.999755 -0.0125997 -0.296388 0.0463803 0.0134321 0.998834 13.3132
0.998654 0.020253 -0.0477422 -0.760701 -0.0207917 0.999725 -0.0108137 -0.308395 0.0475101 0.0117918 0.998801 14.1404
0.998657 0.0189519 -0.0482136 -0.789868 -0.0193232 0.999787 -0.00724611 -0.318616 0.048066 0.00816802 0.998811 14.8804
0.998679 0.0192063 -0.0476569 -0.843138 -0.0194819 0.999796 -0.00532634 -0.332903 0.0475449 0.00624775 0.99885 15.6827
0.998673 0.0162013 -0.0488858 -0.849944 -0.0165582 0.999839 -0.00690517 -0.362736 0.0487661 0.00770547 0.998781 16.5209
0.998706 0.015439 -0.048463 -0.898236 -0.0159214 0.999827 -0.00958525 -0.390395 0.0483066 0.0103444 0.998779 17.2359
0.998681 0.016014 -0.0487771 -0.929734 -0.0165929 0.999796 -0.0114874 -0.409107 0.0485832 0.0122816 0.998744 18.0234
0.998723 0.0157902 -0.0479863 -0.968038 -0.0164168 0.999785 -0.012692 -0.420318 0.0477755 0.0134635 0.998767 18.6515
0.998728 0.0150727 -0.0481175 -0.995619 -0.0157326 0.999787 -0.013364 -0.438259 0.0479058 0.014104 0.998752 19.3551
0.998776 0.0126414 -0.0478135 -1.02116 -0.0132719 0.999829 -0.0128915 -0.464256 0.0476423 0.0135103 0.998773 20.1097
0.998851 0.0116207 -0.0464945 -1.06337 -0.0121722 0.999859 -0.0115955 -0.48432 0.0463532 0.0121481 0.998851 20.7867
0.998871 0.0122951 -0.0458931 -1.09748 -0.0129847 0.999807 -0.0147567 -0.503859 0.0457028 0.015336 0.998837 21.5252
0.998811 0.0155832 -0.0461847 -1.13338 -0.0166565 0.999598 -0.0229474 -0.512245 0.0458085 0.0236894 0.998669 22.2837
0.998865 0.0140562 -0.0455016 -1.16142 -0.0154461 0.99942 -0.0303396 -0.52548 0.0450487 0.031008 0.998503 23.0118
0.998949 0.0117386 -0.0442971 -1.17713 -0.0132177 0.99936 -0.0332473 -0.544073 0.0438784 0.0337979 0.998465 23.7706
0.999062 0.00989933 -0.0421459 -1.20951 -0.0111613 0.999493 -0.0298147 -0.576571 0.0418294 0.0302572 0.998667 24.5241
0.999167 0.00908865 -0.0397831 -1.24519 -0.0101873 0.99957 -0.0275008 -0.61157 0.0395161 0.0278832 0.99883 25.313
0.999267 0.0100996 -0.0369191 -1.2995 -0.0110488 0.999611 -0.0255982 -0.644711 0.0366462 0.0259873 0.99899 26.1655
0.999324 0.0100259 -0.0353687 -1.32638 -0.010902 0.999636 -0.0246656 -0.679752 0.0351085 0.0250345 0.99907 27.0671
0.99942 0.00876172 -0.0328966 -1.33829 -0.00964311 0.999596 -0.0267305 -0.684693 0.0326491 0.0270322 0.999101 27.301
0.999499 0.0059802 -0.0310695 -1.34189 -0.00685693 0.999579 -0.0281886 -0.690892 0.0308878 0.0283875 0.99912 27.5438
0.999582 0.00588595 -0.0283044 -1.3551 -0.00668499 0.999579 -0.0282192 -0.700305 0.0281264 0.0283966 0.999201 27.7839
0.999656 0.00668102 -0.0253431 -1.37192 -0.00735766 0.999616 -0.0267008 -0.710293 0.025155 0.0268781 0.999322 28.03
0.999699 0.00602772 -0.0237856 -1.37695 -0.00662231 0.999666 -0.0249992 -0.717611 0.0236269 0.0251492 0.999404 28.2857
0.99973 0.00534487 -0.022598 -1.38608 -0.00588656 0.999695 -0.0239726 -0.724719 0.022463 0.0240991 0.999457 28.5503
0.999704 0.00483959 -0.0238547 -1.38925 -0.00541928 0.99969 -0.0242968 -0.738056 0.0237297 0.0244189 0.99942 29.3101
0.999696 0.00498278 -0.0241655 -1.54756 -0.00555754 0.999702 -0.0237757 -0.857858 0.0240398 0.0239028 0.999425 33.1422
0.999645 0.00637923 -0.0258775 -1.63695 -0.00695195 0.999732 -0.0221027 -0.98876 0.0257296 0.0222748 0.999421 37.2941
0.999638 0.00502723 -0.026433 -1.84405 -0.00556725 0.999776 -0.0203958 -1.17432 0.0263246 0.0205356 0.999442 42.1986
0.999598 0.00699872 -0.0274885 -2.01256 -0.00756025 0.999764 -0.0203771 -1.29426 0.0273394 0.0205768 0.999414 46.8976
0.999561 0.0111957 -0.0274368 -2.25978 -0.0118041 0.999686 -0.0221134 -1.37388 0.0271806 0.0224275 0.999379 50.5575
0.999526 0.015091 -0.026817 -2.56712 -0.015689 0.99963 -0.02223 -1.48579 0.0264716 0.0226402 0.999393 54.8865
0.999492 0.0162197 -0.0274241 -2.70633 -0.0167452 0.999678 -0.0190394 -1.57972 0.0271065 0.019489 0.999443 58.9622
0.999532 0.0130635 -0.0276629 -2.75123 -0.0134581 0.99981 -0.0141275 -1.62604 0.0274731 0.0144932 0.999517 60.4583
0.99953 0.0117101 -0.028321 -2.84446 -0.0120146 0.999872 -0.0106055 -1.72416 0.0281932 0.0109408 0.999543 64.609
0.999557 0.0135731 -0.026488 -2.86982 -0.0138208 0.999862 -0.00919049 -1.73159 0.0263596 0.0095525 0.999607 64.9328
0.999508 0.0170895 -0.0262834 -2.88903 -0.017288 0.999824 -0.0073442 -1.74534 0.0261533 0.00779497 0.999628 65.2727
0.999472 0.0183288 -0.0268149 -2.90399 -0.0185265 0.999803 -0.00714373 -1.75557 0.0266787 0.00763675 0.999615 65.6203
0.999441 0.0160345 -0.029327 -2.90234 -0.0163128 0.999824 -0.009277 -1.76023 0.0291731 0.00975023 0.999527 65.9699
0.999465 0.0124119 -0.0302446 -2.91128 -0.0127771 0.999847 -0.0119094 -1.76406 0.0300921 0.0122894 0.999472 66.3115
0.999499 0.0104427 -0.0298617 -2.9282 -0.0108311 0.999858 -0.0128748 -1.76984 0.0297231 0.0131918 0.999471 66.6407
0.9995 0.013069 -0.0287932 -2.94822 -0.0134238 0.999836 -0.012165 -1.78258 0.0286295 0.0125454 0.999511 66.969
0.999499 0.0156825 -0.027489 -2.96444 -0.0160143 0.999801 -0.011893 -1.78844 0.027297 0.0123273 0.999551 67.3015
0.999513 0.0160735 -0.0267536 -2.97329 -0.016403 0.999792 -0.0121424 -1.79657 0.0265529 0.0125753 0.999568 67.6345
0.999558 0.0163912 -0.024809 -2.98641 -0.0166955 0.999787 -0.0121099 -1.80548 0.0246052 0.0125187 0.999619 67.97
0.999632 0.014714 -0.0227743 -3.00405 -0.0150189 0.999799 -0.0132768 -1.80756 0.0225744 0.013614 0.999652 68.3274
0.999687 0.0144405 -0.0204232 -3.01852 -0.0147157 0.999802 -0.0133912 -1.81647 0.0202258 0.0136876 0.999702 68.6739
0.999726 0.0130797 -0.019424 -3.02554 -0.0133429 0.99982 -0.0134824 -1.82666 0.0192442 0.0137379 0.99972 69.0247
0.99974 0.0121231 -0.0193187 -3.02632 -0.0123929 0.999826 -0.0139083 -1.83558 0.0191467 0.0141441 0.999717 69.3844
0.999747 0.0123066 -0.0188529 -3.02969 -0.0125754 0.99982 -0.0142071 -1.84479 0.0186746 0.0144406 0.999721 69.7448
0.999783 0.0101849 -0.0181703 -3.03579 -0.0104441 0.999844 -0.0142285 -1.85684 0.0180226 0.0144152 0.999734 70.1106
0.999812 0.00953129 -0.016889 -3.04664 -0.00977978 0.999844 -0.0146919 -1.86721 0.0167463 0.0148543 0.999749 70.4748
0.999838 0.00628081 -0.016857 -3.04769 -0.00652997 0.99987 -0.0147666 -1.87797 0.016762 0.0148743 0.999749 70.8377
0.999849 0.00512843 -0.0165983 -3.05357 -0.0053904 0.999861 -0.0157766 -1.88408 0.0165151 0.0158637 0.999738 71.2077
0.999872 0.00602545 -0.0148316 -3.06942 -0.00626445 0.99985 -0.0161212 -1.89495 0.0147322 0.0162121 0.99976 71.5842
0.999878 0.00574828 -0.0145509 -3.07747 -0.00599624 0.999837 -0.0170547 -1.90481 0.0144504 0.0171399 0.999749 71.9645
0.999869 0.00613676 -0.0149634 -3.082 -0.00640345 0.99982 -0.0178407 -1.91428 0.0148512 0.0179342 0.999729 72.3468
0.999876 0.00631333 -0.0144039 -3.09225 -0.00658101 0.999805 -0.0186127 -1.92444 0.0142836 0.0187052 0.999723 72.738
0.999892 0.00722343 -0.0127694 -3.10915 -0.00746615 0.99979 -0.0190633 -1.93781 0.012629 0.0191566 0.999737 73.1263
0.999909 0.00676917 -0.0116685 -3.1236 -0.00699149 0.999793 -0.0191191 -1.95224 0.0115367 0.0191989 0.999749 73.5109
0.999899 0.00649754 -0.012666 -3.12552 -0.00673917 0.999794 -0.0191285 -1.96629 0.0125391 0.019212 0.999737 73.9071
0.9999 0.004278 -0.0134935 -3.12513 -0.00454452 0.999794 -0.0197827 -1.97557 0.0134061 0.019842 0.999713 74.3067
0.999906 0.00417812 -0.0130509 -3.13782 -0.00443442 0.999797 -0.0196712 -1.98873 0.012966 0.0197273 0.999721 74.7034
0.999901 0.00416942 -0.0134579 -3.14377 -0.00441838 0.999819 -0.0185223 -2.00229 0.0133782 0.0185799 0.999738 75.1161
0.999895 0.00567062 -0.0133711 -3.15385 -0.00591337 0.999817 -0.0181861 -2.0123 0.0132655 0.0182632 0.999745 75.5248
0.999899 0.00804761 -0.0116908 -3.17867 -0.00826378 0.999794 -0.0185621 -2.02268 0.0115391 0.0186569 0.999759 75.9416
0.999891 0.010592 -0.0103335 -3.20281 -0.0107738 0.999785 -0.0176946 -2.03906 0.0101439 0.017804 0.99979 76.3784
0.999881 0.0101077 -0.0116524 -3.20883 -0.0103085 0.999797 -0.0173064 -2.05265 0.0114751 0.0174244 0.999782 76.7991
0.99987 0.00931401 -0.0131248 -3.21066 -0.00954535 0.999798 -0.0176751 -2.06586 0.0129575 0.0177981 0.999758 77.2157
0.999866 0.00981447 -0.0131379 -3.22545 -0.0100506 0.999787 -0.0180279 -2.08013 0.0129582 0.0181575 0.999751 77.6356
0.999835 0.0124133 -0.0132802 -3.24206 -0.0126551 0.999753 -0.0182882 -2.0951 0.0130499 0.0184533 0.999745 78.0495
0.999844 0.00923684 -0.0150798 -3.241 -0.00952711 0.999769 -0.0192917 -2.10709 0.0148981 0.0194324 0.9997 78.4592
0.999846 0.00953278 -0.0147283 -3.26036 -0.0098196 0.999761 -0.0195263 -2.11703 0.0145387 0.0196679 0.999701 78.8596
0.999843 0.00894535 -0.0152833 -3.27216 -0.00923395 0.999778 -0.018918 -2.13148 0.0151107 0.0190561 0.999704 79.2739
0.999836 0.00657162 -0.0168516 -3.27449 -0.00688687 0.999801 -0.0187177 -2.14296 0.0167252 0.0188307 0.999683 79.6907
0.999795 0.00698862 -0.0190099 -3.2739 -0.0073402 0.999802 -0.018488 -2.15849 0.018877 0.0186237 0.999648 80.1097
0.999767 0.00696604 -0.0204353 -3.27936 -0.00737804 0.99977 -0.0201556 -2.17462 0.0202902 0.0203017 0.999588 80.5133
0.999788 0.00735976 -0.0192481 -3.30407 -0.00781525 0.999689 -0.0236965 -2.18829 0.0190677 0.0238419 0.999534 80.9065
0.999803 0.00321242 -0.0195905 -3.31375 -0.00373933 0.999631 -0.0269194 -2.20244 0.0194968 0.0269873 0.999446 81.2943
0.99981 0.00285179 -0.0192635 -3.33072 -0.00341293 0.999569 -0.0291599 -2.21632 0.019172 0.0292201 0.999389 81.6721
0.99981 0.00135095 -0.0194237 -3.34294 -0.00196383 0.9995 -0.0315687 -2.22524 0.0193714 0.0316009 0.999313 82.0427
0.999774 0.00179513 -0.0211928 -3.35086 -0.00243853 0.999536 -0.0303727 -2.23747 0.0211284 0.0304175 0.999314 82.4111
0.999765 0.00365465 -0.0213764 -3.36893 -0.00418121 0.999688 -0.0246402 -2.2558 0.0212796 0.0247237 0.999468 82.7848
0.999742 0.00165575 -0.0226605 -3.37437 -0.00208012 0.999823 -0.0187167 -2.26704 0.0226255 0.018759 0.999568 83.1599
0.999736 0.000435074 -0.0229583 -3.38482 -0.000697232 0.999935 -0.0114121 -2.27823 0.0229519 0.0114251 0.999671 83.5529
0.999741 -0.000771971 -0.0227258 -3.39233 0.000659455 0.999987 -0.0049581 -2.29018 0.0227293 0.00494183 0.999729 83.9675
0.999715 0.000437391 -0.0238522 -3.39448 -0.000478607 0.999998 -0.00172231 -2.2998 0.0238514 0.00173323 0.999714 84.4066
0.999729 0.00203756 -0.0231841 -3.40474 -0.00208681 0.999996 -0.00210054 -2.30789 0.0231798 0.00214835 0.999729 84.8591
0.999773 0.00377743 -0.0209632 -3.41988 -0.0038828 0.99998 -0.00498773 -2.31979 0.020944 0.00506799 0.999768 85.3153
0.9998 0.0056151 -0.0191798 -3.43222 -0.00578742 0.999943 -0.00894045 -2.32746 0.0191285 0.00904966 0.999776 85.7418
0.999839 0.00394408 -0.017502 -3.44303 -0.00415551 0.999919 -0.0120605 -2.33713 0.017453 0.0121313 0.999774 86.168
0.999854 0.000624268 -0.0170708 -3.44239 -0.000875938 0.999891 -0.0147392 -2.34734 0.0170598 0.014752 0.999746 86.5814
0.99987 -0.00215657 -0.0159486 -3.44301 0.00189289 0.999862 -0.0165297 -2.3567 0.015982 0.0164974 0.999736 86.9968
0.999886 -0.000148911 -0.0150681 -3.45064 -9.08363e-05 0.999873 -0.0159089 -2.37009 0.0150686 0.0159085 0.99976 87.4062
0.999896 0.000619563 -0.0143942 -3.45865 -0.000859814 0.99986 -0.0166906 -2.37704 0.0143818 0.0167013 0.999757 87.8185
0.999901 0.0031531 -0.0136778 -3.46919 -0.00338815 0.999846 -0.0171956 -2.38924 0.0136215 0.0172403 0.999759 88.2392
0.999913 0.00514238 -0.0121552 -3.49027 -0.00534345 0.999848 -0.0165676 -2.40436 0.0120681 0.0166311 0.999789 88.6562
0.999914 0.00546565 -0.0118808 -3.50362 -0.00566861 0.999837 -0.0171176 -2.42086 0.0117853 0.0171835 0.999783 89.065
0.999889 0.0049665 -0.0140724 -3.49822 -0.00522553 0.999816 -0.0184302 -2.43165 0.0139783 0.0185017 0.999731 89.478
0.999871 0.00742522 -0.0142242 -3.51173 -0.00768311 0.999806 -0.0181623 -2.44474 0.0140866 0.0182693 0.999734 89.8878
0.999861 0.00835496 -0.0144584 -3.52253 -0.00861585 0.999799 -0.0180773 -2.45869 0.0143044 0.0181993 0.999732 90.2945
0.999858 0.00825605 -0.0147038 -3.53032 -0.00851437 0.999809 -0.0175934 -2.46943 0.0145558 0.0177161 0.999737 90.7026
0.999852 0.00890912 -0.0146983 -3.54379 -0.0091626 0.999809 -0.0172691 -2.48313 0.0145417 0.0174012 0.999743 91.1171
0.999872 0.00632653 -0.0146873 -3.55048 -0.00658689 0.999821 -0.0177467 -2.49114 0.0145724 0.0178412 0.999735 91.528
0.999865 0.00575115 -0.0153625 -3.557 -0.006014 0.999835 -0.017119 -2.50724 0.0152615 0.0172091 0.999735 91.936
0.99985 0.00492938 -0.0166132 -3.56077 -0.00521338 0.99984 -0.0170948 -2.51883 0.0165262 0.0171789 0.999716 92.339
0.999838 0.00569593 -0.017095 -3.5723 -0.00599611 0.999828 -0.01756 -2.52919 0.0169921 0.0176597 0.9997 92.7381
0.999821 0.00649707 -0.0177798 -3.58047 -0.00680725 0.999825 -0.017441 -2.54233 0.0176634 0.0175589 0.99969 93.1203
0.999808 0.00797409 -0.0179139 -3.59434 -0.00828455 0.999816 -0.0173236 -2.5547 0.0177724 0.0174687 0.999689 93.5068
0.99977 0.0106708 -0.0186276 -3.60893 -0.0109891 0.999794 -0.0170679 -2.56774 0.0184416 0.0172686 0.999681 93.8917
0.99972 0.0130161 -0.0197813 -3.62507 -0.0133445 0.999774 -0.0165592 -2.58203 0.0195613 0.0168185 0.999667 94.2831
0.999676 0.0133552 -0.0216522 -3.6347 -0.0136988 0.999781 -0.0157982 -2.59401 0.0214365 0.0160897 0.999641 94.6715
0.999598 0.0160585 -0.0233516 -3.65371 -0.0164134 0.999751 -0.0150862 -2.60836 0.0231036 0.0154635 0.999613 95.0644
0.999542 0.0162429 -0.0255436 -3.66661 -0.0166247 0.999752 -0.0148071 -2.62021 0.0252968 0.015225 0.999564 95.4679
0.999473 0.0187179 -0.026517 -3.69319 -0.0191062 0.999713 -0.0144663 -2.63211 0.0262386 0.0149653 0.999544 95.8634
0.999373 0.0225834 -0.0272591 -3.72353 -0.0229944 0.999625 -0.0148597 -2.64591 0.0269133 0.0154772 0.999518 96.258
0.999267 0.0230979 -0.0305365 -3.73967 -0.023572 0.999606 -0.015261 -2.65989 0.0301719 0.0159696 0.999417 96.665
0.999088 0.025137 -0.0345094 -3.75852 -0.0256975 0.999543 -0.0158947 -2.67462 0.0340941 0.016767 0.999278 97.0807
0.998936 0.0247227 -0.038942 -3.77203 -0.0253785 0.999543 -0.0164363 -2.68787 0.0385179 0.0174071 0.999106 97.472
0.998809 0.0249681 -0.0419262 -3.79596 -0.0257443 0.999505 -0.0180757 -2.69843 0.0414542 0.0191335 0.998957 97.8627
0.998633 0.0256867 -0.0455223 -3.81728 -0.0265815 0.999463 -0.0191594 -2.71127 0.0450057 0.0203433 0.99878 98.2431
0.998438 0.0266274 -0.0491222 -3.83962 -0.0276241 0.999424 -0.0197249 -2.72347 0.0485687 0.0210511 0.998598 98.6074
0.998313 0.0246802 -0.0525478 -3.85694 -0.0257612 0.999468 -0.0199955 -2.73805 0.0520263 0.0213154 0.998418 98.9744
0.998173 0.0258812 -0.0545994 -3.8839 -0.0269929 0.999441 -0.0197224 -2.75233 0.0540585 0.0211602 0.998314 99.3329
0.998106 0.0266927 -0.0554172 -3.90774 -0.0277762 0.999436 -0.018874 -2.76449 0.0548822 0.0203776 0.998285 99.69
0.998305 0.0221386 -0.0538318 -3.92233 -0.0231439 0.999568 -0.0181242 -2.77967 0.0534073 0.0193393 0.998386 100.037
0.998498 0.0212304 -0.0505079 -3.94082 -0.022149 0.999598 -0.0176976 -2.79064 0.0501119 0.0187898 0.998567 100.373
0.998662 0.0266523 -0.0443233 -3.96955 -0.0274523 0.999469 -0.0175402 -2.80036 0.0438323 0.0187335 0.998863 100.694
0.99876 0.0353744 -0.0350295 -3.99934 -0.0360301 0.999184 -0.0182661 -2.80827 0.0343548 0.0195056 0.999219 101.005
0.999388 0.0256045 -0.0238129 -3.96285 -0.0260852 0.999458 -0.020097 -2.81711 0.0232854 0.0207058 0.999514 101.296
0.999951 0.0052978 -0.00842193 -3.88449 -0.00551332 0.999653 -0.0257763 -2.83363 0.00828244 0.0258215 0.999632 101.566
0.999176 0.0328998 0.0237888 -3.96717 -0.0320784 0.998903 -0.034123 -2.8359 -0.0248853 0.0333317 0.999134 101.843
0.997988 0.031917 0.0547845 -3.93803 -0.0300362 0.998942 -0.034817 -2.85067 -0.0558378 0.0331014 0.997891 102.122
0.996118 0.0141481 0.0868852 -3.84537 -0.0106852 0.999135 -0.0401915 -2.8667 -0.0873787 0.0391071 0.995407 102.365
0.992382 -0.00915965 0.122856 -3.71322 0.0152641 0.99869 -0.048839 -2.88449 -0.122248 0.0503423 0.991222 102.599
0.992382 -0.00915965 0.122856 -3.71322 0.0152641 0.99869 -0.048839 -2.88449 -0.122248 0.0503423 0.991222 102.599
0.98505 -0.0126723 0.171801 -3.63583 0.0212664 0.998608 -0.0482756 -2.89811 -0.17095 0.0512075 0.983948 102.851
0.975277 -0.0380971 0.217677 -3.45021 0.0527608 0.996684 -0.0619526 -2.91192 -0.214595 0.0719058 0.974053 103.044
0.961551 -0.0538259 0.269301 -3.3114 0.0733804 0.995308 -0.0630733 -2.92559 -0.264642 0.0804096 0.960989 103.246
0.943266 -0.075542 0.323332 -3.14677 0.102072 0.992594 -0.0658706 -2.93939 -0.315961 0.0951365 0.94399 103.419
0.921777 -0.0935421 0.376267 -2.96149 0.127784 0.989534 -0.0670408 -2.94365 -0.366058 0.109878 0.924083 103.588
0.895996 -0.109354 0.430387 -2.78551 0.14987 0.986805 -0.0612758 -2.94904 -0.418007 0.119405 0.900562 103.767
0.867287 -0.117741 0.483684 -2.614 0.162855 0.985269 -0.0521748 -2.95699 -0.470416 0.124021 0.873686 103.958
0.835101 -0.122891 0.536194 -2.42742 0.17379 0.983745 -0.0452054 -2.96071 -0.521923 0.130936 0.842883 104.135
0.800012 -0.12551 0.58671 -2.22045 0.18238 0.982474 -0.0385134 -2.95512 -0.571593 0.137815 0.808881 104.298
0.761302 -0.130129 0.635205 -2.00558 0.194097 0.980468 -0.0317679 -2.9448 -0.618664 0.147477 0.77169 104.432
0.717551 -0.134434 0.683409 -1.78584 0.202015 0.979189 -0.0194895 -2.94175 -0.666567 0.152044 0.729775 104.579
0.66987 -0.141912 0.72879 -1.54766 0.216825 0.976167 -0.00921369 -2.92457 -0.710113 0.164192 0.684675 104.698
0.618633 -0.147932 0.771627 -1.29908 0.230386 0.973098 0.00185049 -2.90579 -0.751142 0.176627 0.636072 104.801
0.56415 -0.147565 0.812379 -1.04828 0.2304 0.972952 0.0167332 -2.89048 -0.792875 0.177732 0.58289 104.925
0.507686 -0.149785 0.848422 -0.793061 0.236224 0.971232 0.0301133 -2.87242 -0.828525 0.185129 0.528464 105.019
0.454293 -0.151971 0.877794 -0.526911 0.240669 0.96964 0.0433168 -2.85113 -0.857727 0.191579 0.477076 105.099
0.404395 -0.154434 0.901452 -0.25044 0.247768 0.967282 0.0545617 -2.82535 -0.880384 0.201286 0.429428 105.164
0.358678 -0.155764 0.920374 0.0283384 0.253601 0.965155 0.0645124 -2.79594 -0.898352 0.210269 0.385682 105.218
0.316687 -0.155995 0.935615 0.30743 0.254987 0.964075 0.0744321 -2.76801 -0.913614 0.214998 0.345087 105.279
0.279325 -0.156107 0.947422 0.583284 0.252789 0.963843 0.084284 -2.74392 -0.926324 0.215955 0.308687 105.338
0.245198 -0.155801 0.956872 0.873069 0.251727 0.963382 0.0923563 -2.7115 -0.936222 0.218225 0.275439 105.392
0.214714 -0.155347 0.964243 1.16089 0.250965 0.962895 0.0992455 -2.67972 -0.943883 0.220682 0.245733 105.443
0.188582 -0.15483 0.969775 1.45361 0.25009 0.962508 0.105038 -2.64623 -0.94968 0.222722 0.220234 105.487
0.163824 -0.15361 0.974457 1.74252 0.246285 0.962891 0.110382 -2.61432 -0.955251 0.221911 0.195577 105.545
0.14154 -0.153262 0.977997 2.03734 0.245505 0.962513 0.115305 -2.57968 -0.959007 0.223783 0.17386 105.591
0.122962 -0.15256 0.980615 2.33559 0.245965 0.961969 0.118817 -2.5429 -0.961448 0.226587 0.15581 105.626
0.107366 -0.150898 0.982701 2.64171 0.247823 0.961278 0.120533 -2.50296 -0.962838 0.230595 0.140605 105.653
0.0940285 -0.1494 0.984296 2.9527 0.24906 0.960769 0.122036 -2.4632 -0.963913 0.233674 0.127549 105.684
0.0838472 -0.149226 0.985242 3.27398 0.252193 0.959713 0.123897 -2.42268 -0.964037 0.238083 0.118103 105.71
0.0767812 -0.148939 0.985861 3.59851 0.248005 0.960556 0.125801 -2.38627 -0.965711 0.234839 0.11069 105.759
0.0726384 -0.148846 0.986189 3.93535 0.246288 0.960855 0.126882 -2.34749 -0.966471 0.23367 0.106454 105.799
0.07022 -0.148323 0.986443 4.28105 0.242101 0.961852 0.127392 -2.30765 -0.967707 0.229874 0.10345 105.846
0.0696802 -0.149159 0.986355 4.62792 0.242786 0.961564 0.128258 -2.26394 -0.967574 0.230536 0.103216 105.879
0.0705666 -0.149983 0.986167 4.98981 0.241636 0.961757 0.12898 -2.22172 -0.967798 0.229192 0.104109 105.922
0.0733243 -0.150458 0.985893 5.35816 0.237631 0.962718 0.129248 -2.18451 -0.968584 0.224801 0.106344 105.975
0.0759176 -0.150705 0.985659 5.74089 0.23506 0.963357 0.129191 -2.13768 -0.969012 0.221881 0.10856 106.028
0.0798147 -0.150645 0.985361 6.13976 0.233299 0.963882 0.128464 -2.08952 -0.969124 0.219631 0.112077 106.079
0.0844329 -0.150749 0.98496 6.54693 0.234507 0.963731 0.127397 -2.03812 -0.968441 0.220223 0.116722 106.123
0.0875307 -0.151861 0.984518 6.95851 0.233603 0.963882 0.127909 -1.98698 -0.968384 0.21879 0.119844 106.185
0.0914424 -0.153214 0.983953 7.38145 0.235734 0.963338 0.128096 -1.9374 -0.967506 0.220238 0.124208 106.239
0.0959786 -0.15423 0.983362 7.81236 0.238439 0.962722 0.12772 -1.88535 -0.966403 0.222214 0.129175 106.293
0.100402 -0.155947 0.982649 8.25776 0.24028 0.962207 0.128153 -1.83231 -0.965497 0.223245 0.134078 106.352
0.103583 -0.15654 0.982225 8.69659 0.237594 0.962841 0.128395 -1.78678 -0.965826 0.220071 0.136927 106.432
0.107701 -0.157809 0.981579 9.14994 0.237768 0.962759 0.128695 -1.73534 -0.965333 0.219527 0.141212 106.504
0.111876 -0.158295 0.981033 9.60732 0.237991 0.962768 0.128207 -1.67709 -0.964802 0.219134 0.145384 106.579
0.116059 -0.158267 0.980552 10.0783 0.239033 0.962659 0.127087 -1.61979 -0.964051 0.219634 0.149556 106.653
0.1174 -0.157916 0.980449 10.5655 0.236288 0.963365 0.126871 -1.56786 -0.964565 0.216774 0.150413 106.749
0.117752 -0.157615 0.980455 11.0573 0.23632 0.963407 0.126493 -1.51037 -0.964514 0.216807 0.150691 106.828
0.116796 -0.156895 0.980685 11.5648 0.236145 0.963511 0.126023 -1.45314 -0.964673 0.216865 0.149584 106.908
0.115236 -0.15677 0.980889 12.1154 0.241005 0.962376 0.125497 -1.38766 -0.963658 0.221937 0.148682 106.982
0.113645 -0.15585 0.981221 12.6397 0.24056 0.962549 0.125023 -1.32684 -0.963958 0.221834 0.14688 107.068
0.112508 -0.155187 0.981458 13.1589 0.239596 0.962821 0.124775 -1.26676 -0.964332 0.221115 0.145507 107.153
0.11125 -0.155809 0.981502 13.6545 0.239042 0.962832 0.12575 -1.21 -0.964615 0.220631 0.14436 107.232
0.110388 -0.156851 0.981434 14.17 0.240185 0.96241 0.126796 -1.15195 -0.96443 0.221729 0.143912 107.308
0.11015 -0.157592 0.981342 14.6847 0.24231 0.961817 0.127258 -1.09083 -0.963926 0.223771 0.14413 107.378
0.109218 -0.157524 0.981457 15.1993 0.24424 0.961347 0.127117 -1.03133 -0.963545 0.225827 0.14347 107.452
0.109449 -0.156216 0.98164 15.7289 0.243496 0.961697 0.125894 -0.969861 -0.963707 0.225246 0.143295 107.531
0.110684 -0.154117 0.981834 16.2361 0.240373 0.962725 0.12402 -0.912696 -0.964349 0.22228 0.143604 107.608
0.110443 -0.153722 0.981922 16.7293 0.242432 0.962291 0.123381 -0.856818 -0.963861 0.224423 0.143546 107.682
0.110854 -0.153034 0.981984 17.2059 0.240907 0.962743 0.12284 -0.805065 -0.964197 0.222949 0.143591 107.761
0.110919 -0.154115 0.981807 17.7104 0.242097 0.962333 0.123707 -0.745441 -0.963891 0.223972 0.144052 107.836
0.111983 -0.157023 0.981226 18.2236 0.244952 0.961328 0.125883 -0.688849 -0.963046 0.226257 0.146116 107.899
0.111599 -0.157557 0.981184 18.7185 0.241294 0.9621 0.127048 -0.635804 -0.964014 0.222575 0.145387 107.99
0.111052 -0.157496 0.981256 19.2184 0.239135 0.962588 0.127436 -0.582169 -0.964615 0.2205 0.14456 108.077
0.111223 -0.155242 0.981595 19.7215 0.230613 0.964794 0.126454 -0.53064 -0.966668 0.212304 0.143109 108.175
0.109586 -0.153574 0.982042 20.232 0.224626 0.966259 0.12604 -0.475115 -0.968264 0.20678 0.140385 108.263
0.108056 -0.152826 0.982328 20.7424 0.222816 0.966699 0.125884 -0.413968 -0.968853 0.205276 0.13851 108.333
0.105943 -0.152519 0.982606 21.2596 0.219451 0.967388 0.126496 -0.356374 -0.969854 0.202232 0.135959 108.414
0.102867 -0.152381 0.982954 21.7577 0.215837 0.968071 0.127486 -0.304611 -0.970996 0.199044 0.132472 108.497
0.101039 -0.151764 0.983239 22.2566 0.209978 0.969287 0.128032 -0.250871 -0.972471 0.193522 0.129803 108.579
0.0998818 -0.151704 0.983366 22.7788 0.211153 0.96903 0.128045 -0.190484 -0.972336 0.194851 0.128821 108.641
0.098645 -0.151858 0.983468 23.2809 0.210085 0.969191 0.128581 -0.136016 -0.972694 0.193928 0.127509 108.704
0.0965871 -0.151752 0.983688 23.7771 0.204846 0.970182 0.129555 -0.0831613 -0.974017 0.188991 0.124793 108.786
0.0952797 -0.152065 0.983767 24.2818 0.205228 0.970033 0.130066 -0.0222788 -0.974065 0.189504 0.123632 108.853
0.0945476 -0.151962 0.983854 24.7808 0.201423 0.970761 0.130583 0.0332117 -0.97493 0.185825 0.122392 108.93
0.0933441 -0.152101 0.983947 25.2778 0.199508 0.971075 0.131184 0.0883562 -0.97544 0.18406 0.120989 109.003
0.0928806 -0.151246 0.984123 25.7698 0.198658 0.971337 0.130532 0.146604 -0.975658 0.18338 0.120265 109.071
0.0916102 -0.150931 0.98429 26.2675 0.199556 0.971178 0.130347 0.20452 -0.975595 0.184479 0.119089 109.14
0.0925385 -0.150433 0.98428 26.7786 0.194743 0.972165 0.130273 0.259755 -0.976479 0.179626 0.119258 109.211
0.092824 -0.150754 0.984204 27.2953 0.194716 0.972134 0.13054 0.321916 -0.976458 0.179523 0.119591 109.274
0.0927726 -0.150649 0.984225 27.8007 0.192504 0.972551 0.130717 0.379255 -0.976901 0.17734 0.119227 109.345
0.0923172 -0.150388 0.984307 28.305 0.186744 0.973603 0.131238 0.43253 -0.978061 0.171698 0.117964 109.426
0.0918368 -0.150175 0.984385 28.8225 0.188159 0.973371 0.130941 0.492146 -0.977836 0.173195 0.117648 109.486
0.0915669 -0.150748 0.984322 29.342 0.190513 0.972868 0.131271 0.553191 -0.977405 0.175506 0.117802 109.539
0.0901089 -0.149999 0.984571 29.8412 0.187147 0.973532 0.131189 0.610194 -0.97819 0.172438 0.115796 109.61
0.0895889 -0.149674 0.984668 30.3599 0.187495 0.973502 0.130918 0.674587 -0.978171 0.172892 0.115278 109.674
0.0884658 -0.149547 0.984789 30.8826 0.185009 0.973929 0.131278 0.736495 -0.978747 0.170581 0.113827 109.747
0.0871744 -0.148922 0.984999 31.404 0.183291 0.974281 0.13108 0.795653 -0.979186 0.169114 0.112228 109.818
0.0864712 -0.148561 0.985115 31.9199 0.184476 0.974107 0.130708 0.859439 -0.979026 0.170428 0.111638 109.876
0.0864412 -0.147997 0.985203 32.4331 0.183338 0.974378 0.130285 0.918746 -0.979242 0.169364 0.11136 109.933
0.0857009 -0.147707 0.985311 32.9461 0.181184 0.97477 0.130367 0.975553 -0.979708 0.16735 0.110301 110.001
0.0841736 -0.147796 0.985429 33.4543 0.180225 0.974887 0.130821 1.03698 -0.980017 0.166588 0.108696 110.068
0.0834339 -0.148141 0.98544 33.977 0.180869 0.974715 0.131215 1.09868 -0.979962 0.167288 0.108119 110.123
0.0830466 -0.14819 0.985466 34.5015 0.179701 0.974898 0.131457 1.15811 -0.98021 0.166172 0.107592 110.186
0.0830596 -0.148292 0.985449 35.03 0.178738 0.975048 0.131662 1.22019 -0.980384 0.165202 0.107493 110.244
0.0828294 -0.147797 0.985543 35.5476 0.176895 0.975417 0.131412 1.27983 -0.980738 0.163453 0.106938 110.308
0.084393 -0.147543 0.985449 36.0786 0.178653 0.975192 0.130708 1.34999 -0.980286 0.165022 0.108658 110.353
0.0841909 -0.147683 0.985445 36.601 0.179431 0.975037 0.130794 1.4107 -0.980161 0.165808 0.108588 110.408
0.0849366 -0.148161 0.985309 37.1137 0.182755 0.974423 0.13077 1.47141 -0.979483 0.168963 0.109841 110.452
0.0844735 -0.148809 0.985251 37.6185 0.184586 0.974008 0.131284 1.53203 -0.979179 0.170774 0.109746 110.504
0.0847033 -0.149655 0.985103 38.1381 0.187604 0.97337 0.131741 1.59291 -0.978586 0.173651 0.110524 110.553
0.0841697 -0.14991 0.98511 38.6557 0.190789 0.972752 0.131728 1.65609 -0.978016 0.176861 0.110478 110.608
0.0836817 -0.150673 0.985036 39.162 0.192058 0.972408 0.132425 1.71565 -0.977809 0.178103 0.110311 110.663
0.0834952 -0.150088 0.985141 39.6673 0.192529 0.972396 0.131829 1.77564 -0.977733 0.178661 0.110087 110.721
0.0839322 -0.149981 0.98512 40.1686 0.196223 0.971739 0.131226 1.83768 -0.976961 0.182289 0.11099 110.766
0.0836367 -0.150005 0.985141 40.6633 0.196989 0.971585 0.131216 1.8965 -0.976832 0.183088 0.110809 110.822
0.0841846 -0.149898 0.985111 41.1561 0.200524 0.970944 0.130606 1.95494 -0.976065 0.186543 0.111797 110.867
0.0832796 -0.149145 0.985302 41.6478 0.200685 0.97099 0.130016 2.01565 -0.97611 0.186908 0.110795 110.929
0.0830317 -0.148486 0.985423 42.1329 0.199799 0.97124 0.129514 2.0748 -0.976312 0.186133 0.110311 110.987
0.0832799 -0.148665 0.985375 42.6159 0.202631 0.970678 0.129322 2.13157 -0.975708 0.188897 0.110962 111.033
0.0825775 -0.14794 0.985543 43.0994 0.195647 0.972083 0.129527 2.18407 -0.977192 0.182122 0.109216 111.111
0.083129 -0.148063 0.985478 43.5762 0.193143 0.972543 0.129827 2.2346 -0.977643 0.179546 0.109444 111.169
0.0837491 -0.148927 0.985295 44.0631 0.19148 0.972748 0.130754 2.28718 -0.977917 0.177714 0.109983 111.228
0.08312 -0.148317 0.985441 44.5413 0.18402 0.974141 0.131095 2.3387 -0.979402 0.170444 0.108264 111.307
0.0842943 -0.148341 0.985337 45.0286 0.185684 0.973874 0.13073 2.39808 -0.978987 0.171942 0.109637 111.358
0.0853464 -0.14895 0.985155 45.5052 0.187672 0.973467 0.130925 2.45464 -0.978517 0.173712 0.111036 111.409
0.0851913 -0.148879 0.985179 45.9821 0.184584 0.974016 0.13123 2.50579 -0.979117 0.170669 0.110458 111.484
0.0885478 -0.149005 0.984864 46.4545 0.187901 0.973494 0.130391 2.57013 -0.978188 0.173511 0.114199 111.523
0.0889561 -0.149213 0.984796 46.9288 0.184335 0.974102 0.130941 2.62064 -0.97883 0.169884 0.114157 111.598
0.0892096 -0.149208 0.984773 47.399 0.179743 0.974894 0.131428 2.66739 -0.97966 0.165282 0.113789 111.68
0.0911622 -0.14939 0.984567 47.8828 0.18053 0.974781 0.13119 2.72359 -0.979336 0.165785 0.115833 111.741
0.0917667 -0.148423 0.984657 48.3524 0.177003 0.975514 0.130548 2.77634 -0.979923 0.162307 0.115791 111.819
0.0939084 -0.148542 0.984437 48.8389 0.176694 0.975596 0.130353 2.83019 -0.979776 0.161703 0.117863 111.883
0.0959851 -0.14904 0.984161 49.3181 0.17639 0.975625 0.130544 2.88224 -0.979629 0.161066 0.119935 111.948
0.0974443 -0.149939 0.983882 49.7873 0.174719 0.97581 0.131405 2.9341 -0.979785 0.159098 0.121284 112.014
0.0990004 -0.15028 0.983674 50.2536 0.173609 0.975978 0.131632 2.98463 -0.979826 0.157744 0.122712 112.082
0.10265 -0.149889 0.98336 50.7069 0.1759 0.975738 0.130366 3.0387 -0.979042 0.159591 0.126525 112.127
0.105336 -0.148914 0.983224 51.1714 0.176179 0.975879 0.128927 3.0941 -0.978706 0.159643 0.129031 112.193
0.109385 -0.148364 0.982865 51.6116 0.17617 0.976038 0.127728 3.14291 -0.978263 0.159179 0.132902 112.256
0.114121 -0.147796 0.982412 52.0422 0.175423 0.976332 0.126503 3.19066 -0.977856 0.157901 0.137347 112.315
0.116915 -0.147049 0.982195 52.4566 0.172595 0.976937 0.125717 3.23274 -0.978029 0.154824 0.139599 112.391
0.122689 -0.147067 0.981488 52.8576 0.175073 0.976657 0.124458 3.27809 -0.976881 0.156563 0.145572 112.433
0.128381 -0.147682 0.980667 53.2503 0.177623 0.976284 0.123769 3.31921 -0.975689 0.158299 0.151569 112.475
0.131968 -0.148542 0.980061 53.6155 0.17973 0.975906 0.123711 3.35291 -0.974824 0.159821 0.155486 112.527
0.132789 -0.14858 0.979944 53.975 0.176364 0.976464 0.124154 3.38647 -0.975327 0.15634 0.155868 112.602
0.130777 -0.146819 0.98048 54.313 0.170503 0.977569 0.123641 3.42431 -0.97664 0.151005 0.152877 112.681
0.123407 -0.145294 0.981662 54.6399 0.159486 0.979268 0.12489 3.44764 -0.979456 0.141149 0.144021 112.779
0.115784 -0.14593 0.982496 54.9512 0.15468 0.97973 0.12729 3.47286 -0.981156 0.137235 0.13601 112.834
0.0983684 -0.145872 0.984401 55.2467 0.14535 0.980696 0.130798 3.49598 -0.984478 0.130216 0.117672 112.908
0.0715904 -0.14796 0.986399 55.5237 0.135649 0.981192 0.137334 3.50444 -0.988167 0.123972 0.0903147 112.976
0.0247046 -0.142887 0.989431 55.7664 0.118956 0.983121 0.139006 3.51812 -0.992592 0.114264 0.0412848 113.127
-0.0099574 -0.124466 0.992174 55.804 0.116939 0.98527 0.124773 3.53278 -0.993089 0.117266 0.00474417 112.896
-0.0583855 -0.110768 0.99213 55.8694 0.111307 0.986906 0.116735 3.41148 -0.99207 0.117246 -0.0452918 113.37
-0.0965898 -0.101353 0.99015 55.9618 0.112765 0.987283 0.11206 3.44646 -0.988916 0.122478 -0.0839324 113.147
-0.140449 -0.0951419 0.985506 56.1118 0.11436 0.987151 0.111599 3.47097 -0.983461 0.128376 -0.127764 112.889
-0.188892 -0.0890153 0.977955 57.4599 0.114741 0.987061 0.112006 3.78858 -0.975271 0.133369 -0.176235 110.957
-0.271224 -0.0936302 0.957951 57.7142 0.108204 0.985982 0.127006 3.775 -0.956415 0.138101 -0.257291 110.946
-0.327735 -0.0909809 0.940379 57.9997 0.107929 0.985231 0.132935 3.86057 -0.938585 0.145061 -0.313076 110.567
-0.38876 -0.0895938 0.916973 60.0877 0.106526 0.984215 0.141327 4.43468 -0.91516 0.152624 -0.373079 108.704
-0.445894 -0.0883911 0.890711 60.6335 0.103701 0.98331 0.149494 4.58208 -0.889058 0.159026 -0.429286 108.045
-0.506589 -0.0919846 0.857267 60.795 0.0923155 0.98279 0.160006 4.6025 -0.857231 0.160196 -0.489379 107.905
-0.572787 -0.102281 0.813298 60.9896 0.0729188 0.981893 0.174839 4.60301 -0.816455 0.15945 -0.554957 107.779
-0.625878 -0.102011 0.77322 61.0777 0.0626283 0.981634 0.180201 4.64464 -0.777402 0.16121 -0.607995 107.611
-0.681041 -0.102895 0.72498 61.2057 0.0502483 0.981177 0.186459 4.68152 -0.73052 0.163415 -0.663051 107.45
-0.731881 -0.104596 0.673357 61.3135 0.0363124 0.980759 0.191815 4.71134 -0.680465 0.164837 -0.714001 107.28
-0.778963 -0.101435 0.618811 61.426 0.0262287 0.980696 0.193772 4.74918 -0.626521 0.167172 -0.761266 107.101
-0.817351 -0.0955682 0.568158 61.5027 0.0187877 0.981201 0.192073 4.79463 -0.575833 0.167665 -0.80019 106.905
-0.851223 -0.0905584 0.516932 61.5772 0.0106875 0.981804 0.189596 4.835 -0.524695 0.166913 -0.834766 106.712
-0.878502 -0.0896908 0.469243 61.6352 6.50648e-05 0.982196 0.187858 4.87689 -0.477738 0.165064 -0.862856 106.513
-0.900629 -0.0909596 0.424963 61.7001 -0.0100073 0.981933 0.188965 4.91656 -0.434473 0.165935 -0.885267 106.306
-0.918686 -0.0922777 0.384057 61.7622 -0.0187401 0.981415 0.190978 4.95379 -0.394543 0.168252 -0.903342 106.095
-0.93428 -0.0943951 0.343819 61.8305 -0.0282203 0.980869 0.192612 4.99297 -0.355423 0.170251 -0.91907 105.876
-0.947056 -0.0941626 0.306951 61.883 -0.0353332 0.980787 0.191857 5.03302 -0.31912 0.170854 -0.932186 105.65
-0.957264 -0.0930913 0.273824 61.9229 -0.0410422 0.980925 0.190003 5.07724 -0.286289 0.170645 -0.942825 105.419
-0.965729 -0.0926007 0.242473 61.9665 -0.0466135 0.980881 0.188946 5.12321 -0.255334 0.171168 -0.951581 105.168
-0.972358 -0.0947798 0.213392 62.0164 -0.0543724 0.980696 0.187827 5.1699 -0.227075 0.171032 -0.958741 104.915
-0.977594 -0.0958155 0.187427 62.0594 -0.0603922 0.980632 0.186316 5.21376 -0.201649 0.170822 -0.964447 104.66
-0.981827 -0.0894748 0.167359 62.0762 -0.0580981 0.981252 0.183766 5.26492 -0.180664 0.170703 -0.968618 104.386
-0.985033 -0.0853545 0.149751 62.1017 -0.0573162 0.981545 0.182442 5.31433 -0.16256 0.171128 -0.971746 104.11
-0.987232 -0.0824473 0.136289 62.1198 -0.0570502 0.981877 0.180729 5.3678 -0.148719 0.170646 -0.974044 103.823
-0.988835 -0.0798485 0.125812 62.1417 -0.0564645 0.98213 0.179534 5.42223 -0.137899 0.170426 -0.975674 103.525
-0.990035 -0.0773081 0.117706 62.1655 -0.0554086 0.98227 0.179098 5.46965 -0.129465 0.170792 -0.976765 103.219
-0.99082 -0.0766843 0.111338 62.1989 -0.0559829 0.982364 0.178403 5.52347 -0.123055 0.170532 -0.977638 102.905
-0.9915 -0.0681302 0.110844 62.1964 -0.0476639 0.982913 0.177793 5.57161 -0.121063 0.170998 -0.977805 102.59
-0.991744 -0.0676811 0.108918 62.2325 -0.0476396 0.983043 0.177079 5.63116 -0.119056 0.170428 -0.978151 102.26
-0.991974 -0.0652723 0.108287 62.2724 -0.0454548 0.983286 0.176302 5.6949 -0.117985 0.169965 -0.978362 101.917
-0.991895 -0.0651248 0.109104 62.3142 -0.0450863 0.983182 0.176976 5.75139 -0.118794 0.170622 -0.978149 101.575
-0.991722 -0.0649499 0.110765 62.3535 -0.044447 0.982949 0.178426 5.80858 -0.120465 0.172026 -0.977699 101.219
-0.991785 -0.0636458 0.110963 62.4006 -0.0429296 0.982735 0.179972 5.87084 -0.120501 0.173729 -0.977393 100.852
-0.991748 -0.0643517 0.110884 62.4539 -0.0435321 0.982543 0.180869 5.94027 -0.120588 0.17455 -0.977236 100.484
-0.9917 -0.063048 0.112057 62.4985 -0.0419288 0.982459 0.181705 6.01102 -0.121547 0.175498 -0.976948 100.1
-0.991624 -0.0595457 0.114611 62.5307 -0.0379732 0.982575 0.181945 6.07993 -0.123448 0.176069 -0.976606 99.7204
-0.991566 -0.0567604 0.116509 62.5712 -0.0348401 0.982642 0.182208 6.14594 -0.124829 0.176613 -0.976333 99.3488
-0.99153 -0.0563625 0.117011 62.6291 -0.034349 0.98265 0.182261 6.2136 -0.125254 0.176698 -0.976263 98.9685
-0.991284 -0.0541051 0.120116 62.6693 -0.0315373 0.982721 0.182389 6.28063 -0.127908 0.177011 -0.975862 98.5796
-0.991116 -0.0524978 0.122202 62.719 -0.0295965 0.98282 0.182177 6.34577 -0.129667 0.176941 -0.975642 98.1904
-0.99088 -0.0496262 0.125272 62.761 -0.0263104 0.98307 0.18133 6.4119 -0.13215 0.17638 -0.975411 97.807
-0.990703 -0.0467015 0.127777 62.8084 -0.0230454 0.983269 0.180697 6.47683 -0.134078 0.176072 -0.975203 97.4154
-0.990414 -0.04671 0.129993 62.8604 -0.0227494 0.983397 0.180035 6.54388 -0.136244 0.175352 -0.975033 97.0371
-0.990225 -0.0459676 0.13169 62.915 -0.0217085 0.98342 0.180037 6.60903 -0.137783 0.175419 -0.974805 96.6549
-0.989939 -0.0521756 0.131526 62.9904 -0.0278492 0.983196 0.180419 6.66815 -0.13873 0.174941 -0.974756 96.2885
-0.989712 -0.0539488 0.132515 63.0537 -0.0292891 0.982968 0.181429 6.73344 -0.140046 0.175681 -0.974435 95.8976
