1 0 0 0 0 1 0 0 0 0 1 0
0.999989 -0.00453072 0.000748814 0.0207294 0.00452725 0.999979 0.00458323 -0.00513314 -0.000769564 -0.00457979 0.999989 0.600068
0.999946 -0.00973203 0.00352732 0.0257121 0.0097304 0.999953 0.000477769 -0.00926416 -0.00353181 -0.000443421 0.999994 1.23168
0.999929 -0.00953549 0.007148 0.026669 0.00958369 0.999931 -0.00673958 -0.0167546 -0.00708325 0.0068076 0.999952 1.86739
0.999944 -0.00200903 0.0103586 0.0195286 0.00212662 0.999933 -0.0113536 -0.0207635 -0.0103351 0.011375 0.999882 2.54357
0.999899 -0.00400878 0.0136256 0.0166767 0.00414287 0.999943 -0.00982711 -0.0279564 -0.0135854 0.00988257 0.999859 3.23755
0.999778 -0.0155093 0.0142918 0.0430879 0.0155817 0.999866 -0.0049679 -0.0426461 -0.0142128 0.00518949 0.999886 3.87551
0.999657 -0.019922 0.017003 0.0505425 0.019967 0.999798 -0.00248055 -0.0619486 -0.0169501 0.0028192 0.999852 4.73909
0.99966 -0.0191681 0.017649 0.0608081 0.0191742 0.999816 -0.000176106 -0.0700837 -0.0176424 0.000514451 0.999844 5.61288
0.999725 -0.0165921 0.0165684 0.0803315 0.0164858 0.999843 0.00653124 -0.0771683 -0.0166742 -0.0062563 0.999841 6.5162
0.999655 -0.0206452 0.016266 0.108708 0.0204737 0.999734 0.0106453 -0.0852185 -0.0164814 -0.0103086 0.999811 7.62008
0.999698 -0.0168568 0.0178695 0.102164 0.0167349 0.999836 0.00695164 -0.100158 -0.0179838 -0.0066505 0.999816 8.73933
0.999709 -0.0152987 0.0186256 0.111051 0.0153328 0.999881 -0.00168905 -0.105307 -0.0185976 0.00197414 0.999825 9.63706
0.999724 -0.0147027 0.0183499 0.126116 0.0147995 0.999877 -0.00514767 -0.114074 -0.018272 0.00541782 0.999818 10.3161
0.999739 -0.0126894 0.0190103 0.12572 0.0126391 0.999916 0.00276764 -0.119241 -0.0190438 -0.00252665 0.999815 11.0796
0.999663 -0.0171494 0.0194708 0.14391 0.016926 0.99979 0.0115825 -0.123637 -0.0196654 -0.011249 0.999743 11.8586
0.999583 -0.0198583 0.0209539 0.169455 0.0195877 0.999723 0.0130377 -0.137682 -0.0212071 -0.0126219 0.999695 12.8221
0.999481 -0.0221728 0.0233865 0.203473 0.0220789 0.999747 0.00426527 -0.140713 -0.0234752 -0.00374671 0.999717 13.8222
0.999435 -0.021304 0.0259956 0.227625 0.0213721 0.999769 -0.00234374 -0.152409 -0.0259397 0.00289799 0.999659 15.1366
0.999408 -0.0207405 0.0274563 0.284701 0.0209122 0.999763 -0.00598376 -0.166843 -0.0273257 0.00655439 0.999605 16.6642
0.999284 -0.0236167 0.0295578 0.341004 0.0237784 0.999704 -0.00513255 -0.173685 -0.0294279 0.00583171 0.99955 18.0459
0.999209 -0.022787 0.0325882 0.36988 0.0228998 0.999733 -0.00309158 -0.185817 -0.0325091 0.0038354 0.999464 19.2405
0.999187 -0.0183379 0.0359101 0.383989 0.0182808 0.999831 0.00191823 -0.194429 -0.0359392 -0.00126021 0.999353 20.3351
0.999135 -0.0160017 0.0383882 0.407419 0.0156342 0.999829 0.00985392 -0.200956 -0.0385393 -0.00924522 0.999214 21.1634
0.999025 -0.0147667 0.0415979 0.432278 0.0141001 0.999768 0.0162729 -0.214351 -0.0418285 -0.0156705 0.999002 22.2233
0.998922 -0.0155896 0.0437334 0.47569 0.0149374 0.999773 0.0152009 -0.221251 -0.0439604 -0.0145312 0.998928 23.2098
0.998789 -0.013468 0.047318 0.499082 0.0130649 0.999876 0.0088176 -0.225429 -0.0474309 -0.00818872 0.998841 24.3125
0.998737 -0.0119938 0.0487961 0.542763 0.0120323 0.999927 -0.000494935 -0.226704 -0.0487866 0.00108144 0.998809 25.2903
0.998537 -0.00512707 0.0538301 0.542545 0.00527757 0.999983 -0.00265406 -0.234463 -0.0538155 0.00293427 0.998547 26.1719
0.998392 -0.00418505 0.0565382 0.585853 0.00410624 0.99999 0.00151011 -0.241588 -0.056544 -0.00127552 0.998399 26.9854
0.998178 -0.000450024 0.060331 0.610164 -7.69827e-05 0.999962 0.00873265 -0.25074 -0.0603326 -0.00872139 0.99814 27.6965
0.997922 0.00580734 0.0641741 0.649119 -0.00660575 0.999903 0.0122361 -0.255981 -0.0640968 -0.0126346 0.997864 28.523
0.997408 0.0133059 0.0707125 0.664498 -0.0140815 0.999846 0.0104808 -0.267977 -0.0705622 -0.0114493 0.997442 29.4257
0.997131 0.0139654 0.0743995 0.722692 -0.0143702 0.999885 0.00490909 -0.2795 -0.0743224 -0.00596414 0.997216 30.1912
0.99676 0.0128783 0.0793898 0.802083 -0.0125738 0.999912 -0.00433342 -0.300882 -0.0794386 0.00332114 0.996834 31.3595
0.996137 0.0141795 0.0866581 0.839273 -0.013487 0.999872 -0.00857077 -0.311368 -0.0867685 0.0073689 0.996201 32.0477
0.995469 0.0118329 0.0943506 0.900285 -0.0115342 0.999927 -0.00371014 -0.319625 -0.0943876 0.00260507 0.995532 32.8046
0.994776 0.00866661 0.101715 0.964984 -0.00951878 0.999924 0.00789565 -0.328602 -0.101639 -0.0088226 0.994782 33.4201
0.993891 0.00570916 0.110215 1.03942 -0.0072831 0.999877 0.0138833 -0.337443 -0.110122 -0.0146012 0.993811 34.0898
0.992867 0.000101676 0.119227 1.12426 -0.00145241 0.999936 0.0112422 -0.342786 -0.119218 -0.0113352 0.992803 34.7587
0.991665 0.00352232 0.128795 1.19785 -0.00388844 0.999989 0.00259125 -0.339333 -0.128785 -0.00307047 0.991668 35.4599
0.990336 0.00243107 0.138668 1.28562 -0.002157 0.999995 -0.00212666 -0.348031 -0.138673 0.001807 0.990337 36.1388
0.989127 0.00152326 0.147053 1.38404 -0.00129438 0.999998 -0.00165213 -0.362569 -0.147055 0.00144382 0.989127 36.8032
0.987979 -0.00582267 0.15448 1.50039 0.00566916 0.999983 0.00143424 -0.374466 -0.154486 -0.000541223 0.987995 37.5131
0.987024 -0.00854128 0.160346 1.59272 0.00804344 0.999961 0.00375361 -0.379881 -0.160371 -0.00241518 0.987054 38.0836
0.98635 -0.0140961 0.164056 1.69216 0.0134058 0.999896 0.00531378 -0.388747 -0.164114 -0.00304195 0.986437 38.6268
0.986017 -0.0136504 0.166088 1.78687 0.0132563 0.999906 0.00348166 -0.39823 -0.16612 -0.00123128 0.986105 39.1915
0.986131 -0.0178443 0.165005 1.88751 0.0179879 0.999838 0.000623817 -0.393073 -0.16499 0.00235294 0.986292 39.7128
0.986334 -0.0215065 0.163349 1.97937 0.0221037 0.999754 -0.00183868 -0.391965 -0.16327 0.00542417 0.986567 40.2332
0.987111 -0.0257629 0.157952 2.08255 0.0264514 0.999648 -0.00225781 -0.394132 -0.157839 0.00640677 0.987444 40.7266
0.987841 -0.0312527 0.152291 2.17894 0.0316754 0.999498 -0.000349509 -0.402796 -0.152204 0.00516913 0.988336 41.2122
0.988635 -0.0265149 0.147982 2.2346 0.0269147 0.999637 -0.000699389 -0.407988 -0.14791 0.00467433 0.98899 41.7096
0.989521 -0.0272958 0.141787 2.29831 0.0277132 0.999615 -0.0009697 -0.4142 -0.141706 0.00488892 0.989897 42.1931
0.990538 -0.0272992 0.134495 2.35893 0.0275137 0.999621 0.000264055 -0.426176 -0.134451 0.00343888 0.990914 42.6835
0.991401 -0.03377 0.126426 2.42725 0.0337572 0.999428 0.00224437 -0.432815 -0.12643 0.00204272 0.991973 43.1876
0.992254 -0.035203 0.119136 2.48094 0.0346342 0.999377 0.00684255 -0.436253 -0.119302 -0.00266338 0.992854 43.7013
0.993063 -0.0361665 0.111886 2.5373 0.0350485 0.999314 0.0119439 -0.444792 -0.112241 -0.00793961 0.993649 44.2458
0.993966 -0.0369645 0.103275 2.59425 0.0357113 0.999265 0.0139582 -0.450043 -0.103715 -0.0101859 0.994555 44.8074
0.99467 -0.0382877 0.0957398 2.64538 0.0373245 0.999233 0.0118324 -0.456601 -0.0961194 -0.00819592 0.995336 45.392
0.995423 -0.0382303 0.0875875 2.6903 0.0377649 0.999262 0.00696507 -0.457139 -0.0877891 -0.00362546 0.996132 45.9422
0.996081 -0.0388916 0.0794364 2.72243 0.0389279 0.999241 0.00109278 -0.45872 -0.0794186 0.00200379 0.996839 46.4595
0.996964 -0.0351885 0.0694644 2.74979 0.0354485 0.999368 -0.00251327 -0.465522 -0.0693321 0.00496804 0.997581 46.9468
0.997741 -0.0313889 0.0593932 2.76659 0.0318051 0.999476 -0.00607476 -0.469222 -0.0591714 0.00795005 0.998216 47.4324
0.998356 -0.0292374 0.0493034 2.78483 0.0296545 0.99953 -0.00774842 -0.476931 -0.0490537 0.00919774 0.998754 47.892
0.998871 -0.0261219 0.0396879 2.79565 0.0264465 0.999621 -0.00767684 -0.485796 -0.0394723 0.00871778 0.999183 48.3652
0.999269 -0.0226514 0.0307922 2.80067 0.0228793 0.999713 -0.00706786 -0.496954 -0.0306233 0.00776719 0.999501 48.8451
0.999557 -0.0196611 0.0223604 2.80553 0.019831 0.999776 -0.00740382 -0.504773 -0.0222098 0.00784397 0.999723 49.3366
0.999708 -0.0193608 0.014492 2.81066 0.0194628 0.999787 -0.00693068 -0.518026 -0.0143547 0.0072107 0.999871 49.8579
0.999848 -0.0158542 0.0072837 2.80569 0.0158999 0.999854 -0.0062634 -0.525628 -0.00718334 0.00637826 0.999954 50.3243
0.999903 -0.0138213 0.00181252 2.79699 0.0138324 0.999885 -0.00622199 -0.53547 -0.00172631 0.00624645 0.999979 50.7926
0.999901 -0.0135442 -0.00373996 2.78782 0.013522 0.999891 -0.00587746 -0.544149 0.00381916 0.00582631 0.999976 51.2794
0.999843 -0.0155453 -0.00853694 2.77831 0.0155035 0.999868 -0.0049377 -0.552289 0.00861257 0.00480457 0.999951 51.7438
0.999828 -0.0143945 -0.0116698 2.76271 0.0143624 0.999893 -0.00283189 -0.559038 0.0117093 0.00266379 0.999928 52.2194
0.9998 -0.0129127 -0.0152641 2.75015 0.0128953 0.999916 -0.00123809 -0.568202 0.0152788 0.00104101 0.999883 52.7326
0.999763 -0.0124532 -0.0178346 2.72799 0.012445 0.999922 -0.000567871 -0.576048 0.0178403 0.000345783 0.999841 53.2776
0.999619 -0.0173314 -0.0214997 2.7217 0.0172835 0.999848 -0.0024113 -0.583046 0.0215382 0.0020388 0.999766 53.8573
0.999526 -0.0190123 -0.0241961 2.70187 0.0189311 0.999814 -0.00358131 -0.587644 0.0242597 0.00312156 0.999701 54.4276
0.999448 -0.0192927 -0.0270381 2.67818 0.0191795 0.999806 -0.00444107 -0.59842 0.0271186 0.00392004 0.999625 55.136
0.999342 -0.0207845 -0.0297407 2.65756 0.0207004 0.999781 -0.00313296 -0.611254 0.0297993 0.00251525 0.999553 55.8259
0.999243 -0.0219791 -0.0320883 2.60208 0.0219311 0.999758 -0.00184705 -0.645459 0.0321211 0.00114192 0.999483 57.4321
0.999255 -0.0209141 -0.0324327 2.51731 0.020896 0.999781 -0.000897153 -0.677133 0.0324444 0.000218771 0.999474 58.8837
0.999247 -0.0199766 -0.0332639 2.45945 0.0199467 0.9998 -0.00123116 -0.700889 0.0332819 0.000566726 0.999446 60.3948
0.99924 -0.0196539 -0.0336668 2.40176 0.0195741 0.999805 -0.00269709 -0.714558 0.0337133 0.00203604 0.999429 62.0682
0.999344 -0.0164156 -0.0322689 2.26723 0.0162729 0.999857 -0.00468184 -0.758926 0.0323411 0.00415366 0.999468 65.1628
0.999462 -0.0145859 -0.0293909 2.23706 0.0143507 0.999863 -0.00819574 -0.765252 0.0295065 0.00776955 0.999534 65.7352
0.999566 -0.0131392 -0.026376 2.21934 0.0128521 0.999857 -0.0110241 -0.775 0.026517 0.0106803 0.999591 66.264
0.999694 -0.0110704 -0.0220991 2.12389 0.0107929 0.999862 -0.0126393 -0.834782 0.0222359 0.0123969 0.999676 68.8685
0.999785 -0.0096665 -0.0183692 2.07997 0.00943786 0.999877 -0.0124931 -0.910308 0.0184877 0.012317 0.999753 71.8901
0.999872 -0.00861963 -0.0135006 2.01931 0.0084737 0.999905 -0.0108299 -0.99453 0.0135927 0.0107141 0.99985 74.6185
0.999907 -0.00980248 -0.0094507 2.03885 0.00971851 0.999913 -0.0088896 -1.0517 0.00953702 0.00879693 0.999916 77.2965
0.999948 -0.00950732 -0.00378098 2.01469 0.00947775 0.999925 -0.00776297 -1.10537 0.0038545 0.00772673 0.999963 79.7922
0.999951 -0.00933711 0.00315386 2.00904 0.0093602 0.999929 -0.00738807 -1.1513 -0.00308465 0.00741723 0.999968 81.7603
0.999884 -0.0118106 0.00958371 2.0675 0.0118707 0.99991 -0.00623583 -1.21267 -0.0095092 0.00634887 0.999935 83.4767
0.999709 -0.0170461 0.0170457 2.08404 0.0171456 0.999837 -0.00570302 -1.22803 -0.0169457 0.00599362 0.999838 84.1178
0.999572 -0.0172408 0.0236419 2.10211 0.0173748 0.999834 -0.00547257 -1.25322 -0.0235436 0.005881 0.999706 85.0787
0.999429 -0.0152978 0.0301255 2.11842 0.015469 0.999865 -0.00545755 -1.28765 -0.030038 0.00592045 0.999531 86.0368
0.999121 -0.0208075 0.0363869 2.16573 0.0210135 0.999765 -0.0052891 -1.30413 -0.0362683 0.00604907 0.999324 86.8452
0.99885 -0.0240593 0.0414714 2.22364 0.024369 0.999679 -0.00697869 -1.31636 -0.0412902 0.00798128 0.999115 87.6898
0.998631 -0.0232855 0.0468359 2.27454 0.0236793 0.999689 -0.00786922 -1.34586 -0.0466381 0.00896749 0.998872 88.7802
0.998435 -0.0235869 0.050701 2.34352 0.0240265 0.999679 -0.00807884 -1.36567 -0.0504942 0.00928437 0.998681 89.8523
0.998232 -0.0265659 0.0531697 2.41145 0.0269561 0.999615 -0.00663496 -1.38874 -0.0529729 0.00805647 0.998563 90.8474
0.998104 -0.0257234 0.0559163 2.44371 0.0260092 0.999652 -0.00439044 -1.4354 -0.0557839 0.00583645 0.998426 91.9352
0.998089 -0.0271321 0.0555113 2.53306 0.0274373 0.999612 -0.00474396 -1.46151 -0.055361 0.00625798 0.998447 93.0861
0.998079 -0.0287589 0.054877 2.6055 0.0291427 0.999556 -0.0062058 -1.48804 -0.0546742 0.00779314 0.998474 94.2521
0.998164 -0.0296211 0.0528385 2.68915 0.0300804 0.999516 -0.00791762 -1.50826 -0.0525784 0.00949248 0.998572 95.4842
0.998305 -0.0258786 0.0521232 2.71101 0.026288 0.999629 -0.00718412 -1.52787 -0.0519179 0.00854216 0.998615 96.6059
0.998386 -0.0257663 0.0506114 2.75361 0.0261574 0.999633 -0.00708008 -1.53774 -0.0504104 0.00839251 0.998693 97.5894
0.998443 -0.0278092 0.0483554 2.79579 0.0281736 0.999579 -0.00686971 -1.55883 -0.048144 0.00822136 0.998807 98.5176
0.998411 -0.0324292 0.0460846 2.84529 0.03275 0.999444 -0.00622292 -1.58465 -0.0458572 0.0077223 0.998918 99.5
0.998472 -0.0336145 0.0438703 2.87725 0.033879 0.999412 -0.00529826 -1.6061 -0.0436664 0.00677644 0.999023 100.436
0.998633 -0.0363482 0.0375642 2.93714 0.0366536 0.9993 -0.00747301 -1.60868 -0.0372663 0.00883966 0.999266 101.205
0.998875 -0.0350585 0.0319307 2.93877 0.0353076 0.99935 -0.00726961 -1.62504 -0.0316551 0.00838883 0.999464 101.944
0.998981 -0.0376798 0.0248598 2.94662 0.0378216 0.999271 -0.00525703 -1.64037 -0.0246436 0.0061919 0.999677 102.562
0.999066 -0.0400417 0.0162382 2.94693 0.0401174 0.999185 -0.00436432 -1.65159 -0.0160502 0.00501168 0.999859 103.176
0.99906 -0.0430919 0.00478569 2.949 0.0431183 0.999054 -0.00556118 -1.66358 -0.00454153 0.0057623 0.999973 103.819
0.999037 -0.0433172 -0.00693066 2.92512 0.0432753 0.999045 -0.00608486 -1.68206 0.00718762 0.00577907 0.999957 104.565
0.998928 -0.0425692 -0.0181604 2.90449 0.0424699 0.999081 -0.0058204 -1.69585 0.0183915 0.00504289 0.999818 105.248
0.998803 -0.0400527 -0.0280926 2.86422 0.0398899 0.999184 -0.00633198 -1.71008 0.0283233 0.00520379 0.999585 105.978
0.998736 -0.0361938 -0.0348884 2.81973 0.0359664 0.999328 -0.0071227 -1.72308 0.0351227 0.00585888 0.999366 106.583
0.998603 -0.0351764 -0.0394288 2.79634 0.0349114 0.999363 -0.00738908 -1.73374 0.0396636 0.00600225 0.999195 107.034
0.998496 -0.0352597 -0.0419856 2.77386 0.0349626 0.999358 -0.0077894 -1.74445 0.0422333 0.00630976 0.999088 107.466
0.998329 -0.0365476 -0.0447672 2.75557 0.0362072 0.999309 -0.00839187 -1.75543 0.045043 0.00675695 0.998962 107.915
0.998195 -0.0378303 -0.0466381 2.74018 0.0374279 0.999254 -0.00947148 -1.76369 0.0469617 0.00770882 0.998867 108.313
0.99831 -0.0350494 -0.0463492 2.70877 0.0345844 0.999343 -0.0107976 -1.77388 0.0466973 0.00917643 0.998867 108.696
0.99855 -0.0307208 -0.0441971 2.67224 0.0302049 0.999468 -0.0122937 -1.78033 0.0445512 0.0109409 0.998947 109.086
0.998624 -0.0308875 -0.0423774 2.64749 0.0303902 0.999462 -0.0123291 -1.79051 0.0427354 0.0110243 0.999026 109.52
0.998727 -0.0309419 -0.0398451 2.62588 0.0304815 0.999462 -0.0121112 -1.7989 0.0401984 0.0108812 0.999132 109.937
0.998884 -0.0304528 -0.0361073 2.59514 0.0300315 0.999475 -0.0121554 -1.80782 0.0364585 0.0110575 0.999274 110.399
0.999098 -0.0282399 -0.0317032 2.56417 0.0278769 0.999541 -0.011834 -1.8196 0.0320228 0.0109395 0.999427 110.88
0.999174 -0.0283079 -0.0291382 2.5577 0.0279725 0.999538 -0.0118557 -1.82771 0.0294603 0.0110308 0.999505 111.383
0.99924 -0.0290755 -0.0259633 2.55344 0.0287982 0.999525 -0.0109922 -1.84019 0.0262706 0.0102362 0.999602 111.859
0.999344 -0.0290593 -0.0216047 2.54697 0.0288347 0.999528 -0.0106349 -1.85064 0.0219036 0.010005 0.99971 112.36
0.999496 -0.0277377 -0.0154544 2.5331 0.0275802 0.999566 -0.0103107 -1.86523 0.0157337 0.00987927 0.999827 112.926
0.999568 -0.0279136 -0.00922729 2.52915 0.027833 0.999574 -0.00874423 -1.8815 0.00946744 0.00848362 0.999919 113.528
0.999611 -0.0277257 -0.00287664 2.53608 0.0277029 0.999587 -0.00767852 -1.89087 0.00308834 0.00759585 0.999966 114.17
0.999645 -0.02621 0.00484736 2.53792 0.0262426 0.999633 -0.00677618 -1.90567 -0.00466797 0.00690098 0.999965 114.878
0.999567 -0.0268835 0.0119617 2.55104 0.0269535 0.99962 -0.0057352 -1.91629 -0.0118029 0.00605512 0.999912 115.535
0.999474 -0.0255825 0.0199283 2.57258 0.0256827 0.999659 -0.00478658 -1.93261 -0.019799 0.00529588 0.99979 116.386
0.999231 -0.0260373 0.0293009 2.60493 0.0261642 0.99965 -0.00395513 -1.94382 -0.0291877 0.00471873 0.999563 117.163
0.99894 -0.0252587 0.0384747 2.63458 0.025384 0.999674 -0.00277134 -1.94925 -0.0383921 0.00374505 0.999256 117.657
0.998452 -0.0275442 0.0483258 2.67367 0.0276128 0.999618 -0.000753153 -1.9566 -0.0482866 0.0020864 0.998831 118.134
0.997802 -0.0279577 0.0600816 2.70784 0.0279028 0.999609 0.00175211 -1.96317 -0.0601071 -7.18129e-05 0.998192 118.592
0.996927 -0.0296748 0.0724924 2.75714 0.0295755 0.99956 0.00244282 -1.96915 -0.072533 -0.000291318 0.997366 119.027
0.99559 -0.02605 0.0901252 2.78481 0.0259136 0.999661 0.00268446 -1.98077 -0.0901645 -0.000337158 0.995927 119.446
0.993602 -0.0238804 0.110386 2.83273 0.0237722 0.999715 0.00229636 -1.98282 -0.11041 0.000342467 0.993886 119.89
0.990834 -0.0237761 0.13298 2.89244 0.023659 0.999717 0.00246047 -1.98402 -0.133001 0.000708256 0.991116 120.337
0.987596 -0.0254657 0.154939 2.96899 0.025299 0.999675 0.00304851 -1.98866 -0.154966 0.000909104 0.987919 120.805
0.98405 -0.0266683 0.17588 3.05622 0.0262475 0.999644 0.00471901 -1.99346 -0.175943 -2.73444e-05 0.9844 121.254
0.979673 -0.0263652 0.198859 3.14121 0.0256251 0.999652 0.00629503 -1.99533 -0.198956 -0.00107128 0.980008 121.735
0.975149 -0.0294767 0.219582 3.264 0.0285203 0.999565 0.00752513 -1.99956 -0.219708 -0.00107559 0.975565 122.228
0.970571 -0.0341359 0.238385 3.3765 0.033125 0.999417 0.00824677 -2.00084 -0.238527 -0.000107583 0.971136 122.644
0.967176 -0.0441658 0.250239 3.53374 0.0435125 0.99902 0.00814537 -1.9998 -0.250353 0.00301051 0.96815 123.073
0.964551 -0.0517475 0.258772 3.66114 0.0512606 0.998648 0.00863362 -1.99955 -0.258869 0.00493725 0.9659 123.503
0.963522 -0.0590535 0.261034 3.7729 0.0586839 0.998234 0.0092172 -2.0024 -0.261118 0.00643756 0.965285 123.923
0.964503 -0.0645445 0.256061 3.88053 0.0644389 0.997883 0.00881172 -1.99862 -0.256088 0.00800135 0.96662 124.335
0.966927 -0.0667941 0.246153 3.96796 0.0668693 0.997729 0.0080628 -2.00082 -0.246133 0.00866394 0.969197 124.722
0.970589 -0.066012 0.231515 4.03839 0.0662053 0.997782 0.00694326 -2.00484 -0.23146 0.00858845 0.972807 125.108
0.975066 -0.0659008 0.211902 4.09329 0.0662083 0.99779 0.00565204 -2.00977 -0.211806 0.00851856 0.977275 125.476
0.979714 -0.0646586 0.189683 4.1372 0.065075 0.997872 0.0040387 -2.01475 -0.18954 0.00838685 0.981837 125.839
0.984275 -0.0645805 0.164412 4.18284 0.0650653 0.997878 0.00244114 -2.01895 -0.16422 0.00829473 0.986389 126.2
0.988258 -0.0647271 0.138404 4.20797 0.0650924 0.997877 0.00189061 -2.02472 -0.138233 0.00714065 0.990374 126.55
0.992058 -0.0667014 0.106639 4.24068 0.0668945 0.997758 0.00176869 -2.03346 -0.106517 0.00537889 0.994296 126.924
0.995199 -0.0642853 0.0737952 4.23373 0.0645035 0.997917 -0.000575245 -2.04132 -0.0736045 0.00533253 0.997273 127.31
0.997424 -0.0615453 0.0368543 4.22317 0.0617032 0.99809 -0.0031613 -2.05236 -0.0365893 0.00542719 0.999316 127.681
0.998498 -0.0547539 0.00169824 4.17643 0.0547627 0.998483 -0.00563994 -2.0609 -0.00138685 0.00572447 0.999983 128.061
0.998155 -0.0508976 -0.0330948 4.13567 0.0507022 0.998691 -0.00671686 -2.07039 0.0333934 0.00502649 0.99943 128.421
0.997036 -0.043599 -0.0633961 4.04319 0.0431564 0.999034 -0.00833373 -2.08299 0.0636982 0.00557308 0.997954 129.032
0.995204 -0.0384471 -0.0899462 3.93001 0.0377877 0.999245 -0.00902337 -2.10543 0.0902252 0.00558124 0.995906 129.795
0.993174 -0.0319277 -0.112189 3.78101 0.0310668 0.999473 -0.0094141 -2.12576 0.112431 0.00586448 0.993642 130.616
0.990925 -0.0269272 -0.131695 3.60681 0.0259512 0.999622 -0.00912241 -2.15216 0.131891 0.00562198 0.991248 131.547
0.988773 -0.0231682 -0.147616 3.41266 0.0219687 0.999711 -0.00975185 -2.17634 0.147799 0.00639945 0.988997 132.622
0.987244 -0.0188432 -0.158098 3.19674 0.0170902 0.999777 -0.0124402 -2.20253 0.158297 0.00957962 0.987345 133.694
0.986304 -0.0156476 -0.164192 2.95823 0.0133374 0.999796 -0.0151636 -2.23972 0.164395 0.012766 0.986312 134.965
0.9861 -0.0115104 -0.165756 2.76133 0.00891399 0.999826 -0.0163995 -2.26827 0.165916 0.0146939 0.98603 136.051
0.986514 -0.0056396 -0.16358 2.60492 0.0030613 0.999867 -0.0160095 -2.28927 0.163649 0.0152929 0.9864 136.938
0.987756 -0.00118723 -0.156004 2.46702 -0.00129653 0.999874 -0.0158184 -2.31076 0.156003 0.015827 0.98763 137.679
0.989345 0.00043443 -0.145593 2.33796 -0.00284383 0.999862 -0.0163412 -2.32517 0.145566 0.0165811 0.98921 138.583
0.99135 0.00494286 -0.131155 2.23481 -0.00729968 0.99982 -0.017495 -2.33982 0.131045 0.018301 0.991207 139.191
0.993225 0.00991111 -0.115787 2.16479 -0.0120868 0.999763 -0.0181037 -2.3516 0.11558 0.0193805 0.993109 139.716
0.994879 0.0125745 -0.100292 2.1137 -0.0142662 0.999768 -0.0161682 -2.36532 0.100065 0.0175162 0.994827 140.272
0.996394 0.0116716 -0.0840368 2.04661 -0.0131125 0.999776 -0.0166155 -2.38025 0.0838241 0.0176576 0.996324 141.108
0.997596 0.00974585 -0.0686141 2.00469 -0.0109589 0.99979 -0.0173258 -2.40575 0.0684309 0.0180361 0.997493 142.067
0.998536 0.00444076 -0.0539174 1.98971 -0.00548564 0.9998 -0.0192468 -2.42514 0.0538211 0.0195144 0.99836 142.951
0.999208 0.00617473 -0.0393067 1.95966 -0.00703247 0.999739 -0.0217211 -2.4405 0.0391623 0.0219803 0.998991 143.724
0.999651 0.0062621 -0.0256636 1.95248 -0.00687081 0.999696 -0.0236998 -2.45827 0.0255074 0.0238679 0.99939 144.357
0.999909 0.00260521 -0.013244 1.96086 -0.00293847 0.999678 -0.0252063 -2.46907 0.0131741 0.0252429 0.999595 144.905
1 0.000828848 -0.000122511 1.96573 -0.00083167 0.999682 -0.0251837 -2.49011 0.000101599 0.0251838 0.999683 145.518
0.999916 -0.000489467 0.0129346 1.96812 0.000812421 0.999688 -0.0249748 -2.50522 -0.0129184 0.0249832 0.999604 146.124
0.999733 -0.000980946 0.0230673 1.97994 0.00153407 0.999711 -0.0239733 -2.52403 -0.0230371 0.0240023 0.999446 146.683
0.999544 -0.00331131 0.0300293 2.00324 0.00397488 0.999749 -0.0220648 -2.54263 -0.0299486 0.0221741 0.999305 147.243
0.999374 -0.00776951 0.0345145 2.03174 0.00850875 0.999736 -0.0213232 -2.56073 -0.0343397 0.0216035 0.999177 147.839
0.999236 -0.00913192 0.0379979 2.05298 0.00991229 0.999743 -0.0203996 -2.57954 -0.0378018 0.0207607 0.99907 148.435
0.999143 -0.00876786 0.0404588 2.07054 0.00957969 0.999756 -0.0199155 -2.59709 -0.0402743 0.020286 0.998983 149.024
0.999121 -0.0102947 0.0406271 2.10518 0.0110739 0.999758 -0.0190015 -2.61439 -0.0404216 0.0194347 0.998994 149.648
0.999088 -0.00932662 0.0416609 2.12591 0.0100756 0.999791 -0.0178039 -2.63173 -0.0414861 0.0182074 0.998973 150.251
0.999006 -0.00784444 0.0438827 2.13637 0.00853735 0.999841 -0.015625 -2.64863 -0.0437532 0.0159841 0.998914 150.835
0.998967 -0.0082498 0.0446867 2.16031 0.00879119 0.99989 -0.0119322 -2.6663 -0.0445833 0.0123127 0.99893 151.409
0.99895 -0.0097122 0.0447826 2.18491 0.0101025 0.999913 -0.00849827 -2.67962 -0.0446961 0.00894176 0.998961 152.006
0.998921 -0.00843558 0.0456644 2.19616 0.00875478 0.999939 -0.00679469 -2.68901 -0.0456043 0.00718714 0.998934 152.637
0.998959 -0.0092095 0.0446783 2.22012 0.00953067 0.99993 -0.00698076 -2.70321 -0.0446109 0.00739931 0.998977 153.249
0.999036 -0.00924056 0.0429184 2.24852 0.00963148 0.999914 -0.00891056 -2.71872 -0.0428323 0.00931534 0.999039 153.879
0.99904 -0.0105696 0.0425079 2.27071 0.0110322 0.999882 -0.0106618 -2.73419 -0.0423902 0.0111205 0.999039 154.543
0.999063 -0.010819 0.0419095 2.31733 0.0113029 0.999872 -0.0113258 -2.76639 -0.0417816 0.0117889 0.999057 155.903
0.999097 -0.0113591 0.0409519 2.36813 0.011805 0.999873 -0.0106618 -2.80012 -0.0408256 0.0111356 0.999104 157.105
0.99908 -0.00882653 0.0419715 2.39543 0.00926421 0.999905 -0.0102451 -2.83269 -0.0418771 0.0106245 0.999066 158.375
0.99901 -0.007326 0.0438893 2.41723 0.00778362 0.999917 -0.0102649 -2.8479 -0.0438105 0.0105963 0.998984 158.972
0.998907 -0.00552635 0.0464227 2.58519 0.00601966 0.999927 -0.0104936 -2.94343 -0.0463613 0.0107615 0.998867 163.251
0.998763 -0.00267147 0.0496506 2.61388 0.00317393 0.999945 -0.0100438 -2.95541 -0.049621 0.010189 0.998716 163.828
0.9985 -0.00229368 0.0546999 2.68048 0.00279744 0.999954 -0.00913466 -2.98186 -0.0546764 0.00927398 0.998461 164.952
0.998014 -0.000257241 0.0629888 2.6967 0.000739768 0.999971 -0.00763731 -3.00082 -0.062985 0.00766874 0.997985 165.515
0.997414 0.00127634 0.0718605 2.73875 -0.000795155 0.999977 -0.00672436 -3.01397 -0.0718675 0.00664983 0.997392 166.117
0.996605 0.00254851 0.0822978 2.78666 -0.00207983 0.999981 -0.00578019 -3.02815 -0.082311 0.0055894 0.996591 166.702
0.995537 0.00212914 0.0943527 2.84021 -0.00159731 0.999982 -0.00571175 -3.03838 -0.0943632 0.00553554 0.995522 167.264
0.994093 0.00117128 0.108527 2.90883 -0.000587425 0.999985 -0.00541164 -3.049 -0.108532 0.00531592 0.994079 167.862
0.992294 0.00102506 0.123902 2.98631 -0.000289613 0.999982 -0.0059536 -3.05851 -0.123906 0.00587184 0.992277 168.452
0.989893 -0.00045002 0.141817 3.06436 0.00126097 0.999983 -0.00562849 -3.07384 -0.141812 0.00575042 0.989877 169.02
0.986992 -0.00031996 0.16077 3.14868 0.00135655 0.999979 -0.00633792 -3.08185 -0.160765 0.00647357 0.986971 169.594
0.983887 -0.00160078 0.178785 3.25192 0.00279497 0.999975 -0.00642781 -3.09673 -0.17877 0.00682394 0.983867 170.18
0.980632 -0.00488126 0.195796 3.36477 0.00602039 0.999968 -0.00522321 -3.11041 -0.195764 0.00630081 0.980631 170.759
0.978004 -0.00877392 0.208402 3.49646 0.00993257 0.99994 -0.00451383 -3.12019 -0.20835 0.00648451 0.978033 171.347
0.97578 -0.015356 0.218217 3.62782 0.0165707 0.999856 -0.00373756 -3.13152 -0.218128 0.00726304 0.975893 171.962
0.974941 -0.0191271 0.221641 3.77765 0.0204505 0.999784 -0.00367764 -3.14351 -0.221523 0.00811816 0.975121 172.629
0.974984 -0.0247629 0.220893 3.94088 0.02634 0.999644 -0.00419633 -3.15674 -0.22071 0.00990966 0.975289 173.352
0.976092 -0.0294348 0.215354 4.08455 0.0310565 0.999509 -0.00414966 -3.16656 -0.215126 0.0107386 0.976527 173.972
0.977937 -0.0334843 0.206198 4.25189 0.0351904 0.99937 -0.00461102 -3.18395 -0.205913 0.0117655 0.9785 174.773
0.980246 -0.0375637 0.194184 4.38062 0.0393581 0.999211 -0.00538964 -3.20053 -0.193828 0.0129259 0.98095 175.432
0.982465 -0.0402005 0.18206 4.50492 0.0420275 0.999097 -0.00618674 -3.21297 -0.181647 0.0137298 0.983268 176.117
0.984312 -0.0391065 0.17205 4.62826 0.0408167 0.999146 -0.00641253 -3.22879 -0.171653 0.0133344 0.985067 176.881
0.985778 -0.0403022 0.163151 4.76125 0.0417549 0.999113 -0.00548307 -3.24692 -0.162786 0.0122175 0.986586 177.692
0.987 -0.0429866 0.154863 4.87415 0.0442083 0.999012 -0.00445172 -3.2629 -0.154518 0.01124 0.987926 178.403
0.988288 -0.0434148 0.146293 4.96728 0.044517 0.999 -0.0042673 -3.28144 -0.145961 0.0107298 0.989232 179.02
0.98934 -0.0451565 0.138444 5.05445 0.0461579 0.998926 -0.00402937 -3.29767 -0.138114 0.0103767 0.990362 179.652
0.990398 -0.0442952 0.130954 5.12904 0.0451307 0.998975 -0.00341742 -3.31063 -0.130669 0.00929465 0.991383 180.278
0.991374 -0.0451462 0.123042 5.19636 0.0458833 0.998942 -0.00316251 -3.32082 -0.122769 0.0087808 0.992396 180.895
0.992344 -0.0438365 0.115459 5.26597 0.0444316 0.999009 -0.00258412 -3.3386 -0.115231 0.00769436 0.993309 181.553
0.99333 -0.0418461 0.107446 5.33833 0.0425276 0.999087 -0.00405832 -3.35708 -0.107178 0.00860067 0.994203 182.253
0.994079 -0.0448641 0.0989665 5.41309 0.0456316 0.998943 -0.00550488 -3.37185 -0.098615 0.00998829 0.995076 182.927
0.994685 -0.0447812 0.0927212 5.46314 0.0456548 0.99893 -0.00732168 -3.38704 -0.0922942 0.0115159 0.995665 183.626
0.995257 -0.0443538 0.0865798 5.51768 0.0451185 0.998958 -0.00689387 -3.40323 -0.0861838 0.0107675 0.996221 184.355
0.99572 -0.0424978 0.0820665 5.56258 0.0431798 0.999046 -0.00655318 -3.42035 -0.0817097 0.0100688 0.996605 185.047
0.99615 -0.0386281 0.0786932 5.59514 0.0393165 0.999201 -0.00721629 -3.43467 -0.0783516 0.0102825 0.996873 185.692
0.996365 -0.0396452 0.0754046 5.6411 0.040396 0.999148 -0.00845727 -3.44953 -0.0750051 0.0114726 0.997117 186.286
0.996529 -0.0369685 0.0745895 5.66425 0.0377341 0.999248 -0.00888061 -3.46601 -0.0742051 0.0116643 0.997175 186.81
0.996618 -0.0368709 0.0734333 5.7006 0.0377544 0.99923 -0.0106797 -3.47749 -0.0729829 0.013416 0.997243 187.285
0.996682 -0.0385988 0.0716652 5.75155 0.0395659 0.999143 -0.0121247 -3.48339 -0.0711358 0.01492 0.997355 187.743
0.996614 -0.0363103 0.0737742 5.76899 0.0372834 0.999234 -0.0118558 -3.50398 -0.0732872 0.0145662 0.997204 188.154
0.996291 -0.0305487 0.0804379 5.76572 0.0315992 0.999431 -0.0118192 -3.52573 -0.0800311 0.0143171 0.99669 188.554
0.995823 -0.0248349 0.0878649 5.78036 0.0260053 0.999587 -0.0122002 -3.53937 -0.0875256 0.0144341 0.996058 188.946
0.995169 -0.0211998 0.0958599 5.81312 0.0228053 0.999617 -0.0156846 -3.55087 -0.0954907 0.0177949 0.995271 189.335
0.99414 -0.0144633 0.107129 5.83648 0.0166409 0.999672 -0.0194614 -3.56618 -0.106812 0.02113 0.994055 189.711
0.992533 -0.00650437 0.121804 5.85983 0.00958857 0.999648 -0.024752 -3.57853 -0.1216 0.0257351 0.992245 190.057
0.990218 -0.00167042 0.139519 5.90103 0.00574639 0.999568 -0.0288166 -3.58421 -0.139411 0.0293365 0.9898 190.39
0.98675 0.00649585 0.162115 5.92914 -0.00173949 0.999564 -0.0294641 -3.59587 -0.162236 0.0287918 0.986332 190.713
0.982464 0.00641 0.186341 5.98616 -0.000870724 0.999556 -0.0297933 -3.60362 -0.186449 0.0291086 0.982033 191.017
0.977262 0.00105401 0.212032 6.06907 0.00491126 0.999607 -0.0276052 -3.61326 -0.211978 0.0280188 0.976873 191.322
0.97111 -0.00722499 0.238524 6.17392 0.0140566 0.999538 -0.0269525 -3.62619 -0.238219 0.0295267 0.970762 191.619
0.96422 -0.0130122 0.264785 6.3066 0.0206326 0.999449 -0.0260188 -3.6373 -0.264301 0.030551 0.963956 191.901
0.95423 -0.00681457 0.298995 6.39723 0.0148128 0.99959 -0.0244922 -3.6533 -0.298706 0.0278002 0.95394 192.2
0.940835 0.0127993 0.338623 6.44812 -0.00370356 0.999615 -0.0274933 -3.66123 -0.338845 0.0246126 0.94052 192.483
0.926586 0.0231188 0.375371 6.54966 -0.01281 0.99947 -0.0299357 -3.67383 -0.375864 0.0229295 0.926391 192.781
0.912505 0.0237726 0.408374 6.7036 -0.011042 0.999378 -0.0335034 -3.68814 -0.408916 0.0260627 0.9122 193.059
0.896354 0.0142627 0.44311 6.87678 0.00173072 0.999362 -0.0356681 -3.70643 -0.443336 0.0327381 0.895757 193.313
0.876721 0.00665399 0.480954 7.06926 0.0140122 0.999127 -0.0393654 -3.72191 -0.480796 0.0412516 0.875862 193.576
0.85255 0.00785999 0.522587 7.29559 0.0142702 0.999164 -0.0383084 -3.73905 -0.522452 0.0401172 0.851725 193.913
0.82462 0.0160779 0.565458 7.49788 0.00391047 0.99941 -0.0341193 -3.74744 -0.565673 0.0303467 0.824071 194.221
0.795023 0.0189584 0.606283 7.72865 -0.00387233 0.99965 -0.0261811 -3.75945 -0.606567 0.0184668 0.794818 194.51
0.764053 0.0194141 0.644862 7.97761 -0.00668862 0.999732 -0.0221729 -3.77014 -0.645119 0.012628 0.763978 194.756
0.727615 0.0174203 0.685765 8.25636 -0.00768691 0.999822 -0.0172423 -3.79298 -0.685943 0.0072743 0.727619 195.04
0.689502 0.0154801 0.724118 8.5579 -0.00484667 0.999848 -0.0167596 -3.81302 -0.724267 0.00804624 0.689472 195.287
0.647654 0.0173827 0.761736 8.86974 -0.000960183 0.999758 -0.0219979 -3.82204 -0.761934 0.0135156 0.647514 195.503
0.604292 0.021099 0.796483 9.1761 0.00302299 0.999581 -0.0287726 -3.82961 -0.796757 0.0197948 0.603976 195.675
0.558567 0.0229729 0.829142 9.47578 0.00857355 0.999403 -0.0334661 -3.83593 -0.829415 0.0258017 0.558036 195.826
0.51131 0.0214009 0.85913 9.78987 0.00978249 0.99948 -0.0307191 -3.85431 -0.859341 0.0241114 0.510835 195.968
0.463421 0.0180093 0.885955 10.1032 0.0129407 0.999549 -0.0270874 -3.86657 -0.886044 0.0240178 0.462979 196.09
0.415971 0.01543 0.909247 10.482 0.0251973 0.999277 -0.0284852 -3.87904 -0.909029 0.0347596 0.415281 196.193
0.366129 0.0184596 0.930381 10.8885 0.0299533 0.999051 -0.0316095 -3.89821 -0.930082 0.0394412 0.365229 196.321
0.320372 0.01992 0.947082 11.2498 0.0351333 0.998841 -0.0328932 -3.90861 -0.94664 0.0438122 0.319301 196.41
0.279692 0.0205646 0.95987 11.651 0.0360643 0.99884 -0.0319081 -3.91957 -0.959412 0.0435414 0.278626 196.496
0.241929 0.0202896 0.970082 12.0517 0.0306753 0.999122 -0.0285471 -3.93523 -0.969809 0.0366639 0.241094 196.584
0.212097 0.0172938 0.977096 12.504 0.0357329 0.999038 -0.0254386 -3.95048 -0.976595 0.0403099 0.211275 196.639
0.185193 0.0127292 0.98262 13.0178 0.0459451 0.99871 -0.0215969 -3.96694 -0.981627 0.0491462 0.18437 196.684
0.160377 0.011518 0.986989 13.4797 0.0482162 0.998647 -0.0194887 -3.98196 -0.985877 0.0507144 0.159605 196.74
0.138904 0.0145543 0.990199 13.9594 0.0445477 0.998788 -0.0209296 -3.9963 -0.989303 0.0470183 0.138087 196.815
0.121909 0.0171696 0.992393 14.3877 0.0443406 0.998758 -0.0227267 -4.00172 -0.99155 0.0467738 0.120997 196.858
0.106593 0.0137464 0.994208 14.8216 0.0462848 0.998752 -0.0187716 -4.01112 -0.993225 0.0480176 0.105824 196.89
0.0950706 0.0100679 0.99542 15.2998 0.0526776 0.998497 -0.0151301 -4.0234 -0.994076 0.0538747 0.0943974 196.897
0.0804113 0.00808305 0.996729 15.7519 0.0594608 0.998147 -0.0128916 -4.03501 -0.994987 0.0603029 0.0797817 196.912
0.0622003 0.0072783 0.998037 16.2291 0.0607288 0.998093 -0.0110635 -4.05073 -0.996214 0.0612978 0.0616396 196.948
0.0458032 0.00572049 0.998934 16.7437 0.0635968 0.997938 -0.00863083 -4.0566 -0.996924 0.0639244 0.0453449 196.962
0.0298944 0.0062081 0.999534 17.2609 0.0644995 0.997885 -0.00812693 -4.06029 -0.99747 0.0647124 0.0294307 196.966
0.0140799 0.00707171 0.999876 17.8098 0.063355 0.997959 -0.0079503 -4.07016 -0.997892 0.0634591 0.0136032 196.963
-0.00155531 0.00797632 0.999967 18.3645 0.0621347 0.998037 -0.00786429 -4.07921 -0.998067 0.0621204 -0.00204786 196.958
-0.014988 0.0117606 0.999819 18.9316 0.065937 0.997766 -0.010748 -4.08124 -0.997711 0.0657639 -0.0157299 196.942
-0.026225 0.0173961 0.999505 19.5184 0.0676267 0.997589 -0.0155884 -4.09223 -0.997366 0.0671844 -0.0273382 196.924
-0.0371981 0.0202797 0.999102 20.0347 0.0644236 0.997763 -0.017854 -4.1014 -0.997229 0.0637017 -0.0384214 196.913
-0.0450574 0.0218224 0.998746 20.5584 0.0609613 0.997958 -0.0190549 -4.1087 -0.997123 0.0600263 -0.0462957 196.899
-0.0522562 0.0216593 0.998399 21.0775 0.0590004 0.998085 -0.0185644 -4.11927 -0.996889 0.0579358 -0.053434 196.888
-0.0545561 0.0200392 0.99831 21.6099 0.0590259 0.998115 -0.0168096 -4.1321 -0.996765 0.058009 -0.055636 196.859
-0.0538416 0.0200736 0.998348 22.1775 0.0593845 0.998093 -0.0168658 -4.14102 -0.996782 0.0583783 -0.054931 196.82
-0.0518741 0.0204986 0.998443 22.7631 0.0624966 0.997896 -0.0172403 -4.15018 -0.996696 0.061505 -0.0530461 196.777
-0.0512204 0.019066 0.998505 23.3218 0.064245 0.99781 -0.0157572 -4.16045 -0.996619 0.0633419 -0.0523331 196.755
-0.0508551 0.0165647 0.998569 23.8853 0.0656949 0.997752 -0.0132054 -4.17457 -0.996543 0.0649293 -0.051829 196.731
-0.0489589 0.015256 0.998684 24.4891 0.0647188 0.997831 -0.0120703 -4.19245 -0.996702 0.0640428 -0.04984 196.699
-0.0449419 0.0152823 0.998873 25.0822 0.0705695 0.997434 -0.0120851 -4.20629 -0.996494 0.0699468 -0.0459051 196.651
-0.0430084 0.0158223 0.998949 25.683 0.0715568 0.997355 -0.0127163 -4.20901 -0.996509 0.0709347 -0.0440268 196.631
-0.0411334 0.0156607 0.999031 26.2689 0.0742817 0.997158 -0.0125729 -4.22473 -0.996389 0.0736925 -0.0421798 196.602
-0.0397498 0.0158839 0.999083 26.8745 0.0691543 0.99752 -0.0131077 -4.24006 -0.996814 0.0685699 -0.0407496 196.591
-0.0379196 0.0167205 0.999141 27.4618 0.0738595 0.997172 -0.0138844 -4.25459 -0.996547 0.0732695 -0.0390473 196.565
-0.0359863 0.0179958 0.99919 28.0843 0.074343 0.997116 -0.015281 -4.26627 -0.996583 0.0737329 -0.0372204 196.554
-0.0327398 0.0186702 0.99929 28.6974 0.0771367 0.996891 -0.0160981 -4.28266 -0.996483 0.0765548 -0.0340781 196.537
-0.0265571 0.0191293 0.999464 29.3325 0.0814738 0.996532 -0.0169083 -4.29462 -0.996322 0.0809811 -0.0280235 196.503
-0.0218997 0.0190495 0.999579 29.9709 0.0845302 0.996274 -0.0171346 -4.30974 -0.99618 0.0841193 -0.0234284 196.489
-0.0179589 0.0186926 0.999664 30.6375 0.0841045 0.99631 -0.0171189 -4.33239 -0.996295 0.0837688 -0.0194648 196.482
-0.0161522 0.0184335 0.9997 31.3041 0.0822259 0.996468 -0.0170454 -4.35797 -0.996483 0.0819259 -0.0176109 196.489
-0.0154271 0.0165003 0.999745 31.9384 0.0761906 0.996976 -0.0152789 -4.37856 -0.996974 0.0759355 -0.0166377 196.494
-0.0173632 0.0134718 0.999758 32.6183 0.0730684 0.997253 -0.012169 -4.39574 -0.997176 0.0728395 -0.0182998 196.5
-0.0205531 0.0105846 0.999733 33.348 0.0705636 0.997466 -0.00910988 -4.41219 -0.997296 0.0703575 -0.0212478 196.51
-0.0240064 0.00789889 0.999681 34.1268 0.0634448 0.997965 -0.00636176 -4.42035 -0.997697 0.0632718 -0.0244587 196.519
-0.0274755 0.00527841 0.999609 34.9519 0.0551051 0.998473 -0.00375778 -4.43746 -0.998102 0.0549803 -0.0277244 196.515
-0.0308607 0.00410368 0.999515 35.8694 0.049482 0.998772 -0.00257284 -4.45447 -0.998298 0.0493786 -0.0310258 196.497
-0.0350912 0.00594246 0.999366 36.8787 0.0438858 0.999027 -0.00439946 -4.475 -0.99842 0.0437036 -0.0353178 196.488
-0.0385447 0.00861389 0.99922 37.8637 0.0431058 0.999046 -0.0069496 -4.49116 -0.998327 0.0428043 -0.0388792 196.45
-0.0419524 0.0126651 0.999039 38.7408 0.0413368 0.999085 -0.0109299 -4.50572 -0.998264 0.0408386 -0.0424376 196.435
-0.0443127 0.0168341 0.998876 39.6318 0.0344787 0.999288 -0.0153114 -4.5353 -0.998423 0.0337614 -0.0448615 196.417
-0.0481705 0.0187663 0.998663 40.52 0.0295768 0.999412 -0.0173537 -4.55712 -0.998401 0.0287013 -0.0486972 196.404
-0.0480407 0.0182786 0.998678 41.2952 0.0325279 0.999331 -0.0167259 -4.57668 -0.998316 0.0316814 -0.0486031 196.361
-0.0503197 0.0156715 0.99861 42.0357 0.0301098 0.999446 -0.0141674 -4.59867 -0.998279 0.029355 -0.0507637 196.34
-0.0508746 0.0165761 0.998567 42.8387 0.0287482 0.999472 -0.0151265 -4.61765 -0.998291 0.0279375 -0.0513243 196.31
-0.0500316 0.0149506 0.998636 43.7086 0.0267356 0.99955 -0.0136248 -4.64136 -0.99839 0.0260174 -0.0504088 196.274
-0.0495574 0.0126152 0.998692 44.5649 0.0340553 0.99936 -0.0109338 -4.67223 -0.998191 0.0334689 -0.0499553 196.215
-0.049593 0.00948458 0.998724 45.3624 0.0367906 0.999294 -0.0076631 -4.69633 -0.998092 0.0363637 -0.0499069 196.177
-0.0505385 0.0108342 0.998663 46.0586 0.0374427 0.999259 -0.00894583 -4.71102 -0.99802 0.0369406 -0.0509067 196.152
-0.0501416 0.014541 0.998636 46.8768 0.0372545 0.999225 -0.012679 -4.72804 -0.998047 0.036568 -0.0506444 196.117
-0.0482333 0.0198163 0.99864 47.588 0.0404411 0.999022 -0.0178707 -4.75033 -0.998017 0.0395241 -0.0489875 196.066
-0.0483772 0.0218479 0.99859 48.2953 0.0450673 0.99879 -0.019669 -4.77026 -0.997812 0.0440523 -0.0493033 196.036
-0.0509814 0.0197063 0.998505 48.9353 0.0442824 0.998867 -0.0174525 -4.78205 -0.997717 0.0433265 -0.0517963 196.034
-0.0530723 0.0169972 0.998446 49.6278 0.0446094 0.998897 -0.0146336 -4.80044 -0.997594 0.0437634 -0.053772 196.015
-0.0556266 0.0179564 0.99829 50.3606 0.0390666 0.999112 -0.0157943 -4.80529 -0.997687 0.0381213 -0.0562787 196.012
-0.0562027 0.0217827 0.998182 51.1566 0.0408198 0.998976 -0.0195017 -4.82969 -0.997585 0.0396496 -0.0570343 195.975
-0.058037 0.0251545 0.997997 51.8564 0.0410077 0.998899 -0.0227925 -4.85176 -0.997472 0.0396027 -0.0590047 195.952
-0.0598708 0.023704 0.997925 52.5687 0.0392414 0.999001 -0.0213753 -4.88029 -0.997435 0.0378802 -0.0607412 195.924
-0.0642895 0.0205009 0.997721 53.2521 0.0334146 0.999273 -0.0183797 -4.90459 -0.997372 0.0321568 -0.0649277 195.915
-0.0650918 0.0188537 0.997701 54.0725 0.032024 0.999346 -0.0167955 -4.92284 -0.997365 0.0308572 -0.065653 195.862
-0.0680129 0.0189459 0.997505 54.8468 0.0273916 0.999478 -0.0171158 -4.94397 -0.997308 0.0261592 -0.0684963 195.842
-0.0689384 0.0191752 0.997437 55.5161 0.0276081 0.999469 -0.0173061 -4.96686 -0.997239 0.0263443 -0.0694312 195.803
-0.0694752 0.0202472 0.997378 56.2621 0.0263915 0.999481 -0.0184515 -4.98404 -0.997235 0.0250404 -0.0699735 195.761
-0.0709209 0.0212158 0.997256 56.9703 0.0239248 0.999522 -0.0195625 -5.00684 -0.997195 0.0224718 -0.0713946 195.73
-0.072963 0.0225699 0.997079 57.7005 0.0164238 0.999636 -0.0214259 -5.02713 -0.997199 0.0148125 -0.0733071 195.715
