1 0 0 0 0 1 0 0 0 0 1 0
0.99996 0.000677723 0.00891726 -0.00499547 -0.000676547 1 -0.000134894 -0.00568434 -0.00891735 0.000128855 0.99996 0.436704
0.999893 -0.000541791 0.0145953 0.0084892 0.000546259 1 -0.000302134 -0.00814233 -0.0145951 0.000310075 0.999893 0.88214
0.99983 -0.00263885 0.0182386 0.0262202 0.00264647 0.999996 -0.000393887 -0.00863353 -0.0182375 0.000442088 0.999834 1.32471
0.999768 -0.0024423 0.0213942 0.0326585 0.00244794 0.999997 -0.000237388 -0.0108836 -0.0213935 0.000289704 0.999771 1.79823
0.999742 -0.00244401 0.0225624 0.0480019 0.00244345 0.999997 5.24305e-05 -0.00859654 -0.0225624 2.713e-06 0.999745 2.28102
0.999718 -0.00303734 0.0235526 0.064347 0.00303116 0.999995 0.00029827 -0.0113269 -0.0235534 -0.000226794 0.999723 2.77631
0.999697 -0.00167815 0.0245763 0.0751398 0.00166248 0.999998 0.00065836 -0.018863 -0.0245774 -0.000617303 0.999698 3.26241
0.99971 -0.00409105 0.0237453 0.101193 0.0040817 0.999992 0.000442532 -0.0187632 -0.0237469 -0.000345483 0.999718 3.77263
0.999655 -0.00464203 0.0258345 0.0987875 0.00463263 0.999989 0.000423475 -0.0207887 -0.0258362 -0.000303647 0.999666 4.30441
0.999667 -0.0094107 0.0240157 0.132174 0.00939057 0.999955 0.000950518 -0.0194506 -0.0240236 -0.000724681 0.999711 4.84204
0.999648 -0.00926735 0.0248588 0.133052 0.00924014 0.999957 0.00120912 -0.0199789 -0.024869 -0.000979 0.99969 5.38586
0.999672 -0.00773798 0.0244057 0.136396 0.00770218 0.999969 0.0015606 -0.0218587 -0.024417 -0.00137211 0.999701 5.94774
0.999701 -0.00725067 0.0233427 0.143184 0.00720217 0.999972 0.00216106 -0.0286898 -0.0233577 -0.0019923 0.999725 6.52046
0.999716 -0.00596694 0.0230854 0.143504 0.00592138 0.99998 0.00204166 -0.0308156 -0.0230971 -0.00190438 0.999731 7.10801
0.999732 -0.00555378 0.0224751 0.149089 0.00552308 0.999984 0.00142784 -0.0335368 -0.0224826 -0.00130333 0.999746 7.69743
0.999769 -0.000738258 0.0215016 0.154324 0.000771152 0.999999 -0.00152161 -0.0357299 -0.0215004 0.00153784 0.999768 8.30055
0.999773 0.00414605 0.0209097 0.15643 -0.00409069 0.999988 -0.00268973 -0.0416546 -0.0209206 0.00260358 0.999778 8.88345
0.999771 0.00596202 0.0205707 0.158643 -0.00590306 0.999978 -0.0029256 -0.045558 -0.0205877 0.0028035 0.999784 9.47483
0.999763 0.00871135 0.0199632 0.160982 -0.0086977 0.999962 -0.00077032 -0.0525748 -0.0199692 0.000596503 0.9998 10.0659
0.999715 0.0131218 0.0199629 0.155852 -0.0131073 0.999914 -0.00085994 -0.0539695 -0.0199724 0.000598036 0.9998 10.66
0.999679 0.0163158 0.0193903 0.153482 -0.0162936 0.999866 -0.00129974 -0.0586682 -0.0194089 0.000983383 0.999811 11.2595
0.999654 0.0189297 0.0182468 0.152951 -0.0189015 0.99982 -0.00171656 -0.0659143 -0.0182761 0.00137107 0.999832 11.8495
0.999727 0.0164556 0.0165811 0.164048 -0.01642 0.999863 -0.00228293 -0.0755109 -0.0166164 0.00201004 0.99986 12.4449
0.999631 0.0211841 0.0170008 0.152099 -0.0211355 0.999772 -0.00303338 -0.0799789 -0.0170611 0.00267294 0.999851 13.0328
0.999728 0.0169429 0.0159975 0.161194 -0.0169139 0.999855 -0.0019483 -0.0883211 -0.0160282 0.00167719 0.99987 13.6317
0.999793 0.0137022 0.0150106 0.165936 -0.0137054 0.999906 0.000113811 -0.0949843 -0.0150076 -0.000319514 0.999887 14.2173
0.999823 0.0129235 0.0136474 0.171391 -0.0129411 0.999916 0.00120414 -0.100926 -0.0136307 -0.00138054 0.999906 14.8185
0.999893 0.00904174 0.0115098 0.184837 -0.00906043 0.999958 0.00157288 -0.10617 -0.0114951 -0.001677 0.999933 15.4453
0.999919 0.00672523 0.010813 0.188148 -0.00676186 0.999972 0.00335428 -0.112546 -0.0107901 -0.00342712 0.999936 16.0575
0.999934 0.0052099 0.0102786 0.19271 -0.00526801 0.99997 0.00563516 -0.119646 -0.0102489 -0.00568893 0.999931 16.6824
0.999949 0.0038517 0.00932165 0.199207 -0.0039211 0.999965 0.00743827 -0.126958 -0.00929267 -0.00747444 0.999929 17.298
0.999963 0.00292883 0.00811987 0.200593 -0.00299216 0.999965 0.00779841 -0.130455 -0.00809675 -0.00782241 0.999937 17.9158
0.999971 -0.000349129 0.00765019 0.198092 0.000285129 0.999965 0.00836526 -0.134214 -0.00765284 -0.00836284 0.999936 18.5244
0.999966 -0.00337375 0.00748226 0.192073 0.0032946 0.999939 0.0105647 -0.137394 -0.00751745 -0.0105397 0.999916 19.1363
0.999958 -0.00641594 0.00656675 0.188288 0.0063417 0.999916 0.0112638 -0.140464 -0.00663847 -0.0112217 0.999915 19.7799
0.999943 -0.0096931 0.00454403 0.196398 0.00964572 0.9999 0.0103343 -0.141935 -0.00464375 -0.0102899 0.999936 20.4384
0.999881 -0.0152074 0.00244157 0.198021 0.0151872 0.999852 0.00806532 -0.144651 -0.00256386 -0.00802728 0.999964 21.0786
0.999882 -0.0153163 0.00116975 0.186154 0.0153091 0.999865 0.00591008 -0.147416 -0.00126011 -0.00589148 0.999982 21.7322
0.99993 -0.0118286 0.000727551 0.162648 0.0118245 0.999915 0.00543263 -0.154269 -0.00079175 -0.00542365 0.999985 22.3866
0.999955 -0.00941354 -0.0011478 0.153126 0.00941972 0.999941 0.00549475 -0.15962 0.00109601 -0.00550531 0.999984 23.0373
0.999942 -0.0101211 -0.00363495 0.151376 0.0101393 0.999936 0.00503495 -0.159108 0.00358375 -0.00507151 0.999981 23.735
0.999941 -0.00927662 -0.00558118 0.142105 0.0093053 0.999944 0.00513505 -0.167668 0.00553323 -0.00518668 0.999971 24.4001
0.999939 -0.00821397 -0.00734915 0.134188 0.00824605 0.999957 0.00434574 -0.176875 0.00731313 -0.00440608 0.999964 25.0416
0.99994 -0.00678218 -0.00863764 0.118049 0.00680085 0.999975 0.00213361 -0.183891 0.00862295 -0.00219222 0.99996 25.7269
0.999952 -0.0031707 -0.00930789 0.09747 0.00316063 0.999994 -0.00109677 -0.191125 0.00931132 0.0010673 0.999956 26.3774
0.999939 -0.00287729 -0.0106245 0.0892354 0.00283474 0.999988 -0.00401705 -0.202225 0.0106359 0.00398669 0.999935 27.0312
0.999932 -0.00223918 -0.0114699 0.0825584 0.00217143 0.99998 -0.00591593 -0.213439 0.0114829 0.00589062 0.999917 27.616
0.999941 -0.00251835 -0.0105255 0.0691888 0.00243853 0.999968 -0.00758955 -0.225804 0.0105443 0.00756344 0.999916 28.2378
0.999954 -0.00268585 -0.0092194 0.0563239 0.00261097 0.999964 -0.00812403 -0.237868 0.00924089 0.00809958 0.999924 28.8408
0.999959 -0.00359118 -0.00834779 0.0551178 0.00351638 0.999954 -0.00895692 -0.245493 0.00837957 0.00892719 0.999925 29.4782
0.999977 -0.00238247 -0.00629025 0.0377487 0.00232585 0.999957 -0.00899411 -0.259419 0.0063114 0.00897928 0.99994 30.0975
0.999988 -0.000585094 -0.00476682 0.025935 0.000544563 0.999964 -0.00849964 -0.271948 0.00477162 0.00849694 0.999953 30.7012
0.999995 6.78326e-05 -0.00311064 0.0179104 -9.27405e-05 0.999968 -0.00800789 -0.284879 0.00311 0.00800814 0.999963 31.3298
0.999996 -0.00183267 -0.00222949 0.0166819 0.00181445 0.999965 -0.00814639 -0.300048 0.00224434 0.00814231 0.999964 31.9477
1 -0.00013604 -0.000386704 0.00759112 0.000132689 0.999963 -0.00865292 -0.307556 0.000387867 0.00865287 0.999962 32.5625
0.999999 -0.00147281 0.000606112 0.0105567 0.001478 0.999961 -0.00864961 -0.317166 -0.00059335 0.00865049 0.999962 33.1653
0.99999 0.00261269 0.0036746 -0.0113091 -0.00258695 0.999972 -0.00699249 -0.330591 -0.00369277 0.00698291 0.999969 33.767
0.999977 0.0034426 0.0058267 -0.0189683 -0.00341244 0.999981 -0.00517805 -0.344982 -0.00584442 0.00515805 0.99997 34.3756
0.999965 0.0034891 0.00764254 -0.0208832 -0.00345699 0.999985 -0.00420986 -0.352133 -0.00765711 0.00418329 0.999962 34.9669
0.999911 0.00729664 0.0111713 -0.03753 -0.00723849 0.99996 -0.00523697 -0.359936 -0.0112091 0.00515564 0.999924 35.5753
0.999893 0.0079938 0.0122607 -0.0305667 -0.00791466 0.999948 -0.00649049 -0.37617 -0.012312 0.00639276 0.999904 36.1994
0.999855 0.00878596 0.0145673 -0.030761 -0.00866793 0.999929 -0.00814577 -0.384213 -0.0146378 0.00801832 0.999861 36.7864
0.99979 0.0106585 0.0174778 -0.0358387 -0.0105082 0.999907 -0.00866546 -0.395029 -0.0175686 0.00847998 0.99981 37.3784
0.9997 0.0137273 0.0203093 -0.0391084 -0.0135786 0.99988 -0.00744052 -0.407273 -0.020409 0.00716251 0.999766 37.9912
0.999616 0.0152621 0.0231206 -0.0376595 -0.0151213 0.999866 -0.00625286 -0.420701 -0.0232129 0.00590085 0.999713 38.6304
0.999575 0.0145252 0.0252577 -0.0270201 -0.0143799 0.999879 -0.00592405 -0.43027 -0.0253407 0.00555833 0.999663 39.2683
0.999453 0.0182738 0.0275619 -0.0202421 -0.0181021 0.999815 -0.00646573 -0.439643 -0.027675 0.00596327 0.999599 39.9076
0.999336 0.0207894 0.0299167 -0.012985 -0.0206052 0.999767 -0.00645464 -0.448038 -0.030044 0.00583392 0.999532 40.5705
0.999237 0.0222897 0.0320632 -0.00616087 -0.0221454 0.999743 -0.00484735 -0.462611 -0.032163 0.0041336 0.999474 41.2038
0.999197 0.0211101 0.0340422 0.00598813 -0.0210045 0.999773 -0.00345913 -0.472667 -0.0341075 0.00274132 0.999414 41.868
0.999236 0.0170107 0.0351875 0.025909 -0.0168469 0.999846 -0.00494704 -0.481388 -0.0352662 0.00435046 0.999368 42.5606
0.999199 0.0181436 0.0356798 0.0399626 -0.0177539 0.99978 -0.0112096 -0.494373 -0.0358753 0.0105671 0.9993 43.2312
0.999248 0.0180154 0.0343432 0.0599755 -0.0173135 0.999637 -0.0206272 -0.50272 -0.0347023 0.0200171 0.999197 43.8796
0.999257 0.0180541 0.0340396 0.0677783 -0.0171416 0.999491 -0.0269084 -0.515517 -0.0345081 0.0263049 0.999058 44.4837
0.999331 0.0147004 0.033495 0.0874721 -0.0138701 0.999594 -0.0248883 -0.533822 -0.0338472 0.0244071 0.999129 45.0569
0.999221 0.0204306 0.0337732 0.101136 -0.0198723 0.999662 -0.0167862 -0.553468 -0.0341047 0.016102 0.999289 45.6543
0.999062 0.0257576 0.0348219 0.105271 -0.0254847 0.999641 -0.00825948 -0.569455 -0.0350222 0.0073643 0.999359 46.2725
0.998922 0.0301473 0.03531 0.109823 -0.0300573 0.999543 -0.00307594 -0.578749 -0.0353866 0.0020113 0.999372 46.9312
0.998917 0.0307102 0.0349448 0.128191 -0.0307107 0.999528 -0.000521424 -0.593708 -0.0349443 -0.00055232 0.999389 47.633
0.999062 0.0272566 0.0336379 0.158374 -0.0272135 0.999628 -0.00173653 -0.609408 -0.0336727 0.000819493 0.999433 48.3928
0.999174 0.024426 0.0324896 0.181936 -0.0242635 0.999691 -0.0053885 -0.621652 -0.0326112 0.00459573 0.999458 49.0985
0.999315 0.0218433 0.0298832 0.214914 -0.0215858 0.999727 -0.00891325 -0.634043 -0.0300697 0.00826209 0.999514 49.8028
0.999355 0.022779 0.0277747 0.243325 -0.0225016 0.999694 -0.0102581 -0.644141 -0.0279999 0.00962647 0.999562 50.5078
0.999425 0.0214557 0.0262709 0.259205 -0.0211979 0.999725 -0.0100507 -0.658429 -0.0264794 0.00948805 0.999604 51.194
0.999464 0.0209384 0.0251719 0.272662 -0.0207244 0.999747 -0.00873325 -0.675149 -0.0253484 0.0082069 0.999645 51.8936
0.999487 0.0210004 0.0241902 0.284043 -0.0208021 0.999748 -0.00841894 -0.689409 -0.0243609 0.00791141 0.999672 52.5674
0.999488 0.0214514 0.0237396 0.291258 -0.0212744 0.999744 -0.00768076 -0.702443 -0.0238983 0.00717178 0.999689 53.2482
0.999489 0.0219762 0.023212 0.300903 -0.0218025 0.999733 -0.00771203 -0.715912 -0.0233752 0.00720201 0.999701 53.9371
0.999464 0.0235207 0.0227825 0.306802 -0.0233331 0.999692 -0.00846478 -0.728941 -0.0229746 0.00792865 0.999705 54.5946
0.999433 0.0251755 0.0223672 0.31513 -0.0249742 0.999645 -0.00923303 -0.742889 -0.0225917 0.00866919 0.999707 55.2578
0.999391 0.0269662 0.0221243 0.319423 -0.0267559 0.999594 -0.00974891 -0.751775 -0.0223782 0.00915102 0.999708 55.9326
0.999405 0.0270678 0.0213621 0.334246 -0.0268836 0.999599 -0.00886146 -0.761418 -0.0215934 0.0082819 0.999733 56.5935
0.99948 0.0253309 0.0199453 0.358189 -0.0251649 0.999647 -0.00852618 -0.776154 -0.0201542 0.00801982 0.999765 57.2809
0.999418 0.0275209 0.0201769 0.369447 -0.0273298 0.99958 -0.00968566 -0.790359 -0.020435 0.00912859 0.99975 57.9897
0.999441 0.0266512 0.020163 0.387506 -0.0264113 0.999578 -0.0120725 -0.806513 -0.0204763 0.0115332 0.999724 58.7337
0.999464 0.0259178 0.0199856 0.407022 -0.0256295 0.999566 -0.01455 -0.819909 -0.020354 0.01403 0.999694 59.4587
0.999477 0.0255478 0.0198185 0.431396 -0.0252299 0.999552 -0.0161285 -0.829341 -0.0202217 0.0156201 0.999673 60.1712
0.999453 0.0260764 0.0203549 0.442505 -0.025737 0.999528 -0.0167637 -0.845954 -0.0207824 0.0162306 0.999652 60.8623
0.99949 0.0246558 0.0202725 0.459367 -0.0243043 0.999553 -0.0174064 -0.864033 -0.0206926 0.0169048 0.999643 61.5762
0.999505 0.0239205 0.0204159 0.469874 -0.0235435 0.999551 -0.0185112 -0.883729 -0.0208496 0.0180214 0.99962 62.279
0.999522 0.0233715 0.0202406 0.484138 -0.0229707 0.99954 -0.0198123 -0.902865 -0.0206943 0.0193379 0.999599 62.9892
0.999544 0.0225216 0.0201315 0.493859 -0.0221047 0.999541 -0.0206961 -0.923961 -0.0205884 0.0202417 0.999583 63.6559
0.999594 0.0214131 0.0187799 0.511898 -0.0210273 0.999569 -0.0205044 -0.944377 -0.0192109 0.0201012 0.999613 64.2945
0.99957 0.0227658 0.0184903 0.519479 -0.0224128 0.999567 -0.0190798 -0.96167 -0.0189167 0.0186572 0.999647 64.9641
0.999597 0.0222096 0.0177059 0.530075 -0.021904 0.999611 -0.0172708 -0.976323 -0.0180826 0.016876 0.999694 65.6218
0.999571 0.023325 0.0177027 0.53939 -0.0230474 0.999611 -0.0157319 -0.991554 -0.0180628 0.0153171 0.99972 66.2764
0.99955 0.0237401 0.0183249 0.54095 -0.0234672 0.999613 -0.0149661 -1.01111 -0.0186731 0.0145294 0.99972 66.9767
0.9995 0.0255415 0.0186615 0.545194 -0.025261 0.999567 -0.0151173 -1.02879 -0.0190395 0.0146383 0.999712 67.7056
0.999542 0.0237054 0.018825 0.552708 -0.023409 0.999601 -0.0158117 -1.04024 -0.0191923 0.0153638 0.999698 68.4147
0.999507 0.0247951 0.0192632 0.560278 -0.0244712 0.999558 -0.016875 -1.06 -0.0196731 0.0163953 0.999672 69.1443
0.999522 0.024467 0.0189219 0.574046 -0.0241016 0.999523 -0.0193067 -1.07298 -0.0193852 0.0188414 0.999635 69.8365
0.99953 0.0231776 0.0200468 0.578241 -0.0227688 0.999533 -0.0203825 -1.09314 -0.0205098 0.0199165 0.999591 70.5395
0.999471 0.0248332 0.0209995 0.580263 -0.0243782 0.999468 -0.0216529 -1.11006 -0.021526 0.0211295 0.999545 71.225
0.999459 0.0256724 0.0205523 0.597498 -0.0252263 0.999447 -0.0216782 -1.13243 -0.0210975 0.021148 0.999554 71.9177
0.999367 0.0284541 0.0213705 0.601928 -0.028017 0.999398 -0.020482 -1.15379 -0.0219405 0.0198703 0.999562 72.6
0.99924 0.0315065 0.0229597 0.6022 -0.0310782 0.999341 -0.0187781 -1.17091 -0.0235362 0.0180503 0.99956 73.281
0.999044 0.0372313 0.0228901 0.616655 -0.0368038 0.999145 -0.0188221 -1.19032 -0.0235713 0.0179617 0.999561 73.9794
0.998934 0.039865 0.0232709 0.631339 -0.0394398 0.999052 -0.0184553 -1.20759 -0.0239845 0.0175178 0.999559 74.6686
0.998982 0.037504 0.0250797 0.638013 -0.037119 0.999188 -0.0156461 -1.22964 -0.0256461 0.0146992 0.999563 75.3604
0.998848 0.0402124 0.026173 0.645777 -0.0399413 0.999144 -0.0108002 -1.25267 -0.0265848 0.0097424 0.999599 76.0682
0.999013 0.035718 0.0264146 0.666057 -0.0355541 0.999346 -0.00664962 -1.26616 -0.0266349 0.00570391 0.999629 76.7946
0.998784 0.0391445 0.0299851 0.653817 -0.0390905 0.999233 -0.00238461 -1.27892 -0.0300554 0.00120958 0.999548 77.5666
0.998759 0.0388063 0.0312091 0.668547 -0.0388476 0.999245 0.000718339 -1.2925 -0.0311577 -0.00192985 0.999513 78.3967
0.998555 0.04226 0.0331885 0.662713 -0.0422811 0.999106 -6.73253e-05 -1.30582 -0.0331616 -0.00133602 0.999449 79.2076
0.998592 0.0414703 0.0330746 0.680542 -0.0414546 0.99914 -0.00116198 -1.31744 -0.0330943 -0.000210746 0.999452 80.0618
0.998526 0.0419168 0.0344756 0.680127 -0.0418884 0.999121 -0.00154373 -1.32498 -0.03451 9.73285e-05 0.999404 80.9253
0.998591 0.0406413 0.034121 0.704952 -0.0406492 0.999173 -0.000462322 -1.33849 -0.0341116 -0.000925322 0.999418 81.8731
0.998703 0.0389529 0.0327763 0.740114 -0.038979 0.99924 0.000156754 -1.35086 -0.0327453 -0.00143414 0.999463 82.8207
0.99882 0.0361052 0.0324691 0.767559 -0.036216 0.99934 0.00283108 -1.36429 -0.0323455 -0.00400364 0.999469 83.838
0.998937 0.0334254 0.0317374 0.800161 -0.0335991 0.999423 0.00495628 -1.37448 -0.0315534 -0.00601736 0.999484 84.7808
0.999103 0.0294934 0.0304 0.833336 -0.0296234 0.999554 0.00383677 -1.38346 -0.0302733 -0.00473388 0.99953 85.6851
0.999146 0.0286896 0.0297355 0.857538 -0.0287316 0.999587 0.00098521 -1.39865 -0.029695 -0.00183872 0.999557 86.6426
0.999048 0.0300105 0.0316479 0.866349 -0.0299802 0.999549 -0.00143372 -1.4106 -0.0316767 0.000483543 0.999498 87.5133
0.998884 0.0326655 0.0341006 0.876048 -0.0325934 0.999465 -0.0026691 -1.42073 -0.0341695 0.00155467 0.999415 88.3593
0.998723 0.0347677 0.0366613 0.894865 -0.0346721 0.999393 -0.00324046 -1.43758 -0.0367517 0.0019652 0.999322 89.2874
0.998537 0.0375085 0.0389387 0.915 -0.0374219 0.999295 -0.002951 -1.46231 -0.0390219 0.00148953 0.999237 90.2168
0.998379 0.0393709 0.0411123 0.937316 -0.0393659 0.999224 -0.000933043 -1.47587 -0.0411171 -0.00068689 0.999154 91.013
0.998249 0.0402801 0.0433179 0.960573 -0.0403842 0.999183 0.0015305 -1.48685 -0.0432208 -0.00327718 0.99906 91.8312
0.998143 0.0411354 0.044932 0.991654 -0.0412616 0.999147 0.00188414 -1.50117 -0.0448161 -0.0037346 0.998988 92.6847
0.998206 0.0386558 0.0457279 1.03371 -0.038647 0.999252 -0.00107693 -1.50993 -0.0457353 -0.00069225 0.998953 93.53
0.998198 0.0379704 0.0464654 1.06907 -0.0378299 0.999277 -0.00389985 -1.51955 -0.0465799 0.00213504 0.998912 94.3523
0.998201 0.0372549 0.0469719 1.1111 -0.0370249 0.999298 -0.00575857 -1.53349 -0.0471535 0.00400908 0.99888 95.189
0.997921 0.0414728 0.0493357 1.11817 -0.0412577 0.999134 -0.00537076 -1.54689 -0.0495157 0.00332412 0.998768 96.0009
0.997976 0.0405648 0.0489817 1.1588 -0.0404279 0.999175 -0.00378306 -1.56402 -0.0490947 0.00179517 0.998793 96.8235
0.997994 0.039483 0.0494936 1.18761 -0.0393815 0.99922 -0.0030253 -1.58287 -0.0495744 0.0010701 0.99877 97.6325
0.998197 0.0357219 0.0482293 1.23767 -0.0356053 0.999361 -0.00327343 -1.60468 -0.0483154 0.00155031 0.998831 98.4491
0.99824 0.0349885 0.0478923 1.27267 -0.0348277 0.999385 -0.00418625 -1.62354 -0.0480093 0.00251089 0.998844 99.2268
0.998182 0.0363084 0.0481061 1.3021 -0.0361475 0.999338 -0.00421192 -1.63655 -0.0482271 0.00246535 0.998833 100.001
0.998131 0.0369325 0.0486849 1.32802 -0.0368534 0.999318 -0.00252123 -1.65603 -0.0487448 0.000722313 0.998811 100.826
0.997932 0.0406987 0.0497457 1.3476 -0.0407446 0.99917 -9.11364e-05 -1.67295 -0.0497081 -0.00193592 0.998762 101.64
0.997908 0.0414911 0.0495757 1.3852 -0.041645 0.99913 0.00207453 -1.68664 -0.0494465 -0.00413477 0.998768 102.446
0.997862 0.0429614 0.0492427 1.42479 -0.0431542 0.999064 0.00285921 -1.69563 -0.0490738 -0.00497813 0.998783 103.246
0.997715 0.046237 0.0492574 1.45664 -0.046403 0.99892 0.00223186 -1.70131 -0.049101 -0.00451245 0.998784 104.062
0.997702 0.0468862 0.0489127 1.49234 -0.0470148 0.998893 0.00148184 -1.71182 -0.048789 -0.00377805 0.998802 104.859
0.997211 0.0551516 0.0502867 1.50171 -0.0551625 0.998477 -0.00117109 -1.71862 -0.0502747 -0.00160612 0.998734 105.653
0.996874 0.0591668 0.0523614 1.51337 -0.0590282 0.998248 -0.00419167 -1.73407 -0.0525176 0.00108777 0.998619 106.401
0.996756 0.060924 0.0525826 1.54034 -0.0606368 0.998135 -0.00704274 -1.74574 -0.0529136 0.00383146 0.998592 107.141
0.99666 0.0628286 0.0521724 1.57856 -0.0626512 0.998023 -0.00503131 -1.76386 -0.0523854 0.00174584 0.998625 107.89
0.996779 0.0609891 0.0520787 1.61707 -0.0610683 0.998134 -6.98166e-05 -1.77766 -0.0519858 -0.00311077 0.998643 108.638
0.996959 0.0582545 0.051769 1.65479 -0.058474 0.998285 0.00273509 -1.78852 -0.0515209 -0.00575391 0.998655 109.385
0.997226 0.0551775 0.0499593 1.70473 -0.0552949 0.99847 0.000970319 -1.79683 -0.0498293 -0.00373012 0.998751 110.153
0.997349 0.0531769 0.0496765 1.74268 -0.0532083 0.998583 -0.000692376 -1.80724 -0.049643 -0.00195266 0.998765 110.965
0.997214 0.0547808 0.0506333 1.76186 -0.0548217 0.998496 -0.000582376 -1.82178 -0.0505891 -0.00219505 0.998717 111.73
0.997277 0.0541247 0.0500949 1.79797 -0.0541567 0.998532 -0.00071918 -1.83929 -0.0500603 -0.00199575 0.998744 112.484
0.997314 0.0541812 0.0492918 1.83418 -0.054145 0.998531 -0.00206996 -1.85399 -0.0493315 -0.00060451 0.998782 113.289
0.997334 0.0544805 0.0485482 1.88022 -0.0544312 0.998515 -0.00233882 -1.87016 -0.0486035 -0.000309949 0.998818 114.135
0.997303 0.0547209 0.0489112 1.91404 -0.0547403 0.9985 -0.000942287 -1.88085 -0.0488894 -0.00173767 0.998803 114.979
0.997247 0.0549155 0.0498244 1.9436 -0.0550577 0.998482 0.00148539 -1.89167 -0.0496672 -0.00422452 0.998757 115.757
0.997289 0.0543257 0.0496359 1.977 -0.0545257 0.998509 0.00268321 -1.9002 -0.0494161 -0.00538237 0.998764 116.495
0.997416 0.0519749 0.0495985 2.01437 -0.0522542 0.998624 0.0043507 -1.91256 -0.0493041 -0.00693118 0.99876 117.244
0.997412 0.0519264 0.0497328 2.0411 -0.0522354 0.998623 0.00493208 -1.92227 -0.0494082 -0.00751712 0.99875 117.966
0.997371 0.0529363 0.0494865 2.07539 -0.0532046 0.998575 0.00412076 -1.93294 -0.0491978 -0.00674284 0.998766 118.707
0.997483 0.0507121 0.0495487 2.10406 -0.0508624 0.998704 0.00177747 -1.94316 -0.0493943 -0.00429317 0.99877 119.48
0.997472 0.0519014 0.0485304 2.13165 -0.0519861 0.998648 0.000482802 -1.95458 -0.0484398 -0.00300449 0.998822 120.223
0.997531 0.0516183 0.0476134 2.15707 -0.0516364 0.998666 -0.0008523 -1.96804 -0.0475938 -0.00160839 0.998865 120.913
0.997529 0.054036 0.0448972 2.1858 -0.0540216 0.998539 -0.00153524 -1.98332 -0.0449146 -0.000893979 0.99899 121.551
0.997489 0.0564368 0.0427901 2.20269 -0.0562941 0.998404 -0.00453402 -1.99827 -0.0429777 0.0021138 0.999074 122.171
0.997509 0.0577476 0.0405089 2.22398 -0.0574745 0.998316 -0.00787604 -2.01038 -0.0408955 0.00552819 0.999148 122.718
0.997559 0.0576917 0.0393351 2.23589 -0.0572936 0.998295 -0.0111763 -2.0233 -0.0399128 0.00889537 0.999164 123.262
0.997404 0.0610269 0.0382226 2.24645 -0.0605978 0.998087 -0.0122881 -2.04229 -0.0388994 0.00993998 0.999194 123.769
0.997242 0.0639457 0.0376617 2.2535 -0.0634668 0.997889 -0.0137798 -2.05416 -0.0384634 0.0113515 0.999196 124.244
0.997217 0.0645807 0.0372469 2.26444 -0.064162 0.997863 -0.0123308 -2.06732 -0.0379636 0.0099066 0.99923 124.711
0.99718 0.0647568 0.0379335 2.27703 -0.0644225 0.997873 -0.00997088 -2.07992 -0.0384985 0.00749899 0.999231 125.17
0.997255 0.0626234 0.0394954 2.30469 -0.0622453 0.998003 -0.0107344 -2.09595 -0.0400887 0.0082465 0.999162 125.634
0.99691 0.0652019 0.0438159 2.31517 -0.0647363 0.997831 -0.0119639 -2.11363 -0.044501 0.00909042 0.998968 126.068
0.996304 0.0697898 0.0500794 2.31684 -0.0691502 0.997502 -0.0143947 -2.1266 -0.0509589 0.0108785 0.998642 126.469
0.995746 0.0717922 0.0577585 2.32941 -0.0708248 0.997315 -0.018627 -2.13233 -0.0589406 0.014457 0.998157 126.87
0.995006 0.0751108 0.0657395 2.34611 -0.0737445 0.997013 -0.0229712 -2.1449 -0.0672685 0.0180085 0.997572 127.22
0.993614 0.0823848 0.0770984 2.34474 -0.0806016 0.996408 -0.0259669 -2.15843 -0.0789608 0.0195868 0.996685 127.548
0.992586 0.084136 0.0877109 2.36629 -0.0821161 0.996273 -0.0263944 -2.17147 -0.0896047 0.0189963 0.995796 127.867
0.990744 0.0913891 0.100367 2.3728 -0.0891061 0.995656 -0.0270073 -2.18731 -0.102399 0.017814 0.994584 128.159
0.989186 0.094053 0.112543 2.40401 -0.091293 0.995389 -0.0294423 -2.20188 -0.114793 0.0188495 0.993211 128.456
0.987981 0.0923549 0.123954 2.45476 -0.0889972 0.995506 -0.0323693 -2.21665 -0.126387 0.0209486 0.99176 128.734
0.986344 0.0914011 0.137007 2.50428 -0.08752 0.995579 -0.0341015 -2.22966 -0.139518 0.021645 0.989983 129.005
0.982975 0.100203 0.154011 2.51842 -0.0959418 0.994776 -0.0348731 -2.24611 -0.156701 0.0195033 0.987454 129.253
0.980237 0.101517 0.169795 2.56367 -0.0969011 0.994669 -0.0352792 -2.26085 -0.172471 0.0181287 0.984848 129.511
0.977627 0.099884 0.185118 2.6213 -0.0944857 0.994809 -0.0377803 -2.27475 -0.187931 0.0194441 0.98199 129.743
0.972707 0.109203 0.204732 2.63706 -0.102534 0.993802 -0.0429362 -2.28793 -0.208152 0.0207722 0.977876 129.973
0.967417 0.116488 0.224801 2.66749 -0.108537 0.992959 -0.0474554 -2.29984 -0.228746 0.02151 0.973248 130.196
0.962676 0.116971 0.244075 2.72967 -0.107975 0.992897 -0.0499657 -2.3142 -0.248186 0.0217467 0.968468 130.413
0.958176 0.114526 0.262265 2.81509 -0.104609 0.993178 -0.051514 -2.33249 -0.266376 0.021924 0.96362 130.623
0.950768 0.119546 0.285919 2.8623 -0.109024 0.992652 -0.0525007 -2.34981 -0.290094 0.0187438 0.956815 130.831
0.946528 0.107809 0.304074 2.98672 -0.0948027 0.993848 -0.0572643 -2.36704 -0.308377 0.0253752 0.950926 131.01
0.934851 0.123191 0.332984 3.00139 -0.107941 0.992096 -0.0639909 -2.38139 -0.338235 0.0238792 0.940759 131.213
0.925342 0.127139 0.357179 3.08438 -0.110139 0.991613 -0.0676307 -2.40434 -0.362782 0.023242 0.931584 131.413
0.913238 0.135388 0.384275 3.15698 -0.116566 0.990571 -0.0719791 -2.42016 -0.390397 0.0209408 0.920409 131.619
0.903695 0.130718 0.407735 3.28633 -0.108046 0.991061 -0.0782575 -2.44215 -0.41432 0.0266667 0.909741 131.794
0.895683 0.117811 0.428803 3.44944 -0.087314 0.99209 -0.0901892 -2.47015 -0.436037 0.0433405 0.898885 131.924
0.882244 0.114936 0.456547 3.56875 -0.0805432 0.992293 -0.0941671 -2.49548 -0.463852 0.0463065 0.884702 132.109
0.859022 0.147052 0.490364 3.54735 -0.101369 0.98775 -0.118633 -2.50846 -0.501802 0.0522007 0.863406 132.334
0.835806 0.166217 0.52326 3.60468 -0.115094 0.984939 -0.129033 -2.5307 -0.536826 0.0476225 0.842348 132.536
0.819817 0.161634 0.54934 3.75945 -0.102993 0.985312 -0.136208 -2.56527 -0.563287 0.055088 0.824423 132.692
0.795875 0.175188 0.579562 3.86163 -0.112379 0.983334 -0.142917 -2.60224 -0.59494 0.0486137 0.802299 132.89
0.783612 0.16501 0.598935 4.08826 -0.0837434 0.983338 -0.16135 -2.65164 -0.61558 0.0762791 0.784374 132.972
0.753311 0.18735 0.630415 4.17422 -0.100274 0.980078 -0.171443 -2.68744 -0.649975 0.0659355 0.75709 133.204
0.739921 0.17813 0.64868 4.39677 -0.0727948 0.979843 -0.186035 -2.73822 -0.668743 0.0904308 0.737974 133.285
0.725303 0.169094 0.66734 4.66036 -0.0435938 0.978701 -0.200608 -2.79664 -0.687048 0.11641 0.717226 133.373
0.712722 0.163312 0.682171 4.8937 -0.00785076 0.974316 -0.225049 -2.83842 -0.701403 0.155042 0.695698 133.4
0.683381 0.170228 0.709938 5.05963 -0.00577234 0.973666 -0.227908 -2.90006 -0.730039 0.15165 0.666368 133.592
0.646921 0.189224 0.738706 5.20096 -0.0157417 0.97183 -0.235155 -2.96473 -0.762394 0.140498 0.631676 133.841
0.624937 0.183608 0.758776 5.4451 0.00127369 0.971708 -0.236183 -3.03122 -0.780674 0.148566 0.607022 133.957
0.60019 0.179794 0.779388 5.70473 0.0134748 0.971998 -0.234603 -3.10298 -0.799744 0.151308 0.58096 134.096
0.575793 0.175271 0.798588 5.98474 0.0282167 0.97191 -0.233655 -3.17896 -0.817109 0.15707 0.554673 134.223
0.5526 0.169579 0.816012 6.27517 0.0447842 0.971626 -0.232245 -3.25287 -0.832242 0.164883 0.529326 134.339
0.526576 0.166375 0.833689 6.57924 0.0566846 0.971609 -0.229702 -3.33823 -0.848236 0.168213 0.502195 134.477
0.503131 0.162329 0.848828 6.89916 0.074829 0.970329 -0.229918 -3.41765 -0.860965 0.179196 0.476055 134.583
0.475121 0.166473 0.864029 7.22156 0.0794962 0.969804 -0.230566 -3.49576 -0.876322 0.178234 0.44754 134.725
0.448239 0.168754 0.87784 7.55711 0.0858333 0.969357 -0.230175 -3.57949 -0.889783 0.178521 0.420019 134.859
0.421414 0.168819 0.891016 7.90081 0.0934026 0.969215 -0.227811 -3.66114 -0.902045 0.179226 0.392673 134.99
0.392335 0.168189 0.904315 8.26386 0.0982313 0.969857 -0.222996 -3.75259 -0.914562 0.176321 0.363988 135.126
0.366217 0.166659 0.915484 8.64538 0.107411 0.969683 -0.219493 -3.8372 -0.92431 0.178715 0.337213 135.233
0.341502 0.165126 0.925262 9.0341 0.113068 0.970078 -0.214856 -3.92942 -0.933055 0.177992 0.312614 135.325
0.315917 0.162072 0.934842 9.46988 0.122092 0.970166 -0.209455 -4.02144 -0.940899 0.180308 0.286704 135.429
0.287877 0.162462 0.943787 9.91127 0.123979 0.97089 -0.204944 -4.1207 -0.949608 0.176009 0.259354 135.544
0.261811 0.162635 0.951317 10.3637 0.129014 0.970955 -0.201498 -4.21676 -0.956457 0.175487 0.233225 135.636
0.237268 0.164771 0.957368 10.8474 0.135005 0.970354 -0.200465 -4.31807 -0.962017 0.176814 0.207989 135.721
0.215301 0.168026 0.961984 11.3361 0.141088 0.969399 -0.200898 -4.41697 -0.966302 0.178978 0.185006 135.798
0.196984 0.169554 0.965634 11.8404 0.148533 0.968402 -0.20034 -4.52065 -0.96909 0.182892 0.165575 135.86
0.181165 0.169639 0.968711 12.3352 0.155266 0.967723 -0.198503 -4.6181 -0.971119 0.18637 0.148978 135.92
0.165507 0.167771 0.971833 12.8382 0.158375 0.968113 -0.1941 -4.7261 -0.973409 0.186039 0.133659 135.989
0.15232 0.163931 0.974641 13.3662 0.16318 0.968443 -0.188391 -4.83422 -0.974767 0.187737 0.120763 136.047
0.139021 0.159701 0.977327 13.916 0.167174 0.968962 -0.182114 -4.94212 -0.976077 0.188701 0.108008 136.109
0.128445 0.156889 0.979228 14.488 0.171415 0.969033 -0.17774 -5.04477 -0.97679 0.190684 0.0975744 136.153
0.117014 0.157922 0.980494 15.0548 0.169731 0.969571 -0.176419 -5.15296 -0.978519 0.187064 0.0866487 136.204
0.106457 0.162427 0.980961 15.6764 0.168609 0.969331 -0.178799 -5.26921 -0.979917 0.184433 0.0758058 136.258
0.0968136 0.166106 0.981344 16.2952 0.169352 0.968849 -0.180698 -5.38428 -0.980789 0.183686 0.0656675 136.302
0.0864745 0.167612 0.982053 16.898 0.170609 0.968692 -0.180354 -5.49575 -0.981537 0.183143 0.0551711 136.333
0.0769801 0.165335 0.983229 17.4932 0.172702 0.969037 -0.17647 -5.60871 -0.981961 0.183391 0.0460428 136.345
0.0654906 0.164547 0.984193 18.1271 0.174942 0.969141 -0.173671 -5.72346 -0.982398 0.183551 0.0346835 136.361
0.0531996 0.164359 0.984965 18.7532 0.17747 0.969103 -0.171298 -5.83596 -0.982687 0.183915 0.0223871 136.375
0.0396969 0.163395 0.985762 19.3514 0.18092 0.969058 -0.167912 -5.94822 -0.982696 0.18501 0.00890702 136.389
0.0284575 0.160464 0.986631 20.0013 0.184595 0.969211 -0.162955 -6.0578 -0.982403 0.186765 -0.00203959 136.383
0.0178773 0.156525 0.987512 20.6514 0.189605 0.969218 -0.157058 -6.1697 -0.981698 0.190045 -0.0123509 136.365
0.00642186 0.154691 0.987942 21.3468 0.19081 0.96962 -0.153062 -6.2881 -0.981606 0.189492 -0.0232899 136.357
-0.00213893 0.155883 0.987773 22.0273 0.195122 0.968854 -0.152475 -6.39873 -0.980777 0.19241 -0.0324886 136.329
-0.0116314 0.15986 0.987071 22.7021 0.197144 0.968129 -0.15447 -6.51038 -0.980306 0.192798 -0.0427762 136.316
-0.0168302 0.163841 0.986343 23.3759 0.201804 0.966738 -0.157141 -6.61816 -0.979281 0.196403 -0.0493341 136.271
-0.0214559 0.165651 0.985951 24.0169 0.20616 0.965716 -0.157765 -6.72153 -0.978283 0.199878 -0.054871 136.233
-0.0245291 0.163513 0.986236 24.6258 0.207318 0.965918 -0.154988 -6.82365 -0.977966 0.200663 -0.0575922 136.197
-0.0300742 0.160493 0.986579 25.2511 0.204924 0.967049 -0.151069 -6.92739 -0.978316 0.197631 -0.0619721 136.177
-0.0341774 0.159012 0.986685 25.899 0.205341 0.967316 -0.148778 -7.03353 -0.978094 0.197522 -0.065712 136.147
-0.0381123 0.159319 0.986491 26.5589 0.204217 0.967615 -0.14838 -7.14012 -0.978184 0.195803 -0.0694135 136.117
-0.0397551 0.160001 0.986316 27.2048 0.203332 0.967738 -0.148791 -7.24608 -0.978302 0.194635 -0.0710058 136.08
-0.0398201 0.159789 0.986348 27.8767 0.204647 0.967509 -0.148475 -7.3531 -0.978026 0.195941 -0.0712266 136.033
-0.0377124 0.160083 0.986383 28.5691 0.207617 0.966801 -0.148967 -7.46347 -0.977483 0.199172 -0.0696963 135.978
-0.0364764 0.159812 0.986473 29.267 0.209189 0.966482 -0.148838 -7.58024 -0.977195 0.20093 -0.0686846 135.939
-0.0337788 0.159618 0.986601 29.9356 0.209854 0.96629 -0.149147 -7.6865 -0.977149 0.202004 -0.0661366 135.894
-0.0316034 0.15901 0.986771 30.6159 0.209284 0.966432 -0.149029 -7.79563 -0.977344 0.201806 -0.0638207 135.853
-0.0272193 0.157703 0.987111 31.3405 0.209637 0.966419 -0.148617 -7.91477 -0.9774 0.20289 -0.0593657 135.801
-0.0239282 0.156131 0.987446 32.0646 0.210289 0.966416 -0.14771 -8.03083 -0.977346 0.204115 -0.0559572 135.767
-0.0188404 0.155248 0.987696 32.7888 0.211771 0.966077 -0.14781 -8.14514 -0.977138 0.20638 -0.0510782 135.726
-0.013344 0.156164 0.987641 33.5427 0.214017 0.965285 -0.149738 -8.26559 -0.976739 0.209374 -0.0463025 135.688
-0.00941151 0.158177 0.987366 34.2988 0.212812 0.965106 -0.152583 -8.388 -0.977048 0.208687 -0.0427451 135.668
-0.00553108 0.160045 0.987094 34.9995 0.213329 0.964575 -0.155198 -8.51017 -0.976965 0.209717 -0.0394773 135.649
-0.00280126 0.158511 0.987353 35.6921 0.20827 0.965798 -0.15446 -8.63996 -0.978067 0.205204 -0.0357186 135.657
0.00440557 0.154835 0.987931 36.4432 0.209029 0.965973 -0.152326 -8.75952 -0.977899 0.207178 -0.0281094 135.626
0.0114612 0.150391 0.98856 37.2311 0.209022 0.966424 -0.149447 -8.88718 -0.977844 0.208344 -0.0203587 135.601
0.0172 0.152288 0.988187 38.0269 0.207699 0.966229 -0.152519 -9.01893 -0.978042 0.207869 -0.0150108 135.593
0.0224529 0.159136 0.987001 38.8431 0.203355 0.965884 -0.160358 -9.15589 -0.978848 0.204312 -0.0106743 135.595
0.0273336 0.164999 0.985915 39.6315 0.201267 0.965177 -0.167109 -9.30095 -0.979155 0.203 -0.00682724 135.608
0.0348604 0.167033 0.985335 40.3771 0.202658 0.964269 -0.170631 -9.4301 -0.978629 0.205634 -0.000235691 135.606
0.0408688 0.164094 0.985598 41.1138 0.201246 0.964854 -0.168985 -9.56392 -0.978688 0.205254 0.00640918 135.618
0.0477357 0.160982 0.985802 41.8619 0.201598 0.965065 -0.167357 -9.70041 -0.978304 0.206725 0.0136143 135.629
0.0553453 0.161418 0.985333 42.6413 0.202457 0.964531 -0.169382 -9.83956 -0.977726 0.208862 0.0207021 135.638
0.061832 0.162509 0.984768 43.4509 0.202879 0.964011 -0.171823 -9.98938 -0.97725 0.210413 0.026637 135.659
0.0683341 0.16383 0.984119 44.2619 0.202467 0.963621 -0.174476 -10.1338 -0.976902 0.211174 0.0326782 135.681
0.0754907 0.163049 0.983726 45.102 0.204221 0.963101 -0.175303 -10.2834 -0.97601 0.214132 0.039407 135.692
0.0783987 0.161755 0.983712 45.8854 0.202695 0.963552 -0.174594 -10.43 -0.976099 0.213081 0.0427542 135.735
0.0805092 0.160028 0.983824 46.6748 0.201176 0.964106 -0.173283 -10.583 -0.976241 0.211873 0.0454257 135.784
0.0834126 0.158219 0.983875 47.4906 0.200473 0.964466 -0.172094 -10.7353 -0.976142 0.211595 0.04873 135.829
0.086721 0.157331 0.983731 48.3462 0.199775 0.964647 -0.17189 -10.8897 -0.975997 0.211431 0.0522245 135.878
0.0897204 0.155804 0.983705 49.2361 0.198789 0.965013 -0.170974 -11.0562 -0.975927 0.21089 0.0556093 135.928
0.0912647 0.152644 0.984058 50.112 0.195425 0.966222 -0.168001 -11.2159 -0.976463 0.207642 0.0583515 135.989
0.0913046 0.152903 0.984014 51.0649 0.19339 0.966607 -0.168142 -11.3941 -0.976864 0.205651 0.0586858 136.061
0.0912684 0.159351 0.982994 52.0131 0.190558 0.966078 -0.174301 -11.5693 -0.977424 0.203226 0.0578068 136.133
0.093954 0.160833 0.9825 52.918 0.195518 0.964666 -0.17661 -11.7377 -0.976189 0.20869 0.0591885 136.178
0.0966518 0.158813 0.982566 53.893 0.199069 0.964157 -0.175419 -11.9207 -0.975208 0.212553 0.0615728 136.232
0.0988187 0.157669 0.982535 54.8199 0.198091 0.96449 -0.174696 -12.093 -0.97519 0.211895 0.0640768 136.287
0.0989738 0.161704 0.981864 55.7826 0.197385 0.963912 -0.178644 -12.2789 -0.975317 0.211486 0.063484 136.363
0.0987154 0.164165 0.981481 56.685 0.195295 0.963922 -0.18087 -12.4558 -0.975764 0.209533 0.0630935 136.425
0.0976202 0.165157 0.981424 57.5662 0.191616 0.964565 -0.181379 -12.6315 -0.976603 0.205763 0.0625143 136.494
0.097786 0.164265 0.981557 58.3914 0.191981 0.964646 -0.18056 -12.7953 -0.976515 0.206096 0.0627932 136.555
0.0997001 0.161925 0.981754 59.2882 0.195154 0.964324 -0.178869 -12.9691 -0.975692 0.209426 0.0645429 136.601
0.100656 0.15804 0.982289 60.22 0.19712 0.964564 -0.175387 -13.1491 -0.975198 0.211283 0.0659366 136.662
0.100512 0.152684 0.983151 61.1569 0.200125 0.964856 -0.170303 -13.33 -0.974601 0.213871 0.0664232 136.731
0.10026 0.151367 0.98338 62.0951 0.200367 0.96504 -0.168972 -13.5064 -0.974577 0.213978 0.0664257 136.802
0.102759 0.157618 0.982139 63.0934 0.200711 0.963771 -0.17567 -13.697 -0.974246 0.215178 0.067401 136.854
0.103627 0.164696 0.980886 63.9544 0.199628 0.962683 -0.18273 -13.8618 -0.974377 0.214748 0.0668823 136.918
0.104428 0.165511 0.980664 64.7977 0.196959 0.963083 -0.183517 -14.0304 -0.974834 0.212315 0.0679741 136.98
0.107116 0.161437 0.981053 65.6756 0.196186 0.963898 -0.180035 -14.2057 -0.974699 0.211753 0.071577 137.03
0.10908 0.159431 0.981164 66.5379 0.193965 0.964667 -0.178314 -14.3727 -0.974925 0.209762 0.0743017 137.097
0.112114 0.157365 0.981156 67.4698 0.198057 0.964031 -0.177249 -14.5479 -0.973758 0.214197 0.0769138 137.158
0.113463 0.156657 0.981114 68.4018 0.197078 0.96432 -0.176767 -14.7318 -0.9738 0.213413 0.078541 137.24
0.114788 0.15765 0.980801 69.3602 0.196302 0.964258 -0.177965 -14.9206 -0.973801 0.212961 0.0797387 137.324
0.115911 0.157568 0.980682 70.2743 0.192635 0.965024 -0.177821 -15.1042 -0.974401 0.209525 0.0815034 137.403
0.117889 0.156428 0.980629 71.2158 0.189939 0.96573 -0.176886 -15.285 -0.974692 0.207112 0.0841374 137.484
0.120532 0.154784 0.980568 72.1759 0.188331 0.966266 -0.175676 -15.4716 -0.974681 0.205846 0.0873152 137.572
0.12257 0.156073 0.980111 73.1431 0.186549 0.966331 -0.177208 -15.6564 -0.97477 0.20456 0.0893276 137.671
0.124536 0.15798 0.979558 74.1548 0.186992 0.965816 -0.179537 -15.8568 -0.974436 0.205529 0.0907373 137.777
0.125594 0.158455 0.979346 75.0847 0.182297 0.966668 -0.179782 -16.0388 -0.975189 0.201111 0.0925223 137.879
0.127062 0.154956 0.979716 75.9514 0.180594 0.967599 -0.176462 -16.2131 -0.975316 0.199353 0.0949609 137.972
0.128331 0.153172 0.979831 76.868 0.178783 0.968241 -0.174776 -16.3991 -0.975483 0.197607 0.0968706 138.069
0.129774 0.155387 0.979292 77.7706 0.175699 0.968411 -0.176943 -16.5747 -0.975853 0.195024 0.0983731 138.169
0.13316 0.15869 0.978308 78.6873 0.177525 0.967315 -0.18107 -16.755 -0.975066 0.197785 0.100637 138.254
0.135091 0.161386 0.977602 79.5761 0.175328 0.967183 -0.183893 -16.9317 -0.975198 0.196243 0.102362 138.349
0.136467 0.160321 0.977586 80.4758 0.171795 0.968036 -0.182736 -17.117 -0.975635 0.192882 0.104562 138.454
0.138463 0.158682 0.977573 81.3911 0.171561 0.968314 -0.181479 -17.3014 -0.975395 0.192841 0.106852 138.566
0.141329 0.15748 0.977357 82.2999 0.17245 0.968255 -0.180951 -17.4853 -0.974827 0.194118 0.109685 138.663
0.145226 0.156867 0.976884 83.2115 0.176072 0.967494 -0.181534 -17.6644 -0.973606 0.198366 0.112885 138.751
0.14493 0.155618 0.977128 84.1242 0.174625 0.968029 -0.18007 -17.8463 -0.97391 0.196728 0.113121 138.872
0.149964 0.153235 0.976745 85.0411 0.179627 0.967252 -0.179325 -18.028 -0.972237 0.202342 0.117528 138.956
0.151985 0.154032 0.976307 85.9921 0.179688 0.967015 -0.180538 -18.2138 -0.971912 0.20287 0.119294 139.066
0.154283 0.156005 0.975633 86.9184 0.179949 0.966503 -0.183001 -18.3951 -0.971501 0.203798 0.121042 139.175
0.155734 0.156425 0.975335 87.7754 0.17785 0.966806 -0.183454 -18.5646 -0.971657 0.202033 0.122744 139.276
0.156063 0.155929 0.975362 88.6258 0.175216 0.96743 -0.182697 -18.738 -0.972082 0.199411 0.123659 139.389
0.157931 0.155353 0.975153 89.5021 0.173261 0.967866 -0.182253 -18.9145 -0.972131 0.197739 0.125939 139.493
0.157491 0.155855 0.975144 90.4101 0.169439 0.968558 -0.182168 -19.101 -0.972876 0.193917 0.126131 139.622
0.158771 0.156413 0.974847 91.2709 0.168718 0.96855 -0.182881 -19.2736 -0.972793 0.19351 0.127388 139.733
0.159107 0.157652 0.974592 92.1638 0.16812 0.968423 -0.184101 -19.4526 -0.972841 0.19314 0.127579 139.858
0.161119 0.158341 0.97415 93.0634 0.169679 0.967905 -0.18539 -19.64 -0.972239 0.195163 0.129081 139.969
0.161886 0.1598 0.973785 93.9626 0.169853 0.967561 -0.187016 -19.8231 -0.972082 0.195675 0.129493 140.093
0.163947 0.159801 0.97344 94.8652 0.172386 0.966967 -0.187772 -20.0054 -0.97129 0.198592 0.130984 140.208
0.166384 0.158327 0.973267 95.7534 0.173857 0.966852 -0.187005 -20.1883 -0.970613 0.200324 0.133343 140.314
0.166876 0.158046 0.973229 96.6487 0.174328 0.966789 -0.186892 -20.3739 -0.970444 0.200849 0.133782 140.444
0.168952 0.158031 0.972873 97.5041 0.176083 0.966344 -0.187549 -20.5468 -0.969768 0.202994 0.135439 140.56
0.169568 0.157129 0.972912 98.3503 0.174985 0.966722 -0.186627 -20.7159 -0.969859 0.201891 0.13643 140.68
0.171914 0.155753 0.972721 99.201 0.176543 0.966565 -0.185968 -20.8867 -0.969164 0.203698 0.138669 140.795
0.174495 0.155689 0.972272 100.082 0.179878 0.965765 -0.18693 -21.0663 -0.968089 0.207508 0.140517 140.911
0.177418 0.155896 0.97171 100.973 0.184854 0.96452 -0.188493 -21.2399 -0.966619 0.213066 0.142305 141.029
0.17976 0.155692 0.971312 101.826 0.187192 0.96394 -0.189154 -21.4199 -0.965736 0.215824 0.144134 141.144
0.180595 0.157625 0.970845 102.688 0.184701 0.964079 -0.190884 -21.6026 -0.966059 0.213789 0.144995 141.285
