1 0 0 0 0 1 0 0 0 0 1 0
0.999993 0.000548357 -0.00378553 -0.00153226 -0.000543473 0.999999 0.00129111 -0.0240406 0.00378623 -0.00128904 0.999992 1.61504
0.999991 0.00179184 -0.00390454 -0.0692795 -0.00178616 0.999997 0.00145844 -0.0546782 0.00390714 -0.00145145 0.999991 3.22159
0.999982 0.00443423 -0.00396739 -0.119391 -0.00443387 0.99999 0.000101103 -0.0630121 0.0039678 -8.35099e-05 0.999992 4.89996
0.999967 0.00647945 -0.00498637 -0.145402 -0.00648066 0.999979 -0.000225067 -0.0884909 0.0049848 0.000257374 0.999988 6.5298
0.999943 0.00801177 -0.00710659 -0.164453 -0.00800833 0.999968 0.000511312 -0.1051 0.00711046 -0.000454371 0.999975 8.11015
0.999911 0.0109892 -0.00753847 -0.214528 -0.0109916 0.99994 -0.000277811 -0.135008 0.00753496 0.000360646 0.999972 10.0062
0.999883 0.0116506 -0.00994749 -0.237135 -0.0116648 0.999931 -0.00136601 -0.162347 0.00993089 0.00148188 0.99995 11.6761
0.999845 0.0140233 -0.0106893 -0.27654 -0.014038 0.999901 -0.00130127 -0.184018 0.01067 0.00145112 0.999942 13.1674
0.999829 0.0130322 -0.0131124 -0.29061 -0.0130455 0.999914 -0.000928883 -0.206913 0.0130992 0.00109978 0.999914 14.7064
0.999811 0.0119404 -0.0153511 -0.320485 -0.0119427 0.999929 -5.53289e-05 -0.24262 0.0153493 0.000238652 0.999882 16.558
0.999776 0.00973187 -0.0187824 -0.341198 -0.00973663 0.999953 -0.000161736 -0.267706 0.01878 0.000344578 0.999824 18.2071
0.999749 0.0116731 -0.0191103 -0.454416 -0.011677 0.999932 -9.2007e-05 -0.275321 0.019108 0.000315136 0.999817 20.2768
0.999671 0.0132361 -0.0219881 -0.489283 -0.013225 0.999912 0.000648262 -0.299394 0.0219948 -0.000357254 0.999758 21.8505
0.99962 0.0101776 -0.0256262 -0.518259 -0.0102014 0.999948 -0.000798101 -0.32622 0.0256167 0.00105922 0.999671 23.8032
0.999571 0.0100897 -0.0275031 -0.576218 -0.0101762 0.999944 -0.00300719 -0.354787 0.0274712 0.00328577 0.999617 25.5782
0.999426 0.0169089 -0.0293545 -0.633479 -0.0170756 0.999839 -0.00543724 -0.385185 0.0292578 0.00593536 0.999554 27.2298
0.999357 0.0163666 -0.0319082 -0.712562 -0.0165431 0.999849 -0.00527473 -0.402196 0.0318171 0.0057992 0.999477 28.7486
0.999276 0.020104 -0.0323076 -0.785694 -0.020147 0.999797 -0.00100549 -0.429901 0.0322808 0.00165566 0.999477 30.1627
0.999193 0.019718 -0.0349849 -0.814972 -0.0196165 0.999802 0.00324287 -0.461899 0.0350419 -0.00255397 0.999383 31.8917
0.999118 0.0217809 -0.0359018 -0.904748 -0.0215857 0.99975 0.00581577 -0.478384 0.0360195 -0.00503567 0.999338 33.8437
0.99908 0.0197121 -0.0380973 -0.976825 -0.0195082 0.999793 0.00571494 -0.496696 0.0382021 -0.00496647 0.999258 35.6218
0.99893 0.0227215 -0.0402749 -1.10214 -0.022686 0.999742 0.00133733 -0.537935 0.0402949 -0.000422222 0.999188 38.4078
0.998811 0.022942 -0.043016 -1.19134 -0.0231548 0.999722 -0.0044552 -0.566787 0.0429018 0.00544593 0.999064 40.2479
0.998617 0.0243466 -0.0465957 -1.27939 -0.0247489 0.999661 -0.00807748 -0.582794 0.0463832 0.0092195 0.998881 42.0777
0.998514 0.0173602 -0.0516578 -1.35145 -0.0178554 0.999799 -0.00914167 -0.614119 0.0514887 0.0100505 0.998623 43.6186
0.998322 0.0122641 -0.0565936 -1.4283 -0.0126681 0.999897 -0.00678645 -0.651652 0.0565045 0.007492 0.998374 45.0692
0.998073 0.0146604 -0.0602915 -1.53879 -0.014949 0.999879 -0.00433772 -0.679802 0.0602206 0.00523066 0.998171 46.5884
0.997891 0.0153911 -0.0630592 -1.64956 -0.0157384 0.999864 -0.00501409 -0.709715 0.0629734 0.00599596 0.997997 48.3588
0.997583 0.0202953 -0.0664475 -1.78032 -0.0205952 0.999781 -0.00383036 -0.745769 0.0663552 0.0051896 0.997783 50.2573
0.997401 0.0204685 -0.069085 -1.93271 -0.0205679 0.999788 -0.000727833 -0.777923 0.0690555 0.00214687 0.997611 52.0811
0.997353 0.01524 -0.0710998 -2.0645 -0.0152143 0.999884 0.000903519 -0.786747 0.0711053 0.000180604 0.997469 54.0725
0.997122 0.02372 -0.0720136 -2.2382 -0.0237373 0.999718 0.000615965 -0.813978 0.0720079 0.00109522 0.997403 55.974
0.996973 0.0254077 -0.0734846 -2.39155 -0.0255723 0.999672 -0.00129965 -0.836353 0.0734275 0.00317488 0.997296 57.7782
0.996659 0.0260814 -0.077404 -2.48067 -0.0264053 0.999646 -0.00316449 -0.85304 0.0772941 0.0051978 0.996995 59.1916
0.996567 0.023124 -0.0795013 -2.61206 -0.0233989 0.999723 -0.00252835 -0.869233 0.0794208 0.00437991 0.996832 60.8491
0.996478 0.019556 -0.0815409 -2.74373 -0.0196567 0.999807 -0.000432285 -0.891564 0.0815167 0.00203359 0.99667 62.535
0.99643 0.01761 -0.0825636 -2.91046 -0.0175476 0.999845 0.00148075 -0.924316 0.0825769 -2.66681e-05 0.996585 64.3383
0.99628 0.0162516 -0.0846233 -3.08862 -0.0161582 0.999868 0.00178919 -0.948643 0.0846412 -0.000415178 0.996411 66.1652
0.996217 0.0130763 -0.0859055 -3.27591 -0.0130733 0.999914 0.000597439 -0.970766 0.0859059 0.000527893 0.996303 67.9886
0.996035 0.0138262 -0.0878869 -3.41773 -0.0139795 0.999902 -0.00112822 -0.988667 0.0878627 0.00235236 0.99613 69.6461
0.995909 0.0196772 -0.0881904 -3.64437 -0.0199226 0.9998 -0.00190279 -1.01455 0.0881353 0.00365199 0.996102 71.5317
0.995659 0.0270461 -0.0890606 -3.85907 -0.0273794 0.999622 -0.00252333 -1.05451 0.0889587 0.0049508 0.996023 73.5274
0.995566 0.027419 -0.0899764 -4.00919 -0.0278344 0.999607 -0.00336524 -1.08666 0.0898487 0.00585476 0.995938 75.2159
0.995246 0.0335267 -0.0914449 -4.22514 -0.0341995 0.999398 -0.00580037 -1.11716 0.0911954 0.00890016 0.995793 77.1897
0.99506 0.0361432 -0.0924641 -4.40831 -0.0369041 0.999297 -0.00653312 -1.13963 0.092163 0.00991315 0.995695 78.8026
0.994838 0.0427365 -0.0920344 -4.63878 -0.0433722 0.999047 -0.00491769 -1.16653 0.0917365 0.00888405 0.995744 80.7532
0.994402 0.0520586 -0.0919515 -4.83498 -0.0526048 0.998609 -0.00352521 -1.18964 0.0916401 0.00834257 0.995757 82.4071
0.993764 0.0648629 -0.0906965 -5.1057 -0.0654043 0.997854 -0.00300707 -1.21336 0.0903068 0.00892025 0.995874 84.3538
0.993501 0.0691977 -0.0903741 -5.35084 -0.0697938 0.997555 -0.00344783 -1.24829 0.0899146 0.00973297 0.995902 86.3297
0.992985 0.0759517 -0.090618 -5.54381 -0.0765855 0.997057 -0.00353211 -1.27684 0.0900831 0.0104474 0.995879 88.0097
0.992539 0.0811648 -0.0909902 -5.74342 -0.0818461 0.996638 -0.00377516 -1.28097 0.0903779 0.0111942 0.995845 89.5762
0.992445 0.0797921 -0.0932004 -5.91767 -0.0804133 0.996757 -0.00292265 -1.31321 0.092665 0.0103951 0.995643 91.3513
0.992145 0.0820963 -0.0943809 -6.14999 -0.0826004 0.996582 -0.0014403 -1.34573 0.09394 0.00922489 0.995535 93.4214
0.991554 0.0876977 -0.0955448 -6.38465 -0.0881415 0.996108 -0.00042612 -1.36864 0.0951355 0.00884398 0.995425 95.382
0.99128 0.087633 -0.0984119 -6.6403 -0.0881492 0.996107 -0.000900387 -1.40844 0.0979499 0.00956747 0.995145 97.9485
0.990766 0.08809 -0.10307 -6.8122 -0.088794 0.996047 -0.00225289 -1.44402 0.102465 0.0113841 0.994672 99.7535
0.989632 0.0987145 -0.104323 -6.98568 -0.0997224 0.995005 -0.00447669 -1.45259 0.10336 0.0148337 0.994533 101.212
0.98902 0.102214 -0.106731 -7.15229 -0.102987 0.994681 -0.00174188 -1.47133 0.105986 0.0127147 0.994286 102.704
0.989101 0.0981174 -0.109781 -7.29676 -0.0984279 0.995141 0.00260065 -1.49336 0.109503 0.00823319 0.993952 104.132
0.988938 0.0973214 -0.11194 -7.4921 -0.097543 0.995225 0.00350847 -1.50887 0.111747 0.00744931 0.993709 105.816
0.988669 0.0978025 -0.113875 -7.70504 -0.0983501 0.995152 0.000812705 -1.52634 0.113402 0.0103961 0.993495 107.507
0.98879 0.093059 -0.116766 -7.90023 -0.093676 0.995603 0.00020474 -1.54855 0.116272 0.0107357 0.993159 109.188
0.988721 0.0896612 -0.119965 -8.11315 -0.090348 0.99591 -0.000287071 -1.57226 0.119448 0.0111224 0.992778 110.849
0.988457 0.0905707 -0.121447 -8.35658 -0.0916019 0.995791 -0.00292325 -1.58743 0.120672 0.0140143 0.992594 112.577
0.987498 0.098163 -0.123338 -8.58216 -0.0993871 0.995042 -0.00379631 -1.60255 0.122354 0.0160071 0.992357 114.162
0.986417 0.107836 -0.12391 -8.80805 -0.108607 0.994085 0.000538912 -1.6144 0.123236 0.0129259 0.992293 115.721
0.985322 0.116241 -0.125017 -8.99531 -0.11645 0.99318 0.00566113 -1.62365 0.124822 0.00898016 0.992138 117.084
0.985268 0.115146 -0.126444 -9.17318 -0.115331 0.99331 0.00588442 -1.62574 0.126276 0.00878521 0.991956 118.39
0.985441 0.111652 -0.128218 -9.40067 -0.111911 0.993705 0.00519865 -1.63292 0.127992 0.00922612 0.991732 120.089
0.985843 0.107171 -0.128947 -9.65211 -0.107674 0.994181 0.00308109 -1.64165 0.128527 0.0108469 0.991647 121.921
0.985959 0.104869 -0.129949 -9.894 -0.105784 0.994389 -0.000146587 -1.64037 0.129205 0.0138912 0.991521 123.648
0.985789 0.106816 -0.129656 -10.1062 -0.107818 0.99417 -0.000718509 -1.65408 0.128823 0.0146876 0.991559 125.134
0.985422 0.110057 -0.129736 -10.2822 -0.110858 0.993836 0.00105463 -1.66899 0.129053 0.013343 0.991548 126.426
0.985378 0.111017 -0.129251 -10.4797 -0.111631 0.993747 0.00250346 -1.67394 0.128721 0.0119616 0.991609 127.879
0.985425 0.108771 -0.13079 -10.6562 -0.10944 0.993991 0.00208215 -1.69302 0.130231 0.0122619 0.991408 129.27
0.985245 0.11078 -0.130459 -10.9036 -0.111763 0.993735 -0.000212227 -1.70114 0.129618 0.0147896 0.991454 130.768
0.984517 0.116423 -0.131043 -11.1029 -0.117119 0.993115 0.00241302 -1.71193 0.130422 0.0129719 0.991374 132.131
0.984004 0.119576 -0.132049 -11.2858 -0.120165 0.992748 0.00352283 -1.72489 0.131513 0.0124013 0.991237 133.426
0.983644 0.121559 -0.132919 -11.5008 -0.122546 0.992463 0.000755505 -1.73549 0.132009 0.0155456 0.991127 134.888
0.983389 0.122012 -0.134387 -11.7004 -0.123339 0.992363 -0.00156789 -1.74805 0.133169 0.018117 0.990928 136.319
0.983012 0.124118 -0.135215 -11.9211 -0.125581 0.992081 -0.00230958 -1.7572 0.133858 0.0192507 0.990814 137.804
0.98326 0.121045 -0.136187 -12.1479 -0.122263 0.992498 -0.000583286 -1.78149 0.135095 0.0172241 0.990683 139.313
0.9832 0.119738 -0.137772 -12.3358 -0.120784 0.992678 0.000766891 -1.79228 0.136855 0.0158867 0.990464 140.61
0.983264 0.118796 -0.138131 -12.5049 -0.119808 0.992797 0.000994153 -1.8088 0.137254 0.0155718 0.990413 141.8
0.983197 0.117355 -0.13983 -12.6907 -0.118238 0.992983 0.00200117 -1.82699 0.139084 0.0145657 0.990173 143.141
0.98309 0.118578 -0.139548 -12.9037 -0.119532 0.992829 0.00155001 -1.8358 0.138731 0.0151567 0.990214 144.47
0.982841 0.119728 -0.140317 -13.1166 -0.12064 0.992694 0.0020247 -1.85295 0.139534 0.0149378 0.990105 145.85
0.982435 0.121488 -0.14164 -13.3013 -0.122516 0.992465 0.00147562 -1.86458 0.140752 0.0159035 0.989917 147.078
0.982211 0.122516 -0.142308 -13.5061 -0.123536 0.992339 0.00167719 -1.87472 0.141423 0.0159328 0.989821 148.462
0.9822 0.12235 -0.142526 -13.7212 -0.123411 0.992355 0.00140551 -1.88417 0.141609 0.0162089 0.98979 149.807
0.982236 0.12138 -0.143109 -13.9331 -0.122603 0.992456 0.000270778 -1.9043 0.142063 0.0172797 0.989707 151.14
0.982147 0.12162 -0.143515 -14.1534 -0.122909 0.992418 -0.000121097 -1.9209 0.142412 0.0177583 0.989648 152.478
0.982045 0.121107 -0.144639 -14.3607 -0.122247 0.992499 0.00101607 -1.94152 0.143677 0.0166838 0.989484 153.813
0.98198 0.120987 -0.145184 -14.5926 -0.122248 0.9925 0.00023856 -1.95069 0.144124 0.0175141 0.989405 155.233
0.981743 0.122246 -0.145726 -14.7879 -0.123514 0.992343 0.000351168 -1.96718 0.144653 0.0176544 0.989325 156.441
0.981963 0.119737 -0.146329 -15.0014 -0.121164 0.992632 -0.000846751 -1.97412 0.14515 0.0185613 0.989236 157.732
0.981985 0.117475 -0.148006 -15.1739 -0.118708 0.992929 0.000507489 -1.99585 0.147019 0.0170712 0.988986 158.953
0.981545 0.119248 -0.149499 -15.371 -0.120277 0.992738 0.00216983 -2.01243 0.148672 0.0158515 0.98876 160.256
0.981137 0.121993 -0.149957 -15.5994 -0.122926 0.992411 0.00306625 -2.02269 0.149193 0.0154251 0.988688 161.656
0.980868 0.121062 -0.152451 -15.8055 -0.122034 0.992521 0.00299808 -2.04852 0.151674 0.0156635 0.988307 163.031
0.980501 0.124966 -0.15166 -16.0508 -0.126289 0.991993 0.000918484 -2.0416 0.150561 0.0182525 0.988432 164.445
0.980319 0.125549 -0.152357 -16.2743 -0.126848 0.991921 0.00120654 -2.04729 0.151278 0.0181434 0.988325 165.862
0.979876 0.128294 -0.152914 -16.4971 -0.129552 0.991571 0.001752 -2.06207 0.15185 0.0180936 0.988238 167.232
0.979468 0.132658 -0.151801 -16.7177 -0.134102 0.990967 0.000727885 -2.07821 0.150526 0.0196439 0.988411 168.556
0.979139 0.136131 -0.150845 -16.9622 -0.137849 0.990453 -0.000941102 -2.09337 0.149277 0.0217154 0.988557 170.034
0.979388 0.133169 -0.151871 -17.1624 -0.134885 0.990861 -0.00100704 -2.10829 0.150349 0.0214715 0.9884 171.345
0.979331 0.134628 -0.150949 -17.4358 -0.136345 0.990661 -0.00103739 -2.12695 0.1494 0.0215971 0.988541 172.97
0.979438 0.132581 -0.152067 -17.6382 -0.134208 0.990953 -0.000440924 -2.14129 0.150633 0.0208405 0.98837 174.302
0.978976 0.13501 -0.152899 -17.864 -0.136735 0.990607 -0.00077609 -2.16135 0.151358 0.0216664 0.988242 175.724
0.97839 0.139108 -0.152976 -18.0774 -0.14083 0.990034 -0.000420258 -2.1762 0.151393 0.0219547 0.98823 177.06
0.978506 0.139693 -0.151697 -18.3258 -0.141288 0.989969 0.000270248 -2.19115 0.150213 0.0211686 0.988427 178.479
0.978227 0.14189 -0.151459 -18.5823 -0.143749 0.989613 -0.00134124 -2.20867 0.149696 0.0230841 0.988463 179.967
0.977822 0.143917 -0.152161 -18.8103 -0.14596 0.989288 -0.00228476 -2.2317 0.150202 0.0244435 0.988353 181.358
0.977636 0.145131 -0.152197 -19.0506 -0.147463 0.989059 -0.0040823 -2.25375 0.149939 0.0264343 0.988342 182.748
0.977301 0.148283 -0.151307 -19.2853 -0.150515 0.988602 -0.00333722 -2.27577 0.149088 0.0260354 0.988481 184.08
0.97711 0.150166 -0.150687 -19.5181 -0.152131 0.988359 -0.0015325 -2.30468 0.148702 0.0244215 0.98858 185.471
0.97685 0.153608 -0.148893 -19.7649 -0.155441 0.987845 -0.000682066 -2.31833 0.146979 0.0238105 0.988853 186.918
0.97701 0.152005 -0.149482 -19.9804 -0.153884 0.988088 -0.00101292 -2.33607 0.147548 0.0239925 0.988764 188.31
0.976863 0.153225 -0.149202 -20.2025 -0.155137 0.987892 -0.00118925 -2.35606 0.147213 0.0243085 0.988806 189.689
0.977074 0.150784 -0.150299 -20.4196 -0.152926 0.988234 -0.00272541 -2.37667 0.148119 0.0256474 0.988637 191.076
0.976859 0.153026 -0.14943 -20.6774 -0.155172 0.987884 -0.00274074 -2.39563 0.1472 0.0258647 0.988769 192.601
0.977068 0.151103 -0.15002 -20.9063 -0.15302 0.988222 -0.00125056 -2.41379 0.148064 0.024178 0.988682 194.02
0.977066 0.150623 -0.150512 -21.1407 -0.152333 0.988329 0.000168674 -2.43666 0.148781 0.0227632 0.988608 195.48
0.976686 0.152746 -0.150844 -21.3781 -0.154592 0.987978 -0.000520457 -2.45194 0.148952 0.0238277 0.988557 196.926
0.976611 0.152388 -0.151689 -21.6109 -0.154507 0.987989 -0.00220753 -2.46495 0.149531 0.0255929 0.988426 198.365
0.976262 0.153622 -0.152687 -21.8436 -0.15592 0.987765 -0.00311735 -2.48224 0.15034 0.0268503 0.98827 199.776
0.976005 0.15452 -0.153419 -22.0808 -0.156809 0.987625 -0.00286096 -2.49995 0.151078 0.0268499 0.988157 201.247
0.975876 0.153811 -0.154946 -22.3187 -0.156096 0.987738 -0.00261983 -2.52235 0.152643 0.0267431 0.98792 202.689
0.975349 0.155658 -0.156414 -22.5476 -0.158102 0.987417 -0.00323091 -2.54935 0.153943 0.0278807 0.987686 204.176
0.974872 0.156675 -0.158361 -22.7693 -0.159131 0.987253 -0.00287134 -2.57532 0.155893 0.0279994 0.987377 205.568
0.974861 0.154755 -0.160299 -23.0054 -0.156942 0.987607 -0.00099321 -2.59186 0.158159 0.026126 0.987068 207.022
0.974907 0.155085 -0.159703 -23.2669 -0.157215 0.987564 -0.000709951 -2.59794 0.157607 0.0257998 0.987165 208.427
0.974927 0.153079 -0.161507 -23.5159 -0.155198 0.987883 -0.000510412 -2.61661 0.159472 0.0255631 0.986871 209.952
0.974804 0.152048 -0.163212 -23.7753 -0.154512 0.987988 -0.00243538 -2.63457 0.160881 0.0275922 0.986588 211.51
0.974684 0.15242 -0.163581 -24.042 -0.155099 0.987892 -0.00365432 -2.64789 0.161043 0.0289331 0.986523 213.051
0.974878 0.152232 -0.162598 -24.3324 -0.154859 0.98793 -0.00352676 -2.67399 0.160098 0.0286178 0.986686 214.665
0.975123 0.150546 -0.162698 -24.585 -0.152755 0.988263 -0.00108548 -2.6997 0.160625 0.0259115 0.986675 216.212
0.975384 0.149278 -0.162305 -24.8425 -0.151198 0.988503 0.00053015 -2.71991 0.160518 0.0240231 0.986741 217.729
0.975825 0.145709 -0.162893 -25.0958 -0.147454 0.989068 0.00139214 -2.73978 0.161315 0.0226607 0.986643 219.243
0.97632 0.142529 -0.16274 -25.3526 -0.144174 0.989551 0.00172176 -2.75901 0.161285 0.0217818 0.986668 220.809
0.976631 0.141057 -0.162159 -25.616 -0.142621 0.989775 0.00201258 -2.77904 0.160784 0.0211617 0.986763 222.328
0.976465 0.140585 -0.163562 -25.8907 -0.142334 0.989818 0.00103545 -2.797 0.162042 0.0222694 0.986532 223.979
0.976193 0.14113 -0.164709 -26.1742 -0.143136 0.989703 -0.000309317 -2.82473 0.16297 0.0238777 0.986342 225.619
0.976177 0.140893 -0.16501 -26.4397 -0.142829 0.989747 0.000131601 -2.8454 0.163337 0.0234398 0.986292 227.12
0.975898 0.141745 -0.165929 -26.7055 -0.143694 0.989622 0.000258316 -2.86548 0.164243 0.0235909 0.986138 228.647
0.975654 0.142907 -0.166363 -27.0271 -0.144893 0.989447 0.000197882 -2.88712 0.164636 0.0239118 0.986065 230.401
0.975518 0.141812 -0.168089 -27.2887 -0.143571 0.989639 0.0017018 -2.91237 0.166589 0.0224726 0.98577 231.933
0.975739 0.13864 -0.169449 -27.5723 -0.140162 0.990124 0.00300122 -2.93058 0.168192 0.020822 0.985534 233.519
0.97562 0.139578 -0.169362 -27.881 -0.141375 0.989955 0.00146314 -2.92975 0.167865 0.0225161 0.985553 235.195
0.975493 0.139029 -0.17054 -28.1546 -0.141107 0.989994 -6.27283e-05 -2.95618 0.168825 0.0241256 0.985351 236.838
0.975855 0.136538 -0.170481 -28.4227 -0.138554 0.990355 6.90409e-05 -2.96945 0.168847 0.0235536 0.985361 238.4
0.97569 0.139344 -0.169154 -28.7331 -0.141132 0.98999 0.0014672 -2.99093 0.167665 0.0224415 0.985588 239.989
0.975478 0.141196 -0.168836 -29.0212 -0.142903 0.989735 0.00205812 -3.01416 0.167393 0.0221195 0.985642 241.596
0.975655 0.141412 -0.167632 -29.3444 -0.143323 0.989676 0.000705803 -3.01866 0.166001 0.0233368 0.985849 243.289
0.975648 0.141565 -0.167545 -29.6493 -0.143869 0.989595 -0.00163217 -3.03357 0.16557 0.0256969 0.985863 245.031
0.975894 0.141142 -0.166464 -29.9349 -0.143478 0.989651 -0.00202918 -3.04653 0.164455 0.0258641 0.986045 246.584
0.975855 0.14065 -0.167106 -30.169 -0.142998 0.989721 -0.00204098 -3.07111 0.165101 0.0258875 0.985937 248.06
0.976042 0.138748 -0.167604 -30.4354 -0.141303 0.989961 -0.00335878 -3.09767 0.165456 0.0269613 0.985849 249.633
0.976163 0.138001 -0.167514 -30.7191 -0.139961 0.990157 0.00011049 -3.11734 0.16588 0.0233374 0.98587 251.348
0.976289 0.138077 -0.166715 -30.988 -0.139773 0.990182 0.00157333 -3.13249 0.165296 0.0217663 0.986004 252.822
0.976189 0.138543 -0.166917 -31.2829 -0.140445 0.990088 0.000408218 -3.15215 0.165319 0.0230443 0.985971 254.502
0.975514 0.145045 -0.165329 -31.5599 -0.14705 0.989129 0.000116945 -3.16476 0.163548 0.0241975 0.986239 256.006
0.975473 0.145462 -0.165206 -31.829 -0.147223 0.989102 0.00160701 -3.18397 0.163639 0.0227544 0.986258 257.592
0.975387 0.145932 -0.165299 -32.1675 -0.148074 0.988976 -0.000642298 -3.20886 0.163383 0.025103 0.986243 259.545
0.974767 0.150803 -0.164585 -32.4595 -0.153651 0.988114 -0.00463563 -3.22261 0.16193 0.0298074 0.986352 261.127
0.974714 0.151246 -0.16449 -32.7315 -0.154288 0.988009 -0.00580275 -3.24969 0.16164 0.0310349 0.986362 262.718
0.974487 0.15341 -0.163829 -32.9644 -0.156257 0.987706 -0.0045576 -3.27679 0.161116 0.0300408 0.986478 264.068
0.974736 0.153237 -0.162508 -33.2417 -0.155842 0.987776 -0.00333183 -3.30251 0.160011 0.0285733 0.986702 265.589
0.974516 0.154939 -0.162212 -33.4957 -0.157449 0.987524 -0.00264957 -3.32665 0.159777 0.028122 0.986752 267.03
0.97465 0.154734 -0.161603 -33.7492 -0.157377 0.987532 -0.00360569 -3.34489 0.15903 0.0289468 0.986849 268.504
0.975046 0.152174 -0.161642 -33.9989 -0.154933 0.987915 -0.00452846 -3.37557 0.158999 0.0294591 0.986839 270.017
0.975632 0.150368 -0.159788 -34.2564 -0.153232 0.988174 -0.00568607 -3.39887 0.157043 0.0300322 0.987135 271.443
0.975687 0.149985 -0.159812 -34.4762 -0.153009 0.988202 -0.00671833 -3.42055 0.156919 0.0310076 0.987125 272.781
0.975772 0.149436 -0.159804 -34.7094 -0.152457 0.988287 -0.00674731 -3.44641 0.156924 0.0309471 0.987126 274.156
0.976071 0.147267 -0.159995 -34.9268 -0.15013 0.988649 -0.00589068 -3.48189 0.157311 0.0297698 0.9871 275.5
0.975456 0.152694 -0.158649 -35.1688 -0.155495 0.987822 -0.00531913 -3.49301 0.155905 0.0298577 0.987321 276.815
0.975282 0.15359 -0.158855 -35.4119 -0.156454 0.987669 -0.00560363 -3.50958 0.156036 0.0303186 0.987286 278.226
0.974652 0.157225 -0.159166 -35.6469 -0.160372 0.987032 -0.00703941 -3.5323 0.155995 0.0323866 0.987227 279.616
0.974886 0.156187 -0.158756 -35.8672 -0.159349 0.987195 -0.00730792 -3.55456 0.155581 0.0324219 0.987291 280.914
0.975409 0.152686 -0.15895 -36.0657 -0.155599 0.987802 -0.00596948 -3.57842 0.156099 0.0305551 0.987269 282.15
0.975458 0.153345 -0.15801 -36.298 -0.156256 0.987698 -0.0060903 -3.59608 0.155132 0.0306308 0.987419 283.472
0.975081 0.155817 -0.157917 -36.5127 -0.158751 0.9873 -0.00605969 -3.62602 0.154967 0.0309781 0.987434 284.759
0.976072 0.14751 -0.159763 -36.6904 -0.150581 0.988571 -0.00721997 -3.65613 0.156872 0.0311044 0.987129 286.067
0.97663 0.143852 -0.159691 -36.9029 -0.14684 0.989135 -0.00700494 -3.68557 0.156948 0.0302902 0.987142 287.402
0.976491 0.147166 -0.157506 -37.1456 -0.150104 0.988646 -0.00685669 -3.70935 0.154709 0.0303377 0.987494 288.754
0.976166 0.150305 -0.156554 -37.3707 -0.153341 0.988146 -0.00742475 -3.73108 0.153582 0.0312539 0.987641 290.059
0.976455 0.148558 -0.156414 -37.5829 -0.151803 0.98837 -0.00894225 -3.7556 0.153267 0.0324759 0.987651 291.356
0.97607 0.153129 -0.154396 -37.8108 -0.156468 0.987636 -0.00964184 -3.77355 0.151011 0.0335692 0.987962 292.576
0.97608 0.15219 -0.155262 -37.9931 -0.155351 0.987824 -0.00835637 -3.80906 0.1521 0.0322765 0.987838 293.793
0.975988 0.153904 -0.154144 -38.2316 -0.156998 0.987566 -0.00803243 -3.82456 0.150991 0.0320399 0.988016 295.091
0.975717 0.156155 -0.153595 -38.4778 -0.159428 0.987167 -0.00914918 -3.84648 0.150195 0.0334143 0.988092 296.51
0.975548 0.157365 -0.153432 -38.6968 -0.160853 0.986922 -0.01051 -3.8713 0.149772 0.034933 0.988103 297.799
0.975278 0.159837 -0.152595 -38.9085 -0.163503 0.986474 -0.0117013 -3.88928 0.14866 0.0363617 0.98822 298.971
0.974694 0.1638 -0.152126 -39.1372 -0.167316 0.985847 -0.0105208 -3.91872 0.148249 0.0357076 0.988305 300.298
0.973855 0.169254 -0.151522 -39.3572 -0.172495 0.984975 -0.0084076 -3.94624 0.147822 0.0343246 0.988418 301.58
0.973672 0.172512 -0.149005 -39.6166 -0.175439 0.984468 -0.00662945 -3.97236 0.145547 0.0325963 0.988814 302.908
0.974215 0.168782 -0.149726 -39.8017 -0.171592 0.98515 -0.00595897 -4.01536 0.146497 0.0314972 0.98871 304.218
0.973577 0.171754 -0.150496 -40.0267 -0.175023 0.984526 -0.0086517 -4.03074 0.146681 0.0347634 0.988573 305.542
0.973332 0.172215 -0.151548 -40.2319 -0.17564 0.98441 -0.0094103 -4.07669 0.147565 0.0357773 0.988405 306.93
0.972817 0.174916 -0.151759 -40.4439 -0.178257 0.983946 -0.00858929 -4.10734 0.14782 0.0354079 0.98838 308.232
0.973481 0.170251 -0.152803 -40.6639 -0.173457 0.984811 -0.00780242 -4.13784 0.149154 0.0341002 0.988226 309.612
0.973385 0.168258 -0.155601 -40.8742 -0.171485 0.985158 -0.0074607 -4.17264 0.152036 0.0339454 0.987792 311.004
0.972823 0.169864 -0.157357 -41.1111 -0.173408 0.984809 -0.00896639 -4.19576 0.153444 0.0360097 0.987501 312.44
0.972363 0.17143 -0.158498 -41.3409 -0.17493 0.984546 -0.00829135 -4.21558 0.154627 0.0357882 0.987324 313.803
0.97166 0.174112 -0.159878 -41.5694 -0.177605 0.984072 -0.00771088 -4.23908 0.155989 0.0358876 0.987107 315.149
0.971165 0.175499 -0.161363 -41.8031 -0.179154 0.983786 -0.00827603 -4.26239 0.157294 0.0369462 0.98686 316.493
0.97204 0.167496 -0.16457 -42.0067 -0.171239 0.985191 -0.00872496 -4.30907 0.160672 0.0366619 0.986327 317.892
0.972245 0.163132 -0.167714 -42.2107 -0.166686 0.985984 -0.00723507 -4.35447 0.164183 0.0349898 0.985809 319.292
0.97128 0.168834 -0.167662 -42.4799 -0.172516 0.984978 -0.00753041 -4.36614 0.163872 0.0362384 0.985816 320.71
0.970539 0.173355 -0.167339 -42.7594 -0.176838 0.984222 -0.00602461 -4.38433 0.163654 0.0354389 0.985881 322.15
0.970145 0.175006 -0.167902 -43.0165 -0.178371 0.98395 -0.00505843 -4.40397 0.164322 0.0348563 0.985791 323.551
0.971306 0.16513 -0.171164 -43.258 -0.168745 0.985637 -0.00668698 -4.4343 0.167602 0.0353782 0.98522 325.096
0.970712 0.1672 -0.172517 -43.5333 -0.171328 0.985171 -0.0092129 -4.45324 0.168418 0.0385001 0.984963 326.539
0.970669 0.166599 -0.173337 -43.7793 -0.170706 0.985281 -0.00895291 -4.48256 0.169294 0.03828 0.984822 327.907
0.970256 0.168168 -0.174135 -44.0557 -0.172364 0.984991 -0.00915427 -4.50265 0.169982 0.0388967 0.984679 329.328
0.969792 0.17021 -0.174734 -44.2944 -0.174339 0.984649 -0.00844515 -4.53208 0.170614 0.038653 0.984579 330.59
0.969422 0.171371 -0.175653 -44.5327 -0.174902 0.984575 -0.00470582 -4.55955 0.172137 0.0352839 0.984441 331.898
0.968707 0.17324 -0.177749 -44.7795 -0.176675 0.984263 -0.00355949 -4.5923 0.174335 0.034852 0.984069 333.332
0.967936 0.175487 -0.179733 -45.0675 -0.179137 0.983815 -0.00415226 -4.61771 0.176096 0.036216 0.983707 334.859
0.967797 0.174235 -0.181692 -45.3109 -0.17779 0.984063 -0.00334041 -4.6441 0.178214 0.0355359 0.98335 336.23
0.967696 0.174107 -0.182347 -45.582 -0.177284 0.984159 -0.00113842 -4.67247 0.17926 0.0334287 0.983234 337.695
0.967672 0.174246 -0.182345 -45.9177 -0.177703 0.98408 -0.00266547 -4.68442 0.178977 0.0349825 0.983231 339.315
0.967524 0.173668 -0.183678 -46.2218 -0.177773 0.984053 -0.00599603 -4.72164 0.179708 0.0384543 0.982968 340.971
0.967201 0.177346 -0.181856 -46.5737 -0.181875 0.983286 -0.0084046 -4.72778 0.177326 0.041204 0.983289 342.576
0.967261 0.177569 -0.181316 -46.8093 -0.181729 0.983328 -0.00645766 -4.75446 0.177147 0.0391966 0.983404 343.825
0.967423 0.177963 -0.180062 -47.0806 -0.181838 0.983315 -0.00511184 -4.78364 0.176148 0.0376874 0.983642 345.227
0.96718 0.180916 -0.178415 -47.3608 -0.184962 0.982726 -0.00616903 -4.79168 0.174217 0.0389666 0.983936 346.558
0.96772 0.179037 -0.177383 -47.6533 -0.183076 0.983077 -0.00653444 -4.82085 0.173211 0.038798 0.98412 348.061
0.967935 0.17915 -0.176091 -47.9627 -0.183429 0.982999 -0.00819288 -4.8381 0.171629 0.0402302 0.98434 349.551
0.967584 0.182044 -0.175046 -48.2423 -0.186323 0.982454 -0.0081914 -4.8584 0.170483 0.0405409 0.984526 350.934
0.968961 0.171353 -0.178192 -48.4381 -0.175423 0.984467 -0.00722238 -4.90553 0.174186 0.0382571 0.983969 352.194
0.967457 0.179488 -0.178359 -48.7224 -0.183639 0.98297 -0.00690518 -4.92061 0.174082 0.0394341 0.983941 353.59
0.966689 0.182376 -0.179585 -48.9646 -0.186325 0.982474 -0.0052317 -4.94937 0.175483 0.0385186 0.983729 354.913
0.96543 0.188034 -0.180523 -49.2581 -0.19213 0.981355 -0.00531472 -4.96279 0.176158 0.0398148 0.983556 356.376
0.965356 0.187573 -0.181397 -49.5341 -0.192026 0.981364 -0.00714616 -4.99557 0.176676 0.0417315 0.983384 357.82
0.964308 0.191008 -0.183372 -49.8536 -0.195914 0.980581 -0.00884933 -5.02201 0.178121 0.0444587 0.983004 359.404
0.964056 0.189976 -0.185757 -50.1097 -0.194709 0.980833 -0.00740529 -5.06261 0.18079 0.0433077 0.982568 360.795
0.964488 0.186282 -0.187249 -50.3374 -0.190609 0.981652 -0.00521389 -5.09595 0.182842 0.0407201 0.982299 362.009
0.964278 0.184506 -0.190068 -50.5902 -0.188711 0.982024 -0.00410515 -5.12545 0.185894 0.0398264 0.981762 363.392
0.96379 0.187304 -0.189803 -50.891 -0.191823 0.981414 -0.0055511 -5.13753 0.185236 0.0417586 0.981806 364.772
0.963121 0.189224 -0.191292 -51.1484 -0.193897 0.981005 -0.00583334 -5.15056 0.186555 0.0427091 0.981516 366.032
0.962704 0.189876 -0.192739 -51.4135 -0.194388 0.980914 -0.00459591 -5.16871 0.188188 0.0418906 0.981239 367.359
0.962497 0.190249 -0.193401 -51.666 -0.19469 0.980857 -0.00404013 -5.18744 0.18893 0.0415419 0.981111 368.576
0.963885 0.178606 -0.197551 -51.91 -0.183112 0.983081 -0.00463069 -5.23263 0.193382 0.0406375 0.980282 369.938
0.96399 0.177393 -0.19813 -52.1995 -0.181988 0.983288 -0.0050786 -5.25321 0.193918 0.0409529 0.980163 371.281
0.963602 0.179369 -0.198236 -52.4798 -0.183944 0.982925 -0.00475529 -5.26881 0.193998 0.0410465 0.980143 372.512
0.963455 0.177247 -0.200845 -52.7484 -0.181918 0.983302 -0.00489083 -5.30016 0.196624 0.0412494 0.979611 373.889
0.963308 0.176082 -0.202564 -53.023 -0.18074 0.98352 -0.0045842 -5.32208 0.198418 0.0410274 0.979258 375.184
0.963199 0.174473 -0.204465 -53.3063 -0.179142 0.983813 -0.00440457 -5.35444 0.200387 0.0408708 0.978864 376.554
0.963028 0.17364 -0.205978 -53.601 -0.17851 0.983925 -0.00515268 -5.3703 0.201772 0.0417313 0.978543 377.936
0.962748 0.175021 -0.206117 -53.8931 -0.179753 0.983702 -0.00430737 -5.38562 0.202004 0.041197 0.978518 379.225
0.962922 0.173578 -0.206525 -54.1955 -0.17786 0.984053 -0.00220345 -5.41616 0.202849 0.0388543 0.978439 380.679
0.962379 0.177105 -0.206059 -54.5151 -0.181642 0.98336 -0.00315606 -5.42491 0.202071 0.0404662 0.978535 382.044
0.961978 0.18082 -0.204699 -54.8185 -0.185696 0.982596 -0.00470459 -5.43792 0.200286 0.0425376 0.978814 383.352
0.962227 0.178715 -0.205377 -55.1041 -0.18353 0.983004 -0.00447955 -5.47582 0.201086 0.0420032 0.978673 384.738
0.962284 0.178754 -0.205078 -55.3997 -0.183371 0.983037 -0.00357429 -5.49349 0.20096 0.0410447 0.978739 386.07
0.963236 0.174493 -0.204273 -55.701 -0.178673 0.983906 -0.00205302 -5.51727 0.200628 0.0384757 0.978912 387.512
0.963602 0.171767 -0.204859 -55.992 -0.175606 0.98446 -0.000572217 -5.53841 0.201577 0.0365259 0.978791 388.893
0.963949 0.169221 -0.205347 -56.2909 -0.173195 0.984886 -0.00140123 -5.56863 0.202006 0.0369158 0.978688 390.307
0.963858 0.169376 -0.205646 -56.591 -0.173636 0.984806 -0.00270955 -5.58923 0.202062 0.038319 0.978623 391.694
0.963154 0.174646 -0.204534 -56.8938 -0.179136 0.983818 -0.00350098 -5.60011 0.200613 0.0400114 0.978853 392.99
0.963756 0.170867 -0.204889 -57.1854 -0.175095 0.984548 -0.00254763 -5.63132 0.201287 0.0383303 0.978782 394.358
0.963859 0.169859 -0.205242 -57.4906 -0.173916 0.984759 -0.00175677 -5.65386 0.201816 0.0373882 0.97871 395.752
0.963541 0.171589 -0.205295 -57.8066 -0.175824 0.984419 -0.00242778 -5.66937 0.201679 0.038435 0.978697 397.146
0.963854 0.167937 -0.20684 -58.0657 -0.172141 0.98507 -0.00236205 -5.69888 0.203355 0.0378822 0.978372 398.411
0.965131 0.156762 -0.209639 -58.3352 -0.160764 0.986991 -0.00207525 -5.75076 0.206587 0.0357053 0.977777 399.837
0.965182 0.15588 -0.210059 -58.6673 -0.160069 0.987101 -0.00298152 -5.77256 0.206885 0.0365016 0.977684 401.28
0.965347 0.154089 -0.210622 -58.9601 -0.15822 0.9874 -0.00279935 -5.7909 0.207537 0.036027 0.977564 402.596
0.966766 0.141048 -0.213233 -59.1987 -0.144819 0.989456 -0.00208837 -5.82889 0.21069 0.0328992 0.976999 403.872
0.966738 0.141873 -0.212813 -59.52 -0.145523 0.989354 -0.0015036 -5.8405 0.210334 0.0324228 0.977092 405.214
0.96656 0.14415 -0.212089 -59.8446 -0.147707 0.989031 -0.000938865 -5.86363 0.209628 0.0322346 0.97725 406.623
0.966779 0.141673 -0.212761 -60.1599 -0.145433 0.989366 -0.0020459 -5.8941 0.210208 0.0329203 0.977102 408.092
0.966293 0.146185 -0.211914 -60.4853 -0.150358 0.988625 -0.00362224 -5.90776 0.208974 0.0353632 0.977282 409.465
0.966285 0.146833 -0.211504 -60.8065 -0.150652 0.988585 -0.00196666 -5.93207 0.208801 0.0337639 0.977375 410.897
0.966293 0.146281 -0.21185 -61.149 -0.150269 0.988641 -0.00275773 -5.95835 0.20904 0.0344992 0.977298 412.413
0.966498 0.145597 -0.211383 -61.4744 -0.149868 0.988697 -0.00423671 -5.97519 0.208377 0.0357744 0.977394 413.764
0.965918 0.149763 -0.211123 -61.828 -0.154115 0.988044 -0.00421259 -6.00295 0.207968 0.0366061 0.97745 415.354
0.965679 0.153385 -0.209613 -62.1437 -0.15754 0.987508 -0.00317063 -6.02099 0.206508 0.0360843 0.977779 416.679
0.965736 0.153636 -0.209165 -62.4751 -0.15862 0.987314 -0.00716083 -6.05172 0.205411 0.0400932 0.977854 418.155
0.965627 0.153523 -0.209751 -62.8304 -0.158648 0.987305 -0.00772398 -6.07401 0.205903 0.040735 0.977724 419.763
0.965685 0.153994 -0.209135 -63.1444 -0.158976 0.987257 -0.00712218 -6.09985 0.205373 0.0401253 0.977861 421.134
0.965958 0.152873 -0.208697 -63.4862 -0.157287 0.987542 -0.00461899 -6.12851 0.205391 0.0372871 0.977969 422.646
0.965585 0.156879 -0.207447 -63.837 -0.16138 0.98688 -0.00484649 -6.14976 0.203965 0.0381575 0.978234 424.14
0.965225 0.159115 -0.20742 -64.1587 -0.163489 0.986537 -0.00400729 -6.17684 0.20399 0.0377789 0.978244 425.646
0.963929 0.169037 -0.205592 -64.5045 -0.173779 0.984772 -0.00509431 -6.18065 0.2016 0.0406381 0.978625 427.012
0.963537 0.171711 -0.205211 -64.8361 -0.17655 0.984277 -0.00536835 -6.21534 0.201062 0.0414025 0.978703 428.485
0.963517 0.172147 -0.204939 -65.1497 -0.177396 0.984112 -0.00737811 -6.23247 0.200413 0.0434643 0.978747 429.868
0.963507 0.173155 -0.204135 -65.4697 -0.178386 0.983933 -0.00736352 -6.26402 0.19958 0.0435097 0.978915 431.282
0.963555 0.17479 -0.20251 -65.834 -0.179963 0.983646 -0.00727343 -6.29249 0.197927 0.0434527 0.979253 432.895
0.962699 0.181299 -0.200851 -66.1828 -0.186537 0.982421 -0.00730765 -6.32057 0.195995 0.0445013 0.979595 434.314
0.962449 0.183743 -0.199828 -66.4948 -0.188965 0.981957 -0.00721263 -6.351 0.194898 0.0447023 0.979804 435.737
0.962037 0.186834 -0.198942 -66.7954 -0.192112 0.981345 -0.00738817 -6.37921 0.19385 0.0453268 0.979984 437.099
0.961551 0.189272 -0.198986 -67.1192 -0.194498 0.980879 -0.00686781 -6.42049 0.193881 0.0453061 0.979978 438.561
0.96088 0.191788 -0.199819 -67.4808 -0.197242 0.980326 -0.00756116 -6.44699 0.194438 0.0466781 0.979804 440.205
0.961607 0.186791 -0.201052 -67.8275 -0.192518 0.981251 -0.00914245 -6.48866 0.195574 0.0474975 0.979538 441.781
0.962051 0.180987 -0.20421 -68.1206 -0.186774 0.982359 -0.00926625 -6.53098 0.198931 0.0470559 0.978883 443.219
0.960911 0.185625 -0.205411 -68.4756 -0.191212 0.98152 -0.00751292 -6.56089 0.200221 0.0464964 0.978647 444.736
0.960886 0.18257 -0.208248 -68.8127 -0.18807 0.982132 -0.00675414 -6.5883 0.203294 0.0456552 0.978053 446.302
0.96034 0.180854 -0.212225 -69.1014 -0.186295 0.982477 -0.00575797 -6.62821 0.207465 0.045066 0.977204 447.658
0.959324 0.182967 -0.214989 -69.4564 -0.18828 0.982106 -0.00431989 -6.6548 0.210351 0.0446222 0.976607 449.12
0.957991 0.184508 -0.219569 -69.8032 -0.189878 0.981802 -0.00342103 -6.68465 0.214942 0.0449687 0.975591 450.675
0.957201 0.183749 -0.223613 -70.1485 -0.188895 0.981996 -0.0016543 -6.71763 0.219283 0.043823 0.974677 452.123
0.956635 0.179966 -0.229043 -70.4689 -0.184795 0.982777 0.000370964 -6.75266 0.225165 0.0419712 0.973416 453.538
0.955348 0.182679 -0.232248 -70.8358 -0.187333 0.982294 0.00205161 -6.7654 0.228511 0.0415477 0.972654 454.973
0.953832 0.186521 -0.235402 -71.255 -0.191757 0.981442 0.000661642 -6.77404 0.231156 0.0445088 0.971898 456.562
0.952612 0.189183 -0.238201 -71.6555 -0.195451 0.98071 -0.00275287 -6.79054 0.233085 0.0491789 0.971212 458.058
0.951235 0.190922 -0.242284 -72.0447 -0.197989 0.980192 -0.0049284 -6.82527 0.236544 0.0526577 0.970193 459.623
0.951104 0.186626 -0.246114 -72.4781 -0.193659 0.981059 -0.00446566 -6.86122 0.240619 0.0519096 0.969231 461.388
0.951137 0.183479 -0.248342 -72.8584 -0.190481 0.981682 -0.00425029 -6.88839 0.243013 0.0513472 0.968663 462.838
0.952063 0.176173 -0.250079 -73.1969 -0.182873 0.98313 -0.0036223 -6.92579 0.245222 0.0491813 0.968219 464.192
0.952494 0.169973 -0.252714 -73.5138 -0.17644 0.984307 -0.00297841 -6.95828 0.248242 0.0474258 0.967536 465.512
0.952886 0.167893 -0.252626 -73.8679 -0.173414 0.984849 0.000417234 -6.98206 0.248868 0.0434113 0.967564 466.84
0.952354 0.171479 -0.252225 -74.2514 -0.177246 0.984167 -0.000146412 -6.99775 0.248206 0.0448453 0.967669 468.253
0.952528 0.171818 -0.251336 -74.6281 -0.177982 0.984032 -0.00182039 -7.01677 0.24701 0.0464671 0.967898 469.664
0.952672 0.174506 -0.248926 -74.9775 -0.181301 0.983417 -0.00445174 -7.04137 0.244021 0.0493716 0.968512 470.955
0.953344 0.175859 -0.245376 -75.3183 -0.182823 0.983129 -0.00571151 -7.06812 0.240232 0.0503054 0.969411 472.265
0.954265 0.177532 -0.24054 -75.6756 -0.184666 0.982775 -0.00725824 -7.09044 0.235109 0.0513459 0.970612 473.599
0.955266 0.17988 -0.234756 -76.0363 -0.18737 0.982241 -0.00980738 -7.12425 0.228822 0.0533547 0.972005 475.011
0.956386 0.183056 -0.227633 -76.3753 -0.19102 0.981496 -0.013267 -7.14982 0.220993 0.0561709 0.973657 476.338
0.957675 0.184924 -0.220594 -76.6776 -0.193119 0.981045 -0.015987 -7.18244 0.213456 0.0579112 0.975235 477.534
0.958989 0.185313 -0.214477 -76.9707 -0.193368 0.980979 -0.0170184 -7.22082 0.207243 0.0577934 0.976581 478.818
0.961236 0.181224 -0.207804 -77.2939 -0.189021 0.981806 -0.0181284 -7.26077 0.200738 0.0567049 0.978002 480.247
0.963677 0.171314 -0.204884 -77.5361 -0.178926 0.983678 -0.0190776 -7.31595 0.198271 0.0550436 0.9786 481.562
0.964515 0.173815 -0.198746 -77.8163 -0.181529 0.983159 -0.0211281 -7.35062 0.191727 0.0564565 0.979823 482.834
0.965657 0.17399 -0.192962 -78.0856 -0.181774 0.983065 -0.0232554 -7.39955 0.185648 0.0575322 0.980931 484.106
0.96663 0.171943 -0.189898 -78.316 -0.179818 0.983384 -0.0249112 -7.45267 0.182459 0.0582269 0.981488 485.375
0.968231 0.167145 -0.185989 -78.5919 -0.174738 0.984295 -0.0250886 -7.50988 0.178875 0.0567909 0.982231 486.772
0.970024 0.160028 -0.182877 -78.8433 -0.167388 0.985563 -0.0254435 -7.57009 0.176165 0.0552922 0.982807 488.226
0.970929 0.160812 -0.177302 -79.1181 -0.167959 0.985452 -0.0259652 -7.6207 0.170547 0.0549898 0.983814 489.621
0.971162 0.16635 -0.170796 -79.4398 -0.17365 0.984391 -0.0286216 -7.67596 0.163369 0.0574549 0.984891 491.088
0.972941 0.15967 -0.167005 -79.651 -0.167161 0.98542 -0.0317108 -7.72807 0.159507 0.0587695 0.985446 492.319
0.97392 0.156801 -0.16399 -79.8595 -0.16433 0.985843 -0.0333148 -7.78041 0.156445 0.0593945 0.985899 493.564
0.973511 0.164757 -0.158527 -80.0883 -0.171891 0.984586 -0.032296 -7.83749 0.150763 0.0586899 0.986826 494.768
0.973939 0.165333 -0.155265 -80.2937 -0.172339 0.984495 -0.0327078 -7.89416 0.14745 0.0586135 0.987331 496.022
0.974419 0.167057 -0.150332 -80.5178 -0.174082 0.984118 -0.0347579 -7.94984 0.142137 0.0600387 0.988024 497.278
0.975 0.165509 -0.148264 -80.7109 -0.172643 0.984307 -0.0365219 -8.01855 0.139892 0.0612055 0.988273 498.545
0.975606 0.16427 -0.145632 -80.907 -0.171121 0.984601 -0.0357461 -8.07391 0.137517 0.0597947 0.988693 499.788
0.975887 0.16643 -0.141229 -81.1308 -0.173093 0.98424 -0.0361921 -8.13233 0.13298 0.0597651 0.989315 501.119
0.976355 0.165817 -0.138696 -81.3627 -0.172466 0.984309 -0.0372927 -8.20565 0.130336 0.0603312 0.989633 502.629
0.976583 0.167223 -0.135359 -81.5727 -0.174098 0.983892 -0.0405704 -8.28005 0.126394 0.063186 0.989966 503.979
0.976724 0.169296 -0.131719 -81.7519 -0.176029 0.983523 -0.0411828 -8.34666 0.122577 0.0634105 0.990431 505.182
0.976882 0.169746 -0.129955 -81.9139 -0.176178 0.98356 -0.0396263 -8.4123 0.121092 0.0616054 0.990728 506.436
0.977108 0.169753 -0.128237 -82.0648 -0.176025 0.983606 -0.0391835 -8.47464 0.119483 0.0608594 0.990969 507.649
0.978119 0.165926 -0.125505 -82.2283 -0.171988 0.984325 -0.0390438 -8.53935 0.117059 0.0597749 0.991324 508.867
0.979259 0.159835 -0.124514 -82.3722 -0.165933 0.985318 -0.0401778 -8.60916 0.116264 0.0600054 0.991404 510.044
0.979213 0.162474 -0.121424 -82.5636 -0.168627 0.984777 -0.0421749 -8.67196 0.112723 0.0617736 0.991704 511.353
0.979768 0.160452 -0.119623 -82.7282 -0.166598 0.985078 -0.043212 -8.74867 0.110905 0.0622667 0.991879 512.62
0.979494 0.162881 -0.118579 -82.8736 -0.168919 0.984704 -0.0427222 -8.82235 0.109806 0.0618764 0.992025 513.852
0.980106 0.160126 -0.117272 -83.0299 -0.165948 0.985255 -0.0416326 -8.90054 0.108876 0.0602655 0.992227 515.144
0.979893 0.162975 -0.115103 -83.2 -0.168624 0.984823 -0.0411132 -8.96201 0.106655 0.0596956 0.992502 516.42
0.979937 0.163542 -0.113923 -83.3609 -0.169068 0.984768 -0.0405954 -9.03855 0.105549 0.0590416 0.99266 517.715
0.980188 0.162597 -0.113111 -83.5229 -0.16823 0.984848 -0.042117 -9.11634 0.104549 0.0603113 0.992689 519.037
0.980737 0.158257 -0.114493 -83.6697 -0.164234 0.985406 -0.0447416 -9.19514 0.105742 0.0626835 0.992416 520.421
0.981142 0.155803 -0.114391 -83.83 -0.162036 0.985649 -0.0473237 -9.28039 0.105376 0.0649667 0.992308 521.833
