1 0 0 0 0 1 0 0 0 0 1 0
0.999989 -0.000189613 0.00470752 -0.00579501 0.000189604 1 2.33985e-06 -0.0103882 -0.00470752 -1.44726e-06 0.999989 0.649635
0.999963 0.000279928 0.00864551 0.0067188 -0.000284482 1 0.000525499 -0.0159714 -0.00864536 -0.000527939 0.999962 1.32747
0.999932 -0.00453878 0.010724 0.0435495 0.00454766 0.999989 -0.000804111 -0.0218138 -0.0107203 0.000852826 0.999942 2.00999
0.999855 -0.00734396 0.015351 0.0536798 0.00738215 0.99997 -0.00243227 -0.0339904 -0.0153326 0.00254524 0.999879 2.69599
0.999747 -0.0116542 0.0192212 0.101933 0.0117601 0.999916 -0.00540558 -0.0438597 -0.0191566 0.00563026 0.999801 3.54074
0.999608 -0.0155503 0.0232721 0.132429 0.0157052 0.999856 -0.00648801 -0.0576513 -0.0231678 0.00685096 0.999708 4.22152
0.999393 -0.0179245 0.0298885 0.141735 0.0181488 0.999809 -0.00724987 -0.0686318 -0.0297528 0.00778791 0.999527 4.94807
0.999227 -0.0179514 0.03498 0.165697 0.018212 0.999809 -0.00714426 -0.0819811 -0.034845 0.00777579 0.999362 5.6169
0.998983 -0.0214503 0.0396584 0.198837 0.0217958 0.999728 -0.00830066 -0.0932791 -0.0394696 0.0091566 0.999179 6.27286
0.998739 -0.0210756 0.0455673 0.216654 0.021517 0.999726 -0.00921853 -0.1119 -0.0453605 0.0101874 0.998919 6.92659
0.998461 -0.022729 0.0505902 0.253043 0.0233198 0.999666 -0.0111193 -0.129965 -0.0503205 0.012282 0.998658 7.5802
0.998263 -0.0193876 0.0556297 0.289972 0.0201692 0.999705 -0.013523 -0.142191 -0.0553512 0.0146215 0.99836 8.22798
0.997972 -0.0192829 0.0606608 0.330206 0.0201401 0.999705 -0.0135514 -0.155632 -0.0603816 0.0147457 0.998066 8.85653
0.99765 -0.0224824 0.0647165 0.379015 0.0233705 0.999642 -0.0129977 -0.171309 -0.0644011 0.0144796 0.997819 9.50562
0.997451 -0.0217118 0.0679774 0.431096 0.0226468 0.999659 -0.013015 -0.192607 -0.0676717 0.0145213 0.997602 10.1663
0.997241 -0.0189947 0.0717646 0.473138 0.0201029 0.999689 -0.0147519 -0.20793 -0.0714621 0.0161538 0.997312 10.8205
0.997082 -0.0202519 0.0736043 0.531928 0.021648 0.9996 -0.0182207 -0.229623 -0.0732058 0.0197609 0.997121 11.5022
0.99675 -0.0252773 0.0764905 0.590057 0.0269738 0.999411 -0.0212272 -0.250182 -0.0759089 0.0232215 0.996844 12.1531
0.996527 -0.0282695 0.0783191 0.652324 0.0302863 0.999236 -0.024684 -0.272507 -0.0775615 0.0269702 0.996623 12.774
0.99633 -0.0308319 0.0798548 0.707356 0.0326838 0.999224 -0.0219884 -0.295682 -0.0791149 0.0245177 0.996564 13.3785
0.996132 -0.0358637 0.0802123 0.771106 0.0376744 0.999066 -0.0211755 -0.321983 -0.0793779 0.0241155 0.996553 14.005
0.995967 -0.039115 0.0807473 0.827862 0.0409138 0.998947 -0.0207432 -0.339246 -0.079851 0.0239633 0.996519 14.638
0.995698 -0.0434176 0.0818538 0.884256 0.045281 0.998753 -0.0210475 -0.359962 -0.0808379 0.0246634 0.996422 15.2586
0.995634 -0.0442353 0.0822015 0.929524 0.0460494 0.998733 -0.0203056 -0.381209 -0.0811991 0.0240023 0.996409 15.8773
0.995806 -0.0425876 0.0809763 0.982174 0.0442616 0.998839 -0.0189908 -0.400551 -0.0800736 0.0224953 0.996535 16.5132
0.995823 -0.0436134 0.0802202 1.0357 0.0453407 0.998775 -0.0198369 -0.420451 -0.0792567 0.0233912 0.99658 17.1592
0.995853 -0.0457403 0.0786456 1.09176 0.0474501 0.998673 -0.0200096 -0.439236 -0.077626 0.0236583 0.996702 17.7807
0.995796 -0.0480557 0.0779778 1.14235 0.0498986 0.998515 -0.0218583 -0.457869 -0.0768116 0.0256573 0.996715 18.411
0.995708 -0.0506537 0.0774635 1.19011 0.0524479 0.998396 -0.0213054 -0.477064 -0.07626 0.0252767 0.996768 19.0281
0.995657 -0.0517011 0.0774226 1.23512 0.0533649 0.998383 -0.0195759 -0.498528 -0.0762853 0.0236225 0.996806 19.6592
0.995639 -0.053183 0.0766456 1.29518 0.05467 0.998352 -0.0174327 -0.521227 -0.0755922 0.0215469 0.996906 20.3039
0.995775 -0.0521214 0.0756064 1.35182 0.0535616 0.998417 -0.0171474 -0.544553 -0.074593 0.0211246 0.99699 20.9714
0.995786 -0.052038 0.0755131 1.4038 0.0535325 0.998406 -0.0179025 -0.569898 -0.074461 0.0218694 0.996984 21.6164
0.995804 -0.0524979 0.0749533 1.46096 0.0541717 0.998322 -0.0204736 -0.596511 -0.0737527 0.0244481 0.996977 22.279
0.995813 -0.0523015 0.0749704 1.51809 0.0542649 0.998229 -0.0243951 -0.618759 -0.0735617 0.0283613 0.996887 22.9294
0.995947 -0.051979 0.0734024 1.57982 0.0538293 0.998275 -0.0234573 -0.646358 -0.0720564 0.0273134 0.997027 23.5352
0.995896 -0.0539486 0.0726617 1.63538 0.0557868 0.998166 -0.023509 -0.671164 -0.0712602 0.0274661 0.99708 24.1659
0.995642 -0.0593893 0.0719028 1.6862 0.0609438 0.997948 -0.0196206 -0.691211 -0.07059 0.0239172 0.997219 24.7725
0.995516 -0.0618353 0.07158 1.73291 0.0632938 0.997827 -0.0182867 -0.713639 -0.0702937 0.0227353 0.997267 25.4043
0.995108 -0.0682509 0.0714301 1.78942 0.0696513 0.997421 -0.0172982 -0.732228 -0.0700653 0.0221888 0.997296 26.0474
0.994951 -0.0703027 0.0716241 1.83921 0.0717834 0.997252 -0.0183101 -0.750974 -0.07014 0.023359 0.997264 26.7039
0.994859 -0.0722184 0.0709933 1.89907 0.0740024 0.996997 -0.0228252 -0.773461 -0.0691317 0.0279615 0.997216 27.3539
0.994715 -0.0751229 0.0699874 1.96207 0.0770679 0.996699 -0.0255145 -0.796597 -0.0678397 0.0307734 0.997222 27.9774
0.994652 -0.0738578 0.072194 1.99793 0.0758785 0.996787 -0.0256551 -0.820685 -0.0700672 0.0309959 0.997061 28.6019
0.994555 -0.0736972 0.073687 2.04231 0.0756095 0.99686 -0.0235033 -0.845675 -0.0717236 0.0289468 0.997004 29.2001
0.994683 -0.0709838 0.0746164 2.08974 0.0728021 0.997105 -0.0219342 -0.867351 -0.0728434 0.0272498 0.996971 29.8315
0.9948 -0.0665231 0.0771168 2.12494 0.0685365 0.997366 -0.0237599 -0.891122 -0.0753331 0.0289217 0.996739 30.4647
0.994784 -0.0644762 0.0790435 2.16094 0.06657 0.99749 -0.0241438 -0.912921 -0.0772883 0.0292798 0.996579 31.073
0.994643 -0.0635557 0.0815269 2.20236 0.0656608 0.997568 -0.0234024 -0.927934 -0.0798413 0.0286302 0.996396 31.69
0.994458 -0.0648593 0.0827469 2.25686 0.0667089 0.997576 -0.0197845 -0.948669 -0.0812632 0.0251948 0.996374 32.3276
0.994381 -0.0622944 0.0855936 2.29999 0.0642142 0.997739 -0.0198594 -0.974224 -0.0841629 0.0252441 0.996132 33.0196
0.994291 -0.0622235 0.0866844 2.36126 0.0643338 0.997691 -0.0217646 -0.999254 -0.08513 0.0272171 0.995998 33.7181
0.994177 -0.0615072 0.0884817 2.41936 0.0638504 0.997673 -0.0238972 -1.02483 -0.086806 0.0294076 0.995791 34.4141
0.993868 -0.0647541 0.0896302 2.48919 0.0672464 0.997421 -0.0250683 -1.04802 -0.0877758 0.0309419 0.99566 35.0707
0.993643 -0.0654725 0.0915783 2.54931 0.0679473 0.997396 -0.0241696 -1.07547 -0.0897574 0.0302384 0.995505 35.7338
0.993403 -0.0656883 0.0939984 2.61571 0.0683086 0.997353 -0.0249315 -1.09926 -0.0921118 0.031188 0.99526 36.4371
0.993295 -0.0663295 0.0946822 2.6948 0.0689558 0.997313 -0.0247375 -1.12782 -0.092787 0.0311005 0.9952 37.1655
0.992843 -0.0702074 0.096611 2.77323 0.0730142 0.996996 -0.0258262 -1.15545 -0.0945076 0.0326953 0.994987 37.85
0.992606 -0.0711637 0.0983342 2.8544 0.0741764 0.996871 -0.0273245 -1.18508 -0.096082 0.0344165 0.994778 38.5987
0.992193 -0.0731628 0.100999 2.94304 0.0763939 0.99667 -0.0284985 -1.21607 -0.0985775 0.0359917 0.994478 39.3828
0.992271 -0.0710708 0.101722 3.02538 0.0742258 0.99686 -0.0275698 -1.24485 -0.099443 0.0349071 0.994431 40.0597
0.991753 -0.0738553 0.104744 3.09869 0.0770094 0.996681 -0.0263892 -1.26965 -0.102447 0.0342378 0.994149 40.7531
0.991492 -0.0746039 0.106671 3.18407 0.0777945 0.996629 -0.0260636 -1.29821 -0.104367 0.0341403 0.993953 41.4861
0.991171 -0.07462 0.109597 3.26785 0.0781293 0.996548 -0.0280768 -1.32889 -0.107123 0.0363916 0.993579 42.1824
0.990858 -0.0739148 0.112863 3.34477 0.0778505 0.996487 -0.0308655 -1.35514 -0.110185 0.0393697 0.993131 42.8465
0.9902 -0.0767104 0.116706 3.42323 0.080841 0.996242 -0.0310746 -1.38155 -0.113884 0.0402047 0.99268 43.5367
0.989607 -0.0812617 0.11864 3.52461 0.0853732 0.995898 -0.029986 -1.4108 -0.115716 0.039803 0.992485 44.2285
0.989082 -0.0817213 0.122631 3.59736 0.085713 0.995937 -0.0276274 -1.4422 -0.119875 0.0378368 0.992068 44.9409
0.988573 -0.0826002 0.126097 3.69168 0.0868264 0.995819 -0.0283859 -1.47278 -0.123225 0.0390101 0.991612 45.6458
0.988144 -0.0841182 0.128439 3.79429 0.0883924 0.995694 -0.0279389 -1.50457 -0.125535 0.0389606 0.991324 46.3874
0.987612 -0.0836072 0.132787 3.87794 0.0880235 0.995732 -0.0277342 -1.53331 -0.129902 0.039079 0.990756 47.1022
0.98746 -0.0835011 0.133978 3.99039 0.087922 0.99575 -0.0274166 -1.5609 -0.13112 0.0388524 0.990605 47.7999
0.987033 -0.0833513 0.137177 4.08946 0.0879289 0.995743 -0.0276446 -1.5842 -0.134289 0.039348 0.990161 48.4905
0.986651 -0.0843808 0.139286 4.20374 0.089157 0.995612 -0.028404 -1.61575 -0.136278 0.0404431 0.989845 49.2123
0.986064 -0.0830077 0.144178 4.28329 0.088001 0.99571 -0.028597 -1.64852 -0.141186 0.0408863 0.989138 49.9066
0.985664 -0.0837728 0.146452 4.39083 0.0886564 0.995693 -0.0271309 -1.6768 -0.143549 0.0397259 0.988846 50.6295
0.98529 -0.0856784 0.14786 4.49954 0.0900709 0.995664 -0.0232588 -1.70302 -0.145226 0.0362345 0.988735 51.2833
0.984673 -0.087476 0.150888 4.6022 0.0917338 0.995552 -0.0214788 -1.73288 -0.148338 0.0349912 0.988317 51.9998
0.984342 -0.0872499 0.153158 4.72486 0.0918165 0.995511 -0.0229875 -1.76385 -0.150465 0.03669 0.987934 52.7198
0.983728 -0.0858912 0.157802 4.81411 0.0912404 0.995464 -0.0269587 -1.78981 -0.15477 0.0409179 0.987103 53.3967
0.983339 -0.084927 0.160723 4.91529 0.0909052 0.995401 -0.0302019 -1.81953 -0.157419 0.0443093 0.986537 54.0479
0.982844 -0.0874946 0.162365 5.03685 0.0935734 0.995155 -0.0301625 -1.84513 -0.158939 0.0448381 0.98627 54.7134
0.98224 -0.0902806 0.164481 5.15384 0.0963786 0.994909 -0.0294623 -1.86759 -0.160984 0.0447915 0.98594 55.3725
0.981485 -0.0935503 0.16714 5.27365 0.0994809 0.994661 -0.0274513 -1.90015 -0.16368 0.0435703 0.985551 56.0649
0.981424 -0.0915332 0.168606 5.39143 0.0974069 0.994881 -0.0268842 -1.93244 -0.165282 0.0428082 0.985317 56.7203
0.981203 -0.0888515 0.171304 5.49903 0.0947124 0.995156 -0.0263329 -1.95894 -0.168135 0.0420625 0.984866 57.3507
0.980535 -0.0919385 0.173488 5.61737 0.0983136 0.994747 -0.0285002 -1.98717 -0.169956 0.0450016 0.984424 57.9887
0.980029 -0.0942982 0.175076 5.74005 0.101033 0.994432 -0.0299443 -2.01712 -0.171278 0.0470349 0.984099 58.6082
0.979411 -0.0949299 0.178165 5.84593 0.102164 0.994257 -0.0318571 -2.03773 -0.174118 0.0494033 0.983485 59.2083
0.979 -0.0950451 0.18035 5.95531 0.102143 0.994303 -0.0304663 -2.06676 -0.176427 0.0482481 0.98313 59.8304
0.978559 -0.0959579 0.182249 6.06969 0.102707 0.994319 -0.0279382 -2.09516 -0.178533 0.0460574 0.982855 60.4399
0.978113 -0.0980305 0.183535 6.19534 0.104753 0.994124 -0.027272 -2.12252 -0.179783 0.0459008 0.982635 61.072
0.977588 -0.101079 0.184673 6.32968 0.108065 0.993746 -0.0281342 -2.14759 -0.180675 0.0474603 0.982397 61.7217
0.977168 -0.102114 0.186321 6.45782 0.109382 0.993573 -0.0291261 -2.1699 -0.18215 0.0488413 0.982057 62.3674
0.976652 -0.101993 0.18907 6.5815 0.109264 0.993607 -0.0284156 -2.19691 -0.184963 0.0484108 0.981552 63.0199
0.976419 -0.0999164 0.191369 6.70349 0.107041 0.993882 -0.0272351 -2.22439 -0.187477 0.0470773 0.98114 63.667
0.976071 -0.0992959 0.19346 6.83999 0.106718 0.993886 -0.0283014 -2.24987 -0.189467 0.0482698 0.9807 64.3037
0.975199 -0.101837 0.196509 6.96945 0.109555 0.993564 -0.0287834 -2.27623 -0.192313 0.0495981 0.980079 64.9349
0.974237 -0.106472 0.19881 7.10673 0.114858 0.992895 -0.0311035 -2.2988 -0.194086 0.0531371 0.979544 65.5388
0.973511 -0.107151 0.201976 7.2332 0.115898 0.992747 -0.0319536 -2.32789 -0.197087 0.0545158 0.978869 66.1386
0.972622 -0.112375 0.203414 7.37325 0.121339 0.992092 -0.032104 -2.35158 -0.198198 0.0559072 0.978566 66.7228
0.972343 -0.111559 0.20519 7.5072 0.120567 0.992193 -0.0318978 -2.37555 -0.20003 0.0557549 0.978202 67.3117
0.971487 -0.109975 0.210046 7.61879 0.118915 0.99244 -0.0303774 -2.40832 -0.205117 0.0544888 0.977219 67.8936
0.970363 -0.112612 0.213807 7.74912 0.121584 0.99215 -0.0292434 -2.43282 -0.208836 0.0543722 0.976438 68.4767
0.969731 -0.107607 0.219188 7.86044 0.116635 0.992762 -0.0286331 -2.45897 -0.21452 0.0533313 0.975263 69.0589
0.969002 -0.103717 0.224227 7.98073 0.112236 0.993353 -0.0255534 -2.48245 -0.220086 0.0499277 0.974202 69.6312
0.968167 -0.101484 0.228809 8.10795 0.109684 0.993691 -0.0233781 -2.50616 -0.224993 0.0477307 0.973191 70.2247
0.966774 -0.106659 0.232321 8.25648 0.114715 0.993168 -0.0214052 -2.5307 -0.22845 0.0473445 0.972404 70.8069
0.965635 -0.10825 0.236288 8.40622 0.117116 0.992834 -0.0237757 -2.55311 -0.23202 0.0506318 0.971392 71.3903
0.96434 -0.108431 0.241434 8.55073 0.118033 0.992679 -0.0256244 -2.57423 -0.236888 0.0532079 0.970079 71.9722
0.963239 -0.105727 0.246965 8.68567 0.115574 0.992967 -0.025681 -2.593 -0.242513 0.0532798 0.968684 72.5675
0.962085 -0.106818 0.250962 8.83061 0.116059 0.992993 -0.02227 -2.6209 -0.246825 0.0505519 0.967741 73.15
0.961037 -0.105237 0.255604 8.98757 0.114013 0.993284 -0.0197186 -2.64478 -0.251812 0.0480924 0.966581 73.7707
0.959712 -0.106519 0.260013 9.15739 0.115631 0.993092 -0.0199579 -2.66481 -0.256091 0.0492194 0.965399 74.3878
0.958614 -0.106887 0.263883 9.33071 0.116792 0.992911 -0.0220881 -2.68646 -0.259652 0.0519934 0.964302 74.9849
0.957151 -0.107431 0.268924 9.50363 0.118038 0.99273 -0.0235392 -2.70889 -0.26444 0.0542737 0.962874 75.6174
0.955847 -0.109636 0.272646 9.67706 0.120239 0.992491 -0.0224402 -2.72756 -0.268139 0.0542323 0.961853 76.2019
0.954454 -0.110522 0.277133 9.85408 0.120383 0.99255 -0.0187709 -2.75057 -0.272993 0.0512781 0.960648 76.8355
0.953357 -0.110414 0.280926 10.0395 0.119383 0.992736 -0.0149609 -2.77425 -0.277234 0.047801 0.959613 77.4595
0.951924 -0.107946 0.286686 10.2115 0.117395 0.992958 -0.0159263 -2.79099 -0.282948 0.0488162 0.957892 78.0756
0.949957 -0.111888 0.291654 10.4184 0.122689 0.992264 -0.0189496 -2.81313 -0.287278 0.0537841 0.956336 78.6972
0.948607 -0.108569 0.297251 10.5973 0.12063 0.992443 -0.0224794 -2.83131 -0.292564 0.0571815 0.954535 79.2835
0.947346 -0.104215 0.302779 10.7714 0.116431 0.992943 -0.0225263 -2.84762 -0.298295 0.0565931 0.952794 79.848
0.946184 -0.103275 0.30671 10.9513 0.115069 0.993145 -0.0205696 -2.86699 -0.302483 0.0547552 0.951581 80.4147
0.944299 -0.109192 0.310445 11.1393 0.120291 0.992597 -0.0167739 -2.88543 -0.306315 0.0531833 0.950443 80.9723
0.942339 -0.109642 0.316191 11.3237 0.120463 0.992607 -0.0148193 -2.90322 -0.312228 0.052054 0.94858 81.5665
0.940763 -0.10673 0.32183 11.5109 0.117468 0.992977 -0.0140724 -2.92274 -0.318067 0.0510433 0.946693 82.1616
0.93913 -0.104747 0.327204 11.7092 0.115701 0.993184 -0.0141358 -2.94722 -0.323493 0.0511331 0.944848 82.7845
0.937893 -0.102871 0.331321 11.9101 0.11413 0.993358 -0.0146514 -2.96272 -0.327613 0.0515553 0.943404 83.3833
0.936791 -0.102514 0.334535 12.1158 0.113565 0.993438 -0.0135891 -2.98019 -0.330946 0.0507216 0.942285 83.9546
0.935253 -0.101437 0.339134 12.3081 0.112002 0.993639 -0.011672 -2.99827 -0.335793 0.0489 0.940666 84.5364
0.934342 -0.100836 0.341814 12.528 0.111719 0.993664 -0.0122479 -3.0181 -0.338413 0.0496309 0.939688 85.1294
0.932662 -0.101187 0.346271 12.7641 0.111907 0.993657 -0.0110496 -3.03769 -0.342956 0.0490558 0.93807 85.7786
0.931525 -0.100099 0.349632 12.9742 0.111749 0.993648 -0.0132519 -3.05388 -0.346084 0.0514153 0.936794 86.3546
0.930682 -0.0969894 0.352737 13.1842 0.108945 0.993947 -0.0141478 -3.07332 -0.34923 0.0515959 0.935615 86.9354
0.929474 -0.0963598 0.356079 13.4203 0.108617 0.993977 -0.0145399 -3.09574 -0.352533 0.0521907 0.934343 87.5513
0.928532 -0.0999072 0.357558 13.6596 0.112109 0.993604 -0.0135054 -3.10854 -0.353922 0.0526258 0.933793 88.1488
0.927926 -0.100005 0.359098 13.9297 0.11206 0.993618 -0.0128587 -3.12933 -0.355521 0.0521727 0.933211 88.8415
0.927472 -0.0987704 0.36061 14.1557 0.109977 0.993877 -0.0106335 -3.15008 -0.357352 0.0495209 0.932656 89.4484
0.92743 -0.0968908 0.361228 14.3886 0.108253 0.994059 -0.0113009 -3.16687 -0.357987 0.0495849 0.932409 90.0611
0.926875 -0.0977151 0.362428 14.6248 0.109307 0.993941 -0.0115624 -3.182 -0.359102 0.0503327 0.93194 90.6677
0.926743 -0.0986684 0.362507 14.8591 0.110367 0.993823 -0.0116503 -3.19594 -0.359119 0.0508058 0.931908 91.2589
0.926849 -0.10162 0.36142 15.1272 0.113073 0.99353 -0.010622 -3.21514 -0.358002 0.050712 0.932343 91.9397
0.927902 -0.0995289 0.359295 15.3365 0.111498 0.993684 -0.0126895 -3.22764 -0.355762 0.0518354 0.933138 92.4796
0.928377 -0.0994928 0.358074 15.5552 0.111833 0.99363 -0.0138644 -3.24761 -0.354413 0.052916 0.93359 93.066
0.928189 -0.10541 0.356868 15.7617 0.118771 0.992798 -0.0156681 -3.25762 -0.352646 0.0569285 0.934023 93.6103
0.928027 -0.110208 0.355838 15.9869 0.123628 0.992213 -0.0151191 -3.27204 -0.351401 0.0580225 0.934425 94.1827
0.928485 -0.107692 0.355412 16.1903 0.120752 0.992574 -0.0146998 -3.29371 -0.351189 0.0565652 0.934594 94.7201
0.928602 -0.107734 0.355095 16.4005 0.121042 0.992528 -0.0154065 -3.31334 -0.350782 0.0572879 0.934703 95.2799
0.928629 -0.107437 0.355113 16.5968 0.121315 0.992469 -0.0169757 -3.33307 -0.350615 0.0588445 0.934669 95.8124
0.928679 -0.10565 0.355519 16.7901 0.120088 0.992587 -0.0187241 -3.34698 -0.350905 0.0600822 0.934482 96.341
0.928355 -0.106614 0.356078 17.0014 0.120878 0.992504 -0.0179819 -3.36679 -0.351492 0.0597356 0.934283 96.9146
0.928435 -0.105054 0.356331 17.1911 0.118433 0.992835 -0.0158721 -3.38523 -0.35211 0.0569375 0.934225 97.4502
0.928085 -0.101661 0.358224 17.3658 0.113834 0.993415 -0.0129976 -3.40887 -0.354543 0.0528409 0.933545 97.9774
0.927547 -0.104391 0.35883 17.5603 0.116089 0.993176 -0.0111472 -3.42409 -0.355218 0.051996 0.933336 98.4967
0.927172 -0.107034 0.35902 17.7706 0.117536 0.99304 -0.00748493 -3.44653 -0.35572 0.0491375 0.9333 99.0588
0.926896 -0.112677 0.358006 18.0037 0.123293 0.992346 -0.00688498 -3.46494 -0.35449 0.0505211 0.933694 99.5972
0.92642 -0.109181 0.360314 18.2065 0.120166 0.99272 -0.00815547 -3.48251 -0.356801 0.0508531 0.932795 100.165
0.926139 -0.106819 0.36174 18.4183 0.119509 0.99275 -0.0128179 -3.49754 -0.357748 0.0551023 0.932191 100.709
0.925303 -0.106597 0.36394 18.6147 0.119993 0.992671 -0.0143263 -3.50967 -0.359746 0.0569264 0.931312 101.23
0.925062 -0.10523 0.364948 18.8169 0.118622 0.992835 -0.0144034 -3.52076 -0.360817 0.0566149 0.930916 101.744
0.924108 -0.100759 0.368607 18.9943 0.112787 0.993556 -0.0111702 -3.53293 -0.365106 0.0518966 0.929518 102.238
0.923722 -0.0976931 0.370396 19.1946 0.109003 0.993994 -0.00967221 -3.54827 -0.367227 0.0493089 0.928824 102.739
0.922193 -0.099623 0.373677 19.3975 0.111152 0.993759 -0.00937372 -3.56257 -0.370411 0.0501795 0.927512 103.256
0.920999 -0.100689 0.376328 19.61 0.114273 0.993352 -0.0138875 -3.57997 -0.372428 0.0557945 0.926382 103.759
0.919654 -0.0982525 0.38024 19.8203 0.113347 0.993402 -0.0174521 -3.59861 -0.376017 0.0591491 0.924723 104.283
0.918974 -0.0951033 0.382678 20.0491 0.110948 0.993635 -0.0194953 -3.61221 -0.378389 0.0603732 0.923676 104.838
0.917964 -0.0962864 0.384799 20.2565 0.111827 0.993562 -0.0181569 -3.62838 -0.380573 0.0596983 0.922822 105.343
0.91732 -0.0979031 0.385926 20.4926 0.112852 0.99348 -0.0162125 -3.64107 -0.381822 0.0584246 0.922387 105.892
0.916438 -0.100834 0.387264 20.7835 0.115126 0.993255 -0.0138197 -3.66676 -0.383258 0.0572489 0.921865 106.562
0.915473 -0.101579 0.389346 21.0776 0.116741 0.993043 -0.0154141 -3.68543 -0.385072 0.0595639 0.920962 107.256
0.914151 -0.104017 0.391801 21.3888 0.119354 0.99274 -0.0149207 -3.70032 -0.387405 0.060403 0.919929 107.989
0.91369 -0.102269 0.393334 21.6408 0.117633 0.992943 -0.0150823 -3.71637 -0.389016 0.0600495 0.919272 108.593
0.913002 -0.104127 0.394442 21.8854 0.119901 0.992665 -0.0154832 -3.73779 -0.389937 0.0614303 0.91879 109.166
0.91237 -0.104934 0.39569 22.1702 0.122387 0.9923 -0.0190452 -3.75856 -0.390645 0.0658034 0.918187 109.831
0.911391 -0.106641 0.397485 22.4551 0.126076 0.991754 -0.0230033 -3.7758 -0.391754 0.0710785 0.91732 110.481
0.910879 -0.104566 0.399207 22.8423 0.124357 0.991949 -0.0239237 -3.80778 -0.393491 0.0714358 0.916549 111.395
0.910555 -0.104489 0.399964 23.0806 0.123754 0.992056 -0.0225675 -3.82401 -0.394429 0.0700462 0.916253 111.933
0.910383 -0.102758 0.400803 23.3298 0.121478 0.992361 -0.0215032 -3.84841 -0.395532 0.068265 0.915912 112.512
0.910221 -0.102119 0.401334 23.8261 0.12171 0.992286 -0.0235496 -3.88695 -0.395833 0.0702815 0.915629 113.603
0.910032 -0.101449 0.401934 24.2675 0.12204 0.992188 -0.025885 -3.91801 -0.396168 0.0726081 0.915303 114.595
0.909579 -0.0999567 0.40333 24.5203 0.121061 0.992275 -0.0271002 -3.9437 -0.397505 0.0734774 0.914653 115.188
0.909486 -0.101519 0.40315 24.82 0.122376 0.992137 -0.0262402 -3.96729 -0.397316 0.0732009 0.914758 115.848
0.909448 -0.102327 0.40303 25.0821 0.122854 0.992101 -0.0253338 -3.9922 -0.397255 0.0725535 0.914836 116.434
0.909077 -0.102469 0.403831 25.3061 0.122871 0.992111 -0.0248597 -4.01352 -0.398098 0.0722186 0.914496 116.951
0.90916 -0.102081 0.403742 25.55 0.122415 0.992169 -0.0247998 -4.03036 -0.398049 0.071971 0.914537 117.501
0.908737 -0.102697 0.404537 25.7932 0.121998 0.992283 -0.0221468 -4.05042 -0.399141 0.0694782 0.914253 118.051
0.908212 -0.103101 0.405613 26.0493 0.121702 0.99236 -0.020259 -4.07122 -0.400425 0.0677632 0.91382 118.627
0.907439 -0.10207 0.407597 26.3041 0.120911 0.992448 -0.0206565 -4.09072 -0.402411 0.0680274 0.912928 119.212
0.906687 -0.0989305 0.410038 26.5597 0.118439 0.992709 -0.0223829 -4.10846 -0.404834 0.0688587 0.911794 119.799
0.90661 -0.0969597 0.41068 26.8343 0.117708 0.992721 -0.0254736 -4.127 -0.405221 0.071435 0.911424 120.393
0.905663 -0.0945655 0.413318 27.0834 0.116082 0.992867 -0.0271946 -4.14979 -0.407798 0.0726079 0.910181 120.974
0.904924 -0.0945891 0.414929 27.3325 0.116051 0.992883 -0.0267543 -4.17538 -0.409445 0.0723634 0.909461 121.536
0.904256 -0.0943263 0.416442 27.5999 0.114829 0.993086 -0.0243982 -4.2012 -0.411262 0.0698818 0.908835 122.134
0.903442 -0.0941132 0.418252 27.8653 0.113933 0.993231 -0.0226073 -4.22855 -0.413293 0.068077 0.90805 122.756
0.902562 -0.0921493 0.420584 28.135 0.112445 0.993376 -0.0236576 -4.24907 -0.415618 0.0686451 0.906945 123.375
0.902393 -0.0911422 0.421166 28.3976 0.112495 0.99331 -0.0260755 -4.27359 -0.415971 0.0709093 0.906609 123.95
0.901755 -0.0897712 0.422823 28.6434 0.111766 0.993355 -0.0274593 -4.30506 -0.417549 0.0720187 0.905796 124.534
0.902261 -0.08818 0.422078 28.8961 0.110237 0.993508 -0.028088 -4.32693 -0.416861 0.0718714 0.906124 125.087
0.902502 -0.0863375 0.421943 29.1372 0.10814 0.993742 -0.0279641 -4.34973 -0.416889 0.0708666 0.906191 125.647
0.90346 -0.0865516 0.419843 29.3857 0.107914 0.993784 -0.0273499 -4.37432 -0.414866 0.0700165 0.907185 126.187
0.904537 -0.0882196 0.41717 29.6388 0.108587 0.993765 -0.0252936 -4.39851 -0.412337 0.0681784 0.908476 126.739
0.905867 -0.0864582 0.414645 29.8844 0.106025 0.994065 -0.0243563 -4.42176 -0.410079 0.0660262 0.909657 127.302
0.907071 -0.0852239 0.412261 30.1407 0.103794 0.994337 -0.0228198 -4.45294 -0.407982 0.0634896 0.91078 127.895
0.908195 -0.0875929 0.409278 30.3951 0.106008 0.994111 -0.0224756 -4.47594 -0.4049 0.063799 0.912133 128.468
0.909811 -0.0883655 0.405506 30.6511 0.106561 0.994052 -0.022467 -4.49893 -0.401108 0.0636518 0.913816 129.046
0.911325 -0.085927 0.402621 30.8901 0.103922 0.994319 -0.0230183 -4.52187 -0.398356 0.0628183 0.915077 129.629
0.913135 -0.0878005 0.39809 31.1396 0.105683 0.99413 -0.0231548 -4.54418 -0.39372 0.0632148 0.917054 130.215
0.914859 -0.0869261 0.394306 31.3671 0.104979 0.994175 -0.024401 -4.5615 -0.389889 0.0637175 0.918655 130.781
0.916481 -0.0848499 0.390976 31.62 0.102778 0.994387 -0.0251173 -4.5898 -0.386651 0.0632032 0.920058 131.41
0.918244 -0.0823567 0.387357 31.865 0.10018 0.994629 -0.0260099 -4.62111 -0.383135 0.0626888 0.921563 132.03
0.919619 -0.0812088 0.384326 32.1052 0.0999529 0.994569 -0.0290138 -4.64526 -0.379883 0.0650962 0.922741 132.633
0.921151 -0.0792238 0.381056 32.346 0.0982591 0.994686 -0.0307269 -4.67144 -0.376597 0.0657464 0.924041 133.227
0.922197 -0.0769991 0.378977 32.5585 0.0962504 0.99484 -0.0320865 -4.69645 -0.374551 0.0660667 0.92485 133.786
0.923693 -0.073534 0.37601 32.7925 0.092151 0.995239 -0.0317421 -4.72352 -0.371885 0.0639696 0.926072 134.397
0.924468 -0.0736656 0.374074 33.0078 0.091107 0.995415 -0.0291325 -4.75273 -0.370213 0.0610128 0.926941 134.975
0.925116 -0.0727892 0.372643 33.2181 0.0894796 0.995604 -0.0276668 -4.78205 -0.368991 0.0589389 0.927562 135.557
0.926424 -0.0679901 0.370293 33.4347 0.0844644 0.996021 -0.0284375 -4.80724 -0.366886 0.0576217 0.92848 136.149
0.927596 -0.065901 0.367726 33.6529 0.082658 0.996127 -0.0299884 -4.83161 -0.364325 0.0582126 0.929451 136.754
0.928974 -0.066227 0.364171 33.8704 0.083464 0.996004 -0.0317805 -4.85934 -0.360611 0.0599184 0.93079 137.34
0.930054 -0.0673348 0.361201 34.0848 0.0844044 0.995928 -0.0316719 -4.88818 -0.357598 0.0599436 0.93195 137.909
0.931694 -0.066937 0.357025 34.2952 0.0839823 0.995939 -0.0324363 -4.92031 -0.353404 0.0602045 0.933532 138.478
0.933287 -0.0633027 0.353508 34.5034 0.0803057 0.996203 -0.033623 -4.94498 -0.350037 0.0597686 0.934827 139.074
0.934259 -0.0644851 0.350717 34.7053 0.0819206 0.996021 -0.0350896 -4.97228 -0.347058 0.0615137 0.935824 139.659
0.936001 -0.0636419 0.346196 34.9145 0.0803289 0.996187 -0.0340523 -5.00545 -0.342708 0.0596825 0.937544 140.253
0.937116 -0.0609275 0.34366 35.107 0.0769299 0.996487 -0.0331107 -5.03233 -0.340435 0.0574662 0.93851 140.837
0.93816 -0.0607238 0.340835 35.3051 0.0758669 0.996628 -0.0312653 -5.06461 -0.337788 0.05519 0.939603 141.43
0.939934 -0.0607659 0.335903 35.5155 0.0755885 0.99665 -0.0312171 -5.09458 -0.332881 0.0547324 0.941379 142.027
0.94114 -0.0621112 0.332262 35.7217 0.0765504 0.996598 -0.0305323 -5.12307 -0.329235 0.0541699 0.942693 142.633
0.9424 -0.0608712 0.328903 35.9268 0.0751563 0.996693 -0.0308826 -5.15317 -0.325935 0.0538229 0.943859 143.237
0.943733 -0.0595182 0.325309 36.1396 0.0735865 0.996804 -0.0311031 -5.18295 -0.322418 0.0532913 0.945096 143.87
0.944984 -0.0600679 0.321555 36.3547 0.0741952 0.996735 -0.0318496 -5.2132 -0.318592 0.0539552 0.946355 144.518
0.946494 -0.0596907 0.317152 36.5528 0.0735876 0.996775 -0.0320099 -5.24193 -0.314219 0.0536356 0.947834 145.136
0.948084 -0.060258 0.312259 36.7568 0.0740558 0.996724 -0.032507 -5.27181 -0.309277 0.053944 0.949441 145.757
0.949451 -0.057683 0.308569 36.9545 0.0717168 0.996834 -0.0343239 -5.30035 -0.305612 0.0547185 0.950583 146.402
0.950852 -0.0558012 0.304575 37.1485 0.0699703 0.996907 -0.0357968 -5.32701 -0.301636 0.0553487 0.951815 147.02
0.95213 -0.0529257 0.301077 37.3377 0.0669313 0.997094 -0.0363873 -5.35423 -0.298276 0.054797 0.952905 147.648
0.953278 -0.0538655 0.297253 37.5263 0.0676917 0.997042 -0.0364096 -5.38553 -0.294412 0.0548301 0.954104 148.251
0.954205 -0.0507261 0.294822 37.6971 0.0641938 0.997281 -0.0361771 -5.41414 -0.292186 0.0534461 0.954867 148.879
0.955236 -0.0502803 0.29154 37.8843 0.0633959 0.997349 -0.0357106 -5.44252 -0.288971 0.0525945 0.955892 149.513
0.955824 -0.0500836 0.289641 38.0679 0.063138 0.997359 -0.0358979 -5.47574 -0.287079 0.0525994 0.956462 150.164
0.956443 -0.0493647 0.287716 38.2545 0.0626624 0.997342 -0.0371877 -5.50511 -0.285116 0.0535969 0.956993 150.818
0.956638 -0.0483527 0.287237 38.4342 0.0618 0.997368 -0.0379296 -5.54535 -0.284647 0.0540362 0.957108 151.463
0.956956 -0.0488635 0.286091 38.6351 0.0624344 0.997306 -0.0385018 -5.57789 -0.283439 0.0547064 0.957429 152.142
0.957014 -0.049728 0.285748 38.8223 0.063441 0.997226 -0.0389288 -5.60945 -0.283019 0.0553836 0.957514 152.775
0.956673 -0.0500815 0.286825 39.009 0.0633653 0.997296 -0.0372136 -5.64878 -0.284186 0.053776 0.95726 153.417
0.956423 -0.0516281 0.287383 39.2015 0.0645939 0.997269 -0.0358127 -5.68206 -0.284749 0.0528152 0.957146 154.047
0.956205 -0.0535191 0.287762 39.3833 0.0661096 0.997226 -0.0342079 -5.71619 -0.285133 0.0517336 0.957091 154.659
0.956054 -0.0571363 0.287569 39.5691 0.0699589 0.996953 -0.0345044 -5.74506 -0.284721 0.053106 0.957138 155.27
0.95595 -0.056182 0.288103 39.7552 0.0692517 0.996972 -0.0353669 -5.77599 -0.285243 0.0537606 0.956946 155.914
0.955916 -0.0557729 0.288296 39.9534 0.069227 0.996927 -0.0366763 -5.80989 -0.285365 0.0550173 0.956839 156.573
0.955951 -0.0556835 0.288195 40.1472 0.0692449 0.996911 -0.0370698 -5.84395 -0.285241 0.0553929 0.956854 157.222
0.955896 -0.056058 0.288306 40.3397 0.0693967 0.99693 -0.0362464 -5.88044 -0.285389 0.0546553 0.956852 157.867
0.955717 -0.0557585 0.288957 40.5069 0.0686433 0.99704 -0.0346426 -5.91378 -0.28617 0.0529435 0.956715 158.466
0.955795 -0.0568009 0.288495 40.6907 0.0693977 0.997022 -0.0336168 -5.94925 -0.285726 0.0521516 0.956891 159.057
0.955463 -0.0552582 0.289891 40.868 0.068359 0.997038 -0.0352545 -5.9801 -0.287084 0.053501 0.95641 159.673
0.955406 -0.0532827 0.290447 41.0442 0.0670417 0.997041 -0.0376215 -6.01664 -0.287583 0.0554158 0.956151 160.269
0.955143 -0.0520363 0.291538 41.2107 0.0666926 0.996949 -0.0405553 -6.04784 -0.288538 0.0581796 0.955699 160.837
0.954666 -0.053051 0.292915 41.3745 0.0685079 0.996734 -0.0427577 -6.07528 -0.28969 0.0608863 0.955182 161.384
0.954296 -0.0527491 0.294172 41.5409 0.0680893 0.996789 -0.0421439 -6.11008 -0.291005 0.0602477 0.954823 161.935
0.954169 -0.0526648 0.294599 41.7077 0.0677925 0.996841 -0.0413681 -6.14235 -0.29149 0.0594438 0.954725 162.464
0.953764 -0.0552632 0.295433 41.8811 0.0701697 0.996729 -0.0400866 -6.17451 -0.292252 0.0589636 0.954522 162.996
0.953418 -0.0547224 0.296646 42.0511 0.0694807 0.996804 -0.0394298 -6.20654 -0.29354 0.0582042 0.954173 163.531
0.952613 -0.0550554 0.299162 42.2165 0.0698449 0.996797 -0.0389624 -6.23897 -0.296059 0.0580111 0.953407 164.072
0.952227 -0.0539676 0.300583 42.3792 0.0688232 0.996864 -0.0390473 -6.26786 -0.297534 0.057869 0.952956 164.577
0.951409 -0.05498 0.302981 42.5376 0.0695137 0.99688 -0.037387 -6.29277 -0.29998 0.0566317 0.952263 165.079
0.950624 -0.0542778 0.30556 42.6946 0.068208 0.997054 -0.0350906 -6.32107 -0.302755 0.0541996 0.951526 165.572
0.949531 -0.0553831 0.308744 42.8455 0.0682894 0.997179 -0.0311455 -6.34974 -0.306148 0.0506575 0.950635 166.045
0.948463 -0.0553068 0.312024 42.9947 0.0678087 0.997266 -0.0293519 -6.37374 -0.309548 0.0489971 0.949621 166.532
0.94737 -0.0539458 0.315563 43.1394 0.0666173 0.997342 -0.0294991 -6.39799 -0.313133 0.0489685 0.948446 167.01
0.946349 -0.0564493 0.318177 43.2902 0.0689995 0.997215 -0.0283036 -6.42178 -0.315693 0.0487392 0.947609 167.455
0.945349 -0.055817 0.321247 43.4305 0.0680811 0.997313 -0.0270613 -6.44758 -0.318873 0.0474532 0.946609 167.889
0.944345 -0.0552907 0.324278 43.5698 0.0680328 0.997288 -0.0280799 -6.47265 -0.321846 0.0485786 0.945545 168.317
0.943167 -0.0556436 0.327628 43.7045 0.0681742 0.997311 -0.0268772 -6.49187 -0.325251 0.0476855 0.944425 168.707
0.94167 -0.0555535 0.331921 43.8313 0.0686037 0.997259 -0.0277199 -6.5084 -0.329471 0.048874 0.9429 169.076
0.940064 -0.0562241 0.33633 43.9573 0.0697985 0.997157 -0.0283972 -6.52531 -0.333777 0.0501705 0.941316 169.434
0.93832 -0.0553281 0.341313 44.0763 0.0699571 0.997078 -0.0306925 -6.53338 -0.338617 0.0526767 0.939448 169.763
0.936534 -0.0538235 0.346421 44.1916 0.0691976 0.997085 -0.0321555 -6.55114 -0.34368 0.0540862 0.937528 170.086
0.935412 -0.0573906 0.348871 44.3262 0.0734351 0.996756 -0.032928 -6.56779 -0.345849 0.0564206 0.936592 170.399
0.933803 -0.0583909 0.352991 44.4438 0.075124 0.996599 -0.0338783 -6.58053 -0.349812 0.0581538 0.935013 170.712
0.9323 -0.060362 0.356612 44.5572 0.0771066 0.996479 -0.0329126 -6.59394 -0.35337 0.0581816 0.933673 171.015
0.931857 -0.0592287 0.357959 44.6708 0.0758437 0.996589 -0.0325423 -6.60568 -0.35481 0.0574736 0.93317 171.324
0.931932 -0.060087 0.357621 44.778 0.0768556 0.996501 -0.0328488 -6.61867 -0.354396 0.058098 0.933289 171.621
0.932933 -0.0619383 0.354681 44.8837 0.0799448 0.996137 -0.0363259 -6.62869 -0.351061 0.0622446 0.934281 171.911
0.934878 -0.0640387 0.349145 44.9794 0.0824443 0.995867 -0.0380969 -6.64045 -0.345262 0.0644009 0.936294 172.193
0.938303 -0.068356 0.338992 45.0814 0.0864461 0.995511 -0.0385361 -6.65635 -0.334836 0.065463 0.94 172.474
0.942785 -0.0676019 0.326476 45.1585 0.0849507 0.995615 -0.0391599 -6.67434 -0.322397 0.0646537 0.944394 172.755
0.948546 -0.0677681 0.309303 45.2349 0.0851089 0.995448 -0.0429033 -6.69137 -0.304987 0.0670201 0.949995 173.035
0.955092 -0.0636592 0.289391 45.282 0.0807586 0.9956 -0.0475229 -6.71079 -0.285092 0.0687596 0.956031 173.306
0.962913 -0.0621168 0.262565 45.3367 0.0777998 0.995727 -0.0497518 -6.72921 -0.258352 0.0683341 0.963631 173.573
0.970862 -0.0639581 0.230948 45.3816 0.0771876 0.995826 -0.0487007 -6.74769 -0.22687 0.065108 0.971746 173.834
0.978682 -0.0675866 0.193942 45.4241 0.0779918 0.995868 -0.0465185 -6.76469 -0.189996 0.0606527 0.97991 174.097
0.985381 -0.0688453 0.155837 45.4438 0.0771235 0.99588 -0.0477066 -6.77767 -0.151911 0.0590279 0.98663 174.369
0.990981 -0.067642 0.11568 45.4396 0.0738712 0.995992 -0.0504331 -6.79996 -0.111805 0.0585236 0.992005 174.626
0.995229 -0.0647228 0.073011 45.416 0.0688129 0.996114 -0.0549687 -6.82424 -0.0691696 0.0597305 0.995815 174.88
0.997317 -0.0683312 0.0262616 45.3976 0.0697691 0.995851 -0.0584167 -6.84912 -0.0221609 0.0600923 0.997947 175.131
0.997096 -0.073276 -0.0207278 45.3648 0.0718397 0.995415 -0.0631489 -6.87097 0.0252601 0.0614765 0.997789 175.373
0.994927 -0.0749702 -0.0670753 45.313 0.0704049 0.995197 -0.0680179 -6.89003 0.0718525 0.0629504 0.995427 175.604
0.990443 -0.0762053 -0.114961 45.2541 0.0677953 0.994848 -0.0753761 -6.9082 0.120112 0.0668619 0.990506 175.842
0.983574 -0.075314 -0.164042 45.1836 0.0628021 0.994801 -0.080174 -6.92871 0.169228 0.0685549 0.98319 176.078
0.973867 -0.0786342 -0.213071 45.1075 0.0623543 0.994673 -0.0820878 -6.95283 0.218391 0.0666567 0.973582 176.309
0.961626 -0.0812785 -0.262047 45.0114 0.0607617 0.994485 -0.0854814 -6.97672 0.26755 0.0662787 0.961262 176.547
0.946601 -0.0830764 -0.311521 44.9029 0.0573604 0.994212 -0.0908386 -7.00282 0.317265 0.0681188 0.945887 176.777
0.928061 -0.0899006 -0.361414 44.7922 0.0590036 0.993664 -0.0956577 -7.02536 0.367723 0.0674515 0.927486 177.006
0.908051 -0.0922058 -0.408584 44.6597 0.0567423 0.993556 -0.0981114 -7.04865 0.414998 0.0659062 0.907432 177.215
0.885989 -0.0887787 -0.455128 44.5171 0.0499279 0.994059 -0.0967107 -7.07302 0.46101 0.0629611 0.885159 177.425
0.861171 -0.0872718 -0.500768 44.3582 0.0446368 0.994329 -0.0965257 -7.09854 0.506352 0.0607724 0.860183 177.64
0.833997 -0.0842611 -0.545298 44.194 0.0381757 0.994714 -0.0953192 -7.12806 0.550447 0.0586788 0.832805 177.839
0.804913 -0.0790469 -0.588104 44.0122 0.0295788 0.9952 -0.0932813 -7.15582 0.592655 0.057688 0.803388 178.019
0.775844 -0.0714666 -0.626864 43.8016 0.0163831 0.995511 -0.0932181 -7.17914 0.630712 0.0620527 0.773532 178.174
0.743255 -0.0687189 -0.665469 43.5901 0.00915784 0.995662 -0.0925876 -7.20419 0.668945 0.062722 0.740661 178.346
0.709339 -0.0683406 -0.701547 43.3507 0.00336114 0.995605 -0.0935876 -7.23299 0.70486 0.0640274 0.706451 178.512
0.675542 -0.0668415 -0.734285 43.0925 -0.00304373 0.995621 -0.093431 -7.2613 0.737315 0.0653515 0.672381 178.67
0.643043 -0.061096 -0.76339 42.8301 -0.0118416 0.9959 -0.0896792 -7.28933 0.765739 0.0667073 0.639683 178.823
0.610123 -0.0564621 -0.790292 42.5579 -0.0191295 0.996117 -0.0859356 -7.31978 0.792075 0.0675492 0.606674 178.99
0.58051 -0.051087 -0.812649 42.2887 -0.0263254 0.996331 -0.0814395 -7.35039 0.813828 0.0686697 0.577035 179.136
0.552088 -0.0479437 -0.832406 41.952 -0.0316769 0.996419 -0.0783998 -7.38008 0.833184 0.0696516 0.548592 179.327
0.527236 -0.0449801 -0.848528 41.5876 -0.0367319 0.996458 -0.0756454 -7.41439 0.848925 0.071051 0.523716 179.522
0.506376 -0.0415257 -0.861312 41.2143 -0.0405466 0.996588 -0.0718855 -7.44593 0.861359 0.0713244 0.502965 179.722
0.489884 -0.0355118 -0.871064 40.8245 -0.0438813 0.996899 -0.0653206 -7.47607 0.870682 0.070223 0.486807 179.927
0.479254 -0.030523 -0.877145 40.4185 -0.0478451 0.997 -0.0608353 -7.51423 0.876371 0.0711227 0.476356 180.102
0.468316 -0.0286912 -0.883095 39.9529 -0.0464366 0.997292 -0.0570274 -7.54704 0.88234 0.0677148 0.465716 180.351
0.461036 -0.0263091 -0.886991 39.5653 -0.0442705 0.997634 -0.0526016 -7.5778 0.886276 0.0635188 0.45878 180.54
0.455685 -0.0239602 -0.889819 39.2021 -0.0463793 0.997641 -0.0506149 -7.60367 0.888932 0.0643336 0.453498 180.715
0.45324 -0.0250019 -0.891038 38.7267 -0.0492858 0.997375 -0.0530556 -7.63219 0.890025 0.0679625 0.450817 180.933
0.450809 -0.0242669 -0.89229 38.3444 -0.0547415 0.996997 -0.0547714 -7.65723 0.89094 0.0735368 0.448127 181.12
0.451366 -0.0282255 -0.891892 37.7652 -0.0520603 0.996964 -0.0578973 -7.69287 0.890819 0.0725651 0.448527 181.406
0.453373 -0.0345898 -0.890649 36.9246 -0.0485326 0.996806 -0.0634175 -7.751 0.889998 0.0719774 0.450247 181.813
0.453847 -0.0378491 -0.890275 36.3171 -0.0463473 0.996742 -0.0660025 -7.79896 0.889873 0.0712169 0.450615 182.129
0.453937 -0.0365339 -0.890284 35.9008 -0.0445781 0.996977 -0.0636416 -7.83266 0.889918 0.0685765 0.450936 182.343
0.456023 -0.030079 -0.889459 35.4912 -0.048601 0.997096 -0.0586366 -7.86022 0.88864 0.0699682 0.453237 182.54
0.457704 -0.0222683 -0.888826 35.0747 -0.0535073 0.997184 -0.0525368 -7.89022 0.887493 0.071605 0.455224 182.743
0.459601 -0.0185358 -0.887932 34.5592 -0.0559926 0.997188 -0.0497988 -7.93399 0.886359 0.0726052 0.457271 182.999
0.460829 -0.0212888 -0.887233 33.9602 -0.0531884 0.997253 -0.0515548 -7.97663 0.885894 0.0709485 0.458431 183.327
0.463108 -0.0256527 -0.88593 33.3593 -0.0525405 0.997029 -0.0563344 -8.02071 0.884743 0.0726361 0.460384 183.641
0.464994 -0.0283383 -0.88486 32.7395 -0.0561057 0.996535 -0.0613983 -8.06155 0.883534 0.0781955 0.461793 183.966
0.46738 -0.0298503 -0.883552 31.9792 -0.0556965 0.99645 -0.0631268 -8.11821 0.8823 0.078715 0.464058 184.381
0.469662 -0.0277087 -0.882412 31.5142 -0.0567443 0.996493 -0.0614929 -8.15289 0.881021 0.0789527 0.466442 184.628
0.471605 -0.0267645 -0.881404 31.0504 -0.054289 0.996762 -0.0593154 -8.18912 0.880137 0.075824 0.468625 184.888
0.476328 -0.0216707 -0.879 30.571 -0.0610545 0.996468 -0.057652 -8.22396 0.877145 0.0811282 0.473323 185.125
0.478838 -0.0212616 -0.877646 30.0342 -0.0640467 0.996197 -0.0590771 -8.26764 0.875564 0.0844986 0.475655 185.423
0.481111 -0.0213553 -0.876399 28.4334 -0.0649125 0.996091 -0.0599064 -8.39782 0.874253 0.0857109 0.477844 186.325
0.484459 -0.0269616 -0.874398 27.9497 -0.060981 0.996053 -0.0644992 -8.43688 0.872686 0.0845689 0.480903 186.599
0.487746 -0.0263713 -0.872587 27.5083 -0.0608941 0.996081 -0.0641412 -8.47449 0.870859 0.08442 0.484228 186.85
0.490714 -0.0255672 -0.870945 27.0685 -0.0608441 0.996124 -0.0635232 -8.51827 0.869194 0.0841636 0.487257 187.109
0.495786 -0.0227235 -0.868147 26.6131 -0.0623429 0.996147 -0.0616769 -8.55456 0.866204 0.0847013 0.492459 187.367
0.500587 -0.0216172 -0.865416 26.1139 -0.0636455 0.996064 -0.0616954 -8.60153 0.863344 0.0859638 0.49724 187.659
0.506764 -0.0227267 -0.861785 25.5455 -0.0641577 0.995886 -0.0639904 -8.64585 0.859694 0.0877182 0.503221 187.986
0.513542 -0.0234784 -0.857743 24.9355 -0.0633095 0.995864 -0.0651634 -8.69333 0.855726 0.0877674 0.509932 188.348
0.519192 -0.0221355 -0.854371 24.339 -0.063392 0.995914 -0.0643252 -8.74424 0.852303 0.0875574 0.515667 188.716
0.525348 -0.021581 -0.850614 23.8441 -0.061054 0.996145 -0.0629809 -8.79607 0.848694 0.0850203 0.522005 189.022
0.531999 -0.0227461 -0.846439 23.3149 -0.0606383 0.996049 -0.0648785 -8.84066 0.844571 0.085842 0.528518 189.358
0.53863 -0.023166 -0.842224 22.7362 -0.0624789 0.995771 -0.0673468 -8.89272 0.840223 0.0888963 0.534905 189.708
0.545057 -0.0232766 -0.838076 22.1781 -0.0676186 0.995138 -0.0716157 -8.94677 0.835668 0.0957042 0.540833 190.053
0.550807 -0.0229481 -0.834317 21.5048 -0.0698028 0.994853 -0.0734469 -9.0153 0.831708 0.0986927 0.546371 190.49
0.555588 -0.0248372 -0.831087 20.8628 -0.0657101 0.995116 -0.073667 -9.07949 0.828857 0.0955393 0.551242 190.942
0.559354 -0.0264188 -0.828508 18.8995 -0.0599787 0.995582 -0.07224 -9.28287 0.826756 0.0901005 0.555298 192.333
