1 0 0 0 0 1 0 0 0 0 1 0
1 0.000601453 0.000131649 -0.000519676 -0.000601466 1 9.67257e-05 -0.000481039 -0.000131591 -9.68049e-05 1 0.392026
0.999998 -0.00111963 -0.00157718 0.0122399 0.00112093 0.999999 0.000822312 -0.0025779 0.00157625 -0.000824078 0.999998 0.815035
0.999995 0.00329579 0.000335613 -0.00813105 -0.00329641 0.999993 0.00183664 0.000256759 -0.000329558 -0.00183774 0.999998 1.23381
0.999974 0.0070375 0.00141377 -0.0196256 -0.00704279 0.999968 0.00377373 0.000497381 -0.00138716 -0.00378359 0.999992 1.68106
0.999987 0.00499069 0.000629884 -0.0109385 -0.00499374 0.999975 0.00495113 -0.00294536 -0.000605159 -0.00495422 0.999988 2.1391
0.999955 0.00881157 0.00352424 -0.0352284 -0.00882932 0.999948 0.00505066 0.00869457 -0.00347955 -0.00508154 0.999981 2.60539
0.999959 0.00835436 0.00337191 -0.0332283 -0.00837214 0.999951 0.00529512 0.0116186 -0.00332751 -0.00532314 0.99998 3.10169
0.999993 0.00334986 0.00150285 -0.0125039 -0.00335873 0.999977 0.00593932 0.0162142 -0.00148292 -0.00594432 0.999981 3.6335
0.999982 0.00562839 0.00204109 -0.0243506 -0.00564257 0.99996 0.00701081 0.0148602 -0.00200155 -0.0070222 0.999973 4.15028
0.99997 0.00713685 0.00304711 -0.035054 -0.00715508 0.999956 0.00601671 0.0160695 -0.00300404 -0.00603833 0.999977 4.67746
0.999925 0.0117302 0.00353918 -0.0453609 -0.0117403 0.999927 0.00285163 0.0109402 -0.00350547 -0.00289297 0.99999 5.23143
0.999901 0.013447 0.00403458 -0.0543519 -0.0134393 0.999908 -0.00192691 0.0122389 -0.00406012 0.00187249 0.99999 5.76624
0.99981 0.0188178 0.00503383 -0.0664253 -0.0188023 0.999818 -0.00311166 0.01042 -0.00509147 0.00301642 0.999982 6.28282
0.99967 0.0245117 0.00766792 -0.0868549 -0.0245029 0.999699 -0.00123461 0.00522467 -0.00769587 0.00104631 0.99997 6.8069
0.999375 0.0337425 0.0105704 -0.112156 -0.0337706 0.999427 0.00248904 0.00254693 -0.0104804 -0.00284446 0.999941 7.36085
0.999326 0.0352691 0.0102011 -0.10314 -0.0353035 0.999371 0.00321864 0.00192506 -0.0100812 -0.00357661 0.999943 7.95322
0.999191 0.03854 0.0115139 -0.115182 -0.0385878 0.999247 0.0039613 0.000257171 -0.0113526 -0.00440239 0.999926 8.54865
0.999147 0.0395411 0.0119377 -0.116042 -0.0395764 0.999213 0.00273536 -0.00272643 -0.0118201 -0.00320548 0.999925 9.15829
0.999043 0.0418758 0.0126019 -0.122264 -0.0419019 0.99912 0.0018084 -0.00363787 -0.0125151 -0.00233471 0.999919 9.764
0.998964 0.0432235 0.0142473 -0.130194 -0.0432481 0.999063 0.00142614 -0.00446193 -0.0141723 -0.00204083 0.999897 10.3653
0.998855 0.0454599 0.0148827 -0.131837 -0.0454988 0.998962 0.00228709 -0.00439725 -0.0147633 -0.00296162 0.999887 10.9872
0.998658 0.0493836 0.0156142 -0.136739 -0.0494215 0.998776 0.0020562 -0.0111178 -0.0154935 -0.00282512 0.999876 11.6166
0.998908 0.0443395 0.0147077 -0.118621 -0.0443491 0.999016 0.000331187 -0.025761 -0.0146785 -0.000983097 0.999892 12.2529
0.998914 0.0444396 0.0140209 -0.106734 -0.0444199 0.999011 -0.00171581 -0.0315046 -0.0140833 0.00109114 0.9999 12.8652
0.998829 0.0465019 0.0133845 -0.0987386 -0.0464873 0.998918 -0.00140137 -0.0344502 -0.0134352 0.00077752 0.999909 13.4804
0.998893 0.0451741 0.0130905 -0.0891035 -0.0451862 0.998978 0.000629896 -0.0419024 -0.0130487 -0.00122071 0.999914 14.0969
0.998797 0.0470187 0.0139386 -0.089544 -0.0470487 0.998891 0.0018341 -0.0483011 -0.0138369 -0.00248768 0.999901 14.7062
0.998575 0.0512112 0.0149926 -0.0962001 -0.0512716 0.998678 0.00367205 -0.0504124 -0.0147847 -0.00443552 0.999881 15.3313
0.99852 0.0521667 0.0153776 -0.0978846 -0.0522435 0.998624 0.00463657 -0.0553947 -0.0151145 -0.00543309 0.999871 15.9652
0.998521 0.0520946 0.0155445 -0.0952434 -0.0521964 0.998617 0.00621707 -0.0584431 -0.0151992 -0.00701925 0.99986 16.5997
0.998348 0.0549228 0.0168694 -0.108904 -0.0550396 0.998463 0.00654061 -0.0634292 -0.0164842 -0.00745829 0.999836 17.2298
0.998189 0.0572623 0.0184072 -0.119953 -0.0573623 0.998341 0.00494738 -0.0690243 -0.0180933 -0.0059943 0.999818 17.8816
0.998171 0.0575193 0.0186199 -0.115733 -0.0575443 0.998343 0.00080858 -0.0758423 -0.0185426 -0.00187857 0.999826 18.541
0.998302 0.0554258 0.0179362 -0.0978536 -0.0554012 0.998462 -0.00186452 -0.0764846 -0.018012 0.000867667 0.999837 19.2164
0.998585 0.0503999 0.0169924 -0.076441 -0.0504056 0.998729 -9.3996e-05 -0.0862958 -0.0169755 -0.000762647 0.999856 19.8207
0.998953 0.0427961 0.0161516 -0.0518502 -0.0429063 0.999058 0.00653718 -0.0898467 -0.0158567 -0.00722335 0.999848 20.4123
0.99917 0.0381314 0.0143151 -0.0333173 -0.0383011 0.999197 0.0117719 -0.0898825 -0.0138547 -0.0123104 0.999828 21.0489
0.999407 0.0323615 0.0117627 -0.0225727 -0.0325092 0.999392 0.0125939 -0.0898379 -0.011348 -0.0129688 0.999852 21.6864
0.999409 0.0329915 0.00963835 -0.0316301 -0.0330932 0.999396 0.0105966 -0.0891479 -0.00928293 -0.0109093 0.999897 22.3406
0.999452 0.0325105 0.00630522 -0.0408851 -0.0325716 0.999421 0.00983728 -0.0841157 -0.00598175 -0.0100373 0.999932 22.9139
0.999479 0.032275 5.9902e-05 -0.0454277 -0.0322737 0.999418 0.0110387 -0.0870506 0.000296405 -0.0110348 0.999939 23.5117
0.999404 0.03379 -0.00707207 -0.0576801 -0.0336848 0.999327 0.0145022 -0.0848576 0.00755734 -0.0142554 0.99987 24.105
0.999337 0.0324929 -0.0164295 -0.0685122 -0.0321988 0.999322 0.0178615 -0.0767142 0.0169988 -0.0173206 0.999705 24.7158
0.999065 0.0344817 -0.0260753 -0.0988603 -0.0339399 0.999204 0.020943 -0.0755562 0.0267767 -0.0200385 0.999441 25.331
0.998634 0.0358931 -0.0379737 -0.130682 -0.0350251 0.999115 0.0232827 -0.0704313 0.0387758 -0.0219209 0.999007 25.9722
0.997927 0.0390833 -0.0511352 -0.179401 -0.0378391 0.998969 0.0250792 -0.0589283 0.0520627 -0.0230923 0.998377 26.6022
0.997007 0.0418611 -0.0649955 -0.235435 -0.0401733 0.998826 0.0270615 -0.0505898 0.066052 -0.0243694 0.997519 27.2177
0.995799 0.0459653 -0.0791944 -0.308794 -0.0440013 0.998683 0.0263702 -0.0393941 0.0803023 -0.0227748 0.99651 27.8517
0.994328 0.0483313 -0.0947363 -0.38261 -0.0460485 0.998597 0.0261382 -0.0313696 0.0958667 -0.0216275 0.995159 28.4825
0.992607 0.0484582 -0.111275 -0.45855 -0.0456781 0.99858 0.0274003 -0.0188987 0.112445 -0.022115 0.993412 29.1212
0.990441 0.0449786 -0.130394 -0.52577 -0.0413201 0.998676 0.0306294 -0.00962703 0.131599 -0.0249488 0.990989 29.7864
0.988257 0.0438 -0.146387 -0.636615 -0.039452 0.998694 0.0324756 0.00490486 0.147618 -0.026319 0.988694 30.4507
0.985774 0.0462572 -0.161587 -0.763703 -0.0413919 0.998586 0.0333487 0.0216885 0.162901 -0.0261859 0.986295 31.0831
0.982987 0.0465377 -0.177682 -0.89029 -0.0409966 0.998555 0.0347328 0.0382115 0.179041 -0.0268576 0.983475 31.7193
0.979816 0.0445555 -0.194873 -1.02045 -0.0380195 0.998586 0.0371542 0.0561537 0.196253 -0.0289953 0.980124 32.3869
0.976158 0.0447242 -0.212405 -1.16198 -0.0373582 0.998557 0.0385687 0.0678077 0.213824 -0.0297141 0.97642 33.0468
0.972431 0.043477 -0.229101 -1.3148 -0.0353842 0.9986 0.0393162 0.0852157 0.23049 -0.0301257 0.972608 33.6751
0.96838 0.045434 -0.245309 -1.49082 -0.0366083 0.998512 0.0404209 0.104193 0.246781 -0.0301624 0.968602 34.3132
0.963803 0.0477615 -0.262301 -1.67123 -0.0376321 0.998344 0.043509 0.119276 0.263945 -0.0320632 0.964005 34.9483
0.958941 0.0505542 -0.279065 -1.86517 -0.039833 0.998239 0.0439599 0.137362 0.280796 -0.0310389 0.959265 35.5663
0.953893 0.0515171 -0.295693 -2.07058 -0.0407261 0.998264 0.0425418 0.154423 0.297371 -0.0285379 0.954335 36.1889
0.949147 0.0557854 -0.309852 -2.29968 -0.0453553 0.998139 0.0407701 0.172839 0.31155 -0.0246434 0.94991 36.7802
0.943646 0.0576644 -0.325895 -2.50585 -0.0461678 0.998012 0.0429088 0.191862 0.327722 -0.0254448 0.944432 37.3615
0.937823 0.060395 -0.34182 -2.72421 -0.0475975 0.99782 0.0457123 0.212835 0.343836 -0.0266002 0.938653 37.9546
0.931907 0.0594168 -0.357798 -2.95434 -0.0451635 0.997822 0.0480698 0.232779 0.359875 -0.0286372 0.932561 38.5702
0.92572 0.0587227 -0.373624 -3.20462 -0.0435008 0.997849 0.0490514 0.257854 0.3757 -0.0291549 0.926283 39.2099
0.919856 0.0611913 -0.387454 -3.45808 -0.0459875 0.997769 0.0484002 0.286472 0.389551 -0.0267032 0.920618 39.7864
0.913609 0.0619222 -0.40185 -3.72577 -0.0454243 0.997692 0.0504647 0.310018 0.404048 -0.0278512 0.914314 40.415
0.908403 0.0646255 -0.413072 -4.01248 -0.0468871 0.997496 0.052948 0.340256 0.415459 -0.0287304 0.909158 41.0214
0.903723 0.0717323 -0.422066 -4.31307 -0.0533745 0.997049 0.0551687 0.370362 0.424778 -0.0273297 0.904885 41.6155
0.899702 0.0808896 -0.428943 -4.63454 -0.0632305 0.996466 0.0552872 0.399733 0.4319 -0.0226197 0.901638 42.207
0.895958 0.0833181 -0.436253 -4.94537 -0.0666368 0.996346 0.053432 0.424666 0.439111 -0.0188024 0.898236 42.8064
0.892482 0.0866374 -0.442684 -5.23541 -0.0703264 0.996106 0.0531643 0.449105 0.445567 -0.0163158 0.8951 43.373
0.889564 0.0910513 -0.447645 -5.53709 -0.0742218 0.995722 0.0550362 0.472842 0.450741 -0.0157332 0.892516 43.9408
0.887419 0.095221 -0.451022 -5.85642 -0.0772855 0.995316 0.058069 0.503656 0.454439 -0.0166741 0.890622 44.5338
0.885235 0.0995917 -0.454357 -6.20039 -0.081079 0.994894 0.060105 0.531798 0.458023 -0.0163682 0.88879 45.1556
0.882919 0.100399 -0.458665 -6.54262 -0.0821832 0.994836 0.0595633 0.561794 0.462277 -0.014895 0.886611 45.7929
0.881156 0.102801 -0.461515 -6.89584 -0.0861086 0.994645 0.0571494 0.591286 0.464919 -0.0106171 0.88529 46.4055
0.878842 0.102129 -0.466053 -7.23669 -0.0865515 0.994741 0.0547731 0.622991 0.469196 -0.00779929 0.88306 47.0297
0.876671 0.103581 -0.469808 -7.54074 -0.0887328 0.994606 0.0537096 0.648666 0.472837 -0.00539833 0.881133 47.5723
0.874581 0.104255 -0.473538 -7.8382 -0.0891815 0.994537 0.0542495 0.675005 0.476607 -0.00521476 0.879101 48.1097
0.872971 0.104173 -0.476519 -8.18435 -0.0889736 0.994546 0.0544221 0.708822 0.479589 -0.00511124 0.877478 48.7102
0.870829 0.104542 -0.480342 -8.49964 -0.0896554 0.994513 0.0539073 0.736018 0.483342 -0.00387873 0.875423 49.2769
0.868607 0.103486 -0.484575 -8.80502 -0.0884972 0.994624 0.0537794 0.758309 0.487535 -0.00382965 0.873095 49.8362
0.866968 0.102458 -0.487718 -9.14894 -0.08678 0.994724 0.0547074 0.782994 0.49075 -0.00510546 0.871286 50.4376
0.865323 0.103248 -0.490465 -9.54159 -0.0878066 0.994647 0.0544669 0.814923 0.493463 -0.00406543 0.869757 51.1137
0.863513 0.106147 -0.49303 -9.84867 -0.0897508 0.994338 0.0568839 0.840293 0.496276 -0.00487021 0.868151 51.655
0.862401 0.107423 -0.494697 -10.1738 -0.0874555 0.994148 0.0634168 0.873422 0.498615 -0.0114267 0.866748 52.2284
0.861879 0.108956 -0.495272 -10.5078 -0.0854738 0.993885 0.0699039 0.906189 0.49986 -0.017916 0.865921 52.7927
0.860758 0.108046 -0.497415 -10.8596 -0.0838224 0.993959 0.0708516 0.934605 0.502065 -0.0192916 0.864615 53.4195
0.859501 0.105279 -0.500175 -11.208 -0.0850144 0.994373 0.063211 0.966521 0.504015 -0.0118079 0.863614 54.0173
0.858609 0.0996441 -0.502854 -11.559 -0.0842293 0.995017 0.0533507 0.997949 0.505664 -0.00345238 0.862723 54.6151
0.858686 0.0949241 -0.503635 -11.8802 -0.0817462 0.995484 0.0482516 1.02791 0.505941 -0.000262679 0.862568 55.1561
0.858868 0.0939558 -0.503506 -12.1712 -0.0811841 0.995576 0.047296 1.04838 0.505722 0.000255658 0.862696 55.6535
0.858671 0.0960862 -0.503439 -12.4853 -0.0840302 0.99537 0.0466532 1.0716 0.505591 0.00224428 0.86277 56.1783
0.858976 0.0946188 -0.503197 -12.7803 -0.0829949 0.99551 0.0455158 1.0931 0.505244 0.00266583 0.862972 56.6918
0.859529 0.09456 -0.502263 -13.0701 -0.0815107 0.995519 0.0479339 1.11311 0.504545 -0.000260757 0.863385 57.1885
0.859939 0.0983656 -0.500828 -13.3939 -0.0831154 0.995143 0.05274 1.13865 0.503584 -0.00372664 0.863938 57.7305
0.860187 0.100418 -0.499994 -13.6978 -0.082802 0.994914 0.057365 1.16166 0.503211 -0.00794415 0.864127 58.2535
0.860066 0.102274 -0.499827 -14.0021 -0.084619 0.994728 0.057934 1.1875 0.503117 -0.00753218 0.864186 58.7644
0.859532 0.101286 -0.500946 -14.3183 -0.0852673 0.994848 0.0548446 1.21041 0.50392 -0.00442642 0.863739 59.3003
0.859059 0.0991706 -0.502178 -14.6209 -0.0858302 0.99507 0.0496807 1.23654 0.504629 0.000423383 0.863336 59.8088
0.858076 0.0956698 -0.504532 -14.921 -0.0851593 0.995399 0.043915 1.26428 0.506412 0.00528317 0.862275 60.3235
0.856889 0.096614 -0.506367 -15.206 -0.0875683 0.995285 0.0417131 1.28677 0.508009 0.00859819 0.861309 60.8003
0.855721 0.101525 -0.50738 -15.5104 -0.0917042 0.994796 0.0443921 1.30939 0.509247 0.00854168 0.860578 61.2886
0.854135 0.108219 -0.508667 -15.8156 -0.0963945 0.994105 0.049634 1.33652 0.51104 0.00663856 0.859531 61.7844
0.852839 0.112295 -0.509957 -16.1472 -0.0984774 0.993667 0.0541197 1.36593 0.512805 0.00406386 0.858496 62.319
0.851781 0.11372 -0.511406 -16.491 -0.100102 0.9935 0.0541949 1.3933 0.514245 0.00503067 0.857628 62.8697
0.850778 0.115416 -0.512695 -16.8685 -0.103563 0.993276 0.0517474 1.42315 0.51522 0.0090706 0.85701 63.4591
0.849657 0.114425 -0.514771 -17.2327 -0.104334 0.993354 0.0485973 1.45725 0.516911 0.0124169 0.855949 64.0431
0.847674 0.113639 -0.518204 -17.5968 -0.104658 0.993413 0.0466503 1.49381 0.520092 0.0146901 0.853984 64.6488
0.846712 0.110682 -0.520412 -17.9826 -0.101664 0.993757 0.0459462 1.5258 0.522248 0.0140041 0.852679 65.2697
0.844979 0.106001 -0.52419 -18.4738 -0.0968513 0.994284 0.0449414 1.5641 0.525957 0.0127939 0.850415 66.095
0.842911 0.100822 -0.528522 -18.9646 -0.0925519 0.994815 0.0421661 1.60911 0.530033 0.0133735 0.847871 66.9173
0.841629 0.0979491 -0.5311 -19.4346 -0.0910107 0.995074 0.0392947 1.63971 0.532333 0.0152642 0.846398 67.6432
0.839399 0.0976275 -0.534675 -19.9903 -0.0915992 0.995075 0.037889 1.67609 0.535741 0.0171719 0.844208 68.5079
0.837269 0.0963892 -0.538228 -20.4071 -0.0906633 0.995187 0.0371881 1.69959 0.539222 0.0176611 0.841978 69.1539
0.834902 0.0959134 -0.541977 -20.7898 -0.0899241 0.995239 0.0376011 1.7175 0.543003 0.0173436 0.839552 69.7412
0.832643 0.0964826 -0.545341 -21.1832 -0.0902527 0.995183 0.038269 1.7417 0.546407 0.0173541 0.83734 70.3444
0.831318 0.0986209 -0.546977 -21.6084 -0.0928338 0.994945 0.0382975 1.76758 0.547989 0.0189406 0.836271 70.977
0.830326 0.0976371 -0.548659 -22.0299 -0.0930948 0.995 0.0361788 1.79125 0.549448 0.0210371 0.835263 71.6264
0.830406 0.097128 -0.548628 -22.4789 -0.0947683 0.994962 0.0327044 1.81727 0.54904 0.0248346 0.835427 72.2952
0.830658 0.0983183 -0.548033 -23.031 -0.097379 0.994769 0.0308653 1.85484 0.548201 0.0277284 0.835887 73.1082
0.830859 0.0973349 -0.547904 -23.4899 -0.0950147 0.99494 0.0326671 1.87743 0.548311 0.0249172 0.835903 73.8174
0.831681 0.0977335 -0.546585 -24.0415 -0.0951389 0.994912 0.0331349 1.9039 0.547043 0.0244438 0.836748 74.6531
0.832632 0.0950907 -0.545602 -24.4733 -0.0933446 0.995151 0.0309896 1.92373 0.545903 0.025126 0.837472 75.3139
0.833436 0.0907537 -0.545112 -24.8929 -0.0900116 0.995544 0.0281233 1.93863 0.545235 0.0256274 0.837891 75.9596
0.834531 0.0881669 -0.54386 -25.4131 -0.0882092 0.995761 0.0260726 1.96058 0.543853 0.026215 0.838771 76.7326
0.835362 0.0842946 -0.543199 -25.948 -0.0857253 0.996059 0.0227371 1.97641 0.542975 0.0275723 0.839296 77.5594
0.836085 0.0765281 -0.543236 -27.0151 -0.079749 0.996658 0.0176634 2.00893 0.542773 0.0285544 0.839394 79.2564
0.836922 0.0806656 -0.541346 -27.4036 -0.0848312 0.996245 0.0173006 2.00858 0.540709 0.0314438 0.840622 79.8201
0.837923 0.0868967 -0.538827 -27.8049 -0.0887299 0.995799 0.02261 2.01597 0.538528 0.0288646 0.842113 80.4179
0.838372 0.0984917 -0.536126 -28.2234 -0.0939088 0.994932 0.0359281 2.02546 0.536948 0.0202259 0.843373 81.0343
0.839235 0.104965 -0.533542 -28.67 -0.0958869 0.994383 0.0448023 2.04873 0.535248 0.0135601 0.844586 81.7214
0.839553 0.110677 -0.531885 -29.1637 -0.100625 0.993768 0.0479559 2.0831 0.533878 0.0132594 0.845458 82.482
0.839924 0.109479 -0.531547 -29.6096 -0.100323 0.993883 0.0461777 2.11186 0.533351 0.0145405 0.845769 83.1971
0.841238 0.102511 -0.530858 -30.1429 -0.0932174 0.994657 0.044354 2.14284 0.532569 0.012173 0.846299 84.0454
0.840997 0.0990823 -0.531889 -30.5825 -0.0918379 0.994965 0.0401361 2.16106 0.533188 0.0150932 0.845862 84.7617
0.842226 0.0983417 -0.53008 -31.087 -0.0952135 0.9949 0.0332948 2.18873 0.53065 0.0224289 0.847294 85.5074
0.842823 0.0942937 -0.529866 -31.5173 -0.0945112 0.995164 0.0267644 2.20724 0.529827 0.0275206 0.847659 86.1985
0.842947 0.0989428 -0.528819 -31.9154 -0.0996686 0.994648 0.0272265 2.22044 0.528683 0.0297561 0.848298 86.8218
0.843338 0.106244 -0.526777 -32.3761 -0.105191 0.993935 0.0320589 2.23885 0.526988 0.0283756 0.849399 87.5344
0.844784 0.107701 -0.524158 -32.7948 -0.101064 0.99402 0.0413612 2.26291 0.525478 0.0180323 0.850616 88.1919
0.845117 0.109298 -0.523289 -33.2022 -0.097224 0.993976 0.0505916 2.29139 0.525667 0.00812052 0.850652 88.8609
0.845474 0.106156 -0.523358 -33.6475 -0.091886 0.994345 0.0532489 2.32214 0.526051 0.0030687 0.850447 89.5947
0.845524 0.100659 -0.524363 -34.098 -0.0880067 0.99491 0.0490792 2.35457 0.526634 0.00464982 0.850079 90.3293
0.846242 0.0944878 -0.524353 -34.5337 -0.0853926 0.99548 0.041571 2.38258 0.525911 0.00959677 0.850486 91.0203
0.845437 0.0943269 -0.525679 -34.9377 -0.0886966 0.995409 0.0359657 2.40481 0.526658 0.0162193 0.849922 91.6649
0.845773 0.0946384 -0.525083 -35.3384 -0.0914765 0.995292 0.0320415 2.41976 0.525643 0.020933 0.850448 92.2817
0.845641 0.0955632 -0.525127 -35.7265 -0.0947147 0.995095 0.028564 2.44258 0.525281 0.0255824 0.850544 92.8835
0.845138 0.0967385 -0.525722 -36.1103 -0.0948113 0.995022 0.0306784 2.45958 0.526073 0.023917 0.850103 93.5097
0.844745 0.0978487 -0.526148 -36.4756 -0.0906692 0.995098 0.0394883 2.47135 0.527433 0.014348 0.849475 94.1191
0.844659 0.0994044 -0.525994 -36.8975 -0.0895333 0.995 0.0442632 2.50011 0.527764 0.00970668 0.849335 94.7901
0.844809 0.0986926 -0.525888 -37.3193 -0.0873033 0.995096 0.0465003 2.52862 0.527898 0.00662784 0.849282 95.4632
0.844318 0.0958832 -0.527194 -37.7829 -0.0856521 0.995359 0.0438561 2.55797 0.528953 0.00812681 0.848612 96.21
0.844696 0.0912778 -0.527406 -38.2435 -0.0819683 0.995789 0.0410596 2.58357 0.528933 0.00854766 0.848621 96.9307
0.844761 0.0880138 -0.527856 -38.7734 -0.0797358 0.996073 0.0384774 2.62131 0.52917 0.00958482 0.848462 97.7612
0.844001 0.0891306 -0.528884 -39.2641 -0.0787063 0.996002 0.0422514 2.64825 0.530536 0.0059663 0.847642 98.5435
0.843189 0.0892539 -0.530157 -39.8848 -0.0765387 0.996007 0.0459505 2.68672 0.532142 0.00183265 0.846653 99.5627
0.842611 0.0931275 -0.53041 -40.3361 -0.0809554 0.995646 0.0462061 2.70997 0.532403 0.00400573 0.846481 100.253
0.84171 0.0952092 -0.53147 -40.8181 -0.0865068 0.995394 0.0413138 2.73911 0.532955 0.0112016 0.846069 100.997
0.840448 0.0939802 -0.533681 -41.2014 -0.0869559 0.995473 0.0383617 2.7563 0.53487 0.0141657 0.844816 101.633
0.838997 0.0940664 -0.535943 -41.591 -0.0859338 0.99549 0.0401981 2.7746 0.537307 0.0123295 0.843297 102.273
0.83928 0.0970912 -0.53496 -42.031 -0.0876194 0.995219 0.0431618 2.80027 0.536593 0.0106481 0.843774 102.927
0.838659 0.0937082 -0.536535 -42.4616 -0.084017 0.995555 0.042551 2.82293 0.538138 0.00939234 0.842805 103.612
0.838856 0.0876041 -0.537258 -42.8974 -0.0773988 0.996133 0.0415794 2.84804 0.538823 0.00670402 0.842392 104.306
0.837448 0.0845029 -0.539945 -43.3951 -0.0731314 0.996416 0.042516 2.87605 0.541602 0.00388194 0.840626 105.12
0.837615 0.0876395 -0.539185 -43.8833 -0.0765448 0.996138 0.0430019 2.90312 0.540872 0.00525275 0.841089 105.844
0.83681 0.0875707 -0.540445 -44.3829 -0.0767868 0.996141 0.0425147 2.92401 0.542082 0.00592226 0.840305 106.605
0.835379 0.0865751 -0.542813 -44.8282 -0.07484 0.996237 0.0437158 2.93714 0.544555 0.00410488 0.838715 107.325
0.835449 0.0891974 -0.542281 -45.2772 -0.0755973 0.996013 0.0473632 2.97014 0.544343 0.00142542 0.838861 107.988
0.835604 0.090189 -0.541878 -45.7681 -0.0763756 0.995924 0.0479843 3.00798 0.543996 0.00129031 0.839087 108.716
0.834974 0.0877449 -0.543249 -46.2701 -0.0751727 0.996139 0.0453546 3.03896 0.545131 0.0029676 0.838346 109.492
0.83438 0.0865229 -0.544356 -46.7953 -0.0760132 0.996229 0.0418342 3.0664 0.545923 0.00647257 0.837811 110.296
0.834171 0.0868154 -0.544631 -47.3264 -0.0763373 0.996202 0.0418767 3.10067 0.546198 0.00664336 0.83763 111.1
0.832812 0.0910607 -0.546015 -47.7604 -0.0796784 0.995825 0.044547 3.12938 0.547791 0.0064063 0.83659 111.785
0.832948 0.0915743 -0.545721 -48.2468 -0.0798187 0.995781 0.045267 3.15457 0.547564 0.00585366 0.836744 112.513
0.833042 0.0895157 -0.545919 -48.7126 -0.0793976 0.995951 0.0421523 3.17611 0.547483 0.00823005 0.836777 113.206
0.833278 0.0865259 -0.546042 -49.1482 -0.0780627 0.996196 0.038731 3.19824 0.547316 0.0103518 0.836862 113.858
0.833354 0.0833549 -0.546418 -49.5809 -0.0751824 0.99647 0.037347 3.21762 0.547603 0.00995783 0.836679 114.515
0.833472 0.0792159 -0.546854 -49.9871 -0.0695753 0.996839 0.0383584 3.23864 0.548164 0.00607687 0.836349 115.137
0.833809 0.0786623 -0.546419 -50.4068 -0.0680569 0.996893 0.0396607 3.25746 0.547841 0.00411816 0.836572 115.764
0.834645 0.0773064 -0.545337 -50.7977 -0.065952 0.997005 0.0403942 3.27871 0.546826 0.00225125 0.837243 116.34
0.834894 0.0744386 -0.545354 -51.1611 -0.0608688 0.997222 0.0429314 3.29402 0.547035 -0.00264806 0.837105 116.914
0.834119 0.0722226 -0.546836 -51.5117 -0.0570553 0.99737 0.0446967 3.30528 0.548626 -0.00608246 0.836046 117.489
0.833401 0.067542 -0.548526 -51.8837 -0.0534978 0.997702 0.041569 3.32459 0.550073 -0.00529872 0.8351 118.105
0.834393 0.0661743 -0.547184 -52.2863 -0.0549991 0.997808 0.0368037 3.34607 0.54842 -0.000614151 0.836203 118.696
0.83554 0.0681769 -0.545183 -52.7241 -0.0577169 0.997673 0.0363061 3.36958 0.546389 0.00113103 0.837531 119.359
0.836984 0.0759618 -0.541929 -53.2254 -0.0644255 0.99711 0.040262 3.38988 0.543421 0.00121539 0.839459 120.092
0.838942 0.0761624 -0.538866 -53.7379 -0.0639344 0.997095 0.0413906 3.41787 0.540453 -0.000272213 0.841374 120.89
0.841415 0.0754119 -0.535102 -54.3385 -0.0647985 0.99715 0.0386368 3.45311 0.536491 0.0021642 0.843903 121.835
0.844576 0.0728821 -0.530452 -54.8918 -0.0619453 0.99734 0.0384028 3.48022 0.53184 0.000424907 0.846845 122.742
0.847927 0.0740975 -0.524909 -55.2858 -0.0603246 0.997238 0.0433258 3.48707 0.526669 -0.0050722 0.850055 123.394
0.852099 0.0727556 -0.5183 -55.6293 -0.0575937 0.997311 0.0453106 3.50252 0.520203 -0.00875827 0.853998 123.962
0.856301 0.0659683 -0.512247 -55.9805 -0.0516399 0.997775 0.0421715 3.52296 0.513889 -0.00965908 0.857802 124.563
0.860868 0.064074 -0.504778 -56.292 -0.0522332 0.997927 0.0375914 3.53083 0.50614 -0.00599507 0.86243 125.079
0.865996 0.0610655 -0.496309 -56.5935 -0.0502601 0.998119 0.0351105 3.54518 0.49752 -0.00546103 0.867436 125.593
0.870878 0.0565799 -0.488231 -56.8429 -0.0453793 0.998365 0.0347531 3.55534 0.489399 -0.00811008 0.872022 126.057
0.876953 0.0546221 -0.477462 -57.1027 -0.0429703 0.998453 0.0353005 3.5559 0.478651 -0.0104402 0.877943 126.507
0.882275 0.0498458 -0.468087 -57.3513 -0.0373432 0.998655 0.0359587 3.56707 0.46925 -0.0142456 0.882951 126.996
0.886993 0.0461462 -0.459471 -57.5894 -0.0338744 0.998816 0.0349211 3.57795 0.460539 -0.0154105 0.887506 127.477
0.891952 0.04406 -0.449977 -57.8187 -0.0335656 0.998947 0.0312788 3.58248 0.450882 -0.0127954 0.892492 127.928
0.89707 0.0421473 -0.439875 -58.0246 -0.0332178 0.999056 0.0279825 3.58802 0.440639 -0.0104906 0.897623 128.352
0.901105 0.0370711 -0.432014 -58.2039 -0.0298216 0.999278 0.0235454 3.59493 0.432575 -0.00833353 0.901559 128.759
0.904967 0.0331765 -0.424187 -58.3748 -0.0271455 0.999426 0.0202546 3.59789 0.424616 -0.00681494 0.905348 129.138
0.908973 0.0352869 -0.415358 -58.5433 -0.0300798 0.999365 0.0190746 3.59679 0.415768 -0.00484439 0.909458 129.502
0.911844 0.0414938 -0.408434 -58.7042 -0.0378483 0.999139 0.0170072 3.60006 0.408788 -4.93689e-05 0.912629 129.856
0.913991 0.0378123 -0.403969 -58.8475 -0.0356175 0.999282 0.0129492 3.60851 0.404168 0.00255287 0.914681 130.206
0.914911 0.0349979 -0.402136 -58.9905 -0.0323328 0.999387 0.0134154 3.61468 0.402359 0.000728304 0.915482 130.568
0.915349 0.0323527 -0.401359 -59.1391 -0.0279334 0.999468 0.0168594 3.62193 0.401691 -0.00422093 0.915766 130.92
0.914374 0.0352597 -0.403332 -59.2959 -0.0299025 0.999361 0.0195748 3.61884 0.403765 -0.00583808 0.914844 131.269
0.912557 0.0388329 -0.407101 -59.4646 -0.0333485 0.999232 0.0205615 3.61738 0.407587 -0.00518733 0.913152 131.621
0.907882 0.0341946 -0.417829 -59.6159 -0.0291499 0.999405 0.0184515 3.61705 0.418211 -0.00457207 0.908338 131.979
0.901862 0.0301833 -0.430968 -59.7861 -0.0265285 0.999543 0.0144893 3.62069 0.431208 -0.00163438 0.902251 132.303
0.892907 0.0229106 -0.449658 -59.9531 -0.0199481 0.999737 0.011326 3.62626 0.449799 -0.0011433 0.893129 132.619
0.881149 0.0206413 -0.472388 -60.1255 -0.0177968 0.999787 0.0104897 3.63226 0.472503 -0.000835991 0.881329 132.91
0.866677 0.0256171 -0.498211 -60.313 -0.0221695 0.999672 0.0128357 3.63531 0.498376 -7.92976e-05 0.866961 133.18
0.849794 0.0324703 -0.526114 -60.5212 -0.0280508 0.999472 0.0163762 3.63822 0.526368 0.000841524 0.850257 133.46
0.832185 0.0406301 -0.553008 -60.736 -0.0347228 0.999173 0.0211584 3.6433 0.55341 0.00159427 0.832907 133.722
0.811368 0.0440785 -0.582871 -60.9513 -0.0328684 0.999015 0.0297952 3.64589 0.58361 -0.00501679 0.812018 134.006
0.788418 0.0499917 -0.613105 -61.2005 -0.0320775 0.998677 0.0401809 3.65607 0.614303 -0.0120125 0.788979 134.307
0.765029 0.0575722 -0.641418 -61.4984 -0.0388783 0.998308 0.0432351 3.66769 0.642822 -0.00813883 0.765973 134.595
0.738643 0.0584468 -0.671558 -61.7991 -0.0412471 0.998286 0.041515 3.67867 0.672833 -0.00296495 0.739788 134.894
0.709497 0.0531277 -0.702703 -62.0907 -0.0399264 0.998583 0.0351853 3.69605 0.703577 0.00309255 0.710613 135.179
0.680144 0.0482842 -0.731487 -62.4071 -0.0393839 0.998794 0.0293091 3.71908 0.73202 0.00887439 0.681226 135.436
0.64869 0.0527958 -0.759219 -62.7116 -0.0427934 0.998543 0.0328748 3.73154 0.759848 0.011164 0.650004 135.678
0.616713 0.0619432 -0.784747 -63.0478 -0.0471118 0.998017 0.0417534 3.74797 0.785777 0.011221 0.618408 135.908
0.583729 0.0665683 -0.809215 -63.4056 -0.0466703 0.997737 0.0484109 3.76005 0.810606 0.00950751 0.585515 136.148
0.550154 0.0670452 -0.832368 -63.7977 -0.0491766 0.997643 0.0478544 3.77946 0.833614 0.0146058 0.552154 136.374
0.512162 0.0618485 -0.856659 -64.183 -0.0446349 0.997973 0.0453656 3.80111 0.857728 0.0150023 0.513885 136.607
0.476123 0.0599915 -0.87733 -64.5876 -0.0449579 0.998026 0.0438462 3.82747 0.878229 0.0185667 0.47788 136.788
0.439445 0.061633 -0.896153 -64.9889 -0.045918 0.99788 0.0461126 3.84207 0.897095 0.0208856 0.441343 136.948
0.400056 0.0652919 -0.914162 -65.4127 -0.0464172 0.997622 0.0509398 3.86287 0.915315 0.0220541 0.402135 137.11
0.359111 0.0663252 -0.930935 -65.8581 -0.0452281 0.997536 0.0536234 3.89292 0.932198 0.0228476 0.361226 137.263
0.318489 0.0679061 -0.945491 -66.3223 -0.045606 0.997373 0.0562699 3.91438 0.946829 0.0251988 0.320749 137.398
0.279943 0.0723345 -0.957288 -66.7913 -0.049464 0.99692 0.0608642 3.93587 0.958741 0.0303127 0.282659 137.504
0.241088 0.0713045 -0.96788 -67.3115 -0.0497288 0.996895 0.0610552 3.96881 0.969228 0.0334119 0.243885 137.622
0.206311 0.0701819 -0.975966 -67.8601 -0.0491358 0.996909 0.061301 3.99177 0.977252 0.0353078 0.209121 137.697
0.173725 0.0691361 -0.982364 -68.4146 -0.050231 0.996856 0.0612729 4.0245 0.983512 0.0387005 0.176652 137.757
0.142763 0.067257 -0.987469 -69.011 -0.0447811 0.997106 0.0614391 4.05547 0.988743 0.0354487 0.145362 137.824
0.110591 0.0646431 -0.991762 -69.6166 -0.0416714 0.997307 0.0603578 4.09086 0.992992 0.0346531 0.112986 137.892
0.0824719 0.0588975 -0.994851 -70.2663 -0.0337591 0.997844 0.0562761 4.12417 0.996021 0.0289441 0.0842824 137.929
0.0539246 0.0536984 -0.9971 -70.8708 -0.0282266 0.998236 0.052233 4.15275 0.998146 0.0253281 0.0553452 137.952
0.0265237 0.0519008 -0.9983 -71.4289 -0.0188032 0.998501 0.0514116 4.18265 0.999471 0.0174076 0.0274598 137.961
0.000744018 0.0520673 -0.998643 -72.0219 -0.0137662 0.998549 0.0520522 4.21433 0.999905 0.0137088 0.00145971 137.96
-0.0217886 0.0547758 -0.998261 -72.6193 -0.0102643 0.998433 0.0550093 4.23683 0.99971 0.0114451 -0.0211922 137.934
-0.0391477 0.0553084 -0.997702 -73.2833 -0.00679501 0.998429 0.0556154 4.27416 0.99921 0.0089566 -0.0387104 137.88
-0.053865 0.0593817 -0.996781 -74.0905 -0.00628774 0.99819 0.0598054 4.32067 0.998528 0.00948892 -0.0533941 137.824
-0.0660369 0.0624141 -0.995863 -75.1808 -0.00685425 0.99799 0.0630019 4.37563 0.997794 0.0109863 -0.0654764 137.733
-0.0768985 0.0632042 -0.995034 -76.4464 -0.0043496 0.997958 0.0637261 4.44211 0.997029 0.00922845 -0.0764666 137.604
-0.0874627 0.057875 -0.994485 -77.347 -0.00342707 0.998288 0.0583977 4.48739 0.996162 0.00851579 -0.0871146 137.519
-0.0963419 0.0532089 -0.993925 -78.0494 -0.00454501 0.998536 0.0538963 4.52686 0.995338 0.00970987 -0.095959 137.444
-0.103565 0.0533132 -0.993193 -78.9357 -0.0101253 0.998454 0.0546515 4.57761 0.994571 0.0157164 -0.102865 137.321
-0.109603 0.0554169 -0.992429 -79.6299 -0.0120154 0.998298 0.0570715 4.61345 0.993903 0.0181797 -0.10875 137.233
-0.113399 0.0555988 -0.991993 -80.2729 -0.0117655 0.998288 0.0572966 4.64874 0.99348 0.0181686 -0.11255 137.15
-0.116444 0.0550092 -0.991673 -80.9366 -0.0131858 0.998291 0.0569246 4.68074 0.99311 0.0197045 -0.11552 137.067
-0.119578 0.0510927 -0.991509 -81.629 -0.0165381 0.998434 0.0534441 4.71965 0.992687 0.0227884 -0.118545 136.973
-0.122053 0.0483392 -0.991346 -82.3064 -0.0144889 0.99862 0.0504778 4.75314 0.992418 0.0205245 -0.121184 136.892
-0.124383 0.0465476 -0.991142 -82.9715 -0.0155617 0.998685 0.0488547 4.78573 0.992112 0.0215006 -0.123495 136.802
-0.124941 0.0444746 -0.991167 -83.6763 -0.0151584 0.998793 0.0467275 4.81469 0.992048 0.0208627 -0.124116 136.713
-0.126052 0.0414624 -0.991157 -84.4678 -0.015889 0.998914 0.0438076 4.84236 0.991896 0.0212706 -0.125256 136.616
-0.125227 0.0398269 -0.991328 -85.4169 -0.0176884 0.998946 0.0423673 4.88471 0.99197 0.0228406 -0.12439 136.476
-0.125523 0.0450507 -0.991067 -86.5754 -0.0143612 0.998781 0.0472202 4.93202 0.991987 0.0201601 -0.124723 136.331
-0.124979 0.0498925 -0.990904 -88.0819 -0.0133775 0.998559 0.0519652 4.98409 0.992069 0.0197503 -0.124131 136.141
-0.12276 0.0512072 -0.991114 -88.8453 -0.0163655 0.998428 0.053612 5.02205 0.992301 0.0228015 -0.121729 136.027
-0.121518 0.0494904 -0.991355 -89.6054 -0.0213241 0.998396 0.0524558 5.06436 0.99236 0.0275141 -0.120267 135.917
-0.120748 0.0499864 -0.991424 -90.3799 -0.0235666 0.998306 0.0532036 5.10062 0.992403 0.0297887 -0.119365 135.81
-0.119272 0.0469396 -0.991751 -91.1913 -0.0245608 0.998437 0.0502098 5.1291 0.992558 0.0303469 -0.117933 135.704
-0.11832 0.0414106 -0.992112 -91.951 -0.0237628 0.998726 0.0445206 5.15459 0.992691 0.028843 -0.117185 135.608
-0.117725 0.0367793 -0.992365 -92.71 -0.0183815 0.999062 0.0392082 5.1844 0.992876 0.022857 -0.116939 135.524
-0.118123 0.0435046 -0.992045 -93.4793 -0.0136999 0.998873 0.0454353 5.20804 0.992904 0.0189579 -0.117394 135.445
-0.117831 0.0578335 -0.991348 -94.2838 -0.0128871 0.99813 0.0597608 5.24275 0.99295 0.0198173 -0.116865 135.348
-0.117123 0.0648648 -0.990997 -95.1435 -0.0132798 0.997673 0.0668713 5.28465 0.993029 0.0209924 -0.115989 135.245
-0.116032 0.054738 -0.991736 -96.0858 -0.0141049 0.998289 0.0567499 5.32447 0.993145 0.0205731 -0.115061 135.12
-0.116356 0.0361941 -0.992548 -96.9131 -0.0186731 0.999079 0.0386213 5.36313 0.993032 0.0230278 -0.115573 135.017
-0.11798 0.0245603 -0.992712 -97.6471 -0.0196208 0.999441 0.0270586 5.38557 0.992822 0.0226702 -0.117432 134.925
-0.119994 0.0297063 -0.99233 -98.352 -0.0195807 0.999287 0.0322823 5.4038 0.992582 0.0233042 -0.119327 134.844
-0.119856 0.0417072 -0.991915 -99.1835 -0.0146427 0.998934 0.0437717 5.42309 0.992683 0.0197706 -0.119117 134.742
-0.120503 0.0520213 -0.991349 -100.076 -0.0142325 0.998433 0.0541231 5.4539 0.992611 0.0206313 -0.119574 134.632
-0.122277 0.0530809 -0.991076 -101.088 -0.0104555 0.998444 0.0547656 5.49995 0.992441 0.0170587 -0.121532 134.517
-0.123032 0.0496627 -0.991159 -102.098 -0.00850793 0.998658 0.0510945 5.54303 0.992366 0.014719 -0.122444 134.387
-0.124114 0.0455895 -0.99122 -103.255 -0.00720687 0.998876 0.0468441 5.59004 0.992242 0.0129576 -0.123646 134.238
-0.125249 0.042273 -0.991224 -104.632 -0.00527537 0.999049 0.0432733 5.64315 0.992111 0.010649 -0.124907 134.08
-0.126335 0.0381154 -0.991255 -105.597 -0.00581565 0.999216 0.0391627 5.67497 0.991971 0.0107124 -0.126015 133.957
-0.126006 0.0368245 -0.991346 -106.402 -0.00686957 0.999254 0.0379915 5.69617 0.992006 0.0115973 -0.125659 133.853
-0.125597 0.0416382 -0.991207 -107.207 -0.000147396 0.999118 0.0419892 5.72229 0.992081 0.00541984 -0.12548 133.765
-0.123722 0.0512145 -0.990994 -108.178 -0.00221729 0.998651 0.0518869 5.75803 0.992314 0.00861686 -0.123441 133.631
-0.119749 0.0552792 -0.991264 -109.009 -0.000777328 0.998443 0.0557735 5.78834 0.992804 0.00744936 -0.11952 133.513
-0.118569 0.0537255 -0.991491 -109.817 -0.00193528 0.998521 0.0543379 5.81837 0.992944 0.0083616 -0.11829 133.427
-0.115052 0.0493765 -0.992131 -110.666 -0.00333539 0.998739 0.0500921 5.8446 0.993354 0.00907237 -0.114743 133.316
-0.113451 0.0491365 -0.992328 -111.427 0.00124344 0.998783 0.049314 5.87082 0.993543 0.00436082 -0.113374 133.244
-0.111347 0.0511996 -0.992462 -112.21 -0.00156214 0.998662 0.0516947 5.90087 0.99378 0.00730643 -0.111118 133.151
-0.109057 0.0569009 -0.992406 -113.167 -0.000994283 0.998354 0.0573511 5.93579 0.994035 0.00724126 -0.108821 133.037
-0.10805 0.0593252 -0.992374 -114.25 0.000580506 0.998221 0.0596116 5.98041 0.994145 0.00586498 -0.107893 132.923
-0.107123 0.0573405 -0.992591 -115.338 -0.00352713 0.998307 0.0580514 6.02121 0.994239 0.00971966 -0.10674 132.796
-0.106953 0.0523216 -0.992887 -116.465 -0.00890222 0.998524 0.0535776 6.06385 0.994224 0.0145692 -0.106329 132.657
-0.106518 0.0504372 -0.993031 -117.44 -0.0144742 0.998528 0.052269 6.11031 0.994205 0.0199409 -0.105631 132.52
-0.10816 0.052519 -0.992745 -118.305 -0.0144534 0.998415 0.0543936 6.13764 0.994028 0.0202317 -0.107229 132.418
-0.111828 0.0523214 -0.992349 -119.188 -0.013714 0.998437 0.0541878 6.16633 0.993633 0.0196688 -0.110936 132.326
-0.116149 0.0510055 -0.991921 -119.933 -0.0107523 0.998557 0.0526058 6.19488 0.993174 0.0167755 -0.115433 132.253
-0.1202 0.0531599 -0.991325 -120.637 -0.0100662 0.998449 0.0547624 6.22123 0.992699 0.0165613 -0.119478 132.169
-0.125229 0.0556908 -0.990564 -121.361 -0.00270672 0.9984 0.0564736 6.25154 0.992124 0.00975332 -0.124878 132.094
-0.130401 0.0571724 -0.989812 -122.037 -0.00286926 0.99831 0.0580413 6.27489 0.991457 0.0104087 -0.130017 132.007
-0.135388 0.0567792 -0.989164 -122.671 -0.00695515 0.998278 0.0582543 6.30178 0.990768 0.0147667 -0.13476 131.914
-0.140664 0.0567358 -0.98843 -123.311 -0.00691151 0.998276 0.0582846 6.32853 0.990033 0.0150301 -0.14003 131.826
-0.145829 0.0587277 -0.987565 -123.925 -0.00642279 0.998159 0.0603062 6.3573 0.989289 0.0151373 -0.145184 131.737
-0.148267 0.0578848 -0.987252 -124.557 -0.0100969 0.998145 0.0600398 6.38219 0.988896 0.0188702 -0.147408 131.615
-0.152037 0.0568691 -0.986737 -125.161 -0.00592481 0.998273 0.0584468 6.39952 0.988357 0.0147323 -0.151437 131.524
-0.15423 0.0539367 -0.986562 -125.731 -0.00567931 0.998444 0.0554742 6.4281 0.988019 0.0141588 -0.153684 131.421
-0.154615 0.0548425 -0.986451 -126.298 -0.00755838 0.998363 0.0566894 6.4552 0.987946 0.016221 -0.153948 131.322
-0.155136 0.0603754 -0.986047 -126.842 -0.0094077 0.997995 0.0625872 6.46871 0.987848 0.0189859 -0.154257 131.237
-0.153769 0.0622201 -0.986146 -127.364 -0.0092811 0.997881 0.0644077 6.48737 0.988063 0.0190564 -0.152865 131.15
-0.151105 0.0585756 -0.986781 -127.883 -0.00961822 0.998108 0.0607208 6.50639 0.988471 0.0186663 -0.150256 131.07
-0.145518 0.0547149 -0.987841 -128.378 -0.00725791 0.998384 0.056368 6.52977 0.989329 0.0153722 -0.144886 130.998
-0.137269 0.0521932 -0.989158 -128.846 -0.0110642 0.998468 0.0542198 6.55383 0.990472 0.018387 -0.136481 130.934
-0.125288 0.0537907 -0.990661 -129.306 -0.00636321 0.998465 0.0550192 6.57061 0.9921 0.013197 -0.124753 130.897
-0.10893 0.0568002 -0.992425 -129.741 -0.00489892 0.998323 0.0576755 6.58858 0.994037 0.0111444 -0.108469 130.858
-0.0899255 0.0592615 -0.994184 -130.179 -0.00310738 0.998207 0.0597824 6.60392 0.995944 0.00846527 -0.0895801 130.832
-0.0672946 0.0565312 -0.99613 -130.63 -0.00154788 0.998386 0.0567638 6.62272 0.997732 0.00536179 -0.0670985 130.821
-0.0416908 0.0535317 -0.997695 -131.074 0.000798981 0.998565 0.053545 6.63981 0.99913 0.0014352 -0.0416738 130.833
-0.0111423 0.0542171 -0.998467 -131.503 -0.00411111 0.998518 0.0542658 6.65455 0.999929 0.00470946 -0.0109029 130.836
0.0247186 0.055606 -0.998147 -131.944 -0.00741427 0.998435 0.0554385 6.67426 0.999667 0.00603018 0.0250921 130.869
0.0661874 0.0543969 -0.996323 -132.386 -0.0107727 0.998494 0.0537998 6.69332 0.997749 0.00717221 0.0666737 130.924
0.111466 0.0509769 -0.99246 -132.805 -0.0104118 0.998689 0.0501275 6.71024 0.993714 0.00474576 0.111851 131.006
0.162808 0.048628 -0.985459 -133.21 -0.0169284 0.998775 0.0464883 6.72473 0.986512 0.00911358 0.163432 131.094
0.218583 0.046982 -0.974687 -133.608 -0.0230749 0.99881 0.0429701 6.73827 0.975546 0.0130983 0.219407 131.197
0.274913 0.0424668 -0.960531 -133.987 -0.0222842 0.999037 0.0377913 6.75382 0.961211 0.0110153 0.275595 131.332
0.331417 0.0352178 -0.942827 -134.335 -0.0202621 0.999338 0.0302063 6.75768 0.943267 0.00909278 0.331912 131.492
0.389089 0.0270979 -0.920801 -134.657 -0.0212767 0.999565 0.0204252 6.76205 0.920954 0.0116444 0.389496 131.658
0.446726 0.0208735 -0.894427 -134.946 -0.0228561 0.999668 0.011914 6.76177 0.894379 0.0151208 0.447055 131.832
0.503334 0.0186535 -0.863891 -135.219 -0.0240522 0.999682 0.00757195 6.76423 0.863757 0.0169672 0.503622 132.006
0.556488 0.0164927 -0.830692 -135.469 -0.018133 0.999806 0.00770291 6.76526 0.830658 0.0107764 0.556679 132.208
0.608628 0.0170262 -0.793273 -135.718 -0.0139155 0.999845 0.0107835 6.76498 0.793334 0.00447564 0.608771 132.43
0.655265 0.0209373 -0.755109 -135.961 -0.0151615 0.999779 0.0145646 6.76524 0.755247 0.00190492 0.655438 132.683
0.698757 0.0259179 -0.71489 -136.215 -0.0203397 0.999659 0.0163614 6.76182 0.71507 0.00310802 0.699046 132.949
0.738148 0.0268674 -0.674103 -136.449 -0.0225656 0.999631 0.0151323 6.76252 0.674261 0.00404166 0.738482 133.232
0.772992 0.0241035 -0.633958 -136.668 -0.0205284 0.999705 0.012979 6.76094 0.634084 0.00298148 0.773258 133.544
0.803994 0.0203989 -0.594288 -136.877 -0.0180183 0.999788 0.00994134 6.76362 0.594365 0.00271529 0.804191 133.868
0.831573 0.021502 -0.554999 -137.091 -0.0203276 0.999759 0.00827556 6.76799 0.555043 0.00440006 0.83181 134.207
0.854889 0.0231788 -0.518294 -137.303 -0.0214378 0.999726 0.00934885 6.77105 0.518369 0.00311887 0.855152 134.584
0.875599 0.0284574 -0.4822 -137.509 -0.0255973 0.999594 0.0125112 6.7723 0.48236 0.00138822 0.875972 134.953
0.892543 0.0297322 -0.449982 -137.718 -0.0256441 0.999556 0.0151797 6.77754 0.450234 -0.00200912 0.892909 135.387
0.905689 0.0246273 -0.423228 -137.899 -0.0206905 0.999689 0.0138943 6.77924 0.423438 -0.0038271 0.905917 135.821
0.915962 0.0206456 -0.400733 -138.086 -0.0170599 0.999776 0.0125141 6.78092 0.400902 -0.00462603 0.916109 136.281
0.924076 0.0175494 -0.381805 -138.288 -0.0148295 0.999839 0.0100654 6.78255 0.381921 -0.00363926 0.924188 136.776
0.929052 0.011209 -0.36978 -138.463 -0.00975238 0.999936 0.00580831 6.78578 0.369821 -0.00178999 0.929101 137.261
0.932194 0.00668555 -0.361897 -138.662 -0.00528827 0.999974 0.00485133 6.78786 0.36192 -0.00260857 0.932205 137.797
0.934348 0.00637191 -0.356305 -138.877 -0.00496728 0.999976 0.00485704 6.78881 0.356327 -0.0027683 0.934357 138.353
0.93582 0.00707347 -0.352407 -139.132 -0.00509591 0.999966 0.00653897 6.79258 0.352441 -0.00432347 0.935824 139.004
0.93646 0.00754617 -0.350693 -139.387 -0.00462494 0.999947 0.00916671 6.79271 0.350743 -0.00696233 0.936446 139.675
0.936507 0.00396553 -0.350626 -139.602 -0.00148632 0.999972 0.00733963 6.79933 0.350645 -0.00635247 0.936487 140.271
