1 0 0 0 0 1 0 0 0 0 1 0
0.99994 -0.0100317 -0.0044308 0.0494897 0.0100228 0.999948 -0.00203674 -0.00967985 0.004451 0.00199221 0.999988 0.224177
0.999862 -0.0154495 -0.00618269 0.0718976 0.0154375 0.999879 -0.00198344 -0.0179037 0.00621258 0.00188772 0.999979 0.481012
0.999824 -0.0176097 -0.00651893 0.0767614 0.0175946 0.999842 -0.00236722 -0.0240912 0.00655958 0.00225211 0.999976 0.727388
0.999854 -0.0161863 -0.00554423 0.0661597 0.0161718 0.999866 -0.00264328 -0.0254293 0.00558627 0.00255323 0.999981 0.977769
0.999724 -0.0222554 -0.00753697 0.0888753 0.0222338 0.999748 -0.00293763 -0.0315628 0.00760045 0.00276925 0.999967 1.21801
0.999611 -0.0264255 -0.00892581 0.103667 0.0263972 0.999646 -0.00327125 -0.0417759 0.00900909 0.00303436 0.999955 1.46065
0.999617 -0.0262262 -0.00882043 0.0994495 0.0261976 0.999651 -0.00333847 -0.0469343 0.0089049 0.00310612 0.999956 1.70511
0.999647 -0.0248544 -0.00940819 0.093818 0.0248269 0.999687 -0.00303155 -0.0539504 0.0094806 0.0027969 0.999951 1.94033
0.999451 -0.0307808 -0.0122821 0.115814 0.0307401 0.999521 -0.00348842 -0.0623135 0.0123836 0.00310895 0.999918 2.15788
0.999136 -0.038693 -0.0151423 0.140967 0.0386275 0.999243 -0.00458868 -0.0677735 0.0153084 0.00399981 0.999875 2.38036
0.999113 -0.0389922 -0.0159251 0.138971 0.0389247 0.999232 -0.00452265 -0.0716634 0.0160892 0.00389876 0.999863 2.62006
0.998962 -0.0419771 -0.0177143 0.148078 0.0418987 0.99911 -0.00477531 -0.0733912 0.017899 0.00402814 0.999832 2.8524
0.998597 -0.0488474 -0.0204575 0.172228 0.0487412 0.998795 -0.00565951 -0.0834251 0.0207093 0.00465444 0.999775 3.07164
0.99819 -0.05547 -0.0232232 0.194333 0.0553237 0.998445 -0.00689782 -0.0921816 0.0235697 0.00560054 0.999707 3.29171
0.997775 -0.0612547 -0.0263392 0.217714 0.0610666 0.998103 -0.00788793 -0.0952822 0.0267724 0.00626192 0.999622 3.5213
0.997775 -0.0612547 -0.0263392 0.217714 0.0610666 0.998103 -0.00788793 -0.0952822 0.0267724 0.00626192 0.999622 3.5213
0.99739 -0.0663007 -0.0285737 0.231002 0.0660771 0.997777 -0.00870149 -0.0973015 0.0290871 0.00679072 0.999554 3.73237
0.996839 -0.0728161 -0.0317854 0.252456 0.072546 0.997319 -0.00957167 -0.103483 0.0323971 0.00723551 0.999449 3.94287
0.996839 -0.0728161 -0.0317854 0.252456 0.072546 0.997319 -0.00957167 -0.103483 0.0323971 0.00723551 0.999449 3.94287
0.996294 -0.078874 -0.0343125 0.27233 0.0785426 0.996851 -0.0109038 -0.105598 0.0350645 0.00816843 0.999352 4.14518
0.995824 -0.08373 -0.0363817 0.287984 0.0833503 0.99645 -0.0118325 -0.108584 0.0372433 0.00875064 0.999268 4.35527
0.995824 -0.08373 -0.0363817 0.287984 0.0833503 0.99645 -0.0118325 -0.108584 0.0372433 0.00875064 0.999268 4.35527
0.995824 -0.08373 -0.0363817 0.287984 0.0833503 0.99645 -0.0118325 -0.108584 0.0372433 0.00875064 0.999268 4.35527
0.995824 -0.08373 -0.0363817 0.287984 0.0833503 0.99645 -0.0118325 -0.108584 0.0372433 0.00875064 0.999268 4.35527
0.995525 -0.0866732 -0.0376519 0.292023 0.0863026 0.996204 -0.0113624 -0.115218 0.0384937 0.00806205 0.999226 4.56156
0.995525 -0.0866732 -0.0376519 0.292023 0.0863026 0.996204 -0.0113624 -0.115218 0.0384937 0.00806205 0.999226 4.56156
0.995525 -0.0866732 -0.0376519 0.292023 0.0863026 0.996204 -0.0113624 -0.115218 0.0384937 0.00806205 0.999226 4.56156
0.995597 -0.0860197 -0.0372542 0.281501 0.0856728 0.996265 -0.0108112 -0.12143 0.038045 0.00757195 0.999247 4.75591
0.995597 -0.0860197 -0.0372542 0.281501 0.0856728 0.996265 -0.0108112 -0.12143 0.038045 0.00757195 0.999247 4.75591
0.994931 -0.0924066 -0.0396548 0.301982 0.0919921 0.995686 -0.0121582 -0.125278 0.0406072 0.00844869 0.999139 4.93984
0.994931 -0.0924066 -0.0396548 0.301982 0.0919921 0.995686 -0.0121582 -0.125278 0.0406072 0.00844869 0.999139 4.93984
0.994931 -0.0924066 -0.0396548 0.301982 0.0919921 0.995686 -0.0121582 -0.125278 0.0406072 0.00844869 0.999139 4.93984
0.994931 -0.0924066 -0.0396548 0.301982 0.0919921 0.995686 -0.0121582 -0.125278 0.0406072 0.00844869 0.999139 4.93984
0.994931 -0.0924066 -0.0396548 0.301982 0.0919921 0.995686 -0.0121582 -0.125278 0.0406072 0.00844869 0.999139 4.93984
0.994931 -0.0924066 -0.0396548 0.301982 0.0919921 0.995686 -0.0121582 -0.125278 0.0406072 0.00844869 0.999139 4.93984
0.994931 -0.0924066 -0.0396548 0.301982 0.0919921 0.995686 -0.0121582 -0.125278 0.0406072 0.00844869 0.999139 4.93984
0.994926 -0.0924877 -0.0395957 0.292485 0.0920648 0.995676 -0.0123768 -0.130784 0.0405692 0.00866861 0.999139 5.12815
0.994926 -0.0924877 -0.0395957 0.292485 0.0920648 0.995676 -0.0123768 -0.130784 0.0405692 0.00866861 0.999139 5.12815
0.994926 -0.0924877 -0.0395957 0.292485 0.0920648 0.995676 -0.0123768 -0.130784 0.0405692 0.00866861 0.999139 5.12815
0.994325 -0.0980278 -0.0413222 0.301211 0.0975629 0.995143 -0.0131246 -0.136241 0.0424081 0.00901862 0.99906 5.3284
0.99373 -0.102831 -0.0438998 0.309541 0.102302 0.994653 -0.0141202 -0.137189 0.0451171 0.00954057 0.998936 5.53533
0.993189 -0.106767 -0.0466542 0.317378 0.106174 0.994234 -0.0150018 -0.141485 0.0479869 0.00994615 0.998798 5.75403
0.992999 -0.108197 -0.0474051 0.309128 0.10757 0.994075 -0.015591 -0.146281 0.0488112 0.0103824 0.998754 5.96925
0.992495 -0.111973 -0.0491448 0.310458 0.111275 0.993649 -0.0167294 -0.150564 0.050706 0.0111353 0.998652 6.21546
0.992047 -0.115279 -0.0505246 0.309654 0.114528 0.993265 -0.0175343 -0.156998 0.0522057 0.0116084 0.998569 6.46298
0.991141 -0.121346 -0.0539816 0.333306 0.120488 0.992535 -0.0188869 -0.164233 0.0558705 0.0122154 0.998363 6.7273
0.990933 -0.122453 -0.0552841 0.325555 0.121554 0.992396 -0.0193467 -0.169573 0.0572328 0.0124512 0.998283 7.00378
0.99013 -0.127688 -0.0577706 0.33094 0.126691 0.991728 -0.020613 -0.169765 0.0599247 0.0130905 0.998117 7.269
0.990274 -0.12637 -0.0581988 0.311544 0.125359 0.991895 -0.0207324 -0.182766 0.0603471 0.013235 0.99809 7.54459
0.99033 -0.125761 -0.0585715 0.292927 0.124722 0.991968 -0.0210899 -0.187778 0.0607533 0.0135808 0.99806 7.84267
0.99013 -0.126761 -0.0597817 0.285637 0.125681 0.991837 -0.0215114 -0.194928 0.0620206 0.0137857 0.99798 8.14615
0.989631 -0.129902 -0.0612851 0.282068 0.128764 0.991427 -0.0221897 -0.199284 0.0636422 0.0140683 0.997874 8.46483
0.989238 -0.132492 -0.0620874 0.272626 0.131325 0.991083 -0.0225233 -0.209069 0.064518 0.0141272 0.997817 8.79704
0.988576 -0.136507 -0.0639039 0.27165 0.135242 0.990528 -0.0237408 -0.213318 0.0665394 0.0148271 0.997674 9.12352
0.988296 -0.138061 -0.0648806 0.257487 0.136775 0.990314 -0.0238841 -0.221268 0.0675496 0.0147305 0.997607 9.46167
0.988032 -0.139491 -0.0658426 0.241355 0.138167 0.990112 -0.0242656 -0.233774 0.0685764 0.0148779 0.997535 9.816
0.987671 -0.141708 -0.0665202 0.229904 0.140326 0.989789 -0.0250351 -0.243009 0.0693886 0.0153919 0.997471 10.179
0.987383 -0.143705 -0.0665121 0.206814 0.142285 0.989493 -0.0256475 -0.252934 0.069499 0.0158603 0.997456 10.5814
0.987158 -0.144931 -0.0671851 0.182277 0.143524 0.989322 -0.0253431 -0.27004 0.0701407 0.015375 0.997419 10.9787
0.987149 -0.144799 -0.0676043 0.155759 0.143426 0.989351 -0.0247648 -0.285542 0.0704703 0.0147503 0.997405 11.3779
0.987223 -0.144429 -0.0673167 0.122902 0.143076 0.989408 -0.0245206 -0.301069 0.0701452 0.0145759 0.99743 11.801
0.987457 -0.14301 -0.0669056 0.0827786 0.141642 0.989607 -0.024796 -0.314267 0.0697564 0.0150084 0.997451 12.2763
0.986998 -0.145475 -0.0683472 0.0640707 0.144172 0.98927 -0.0236546 -0.328829 0.071055 0.0134933 0.997381 12.7213
0.987162 -0.144231 -0.0686186 0.0273083 0.143074 0.989478 -0.0215178 -0.344812 0.0710002 0.011424 0.997411 13.1732
0.987152 -0.144429 -0.0683454 -0.00873251 0.143427 0.989471 -0.019364 -0.363689 0.0704225 0.00931259 0.997474 13.6304
0.986874 -0.145863 -0.0693096 -0.0389763 0.144968 0.989276 -0.0177982 -0.375839 0.0711624 0.0075169 0.997436 14.1107
0.986812 -0.145959 -0.0699888 -0.072276 0.145144 0.989271 -0.0166177 -0.391676 0.0716634 0.00624011 0.997409 14.5767
0.986341 -0.148786 -0.0706762 -0.0951603 0.147975 0.988852 -0.0165933 -0.403135 0.0723572 0.00590831 0.997361 15.024
0.986336 -0.148561 -0.0712088 -0.128229 0.147743 0.988886 -0.0166524 -0.416626 0.0728912 0.00590429 0.997322 15.4492
0.984934 -0.156254 -0.0740946 -0.127661 0.155381 0.987701 -0.0174403 -0.426748 0.0759084 0.00566465 0.997099 15.8884
0.984792 -0.157128 -0.0741281 -0.159601 0.15624 0.987561 -0.0176671 -0.437331 0.075982 0.00581667 0.997092 16.318
0.984249 -0.159669 -0.0758899 -0.178442 0.158772 0.987156 -0.0177433 -0.448105 0.0777482 0.00541463 0.996958 16.7415
0.983722 -0.162266 -0.0772037 -0.200313 0.161365 0.986734 -0.0178091 -0.461044 0.0790693 0.0050612 0.996856 17.1745
0.984323 -0.159003 -0.0763287 -0.248949 0.158064 0.987261 -0.0182321 -0.475994 0.0782553 0.00588149 0.996916 17.5984
0.983677 -0.16224 -0.077827 -0.266751 0.161309 0.986737 -0.0181541 -0.493072 0.0797402 0.00530364 0.996802 18.0115
0.983594 -0.162514 -0.0783092 -0.302365 0.161589 0.986693 -0.0180394 -0.503383 0.0801988 0.0050895 0.996766 18.4442
0.983721 -0.16196 -0.0778588 -0.341845 0.161035 0.986784 -0.0180535 -0.521963 0.0797537 0.00522166 0.996801 18.8805
0.983983 -0.160227 -0.0781271 -0.378625 0.159264 0.987064 -0.0184468 -0.53621 0.0800721 0.00570852 0.996773 19.3189
0.984086 -0.158911 -0.0795055 -0.409919 0.157935 0.987277 -0.0184537 -0.549868 0.0814264 0.00560335 0.996664 19.7371
0.984907 -0.154619 -0.0777906 -0.464237 0.153631 0.987954 -0.0185732 -0.566406 0.0797253 0.00634186 0.996797 20.1387
0.98442 -0.157226 -0.078722 -0.488208 0.156122 0.987535 -0.0200226 -0.578138 0.0808887 0.00742045 0.996696 20.5665
0.984189 -0.158272 -0.0795144 -0.512138 0.157118 0.987365 -0.0206031 -0.593594 0.0817706 0.00778415 0.996621 20.9606
0.98451 -0.156278 -0.0794758 -0.55222 0.155072 0.987676 -0.0211696 -0.605524 0.0818047 0.00851721 0.996612 21.3603
0.98495 -0.154228 -0.0780218 -0.602291 0.15299 0.987991 -0.0216335 -0.621907 0.0804214 0.00937137 0.996717 21.7618
0.984995 -0.153995 -0.0779115 -0.63811 0.152722 0.988023 -0.0220793 -0.638267 0.0803784 0.00984918 0.996716 22.1794
0.985734 -0.149335 -0.0776339 -0.685575 0.148026 0.98873 -0.0223798 -0.651983 0.0801011 0.0105687 0.996731 22.5852
0.985838 -0.148561 -0.0778025 -0.725694 0.147234 0.988844 -0.0225528 -0.665043 0.0802851 0.0107782 0.996714 23.0104
0.985833 -0.148933 -0.0771469 -0.761143 0.147595 0.988785 -0.0227974 -0.68454 0.079677 0.0110879 0.996759 23.4531
0.985878 -0.148471 -0.0774601 -0.79119 0.147106 0.988852 -0.0230734 -0.701558 0.0800222 0.0113527 0.996728 23.8878
0.985106 -0.152495 -0.0794493 -0.803842 0.151045 0.988236 -0.0239862 -0.714721 0.0821724 0.0116286 0.99655 24.3247
0.984584 -0.155327 -0.080421 -0.827281 0.15386 0.987797 -0.0241677 -0.730331 0.0831935 0.0114215 0.996468 24.7688
0.9847 -0.154659 -0.0802931 -0.864422 0.153186 0.9879 -0.0242295 -0.74478 0.0830688 0.011559 0.996477 25.1721
0.984498 -0.155799 -0.0805608 -0.895892 0.154369 0.987728 -0.0237224 -0.76289 0.0832681 0.0109186 0.996467 25.6023
0.984332 -0.156522 -0.0811875 -0.924778 0.15512 0.98762 -0.0233474 -0.78024 0.0838368 0.0103878 0.996425 26.0157
0.984385 -0.156239 -0.0810957 -0.961994 0.154778 0.987657 -0.0240329 -0.791708 0.0838496 0.0111057 0.996417 26.4808
0.984122 -0.157897 -0.0810641 -0.989957 0.156456 0.987396 -0.0238772 -0.808979 0.0838126 0.0108151 0.996423 26.887
0.983568 -0.160598 -0.0824716 -1.01132 0.159089 0.986958 -0.0246025 -0.821871 0.0853471 0.0110779 0.99629 27.2787
0.983528 -0.160664 -0.0828244 -1.04032 0.159094 0.98694 -0.0252616 -0.834028 0.0858014 0.0116686 0.996244 27.6587
0.98283 -0.163944 -0.0846554 -1.05585 0.162279 0.986396 -0.0262398 -0.839028 0.0878056 0.0120515 0.996065 28.0452
0.983181 -0.162347 -0.0836511 -1.10333 0.160672 0.986654 -0.0264327 -0.849953 0.086826 0.0125478 0.996144 28.436
0.983053 -0.162863 -0.0841539 -1.13523 0.161115 0.986561 -0.0271998 -0.857962 0.0874528 0.0131804 0.996081 28.8315
0.982555 -0.165137 -0.0855283 -1.15538 0.163307 0.986177 -0.028015 -0.867218 0.0889724 0.0135589 0.995942 29.2199
0.982876 -0.163143 -0.0856678 -1.19884 0.16133 0.986511 -0.0277205 -0.884019 0.0890347 0.013425 0.995938 29.6184
0.982856 -0.162756 -0.0866268 -1.23255 0.160919 0.986575 -0.0278224 -0.896556 0.0899921 0.0134055 0.995852 30.0134
0.982974 -0.161554 -0.0875301 -1.26802 0.159676 0.98677 -0.0280978 -0.915454 0.0909113 0.013643 0.995766 30.3936
0.982865 -0.161785 -0.0883246 -1.29829 0.15987 0.98673 -0.0283852 -0.933312 0.0917448 0.0137784 0.995687 30.786
0.981644 -0.167544 -0.0911307 -1.30692 0.16562 0.985782 -0.0283376 -0.949296 0.0945828 0.0127243 0.995436 31.1743
0.980726 -0.171808 -0.093048 -1.33042 0.169896 0.98506 -0.0281595 -0.967274 0.0964959 0.0118083 0.995263 31.5801
0.980314 -0.173295 -0.0946203 -1.35682 0.171323 0.984798 -0.0286413 -0.984914 0.0981453 0.0118669 0.995101 31.9654
0.980353 -0.172761 -0.0951922 -1.39662 0.170744 0.984888 -0.0290084 -1.00256 0.0987652 0.012185 0.995036 32.347
0.980699 -0.170896 -0.0949963 -1.44521 0.168869 0.98521 -0.0290487 -1.02118 0.0985557 0.0124461 0.995054 32.7154
0.980729 -0.169936 -0.0963962 -1.48364 0.167915 0.985382 -0.028771 -1.03932 0.0998763 0.0120302 0.994927 33.0961
0.981051 -0.167862 -0.0967521 -1.53063 0.16585 0.985738 -0.0285394 -1.05978 0.100163 0.0119524 0.994899 33.4818
0.980482 -0.169872 -0.0989926 -1.55359 0.167766 0.985392 -0.0292812 -1.07406 0.102521 0.0121021 0.994657 33.8446
0.980638 -0.168868 -0.0991633 -1.59668 0.166775 0.985566 -0.029098 -1.09509 0.102646 0.0119967 0.994646 34.2003
0.980252 -0.170087 -0.100881 -1.62744 0.167966 0.98536 -0.0292226 -1.11356 0.104374 0.0117009 0.994469 34.5659
0.979936 -0.171048 -0.102309 -1.66027 0.168904 0.985196 -0.0293287 -1.13236 0.105811 0.0114598 0.99432 34.9147
0.979276 -0.173946 -0.103733 -1.68954 0.171747 0.984689 -0.0298364 -1.14805 0.107334 0.0114024 0.994158 35.2736
0.978887 -0.175189 -0.105308 -1.7172 0.172992 0.984475 -0.0297195 -1.16578 0.10888 0.0108745 0.993995 35.6106
0.977531 -0.180662 -0.1086 -1.73097 0.178386 0.983491 -0.0303972 -1.1797 0.112299 0.0103414 0.993621 35.9501
0.977549 -0.179624 -0.110152 -1.7653 0.177312 0.983681 -0.0305198 -1.19528 0.113837 0.0103033 0.993446 36.283
0.977007 -0.181461 -0.111937 -1.79157 0.179089 0.983345 -0.0309807 -1.20663 0.115695 0.0102216 0.993232 36.6152
0.976299 -0.183985 -0.113974 -1.81263 0.181607 0.982883 -0.0309959 -1.22275 0.117726 0.00956279 0.993 36.9494
0.975696 -0.185754 -0.116248 -1.83501 0.183418 0.982559 -0.0305731 -1.23785 0.1199 0.00850806 0.99275 37.275
0.974434 -0.19083 -0.118584 -1.85029 0.188443 0.981591 -0.0311285 -1.25307 0.122341 0.00798633 0.992456 37.5845
0.973987 -0.192393 -0.119727 -1.88101 0.189931 0.981284 -0.031758 -1.27023 0.123596 0.00819203 0.992299 37.9185
0.973485 -0.194828 -0.119872 -1.91409 0.192362 0.980805 -0.0319215 -1.2841 0.12379 0.00801631 0.992276 38.2448
0.972513 -0.198671 -0.121444 -1.9342 0.196239 0.980041 -0.0317908 -1.29835 0.125336 0.00708486 0.992089 38.5406
0.972142 -0.199932 -0.122339 -1.9666 0.197492 0.979786 -0.0318783 -1.31388 0.126239 0.00682928 0.991976 38.8487
0.971674 -0.201457 -0.123551 -1.99193 0.198992 0.979475 -0.0321091 -1.32906 0.127484 0.0066139 0.991819 39.1458
0.971279 -0.202946 -0.124219 -2.0231 0.200416 0.979166 -0.032662 -1.34078 0.12826 0.00682835 0.991717 39.4383
0.970915 -0.203923 -0.125455 -2.05258 0.201392 0.978966 -0.0326703 -1.35597 0.129478 0.00645453 0.991561 39.7251
0.97157 -0.201351 -0.124536 -2.10229 0.198841 0.979496 -0.0323948 -1.37205 0.128505 0.006711 0.991686 40.0156
0.972302 -0.198641 -0.123171 -2.15579 0.196106 0.980044 -0.0324963 -1.38733 0.127168 0.00744154 0.991853 40.3021
0.971973 -0.19985 -0.123809 -2.18658 0.197369 0.979803 -0.0321182 -1.4009 0.127727 0.00678208 0.991786 40.5855
0.971072 -0.203404 -0.125084 -2.20846 0.200892 0.979074 -0.0325203 -1.41106 0.129081 0.00645127 0.991613 40.8648
0.971191 -0.202744 -0.125232 -2.24629 0.200194 0.979209 -0.0327567 -1.42825 0.12927 0.00674232 0.991587 41.1446
0.970835 -0.203927 -0.126066 -2.27965 0.201295 0.978961 -0.0334166 -1.4409 0.130228 0.00706548 0.991459 41.4277
0.97105 -0.20263 -0.126501 -2.31943 0.200013 0.979231 -0.0331884 -1.45593 0.130599 0.00692569 0.991411 41.7006
0.970415 -0.204701 -0.128032 -2.34272 0.202051 0.978802 -0.0335009 -1.46798 0.132175 0.00664093 0.991204 41.9745
0.969198 -0.208982 -0.130313 -2.35457 0.206153 0.977894 -0.0349863 -1.47682 0.134744 0.00704437 0.990855 42.2355
0.969695 -0.206893 -0.129949 -2.39866 0.204044 0.978335 -0.0350149 -1.49038 0.134378 0.00743855 0.990902 42.4977
0.970631 -0.203147 -0.128872 -2.45286 0.200246 0.979113 -0.0352133 -1.50641 0.133333 0.00837298 0.991036 42.7621
0.97067 -0.202651 -0.129355 -2.48747 0.199635 0.979208 -0.0360121 -1.51836 0.133963 0.00913209 0.990944 43.0236
0.97067 -0.202651 -0.129355 -2.48747 0.199635 0.979208 -0.0360121 -1.51836 0.133963 0.00913209 0.990944 43.0236
0.970683 -0.202934 -0.12881 -2.52606 0.199894 0.979147 -0.0362425 -1.5329 0.133479 0.00943162 0.991007 43.2851
0.970883 -0.202461 -0.128047 -2.56572 0.199385 0.97924 -0.0365356 -1.5454 0.132785 0.00994114 0.991095 43.5579
0.971083 -0.201923 -0.127377 -2.60497 0.198862 0.97935 -0.0364429 -1.55865 0.132105 0.0100586 0.991185 43.8215
0.970773 -0.203491 -0.127242 -2.63776 0.200365 0.979021 -0.037034 -1.56884 0.132109 0.0104568 0.99118 44.0998
0.970773 -0.203491 -0.127242 -2.63776 0.200365 0.979021 -0.037034 -1.56884 0.132109 0.0104568 0.99118 44.0998
0.969571 -0.208111 -0.128927 -2.65022 0.20476 0.97804 -0.0388664 -1.57106 0.134184 0.0112846 0.990892 44.3787
0.969571 -0.208111 -0.128927 -2.65022 0.20476 0.97804 -0.0388664 -1.57106 0.134184 0.0112846 0.990892 44.3787
0.968866 -0.210841 -0.129784 -2.6699 0.207428 0.977455 -0.0394343 -1.5827 0.135173 0.0112857 0.990758 44.6413
0.968866 -0.210841 -0.129784 -2.6699 0.207428 0.977455 -0.0394343 -1.5827 0.135173 0.0112857 0.990758 44.6413
0.968548 -0.211892 -0.130445 -2.69797 0.208303 0.977216 -0.0407264 -1.59415 0.136103 0.0122734 0.990619 44.9162
0.969015 -0.210489 -0.129248 -2.742 0.206673 0.97749 -0.0424183 -1.61265 0.135267 0.014392 0.990705 45.1777
0.969734 -0.208097 -0.127718 -2.78332 0.204099 0.977971 -0.0437795 -1.62994 0.134015 0.0163873 0.990844 45.4462
0.969526 -0.209739 -0.126604 -2.81425 0.205695 0.97761 -0.0443578 -1.64003 0.133073 0.0169643 0.990961 45.7153
0.969886 -0.209284 -0.124583 -2.85157 0.205456 0.977723 -0.0429648 -1.65423 0.130799 0.0160747 0.991279 45.9896
0.970337 -0.208222 -0.12284 -2.89055 0.204616 0.977966 -0.0414112 -1.66869 0.128756 0.0150478 0.991562 46.2938
0.971314 -0.206094 -0.118634 -2.93326 0.202634 0.97841 -0.0406544 -1.6858 0.124451 0.0154489 0.992105 46.5771
0.971961 -0.206071 -0.113255 -2.97104 0.202774 0.978407 -0.0400244 -1.69997 0.119057 0.0159371 0.992759 46.8599
0.972796 -0.20518 -0.107563 -3.01073 0.202154 0.978599 -0.0384381 -1.71424 0.113148 0.0156482 0.993455 47.1599
0.973637 -0.204254 -0.101546 -3.05441 0.201469 0.978793 -0.0370735 -1.7319 0.106965 0.0156377 0.99414 47.4806
0.974704 -0.202625 -0.0943186 -3.09904 0.200063 0.979123 -0.0359617 -1.75081 0.0996362 0.0161823 0.994892 47.8269
0.975794 -0.200533 -0.0872525 -3.13702 0.19808 0.979524 -0.0360062 -1.76586 0.0926863 0.0178516 0.995535 48.1672
0.977144 -0.196979 -0.0799266 -3.18678 0.194606 0.980201 -0.0365406 -1.78439 0.0855418 0.0201512 0.996131 48.5542
0.978278 -0.194014 -0.0730171 -3.229 0.191852 0.980778 -0.0356066 -1.79985 0.0785217 0.0208247 0.996695 48.9173
0.979348 -0.191462 -0.0649566 -3.27729 0.189646 0.981294 -0.0331137 -1.81936 0.0700816 0.0201111 0.997339 49.2939
0.98045 -0.188422 -0.0567012 -3.32145 0.18688 0.98188 -0.0314076 -1.83804 0.0615917 0.0201972 0.997897 49.6893
0.981459 -0.185131 -0.0496429 -3.34847 0.183814 0.982505 -0.0299502 -1.8561 0.0543191 0.0202699 0.998318 50.0722
0.982124 -0.183312 -0.0427571 -3.37976 0.182177 0.982834 -0.0291188 -1.86743 0.047361 0.0208089 0.998661 50.4924
0.983587 -0.177342 -0.0332718 -3.42821 0.176443 0.983905 -0.0282731 -1.88754 0.0377502 0.0219384 0.999046 50.9428
0.985298 -0.169098 -0.0243523 -3.47632 0.168434 0.985338 -0.0271703 -1.90195 0.0285898 0.0226691 0.999334 51.4
0.98639 -0.163623 -0.0161877 -3.50625 0.16318 0.986261 -0.0257282 -1.9176 0.020175 0.0227365 0.999538 51.8295
0.987393 -0.15811 -0.00747482 -3.54023 0.157877 0.987134 -0.0253392 -1.93198 0.011385 0.0238397 0.999651 52.2877
0.988143 -0.153532 0.00142545 -3.57518 0.153518 0.987816 -0.0255212 -1.93961 0.00251023 0.0254375 0.999673 52.7405
0.989536 -0.143929 0.0101129 -3.61114 0.14414 0.989248 -0.0247369 -1.95739 -0.00644381 0.0259358 0.999643 53.1904
0.990131 -0.138996 0.0179151 -3.62874 0.139404 0.989945 -0.0239804 -1.96949 -0.0144018 0.0262412 0.999552 53.6576
0.99085 -0.132331 0.0265415 -3.65011 0.13296 0.990843 -0.0235032 -1.98337 -0.0231882 0.0268171 0.999371 54.113
0.991533 -0.125072 0.0349099 -3.66993 0.125924 0.991765 -0.0233717 -1.99199 -0.0316993 0.0275698 0.999117 54.6146
0.991353 -0.12511 0.0395889 -3.64619 0.126073 0.991758 -0.0228259 -2.00661 -0.0364069 0.0276197 0.998955 55.1199
0.992002 -0.117158 0.0469698 -3.66162 0.118332 0.992707 -0.0230199 -2.01924 -0.0439303 0.0283938 0.998631 55.6147
0.992579 -0.109321 0.0532555 -3.68027 0.110676 0.993586 -0.0231972 -2.03017 -0.0503779 0.0289192 0.998311 56.1102
0.992631 -0.107661 0.0556159 -3.6635 0.109087 0.99376 -0.023255 -2.0437 -0.0527652 0.0291506 0.998181 56.6293
0.993194 -0.0990575 0.061262 -3.68882 0.100727 0.994606 -0.0247777 -2.05907 -0.0584771 0.0307798 0.997814 57.1278
0.993953 -0.0883364 0.0652307 -3.7066 0.0902369 0.99556 -0.026782 -2.07093 -0.0625753 0.0325063 0.997511 57.6398
0.994442 -0.0802759 0.0681295 -3.71796 0.0824072 0.996175 -0.0290672 -2.07766 -0.0655355 0.03452 0.997253 58.1529
0.994512 -0.0795459 0.0679544 -3.68982 0.0816986 0.99622 -0.0295054 -2.09809 -0.0653505 0.0348953 0.997252 58.678
0.994482 -0.0813369 0.0662496 -3.65281 0.0834679 0.996057 -0.0300554 -2.121 -0.0635438 0.0354193 0.99735 59.2386
0.994876 -0.075101 0.0676878 -3.65252 0.0772975 0.996543 -0.0304342 -2.14089 -0.0651682 0.0355103 0.997242 59.7765
0.995307 -0.0701208 0.0666936 -3.63887 0.072295 0.996909 -0.0307619 -2.16264 -0.0643304 0.0354391 0.997299 60.3581
0.995551 -0.0679937 0.0652288 -3.62393 0.0701575 0.997039 -0.0314735 -2.18322 -0.0628956 0.0359098 0.997374 60.9321
0.995782 -0.0680753 0.0615214 -3.59533 0.0700744 0.997062 -0.0309414 -2.21008 -0.0592343 0.0351219 0.997626 61.5311
0.996247 -0.0633331 0.0590005 -3.58769 0.0652155 0.997404 -0.0305426 -2.23006 -0.056913 0.0342757 0.997791 62.1081
0.996539 -0.0610153 0.0564597 -3.57556 0.062746 0.997596 -0.0294043 -2.25991 -0.0545299 0.0328452 0.997972 62.7385
0.996789 -0.0621647 0.050465 -3.54058 0.0636436 0.997573 -0.0282453 -2.2933 -0.0485867 0.0313664 0.998326 63.3292
0.997177 -0.0582471 0.0473817 -3.54288 0.0596035 0.997837 -0.0277356 -2.32258 -0.0456637 0.0304815 0.998492 63.9183
0.997461 -0.0572465 0.0423557 -3.52559 0.0584596 0.997898 -0.0279786 -2.34955 -0.040665 0.0303837 0.998711 64.5599
0.997748 -0.0539878 0.0397965 -3.53421 0.0551317 0.99808 -0.0282314 -2.37653 -0.038196 0.0303619 0.998809 65.1248
0.99822 -0.0471861 0.0364747 -3.54188 0.0482443 0.998423 -0.0286971 -2.40167 -0.0350631 0.0304057 0.998922 65.7057
0.998434 -0.0468961 0.0304903 -3.52532 0.0477842 0.998434 -0.0290799 -2.42656 -0.0290788 0.0304913 0.999112 66.2828
0.998411 -0.051023 0.0239324 -3.50289 0.0517363 0.998204 -0.0301964 -2.44756 -0.0223487 0.0313866 0.999257 66.8657
0.998603 -0.0492965 0.0190446 -3.50534 0.0498621 0.998291 -0.0304635 -2.47194 -0.0175103 0.0313705 0.999354 67.4477
0.998694 -0.0488309 0.0150024 -3.51233 0.0492708 0.998319 -0.0305055 -2.49984 -0.0134876 0.0312049 0.999422 68.0211
0.998893 -0.0458583 0.0104815 -3.52255 0.0461575 0.998473 -0.0303463 -2.52765 -0.00907383 0.0307965 0.999484 68.5944
0.999123 -0.0412717 0.00704249 -3.5442 0.0414706 0.998661 -0.0309296 -2.54933 -0.00575654 0.0311946 0.999497 69.159
0.999263 -0.0382099 0.00366299 -3.56884 0.0383057 0.998779 -0.0311886 -2.57854 -0.0024668 0.0313059 0.999507 69.7287
0.999466 -0.0326702 0.00108958 -3.60724 0.0326884 0.998948 -0.0321645 -2.5963 -3.7614e-05 0.0321829 0.999482 70.3272
0.999631 -0.0271394 -0.000841514 -3.6466 0.0270967 0.999085 -0.0330952 -2.61941 0.00173893 0.0330602 0.999452 70.871
0.999723 -0.0232579 -0.00363216 -3.66829 0.0231229 0.999168 -0.0335951 -2.64479 0.00441049 0.0335018 0.999429 71.4282
0.999796 -0.0194977 -0.00528655 -3.70065 0.0193099 0.999252 -0.0335151 -2.67097 0.00593607 0.0334062 0.999424 71.9857
0.999869 -0.0149824 -0.00607755 -3.7402 0.0147683 0.999318 -0.0338513 -2.69805 0.00658057 0.0337571 0.999408 72.567
0.999901 -0.0115235 -0.0081021 -3.76873 0.0112508 0.999394 -0.0329344 -2.72644 0.00847671 0.03284 0.999425 73.1692
0.999924 -0.00780765 -0.00951094 -3.79663 0.00748671 0.999417 -0.033325 -2.75034 0.00976558 0.0332512 0.999399 73.725
0.999948 -0.00303932 -0.00975167 -3.83525 0.00270156 0.999402 -0.0344647 -2.78121 0.00985059 0.0344365 0.999358 74.3378
0.999947 -0.000553126 -0.0103127 -3.85848 0.000186017 0.999367 -0.0355647 -2.80789 0.0103259 0.0355609 0.999314 74.9004
0.99995 0.00136922 -0.0098746 -3.88636 -0.00172936 0.99933 -0.0365553 -2.82898 0.00981793 0.0365706 0.999283 75.4947
0.999933 0.00266714 -0.0112312 -3.89452 -0.00307147 0.999342 -0.0361385 -2.85909 0.0111274 0.0361706 0.999284 76.1347
0.999919 0.00421309 -0.0120002 -3.91674 -0.00464619 0.99933 -0.0362943 -2.89567 0.0118393 0.0363472 0.999269 76.8044
0.999907 0.0056946 -0.0123783 -3.93525 -0.00614816 0.999299 -0.0369174 -2.92094 0.0121594 0.0369901 0.999242 77.4355
0.999886 0.00845082 -0.0125257 -3.96254 -0.00891574 0.999255 -0.0375382 -2.94464 0.0121991 0.0376456 0.999217 78.0502
0.99983 0.0138536 -0.012132 -4.0006 -0.0143064 0.999173 -0.0380687 -2.97282 0.0115945 0.0382358 0.999201 78.7595
0.999779 0.0168552 -0.0125767 -4.02398 -0.017325 0.999119 -0.0382306 -3.00537 0.0119212 0.03844 0.99919 79.4109
0.999741 0.0188072 -0.0128173 -4.04973 -0.019286 0.99908 -0.0383162 -3.03753 0.0120849 0.0385535 0.999183 80.107
0.99976 0.0169198 -0.0138863 -4.05855 -0.0174458 0.999099 -0.0386764 -3.07159 0.0132194 0.0389093 0.999155 80.8264
0.999744 0.0168715 -0.015097 -4.07862 -0.0174528 0.999078 -0.0392368 -3.10685 0.0144211 0.0394902 0.999116 81.5684
0.999729 0.0160459 -0.0168782 -4.08853 -0.0167064 0.99907 -0.0397507 -3.14446 0.0162247 0.0400219 0.999067 82.3527
0.99973 0.0159598 -0.0169116 -4.12148 -0.016631 0.999048 -0.0403202 -3.17411 0.016252 0.0405906 0.999044 83.1402
0.999664 0.0188055 -0.0178311 -4.15396 -0.0195139 0.998992 -0.0404244 -3.2096 0.017053 0.0407588 0.999023 83.8824
0.999604 0.0205832 -0.0191695 -4.18056 -0.0213409 0.998964 -0.0402001 -3.24238 0.0183222 0.0405933 0.999008 84.5377
0.999482 0.0249106 -0.0203855 -4.21938 -0.0257191 0.998852 -0.0404062 -3.26992 0.0193556 0.0409096 0.998975 85.1835
0.99948 0.0234397 -0.0221642 -4.23916 -0.0243167 0.998897 -0.0401616 -3.30815 0.0211984 0.0406796 0.998947 85.8408
0.999415 0.0244915 -0.0238737 -4.27473 -0.0254374 0.998869 -0.0401584 -3.34784 0.0228631 0.0407422 0.998908 86.6986
0.999365 0.0256475 -0.0247532 -4.31156 -0.0266437 0.998812 -0.0407942 -3.38458 0.0236775 0.0414278 0.998861 87.4285
0.99925 0.0277077 -0.0270394 -4.33739 -0.0288046 0.998742 -0.0410564 -3.41954 0.0258678 0.0418045 0.998791 88.1352
0.999197 0.0282209 -0.0284444 -4.37056 -0.0293931 0.998699 -0.0416713 -3.45209 0.0272314 0.0424739 0.998726 88.8729
0.999128 0.0302739 -0.0287566 -4.4246 -0.031479 0.998604 -0.0424219 -3.48569 0.0274322 0.0432901 0.998686 89.6663
0.999115 0.0306303 -0.0288194 -4.47137 -0.0318345 0.998598 -0.0422977 -3.52315 0.0274834 0.0431777 0.998689 90.4515
0.999048 0.0309118 -0.030795 -4.50051 -0.032199 0.998589 -0.0422208 -3.55765 0.0294464 0.0431722 0.998634 91.1761
0.998924 0.0339496 -0.0315902 -4.55318 -0.035263 0.998495 -0.0419933 -3.59199 0.030117 0.0430621 0.998618 91.9421
0.998919 0.0330874 -0.0326414 -4.58427 -0.0344597 0.998506 -0.0424127 -3.62906 0.0311893 0.0434917 0.998567 92.7225
0.998868 0.0337129 -0.0335556 -4.62628 -0.0351432 0.998457 -0.0429916 -3.66007 0.0320545 0.0441222 0.998512 93.4638
0.998745 0.0364824 -0.0343258 -4.67757 -0.0379729 0.998317 -0.0438208 -3.69923 0.0326694 0.0450693 0.99845 94.2565
0.998802 0.0327608 -0.0363395 -4.70228 -0.0343541 0.998435 -0.0441222 -3.74345 0.0348372 0.0453178 0.998365 95.0211
0.998696 0.0330342 -0.0389187 -4.72964 -0.0347438 0.998423 -0.0441029 -3.78995 0.0374004 0.0453976 0.998269 95.8987
0.998641 0.0332865 -0.0400991 -4.76845 -0.0350138 0.998454 -0.0431733 -3.83137 0.0386 0.0445187 0.998263 96.6499
0.998696 0.0289841 -0.0420293 -4.83182 -0.0308079 0.998582 -0.0434143 -3.90834 0.0407114 0.0446525 0.998173 98.0346
0.998545 0.0303416 -0.0445818 -4.862 -0.0322448 0.998571 -0.0426112 -3.95723 0.0432252 0.0439867 0.998097 98.8936
0.998441 0.0318257 -0.0458585 -4.9025 -0.0337622 0.998543 -0.0420897 -3.99716 0.0444521 0.0435723 0.998061 99.6957
0.998343 0.0339938 -0.0464367 -4.94917 -0.0359428 0.998479 -0.0418 -4.0355 0.0449451 0.0433997 0.998046 100.459
0.998334 0.0341664 -0.0464949 -5.01012 -0.0361088 0.998482 -0.0415997 -4.08031 0.045003 0.0432092 0.998052 101.347
0.998261 0.0360725 -0.0466193 -5.06675 -0.038021 0.99841 -0.0416082 -4.12778 0.0450443 0.0433084 0.998046 102.319
0.998196 0.0366466 -0.0475488 -5.11163 -0.0386533 0.99837 -0.0419931 -4.17608 0.0459324 0.0437553 0.997986 103.317
0.998089 0.0388419 -0.048057 -5.15602 -0.0409098 0.998245 -0.0428224 -4.21861 0.0463093 0.0447065 0.997926 104.099
0.998047 0.0408826 -0.0472409 -5.20843 -0.0429302 0.998145 -0.0431736 -4.26043 0.0453882 0.0451173 0.99795 104.849
0.997987 0.0417911 -0.0477005 -5.25429 -0.0438864 0.998078 -0.0437572 -4.30543 0.0457802 0.0457625 0.997903 105.696
0.998052 0.040635 -0.047338 -5.30276 -0.0427375 0.998104 -0.0442838 -4.34697 0.0454488 0.0462206 0.997897 106.464
0.997956 0.0415918 -0.0485264 -5.33678 -0.0437319 0.998078 -0.0439067 -4.39424 0.046607 0.0459391 0.997856 107.258
0.997976 0.0405128 -0.0490237 -5.38333 -0.042649 0.99815 -0.0433427 -4.44504 0.0471771 0.0453457 0.997857 108.101
0.998023 0.039942 -0.0485213 -5.43756 -0.0420599 0.99817 -0.0434427 -4.4962 0.0466973 0.0453976 0.997877 109.005
0.997993 0.0410409 -0.0482194 -5.49643 -0.0431209 0.998148 -0.0429176 -4.55616 0.0463687 0.0449107 0.997914 110.015
0.997959 0.0419099 -0.0481742 -5.54345 -0.0439867 0.998111 -0.0428906 -4.59694 0.0462857 0.0449221 0.997918 110.797
0.997972 0.0428696 -0.0470565 -5.59894 -0.0448986 0.998068 -0.0429447 -4.63689 0.0451246 0.0449704 0.997969 111.554
0.99794 0.043015 -0.047597 -5.63527 -0.0450738 0.998055 -0.0430622 -4.67895 0.0456521 0.0451189 0.997938 112.262
0.997914 0.0430867 -0.0480667 -5.67653 -0.045195 0.998023 -0.0436744 -4.72522 0.0460899 0.0457557 0.997889 113.061
0.998022 0.0411855 -0.047489 -5.72422 -0.0433111 0.998064 -0.0446341 -4.76521 0.0455588 0.0466026 0.997874 113.843
0.998045 0.040969 -0.0471976 -5.77536 -0.0431034 0.998051 -0.0451294 -4.80664 0.0452567 0.0470756 0.997866 114.577
0.998015 0.0419956 -0.0469343 -5.81664 -0.044071 0.998055 -0.0440963 -4.85013 0.0449911 0.0460772 0.997924 115.29
0.998076 0.0408328 -0.0466593 -5.85765 -0.0428704 0.998132 -0.0435366 -4.89188 0.0447944 0.0454531 0.997962 116.059
0.998065 0.0421114 -0.0457484 -5.91923 -0.044119 0.998066 -0.0437981 -4.94019 0.0438156 0.0457317 0.997992 116.887
0.997999 0.0436572 -0.0457427 -5.96276 -0.0457078 0.99795 -0.0447859 -4.98114 0.0436937 0.046787 0.997949 117.695
0.998017 0.0436779 -0.0453293 -6.00797 -0.0456727 0.997989 -0.0439462 -5.02897 0.0433187 0.0459293 0.998005 118.478
0.998081 0.0424831 -0.045048 -6.05307 -0.0444216 0.998089 -0.0429428 -5.07865 0.0431376 0.0448615 0.998061 119.343
0.99807 0.0420525 -0.0457029 -6.08904 -0.0439822 0.998146 -0.0420725 -5.12476 0.0438489 0.0440014 0.998069 120.153
0.997966 0.0437296 -0.046382 -6.13384 -0.045643 0.998115 -0.0410287 -5.16851 0.0445004 0.0430623 0.998081 120.971
0.997973 0.0439736 -0.0460052 -6.18631 -0.0458077 0.998165 -0.039603 -5.21738 0.0441793 0.0416301 0.998156 121.813
0.997895 0.0453314 -0.0463685 -6.26905 -0.0471531 0.998127 -0.0389776 -5.30186 0.0445147 0.041082 0.998164 123.429
0.997825 0.0469566 -0.046263 -6.3203 -0.0487913 0.998033 -0.0393609 -5.34562 0.0443238 0.0415326 0.998154 124.197
0.997811 0.048006 -0.0454853 -6.37523 -0.0498559 0.997937 -0.0404483 -5.37811 0.0434497 0.0426275 0.998146 124.9
0.997707 0.0504602 -0.0451146 -6.41424 -0.0523365 0.99777 -0.0414222 -5.41583 0.0429238 0.0436884 0.998123 125.591
0.997786 0.0487198 -0.0452652 -6.46474 -0.0506348 0.997827 -0.04217 -5.46851 0.0431123 0.0443687 0.998085 126.489
0.997649 0.0513134 -0.0454273 -6.52224 -0.053252 0.997674 -0.0425467 -5.5213 0.0431385 0.0448658 0.998061 127.407
0.997661 0.0508809 -0.045643 -6.5854 -0.0528657 0.997659 -0.0433878 -5.58726 0.0433285 0.0456992 0.998015 128.56
0.997651 0.0511373 -0.045586 -6.63925 -0.0531415 0.997622 -0.0438933 -5.63757 0.043233 0.0462127 0.997996 129.422
0.997548 0.0525848 -0.0461802 -6.68077 -0.0545878 0.997572 -0.0432405 -5.68707 0.0437943 0.0456554 0.997997 130.309
0.997458 0.0538555 -0.0466648 -6.7184 -0.0558417 0.997541 -0.0423596 -5.72807 0.0442688 0.0448577 0.998012 131.046
0.99738 0.0546202 -0.0474226 -6.76957 -0.0566068 0.997529 -0.0416109 -5.78059 0.0450327 0.0441864 0.998008 132
0.997298 0.0560663 -0.0474725 -6.81467 -0.0580462 0.997455 -0.0414089 -5.82105 0.04503 0.0440526 0.998014 132.703
0.997241 0.0569057 -0.0476632 -6.86335 -0.0588464 0.997451 -0.040355 -5.86668 0.0452453 0.0430484 0.998048 133.529
0.997288 0.0559319 -0.0478257 -6.89301 -0.0578786 0.997508 -0.0403365 -5.90142 0.0454504 0.0429952 0.998041 134.172
0.99728 0.0559642 -0.0479621 -6.93517 -0.0579488 0.997476 -0.0410383 -5.94173 0.0455443 0.043706 0.998006 134.905
0.99735 0.0545867 -0.0480979 -6.97613 -0.0565978 0.997534 -0.0414934 -5.98475 0.0457144 0.0441057 0.99798 135.622
0.997359 0.0546103 -0.0478859 -7.01416 -0.0566265 0.99752 -0.0418108 -6.01617 0.0454838 0.044412 0.997977 136.241
0.997578 0.0507792 -0.0475444 -7.05023 -0.0527557 0.997754 -0.0412841 -6.05114 0.0453412 0.0436923 0.998016 136.905
0.997472 0.0523343 -0.0480775 -7.08657 -0.0542852 0.997716 -0.0402102 -6.09144 0.0458633 0.0427185 0.998034 137.563
0.997413 0.0529785 -0.0485928 -7.12137 -0.054934 0.997695 -0.0398301 -6.12848 0.0463707 0.0423964 0.998024 138.226
0.997447 0.0522559 -0.0486757 -7.15716 -0.0542338 0.997717 -0.0402398 -6.16029 0.0464618 0.0427769 0.998004 138.849
0.997438 0.0521648 -0.0489498 -7.19458 -0.0541725 0.997705 -0.0406249 -6.19247 0.0467183 0.0431725 0.997975 139.45
0.997382 0.053026 -0.0491767 -7.22644 -0.0550172 0.997681 -0.0400612 -6.22772 0.0469384 0.0426619 0.997986 140.06
0.997375 0.0537572 -0.0485084 -7.26773 -0.0556709 0.997687 -0.0390003 -6.26044 0.0462996 0.0415985 0.998061 140.661
0.997337 0.0540562 -0.0489565 -7.29956 -0.0559597 0.997695 -0.0383827 -6.29891 0.0467689 0.0410201 0.998063 141.333
0.997331 0.0550059 -0.0480204 -7.34069 -0.0568861 0.99763 -0.0387078 -6.33027 0.0457774 0.0413361 0.998096 141.913
0.997298 0.0560069 -0.0475304 -7.38348 -0.0578836 0.997559 -0.0390708 -6.36488 0.0452261 0.0417165 0.998105 142.552
0.997245 0.0571527 -0.0472916 -7.41494 -0.0590261 0.997486 -0.0392138 -6.39445 0.0449315 0.0418972 0.998111 143.107
0.997259 0.0576379 -0.0463962 -7.454 -0.0594604 0.997472 -0.0389092 -6.42696 0.0440362 0.0415613 0.998165 143.65
0.997331 0.0563638 -0.0464178 -7.47686 -0.0581906 0.997544 -0.0389924 -6.46025 0.044106 0.0415894 0.998161 144.149
0.997374 0.0553386 -0.0467196 -7.50184 -0.0572314 0.997551 -0.040197 -6.48707 0.0443807 0.0427653 0.998099 144.676
0.997469 0.054104 -0.0461246 -7.53665 -0.0560091 0.997585 -0.0410635 -6.5159 0.0437915 0.043543 0.998091 145.206
0.997398 0.0555209 -0.0459818 -7.56704 -0.0574452 0.99748 -0.0416416 -6.54381 0.0435539 0.0441747 0.998074 145.708
0.997377 0.055773 -0.0461292 -7.59309 -0.0577264 0.997442 -0.0421568 -6.57196 0.04366 0.0447092 0.998046 146.214
0.997374 0.056021 -0.0459078 -7.62435 -0.0579627 0.99743 -0.0421156 -6.60609 0.0434304 0.044666 0.998057 146.763
0.997425 0.0558124 -0.0450433 -7.65634 -0.0577373 0.997421 -0.0426265 -6.63204 0.042548 0.0451174 0.998075 147.248
0.997523 0.0545349 -0.0444285 -7.68591 -0.0564563 0.99747 -0.0432056 -6.65761 0.0419598 0.0456068 0.998078 147.741
0.997631 0.0530917 -0.0437532 -7.71106 -0.0549635 0.997573 -0.0427494 -6.68423 0.0413774 0.0450529 0.998127 148.199
0.997606 0.0538228 -0.0434294 -7.74124 -0.0557049 0.997505 -0.0433571 -6.71188 0.0409874 0.0456725 0.998115 148.719
0.997601 0.0543281 -0.0429008 -7.77058 -0.0562134 0.997447 -0.0440358 -6.74189 0.0403989 0.0463417 0.998108 149.228
0.99746 0.0571686 -0.0424875 -7.79866 -0.0590644 0.997249 -0.0447899 -6.76897 0.0398101 0.0471856 0.998093 149.712
0.997406 0.0588819 -0.0413927 -7.83176 -0.0607363 0.997136 -0.0450701 -6.7938 0.0386203 0.0474673 0.998126 150.173
0.997434 0.0590159 -0.0405353 -7.8588 -0.0608561 0.997097 -0.045771 -6.81943 0.0377164 0.0481203 0.998129 150.651
0.997426 0.0593309 -0.0402528 -7.88625 -0.0611586 0.997076 -0.0458054 -6.84802 0.0374174 0.0481494 0.998139 151.101
0.997349 0.0607622 -0.0400269 -7.91415 -0.0625756 0.996992 -0.0457265 -6.87716 0.0371281 0.04811 0.998152 151.552
0.997356 0.0614657 -0.0387711 -7.95146 -0.0632393 0.996923 -0.0463084 -6.90514 0.0358055 0.0486379 0.998174 152.051
0.997344 0.0613288 -0.0393002 -7.97808 -0.0631253 0.996934 -0.0462288 -6.93773 0.0363446 0.0485868 0.998157 152.588
0.997269 0.062507 -0.039327 -8.00326 -0.0643078 0.996854 -0.046326 -6.9646 0.0363076 0.0487285 0.998152 153.079
0.997321 0.061408 -0.0397595 -8.02396 -0.063246 0.996902 -0.0467478 -6.9924 0.0367656 0.0491372 0.998115 153.543
0.997351 0.0612941 -0.0391727 -8.05205 -0.0630919 0.996927 -0.0464365 -7.02133 0.036206 0.048785 0.998153 154.012
0.997368 0.0610633 -0.0390891 -8.07675 -0.0628641 0.996932 -0.0466297 -7.04698 0.0361218 0.0489643 0.998147 154.462
0.997412 0.060064 -0.0395149 -8.09902 -0.0619037 0.99697 -0.0471074 -7.07478 0.0365657 0.0494316 0.998108 154.932
0.997468 0.0594514 -0.0390187 -8.1248 -0.0612862 0.996982 -0.0476454 -7.1008 0.0360683 0.0499161 0.998102 155.383
0.997421 0.0602136 -0.0390572 -8.14715 -0.0620737 0.996902 -0.048302 -7.12473 0.0360278 0.0506019 0.998069 155.835
0.997413 0.0596252 -0.0401591 -8.16433 -0.0615661 0.996901 -0.0489648 -7.15083 0.0371151 0.0513105 0.997993 156.281
0.997508 0.0576252 -0.0407087 -8.18504 -0.0596148 0.996994 -0.0494793 -7.18001 0.0377351 0.0517828 0.997945 156.732
0.997461 0.0588018 -0.0401795 -8.21472 -0.0607619 0.996927 -0.0494421 -7.20857 0.0371487 0.0517579 0.997968 157.173
0.997482 0.0578258 -0.0410554 -8.233 -0.05983 0.996986 -0.0493933 -7.23764 0.0380754 0.0517253 0.997935 157.617
0.997295 0.0609557 -0.0410704 -8.26059 -0.062983 0.99676 -0.0500226 -7.26639 0.0378882 0.052474 0.997903 158.069
0.997271 0.0608044 -0.0418826 -8.27824 -0.0628844 0.996753 -0.0502793 -7.29656 0.0386894 0.0527759 0.997857 158.533
0.997298 0.0603818 -0.0418438 -8.3037 -0.0624617 0.996778 -0.0503215 -7.32302 0.0386705 0.0527992 0.997856 158.975
0.997329 0.0593671 -0.0425598 -8.3235 -0.0615018 0.996817 -0.0507384 -7.3522 0.0394121 0.0532204 0.997805 159.42
0.997424 0.0577533 -0.0425359 -8.34623 -0.0599268 0.996861 -0.0517307 -7.37993 0.0394147 0.0541465 0.997755 159.868
0.997454 0.0571834 -0.0426059 -8.37029 -0.0593823 0.996866 -0.0522681 -7.41516 0.0394835 0.0546651 0.997724 160.404
0.9975 0.0562772 -0.0427501 -8.39152 -0.0584995 0.996898 -0.0526467 -7.44586 0.0396547 0.0550159 0.997698 160.858
0.99748 0.0561601 -0.0433647 -8.41125 -0.0584157 0.996904 -0.0526277 -7.48098 0.0402749 0.0550282 0.997672 161.323
0.997469 0.0567515 -0.0428247 -8.44599 -0.0589863 0.996858 -0.0528627 -7.50892 0.0396901 0.055255 0.997683 161.813
0.997349 0.0590707 -0.0424834 -8.47708 -0.0612876 0.996716 -0.0529228 -7.54081 0.0392177 0.0553862 0.997695 162.307
0.997233 0.0616662 -0.041512 -8.5359 -0.0638436 0.996533 -0.0533485 -7.58194 0.0380782 0.0558512 0.997713 163.01
0.997152 0.062949 -0.0415344 -8.57411 -0.0651456 0.996422 -0.0538428 -7.62522 0.0379965 0.0563953 0.997685 163.667
0.99723 0.0612966 -0.042143 -8.60165 -0.0635335 0.99652 -0.0539655 -7.67416 0.0386884 0.0564935 0.997653 164.373
