1 0 0 0 0 1 0 0 0 0 1 0
0.999999 0.000959156 -0.0011452 -0.00500178 -0.000958904 1 0.00022046 -0.0307971 0.00114541 -0.000219361 0.999999 1.43427
0.999996 0.00238357 -0.00172996 -0.0168949 -0.0023835 0.999997 4.06532e-05 -0.0618251 0.00173005 -3.65297e-05 0.999999 2.75834
0.999987 0.00490936 -0.00137424 -0.0386994 -0.00491038 0.999988 -0.000737428 -0.0942828 0.0013706 0.000744166 0.999999 4.22213
0.999981 0.00610869 -0.000957493 -0.045944 -0.00611043 0.99998 -0.0018207 -0.119019 0.000946351 0.00182652 0.999998 5.60249
0.999883 0.0151035 0.00245525 -0.0922118 -0.0150967 0.999882 -0.00276638 -0.151613 -0.00249674 0.00272899 0.999993 6.90582
0.999945 0.0104834 0.00103976 -0.0261163 -0.010481 0.999943 -0.00225882 -0.18893 -0.00106338 0.00224779 0.999997 8.2296
0.999949 0.00905891 0.00435777 -0.0188223 -0.00904547 0.999954 -0.00309409 -0.228171 -0.0043856 0.00305451 0.999986 9.67304
0.999866 0.0125187 0.0105194 -0.0289968 -0.0124983 0.99992 -0.00200544 -0.253311 -0.0105436 0.0018737 0.999943 10.8929
0.999672 0.0176685 0.0185369 -0.0495472 -0.0176413 0.999843 -0.00162706 -0.284163 -0.0185628 0.00129951 0.999827 12.1766
0.999383 0.0223068 0.0271271 -0.0427092 -0.0222613 0.99975 -0.00197555 -0.318218 -0.0271644 0.00137045 0.99963 13.4926
0.998964 0.0251699 0.0379202 -0.0223277 -0.0250755 0.999681 -0.0029622 -0.341409 -0.0379827 0.00200826 0.999276 14.6477
0.998088 0.0327207 0.0524326 -0.00451819 -0.0325954 0.999463 -0.00324413 -0.372991 -0.0525106 0.00152887 0.998619 15.781
0.997062 0.0368419 0.0671595 0.0489518 -0.0366699 0.99932 -0.00379157 -0.398005 -0.0672535 0.0013177 0.997735 16.957
0.995338 0.044172 0.0857419 0.096307 -0.0439817 0.999024 -0.0041082 -0.423424 -0.0858397 0.000317975 0.996309 18.078
0.993362 0.0469122 0.105032 0.186119 -0.0464796 0.998898 -0.00656385 -0.440608 -0.105224 0.00163844 0.994447 19.1338
0.990521 0.0521246 0.127087 0.289439 -0.0517935 0.99864 -0.00591012 -0.465222 -0.127222 -0.0007282 0.991874 20.1911
0.987442 0.0508682 0.149569 0.433892 -0.0504359 0.998705 -0.00668457 -0.494195 -0.149715 -0.000943022 0.988729 21.2125
0.984165 0.0487984 0.170406 0.619726 -0.0475319 0.998803 -0.0115063 -0.526014 -0.170763 0.00322436 0.985307 22.2227
0.980041 0.0454317 0.193535 0.796233 -0.0430532 0.998937 -0.0164804 -0.557588 -0.194078 0.00781918 0.980955 23.1865
0.975798 0.0396205 0.215056 1.0292 -0.0371668 0.99919 -0.0154429 -0.584595 -0.215493 0.00707622 0.97648 24.1705
0.970551 0.0316298 0.238811 1.26851 -0.0291802 0.999479 -0.0137868 -0.621376 -0.239123 0.00641226 0.970968 25.1645
0.965077 0.029592 0.260289 1.59262 -0.0265389 0.999532 -0.0152371 -0.665531 -0.260618 0.00779718 0.965411 26.3137
0.958832 0.0237065 0.282984 1.87155 -0.0193871 0.999649 -0.0180546 -0.701409 -0.283312 0.011825 0.958955 27.2579
0.951474 0.0244813 0.306753 2.17497 -0.0190485 0.999604 -0.0206924 -0.7433 -0.307138 0.0138451 0.951564 28.2149
0.943506 0.0244628 0.33045 2.49861 -0.0176494 0.999566 -0.0236037 -0.778093 -0.330884 0.016438 0.943528 29.1463
0.934775 0.0249514 0.354363 2.8295 -0.0176315 0.99956 -0.0238706 -0.812555 -0.354803 0.0160657 0.934803 30.0387
0.925016 0.0263678 0.379011 3.17515 -0.0192504 0.99956 -0.0225569 -0.850307 -0.379439 0.0135694 0.925117 30.9216
0.914996 0.0247831 0.402702 3.58048 -0.0168998 0.99959 -0.023118 -0.891674 -0.403109 0.0143473 0.915039 31.8322
0.9034 0.0287119 0.427837 3.97825 -0.0191628 0.999462 -0.02661 -0.93076 -0.428371 0.0158409 0.903464 32.7148
0.892019 0.0279491 0.451134 4.41976 -0.0158925 0.999409 -0.0304924 -0.974507 -0.451719 0.0200302 0.891935 33.5579
0.878585 0.0323352 0.476489 4.89663 -0.0181581 0.999246 -0.034329 -1.0194 -0.47724 0.0215088 0.87851 34.4649
0.863708 0.0376621 0.502584 5.39912 -0.0221992 0.999079 -0.0367179 -1.06623 -0.503504 0.0205566 0.863748 35.3794
0.848568 0.0407851 0.527512 5.91833 -0.0241871 0.998972 -0.0383286 -1.1286 -0.528533 0.0197655 0.848683 36.2562
0.831396 0.0474512 0.553651 6.42918 -0.0288399 0.998689 -0.0422859 -1.18011 -0.554932 0.019189 0.831675 37.0877
0.815439 0.0483683 0.576818 7.0068 -0.025959 0.998556 -0.0470347 -1.24106 -0.57826 0.0233803 0.815517 37.9053
0.796622 0.0573955 0.601747 7.55553 -0.033219 0.998134 -0.0512266 -1.30036 -0.603564 0.0208188 0.797042 38.704
0.778801 0.0585797 0.62453 8.20321 -0.0311189 0.998012 -0.0548057 -1.36704 -0.626499 0.0232481 0.779076 39.5242
0.761152 0.0582271 0.645955 8.87023 -0.0266825 0.99793 -0.0585136 -1.44291 -0.648025 0.027302 0.76113 40.2904
0.741962 0.0611876 0.667643 9.55911 -0.0263902 0.99772 -0.0621103 -1.51959 -0.669922 0.0284643 0.741886 41.0699
0.722348 0.0623416 0.688714 10.2626 -0.0234945 0.997566 -0.0656566 -1.60133 -0.691131 0.0312459 0.722054 41.8129
0.701359 0.0638409 0.709943 10.9567 -0.0200444 0.997354 -0.0698839 -1.68082 -0.712526 0.0347833 0.700783 42.5075
0.680545 0.065457 0.729776 11.6684 -0.0170384 0.997146 -0.0735496 -1.76744 -0.732508 0.0376196 0.679718 43.1637
0.659945 0.067047 0.748316 12.4306 -0.0135488 0.99691 -0.0773716 -1.84972 -0.751192 0.0409222 0.658815 43.8118
0.63748 0.0683072 0.767433 13.1086 -0.0112902 0.996783 -0.0793428 -1.93285 -0.770384 0.041915 0.636201 44.3841
0.614111 0.0710135 0.786018 13.8486 -0.0106087 0.996596 -0.0817499 -2.01836 -0.789148 0.0418649 0.612774 44.9709
0.589524 0.0719943 0.804536 14.5902 -0.00743092 0.996461 -0.0837238 -2.1083 -0.807716 0.0433788 0.587973 45.5273
0.566331 0.0745868 0.820796 15.3711 -0.00541539 0.996212 -0.0867906 -2.20309 -0.82416 0.0447073 0.56459 46.0578
0.541815 0.0774272 0.836924 16.2149 -0.00311219 0.995926 -0.0901222 -2.29806 -0.840492 0.0462249 0.539848 46.6108
0.518138 0.0790566 0.851635 17.0245 0.00147466 0.995635 -0.0933212 -2.39485 -0.855296 0.0496091 0.51576 47.1029
0.493822 0.0817018 0.865716 17.784 0.00298131 0.995411 -0.0956423 -2.48571 -0.869558 0.0498112 0.491312 47.5449
0.46759 0.0862958 0.879723 18.6008 0.00162299 0.995138 -0.09848 -2.586 -0.883944 0.0474761 0.465177 48.0102
0.444338 0.0865688 0.891667 19.4279 0.00564006 0.99503 -0.0994145 -2.68479 -0.895841 0.0492027 0.441642 48.4121
0.420345 0.0883241 0.903055 20.2309 0.00534195 0.994993 -0.0998027 -2.7753 -0.907349 0.0467756 0.417768 48.7836
0.396522 0.090234 0.91358 21.0622 0.00628209 0.994868 -0.100989 -2.8718 -0.918004 0.0457837 0.39392 49.1459
0.374751 0.0925456 0.922495 22.007 0.0117176 0.994453 -0.104525 -2.97817 -0.927052 0.0499802 0.371588 49.4987
0.352551 0.0943135 0.931028 22.9303 0.0174541 0.994072 -0.107309 -3.08904 -0.93563 0.0540822 0.348815 49.834
0.332892 0.0942046 0.938248 23.7828 0.0257698 0.993717 -0.108917 -3.1957 -0.942613 0.0604361 0.328372 50.1087
0.313793 0.0950011 0.944727 24.6544 0.0326317 0.993315 -0.110726 -3.30962 -0.948931 0.065573 0.308595 50.3794
0.295467 0.0970693 0.950409 25.5435 0.0385615 0.992802 -0.113387 -3.41948 -0.954574 0.0701513 0.289597 50.6475
0.279566 0.0980144 0.95511 26.4359 0.0482608 0.992084 -0.115935 -3.53954 -0.958913 0.0785059 0.272623 50.8892
0.265261 0.102619 0.9587 27.3066 0.0499188 0.991525 -0.119945 -3.65077 -0.962883 0.0796739 0.25789 51.1225
0.254215 0.104949 0.961437 28.1483 0.0555929 0.990866 -0.12286 -3.75896 -0.965549 0.084682 0.246059 51.324
0.242706 0.106373 0.96425 28.9579 0.0578052 0.990618 -0.123831 -3.86342 -0.968376 0.0857933 0.23428 51.5334
0.232849 0.106166 0.966701 29.7783 0.0598144 0.990578 -0.123196 -3.97509 -0.970672 0.0865086 0.224305 51.7315
0.225786 0.106482 0.96834 30.5984 0.0663606 0.990018 -0.124339 -4.07706 -0.971914 0.0923337 0.216466 51.8973
0.21696 0.107466 0.970247 31.4298 0.066039 0.990029 -0.124425 -4.18743 -0.973944 0.0910692 0.207699 52.0879
0.211804 0.106535 0.971488 32.2992 0.0733573 0.989504 -0.124504 -4.29284 -0.974555 0.0976361 0.201765 52.2477
0.206335 0.105439 0.972784 33.1643 0.0787151 0.989166 -0.123911 -4.40736 -0.97531 0.10214 0.1958 52.4095
0.201727 0.103766 0.97393 33.9842 0.0821363 0.989077 -0.122393 -4.51558 -0.975992 0.104685 0.191 52.563
0.19768 0.101412 0.975007 34.8182 0.0864331 0.988957 -0.120387 -4.62498 -0.976449 0.108071 0.186731 52.7158
0.190891 0.101159 0.976385 35.7133 0.085935 0.989135 -0.119281 -4.73608 -0.977842 0.106675 0.180124 52.8963
0.184896 0.104121 0.977227 36.5752 0.0834429 0.989118 -0.121175 -4.84939 -0.979209 0.103948 0.174196 53.062
0.178778 0.107273 0.978024 37.4652 0.0814387 0.989014 -0.123365 -4.96454 -0.980513 0.101704 0.168078 53.2302
0.172194 0.107776 0.979149 38.3299 0.080828 0.989099 -0.123086 -5.07078 -0.981741 0.100337 0.161605 53.3858
0.166696 0.107778 0.9801 39.1932 0.0796322 0.989289 -0.122333 -5.17279 -0.982787 0.09844 0.156328 53.5246
0.162103 0.106085 0.981055 40.0758 0.0804763 0.989471 -0.120292 -5.28385 -0.983487 0.0984514 0.151859 53.6555
0.158677 0.105793 0.981646 40.9701 0.0833857 0.989255 -0.120091 -5.39733 -0.983803 0.100911 0.14815 53.7786
0.1523 0.106478 0.982582 41.8859 0.0821825 0.989372 -0.119952 -5.51564 -0.984912 0.0990196 0.14193 53.9269
0.149415 0.105867 0.983091 42.8298 0.0861047 0.989082 -0.119598 -5.62899 -0.985018 0.102518 0.138668 54.0561
0.14967 0.103175 0.983338 43.7964 0.0902645 0.988962 -0.117504 -5.74583 -0.984607 0.106347 0.138705 54.1603
0.152407 0.100465 0.983198 44.8126 0.101671 0.987948 -0.116711 -5.86139 -0.983074 0.11775 0.140356 54.2594
0.151815 0.0990103 0.983437 45.7954 0.106459 0.987544 -0.115858 -5.98449 -0.982659 0.122284 0.139384 54.3844
0.152721 0.0993755 0.98326 46.828 0.110347 0.986995 -0.116892 -6.10927 -0.982089 0.126352 0.139769 54.5128
0.151057 0.100583 0.983395 47.8567 0.109649 0.986966 -0.117791 -6.24048 -0.982425 0.125621 0.13806 54.6587
0.147957 0.102444 0.983674 48.8889 0.105621 0.987296 -0.118708 -6.37029 -0.983338 0.12146 0.135258 54.824
0.147902 0.102591 0.983667 49.9188 0.10783 0.987003 -0.119152 -6.49434 -0.983106 0.123692 0.134917 54.9659
0.147905 0.102365 0.98369 50.955 0.109176 0.98686 -0.11911 -6.61983 -0.982957 0.125012 0.134786 55.0991
0.147627 0.101242 0.983848 51.9841 0.110629 0.986814 -0.118147 -6.75516 -0.982836 0.126284 0.13448 55.2373
0.147672 0.100195 0.983948 53.081 0.113599 0.986553 -0.117509 -6.88922 -0.982491 0.129129 0.134304 55.3823
0.149989 0.0987327 0.983745 54.2132 0.118953 0.985971 -0.117092 -7.02842 -0.981506 0.134582 0.13614 55.515
0.149698 0.0975903 0.983904 55.2367 0.119972 0.985971 -0.116049 -7.15827 -0.981426 0.135413 0.13589 55.6587
0.149595 0.0963772 0.984039 56.292 0.122121 0.985817 -0.115116 -7.29974 -0.981177 0.137392 0.135703 55.8094
0.15062 0.095869 0.983932 57.3556 0.12417 0.98557 -0.115037 -7.43471 -0.980763 0.139502 0.136543 55.9437
0.150662 0.0954582 0.983966 58.4167 0.125115 0.985482 -0.114763 -7.57198 -0.980636 0.1404 0.136531 56.089
0.150701 0.0957809 0.983928 59.5376 0.125205 0.985431 -0.115104 -7.71272 -0.980619 0.140539 0.136514 56.2484
0.150145 0.0971746 0.983877 60.6576 0.124484 0.98538 -0.11632 -7.85532 -0.980796 0.139941 0.135853 56.4066
0.149138 0.0983621 0.983912 61.8752 0.122835 0.98549 -0.117139 -8.01914 -0.981157 0.138328 0.134892 56.5853
0.145916 0.0994724 0.984283 62.9692 0.115925 0.986359 -0.116868 -8.16417 -0.982481 0.131156 0.132394 56.7688
0.147242 0.0966656 0.984365 64.1035 0.119674 0.98616 -0.114743 -8.31342 -0.981834 0.134698 0.133636 56.9115
0.14632 0.0957413 0.984593 65.3004 0.118503 0.986442 -0.113532 -8.45938 -0.982114 0.133289 0.13299 57.0849
0.145545 0.0965668 0.984628 66.4449 0.116545 0.986622 -0.11399 -8.5957 -0.982463 0.131344 0.132343 57.2511
0.145627 0.0986271 0.984411 67.6299 0.115198 0.98656 -0.115884 -8.73059 -0.98261 0.130278 0.132308 57.4064
0.143143 0.100462 0.98459 68.769 0.112007 0.986799 -0.116972 -8.876 -0.983344 0.127025 0.130001 57.5841
0.14442 0.100503 0.984399 69.8687 0.111227 0.986875 -0.117074 -9.01344 -0.983245 0.1264 0.131346 57.7161
0.14349 0.100609 0.984524 70.9438 0.108369 0.987239 -0.116681 -9.15114 -0.9837 0.123435 0.130756 57.8656
0.142607 0.101732 0.984537 72.0173 0.106368 0.987368 -0.117432 -9.29201 -0.984047 0.12147 0.129985 58.0152
0.140058 0.103629 0.984706 73.0635 0.103736 0.987499 -0.118678 -9.42973 -0.984694 0.118772 0.127557 58.1687
0.138565 0.104116 0.984865 74.2034 0.103901 0.987442 -0.119007 -9.57693 -0.984888 0.118818 0.126007 58.3231
0.13689 0.103833 0.985129 75.3179 0.104729 0.987401 -0.118625 -9.71999 -0.985035 0.11941 0.124291 58.4694
0.134917 0.104392 0.985343 76.3911 0.104666 0.98737 -0.118938 -9.85709 -0.985313 0.119179 0.122286 58.6049
0.132561 0.104722 0.985627 77.4956 0.104256 0.987414 -0.118934 -10.0009 -0.985677 0.118524 0.119975 58.7462
0.130139 0.10495 0.985926 78.5906 0.105902 0.987222 -0.119066 -10.1442 -0.985824 0.119907 0.117362 58.8843
0.12872 0.105627 0.98604 79.779 0.104973 0.987274 -0.119463 -10.2962 -0.986109 0.118885 0.115994 59.0194
0.128743 0.103581 0.986254 80.8765 0.109366 0.986981 -0.117934 -10.439 -0.985629 0.123045 0.115739 59.1298
0.127723 0.103487 0.986396 82.0463 0.112199 0.98665 -0.118042 -10.5768 -0.985443 0.125749 0.114406 59.2627
0.127016 0.103511 0.986485 83.1805 0.113649 0.986472 -0.118142 -10.7213 -0.985368 0.127119 0.113534 59.3793
0.124945 0.104058 0.986692 84.3026 0.113072 0.986512 -0.118357 -10.8704 -0.9857 0.126355 0.111494 59.5198
0.122074 0.104502 0.987004 85.4755 0.109314 0.986976 -0.118019 -11.0215 -0.986483 0.1223 0.10906 59.674
0.121373 0.103605 0.987185 86.6837 0.111632 0.986804 -0.117289 -11.1805 -0.98631 0.124437 0.108206 59.8046
0.119526 0.10343 0.987429 87.8554 0.107746 0.987333 -0.116463 -11.3347 -0.986967 0.120312 0.106868 59.9398
0.119646 0.102138 0.987549 88.9823 0.109464 0.987273 -0.115371 -11.4714 -0.986764 0.121905 0.106943 60.0564
0.120804 0.101555 0.987468 90.1073 0.114091 0.986741 -0.115438 -11.6136 -0.986098 0.126607 0.107616 60.1608
0.121729 0.101783 0.987331 91.291 0.120113 0.985907 -0.116445 -11.7651 -0.985269 0.132766 0.107788 60.2758
0.12243 0.104208 0.986991 92.4508 0.121898 0.985364 -0.119157 -11.9006 -0.984963 0.134901 0.107935 60.3891
0.121496 0.105394 0.986981 93.64 0.120618 0.98541 -0.120074 -12.0544 -0.985236 0.133637 0.107011 60.5224
0.122417 0.105671 0.986837 94.8568 0.122302 0.985131 -0.12066 -12.2129 -0.984914 0.135463 0.107673 60.6364
0.122223 0.106245 0.9868 96.0304 0.120344 0.985331 -0.120993 -12.3639 -0.98518 0.133543 0.107644 60.7598
0.121355 0.105191 0.98702 97.1235 0.119412 0.9856 -0.119722 -12.5078 -0.9854 0.132391 0.107047 60.8847
0.121148 0.103427 0.987232 98.2489 0.120573 0.985659 -0.118058 -12.6578 -0.985284 0.133336 0.10694 61.0083
0.122607 0.100898 0.987313 99.445 0.122413 0.985685 -0.115933 -12.8249 -0.984877 0.135074 0.1085 61.128
0.122849 0.0992868 0.987446 100.636 0.122953 0.985795 -0.114417 -12.9845 -0.984779 0.135466 0.108896 61.261
0.123977 0.0987599 0.987358 101.802 0.124946 0.985561 -0.114269 -13.1327 -0.984387 0.137533 0.109848 61.3818
0.125953 0.0989118 0.987093 102.951 0.125025 0.985501 -0.114705 -13.2825 -0.984126 0.137858 0.11176 61.5067
0.128787 0.0990968 0.986708 104.084 0.127267 0.985115 -0.115548 -13.4303 -0.983472 0.140457 0.114259 61.6215
0.133777 0.0991085 0.986043 105.201 0.133071 0.984179 -0.116975 -13.574 -0.982037 0.146863 0.118472 61.7205
0.135902 0.0995267 0.98571 106.339 0.133455 0.984034 -0.117757 -13.7289 -0.981693 0.147551 0.12045 61.856
0.135953 0.100037 0.985652 107.514 0.132277 0.984149 -0.11813 -13.8856 -0.981845 0.146439 0.120565 62.017
0.136721 0.0989632 0.985654 108.58 0.132576 0.984218 -0.117209 -14.0285 -0.981698 0.146699 0.121444 62.1402
0.136369 0.0972319 0.985875 109.7 0.131905 0.984529 -0.115345 -14.1803 -0.981837 0.145771 0.121434 62.2808
0.134051 0.0960368 0.98631 110.843 0.129936 0.984997 -0.113569 -14.3337 -0.982419 0.143382 0.119562 62.4369
0.133445 0.0945462 0.986536 111.967 0.136159 0.984251 -0.112745 -14.4697 -0.981658 0.149371 0.11847 62.5631
0.129662 0.0940396 0.987089 113.046 0.132042 0.984989 -0.111184 -14.6218 -0.982727 0.144753 0.115298 62.6926
0.12281 0.0939419 0.987974 114.173 0.126501 0.985908 -0.10947 -14.7831 -0.984335 0.138423 0.109195 62.835
0.114134 0.0942339 0.988986 115.306 0.123714 0.986394 -0.108264 -14.9204 -0.985732 0.134708 0.100923 62.9613
0.102922 0.0948762 0.990154 116.433 0.120597 0.986907 -0.107101 -15.057 -0.987352 0.130433 0.090133 63.0764
0.0891075 0.0954934 0.991434 117.586 0.115492 0.987689 -0.105513 -15.1979 -0.989304 0.123904 0.0769817 63.1891
0.0769666 0.0940564 0.992587 118.788 0.119628 0.987477 -0.102848 -15.3455 -0.989831 0.126658 0.0647509 63.2561
0.0619615 0.0941487 0.993628 119.926 0.120565 0.987545 -0.101091 -15.4814 -0.99077 0.126061 0.0498387 63.312
0.047138 0.0952295 0.994339 121.15 0.123559 0.987244 -0.100408 -15.6135 -0.991217 0.127593 0.0347702 63.3533
0.0322483 0.0959909 0.99486 122.395 0.126564 0.986972 -0.0993324 -15.7564 -0.991434 0.129117 0.0196792 63.3696
0.0149282 0.0960773 0.995262 123.67 0.129159 0.986848 -0.0972024 -15.8927 -0.991512 0.129998 0.00232265 63.3809
-0.00214 0.0952439 0.995452 124.805 0.132228 0.98674 -0.0941262 -16.0214 -0.991217 0.131425 -0.0147055 63.3709
-0.0189757 0.0940042 0.995391 126.015 0.140284 0.985972 -0.0904404 -16.1537 -0.98993 0.137921 -0.0318968 63.31
-0.0366445 0.0920575 0.995079 127.164 0.145158 0.985678 -0.0858422 -16.2728 -0.98873 0.141298 -0.0494825 63.2455
-0.0553946 0.0909277 0.994316 128.378 0.151097 0.985139 -0.0816707 -16.3878 -0.986966 0.145714 -0.0683102 63.1602
-0.0759235 0.0909686 0.992955 129.579 0.154104 0.984935 -0.0784507 -16.5097 -0.985133 0.147062 -0.0887983 63.0569
-0.0944463 0.0913523 0.99133 130.778 0.159325 0.984333 -0.0755282 -16.622 -0.982698 0.15081 -0.107521 62.9142
-0.115951 0.094541 0.988745 131.93 0.160687 0.984132 -0.0752561 -16.7252 -0.980171 0.150152 -0.129302 62.7758
-0.139519 0.0954322 0.98561 133.033 0.159526 0.98451 -0.0727437 -16.8304 -0.977285 0.147081 -0.152582 62.6194
-0.164727 0.0965055 0.981607 134.216 0.157562 0.984997 -0.0703978 -16.937 -0.973673 0.143068 -0.177461 62.4251
-0.191012 0.0957857 0.976903 135.338 0.157253 0.985359 -0.0658675 -17.032 -0.96891 0.141039 -0.203278 62.2134
-0.215281 0.0961872 0.971804 136.449 0.163394 0.984657 -0.0612632 -17.1163 -0.962786 0.145598 -0.227694 61.9314
-0.243874 0.0953968 0.965104 137.557 0.162448 0.985108 -0.0563248 -17.2108 -0.956105 0.143043 -0.25574 61.6616
-0.271888 0.0951524 0.957613 138.669 0.162548 0.985342 -0.0517568 -17.2929 -0.948502 0.141586 -0.283369 61.3499
-0.300513 0.0963508 0.948899 139.726 0.163114 0.985419 -0.0484013 -17.3659 -0.939726 0.140234 -0.311847 61.0215
-0.328978 0.0983154 0.939206 140.786 0.166416 0.985036 -0.0448219 -17.4341 -0.929559 0.141554 -0.340417 60.6496
-0.356822 0.100746 0.928724 141.895 0.168198 0.984849 -0.042212 -17.4957 -0.918906 0.141148 -0.368361 60.2074
-0.385025 0.10426 0.916998 142.961 0.172293 0.984251 -0.0395646 -17.5575 -0.906681 0.142759 -0.396925 59.7435
-0.413416 0.106968 0.904237 144.019 0.173713 0.984101 -0.0369947 -17.6197 -0.893818 0.141784 -0.425425 59.2559
-0.440619 0.108757 0.891082 144.936 0.175381 0.983935 -0.0333681 -17.6735 -0.880396 0.141576 -0.452614 58.7901
-0.469676 0.108981 0.876086 145.864 0.173729 0.984357 -0.0293118 -17.7289 -0.865576 0.138434 -0.481262 58.3085
-0.496758 0.1104 0.860839 146.764 0.176464 0.984006 -0.0243646 -17.7729 -0.84976 0.139804 -0.508294 57.7834
-0.522615 0.112219 0.845151 147.639 0.179469 0.983568 -0.0196198 -17.812 -0.833465 0.141425 -0.534167 57.227
-0.550025 0.113566 0.82739 148.518 0.17887 0.983741 -0.0161189 -17.8445 -0.815768 0.139129 -0.561396 56.6539
-0.577595 0.114031 0.80832 149.379 0.175313 0.984419 -0.0136015 -17.8849 -0.797276 0.133853 -0.588587 56.0613
-0.602701 0.117183 0.789316 150.138 0.177004 0.984149 -0.0109522 -17.9037 -0.778088 0.133112 -0.61389 55.4746
-0.627289 0.117795 0.769827 150.882 0.17615 0.984338 -0.00708305 -17.9232 -0.758604 0.131162 -0.638214 54.8717
-0.651137 0.11928 0.749529 151.607 0.176974 0.984211 -0.00288512 -17.941 -0.738039 0.130768 -0.661966 54.2494
-0.674155 0.120337 0.728721 152.317 0.177927 0.984041 0.00210491 -17.9547 -0.716838 0.131078 -0.684808 53.609
-0.697126 0.117487 0.707257 153.021 0.17332 0.984839 0.00723963 -17.9721 -0.695683 0.127629 -0.70692 52.9429
-0.716742 0.118651 0.68717 153.695 0.174571 0.98457 0.0120825 -17.973 -0.675134 0.12862 -0.726396 52.218
-0.7362 0.11979 0.666078 154.33 0.175155 0.984402 0.0165563 -17.9707 -0.653705 0.128856 -0.745699 51.5111
-0.756339 0.119378 0.643195 154.977 0.171553 0.984993 0.0189147 -17.971 -0.631285 0.124648 -0.765468 50.7814
-0.775731 0.118866 0.619768 155.583 0.167488 0.985659 0.0205956 -17.9656 -0.608431 0.119781 -0.784515 50.0512
-0.793574 0.118107 0.596901 156.148 0.16558 0.985878 0.0250636 -17.9514 -0.585512 0.118725 -0.801923 49.3168
-0.811099 0.116246 0.57324 156.695 0.162336 0.986289 0.0296876 -17.9389 -0.56193 0.117137 -0.818849 48.5597
-0.82642 0.12108 0.549881 157.229 0.166662 0.985445 0.0334897 -17.9156 -0.537823 0.119321 -0.834571 47.7491
-0.842412 0.117423 0.525884 157.73 0.161739 0.986066 0.038914 -17.8929 -0.513987 0.117838 -0.849665 46.9627
-0.858163 0.115927 0.500117 158.226 0.158146 0.986492 0.0426986 -17.8653 -0.488412 0.115734 -0.864905 46.1468
-0.871605 0.119114 0.475518 158.677 0.159409 0.986179 0.0451594 -17.8332 -0.463566 0.115163 -0.878546 45.2973
-0.886481 0.112706 0.44883 159.12 0.149861 0.987541 0.0480075 -17.8079 -0.437827 0.10982 -0.892327 44.4793
-0.899778 0.11177 0.42179 159.53 0.146055 0.988025 0.049754 -17.7684 -0.411177 0.106372 -0.905328 43.6427
-0.912872 0.108018 0.393696 159.915 0.139921 0.988735 0.0531589 -17.7325 -0.383519 0.103613 -0.917702 42.8195
-0.924543 0.104727 0.366406 160.245 0.134818 0.989204 0.0574463 -17.6936 -0.356434 0.10251 -0.92868 42.0098
-0.936611 0.0976339 0.336492 160.603 0.125416 0.990178 0.0617881 -17.6472 -0.327154 0.100073 -0.939657 41.1459
-0.945847 0.099187 0.309089 160.923 0.124804 0.990103 0.0641899 -17.5869 -0.299663 0.0992895 -0.948864 40.2007
-0.953901 0.101826 0.282319 161.187 0.12512 0.989964 0.0657001 -17.531 -0.272796 0.0979953 -0.957068 39.2776
-0.962866 0.098521 0.251363 161.447 0.118829 0.990658 0.0668985 -17.4803 -0.242424 0.0942836 -0.965578 38.391
-0.971484 0.0872171 0.220482 161.689 0.105158 0.99192 0.0709647 -17.4286 -0.212511 0.0921264 -0.972806 37.5009
-0.977302 0.0888999 0.192297 161.874 0.10494 0.991655 0.0748849 -17.365 -0.184035 0.0933648 -0.978475 36.5417
-0.982432 0.0917206 0.162528 162.058 0.105597 0.991275 0.0788896 -17.2878 -0.153874 0.0946661 -0.983545 35.5073
-0.987364 0.0880983 0.131721 162.228 0.0993696 0.9917 0.0815884 -17.2161 -0.123439 0.0936465 -0.987924 34.4909
-0.990793 0.0893776 0.101693 162.333 0.0980752 0.991627 0.0840072 -17.1432 -0.0933334 0.0932073 -0.991262 33.5241
-0.99238 0.0979155 0.074802 162.363 0.104186 0.990909 0.0851198 -17.0642 -0.0657874 0.0922645 -0.993559 32.4939
-0.993989 0.0997419 0.0451295 162.41 0.10345 0.990637 0.0890844 -16.9814 -0.0358215 0.0932176 -0.995001 31.43
-0.994218 0.106408 0.0144237 162.421 0.107291 0.989894 0.0927335 -16.8934 -0.00441028 0.0937448 -0.995586 30.4418
-0.99416 0.10658 -0.0169557 162.412 0.104474 0.989847 0.096376 -16.8141 0.0270553 0.0940417 -0.995201 29.4284
-0.993372 0.103355 -0.0502899 162.384 0.0980512 0.990299 0.0984578 -16.7334 0.0599782 0.0928742 -0.99387 28.4243
-0.991028 0.104923 -0.0827928 162.309 0.0963724 0.99018 0.101274 -16.6476 0.0926057 0.0923867 -0.991408 27.4834
-0.98811 0.0993541 -0.117339 162.218 0.0869726 0.990522 0.106307 -16.5532 0.126789 0.0948379 -0.987386 26.4181
-0.98367 0.0960658 -0.152196 162.085 0.0795141 0.990595 0.111348 -16.4568 0.161462 0.0974275 -0.982058 25.3806
-0.978186 0.0880152 -0.188165 161.933 0.0671537 0.991149 0.114513 -16.3561 0.196579 0.0993791 -0.975439 24.3905
-0.97024 0.10063 -0.220246 161.666 0.076637 0.990415 0.114912 -16.2345 0.229699 0.0946136 -0.968652 23.3945
-0.961441 0.104482 -0.254392 161.399 0.0770165 0.990299 0.115653 -16.122 0.264008 0.0916011 -0.960161 22.3689
-0.951661 0.10804 -0.287521 161.089 0.0767675 0.99005 0.117934 -15.9987 0.297402 0.0901613 -0.950486 21.3324
-0.940712 0.109587 -0.321017 160.767 0.0740829 0.989905 0.120833 -15.8829 0.331018 0.0898874 -0.939333 20.3353
-0.929196 0.107386 -0.353644 160.39 0.0675812 0.990093 0.123079 -15.7554 0.363357 0.090465 -0.927247 19.2941
-0.917145 0.10805 -0.383628 159.941 0.0648203 0.990173 0.123919 -15.627 0.393248 0.0887846 -0.915136 18.234
-0.904883 0.101032 -0.413496 159.486 0.0540599 0.990834 0.123794 -15.493 0.422214 0.089666 -0.902051 17.1699
-0.891056 0.0972886 -0.443344 159.022 0.0463666 0.991159 0.124313 -15.3551 0.451519 0.0902131 -0.887689 16.1291
-0.877314 0.1058 -0.46811 158.439 0.052185 0.990644 0.126098 -15.2193 0.477072 0.0861993 -0.874627 15.0803
-0.864027 0.100747 -0.493263 157.895 0.0423951 0.990853 0.128116 -15.0825 0.501658 0.0897836 -0.860394 14.0965
-0.850699 0.0920406 -0.517532 157.365 0.0288453 0.991242 0.128873 -14.9503 0.52486 0.0947037 -0.845904 13.1441
-0.837325 0.104504 -0.536624 156.766 0.0420578 0.990965 0.127359 -14.8373 0.545085 0.0840718 -0.834155 12.2948
-0.822619 0.109765 -0.557897 156.134 0.0453542 0.99073 0.128049 -14.7005 0.566781 0.080033 -0.819972 11.3422
-0.807736 0.118276 -0.577558 155.476 0.0509713 0.990011 0.131455 -14.5566 0.587337 0.0767419 -0.805696 10.4269
-0.793316 0.116572 -0.597546 154.772 0.0446669 0.989997 0.133833 -14.4147 0.607169 0.079481 -0.790587 9.47334
-0.778758 0.113049 -0.617055 153.842 0.0401638 0.990595 0.130796 -14.2266 0.626038 0.0770748 -0.775974 8.30522
-0.764041 0.110164 -0.635693 153.033 0.0390405 0.991403 0.124886 -14.0675 0.643985 0.0706 -0.761773 7.34406
-0.750328 0.108275 -0.652138 152.187 0.0402326 0.992146 0.118436 -13.9078 0.65984 0.062629 -0.748792 6.39143
-0.737893 0.10588 -0.666561 151.35 0.037744 0.992546 0.115878 -13.7629 0.673862 0.060347 -0.736389 5.49934
-0.723433 0.102013 -0.682816 150.552 0.0314014 0.992862 0.115064 -13.6255 0.68968 0.0617998 -0.721473 4.63405
-0.70805 0.100111 -0.69903 149.585 0.0280235 0.993104 0.113842 -13.4725 0.705606 0.0610166 -0.705972 3.65591
-0.691372 0.0965902 -0.716013 148.661 0.0196942 0.993175 0.114963 -13.3331 0.72223 0.0653808 -0.688556 2.72358
-0.67372 0.0935708 -0.733039 147.739 0.0103759 0.993051 0.117225 -13.1759 0.738914 0.0713706 -0.670009 1.79123
-0.65552 0.0923189 -0.749514 146.792 0.00377702 0.992888 0.118992 -13.0243 0.755169 0.0751709 -0.651206 0.902249
-0.640284 0.0955529 -0.762172 145.77 0.00514622 0.992744 0.120136 -12.8652 0.768121 0.0729991 -0.63613 0.0823758
-0.625012 0.100759 -0.774085 144.783 0.0106011 0.992639 0.120648 -12.7251 0.780543 0.0672003 -0.621479 -0.699101
-0.611982 0.0924049 -0.785455 143.775 -0.00384321 0.992792 0.119791 -12.5555 0.790862 0.0763289 -0.607215 -1.52316
-0.598519 0.0914601 -0.79587 142.745 -0.00768806 0.99276 0.119868 -12.3989 0.801071 0.077862 -0.593483 -2.32851
-0.585913 0.0880432 -0.805577 141.687 -0.0152175 0.99271 0.119563 -12.2427 0.810231 0.0823126 -0.580302 -3.15274
-0.572335 0.102141 -0.813634 140.089 0.00762592 0.992832 0.119273 -12.0112 0.819985 0.0620594 -0.569011 -4.21465
-0.561528 0.103494 -0.82096 138.772 0.00838414 0.992808 0.119423 -11.8051 0.827416 0.0601761 -0.558357 -5.12521
-0.554046 0.109483 -0.825255 137.085 0.0173585 0.992618 0.120033 -11.574 0.832305 0.0521786 -0.551857 -6.09642
-0.543529 0.111918 -0.831896 135.901 0.0168535 0.992327 0.12249 -11.4059 0.839221 0.0525567 -0.541245 -6.8861
-0.533454 0.115388 -0.837922 134.615 0.0208717 0.992145 0.123338 -11.2172 0.845572 0.0483064 -0.531672 -7.70798
-0.525596 0.118911 -0.842383 133.33 0.028469 0.992087 0.12228 -11.0436 0.850258 0.0402882 -0.524822 -8.46851
-0.519585 0.118756 -0.846126 132.049 0.0267542 0.99207 0.12281 -10.8552 0.854 0.0411728 -0.518641 -9.2689
-0.514832 0.121107 -0.848694 130.646 0.031007 0.991954 0.122741 -10.6505 0.85673 0.0368755 -0.514445 -10.1086
-0.511232 0.122923 -0.850607 129.026 0.036412 0.991928 0.121461 -10.4188 0.858671 0.0311224 -0.511581 -11.0632
-0.509322 0.125053 -0.851442 127.607 0.0401211 0.99176 0.121662 -10.2232 0.859641 0.0278045 -0.510142 -11.8977
-0.507064 0.126199 -0.852619 125.894 0.0435629 0.991711 0.120879 -9.98688 0.860807 0.0241507 -0.508359 -12.9106
-0.505105 0.126981 -0.853665 124.178 0.0455714 0.991661 0.120544 -9.75109 0.861854 0.0219846 -0.50668 -13.9295
-0.502241 0.128478 -0.85513 122.726 0.0475091 0.991507 0.121064 -9.55056 0.863422 0.0201768 -0.504079 -14.7955
-0.499008 0.12901 -0.856941 121.192 0.051169 0.991518 0.119474 -9.3189 0.865085 0.01577 -0.501377 -15.7327
-0.497769 0.130815 -0.857388 119.265 0.0538438 0.991314 0.119988 -9.06516 0.865637 0.0135614 -0.500489 -16.8084
-0.49684 0.135519 -0.857196 117.538 0.0603618 0.990737 0.121645 -8.84237 0.865741 0.00869634 -0.500417 -17.7695
-0.495424 0.136644 -0.857836 115.996 0.0619358 0.990593 0.122022 -8.63532 0.86644 0.00732165 -0.499227 -18.6605
-0.493524 0.141387 -0.858163 112.845 0.0682207 0.989951 0.123866 -8.22098 0.867053 0.00258645 -0.49821 -20.4096
-0.49192 0.142535 -0.858894 110.561 0.0706178 0.98979 0.123811 -7.91085 0.867772 0.000252083 -0.496962 -21.6946
-0.490083 0.14085 -0.860221 107.546 0.0699874 0.990031 0.122232 -7.50236 0.868861 -0.000300796 -0.495055 -23.4188
-0.488256 0.140248 -0.861357 105.894 0.070674 0.990115 0.121151 -7.28806 0.869834 -0.00172283 -0.493342 -24.354
-0.485588 0.139084 -0.863053 103.71 0.0686802 0.99028 0.120945 -6.98914 0.871486 -0.000545069 -0.49042 -25.6371
-0.484022 0.139793 -0.863817 101.829 0.0677739 0.990181 0.122267 -6.72928 0.872427 0.000635715 -0.488743 -26.7048
-0.482729 0.139364 -0.86461 99.2739 0.0645101 0.990234 0.123596 -6.37891 0.873391 0.00388722 -0.487005 -28.1914
-0.481903 0.140366 -0.864909 97.6513 0.0642994 0.990089 0.124856 -6.15887 0.873862 0.00455541 -0.486152 -29.1107
-0.48131 0.141691 -0.865023 95.1759 0.0646683 0.989899 0.126163 -5.81191 0.874162 0.004784 -0.485611 -30.5184
-0.480532 0.141116 -0.865549 93.1297 0.0638228 0.989979 0.12597 -5.54012 0.874652 0.00529085 -0.484723 -31.6784
-0.479965 0.140316 -0.865994 90.9326 0.063512 0.990094 0.125223 -5.24026 0.874986 0.0051017 -0.484122 -32.904
-0.479703 0.139687 -0.86624 87.8799 0.0619802 0.990175 0.125349 -4.83136 0.875239 0.00644081 -0.483648 -34.6308
-0.480392 0.137627 -0.866189 86.0963 0.0589146 0.990444 0.124696 -4.58642 0.875073 0.00887163 -0.483909 -35.6188
-0.481457 0.135995 -0.865855 83.6489 0.0546364 0.990625 0.125211 -4.24804 0.874765 0.0129767 -0.484373 -37.0007
-0.481185 0.138367 -0.86563 81.1261 0.0580086 0.990326 0.126053 -3.90412 0.874698 0.0104408 -0.484556 -38.4239
-0.481845 0.138589 -0.865227 78.9271 0.0597036 0.990311 0.125375 -3.59185 0.87422 0.00875432 -0.485451 -39.662
-0.483077 0.13944 -0.864404 75.3617 0.0618383 0.990206 0.125174 -3.08578 0.873392 0.00701558 -0.486968 -41.6523
-0.484386 0.137847 -0.863926 73.3033 0.0618794 0.990434 0.123338 -2.78636 0.872663 0.0062841 -0.488282 -42.826
-0.485649 0.137994 -0.863193 71.1857 0.0660681 0.990431 0.121164 -2.49472 0.871654 0.00181342 -0.490119 -44.0085
-0.486612 0.138315 -0.8626 69.3143 0.0680403 0.990388 0.120422 -2.25174 0.870965 -9.28e-05 -0.491345 -45.098
-0.48911 0.141029 -0.860745 67.1338 0.0712322 0.990004 0.121731 -1.96639 0.869309 -0.00177317 -0.494266 -46.3113
-0.491101 0.144841 -0.858977 64.6072 0.0763964 0.989442 0.123162 -1.63466 0.867746 -0.00513798 -0.496981 -47.7666
-0.492999 0.143795 -0.858065 62.0242 0.0740686 0.989604 0.123282 -1.28884 0.866871 -0.00277788 -0.498524 -49.2714
-0.49661 0.147148 -0.85541 59.7077 0.0820939 0.98907 0.122481 -0.988578 0.864083 -0.00939881 -0.503262 -50.5272
-0.499993 0.150599 -0.852835 57.5102 0.0886713 0.988491 0.122569 -0.708645 0.861478 -0.0143385 -0.507592 -51.7401
-0.502618 0.153063 -0.850851 53.9784 0.0944132 0.988033 0.121969 -0.250227 0.859338 -0.0190275 -0.511054 -53.804
-0.504874 0.157389 -0.848723 51.7364 0.104104 0.987162 0.121134 0.0446523 0.856893 -0.0271979 -0.514777 -55.0993
-0.508477 0.157244 -0.846596 49.0638 0.108546 0.987047 0.118137 0.393994 0.854206 -0.0318247 -0.518959 -56.6493
-0.510304 0.163199 -0.844367 44.9416 0.118073 0.985827 0.119181 0.961329 0.85185 -0.0388786 -0.52234 -59.1205
-0.511389 0.169123 -0.842543 41.3889 0.126572 0.984573 0.120808 1.43067 0.849977 -0.0448621 -0.524906 -61.1883
-0.509493 0.178757 -0.841702 39.0033 0.147713 0.981832 0.119104 1.74814 0.847701 -0.0636478 -0.526642 -62.574
-0.510566 0.179696 -0.840852 36.5728 0.15393 0.981222 0.116228 2.05722 0.845948 -0.0700903 -0.528639 -64.0167
-0.512245 0.183834 -0.838934 34.3198 0.16171 0.979996 0.116006 2.33748 0.843478 -0.0762408 -0.531726 -65.3686
-0.513689 0.192894 -0.836012 31.8905 0.176612 0.977305 0.116975 2.67214 0.839602 -0.0875616 -0.536098 -66.7912
-0.511871 0.206854 -0.833786 29.3168 0.197926 0.972863 0.119849 2.99983 0.835951 -0.103681 -0.538922 -68.3083
-0.510659 0.217509 -0.831815 27.4627 0.217355 0.968705 0.119868 3.24225 0.831856 -0.119588 -0.541955 -69.4028
-0.512432 0.221883 -0.829567 24.0139 0.22678 0.966712 0.118481 3.71287 0.828241 -0.127416 -0.545693 -71.4178
-0.514277 0.224261 -0.827784 21.1662 0.234702 0.965161 0.115666 4.07854 0.824885 -0.134798 -0.548994 -73.1209
-0.512321 0.231809 -0.826917 19.111 0.250589 0.96133 0.114235 4.34295 0.821421 -0.148692 -0.550599 -74.395
-0.510641 0.238059 -0.82618 15.6683 0.264583 0.957785 0.112449 4.7945 0.818072 -0.161172 -0.55207 -76.5643
-0.511103 0.242692 -0.824545 12.2855 0.274262 0.95521 0.111148 5.287 0.814589 -0.169334 -0.554772 -78.6101
-0.511216 0.240898 -0.825001 10.2409 0.267818 0.95677 0.11342 5.52869 0.816659 -0.162968 -0.553633 -79.9821
-0.511607 0.241699 -0.824524 7.06761 0.268167 0.956601 0.114021 5.93893 0.816299 -0.162777 -0.554219 -81.9787
-0.509721 0.244181 -0.82496 3.48534 0.273727 0.955079 0.113566 6.41016 0.815633 -0.167927 -0.553663 -84.3031
-0.506201 0.250969 -0.825091 0.214651 0.286547 0.951312 0.113562 6.86335 0.81342 -0.178942 -0.553469 -86.3912
-0.502888 0.256621 -0.825378 -1.76705 0.296394 0.948211 0.114223 7.12288 0.811945 -0.187195 -0.552905 -87.6595
-0.501125 0.259699 -0.825488 -5.49246 0.304217 0.945889 0.112898 7.6455 0.810139 -0.194552 -0.553013 -90.0262
-0.498319 0.266666 -0.824965 -9.19883 0.317484 0.941557 0.112578 8.15443 0.806772 -0.205814 -0.553858 -92.333
-0.494123 0.273767 -0.825163 -13.1772 0.330976 0.936892 0.112641 8.69161 0.803926 -0.21745 -0.55355 -94.8974
-0.491269 0.279701 -0.824877 -17.1334 0.342128 0.932887 0.112566 9.22269 0.801002 -0.226913 -0.553992 -97.4199
-0.488165 0.284742 -0.824995 -19.5654 0.351202 0.929458 0.112984 9.52357 0.798969 -0.234585 -0.553731 -98.9962
-0.486863 0.28861 -0.82442 -23.7205 0.358672 0.926649 0.112584 10.0752 0.796441 -0.240884 -0.554668 -101.594
-0.485632 0.290956 -0.824322 -26.6612 0.362948 0.924974 0.112659 10.4282 0.795255 -0.244475 -0.554799 -103.548
-0.484649 0.294266 -0.823725 -29.1816 0.368006 0.92291 0.113177 10.746 0.793528 -0.248285 -0.555579 -105.217
-0.486 0.29668 -0.822062 -33.9013 0.369664 0.922115 0.114245 11.35 0.79193 -0.248363 -0.55782 -108.268
-0.484475 0.304063 -0.820262 -38.1104 0.382411 0.916929 0.114031 11.8831 0.786795 -0.258432 -0.560506 -110.928
-0.484615 0.308397 -0.81856 -40.0697 0.389795 0.913876 0.113536 12.1398 0.783076 -0.264049 -0.563089 -112.193
-0.484989 0.308531 -0.818288 -42.5447 0.389445 0.913993 0.113797 12.4347 0.783019 -0.263487 -0.563432 -113.842
-0.480028 0.315381 -0.818601 -44.9976 0.406102 0.907024 0.111309 12.7357 0.777595 -0.279004 -0.563473 -115.395
-0.47903 0.31673 -0.818665 -47.3455 0.410615 0.905158 0.109927 13.0031 0.775839 -0.283498 -0.563652 -116.96
-0.478963 0.318561 -0.817994 -49.54 0.416898 0.902586 0.107397 13.2708 0.772522 -0.289581 -0.565113 -118.379
-0.478317 0.323266 -0.816524 -51.5729 0.424276 0.899137 0.107434 13.5256 0.768897 -0.295045 -0.567226 -119.684
-0.472721 0.333829 -0.815533 -53.3213 0.437748 0.892163 0.111457 13.731 0.764795 -0.304309 -0.567876 -120.845
-0.467841 0.339616 -0.815957 -55.2175 0.444935 0.888203 0.114576 13.9285 0.763648 -0.309445 -0.566645 -122.16
-0.463786 0.345051 -0.815992 -57.6644 0.457222 0.882126 0.113144 14.2502 0.758848 -0.320615 -0.566882 -123.748
-0.4631 0.342082 -0.81763 -59.8325 0.456644 0.882738 0.110682 14.5059 0.759615 -0.322109 -0.565006 -125.203
-0.461892 0.338575 -0.81977 -61.9999 0.454942 0.88386 0.108712 14.7525 0.761369 -0.322735 -0.562281 -126.675
-0.459447 0.338763 -0.821066 -64.0157 0.457531 0.882595 0.108126 14.9901 0.761297 -0.325985 -0.5605 -128.015
-0.460727 0.337612 -0.820822 -66.3157 0.454361 0.884169 0.108635 15.2982 0.762422 -0.322898 -0.560758 -129.463
-0.45784 0.337265 -0.822578 -68.8285 0.459322 0.881929 0.105945 15.595 0.761187 -0.329323 -0.558695 -131.138
-0.456217 0.336567 -0.823765 -70.5071 0.462932 0.880353 0.103307 15.7881 0.759974 -0.334217 -0.55744 -132.251
-0.455371 0.337613 -0.823805 -72.6521 0.463394 0.879971 0.104483 16.0123 0.760199 -0.334168 -0.557161 -133.709
-0.455106 0.338973 -0.823393 -74.1126 0.464217 0.879421 0.105456 16.1816 0.759855 -0.334239 -0.557587 -134.666
-0.451893 0.34643 -0.822058 -75.4892 0.471519 0.875025 0.109553 16.344 0.757274 -0.33811 -0.558765 -135.571
-0.44999 0.349604 -0.821758 -77.5611 0.47465 0.873081 0.111523 16.5943 0.75645 -0.339862 -0.558817 -136.965
-0.449526 0.352344 -0.820841 -79.7572 0.478203 0.871076 0.112023 16.8785 0.754485 -0.342171 -0.560063 -138.375
-0.447177 0.354502 -0.821195 -81.6597 0.480934 0.86939 0.113417 17.0989 0.754145 -0.344223 -0.559263 -139.655
-0.443457 0.360144 -0.820757 -84.2975 0.49289 0.862816 0.112289 17.4475 0.748602 -0.354747 -0.560133 -141.337
-0.442731 0.358238 -0.821982 -86.4157 0.490875 0.863982 0.11215 17.6915 0.750354 -0.353838 -0.558362 -142.782
-0.440603 0.35878 -0.822889 -88.4325 0.494364 0.862115 0.111183 17.9447 0.749315 -0.357819 -0.557218 -144.104
-0.43803 0.359524 -0.823937 -91.6037 0.495171 0.861461 0.11265 18.3201 0.75029 -0.358646 -0.555372 -146.236
-0.435856 0.358261 -0.825639 -93.5835 0.495917 0.861134 0.111867 18.5495 0.751063 -0.36069 -0.552998 -147.558
-0.433092 0.361171 -0.825825 -97.2051 0.50034 0.858419 0.11303 19.0099 0.749727 -0.364241 -0.552483 -149.877
-0.430947 0.361143 -0.826959 -100.152 0.497094 0.859846 0.116458 19.3739 0.753115 -0.360889 -0.55007 -151.863
-0.428472 0.362296 -0.82774 -103.92 0.499656 0.858283 0.117022 19.8772 0.752831 -0.363445 -0.548774 -154.363
-0.426295 0.360152 -0.829797 -106.79 0.502316 0.857141 0.113962 20.2554 0.752297 -0.368239 -0.546305 -156.226
-0.423869 0.355783 -0.832918 -108.928 0.500001 0.858706 0.11235 20.4882 0.755204 -0.368839 -0.541871 -157.77
-0.423544 0.354705 -0.833544 -111.195 0.497404 0.860094 0.113259 20.7437 0.757099 -0.366637 -0.540719 -159.26
-0.42021 0.359525 -0.833166 -113.198 0.504008 0.855986 0.115174 20.9909 0.754586 -0.371525 -0.540897 -160.529
-0.419745 0.359439 -0.833437 -115.205 0.501342 0.857272 0.117226 21.2436 0.756618 -0.368632 -0.540037 -161.839
-0.418266 0.35923 -0.83427 -117.66 0.501925 0.856915 0.117337 21.5524 0.75705 -0.369663 -0.538725 -163.417
-0.417265 0.359741 -0.834552 -121.182 0.502309 0.856586 0.118091 21.9857 0.757348 -0.369927 -0.538125 -165.702
-0.417224 0.359134 -0.834834 -123.87 0.499976 0.857805 0.119143 22.3392 0.758913 -0.367687 -0.537455 -167.374
-0.413184 0.362043 -0.835586 -126.919 0.505897 0.854212 0.119955 22.6709 0.757197 -0.373158 -0.536103 -169.33
-0.412339 0.362783 -0.835683 -130.036 0.506909 0.853547 0.120421 23.071 0.756981 -0.373961 -0.535848 -171.252
-0.411482 0.36351 -0.835789 -133.042 0.508381 0.852652 0.120554 23.4561 0.75646 -0.375293 -0.535652 -173.103
-0.406578 0.366559 -0.836857 -135.75 0.51678 0.847637 0.120209 23.7784 0.753414 -0.383596 -0.534061 -174.835
-0.407003 0.365543 -0.837094 -138.147 0.515763 0.848331 0.11968 24.1112 0.753881 -0.383032 -0.533807 -176.253
-0.403486 0.368002 -0.83772 -141.125 0.518171 0.846491 0.122279 24.4822 0.754121 -0.384745 -0.532235 -178.138
-0.402519 0.367684 -0.838324 -143.913 0.516104 0.847516 0.12391 24.8567 0.756053 -0.382786 -0.530904 -179.905
-0.400544 0.369823 -0.838329 -146.317 0.520446 0.844839 0.124031 25.2012 0.754123 -0.386625 -0.530868 -181.319
-0.402902 0.364354 -0.839593 -148.528 0.511755 0.850225 0.123389 25.4964 0.7588 -0.379952 -0.529017 -182.71
-0.400484 0.365935 -0.840062 -150.565 0.515419 0.847969 0.123663 25.7587 0.757599 -0.383458 -0.528208 -183.939
-0.397662 0.367897 -0.840545 -152.968 0.518684 0.845807 0.12481 26.0676 0.756856 -0.386345 -0.527168 -185.429
