1 0 0 0 0 1 0 0 0 0 1 0
1 0 0 0 0 1 0 0 0 0 1 0
1 0 0 0 0 1 0 0 0 0 1 0
1 0 0 0 0 1 0 0 0 0 1 0
1 0 0 0 0 1 0 0 0 0 1 0
1 0 0 0 0 1 0 0 0 0 1 0
1 0 0 0 0 1 0 0 0 0 1 0
1 0 0 0 0 1 0 0 0 0 1 0
1 0 0 0 0 1 0 0 0 0 1 0
1 0 0 0 0 1 0 0 0 0 1 0
1 0 0 0 0 1 0 0 0 0 1 0
1 0 0 0 0 1 0 0 0 0 1 0
1 0 0 0 0 1 0 0 0 0 1 0
1 0 0 0 0 1 0 0 0 0 1 0
1 0 0 0 0 1 0 0 0 0 1 0
1 0 0 0 0 1 0 0 0 0 1 0
1 0 0 0 0 1 0 0 0 0 1 0
1 0 0 0 0 1 0 0 0 0 1 0
1 0 0 0 0 1 0 0 0 0 1 0
1 0 0 0 0 1 0 0 0 0 1 0
1 0 0 0 0 1 0 0 0 0 1 0
1 0 0 0 0 1 0 0 0 0 1 0
1 0 0 0 0 1 0 0 0 0 1 0
1 0 0 0 0 1 0 0 0 0 1 0
1 0 0 0 0 1 0 0 0 0 1 0
0.999529 0.00729057 -0.0298145 -0.0707848 -0.00740804 0.999965 -0.00383134 -0.00350404 0.0297855 0.0040504 0.999548 0.116965
0.999529 0.00729057 -0.0298145 -0.0707848 -0.00740804 0.999965 -0.00383134 -0.00350404 0.0297855 0.0040504 0.999548 0.116965
0.997597 0.0118248 -0.0682651 -0.119499 -0.0120662 0.999922 -0.00312579 -0.00166035 0.0682228 0.00394198 0.997662 0.267408
0.993767 0.0155357 -0.110389 -0.163971 -0.0157534 0.999875 -0.00110034 0.00259515 0.110358 0.00283249 0.993888 0.431091
0.988486 0.0247768 -0.149267 -0.254453 -0.0252738 0.99968 -0.00143303 0.0077084 0.149184 0.00518908 0.988796 0.575531
0.980951 0.0311511 -0.191739 -0.33658 -0.0317628 0.999495 -0.000116737 0.0113087 0.191639 0.00620468 0.981446 0.727078
0.970599 0.0347404 -0.238183 -0.411729 -0.0350819 0.999381 0.00280649 0.01319 0.238133 0.00563193 0.971216 0.898505
0.958518 0.0409497 -0.282073 -0.517745 -0.0409589 0.999144 0.00586645 0.013533 0.282072 0.00593031 0.959375 1.05165
0.943683 0.0436437 -0.327959 -0.617688 -0.0417687 0.999046 0.0127627 0.0177145 0.328203 0.00165447 0.944606 1.22055
0.925775 0.0498666 -0.374772 -0.730348 -0.0461543 0.998756 0.0188811 0.0264261 0.375248 -0.000182239 0.926925 1.39681
0.904287 0.0537494 -0.423527 -0.844064 -0.0474992 0.998551 0.0253077 0.0325456 0.424273 -0.00276826 0.90553 1.58145
0.881415 0.0624608 -0.468194 -0.99517 -0.0540894 0.998045 0.0313193 0.0463683 0.469235 -0.00228095 0.88307 1.75028
0.85565 0.0681841 -0.513044 -1.15145 -0.056595 0.997666 0.0382022 0.0594546 0.514452 -0.00365199 0.857512 1.92421
0.827111 0.0729777 -0.557281 -1.32963 -0.0575746 0.99732 0.0451505 0.0745499 0.559082 -0.00525921 0.829095 2.1048
0.795679 0.0767666 -0.600834 -1.52479 -0.0576219 0.997031 0.0510793 0.0909375 0.602971 -0.00602156 0.79774 2.28726
0.761256 0.0795263 -0.643556 -1.73113 -0.0572227 0.996818 0.0554919 0.111957 0.645922 -0.00541747 0.763384 2.46496
0.724063 0.0813942 -0.684915 -1.95006 -0.0566172 0.996675 0.0585902 0.133362 0.687407 -0.00364501 0.726264 2.64215
0.687516 0.084344 -0.721254 -2.18872 -0.0592914 0.996436 0.060006 0.156064 0.723744 0.00150904 0.690067 2.78824
0.649485 0.0875359 -0.755319 -2.44079 -0.0624837 0.996136 0.0617163 0.180917 0.757803 0.0071113 0.652445 2.9395
0.610657 0.0879485 -0.786996 -2.70581 -0.0606215 0.996089 0.0642768 0.206218 0.789571 0.00845778 0.613601 3.10071
0.57224 0.0887945 -0.815265 -2.98915 -0.0588981 0.996004 0.0671387 0.234877 0.817968 0.00959812 0.575183 3.25579
0.533319 0.0891654 -0.841202 -3.3161 -0.0556116 0.995974 0.0703133 0.268408 0.844085 0.00928123 0.53613 3.41416
0.493938 0.0907144 -0.864752 -3.63066 -0.0512975 0.995851 0.0751663 0.299831 0.867983 0.0072322 0.496542 3.56073
0.455875 0.0962336 -0.884826 -3.96208 -0.0518467 0.995321 0.0815389 0.332311 0.888533 0.00870379 0.458731 3.69181
0.421036 0.101305 -0.901369 -4.33752 -0.0563215 0.994746 0.0854917 0.372684 0.905294 0.0147714 0.424529 3.80903
0.388356 0.103197 -0.915713 -4.73626 -0.0559878 0.994516 0.0883329 0.412763 0.919807 0.0169641 0.392005 3.9465
0.35957 0.104856 -0.927208 -5.12725 -0.0594172 0.994223 0.0893924 0.45458 0.931224 0.0229492 0.363723 4.06508
0.333775 0.104428 -0.936851 -5.53768 -0.0569906 0.994262 0.0905235 0.499497 0.940928 0.0231772 0.337811 4.19405
0.311725 0.103726 -0.944494 -5.94298 -0.0554495 0.994315 0.0908968 0.544111 0.948553 0.0240369 0.315705 4.3082
0.29137 0.103598 -0.950984 -6.3627 -0.0514323 0.994377 0.0925667 0.586314 0.955227 0.0219402 0.29506 4.43317
0.273045 0.103861 -0.956378 -6.75047 -0.0497233 0.99435 0.0937889 0.627178 0.960715 0.0219457 0.276666 4.53642
0.257656 0.103632 -0.960663 -7.17882 -0.0493759 0.994345 0.0940225 0.671979 0.964974 0.0232082 0.261316 4.6419
0.245248 0.104158 -0.963849 -7.60914 -0.0524059 0.994182 0.0941012 0.720831 0.968043 0.0274332 0.24928 4.73396
0.234806 0.104386 -0.966421 -8.03355 -0.0512978 0.994162 0.094919 0.765912 0.970688 0.0272878 0.23879 4.83316
0.227383 0.105085 -0.968119 -8.44655 -0.0496247 0.994119 0.096252 0.810488 0.97254 0.0261566 0.23126 4.93216
0.22402 0.106628 -0.968734 -8.85848 -0.0496683 0.993954 0.0979178 0.8574 0.973318 0.0261798 0.227962 5.01902
0.222424 0.109897 -0.968736 -9.26872 -0.0508893 0.993581 0.101031 0.898907 0.973621 0.0268266 0.226589 5.09832
0.220621 0.112823 -0.968812 -9.70522 -0.055485 0.993131 0.10302 0.937511 0.97378 0.0310262 0.225365 5.18146
0.218849 0.112111 -0.969297 -10.1303 -0.0550074 0.993215 0.102458 0.981026 0.974207 0.0308957 0.223531 5.27713
0.216927 0.11056 -0.969907 -10.56 -0.0542754 0.993395 0.101098 1.03317 0.974678 0.0307112 0.221495 5.37042
0.214179 0.108867 -0.970709 -11.0008 -0.0530853 0.993598 0.0997209 1.08119 0.975351 0.0301723 0.218587 5.47392
0.21368 0.108084 -0.970906 -11.4372 -0.0530079 0.993679 0.0989526 1.12959 0.975465 0.0303216 0.218058 5.56718
0.213727 0.109752 -0.970709 -11.908 -0.0530715 0.993506 0.100644 1.18101 0.975451 0.0300067 0.218163 5.67049
0.214042 0.112836 -0.970286 -12.4114 -0.0546491 0.993134 0.103437 1.23249 0.975295 0.0308853 0.218738 5.77345
0.213673 0.114279 -0.970198 -12.8796 -0.0558223 0.99294 0.104663 1.28013 0.975309 0.031795 0.218544 5.87997
0.214712 0.112667 -0.970157 -13.3719 -0.0590114 0.993006 0.10226 1.33326 0.974893 0.0352938 0.219859 5.9761
0.2148 0.108748 -0.970585 -13.8542 -0.0580096 0.993448 0.0984719 1.38467 0.974934 0.0351515 0.219701 6.08272
0.215816 0.105772 -0.970688 -14.3733 -0.0585447 0.993729 0.0952665 1.43945 0.974677 0.0362686 0.220655 6.19011
0.216542 0.106437 -0.970454 -14.8831 -0.059444 0.993632 0.0957154 1.49198 0.974462 0.0369612 0.22149 6.29968
0.217208 0.110426 -0.969859 -15.4005 -0.0606812 0.993186 0.0994915 1.54794 0.974237 0.0372419 0.222429 6.41267
0.218365 0.114363 -0.969143 -15.9654 -0.0610379 0.992765 0.103398 1.60341 0.973956 0.036576 0.223766 6.52314
0.218154 0.115403 -0.969067 -16.559 -0.0587727 0.992735 0.104991 1.66797 0.974143 0.0340504 0.223352 6.65495
0.218576 0.114432 -0.969087 -17.171 -0.0550057 0.992966 0.104845 1.73305 0.974268 0.0303887 0.223333 6.79215
0.21791 0.112237 -0.969494 -17.7798 -0.0523061 0.993281 0.103234 1.79612 0.974566 0.0282148 0.222316 6.93105
0.217426 0.108937 -0.969979 -18.5449 -0.0522732 0.993626 0.0998759 1.88091 0.974676 0.0289882 0.221735 7.09982
0.215934 0.104649 -0.970784 -19.4085 -0.0513365 0.994082 0.0957419 1.97399 0.975058 0.0291628 0.220028 7.30041
0.215117 0.101295 -0.971321 -20.3772 -0.0500357 0.994443 0.0926251 2.07278 0.975306 0.0286755 0.21899 7.5181
0.214251 0.0992833 -0.97172 -21.3433 -0.0479484 0.994691 0.0910583 2.17525 0.975601 0.0270831 0.217874 7.74618
0.21382 0.100006 -0.971741 -21.8916 -0.0462898 0.994666 0.0921794 2.22737 0.975776 0.0252718 0.217309 7.87239
0.211802 0.101308 -0.972048 -22.4566 -0.043838 0.994597 0.0941056 2.28382 0.976329 0.0226808 0.215099 8.01299
0.212025 0.102963 -0.971825 -23.0738 -0.044562 0.994419 0.0956346 2.34408 0.976248 0.0230296 0.21543 8.13767
0.211824 0.104083 -0.97175 -23.6057 -0.044576 0.994307 0.0967825 2.40084 0.976291 0.0228159 0.215257 8.25435
0.211565 0.103686 -0.971849 -24.137 -0.0413038 0.994417 0.0971028 2.45495 0.976491 0.0195975 0.214666 8.3771
0.211178 0.10299 -0.972007 -24.6971 -0.0419226 0.994473 0.0962619 2.51347 0.976548 0.0204207 0.214328 8.49422
0.21067 0.102364 -0.972183 -25.2591 -0.0418194 0.994536 0.0956553 2.57218 0.976662 0.0205044 0.213799 8.61217
0.211415 0.102189 -0.97204 -25.83 -0.0463418 0.994449 0.094466 2.63539 0.976297 0.0250746 0.214977 8.71831
0.211377 0.102103 -0.972057 -26.4107 -0.0458853 0.994469 0.0944787 2.69302 0.976327 0.0246325 0.214893 8.84263
0.211336 0.101564 -0.972122 -26.9746 -0.0443133 0.994559 0.0942751 2.74664 0.976408 0.0231542 0.214687 8.963
0.210243 0.0975613 -0.972769 -27.6393 -0.0399478 0.995035 0.0911604 2.81083 0.976833 0.0196941 0.213097 9.1149
0.208962 0.0952174 -0.973277 -28.8605 -0.0368473 0.995308 0.0894617 2.93284 0.977229 0.0171685 0.21149 9.39883
0.208095 0.0965673 -0.97333 -29.3801 -0.0367076 0.995184 0.0908876 2.98428 0.97742 0.0168153 0.210638 9.5086
0.206892 0.101386 -0.973096 -29.8952 -0.0367624 0.994719 0.0958224 3.03561 0.977673 0.0159485 0.209526 9.6176
0.206107 0.104058 -0.972981 -30.4213 -0.0361631 0.99446 0.0986948 3.09046 0.977861 0.0148444 0.208728 9.72617
0.205202 0.104504 -0.973124 -30.9579 -0.0376102 0.994391 0.0988569 3.14698 0.977997 0.0163137 0.207982 9.83221
0.203357 0.10422 -0.973542 -31.5075 -0.0368748 0.994428 0.0987534 3.19321 0.97841 0.015817 0.206067 9.95395
0.201435 0.103931 -0.973972 -32.0383 -0.0395788 0.994406 0.0979259 3.24606 0.978702 0.0188229 0.204422 10.0614
0.199869 0.104874 -0.974194 -32.5922 -0.04081 0.994284 0.0986637 3.30466 0.978972 0.020037 0.203007 10.1707
0.197829 0.105879 -0.974502 -33.1566 -0.0390332 0.994212 0.100097 3.36561 0.979459 0.0182359 0.200816 10.2938
0.19645 0.10733 -0.974622 -33.7381 -0.041281 0.994015 0.101145 3.43049 0.979644 0.0203633 0.199705 10.4052
0.195191 0.108035 -0.974797 -34.309 -0.04381 0.993883 0.101377 3.49061 0.979786 0.022918 0.19873 10.5134
0.193931 0.107352 -0.975124 -34.8642 -0.045847 0.9939 0.100301 3.55062 0.979943 0.025255 0.19767 10.6208
0.191961 0.106399 -0.975618 -35.4222 -0.0421758 0.994082 0.100114 3.60681 0.980496 0.0219295 0.195313 10.7447
0.190259 0.10596 -0.975999 -35.9839 -0.0402614 0.994164 0.100083 3.66513 0.980908 0.0202533 0.193414 10.8608
0.189085 0.10666 -0.976151 -36.5519 -0.0398934 0.994097 0.100894 3.72322 0.98115 0.0198645 0.192224 10.9675
0.187623 0.10715 -0.976379 -37.1059 -0.0397753 0.994046 0.101446 3.77969 0.981435 0.0198022 0.190768 11.0776
0.185408 0.107106 -0.976807 -37.6741 -0.0379426 0.994081 0.101799 3.83804 0.981929 0.0181884 0.188374 11.2004
0.18455 0.108005 -0.976871 -38.2419 -0.0403587 0.993938 0.102268 3.90009 0.981994 0.0205517 0.187791 11.3066
0.183971 0.11014 -0.976741 -38.8072 -0.0440429 0.993628 0.103748 3.96143 0.981944 0.0239319 0.18765 11.408
0.184377 0.113526 -0.976277 -39.3869 -0.0482303 0.993155 0.10638 4.02114 0.981671 0.027472 0.188591 11.5108
0.185578 0.11663 -0.975683 -39.9792 -0.0512502 0.992729 0.10892 4.0827 0.981292 0.0297909 0.190206 11.6173
0.188535 0.117982 -0.974954 -40.5651 -0.0534225 0.99252 0.109777 4.15178 0.980612 0.0313877 0.193428 11.7174
0.19115 0.118674 -0.97436 -41.1758 -0.0554454 0.992385 0.109993 4.22334 0.979994 0.0329988 0.196274 11.8259
0.191696 0.116838 -0.974475 -41.7792 -0.0513718 0.992722 0.10892 4.29059 0.980109 0.029181 0.196303 11.9613
0.192084 0.11385 -0.974752 -42.4079 -0.0499966 0.993093 0.10614 4.35985 0.980104 0.0283465 0.19645 12.0929
0.193412 0.111072 -0.97481 -42.9905 -0.0503506 0.993386 0.103198 4.42639 0.979825 0.0291226 0.197725 12.2024
0.194731 0.110021 -0.974667 -43.5777 -0.0497828 0.993517 0.102202 4.48689 0.979593 0.0286197 0.198945 12.311
0.195606 0.110676 -0.974417 -44.1827 -0.0535313 0.993335 0.102078 4.55091 0.97922 0.0321947 0.200227 12.4236
0.195863 0.110832 -0.974348 -44.7569 -0.0538497 0.993309 0.102164 4.60615 0.979152 0.0324582 0.20052 12.5422
0.196675 0.110394 -0.974234 -45.3622 -0.0561413 0.993279 0.101218 4.67239 0.97886 0.0347877 0.201551 12.6579
0.197351 0.109648 -0.974182 -45.9842 -0.0581587 0.993285 0.100016 4.74064 0.978606 0.0369187 0.202403 12.7794
0.198316 0.109798 -0.973969 -46.5765 -0.0600496 0.9932 0.0997391 4.80339 0.978297 0.0387066 0.20356 12.8937
0.198959 0.108994 -0.973928 -47.184 -0.0609665 0.993248 0.0987017 4.86639 0.97811 0.0397394 0.204261 13.016
0.199444 0.108028 -0.973936 -47.7989 -0.0615349 0.993324 0.0975768 4.93184 0.977975 0.04047 0.20476 13.1417
0.20037 0.106811 -0.97388 -48.3744 -0.0613273 0.993457 0.0963407 4.99295 0.977799 0.0404216 0.20561 13.2573
0.201542 0.105846 -0.973744 -48.9382 -0.0628716 0.993492 0.0949793 5.05488 0.97746 0.0420785 0.206885 13.3626
0.202966 0.10474 -0.973568 -49.5145 -0.0621857 0.993634 0.0939349 5.11349 0.977209 0.0414763 0.208188 13.4769
0.203465 0.105191 -0.973415 -50.1751 -0.0607965 0.993651 0.0946698 5.17896 0.977193 0.0399183 0.208568 13.6246
0.204587 0.107347 -0.972944 -50.7647 -0.0604347 0.993457 0.0969027 5.23553 0.976981 0.0389746 0.209736 13.7567
0.205445 0.108744 -0.972608 -51.3625 -0.0609429 0.9933 0.0981843 5.29947 0.976769 0.039102 0.210696 13.8857
0.206537 0.107913 -0.97247 -51.9536 -0.0608896 0.993391 0.0973023 5.36714 0.976542 0.0391167 0.211743 14.0128
0.206669 0.107415 -0.972497 -52.5556 -0.0591728 0.993508 0.0971611 5.42702 0.97662 0.0374651 0.211684 14.1484
0.207939 0.107157 -0.972254 -53.1689 -0.0583185 0.993571 0.0970334 5.4907 0.976402 0.0365233 0.212852 14.2763
0.208416 0.107873 -0.972073 -53.7955 -0.0593768 0.993461 0.0975163 5.55307 0.976236 0.0373946 0.213459 14.4093
0.208626 0.106684 -0.972159 -54.4479 -0.0595242 0.993575 0.0962603 5.61868 0.976182 0.0377846 0.213636 14.5476
0.208601 0.107039 -0.972126 -55.0527 -0.0615351 0.99346 0.0961837 5.67881 0.976063 0.0397558 0.213824 14.6751
0.209452 0.10714 -0.971932 -55.7137 -0.0649543 0.993308 0.0954984 5.75055 0.975659 0.0431288 0.215009 14.7986
0.208851 0.109087 -0.971844 -56.3227 -0.066768 0.993031 0.0971164 5.81526 0.975665 0.0446052 0.214679 14.9276
0.207873 0.110045 -0.971946 -56.9805 -0.0670167 0.992919 0.0980869 5.87902 0.975857 0.044747 0.213776 15.0717
0.207505 0.110817 -0.971937 -57.6457 -0.0683152 0.992779 0.0986082 5.95006 0.975846 0.0459364 0.213577 15.2088
0.207513 0.110082 -0.972019 -58.2892 -0.0699812 0.992773 0.0974927 6.01773 0.975726 0.0477921 0.213717 15.3426
0.206956 0.110365 -0.972105 -58.9922 -0.0709803 0.992692 0.0975906 6.09004 0.975772 0.0488033 0.213278 15.4925
0.207693 0.110616 -0.97192 -59.6344 -0.0724757 0.992595 0.0974815 6.15778 0.975506 0.0501944 0.214172 15.6207
0.207453 0.112179 -0.971792 -60.3739 -0.0722804 0.992446 0.0991332 6.23144 0.975571 0.049676 0.213994 15.7812
0.20888 0.113782 -0.9713 -61.1358 -0.0776404 0.992003 0.0995103 6.30941 0.974854 0.0546264 0.216044 15.9259
0.210275 0.114821 -0.970876 -61.9682 -0.0784569 0.991858 0.10031 6.39519 0.974489 0.0550793 0.217571 16.1113
0.211166 0.114863 -0.970678 -62.9122 -0.0803032 0.991753 0.0998871 6.49148 0.974146 0.0568558 0.218648 16.3157
0.212481 0.114293 -0.970458 -63.8533 -0.0814197 0.991754 0.0989739 6.58978 0.973767 0.0579844 0.220034 16.5164
0.213712 0.112543 -0.970392 -64.6614 -0.081736 0.991919 0.0970389 6.67176 0.973471 0.0585777 0.221183 16.6873
0.214258 0.110495 -0.970507 -65.3457 -0.0835108 0.992015 0.0945075 6.74093 0.973201 0.0607988 0.221775 16.834
0.212939 0.107881 -0.971091 -66.0691 -0.0787143 0.992549 0.093005 6.80798 0.97389 0.0566344 0.219845 17.0242
0.211678 0.107954 -0.971359 -66.7204 -0.0743041 0.992782 0.0941428 6.87041 0.974511 0.052248 0.218172 17.1832
0.210058 0.110786 -0.971392 -67.328 -0.0719045 0.992619 0.0976583 6.92856 0.975041 0.0493335 0.216474 17.3233
0.208085 0.112417 -0.971629 -67.9627 -0.0693808 0.992567 0.099981 6.98827 0.975647 0.0466079 0.214338 17.472
0.206337 0.113104 -0.971922 -68.6273 -0.071989 0.99236 0.100199 7.05711 0.975829 0.0492929 0.212903 17.6066
0.204608 0.110522 -0.972584 -69.3805 -0.0680478 0.992807 0.0985048 7.13641 0.976476 0.0460274 0.210657 17.7735
0.202834 0.108339 -0.973201 -70.2323 -0.0685252 0.992995 0.0962606 7.2204 0.976812 0.0471638 0.208837 17.9471
0.201319 0.105498 -0.973828 -71.314 -0.066837 0.993346 0.0937949 7.33532 0.977243 0.0462051 0.207031 18.1697
0.19906 0.104436 -0.974407 -72.0552 -0.0614975 0.993677 0.0939378 7.40841 0.978056 0.0412243 0.204224 18.3296
0.195783 0.105528 -0.974953 -72.9557 -0.0536205 0.993858 0.0968069 7.49236 0.97918 0.0333243 0.200239 18.5456
0.192956 0.110258 -0.974993 -73.5742 -0.0548756 0.993324 0.101471 7.5589 0.979672 0.0339238 0.197719 18.6679
0.189826 0.11218 -0.975388 -74.2198 -0.0531443 0.993169 0.103882 7.63062 0.980378 0.0321168 0.194491 18.8044
0.184741 0.110363 -0.976571 -74.8884 -0.0459048 0.993559 0.103599 7.7037 0.981715 0.0256904 0.188617 18.9742
0.181662 0.107992 -0.977413 -75.5057 -0.0475375 0.993754 0.100962 7.76685 0.982211 0.0281228 0.185661 19.0974
0.179423 0.10693 -0.977943 -76.2 -0.0511923 0.993743 0.0992655 7.83791 0.982439 0.0322527 0.183774 19.216
0.17741 0.107529 -0.978245 -76.8353 -0.0547892 0.993551 0.0992749 7.90238 0.982611 0.0359848 0.182158 19.3187
0.174716 0.109056 -0.978561 -77.4576 -0.0533283 0.993437 0.101193 7.96592 0.983174 0.034505 0.179385 19.4322
0.172384 0.110531 -0.978809 -78.1061 -0.0539172 0.993254 0.102666 8.02994 0.983553 0.0350767 0.17718 19.5407
0.169784 0.108541 -0.979486 -78.7168 -0.0498883 0.993588 0.101457 8.09068 0.984218 0.0316392 0.17411 19.6521
0.168819 0.106373 -0.97989 -79.3053 -0.0515772 0.993751 0.0989921 8.15445 0.984297 0.0338282 0.173251 19.7409
0.167195 0.104863 -0.980331 -79.9316 -0.0518159 0.993888 0.0974758 8.22181 0.984561 0.0344994 0.171606 19.8482
0.165629 0.104058 -0.980683 -80.5203 -0.049201 0.994051 0.0971668 8.28202 0.98496 0.0321569 0.169763 19.9552
0.16337 0.102514 -0.981224 -81.0995 -0.0470797 0.994264 0.0960381 8.34019 0.985441 0.030506 0.16726 20.0674
0.163201 0.102592 -0.981244 -81.6523 -0.046702 0.994267 0.0961862 8.39659 0.985487 0.0301284 0.167056 20.1578
0.162773 0.102759 -0.981298 -82.2175 -0.0462379 0.994264 0.0964472 8.4532 0.98558 0.0296742 0.16659 20.253
0.163182 0.103587 -0.981143 -82.7791 -0.0478206 0.994134 0.0970047 8.50876 0.985436 0.0310894 0.167179 20.3434
0.16398 0.101799 -0.981197 -83.3656 -0.0496569 0.994252 0.0948546 8.57004 0.985213 0.033169 0.168092 20.4338
0.164529 0.0993638 -0.981355 -83.9745 -0.0501991 0.994467 0.0922754 8.62835 0.985094 0.0340811 0.168607 20.5349
0.164189 0.0972135 -0.981627 -84.5511 -0.0472173 0.994766 0.090617 8.68482 0.985298 0.0314714 0.16792 20.6452
0.165099 0.0987051 -0.981325 -85.1256 -0.0466541 0.994647 0.0921959 8.73866 0.985173 0.0305614 0.168821 20.7439
0.167179 0.100388 -0.980802 -85.7008 -0.0485913 0.994433 0.0935004 8.79821 0.984728 0.0320271 0.171126 20.8295
0.168363 0.099598 -0.98068 -86.2932 -0.0479178 0.994533 0.0927784 8.85505 0.98456 0.0313716 0.172215 20.9301
0.169535 0.0970748 -0.980731 -86.918 -0.0458782 0.994836 0.0905401 8.9188 0.984456 0.0296445 0.173114 21.0419
0.170602 0.0968258 -0.980571 -87.6015 -0.0443852 0.994905 0.090519 8.98431 0.98434 0.0280801 0.17403 21.1625
0.171897 0.0964016 -0.980387 -88.2432 -0.0454408 0.994917 0.0898629 9.04357 0.984066 0.0291024 0.175404 21.2686
0.173655 0.0959282 -0.980123 -88.8455 -0.0461505 0.994944 0.089202 9.10084 0.983725 0.0297428 0.177204 21.3672
0.174505 0.0960173 -0.979964 -89.4487 -0.0455625 0.994956 0.0893728 9.15642 0.983602 0.0290536 0.177999 21.4794
0.175769 0.0988351 -0.979457 -90.0568 -0.0449377 0.994716 0.0923105 9.21347 0.983405 0.0277892 0.179282 21.5895
0.176905 0.101533 -0.978977 -90.6405 -0.0431862 0.994508 0.0953398 9.27144 0.98328 0.0254122 0.180318 21.6961
0.178232 0.101465 -0.978743 -91.2584 -0.0429501 0.994524 0.0952795 9.32697 0.983051 0.0250553 0.181614 21.8075
0.177928 0.0969549 -0.979256 -91.885 -0.0378652 0.995072 0.0916409 9.39014 0.983315 0.0207742 0.180722 21.9418
0.178861 0.0921802 -0.979547 -92.4965 -0.0354513 0.995559 0.0872138 9.44744 0.983235 0.019127 0.181335 22.0573
0.179551 0.0903045 -0.979595 -93.1261 -0.0333022 0.995765 0.0856911 9.50287 0.983185 0.0172368 0.181798 22.1763
0.180295 0.0902613 -0.979462 -93.7123 -0.0346171 0.995746 0.0853898 9.55247 0.983003 0.0185109 0.182652 22.2766
0.181476 0.0917199 -0.979109 -94.2436 -0.0335542 0.995639 0.0870492 9.59723 0.982823 0.0170559 0.183762 22.3685
0.181557 0.0920326 -0.979064 -94.8063 -0.0303456 0.995661 0.0879654 9.64779 0.982912 0.0137396 0.183562 22.4795
0.182539 0.0944074 -0.978656 -95.3691 -0.0324337 0.995416 0.0899747 9.70004 0.982663 0.0153175 0.184764 22.5803
0.182345 0.0971488 -0.978423 -95.9213 -0.0312794 0.995176 0.0929828 9.7513 0.982737 0.0136495 0.184504 22.6894
0.182401 0.101464 -0.977975 -96.4829 -0.0316427 0.994752 0.0973025 9.80597 0.982715 0.0131977 0.184654 22.7927
0.182377 0.102922 -0.977827 -97.0391 -0.0292037 0.994634 0.0992444 9.86197 0.982795 0.0104563 0.184404 22.9072
0.182724 0.104175 -0.977629 -97.6029 -0.0313313 0.994482 0.100115 9.91824 0.982665 0.012337 0.18498 23.01
0.182597 0.103728 -0.977701 -98.1768 -0.0327117 0.99451 0.0994022 9.97761 0.982643 0.0138317 0.184988 23.1154
0.182914 0.103865 -0.977627 -98.7407 -0.0351764 0.994458 0.0990718 10.0349 0.982499 0.0162677 0.185554 23.2155
0.182335 0.103992 -0.977722 -99.3201 -0.0356868 0.994436 0.0991148 10.095 0.982589 0.0168196 0.185032 23.3282
0.182972 0.105738 -0.977415 -99.8686 -0.0399948 0.994177 0.100064 10.152 0.982304 0.0207826 0.186136 23.4219
0.183826 0.108078 -0.976999 -100.415 -0.0428457 0.993873 0.101883 10.2056 0.982025 0.0231316 0.18733 23.5153
0.184308 0.109069 -0.976798 -100.969 -0.0430704 0.993765 0.102837 10.2615 0.981924 0.0231173 0.187857 23.6191
0.185191 0.109269 -0.976609 -101.515 -0.0451424 0.993696 0.10262 10.3169 0.981665 0.0250821 0.188957 23.7117
0.18558 0.108462 -0.976625 -102.051 -0.0441501 0.993806 0.10198 10.3716 0.981637 0.0241925 0.189219 23.8124
0.184541 0.106375 -0.977051 -102.576 -0.0421224 0.994068 0.100272 10.4268 0.981922 0.0226514 0.187927 23.9211
0.183672 0.105138 -0.977349 -103.077 -0.0437668 0.994152 0.0987202 10.478 0.982013 0.0246433 0.1872 24.0092
0.182271 0.104589 -0.97767 -103.592 -0.0425126 0.994235 0.0984357 10.5264 0.982329 0.0236213 0.185666 24.1049
0.18026 0.103772 -0.97813 -104.071 -0.0397092 0.994376 0.0981776 10.5738 0.982817 0.0211432 0.183367 24.2008
0.180265 0.103986 -0.978106 -104.561 -0.0413837 0.994317 0.0980828 10.624 0.982747 0.0227967 0.183544 24.2771
0.178001 0.103945 -0.978525 -105.048 -0.0404049 0.994339 0.0982744 10.6693 0.9832 0.0220443 0.181193 24.3762
0.176514 0.102309 -0.978967 -105.553 -0.0360617 0.994588 0.0974398 10.7214 0.983637 0.0181037 0.179248 24.4826
0.176358 0.101956 -0.979032 -106.077 -0.0366963 0.994611 0.0969679 10.7718 0.983642 0.0188258 0.179149 24.5732
0.176156 0.1017 -0.979094 -106.611 -0.0340981 0.994682 0.0971846 10.8231 0.983771 0.0162656 0.178687 24.6778
0.177031 0.10157 -0.97895 -107.123 -0.0343168 0.994693 0.0969979 10.877 0.983607 0.0164228 0.179577 24.7625
0.177364 0.102734 -0.978768 -107.663 -0.0328226 0.994601 0.0984483 10.9296 0.983598 0.0146645 0.179779 24.8688
0.179655 0.103545 -0.978265 -108.249 -0.0347285 0.994493 0.0988849 10.9891 0.983116 0.0162085 0.182262 24.9665
0.18263 0.103986 -0.977667 -108.797 -0.0363251 0.994426 0.0989824 11.0388 0.98251 0.0174367 0.18539 25.0564
0.184299 0.10424 -0.977327 -109.32 -0.0346345 0.994431 0.0995336 11.085 0.98226 0.0155052 0.186883 25.1684
0.187211 0.10203 -0.977007 -109.811 -0.0324951 0.99469 0.0976501 11.1342 0.981782 0.0134667 0.189533 25.2708
0.19119 0.101193 -0.976323 -110.292 -0.0359679 0.994726 0.0960573 11.1798 0.980894 0.0167511 0.193821 25.3587
0.196964 0.100929 -0.975202 -110.764 -0.0403253 0.994679 0.0947999 11.2236 0.979581 0.0206532 0.199986 25.4409
0.205428 0.100601 -0.973488 -111.216 -0.0470531 0.994568 0.0928502 11.2635 0.977541 0.0267316 0.209045 25.5124
0.215316 0.0981399 -0.971601 -111.67 -0.0494826 0.994756 0.0895129 11.3063 0.97529 0.0288038 0.219043 25.6017
0.226385 0.0958669 -0.969309 -112.121 -0.05448 0.994833 0.0856674 11.3462 0.972513 0.0334141 0.230438 25.6912
0.23685 0.0926111 -0.967122 -112.565 -0.0542804 0.995153 0.082002 11.3872 0.970029 0.0330736 0.240729 25.8026
0.248916 0.0915742 -0.964186 -113.013 -0.0592044 0.995097 0.0792257 11.4274 0.966714 0.0373634 0.253118 25.9034
0.259611 0.0922391 -0.961298 -113.509 -0.060851 0.995012 0.0790405 11.4669 0.963794 0.0379762 0.263929 26.0413
0.271405 0.0927785 -0.957983 -114.038 -0.0611539 0.994994 0.0790376 11.5122 0.960521 0.0371332 0.27572 26.1996
0.283995 0.0941847 -0.954189 -114.621 -0.063553 0.994824 0.0792805 11.5553 0.956717 0.0381264 0.28851 26.3831
0.298931 0.094796 -0.949555 -115.162 -0.0668498 0.994689 0.0782568 11.5967 0.95193 0.0400841 0.303681 26.5479
0.314331 0.0957613 -0.944471 -115.791 -0.070367 0.994513 0.0774161 11.6434 0.946702 0.0421253 0.319345 26.752
0.32947 0.0964441 -0.939227 -116.381 -0.0742413 0.994336 0.0760599 11.6942 0.941243 0.04467 0.334764 26.9672
0.346076 0.0977626 -0.933099 -116.935 -0.0763337 0.994193 0.0758522 11.7403 0.935096 0.0449763 0.351529 27.1877
0.366111 0.0990843 -0.925281 -117.379 -0.0812231 0.993923 0.0742968 11.7795 0.92702 0.0479533 0.371934 27.3534
0.386402 0.10176 -0.9167 -117.796 -0.0857021 0.993556 0.074167 11.8119 0.91834 0.0499048 0.392633 27.5184
0.40515 0.104289 -0.908282 -118.272 -0.0900336 0.993195 0.0738784 11.8499 0.909806 0.0518441 0.411783 27.7589
0.426252 0.105388 -0.898444 -118.707 -0.0949595 0.992916 0.071418 11.8824 0.899606 0.0548738 0.43324 27.9593
0.44737 0.106302 -0.888009 -119.158 -0.102234 0.992481 0.067304 11.9124 0.888486 0.0606746 0.454874 28.1829
0.470075 0.106555 -0.876171 -119.541 -0.108188 0.992156 0.062617 11.9399 0.875971 0.0653565 0.477916 28.361
0.492296 0.107286 -0.863791 -119.883 -0.113243 0.991835 0.0586499 11.9661 0.86303 0.0689449 0.500426 28.5459
0.511226 0.10398 -0.853133 -120.164 -0.110904 0.992336 0.0544882 11.9881 0.852261 0.0667603 0.51884 28.7536
0.533267 0.104679 -0.839445 -120.454 -0.114334 0.992128 0.0510868 12.0044 0.838185 0.0687343 0.541037 28.9433
0.555489 0.106143 -0.824722 -120.733 -0.118359 0.991814 0.0479277 12.0178 0.823058 0.0709898 0.563504 29.1378
0.576969 0.105453 -0.80993 -120.983 -0.118033 0.991986 0.045074 12.03 0.808193 0.069592 0.584792 29.3475
0.599666 0.105056 -0.793325 -121.239 -0.118313 0.99209 0.041945 12.0447 0.791456 0.0687079 0.607352 29.5658
0.622727 0.104553 -0.775423 -121.479 -0.118024 0.992244 0.0390049 12.0545 0.773487 0.0672294 0.630237 29.7785
0.645363 0.102744 -0.756935 -121.704 -0.115143 0.992676 0.0365722 12.0623 0.755148 0.063553 0.652466 30.0002
0.668134 0.102691 -0.73692 -121.928 -0.11383 0.992878 0.0351543 12.0688 0.735282 0.060396 0.675065 30.2309
0.689565 0.100374 -0.717234 -122.128 -0.110023 0.993373 0.03324 12.0735 0.715818 0.0559915 0.696039 30.4742
0.713008 0.101839 -0.693721 -122.346 -0.112176 0.99322 0.0305102 12.0771 0.692124 0.056065 0.719597 30.7076
0.736287 0.102602 -0.668845 -122.553 -0.114256 0.993096 0.0265661 12.0845 0.666954 0.0568593 0.742927 30.9516
0.759554 0.102262 -0.642355 -122.751 -0.114673 0.993148 0.022512 12.0889 0.640256 0.0565617 0.766077 31.2035
0.782123 0.106385 -0.613975 -122.958 -0.120456 0.992546 0.0185353 12.0957 0.61137 0.0594602 0.789108 31.4632
0.80355 0.108191 -0.585322 -123.148 -0.123302 0.992268 0.0141377 12.1037 0.582326 0.0608112 0.810678 31.7327
0.824242 0.110503 -0.55535 -123.329 -0.126372 0.991934 0.00981501 12.1026 0.551955 0.0620909 0.831559 32.0046
0.843317 0.1119 -0.525637 -123.493 -0.128605 0.991684 0.00478431 12.1037 0.521802 0.0635649 0.850695 32.2842
0.861103 0.112426 -0.495845 -123.645 -0.129442 0.991587 3.49171e-05 12.1044 0.491678 0.0641533 0.868411 32.5754
0.878225 0.111958 -0.464958 -123.786 -0.128892 0.991648 -0.00467548 12.1026 0.460551 0.0640357 0.88532 32.8677
0.894279 0.112412 -0.433162 -123.919 -0.129021 0.991601 -0.00903189 12.1002 0.428508 0.0639639 0.901271 33.1715
0.909388 0.113906 -0.400048 -124.048 -0.129976 0.99143 -0.0131704 12.0972 0.395119 0.0639737 0.9164 33.4753
0.923017 0.11486 -0.367214 -124.162 -0.13029 0.991323 -0.0174193 12.0914 0.362027 0.0639227 0.929973 33.7867
0.935391 0.113522 -0.334897 -124.258 -0.128191 0.991507 -0.0219484 12.0864 0.329561 0.0634611 0.941999 34.1027
0.946403 0.117043 -0.301035 -124.358 -0.130768 0.991078 -0.0257808 12.0789 0.295332 0.0637649 0.953265 34.4203
0.955654 0.116536 -0.270451 -124.427 -0.129368 0.991141 -0.0300509 12.0697 0.264553 0.0637061 0.962265 34.7539
0.96443 0.116494 -0.237286 -124.505 -0.128243 0.991138 -0.0346406 12.058 0.231148 0.0638387 0.970822 35.0879
0.971616 0.11599 -0.206176 -124.569 -0.126591 0.99119 -0.0389431 12.0443 0.199842 0.0639377 0.97774 35.4199
0.977532 0.117406 -0.175062 -124.63 -0.126629 0.991042 -0.0424402 12.03 0.168511 0.0636546 0.983642 35.7555
0.982335 0.116814 -0.14619 -124.673 -0.124683 0.991137 -0.0458432 12.0128 0.139539 0.0632609 0.988194 36.0958
0.98593 0.119653 -0.116724 -124.722 -0.126164 0.990745 -0.0500636 11.9961 0.109653 0.0640856 0.991902 36.4502
0.988554 0.121609 -0.0892923 -124.751 -0.126655 0.99052 -0.0531874 11.9769 0.0819777 0.0638879 0.994584 36.8042
0.99044 0.123751 -0.0609446 -124.772 -0.127174 0.990304 -0.0559044 11.9565 0.0534354 0.0631205 0.996574 37.158
0.991874 0.122844 -0.0331073 -124.776 -0.124658 0.990394 -0.0598297 11.9372 0.0254396 0.0634706 0.997659 37.5078
0.992405 0.122931 -0.00453711 -124.779 -0.122975 0.99046 -0.0621751 11.9129 -0.00314943 0.0622608 0.998055 37.8682
0.9923 0.121845 0.0222493 -124.76 -0.12024 0.990742 -0.0630295 11.8881 -0.0297231 0.0598689 0.997764 38.2215
0.990843 0.125519 0.0497497 -124.744 -0.122195 0.990373 -0.0650304 11.8672 -0.0574334 0.0583558 0.996642 38.6047
0.988826 0.128401 0.0757398 -124.716 -0.123428 0.990085 -0.0670634 11.8418 -0.0835998 0.0569656 0.99487 38.9718
0.986823 0.126603 0.100759 -124.666 -0.120021 0.990376 -0.0689245 11.8143 -0.108515 0.0559231 0.992521 39.3568
0.9841 0.125537 0.125652 -124.607 -0.11725 0.990537 -0.0713307 11.7817 -0.133418 0.0554638 0.989507 39.7515
0.980896 0.123844 0.15002 -124.539 -0.113596 0.990685 -0.0750884 11.7499 -0.157922 0.0566123 0.985827 40.1211
0.977194 0.123845 0.172496 -124.456 -0.111697 0.990639 -0.0784733 11.7229 -0.1806 0.0574163 0.981879 40.5072
0.972232 0.126448 0.196913 -124.389 -0.112525 0.990391 -0.0804028 11.6936 -0.205188 0.0560125 0.977118 40.9002
0.967881 0.12534 0.217938 -124.298 -0.109841 0.990571 -0.0818817 11.6616 -0.226146 0.0553132 0.972522 41.2921
0.963756 0.123244 0.236613 -124.191 -0.106491 0.990896 -0.0823742 11.6278 -0.244611 0.0541914 0.968106 41.6952
0.95941 0.123495 0.253536 -124.075 -0.105301 0.990872 -0.0841712 11.5935 -0.261617 0.0540571 0.963657 42.1058
0.955557 0.122122 0.268322 -123.952 -0.102528 0.991013 -0.0859164 11.5597 -0.276403 0.0545874 0.95949 42.5224
0.95296 0.115982 0.280028 -123.82 -0.0953542 0.9917 -0.0862431 11.522 -0.287707 0.0554843 0.95611 42.9304
0.950006 0.114461 0.290496 -123.698 -0.0928576 0.991859 -0.0871414 11.4876 -0.298105 0.0558101 0.9529 43.3482
0.94786 0.113139 0.297929 -123.571 -0.0912821 0.992076 -0.0863289 11.4498 -0.305335 0.0546322 0.950676 43.7748
0.947202 0.108884 0.301584 -123.431 -0.0871581 0.992594 -0.0846247 11.4134 -0.308565 0.0538711 0.949677 44.1988
0.946195 0.107039 0.30538 -123.299 -0.0857318 0.992906 -0.0823919 11.3767 -0.312033 0.051778 0.948659 44.6344
0.945713 0.105053 0.307556 -123.161 -0.0841929 0.993203 -0.080365 11.3367 -0.313908 0.0501083 0.94813 45.0823
0.945119 0.104287 0.309636 -123.023 -0.0835576 0.993326 -0.0795095 11.2992 -0.315862 0.0492734 0.947525 45.5323
0.944535 0.106119 0.310792 -122.887 -0.085031 0.993107 -0.0806741 11.2634 -0.317211 0.0497725 0.947048 45.9812
0.943998 0.109008 0.311425 -122.758 -0.0876913 0.992792 -0.0816939 11.2242 -0.318086 0.0498096 0.946753 46.4253
0.944666 0.107139 0.310044 -122.611 -0.0854537 0.992901 -0.0827394 11.1864 -0.316707 0.0516668 0.947115 46.8642
0.94437 0.109847 0.309997 -122.481 -0.0880179 0.992605 -0.0835934 11.1484 -0.316887 0.0516578 0.947055 47.3125
0.944491 0.110135 0.309527 -122.347 -0.0883785 0.992581 -0.0834984 11.1117 -0.316427 0.0515079 0.947217 47.7553
0.944733 0.112769 0.307834 -122.206 -0.0913105 0.992333 -0.0832939 11.0745 -0.314867 0.0505821 0.947787 48.2074
0.944694 0.114245 0.307412 -122.079 -0.0929872 0.992203 -0.0829826 11.0363 -0.314495 0.0498078 0.947951 48.6479
0.945002 0.115582 0.305962 -121.94 -0.0948345 0.99212 -0.0818818 10.9996 -0.313015 0.0483626 0.948516 49.103
0.945516 0.11545 0.304419 -121.799 -0.0952747 0.992201 -0.08037 10.9652 -0.311324 0.0469877 0.949142 49.5538
0.947167 0.112337 0.300426 -121.641 -0.0927265 0.992568 -0.0788051 10.9261 -0.307046 0.0467841 0.950544 49.9983
0.94772 0.111425 0.299017 -121.5 -0.0919319 0.992664 -0.078531 10.8861 -0.305573 0.0469363 0.951011 50.4541
0.947466 0.1134 0.299081 -121.375 -0.0938482 0.992448 -0.078995 10.8485 -0.30578 0.0467768 0.950952 50.9133
0.947758 0.113578 0.298085 -121.23 -0.0941715 0.992438 -0.0787257 10.8057 -0.304773 0.0465418 0.951287 51.3929
0.947276 0.114538 0.299247 -121.099 -0.0950526 0.992338 -0.0789302 10.766 -0.305995 0.0463245 0.950905 51.8731
0.947142 0.114792 0.299575 -120.964 -0.0953666 0.992324 -0.0787272 10.7272 -0.306313 0.0459964 0.950819 52.3339
0.947281 0.114224 0.299352 -120.817 -0.0947952 0.992382 -0.0786902 10.6899 -0.30606 0.0461646 0.950892 52.8057
0.948015 0.112397 0.297715 -120.667 -0.092557 0.992491 -0.0799677 10.6537 -0.304468 0.048255 0.9513 53.2403
0.947641 0.113966 0.298309 -120.527 -0.0937243 0.992269 -0.0813532 10.6186 -0.305274 0.0491349 0.950996 53.6845
0.946581 0.114683 0.301385 -120.398 -0.0940678 0.992175 -0.0820988 10.581 -0.308442 0.0493625 0.949962 54.1179
0.944959 0.116303 0.305819 -120.268 -0.0952956 0.991999 -0.0827998 10.5407 -0.313002 0.0490992 0.948482 54.5497
0.943589 0.116383 0.309991 -120.127 -0.0954526 0.992058 -0.0819079 10.4988 -0.317061 0.047698 0.947205 54.9639
0.940306 0.119496 0.318662 -119.992 -0.0982715 0.991781 -0.081932 10.4624 -0.325834 0.0457257 0.944321 55.3886
0.9357 0.122411 0.330879 -119.856 -0.10031 0.991477 -0.0831369 10.427 -0.338235 0.0446008 0.940004 55.8071
0.930262 0.122594 0.345807 -119.705 -0.0996962 0.991524 -0.0833165 10.3843 -0.35309 0.0430305 0.934599 56.2194
0.922958 0.124726 0.364131 -119.551 -0.100358 0.991299 -0.085175 10.3488 -0.371587 0.0420695 0.927445 56.62
0.914386 0.127017 0.384402 -119.389 -0.100436 0.990996 -0.0885411 10.3131 -0.392187 0.0423527 0.91891 57.0045
0.903825 0.130946 0.407374 -119.223 -0.101649 0.990477 -0.0928539 10.2741 -0.415653 0.0425145 0.908529 57.3774
0.89148 0.132596 0.433222 -119.05 -0.100161 0.990235 -0.0969694 10.2301 -0.44185 0.0430544 0.896055 57.7346
0.87674 0.134823 0.461682 -118.872 -0.0985758 0.989901 -0.101881 10.1884 -0.470755 0.0438122 0.881176 58.0823
0.860823 0.136161 0.490351 -118.682 -0.0962056 0.989708 -0.105933 10.1445 -0.499728 0.0440148 0.865063 58.4127
0.84237 0.138845 0.520706 -118.488 -0.0950728 0.989373 -0.110011 10.1022 -0.530447 0.0431651 0.846619 58.7364
0.822105 0.139957 0.551865 -118.294 -0.0923433 0.989258 -0.11332 10.0576 -0.561797 0.0421998 0.826198 59.0401
0.802357 0.138668 0.580512 -118.073 -0.0871521 0.989431 -0.115889 10.0157 -0.590447 0.0423917 0.805962 59.3282
0.782607 0.134271 0.607864 -117.846 -0.0784146 0.989947 -0.117713 9.97724 -0.617558 0.0444578 0.785268 59.5825
0.759386 0.133027 0.636897 -117.61 -0.0755171 0.990281 -0.116796 9.93764 -0.646244 0.0405967 0.762051 59.8559
0.73554 0.129581 0.664973 -117.357 -0.0703684 0.990841 -0.115245 9.89837 -0.673816 0.0379746 0.737922 60.1248
0.710382 0.125167 0.692597 -117.093 -0.0630172 0.991418 -0.114536 9.84842 -0.700989 0.0377186 0.712174 60.3943
0.684182 0.124661 0.718578 -116.805 -0.059605 0.991545 -0.115264 9.79803 -0.726871 0.0360305 0.685828 60.6628
0.655563 0.126816 0.744416 -116.498 -0.0584348 0.991361 -0.117424 9.74601 -0.752876 0.0334793 0.65731 60.9382
0.625557 0.130979 0.769105 -116.188 -0.0590578 0.990928 -0.120721 9.69961 -0.77794 0.0300963 0.627618 61.1996
0.597529 0.130072 0.791227 -115.862 -0.0529061 0.991 -0.122959 9.65338 -0.8001 0.0316111 0.599033 61.4288
0.569963 0.125666 0.812003 -115.521 -0.0433782 0.991459 -0.122991 9.60603 -0.820524 0.0348771 0.570547 61.6318
0.538148 0.125314 0.833483 -115.184 -0.0411504 0.991613 -0.122519 9.55659 -0.841845 0.0316354 0.538791 61.8457
0.507469 0.123908 0.852715 -114.826 -0.0360246 0.991792 -0.122678 9.50646 -0.860917 0.0315367 0.507767 62.0369
0.475583 0.123141 0.871009 -114.451 -0.0302124 0.991856 -0.12373 9.45266 -0.879152 0.0325286 0.475431 62.2294
0.442486 0.122878 0.888317 -114.072 -0.0234465 0.991815 -0.125515 9.39536 -0.896469 0.0347108 0.441745 62.4096
0.412319 0.121896 0.902848 -113.679 -0.0118027 0.99164 -0.128494 9.34429 -0.910963 0.0423246 0.410311 62.5456
0.379129 0.121486 0.917334 -113.287 -0.00325887 0.991513 -0.129963 9.29085 -0.925338 0.0462834 0.376307 62.6915
0.347881 0.120278 0.929791 -112.892 0.00704393 0.991373 -0.13088 9.23842 -0.937512 0.05208 0.344033 62.8074
0.31368 0.118702 0.94208 -112.492 0.0135829 0.991493 -0.12945 9.17478 -0.949431 0.0534021 0.3094 62.9376
0.281724 0.116466 0.952401 -112.083 0.0214857 0.991591 -0.127614 9.12017 -0.959255 0.0564148 0.276852 63.0363
0.250917 0.114058 0.961266 -111.66 0.0313573 0.991555 -0.125837 9.05891 -0.967501 0.0617172 0.245221 63.1182
0.225266 0.112254 0.967809 -111.238 0.046377 0.990979 -0.125736 9.00109 -0.973193 0.0732082 0.218028 63.148
0.199663 0.110353 0.973631 -110.807 0.0590447 0.990478 -0.12437 8.94094 -0.978084 0.0823199 0.191246 63.1807
0.173653 0.11009 0.978634 -110.365 0.0691001 0.989921 -0.123621 8.88675 -0.98238 0.0890909 0.164296 63.2238
0.149405 0.110145 0.982622 -109.93 0.0780159 0.989365 -0.122763 8.83208 -0.985694 0.0950016 0.139223 63.2499
0.125895 0.109868 0.985941 -109.472 0.0866041 0.988837 -0.12125 8.77712 -0.988256 0.100651 0.114975 63.271
0.104859 0.110935 0.98828 -109.003 0.0964997 0.987934 -0.121135 8.72134 -0.989794 0.108071 0.0928883 63.2775
0.0826814 0.113228 0.990123 -108.545 0.101149 0.98744 -0.121368 8.67132 -0.99143 0.110185 0.07019 63.2975
0.0634231 0.115928 0.991231 -108.066 0.106987 0.986717 -0.122246 8.6152 -0.992235 0.113802 0.0501777 63.2932
0.0437342 0.118334 0.99201 -107.596 0.109055 0.986461 -0.12248 8.5601 -0.993073 0.11354 0.0302372 63.2917
0.0246628 0.119296 0.992552 -107.119 0.112859 0.986175 -0.121333 8.50411 -0.993305 0.115011 0.0108583 63.2915
0.00893748 0.118247 0.992944 -106.645 0.117224 0.986013 -0.118477 8.45397 -0.993065 0.117456 -0.00504893 63.279
-0.00366898 0.116806 0.993148 -106.151 0.120241 0.986001 -0.115521 8.39806 -0.992738 0.118993 -0.0176624 63.2631
-0.0136758 0.115512 0.993212 -105.667 0.122796 0.98598 -0.11298 8.34314 -0.992338 0.120417 -0.0276684 63.2449
-0.0211666 0.115613 0.993069 -105.146 0.124737 0.985835 -0.112112 8.29399 -0.991964 0.1215 -0.0352881 63.2138
-0.0290025 0.115194 0.99292 -104.636 0.123055 0.986193 -0.110819 8.24249 -0.991976 0.11897 -0.0427772 63.1886
-0.0366964 0.114042 0.992798 -104.107 0.124072 0.9863 -0.10871 8.18794 -0.991594 0.119189 -0.0503431 63.1548
-0.0462982 0.112755 0.992544 -103.573 0.121584 0.986858 -0.106437 8.14214 -0.991501 0.115749 -0.0593989 63.1287
-0.0553974 0.111058 0.992269 -103.034 0.120079 0.987323 -0.103801 8.08706 -0.991218 0.1134 -0.0680309 63.0872
-0.0669402 0.108717 0.991816 -102.483 0.115995 0.988154 -0.100487 8.03018 -0.990992 0.108319 -0.0787578 63.0483
-0.0800758 0.107235 0.991004 -101.908 0.115085 0.988542 -0.097669 7.9747 -0.990123 0.106229 -0.0914995 63
-0.0941335 0.106735 0.989821 -101.343 0.113805 0.988873 -0.0958094 7.92135 -0.989033 0.103628 -0.105233 62.9455
-0.106974 0.10823 0.988354 -100.733 0.11623 0.988603 -0.0956775 7.86398 -0.987445 0.104641 -0.118335 62.8709
-0.120035 0.111516 0.986487 -100.144 0.118445 0.988182 -0.0972955 7.81009 -0.985679 0.105165 -0.131825 62.7929
-0.131241 0.115888 0.984554 -99.6071 0.122632 0.987414 -0.0998779 7.76461 -0.983736 0.107629 -0.143801 62.7026
-0.143445 0.116711 0.982752 -99.0957 0.126097 0.987084 -0.0988197 7.7147 -0.981592 0.109747 -0.156309 62.6246
-0.155151 0.113611 0.981336 -98.5855 0.12767 0.987341 -0.0941208 7.66396 -0.979606 0.110685 -0.167691 62.5458
-0.163532 0.109732 0.980416 -98.0636 0.132505 0.987233 -0.0883931 7.61691 -0.977599 0.115455 -0.175984 62.4437
-0.170635 0.107706 0.97943 -97.5268 0.136776 0.986974 -0.0847069 7.56682 -0.975795 0.119508 -0.183143 62.3397
-0.175833 0.10793 0.978486 -96.9839 0.140817 0.986507 -0.0835103 7.52076 -0.974296 0.123103 -0.188659 62.2298
