0.999993 -0.00232273 -0.00306601 -0.00297425 0.00231648 0.999995 -0.002042 -0.00792396 0.00307074 0.00203489 0.999993 0.726639
0.999973 -0.0010515 -0.00730684 -0.0114922 0.00102651 0.999994 -0.00342314 -0.0166752 0.00731039 0.00341555 0.999967 1.48875
0.999938 -0.00155135 -0.0110435 -0.0302265 0.00149769 0.999987 -0.00486625 -0.0234152 0.0110509 0.00484941 0.999927 2.26132
0.99987 -0.000476374 -0.0161211 -0.0475416 0.000393082 0.999987 -0.00516944 -0.0352576 0.0161233 0.00516243 0.999857 3.04361
0.999789 -0.00176589 -0.0204861 -0.0682325 0.001659 0.999985 -0.00523349 -0.0493466 0.020495 0.00519839 0.999776 3.85184
0.99969 -0.00011517 -0.0249144 -0.0977158 -4.72952e-05 0.999979 -0.00652026 -0.0580278 0.0249146 0.00651941 0.999668 4.67901
0.999556 0.00233836 -0.0296936 -0.130565 -0.0025341 0.999975 -0.00655614 -0.076706 0.0296776 0.00662848 0.999538 5.50985
0.999419 0.00223308 -0.0340238 -0.166065 -0.00240492 0.999985 -0.00501046 -0.0854207 0.034012 0.00508937 0.999408 6.36358
0.99926 0.00120919 -0.038449 -0.202413 -0.00131842 0.999995 -0.00281572 -0.0890067 0.0384454 0.00286433 0.999257 7.23641
0.999123 0.00122007 -0.0418626 -0.242974 -0.00122154 0.999999 -9.54208e-06 -0.104753 0.0418626 6.06706e-05 0.999123 8.11379
0.999007 0.00290179 -0.0444594 -0.287303 -0.00293252 0.999996 -0.000626082 -0.115642 0.0444573 0.000755839 0.999011 8.99756
0.998906 0.00223429 -0.0467064 -0.330889 -0.00229035 0.999997 -0.00114669 -0.121352 0.0467037 0.00125241 0.998908 9.89628
0.998823 -0.0011709 -0.0484885 -0.375682 0.00108908 0.999998 -0.00171388 -0.130931 0.0484904 0.00165905 0.998822 10.7897
0.998725 -0.00155659 -0.0504511 -0.419139 0.00153147 0.999999 -0.000536468 -0.144009 0.0504519 0.00045852 0.998726 11.6965
0.998647 -0.00314748 -0.0519146 -0.470598 0.00308995 0.999995 -0.00118828 -0.147236 0.0519181 0.00102626 0.998651 12.6236
0.998553 -0.000579006 -0.05378 -0.525561 0.000358238 0.999991 -0.00411458 -0.151584 0.0537819 0.00408936 0.998544 13.559
0.998488 -0.000179348 -0.0549691 -0.585053 -0.000190038 0.999977 -0.00671459 -0.16092 0.0549691 0.00671488 0.998465 14.5049
0.998383 0.00411496 -0.0567005 -0.646168 -0.0045824 0.999957 -0.00811652 -0.17834 0.0566646 0.00836322 0.998358 15.448
0.998314 0.00493185 -0.0578364 -0.706895 -0.00539286 0.999955 -0.0078175 -0.192665 0.0577953 0.00811622 0.998295 16.4077
0.99824 0.00394183 -0.0591752 -0.768125 -0.00431466 0.999972 -0.00617398 -0.209324 0.0591492 0.00641843 0.998229 17.3748
0.998153 0.00480138 -0.0605645 -0.829189 -0.00509923 0.999976 -0.00476426 -0.22242 0.0605402 0.00506429 0.998153 18.3434
0.998084 0.00459805 -0.0617046 -0.891909 -0.00490792 0.999976 -0.00487122 -0.239235 0.0616807 0.00516473 0.998083 19.3157
0.998003 0.00490897 -0.0629803 -0.968501 -0.00528916 0.999969 -0.00587127 -0.248981 0.0629495 0.00619266 0.997997 20.2931
0.997926 0.00371624 -0.06427 -1.02717 -0.0041551 0.999969 -0.006696 -0.261658 0.0642432 0.00694916 0.99791 21.2837
0.997877 0.00397321 -0.0650104 -1.09356 -0.0042847 0.99998 -0.00465271 -0.283009 0.0649906 0.00492138 0.997874 22.2815
0.997865 0.00523861 -0.0651044 -1.16732 -0.00532124 0.999985 -0.00109575 -0.301664 0.0650977 0.00143985 0.997878 23.29
0.997888 0.00575194 -0.0646958 -1.22848 -0.00557739 0.99998 0.00287833 -0.317805 0.0647111 -0.00251142 0.997901 24.3042
0.997979 0.00450079 -0.0633823 -1.29289 -0.00413883 0.999974 0.00584093 -0.322865 0.063407 -0.0055668 0.997972 25.3154
0.998074 0.00498567 -0.0618353 -1.35851 -0.00459588 0.999969 0.00644432 -0.328089 0.0618655 -0.00614772 0.998066 26.3383
0.99814 0.00461982 -0.060793 -1.42123 -0.00441058 0.999984 0.00357565 -0.334489 0.0608085 -0.00330087 0.998144 27.3713
0.998197 0.00587513 -0.0597342 -1.49112 -0.00598418 0.999981 -0.00164692 -0.339053 0.0597233 0.00200141 0.998213 28.4088
0.998271 0.00480682 -0.0585827 -1.55473 -0.00508278 0.999977 -0.00456248 -0.353304 0.0585594 0.00485236 0.998272 29.4413
0.998327 0.00190625 -0.0577947 -1.61894 -0.00211731 0.999991 -0.00359084 -0.363619 0.0577874 0.0037072 0.998322 30.496
0.998312 4.76699e-05 -0.0580714 -1.68327 3.08509e-05 0.999999 0.00135125 -0.374877 0.0580714 -0.00135076 0.998312 31.5541
0.998259 -0.00349638 -0.0588837 -1.74562 0.00378957 0.999981 0.00486821 -0.387189 0.0588656 -0.00508288 0.998253 32.6046
0.998129 -0.0109856 -0.0601496 -1.79625 0.0112453 0.999929 0.00398195 -0.395972 0.0601015 -0.0046509 0.998181 33.6725
0.998009 -0.0133193 -0.061642 -1.86003 0.0133605 0.999911 0.000256131 -0.41041 0.0616331 -0.00107919 0.998098 34.7398
0.997909 -0.0135547 -0.0632032 -1.92595 0.01336 0.999905 -0.0035021 -0.423455 0.0632447 0.00265039 0.997995 35.8006
0.997786 -0.0117941 -0.0654459 -1.99243 0.0114945 0.999922 -0.00495218 -0.424947 0.0654992 0.00418895 0.997844 36.8914
0.997762 -0.0123391 -0.0657146 -2.08205 0.0121474 0.999921 -0.00331578 -0.445057 0.0657503 0.0025101 0.997833 37.9759
0.997716 -0.00915498 -0.0669248 -2.16107 0.00913917 0.999958 -0.000542392 -0.461166 0.066927 -7.04845e-05 0.997758 39.0502
0.997646 -0.00875755 -0.0680143 -2.24504 0.00883458 0.999961 0.000831803 -0.475447 0.0680044 -0.00143072 0.997684 40.1412
0.997577 -0.00827804 -0.0690788 -2.3247 0.00852211 0.999958 0.00323932 -0.47966 0.0690491 -0.00382017 0.997606 41.2409
0.997591 -0.00839661 -0.0688597 -2.40496 0.00886015 0.99994 0.00642911 -0.491477 0.0688016 -0.00702373 0.997606 42.3405
0.997582 -0.00314829 -0.0694261 -2.49348 0.00375748 0.999956 0.00864585 -0.496047 0.0693958 -0.00888581 0.99755 43.4426
0.997576 -0.00389473 -0.0694822 -2.57622 0.00447024 0.999957 0.00812928 -0.501214 0.0694475 -0.00842017 0.99755 44.529
0.99756 -0.00436185 -0.0696829 -2.64664 0.00483112 0.999967 0.00656722 -0.509072 0.069652 -0.00688784 0.997548 45.6056
0.997598 -0.00210861 -0.0692402 -2.74502 0.00240629 0.999988 0.00421615 -0.515254 0.0692305 -0.00437263 0.997591 46.6717
0.99755 -0.0023412 -0.0699179 -2.82801 0.0026361 0.999988 0.00412587 -0.522463 0.0699074 -0.00430007 0.997544 47.7364
0.997427 -0.00464559 -0.0715361 -2.89725 0.00504748 0.999972 0.00543822 -0.531318 0.0715089 -0.00578531 0.997423 48.8118
0.997369 -0.00415571 -0.0723713 -2.98155 0.00461361 0.99997 0.00616104 -0.540113 0.0723436 -0.00647872 0.997359 49.8762
0.997389 -0.00147813 -0.0722015 -3.07458 0.00167076 0.999995 0.0026076 -0.547636 0.0721973 -0.00272142 0.997387 50.9369
0.997331 -0.000954331 -0.0730079 -3.15783 0.000859224 0.999999 -0.00133409 -0.562582 0.0730091 0.0012678 0.99733 51.975
0.997262 -0.00100804 -0.0739387 -3.23466 0.000840765 0.999997 -0.0022934 -0.580361 0.0739408 0.00222495 0.99726 53.0314
0.997241 -0.00288012 -0.0741788 -3.31099 0.00298548 0.999995 0.0013096 -0.591383 0.0741746 -0.00152745 0.997244 54.0871
0.997239 -0.00454079 -0.0741135 -3.39297 0.00486767 0.999979 0.00423054 -0.603432 0.0740928 -0.00457962 0.997241 55.1354
0.997214 -0.00618047 -0.0743418 -3.47099 0.00653568 0.999968 0.00453577 -0.610414 0.0743115 -0.00500901 0.997223 56.1701
0.997173 -0.00975466 -0.0745014 -3.54361 0.0100311 0.999944 0.00333661 -0.620159 0.0744647 -0.0040745 0.997215 57.2135
0.997114 -0.0123378 -0.0749153 -3.62169 0.0125321 0.999919 0.00212404 -0.631439 0.0748831 -0.00305676 0.997188 58.2412
0.996986 -0.0141935 -0.0762766 -3.6959 0.0145027 0.999889 0.00350106 -0.644267 0.0762184 -0.00459672 0.997081 59.2768
0.996841 -0.0175012 -0.0774759 -3.7734 0.0181313 0.999808 0.007436 -0.652059 0.0773308 -0.00881724 0.996966 60.3108
0.996773 -0.0185684 -0.0780888 -3.85189 0.019597 0.999731 0.012426 -0.657167 0.077837 -0.0139162 0.996869 61.3557
0.996769 -0.0165993 -0.07859 -3.93816 0.0178069 0.999734 0.0146898 -0.662292 0.0783252 -0.0160418 0.996799 62.3741
0.996679 -0.0156484 -0.0799082 -4.02429 0.0165544 0.999806 0.0106875 -0.664835 0.0797255 -0.0119748 0.996745 63.39
0.996601 -0.0142552 -0.0811419 -4.11007 0.0145251 0.999891 0.00273676 -0.664747 0.081094 -0.00390605 0.996699 64.4033
0.996544 -0.0122312 -0.0821579 -4.18731 0.0121041 0.999925 -0.00204508 -0.678444 0.0821768 0.00104356 0.996617 65.3917
0.996492 -0.00776512 -0.0833214 -4.27596 0.0077138 0.99997 -0.000937749 -0.696834 0.0833261 0.000291736 0.996522 66.3826
0.996434 -0.00486423 -0.0842323 -4.36462 0.00500671 0.999986 0.00148027 -0.714137 0.0842239 -0.00189672 0.996445 67.3564
0.996338 -0.00236642 -0.0854702 -4.45153 0.00266748 0.999991 0.00340837 -0.736453 0.0854614 -0.00362388 0.996335 68.3181
0.996242 -0.00164059 -0.0865954 -4.53717 0.00195414 0.999992 0.00353621 -0.758084 0.0865889 -0.00369214 0.996237 69.2559
0.996111 5.13929e-05 -0.0881049 -4.62535 0.000355683 0.999989 0.00460464 -0.772878 0.0881042 -0.00461808 0.996101 70.1713
0.996013 0.000606647 -0.0892048 -4.71471 -0.00011035 0.999984 0.00556839 -0.790501 0.0892068 -0.00553635 0.995998 71.0792
0.9959 0.00093896 -0.0904562 -4.80816 -0.000405218 0.999982 0.00591875 -0.803529 0.0904602 -0.00585782 0.995883 71.9815
0.995819 0.00101358 -0.0913424 -4.89784 -0.000380559 0.999976 0.00694735 -0.812893 0.0913472 -0.00688354 0.995795 72.8626
0.995688 0.00390007 -0.0926871 -4.98744 -0.00301482 0.999949 0.0096891 -0.821815 0.0927201 -0.00936788 0.995648 73.7343
0.995567 0.00498798 -0.0939211 -5.07254 -0.00371933 0.9999 0.0136778 -0.826535 0.0939799 -0.0132678 0.995486 74.5856
0.995398 0.00861956 -0.0954409 -5.1624 -0.00719278 0.999857 0.0152833 -0.833034 0.095559 -0.0145265 0.995318 75.4167
0.995245 0.0115553 -0.0967167 -5.25138 -0.0105173 0.999882 0.0112346 -0.842899 0.0968351 -0.010164 0.995249 76.2258
0.995126 0.0110325 -0.0979945 -5.33659 -0.0106909 0.999935 0.00401082 -0.849898 0.0980324 -0.00294362 0.995179 77.019
0.994997 0.00989995 -0.0994088 -5.41772 -0.0101622 0.999946 -0.00213235 -0.849255 0.0993823 0.0031319 0.995044 77.7907
0.994966 0.0105924 -0.0996495 -5.50195 -0.0109805 0.999934 -0.00334674 -0.853833 0.0996075 0.0044241 0.995017 78.5514
0.994888 0.0133062 -0.100107 -5.59617 -0.0133442 0.999911 0.00029039 -0.867376 0.100102 0.00104693 0.994977 79.2886
0.994788 0.013472 -0.101075 -5.6848 -0.0132916 0.999909 0.00245752 -0.882222 0.101099 -0.00110126 0.994876 80.0118
0.994756 0.0101151 -0.101777 -5.76562 -0.0102425 0.999947 -0.00072899 -0.896322 0.101764 0.00176761 0.994807 80.7017
0.994841 0.00218069 -0.101423 -5.83182 -0.00281548 0.999977 -0.00611607 -0.908131 0.101407 0.00637007 0.994825 81.3788
0.994964 -0.00169946 -0.100221 -5.89353 0.000625915 0.999942 -0.0107423 -0.921935 0.100233 0.0106255 0.994907 82.0315
0.995273 0.000533935 -0.0971154 -5.96131 -0.00162012 0.999937 -0.011106 -0.930479 0.0971033 0.0112108 0.995211 82.6757
0.995668 0.00546282 -0.0928216 -6.03369 -0.00623439 0.999948 -0.00802451 -0.945534 0.092773 0.00856844 0.99565 83.3021
0.996078 0.00387035 -0.0883928 -6.08283 -0.00433426 0.999978 -0.0050569 -0.955086 0.0883712 0.00542019 0.996073 83.9054
0.996556 1.25973e-05 -0.0829212 -6.11948 -8.14928e-05 1 -0.00082747 -0.969042 0.0829212 0.000831378 0.996556 84.4905
0.997196 -0.00464308 -0.0746914 -6.15223 0.0048541 0.999985 0.00264396 -0.985158 0.074678 -0.0029991 0.997203 85.0708
0.997944 -0.00132552 -0.0640821 -6.19032 0.0014605 0.999997 0.00205954 -0.989702 0.0640792 -0.00214889 0.997943 85.6304
0.998808 0.00395886 -0.0486436 -6.22473 -0.00387751 0.999991 0.00176667 -0.99965 0.0486502 -0.00157595 0.998815 86.1729
0.999505 0.00853592 -0.0302734 -6.24405 -0.00846045 0.999961 0.00262036 -1.00719 0.0302946 -0.00236294 0.999538 86.7093
0.99994 0.00698686 -0.00845239 -6.23046 -0.00696278 0.999972 0.00287484 -1.00749 0.00847223 -0.00281581 0.99996 87.2416
0.999842 0.00302861 0.0175069 -6.19648 -0.00309757 0.999988 0.00391326 -1.01695 -0.0174949 -0.00396687 0.999839 87.7509
0.998892 0.00173023 0.0470278 -6.15398 -0.0019881 0.999983 0.0054371 -1.02023 -0.0470176 -0.00552457 0.998879 88.249
0.996776 0.00122059 0.0802205 -6.09653 -0.00177891 0.999975 0.00688877 -1.0236 -0.0802101 -0.00700927 0.996753 88.7365
0.993042 0.0011363 0.117754 -6.01698 -0.00209291 0.999966 0.00800044 -1.0331 -0.117741 -0.00819122 0.993011 89.2199
0.987174 0.00142482 0.159644 -5.91915 -0.00273445 0.999964 0.00798405 -1.03393 -0.159627 -0.00831819 0.987142 89.6932
0.978865 0.00122227 0.204506 -5.79225 -0.00289681 0.999965 0.00788904 -1.03674 -0.204489 -0.00831472 0.978834 90.1463
0.967313 0.0039507 0.253554 -5.65008 -0.00562061 0.999967 0.00586196 -1.04077 -0.253523 -0.00709548 0.967303 90.5805
0.951791 0.00512667 0.306704 -5.48544 -0.00643754 0.999974 0.0032626 -1.04921 -0.306679 -0.00507973 0.951799 90.995
0.932072 0.00546602 0.362232 -5.29038 -0.00651788 0.999977 0.00168191 -1.05832 -0.362215 -0.00392865 0.932086 91.3912
0.907715 0.00657022 0.419535 -5.07743 -0.00724117 0.999974 6.8488e-06 -1.06092 -0.419524 -0.00304414 0.907739 91.7696
0.878583 0.00715253 0.477536 -4.83995 -0.00721196 0.999973 -0.00170883 -1.06518 -0.477535 -0.00194262 0.87861 92.1304
0.844782 0.00525845 0.535085 -4.58213 -0.00396529 0.999986 -0.00356686 -1.07403 -0.535096 0.000891453 0.844791 92.471
0.807659 0.00487836 0.589629 -4.29782 -0.00314856 0.999987 -0.00396068 -1.08812 -0.589641 0.0013424 0.807664 92.7904
0.767429 0.00369794 0.641123 -4.00095 -0.00240679 0.999993 -0.00288692 -1.094 -0.641129 0.000672461 0.767433 93.0877
0.724555 0.00280554 0.689211 -3.68523 -0.00377095 0.999993 -0.000106294 -1.10466 -0.689206 -0.00252196 0.724561 93.3634
0.679303 0.00182097 0.733856 -3.35478 -0.00267343 0.999996 -6.67889e-06 -1.10481 -0.733853 -0.00195737 0.679305 93.6081
0.632758 0.00102164 0.774349 -3.00902 0.000122624 0.999999 -0.00141956 -1.10924 -0.774349 0.000993191 0.632758 93.8302
0.585812 -0.00128944 0.810446 -2.6495 0.00491245 0.999986 -0.00195985 -1.11625 -0.810432 0.00512938 0.58581 94.0321
0.539008 0.000913748 0.8423 -2.2889 0.00258971 0.999993 -0.00274203 -1.12484 -0.842296 0.00365929 0.539002 94.2158
0.491589 0.00414176 0.870818 -1.92512 -0.00155748 0.999991 -0.00387692 -1.13153 -0.870826 0.000549565 0.491591 94.3876
0.446207 0.00623737 0.894908 -1.55826 -0.00159267 0.99998 -0.00617558 -1.13878 -0.894929 0.00133029 0.446207 94.5311
0.403729 0.00371399 0.914871 -1.17208 0.00530454 0.999965 -0.00640031 -1.14514 -0.914863 0.00743696 0.403695 94.6549
0.364165 -0.00371711 0.931327 -0.768631 0.019691 0.999799 -0.00370911 -1.15037 -0.931126 0.0196895 0.364165 94.7561
0.32883 -0.00704732 0.944363 -0.372901 0.0235953 0.999721 -0.000755531 -1.15227 -0.944094 0.022531 0.328905 94.852
0.295406 -0.00287233 0.955367 0.0155926 0.0205484 0.999783 -0.00334785 -1.15926 -0.955151 0.0206203 0.295401 94.9544
0.264225 0.00469311 0.96445 0.417214 0.00910479 0.999931 -0.00736015 -1.17667 -0.964418 0.0107258 0.264164 95.0637
0.235842 0.00909249 0.971749 0.827001 0.00393097 0.999939 -0.0103103 -1.19168 -0.971783 0.00625152 0.235792 95.1533
0.210356 0.0109391 0.977564 1.25149 0.00493119 0.999913 -0.0122503 -1.20602 -0.977612 0.00739747 0.210284 95.2221
0.186918 0.0121779 0.9823 1.68982 0.0119393 0.999821 -0.014667 -1.2189 -0.982303 0.0144694 0.18674 95.2785
0.166848 0.0186499 0.985806 2.13603 0.0190926 0.999573 -0.0221418 -1.21404 -0.985798 0.022516 0.16642 95.3251
0.147315 0.0254328 0.988763 2.59169 0.0213369 0.999355 -0.0288842 -1.21113 -0.988859 0.0253522 0.146678 95.3778
0.129667 0.0257536 0.991223 3.06256 0.0189487 0.999416 -0.0284452 -1.23007 -0.991377 0.0224708 0.129103 95.4352
0.114201 0.021353 0.993228 3.55883 0.0170195 0.99958 -0.0234465 -1.2533 -0.993312 0.0195818 0.113789 95.4874
0.0998488 0.017716 0.994845 4.06944 0.0184616 0.999636 -0.0196543 -1.27551 -0.994831 0.0203289 0.0994854 95.5336
0.0866194 0.0151672 0.996126 4.59287 0.0211863 0.99963 -0.0170629 -1.29111 -0.996016 0.0225822 0.086266 95.5674
0.0749414 0.0143908 0.997084 5.12781 0.0253032 0.999546 -0.0163282 -1.30269 -0.996867 0.026453 0.0745432 95.5978
0.0647465 0.0146586 0.997794 5.68389 0.0283217 0.999462 -0.0165209 -1.31922 -0.9975 0.0293289 0.0642966 95.6252
0.0568942 0.0151667 0.998265 6.25459 0.0304421 0.999393 -0.0169188 -1.33323 -0.997916 0.0313518 0.056398 95.6515
0.0515569 0.015312 0.998553 6.84608 0.0324862 0.999328 -0.0170012 -1.34844 -0.998142 0.0333157 0.0510248 95.6731
0.0460547 0.0165024 0.998803 7.45361 0.0339351 0.999261 -0.0180747 -1.36044 -0.998362 0.0347269 0.0454606 95.696
0.0402936 0.0170879 0.999042 8.08406 0.0350316 0.999215 -0.0185038 -1.37607 -0.998574 0.0357436 0.0396633 95.7155
0.0361317 0.017083 0.999201 8.73524 0.0374979 0.999127 -0.0184377 -1.39411 -0.998643 0.0381341 0.0354595 95.7311
0.0331084 0.0167701 0.999311 9.40896 0.0388637 0.999081 -0.0180538 -1.41324 -0.998696 0.0394347 0.0324262 95.7498
0.0298924 0.0161421 0.999423 10.0981 0.0394863 0.99907 -0.0173174 -1.43249 -0.998773 0.0399812 0.0292272 95.7726
0.0274015 0.0156117 0.999503 10.8085 0.0414491 0.999 -0.0167402 -1.44905 -0.998765 0.0418872 0.026727 95.7922
0.0267362 0.0152475 0.999526 11.5425 0.0448951 0.998856 -0.0164382 -1.46303 -0.998634 0.0453133 0.0260211 95.8058
0.0274302 0.0149588 0.999512 12.2938 0.0476397 0.998732 -0.0162546 -1.47951 -0.998488 0.0480623 0.0266828 95.8274
0.0299566 0.0147223 0.999443 13.0569 0.0495433 0.998641 -0.0161954 -1.49849 -0.998323 0.0500009 0.0291865 95.8506
0.0337239 0.0145929 0.999325 13.842 0.0519615 0.998515 -0.0163346 -1.51396 -0.99808 0.0524773 0.0329155 95.8804
0.0380169 0.014141 0.999177 14.6369 0.0524665 0.998492 -0.0161276 -1.52911 -0.997899 0.0530364 0.0372177 95.9159
0.0421028 0.0125 0.999035 15.4627 0.0539436 0.998435 -0.0147658 -1.54414 -0.997656 0.0545132 0.0413626 95.9496
0.046148 0.0110683 0.998873 16.3033 0.0537492 0.998463 -0.013547 -1.56153 -0.997488 0.0543138 0.0454822 95.9912
0.0500112 0.00890994 0.998709 17.1637 0.0504261 0.998662 -0.0114346 -1.58077 -0.997475 0.0509329 0.049495 96.0449
0.0540405 0.00765044 0.998509 18.0293 0.0495012 0.998721 -0.0103311 -1.59986 -0.997311 0.0499857 0.0535927 96.0983
0.0585054 0.00857444 0.99825 18.908 0.0472171 0.99882 -0.0113466 -1.61598 -0.99717 0.0477983 0.0580315 96.1485
0.0613402 0.0124632 0.998039 19.788 0.0447256 0.998883 -0.0152226 -1.64299 -0.997114 0.0455717 0.0607143 96.2142
0.0627455 0.0176359 0.997874 20.6783 0.0396335 0.999011 -0.0201481 -1.66553 -0.997242 0.0408134 0.0619845 96.2827
0.0629186 0.020468 0.997809 21.5719 0.0372086 0.999046 -0.0228397 -1.69628 -0.997325 0.0385641 0.062097 96.3391
0.0630808 0.0201693 0.997805 22.4687 0.0346223 0.99915 -0.0223853 -1.72411 -0.997408 0.0359584 0.0623288 96.4007
0.0631854 0.017824 0.997843 23.3653 0.0321023 0.999287 -0.0198826 -1.7645 -0.997485 0.0332893 0.0625682 96.4588
0.0634225 0.0166647 0.997848 24.2655 0.0327896 0.999286 -0.0187728 -1.79304 -0.997448 0.0339096 0.0628308 96.5079
0.0639663 0.0159716 0.997824 25.1597 0.0301207 0.999385 -0.0179275 -1.82406 -0.997497 0.0312019 0.0634459 96.5739
0.0638962 0.0163999 0.997822 26.0452 0.0280303 0.999441 -0.0182215 -1.8553 -0.997563 0.0291336 0.0634007 96.6411
0.0640077 0.0170496 0.997804 26.9321 0.0254649 0.999501 -0.0187121 -1.88672 -0.997624 0.0266067 0.0635416 96.708
0.0624099 0.0186321 0.997877 27.8255 0.0229513 0.999535 -0.0200985 -1.91018 -0.997787 0.0241569 0.0619533 96.7837
0.0598044 0.0178539 0.99805 28.7099 0.0207203 0.999602 -0.0191232 -1.9427 -0.997995 0.0218236 0.0594107 96.8432
0.055943 0.0164552 0.998298 29.5947 0.0184243 0.999677 -0.0175104 -1.97419 -0.998264 0.0193726 0.0556218 96.8974
0.0511989 0.0137617 0.998594 30.4722 0.017102 0.999746 -0.0146545 -2.00363 -0.998542 0.0178282 0.0509505 96.9472
0.045118 0.0119352 0.99891 31.3539 0.0153646 0.999802 -0.0126398 -2.02808 -0.998864 0.0159181 0.0449257 96.9878
0.0379302 0.0123583 0.999204 32.231 0.0149099 0.999805 -0.0129317 -2.05163 -0.999169 0.0153885 0.0377385 97.0227
0.0293978 0.0129614 0.999484 33.0994 0.0144829 0.999805 -0.0133916 -2.07845 -0.999463 0.0148691 0.0292044 97.0489
0.0194643 0.012951 0.999727 33.9654 0.0141426 0.999812 -0.0132275 -2.10624 -0.999711 0.0143962 0.0192775 97.0634
0.00923758 0.0117229 0.999889 34.8265 0.0155103 0.999809 -0.0118653 -2.13246 -0.999837 0.0156182 0.009054 97.0685
-0.00128827 0.0110425 0.999938 35.6795 0.0148881 0.999828 -0.0110221 -2.15584 -0.999888 0.014873 -0.00145245 97.0648
-0.0123937 0.0101459 0.999872 36.5259 0.0160261 0.999822 -0.00994676 -2.18089 -0.999795 0.0159008 -0.0125541 97.0549
-0.0232952 0.0103707 0.999675 37.3728 0.0164645 0.999815 -0.00998851 -2.19942 -0.999593 0.0162265 -0.0234616 97.032
-0.0344018 0.011432 0.999343 38.2291 0.017066 0.999795 -0.0108497 -2.21483 -0.999262 0.0166815 -0.0345898 97.0052
-0.0447779 0.0128178 0.998915 39.0712 0.0168705 0.999785 -0.0120727 -2.23552 -0.998855 0.0163116 -0.0449845 96.9637
-0.055071 0.0136077 0.99839 39.9154 0.0181999 0.999755 -0.0126224 -2.26374 -0.998317 0.0174755 -0.0553052 96.9148
-0.0646752 0.0138126 0.997811 40.7322 0.0189721 0.99974 -0.0126096 -2.29878 -0.997726 0.0181151 -0.0649205 96.865
-0.074153 0.0146 0.99714 41.5594 0.0203213 0.999707 -0.0131264 -2.31812 -0.99704 0.0192898 -0.074428 96.7975
-0.0836103 0.0151035 0.996384 42.3724 0.0204038 0.999701 -0.0134416 -2.33967 -0.99629 0.0192062 -0.0838935 96.7287
-0.0921532 0.0142436 0.995643 43.1707 0.0218785 0.999685 -0.0122764 -2.36903 -0.995504 0.0206518 -0.0924358 96.6518
-0.0996948 0.0130719 0.994932 43.9598 0.0235147 0.999665 -0.0107778 -2.39086 -0.99474 0.0223211 -0.0999688 96.5743
-0.104911 0.0116036 0.994414 44.7384 0.0263991 0.999612 -0.00887915 -2.4147 -0.994131 0.0253201 -0.105177 96.485
-0.108873 0.00994163 0.994006 45.5099 0.0293916 0.999545 -0.00677777 -2.44001 -0.993621 0.0284775 -0.109116 96.3975
-0.111503 0.00885433 0.993725 46.2714 0.0312317 0.999498 -0.00540134 -2.45688 -0.993273 0.0304334 -0.111724 96.3124
-0.112811 0.00776499 0.993586 47.0149 0.0316232 0.999491 -0.00422066 -2.47882 -0.993113 0.0309443 -0.112999 96.2243
-0.113746 0.0081254 0.993477 47.738 0.0323023 0.999468 -0.00447603 -2.49826 -0.992985 0.0315825 -0.113948 96.1447
-0.113137 0.00890443 0.99354 48.4475 0.0332871 0.999432 -0.00516675 -2.52218 -0.993022 0.0324875 -0.113369 96.0704
-0.109978 0.0104131 0.993879 49.1494 0.0341171 0.999395 -0.0066956 -2.54129 -0.993348 0.0331719 -0.110267 95.9896
-0.104769 0.0108128 0.994438 49.8214 0.0342024 0.999389 -0.00726321 -2.56037 -0.993908 0.0332512 -0.105075 95.9247
-0.0969252 0.0110245 0.995231 50.4752 0.0342945 0.999382 -0.00773054 -2.58625 -0.994701 0.0333816 -0.0972433 95.8685
-0.0857603 0.0106138 0.996259 51.1044 0.0333546 0.999413 -0.00777615 -2.60925 -0.995757 0.032563 -0.086064 95.8236
-0.0717824 0.0112514 0.997357 51.7131 0.0331003 0.999412 -0.00889229 -2.62402 -0.996871 0.0323745 -0.0721127 95.7874
-0.0546167 0.0130317 0.998422 52.2972 0.0321051 0.999421 -0.0112885 -2.63956 -0.997991 0.0314379 -0.0550034 95.772
-0.0331618 0.0146083 0.999343 52.8781 0.0300423 0.999456 -0.0136131 -2.67563 -0.998998 0.0295712 -0.0335827 95.7652
-0.0085711 0.0179455 0.999802 53.4371 0.02805 0.99945 -0.0176987 -2.69104 -0.99957 0.0278927 -0.00906976 95.779
0.0199663 0.0196643 0.999607 54.0039 0.0266506 0.999441 -0.0201934 -2.70975 -0.999445 0.0270434 0.0194311 95.8081
0.053292 0.0194593 0.998389 54.5652 0.0256343 0.999454 -0.0208484 -2.72339 -0.99825 0.026704 0.0527641 95.8595
0.0911409 0.0168839 0.995695 55.1239 0.0255988 0.999486 -0.0192914 -2.74398 -0.995509 0.0272468 0.0906618 95.9356
0.133504 0.0132989 0.990959 55.6798 0.023876 0.999577 -0.0166312 -2.75966 -0.990761 0.0258805 0.13313 96.0313
0.179214 0.00870067 0.983772 56.2041 0.0215053 0.999687 -0.012759 -2.78593 -0.983575 0.0234429 0.17897 96.1489
0.227343 0.00551759 0.973799 56.7337 0.017391 0.999801 -0.00972501 -2.80352 -0.97366 0.0191462 0.227201 96.3093
0.278676 0.00367536 0.960378 57.2393 0.0146383 0.99986 -0.00807411 -2.82033 -0.960274 0.0163084 0.278583 96.4909
0.333456 0.00324937 0.94276 57.7311 0.0149105 0.999851 -0.00872 -2.83129 -0.942648 0.0169647 0.333358 96.6983
0.390604 0.00304113 0.920554 58.1813 0.0174246 0.999791 -0.0106964 -2.8558 -0.920394 0.0202183 0.390469 96.9328
0.450351 0.00601742 0.892831 58.6243 0.0184286 0.999702 -0.0160332 -2.87969 -0.892661 0.0236742 0.450106 97.1929
0.509266 0.00892649 0.860563 59.0351 0.0198297 0.999559 -0.0221031 -2.90057 -0.860381 0.0283211 0.508865 97.4847
0.567027 0.0129252 0.823598 59.4213 0.0160528 0.999514 -0.026738 -2.91616 -0.823543 0.0283822 0.566544 97.8073
0.622395 0.0164055 0.782531 59.7867 0.0117767 0.999471 -0.0303203 -2.92733 -0.782615 0.0280869 0.621873 98.16
0.674977 0.016978 0.737644 60.1317 0.0109173 0.999396 -0.0329923 -2.94479 -0.737758 0.0303221 0.674384 98.532
0.723832 0.0143169 0.689828 60.4522 0.0113233 0.999404 -0.0326234 -2.96698 -0.689884 0.0314249 0.723238 98.9257
0.768719 0.0103079 0.639504 60.7343 0.00994581 0.999557 -0.0280669 -2.98994 -0.639509 0.0279359 0.768275 99.3412
0.80985 0.00582597 0.586608 60.9826 0.00911246 0.999705 -0.022509 -3.00369 -0.586566 0.0235744 0.809558 99.7685
0.846232 0.00341412 0.532804 61.2086 0.00682985 0.999828 -0.0172543 -3.01927 -0.532771 0.0182401 0.846063 100.223
0.877494 5.82414e-05 0.479587 61.4141 0.00593613 0.999922 -0.0109827 -3.03185 -0.47955 0.0124841 0.877426 100.688
0.903121 0.000480986 0.429386 61.5886 0.00258406 0.999975 -0.00655515 -3.04538 -0.429379 0.00702965 0.903097 101.165
0.923507 0.00294029 0.38357 61.7463 -0.00150903 0.999991 -0.0040323 -3.05924 -0.383579 0.00314504 0.923503 101.649
0.938885 0.00902286 0.344113 61.8775 -0.00889555 0.999959 -0.00194875 -3.06859 -0.344116 -0.00123142 0.938926 102.144
0.950892 0.0127482 0.309261 61.9968 -0.0123985 0.999918 -0.00309621 -3.07914 -0.309275 -0.000890214 0.950972 102.648
0.960247 0.0146453 0.278766 62.1163 -0.0142714 0.999892 -0.00337082 -3.08306 -0.278786 -0.000741566 0.960353 103.158
0.966415 0.00900003 0.25683 62.2407 -0.00834909 0.999959 -0.00362488 -3.09121 -0.256852 0.00135885 0.96645 103.67
0.97049 0.00587089 0.241071 62.368 -0.00524311 0.999981 -0.00324548 -3.10228 -0.241086 0.00188574 0.970502 104.193
0.973502 0.0101971 0.228451 62.478 -0.00959508 0.999947 -0.00374575 -3.11005 -0.228477 0.00145449 0.973548 104.73
0.97565 0.0154266 0.218789 62.5807 -0.0150359 0.999881 -0.00345048 -3.11288 -0.218817 7.67606e-05 0.975766 105.273
0.976785 0.022761 0.213009 62.6814 -0.0222993 0.999741 -0.00457027 -3.11846 -0.213058 -0.000285787 0.977039 105.824
0.977311 0.0281461 0.209933 62.7903 -0.0269983 0.999601 -0.00833195 -3.12665 -0.210084 0.00247506 0.97768 106.385
0.977472 0.0293944 0.209006 62.9101 -0.0277325 0.999556 -0.0108783 -3.14126 -0.209233 0.00483695 0.977854 106.953
0.976997 0.0279393 0.211416 63.0393 -0.0254919 0.999573 -0.0142933 -3.15524 -0.211725 0.00857512 0.977292 107.541
0.976117 0.0269165 0.215572 63.1726 -0.0229127 0.999516 -0.0210508 -3.16422 -0.216034 0.0156087 0.976261 108.147
0.975189 0.0276853 0.219638 63.314 -0.0227088 0.999426 -0.0251504 -3.18586 -0.220208 0.0195387 0.975257 108.748
0.974089 0.0320379 0.223884 63.4493 -0.0271701 0.999323 -0.0247902 -3.19875 -0.224527 0.0180649 0.9743 109.375
0.972597 0.0349757 0.229852 63.5872 -0.0310097 0.999302 -0.0208455 -3.21324 -0.23042 0.0131466 0.973002 110.023
0.971617 0.0311273 0.234504 63.7479 -0.0280166 0.99947 -0.0165854 -3.22674 -0.234896 0.00954465 0.971974 110.668
0.970816 0.0267968 0.238324 63.9145 -0.0250512 0.999633 -0.0103509 -3.25278 -0.238513 0.00407852 0.971131 111.334
0.969983 0.0244137 0.241942 64.0834 -0.0237137 0.999702 -0.00580537 -3.26737 -0.242012 -0.000106232 0.970273 112.006
0.969383 0.0193144 0.244793 64.26 -0.0186812 0.999813 -0.00490868 -3.28113 -0.244842 0.000185374 0.969563 112.688
0.969418 0.0152527 0.244939 64.4467 -0.0136401 0.999873 -0.00827874 -3.28955 -0.245034 0.00468457 0.969503 113.369
0.96954 0.0145252 0.244502 64.621 -0.0111519 0.999823 -0.0151753 -3.30735 -0.244679 0.0119864 0.96953 114.071
0.969726 0.016831 0.243616 64.7911 -0.0118866 0.999693 -0.0217518 -3.32338 -0.243908 0.0181975 0.969628 114.781
0.970331 0.0187436 0.241052 64.9659 -0.0129746 0.999591 -0.0254975 -3.34546 -0.241431 0.0216135 0.970177 115.518
0.971019 0.0168724 0.238405 65.1502 -0.0121581 0.999701 -0.0212312 -3.36159 -0.238692 0.0177174 0.970934 116.267
0.971483 0.0124029 0.236784 65.3391 -0.00944802 0.999863 -0.0136098 -3.38187 -0.23692 0.0109846 0.971467 117.031
0.972102 0.0123507 0.234235 65.5254 -0.0108815 0.999912 -0.00756343 -3.40743 -0.234308 0.00480359 0.972151 117.815
0.972383 0.0159715 0.232843 65.6951 -0.0144148 0.999861 -0.00838565 -3.42071 -0.232945 0.00479767 0.972478 118.6
0.972756 0.0211157 0.230867 65.8685 -0.0186161 0.999742 -0.0130002 -3.43805 -0.231082 0.00834821 0.972898 119.396
0.973654 0.0214973 0.227015 66.0537 -0.0178174 0.999675 -0.0182466 -3.45448 -0.227333 0.013721 0.97372 120.204
0.974579 0.020142 0.223135 66.2324 -0.0158299 0.999652 -0.0210969 -3.47224 -0.223482 0.0170284 0.974559 121.009
0.975549 0.0168419 0.219135 66.4247 -0.0128234 0.999723 -0.0197473 -3.49352 -0.219406 0.0164544 0.975495 121.846
0.976338 0.0133298 0.215838 66.6087 -0.00973517 0.999796 -0.0177087 -3.51942 -0.21603 0.0151885 0.976269 122.683
0.976744 0.0119538 0.214075 66.7932 -0.00900616 0.999851 -0.0147393 -3.54294 -0.214219 0.0124685 0.976706 123.536
0.977063 0.00853523 0.212779 66.9815 -0.00603939 0.999905 -0.012377 -3.56568 -0.212864 0.010808 0.977022 124.401
0.977239 0.00296977 0.212122 67.1787 -0.000595187 0.999936 -0.0112574 -3.58701 -0.212142 0.0108749 0.977178 125.273
0.977402 0.0041369 0.211349 67.3679 -0.00217359 0.999952 -0.0095209 -3.61124 -0.211378 0.00884636 0.977364 126.148
0.977309 0.00914141 0.21162 67.5534 -0.00688437 0.999911 -0.0113999 -3.63202 -0.211705 0.00968438 0.977286 127.029
0.977044 0.0143883 0.212552 67.7216 -0.0115527 0.999827 -0.0145766 -3.64935 -0.212725 0.0117864 0.977041 127.932
0.97668 0.0234371 0.213416 67.8943 -0.0204978 0.999662 -0.0159754 -3.67017 -0.213719 0.0112283 0.976831 128.831
0.975876 0.0290043 0.216391 68.0696 -0.0263588 0.999538 -0.0151023 -3.69724 -0.216729 0.00903412 0.97619 129.726
0.975137 0.0316104 0.219339 68.2596 -0.0294453 0.99948 -0.0131338 -3.71871 -0.21964 0.00634877 0.97556 130.63
0.974563 0.0317791 0.221848 68.4542 -0.0293833 0.999469 -0.0140924 -3.73891 -0.222178 0.00721533 0.974979 131.538
0.974147 0.0307513 0.22381 68.6629 -0.0276573 0.999474 -0.0169465 -3.75846 -0.224214 0.0103184 0.974485 132.455
0.97411 0.0244864 0.224747 68.8784 -0.0215339 0.999647 -0.0155793 -3.78363 -0.225049 0.0103363 0.974293 133.363
0.974161 0.0180771 0.225129 69.095 -0.0145555 0.999745 -0.0172927 -3.8137 -0.225384 0.013569 0.974176 134.273
0.973841 0.0174701 0.226558 69.3074 -0.013826 0.999748 -0.0176614 -3.83577 -0.22681 0.014067 0.973838 135.187
0.973411 0.0199028 0.228198 69.51 -0.0170063 0.999748 -0.0146524 -3.87184 -0.228433 0.010382 0.973504 136.101
0.973129 0.0217773 0.22923 69.7133 -0.0203278 0.999756 -0.00868325 -3.901 -0.229363 0.00379019 0.973334 137.006
0.972836 0.0252992 0.23011 69.9204 -0.0249077 0.999679 -0.00460639 -3.93218 -0.230153 -0.00125026 0.973154 137.921
0.972485 0.0248769 0.231632 70.1232 -0.022944 0.999676 -0.0110353 -3.95874 -0.231832 0.00541713 0.972741 138.819
0.972653 0.0206851 0.231341 70.339 -0.0152382 0.999564 -0.0253071 -3.98611 -0.231763 0.0210899 0.972544 139.694
0.972911 0.0183663 0.230451 70.5565 -0.0107625 0.999357 -0.0342092 -4.01839 -0.230931 0.0308023 0.972482 140.57
0.973188 0.015172 0.22951 70.7619 -0.00959663 0.999632 -0.0253892 -4.04536 -0.229811 0.0225059 0.972975 141.462
0.973609 0.00814546 0.228075 70.9765 -0.00724617 0.999962 -0.00478004 -4.07456 -0.228105 0.00300123 0.973632 142.367
0.973953 0.00425874 0.226709 71.1892 -0.0067975 0.999923 0.0104188 -4.10331 -0.226647 -0.0116885 0.973907 143.27
0.97406 0.00905885 0.226109 71.3847 -0.0105129 0.999931 0.00522733 -4.12694 -0.226046 -0.00746879 0.974088 144.138
0.974236 0.0179639 0.224813 71.5678 -0.015866 0.999812 -0.0111352 -4.13431 -0.224971 0.00728142 0.974338 145.014
0.974527 0.0180021 0.223546 71.764 -0.0141657 0.999724 -0.0187535 -4.14937 -0.223821 0.0151091 0.974513 145.881
0.975112 0.0137982 0.221282 71.9685 -0.00984763 0.999772 -0.0189463 -4.18887 -0.221493 0.0162957 0.975026 146.753
0.975646 0.0137292 0.218922 72.1513 -0.0101833 0.999798 -0.0173173 -4.22043 -0.219115 0.0146663 0.975589 147.63
0.976475 0.0131006 0.215233 72.3364 -0.00930789 0.999783 -0.0186256 -4.24602 -0.215431 0.016184 0.976385 148.496
0.977543 0.0144082 0.210244 72.5204 -0.010346 0.999738 -0.0204087 -4.27009 -0.210483 0.0177752 0.977436 149.358
0.97803 0.0191434 0.207582 72.6861 -0.0152434 0.999676 -0.0203716 -4.30378 -0.207904 0.0167598 0.978006 150.23
0.978287 0.0252051 0.205718 72.8479 -0.0213757 0.999555 -0.0208167 -4.33271 -0.206151 0.0159674 0.97839 151.096
0.978635 0.0264232 0.203902 73.015 -0.0230546 0.999556 -0.0188788 -4.36129 -0.20431 0.0137746 0.978809 151.96
0.978976 0.0243542 0.202516 73.1927 -0.0220099 0.999662 -0.0138202 -4.39233 -0.202784 0.00907226 0.979181 152.826
0.979228 0.0230458 0.201447 73.3592 -0.0206374 0.999688 -0.0140475 -4.41505 -0.201708 0.00959841 0.979399 153.687
0.979829 0.0206486 0.19877 73.5294 -0.0176022 0.999699 -0.0170813 -4.44361 -0.199063 0.013238 0.979897 154.535
0.980858 0.0165231 0.194023 73.696 -0.0127145 0.999702 -0.0208588 -4.46918 -0.194309 0.0179927 0.980775 155.386
0.982163 0.0134714 0.18755 73.8586 -0.00958677 0.999721 -0.021604 -4.4984 -0.187788 0.0194207 0.982018 156.247
0.983373 0.0120186 0.181198 74.0139 -0.00926397 0.999828 -0.0160409 -4.53218 -0.181359 0.0140956 0.983316 157.12
0.984407 0.00946318 0.175654 74.1589 -0.00821212 0.999935 -0.00784789 -4.55223 -0.175716 0.00628303 0.984421 158.011
0.98509 0.00685687 0.171901 74.3056 -0.00716198 0.999974 0.00115478 -4.56312 -0.171889 -0.00236872 0.985113 158.897
0.98573 0.0134503 0.167797 74.4393 -0.0143088 0.99989 0.00390814 -4.57702 -0.167726 -0.00625334 0.985814 159.765
0.986391 0.0163287 0.163605 74.5653 -0.0164833 0.999864 -0.000412594 -4.59733 -0.16359 -0.00228977 0.986526 160.63
0.987572 0.0162695 0.156323 74.6974 -0.0147962 0.999835 -0.0105836 -4.61428 -0.156469 0.00813912 0.987649 161.476
0.988653 0.0128451 0.149666 74.8328 -0.0106242 0.999821 -0.0156292 -4.63436 -0.14984 0.0138618 0.988613 162.345
0.989645 0.0119114 0.143041 74.9521 -0.00987001 0.999839 -0.0149721 -4.64954 -0.143197 0.0134052 0.989603 163.219
0.990644 0.0182604 0.135242 75.0592 -0.0168728 0.999793 -0.0113996 -4.6774 -0.135422 0.00901105 0.990747 164.1
0.991588 0.0239203 0.127205 75.1546 -0.0223897 0.999659 -0.0134489 -4.69597 -0.127484 0.0104877 0.991785 164.987
0.992724 0.0269327 0.117358 75.2432 -0.0248126 0.999502 -0.0194896 -4.71334 -0.117825 0.0164359 0.992898 165.862
0.993734 0.0250391 0.108931 75.3362 -0.0227775 0.999499 -0.021957 -4.73664 -0.109426 0.0193383 0.993807 166.744
0.994582 0.0252892 0.100836 75.4189 -0.023459 0.999539 -0.0192947 -4.75911 -0.101277 0.0168246 0.994716 167.635
0.995234 0.0283039 0.0933155 75.4863 -0.0272453 0.999549 -0.0125989 -4.78041 -0.0936301 0.00999648 0.995557 168.533
0.995863 0.0314694 0.0852438 75.5472 -0.0310028 0.999496 -0.00679207 -4.79986 -0.0854146 0.00412117 0.996337 169.429
0.996546 0.0301431 0.0773773 75.6132 -0.0299523 0.999545 -0.00362627 -4.8154 -0.0774514 0.00129611 0.996995 170.316
0.996985 0.0312334 0.0710352 75.6735 -0.0311891 0.999512 -0.00173263 -4.82985 -0.0710547 -0.000488115 0.997472 171.212
0.997307 0.0303202 0.0667854 75.7306 -0.0301605 0.999539 -0.00339897 -4.84852 -0.0668577 0.00137553 0.997762 172.1
0.99744 0.0351459 0.0622802 75.7776 -0.0346587 0.99936 -0.00888531 -4.86723 -0.0625526 0.00670401 0.998019 172.985
0.997461 0.0407371 0.0584154 75.8156 -0.0398989 0.999084 -0.015444 -4.88798 -0.058991 0.0130741 0.998173 173.871
0.99755 0.0422869 0.055734 75.8495 -0.0413668 0.99899 -0.0175601 -4.9132 -0.0564202 0.0152116 0.998291 174.761
0.997668 0.0435078 0.0525805 75.8906 -0.0429665 0.999012 -0.0113829 -4.93491 -0.0530237 0.00909719 0.998552 175.653
0.997706 0.0450188 0.0505546 75.923 -0.0450255 0.998985 -0.00100549 -4.95238 -0.0505486 -0.00127307 0.998721 176.551
0.997851 0.0456003 0.0470455 75.9575 -0.0459592 0.998922 0.0065759 -4.97664 -0.0466949 -0.00872395 0.998871 177.444
0.998239 0.0418323 0.0420647 75.994 -0.0420119 0.999111 0.00339337 -4.98851 -0.0418854 -0.00515461 0.999109 178.328
0.998922 0.029262 0.0360463 76.0397 -0.0290511 0.999558 -0.00636032 -5.00454 -0.0362165 0.00530628 0.99933 179.2
0.999232 0.0266119 0.0287489 76.0652 -0.026301 0.999592 -0.0111391 -5.01106 -0.0290336 0.0103744 0.999525 180.084
0.999301 0.0299958 0.0222949 76.0615 -0.0297827 0.999508 -0.00983043 -5.03062 -0.0225788 0.00915956 0.999703 180.977
0.999492 0.0281534 0.0149693 76.0682 -0.0281039 0.999599 -0.00350709 -5.05182 -0.0150621 0.00308461 0.999882 181.875
0.999721 0.0223569 0.00757638 76.0725 -0.0223588 0.99975 0.000159982 -5.06806 -0.00757091 -0.000329336 0.999971 182.773
0.999909 0.013377 0.00182666 76.0738 -0.0133847 0.999901 0.00425436 -5.0748 -0.00176957 -0.00427842 0.999989 183.68
0.99994 0.0101902 -0.00396866 76.0666 -0.0101715 0.999937 0.0047137 -5.0945 0.00401645 -0.00467305 0.999981 184.597
0.999923 0.0073284 -0.0100515 76.0541 -0.00735239 0.99997 -0.00235138 -5.10722 0.010034 0.0024251 0.999947 185.5
0.999852 -0.00155127 -0.0171212 76.0377 0.00133539 0.99992 -0.0126129 -5.1218 0.0171394 0.0125881 0.999774 186.406
0.999654 -0.0117098 -0.0235404 76.0217 0.011313 0.999793 -0.0169227 -5.13418 0.0237337 0.0166505 0.99958 187.317
0.999522 -0.00855354 -0.0296935 75.9772 0.00826143 0.999916 -0.00994615 -5.14539 0.0297761 0.00969609 0.99951 188.249
0.999403 0.00184632 -0.0344988 75.9193 -0.00174003 0.999994 0.00311088 -5.15972 0.0345043 -0.003049 0.9994 189.176
0.999209 0.00688671 -0.0391753 75.868 -0.00647792 0.999923 0.0105524 -5.17203 0.0392449 -0.0102903 0.999177 190.088
0.999057 0.00617164 -0.0429875 75.8249 -0.0058463 0.999953 0.00768986 -5.18587 0.0430329 -0.00743129 0.999046 190.998
0.998965 0.00804557 -0.0447582 75.7704 -0.00820323 0.999961 -0.00333986 -5.18809 0.0447296 0.00370356 0.998992 191.893
0.998697 0.0188538 -0.0474207 75.7036 -0.0194615 0.999734 -0.012386 -5.20279 0.0471745 0.0132927 0.998798 192.795
0.998635 0.0170357 -0.0493656 75.6492 -0.0178508 0.999711 -0.0161177 -5.21724 0.0490767 0.016977 0.998651 193.712
0.998586 0.0113566 -0.0519359 75.6091 -0.011957 0.999865 -0.0112659 -5.23976 0.0518009 0.011871 0.998587 194.624
0.998591 0.011534 -0.0517921 75.5532 -0.0116998 0.999927 -0.0028996 -5.25359 0.0517549 0.00350147 0.998654 195.55
0.998583 0.0130386 -0.0515892 75.4951 -0.0129192 0.999913 0.00264656 -5.26709 0.0516192 -0.00197632 0.998665 196.476
0.998495 0.0121874 -0.0534729 75.4423 -0.01211 0.999925 0.00177082 -5.28283 0.0534905 -0.0011206 0.998568 197.397
0.99843 0.00888274 -0.0553114 75.3807 -0.00929615 0.999931 -0.00722133 -5.30362 0.0552434 0.00772418 0.998443 198.308
0.99835 -0.00183229 -0.0573967 75.3352 0.000756799 0.999824 -0.0187539 -5.3228 0.057421 0.0186795 0.998175 199.231
0.998157 -0.0118515 -0.0595111 75.2931 0.0105073 0.999684 -0.0228485 -5.34505 0.059763 0.0221811 0.997966 200.159
0.99807 -0.00936763 -0.0613917 75.2465 0.00827326 0.999803 -0.018056 -5.37178 0.0615488 0.0175132 0.99795 201.088
0.998034 -0.00322824 -0.0625878 75.1737 0.00279689 0.999972 -0.00697834 -5.40303 0.0626086 0.00678957 0.998015 202.011
0.997924 -0.00267554 -0.0643405 75.1144 0.00246914 0.999992 -0.00328725 -5.42841 0.0643487 0.00312156 0.997923 202.925
0.997856 -0.00366415 -0.0653416 75.0549 0.00321837 0.999971 -0.00692627 -5.45024 0.0653651 0.00670113 0.997839 203.836
0.997872 -0.00353091 -0.0651148 74.9939 0.00268508 0.999911 -0.0130728 -5.46557 0.0651552 0.0128702 0.997792 204.736
0.997854 0.00335185 -0.0653852 74.9188 -0.00423177 0.999902 -0.0133236 -5.48569 0.0653341 0.0135718 0.997771 205.639
0.997825 0.00559537 -0.065674 74.8493 -0.0062704 0.99993 -0.0100768 -5.50883 0.065613 0.0104667 0.99779 206.537
0.997736 0.00965656 -0.0665559 74.7811 -0.010153 0.999923 -0.00712513 -5.5268 0.066482 0.00778474 0.997757 207.436
0.997692 0.0126294 -0.0667201 74.7114 -0.0129607 0.999906 -0.00453563 -5.54397 0.0666566 0.00538991 0.997761 208.321
0.997619 0.0160308 -0.0670787 74.6392 -0.0164 0.999853 -0.0049566 -5.56346 0.0669894 0.00604489 0.997735 209.206
0.997587 0.0139922 -0.0680098 74.5831 -0.0146068 0.999857 -0.00854838 -5.58562 0.0678805 0.00952115 0.997648 210.072
0.997486 0.0159731 -0.0690414 74.5171 -0.0169739 0.999759 -0.013934 -5.60489 0.0688022 0.0150709 0.997516 210.944
