0.999054 -0.000530993 0.0434742 0.0470815 0.000641352 0.999997 -0.00252459 -0.0247221 -0.0434727 0.00255009 0.999051 1.07431
0.99607 -0.00457708 0.0884548 0.145937 0.00524336 0.99996 -0.00730149 -0.050217 -0.0884178 0.00773659 0.996053 2.143
0.991006 -0.00365305 0.133767 0.284979 0.00521683 0.999922 -0.0113417 -0.0735808 -0.133715 0.0119375 0.990948 3.20666
0.983768 -0.00175422 0.179438 0.475168 0.00430038 0.999896 -0.0138017 -0.104713 -0.179395 0.0143493 0.983672 4.25503
0.974318 -0.00420553 0.225139 0.718138 0.00751241 0.999876 -0.0138335 -0.136944 -0.225053 0.0151695 0.974228 5.31082
0.962802 -0.00513316 0.27016 1.00283 0.00951777 0.999843 -0.0149221 -0.17213 -0.270041 0.0169384 0.9627 6.35877
0.94933 -0.0075056 0.314193 1.33419 0.0136487 0.999756 -0.0173566 -0.210695 -0.313986 0.0207654 0.949201 7.3683
0.934343 -0.00953423 0.356247 1.71991 0.0174956 0.999664 -0.0191325 -0.244909 -0.355945 0.0241091 0.934196 8.36966
0.916973 -0.00925431 0.398842 2.13668 0.018685 0.99963 -0.0197641 -0.280232 -0.398512 0.0255756 0.916807 9.34747
0.89737 -0.00941847 0.441178 2.58837 0.0196207 0.999635 -0.0185685 -0.317166 -0.440843 0.025319 0.897227 10.2903
0.875403 -0.00887582 0.483313 3.09592 0.0199679 0.999642 -0.0178091 -0.352718 -0.482982 0.0252409 0.875266 11.2291
0.851413 -0.00858403 0.524425 3.634 0.0202597 0.999658 -0.0165291 -0.396274 -0.524104 0.0246978 0.851296 12.1215
0.825919 -0.00887288 0.56372 4.21257 0.0219559 0.999624 -0.0164341 -0.436574 -0.563362 0.0259502 0.825803 12.9818
0.798456 -0.01066 0.601959 4.83631 0.0252454 0.999557 -0.0157852 -0.478917 -0.601524 0.0278004 0.798371 13.8212
0.769577 -0.0094954 0.638483 5.49868 0.025825 0.999534 -0.0162625 -0.51382 -0.638031 0.0290041 0.769464 14.6333
0.739167 -0.0126681 0.673403 6.2059 0.0309402 0.999406 -0.0151609 -0.548097 -0.672811 0.0320416 0.73912 15.397
0.706956 -0.0117932 0.707159 6.92411 0.0314262 0.999397 -0.0147504 -0.581981 -0.706559 0.0326512 0.706901 16.126
0.672936 -0.0110321 0.739618 7.69113 0.0334863 0.999318 -0.0155616 -0.615036 -0.738942 0.035239 0.672847 16.8254
0.637438 -0.0120236 0.770408 8.4804 0.038042 0.99915 -0.0158826 -0.645894 -0.769562 0.0394321 0.637354 17.4806
0.600951 -0.0107913 0.799213 9.30327 0.0388496 0.999121 -0.0157216 -0.686239 -0.798341 0.040497 0.600843 18.0984
0.563249 -0.00983286 0.826229 10.1495 0.0419882 0.998978 -0.016735 -0.726986 -0.82522 0.0441178 0.563086 18.6771
0.524678 -0.00826825 0.851261 11.0319 0.0466713 0.998728 -0.0190655 -0.761029 -0.850021 0.0497327 0.524397 19.2055
0.486097 -0.00702015 0.873876 11.9313 0.0481908 0.998662 -0.0187838 -0.793947 -0.872575 0.0512436 0.485785 19.7009
0.447685 -0.00887725 0.894147 12.8698 0.0537968 0.998407 -0.0170228 -0.823575 -0.892572 0.0557231 0.447449 20.1628
0.41077 -0.00919228 0.911693 13.8218 0.0575542 0.998216 -0.0158668 -0.853246 -0.909921 0.0589894 0.410566 20.5835
0.375635 -0.00680462 0.926743 14.7951 0.0592885 0.998101 -0.0167028 -0.882601 -0.924869 0.0612193 0.375325 20.9725
0.342379 -0.00736716 0.939533 15.7891 0.0596747 0.998121 -0.0139197 -0.910292 -0.937665 0.0608322 0.342175 21.3381
0.309143 -0.0090411 0.950973 16.8103 0.0628543 0.997963 -0.0109449 -0.936959 -0.948936 0.0631563 0.309082 21.6648
0.276822 -0.00908264 0.960878 17.8784 0.0638899 0.997917 -0.00897349 -0.96401 -0.958795 0.0638745 0.276826 21.9439
0.244728 -0.00608515 0.969573 18.9175 0.0616882 0.998052 -0.00930672 -0.98349 -0.967627 0.0620888 0.244627 22.2075
0.214058 -0.00436484 0.976811 20.0062 0.0620329 0.998032 -0.0091342 -0.998686 -0.974849 0.0625497 0.213908 22.4428
0.183497 -0.00389614 0.983013 21.0891 0.0640031 0.997918 -0.00799214 -1.01775 -0.980934 0.0643824 0.183365 22.6474
0.153088 -0.00406112 0.988204 22.1884 0.066025 0.997799 -0.00612776 -1.03539 -0.986004 0.0661843 0.15302 22.8104
0.122838 -0.00476959 0.992415 23.3218 0.065133 0.997871 -0.00326614 -1.05133 -0.990287 0.0650402 0.122887 22.944
0.093384 -0.0049911 0.995618 24.4607 0.0659285 0.997824 -0.0011816 -1.06533 -0.993445 0.0657499 0.0935098 23.0516
0.0658804 -0.00481193 0.997816 25.6201 0.0684817 0.997652 0.00028966 -1.07781 -0.995475 0.0683131 0.0660553 23.1472
0.0405617 -0.00424572 0.999168 26.7855 0.0728183 0.997344 0.00128188 -1.08372 -0.99652 0.0727057 0.0407631 23.1945
0.0179807 -0.00390975 0.999831 28.0042 0.076907 0.997035 0.00251574 -1.0978 -0.996876 0.0768487 0.0182281 23.2079
-0.00245367 -0.00390595 0.999989 29.2129 0.0831199 0.996531 0.0040964 -1.09788 -0.996537 0.083129 -0.0021205 23.2081
-0.0199273 -0.00462286 0.999791 30.4383 0.0876563 0.996131 0.00635306 -1.10712 -0.995951 0.0877645 -0.019445 23.1796
-0.0352095 -0.00445281 0.99937 31.6824 0.0910224 0.99582 0.00764386 -1.10841 -0.995226 0.0912342 -0.034657 23.1225
-0.0493996 -0.00509004 0.998766 32.9329 0.0939806 0.995527 0.00972186 -1.11287 -0.994348 0.0943449 -0.0487002 23.0575
-0.062561 -0.0058601 0.998024 34.1682 0.0938072 0.995521 0.0117257 -1.10253 -0.993623 0.0943554 -0.0617311 22.983
-0.0749696 -0.0055203 0.997171 35.4519 0.0935391 0.995537 0.0125437 -1.09506 -0.992789 0.0942148 -0.0741186 22.9086
-0.0862069 -0.00255386 0.996274 36.7081 0.0932601 0.995585 0.0106218 -1.08998 -0.991903 0.0938283 -0.0855882 22.804
-0.0960398 0.000913556 0.995377 37.9828 0.0937119 0.995566 0.00812814 -1.08586 -0.990956 0.0940593 -0.0956996 22.6705
-0.105589 0.0036045 0.994403 39.2984 0.0946239 0.995492 0.00643899 -1.07779 -0.989898 0.0947743 -0.105454 22.5335
-0.112768 0.00457728 0.993611 40.6594 0.0944992 0.995506 0.00613897 -1.09097 -0.989117 0.0945877 -0.112693 22.3694
-0.118193 0.00531074 0.992976 42.008 0.0945413 0.995503 0.00592893 -1.08324 -0.98848 0.0945781 -0.118164 22.2044
-0.123436 0.00705165 0.992328 43.3744 0.0956844 0.9954 0.00482871 -1.07458 -0.987729 0.0955463 -0.123543 22.0453
-0.127627 0.00851145 0.991786 44.747 0.0949876 0.995472 0.0036803 -1.08032 -0.987263 0.094677 -0.127857 21.8747
-0.131603 0.00936083 0.991258 46.1705 0.0956965 0.995405 0.00330504 -1.08334 -0.986673 0.0952949 -0.131894 21.6792
-0.13459 0.00802232 0.990869 47.601 0.0958164 0.995387 0.00495586 -1.09319 -0.986258 0.0956085 -0.134738 21.4908
-0.136839 0.00620898 0.990574 49.0837 0.0965972 0.995298 0.00710548 -1.08637 -0.985872 0.096659 -0.136796 21.293
-0.138847 0.00485748 0.990302 50.5906 0.0972141 0.995225 0.00874845 -1.09361 -0.985531 0.097486 -0.138656 21.0736
-0.140865 0.00596454 0.990011 52.1228 0.100713 0.994881 0.00833617 -1.08512 -0.984893 0.100881 -0.140744 20.8518
-0.141943 0.00561348 0.989859 53.6476 0.100519 0.994896 0.00877216 -1.07951 -0.984758 0.100745 -0.141783 20.6371
-0.142238 0.00720266 0.989806 55.2166 0.102388 0.994716 0.00747512 -1.06367 -0.984523 0.102408 -0.142224 20.4062
-0.14223 0.00748576 0.989805 56.7992 0.102022 0.994757 0.00713684 -1.0638 -0.984562 0.101997 -0.142248 20.1828
-0.141685 0.00885535 0.989872 58.4046 0.102502 0.994716 0.00577299 -1.06992 -0.984591 0.102282 -0.141844 19.9593
-0.140312 0.0085221 0.990071 60.0177 0.103503 0.99461 0.00610723 -1.07049 -0.984682 0.103332 -0.140438 19.7242
-0.139286 0.0072291 0.990226 61.6623 0.102266 0.994732 0.00712279 -1.06706 -0.984957 0.102259 -0.139291 19.509
-0.137558 0.00781574 0.990463 63.3462 0.103645 0.994593 0.00654611 -1.07517 -0.985056 0.103557 -0.137624 19.2482
-0.136353 0.00844119 0.990624 65.0595 0.103231 0.994641 0.00573367 -1.06818 -0.985267 0.103045 -0.136493 19.0072
-0.135292 0.00910352 0.990764 66.7849 0.104919 0.994467 0.00518954 -1.07384 -0.985235 0.104652 -0.135499 18.7655
-0.13419 0.00888125 0.990916 68.5041 0.104646 0.994496 0.00525787 -1.07253 -0.985415 0.104401 -0.134381 18.5442
-0.133353 0.00740663 0.991041 70.294 0.106661 0.994271 0.0069214 -1.05987 -0.985312 0.106628 -0.133379 18.2967
-0.132782 0.00548801 0.99113 72.078 0.108695 0.994034 0.00905785 -1.05772 -0.985167 0.108934 -0.132586 18.0625
-0.131886 0.00648632 0.991244 73.8557 0.110917 0.993795 0.00825453 -1.07002 -0.98504 0.111034 -0.131787 17.8261
-0.131294 0.00837562 0.991308 75.6575 0.113381 0.99353 0.00662236 -1.06606 -0.984838 0.113265 -0.131394 17.6032
-0.130799 0.00802214 0.991376 77.4777 0.11273 0.993602 0.00683306 -1.06636 -0.984979 0.112651 -0.130867 17.3626
-0.130913 0.00756015 0.991365 79.3075 0.11298 0.99357 0.00734235 -1.073 -0.984935 0.112965 -0.130925 17.1473
-0.130674 0.00644645 0.991404 81.1672 0.112453 0.993622 0.00836127 -1.06307 -0.985027 0.112579 -0.130566 16.9198
-0.130533 0.00637918 0.991424 83.0593 0.114179 0.993423 0.00864092 -1.06773 -0.984847 0.114327 -0.130402 16.6581
-0.130999 0.00581619 0.991365 84.9602 0.114327 0.9934 0.00927909 -1.07064 -0.984768 0.114556 -0.1308 16.434
-0.130999 0.00694095 0.991358 86.875 0.115058 0.993325 0.00824917 -1.06557 -0.984683 0.115144 -0.130923 16.1804
-0.131927 0.00760446 0.99123 88.8455 0.114487 0.993396 0.00761656 -1.05983 -0.984626 0.114488 -0.131927 15.9314
-0.132644 0.00764083 0.991134 90.7565 0.114217 0.993427 0.00762716 -1.07403 -0.984561 0.114216 -0.132645 15.6736
-0.133657 0.00823345 0.990994 92.7151 0.113475 0.993516 0.0070501 -1.0718 -0.98451 0.113395 -0.133724 15.4054
-0.134757 0.00746955 0.99085 94.7299 0.112225 0.993652 0.00777207 -1.05962 -0.984503 0.112245 -0.13474 15.1423
-0.135486 0.00730898 0.990752 96.7165 0.112628 0.993604 0.00807193 -1.058 -0.984357 0.11268 -0.135443 14.8672
-0.135741 0.00592348 0.990727 98.728 0.110513 0.993832 0.00919949 -1.07061 -0.984561 0.110737 -0.135558 14.5835
-0.137804 0.00671451 0.990437 100.764 0.111005 0.993782 0.00870735 -1.07537 -0.98422 0.111143 -0.137692 14.3301
-0.140673 0.00738641 0.990029 102.736 0.109477 0.993956 0.00813987 -1.06253 -0.983985 0.109531 -0.140631 14.0801
-0.144951 0.00858477 0.989402 104.849 0.110334 0.993866 0.00754085 -1.04994 -0.983268 0.110258 -0.145009 13.7739
-0.149939 0.00774479 0.988665 106.934 0.1085 0.994059 0.00866784 -1.04669 -0.982724 0.10857 -0.149889 13.4921
-0.155003 0.00672755 0.987891 109.012 0.107373 0.994168 0.0100769 -1.06154 -0.982062 0.107635 -0.154822 13.1932
-0.159487 0.00791141 0.987168 111.082 0.106528 0.994267 0.00924239 -1.04953 -0.981435 0.106635 -0.159416 12.8746
-0.164334 0.00966992 0.986357 113.173 0.107032 0.994223 0.00808512 -1.05399 -0.980581 0.1069 -0.164419 12.5406
-0.168579 0.0115072 0.985621 115.262 0.106911 0.994246 0.00667797 -1.06111 -0.979873 0.106499 -0.16884 12.1797
-0.173247 0.0117607 0.984808 117.382 0.105234 0.994425 0.00663723 -1.05798 -0.97924 0.104785 -0.173519 11.811
-0.178083 0.0115235 0.983948 119.497 0.103524 0.994602 0.00708827 -1.0559 -0.978555 0.103124 -0.178314 11.436
-0.183479 0.0107076 0.982965 121.658 0.101498 0.994803 0.00810908 -1.06035 -0.97777 0.101257 -0.183613 11.0448
-0.189069 0.0102566 0.98191 123.804 0.100776 0.994868 0.00901272 -1.06525 -0.976779 0.100657 -0.189132 10.6425
-0.194319 0.0101116 0.980886 125.94 0.100499 0.99489 0.00965332 -1.05825 -0.975777 0.100453 -0.194342 10.22
-0.200302 0.0118596 0.979662 128.078 0.100812 0.994869 0.00856848 -1.04486 -0.974534 0.100478 -0.20047 9.81409
-0.205829 0.012707 0.978506 130.217 0.101151 0.994836 0.00835805 -1.05236 -0.973346 0.100697 -0.206051 9.3789
-0.211361 0.0123384 0.97733 132.362 0.102342 0.994703 0.00957525 -1.06465 -0.972035 0.102046 -0.211505 8.91097
-0.21677 0.0124171 0.976144 134.591 0.102155 0.994718 0.010032 -1.06794 -0.970863 0.101893 -0.216894 8.41667
-0.221696 0.0132064 0.975026 136.784 0.101431 0.994796 0.00958862 -1.05203 -0.969826 0.101024 -0.221882 7.93103
-0.227132 0.0136795 0.973768 139.011 0.101286 0.994811 0.00965004 -1.05898 -0.968582 0.100821 -0.227339 7.44173
-0.231194 0.0131471 0.972819 141.184 0.102573 0.994665 0.0109344 -1.04709 -0.967485 0.102312 -0.23131 6.93439
-0.23524 0.0130677 0.971849 143.451 0.104302 0.994475 0.0118749 -1.03229 -0.966325 0.10416 -0.235303 6.37229
-0.238504 0.014066 0.97104 145.706 0.105358 0.994368 0.0114738 -1.00552 -0.96541 0.105043 -0.238643 5.81274
-0.241525 0.0147288 0.970283 147.96 0.106146 0.994286 0.0113291 -0.996484 -0.964572 0.105728 -0.241708 5.26476
-0.245112 0.0146498 0.969384 150.195 0.104835 0.994423 0.0114796 -0.986106 -0.96381 0.104439 -0.245281 4.72079
-0.249094 0.0151073 0.968361 152.378 0.10359 0.994558 0.0111309 -0.984352 -0.962923 0.103086 -0.249303 4.16164
-0.253554 0.016016 0.967189 154.568 0.102328 0.994697 0.0103545 -0.97609 -0.961894 0.101596 -0.253848 3.60843
-0.257891 0.0154796 0.96605 156.792 0.101418 0.994782 0.011134 -0.983394 -0.960836 0.100846 -0.258115 3.02346
-0.261829 0.0160402 0.964981 159.058 0.102145 0.994707 0.0111807 -0.971746 -0.959694 0.101495 -0.262081 2.38177
-0.266862 0.0162768 0.963597 161.355 0.103377 0.994572 0.0118297 -1.00357 -0.958174 0.102771 -0.267096 1.80564
-0.271035 0.0158066 0.96244 163.603 0.103834 0.994511 0.0129077 -1.01592 -0.956953 0.103433 -0.271188 1.18213
-0.275353 0.01495 0.961227 165.888 0.103754 0.994501 0.0142538 -1.01981 -0.955728 0.103656 -0.27539 0.539305
-0.280011 0.0145428 0.959887 168.169 0.104093 0.99445 0.0152989 -1.02128 -0.954337 0.104202 -0.279971 -0.0950167
-0.283586 0.0158144 0.958816 170.486 0.105319 0.994329 0.0147498 -0.985597 -0.953146 0.105165 -0.283644 -0.77694
-0.286884 0.0170286 0.957814 172.784 0.105826 0.994286 0.0140201 -0.974792 -0.952102 0.105384 -0.287047 -1.45361
-0.290426 0.0182918 0.956723 175.13 0.105843 0.994296 0.01312 -0.973359 -0.951026 0.105073 -0.290706 -2.15845
-0.293652 0.0199104 0.955705 177.476 0.106804 0.994206 0.0121043 -0.933474 -0.949927 0.105628 -0.294077 -2.85748
-0.297718 0.0206275 0.954431 179.885 0.106479 0.994246 0.0117262 -0.940045 -0.948697 0.105118 -0.298201 -3.53775
-0.301048 0.0206431 0.953386 182.265 0.106898 0.994195 0.0122281 -0.928473 -0.947599 0.105596 -0.301507 -4.27453
-0.305102 0.0202586 0.952104 184.62 0.106152 0.994267 0.0128606 -0.935813 -0.946385 0.104991 -0.305503 -5.04438
-0.308656 0.0213383 0.950934 186.933 0.108074 0.994061 0.0127729 -0.90508 -0.945014 0.106714 -0.309129 -5.80249
-0.312222 0.0215156 0.949765 189.368 0.109533 0.993892 0.0134922 -0.88741 -0.943674 0.108243 -0.312672 -6.56255
-0.314923 0.0212144 0.94888 191.696 0.110332 0.99379 0.0143997 -0.871218 -0.942682 0.109227 -0.315308 -7.30909
-0.317787 0.0205601 0.947939 194.11 0.109756 0.993842 0.015239 -0.846183 -0.941788 0.108885 -0.318087 -8.11411
-0.320361 0.0210804 0.947061 196.46 0.108897 0.993944 0.0147123 -0.824599 -0.941016 0.107845 -0.320716 -8.8918
-0.323228 0.0227826 0.946047 198.853 0.108022 0.994064 0.0129679 -0.816994 -0.940136 0.106385 -0.32377 -9.68705
-0.326323 0.0246842 0.944936 201.214 0.107609 0.99413 0.0111924 -0.808374 -0.939113 0.105336 -0.327064 -10.4912
-0.329589 0.0256348 0.943776 203.712 0.106022 0.994313 0.0100177 -0.788373 -0.938153 0.103362 -0.330433 -11.3507
-0.332964 0.0263308 0.942572 206.105 0.103978 0.994539 0.00894753 -0.781237 -0.937189 0.100985 -0.333883 -12.1846
-0.336803 0.0269901 0.941188 208.495 0.105348 0.994393 0.00918256 -0.769025 -0.935663 0.102245 -0.337757 -13.0193
-0.340265 0.0263817 0.939959 210.861 0.104991 0.994422 0.0100965 -0.760382 -0.93445 0.102123 -0.341137 -13.8595
-0.343486 0.0258232 0.938803 213.24 0.104625 0.994452 0.010926 -0.75542 -0.933312 0.101975 -0.344282 -14.7303
-0.347547 0.025386 0.937319 215.671 0.104442 0.994461 0.0117921 -0.761008 -0.931828 0.101993 -0.348273 -15.6242
-0.350999 0.0252785 0.936035 218.164 0.103255 0.994584 0.0118595 -0.761599 -0.930665 0.100813 -0.351708 -16.5501
-0.354817 0.0256917 0.934583 220.648 0.102104 0.994708 0.0114197 -0.745912 -0.929344 0.0994769 -0.355563 -17.4872
-0.358414 0.0261775 0.933196 223.132 0.101899 0.994731 0.011233 -0.738901 -0.927985 0.099118 -0.359193 -18.4263
-0.361202 0.0266612 0.932107 225.565 0.102598 0.994659 0.0113077 -0.738894 -0.926826 0.099717 -0.362008 -19.3461
-0.363692 0.0265004 0.931142 228.012 0.103663 0.994538 0.012185 -0.725165 -0.925733 0.100957 -0.364453 -20.2955
-0.366754 0.025551 0.929967 230.449 0.104391 0.99444 0.0138465 -0.732839 -0.924443 0.102158 -0.367382 -21.2044
-0.36921 0.0264789 0.928969 232.845 0.105528 0.994323 0.0135993 -0.719471 -0.923335 0.103053 -0.369909 -22.1337
-0.37183 0.0273099 0.927899 235.231 0.105108 0.994378 0.0128525 -0.702407 -0.922331 0.102308 -0.37261 -23.0964
-0.37418 0.0274718 0.926949 237.66 0.104834 0.994407 0.012847 -0.707147 -0.921411 0.101983 -0.374968 -24.0743
-0.376714 0.0287978 0.925882 240.072 0.104507 0.994457 0.0115903 -0.68895 -0.920415 0.101127 -0.377636 -25.0484
-0.379405 0.0296341 0.924756 242.508 0.104284 0.994488 0.0109166 -0.702137 -0.919335 0.100579 -0.380404 -26.0703
-0.382111 0.0295554 0.923644 244.966 0.102148 0.994715 0.0104289 -0.701077 -0.918454 0.0983331 -0.38311 -27.0591
-0.385165 0.0305962 0.92234 247.414 0.103068 0.994624 0.0100469 -0.694704 -0.917074 0.0989336 -0.386248 -28.0482
-0.387795 0.0302101 0.92125 249.787 0.10481 0.994426 0.0115093 -0.692448 -0.915767 0.101019 -0.3888 -29.0272
-0.389914 0.0295262 0.920378 252.164 0.105936 0.994288 0.0129819 -0.698997 -0.914737 0.102563 -0.390815 -30.047
-0.392989 0.0285249 0.919101 254.659 0.104795 0.994396 0.0139466 -0.713039 -0.913552 0.101798 -0.393776 -31.0971
-0.396063 0.0287677 0.917773 257.101 0.103491 0.994539 0.0134875 -0.69551 -0.912373 0.100323 -0.396877 -32.127
-0.399595 0.027583 0.916277 259.547 0.10156 0.994726 0.0143464 -0.709595 -0.911048 0.0987896 -0.400289 -33.1747
-0.402736 0.027432 0.914905 262.056 0.101187 0.994759 0.0147156 -0.674744 -0.909706 0.098503 -0.403401 -34.2524
-0.406486 0.027568 0.913241 264.68 0.100597 0.994818 0.0147455 -0.677199 -0.908102 0.0978634 -0.407153 -35.38
-0.410021 0.0270225 0.911676 267.239 0.100054 0.994861 0.0155106 -0.663105 -0.906572 0.0975764 -0.410618 -36.542
-0.413532 0.0261727 0.910113 269.683 0.0989418 0.994959 0.0163438 -0.675473 -0.905098 0.0968069 -0.414037 -37.6736
-0.417193 0.0262101 0.90844 272.009 0.0982561 0.995026 0.016415 -0.656961 -0.903491 0.0961079 -0.417693 -38.7413
-0.421164 0.0267503 0.90659 274.452 0.0982333 0.99503 0.0162752 -0.659783 -0.901649 0.0959119 -0.421699 -39.8387
-0.424407 0.0270709 0.905067 276.87 0.0985444 0.994997 0.0164491 -0.649617 -0.900093 0.0961704 -0.424952 -40.9595
-0.428001 0.0268373 0.903379 279.294 0.0989071 0.994946 0.0173025 -0.66237 -0.89835 0.0967561 -0.428493 -42.0848
-0.431991 0.0269936 0.901474 281.735 0.0972582 0.995117 0.016809 -0.648918 -0.896618 0.094937 -0.432507 -43.2072
-0.434919 0.0276888 0.900044 284.13 0.0985504 0.994987 0.0170119 -0.620617 -0.895061 0.0960984 -0.435467 -44.3852
-0.439013 0.0287093 0.898022 286.745 0.0991344 0.994935 0.0166559 -0.576335 -0.892995 0.096337 -0.439635 -45.5808
-0.442688 0.0296725 0.896185 289.183 0.100115 0.994839 0.0165148 -0.563145 -0.891069 0.0970324 -0.443374 -46.7686
-0.446009 0.0313763 0.894478 291.636 0.102832 0.994564 0.0163877 -0.567645 -0.889101 0.0992904 -0.446811 -47.9658
-0.448411 0.0322293 0.893246 294.056 0.10381 0.994465 0.0162313 -0.537268 -0.887779 0.100006 -0.449275 -49.1921
-0.450909 0.0345182 0.891902 296.423 0.105919 0.994261 0.0150687 -0.503151 -0.886263 0.101264 -0.451977 -50.3721
-0.453896 0.0370451 0.890284 298.803 0.107762 0.994084 0.0135762 -0.484687 -0.884514 0.102101 -0.455203 -51.5502
-0.456849 0.0375962 0.88875 301.145 0.108911 0.993954 0.0139375 -0.47412 -0.882852 0.103162 -0.458181 -52.7495
-0.459844 0.0386401 0.887159 303.439 0.108677 0.993992 0.0130379 -0.43963 -0.881325 0.102409 -0.46128 -53.9295
-0.462961 0.0388498 0.885527 305.81 0.108421 0.994019 0.0130737 -0.421652 -0.879723 0.102062 -0.464404 -55.1496
-0.466392 0.0400267 0.883672 308.19 0.109093 0.993952 0.0125558 -0.405621 -0.877825 0.102258 -0.467938 -56.3963
-0.469791 0.0401674 0.881864 310.557 0.107878 0.994089 0.0121903 -0.376061 -0.876162 0.100861 -0.471347 -57.6376
-0.473199 0.0405206 0.880023 313.035 0.106116 0.99429 0.0112781 -0.342409 -0.874541 0.0987215 -0.474797 -58.895
-0.475772 0.040897 0.878617 315.477 0.107718 0.994108 0.0120567 -0.354835 -0.872948 0.100379 -0.477374 -60.2371
-0.477681 0.0409354 0.877579 317.829 0.10938 0.993913 0.0131754 -0.349787 -0.871698 0.102283 -0.479251 -61.5189
-0.480719 0.0411069 0.875911 320.375 0.109909 0.993847 0.0136789 -0.319964 -0.869959 0.102846 -0.482279 -62.8328
-0.483059 0.0411851 0.874619 322.922 0.109166 0.993932 0.0134896 -0.256892 -0.868756 0.101995 -0.484624 -64.2316
-0.485425 0.0406772 0.873331 325.321 0.108981 0.993941 0.0142802 -0.235065 -0.867459 0.102108 -0.486917 -65.5433
-0.488687 0.0408926 0.871501 327.803 0.110293 0.993783 0.0152155 -0.208603 -0.86546 0.103556 -0.490158 -66.8688
-0.491171 0.0408565 0.870105 330.322 0.110291 0.993777 0.015595 -0.173171 -0.864053 0.103624 -0.49262 -68.2616
-0.493269 0.0414258 0.86889 332.832 0.109164 0.993917 0.0145855 -0.154724 -0.863 0.102046 -0.494791 -69.6748
-0.495886 0.0438013 0.867282 335.313 0.108431 0.994034 0.011795 -0.122162 -0.861592 0.0998895 -0.497677 -71.0663
-0.499279 0.0431289 0.865367 337.744 0.106727 0.994216 0.0120263 -0.102743 -0.859843 0.0983626 -0.500994 -72.4341
-0.503545 0.041377 0.862978 340.244 0.105668 0.994303 0.0139835 -0.116139 -0.857483 0.0982307 -0.505049 -73.8825
-0.508536 0.0393266 0.860142 342.696 0.103557 0.994499 0.0157556 -0.0838518 -0.854791 0.0970857 -0.509811 -75.2933
-0.513335 0.038289 0.857334 345.131 0.102526 0.994586 0.0169692 -0.0624746 -0.852042 0.0966096 -0.514481 -76.7031
-0.518537 0.0387204 0.854178 347.657 0.102246 0.994614 0.0169829 -0.00435538 -0.84892 0.0961424 -0.519703 -78.1815
-0.523695 0.0397185 0.85098 350.174 0.103451 0.994485 0.0172476 0.0278898 -0.845601 0.0970672 -0.524915 -79.65
-0.526845 0.0407771 0.848983 352.636 0.105342 0.99428 0.0176152 0.0349937 -0.843408 0.0987141 -0.528127 -81.1827
-0.530317 0.0407423 0.84682 355.164 0.106203 0.994169 0.0186776 0.0624865 -0.841121 0.0998399 -0.531551 -82.7927
-0.534289 0.0398127 0.844364 357.592 0.106763 0.994069 0.0206854 0.0861683 -0.838532 0.101199 -0.535371 -84.3171
-0.537592 0.0375194 0.84237 360.083 0.104715 0.994247 0.0225443 0.108714 -0.836677 0.100329 -0.538428 -85.9811
-0.541521 0.0368139 0.839881 362.538 0.103306 0.994383 0.0230214 0.132849 -0.834316 0.0992314 -0.542283 -87.5463
-0.545787 0.036867 0.837113 364.998 0.103298 0.994371 0.0235564 0.180173 -0.831532 0.0993291 -0.546523 -89.097
-0.550202 0.0371112 0.834207 367.431 0.103949 0.994285 0.0243268 0.242732 -0.828536 0.100099 -0.550915 -90.6415
-0.554745 0.0360263 0.83124 369.753 0.105431 0.994052 0.0272786 0.232938 -0.825313 0.102771 -0.555244 -92.1238
-0.558139 0.035311 0.828996 372.157 0.104297 0.994156 0.027874 0.277545 -0.823166 0.102019 -0.55856 -93.7359
-0.561134 0.0340392 0.827025 374.596 0.103387 0.994212 0.0292278 0.331718 -0.821243 0.101905 -0.561406 -95.3907
-0.564294 0.0337114 0.824885 376.949 0.103471 0.994175 0.0301535 0.388631 -0.819064 0.102368 -0.564495 -96.9721
-0.56842 0.032842 0.822083 379.344 0.0997349 0.994585 0.0292272 0.458821 -0.816671 0.0986037 -0.568617 -98.535
-0.571363 0.032429 0.820057 381.723 0.0970471 0.994878 0.0282739 0.494022 -0.81494 0.0957388 -0.571583 -100.156
-0.574985 0.0319523 0.817539 384.169 0.0933616 0.995272 0.0267636 0.562076 -0.812819 0.0917155 -0.57525 -101.846
-0.578027 0.0295657 0.815482 386.564 0.0916986 0.995367 0.0289099 0.604775 -0.810849 0.0914892 -0.57806 -103.506
-0.581028 0.029102 0.813363 388.919 0.0931326 0.995173 0.0309224 0.654634 -0.808538 0.0937174 -0.580934 -105.184
-0.583862 0.0301195 0.811294 391.295 0.0935517 0.995151 0.0303808 0.721308 -0.806445 0.0936361 -0.583848 -106.874
-0.587253 0.0285913 0.808898 393.696 0.0907838 0.995397 0.030725 0.77317 -0.804296 0.0914782 -0.587145 -108.574
-0.590526 0.0249941 0.806632 396.037 0.0886871 0.995476 0.0340812 0.826792 -0.802131 0.0916636 -0.590071 -110.26
-0.593263 0.0229729 0.804681 398.622 0.0871023 0.995556 0.0357952 0.894607 -0.800283 0.0913255 -0.592627 -112.116
-0.596394 0.0221934 0.802385 401.002 0.0852 0.995721 0.0357863 0.999834 -0.798157 0.0897059 -0.595733 -113.866
-0.598932 0.0219346 0.8005 403.365 0.0842263 0.995806 0.0357316 1.06171 -0.796358 0.0888239 -0.598267 -115.612
-0.601408 0.0218625 0.798643 405.847 0.0841154 0.995803 0.0360824 1.15656 -0.794501 0.0888784 -0.600723 -117.493
-0.603998 0.0202028 0.796729 408.371 0.0829553 0.995842 0.0376364 1.1968 -0.792657 0.0888253 -0.603163 -119.442
-0.606661 0.0186797 0.794741 410.821 0.0800116 0.996082 0.0376643 1.25905 -0.790924 0.086438 -0.605779 -121.292
-0.609336 0.0152258 0.792766 413.183 0.0702072 0.996925 0.0348159 1.30097 -0.789798 0.0768724 -0.608531 -123.092
-0.612698 0.0183228 0.790105 415.54 0.0635362 0.997637 0.0261345 1.36909 -0.787759 0.0662128 -0.612415 -124.873
-0.615 0.0283692 0.788016 417.826 0.0733303 0.997079 0.0213344 1.40655 -0.78511 0.0709061 -0.615285 -126.65
-0.61582 0.0293842 0.787339 420.205 0.0807251 0.996398 0.0259529 1.44845 -0.783741 0.0795403 -0.615974 -128.493
-0.61786 0.0201464 0.78603 422.467 0.0798082 0.996116 0.0372024 1.51405 -0.782227 0.0857175 -0.617068 -130.267
-0.620651 0.00947508 0.78403 424.742 0.0732116 0.996259 0.0459157 1.61049 -0.780661 0.0858977 -0.619023 -132.014
-0.623973 0.00403852 0.781436 426.999 0.0678606 0.996489 0.0490365 1.72616 -0.778494 0.0836261 -0.622056 -133.777
-0.627175 0.00398911 0.778869 429.336 0.0672601 0.996529 0.0490565 1.83074 -0.775969 0.0831538 -0.625266 -135.676
-0.629785 0.00861337 0.776722 431.599 0.071736 0.99631 0.0471168 1.9329 -0.77345 0.0853923 -0.628079 -137.454
-0.631871 0.0157607 0.774914 433.875 0.0772044 0.996101 0.0426937 2.02293 -0.771219 0.0868036 -0.630624 -139.333
-0.634206 0.018984 0.772931 436.07 0.0786948 0.996092 0.0401056 2.1262 -0.769149 0.0862609 -0.633221 -141.103
-0.637331 0.0193016 0.770348 438.497 0.0791041 0.996044 0.0404886 2.22939 -0.766519 0.0867424 -0.636337 -143.138
-0.640221 0.0185085 0.767968 440.786 0.0794029 0.995949 0.0421918 2.31845 -0.764076 0.087991 -0.639097 -145.012
-0.642336 0.0176636 0.766219 442.98 0.0796588 0.995858 0.043822 2.41461 -0.762272 0.0891846 -0.641083 -146.847
-0.644106 0.0184186 0.764714 445.899 0.0803627 0.995807 0.0437035 2.58025 -0.760703 0.0896042 -0.642886 -149.258
-0.645175 0.0180731 0.763821 448.615 0.0797936 0.995847 0.043836 2.73183 -0.759856 0.0892299 -0.643938 -151.544
-0.646391 0.0191575 0.762766 450.728 0.0812278 0.995732 0.0438263 2.80539 -0.758671 0.0902867 -0.645188 -153.324
-0.647556 0.0190454 0.76178 452.948 0.0828252 0.995524 0.0455169 2.90658 -0.757503 0.0925693 -0.646235 -155.194
-0.648539 0.0177965 0.760973 455.233 0.0841104 0.99528 0.048407 3.00461 -0.75652 0.0953996 -0.646975 -157.162
-0.649119 0.0180124 0.760474 457.263 0.0863313 0.995005 0.0501225 3.11827 -0.755772 0.0981881 -0.647431 -158.964
-0.650264 0.0181198 0.759492 459.406 0.084877 0.995189 0.0489272 3.21424 -0.754952 0.096279 -0.648674 -160.784
-0.651463 0.0177985 0.758472 461.801 0.080848 0.995661 0.0460771 3.31956 -0.754361 0.0913385 -0.650075 -162.817
-0.652796 0.0172317 0.757338 464.054 0.0785412 0.995893 0.0450399 3.39678 -0.753451 0.0888841 -0.651468 -164.78
-0.653945 0.0161013 0.756371 466.263 0.0776849 0.995918 0.0459643 3.47004 -0.752543 0.0888167 -0.652526 -166.694
-0.655084 0.0145028 0.755417 468.445 0.075155 0.996108 0.0460493 3.54406 -0.751809 0.0869395 -0.653624 -168.538
-0.656084 0.0145391 0.754548 470.55 0.0734081 0.996303 0.0446314 3.63405 -0.751109 0.0846719 -0.654726 -170.35
-0.657015 0.0140611 0.753746 472.552 0.0726338 0.996355 0.0447255 3.72906 -0.75037 0.0841328 -0.655642 -172.096
-0.657718 0.0124727 0.753161 474.799 0.0731162 0.996199 0.0473531 3.82157 -0.749707 0.0862133 -0.65613 -174.023
-0.657525 0.0112442 0.753349 476.943 0.0759284 0.995787 0.0514078 3.91571 -0.749597 0.0910025 -0.655609 -175.894
-0.656428 0.0105378 0.754315 479.115 0.0812149 0.995078 0.0567745 4.03789 -0.750004 0.09853 -0.654053 -177.81
-0.654994 0.00967133 0.755572 481.337 0.0848405 0.994537 0.0608168 4.17232 -0.750856 0.103938 -0.652236 -179.785
-0.652998 0.00736886 0.757324 483.44 0.0793775 0.995111 0.0587602 4.30262 -0.753188 0.0984847 -0.650391 -181.63
-0.652113 0.00730043 0.758086 485.644 0.0727309 0.995944 0.0529728 4.44887 -0.754625 0.0896805 -0.649999 -183.503
-0.650145 0.00485304 0.759794 488.036 0.0674936 0.996395 0.051389 4.56061 -0.756806 0.0846916 -0.64813 -185.494
-0.647641 0.00491183 0.761929 490.264 0.0659545 0.996587 0.0496369 4.666 -0.759085 0.0823996 -0.645755 -187.356
-0.644657 0.00640759 0.764445 492.581 0.068736 0.9964 0.0496132 4.81856 -0.761376 0.0845284 -0.642777 -189.358
-0.64179 0.00664696 0.766852 494.776 0.0692668 0.996378 0.049334 4.93018 -0.763746 0.0847795 -0.639926 -191.151
-0.639781 0.00707178 0.768525 496.971 0.0667553 0.99669 0.0464011 5.02181 -0.765653 0.0809896 -0.638135 -192.963
-0.638165 0.00254863 0.769895 499.231 0.0602708 0.997091 0.0466576 5.12872 -0.767537 0.0761774 -0.636462 -194.838
-0.637274 -0.00368397 0.770628 501.38 0.0515779 0.997542 0.0474212 5.21639 -0.768909 0.0699677 -0.635518 -196.57
-0.636637 -0.0067735 0.771134 503.596 0.0450775 0.997925 0.0459809 5.30647 -0.769845 0.0640339 -0.63501 -198.373
-0.635856 -0.00795409 0.771766 505.861 0.0429187 0.998035 0.0456467 5.37419 -0.770613 0.062148 -0.634266 -200.21
-0.634809 -0.00801002 0.772627 508.05 0.0446152 0.997898 0.0470024 5.4454 -0.77138 0.0643085 -0.633117 -201.935
-0.633601 -0.00894068 0.773608 510.346 0.0461551 0.997715 0.0493327 5.58756 -0.772282 0.0669632 -0.631741 -203.834
-0.632428 -0.0110858 0.77454 512.594 0.0443885 0.997736 0.0505245 5.71834 -0.773346 0.0663338 -0.630504 -205.651
-0.631397 -0.0113428 0.775377 514.779 0.0423154 0.997899 0.0490558 5.82148 -0.774305 0.0637841 -0.62959 -207.412
-0.630394 -0.0104966 0.776204 517.066 0.0411055 0.998054 0.0468805 5.92277 -0.775186 0.0614594 -0.628736 -209.283
-0.629326 -0.00924354 0.777087 519.366 0.0414048 0.99811 0.0454044 6.02535 -0.776038 0.0607492 -0.627754 -211.105
-0.628309 -0.00898256 0.777912 521.784 0.0434708 0.997966 0.0466343 6.12339 -0.776749 0.0631172 -0.62664 -213.025
-0.626966 -0.00911281 0.778993 524.021 0.0451035 0.99783 0.047974 6.22048 -0.77774 0.0652134 -0.625195 -214.807
-0.625644 -0.00886747 0.780058 526.267 0.0455854 0.997811 0.0479045 6.3402 -0.778776 0.0655305 -0.62387 -216.669
-0.624701 -0.00933018 0.780808 528.563 0.0448298 0.997851 0.0477906 6.4731 -0.779576 0.0648583 -0.62294 -218.472
-0.623651 -0.00990113 0.78164 530.78 0.0455597 0.99776 0.0489897 6.5677 -0.780374 0.0661637 -0.621803 -220.239
-0.622747 -0.0112926 0.782341 533.14 0.0442837 0.997784 0.0496524 6.6715 -0.781169 0.0655659 -0.620868 -222.068
-0.621732 -0.0103551 0.783161 535.459 0.0440303 0.997869 0.0481486 6.79558 -0.781991 0.0644184 -0.619952 -223.882
-0.62111 -0.00921376 0.783669 537.798 0.0439489 0.997948 0.0465655 6.89878 -0.78249 0.0633636 -0.61943 -225.658
-0.620695 -0.00877821 0.784003 540.083 0.045033 0.997887 0.0468256 7.00862 -0.782758 0.0643704 -0.618988 -227.453
-0.620361 -0.0101664 0.78425 542.67 0.0444456 0.997854 0.0480929 7.12759 -0.783056 0.0646915 -0.618578 -229.387
-0.620354 -0.0109651 0.784246 545.361 0.0432661 0.997901 0.0481768 7.28536 -0.783128 0.0638179 -0.618577 -231.278
-0.620251 -0.0117017 0.784316 547.544 0.0422437 0.997939 0.048296 7.34941 -0.783265 0.063088 -0.618479 -232.992
-0.620526 -0.0113529 0.784103 550.107 0.0420246 0.997977 0.0477071 7.41895 -0.783059 0.0625552 -0.618794 -234.832
-0.620918 -0.0111107 0.783797 552.495 0.0422575 0.997971 0.0476228 7.52127 -0.782736 0.0626912 -0.619189 -236.691
-0.62111 -0.012181 0.783629 554.575 0.0422228 0.997907 0.0489779 7.61956 -0.782585 0.0635077 -0.619296 -238.338
-0.621299 -0.0133548 0.783459 556.728 0.041623 0.997881 0.0500177 7.72594 -0.782467 0.0636859 -0.619427 -240.024
-0.62109 -0.0135345 0.783622 558.702 0.0412498 0.997901 0.0499296 7.83975 -0.782653 0.0633351 -0.619228 -241.655
-0.621126 -0.0141394 0.783583 561.91 0.0401463 0.99795 0.0498305 7.91764 -0.782682 0.062409 -0.619286 -244.375
-0.62121 -0.0132491 0.783532 564.379 0.0398319 0.998031 0.0484562 8.15799 -0.782631 0.0613111 -0.619459 -246.181
-0.620872 -0.0129039 0.783806 566.577 0.0403252 0.998015 0.048373 8.25884 -0.782874 0.0616406 -0.61912 -247.917
-0.620236 -0.0129526 0.784308 569.333 0.0402278 0.998023 0.0482944 8.44107 -0.783383 0.061505 -0.618489 -250.266
-0.62044 -0.0126242 0.784152 571.607 0.04022 0.998042 0.0478908 8.53315 -0.783222 0.061252 -0.618718 -252.033
-0.620468 -0.0130066 0.784124 573.743 0.039335 0.998088 0.0476811 8.60636 -0.783244 0.0604281 -0.61877 -253.661
-0.621015 -0.0134141 0.783684 576.073 0.0398124 0.998023 0.0486314 8.71154 -0.782787 0.0614012 -0.619253 -255.457
-0.620686 -0.0143405 0.783928 578.456 0.0399124 0.997959 0.0498569 8.79562 -0.783043 0.0622339 -0.618846 -257.322
-0.620222 -0.0155976 0.784271 580.792 0.0398519 0.997885 0.0513618 8.89964 -0.783413 0.0631104 -0.618288 -259.15
-0.620228 -0.015184 0.784274 583.111 0.0398831 0.997909 0.0508609 9.00609 -0.783407 0.0628247 -0.618326 -260.882
-0.61985 -0.014583 0.784585 585.352 0.0407593 0.997879 0.0507488 9.11039 -0.783661 0.0634357 -0.617941 -262.624
-0.619821 -0.0149487 0.784601 587.646 0.0406138 0.997868 0.0510962 9.21829 -0.783691 0.0635361 -0.617892 -264.419
-0.619618 -0.0158159 0.784744 590.678 0.0404369 0.997826 0.0520385 9.25947 -0.783861 0.0639766 -0.617631 -267.087
-0.619597 -0.0160918 0.784755 592.889 0.0400609 0.997838 0.052091 9.36276 -0.783897 0.0637134 -0.617613 -268.809
-0.619779 -0.0155946 0.784621 595.16 0.0405238 0.997833 0.0518424 9.46856 -0.783729 0.0639266 -0.617804 -270.573
-0.619721 -0.0167407 0.784643 597.703 0.0400188 0.997798 0.0528958 9.67395 -0.783801 0.0641811 -0.617687 -272.62
-0.619795 -0.0176824 0.784565 600.073 0.0402418 0.997715 0.0542768 9.82239 -0.783732 0.0652128 -0.617667 -274.428
-0.619733 -0.0186508 0.784591 602.37 0.0394333 0.997715 0.0548647 9.94922 -0.783821 0.0649405 -0.617582 -276.247
-0.619947 -0.0177142 0.784444 604.69 0.0376181 0.997924 0.0522646 10.0751 -0.783741 0.0619105 -0.617994 -278.016
-0.619955 -0.0158005 0.784478 606.959 0.0371572 0.998084 0.0494673 10.1848 -0.783757 0.0598165 -0.61818 -279.8
-0.619982 -0.0153884 0.784465 609.352 0.0372856 0.9981 0.049047 10.2892 -0.783729 0.0596575 -0.618231 -281.692
-0.619952 -0.0168894 0.784458 611.603 0.0379559 0.997952 0.0514822 10.3988 -0.783721 0.0616913 -0.618042 -283.432
-0.61985 -0.0174873 0.784526 613.825 0.0391495 0.997818 0.0531735 10.514 -0.783743 0.0636734 -0.617812 -285.181
-0.619884 -0.0166053 0.784518 616.017 0.0401492 0.997795 0.0528432 10.6206 -0.783666 0.0642544 -0.61785 -286.845
-0.619954 -0.0150695 0.784494 618.348 0.0406957 0.997852 0.0513281 10.7705 -0.783582 0.0637466 -0.618009 -288.66
-0.619727 -0.0128914 0.784712 620.811 0.0429018 0.997814 0.050274 10.9118 -0.783644 0.0648217 -0.617818 -290.659
-0.619686 -0.0121547 0.784756 623.081 0.0449818 0.997687 0.0509728 11.0093 -0.78356 0.0668868 -0.617706 -292.396
-0.619584 -0.0129403 0.784824 625.31 0.0455299 0.997588 0.0523923 11.1108 -0.783609 0.0681944 -0.617501 -294.14
-0.619654 -0.0144868 0.784741 627.617 0.0441754 0.997601 0.0532984 11.2161 -0.783631 0.0676928 -0.617527 -295.886
-0.619566 -0.0141123 0.784818 629.951 0.0445985 0.99759 0.0531461 11.3363 -0.783677 0.0679292 -0.617444 -297.722
-0.618712 -0.0134397 0.785503 632.28 0.0457036 0.997545 0.0530667 11.4919 -0.784288 0.0687333 -0.616578 -299.615
-0.618634 -0.0143863 0.785548 634.727 0.0459102 0.997462 0.0544224 11.6115 -0.784337 0.0697322 -0.616403 -301.492
-0.618109 -0.0162694 0.785924 637.092 0.0443612 0.997471 0.0555376 11.7138 -0.78484 0.0691928 -0.615824 -303.334
-0.617972 -0.0180853 0.785992 639.579 0.0419067 0.997556 0.0559018 11.8548 -0.785082 0.0674841 -0.615704 -305.199
-0.617996 -0.0172502 0.785992 642.242 0.0414752 0.997652 0.054506 12.0072 -0.785086 0.0662837 -0.61583 -307.174
-0.617105 -0.015044 0.786737 644.448 0.0441394 0.997581 0.053698 12.121 -0.785642 0.0678634 -0.614948 -308.932
-0.616248 -0.0139119 0.787429 646.895 0.0454457 0.99755 0.0531903 12.2563 -0.78624 0.0685637 -0.614106 -310.833
-0.615665 -0.014558 0.787874 649.402 0.045799 0.997478 0.0542195 12.3838 -0.786676 0.0694649 -0.613445 -312.755
-0.615185 -0.0157332 0.788226 651.831 0.0457392 0.997405 0.0556065 12.5011 -0.787055 0.0702611 -0.612868 -314.632
-0.614145 -0.0138805 0.789071 654.121 0.0467107 0.997453 0.0539017 12.6318 -0.78781 0.0699615 -0.611932 -316.423
-0.613385 -0.0142883 0.789655 656.349 0.0458334 0.997507 0.0536515 12.7451 -0.788453 0.0691015 -0.611201 -318.143
-0.612817 -0.0141337 0.790099 658.602 0.0457043 0.997532 0.0532935 12.8645 -0.788902 0.06877 -0.610658 -319.903
-0.611666 -0.0148323 0.790977 661.36 0.0450652 0.997547 0.053555 13.0742 -0.789832 0.0684033 -0.609497 -322.201
-0.611428 -0.0148865 0.79116 663.675 0.0449899 0.997552 0.0535393 13.2172 -0.79002 0.0683296 -0.609262 -323.997
-0.610793 -0.0154108 0.79164 666.092 0.0442202 0.997586 0.0535382 13.3407 -0.790555 0.0677073 -0.608637 -325.907
-0.610621 -0.0164235 0.791752 668.331 0.042475 0.997667 0.0534528 13.4553 -0.790783 0.0662691 -0.608499 -327.596
-0.610817 -0.0156619 0.791617 670.726 0.041588 0.99779 0.0518305 13.5783 -0.790679 0.0645807 -0.608816 -329.37
-0.610864 -0.0160677 0.791572 673.405 0.0417776 0.997747 0.052493 13.7371 -0.790632 0.0651361 -0.608817 -331.408
-0.611104 -0.0172056 0.791363 676.034 0.0419166 0.997658 0.0540595 13.8929 -0.79044 0.0662073 -0.608951 -333.361
-0.611041 -0.0189069 0.791373 678.284 0.0406452 0.997647 0.0552183 13.9962 -0.790555 0.0659061 -0.608835 -335.118
-0.611139 -0.0181934 0.791314 680.788 0.0397076 0.997772 0.0536067 14.151 -0.790527 0.0641824 -0.609055 -336.95
-0.611033 -0.0170707 0.791421 683.017 0.0395201 0.997863 0.0520359 14.2514 -0.790618 0.0630728 -0.609053 -338.644
-0.610585 -0.0156967 0.791795 685.306 0.039872 0.997926 0.05053 14.3652 -0.790946 0.0624234 -0.608693 -340.401
-0.610457 -0.0153418 0.791901 687.939 0.0404076 0.997907 0.0504821 14.5278 -0.791018 0.062816 -0.608559 -342.583
-0.610597 -0.016163 0.791777 690.144 0.0407332 0.997827 0.0517816 14.6191 -0.790893 0.0638693 -0.608612 -344.254
-0.61057 -0.0169271 0.791782 692.42 0.041295 0.997731 0.053174 14.7144 -0.790885 0.0651631 -0.608485 -346.009
-0.610381 -0.0168562 0.791928 694.699 0.0413189 0.997735 0.0530835 14.8726 -0.791029 0.0651228 -0.608302 -347.771
-0.610319 -0.0168935 0.791976 696.981 0.0408016 0.997775 0.0527262 14.958 -0.791104 0.0644936 -0.608272 -349.476
-0.610236 -0.0162229 0.792054 699.439 0.040673 0.99783 0.051774 15.0869 -0.791175 0.0638096 -0.608252 -351.326
-0.609775 -0.0156309 0.79242 701.788 0.0413197 0.997819 0.0514785 15.2234 -0.791497 0.0641329 -0.607799 -353.058
-0.609195 -0.0157183 0.792865 704.167 0.0416061 0.997793 0.0517489 15.3367 -0.791928 0.0645132 -0.607197 -354.891
-0.60868 -0.016386 0.793247 706.449 0.0406901 0.997826 0.0518345 15.4589 -0.792372 0.0638279 -0.60669 -356.637
-0.607845 -0.0170328 0.793873 708.769 0.0399502 0.997848 0.0519978 15.5675 -0.79305 0.063322 -0.605857 -358.414
-0.607612 -0.0165319 0.794062 711.82 0.0386863 0.997981 0.0503799 15.7845 -0.793291 0.0613308 -0.605745 -360.869
-0.606759 -0.0166457 0.794711 714.346 0.0386043 0.997984 0.0503776 15.919 -0.793948 0.0612463 -0.604893 -362.806
-0.606335 -0.0171273 0.795025 716.667 0.03917 0.997911 0.0513715 16.0182 -0.794244 0.0622895 -0.604397 -364.611
-0.606026 -0.0170191 0.795263 719.046 0.039286 0.997911 0.0512936 16.1507 -0.794474 0.062328 -0.604091 -366.383
-0.606037 -0.0157841 0.79528 721.58 0.0393315 0.997985 0.0497796 16.2876 -0.794463 0.0614478 -0.604196 -368.247
-0.605087 -0.0141192 0.796034 724.321 0.0397483 0.99806 0.0479163 16.5221 -0.795167 0.0606345 -0.603352 -370.616
-0.604437 -0.0135764 0.796538 726.338 0.0403339 0.998051 0.0476176 16.6314 -0.795632 0.0609092 -0.602711 -372.094
-0.60398 -0.0144172 0.796869 728.684 0.0405529 0.997985 0.0487925 16.7459 -0.795967 0.061785 -0.602178 -373.879
-0.603451 -0.0149972 0.797259 731.093 0.0408394 0.99793 0.0496837 16.8477 -0.796353 0.0625413 -0.601589 -375.694
-0.602863 -0.0149491 0.797705 733.503 0.0403784 0.997972 0.0492179 17.0233 -0.796823 0.0618817 -0.601036 -377.315
-0.601982 -0.0147938 0.798373 735.841 0.0407357 0.997958 0.0492074 17.1238 -0.79747 0.0621442 -0.60015 -379.088
-0.601549 -0.0149854 0.798696 738.484 0.0403561 0.997977 0.0491192 17.2293 -0.797816 0.0617799 -0.599727 -380.99
-0.601047 -0.0139086 0.799092 740.9 0.040233 0.998054 0.0476334 17.346 -0.7982 0.0607798 -0.599318 -382.783
