0.999998 -0.00172704 -0.00130469 -0.00779126 0.00173077 0.999994 0.00286391 -0.0181086 0.00129973 -0.00286616 0.999995 1.69396
0.999996 -0.00136055 -0.00264679 -0.0232694 0.00137119 0.999991 0.00402484 -0.0335791 0.00264129 -0.00402846 0.999988 3.35635
0.99999 -3.75572e-05 -0.00436914 -0.0351564 5.37328e-05 0.999993 0.00370219 -0.0500968 0.00436897 -0.00370239 0.999984 4.97962
0.999984 0.000453753 -0.00569064 -0.0690365 -0.000430496 0.999992 0.00408743 -0.07856 0.00569244 -0.00408491 0.999975 6.62855
0.999976 0.000202605 -0.00694153 -0.0913925 -0.000170657 0.999989 0.00460272 -0.0948064 0.00694239 -0.00460142 0.999965 8.24177
0.999961 0.00060287 -0.00880756 -0.112346 -0.00055954 0.999988 0.00492136 -0.102361 0.00881042 -0.00491624 0.999949 9.86966
0.999944 -0.00148146 -0.0105017 -0.13048 0.00152471 0.99999 0.0041118 -0.117156 0.0104955 -0.00412758 0.999936 11.4673
0.999928 -0.00281646 -0.0116248 -0.156488 0.00287068 0.999985 0.00465084 -0.141405 0.0116116 -0.00468388 0.999922 13.1039
0.999911 -0.00235283 -0.0131205 -0.180696 0.00241129 0.999987 0.00444175 -0.153353 0.0131099 -0.00447299 0.999904 14.7315
0.999897 -0.00209878 -0.0142301 -0.205309 0.0021567 0.999989 0.00405641 -0.161923 0.0142214 -0.00408668 0.999891 16.3641
0.999891 -0.000100139 -0.014774 -0.244085 0.000173559 0.999988 0.00496838 -0.183723 0.0147733 -0.0049704 0.999879 17.9714
0.99988 0.00166079 -0.0154229 -0.270989 -0.00156685 0.99998 0.0061009 -0.211184 0.0154328 -0.006076 0.999862 19.6273
0.999868 0.00260134 -0.0160096 -0.305397 -0.00249163 0.999973 0.00686895 -0.223682 0.0160271 -0.00682816 0.999848 21.2076
0.999867 0.00270368 -0.016105 -0.352809 -0.00259478 0.999974 0.00677895 -0.2418 0.0161229 -0.00673626 0.999847 22.7744
0.999859 0.00391037 -0.016311 -0.399817 -0.00379962 0.99997 0.00681502 -0.2501 0.0163372 -0.00675209 0.999844 24.3394
0.999855 0.0042189 -0.0164748 -0.429574 -0.00409774 0.999964 0.00738084 -0.262073 0.0165053 -0.00731227 0.999837 25.9385
0.999853 0.00505631 -0.0163969 -0.463369 -0.00491684 0.999951 0.00853521 -0.274386 0.0164393 -0.00845333 0.999829 27.5037
0.999851 0.00532717 -0.0163903 -0.500574 -0.00521192 0.999961 0.00706626 -0.286807 0.0164273 -0.00697978 0.999841 29.0616
0.999851 0.00650752 -0.0160022 -0.539198 -0.00642519 0.999966 0.00519079 -0.302491 0.0160354 -0.0050872 0.999858 30.6061
0.999865 0.00477538 -0.0156928 -0.566189 -0.00469828 0.999977 0.00494617 -0.30981 0.0157161 -0.00487177 0.999865 32.1385
0.999875 0.00395809 -0.0152996 -0.594377 -0.0038401 0.999963 0.00773347 -0.321163 0.0153297 -0.00767376 0.999853 33.6602
0.999883 0.00228493 -0.0151544 -0.624107 -0.00215296 0.99996 0.00871905 -0.326558 0.0151737 -0.0086854 0.999847 35.1956
0.99989 0.00197705 -0.0146859 -0.655563 -0.00186156 0.999967 0.00787336 -0.333312 0.014701 -0.00784516 0.999861 36.7271
0.999898 0.00269892 -0.0139958 -0.691728 -0.00261384 0.999978 0.00609397 -0.345805 0.014012 -0.00605677 0.999883 38.2525
0.999905 0.00368215 -0.0133013 -0.722791 -0.00361238 0.99998 0.00526586 -0.358745 0.0133205 -0.00521731 0.999898 39.7352
0.999916 0.00449189 -0.0121367 -0.75462 -0.00443984 0.999981 0.00431199 -0.375519 0.0121559 -0.00425774 0.999917 41.2123
0.999931 0.0044623 -0.010876 -0.780215 -0.0044035 0.999976 0.00542451 -0.395033 0.0108999 -0.00537624 0.999926 42.6663
0.999944 0.00461867 -0.00949917 -0.797505 -0.00454723 0.999961 0.00752767 -0.413512 0.00953357 -0.00748406 0.999927 44.1026
0.99996 0.00414211 -0.00788712 -0.811823 -0.00407335 0.999954 0.00871382 -0.42614 0.00792285 -0.00868135 0.999931 45.5292
0.999973 0.00456799 -0.00578661 -0.825926 -0.00451413 0.999947 0.00928596 -0.439127 0.00582872 -0.00925958 0.99994 46.9184
0.999988 0.00424735 -0.0024832 -0.835549 -0.00422514 0.999952 0.00888011 -0.45493 0.0025208 -0.00886951 0.999957 48.2793
0.999993 0.003617 0.00129522 -0.837702 -0.00362581 0.99997 0.00686545 -0.470441 -0.00127035 -0.00687009 0.999976 49.652
0.999982 0.00360782 0.00478359 -0.829874 -0.00363286 0.99998 0.00523625 -0.488148 -0.0047646 -0.00525354 0.999975 50.9951
0.999949 0.0045523 0.00899836 -0.832044 -0.00460693 0.999971 0.00606036 -0.50513 -0.00897051 -0.0061015 0.999941 52.3197
0.999886 0.00484268 0.0143205 -0.824274 -0.00492694 0.999971 0.00585427 -0.521795 -0.0142917 -0.00592416 0.99988 53.6237
0.999765 0.00658453 0.0206566 -0.804984 -0.00669281 0.999964 0.00517705 -0.537167 -0.0206218 -0.00531409 0.999773 54.911
0.999566 0.00868826 0.0281491 -0.782544 -0.00885161 0.999945 0.00568368 -0.555999 -0.0280981 -0.00593038 0.999588 56.2085
0.999275 0.0101156 0.0366948 -0.753474 -0.0103741 0.999923 0.00686236 -0.575095 -0.0366226 -0.00723806 0.999303 57.4631
0.998811 0.0123719 0.0471558 -0.710512 -0.0127565 0.999888 0.00786227 -0.595976 -0.0470532 -0.00845446 0.998857 58.7108
0.998107 0.0138368 0.0599282 -0.647014 -0.0143392 0.999865 0.00796182 -0.607029 -0.05981 -0.00880607 0.998171 59.9585
0.997066 0.0155562 0.0749473 -0.570802 -0.0162185 0.999835 0.00823562 -0.616169 -0.0748068 -0.00942699 0.997153 61.1866
0.995662 0.0184746 0.0911873 -0.472972 -0.0194361 0.999764 0.0096672 -0.628596 -0.0909872 -0.0113976 0.995787 62.4033
0.993907 0.0189751 0.108576 -0.349077 -0.020208 0.999743 0.0102656 -0.635578 -0.108353 -0.0123971 0.994035 63.6056
0.991611 0.0186135 0.127909 -0.206307 -0.0199481 0.999759 0.00916041 -0.645363 -0.127708 -0.0116351 0.991744 64.7979
0.988792 0.0176691 0.148249 -0.0506204 -0.0190769 0.999785 0.00807943 -0.651529 -0.148075 -0.010817 0.988917 65.9648
0.985526 0.0148377 0.168876 0.144005 -0.0163938 0.999835 0.00782382 -0.664834 -0.168732 -0.0104791 0.985606 67.0953
0.981651 0.00934565 0.190455 0.363684 -0.0114403 0.999886 0.00990158 -0.679352 -0.190341 -0.0118988 0.981646 68.2249
0.976968 0.0042873 0.213342 0.608782 -0.00688668 0.999911 0.0114425 -0.694313 -0.213274 -0.0126481 0.976911 69.3314
0.971543 -0.000859045 0.23686 0.880763 -0.00170792 0.999942 0.0106321 -0.703211 -0.236856 -0.0107341 0.971486 70.4198
0.965026 -0.00666152 0.26207 1.17493 0.00452398 0.999951 0.00875887 -0.711133 -0.262116 -0.00726694 0.965009 71.4977
0.957587 -0.0102135 0.287963 1.49966 0.00782868 0.999925 0.00943208 -0.719641 -0.288038 -0.00677766 0.957595 72.5406
0.94904 -0.0132028 0.314878 1.85785 0.0101432 0.999884 0.0113535 -0.718028 -0.314992 -0.00758107 0.949064 73.5959
0.939515 -0.0176468 0.342053 2.2333 0.0135522 0.999805 0.014357 -0.728779 -0.34224 -0.00885304 0.939571 74.5991
0.928689 -0.0210691 0.370262 2.62994 0.0172166 0.999758 0.013707 -0.733671 -0.370461 -0.00635487 0.928826 75.5774
0.916653 -0.0203199 0.399168 3.05211 0.0178311 0.999792 0.00994734 -0.742708 -0.399287 -0.00200064 0.916824 76.5481
0.903529 -0.0217673 0.427973 3.49646 0.0220046 0.999748 0.00439279 -0.746851 -0.427961 0.00544837 0.903781 77.4782
0.889246 -0.0235934 0.45682 3.96744 0.0255614 0.999672 0.00187228 -0.757243 -0.456714 0.010012 0.889557 78.3939
0.873501 -0.0243321 0.486214 4.46459 0.0250672 0.999673 0.00499369 -0.765971 -0.486177 0.00782601 0.873826 79.3026
0.855783 -0.0232226 0.516814 4.99705 0.0207573 0.999729 0.0105503 -0.773609 -0.516919 0.00169888 0.856033 80.1898
0.83608 -0.0236884 0.548095 5.5512 0.0188562 0.999718 0.0144434 -0.78989 -0.548283 -0.00174088 0.836291 81.043
0.81493 -0.0175861 0.579293 6.13378 0.0150284 0.999845 0.00921181 -0.795035 -0.579365 0.00119885 0.815068 81.8739
0.793049 -0.0106197 0.609065 6.7473 0.0122041 0.999924 0.00154411 -0.79397 -0.609035 0.00620853 0.793119 82.6784
0.77075 -0.00875208 0.637078 7.38086 0.0121468 0.999926 -0.000958665 -0.798497 -0.637022 0.00847738 0.770799 83.4385
0.74746 -0.0112691 0.664211 8.03375 0.0135198 0.999907 0.00175024 -0.809054 -0.664169 0.00767179 0.747543 84.1797
0.723068 -0.0119545 0.690674 8.73359 0.0140617 0.999898 0.00258553 -0.829689 -0.690634 0.00784253 0.723162 84.9073
0.697626 -0.00983484 0.716394 9.43269 0.0146438 0.999893 -0.00053338 -0.840736 -0.716312 0.0108628 0.697695 85.5928
0.671628 -0.00733642 0.740852 10.1646 0.0146811 0.999886 -0.00340779 -0.847454 -0.740743 0.0131653 0.67166 86.2471
0.644875 -0.00506003 0.764271 10.9168 0.0129288 0.999907 -0.00428894 -0.864454 -0.764179 0.012647 0.64488 86.8808
0.616966 -0.00362731 0.786982 11.695 0.0131595 0.999897 -0.00570791 -0.878358 -0.78688 0.0138779 0.61695 87.4923
0.588261 0.00280365 0.808667 12.4882 0.0123235 0.999847 -0.0124312 -0.89678 -0.808578 0.0172784 0.588136 88.0757
0.558064 0.0122154 0.829708 13.2976 0.011155 0.999691 -0.0222209 -0.92171 -0.829723 0.021656 0.557755 88.6367
0.527331 0.0206097 0.84941 14.1346 0.0101477 0.999482 -0.0305509 -0.948368 -0.849599 0.02473 0.526849 89.1576
0.495756 0.0255374 0.868086 15 0.00791383 0.999393 -0.0339197 -0.979833 -0.868426 0.0236858 0.495253 89.6548
0.463584 0.0249864 0.885701 15.883 0.00639241 0.999482 -0.0315421 -1.01915 -0.88603 0.0202842 0.463184 90.1186
0.430595 0.0236849 0.902234 16.7912 0.00245494 0.999621 -0.027413 -1.05387 -0.902542 0.0140188 0.430374 90.5541
0.396162 0.0248844 0.917843 17.7132 -0.00137075 0.999648 -0.0265106 -1.09638 -0.918179 0.00924437 0.396057 90.9708
0.361175 0.0279497 0.932079 18.6479 -0.00817015 0.999607 -0.0268088 -1.12823 -0.932462 0.00206742 0.361261 91.3453
0.325321 0.0300284 0.945127 19.6028 -0.0123796 0.999545 -0.0274962 -1.15562 -0.945523 -0.00275523 0.325545 91.693
0.289498 0.0293389 0.956729 20.5701 -0.0145311 0.99955 -0.026255 -1.19307 -0.957068 -0.00630158 0.289794 91.9927
0.253848 0.0291772 0.966804 21.577 -0.014816 0.999545 -0.0262751 -1.2224 -0.967131 -0.0076543 0.254164 92.2509
0.218188 0.0286396 0.975486 22.5849 -0.0135882 0.999562 -0.0263071 -1.25888 -0.975812 -0.00751521 0.218481 92.4762
0.183106 0.0269333 0.982724 23.6089 -0.0109146 0.999619 -0.0253627 -1.29979 -0.983033 -0.00608198 0.18333 92.6642
0.148661 0.0258551 0.98855 24.6434 -0.00294469 0.999665 -0.025703 -1.33872 -0.988884 0.000910063 0.148687 92.8133
0.11481 0.0292939 0.992955 25.679 -0.00114082 0.999568 -0.0293571 -1.37885 -0.993387 0.00223771 0.114794 92.9292
0.0823202 0.0341855 0.996019 26.7167 -0.000332008 0.999412 -0.0342745 -1.41837 -0.996606 0.0024908 0.0822831 93.0136
0.0535121 0.038008 0.997844 27.7681 0.0066333 0.99924 -0.0384169 -1.46118 -0.998545 0.00867476 0.0532193 93.0566
0.0280377 0.0363136 0.998947 28.8262 0.00864414 0.999294 -0.0365689 -1.50099 -0.999569 0.00966034 0.027704 93.0858
0.00572831 0.0334315 0.999425 29.8965 0.0106433 0.999382 -0.0334911 -1.54888 -0.999927 0.010829 0.00536895 93.094
-0.0129747 0.0310511 0.999434 30.9583 0.011044 0.999461 -0.0309086 -1.59113 -0.999855 0.0106367 -0.0133107 93.0828
-0.0296199 0.0342664 0.998974 32.0186 0.0123089 0.999349 -0.0339143 -1.63215 -0.999485 0.0112917 -0.0300224 93.0506
-0.0441867 0.0384186 0.998284 33.0799 0.0154394 0.999167 -0.0377692 -1.67972 -0.998904 0.013744 -0.044743 93.0016
-0.0558978 0.0436315 0.997483 34.1407 0.0196862 0.998899 -0.0425902 -1.73046 -0.998242 0.0172559 -0.0566952 92.9367
-0.0646394 0.0470123 0.996801 35.22 0.0251634 0.998649 -0.0454677 -1.78914 -0.997591 0.0221439 -0.0657351 92.8548
-0.0702056 0.0521432 0.996169 36.2861 0.0294061 0.998307 -0.0501828 -1.85232 -0.997099 0.0257703 -0.0716201 92.7712
-0.0737753 0.0565521 0.99567 37.3509 0.0313733 0.998028 -0.0543614 -1.92112 -0.996781 0.0272269 -0.0754041 92.6941
-0.0763908 0.0607241 0.995227 38.4162 0.0331355 0.997747 -0.0583344 -1.98447 -0.996527 0.0285212 -0.0782308 92.61
-0.078907 0.0635792 0.994852 39.5006 0.0335938 0.997567 -0.0610882 -2.0559 -0.996316 0.0286006 -0.0808508 92.5227
-0.0813028 0.0667409 0.994452 40.586 0.034675 0.997341 -0.0640998 -2.1364 -0.996086 0.0292711 -0.0834008 92.4304
-0.0826135 0.0704375 0.994089 41.7004 0.0367671 0.997035 -0.0675908 -2.21882 -0.995903 0.0309659 -0.0849584 92.3167
-0.0846521 0.0719243 0.993811 42.7858 0.0393177 0.996856 -0.0687955 -2.30212 -0.995635 0.0332507 -0.0872138 92.2172
-0.0869449 0.0707189 0.9937 43.9002 0.0392476 0.996946 -0.0675159 -2.38544 -0.99544 0.0331301 -0.0894549 92.1195
-0.0893115 0.0701616 0.993529 45.0034 0.0387451 0.997006 -0.0669241 -2.47458 -0.99525 0.0325173 -0.0917625 92.023
-0.0913555 0.0717166 0.993233 46.1088 0.0384198 0.996915 -0.0684487 -2.55231 -0.995077 0.0319066 -0.093829 91.9231
-0.0936117 0.0737671 0.992872 47.2322 0.0379161 0.996792 -0.0704835 -2.63953 -0.994887 0.0310478 -0.0961084 91.8138
-0.0959115 0.075918 0.992491 48.3427 0.0363379 0.99669 -0.0727276 -2.73199 -0.994726 0.0290896 -0.0983527 91.7065
-0.0982968 0.0796973 0.991961 49.4543 0.0341052 0.996472 -0.0766801 -2.8182 -0.994573 0.0262936 -0.100668 91.6043
-0.100682 0.0837899 0.991384 50.5703 0.0307651 0.996233 -0.0810753 -2.91364 -0.994443 0.0223372 -0.102881 91.4994
-0.103467 0.0862591 0.990885 51.6824 0.0284758 0.996081 -0.083738 -3.00563 -0.994225 0.0195522 -0.105517 91.3987
-0.106329 0.0849849 0.990693 52.8303 0.0264206 0.99623 -0.0826243 -3.10729 -0.99398 0.0173894 -0.108173 91.2811
-0.109325 0.0804023 0.990749 53.9543 0.0236025 0.996652 -0.0782769 -3.21225 -0.993726 0.0148265 -0.110857 91.1688
-0.111686 0.0787198 0.990621 55.0894 0.0241902 0.996777 -0.0764817 -3.31031 -0.993449 0.0154214 -0.113231 91.0508
-0.113417 0.0794603 0.990365 56.2409 0.023064 0.996739 -0.0773303 -3.40244 -0.99328 0.0140712 -0.11488 90.9156
-0.114384 0.082458 0.990009 57.3845 0.0242133 0.996485 -0.0801998 -3.49525 -0.993141 0.0147978 -0.115979 90.7741
-0.114936 0.0850641 0.989724 58.533 0.0249715 0.996259 -0.0827259 -3.59744 -0.993059 0.0152067 -0.11663 90.6398
-0.115268 0.0857628 0.989625 59.7058 0.0232173 0.996226 -0.0836306 -3.70004 -0.993063 0.0133365 -0.116824 90.501
-0.1152 0.084181 0.989769 60.8666 0.0203772 0.996393 -0.0823727 -3.80719 -0.993133 0.0106794 -0.1165 90.3737
-0.115334 0.083364 0.989822 62.0348 0.0168705 0.996493 -0.0819601 -3.91469 -0.993183 0.00724599 -0.116336 90.2422
-0.115406 0.0843689 0.989729 63.1905 0.0134836 0.996428 -0.0833677 -4.02196 -0.993227 0.00372397 -0.116131 90.1193
-0.115961 0.0846507 0.98964 64.3635 0.00905168 0.99641 -0.0841692 -4.1254 -0.993213 -0.000802435 -0.116311 89.9967
-0.116376 0.0839873 0.989648 65.5369 0.0060853 0.99646 -0.0838498 -4.23514 -0.993187 -0.00373576 -0.116475 89.8687
-0.116337 0.078926 0.990069 66.7244 0.00669907 0.996877 -0.0786816 -4.33521 -0.993187 -0.002521 -0.116502 89.7293
-0.116936 0.0700252 0.990668 67.9052 0.00954614 0.997544 -0.0693845 -4.43562 -0.993094 0.00134348 -0.117318 89.6007
-0.117159 0.0646796 0.991005 69.1039 0.01468 0.997881 -0.0633928 -4.52683 -0.993005 0.00712096 -0.11786 89.4608
-0.116284 0.0672534 0.990936 70.2939 0.022998 0.99762 -0.0650082 -4.60855 -0.99295 0.0152301 -0.117554 89.3109
-0.115116 0.0729869 0.990667 71.4948 0.0283714 0.997132 -0.0701664 -4.69174 -0.992947 0.0200293 -0.116857 89.1619
-0.11423 0.0787806 0.990326 72.6957 0.0321245 0.996622 -0.0755761 -4.78609 -0.992935 0.0231806 -0.116375 89.0186
-0.113782 0.0831088 0.990024 73.8936 0.0330591 0.99626 -0.0798329 -4.88508 -0.992956 0.0236458 -0.116103 88.8882
-0.113494 0.0804284 0.990278 75.1101 0.0302992 0.996535 -0.077464 -4.986 -0.993077 0.021213 -0.115537 88.7502
-0.112957 0.0758474 0.990701 76.3242 0.0292175 0.996905 -0.0729911 -5.08662 -0.99317 0.020701 -0.114823 88.6125
-0.112889 0.0740227 0.990846 77.5738 0.026888 0.997083 -0.0714252 -5.18123 -0.993244 0.0185788 -0.11455 88.4748
-0.112836 0.0750256 0.990777 78.8116 0.0251548 0.997041 -0.0726352 -5.26936 -0.993295 0.0167269 -0.11439 88.3403
-0.112507 0.0800482 0.990421 80.0466 0.0261905 0.996642 -0.0775759 -5.37364 -0.993306 0.0172119 -0.114225 88.1979
-0.111375 0.0826292 0.990337 81.2806 0.026534 0.996429 -0.0801534 -5.47762 -0.993424 0.0173505 -0.11317 88.0543
-0.111136 0.0814555 0.990461 82.5215 0.026706 0.99652 -0.0789572 -5.58289 -0.993446 0.0176764 -0.112924 87.9188
-0.11053 0.0748016 0.991054 83.7707 0.0282778 0.996997 -0.0720963 -5.68531 -0.99347 0.020056 -0.112314 87.7782
-0.110888 0.0733168 0.991125 85.0265 0.0277389 0.997115 -0.0706565 -5.78546 -0.993446 0.0196578 -0.112602 87.6451
-0.110436 0.0764651 0.990937 86.277 0.025216 0.996931 -0.0741173 -5.88147 -0.993563 0.0168022 -0.112025 87.5049
-0.110356 0.0795416 0.990704 87.5443 0.0243333 0.99671 -0.0773132 -5.97977 -0.993594 0.0155751 -0.111929 87.3674
-0.110475 0.0789755 0.990736 88.8115 0.0231369 0.996772 -0.0768767 -6.08179 -0.99361 0.0144297 -0.111945 87.2251
-0.110244 0.0755721 0.991027 90.0876 0.0227102 0.997036 -0.073504 -6.18185 -0.993645 0.014403 -0.111634 87.089
-0.10931 0.0744427 0.991216 91.3781 0.0230819 0.997113 -0.0723402 -6.28625 -0.99374 0.0149716 -0.110713 86.9439
-0.108205 0.0747937 0.991311 92.6621 0.0254445 0.997047 -0.0724492 -6.38852 -0.993803 0.0173841 -0.109789 86.8117
-0.107031 0.0749267 0.991428 93.9436 0.0285621 0.996977 -0.0722626 -6.49121 -0.993845 0.020583 -0.108848 86.6673
-0.105663 0.0743746 0.991617 95.244 0.0283264 0.99702 -0.0717615 -6.59382 -0.993998 0.0205064 -0.107455 86.5238
-0.104292 0.0748305 0.991728 96.5382 0.0294386 0.996961 -0.0721295 -6.69678 -0.994111 0.0216726 -0.106178 86.3826
-0.103168 0.0728081 0.991996 97.8454 0.0293049 0.997107 -0.0701356 -6.80086 -0.994232 0.0218345 -0.105003 86.2454
-0.102641 0.0721665 0.992097 99.1398 0.0276312 0.997187 -0.069678 -6.89696 -0.994335 0.020261 -0.104346 86.1386
-0.100884 0.0716071 0.992318 100.449 0.0290068 0.997194 -0.06901 -6.99631 -0.994475 0.0218219 -0.102678 85.998
-0.099212 0.0722063 0.992443 101.761 0.026992 0.997192 -0.0698535 -7.10479 -0.9947 0.0198578 -0.100882 85.8699
-0.097269 0.0748556 0.992439 103.073 0.02784 0.996982 -0.0724696 -7.20883 -0.994869 0.0205805 -0.0990594 85.7319
-0.096241 0.0739817 0.992605 104.391 0.0250762 0.997098 -0.0718852 -7.30659 -0.995042 0.0179725 -0.0978169 85.6111
-0.0958861 0.0727793 0.992728 105.742 0.0223551 0.997229 -0.07095 -7.41124 -0.995141 0.0153894 -0.0972474 85.4919
-0.0959239 0.0737667 0.992652 107.072 0.0198969 0.997193 -0.0721815 -7.51673 -0.99519 0.0128268 -0.0971223 85.3762
-0.0959314 0.0733313 0.992683 108.415 0.0172763 0.997255 -0.0719995 -7.61504 -0.995238 0.0102429 -0.0969349 85.2457
-0.0969941 0.0707899 0.992764 109.765 0.0147463 0.99746 -0.069684 -7.71948 -0.995176 0.00788066 -0.0977917 85.1231
-0.0986543 0.0690831 0.992721 111.121 0.0121526 0.997597 -0.0682147 -7.82545 -0.995048 0.00533447 -0.0992567 85.0035
-0.100103 0.0684776 0.992618 112.466 0.0106208 0.997646 -0.0677533 -7.92578 -0.99492 0.00376007 -0.100595 84.8766
-0.101709 0.0688894 0.992426 113.814 0.0106352 0.997618 -0.0681599 -8.02795 -0.994757 0.00362212 -0.1022 84.7478
-0.104075 0.0677282 0.992261 115.18 0.0102211 0.997699 -0.0670273 -8.1226 -0.994517 0.0031661 -0.104528 84.6147
-0.107203 0.0628575 0.992248 116.511 0.0077395 0.998022 -0.0623871 -8.22614 -0.994207 0.000991406 -0.107478 84.4822
-0.111576 0.0625391 0.991786 117.859 0.00680242 0.998042 -0.0621683 -8.32628 -0.993733 -0.000189973 -0.111783 84.3394
-0.117515 0.0682596 0.990722 119.198 0.00159235 0.997647 -0.0685478 -8.42469 -0.99307 -0.00647784 -0.117347 84.1973
-0.12469 0.0711984 0.989638 120.543 0.00217221 0.997439 -0.071486 -8.53149 -0.992193 -0.00676389 -0.124525 84.0367
-0.133937 0.0671049 0.988715 121.883 0.00377698 0.997732 -0.0672052 -8.64126 -0.990983 -0.00526694 -0.133887 83.8683
-0.144505 0.0649873 0.987368 123.218 0.00592899 0.99788 -0.0648115 -8.7464 -0.989486 -0.00351149 -0.144584 83.6767
-0.157262 0.0658118 0.985362 124.534 0.00624565 0.997823 -0.0656474 -8.85161 -0.987537 -0.00416959 -0.15733 83.4695
-0.171705 0.0660134 0.982934 125.846 0.00785806 0.997812 -0.0656399 -8.95191 -0.985117 -0.00354674 -0.171848 83.2515
-0.186543 0.0637183 0.980378 127.157 0.00810825 0.99796 -0.0633182 -9.05479 -0.982413 -0.00386241 -0.186679 83.0161
-0.20188 0.0660813 0.977178 128.441 0.0122208 0.997814 -0.0649519 -9.15901 -0.979334 -0.0011706 -0.202246 82.758
-0.217071 0.0693422 0.97369 129.71 0.0128229 0.99759 -0.0681856 -9.26422 -0.976072 -0.00231562 -0.217437 82.4928
-0.232478 0.073008 0.969858 130.978 0.0134789 0.997325 -0.0718447 -9.37648 -0.972508 -0.00362975 -0.23284 82.2091
-0.248367 0.0712169 0.966044 132.254 0.0105976 0.997434 -0.0708063 -9.47748 -0.968608 -0.00734817 -0.248484 81.8936
-0.264449 0.0655216 0.962171 133.528 0.00522517 0.997772 -0.0665098 -9.58124 -0.964386 -0.0125609 -0.264202 81.5627
-0.280085 0.0613983 0.95801 134.786 0.00212326 0.99799 -0.0633398 -9.68402 -0.959973 -0.0157065 -0.279653 81.2133
-0.295411 0.0627155 0.95331 136.037 0.00081928 0.997859 -0.0653924 -9.77977 -0.95537 -0.0185366 -0.29483 80.8447
-0.309527 0.0648603 0.948676 137.279 0.000465545 0.997681 -0.0680589 -9.87425 -0.950891 -0.0206244 -0.308839 80.4457
-0.323796 0.0667485 0.943769 138.515 0.00223072 0.997559 -0.0697875 -9.97728 -0.946124 -0.0204917 -0.323155 80.0404
-0.337885 0.0665843 0.938829 139.74 0.00371312 0.997581 -0.0694148 -10.0773 -0.94118 -0.0199682 -0.337314 79.6102
-0.352043 0.0648492 0.933735 140.947 0.00324335 0.997675 -0.0680671 -10.1729 -0.935978 -0.0209341 -0.351435 79.1707
-0.366619 0.0633007 0.928215 142.153 0.00292379 0.997756 -0.0668883 -10.2767 -0.930367 -0.0218086 -0.365981 78.7053
-0.38157 0.0646489 0.922076 143.34 0.00114261 0.997583 -0.06947 -10.3727 -0.924339 -0.0254541 -0.380722 78.2331
-0.396493 0.0666536 0.915615 144.516 0.00158694 0.997409 -0.0719208 -10.4732 -0.918036 -0.0270631 -0.395572 77.7407
-0.411205 0.0681728 0.90899 145.689 0.00255871 0.997282 -0.0736371 -10.5758 -0.911539 -0.0279541 -0.410262 77.2195
-0.42563 0.0708052 0.902123 146.858 0.00502487 0.997104 -0.0758892 -10.68 -0.904883 -0.0277677 -0.424753 76.6709
-0.44053 0.0742435 0.894662 148.008 0.00519271 0.996768 -0.0801599 -10.7904 -0.897723 -0.0306672 -0.439492 76.1184
-0.455393 0.0768818 0.886965 149.182 0.00682103 0.996536 -0.0828773 -10.9007 -0.890265 -0.0316917 -0.45434 75.5214
-0.470701 0.0743551 0.879154 150.325 0.00566192 0.996677 -0.0812632 -11.0109 -0.882275 -0.0332729 -0.469557 74.925
-0.486663 0.0700641 0.870776 151.477 0.00262794 0.996891 -0.0787429 -11.1212 -0.873586 -0.0360329 -0.485334 74.2979
-0.502241 0.0700669 0.861884 152.618 0.00231045 0.996817 -0.0796899 -11.2395 -0.864725 -0.0380322 -0.500804 73.6294
-0.518105 0.0692465 0.852509 153.758 0.000901848 0.996761 -0.0804156 -11.3509 -0.855316 -0.0408949 -0.51649 72.9471
-0.534066 0.0673255 0.842758 154.872 -0.000149573 0.996817 -0.0797276 -11.4777 -0.845443 -0.0427059 -0.532356 72.2654
-0.549776 0.06708 0.832614 155.971 -0.00123269 0.996704 -0.0811139 -11.5902 -0.835311 -0.0456208 -0.547881 71.5622
-0.56517 0.0658216 0.822344 157.073 -0.00205316 0.996697 -0.0811882 -11.7104 -0.824972 -0.0475736 -0.563168 70.8252
-0.580682 0.063254 0.811669 158.17 -0.00246454 0.996836 -0.0794473 -11.8242 -0.814127 -0.0481341 -0.578689 70.067
-0.596016 0.0599669 0.80073 159.265 -0.00226717 0.997078 -0.076359 -11.9349 -0.802969 -0.0473266 -0.594138 69.2774
-0.61084 0.0584037 0.789597 160.336 -0.00116269 0.997208 -0.0746595 -12.0457 -0.791753 -0.0465231 -0.609067 68.4648
-0.625542 0.0562926 0.778157 161.396 -0.00263913 0.997235 -0.0742624 -12.1573 -0.780186 -0.0485079 -0.623664 67.6323
-0.64049 0.0573649 0.765821 162.451 -0.00373383 0.996962 -0.0778016 -12.2734 -0.767957 -0.0526906 -0.63833 66.7779
-0.655671 0.0565941 0.752923 163.481 -0.00624466 0.996746 -0.0803594 -12.3813 -0.755021 -0.0573911 -0.653184 65.9055
-0.671556 0.0531706 0.739044 164.506 -0.00778462 0.996861 -0.078793 -12.5082 -0.740913 -0.0586671 -0.669034 65.0059
-0.688028 0.046113 0.724218 165.499 -0.0106987 0.997226 -0.0736602 -12.6258 -0.725605 -0.0584284 -0.685626 64.1108
-0.70466 0.043788 0.708193 166.488 -0.0116977 0.997241 -0.0732994 -12.7319 -0.709449 -0.0599354 -0.702204 63.152
-0.721908 0.0408453 0.690783 167.448 -0.0136131 0.997225 -0.0731914 -12.8453 -0.691855 -0.0622412 -0.719348 62.1669
-0.7395 0.0367443 0.672153 168.396 -0.01706 0.997165 -0.0732809 -12.958 -0.672941 -0.0656581 -0.736777 61.171
-0.756093 0.0349854 0.653528 169.315 -0.0165206 0.997232 -0.0724982 -13.0712 -0.654255 -0.0656121 -0.753422 60.1182
-0.772137 0.0372002 0.634367 170.212 -0.0142171 0.997024 -0.0757716 -13.1801 -0.635298 -0.0675249 -0.76931 59.0491
-0.787304 0.0368015 0.615466 171.077 -0.0108416 0.997236 -0.0734978 -13.2947 -0.61647 -0.0645378 -0.784729 57.9653
-0.801928 0.0381096 0.596204 171.911 -0.00682884 0.997313 -0.0729338 -13.4138 -0.597382 -0.062559 -0.799513 56.8627
-0.816398 0.0395149 0.576136 172.719 -0.00490984 0.997145 -0.0753477 -13.5313 -0.577468 -0.0643425 -0.813874 55.7371
-0.830261 0.0418705 0.5558 173.497 -0.00311788 0.99681 -0.0797509 -13.6477 -0.557367 -0.0679469 -0.827482 54.607
-0.843298 0.0426055 0.535755 174.246 -0.000154427 0.996834 -0.0795156 -13.7648 -0.537446 -0.0671381 -0.840621 53.4516
-0.855209 0.0405252 0.516696 174.974 0.000961646 0.997061 -0.0766092 -13.8903 -0.518282 -0.06502 -0.852735 52.2876
-0.865896 0.041189 0.498526 175.668 0.00252647 0.996952 -0.0779815 -14.0209 -0.500218 -0.0662643 -0.86336 51.0953
-0.875663 0.0442136 0.480894 176.386 0.00549482 0.996648 -0.0816266 -14.1357 -0.482891 -0.068835 -0.872971 49.8736
-0.884806 0.0417674 0.464083 177.048 0.00345048 0.996534 -0.0831093 -14.2576 -0.465946 -0.0719343 -0.881884 48.6624
-0.892997 0.03929 0.448345 177.689 0.00277488 0.996644 -0.0818123 -14.4016 -0.450055 -0.071814 -0.890109 47.4114
-0.900463 0.0370575 0.433351 178.309 0.00154359 0.99663 -0.0820182 -14.5277 -0.434929 -0.0731855 -0.897486 46.1783
-0.907138 0.0352884 0.419352 178.9 0.00126988 0.996703 -0.0811253 -14.657 -0.420832 -0.0730593 -0.904192 44.9308
-0.913538 0.0323014 0.405468 179.481 -0.000451808 0.996761 -0.0804244 -14.7762 -0.406753 -0.0736539 -0.910564 43.6777
-0.91935 0.0269692 0.392515 180.042 -0.00325475 0.997092 -0.0761322 -14.9065 -0.393427 -0.0712697 -0.916589 42.4146
-0.924577 0.0233219 0.380282 180.586 -0.00470194 0.99735 -0.0725973 -15.0247 -0.380967 -0.0689099 -0.922017 41.1465
-0.929029 0.0231677 0.369281 181.109 -0.00260151 0.997604 -0.0691319 -15.1405 -0.369998 -0.0651862 -0.926743 39.8674
-0.932274 0.0273674 0.360717 181.615 0.0018506 0.997482 -0.0708955 -15.2519 -0.361749 -0.0654265 -0.929977 38.5765
-0.934388 0.0329823 0.354727 182.095 0.0076899 0.997341 -0.0724761 -15.3608 -0.356174 -0.064993 -0.932157 37.2954
-0.936296 0.0363239 0.349328 182.584 0.010667 0.99712 -0.0750922 -15.4706 -0.35105 -0.0665822 -0.933987 35.994
-0.93802 0.0335863 0.34495 183.065 0.00843143 0.99721 -0.0741667 -15.5802 -0.346478 -0.0666614 -0.935686 34.6983
-0.939822 0.0261715 0.340661 183.546 0.00240086 0.997543 -0.0700134 -15.6946 -0.341656 -0.0649823 -0.937576 33.4136
-0.941723 0.0196551 0.335813 184.031 -0.00337021 0.99769 -0.0678458 -15.8116 -0.336371 -0.0650237 -0.939482 32.1096
-0.943469 0.013128 0.331201 184.51 -0.0103889 0.997553 -0.0691347 -15.9153 -0.331299 -0.0686672 -0.941024 30.8236
-0.944716 0.0107555 0.327712 184.978 -0.0134233 0.997355 -0.0714295 -16.0294 -0.327613 -0.0718796 -0.942074 29.5291
-0.945376 0.0121006 0.325758 185.434 -0.0126084 0.997206 -0.0736328 -16.1436 -0.325739 -0.073718 -0.942581 28.235
-0.945462 0.0136194 0.325447 185.884 -0.0115894 0.997086 -0.0753952 -16.2643 -0.325526 -0.0750551 -0.94255 26.9153
-0.945338 0.0165623 0.325671 186.337 -0.00900755 0.997002 -0.07685 -16.3837 -0.325968 -0.0755827 -0.942355 25.6082
-0.944813 0.0178279 0.327125 186.79 -0.00839369 0.996873 -0.0785711 -16.4989 -0.327503 -0.0769808 -0.941709 24.3015
-0.944341 0.018482 0.328448 187.25 -0.00850244 0.996716 -0.0805319 -16.6167 -0.328857 -0.0788422 -0.941083 22.9936
-0.943565 0.0198115 0.330595 187.712 -0.00713578 0.996761 -0.0800992 -16.7379 -0.331111 -0.0779378 -0.940368 21.6812
-0.942607 0.0187527 0.333378 188.174 -0.00870238 0.996703 -0.0806707 -16.857 -0.333792 -0.0789419 -0.939336 20.3709
-0.941195 0.0178273 0.337394 188.644 -0.0099579 0.996709 -0.0804429 -16.9866 -0.337718 -0.0790721 -0.93792 19.0732
-0.939521 0.0168254 0.342079 189.119 -0.0104876 0.996911 -0.0778379 -17.1141 -0.342332 -0.0767179 -0.936442 17.7845
-0.937477 0.0149378 0.347726 189.607 -0.011858 0.997128 -0.0748044 -17.2312 -0.347845 -0.0742508 -0.934607 16.5074
-0.934965 0.0128254 0.354508 190.099 -0.0135697 0.997322 -0.0718693 -17.3471 -0.35448 -0.0720058 -0.932287 15.2437
-0.932165 0.0149257 0.361726 190.593 -0.0118784 0.997351 -0.0717637 -17.4613 -0.361839 -0.0711923 -0.929518 13.97
-0.928596 0.0160245 0.370747 191.095 -0.0111242 0.997416 -0.0709729 -17.5867 -0.370927 -0.0700294 -0.926018 12.6842
-0.924722 0.0186984 0.380184 191.61 -0.0100721 0.997241 -0.0735453 -17.6928 -0.38051 -0.0718382 -0.921982 11.4261
-0.920388 0.0192754 0.39053 192.142 -0.0102768 0.997247 -0.0734411 -17.789 -0.39087 -0.0716077 -0.917656 10.1681
-0.915556 0.0206166 0.401662 192.701 -0.0104243 0.997133 -0.0749425 -17.8981 -0.402056 -0.0728011 -0.912716 8.92284
-0.90965 0.0233066 0.414722 193.267 -0.00912073 0.997063 -0.0760385 -18.0114 -0.415276 -0.0729509 -0.906766 7.68537
-0.903198 0.026086 0.42843 193.846 -0.00740186 0.997056 -0.0763125 -18.1152 -0.42916 -0.0720965 -0.900347 6.44571
-0.89699 0.0252133 0.44133 194.459 -0.00838458 0.997222 -0.0740129 -18.2255 -0.44197 -0.0700892 -0.894287 5.2211
-0.890499 0.0276816 0.454142 195.09 -0.00673701 0.997236 -0.0739953 -18.3467 -0.454935 -0.0689524 -0.887851 3.9944
-0.883815 0.0303147 0.466854 195.727 -0.00429288 0.997331 -0.0728877 -18.4602 -0.467817 -0.0664234 -0.881326 2.80104
-0.876468 0.0322585 0.480377 196.377 -0.00208266 0.99749 -0.0707837 -18.5727 -0.481455 -0.0630401 -0.874201 1.62408
-0.868865 0.0340149 0.49388 197.047 0.000212065 0.997662 -0.0683387 -18.6776 -0.49505 -0.0592723 -0.866841 0.452291
-0.860552 0.0372572 0.507999 197.733 0.00382317 0.997766 -0.0667008 -18.7854 -0.509349 -0.0554573 -0.858771 -0.719284
-0.851184 0.0414605 0.523228 198.438 0.00842549 0.997826 -0.0653611 -18.891 -0.524801 -0.0512258 -0.849682 -1.89312
-0.840493 0.0444209 0.539998 199.154 0.0116878 0.997888 -0.0638958 -18.9978 -0.541696 -0.0473926 -0.839237 -3.03224
-0.828921 0.0472898 0.557363 199.888 0.0147673 0.997923 -0.0627073 -19.1021 -0.55917 -0.0437487 -0.827898 -4.1654
-0.817546 0.0494354 0.573737 200.633 0.0168902 0.997938 -0.0619184 -19.2056 -0.575615 -0.0409306 -0.816696 -5.23216
-0.805782 0.0516273 0.589957 201.4 0.0187714 0.997919 -0.0616895 -19.303 -0.591915 -0.0386339 -0.805074 -6.28102
-0.792681 0.0548314 0.607166 202.225 0.0213447 0.997833 -0.062245 -19.3925 -0.609263 -0.0363807 -0.792134 -7.37746
-0.778798 0.0559135 0.624778 203.044 0.0232577 0.997908 -0.060315 -19.4815 -0.626844 -0.0324422 -0.778469 -8.40825
-0.763415 0.0574438 0.643349 203.892 0.0255276 0.997943 -0.0588133 -19.579 -0.645404 -0.0284758 -0.76331 -9.42701
-0.746912 0.0595261 0.662253 204.751 0.0262326 0.997847 -0.0601046 -19.6738 -0.664406 -0.0275202 -0.746865 -10.4047
-0.729369 0.0623793 0.68127 205.626 0.0271036 0.997687 -0.0623343 -19.7705 -0.683583 -0.0269998 -0.729373 -11.3572
-0.711874 0.0625481 0.699516 206.529 0.0259835 0.99769 -0.0627672 -19.8651 -0.701826 -0.0265065 -0.711855 -12.2676
-0.692974 0.0629293 0.718211 207.453 0.0254242 0.997697 -0.0628869 -19.9589 -0.720515 -0.025319 -0.692977 -13.1571
-0.673385 0.0620747 0.736681 208.399 0.0225636 0.99773 -0.0634464 -20.048 -0.738948 -0.0261017 -0.673257 -14.011
-0.652999 0.0627355 0.754756 209.366 0.02183 0.997708 -0.0640429 -20.1509 -0.757044 -0.0253437 -0.652873 -14.8522
-0.632264 0.0626104 0.772219 210.35 0.0194557 0.997698 -0.0649624 -20.2452 -0.774509 -0.0260493 -0.632027 -15.6573
-0.611365 0.0627085 0.788861 211.354 0.0179399 0.997697 -0.0654061 -20.3369 -0.791146 -0.0258349 -0.611082 -16.4313
-0.588791 0.0623755 0.805875 212.374 0.018351 0.997793 -0.0638224 -20.44 -0.808077 -0.0227894 -0.588636 -17.1777
-0.565194 0.0629231 0.822555 213.413 0.0176023 0.99778 -0.0642325 -20.5315 -0.82477 -0.0218249 -0.565046 -17.8885
-0.540043 0.0660216 0.839044 214.47 0.0186941 0.997614 -0.0664667 -20.6175 -0.84143 -0.0202097 -0.539988 -18.5708
-0.513671 0.0670286 0.855365 215.54 0.0190191 0.997588 -0.066752 -20.7124 -0.857777 -0.0180203 -0.513707 -19.2168
-0.486413 0.0657749 0.87125 216.639 0.0172316 0.997691 -0.0657002 -20.8082 -0.873559 -0.0169444 -0.486423 -19.8358
-0.458772 0.0632843 0.886298 217.76 0.0163514 0.997893 -0.0627887 -20.9138 -0.888404 -0.0143135 -0.45884 -20.4133
-0.429502 0.064128 0.900786 218.89 0.0173948 0.997878 -0.0627461 -21.0135 -0.902898 -0.0112806 -0.429706 -20.9501
-0.398313 0.0667252 0.914819 220.045 0.0188731 0.997736 -0.0645556 -21.1139 -0.917055 -0.00844789 -0.39867 -21.4612
-0.366764 0.0680828 0.927819 221.205 0.0195686 0.997662 -0.0654725 -21.2029 -0.930108 -0.00585688 -0.367239 -21.9274
-0.33504 0.0685299 0.939708 222.381 0.0221121 0.997649 -0.0648715 -21.2995 -0.941944 -0.000955598 -0.335768 -22.3469
-0.302483 0.0686333 0.950681 223.592 0.0220302 0.997641 -0.0650141 -21.3941 -0.9529 0.00127804 -0.303281 -22.741
-0.26845 0.0669873 0.960962 224.797 0.0240972 0.997734 -0.062819 -21.4944 -0.962992 0.00629274 -0.269456 -23.0928
-0.234033 0.0644707 0.970089 226.016 0.0245043 0.997873 -0.0604056 -21.5935 -0.97192 0.00963446 -0.235115 -23.3967
-0.199576 0.0629942 0.977855 227.243 0.0252063 0.997931 -0.059143 -21.6867 -0.979558 0.0128446 -0.200751 -23.6527
-0.164925 0.0628414 0.984302 228.478 0.0257063 0.997903 -0.0594025 -21.7704 -0.985971 0.0155058 -0.166194 -23.8646
-0.129752 0.0623497 0.989584 229.727 0.0252506 0.997905 -0.0595632 -21.8551 -0.991225 0.0172591 -0.131055 -24.0346
-0.0941895 0.0624673 0.993593 230.967 0.0250866 0.997862 -0.0603576 -21.9374 -0.995238 0.0192409 -0.0955551 -24.1632
-0.0594887 0.06308 0.996234 232.218 0.0238862 0.997806 -0.0617532 -22.027 -0.997943 0.0201226 -0.0608649 -24.2386
-0.0254097 0.0623517 0.997731 233.464 0.0231946 0.997821 -0.0617667 -22.117 -0.999408 0.0215724 -0.0268006 -24.271
0.00735047 0.0616983 0.998068 234.706 0.0212837 0.997859 -0.0618422 -22.2041 -0.999746 0.0216971 0.00602156 -24.2532
0.0395523 0.0622138 0.997279 235.94 0.0193827 0.997824 -0.0630165 -22.2927 -0.999029 0.0218224 0.0382603 -24.1955
0.0719334 0.0623506 0.995459 237.199 0.0194361 0.997767 -0.0638997 -22.3778 -0.99722 0.0239444 0.0705609 -24.1075
0.103934 0.0602019 0.992761 238.448 0.0201368 0.997834 -0.0626177 -22.4659 -0.99438 0.0264992 0.102497 -23.984
0.134853 0.0591337 0.9891 239.688 0.021149 0.997818 -0.0625384 -22.5554 -0.99064 0.029352 0.133308 -23.8226
0.164949 0.0583188 0.984576 240.93 0.0222424 0.997777 -0.062827 -22.6547 -0.986051 0.0322625 0.163285 -23.6218
0.195141 0.0577792 0.979072 242.181 0.0245633 0.997662 -0.0637721 -22.7455 -0.980468 0.0364938 0.193265 -23.3872
0.225263 0.0567349 0.972645 243.42 0.0266682 0.99757 -0.0643651 -22.8374 -0.973933 0.0404377 0.223202 -23.1105
0.255107 0.0554307 0.965323 244.656 0.0285435 0.997489 -0.0648209 -22.9241 -0.966491 0.04409 0.252884 -22.7947
0.285123 0.0540106 0.956968 245.876 0.0301218 0.997413 -0.0652679 -23.0177 -0.958017 0.047435 0.282759 -22.4475
0.314681 0.0528235 0.947727 247.095 0.032952 0.997241 -0.0665245 -23.1161 -0.948625 0.0521635 0.312072 -22.0587
0.343034 0.0520798 0.937878 248.282 0.0332604 0.997162 -0.067537 -23.2107 -0.938734 0.0543617 0.340328 -21.6286
0.370945 0.0504451 0.927284 249.45 0.0336162 0.99714 -0.0676929 -23.307 -0.928046 0.0562821 0.368188 -21.1697
0.398976 0.049401 0.91563 250.619 0.0335918 0.99709 -0.0684333 -23.4033 -0.916346 0.0580609 0.396156 -20.6677
0.427644 0.0509038 0.902513 251.78 0.0337046 0.996821 -0.0721934 -23.5018 -0.903319 0.0612919 0.424569 -20.1358
0.455791 0.0520981 0.888561 252.93 0.0345446 0.996498 -0.0761465 -23.6001 -0.889416 0.0654018 0.452395 -19.5627
0.483493 0.0504084 0.873896 254.082 0.0351993 0.996413 -0.0769499 -23.71 -0.87464 0.0679652 0.479984 -18.947
0.509964 0.047512 0.858882 255.2 0.0356684 0.996447 -0.0763 -23.8246 -0.859456 0.0695453 0.506458 -18.2892
0.535195 0.0456779 0.843493 256.313 0.0345321 0.996519 -0.0758754 -23.9304 -0.844023 0.0697357 0.531754 -17.6014
0.557911 0.0448709 0.828687 257.384 0.0334386 0.996511 -0.0764705 -24.0519 -0.829227 0.0703738 0.554464 -16.8746
0.57877 0.0438472 0.814311 258.446 0.033011 0.996475 -0.0771185 -24.1627 -0.814822 0.0715151 0.575282 -16.1252
0.598064 0.0428399 0.800302 259.482 0.0315576 0.996537 -0.0769272 -24.2631 -0.800826 0.0712631 0.594642 -15.3509
0.615917 0.0405251 0.786768 260.482 0.030571 0.996694 -0.0752704 -24.3728 -0.787218 0.0704126 0.612642 -14.5568
0.632914 0.0369621 0.773339 261.506 0.0318948 0.996767 -0.0737442 -24.485 -0.773565 0.0713392 0.629689 -13.7232
0.649487 0.0342201 0.759602 262.524 0.0327171 0.996804 -0.0728803 -24.5939 -0.759669 0.0721868 0.646291 -12.8803
0.664816 0.0321185 0.746316 263.498 0.0342014 0.996719 -0.0733612 -24.6984 -0.746224 0.0742968 0.661536 -12.0146
0.679951 0.0323345 0.732544 264.468 0.0328791 0.996678 -0.0745119 -24.7974 -0.73252 0.0747499 0.67663 -11.1166
0.695243 0.0315425 0.718082 265.446 0.0326478 0.99662 -0.0753869 -24.8998 -0.718033 0.0758561 0.691863 -10.1925
0.709984 0.0293378 0.703606 266.384 0.0315226 0.996806 -0.0733715 -25.0067 -0.703512 0.0742721 0.706792 -9.25653
0.724091 0.0259173 0.689218 267.322 0.0322774 0.996925 -0.071399 -25.1159 -0.688949 0.0739455 0.721028 -8.26559
0.738111 0.02343 0.674273 268.222 0.0330972 0.996936 -0.0708729 -25.2292 -0.673867 0.0746286 0.735074 -7.28913
0.751496 0.0231657 0.659331 269.097 0.0333447 0.996772 -0.0730276 -25.337 -0.658895 0.0768651 0.748298 -6.28742
0.763797 0.0229133 0.645049 269.967 0.0330103 0.996675 -0.0744909 -25.4312 -0.644612 0.0781892 0.760501 -5.25499
0.775607 0.0225205 0.630814 270.827 0.0317592 0.996705 -0.074632 -25.5365 -0.630417 0.0779193 0.772336 -4.20477
0.786622 0.0202747 0.617102 271.672 0.0316338 0.996825 -0.0730742 -25.6433 -0.616624 0.0770031 0.783483 -3.13655
0.797458 0.0162163 0.603157 272.516 0.0340041 0.996842 -0.071759 -25.766 -0.602416 0.0777346 0.794388 -2.04373
0.80725 0.0160906 0.58999 273.323 0.0331372 0.996816 -0.0725257 -25.8733 -0.589278 0.078097 0.804147 -0.939489
0.816338 0.0136396 0.577414 274.122 0.0364448 0.996512 -0.0750645 -25.9798 -0.576424 0.0823217 0.812994 0.176575
0.824858 0.0114656 0.565224 274.897 0.0369094 0.996569 -0.074079 -26.0917 -0.564134 0.0819667 0.821605 1.30509
0.832676 0.0075158 0.553709 275.673 0.0399934 0.996481 -0.0736683 -26.2044 -0.552314 0.0834865 0.829445 2.44693
0.839652 0.006491 0.543086 276.415 0.0404461 0.996405 -0.0744417 -26.3057 -0.541617 0.0844708 0.836371 3.59775
0.845181 0.00477273 0.534459 277.163 0.0410294 0.99643 -0.073781 -26.4199 -0.532903 0.0842868 0.841968 4.76827
0.849023 0.00365102 0.528343 277.884 0.0406227 0.996565 -0.0721655 -26.5318 -0.526791 0.0827329 0.845959 5.9433
0.851852 0.00167826 0.523779 278.622 0.0413348 0.996661 -0.0704186 -26.6532 -0.522148 0.0816366 0.848938 7.14928
0.854636 0.000235122 0.519227 279.373 0.0421472 0.996669 -0.0698247 -26.7704 -0.517514 0.0815586 0.851779 8.37195
0.857085 -0.000694562 0.515174 280.101 0.0425977 0.99667 -0.0695252 -26.8745 -0.51341 0.0815343 0.854261 9.58688
0.859252 -0.00285992 0.511545 280.843 0.0435619 0.996761 -0.0675991 -26.979 -0.509695 0.0803686 0.856593 10.8251
0.861531 -0.00500293 0.50768 281.575 0.0453229 0.996717 -0.0670906 -27.0851 -0.505678 0.0808102 0.85893 12.0515
0.863968 -0.00700095 0.503497 282.315 0.0473383 0.996604 -0.0673721 -27.1942 -0.501316 0.082042 0.861366 13.3009
0.866203 -0.00826434 0.499623 283.032 0.0481279 0.996595 -0.0669551 -27.3021 -0.497369 0.0820425 0.863651 14.5383
0.868331 -0.00791916 0.495922 283.743 0.0472831 0.99664 -0.0668752 -27.4077 -0.493726 0.0815185 0.865788 15.7867
0.870523 -0.00815753 0.492061 284.456 0.0470624 0.99666 -0.0667369 -27.5133 -0.489873 0.0812536 0.867999 17.0347
0.872502 -0.00824406 0.48854 285.168 0.0466347 0.996698 -0.0664675 -27.6228 -0.486379 0.080776 0.870006 18.2964
0.873757 -0.00725522 0.486309 285.864 0.0452708 0.996761 -0.0664679 -27.7351 -0.484252 0.0800924 0.871255 19.5506
0.874599 -0.00486882 0.484823 286.579 0.0423276 0.996898 -0.0663458 -27.8388 -0.482996 0.0785473 0.872092 20.8328
0.875079 -0.00482626 0.483957 287.283 0.0422052 0.996902 -0.0663727 -27.9529 -0.482137 0.0785068 0.872571 22.1015
0.875686 -0.00291362 0.482871 287.962 0.0403681 0.996923 -0.0671922 -28.0651 -0.48119 0.0783319 0.87311 23.3402
0.876234 -0.00163354 0.481883 288.643 0.0396357 0.99685 -0.0686925 -28.1781 -0.480253 0.0792905 0.873539 24.592
0.876413 -2.68881e-05 0.48156 289.325 0.038467 0.996808 -0.0699523 -28.2925 -0.480021 0.0798313 0.873617 25.8506
