0.999998 0.00113883 0.00185107 -0.0138445 -0.00113034 0.999989 -0.00458031 0.000468446 -0.00185627 0.00457821 0.999988 1.0318
0.999996 -0.000788059 0.00264421 -0.0132073 0.000801664 0.999986 -0.00514814 -0.00373593 -0.00264012 0.00515024 0.999983 2.06736
0.999994 -0.0025639 0.00250254 -0.0105431 0.00256649 0.999996 -0.00103077 -0.00647941 -0.00249989 0.00103719 0.999996 3.10728
0.999983 -0.00564509 0.00164032 -0.00703593 0.00563683 0.999972 0.00499513 -0.007148 -0.00166847 -0.0049858 0.999986 4.14218
0.999958 -0.00912609 0.000100132 -0.00189798 0.00912553 0.999948 0.00459561 0.00229754 -0.000142066 -0.00459451 0.999989 5.17482
0.999933 -0.0115675 -0.000752083 -0.00627271 0.011569 0.999931 0.00215638 -0.00811324 0.000727087 -0.00216494 0.999997 6.20035
0.999924 -0.0122301 -0.00159504 -0.00901722 0.0122282 0.999925 -0.00120171 -0.00391217 0.00160962 0.00118212 0.999998 7.2152
0.999931 -0.0114675 -0.00252695 -0.0154428 0.0114625 0.999932 -0.00199955 0.00543148 0.00254971 0.00197045 0.999995 8.23223
0.999936 -0.0108206 -0.00335222 -0.0244011 0.0108195 0.999941 -0.000340257 0.00726866 0.0033557 0.000303965 0.999994 9.23362
0.999935 -0.0106278 -0.0042256 -0.0301578 0.0106397 0.999939 0.00280921 0.00458816 0.00419549 -0.00285399 0.999987 10.2394
0.999925 -0.0109837 -0.00535918 -0.0358718 0.011006 0.999931 0.00413917 0.00849753 0.00531335 -0.00419784 0.999977 11.2304
0.999903 -0.0126132 -0.00598748 -0.043289 0.012642 0.999909 0.00479796 0.0150295 0.00592641 -0.00487319 0.999971 12.2212
0.999899 -0.0126274 -0.00652234 -0.0616522 0.0126572 0.99991 0.00453775 0.0234613 0.00646445 -0.00461984 0.999968 13.2245
0.999879 -0.0138089 -0.00710362 -0.0739286 0.0138306 0.9999 0.00302029 0.0286098 0.0070612 -0.00311818 0.99997 14.2159
0.99986 -0.0144258 -0.00844598 -0.0890427 0.0144367 0.999895 0.00123238 0.0263452 0.00842732 -0.00135414 0.999964 15.1987
0.999832 -0.0154452 -0.00984317 -0.102912 0.0154452 0.999881 -7.61952e-05 0.0299799 0.00984318 -7.58478e-05 0.999952 16.1773
0.999825 -0.0147639 -0.0114831 -0.116652 0.0147567 0.999891 -0.00071745 0.0296525 0.0114924 0.000547872 0.999934 17.1462
0.99983 -0.0133733 -0.012725 -0.141133 0.013356 0.99991 -0.00144787 0.0254098 0.0127432 0.00127767 0.999918 18.1141
0.999834 -0.0114105 -0.0141744 -0.163468 0.0113881 0.999934 -0.00165766 0.0285761 0.0141923 0.00149597 0.999898 19.0839
0.999811 -0.0115573 -0.0156055 -0.179243 0.0115468 0.999933 -0.000761668 0.0277775 0.0156133 0.00058133 0.999878 20.0569
0.999801 -0.0107408 -0.0168385 -0.20226 0.0107556 0.999942 0.000788893 0.0253415 0.0168291 -0.000969844 0.999858 21.0225
0.999782 -0.010382 -0.0181337 -0.228508 0.0104054 0.999945 0.00119436 0.0296596 0.0181203 -0.00138278 0.999835 21.9737
0.999738 -0.0116251 -0.0197009 -0.251042 0.0116422 0.999932 0.000755963 0.0362491 0.0196908 -0.000985128 0.999806 22.9261
0.999696 -0.0118307 -0.0216258 -0.268637 0.0118446 0.99993 0.000516373 0.0362398 0.0216182 -0.000772365 0.999766 23.8717
0.99968 -0.0114287 -0.0225607 -0.296813 0.0114518 0.999934 0.000896648 0.036655 0.022549 -0.00115472 0.999745 24.816
0.999645 -0.0116563 -0.0239746 -0.318362 0.0117291 0.999927 0.00289747 0.0369761 0.0239391 -0.00317764 0.999708 25.7461
0.99962 -0.0123 -0.0246779 -0.345221 0.0124485 0.999905 0.0058756 0.032342 0.0246033 -0.00618057 0.999678 26.6764
0.999594 -0.0124108 -0.0256364 -0.367678 0.0126074 0.999892 0.0075187 0.0353023 0.0255403 -0.00783886 0.999643 27.5854
0.999592 -0.0117828 -0.0260245 -0.397795 0.0119561 0.999907 0.00651412 0.0343464 0.0259454 -0.00682262 0.99964 28.4767
0.999587 -0.00979843 -0.027026 -0.422194 0.0099151 0.999942 0.00418608 0.0336819 0.0269834 -0.00445232 0.999626 29.3577
0.999573 -0.00911698 -0.0277497 -0.452095 0.00918873 0.999955 0.00245901 0.0365275 0.027726 -0.00271295 0.999612 30.2223
0.999577 -0.00747308 -0.0281043 -0.491719 0.0075332 0.99997 0.00203376 0.03694 0.0280883 -0.00224462 0.999603 31.0779
0.999536 -0.0074597 -0.0295259 -0.516355 0.00750702 0.999971 0.00149215 0.0377015 0.0295139 -0.00171311 0.999563 31.9268
0.999485 -0.00699309 -0.031315 -0.550753 0.00702833 0.999975 0.00101529 0.0331407 0.0313071 -0.00123486 0.999509 32.7605
0.999425 -0.00691004 -0.033203 -0.585245 0.00695094 0.999975 0.00111667 0.0344738 0.0331945 -0.00134682 0.999448 33.5884
0.999371 -0.00644358 -0.0348612 -0.623642 0.00650981 0.999977 0.00178664 0.0400095 0.0348489 -0.00201246 0.999391 34.4055
0.999298 -0.00647231 -0.0368897 -0.659898 0.00662365 0.99997 0.00398169 0.0442861 0.0368629 -0.00422325 0.999311 35.2184
0.999233 -0.00499556 -0.0388397 -0.693239 0.00520574 0.999972 0.00531234 0.0506721 0.0388121 -0.00551046 0.999231 36.0278
0.999155 -0.00392698 -0.0409214 -0.727169 0.00415446 0.999976 0.00547552 0.053739 0.040899 -0.0056409 0.999147 36.8176
0.999081 -0.00141176 -0.0428469 -0.768753 0.00161381 0.999988 0.00468153 0.0563145 0.0428398 -0.00474637 0.999071 37.6023
0.999003 0.000446723 -0.0446401 -0.81472 -0.000256606 0.999991 0.00426451 0.058767 0.0446415 -0.00424881 0.998994 38.3823
0.998934 0.000597937 -0.0461544 -0.854551 -0.000361144 0.999987 0.00513863 0.0682738 0.0461569 -0.00511648 0.998921 39.1511
0.998886 0.00194159 -0.0471464 -0.899825 -0.00160666 0.999973 0.00714101 0.0697858 0.047159 -0.0070573 0.998862 39.8986
0.998879 0.00470191 -0.0471005 -0.94363 -0.00434487 0.999961 0.0076799 0.072161 0.0471347 -0.00746664 0.998861 40.6335
0.998896 0.00809522 -0.046272 -0.977458 -0.00783762 0.999953 0.00574575 0.0710529 0.0463163 -0.00537675 0.998912 41.374
0.998957 0.00991673 -0.0445723 -1.01288 -0.00981965 0.999949 0.00239648 0.0778042 0.0445937 -0.0019563 0.999003 42.0814
0.99904 0.0102203 -0.0426035 -1.04741 -0.0102064 0.999948 0.000543246 0.0811631 0.0426068 -0.000107894 0.999092 42.7755
0.99915 0.0112823 -0.039652 -1.07452 -0.0112533 0.999936 0.000953883 0.0900336 0.0396602 -0.000506855 0.999213 43.4751
0.999207 0.0157769 -0.0365524 -1.10532 -0.0156556 0.999871 0.00360088 0.0906171 0.0366045 -0.00302577 0.999325 44.1674
0.999258 0.0204988 -0.0326168 -1.14043 -0.0202747 0.999769 0.00718837 0.0900752 0.0327566 -0.00652174 0.999442 44.8354
0.999277 0.0255686 -0.0281396 -1.17105 -0.0253442 0.999644 0.00830185 0.0902519 0.0283419 -0.00758267 0.99957 45.4882
0.999318 0.0291762 -0.0226537 -1.19502 -0.0289823 0.999541 0.00884007 0.091016 0.0229012 -0.00817748 0.999704 46.1235
0.999311 0.0330694 -0.0168673 -1.20992 -0.0328941 0.999403 0.0105624 0.101177 0.0172065 -0.0100003 0.999802 46.7426
0.999235 0.0376734 -0.010514 -1.22067 -0.0375514 0.999228 0.0115673 0.10703 0.0109416 -0.0111636 0.999878 47.3408
0.999141 0.0413205 -0.00326647 -1.23339 -0.0412812 0.999084 0.0112945 0.109095 0.00373017 -0.0111499 0.999931 47.9195
0.998978 0.0450097 0.00420877 -1.23893 -0.0450553 0.998919 0.0114632 0.106579 -0.00368827 -0.0116411 0.999925 48.4671
0.998711 0.0493788 0.0117336 -1.23913 -0.049507 0.998714 0.0108987 0.112448 -0.0111803 -0.0114655 0.999872 49.0034
0.998366 0.0537876 0.0193047 -1.23472 -0.0539529 0.99851 0.00814598 0.116453 -0.0188378 -0.00917421 0.99978 49.5122
0.998063 0.0558532 0.0273984 -1.22465 -0.0560077 0.998418 0.00490722 0.118238 -0.0270809 -0.00643223 0.999613 49.9932
0.997813 0.0560845 0.0349746 -1.20109 -0.056279 0.998404 0.00460216 0.118361 -0.0346607 -0.00656043 0.999378 50.4513
0.997555 0.0553516 0.0426709 -1.17709 -0.0556689 0.99843 0.00628386 0.112924 -0.0422561 -0.00864394 0.999069 50.8759
0.997086 0.0571657 0.0505074 -1.15262 -0.0575784 0.998318 0.00675242 0.119665 -0.0500365 -0.00964088 0.998701 51.2889
0.996436 0.0601814 0.0591105 -1.13045 -0.0606797 0.998135 0.00667076 0.124056 -0.0585988 -0.0102338 0.998229 51.6692
0.995591 0.0648967 0.067723 -1.10876 -0.0654548 0.997837 0.00605303 0.122717 -0.0671837 -0.0104591 0.997686 52.0244
0.994622 0.0695929 0.0767055 -1.08249 -0.0702629 0.99751 0.00606709 0.123631 -0.0760923 -0.011424 0.997035 52.3694
0.9939 0.0690906 0.0859637 -1.04905 -0.0699054 0.997532 0.00650105 0.126608 -0.0853024 -0.0124707 0.996277 52.6822
0.993015 0.0680995 0.0963558 -1.00263 -0.068858 0.997616 0.00456439 0.127995 -0.0958153 -0.0111674 0.995336 52.9819
0.99188 0.0669398 0.108136 -0.962108 -0.0673202 0.997731 -0.000133153 0.131284 -0.1079 -0.00714767 0.994136 53.2713
0.990306 0.0682022 0.12101 -0.906228 -0.0682108 0.997663 -0.0040757 0.127444 -0.121005 -0.00421802 0.992643 53.5501
0.988212 0.0698219 0.136244 -0.859059 -0.0695824 0.997555 -0.00652566 0.131344 -0.136366 -0.00303142 0.990654 53.8467
0.985712 0.0715161 0.152504 -0.809834 -0.0711651 0.997434 -0.00776568 0.125731 -0.152668 -0.00319825 0.988272 54.1261
0.98287 0.0724666 0.169455 -0.754509 -0.0719916 0.997365 -0.00895347 0.121877 -0.169657 -0.00339921 0.985497 54.3985
0.979649 0.0716679 0.187489 -0.688452 -0.0709633 0.997424 -0.010476 0.122281 -0.187756 -0.00304197 0.982211 54.6787
0.975887 0.0703079 0.206644 -0.614097 -0.0695616 0.997518 -0.0108844 0.121017 -0.206896 -0.00375253 0.978356 54.9446
0.97144 0.0703267 0.226624 -0.53154 -0.0693409 0.997517 -0.0123178 0.120604 -0.226928 -0.00374839 0.973904 55.2153
0.966106 0.0725647 0.247736 -0.45575 -0.0710834 0.997359 -0.014931 0.120094 -0.248165 -0.00318499 0.968713 55.4757
0.959872 0.0739194 0.270523 -0.366818 -0.0720742 0.997258 -0.0167632 0.111877 -0.27102 -0.00340714 0.962568 55.7433
0.952597 0.0752918 0.294772 -0.265654 -0.0731821 0.997153 -0.0181983 0.106696 -0.295303 -0.00423638 0.955394 56.0104
0.944061 0.0782186 0.32036 -0.158109 -0.0760261 0.996918 -0.0193664 0.100634 -0.320887 -0.00607261 0.947098 56.2799
0.934125 0.0804974 0.347751 -0.0389854 -0.0781381 0.996725 -0.020828 0.0912804 -0.348289 -0.00771671 0.937355 56.5481
0.922802 0.0817686 0.376497 0.0840736 -0.0792531 0.996607 -0.0221947 0.0781973 -0.377034 -0.00935722 0.926152 56.8071
0.910152 0.0802048 0.406437 0.229319 -0.0767913 0.99674 -0.0247311 0.0700316 -0.407095 -0.00870177 0.913344 57.0569
0.895344 0.0775525 0.438572 0.390096 -0.0728335 0.996962 -0.027603 0.0572006 -0.43938 -0.00722857 0.898272 57.3024
0.878026 0.0768999 0.472395 0.557946 -0.070227 0.997025 -0.0317741 0.0369551 -0.473433 -0.00527646 0.880814 57.5477
0.858414 0.0791067 0.506821 0.736527 -0.0699077 0.99686 -0.0371898 0.0236339 -0.508172 -0.00350645 0.861248 57.7929
0.836599 0.0812509 0.541756 0.930891 -0.06945 0.996691 -0.0422334 0.0146378 -0.543395 -0.00229257 0.839474 58.0403
0.812212 0.0838224 0.577309 1.15086 -0.0699111 0.996477 -0.0463261 0.00280263 -0.579159 -0.00273372 0.81521 58.2858
0.784877 0.0878158 0.613397 1.38364 -0.0725488 0.996122 -0.0497774 -0.0118963 -0.61539 -0.00543211 0.788204 58.541
0.754973 0.0925274 0.649196 1.63306 -0.0763012 0.995666 -0.0531752 -0.0275833 -0.651302 -0.00938861 0.75876 58.7974
0.721988 0.0941984 0.685463 1.91674 -0.0762461 0.995487 -0.0564939 -0.0439918 -0.687691 -0.0114759 0.725912 59.0547
0.685615 0.0918026 0.722152 2.22465 -0.0725665 0.995694 -0.0576812 -0.0695974 -0.724338 -0.012857 0.689325 59.2998
0.646804 0.090867 0.757223 2.56218 -0.0696826 0.995765 -0.0599706 -0.0921957 -0.759466 -0.013976 0.650397 59.5385
0.604785 0.0901647 0.791268 2.91803 -0.0671509 0.995805 -0.0621466 -0.118221 -0.793553 -0.0155491 0.608303 59.7667
0.5591 0.0901738 0.824182 3.31081 -0.0635955 0.995804 -0.0658096 -0.141929 -0.826657 -0.0156201 0.562489 59.9905
0.511311 0.0889619 0.854779 3.72225 -0.0597906 0.9959 -0.0678837 -0.168038 -0.857314 -0.0163981 0.514533 60.1944
0.462607 0.0873456 0.88225 4.16781 -0.0579413 0.995986 -0.0682243 -0.197428 -0.884668 -0.0195577 0.465811 60.3948
0.412814 0.0854377 0.906799 4.62454 -0.0579009 0.996039 -0.0674868 -0.23079 -0.908973 -0.024645 0.416126 60.58
0.362411 0.085588 0.92808 5.10018 -0.0607823 0.995825 -0.0681003 -0.253037 -0.930034 -0.0317306 0.3661 60.7494
0.31343 0.0859442 0.945714 5.60621 -0.0572316 0.995795 -0.0715277 -0.275337 -0.947885 -0.0317057 0.317031 60.8884
0.266591 0.082447 0.960277 6.13095 -0.0457216 0.996295 -0.0728462 -0.317192 -0.962725 -0.0244853 0.269373 60.9968
0.22299 0.0765431 0.971811 6.67253 -0.0318377 0.996953 -0.0712179 -0.355328 -0.974301 -0.0150594 0.224747 61.0737
0.181143 0.0753063 0.980569 7.23213 -0.022128 0.997124 -0.0724899 -0.39577 -0.983208 -0.00856696 0.182289 61.1403
0.14245 0.0771203 0.986793 7.80563 -0.0182541 0.996995 -0.0752825 -0.423175 -0.989634 -0.00728895 0.14343 61.2076
0.110106 0.0778646 0.990865 8.39054 -0.00843686 0.996964 -0.0774064 -0.462282 -0.993884 0.000163125 0.110429 61.2475
0.0812514 0.0758464 0.993804 8.98641 -0.00056305 0.997104 -0.0760523 -0.502471 -0.996693 0.00561979 0.0810588 61.2685
0.0562853 0.0740266 0.995667 9.6079 0.00637968 0.997201 -0.0745013 -0.544403 -0.998394 0.0105454 0.0556554 61.282
0.0363134 0.0728483 0.996682 10.2407 0.0108916 0.997251 -0.0732868 -0.585857 -0.999281 0.0135167 0.0354202 61.2921
0.0207325 0.0744301 0.997011 10.8719 0.0134669 0.997114 -0.0747178 -0.627226 -0.999694 0.0149757 0.0196703 61.2858
0.00742053 0.0741036 0.997223 11.5192 0.0141092 0.997143 -0.0742026 -0.672601 -0.999873 0.0146207 0.00635379 61.2796
-0.0041791 0.074683 0.997199 12.1806 0.0141802 0.997111 -0.074617 -0.726338 -0.999891 0.0138286 -0.00522604 61.2719
-0.0129991 0.077298 0.996923 12.8487 0.0189209 0.996848 -0.0770454 -0.775273 -0.999736 0.0178612 -0.0144207 61.247
-0.0191472 0.0789678 0.996693 13.5312 0.0230849 0.996645 -0.0785205 -0.821049 -0.99955 0.0215051 -0.020906 61.2208
-0.0237697 0.0786609 0.996618 14.2381 0.0233461 0.996671 -0.0781083 -0.860023 -0.999445 0.0214106 -0.025527 61.2074
-0.0275417 0.0761157 0.996719 14.9645 0.0210027 0.996921 -0.0755508 -0.90015 -0.9994 0.018853 -0.0290555 61.205
-0.0299799 0.0694445 0.997135 15.6921 0.0188877 0.997445 -0.0688982 -0.943824 -0.999372 0.016768 -0.031215 61.1859
-0.0310792 0.0639036 0.997472 16.437 0.0200531 0.997793 -0.0632994 -0.987637 -0.999316 0.0180351 -0.0322921 61.1644
-0.0316522 0.0610948 0.99763 17.1821 0.0219631 0.997932 -0.0604164 -1.03436 -0.999258 0.0199988 -0.0329286 61.1375
-0.0313664 0.0633168 0.9975 17.9217 0.0247392 0.997735 -0.0625537 -1.08071 -0.999202 0.0227153 -0.0328618 61.1106
-0.0306247 0.0704576 0.997045 18.6807 0.0256428 0.99724 -0.0696837 -1.12673 -0.999202 0.023433 -0.0323469 61.0871
-0.0281162 0.0787398 0.996499 19.4458 0.0262194 0.996608 -0.0780086 -1.17013 -0.999261 0.0239343 -0.0300854 61.0624
-0.025733 0.0796004 0.996495 20.2304 0.026853 0.99652 -0.078909 -1.21221 -0.999308 0.0247283 -0.027781 61.0417
-0.0238027 0.0752304 0.996882 21.0348 0.026379 0.996865 -0.0745993 -1.26407 -0.999369 0.0245211 -0.0257126 61.029
-0.0211398 0.0686007 0.99742 21.8368 0.0257728 0.997349 -0.0680495 -1.32281 -0.999444 0.0242677 -0.0228518 61.0147
-0.0186226 0.066873 0.997588 22.6374 0.0232652 0.99752 -0.0664341 -1.37536 -0.999556 0.0219719 -0.0201323 61.0078
-0.0147437 0.0721317 0.997286 23.4337 0.0313349 0.996938 -0.0716432 -1.42911 -0.9994 0.0301936 -0.0169588 60.9765
-0.0111636 0.0776651 0.996917 24.2269 0.0335008 0.996448 -0.0772534 -1.48679 -0.999376 0.0325351 -0.0137257 60.9644
-0.00864828 0.0781397 0.996905 25.033 0.0272429 0.996591 -0.0778788 -1.53933 -0.999591 0.0264851 -0.0107475 60.9655
-0.00545891 0.0746265 0.997197 25.8391 0.0229206 0.996959 -0.0744833 -1.59621 -0.999722 0.0224497 -0.0071528 60.974
-0.000706437 0.0709473 0.99748 26.6495 0.0267123 0.997125 -0.0709032 -1.65724 -0.999643 0.0265949 -0.00259957 60.9663
0.00291595 0.0722246 0.997384 27.4523 0.0313874 0.99689 -0.0722806 -1.70943 -0.999503 0.0315161 0.000639944 60.9641
0.00575011 0.076583 0.997047 28.2578 0.0309637 0.996571 -0.0767251 -1.7677 -0.999504 0.0313134 0.0033591 60.9725
0.00930143 0.0773444 0.996961 29.0578 0.0270678 0.996619 -0.0775704 -1.82121 -0.99959 0.027707 0.00717644 60.9915
0.0129664 0.0769909 0.996947 29.8814 0.0259798 0.996669 -0.0773073 -1.87775 -0.999578 0.0269029 0.010923 61.0081
0.0166795 0.0740693 0.997114 30.6917 0.0302432 0.996759 -0.0745489 -1.93159 -0.999403 0.0313994 0.0143853 61.0218
0.0207564 0.0747908 0.996983 31.4989 0.0347411 0.996542 -0.075481 -1.98892 -0.999181 0.0362031 0.0180863 61.0295
0.0241077 0.075893 0.996824 32.3208 0.0375371 0.996342 -0.0767641 -2.03838 -0.999004 0.0392685 0.0211708 61.0513
0.0268044 0.0759138 0.996754 33.1259 0.037874 0.996319 -0.0768992 -2.09242 -0.998923 0.0398123 0.0238306 61.0762
0.030413 0.0744284 0.996762 33.9437 0.0394971 0.996355 -0.0756032 -2.15102 -0.998757 0.0416686 0.0273625 61.1009
0.034244 0.0733981 0.996715 34.7421 0.0415302 0.996334 -0.0747969 -2.20832 -0.99855 0.0439551 0.0310702 61.1235
0.0370816 0.0736495 0.996595 35.5575 0.039708 0.996384 -0.0751114 -2.26347 -0.998523 0.042358 0.034023 61.1577
0.0404072 0.0751438 0.996354 36.3715 0.0367138 0.996383 -0.076635 -2.3239 -0.998509 0.0396765 0.0375022 61.1956
0.0434406 0.0751518 0.996225 37.1983 0.0382554 0.99631 -0.0768263 -2.38253 -0.998323 0.0414484 0.0404053 61.226
0.0458529 0.0747199 0.99615 38.0226 0.0357681 0.996436 -0.0763878 -2.44715 -0.998308 0.039133 0.0430169 61.2713
0.0481147 0.074884 0.996031 38.834 0.033901 0.996489 -0.076556 -2.50573 -0.998266 0.0374499 0.0454071 61.3146
0.0506524 0.0751538 0.995885 39.6629 0.0307226 0.996575 -0.0767685 -2.56077 -0.998244 0.0344847 0.04817 61.3693
0.0544257 0.0770874 0.995538 40.4928 0.0288075 0.996479 -0.0787352 -2.62401 -0.998102 0.0329642 0.0520134 61.4078
0.057602 0.0806759 0.995075 41.3218 0.0269698 0.99624 -0.0823316 -2.68016 -0.997975 0.0315794 0.0552096 61.4579
0.0610711 0.0829669 0.994679 42.1528 0.0266958 0.996047 -0.08472 -2.74141 -0.997776 0.0317278 0.0586149 61.5112
0.0639385 0.0853755 0.994295 42.994 0.0206906 0.996006 -0.0868529 -2.80208 -0.997739 0.0261258 0.0619167 61.5732
0.0665504 0.0844784 0.9942 43.8354 0.0171621 0.996165 -0.0857941 -2.87114 -0.997635 0.0227722 0.0648454 61.6402
0.0702057 0.084742 0.993927 44.6784 0.0191633 0.996087 -0.0862797 -2.94181 -0.997348 0.0251042 0.068307 61.7024
0.0741379 0.0859088 0.993541 45.5286 0.0183343 0.995997 -0.0874893 -3.01214 -0.997079 0.0247022 0.072266 61.7685
0.077802 0.0867632 0.993186 46.3828 0.0143697 0.996005 -0.088135 -3.07821 -0.996865 0.0211289 0.0762445 61.8439
0.0820759 0.0848859 0.993004 47.2533 0.0129806 0.996191 -0.0862312 -3.14542 -0.996542 0.0199673 0.0806614 61.9215
0.0871521 0.0843279 0.992619 48.123 0.0137913 0.996213 -0.085844 -3.22394 -0.9961 0.021171 0.0856591 61.9973
0.0921616 0.0878318 0.991863 48.9874 0.0099707 0.995971 -0.089122 -3.29669 -0.995694 0.0181032 0.0909145 62.0874
0.0981927 0.0961686 0.99051 49.8426 0.00815676 0.995209 -0.0974334 -3.37375 -0.995134 0.0176466 0.0969378 62.1802
0.105171 0.101392 0.989272 50.7188 0.0059535 0.994707 -0.102582 -3.44343 -0.994436 0.0166784 0.104011 62.2902
0.112446 0.103949 0.988206 51.5928 0.00171311 0.994491 -0.104805 -3.52565 -0.993656 0.0134778 0.111649 62.3999
0.119253 0.102518 0.987557 52.4695 -0.00263745 0.994684 -0.10294 -3.60325 -0.99286 0.00967123 0.118889 62.5269
0.126645 0.101022 0.986791 53.3607 -0.00300106 0.994835 -0.10146 -3.68513 -0.991944 0.00988801 0.126294 62.653
0.133948 0.0975678 0.986174 54.2492 -0.00340661 0.995181 -0.0979963 -3.76671 -0.990982 0.00976693 0.133635 62.7852
0.141565 0.0923839 0.985609 55.1459 -0.00550025 0.995694 -0.0925392 -3.84243 -0.989914 0.00767919 0.141463 62.9226
0.148467 0.0850402 0.985254 56.0383 -0.00826989 0.996368 -0.0847533 -3.92019 -0.988883 0.00443511 0.148631 63.0741
0.156199 0.0818395 0.984329 56.9249 -0.00814569 0.996634 -0.0815699 -4.00356 -0.987692 0.00472313 0.15634 63.2166
0.163129 0.083076 0.983101 57.7925 -0.00892957 0.996532 -0.0827293 -4.0882 -0.986564 0.00471688 0.163305 63.3711
0.168881 0.0897554 0.981541 58.6567 -0.00852323 0.995941 -0.0896056 -4.16 -0.9856 0.00676682 0.168961 63.5284
0.173746 0.0932973 0.980361 59.507 -0.0103502 0.99562 -0.0929151 -4.23229 -0.984736 0.00599667 0.173951 63.6903
0.178423 0.0959634 0.979263 60.3482 -0.012096 0.995371 -0.095338 -4.31387 -0.98388 0.00516532 0.178758 63.8549
0.183865 0.0954473 0.978306 61.1786 -0.0147929 0.99543 -0.0943378 -4.39077 -0.98284 0.00287341 0.184437 64.0193
0.189047 0.0920787 0.977641 62.0064 -0.0108908 0.995729 -0.0916764 -4.47187 -0.981908 0.00668385 0.189243 64.1834
0.193626 0.085195 0.977369 62.8334 -0.0100047 0.996342 -0.0848667 -4.54437 -0.981024 0.00665412 0.19377 64.3534
0.196679 0.0789178 0.977287 63.6444 -0.0120325 0.996875 -0.078078 -4.61996 -0.980394 0.00359711 0.197014 64.5267
0.199905 0.0759572 0.976867 64.4422 -0.0157968 0.997111 -0.0742987 -4.68298 -0.979688 -0.000578642 0.200528 64.6998
0.203369 0.0757012 0.976171 65.2259 -0.0172663 0.997129 -0.0737293 -4.74524 -0.97895 -0.00186057 0.204092 64.8697
0.205533 0.0782035 0.975521 65.9942 -0.0194875 0.996932 -0.075814 -4.79577 -0.978456 -0.00342819 0.206427 65.0381
0.206921 0.082253 0.974894 66.7508 -0.0234686 0.99659 -0.0791023 -4.86124 -0.978076 -0.00651146 0.208146 65.2121
0.208966 0.0862379 0.974113 67.4918 -0.0249615 0.99625 -0.082843 -4.923 -0.977604 -0.00700388 0.210335 65.3806
0.211349 0.0918112 0.973089 68.23 -0.0255561 0.995757 -0.0883993 -4.98095 -0.977077 -0.00618529 0.212798 65.5442
0.212857 0.0938382 0.972567 68.9602 -0.0250647 0.995574 -0.0905724 -5.03974 -0.976762 -0.00509815 0.214267 65.709
0.214194 0.0935596 0.9723 69.6776 -0.0275604 0.995585 -0.0897287 -5.10563 -0.976402 -0.0075777 0.215827 65.8801
0.214897 0.09062 0.972423 70.3856 -0.0269361 0.995857 -0.0868512 -5.16714 -0.976265 -0.0075293 0.216447 66.0452
0.215211 0.0885941 0.972541 71.098 -0.0273761 0.996032 -0.0846761 -5.22517 -0.976184 -0.00840116 0.216782 66.2131
0.215277 0.0872625 0.972646 71.7938 -0.0266173 0.996154 -0.0834803 -5.28261 -0.97619 -0.00791785 0.216771 66.3664
0.213595 0.086439 0.973091 72.4777 -0.027373 0.996216 -0.0824848 -5.34658 -0.976539 -0.00901809 0.215152 66.5264
0.211749 0.0872746 0.973419 73.1557 -0.0286751 0.996131 -0.0830731 -5.40651 -0.976903 -0.0103222 0.213433 66.6869
0.209493 0.0902347 0.973638 73.8199 -0.0292905 0.995865 -0.0859924 -5.46322 -0.977371 -0.0105035 0.21127 66.8376
0.207327 0.093998 0.973745 74.4672 -0.0273658 0.995541 -0.0902753 -5.52324 -0.977889 -0.00793076 0.208975 66.9782
0.205552 0.0941007 0.974112 75.1165 -0.0250293 0.995546 -0.0908897 -5.58706 -0.978326 -0.00569877 0.206992 67.1171
0.203295 0.0931985 0.974672 75.7577 -0.0266866 0.995617 -0.089635 -5.63855 -0.978754 -0.00778831 0.204891 67.2524
0.200949 0.0900868 0.975451 76.388 -0.0269177 0.995894 -0.0864296 -5.69459 -0.979232 -0.00888886 0.202549 67.3845
0.198941 0.0859311 0.976237 77.0122 -0.0265341 0.996255 -0.082286 -5.75588 -0.979652 -0.0095335 0.200476 67.5147
0.197061 0.0853047 0.976673 77.6208 -0.0232578 0.996334 -0.0823293 -5.81031 -0.980115 -0.00649141 0.198322 67.6361
0.195124 0.0868158 0.976929 78.2271 -0.0195467 0.996221 -0.0846261 -5.85811 -0.980584 -0.00258318 0.196084 67.7644
0.192936 0.088943 0.977172 78.8181 -0.0152866 0.996035 -0.0876416 -5.9049 -0.981092 0.00197152 0.19353 67.8737
0.191379 0.090789 0.977308 79.4068 -0.0157253 0.995869 -0.0894338 -5.95506 -0.98139 0.00174728 0.192016 67.9868
0.189784 0.0934041 0.977373 80.0017 -0.0159347 0.995626 -0.0920544 -6.00882 -0.981697 0.00189622 0.190442 68.1099
0.188346 0.0918619 0.977797 80.5904 -0.0141812 0.995766 -0.0908185 -6.0618 -0.982 0.00323899 0.188851 68.227
0.189011 0.090366 0.977808 81.1915 -0.00837404 0.995869 -0.0904164 -6.10765 -0.981939 0.00890149 0.188987 68.3393
0.191309 0.0885363 0.977529 81.7973 -0.00377256 0.995982 -0.0894693 -6.15713 -0.981523 0.0134285 0.190875 68.4478
0.193019 0.0882739 0.977216 82.3949 -0.00104473 0.995963 -0.089761 -6.20306 -0.981194 0.0163047 0.192332 68.5722
0.196048 0.0876732 0.976667 83.002 -0.00332003 0.996049 -0.0887466 -6.25943 -0.980589 0.014156 0.195564 68.7094
0.201173 0.0881719 0.975579 83.6089 -0.00464778 0.996015 -0.0890604 -6.31555 -0.979545 0.0133823 0.200781 68.8491
0.2076 0.087042 0.974334 84.2151 -0.00358496 0.996094 -0.0882221 -6.3645 -0.978207 0.0148219 0.207101 68.9862
0.215077 0.0876579 0.972655 84.831 -0.00552759 0.996057 -0.0885446 -6.40787 -0.976581 0.0136675 0.214714 69.133
0.223044 0.0859035 0.971016 85.4509 -0.00579074 0.996209 -0.0868021 -6.45159 -0.974791 0.0137378 0.222696 69.2888
0.231771 0.0857025 0.968988 86.0865 -0.00989869 0.996268 -0.0857476 -6.50699 -0.97272 0.0102821 0.231754 69.4549
0.241517 0.0854331 0.966629 86.7213 -0.0107339 0.996291 -0.0853728 -6.55953 -0.970337 0.0102433 0.241538 69.6247
0.251217 0.0889662 0.963834 87.3599 -0.0160917 0.996013 -0.0877423 -6.61278 -0.967797 0.00653256 0.251647 69.8036
0.260547 0.0913904 0.961126 88.0086 -0.0199142 0.995807 -0.0892896 -6.66486 -0.965256 0.00412407 0.261274 69.9958
0.270872 0.0941784 0.957997 88.6632 -0.0240771 0.995554 -0.0910628 -6.71808 -0.962314 0.0016006 0.271935 70.1997
0.28116 0.0959727 0.95485 89.3223 -0.0256919 0.995383 -0.0924816 -6.77467 -0.959317 0.00147018 0.282328 70.406
0.290872 0.0965889 0.951874 90.0005 -0.0290439 0.995324 -0.0921227 -6.84181 -0.956321 -0.000850164 0.292317 70.63
0.301424 0.0965796 0.948586 90.6757 -0.0296304 0.995325 -0.0919229 -6.90546 -0.95303 -0.000399214 0.302877 70.8576
0.31145 0.0973224 0.945266 91.367 -0.0336509 0.995247 -0.091381 -6.96368 -0.949667 -0.00334844 0.313245 71.1018
0.322174 0.0921488 0.942185 92.0742 -0.0331088 0.995739 -0.0860653 -7.02257 -0.946101 -0.00346669 0.323852 71.3523
0.333247 0.0846689 0.93903 92.7987 -0.0292634 0.996409 -0.0794574 -7.08512 -0.942385 -0.00100024 0.334528 71.6107
0.343863 0.08038 0.935573 93.5193 -0.0279645 0.996764 -0.0753591 -7.13988 -0.938603 -0.00024958 0.344998 71.8897
0.354288 0.0770161 0.93196 94.2699 -0.0281558 0.997029 -0.0716899 -7.18932 -0.934712 -0.000841229 0.355404 72.1775
0.363754 0.0742849 0.928528 95.0154 -0.021831 0.997221 -0.0712282 -7.24049 -0.931239 0.00563889 0.364365 72.4711
0.372528 0.0692556 0.925433 95.7775 -0.0157526 0.99754 -0.0683107 -7.28088 -0.927887 0.0108697 0.372703 72.7752
0.379589 0.0596902 0.923228 96.5491 -0.00631579 0.99806 -0.0619317 -7.32832 -0.925134 0.0176776 0.379229 73.0826
0.386956 0.0546265 0.920479 97.3278 -0.000235311 0.998249 -0.059143 -7.3831 -0.922098 0.0226691 0.386292 73.4013
0.394152 0.054465 0.91743 98.1033 0.00146262 0.998204 -0.0598887 -7.43711 -0.919044 0.0249471 0.393364 73.7385
0.401692 0.0604738 0.913776 98.8804 0.00405238 0.99769 -0.0678087 -7.48396 -0.915766 0.0309412 0.400519 74.0779
0.408683 0.0649398 0.910363 99.6437 0.00778217 0.997181 -0.0746265 -7.52762 -0.912643 0.0375832 0.407025 74.4227
0.414223 0.0667278 0.907726 100.422 0.0063949 0.997071 -0.0762138 -7.58264 -0.910153 0.0373744 0.412583 74.781
0.418587 0.0689822 0.905553 101.189 -0.00118331 0.997152 -0.0754129 -7.63962 -0.908176 0.0304953 0.417476 75.1509
0.422592 0.0726537 0.903403 101.944 -0.00769229 0.997033 -0.0765854 -7.69912 -0.906287 0.0254151 0.421897 75.5199
0.426717 0.0755457 0.901224 102.688 -0.00866972 0.996801 -0.0794525 -7.76776 -0.904344 0.0260904 0.426007 75.882
0.430343 0.0800914 0.899105 103.418 -0.0125512 0.996491 -0.0827589 -7.82926 -0.902578 0.0243299 0.429838 76.2479
0.433613 0.083354 0.897236 104.136 -0.0159576 0.996267 -0.0848421 -7.89357 -0.900958 0.0224709 0.433324 76.6106
0.4373 0.0818277 0.895585 104.844 -0.017524 0.996438 -0.0824857 -7.96237 -0.899145 0.0203767 0.437176 76.9712
0.441311 0.0787435 0.893893 105.552 -0.0164591 0.996685 -0.0796727 -8.02266 -0.897203 0.0204478 0.441144 77.3297
0.444497 0.0761932 0.892534 106.232 -0.016791 0.99691 -0.0767413 -8.07955 -0.895623 0.0191247 0.444403 77.684
0.448102 0.0750212 0.890829 106.915 -0.0177002 0.997022 -0.0750608 -8.14453 -0.893807 0.0178671 0.448095 78.0364
0.452036 0.0762632 0.888733 107.596 -0.0187488 0.996931 -0.0760115 -8.19751 -0.891803 0.0176973 0.452079 78.3799
0.454852 0.0765942 0.887267 108.26 -0.0177954 0.996877 -0.0769338 -8.2523 -0.890389 0.0192042 0.454795 78.7275
0.457022 0.0749579 0.886291 108.92 -0.0160247 0.996975 -0.0760557 -8.30607 -0.889311 0.0205566 0.456841 79.0723
0.458612 0.0737325 0.885572 109.552 -0.0143838 0.997037 -0.0755641 -8.36315 -0.88852 0.0219167 0.458314 79.403
0.460486 0.073995 0.884577 110.177 -0.015727 0.997043 -0.0752157 -8.41407 -0.887527 0.020724 0.460289 79.7365
0.462442 0.073361 0.88361 110.799 -0.0144116 0.997061 -0.0752378 -8.46895 -0.886533 0.0220589 0.46214 80.0655
0.465109 0.0752351 0.882051 111.408 -0.0150616 0.99691 -0.0770901 -8.51697 -0.885125 0.0225702 0.464805 80.3881
0.468164 0.0751717 0.880438 112.012 -0.0120039 0.996824 -0.0787257 -8.56752 -0.88356 0.0262879 0.46758 80.7034
0.471302 0.0741972 0.878845 112.611 -0.0102561 0.996849 -0.0786597 -8.62759 -0.881912 0.028059 0.470578 81.0234
0.474552 0.0726989 0.87722 113.192 -0.00706569 0.996866 -0.0787921 -8.67012 -0.880199 0.0311928 0.473579 81.3338
0.478116 0.0716705 0.875368 113.762 -0.00533372 0.996884 -0.0787063 -8.71988 -0.87828 0.0329618 0.477008 81.6418
0.481487 0.0711483 0.873561 114.328 -0.00399827 0.996868 -0.0789874 -8.76768 -0.876444 0.0345387 0.480263 81.9496
0.484949 0.0697317 0.871758 114.885 -0.00350447 0.996963 -0.0777973 -8.82697 -0.874535 0.0346727 0.483721 82.2638
0.488436 0.0694796 0.869829 115.434 -0.00211284 0.996916 -0.0784445 -8.87021 -0.872597 0.0364774 0.487077 82.5721
0.492373 0.0706612 0.867511 115.973 -0.0024569 0.996808 -0.0797984 -8.91815 -0.870381 0.0371592 0.490975 82.8875
0.496797 0.0707976 0.864974 116.513 -0.000341489 0.996683 -0.0813818 -8.96677 -0.867867 0.0401349 0.495174 83.1978
0.501687 0.0741786 0.861863 117.046 -0.00244309 0.996434 -0.0843387 -9.01431 -0.865046 0.0402061 0.500079 83.5156
0.507015 0.0801432 0.858203 117.566 -0.00605511 0.995975 -0.0894316 -9.06108 -0.861916 0.0401467 0.505459 83.8353
0.512745 0.0871821 0.854103 118.092 -0.0113524 0.995432 -0.0947931 -9.11166 -0.858466 0.0389086 0.511393 84.1642
0.518819 0.0935122 0.849754 118.607 -0.0167886 0.994922 -0.099237 -9.16383 -0.854719 0.0372199 0.517754 84.498
0.525389 0.0980044 0.845199 119.131 -0.0203747 0.994509 -0.102652 -9.21842 -0.850618 0.0367117 0.5245 84.8322
0.53095 0.0983909 0.841671 119.662 -0.0247315 0.994613 -0.100668 -9.27698 -0.847042 0.0326341 0.530523 85.1828
0.536259 0.0974995 0.838403 120.198 -0.031717 0.994932 -0.0954157 -9.33652 -0.843457 0.0245759 0.536634 85.5475
0.542021 0.0951967 0.834955 120.735 -0.038004 0.995323 -0.0888102 -9.3918 -0.839505 0.0164054 0.543104 85.9181
0.548051 0.0933555 0.831219 121.277 -0.0439966 0.995594 -0.0828082 -9.44503 -0.835287 0.00881228 0.549743 86.2903
0.554317 0.0914136 0.82727 121.832 -0.046448 0.995799 -0.0789133 -9.49553 -0.831008 0.00531799 0.556235 86.6772
0.560712 0.0951641 0.822524 122.384 -0.0515835 0.995459 -0.080008 -9.54328 -0.826402 0.00243283 0.563075 87.0662
0.566943 0.0991364 0.81777 122.947 -0.0552913 0.995073 -0.0822981 -9.59081 -0.821899 0.00144282 0.569631 87.4713
0.573155 0.102278 0.813039 123.511 -0.0579129 0.994755 -0.0843109 -9.64043 -0.817398 0.00123784 0.576072 87.887
0.579402 0.104546 0.808309 124.094 -0.0598228 0.994519 -0.0857484 -9.68662 -0.812843 0.00132745 0.582481 88.3249
0.586071 0.105288 0.80339 124.679 -0.0625432 0.994442 -0.0847006 -9.74032 -0.807842 -0.00060606 0.589398 88.7651
0.592173 0.107615 0.798593 125.273 -0.0689101 0.994175 -0.0828724 -9.79539 -0.802859 -0.00595633 0.596139 89.2313
0.599294 0.105616 0.793531 125.871 -0.0694379 0.994381 -0.0799075 -9.85043 -0.797512 -0.00721305 0.60326 89.6995
0.606603 0.103524 0.788236 126.479 -0.0695761 0.994594 -0.0770829 -9.90127 -0.791954 -0.00808365 0.610527 90.1883
0.613711 0.103778 0.782681 127.095 -0.0704162 0.994568 -0.0766585 -9.95512 -0.786385 -0.0080673 0.617684 90.6931
0.621077 0.106223 0.776518 127.709 -0.0750549 0.994281 -0.0759805 -10.005 -0.780147 -0.0110917 0.625498 91.2122
0.628677 0.10729 0.77023 128.334 -0.07593 0.994173 -0.0765094 -10.0484 -0.773951 -0.0103839 0.633161 91.7553
0.635297 0.108138 0.764659 128.971 -0.0782826 0.994065 -0.0755409 -10.1079 -0.76829 -0.0118686 0.639992 92.3038
0.640591 0.106765 0.760424 129.618 -0.0781232 0.99421 -0.0737767 -10.174 -0.763898 -0.012146 0.645223 92.8628
0.644504 0.105638 0.757268 130.274 -0.077052 0.994341 -0.0731314 -10.2229 -0.760709 -0.0112155 0.648997 93.4286
0.648428 0.103013 0.754274 130.938 -0.0734022 0.994646 -0.0727399 -10.2731 -0.757729 -0.00819874 0.652518 94.0069
0.651985 0.0989899 0.751742 131.606 -0.0680621 0.995079 -0.0720026 -10.3306 -0.755171 -0.00422057 0.655515 94.5915
0.655885 0.0926046 0.749159 132.288 -0.0602576 0.995702 -0.070325 -10.3831 -0.752452 0.0009825 0.658646 95.186
0.659862 0.086821 0.746354 132.971 -0.0542862 0.996215 -0.0678914 -10.4334 -0.749423 0.0042822 0.662077 95.7796
0.663188 0.0813486 0.744019 133.662 -0.0486215 0.996659 -0.0656322 -10.4842 -0.746872 0.00735113 0.664927 96.3982
0.666917 0.079857 0.740841 134.362 -0.0481668 0.996781 -0.0640849 -10.5333 -0.743574 0.00705538 0.668617 97.0242
0.66974 0.0816748 0.738091 135.051 -0.0492812 0.996631 -0.0655665 -10.5877 -0.740959 0.00753853 0.671508 97.6676
0.672633 0.0865446 0.734898 135.732 -0.0550772 0.996238 -0.0669103 -10.6396 -0.737923 0.00453 0.674869 98.3236
0.675358 0.0902282 0.73195 136.42 -0.0616063 0.995921 -0.0659252 -10.6954 -0.734913 -0.00056968 0.678161 98.9816
0.678554 0.0867078 0.729415 137.112 -0.0613928 0.996229 -0.0613128 -10.7488 -0.73198 -0.00317682 0.681318 99.6361
0.681776 0.0843443 0.726682 137.804 -0.0649032 0.996388 -0.0547559 -10.7945 -0.728676 -0.00983272 0.684788 100.313
0.685323 0.0788442 0.723959 138.506 -0.0644304 0.996788 -0.0475653 -10.8419 -0.725384 -0.0140474 0.688201 100.99
0.689762 0.074947 0.720147 139.204 -0.0623036 0.997083 -0.0440933 -10.8824 -0.721351 -0.0144539 0.692419 101.675
0.6946 0.0718063 0.715803 139.909 -0.0565251 0.997377 -0.0452018 -10.9232 -0.717172 -0.0090637 0.696837 102.357
0.700016 0.0684102 0.710843 140.616 -0.0456153 0.997652 -0.0510916 -10.9613 -0.712669 0.00333958 0.701492 103.038
0.705389 0.0698147 0.705374 141.311 -0.0399623 0.997472 -0.0587621 -11.0063 -0.707693 0.0132618 0.706395 103.724
0.710893 0.0703894 0.699769 142.01 -0.0372263 0.99735 -0.0625048 -11.052 -0.702314 0.0183844 0.71163 104.434
0.716683 0.0658705 0.694281 142.705 -0.0346588 0.997663 -0.0588771 -11.1013 -0.696537 0.0181333 0.717291 105.151
0.722373 0.0603834 0.688862 143.398 -0.0303171 0.997988 -0.0556884 -11.1564 -0.690839 0.0193435 0.72275 105.881
0.727552 0.0570605 0.683676 144.075 -0.0255421 0.998097 -0.0561213 -11.2007 -0.685577 0.0233686 0.727625 106.621
0.732139 0.0583914 0.678648 144.759 -0.0225969 0.997853 -0.0614781 -11.2504 -0.680781 0.0296751 0.731886 107.365
0.735846 0.0596915 0.674512 145.438 -0.0230875 0.99774 -0.0631088 -11.2974 -0.676755 0.0308656 0.735561 108.112
0.73918 0.0562337 0.671156 146.119 -0.0199948 0.997901 -0.0615892 -11.3541 -0.673211 0.0321058 0.738753 108.86
0.741865 0.050006 0.668682 146.803 -0.0159014 0.998247 -0.0570101 -11.4097 -0.670361 0.0316608 0.741359 109.611
0.743349 0.0455264 0.667352 147.492 -0.012551 0.998455 -0.0541338 -11.4636 -0.668786 0.0318644 0.742772 110.368
0.743996 0.0408324 0.666936 148.174 -0.00877961 0.998642 -0.0513467 -11.5093 -0.668127 0.0323463 0.743344 111.122
0.744258 0.0394629 0.666725 148.853 -0.00804602 0.99871 -0.0501311 -11.5544 -0.667844 0.031946 0.743616 111.889
0.744017 0.0401651 0.666952 149.525 -0.00981648 0.998741 -0.0491953 -11.6026 -0.668088 0.030055 0.743475 112.652
0.743458 0.0425074 0.66743 150.202 -0.0114671 0.998642 -0.0508283 -11.6452 -0.668684 0.0301353 0.742936 113.408
0.742438 0.0458939 0.668341 150.876 -0.0148188 0.998532 -0.0521059 -11.6923 -0.669751 0.0287813 0.742028 114.167
0.740351 0.0503183 0.670335 151.546 -0.0189251 0.998359 -0.0540394 -11.7397 -0.671954 0.0273219 0.740088 114.93
0.738418 0.0531118 0.672249 152.227 -0.0231322 0.998302 -0.053463 -11.7887 -0.673947 0.0239274 0.738392 115.695
0.736126 0.0541791 0.674673 152.912 -0.0248763 0.998283 -0.0530243 -11.8346 -0.676387 0.0222492 0.73621 116.462
0.733859 0.0535918 0.677185 153.593 -0.0259336 0.998367 -0.0509059 -11.8861 -0.678807 0.0197959 0.73405 117.211
0.731223 0.0524604 0.680118 154.281 -0.02739 0.998492 -0.0475699 -11.9391 -0.681588 0.0161558 0.731557 117.974
0.728634 0.0482822 0.683199 154.973 -0.0234906 0.998687 -0.0455251 -11.9909 -0.6845 0.0171224 0.728811 118.715
0.725838 0.0525681 0.685854 155.657 -0.024318 0.998413 -0.0507889 -12.0392 -0.687436 0.0201859 0.725964 119.45
0.722336 0.0628231 0.688683 156.335 -0.0299497 0.997773 -0.0596057 -12.0865 -0.690894 0.0224295 0.722608 120.179
0.718788 0.069639 0.691733 157.013 -0.0328223 0.99726 -0.0662914 -12.1406 -0.694455 0.0249451 0.719104 120.9
0.715477 0.0680407 0.695315 157.697 -0.0342835 0.997467 -0.0623304 -12.1951 -0.697794 0.0207581 0.715997 121.615
0.711357 0.0665445 0.699673 158.383 -0.0377032 0.997687 -0.0565552 -12.2567 -0.701819 0.013851 0.712221 122.339
0.707907 0.0647754 0.703329 159.076 -0.0397167 0.997861 -0.0519261 -12.309 -0.705188 0.00882487 0.708965 123.05
0.704692 0.0648444 0.706544 159.77 -0.0393037 0.997854 -0.0523791 -12.3563 -0.708424 0.00914129 0.705728 123.749
0.701734 0.0631052 0.709639 160.457 -0.0372579 0.997957 -0.0519012 -12.4063 -0.711465 0.00998115 0.702651 124.429
0.698958 0.0621634 0.712455 161.159 -0.0332986 0.997963 -0.0544069 -12.4535 -0.714387 0.0143044 0.699605 125.111
0.695461 0.0612925 0.715945 161.852 -0.0297708 0.997958 -0.0565167 -12.5025 -0.717947 0.0179909 0.695865 125.792
0.691999 0.0619097 0.719239 162.564 -0.0269493 0.997837 -0.0599618 -12.5518 -0.721395 0.0221105 0.692171 126.461
0.688039 0.0619676 0.723024 163.267 -0.0270621 0.997845 -0.0597689 -12.6086 -0.725169 0.0215568 0.688233 127.136
0.68397 0.0633521 0.726754 163.976 -0.0287439 0.997789 -0.0599267 -12.6613 -0.728944 0.0200983 0.684278 127.805
0.679114 0.0631349 0.731313 164.685 -0.0283097 0.997806 -0.0598525 -12.7165 -0.733487 0.0199434 0.679411 128.468
0.673502 0.0657358 0.736256 165.403 -0.0309186 0.997671 -0.0607927 -12.7713 -0.738538 0.0181799 0.673966 129.135
0.667254 0.0730863 0.741236 166.122 -0.0352604 0.997158 -0.0665793 -12.8296 -0.743995 0.018289 0.667934 129.793
0.661278 0.0787706 0.745994 166.85 -0.0382596 0.996719 -0.0713302 -12.8901 -0.749165 0.0186276 0.662122 130.448
0.654951 0.0811936 0.751297 167.589 -0.0382685 0.996499 -0.0743319 -12.95 -0.754702 0.0199327 0.655765 131.098
0.64838 0.0757902 0.757535 168.341 -0.0390842 0.997034 -0.0662993 -13.0131 -0.760313 0.0133795 0.649419 131.753
0.641348 0.0718457 0.763879 169.1 -0.0449688 0.997414 -0.0560551 -13.0739 -0.765931 0.00160009 0.642921 132.408
0.634089 0.0674509 0.770312 169.871 -0.0447314 0.99772 -0.0505423 -13.1248 -0.771965 -0.00240884 0.63566 133.059
0.626831 0.0688921 0.776104 170.657 -0.0498762 0.997588 -0.0482693 -13.1735 -0.777557 -0.00845238 0.628755 133.708
0.618966 0.0707691 0.782223 171.447 -0.049243 0.99747 -0.0512774 -13.2202 -0.783873 -0.00678004 0.620884 134.338
0.612573 0.0709136 0.787226 172.247 -0.0441441 0.997482 -0.0555032 -13.2716 -0.78918 -0.000751638 0.614161 134.957
0.605749 0.0792342 0.791701 173.076 -0.0430854 0.996836 -0.0667987 -13.3328 -0.794488 0.00635248 0.607246 135.598
0.598329 0.0801348 0.797233 173.889 -0.0388315 0.996717 -0.0710429 -13.382 -0.800309 0.0115492 0.599477 136.218
0.591772 0.0756002 0.802552 174.708 -0.0357849 0.997075 -0.0675377 -13.446 -0.805311 0.0112477 0.592746 136.816
0.584678 0.0699118 0.808247 175.531 -0.0321359 0.997494 -0.0630345 -13.5147 -0.810629 0.0108812 0.58546 137.409
0.577801 0.069272 0.813233 176.359 -0.032445 0.997554 -0.0619205 -13.5877 -0.815533 0.00939229 0.578635 138.005
0.570746 0.0711703 0.818037 177.181 -0.0347126 0.997437 -0.0625593 -13.6471 -0.820393 0.00730925 0.571753 138.59
0.56474 0.0689178 0.822386 178.012 -0.0302808 0.997566 -0.0628041 -13.707 -0.824713 0.0105655 0.565453 139.163
0.559562 0.0632209 0.826374 178.846 -0.025934 0.997934 -0.0587852 -13.7663 -0.828383 0.0114628 0.560045 139.734
0.554724 0.0607847 0.829811 179.672 -0.0255787 0.998102 -0.0560131 -13.8223 -0.831641 0.00984636 0.555226 140.295
0.550497 0.0596087 0.832706 180.484 -0.0270899 0.998198 -0.0535464 -13.8803 -0.834397 0.00691921 0.55112 140.833
0.545708 0.0621278 0.835669 181.282 -0.0278172 0.998041 -0.0560343 -13.9292 -0.837514 0.00733241 0.546367 141.364
0.54198 0.0646075 0.837904 182.076 -0.0263747 0.997857 -0.0598809 -13.9798 -0.839978 0.0103548 0.542522 141.886
0.538805 0.0703838 0.839485 182.864 -0.027122 0.997436 -0.066219 -14.0368 -0.841994 0.0129106 0.539333 142.399
