1 3.14575e-06 -0.000598297 0.0218106 -2.32791e-06 0.999999 0.00136695 -0.0108249 0.000598301 -0.00136695 0.999999 1.47636
0.999999 -0.00112237 -0.000599223 -0.00629476 0.00112302 0.999999 0.0010828 -0.0243859 0.000598007 -0.00108347 0.999999 2.90565
0.999997 -0.0025672 -0.00058586 -0.0180803 0.00256723 0.999997 5.72445e-05 -0.0453721 0.000585711 -5.87484e-05 1 4.34136
0.999996 -0.0029496 -0.000500825 -0.0157602 0.00294972 0.999996 0.000239274 -0.0691046 0.000500117 -0.00024075 1 5.78209
0.999994 -0.00348562 -0.000431064 -0.0234265 0.00348613 0.999993 0.00117747 -0.085954 0.000426957 -0.00117897 0.999999 7.22015
0.999987 -0.00498706 -0.000369512 -0.0261212 0.00498792 0.999985 0.00236808 -0.102735 0.000357697 -0.00236989 0.999997 8.64463
0.999989 -0.00476441 -0.000408697 -0.0302818 0.00476551 0.999985 0.00271859 -0.113206 0.000395739 -0.0027205 0.999996 10.1138
0.999994 -0.00347633 -0.000636246 -0.049041 0.003477 0.999993 0.00106487 -0.129395 0.00063254 -0.00106708 0.999999 11.5246
0.999999 -0.00135578 -0.000563595 -0.0664094 0.00135533 0.999999 -0.00080122 -0.15806 0.000564681 0.000800455 1 12.9537
0.999999 0.00159423 -0.00046072 -0.0649724 -0.00159493 0.999998 -0.00152554 -0.19098 0.000458287 0.00152627 0.999999 14.4212
0.999991 0.00432357 -0.000333829 -0.0786729 -0.00432416 0.999989 -0.00176844 -0.208346 0.000326179 0.00176986 0.999998 15.8703
0.999984 0.00557213 -0.000141022 -0.0882721 -0.00557228 0.999984 -0.00108729 -0.229655 0.000134961 0.00108805 0.999999 17.3132
0.999994 0.00338943 -5.63558e-05 -0.0838639 -0.00338934 0.999993 0.00156433 -0.251188 6.16576e-05 -0.00156413 0.999999 18.7859
1 -6.79479e-05 0.000379552 -0.0951504 6.68002e-05 0.999995 0.00302295 -0.267142 -0.000379756 -0.00302293 0.999995 20.2494
0.999998 -0.00212994 0.000174756 -0.101144 0.00212979 0.999997 0.000847174 -0.293338 -0.00017656 -0.0008468 1 21.6955
0.999994 -0.00348747 0.000137983 -0.0964822 0.00348764 0.999993 -0.00125324 -0.318102 -0.000133611 0.00125371 0.999999 23.1606
0.999999 -0.0015913 0.000438943 -0.101023 0.00159251 0.999995 -0.00277346 -0.346973 -0.000434528 0.00277415 0.999996 24.6257
0.999999 0.000909179 0.00112568 -0.110747 -0.000908084 0.999999 -0.000972315 -0.36979 -0.00112656 0.000971292 0.999999 26.1022
0.999999 0.000874324 0.0014331 -0.112833 -0.000878875 0.999995 0.00317797 -0.399234 -0.00143031 -0.00317922 0.999994 27.5773
0.999997 -0.00183947 0.00160892 -0.109085 0.00183127 0.999985 0.00508445 -0.420182 -0.00161824 -0.00508148 0.999986 29.0419
0.999983 -0.00562806 0.00137644 -0.107745 0.00562346 0.999979 0.00332752 -0.436057 -0.00139513 -0.00331972 0.999994 30.5168
0.99998 -0.00610275 0.00150561 -0.116113 0.00610143 0.999981 0.000881426 -0.458279 -0.00151096 -0.000872222 0.999998 31.9824
0.999974 -0.00679964 0.00220231 -0.113128 0.00680297 0.999976 -0.00150669 -0.484459 -0.00219201 0.00152164 0.999996 33.4774
0.999988 -0.00396883 0.00295196 -0.120348 0.00397488 0.99999 -0.00204825 -0.515758 -0.0029438 0.00205996 0.999994 34.9617
0.99999 -0.00264093 0.00349905 -0.133594 0.00265604 0.999987 -0.00432273 -0.536514 -0.00348759 0.00433199 0.999985 36.4359
0.999991 -0.00172112 0.00382197 -0.139198 0.00173618 0.999991 -0.00393878 -0.568561 -0.00381515 0.00394538 0.999985 37.9304
0.999992 -0.00171545 0.0037059 -0.138127 0.0017268 0.999994 -0.00306319 -0.594969 -0.00370062 0.00306957 0.999988 39.4289
0.999994 -0.00020108 0.00339399 -0.142669 0.000205979 0.999999 -0.00144299 -0.62492 -0.0033937 0.00144368 0.999993 40.917
0.999992 0.00230278 0.0032444 -0.136768 -0.00229797 0.999996 -0.00148495 -0.644215 -0.00324781 0.00147748 0.999994 42.4342
0.999984 0.00466044 0.00326368 -0.130854 -0.0046543 0.999987 -0.00188681 -0.666339 -0.00327243 0.00187159 0.999993 43.9536
0.999973 0.0065767 0.00332418 -0.13864 -0.00657223 0.999977 -0.00135501 -0.696234 -0.00333302 0.00133313 0.999994 45.4654
0.999967 0.00753767 0.00302349 -0.149016 -0.00753405 0.999971 -0.00120634 -0.726705 -0.00303249 0.00118352 0.999995 46.9835
0.99997 0.00722082 0.0026769 -0.152983 -0.0072159 0.999972 -0.00184274 -0.741665 -0.00269013 0.00182337 0.999995 48.5064
0.999969 0.00748783 0.00234507 -0.161952 -0.00748279 0.99997 -0.00215152 -0.763661 -0.00236111 0.00213391 0.999995 49.9969
0.999975 0.00692441 0.00120563 -0.161882 -0.00692212 0.999974 -0.00189672 -0.791523 -0.00121874 0.00188833 0.999997 51.5295
0.999969 0.00784889 0.000401729 -0.168915 -0.00784874 0.999969 -0.000370825 -0.824359 -0.000404627 0.000367661 1 53.0406
0.999973 0.00735184 -0.000714632 -0.176466 -0.00735215 0.999973 -0.000424922 -0.85842 0.000711489 0.000430164 1 54.5735
0.999964 0.00834455 -0.00170501 -0.195244 -0.00834429 0.999965 0.000160981 -0.884093 0.00170629 -0.000146748 0.999999 56.0942
0.999961 0.0084851 -0.00255855 -0.208775 -0.00848265 0.999964 0.000967672 -0.912917 0.00256667 -0.000945931 0.999996 57.6213
0.999961 0.00836298 -0.00298861 -0.215061 -0.0083582 0.999964 0.00161005 -0.928943 0.00300197 -0.00158501 0.999994 59.1755
0.999974 0.00620367 -0.00370225 -0.224058 -0.00619683 0.999979 0.00185793 -0.956615 0.0037137 -0.00183494 0.999991 60.6972
0.999985 0.00380317 -0.00388477 -0.233745 -0.00380033 0.999993 0.000739029 -0.977113 0.00388755 -0.000724255 0.999992 62.2203
0.999989 0.00281588 -0.00367951 -0.252506 -0.00281157 0.999995 0.00117527 -1.00543 0.0036828 -0.00116491 0.999993 63.7448
0.999994 0.00133178 -0.00317801 -0.260824 -0.00132609 0.999998 0.00179178 -1.03302 0.00318038 -0.00178755 0.999993 65.2928
0.999996 -0.000444164 -0.00267167 -0.270842 0.000451328 0.999996 0.00268147 -1.06561 0.00267047 -0.00268267 0.999993 66.8449
0.999995 -0.00232365 -0.00226238 -0.282609 0.00232974 0.999994 0.00269213 -1.10036 0.00225611 -0.00269738 0.999994 68.3889
0.999988 -0.00441893 -0.00216731 -0.284219 0.00442336 0.999988 0.00204183 -1.12434 0.00215826 -0.0020514 0.999996 69.926
0.999987 -0.00469295 -0.00183042 -0.291534 0.00469659 0.999987 0.00198995 -1.15254 0.00182106 -0.00199852 0.999996 71.4509
0.999994 -0.00325318 -0.00102977 -0.302479 0.00325497 0.999993 0.00173831 -1.17769 0.00102411 -0.00174165 0.999998 72.9801
1 0.000304155 -0.000287927 -0.325086 -0.000303289 0.999995 0.00300188 -1.20461 0.000288839 -0.0030018 0.999995 74.4852
0.999996 0.00285337 0.000346053 -0.340721 -0.00285492 0.999986 0.00456029 -1.23433 -0.000333035 -0.00456126 0.99999 75.9636
0.999983 0.00586521 0.000731019 -0.339144 -0.00586908 0.999968 0.00540981 -1.27567 -0.000699266 -0.00541401 0.999985 77.4897
0.999952 0.00970629 0.00132494 -0.350327 -0.00971334 0.999938 0.00542555 -1.31289 -0.00127219 -0.00543816 0.999984 79.0061
0.999921 0.0124536 0.00176702 -0.359518 -0.0124624 0.99991 0.00506407 -1.34292 -0.00170379 -0.00508569 0.999986 80.5097
0.999896 0.0142296 0.00221607 -0.377292 -0.0142405 0.999886 0.00500424 -1.36021 -0.00214461 -0.00503528 0.999985 81.998
0.99988 0.0152081 0.00289221 -0.391005 -0.0152237 0.999869 0.00545749 -1.38637 -0.00280883 -0.00550087 0.999981 83.4582
0.999891 0.0145306 0.0027551 -0.38892 -0.0145454 0.99988 0.00542008 -1.4122 -0.00267601 -0.00545956 0.999982 84.9518
0.999919 0.0124392 0.00252902 -0.393615 -0.0124517 0.99991 0.00497856 -1.44519 -0.00246686 -0.00500965 0.999984 86.4022
0.999923 0.0121807 0.00245596 -0.397665 -0.0121929 0.999913 0.00498519 -1.46405 -0.00239502 -0.00501475 0.999985 87.8818
0.999926 0.0119128 0.00246202 -0.415839 -0.0119252 0.999916 0.00508631 -1.4803 -0.00240122 -0.0051153 0.999984 89.4039
0.999934 0.0113904 0.00160925 -0.416748 -0.0113976 0.999925 0.00454542 -1.50294 -0.00155735 -0.00456346 0.999988 90.8924
0.999943 0.0106318 0.000822076 -0.418527 -0.0106358 0.999931 0.00501089 -1.52503 -0.000768744 -0.00501935 0.999987 92.3696
0.99995 0.0100334 7.25374e-05 -0.431886 -0.0100336 0.999934 0.00554719 -1.53865 -1.68755e-05 -0.00554764 0.999985 93.823
0.999967 0.00802241 -0.00120194 -0.431609 -0.00801524 0.999951 0.00585083 -1.54135 0.00124882 -0.005841 0.999982 95.3298
0.999979 0.00595792 -0.00251746 -0.433907 -0.0059423 0.999963 0.00616725 -1.5613 0.00255411 -0.00615217 0.999978 96.8685
0.999985 0.0044022 -0.00335537 -0.441389 -0.00438112 0.999971 0.00626442 -1.58494 0.00338285 -0.00624962 0.999975 98.342
0.999988 0.00299935 -0.00378785 -0.450139 -0.00297837 0.99998 0.00553423 -1.60276 0.00380438 -0.00552288 0.999978 99.8016
0.999989 0.00186036 -0.00429059 -0.459865 -0.00183742 0.999984 0.00534594 -1.62802 0.00430047 -0.005338 0.999977 101.255
0.999988 0.00214719 -0.00444015 -0.476224 -0.00212638 0.999987 0.00468455 -1.65317 0.00445015 -0.00467505 0.999979 102.734
0.999987 0.00198257 -0.00459076 -0.487953 -0.00196493 0.999991 0.00384395 -1.67462 0.00459834 -0.00383488 0.999982 104.196
0.999987 0.00263195 -0.00432301 -0.509427 -0.00261798 0.999991 0.00323252 -1.70161 0.00433148 -0.00322117 0.999985 105.643
0.999984 0.00433871 -0.00373722 -0.522222 -0.00432499 0.999984 0.00367007 -1.72133 0.00375309 -0.00365384 0.999986 107.102
0.999981 0.00525192 -0.00328214 -0.545877 -0.00523555 0.999974 0.00497556 -1.74349 0.00330819 -0.00495828 0.999982 108.548
0.999968 0.00722622 -0.00328687 -0.557412 -0.00720426 0.999952 0.00664291 -1.76652 0.00333472 -0.00661902 0.999973 110.023
0.999971 0.00689853 -0.00315964 -0.564131 -0.00688233 0.999963 0.00510962 -1.78604 0.00319477 -0.00508773 0.999982 111.473
0.999971 0.00706223 -0.00279782 -0.583725 -0.00705495 0.999972 0.00260142 -1.80535 0.00281611 -0.00258161 0.999993 112.857
0.999972 0.00678322 -0.00309409 -0.59205 -0.00677897 0.999976 0.00138414 -1.82516 0.0031034 -0.00136312 0.999994 114.323
0.999981 0.00531948 -0.00304142 -0.608957 -0.0053116 0.999983 0.00259267 -1.84868 0.00305516 -0.00257647 0.999992 115.729
0.999994 0.00245071 -0.0023317 -0.619572 -0.00243951 0.999986 0.00479234 -1.87537 0.00234341 -0.00478662 0.999986 117.156
0.999999 0.00108705 -0.00128902 -0.631681 -0.00107981 0.999984 0.00560297 -1.90439 0.00129509 -0.00560157 0.999983 118.606
0.999999 -0.00103506 -0.00080378 -0.632228 0.00103879 0.999989 0.00465826 -1.93618 0.000798949 -0.00465909 0.999989 120.035
0.999999 0.00112945 -0.000154108 -0.640234 -0.00112905 0.999996 0.00259106 -1.96385 0.000157034 -0.00259089 0.999997 121.471
0.999993 0.00342919 0.00115595 -0.646833 -0.00343003 0.999994 0.00072498 -1.98803 -0.00115346 -0.00072894 0.999999 122.909
0.999973 0.00691223 0.00240947 -0.660047 -0.00691366 0.999976 0.000585767 -2.00346 -0.00240537 -0.00060241 0.999997 124.339
0.999964 0.00756054 0.00383908 -0.668151 -0.00757034 0.999968 0.00254511 -2.02638 -0.00381972 -0.00257408 0.999989 125.78
0.999956 0.00786038 0.00517735 -0.672916 -0.00788249 0.99996 0.00426399 -2.04198 -0.00514362 -0.00430461 0.999978 127.231
0.999961 0.00669347 0.00581122 -0.67162 -0.00672256 0.999965 0.00500203 -2.07 -0.00577753 -0.0050409 0.999971 128.656
0.999944 0.00800065 0.00692097 -0.675997 -0.00802961 0.999959 0.00416617 -2.0856 -0.00688736 -0.00422151 0.999967 130.109
0.999918 0.00987612 0.00810992 -0.674963 -0.00990335 0.999945 0.003325 -2.09806 -0.00807663 -0.00340505 0.999962 131.554
0.999884 0.0120254 0.00938433 -0.672404 -0.0120552 0.999922 0.00313416 -2.12009 -0.00934591 -0.00324692 0.999951 133.007
0.999871 0.0122088 0.010453 -0.660361 -0.0122327 0.999923 0.00222871 -2.14591 -0.010425 -0.00235629 0.999943 134.451
0.999839 0.0136002 0.0116685 -0.65982 -0.0136135 0.999907 0.00106422 -2.16256 -0.011653 -0.00122289 0.999931 135.881
0.999828 0.0132806 0.0129603 -0.667253 -0.0132896 0.999912 0.000607412 -2.1819 -0.0129511 -0.000779544 0.999916 137.316
0.999823 0.0127549 0.0138558 -0.669887 -0.0127737 0.999918 0.00127313 -2.19498 -0.0138385 -0.00144989 0.999903 138.802
0.999835 0.0111175 0.0143588 -0.652523 -0.0111514 0.999935 0.00228282 -2.22348 -0.0143325 -0.00244257 0.999894 140.233
0.999841 0.0104562 0.0144591 -0.635787 -0.0104952 0.999941 0.00262262 -2.24625 -0.0144309 -0.00277395 0.999892 141.682
0.999863 0.0081274 0.0144227 -0.623248 -0.0081603 0.999964 0.00222335 -2.25824 -0.0144041 -0.00234074 0.999894 143.119
0.999878 0.00645739 0.014197 -0.610076 -0.0064994 0.999975 0.00291544 -2.28407 -0.0141778 -0.00300735 0.999895 144.559
0.999892 0.00487134 0.0138648 -0.604484 -0.0049111 0.999984 0.00283507 -2.31511 -0.0138507 -0.00290285 0.9999 145.999
0.999916 0.00325388 0.0125278 -0.586148 -0.00328875 0.999991 0.00276392 -2.33271 -0.0125187 -0.00280489 0.999918 147.446
0.999928 0.00243526 0.0117613 -0.579199 -0.00247816 0.99999 0.00363401 -2.35346 -0.0117524 -0.0036629 0.999924 148.897
0.999939 0.00123566 0.0110171 -0.581023 -0.0012767 0.999992 0.00371892 -2.37541 -0.0110124 -0.00373275 0.999932 150.355
0.999954 0.00092075 0.00956045 -0.5718 -0.000958142 0.999992 0.00390717 -2.40067 -0.00955678 -0.00391615 0.999947 151.797
0.999966 0.000757115 0.00815232 -0.560284 -0.000785705 0.999994 0.00350424 -2.42133 -0.00814962 -0.00351053 0.999961 153.236
0.999976 0.000314655 0.00689157 -0.544602 -0.000336719 0.999995 0.00320057 -2.44706 -0.00689053 -0.00320281 0.999971 154.696
0.99998 -0.00186287 0.00607208 -0.54102 0.00185734 0.999998 0.000916343 -2.47594 -0.00607378 -0.000905046 0.999981 156.145
0.999959 -0.00747476 0.00517002 -0.538666 0.00747008 0.999972 0.000923151 -2.51351 -0.00517677 -0.000884493 0.999986 157.585
0.99987 -0.0155409 0.00435608 -0.53374 0.0155241 0.999872 0.00386515 -2.55168 -0.00441559 -0.00379702 0.999983 159.034
0.999743 -0.0225409 0.00242189 -0.511255 0.0225268 0.99973 0.00570314 -2.5802 -0.00254979 -0.00564711 0.999981 160.522
0.99965 -0.0264151 0.0014194 -0.501245 0.0264111 0.999647 0.00279737 -2.60873 -0.00149279 -0.00275891 0.999995 161.97
0.999656 -0.0261715 0.00152819 -0.499473 0.0261714 0.999657 9.40452e-05 -2.64122 -0.00153013 -5.40179e-05 0.999999 163.404
0.999736 -0.0228537 0.00248416 -0.512986 0.022858 0.999737 -0.00173771 -2.66704 -0.0024438 0.00179403 0.999995 164.832
0.999717 -0.0235652 0.00333025 -0.513527 0.02357 0.999721 -0.00141621 -2.70175 -0.00329595 0.0014943 0.999993 166.265
0.999627 -0.0270743 0.00349316 -0.49597 0.0270676 0.999632 0.00194369 -2.73234 -0.0035445 -0.00184841 0.999992 167.728
0.999457 -0.0326915 0.0041195 -0.49264 0.0326712 0.999454 0.00489977 -2.75941 -0.00427744 -0.00476252 0.99998 169.193
0.999337 -0.0361757 0.00402894 -0.477968 0.0361504 0.999327 0.00617732 -2.77304 -0.0042497 -0.00602758 0.999973 170.659
0.999295 -0.0373222 0.00413782 -0.471006 0.0372978 0.999287 0.0058177 -2.79092 -0.004352 -0.00565926 0.999975 172.108
0.999376 -0.0349671 0.0050723 -0.474378 0.034933 0.999367 0.00667574 -2.81568 -0.00530252 -0.00649438 0.999965 173.565
0.99948 -0.0316039 0.00639005 -0.482588 0.0315642 0.999482 0.00622083 -2.84862 -0.00658334 -0.00601589 0.99996 175.003
0.999581 -0.0280025 0.00738443 -0.484339 0.0279716 0.9996 0.00425077 -2.86394 -0.00750051 -0.00404244 0.999964 176.435
0.999651 -0.0251746 0.00802273 -0.486558 0.0251472 0.999678 0.003503 -2.87434 -0.00810833 -0.00330003 0.999962 177.865
0.999703 -0.0229128 0.00828112 -0.481366 0.0228768 0.999729 0.00441585 -2.88869 -0.00838006 -0.0042251 0.999956 179.323
0.99975 -0.0208011 0.00821796 -0.47797 0.0207671 0.999776 0.00420324 -2.91161 -0.00830355 -0.00403153 0.999957 180.795
0.999799 -0.018332 0.00808601 -0.482078 0.0183207 0.999831 0.00147582 -2.92889 -0.0081117 -0.00132738 0.999966 182.233
0.999869 -0.0142787 0.00764628 -0.478285 0.0142875 0.999897 -0.00110653 -2.9522 -0.00762969 0.00121563 0.99997 183.703
0.999928 -0.00933103 0.00753072 -0.471795 0.00934764 0.999954 -0.00217416 -2.9773 -0.00751009 0.0022444 0.999969 185.231
0.999962 -0.0043182 0.0076012 -0.47287 0.00432775 0.99999 -0.0012406 -2.9989 -0.00759577 0.00127345 0.99997 186.706
0.999964 -0.00108764 0.00844393 -0.476978 0.00107916 0.999999 0.00100826 -3.02919 -0.00844502 -0.000999114 0.999964 188.18
0.999966 -0.000616813 0.00825277 -0.476401 0.000590238 0.999995 0.00322213 -3.04932 -0.00825472 -0.00321715 0.999961 189.651
0.999964 -0.00357972 0.00765376 -0.469597 0.00355245 0.999987 0.00357386 -3.05986 -0.00766645 -0.00354655 0.999964 191.147
0.999968 -0.00540348 0.00584366 -0.458183 0.00538235 0.999979 0.00362525 -3.07869 -0.00586313 -0.00359368 0.999976 192.634
0.999974 -0.00592314 0.00399005 -0.457773 0.00592551 0.999982 -0.000580442 -3.10534 -0.00398655 0.00060407 0.999992 194.111
0.999986 -0.004615 0.00272824 -0.464867 0.00462794 0.999978 -0.0047539 -3.13165 -0.00270624 0.00476646 0.999985 195.611
0.999998 0.000251897 0.00218335 -0.475184 -0.000239653 0.999984 -0.00560609 -3.15573 -0.00218473 0.00560556 0.999982 197.12
0.999994 0.00287978 0.00206691 -0.486762 -0.0028706 0.999986 -0.00442926 -3.18809 -0.00207964 0.0044233 0.999988 198.687
0.999987 0.00454305 0.00217823 -0.493281 -0.00454178 0.99999 -0.000591234 -3.22501 -0.00218089 0.000581334 0.999997 200.204
0.999989 0.00409187 0.00225427 -0.486878 -0.00409556 0.99999 0.00163874 -3.24864 -0.00224755 -0.00164795 0.999996 201.752
0.999991 0.00356517 0.00229639 -0.494216 -0.00357104 0.99999 0.00256105 -3.26272 -0.00228724 -0.00256923 0.999994 203.282
0.999995 0.00207355 0.00233413 -0.493992 -0.00208113 0.999993 0.00324876 -3.28122 -0.00232737 -0.0032536 0.999992 204.805
0.999996 -0.0014408 0.00240829 -0.496062 0.00143087 0.99999 0.00411989 -3.30517 -0.00241421 -0.00411642 0.999989 206.319
0.999986 -0.00457593 0.00251487 -0.497686 0.00456553 0.999981 0.00412519 -3.32985 -0.0025337 -0.00411365 0.999988 207.852
0.999964 -0.00790236 0.00307213 -0.49406 0.00788616 0.999955 0.00524912 -3.35211 -0.00311347 -0.0052247 0.999982 209.395
0.999924 -0.0119131 0.00315425 -0.489784 0.0118918 0.999907 0.00668205 -3.35858 -0.00323356 -0.00664404 0.999973 210.92
0.999882 -0.0149477 0.00349904 -0.479468 0.0149238 0.999866 0.0067546 -3.38127 -0.00359953 -0.00670159 0.999971 212.472
0.999913 -0.012656 0.00365782 -0.47251 0.0126484 0.999918 0.00209434 -3.39522 -0.00368402 -0.00204789 0.999991 214.02
0.999973 -0.0060076 0.00419627 -0.485557 0.00601914 0.999978 -0.0027429 -3.43012 -0.0041797 0.00276809 0.999987 215.565
0.99998 0.00324976 0.00543176 -0.501064 -0.00323527 0.999991 -0.00267382 -3.45413 -0.0054404 0.0026562 0.999982 217.108
0.999924 0.0104773 0.00653924 -0.51385 -0.0104856 0.999944 0.00122702 -3.48766 -0.00652602 -0.00129549 0.999978 218.665
0.999913 0.0110885 0.00716229 -0.508764 -0.0111152 0.999931 0.00369331 -3.51413 -0.00712085 -0.0037726 0.999968 220.208
0.999937 0.00902986 0.00663685 -0.502757 -0.00905709 0.999951 0.00408394 -3.52979 -0.00659964 -0.00414379 0.99997 221.764
0.999971 0.00546932 0.00535041 -0.50444 -0.00549299 0.999975 0.00441884 -3.55922 -0.00532611 -0.0044481 0.999976 223.312
0.999984 0.00355415 0.00436485 -0.497612 -0.00357098 0.999986 0.00385327 -3.57796 -0.0043511 -0.00386879 0.999983 224.872
0.999987 0.00360631 0.00373016 -0.497746 -0.00361953 0.999987 0.00354281 -3.60173 -0.00371733 -0.00355626 0.999987 226.434
0.999979 0.00537662 0.00370546 -0.51337 -0.00538991 0.999979 0.00358822 -3.62104 -0.00368609 -0.00360811 0.999987 227.988
0.999972 0.00653349 0.00368613 -0.522536 -0.00655014 0.999968 0.00452164 -3.64262 -0.00365647 -0.00454566 0.999983 229.535
0.999976 0.00601101 0.0034077 -0.526492 -0.00602461 0.999974 0.00399412 -3.65791 -0.00338361 -0.00401455 0.999986 231.121
0.999983 0.00498861 0.00289104 -0.525412 -0.00499689 0.999983 0.00286322 -3.68417 -0.00287671 -0.00287762 0.999992 232.71
0.99999 0.0039188 0.00227615 -0.520161 -0.00392532 0.999988 0.0028681 -3.70623 -0.00226488 -0.00287701 0.999993 234.304
0.999986 0.00480186 0.00206537 -0.534116 -0.00480711 0.999985 0.0025454 -3.72085 -0.00205312 -0.00255529 0.999995 235.861
0.999985 0.00514487 0.00184907 -0.538773 -0.0051489 0.999984 0.00217767 -3.74568 -0.00183784 -0.00218716 0.999996 237.463
0.999984 0.00537019 0.00166963 -0.551593 -0.00537363 0.999983 0.00205823 -3.76745 -0.00165855 -0.00206717 0.999996 239.062
0.999978 0.00645849 0.00145623 -0.559287 -0.00646119 0.999977 0.00185532 -3.7906 -0.00144421 -0.00186468 0.999997 240.67
0.999982 0.00588997 0.000924355 -0.554342 -0.00589202 0.99998 0.00223761 -3.82316 -0.000911157 -0.00224302 0.999997 242.284
0.999982 0.00592959 0.000717677 -0.557518 -0.00593164 0.999978 0.00288497 -3.86183 -0.000700555 -0.00288918 0.999996 243.896
0.999984 0.0056848 0.000468652 -0.554963 -0.00568599 0.999981 0.0025663 -3.87929 -0.000454054 -0.00256892 0.999997 245.528
0.999991 0.00421881 0.000645222 -0.561329 -0.00422033 0.999988 0.00237247 -3.90389 -0.000635205 -0.00237517 0.999997 247.134
0.999996 0.0029191 0.000613701 -0.558307 -0.00292049 0.999993 0.00226991 -3.91389 -0.000607071 -0.00227169 0.999997 248.786
0.999999 0.0015661 0.000627274 -0.555857 -0.00156811 0.999994 0.00321076 -3.94304 -0.000622242 -0.00321174 0.999995 250.41
0.999999 0.00153054 0.000443351 -0.559163 -0.00153193 0.999994 0.00314092 -3.96474 -0.000438541 -0.0031416 0.999995 252.031
0.999999 0.00154553 0.00035928 -0.573959 -0.0015467 0.999993 0.00326957 -3.99499 -0.000354224 -0.00327012 0.999995 253.628
0.999998 0.00195579 0.000795446 -0.5834 -0.00195825 0.999993 0.00309515 -4.02912 -0.000789387 -0.0030967 0.999995 255.248
0.999995 0.00307704 0.00106435 -0.59124 -0.00308102 0.999988 0.00375559 -4.04455 -0.00105278 -0.00375885 0.999992 256.849
0.999993 0.00322104 0.00165393 -0.596182 -0.00323073 0.999977 0.00588463 -4.06152 -0.00163494 -0.00588993 0.999981 258.475
0.999992 0.00339369 0.00227035 -0.598487 -0.00340755 0.999975 0.00612926 -4.07156 -0.00224949 -0.00613694 0.999979 260.151
0.999988 0.00390297 0.0029795 -0.602522 -0.00391641 0.999982 0.00451809 -4.08874 -0.00296181 -0.0045297 0.999985 261.773
0.999983 0.0045588 0.00372489 -0.615116 -0.00456909 0.999986 0.00275785 -4.08955 -0.00371226 -0.00277482 0.999989 263.371
0.999978 0.00536973 0.0038672 -0.608052 -0.00538238 0.99998 0.00326762 -4.11609 -0.00384958 -0.00328836 0.999987 265.018
0.999975 0.00599773 0.0037975 -0.608502 -0.006013 0.999974 0.00402342 -4.11911 -0.00377327 -0.00404615 0.999985 266.662
0.999972 0.0065339 0.00359244 -0.606896 -0.00654933 0.999969 0.00430019 -4.13896 -0.00356423 -0.0043236 0.999984 268.295
0.999972 0.00667613 0.00325843 -0.606025 -0.00669055 0.999968 0.00443317 -4.16287 -0.00322873 -0.00445485 0.999985 269.939
0.999955 0.00888874 0.00338735 -0.615067 -0.00890295 0.999952 0.00420354 -4.17177 -0.00334982 -0.0042335 0.999985 271.575
0.999947 0.00969027 0.00345214 -0.620473 -0.00970438 0.999945 0.00409212 -4.191 -0.0034123 -0.0041254 0.999986 273.2
0.999948 0.00956642 0.00340812 -0.623622 -0.00958135 0.999944 0.00439054 -4.21706 -0.00336593 -0.00442296 0.999985 274.856
0.999968 0.00735149 0.00325152 -0.628033 -0.00736767 0.99996 0.00499397 -4.25247 -0.00321468 -0.00501776 0.999982 276.499
0.999982 0.00517869 0.00309008 -0.629348 -0.00519612 0.99997 0.00565963 -4.27707 -0.00306068 -0.00567558 0.999979 278.161
0.999993 0.00253496 0.00280703 -0.619434 -0.00255301 0.999976 0.00644562 -4.29535 -0.00279063 -0.00645274 0.999975 279.801
0.999994 0.0019207 0.00282799 -0.621314 -0.00193536 0.999985 0.0051897 -4.30965 -0.00281798 -0.00519515 0.999983 281.459
0.999996 0.00117483 0.00245575 -0.611089 -0.0011849 0.999991 0.00410232 -4.32508 -0.00245091 -0.00410521 0.999989 283.122
0.999996 -0.000511869 0.00260894 -0.613958 0.000497007 0.999984 0.00569376 -4.34766 -0.00261181 -0.00569245 0.99998 284.778
0.999991 -0.00293389 0.00301405 -0.621541 0.00290955 0.999963 0.00804685 -4.38297 -0.00303755 -0.00803801 0.999963 286.418
0.999987 -0.00392806 0.00318248 -0.615654 0.00390541 0.999967 0.00709402 -4.40253 -0.00321024 -0.0070815 0.99997 288.101
0.999982 -0.00483277 0.00353645 -0.616246 0.00481113 0.99997 0.00610209 -4.42183 -0.00356583 -0.00608496 0.999975 289.756
0.999985 -0.00400293 0.00375797 -0.615585 0.00398 0.999974 0.00608876 -4.44584 -0.00378224 -0.00607371 0.999974 291.407
0.999985 -0.00285309 0.0045907 -0.623039 0.00282304 0.999975 0.00653906 -4.47381 -0.00460924 -0.006526 0.999968 293.074
0.999985 -0.00116865 0.00535016 -0.626616 0.00113616 0.999981 0.00607192 -4.49 -0.00535715 -0.00606575 0.999967 294.716
0.99998 -0.000456837 0.00634832 -0.622938 0.000419604 0.999983 0.00586507 -4.50735 -0.00635089 -0.00586229 0.999963 296.375
0.999975 -0.000619337 0.00697972 -0.613561 0.00057861 0.999983 0.00583549 -4.53229 -0.00698322 -0.00583131 0.999959 298.058
0.999968 0.000735874 0.00793814 -0.608314 -0.000777583 0.999986 0.00525241 -4.5571 -0.00793416 -0.00525842 0.999955 299.698
0.99996 0.000317727 0.00891001 -0.604741 -0.000360243 0.999989 0.00477054 -4.58336 -0.00890839 -0.00477356 0.999949 301.372
0.999954 -0.000375486 0.00957776 -0.591517 0.00032811 0.999988 0.00494757 -4.60347 -0.0095795 -0.0049442 0.999942 303.031
0.999948 -0.00149935 0.0100835 -0.574919 0.00143985 0.999982 0.00590581 -4.62728 -0.0100921 -0.00589098 0.999932 304.675
0.999941 -0.00293897 0.010474 -0.567003 0.00287774 0.999979 0.00585603 -4.64266 -0.010491 -0.00582554 0.999928 306.348
0.999939 -0.0039902 0.0102752 -0.549722 0.00394972 0.999984 0.00395619 -4.6748 -0.0102908 -0.00391536 0.999939 308.019
0.999943 -0.0051941 0.00930546 -0.524063 0.00518047 0.999985 0.0014881 -4.69286 -0.00931305 -0.00143981 0.999956 309.678
0.99995 -0.00556653 0.00836402 -0.51109 0.00555384 0.999983 0.00153885 -4.71288 -0.00837244 -0.00149232 0.999964 311.326
0.999948 -0.00694806 0.00741441 -0.506374 0.00693587 0.999975 0.00166814 -4.74531 -0.00742581 -0.00161663 0.999971 312.99
0.999958 -0.00634086 0.00663976 -0.513209 0.00633723 0.99998 0.000568346 -4.76606 -0.00664323 -0.000526245 0.999978 314.665
0.99996 -0.00625566 0.0063406 -0.522706 0.00625353 0.99998 0.000356683 -4.80023 -0.00634271 -0.000317017 0.99998 316.338
0.999958 -0.00711611 0.00574052 -0.51415 0.00711 0.999974 0.0010836 -4.82874 -0.00574808 -0.00104274 0.999983 317.994
0.999956 -0.0081036 0.00466776 -0.511684 0.00809585 0.999966 0.00167759 -4.86478 -0.0046812 -0.00163973 0.999988 319.656
0.999958 -0.00828701 0.00380014 -0.512813 0.00827536 0.999961 0.00307127 -4.8911 -0.00382544 -0.0030397 0.999988 321.342
0.999971 -0.00674305 0.00350406 -0.532681 0.00672786 0.999968 0.00433029 -4.91072 -0.00353315 -0.00430659 0.999984 323.063
0.999969 -0.00675576 0.00415476 -0.534943 0.00673847 0.999969 0.00416242 -4.9229 -0.00418275 -0.00413429 0.999983 324.752
0.999968 -0.00641333 0.00479982 -0.529001 0.006394 0.999971 0.00403108 -4.96037 -0.00482553 -0.00400026 0.99998 326.458
0.99996 -0.00748101 0.00500017 -0.519901 0.00746147 0.999965 0.00391381 -4.98481 -0.00502927 -0.00387635 0.99998 328.219
0.999935 -0.0101173 0.00525117 -0.519431 0.0100997 0.999943 0.0033651 -5.02993 -0.00528491 -0.00331185 0.999981 329.935
0.999919 -0.0113791 0.00571938 -0.513867 0.011372 0.999935 0.00127697 -5.04841 -0.00573354 -0.00121183 0.999983 331.659
0.999914 -0.0118447 0.00567278 -0.525131 0.0118444 0.99993 8.93764e-05 -5.06698 -0.00567344 -2.21781e-05 0.999984 333.377
0.999931 -0.0111696 0.00357588 -0.517972 0.0111718 0.999937 -0.000597493 -5.10237 -0.00356898 0.000637401 0.999993 335.14
0.999942 -0.0106641 0.00160202 -0.521259 0.0106639 0.999943 0.000140511 -5.12864 -0.00160343 -0.000123419 0.999999 336.857
0.999952 -0.00981753 0.000778566 -0.487044 0.00981498 0.999947 0.00321594 -5.14657 -0.000810097 -0.00320814 0.999995 338.699
0.999934 -0.0114474 0.00127222 -0.494319 0.0114394 0.999915 0.0061886 -5.16654 -0.00134295 -0.00617364 0.99998 340.488
0.999929 -0.0118806 0.00120079 -0.490879 0.0118721 0.999906 0.006893 -5.18134 -0.00128257 -0.00687826 0.999976 342.278
0.999917 -0.0127697 0.00146385 -0.498439 0.0127607 0.999901 0.00600022 -5.20217 -0.00154033 -0.00598104 0.999981 344.02
0.99989 -0.0147598 0.00148564 -0.496978 0.0147503 0.999872 0.00620944 -5.22489 -0.0015771 -0.00618685 0.99998 345.773
0.999887 -0.0148554 0.00214622 -0.507139 0.0148411 0.999868 0.00653687 -5.25373 -0.00224304 -0.00650428 0.999976 347.529
0.999889 -0.0146855 0.00243835 -0.498058 0.0146696 0.999872 0.00640704 -5.27789 -0.00253213 -0.00637056 0.999977 349.336
0.999905 -0.0135114 0.00270124 -0.498807 0.0134958 0.999893 0.00571592 -5.30184 -0.00277818 -0.00567892 0.99998 351.132
0.999916 -0.0125792 0.00321808 -0.491333 0.0125622 0.999907 0.00523547 -5.3261 -0.00328364 -0.00519461 0.999981 352.906
0.9999 -0.0135893 0.00389731 -0.488678 0.0135607 0.999882 0.00727924 -5.35476 -0.00399576 -0.00722566 0.999966 354.656
0.999888 -0.0144272 0.00405543 -0.490972 0.0143944 0.999864 0.00802033 -5.37237 -0.00417059 -0.00796106 0.99996 356.398
0.999871 -0.0154786 0.00429476 -0.499179 0.0154489 0.999857 0.00687715 -5.38601 -0.00440059 -0.00680991 0.999967 358.114
0.999898 -0.0135157 0.00459596 -0.508394 0.0134844 0.999886 0.00677416 -5.40593 -0.004687 -0.00671149 0.999966 359.861
0.999921 -0.0117484 0.00457869 -0.520193 0.0117281 0.999921 0.00443457 -5.4227 -0.00463043 -0.00438051 0.99998 361.619
0.999936 -0.0105164 0.00405485 -0.516627 0.0105106 0.999944 0.00144823 -5.44743 -0.00406985 -0.00140552 0.999991 363.378
0.999949 -0.00951353 0.00342596 -0.52766 0.00950559 0.999952 0.00232807 -5.48067 -0.00344794 -0.00229538 0.999991 365.1
0.999958 -0.00892094 0.00203761 -0.52674 0.00890846 0.999942 0.00605836 -5.50331 -0.00209154 -0.00603995 0.99998 366.828
0.999963 -0.00861771 0.000593201 -0.51766 0.00861204 0.999923 0.00898606 -5.53319 -0.000670595 -0.00898062 0.999959 368.576
0.999967 -0.00812794 -0.000930109 -0.522589 0.00813489 0.999937 0.00773593 -5.54991 0.000867173 -0.00774323 0.99997 370.307
0.999956 -0.00890854 -0.00285274 -0.533897 0.00892593 0.999941 0.00614262 -5.56566 0.00279785 -0.00616781 0.999977 372.038
0.999926 -0.0111267 -0.00488306 -0.547861 0.0111639 0.999908 0.0076647 -5.59495 0.00479733 -0.00771865 0.999959 373.781
0.999902 -0.012738 -0.00576743 -0.573884 0.0127855 0.999884 0.00826933 -5.61961 0.00566143 -0.00834226 0.999949 375.507
0.999901 -0.0126997 -0.00605904 -0.597597 0.0127426 0.999894 0.00708678 -5.61826 0.0059684 -0.00716328 0.999957 377.258
0.999893 -0.0131248 -0.00650066 -0.608332 0.0131642 0.999895 0.00604397 -5.62217 0.00642065 -0.0061289 0.999961 378.989
0.999893 -0.0131261 -0.00651062 -0.625852 0.0131627 0.999898 0.00560919 -5.62191 0.00643633 -0.00569429 0.999963 380.709
0.99988 -0.0139465 -0.00673013 -0.634438 0.0139837 0.999887 0.00551146 -5.64409 0.00665251 -0.00560491 0.999962 382.443
0.99987 -0.0146532 -0.00678456 -0.646858 0.0146867 0.99988 0.00491853 -5.67895 0.00671167 -0.00501753 0.999965 384.178
0.999861 -0.0151018 -0.00701791 -0.671483 0.0151339 0.999875 0.00454282 -5.70659 0.00694843 -0.0046484 0.999965 385.885
0.999854 -0.0155638 -0.00704175 -0.692557 0.0155964 0.999868 0.00460975 -5.72369 0.00696907 -0.0047189 0.999965 387.584
0.999858 -0.0153872 -0.00681757 -0.717773 0.0154109 0.999875 0.00344092 -5.74405 0.00676377 -0.0035455 0.999971 389.299
0.999838 -0.0166838 -0.00675613 -0.735693 0.0166971 0.999859 0.00191958 -5.76698 0.00672315 -0.00203208 0.999975 391.02
0.999805 -0.0185775 -0.00667993 -0.755155 0.0186012 0.999821 0.00349534 -5.79161 0.0066138 -0.00361892 0.999972 392.743
0.999764 -0.0206897 -0.00656009 -0.79249 0.0207186 0.999776 0.00437086 -5.82027 0.00646819 -0.00450574 0.999969 394.444
0.999747 -0.0215611 -0.00646008 -0.81028 0.0215813 0.999762 0.00308095 -5.83728 0.00639212 -0.00321958 0.999974 396.185
0.999771 -0.0205076 -0.0061577 -0.823132 0.0205241 0.999786 0.0026387 -5.86622 0.00610227 -0.00276447 0.999978 397.908
0.99981 -0.018742 -0.00529644 -0.855147 0.0187605 0.999818 0.00346207 -5.89196 0.00523059 -0.00356078 0.99998 399.638
0.999829 -0.0177881 -0.00505023 -0.871721 0.0178126 0.99983 0.00485387 -5.92221 0.00496303 -0.004943 0.999975 401.352
0.999837 -0.0174884 -0.00457968 -0.885963 0.0175098 0.999836 0.00467612 -5.94792 0.00449715 -0.00475554 0.999979 403.068
0.999844 -0.0170852 -0.00440074 -0.898501 0.0171004 0.999848 0.00344819 -5.96241 0.00434116 -0.00352291 0.999984 404.819
0.999848 -0.0169429 -0.00422071 -0.914815 0.016959 0.999849 0.00379193 -6.00071 0.00415583 -0.00386293 0.999984 406.569
0.999858 -0.0164354 -0.00369567 -0.942509 0.0164496 0.999857 0.00385976 -6.02438 0.00363171 -0.00392 0.999986 408.291
0.999885 -0.0148411 -0.00313423 -0.975818 0.0148532 0.999882 0.00388473 -6.04987 0.00307621 -0.00393084 0.999988 410.023
0.999916 -0.0127044 -0.00251516 -1.00022 0.0127143 0.999911 0.00399268 -6.06333 0.00246422 -0.00402432 0.999989 411.762
0.999938 -0.0109455 -0.00180603 -1.02418 0.0109511 0.999935 0.00312405 -6.08162 0.00177172 -0.00314363 0.999993 413.493
0.999945 -0.01032 -0.00186673 -1.02477 0.0103244 0.999944 0.00236158 -6.09986 0.00184226 -0.00238072 0.999995 415.234
0.999953 -0.00958021 -0.0017152 -1.03941 0.00958453 0.999951 0.00252795 -6.1291 0.0016909 -0.00254427 0.999995 416.929
0.999971 -0.00751212 -0.00130204 -1.05723 0.00751579 0.999968 0.00283785 -6.13671 0.00128068 -0.00284755 0.999995 418.671
0.999983 -0.00583876 -0.000849789 -1.06933 0.00584072 0.99998 0.00231642 -6.14773 0.000836247 -0.00232134 0.999997 420.44
0.999987 -0.00516882 -0.000303621 -1.08669 0.00516941 0.999985 0.00199079 -6.17967 0.000293327 -0.00199233 0.999998 422.204
0.999983 -0.00582217 0.000385392 -1.11588 0.00582114 0.99998 0.00262625 -6.20223 -0.000400675 -0.00262396 0.999996 423.987
