0.999998 -0.00174554 -0.00136534 -0.00383542 0.00174396 0.999998 -0.00115689 -0.00654428 0.00136735 0.00115451 0.999998 0.62035
0.999994 -0.00236383 -0.00261977 -0.00912511 0.00235668 0.999993 -0.00272926 -0.0196752 0.0026262 0.00272307 0.999993 1.21922
0.999985 -0.00303023 -0.00460608 -0.0141783 0.00301306 0.999988 -0.00373147 -0.0431837 0.00461733 0.00371754 0.999982 1.8241
0.999967 -0.00514975 -0.00627706 -0.0180047 0.00511719 0.999973 -0.00519211 -0.0614076 0.00630363 0.00515981 0.999967 2.42339
0.99994 -0.00766538 -0.00784489 -0.0203814 0.00760879 0.999945 -0.00721847 -0.0759073 0.00789979 0.00715835 0.999943 3.02512
0.999916 -0.00898106 -0.00939475 -0.0275176 0.00890885 0.999931 -0.00769962 -0.0911092 0.00946325 0.00761528 0.999926 3.63621
0.9999 -0.00900087 -0.0109069 -0.0345562 0.0089208 0.999933 -0.00736732 -0.103809 0.0109725 0.00726928 0.999913 4.26134
0.99988 -0.00956039 -0.012188 -0.0446465 0.00946788 0.999926 -0.00762575 -0.12233 0.01226 0.00750944 0.999897 4.88747
0.999873 -0.00882112 -0.0132946 -0.0555494 0.00868164 0.999907 -0.010513 -0.1375 0.0133861 0.0103963 0.999856 5.52687
0.999869 -0.00707325 -0.0145849 -0.0728351 0.00686012 0.99987 -0.0146113 -0.153767 0.0146863 0.0145093 0.999787 6.16975
0.999853 -0.00582971 -0.0161244 -0.0842653 0.0055318 0.999814 -0.0184595 -0.175209 0.0162291 0.0183676 0.9997 6.83781
0.999838 -0.00439669 -0.0174681 -0.10315 0.00407653 0.999824 -0.0183216 -0.192382 0.0175456 0.0182474 0.99968 7.51159
0.999824 -0.00246939 -0.0185843 -0.122741 0.00225622 0.999932 -0.0114827 -0.206113 0.0186114 0.0114387 0.999761 8.20337
0.999802 -0.00210595 -0.0197729 -0.132816 0.00208666 0.999997 -0.00099644 -0.22142 0.019775 0.000954984 0.999804 8.91128
0.99978 -0.001346 -0.020929 -0.145831 0.00146674 0.999982 0.0057548 -0.239309 0.0209209 -0.00578423 0.999764 9.63909
0.999755 0.000954237 -0.0221309 -0.167797 -0.000852185 0.999989 0.00462028 -0.252679 0.0221351 -0.00460029 0.999744 10.3776
0.999729 0.00289778 -0.0230972 -0.185893 -0.00295964 0.999992 -0.00264448 -0.260087 0.0230894 0.00271212 0.99973 11.1171
0.999704 0.00252672 -0.0242157 -0.207357 -0.00273955 0.999958 -0.00875973 -0.257756 0.0241925 0.00882347 0.999668 11.8755
0.99968 9.97923e-05 -0.0252896 -0.230332 -0.000284534 0.999973 -0.00730156 -0.257919 0.0252882 0.00730642 0.999654 12.6587
0.999667 -0.00105618 -0.0257898 -0.256274 0.00110854 0.999997 0.002016 -0.271002 0.0257876 -0.00204392 0.999665 13.4762
0.999659 -0.00161683 -0.0260818 -0.279508 0.00185586 0.999956 0.00914314 -0.273756 0.0260659 -0.00918842 0.999618 14.3044
0.999637 -0.00256016 -0.0268356 -0.299629 0.00287398 0.999928 0.0116621 -0.280666 0.0268038 -0.011735 0.999572 15.1404
0.999618 -0.00480365 -0.0272175 -0.319326 0.00509072 0.999932 0.0104877 -0.281133 0.0271653 -0.0106222 0.999575 16.0007
0.999628 -0.00524608 -0.0267583 -0.344669 0.0054548 0.999955 0.00773327 -0.277642 0.0267165 -0.00787636 0.999612 16.8731
0.999652 -0.00279849 -0.0262214 -0.372456 0.00291113 0.999987 0.00425833 -0.280119 0.0262091 -0.00433319 0.999647 17.7786
0.999674 -0.00566729 -0.0249032 -0.400825 0.00563388 0.999983 -0.00141152 -0.288783 0.0249108 0.00127076 0.999689 18.6894
0.999664 -0.00880667 -0.0243659 -0.421547 0.00861598 0.999932 -0.00792006 -0.301302 0.024434 0.00770746 0.999672 19.6302
0.999705 -0.00775235 -0.0230383 -0.451139 0.00743746 0.999878 -0.0137226 -0.309376 0.0231419 0.0135472 0.99964 20.5776
0.999712 -0.00674288 -0.0230138 -0.476576 0.00641036 0.999874 -0.0144919 -0.333963 0.0231086 0.0143402 0.99963 21.555
0.999704 -0.00674283 -0.0233958 -0.502267 0.00642536 0.999887 -0.0136182 -0.366962 0.0234849 0.0134639 0.999634 22.5434
0.999708 -0.00527102 -0.0235808 -0.532303 0.00491312 0.999872 -0.0152097 -0.39106 0.023658 0.0150894 0.999606 23.5456
0.999723 -0.0023976 -0.0234159 -0.566605 0.00198985 0.999846 -0.017421 -0.418495 0.023454 0.0173695 0.999574 24.5589
0.999725 0.000929739 -0.0234212 -0.602021 -0.00135997 0.999831 -0.0183602 -0.440156 0.0234002 0.018387 0.999557 25.5852
0.99972 0.00269341 -0.0235065 -0.636724 -0.00312163 0.99983 -0.0181994 -0.476131 0.0234534 0.0182677 0.999558 26.6142
0.999713 0.00389023 -0.0236495 -0.669666 -0.0043241 0.999823 -0.0183223 -0.512473 0.0235741 0.0184193 0.999552 27.676
0.999703 0.00389523 -0.0240402 -0.696974 -0.00433856 0.999821 -0.0184168 -0.544319 0.0239642 0.0185157 0.999541 28.7392
0.999689 0.00500159 -0.0244492 -0.731117 -0.00542419 0.999837 -0.0172492 -0.581294 0.0243589 0.0173764 0.999552 29.8113
0.999686 0.00558105 -0.0244365 -0.770568 -0.00595653 0.999865 -0.0153197 -0.616004 0.0243477 0.0154605 0.999584 30.8889
0.999679 0.00636901 -0.0245347 -0.80727 -0.00671264 0.99988 -0.0139487 -0.652451 0.0244429 0.014109 0.999602 31.9816
0.999681 0.0060389 -0.0245131 -0.841937 -0.00640332 0.99987 -0.0148153 -0.692454 0.0244205 0.0149675 0.99959 33.073
0.999666 0.00723642 -0.0247988 -0.876763 -0.00762958 0.999846 -0.0157963 -0.725978 0.0246807 0.0159803 0.999568 34.1685
0.999654 0.00718288 -0.025292 -0.909225 -0.00755996 0.999861 -0.0148452 -0.757775 0.0251819 0.0150313 0.99957 35.2765
0.999648 0.00663269 -0.0257055 -0.943055 -0.00694918 0.999901 -0.0122423 -0.787423 0.0256217 0.0124167 0.999595 36.405
0.999634 0.00687259 -0.0261582 -0.977366 -0.00709936 0.999938 -0.0085861 -0.813409 0.0260976 0.00876866 0.999621 37.537
0.999621 0.00707746 -0.0266047 -1.02038 -0.00724715 0.999954 -0.00628704 -0.836079 0.026559 0.00647747 0.999626 38.6782
0.99961 0.00712741 -0.0270114 -1.05828 -0.00729301 0.999955 -0.00603726 -0.862644 0.0269672 0.0062319 0.999617 39.8141
0.999609 0.00631557 -0.0272456 -1.10159 -0.00651766 0.999952 -0.00733509 -0.894561 0.027198 0.0075098 0.999602 40.9714
0.999586 0.00665857 -0.0280084 -1.14029 -0.00688888 0.999943 -0.00813465 -0.916839 0.0279527 0.00832422 0.999575 42.1224
0.999563 0.00602147 -0.0289387 -1.17373 -0.0062224 0.999957 -0.00685848 -0.94457 0.0288961 0.00703555 0.999558 43.2814
0.99954 0.00615887 -0.0296909 -1.21896 -0.00630614 0.999968 -0.0048688 -0.971975 0.02966 0.0050538 0.999547 44.437
0.99952 0.00583819 -0.0304335 -1.25687 -0.0059056 0.99998 -0.00212547 -1.00796 0.0304205 0.00230418 0.999535 45.6129
0.999496 0.00657683 -0.0310405 -1.29992 -0.00664608 0.999976 -0.00212859 -1.03964 0.0310257 0.00233381 0.999516 46.7691
0.999489 0.00773021 -0.0310076 -1.34941 -0.00792349 0.99995 -0.00611544 -1.06309 0.0309587 0.00635801 0.9995 47.9185
0.999479 0.00882091 -0.0310367 -1.39421 -0.00913692 0.999908 -0.0100549 -1.09243 0.0309451 0.0103332 0.999468 49.0654
0.999476 0.00931461 -0.0309852 -1.43719 -0.00963591 0.999901 -0.0102365 -1.1244 0.0308868 0.0105297 0.999467 50.2069
0.99947 0.00991495 -0.0309938 -1.47856 -0.0101616 0.999918 -0.00781125 -1.15076 0.0309138 0.00812206 0.999489 51.368
0.999482 0.010197 -0.0305184 -1.52224 -0.0103771 0.99993 -0.00574955 -1.18246 0.0304576 0.00606327 0.999518 52.529
0.999499 0.00861838 -0.0304381 -1.56236 -0.00876142 0.999951 -0.00456898 -1.21078 0.0303973 0.00483337 0.999526 53.686
0.999523 0.0087233 -0.0296228 -1.61123 -0.00889324 0.999945 -0.0056098 -1.23829 0.0295723 0.00587056 0.999545 54.8398
0.999537 0.00759369 -0.029457 -1.64892 -0.00781897 0.999941 -0.00753994 -1.26141 0.0293981 0.00776678 0.999538 55.982
0.999546 0.0075325 -0.0291736 -1.69019 -0.0078259 0.99992 -0.00995598 -1.29113 0.0290963 0.0101798 0.999525 57.1429
0.999557 0.00617851 -0.0291055 -1.72827 -0.0065472 0.999899 -0.012589 -1.32549 0.0290248 0.012774 0.999497 58.2911
0.999574 0.00514064 -0.0287131 -1.76796 -0.00559689 0.999859 -0.0158322 -1.36457 0.0286276 0.0159861 0.999462 59.4373
0.999581 0.00295209 -0.0287977 -1.79751 -0.00346499 0.999836 -0.0177769 -1.40319 0.0287405 0.0178692 0.999427 60.5963
0.999595 0.00194307 -0.0283889 -1.83632 -0.00237572 0.999881 -0.0152144 -1.44411 0.0283559 0.0152757 0.999481 61.7575
0.999607 0.00100198 -0.0280221 -1.87607 -0.00126737 0.999954 -0.00945474 -1.47879 0.0280113 0.00948654 0.999563 62.9258
0.999612 -0.000487525 -0.0278404 -1.91335 0.00038081 0.999993 -0.00383829 -1.50284 0.027842 0.0038262 0.999605 64.0912
0.999618 -0.00226404 -0.0275542 -1.95311 0.00218287 0.999993 -0.00297574 -1.53683 0.0275608 0.00291446 0.999616 65.2418
0.999608 -0.00555426 -0.0274288 -1.98835 0.00539575 0.999968 -0.00584976 -1.56631 0.0274604 0.00569948 0.999607 66.3994
0.999598 -0.00700306 -0.0274878 -2.02282 0.00675901 0.999937 -0.00896151 -1.60244 0.0275488 0.00877211 0.999582 67.5518
0.999605 -0.00511645 -0.0276245 -2.06187 0.00475479 0.999902 -0.0131419 -1.63334 0.0276891 0.0130053 0.999532 68.7153
0.999607 -0.0051246 -0.0275516 -2.10249 0.00463986 0.999834 -0.0176291 -1.66791 0.0276373 0.0174944 0.999465 69.8805
0.999638 -0.00196775 -0.0268335 -2.14465 0.00147424 0.99983 -0.0183988 -1.70414 0.0268652 0.0183526 0.999471 71.0508
0.999656 0.00128457 -0.0261836 -2.18196 -0.00166468 0.999893 -0.0145006 -1.74869 0.0261622 0.0145392 0.999552 72.2419
0.999648 0.00253268 -0.0264149 -2.21977 -0.00286809 0.999916 -0.0126676 -1.78212 0.0263806 0.0127389 0.999571 73.4097
0.999643 0.00140789 -0.0266692 -2.25385 -0.00172163 0.99993 -0.0117451 -1.8219 0.0266508 0.0117868 0.999575 74.58
0.999631 -0.000650243 -0.0271693 -2.28082 0.000354989 0.999941 -0.0108706 -1.85354 0.0271747 0.0108569 0.999572 75.7499
0.999614 -0.00219642 -0.0276781 -2.31206 0.00193773 0.999954 -0.00936958 -1.8929 0.0276974 0.00931233 0.999573 76.9333
0.999597 -0.00377213 -0.0281243 -2.34654 0.00357708 0.999969 -0.0069823 -1.93267 0.0281498 0.00687889 0.99958 78.1125
0.999563 -0.00533254 -0.0290659 -2.38086 0.00517545 0.999972 -0.00547702 -1.95877 0.0290943 0.0053242 0.999562 79.292
0.99954 -0.00630774 -0.0296624 -2.42134 0.00611086 0.999959 -0.00672346 -1.99291 0.0297036 0.00653911 0.999537 80.4533
0.999518 -0.00636917 -0.0303767 -2.45867 0.00605236 0.999926 -0.0105099 -2.02695 0.0304415 0.010321 0.999483 81.6097
0.999494 -0.0061052 -0.0312013 -2.49645 0.00570543 0.999901 -0.0128857 -2.0547 0.0312769 0.0127012 0.99943 82.76
0.999482 -0.0041508 -0.0319037 -2.54326 0.00379768 0.999931 -0.0111211 -2.09517 0.0319476 0.0109942 0.999429 83.9113
0.999463 -0.00338481 -0.0325808 -2.58734 0.00315929 0.999971 -0.00697076 -2.12956 0.0326035 0.00686408 0.999445 85.076
0.999448 -0.0020027 -0.0331737 -2.6363 0.00190953 0.999994 -0.00283984 -2.1632 0.0331791 0.00277492 0.999446 86.2246
0.999429 -0.00139576 -0.0337727 -2.686 0.00132269 0.999997 -0.00218604 -2.19503 0.0337757 0.00214012 0.999427 87.3783
0.999408 -0.00154844 -0.0343791 -2.73099 0.00140102 0.99999 -0.00431193 -2.21885 0.0343854 0.00426121 0.9994 88.5141
0.999398 -0.00186504 -0.0346577 -2.7832 0.00167808 0.999984 -0.00542287 -2.24332 0.0346673 0.00536144 0.999385 89.6494
0.999376 -0.00282364 -0.0351968 -2.82745 0.00263518 0.999982 -0.0053997 -2.27615 0.0352114 0.00530359 0.999366 90.7785
0.999341 -0.00410305 -0.0360679 -2.87184 0.00392648 0.99998 -0.00496482 -2.30724 0.0360875 0.00481993 0.999337 91.8961
0.999324 -0.00513493 -0.0364112 -2.91837 0.00500455 0.999981 -0.00367101 -2.33701 0.0364294 0.0034863 0.99933 92.9968
0.999293 -0.00508342 -0.0372545 -2.95648 0.00505641 0.999987 -0.000819269 -2.36949 0.0372582 0.000630316 0.999305 94.0799
0.999251 -0.0065824 -0.0381428 -3.00512 0.00660162 0.999978 0.000377939 -2.40459 0.0381395 -0.00062946 0.999272 95.1391
0.999162 -0.00728126 -0.040275 -3.05366 0.00730692 0.999973 0.000490119 -2.4304 0.0402703 -0.000783995 0.999189 96.1731
0.999006 -0.00821692 -0.0438059 -3.09418 0.00820489 0.999966 -0.000454342 -2.45715 0.0438081 9.44674e-05 0.99904 97.1851
0.998873 -0.00788005 -0.0468128 -3.14888 0.00780215 0.999968 -0.00184654 -2.47552 0.0468259 0.00147922 0.998902 98.1705
0.998714 -0.00818517 -0.0500386 -3.20232 0.00810643 0.999966 -0.00177644 -2.49976 0.0500514 0.00136852 0.998746 99.1355
0.998568 -0.00729889 -0.0530016 -3.26105 0.00728212 0.999973 -0.000509392 -2.53116 0.0530039 0.000122698 0.998594 100.068
0.998409 -0.00638 -0.0560209 -3.31863 0.0064141 0.999979 0.000428823 -2.55568 0.056017 -0.000787464 0.99843 100.974
0.998241 -0.00542805 -0.0590376 -3.37573 0.00554679 0.999983 0.00184745 -2.57707 0.0590266 -0.00217167 0.998254 101.852
0.998086 -0.00399837 -0.0617081 -3.43617 0.00416578 0.999988 0.00258446 -2.59816 0.0616971 -0.00283657 0.998091 102.699
0.997901 -0.00254202 -0.0647087 -3.49448 0.00277989 0.99999 0.00358631 -2.62664 0.0646989 -0.00375867 0.997898 103.509
0.997714 -0.000948609 -0.0675739 -3.55276 0.00111268 0.999997 0.00239036 -2.64797 0.0675714 -0.00246008 0.997711 104.296
0.997533 4.73161e-05 -0.070202 -3.61465 -0.000135845 0.999999 -0.00125628 -2.67102 0.0702019 0.00126272 0.997532 105.045
0.997336 0.00232959 -0.0729132 -3.67521 -0.00271742 0.999983 -0.00522029 -2.6896 0.0728998 0.00540451 0.997325 105.77
0.997164 0.003682 -0.0751665 -3.7326 -0.00428711 0.99996 -0.00789044 -2.7101 0.0751345 0.00819032 0.99714 106.465
0.997042 0.00535834 -0.0766774 -3.78155 -0.00605508 0.999942 -0.00885699 -2.72916 0.0766256 0.00929508 0.997017 107.119
0.997092 0.00754779 -0.075831 -3.83679 -0.00823011 0.999928 -0.00868945 -2.74945 0.07576 0.00928828 0.997083 107.748
0.997274 0.0115073 -0.0728779 -3.89133 -0.0120437 0.999903 -0.00692561 -2.77577 0.0727911 0.00778445 0.997317 108.359
0.99764 0.0140413 -0.0672171 -3.93965 -0.0144287 0.999882 -0.00528086 -2.79811 0.067135 0.00623825 0.997724 108.943
0.998105 0.0148256 -0.0597223 -3.97857 -0.0150574 0.999881 -0.00343396 -2.81815 0.0596643 0.00432671 0.998209 109.511
0.998636 0.014748 -0.0500822 -4.0028 -0.0148091 0.99989 -0.00084825 -2.83291 0.0500642 0.00158876 0.998745 110.046
0.999163 0.0142662 -0.0383392 -4.01541 -0.0142534 0.999898 0.0006065 -2.85277 0.0383439 -5.95296e-05 0.999265 110.56
0.999607 0.013241 -0.0247085 -4.02129 -0.0132317 0.999912 0.000540177 -2.86062 0.0247135 -0.000213028 0.999695 111.059
0.999866 0.0130722 -0.00982175 -4.01402 -0.0130737 0.999915 -9.61723e-05 -2.87685 0.00981966 0.000224566 0.999952 111.529
0.999899 0.0115856 0.00817107 -3.99967 -0.0115608 0.999928 -0.00307474 -2.88988 -0.00820611 0.00297996 0.999962 111.981
0.999504 0.0111544 0.0294384 -3.97089 -0.0109339 0.999911 -0.00764155 -2.90153 -0.029521 0.00731589 0.999537 112.43
0.998517 0.00903839 0.0536936 -3.92291 -0.00838879 0.999889 -0.0123115 -2.91382 -0.0537989 0.0118428 0.998482 112.867
0.996699 0.00668878 0.0809079 -3.86521 -0.00552146 0.999878 -0.0146429 -2.92882 -0.080996 0.0141478 0.996614 113.295
0.993857 0.00414638 0.110593 -3.78776 -0.00246125 0.999879 -0.0153694 -2.94389 -0.110643 0.0150028 0.993747 113.715
0.989772 0.00183833 0.142644 -3.69625 0.000590408 0.999856 -0.0169824 -2.95736 -0.142654 0.0168929 0.989628 114.122
0.984037 -0.000639775 0.177961 -3.59231 0.00391425 0.999829 -0.0180495 -2.97656 -0.177919 0.018458 0.983872 114.519
0.976263 -0.0037335 0.216555 -3.4755 0.0078242 0.999807 -0.0180356 -2.9936 -0.216446 0.0193019 0.976104 114.901
0.966534 -0.0055084 0.25648 -3.33753 0.0106671 0.999768 -0.0187265 -3.00696 -0.256317 0.0208356 0.966368 115.284
0.954399 -0.00501061 0.298491 -3.19885 0.0111902 0.999757 -0.0189972 -3.02666 -0.298323 0.021471 0.954223 115.646
0.939347 -0.00328015 0.342952 -3.04168 0.0102643 0.999775 -0.0185516 -3.04536 -0.342814 0.0209465 0.93917 116.006
0.921827 -0.00296897 0.38759 -2.8645 0.0104402 0.999798 -0.0171721 -3.05407 -0.387461 0.0198762 0.921672 116.348
0.901673 -0.00361013 0.432403 -2.6663 0.0112424 0.999823 -0.0150957 -3.06835 -0.432272 0.0184727 0.901554 116.69
0.878597 -0.00483902 0.477539 -2.45948 0.0136238 0.999796 -0.0149345 -3.08367 -0.47737 0.0196273 0.878483 117.006
0.853403 -0.00419332 0.521234 -2.2368 0.0148915 0.999756 -0.0163385 -3.10252 -0.521038 0.0217053 0.853257 117.312
0.825965 -0.0020292 0.563718 -1.99732 0.0155907 0.999693 -0.0192452 -3.11599 -0.563506 0.0246846 0.825743 117.606
0.795504 0.00318654 0.60594 -1.74583 0.0137574 0.999633 -0.0233182 -3.12797 -0.605792 0.0268858 0.795169 117.89
0.761918 0.009511 0.647604 -1.47751 0.0104838 0.99958 -0.0270147 -3.13287 -0.647589 0.0273723 0.761498 118.165
0.725102 0.0145082 0.688488 -1.19062 0.0077018 0.999545 -0.0291744 -3.14254 -0.688598 0.026457 0.72466 118.425
0.685935 0.0150616 0.727507 -0.880407 0.00963611 0.99951 -0.0297783 -3.15555 -0.727599 0.0274363 0.685454 118.668
0.645019 0.0126557 0.764061 -0.547078 0.0138052 0.999507 -0.0282099 -3.16484 -0.764042 0.028744 0.644526 118.894
0.600975 0.0105375 0.799198 -0.196937 0.0151009 0.999585 -0.024535 -3.17528 -0.799125 0.0268136 0.600567 119.113
0.554855 0.0090285 0.831898 0.170044 0.0156061 0.999652 -0.021258 -3.1885 -0.831801 0.0247778 0.554521 119.312
0.506989 0.00612936 0.861931 0.552518 0.0171747 0.999704 -0.0172113 -3.20331 -0.861781 0.0235293 0.506734 119.496
0.456546 0.00256451 0.889696 0.953561 0.0190042 0.99974 -0.0126337 -3.21828 -0.889497 0.0226758 0.456379 119.656
0.404917 0.00295702 0.914349 1.3533 0.0157521 0.999824 -0.0102092 -3.23709 -0.914218 0.0185368 0.404799 119.804
0.353905 0.00809434 0.935246 1.75805 0.0116718 0.999846 -0.0130701 -3.24733 -0.935208 0.0155416 0.353756 119.93
0.303468 0.012945 0.952754 2.17109 0.0107685 0.999797 -0.0170142 -3.26224 -0.952781 0.0154229 0.303267 120.032
0.256826 0.0152917 0.966337 2.60626 0.0125471 0.999738 -0.0191549 -3.26754 -0.966376 0.0170442 0.256567 120.116
0.215311 0.014938 0.976431 3.05797 0.0191918 0.999625 -0.0195248 -3.28233 -0.976357 0.0229434 0.214944 120.181
0.180179 0.0151046 0.983518 3.52863 0.0265827 0.999442 -0.020219 -3.28981 -0.983275 0.0297876 0.179676 120.23
0.149581 0.0169163 0.988605 4.00791 0.0305769 0.999296 -0.0217257 -3.29346 -0.988277 0.0334782 0.148959 120.282
0.121464 0.0155227 0.992474 4.51003 0.0285623 0.999409 -0.0191268 -3.30566 -0.992185 0.0306706 0.120949 120.336
0.0960306 0.0118408 0.995308 5.0306 0.0218145 0.999664 -0.0139974 -3.32435 -0.995139 0.0230563 0.09574 120.382
0.0723554 0.00835088 0.997344 5.56664 0.0167039 0.999815 -0.0095834 -3.33348 -0.997239 0.0173529 0.0722025 120.419
0.0499217 0.00607782 0.998735 6.11912 0.0208242 0.999758 -0.00712494 -3.35007 -0.998536 0.0211535 0.049783 120.427
0.0296882 0.0069669 0.999535 6.69011 0.0290814 0.999546 -0.00783075 -3.36482 -0.999136 0.0293004 0.0294721 120.419
0.0123614 0.00946623 0.999879 7.28146 0.0343334 0.999362 -0.0098858 -3.37724 -0.999334 0.0344515 0.0120285 120.408
-0.00166526 0.0150575 0.999885 7.90095 0.0356016 0.999254 -0.0149887 -3.38184 -0.999365 0.0355726 -0.00220009 120.397
-0.0125149 0.0197637 0.999726 8.5332 0.032777 0.999275 -0.0193444 -3.39303 -0.999384 0.032526 -0.0131536 120.391
-0.0188223 0.0191405 0.99964 9.19741 0.0350244 0.999216 -0.0184729 -3.41344 -0.999209 0.0346641 -0.0194779 120.378
-0.0209592 0.0159373 0.999653 9.86538 0.0411824 0.999038 -0.015064 -3.43617 -0.998932 0.0408524 -0.0215953 120.338
-0.0206997 0.0143717 0.999682 10.5724 0.0429309 0.998987 -0.0134728 -3.4553 -0.998864 0.0426384 -0.0212958 120.325
-0.0186851 0.0133529 0.999736 11.2916 0.042189 0.999031 -0.012555 -3.48574 -0.998935 0.0419432 -0.0192304 120.318
-0.0171775 0.0137389 0.999758 12.0427 0.0387787 0.999162 -0.0130644 -3.5035 -0.9991 0.0385449 -0.0176959 120.32
-0.0159479 0.0150959 0.999759 12.8042 0.0388553 0.99914 -0.0144667 -3.51583 -0.999118 0.0386152 -0.0165207 120.316
-0.0152209 0.0157515 0.99976 13.586 0.0381865 0.999156 -0.0151606 -3.53841 -0.999155 0.0379465 -0.0158095 120.315
-0.0145862 0.0151679 0.999779 14.3833 0.0377359 0.999181 -0.0146083 -3.55783 -0.999181 0.0375145 -0.0151466 120.308
-0.013781 0.0135083 0.999814 15.1998 0.0366923 0.999242 -0.0129949 -3.58726 -0.999232 0.0365064 -0.0142662 120.3
-0.0137063 0.0122263 0.999831 16.0257 0.037471 0.999229 -0.0117053 -3.61355 -0.999204 0.0373043 -0.0141539 120.298
-0.0139773 0.0100196 0.999852 16.8577 0.0383533 0.999219 -0.00947709 -3.63259 -0.999166 0.0382152 -0.0143507 120.28
-0.015095 0.00807758 0.999853 17.6947 0.0364102 0.999309 -0.00752349 -3.66075 -0.999223 0.0362913 -0.0153786 120.275
-0.0163864 0.00699281 0.999841 18.5517 0.0353193 0.999356 -0.00641057 -3.68219 -0.999242 0.0352087 -0.0166228 120.268
-0.0177655 0.00488887 0.99983 19.4148 0.0377824 0.999277 -0.00421483 -3.68836 -0.999128 0.0377011 -0.0179374 120.259
-0.0188667 0.00339094 0.999816 20.2859 0.0388478 0.999242 -0.00265592 -3.70452 -0.999067 0.0387906 -0.0189841 120.243
-0.0207955 0.00224717 0.999781 21.1672 0.0358464 0.999356 -0.00150061 -3.73128 -0.999141 0.0358074 -0.0208627 120.235
-0.0217087 0.0069808 0.99974 22.0507 0.0330411 0.999434 -0.0062612 -3.75001 -0.999218 0.0328966 -0.021927 120.228
-0.0223531 0.0120021 0.999678 22.9374 0.0349478 0.999326 -0.0112164 -3.76197 -0.999139 0.0346859 -0.0227575 120.208
-0.0233868 0.0135542 0.999635 23.8333 0.0353714 0.999293 -0.012722 -3.78432 -0.999101 0.035061 -0.0238497 120.188
-0.0248102 0.0113505 0.999628 24.7403 0.0321534 0.999427 -0.0105502 -3.80844 -0.999175 0.0318797 -0.0251609 120.175
-0.025811 0.0073584 0.99964 25.6483 0.0291259 0.999554 -0.00660573 -3.8288 -0.999242 0.0289449 -0.0260138 120.161
-0.0259608 0.00213168 0.999661 26.5544 0.027872 0.999611 -0.00140775 -3.8502 -0.999274 0.027826 -0.0260101 120.144
-0.0259673 -0.00342712 0.999657 27.4674 0.0249206 0.999681 0.00407455 -3.86739 -0.999352 0.0250179 -0.0258736 120.122
-0.0255994 -0.00464447 0.999661 28.3702 0.0229617 0.999723 0.00523276 -3.88817 -0.999409 0.0230879 -0.0254856 120.108
-0.0246717 0.0024764 0.999693 29.2525 0.026037 0.999659 -0.00183374 -3.90688 -0.999356 0.0259838 -0.0247278 120.089
-0.0235263 0.0135642 0.999631 30.1417 0.0287618 0.999503 -0.0128856 -3.92681 -0.999309 0.028448 -0.0239047 120.067
-0.0227917 0.018634 0.999567 31.0302 0.0307255 0.999367 -0.0179297 -3.94845 -0.999268 0.0303035 -0.0233498 120.046
-0.0215349 0.0128038 0.999686 31.9202 0.0321667 0.999409 -0.0121073 -3.98007 -0.99925 0.0318959 -0.021934 120.03
-0.0205034 0.0050358 0.999777 32.8059 0.0352478 0.999369 -0.00431089 -4.00488 -0.999168 0.0351515 -0.020668 120.009
-0.0199391 0.00245947 0.999798 33.6924 0.0374103 0.999299 -0.00171216 -4.01983 -0.999101 0.0373686 -0.0200171 119.993
-0.0201703 0.00309901 0.999792 34.5725 0.036481 0.999332 -0.0023616 -4.04127 -0.999131 0.0364257 -0.0202698 119.984
-0.021192 0.00365058 0.999769 35.4464 0.0341682 0.999412 -0.00292502 -4.06576 -0.999191 0.0340983 -0.0213042 119.977
-0.0230242 0.00384187 0.999728 36.3153 0.0321904 0.999477 -0.00309955 -4.08526 -0.999217 0.0321103 -0.0231358 119.962
-0.0250017 0.00341054 0.999682 37.1845 0.0321921 0.999478 -0.00260473 -4.10887 -0.999169 0.0321167 -0.0250985 119.947
-0.0268862 0.00363236 0.999632 38.0441 0.0310554 0.999514 -0.00279666 -4.13508 -0.999156 0.0309688 -0.0269859 119.927
-0.0292552 0.00360947 0.999565 38.9134 0.029106 0.999573 -0.00275763 -4.16247 -0.999148 0.0290127 -0.0293478 119.919
-0.0313263 0.00280542 0.999505 39.7597 0.0272223 0.999627 -0.00195257 -4.18371 -0.999138 0.0271477 -0.031391 119.897
-0.0336378 0.00166161 0.999433 40.6193 0.0285213 0.999593 -0.000701933 -4.20127 -0.999027 0.0284816 -0.0336715 119.879
-0.0355425 0.00161521 0.999367 41.4613 0.0282029 0.999602 -0.000612558 -4.22172 -0.99897 0.0281632 -0.0355739 119.861
-0.0375329 0.00257094 0.999292 42.311 0.0284687 0.999594 -0.00150245 -4.23974 -0.99889 0.0283921 -0.0375908 119.841
-0.0384728 0.00299999 0.999255 43.1397 0.0294054 0.999566 -0.00186878 -4.25795 -0.998827 0.0293116 -0.0385443 119.811
-0.0397583 0.00196287 0.999207 43.9728 0.0323281 0.999477 -0.00067707 -4.27016 -0.998686 0.0322755 -0.039801 119.785
-0.0411082 0.00136905 0.999154 44.7909 0.0319634 0.999489 -5.44334e-05 -4.28948 -0.998643 0.0319342 -0.041131 119.751
-0.0424148 0.000595283 0.9991 45.6124 0.0310001 0.999519 0.000720515 -4.3094 -0.998619 0.0310027 -0.0424129 119.729
-0.0434248 -0.000280039 0.999057 46.4027 0.0297832 0.999555 0.00157473 -4.32255 -0.998613 0.0298235 -0.0433972 119.7
-0.0443763 -0.00138968 0.999014 47.1833 0.0287105 0.999584 0.0026658 -4.3377 -0.998602 0.0288005 -0.044318 119.674
-0.0450002 -0.00151138 0.998986 47.9533 0.0287736 0.999582 0.00280841 -4.35744 -0.998573 0.0288708 -0.0449379 119.645
-0.0451385 0.00106158 0.99898 48.7028 0.0289581 0.999581 0.000246239 -4.37776 -0.998561 0.0289397 -0.0451503 119.614
-0.0453046 0.00335821 0.998968 49.4482 0.028192 0.9996 -0.00208179 -4.40122 -0.998575 0.0280686 -0.0453811 119.589
-0.0454881 0.00498944 0.998952 50.1971 0.0273217 0.99962 -0.00374866 -4.42014 -0.998591 0.0271225 -0.0456071 119.565
-0.0455872 0.00567027 0.998944 50.9405 0.0280189 0.999598 -0.00439533 -4.44253 -0.998567 0.0277889 -0.0457278 119.533
-0.0455872 0.00549875 0.998945 51.6786 0.0292167 0.999564 -0.00416885 -4.46368 -0.998533 0.0289958 -0.045728 119.503
-0.0459242 0.00475994 0.998934 52.4224 0.0296665 0.999554 -0.00339903 -4.48565 -0.998504 0.0294788 -0.0460449 119.476
-0.0461428 0.00458573 0.998924 53.1522 0.0251952 0.999677 -0.00342536 -4.50756 -0.998617 0.02501 -0.0462434 119.452
-0.046014 0.00470277 0.99893 53.8844 0.0231302 0.999726 -0.00364106 -4.52768 -0.998673 0.0229379 -0.0461101 119.432
-0.045916 0.00343844 0.998939 54.6102 0.0255896 0.99967 -0.00226473 -4.54633 -0.998617 0.0254585 -0.0459888 119.398
-0.0467291 0.00295099 0.998903 55.3306 0.0259542 0.999662 -0.00173908 -4.56418 -0.99857 0.0258445 -0.0467899 119.365
-0.0501822 0.00247893 0.998737 56.0523 0.0228306 0.999738 -0.00133428 -4.58269 -0.998479 0.0227348 -0.0502257 119.337
-0.0556058 0.00210862 0.998451 56.7734 0.0189919 0.999819 -0.00105381 -4.60059 -0.998272 0.0189039 -0.0556358 119.308
-0.06157 0.00538099 0.998088 57.4861 0.0220838 0.999748 -0.00402763 -4.62616 -0.997858 0.0217936 -0.0616734 119.263
-0.0681161 0.00810313 0.997644 58.2006 0.0241945 0.999686 -0.00646779 -4.64318 -0.997384 0.0236969 -0.0682908 119.211
-0.0753226 0.00955758 0.997113 58.9171 0.0230709 0.999703 -0.00783961 -4.65932 -0.996892 0.0224139 -0.0755207 119.159
-0.0815261 0.00884146 0.996632 59.6454 0.0195281 0.999783 -0.00727198 -4.67764 -0.99648 0.0188695 -0.0816811 119.107
-0.0868621 0.00768993 0.996191 60.378 0.0186045 0.999808 -0.00609565 -4.69992 -0.996047 0.0180041 -0.0869885 119.047
-0.0913965 0.00822932 0.995781 61.1141 0.0159985 0.999849 -0.00679453 -4.71628 -0.995686 0.01531 -0.0915144 118.985
-0.0953863 0.00743149 0.995413 61.8591 0.0138415 0.999885 -0.00613851 -4.73787 -0.995344 0.0131924 -0.0954783 118.923
-0.0977183 0.00472327 0.995203 62.6116 0.0150225 0.999882 -0.00327043 -4.74787 -0.995101 0.0146308 -0.0977777 118.851
-0.0994899 0.0015934 0.995037 63.372 0.0168361 0.999858 8.22555e-05 -4.76124 -0.994896 0.0167607 -0.0995026 118.777
-0.100763 -0.00129383 0.99491 64.1346 0.0168854 0.999853 0.00301038 -4.77558 -0.994767 0.0171028 -0.100726 118.702
-0.102358 -0.00173442 0.994746 64.9151 0.0153428 0.999877 0.00332212 -4.794 -0.994629 0.0156022 -0.102319 118.634
-0.102527 0.00239045 0.994727 65.6985 0.0178581 0.99984 -0.000562096 -4.80455 -0.99457 0.0177063 -0.102553 118.556
-0.102402 0.00677003 0.99472 66.4861 0.023799 0.999707 -0.00435397 -4.81835 -0.994458 0.0232275 -0.102533 118.467
-0.103164 0.0115015 0.994598 67.2801 0.030644 0.999495 -0.00837961 -4.83951 -0.994192 0.029614 -0.103464 118.382
-0.104074 0.0126741 0.994489 68.08 0.0310713 0.999472 -0.00948597 -4.85731 -0.994084 0.0299128 -0.104413 118.305
-0.104308 0.011149 0.994483 68.8795 0.0295023 0.999532 -0.00811124 -4.86981 -0.994107 0.0284935 -0.104588 118.229
-0.104143 0.00625225 0.994543 69.6792 0.0300139 0.999545 -0.00314081 -4.88954 -0.994109 0.029523 -0.104283 118.151
-0.104381 0.00364056 0.994531 70.4772 0.0313774 0.999508 -0.000365572 -4.91155 -0.994042 0.0311676 -0.104443 118.071
-0.105389 0.00342601 0.994425 71.2699 0.0317401 0.999496 -7.9657e-05 -4.92834 -0.993924 0.0315548 -0.105445 117.991
-0.10729 0.0042876 0.994219 72.0659 0.0295137 0.999564 -0.00112571 -4.94707 -0.99379 0.0292223 -0.10737 117.918
-0.109634 0.00503087 0.993959 72.8553 0.0288536 0.999582 -0.00187676 -4.96386 -0.993553 0.0284735 -0.109734 117.838
-0.111926 0.00525653 0.993703 73.6489 0.0297581 0.999555 -0.0019357 -4.98006 -0.993271 0.029354 -0.112032 117.757
-0.113264 0.00550268 0.99355 74.4377 0.030036 0.999547 -0.00211179 -4.99616 -0.993111 0.0296031 -0.113378 117.662
-0.115069 0.0052987 0.993343 75.2371 0.0300363 0.999547 -0.00185237 -5.01103 -0.992903 0.0296232 -0.115176 117.575
-0.116677 0.00599824 0.993152 76.0473 0.0282017 0.999599 -0.00272399 -5.02554 -0.992769 0.0276907 -0.1168 117.491
-0.11771 0.00730553 0.993021 76.8488 0.0281735 0.999595 -0.0040143 -5.04483 -0.992648 0.0275043 -0.117868 117.402
-0.118743 0.00752461 0.992897 77.6719 0.0271672 0.999622 -0.00432658 -5.06426 -0.992553 0.0264605 -0.118902 117.316
-0.119933 0.00779333 0.992751 78.4945 0.0272323 0.999619 -0.00455735 -5.08021 -0.992408 0.0264883 -0.120099 117.224
-0.121168 0.00570677 0.992616 79.3194 0.0270416 0.999631 -0.00244615 -5.10213 -0.992264 0.0265455 -0.121278 117.132
-0.12213 0.00364824 0.992507 80.1568 0.0249135 0.999689 -0.000608991 -5.11459 -0.992201 0.0246524 -0.122183 117.038
-0.123927 0.0016193 0.99229 80.9995 0.0223158 0.99975 0.00115555 -5.12764 -0.99204 0.022287 -0.123932 116.945
-0.126397 0.000890335 0.991979 81.8391 0.0232462 0.999728 0.00206472 -5.14432 -0.991707 0.0233208 -0.126383 116.846
-0.128285 0.00162484 0.991736 82.7001 0.0244545 0.9997 0.00152539 -5.1569 -0.991436 0.0244481 -0.128286 116.738
-0.130815 0.00302476 0.991402 83.5668 0.0241882 0.999707 0.000141517 -5.16683 -0.991112 0.0239988 -0.13085 116.644
-0.132381 0.00683107 0.991175 84.4216 0.0258137 0.999661 -0.00344186 -5.17747 -0.990863 0.0251303 -0.132513 116.53
-0.132588 0.010935 0.991111 85.2811 0.0285238 0.999567 -0.0072125 -5.19294 -0.990761 0.0273139 -0.132842 116.414
-0.133884 0.0143204 0.990894 86.1561 0.0295909 0.999508 -0.0104468 -5.21964 -0.990555 0.0279227 -0.134242 116.309
-0.133628 0.0154786 0.990911 87.0382 0.0317967 0.99943 -0.0113238 -5.24091 -0.990521 0.0299945 -0.134044 116.197
-0.13303 0.0145221 0.991006 87.9212 0.0350513 0.999336 -0.00993898 -5.26884 -0.990492 0.0334139 -0.133451 116.073
-0.13305 0.0125418 0.99103 88.809 0.0354188 0.999341 -0.00789188 -5.2926 -0.990476 0.0340511 -0.133407 115.956
-0.132117 0.0111526 0.991171 89.7068 0.0351227 0.999361 -0.00656312 -5.30956 -0.990612 0.0339455 -0.132424 115.842
-0.130512 0.00889733 0.991407 90.621 0.0347235 0.999387 -0.00439785 -5.32658 -0.990839 0.0338511 -0.130741 115.735
-0.128989 0.00550088 0.991631 91.5366 0.0355147 0.999369 -0.000924134 -5.34517 -0.99101 0.0350982 -0.129103 115.628
-0.127289 0.00229854 0.991863 92.4465 0.0358123 0.999356 0.00228 -5.36132 -0.991219 0.0358111 -0.127289 115.514
-0.12562 0.00216552 0.992076 93.3698 0.034221 0.999412 0.00215165 -5.37745 -0.991488 0.0342201 -0.125621 115.408
-0.124198 0.00668861 0.992235 94.2708 0.0350021 0.999384 -0.0023556 -5.39796 -0.99164 0.0344378 -0.124355 115.299
-0.122359 0.0131481 0.992399 95.1766 0.0356474 0.999325 -0.00884464 -5.41741 -0.991846 0.0342942 -0.122745 115.193
-0.12092 0.0166511 0.992523 96.0913 0.0334092 0.999361 -0.0126955 -5.43416 -0.9921 0.0316242 -0.1214 115.087
-0.119491 0.0136737 0.992741 97.0164 0.0315975 0.999451 -0.00996287 -5.46928 -0.992332 0.0301776 -0.119857 114.987
-0.118602 0.0111729 0.992879 97.9339 0.0320152 0.99946 -0.00742261 -5.49451 -0.992426 0.0309069 -0.118896 114.882
-0.118072 0.00961341 0.992959 98.8623 0.0330798 0.999436 -0.00574264 -5.51851 -0.992454 0.0321688 -0.118323 114.779
-0.11717 0.0091676 0.99307 99.7777 0.0321741 0.999468 -0.00543053 -5.53918 -0.992591 0.0313148 -0.117402 114.675
-0.116735 0.00947525 0.993118 100.707 0.0320511 0.99947 -0.00576845 -5.55595 -0.992646 0.0311571 -0.116976 114.572
-0.115979 0.00779063 0.993221 101.629 0.0350143 0.99938 -0.00375031 -5.57819 -0.992634 0.034342 -0.11618 114.464
-0.11466 0.00698467 0.99338 102.544 0.0378113 0.999281 -0.00266185 -5.60084 -0.992685 0.0372558 -0.114841 114.358
-0.114178 0.00822594 0.993426 103.473 0.0396434 0.999207 -0.00371745 -5.62274 -0.992669 0.0389583 -0.114414 114.253
-0.113094 0.0102519 0.993531 104.397 0.0410984 0.999139 -0.00563156 -5.64753 -0.992734 0.0401956 -0.113418 114.15
-0.112251 0.0117293 0.993611 105.32 0.0381983 0.999242 -0.00748041 -5.66857 -0.992945 0.0371145 -0.112614 114.054
-0.111653 0.00748182 0.993719 106.238 0.0334425 0.999434 -0.00376731 -5.6931 -0.993184 0.0328118 -0.11184 113.962
-0.111756 0.00530691 0.993722 107.153 0.029252 0.99957 -0.00204841 -5.72528 -0.993305 0.0288394 -0.111863 113.874
-0.113168 0.00554237 0.99356 108.054 0.0258661 0.999662 -0.00263023 -5.75052 -0.993239 0.0254018 -0.113273 113.787
-0.114478 0.0100682 0.993375 108.951 0.0233198 0.9997 -0.00744487 -5.77507 -0.993152 0.022313 -0.114678 113.695
-0.115017 0.01245 0.993286 109.84 0.0229538 0.999688 -0.00987228 -5.80269 -0.993098 0.0216642 -0.115267 113.599
-0.115356 0.0128831 0.993241 110.726 0.0240963 0.999658 -0.0101678 -5.8278 -0.993032 0.0227605 -0.115626 113.498
-0.115708 0.012097 0.99321 111.612 0.0253673 0.999636 -0.00922004 -5.85738 -0.992959 0.0241282 -0.115972 113.399
-0.116169 0.0129136 0.993145 112.505 0.0270047 0.999587 -0.00983858 -5.88391 -0.992862 0.0256766 -0.11647 113.293
-0.116587 0.0157382 0.993056 113.377 0.028033 0.999528 -0.0125496 -5.91725 -0.992785 0.0263752 -0.116974 113.192
-0.116881 0.0169835 0.993001 114.249 0.0280101 0.999512 -0.0137979 -5.94637 -0.992751 0.0262013 -0.117299 113.087
-0.117864 0.0173609 0.992878 115.115 0.0262734 0.999552 -0.0143587 -5.97207 -0.992682 0.0243939 -0.118267 112.989
-0.119779 0.0164048 0.992665 115.972 0.0254862 0.999585 -0.0134439 -5.99826 -0.992473 0.023689 -0.120147 112.892
-0.122715 0.0174035 0.992289 116.821 0.0257596 0.999565 -0.0143455 -6.03319 -0.992108 0.0238006 -0.12311 112.786
-0.125877 0.0198483 0.991847 117.665 0.0253573 0.999538 -0.016784 -6.06518 -0.991722 0.0230378 -0.126322 112.683
-0.129429 0.0212764 0.99136 118.509 0.0242378 0.999539 -0.0182875 -6.08868 -0.991292 0.0216615 -0.129885 112.587
-0.132446 0.0214281 0.990959 119.346 0.0250126 0.99952 -0.0182702 -6.11971 -0.990875 0.0223667 -0.132918 112.481
-0.13528 0.0200207 0.990605 120.176 0.0260701 0.999522 -0.0166407 -6.15407 -0.990464 0.0235741 -0.135737 112.368
-0.13789 0.0204025 0.990237 121.002 0.0269905 0.999494 -0.0168349 -6.19382 -0.99008 0.0244056 -0.138371 112.256
-0.139883 0.0245897 0.989863 121.818 0.0223388 0.999516 -0.0216727 -6.22817 -0.989916 0.0190807 -0.140364 112.152
-0.141729 0.0311803 0.989414 122.628 0.0197967 0.999393 -0.028659 -6.26704 -0.989707 0.0155253 -0.142261 112.046
-0.144333 0.0338159 0.988951 123.446 0.0243633 0.999234 -0.0306118 -6.30906 -0.989229 0.0196758 -0.145046 111.927
-0.147332 0.0320603 0.988567 124.266 0.0259018 0.999257 -0.0285467 -6.34382 -0.988748 0.0213998 -0.148053 111.809
-0.15082 0.0240112 0.98827 125.086 0.0241383 0.999496 -0.0206002 -6.38833 -0.988266 0.0207482 -0.151324 111.694
-0.153142 0.0213173 0.987974 125.893 0.0223459 0.999586 -0.0181041 -6.43166 -0.987952 0.0193047 -0.153555 111.575
-0.15486 0.0243477 0.987636 126.693 0.0221966 0.99953 -0.0211605 -6.46435 -0.987687 0.0186452 -0.155327 111.454
-0.157594 0.0279663 0.987108 127.499 0.0192822 0.999495 -0.0252388 -6.49341 -0.987316 0.0150562 -0.158054 111.336
-0.160201 0.0303327 0.986618 128.296 0.018741 0.999441 -0.0276839 -6.53134 -0.986907 0.0140553 -0.160679 111.217
-0.162037 0.0348207 0.98617 129.093 0.0233726 0.999232 -0.0314415 -6.57065 -0.986508 0.0179547 -0.162726 111.089
-0.164149 0.0391952 0.985657 129.884 0.0232231 0.999087 -0.0358618 -6.60963 -0.986162 0.0170033 -0.164909 110.961
-0.167417 0.0415815 0.985009 130.676 0.0219706 0.999019 -0.0384387 -6.65049 -0.985641 0.0152059 -0.168166 110.836
-0.169683 0.03917 0.98472 131.468 0.0228972 0.999097 -0.0357963 -6.69118 -0.985233 0.0164733 -0.170426 110.704
-0.173723 0.0358561 0.984142 132.252 0.0274213 0.999126 -0.0315616 -6.72838 -0.984413 0.0215035 -0.174555 110.564
-0.179502 0.034337 0.983158 133.041 0.029698 0.999124 -0.0294725 -6.77129 -0.983309 0.0239075 -0.180364 110.425
-0.185923 0.033032 0.982009 133.824 0.0286005 0.999193 -0.0281952 -6.80896 -0.982148 0.0228438 -0.186718 110.284
-0.194208 0.0329699 0.980406 134.594 0.0272048 0.999232 -0.028214 -6.85362 -0.980583 0.0211923 -0.194956 110.13
-0.20453 0.0334292 0.978289 135.36 0.0265409 0.999239 -0.0285962 -6.88913 -0.9785 0.0201159 -0.205261 109.969
-0.216277 0.0335838 0.975754 136.123 0.0268336 0.999235 -0.0284443 -6.93564 -0.975963 0.0200311 -0.217012 109.801
-0.228885 0.0345392 0.972841 136.887 0.0277059 0.999197 -0.0289565 -6.96645 -0.973059 0.0203258 -0.229658 109.623
-0.240305 0.0345321 0.970083 137.645 0.031052 0.999129 -0.027874 -7.00511 -0.970201 0.0234248 -0.241168 109.428
-0.251116 0.034484 0.967343 138.389 0.0342892 0.999055 -0.0267133 -7.04304 -0.96735 0.0264613 -0.252061 109.224
-0.261256 0.0343231 0.964659 139.14 0.0383412 0.998948 -0.0251593 -7.08101 -0.964508 0.0304132 -0.262297 109.015
-0.270587 0.0350266 0.962058 139.877 0.0433581 0.998767 -0.0241683 -7.11101 -0.961719 0.0351733 -0.271772 108.813
-0.278194 0.0353161 0.959875 140.617 0.0482486 0.998576 -0.0227564 -7.14166 -0.959312 0.039982 -0.279502 108.588
-0.284828 0.0352131 0.957932 141.346 0.0479187 0.998599 -0.0224601 -7.1776 -0.95738 0.0395056 -0.286116 108.373
-0.289964 0.0334402 0.956453 142.079 0.0518111 0.998472 -0.0192019 -7.20731 -0.955634 0.043987 -0.291254 108.15
-0.292191 0.0311893 0.955851 142.808 0.0572468 0.998246 -0.015073 -7.22717 -0.954645 0.0503152 -0.293464 107.921
-0.293342 0.0296947 0.955546 143.527 0.0636406 0.997907 -0.0114741 -7.25575 -0.953887 0.0574457 -0.294618 107.694
-0.294285 0.027924 0.95531 144.244 0.0658449 0.99779 -0.00888208 -7.28707 -0.953447 0.0602884 -0.295473 107.473
-0.293923 0.0334771 0.955243 144.943 0.068713 0.997541 -0.0138168 -7.31256 -0.953356 0.0615765 -0.295501 107.257
-0.292602 0.0366411 0.955532 145.645 0.0680861 0.997528 -0.0174022 -7.33628 -0.953807 0.0599666 -0.294373 107.042
-0.29203 0.0365406 0.955711 146.354 0.0702835 0.997388 -0.016658 -7.36233 -0.953823 0.0623061 -0.293835 106.828
-0.29013 0.0350761 0.956344 147.055 0.0720478 0.997293 -0.0147206 -7.38681 -0.954271 0.0646316 -0.291871 106.616
-0.287943 0.032208 0.957106 147.752 0.0743541 0.997169 -0.0111869 -7.41783 -0.954757 0.0679436 -0.289523 106.403
-0.286259 0.0326786 0.957595 148.445 0.0754807 0.997081 -0.0114623 -7.44438 -0.955175 0.0689988 -0.28789 106.192
-0.283573 0.0352767 0.958302 149.127 0.0766294 0.996961 -0.0140243 -7.46584 -0.955884 0.0694572 -0.285414 105.989
-0.279306 0.036939 0.959491 149.81 0.0784732 0.996795 -0.0155318 -7.49164 -0.95699 0.0709562 -0.28131 105.79
-0.273629 0.0361757 0.961155 150.49 0.0794359 0.996729 -0.0149002 -7.512 -0.95855 0.0722731 -0.275607 105.596
-0.268176 0.0342582 0.962761 151.161 0.0809202 0.996637 -0.0129235 -7.53861 -0.959965 0.074441 -0.270046 105.408
-0.263254 0.0317887 0.964203 151.827 0.0806838 0.996681 -0.0108306 -7.56664 -0.961347 0.0749443 -0.264945 105.227
-0.259173 0.0306053 0.965346 152.487 0.0803259 0.996718 -0.0100343 -7.59519 -0.962485 0.0749416 -0.260781 105.052
-0.255198 0.0291493 0.966449 153.145 0.0816166 0.996627 -0.00850802 -7.6193 -0.963438 0.0767071 -0.256717 104.879
-0.251723 0.0276781 0.967404 153.799 0.0847482 0.996381 -0.00645533 -7.63692 -0.964082 0.0803608 -0.253157 104.712
-0.247915 0.026118 0.96843 154.447 0.0870348 0.996195 -0.00458617 -7.65403 -0.964864 0.0831501 -0.249245 104.542
-0.244712 0.0241378 0.969295 155.088 0.0854431 0.996338 -0.00323999 -7.6813 -0.965824 0.0820267 -0.245878 104.385
-0.240608 0.0248206 0.970305 155.725 0.0824883 0.996579 -0.00503798 -7.70548 -0.967111 0.0788266 -0.241833 104.229
-0.236266 0.0285473 0.971269 156.349 0.0840824 0.99642 -0.00883308 -7.72349 -0.968044 0.0795797 -0.23782 104.084
-0.230509 0.0316499 0.972555 156.968 0.0863131 0.996196 -0.0119618 -7.74681 -0.969235 0.0811869 -0.232364 103.934
-0.223767 0.0324852 0.974101 157.592 0.0860622 0.996199 -0.0134522 -7.76931 -0.970836 0.0808231 -0.225712 103.796
-0.215623 0.0307021 0.975994 158.215 0.082866 0.996475 -0.0130391 -7.79393 -0.972954 0.0780651 -0.217407 103.674
-0.204752 0.0285324 0.978398 158.834 0.0824993 0.996521 -0.0117961 -7.81777 -0.975331 0.0783019 -0.206394 103.551
-0.19234 0.0273135 0.980948 159.457 0.0836014 0.996435 -0.0113525 -7.8337 -0.977761 0.0798251 -0.193938 103.435
