0.999998 0.000904965 0.00154214 -0.00366162 -0.000903993 0.999999 -0.000630849 -0.025044 -0.00154271 0.000629454 0.999999 1.29157
0.999995 0.00112829 0.00294617 -0.00540072 -0.00112805 0.999999 -8.5337e-05 -0.0440879 -0.00294627 8.20132e-05 0.999996 2.58229
0.999991 0.00100037 0.00410564 -0.00956177 -0.00100148 0.999999 0.000266623 -0.070858 -0.00410537 -0.000270733 0.999992 3.86886
0.999987 0.000761955 0.00499179 -0.0083554 -0.000764262 1 0.000460246 -0.0963262 -0.00499144 -0.000464055 0.999987 5.15706
0.999981 0.000780553 0.00605417 -0.00888834 -0.000784224 1 0.000604019 -0.121775 -0.00605369 -0.000608756 0.999981 6.44117
0.999972 0.0013541 0.00735627 -0.0252035 -0.00135124 0.999999 -0.000393657 -0.15232 -0.00735679 0.000383706 0.999973 7.73542
0.999968 0.000939637 0.00798325 -0.0244003 -0.000936959 1 -0.000339183 -0.181639 -0.00798357 0.000331692 0.999968 9.04695
0.999968 0.000225967 0.00800076 -0.0217822 -0.00023499 0.999999 0.00112682 -0.204198 -0.0080005 -0.00112866 0.999967 10.3333
0.999977 -0.000676018 0.00674612 -0.0200401 0.000661732 0.999998 0.00211963 -0.227101 -0.00674753 -0.00211512 0.999975 11.6111
0.999989 -0.00225738 0.00422043 -0.0231118 0.00225069 0.999996 0.00158723 -0.248437 -0.004224 -0.00157771 0.99999 12.9147
0.999996 -0.00211777 0.00183621 -0.0274604 0.00211524 0.999997 0.00137887 -0.271511 -0.00183912 -0.00137498 0.999997 14.1972
0.999998 -0.00191879 0.000745002 -0.0401759 0.00191798 0.999998 0.00108229 -0.289254 -0.000747077 -0.00108086 0.999999 15.4962
1 -5.18771e-05 6.86164e-05 -0.0503576 5.18172e-05 1 0.000871874 -0.312017 -6.86616e-05 -0.000871871 1 16.7774
1 0.000171327 -0.000584363 -0.0543848 -0.000170838 1 0.000836908 -0.334019 0.000584506 -0.000836808 0.999999 18.0653
1 -0.000481637 -0.000788047 -0.0683019 0.000482506 0.999999 0.00110274 -0.351594 0.000787515 -0.00110312 0.999999 19.3469
0.999999 -0.00107924 -0.00110887 -0.0777816 0.00108044 0.999999 0.00107734 -0.370941 0.00110771 -0.00107854 0.999999 20.6438
0.999997 -0.00134396 -0.00202386 -0.087768 0.00134422 0.999999 0.000125787 -0.397917 0.00202369 -0.000128507 0.999998 21.9176
0.999995 -0.00167029 -0.00274398 -0.0932237 0.00166854 0.999998 -0.000637702 -0.421467 0.00274504 0.00063312 0.999996 23.1894
0.999994 -0.000956435 -0.00333371 -0.106851 0.000956579 1 4.16027e-05 -0.449808 0.00333367 -4.47914e-05 0.999994 24.478
0.99999 -0.00130049 -0.00417653 -0.117459 0.00129967 0.999999 -0.000199618 -0.47282 0.00417678 0.000194188 0.999991 25.76
0.999985 -0.00185235 -0.00523731 -0.12938 0.0018481 0.999998 -0.000816947 -0.495679 0.00523882 0.000807255 0.999986 27.0346
0.999979 -0.00133446 -0.00628348 -0.143086 0.00133682 0.999999 0.000370514 -0.529365 0.00628298 -0.000378906 0.99998 28.3302
0.999972 -0.00283075 -0.00694343 -0.15986 0.00284375 0.999994 0.00186229 -0.546486 0.00693812 -0.00188198 0.999974 29.6354
0.999964 -0.003597 -0.00770685 -0.18847 0.00360946 0.999992 0.00160399 -0.557706 0.00770102 -0.00163175 0.999969 30.9399
0.999955 -0.00404495 -0.00854008 -0.208566 0.00405337 0.999991 0.000969221 -0.585069 0.00853608 -0.00100379 0.999963 32.2284
0.999943 -0.00458699 -0.00963139 -0.22376 0.00458857 0.999989 0.000141507 -0.607758 0.00963063 -0.000185693 0.999954 33.5175
0.99994 -0.00333028 -0.0104021 -0.241352 0.00333549 0.999994 0.000483548 -0.634206 0.0104004 -0.000518215 0.999946 34.7874
0.999925 -0.00467067 -0.011338 -0.257828 0.00468197 0.999989 0.000970704 -0.656509 0.0113333 -0.00102371 0.999935 36.065
0.999916 -0.00496639 -0.0119652 -0.282023 0.00498015 0.999987 0.00112053 -0.678406 0.0119594 -0.00118003 0.999928 37.3515
0.999909 -0.00540861 -0.0123752 -0.304969 0.00542184 0.999985 0.0010357 -0.704079 0.0123694 -0.0011027 0.999923 38.629
0.999906 -0.00543105 -0.0126002 -0.332355 0.00544488 0.999985 0.00106427 -0.730964 0.0125942 -0.00113278 0.99992 39.9151
0.999896 -0.00627308 -0.0129943 -0.352143 0.00629258 0.999979 0.00146043 -0.747736 0.0129849 -0.00154204 0.999915 41.2122
0.999905 -0.00538223 -0.012658 -0.381873 0.00541964 0.999981 0.00292338 -0.773816 0.012642 -0.0029917 0.999916 42.5357
0.99991 -0.00495981 -0.0124811 -0.40967 0.0050091 0.99998 0.0039215 -0.793458 0.0124614 -0.00398366 0.999914 43.8378
0.999914 -0.00452643 -0.0122993 -0.441311 0.00456614 0.999984 0.00320287 -0.806788 0.0122846 -0.00325876 0.999919 45.1243
0.99992 -0.00363024 -0.0121076 -0.470441 0.00366967 0.999988 0.00323584 -0.82405 0.0120957 -0.00328001 0.999921 46.42
0.999934 -0.00128184 -0.011401 -0.497399 0.00133625 0.999988 0.004766 -0.841502 0.0113948 -0.00478092 0.999924 47.7132
0.99995 -0.00152039 -0.00983336 -0.519605 0.00159553 0.99997 0.00763825 -0.85675 0.00982145 -0.00765356 0.999922 49.021
0.999966 -0.00103419 -0.00812382 -0.540871 0.00111812 0.999946 0.010334 -0.868525 0.0081127 -0.0103428 0.999914 50.3139
0.999979 -0.000820862 -0.00636388 -0.560802 0.000906227 0.99991 0.0134227 -0.873713 0.00635229 -0.0134282 0.99989 51.6061
0.999986 -0.00148593 -0.00516828 -0.569788 0.00156156 0.999891 0.01466 -0.878905 0.00514594 -0.0146679 0.999879 52.9014
0.999983 -0.00422075 -0.00396335 -0.575633 0.00427223 0.999905 0.0130708 -0.880883 0.00390781 -0.0130875 0.999907 54.1958
0.999992 -0.00282377 -0.00274216 -0.587322 0.00285391 0.999935 0.0110517 -0.888481 0.00271077 -0.0110594 0.999935 55.4872
0.999994 -0.00274045 -0.00188338 -0.602919 0.00276056 0.999938 0.0107551 -0.90027 0.00185379 -0.0107602 0.99994 56.7772
0.999992 -0.00354778 -0.00170168 -0.616475 0.00356543 0.999939 0.0104874 -0.911747 0.00166437 -0.0104934 0.999944 58.067
0.999988 -0.00428607 -0.00240742 -0.623587 0.00430843 0.999947 0.00936182 -0.918668 0.00236717 -0.00937208 0.999953 59.3636
0.999983 -0.00425751 -0.00392293 -0.635817 0.00429455 0.999946 0.00948157 -0.924946 0.00388235 -0.00949826 0.999947 60.6629
0.999978 -0.00407693 -0.00523439 -0.649078 0.0041331 0.999934 0.0107646 -0.932888 0.00519016 -0.010786 0.999928 61.9568
0.999969 -0.00437555 -0.00655168 -0.666644 0.00444519 0.999933 0.0106531 -0.938347 0.00650463 -0.0106819 0.999922 63.2554
0.999969 -0.00320783 -0.00718438 -0.686895 0.00328333 0.999939 0.0105224 -0.949416 0.00715019 -0.0105457 0.999919 64.5442
0.999965 -0.00322204 -0.00769317 -0.708346 0.00330297 0.999939 0.0105309 -0.962706 0.00765877 -0.0105559 0.999915 65.843
0.999963 -0.0038887 -0.00765452 -0.729705 0.00396538 0.999942 0.0100287 -0.975283 0.00761507 -0.0100587 0.99992 67.1357
0.999958 -0.00479276 -0.00780845 -0.750487 0.00486724 0.999943 0.00954664 -0.992256 0.00776225 -0.00958425 0.999924 68.4216
0.999955 -0.00504098 -0.0080736 -0.766186 0.00512984 0.999926 0.0110234 -1.0068 0.00801743 -0.0110643 0.999907 69.7097
0.999955 -0.00492492 -0.00807662 -0.791456 0.00502557 0.999909 0.0124888 -1.0178 0.00801438 -0.0125288 0.999889 71.0038
0.999954 -0.00490149 -0.00821105 -0.809642 0.00498758 0.999932 0.0104975 -1.02273 0.00815904 -0.010538 0.999911 72.3062
0.999962 -0.0031143 -0.00816083 -0.835828 0.00319112 0.999951 0.00941696 -1.03543 0.0081311 -0.00944264 0.999922 73.5959
0.999967 -0.000900646 -0.00801185 -0.863832 0.000978164 0.999953 0.00967669 -1.04448 0.00800275 -0.00968421 0.999921 74.8902
0.999969 0.00146506 -0.0077001 -0.887713 -0.00139222 0.999954 0.00945632 -1.04684 0.0077136 -0.00944531 0.999926 76.1657
0.999968 0.00299903 -0.00743147 -0.907711 -0.00292766 0.99995 0.0095972 -1.0569 0.00745988 -0.00957513 0.999926 77.4378
0.999973 0.00310169 -0.00659405 -0.923279 -0.00303152 0.999939 0.0106254 -1.07128 0.00662661 -0.0106052 0.999922 78.7138
0.999979 0.00432315 -0.00473534 -0.940326 -0.00426739 0.999922 0.0117229 -1.08853 0.00478565 -0.0117024 0.99992 79.9978
0.999994 0.00307973 -0.00180819 -0.952385 -0.00306191 0.999948 0.00977694 -1.10521 0.00183821 -0.00977135 0.999951 81.2663
1 0.000155379 0.000629007 -0.956816 -0.000158289 0.999989 0.0046286 -1.11865 -0.000628281 -0.0046287 0.999989 82.5274
0.999994 0.00115633 0.00315627 -0.962777 -0.00116997 0.99999 0.00432234 -1.13828 -0.00315124 -0.00432601 0.999986 83.7865
0.999982 -0.000277518 0.00591365 -0.960839 0.000228968 0.999966 0.00820889 -1.1577 -0.00591573 -0.00820739 0.999949 85.0444
0.999958 0.000117298 0.0091576 -0.955025 -0.000206094 0.999953 0.00969614 -1.17401 -0.00915603 -0.00969762 0.999911 86.2972
0.999909 0.000942973 0.013465 -0.947395 -0.00105191 0.999967 0.00808572 -1.1909 -0.0134569 -0.00809914 0.999877 87.5435
0.99986 -0.00063338 0.0167459 -0.930251 0.000547003 0.999987 0.0051622 -1.20543 -0.0167489 -0.00515231 0.999846 88.7895
0.999797 -0.00199555 0.0200467 -0.906364 0.00195736 0.999996 0.00192419 -1.22761 -0.0200505 -0.00188456 0.999797 90.0418
0.999724 -0.00244063 0.0233672 -0.88274 0.00241193 0.999996 0.0012566 -1.25361 -0.0233702 -0.00119989 0.999726 91.2959
0.999631 -0.00267809 0.0270394 -0.85807 0.00260078 0.999992 0.00289381 -1.28191 -0.0270469 -0.00282242 0.99963 92.5595
0.999522 -0.00164161 0.0308561 -0.83095 0.00153632 0.999993 0.00343566 -1.30279 -0.0308615 -0.00338661 0.999518 93.8051
0.999402 -0.00210119 0.034504 -0.794257 0.00206343 0.999997 0.00112979 -1.32316 -0.0345063 -0.00105792 0.999404 95.042
0.999281 -0.00242096 0.037844 -0.755081 0.00246768 0.999996 -0.00118786 -1.33947 -0.037841 0.00128039 0.999283 96.2657
0.999153 -0.00222706 0.0411009 -0.714148 0.00227837 0.999997 -0.00120168 -1.36944 -0.0410981 0.0012943 0.999154 97.4976
0.999027 -0.00322995 0.0439842 -0.663595 0.00322736 0.999995 0.000130024 -1.39881 -0.0439844 1.2055e-05 0.999032 98.7287
0.998903 -0.00406124 0.0466457 -0.608754 0.00399824 0.999991 0.00144377 -1.41285 -0.0466511 -0.00125569 0.99891 99.9741
0.998779 -0.00519007 0.0491309 -0.550712 0.00503865 0.999982 0.0032054 -1.43882 -0.0491467 -0.00295393 0.998787 101.227
0.998647 -0.00652731 0.0515993 -0.490206 0.00633007 0.999972 0.00398518 -1.45631 -0.0516238 -0.00365316 0.99866 102.469
0.998517 -0.00785317 0.0538786 -0.42604 0.00779392 0.999969 0.00130981 -1.46422 -0.0538872 -0.000887937 0.998547 103.749
0.998391 -0.00969006 0.0558697 -0.352269 0.00982467 0.999949 -0.00213516 -1.48605 -0.0558462 0.00268063 0.998436 105.031
0.998305 -0.00834602 0.0575961 -0.280833 0.00862446 0.999952 -0.00458748 -1.50791 -0.0575551 0.00507644 0.998329 106.292
0.998219 -0.00852856 0.0590366 -0.21218 0.00885252 0.999947 -0.00522814 -1.54411 -0.0589889 0.00574145 0.998242 107.55
0.998206 -0.00868363 0.059235 -0.129734 0.00895422 0.999951 -0.00430415 -1.58032 -0.0591947 0.00482683 0.998235 108.847
0.99826 -0.00854662 0.0583365 -0.0473964 0.00870634 0.999959 -0.00248428 -1.60903 -0.0583129 0.00298786 0.998294 110.157
0.998345 -0.00897408 0.0568001 0.0227121 0.0090307 0.999959 -0.00074027 -1.6379 -0.0567911 0.00125199 0.998385 111.447
0.998461 -0.00822876 0.0548377 0.0900392 0.00824587 0.999966 -8.56978e-05 -1.64641 -0.0548351 0.00053775 0.998495 112.774
0.998609 -0.00814003 0.0520984 0.172972 0.00812367 0.999967 0.000525716 -1.66804 -0.052101 -0.000101754 0.998642 114.116
0.998767 -0.00772645 0.0490445 0.234149 0.00772399 0.99997 0.000239879 -1.68648 -0.0490449 0.000139236 0.998797 115.422
0.998969 -0.00681437 0.0448922 0.295856 0.00683396 0.999977 -0.00028278 -1.70617 -0.0448892 0.00058928 0.998992 116.737
0.999143 -0.00663728 0.0408575 0.344812 0.00663181 0.999978 0.000269412 -1.72713 -0.0408584 1.77855e-06 0.999165 118.048
0.999319 -0.00607539 0.0363891 0.41997 0.00603635 0.999981 0.00118269 -1.74113 -0.0363956 -0.000962225 0.999337 119.448
0.999469 -0.00593937 0.0320241 0.46071 0.00587412 0.99998 0.00213132 -1.76393 -0.0320361 -0.00194208 0.999485 120.765
0.9996 -0.00593704 0.0276373 0.48871 0.00587213 0.99998 0.00242912 -1.77935 -0.0276512 -0.00226586 0.999615 122.074
0.999721 -0.00582411 0.0229114 0.510495 0.0057701 0.99998 0.00242272 -1.79834 -0.022925 -0.00228984 0.999735 123.402
0.999828 -0.0051229 0.0178147 0.521351 0.00508228 0.999984 0.00232503 -1.81997 -0.0178263 -0.00223409 0.999839 124.724
0.999909 -0.00427361 0.0127855 0.536841 0.00424918 0.999989 0.00193733 -1.83625 -0.0127937 -0.00188283 0.999916 126.065
0.99996 -0.00308861 0.00836148 0.535637 0.00307913 0.999995 0.00114552 -1.85204 -0.00836498 -0.00111973 0.999964 127.397
0.999988 -0.00118481 0.00468181 0.530426 0.00118023 0.999999 0.000980551 -1.86466 -0.00468296 -0.000975014 0.999989 128.714
0.999997 0.00046589 0.00243771 0.526832 -0.000468138 0.999999 0.000921754 -1.88567 -0.00243728 -0.000922892 0.999997 130.049
0.999999 0.00146536 0.000870758 0.525054 -0.00146596 0.999999 0.000695199 -1.91013 -0.000869738 -0.000696474 0.999999 131.378
0.999995 0.00320533 -0.000264179 0.517326 -0.00320517 0.999995 0.000601783 -1.92809 0.000266107 -0.000600933 1 132.719
0.999991 0.0040504 -0.00129525 0.500696 -0.00404829 0.99999 0.00163087 -1.95146 0.00130184 -0.00162561 0.999998 134.051
0.99999 0.00383233 -0.00216932 0.493921 -0.00382812 0.999991 0.00194126 -1.97076 0.00217674 -0.00193293 0.999996 135.392
0.999966 0.00772947 -0.00286975 0.470184 -0.007718 0.999962 0.00398491 -1.9915 0.00290044 -0.00396262 0.999988 136.743
0.999959 0.00841 -0.0033277 0.435791 -0.00838665 0.999941 0.00696806 -1.99548 0.0033861 -0.00693986 0.99997 138.108
0.999967 0.00722994 -0.00359869 0.414332 -0.00720691 0.999954 0.00637071 -2.0112 0.00364458 -0.00634457 0.999973 139.49
0.999963 0.00760037 -0.00405138 0.40428 -0.00757892 0.999957 0.00528589 -2.03013 0.00409139 -0.00525499 0.999978 140.83
0.999976 0.00467745 -0.00518073 0.399175 -0.00464436 0.999969 0.00638096 -2.04783 0.00521041 -0.00635674 0.999966 142.183
0.999974 0.00255537 -0.00674917 0.398939 -0.00250275 0.999966 0.00779349 -2.05577 0.00676886 -0.0077764 0.999947 143.548
0.999975 -0.000820593 -0.00704344 0.387095 0.000888046 0.999954 0.00957885 -2.06747 0.00703525 -0.00958486 0.999929 144.925
0.99997 -0.00267331 -0.00723509 0.36305 0.00274986 0.99994 0.0105912 -2.08237 0.00720634 -0.0106108 0.999918 146.299
0.99995 -0.00710818 -0.00698375 0.35216 0.00717008 0.999935 0.00887944 -2.0935 0.00692018 -0.00892908 0.999936 147.661
0.99993 -0.00959978 -0.00697185 0.334802 0.00965521 0.999922 0.00795997 -2.10847 0.00689489 -0.00802672 0.999944 149.02
0.999915 -0.0110352 -0.00697763 0.323705 0.0110894 0.999908 0.00778482 -2.12044 0.00689108 -0.00786154 0.999945 150.374
0.999905 -0.0118248 -0.00705584 0.317438 0.011883 0.999895 0.00826399 -2.13385 0.00695738 -0.00834705 0.999941 151.755
0.999915 -0.0113248 -0.00647976 0.300158 0.0113888 0.999886 0.00993775 -2.14168 0.00636648 -0.0100107 0.99993 153.136
0.999942 -0.00910138 -0.00569844 0.283981 0.00916637 0.999892 0.0114836 -2.15261 0.0055933 -0.0115352 0.999918 154.513
0.999943 -0.00935132 -0.00512615 0.268411 0.0094027 0.999905 0.0100915 -2.16963 0.00503129 -0.0101391 0.999936 155.893
0.999946 -0.00913735 -0.00485393 0.25341 0.0091772 0.999924 0.00825153 -2.18592 0.00477816 -0.00829563 0.999954 157.286
0.999947 -0.00928791 -0.00450507 0.247463 0.00931546 0.999938 0.00613176 -2.20531 0.00444784 -0.0061734 0.999971 158.641
0.999934 -0.0105835 -0.00440986 0.237131 0.0105936 0.999941 0.00228655 -2.23103 0.0043854 -0.00233312 0.999988 160.016
0.999936 -0.0106374 -0.00396087 0.227065 0.0106338 0.999943 -0.000928737 -2.25848 0.00397052 0.000886558 0.999992 161.41
0.999934 -0.0108802 -0.00379823 0.214973 0.0108725 0.999939 -0.00202821 -2.28441 0.00382007 0.00198678 0.999991 162.775
0.999926 -0.0114443 -0.0040066 0.196154 0.0114367 0.999933 -0.00190661 -2.31659 0.00402815 0.00186065 0.99999 164.168
0.999932 -0.0108586 -0.00434345 0.188838 0.0108537 0.99994 -0.00115576 -2.34927 0.00435574 0.00110854 0.99999 165.526
0.999943 -0.00958689 -0.00468878 0.178479 0.0095886 0.999954 0.000343281 -2.38367 0.00468527 -0.00038822 0.999989 166.886
0.999945 -0.00929903 -0.00482076 0.153057 0.00930275 0.999956 0.000749318 -2.40822 0.00481358 -0.000794123 0.999988 168.252
0.999944 -0.00925256 -0.00512569 0.132428 0.00925587 0.999957 0.000622705 -2.43271 0.00511971 -0.000670113 0.999987 169.629
0.999944 -0.00874517 -0.0059733 0.119993 0.00875079 0.999961 0.000915795 -2.45749 0.00596506 -0.000968014 0.999982 171.028
0.999929 -0.00984369 -0.00672333 0.107149 0.00985805 0.999949 0.00210686 -2.48113 0.00670224 -0.00217299 0.999975 172.389
0.999928 -0.00944762 -0.00735801 0.0894152 0.00946524 0.999952 0.00236421 -2.50361 0.00733532 -0.00243369 0.99997 173.748
0.999918 -0.00965939 -0.00836452 0.0752459 0.00967236 0.999952 0.00151175 -2.52916 0.00834952 -0.00159253 0.999964 175.108
0.999914 -0.0095557 -0.00898552 0.0505685 0.00955776 0.999954 0.000186852 -2.55008 0.00898332 -0.000272718 0.99996 176.461
0.999919 -0.00870035 -0.00932512 0.0240056 0.00870442 0.999962 0.000396482 -2.58056 0.00932132 -0.00047762 0.999956 177.824
0.999901 -0.00972717 -0.0101406 0.00216826 0.00971763 0.999952 -0.000989551 -2.59493 0.0101497 0.000890911 0.999948 179.18
0.999895 -0.00956397 -0.0108545 -0.0226816 0.00953814 0.999952 -0.00242826 -2.61717 0.0108772 0.00232448 0.999938 180.546
0.999886 -0.009409 -0.0118043 -0.0381795 0.00938297 0.999953 -0.00225857 -2.64864 0.011825 0.00214755 0.999928 181.891
0.999873 -0.00953367 -0.0127664 -0.0606085 0.00952008 0.999954 -0.00112494 -2.6739 0.0127765 0.00100326 0.999918 183.261
0.999868 -0.00924478 -0.0133705 -0.0833872 0.00923269 0.999957 -0.000965644 -2.69547 0.0133789 0.000842071 0.99991 184.639
0.99986 -0.00909504 -0.0140231 -0.112988 0.00908802 0.999959 -0.000564598 -2.72199 0.0140277 0.000437077 0.999902 185.988
0.999849 -0.00895136 -0.0148858 -0.13689 0.00894822 0.99996 -0.00027723 -2.75119 0.0148877 0.000143987 0.999889 187.344
0.999835 -0.00865323 -0.0159413 -0.159573 0.00864899 0.999963 -0.000335023 -2.79007 0.0159436 0.000197092 0.999873 188.698
0.999834 -0.00755082 -0.0165697 -0.192056 0.0075412 0.999971 -0.000642735 -2.81795 0.0165741 0.000517673 0.999863 190.064
0.999822 -0.00783341 -0.0171474 -0.224181 0.00783288 0.999969 -9.8348e-05 -2.84533 0.0171476 -3.59826e-05 0.999853 191.426
0.999819 -0.00769599 -0.0174049 -0.255332 0.00767607 0.99997 -0.00121109 -2.87723 0.0174137 0.00107727 0.999848 192.793
0.999801 -0.00952348 -0.0175561 -0.287983 0.00947166 0.999951 -0.00303233 -2.90177 0.0175841 0.00286544 0.999841 194.15
0.999764 -0.0124566 -0.0177915 -0.316393 0.0123996 0.999918 -0.00331072 -2.92707 0.0178313 0.00308933 0.999836 195.505
0.999766 -0.0118888 -0.0180896 -0.350037 0.0119003 0.999929 0.000528868 -2.95622 0.018082 -0.000744015 0.999836 196.856
0.99974 -0.0133597 -0.0184958 -0.379744 0.0134499 0.999898 0.00475807 -2.98068 0.0184304 -0.0050056 0.999818 198.207
0.999743 -0.0126729 -0.0188027 -0.407142 0.0127639 0.999907 0.0047245 -3.00786 0.0187411 -0.00496328 0.999812 199.554
0.999771 -0.0105079 -0.0186633 -0.437971 0.0105393 0.999943 0.00158495 -3.02335 0.0186455 -0.00178129 0.999825 200.897
0.999757 -0.0107268 -0.0192511 -0.466211 0.0107277 0.999942 -5.37719e-05 -3.05347 0.0192506 -0.000152761 0.999815 202.23
0.999756 -0.0106348 -0.0193627 -0.493791 0.0106374 0.999943 2.63684e-05 -3.07279 0.0193614 -0.00023233 0.999813 203.563
0.99975 -0.0110995 -0.0193895 -0.524953 0.0111246 0.999937 0.00118716 -3.10079 0.0193751 -0.00140256 0.999811 204.904
0.999756 -0.0113235 -0.0189772 -0.567905 0.0113854 0.99993 0.00315894 -3.12274 0.0189401 -0.00337423 0.999815 206.27
0.99976 -0.0120263 -0.0183289 -0.600019 0.012092 0.999921 0.00347682 -3.14015 0.0182856 -0.00369762 0.999826 207.613
0.999776 -0.0124949 -0.0170551 -0.632727 0.0125411 0.999918 0.00260036 -3.15969 0.0170213 -0.00281367 0.999851 208.945
0.999769 -0.0144657 -0.0158749 -0.656918 0.0144859 0.999894 0.0011557 -3.18275 0.0158565 -0.00138539 0.999873 210.266
0.999769 -0.015672 -0.0147396 -0.68385 0.015667 0.999877 -0.000455993 -3.20781 0.0147449 0.000224963 0.999891 211.57
0.999771 -0.0165376 -0.0136067 -0.700766 0.0165286 0.999863 -0.000768276 -3.23924 0.0136175 0.0005432 0.999907 212.889
0.999799 -0.0157561 -0.0123986 -0.721649 0.0157536 0.999876 -0.000302534 -3.26218 0.0124019 0.00010715 0.999923 214.203
0.999788 -0.0171346 -0.0114263 -0.738712 0.0171503 0.999852 0.00127664 -3.28448 0.0114027 -0.00147233 0.999934 215.515
0.99981 -0.0164233 -0.0104929 -0.756264 0.0164397 0.999864 0.00147976 -3.31451 0.0104671 -0.00165198 0.999944 216.833
0.999813 -0.0166215 -0.00984679 -0.771082 0.0166389 0.99986 0.00168211 -3.34255 0.00981746 -0.00184563 0.99995 218.124
0.999824 -0.0165013 -0.00898009 -0.785095 0.0165167 0.999862 0.00164049 -3.36648 0.00895179 -0.00178852 0.999958 219.432
0.999819 -0.0172545 -0.00799619 -0.804813 0.0172688 0.999849 0.00172112 -3.39034 0.00796529 -0.00185889 0.999967 220.709
0.999834 -0.0169198 -0.0068157 -0.82915 0.0169331 0.999855 0.00189606 -3.41865 0.00678263 -0.00201116 0.999975 221.996
0.999833 -0.0172274 -0.00602827 -0.845873 0.0172433 0.999848 0.00260553 -3.45264 0.00598247 -0.00270904 0.999978 223.268
0.999825 -0.0180128 -0.0050751 -0.867242 0.0180259 0.999834 0.00254843 -3.47213 0.00502836 -0.00263946 0.999984 224.503
0.999823 -0.0181435 -0.00497287 -0.88265 0.018161 0.999829 0.00350298 -3.49628 0.00490846 -0.00359267 0.999981 225.741
0.999799 -0.0192285 -0.00570037 -0.885989 0.0192553 0.999804 0.00467234 -3.5261 0.00560941 -0.00478116 0.999973 226.95
0.9998 -0.019101 -0.00598834 -0.909093 0.0191283 0.999807 0.00454844 -3.55018 0.0059003 -0.00466208 0.999972 228.138
0.999806 -0.018635 -0.00637626 -0.925605 0.0186588 0.999819 0.00367984 -3.57902 0.00630653 -0.0037981 0.999973 229.33
0.999806 -0.0184382 -0.00689755 -0.937805 0.0184594 0.999825 0.00301946 -3.60263 0.00684067 -0.0031462 0.999972 230.514
0.999796 -0.0186485 -0.00773273 -0.954973 0.0186726 0.999821 0.00305478 -3.62884 0.00767438 -0.00319854 0.999965 231.651
0.99977 -0.0193411 -0.00927709 -0.968797 0.0193722 0.999807 0.0032772 -3.65428 0.00921191 -0.00345617 0.999952 232.79
0.999744 -0.0197708 -0.0109972 -0.98593 0.0198181 0.999795 0.00421432 -3.67937 0.0109116 -0.00443119 0.999931 233.923
0.999706 -0.0204384 -0.0130204 -1.00376 0.020515 0.999773 0.00577447 -3.69694 0.0128995 -0.00603989 0.999899 235.038
0.999666 -0.0206527 -0.0155063 -1.01967 0.0207702 0.999756 0.00745568 -3.72092 0.0153485 -0.00777526 0.999852 236.151
0.999627 -0.0207443 -0.017756 -1.04901 0.0208822 0.999753 0.00761791 -3.74111 0.0175936 -0.00798585 0.999813 237.246
0.999554 -0.0214348 -0.020811 -1.07164 0.0215925 0.99974 0.00738044 -3.76682 0.0206474 -0.0078265 0.999756 238.302
0.99949 -0.0215585 -0.0235743 -1.10493 0.0217334 0.999738 0.00718544 -3.78331 0.0234132 -0.00769412 0.999696 239.338
0.999439 -0.0208468 -0.0262182 -1.14592 0.021051 0.99975 0.00753655 -3.80095 0.0260545 -0.00808424 0.999628 240.36
0.999376 -0.0205583 -0.0287053 -1.18662 0.0207749 0.999758 0.00726763 -3.82 0.028549 -0.00785945 0.999561 241.355
0.99932 -0.0200487 -0.030943 -1.23402 0.0202684 0.999771 0.00680214 -3.83831 0.0307995 -0.00742468 0.999498 242.325
0.999217 -0.0201069 -0.0340656 -1.27252 0.0203305 0.999774 0.00623028 -3.85903 0.0339326 -0.00691798 0.9994 243.269
0.99912 -0.0191114 -0.0373325 -1.31136 0.0193525 0.999794 0.00610757 -3.88239 0.0372081 -0.00682467 0.999284 244.19
0.99903 -0.0184304 -0.0399804 -1.36 0.0186469 0.999813 0.00504956 -3.89765 0.0398799 -0.00579017 0.999188 245.087
0.998968 -0.0165685 -0.0422787 -1.40554 0.0168091 0.999844 0.00534114 -3.91784 0.0421837 -0.0060463 0.999092 245.956
0.998946 -0.0159212 -0.0430588 -1.44913 0.0161967 0.99985 0.00605689 -3.93681 0.0429559 -0.00674791 0.999054 246.812
0.998947 -0.0160104 -0.0430048 -1.48698 0.0163375 0.99984 0.00726474 -3.95637 0.0428816 -0.00795968 0.999048 247.639
0.998978 -0.0158793 -0.0423222 -1.53328 0.0162373 0.999835 0.00812829 -3.9717 0.0421861 -0.00880717 0.999071 248.452
0.998995 -0.0157542 -0.0419586 -1.56926 0.0160967 0.99984 0.00783634 -3.98512 0.0418285 -0.00850386 0.999089 249.248
0.999014 -0.0157307 -0.0415167 -1.60773 0.0159937 0.999854 0.00600874 -4.00074 0.0414161 -0.00666682 0.99912 250.032
0.999042 -0.0160525 -0.0407107 -1.63964 0.0162256 0.999861 0.00392435 -4.01713 0.040642 -0.00458114 0.999163 250.82
0.999095 -0.0159184 -0.0394319 -1.67478 0.0160385 0.999868 0.00273241 -4.03057 0.0393832 -0.00336237 0.999219 251.603
0.999161 -0.0154018 -0.0379615 -1.70765 0.015511 0.999876 0.00258406 -4.04882 0.037917 -0.00317071 0.999276 252.377
0.999213 -0.0159044 -0.0363363 -1.73562 0.0160092 0.999868 0.00259589 -4.065 0.0362902 -0.00317556 0.999336 253.15
0.999267 -0.0161617 -0.0346985 -1.76465 0.0162606 0.999864 0.0025702 -4.08301 0.0346523 -0.00313253 0.999395 253.914
0.999327 -0.0163615 -0.0328451 -1.79348 0.0164578 0.999861 0.00266233 -4.09822 0.032797 -0.0032011 0.999457 254.681
0.99939 -0.0166785 -0.030692 -1.81923 0.0167626 0.999856 0.00248539 -4.11289 0.0306461 -0.00299835 0.999526 255.445
0.999468 -0.0166125 -0.0280558 -1.84105 0.0166966 0.999857 0.00276589 -4.12527 0.0280058 -0.00323286 0.999603 256.205
0.999533 -0.0175793 -0.0249862 -1.85827 0.0176775 0.999837 0.00371358 -4.1409 0.0249169 -0.00415354 0.999681 256.954
0.999581 -0.018583 -0.0221956 -1.87232 0.0186881 0.999815 0.00454019 -4.15968 0.0221071 -0.00495308 0.999743 257.699
0.999633 -0.0190229 -0.0192894 -1.88616 0.0191157 0.999807 0.00464086 -4.17196 0.0191974 -0.00500788 0.999803 258.442
0.999672 -0.0197863 -0.0162766 -1.90275 0.0198651 0.999792 0.0046947 -4.18547 0.0161803 -0.00501649 0.999857 259.181
0.999717 -0.0198319 -0.013108 -1.91554 0.0198931 0.999792 0.00455851 -4.19559 0.0130149 -0.00481798 0.999904 259.922
0.999778 -0.0186085 -0.00987686 -1.92991 0.0186461 0.999819 0.00373036 -4.20921 0.00980566 -0.0039137 0.999944 260.66
0.999807 -0.018513 -0.00655403 -1.94163 0.0185327 0.999824 0.00295024 -4.21831 0.00649826 -0.00307113 0.999974 261.407
0.999824 -0.01835 -0.00394319 -1.94555 0.0183663 0.999823 0.00414381 -4.23364 0.00386645 -0.0042155 0.999984 262.16
0.999835 -0.0180982 -0.00128222 -1.95133 0.0181039 0.999825 0.00464985 -4.24465 0.00119785 -0.0046723 0.999988 262.912
0.999833 -0.0182483 0.00116518 -1.9539 0.0182425 0.999822 0.00483824 -4.25592 -0.00125326 -0.00481618 0.999988 263.662
0.999818 -0.0187707 0.00352729 -1.95573 0.018759 0.999819 0.00331244 -4.26818 -0.00358883 -0.00324567 0.999988 264.42
0.999823 -0.0180752 0.00522215 -1.95488 0.0180706 0.999836 0.000913232 -4.27939 -0.0052378 -0.000818703 0.999986 265.179
0.999786 -0.0197574 0.0060915 -1.95163 0.0197622 0.999804 -0.000724359 -4.29317 -0.006076 0.000844586 0.999981 265.941
0.999794 -0.019384 0.00607771 -1.94603 0.0193906 0.999811 -0.00102192 -4.31028 -0.00605675 0.00113956 0.999981 266.714
0.999758 -0.0210627 0.00627079 -1.94124 0.0210698 0.999777 -0.00107656 -4.33271 -0.00624672 0.00120843 0.99998 267.497
0.999765 -0.0207279 0.00640549 -1.94396 0.0207367 0.999784 -0.0013046 -4.34683 -0.00637706 0.00143712 0.999979 268.279
0.999785 -0.019606 0.00673511 -1.9449 0.0196183 0.999806 -0.00176364 -4.36271 -0.00669923 0.00189539 0.999976 269.073
0.99976 -0.0207625 0.00701777 -1.94241 0.0207873 0.999778 -0.00347448 -4.38001 -0.00694408 0.00361953 0.999969 269.86
0.999652 -0.0254738 0.00691934 -1.92534 0.0255092 0.999662 -0.00508128 -4.39912 -0.00678756 0.00525602 0.999963 270.655
0.999575 -0.0282024 0.0074144 -1.91194 0.0282425 0.999587 -0.00536261 -4.42228 -0.00726009 0.00556974 0.999958 271.475
0.999629 -0.0261096 0.00780672 -1.91098 0.0261207 0.999658 -0.00132968 -4.43139 -0.00776933 0.0015331 0.999969 272.314
0.999715 -0.022457 0.00814039 -1.91545 0.0224191 0.999738 0.0047183 -4.44134 -0.00824421 -0.00453446 0.999956 273.148
0.999685 -0.0234117 0.00900029 -1.90827 0.02334 0.999696 0.00799065 -4.45592 -0.00918463 -0.00777807 0.999928 273.993
0.999643 -0.0241826 0.0113783 -1.90295 0.0241213 0.999694 0.00549267 -4.45602 -0.0115077 -0.00521625 0.99992 274.846
0.999608 -0.0231207 0.0158131 -1.89277 0.0231307 0.999732 -0.000451428 -4.46806 -0.0157984 0.000817019 0.999875 275.704
0.999588 -0.0210361 0.0195172 -1.8818 0.0211202 0.999768 -0.00411023 -4.47272 -0.0194262 0.00452074 0.999801 276.565
0.999556 -0.0192127 0.022768 -1.86753 0.0193161 0.999804 -0.00432866 -4.48509 -0.0226804 0.00476653 0.999731 277.45
0.999443 -0.0209955 0.0259453 -1.84777 0.0210556 0.999776 -0.00204655 -4.5002 -0.0258965 0.00259171 0.999661 278.342
0.999297 -0.0235837 0.0291476 -1.82487 0.0235603 0.999722 0.00114323 -4.51332 -0.0291664 -0.000455698 0.999574 279.25
0.999158 -0.0262639 0.0315079 -1.78738 0.0261931 0.999653 0.00265776 -4.52206 -0.0315668 -0.00183024 0.9995 280.141
0.999053 -0.0263611 0.0346009 -1.76227 0.0262488 0.999649 0.00369563 -4.54426 -0.0346862 -0.00278389 0.999394 281.037
0.998998 -0.0248347 0.0372225 -1.73971 0.0248034 0.999691 0.00130261 -4.55871 -0.0372434 -0.000378055 0.999306 281.934
0.99892 -0.0238097 0.03989 -1.71046 0.0238923 0.999713 -0.00159464 -4.55938 -0.0398405 0.00254598 0.999203 282.835
0.99881 -0.0238335 0.042561 -1.67992 0.0239325 0.999712 -0.00181843 -4.56961 -0.0425054 0.00283486 0.999092 283.749
0.998698 -0.0228694 0.0455953 -1.64688 0.0228726 0.999738 0.000452305 -4.58795 -0.0455937 0.000591167 0.99896 284.659
0.998585 -0.0213339 0.0487089 -1.61107 0.0212471 0.999772 0.0022981 -4.60494 -0.0487468 -0.00125992 0.99881 285.564
0.998455 -0.0208645 0.0515073 -1.56704 0.0207742 0.999782 0.00228774 -4.62228 -0.0515438 -0.00121418 0.99867 286.482
0.998311 -0.0207168 0.0542778 -1.52653 0.0206709 0.999785 0.00140667 -4.63071 -0.0542953 -0.000282325 0.998525 287.387
0.998113 -0.0235953 0.0566904 -1.48089 0.0235616 0.999722 0.00126418 -4.65518 -0.0567044 7.39241e-05 0.998391 288.285
0.997934 -0.0267014 0.0584317 -1.42418 0.0266208 0.999643 0.00215786 -4.67459 -0.0584685 -0.000597908 0.998289 289.197
0.997825 -0.0283935 0.059498 -1.37442 0.0283202 0.999597 0.00207431 -4.6879 -0.0595329 -0.0003848 0.998226 290.112
0.997724 -0.0297861 0.0604932 -1.3316 0.0297187 0.999556 0.00201446 -4.706 -0.0605263 -0.000212101 0.998167 291.019
0.997679 -0.0298657 0.0611871 -1.28101 0.0298096 0.999554 0.00182824 -4.72066 -0.0612145 -2.75498e-08 0.998125 291.932
0.99768 -0.0297382 0.0612394 -1.23932 0.0296513 0.999558 0.00232705 -4.73003 -0.0612815 -0.000505827 0.99812 292.849
0.997694 -0.0297246 0.0610179 -1.19111 0.0296179 0.999558 0.0026523 -4.74278 -0.0610698 -0.00083896 0.998133 293.764
0.997776 -0.0300703 0.0594852 -1.13442 0.030005 0.999548 0.00199244 -4.76357 -0.0595182 -0.000203157 0.998227 294.685
0.997872 -0.0295201 0.0581306 -1.09067 0.0295033 0.999564 0.00114691 -4.78104 -0.0581391 0.000570576 0.998308 295.601
0.997972 -0.0287664 0.0567792 -1.04654 0.0287623 0.999586 0.000889415 -4.80274 -0.0567813 0.000745491 0.998386 296.515
0.998085 -0.0280773 0.0551093 -0.999609 0.0280824 0.999605 0.000681899 -4.82311 -0.0551067 0.000867006 0.99848 297.417
0.998197 -0.0269319 0.0536448 -0.965118 0.0269467 0.999637 0.000448456 -4.8439 -0.0536374 0.000997901 0.99856 298.337
0.998334 -0.0262996 0.051366 -0.921516 0.0262883 0.999654 0.000896088 -4.8572 -0.0513718 0.000455727 0.998679 299.255
0.998464 -0.0264169 0.0487038 -0.885072 0.0263425 0.999651 0.00217069 -4.87189 -0.0487441 -0.00088438 0.998811 300.163
0.998622 -0.0280339 0.0443699 -0.847192 0.027859 0.999601 0.00455714 -4.8897 -0.04448 -0.00331476 0.999005 301.071
0.998786 -0.0289363 0.0398536 -0.819275 0.0287227 0.99957 0.00592155 -4.90462 -0.0400079 -0.00476966 0.999188 301.974
0.998955 -0.029424 0.0349823 -0.792189 0.0291943 0.999549 0.00705782 -4.91665 -0.0351742 -0.00602916 0.999363 302.872
0.999086 -0.0300973 0.0303626 -0.775692 0.0298766 0.999524 0.00769605 -4.92974 -0.0305798 -0.00678189 0.999509 303.757
0.999198 -0.0304598 0.0259782 -0.762189 0.0302634 0.999511 0.00792007 -4.93822 -0.0262067 -0.00712753 0.999631 304.637
0.999279 -0.0313912 0.021333 -0.749008 0.0312307 0.999482 0.00781704 -4.94768 -0.0215673 -0.00714516 0.999742 305.5
0.999345 -0.0317464 0.0173887 -0.741124 0.0316262 0.999474 0.00714647 -4.95874 -0.0176064 -0.00659185 0.999823 306.327
0.999415 -0.0314842 0.0133447 -0.736684 0.0313936 0.999483 0.00694122 -4.97594 -0.0135564 -0.00651822 0.999887 307.149
0.999462 -0.0314262 0.00943753 -0.732152 0.0313604 0.999483 0.00704998 -4.98817 -0.00965421 -0.00675022 0.999931 307.953
0.999476 -0.0318762 0.00554861 -0.731301 0.0318383 0.99947 0.00678805 -4.99784 -0.00576204 -0.00660784 0.999962 308.737
0.999468 -0.0325906 0.00146339 -0.73439 0.0325814 0.999452 0.00592243 -5.01327 -0.00165561 -0.00587159 0.999981 309.503
0.99952 -0.0308138 -0.00318266 -0.745012 0.030828 0.999515 0.00450212 -5.03026 0.00304239 -0.00459807 0.999985 310.242
0.999534 -0.0290552 -0.00938103 -0.763195 0.0290771 0.999575 0.00220494 -5.04399 0.00931298 -0.00247668 0.999954 310.956
0.99943 -0.0286643 -0.017833 -0.782524 0.0286771 0.999589 0.000461735 -5.06102 0.0178125 -0.00097287 0.999841 311.652
0.999194 -0.0286256 -0.0281515 -0.814237 0.0286192 0.99959 -0.000627342 -5.0795 0.0281579 -0.000178838 0.999603 312.331
0.998723 -0.0284494 -0.0417432 -0.851616 0.0284285 0.999595 -0.00109576 -5.1012 0.0417575 -9.23317e-05 0.999128 313.001
0.997903 -0.0273145 -0.0586835 -0.901803 0.0273047 0.999627 -0.000969316 -5.11731 0.0586881 -0.000635055 0.998276 313.664
0.996617 -0.0245528 -0.0784366 -0.972969 0.0245762 0.999698 -0.000667506 -5.13641 0.0784293 -0.00126242 0.996919 314.315
0.994635 -0.0234356 -0.100761 -1.05747 0.0234187 0.999725 -0.00135083 -5.15416 0.100765 -0.00101609 0.99491 314.943
0.991782 -0.0224094 -0.125961 -1.15746 0.0222615 0.999749 -0.00258233 -5.1625 0.125988 -0.000242976 0.992032 315.552
0.987906 -0.0210357 -0.153623 -1.26963 0.0208309 0.999779 -0.00294307 -5.17716 0.153651 -0.000292627 0.988125 316.145
0.982748 -0.0192577 -0.183943 -1.40217 0.0191597 0.999814 -0.00231031 -5.19827 0.183953 -0.00125384 0.982934 316.724
0.975899 -0.0194051 -0.217359 -1.54945 0.0195701 0.999808 -0.00139363 -5.21576 0.217344 -0.0028937 0.976091 317.283
0.96719 -0.0196793 -0.253289 -1.71746 0.0201166 0.999797 -0.000863487 -5.22362 0.253255 -0.00426017 0.96739 317.831
0.956695 -0.0184604 -0.290505 -1.91055 0.0194906 0.99981 0.000652835 -5.23716 0.290438 -0.00628668 0.956873 318.364
0.94413 -0.0168439 -0.329143 -2.11541 0.0185932 0.999825 0.00216754 -5.25466 0.329049 -0.00816626 0.944277 318.864
0.92934 -0.0162679 -0.368866 -2.3441 0.0187585 0.999819 0.00316664 -5.26738 0.368748 -0.00986227 0.929477 319.364
0.91226 -0.0158302 -0.409305 -2.5787 0.0191633 0.999808 0.00404272 -5.28465 0.409162 -0.0115316 0.912389 319.824
0.892536 -0.0162893 -0.450682 -2.84019 0.0203314 0.999785 0.00412863 -5.29573 0.450518 -0.0128479 0.892675 320.277
0.869985 -0.0168377 -0.49279 -3.11716 0.0216934 0.999756 0.00413828 -5.31078 0.4926 -0.0142905 0.870138 320.695
0.844248 -0.0177477 -0.53566 -3.41334 0.0237202 0.99971 0.00426225 -5.32397 0.535428 -0.0163043 0.844423 321.108
0.815409 -0.017669 -0.578616 -3.73465 0.0250366 0.999675 0.00475575 -5.33414 0.578344 -0.0183644 0.815586 321.515
0.783671 -0.0166124 -0.620953 -4.07671 0.0243749 0.999695 0.00401742 -5.34463 0.620697 -0.018284 0.783837 321.885
0.748674 -0.0172922 -0.662712 -4.43403 0.025615 0.999668 0.00285313 -5.35539 0.662443 -0.0191114 0.748869 322.232
0.7097 -0.0181129 -0.704271 -4.80096 0.028647 0.999585 0.00315985 -5.36184 0.703921 -0.0224178 0.709924 322.556
0.666435 -0.0186568 -0.74533 -5.18995 0.0337543 0.999417 0.00516436 -5.37089 0.744799 -0.0285998 0.666676 322.858
0.618434 -0.0184194 -0.785621 -5.58522 0.0373438 0.999285 0.00596789 -5.37548 0.784949 -0.0330288 0.618679 323.127
0.567588 -0.0145647 -0.823184 -5.99279 0.03572 0.999338 0.00694764 -5.38704 0.822538 -0.0333475 0.567732 323.35
0.514868 -0.00842475 -0.857228 -6.41589 0.0303126 0.999505 0.0083833 -5.39577 0.856733 -0.0303011 0.514869 323.542
0.45993 -0.00419673 -0.887945 -6.84244 0.0261967 0.999618 0.00884459 -5.40191 0.887569 -0.0273291 0.459864 323.7
0.403069 -0.0016061 -0.915168 -7.26345 0.0243241 0.999664 0.00895872 -5.41331 0.914846 -0.0258716 0.402973 323.827
0.345284 0.000641157 -0.938498 -7.68674 0.0246553 0.999648 0.00975387 -5.4216 0.938174 -0.0265068 0.345147 323.932
0.286699 0.00382372 -0.958013 -8.11648 0.0258446 0.999597 0.011724 -5.42667 0.957672 -0.0281207 0.286485 324.016
0.226975 0.00736166 -0.973873 -8.55001 0.0265615 0.999553 0.0137463 -5.42339 0.973538 -0.0289876 0.226678 324.08
0.164752 0.0108272 -0.986276 -8.97744 0.0277891 0.999492 0.0156143 -5.43642 0.985943 -0.0299802 0.164368 324.106
0.099691 0.0146119 -0.994911 -9.42321 0.0276887 0.999464 0.0174532 -5.43599 0.994633 -0.0292877 0.099233 324.121
0.0347453 0.0197576 -0.999201 -9.88284 0.0280028 0.999393 0.0207352 -5.43064 0.999004 -0.0287009 0.0341709 324.088
-0.0321083 0.02698 -0.99912 -10.3432 0.0289518 0.999241 0.0260529 -5.4339 0.999065 -0.0280898 -0.032865 324.032
-0.0988844 0.0331309 -0.994547 -10.816 0.0297095 0.999098 0.0303285 -5.41795 0.994655 -0.0265485 -0.0997796 323.935
-0.165655 0.0389468 -0.985414 -11.3071 0.0304373 0.998946 0.0343648 -5.40479 0.985714 -0.0243007 -0.166666 323.81
-0.231913 0.0454079 -0.971676 -11.7953 0.033482 0.998691 0.038679 -5.40699 0.97216 -0.0235635 -0.233129 323.656
-0.296391 0.0498599 -0.953764 -12.2925 0.0358776 0.998513 0.0410499 -5.39952 0.954392 -0.0220519 -0.297739 323.463
-0.358317 0.0525248 -0.932121 -12.7727 0.038277 0.998403 0.0415457 -5.39183 0.932815 -0.0207923 -0.359755 323.238
-0.41754 0.0533199 -0.907093 -13.2604 0.0403193 0.998381 0.0401267 -5.37619 0.907764 -0.0198188 -0.419014 322.972
-0.473083 0.0539128 -0.879367 -13.746 0.0417153 0.998377 0.0387671 -5.36374 0.88003 -0.018343 -0.474564 322.663
-0.52414 0.0532777 -0.849964 -14.2234 0.0419805 0.998444 0.036697 -5.33575 0.850597 -0.0164476 -0.525561 322.319
-0.570635 0.0536403 -0.81945 -14.7068 0.042244 0.998461 0.0359409 -5.31878 0.820116 -0.0141077 -0.572023 321.945
-0.610899 0.0549682 -0.789798 -15.1739 0.0427489 0.998422 0.0364222 -5.30733 0.790554 -0.0115127 -0.612285 321.53
-0.648024 0.057974 -0.75941 -15.6524 0.04598 0.998258 0.0369719 -5.28123 0.76023 -0.010959 -0.649561 321.084
-0.684665 0.0650017 -0.725953 -16.1431 0.052945 0.997819 0.0394108 -5.2632 0.726932 -0.0114524 -0.686614 320.599
-0.72001 0.0706215 -0.690361 -16.6234 0.0580684 0.997451 0.0414734 -5.24551 0.69153 -0.0102269 -0.722275 320.07
-0.752707 0.073019 -0.654293 -17.0928 0.0605111 0.997297 0.0416854 -5.23234 0.655569 -0.00821513 -0.755091 319.499
-0.782762 0.0707117 -0.61829 -17.55 0.0599648 0.997471 0.0381613 -5.21752 0.619425 -0.00720442 -0.785023 318.884
-0.809932 0.0677937 -0.582593 -17.9912 0.0600519 0.997663 0.0326081 -5.19352 0.583442 -0.00857553 -0.81211 318.229
-0.834443 0.0629729 -0.547484 -18.394 0.0576661 0.997974 0.026898 -5.17519 0.548068 -0.00912638 -0.836384 317.538
-0.856955 0.0603224 -0.51185 -18.8037 0.057023 0.998127 0.0221613 -5.15592 0.512228 -0.010196 -0.858789 316.809
-0.877754 0.0584223 -0.475536 -19.2179 0.0553326 0.998257 0.0205077 -5.1299 0.475905 -0.00831192 -0.879457 316.018
-0.896999 0.0550058 -0.438598 -19.5891 0.0517373 0.998472 0.0194107 -5.12995 0.438995 -0.0052805 -0.898474 315.212
-0.914071 0.0540742 -0.401933 -19.9184 0.0513891 0.998526 0.0174686 -5.11108 0.402285 -0.00468742 -0.915503 314.359
-0.92994 0.0559066 -0.363438 -20.2385 0.0533599 0.99843 0.0170521 -5.09628 0.36382 -0.00353559 -0.931462 313.479
-0.943786 0.0592836 -0.325197 -20.5357 0.0569567 0.998237 0.0166798 -5.08547 0.325612 -0.00277991 -0.945499 312.563
-0.955897 0.0599831 -0.287513 -20.8094 0.0571868 0.998199 0.0181224 -5.0684 0.288083 0.000881163 -0.957605 311.592
-0.966114 0.0630975 -0.250286 -21.05 0.0602375 0.998002 0.0190788 -5.06379 0.25099 0.00335569 -0.967984 310.599
-0.974808 0.0628461 -0.214007 -21.2638 0.0602306 0.998009 0.0187269 -5.06387 0.214758 0.00536541 -0.976653 309.567
-0.981756 0.0615768 -0.179896 -21.4422 0.0598497 0.998094 0.0150176 -5.05819 0.180478 0.00397695 -0.983571 308.51
-0.987339 0.0595552 -0.147018 -21.5862 0.0585145 0.998221 0.0113974 -5.04768 0.147436 0.00265041 -0.989068 307.429
-0.991555 0.0588261 -0.115574 -21.706 0.0579677 0.99826 0.010777 -5.04154 0.116007 0.00398641 -0.99324 306.302
-0.994742 0.0567766 -0.0852389 -21.7887 0.0560573 0.998369 0.0108103 -5.04422 0.0857136 0.00597518 -0.996302 305.171
-0.996833 0.0558112 -0.0566433 -21.8418 0.0553774 0.998423 0.00920128 -5.03371 0.0570675 0.00603539 -0.998352 304.005
-0.998053 0.0547718 -0.0298471 -21.8808 0.0545332 0.998474 0.00875337 -5.03403 0.030281 0.00710866 -0.999516 302.812
