0.999978 0.000101945 -0.00661694 -0.00672045 -9.9352e-05 1 0.000392219 -0.00496239 0.00661698 -0.000391553 0.999978 0.102325
0.999906 0.000518913 -0.0137371 -0.014772 -0.000514213 1 0.00034564 -0.0102877 0.0137373 -0.000338543 0.999906 0.201959
0.999777 0.000446956 -0.0211024 -0.029018 -0.000466875 0.999999 -0.000938985 -0.00721641 0.021102 0.000948628 0.999777 0.305803
0.999538 0.00101536 -0.0303672 -0.0429384 -0.00108991 0.999996 -0.00243844 -0.0116511 0.0303646 0.00247041 0.999536 0.416871
0.999129 0.00120416 -0.0417069 -0.0592352 -0.00136538 0.999992 -0.00383734 -0.0156086 0.0417019 0.00389095 0.999123 0.540038
0.998454 0.000590168 -0.0555825 -0.0769839 -0.00086901 0.999987 -0.00499268 -0.0175497 0.0555789 0.00503326 0.998442 0.680688
0.99741 0.000627211 -0.0719245 -0.103535 -0.000982646 0.999987 -0.00490651 -0.018772 0.0719205 0.00496447 0.997398 0.824129
0.995902 -0.000798092 -0.0904406 -0.135437 0.000369425 0.999989 -0.00475641 -0.0265073 0.0904433 0.00470351 0.99589 0.987178
0.993872 -0.0019359 -0.110524 -0.169566 0.00140663 0.999987 -0.00486655 -0.0292452 0.110532 0.00468126 0.993862 1.15693
0.991128 -0.00232654 -0.13289 -0.215252 0.00167913 0.999986 -0.00498362 -0.0392299 0.1329 0.00471626 0.991118 1.33257
0.987584 0.000887317 -0.157086 -0.273866 -0.00193031 0.999977 -0.00648717 -0.0447713 0.157077 0.00670985 0.987564 1.51583
0.98326 0.00481921 -0.182147 -0.347874 -0.00638409 0.999948 -0.00800595 -0.0544783 0.182098 0.00903476 0.983239 1.70225
0.97785 0.0072506 -0.209181 -0.426109 -0.00931464 0.999917 -0.00888379 -0.0644109 0.2091 0.0106355 0.977836 1.8943
0.971137 0.00805378 -0.238385 -0.513229 -0.0105027 0.999904 -0.00900464 -0.0732973 0.23829 0.0112484 0.971129 2.0986
0.963107 0.00991469 -0.268938 -0.607281 -0.0127342 0.999881 -0.00874132 -0.078991 0.268819 0.0118435 0.963118 2.30405
0.953656 0.0116208 -0.300675 -0.706888 -0.0145862 0.999865 -0.00761962 -0.0862187 0.300546 0.0116522 0.953696 2.50659
0.942311 0.0138905 -0.334449 -0.81494 -0.0169835 0.999836 -0.00632549 -0.0929552 0.334307 0.0116407 0.942392 2.70819
0.929788 0.0155503 -0.367766 -0.929737 -0.0191501 0.999798 -0.0061408 -0.0950711 0.367596 0.0127524 0.929898 2.90359
0.916021 0.0181535 -0.40072 -1.0579 -0.0221094 0.999742 -0.00525017 -0.0979504 0.400521 0.013669 0.916185 3.09509
0.899921 0.0180345 -0.435679 -1.19009 -0.0225075 0.999734 -0.00510762 -0.0938787 0.435471 0.0144025 0.900088 3.29193
0.881607 0.01274 -0.471812 -1.33688 -0.0176677 0.999826 -0.0060155 -0.0966762 0.471653 0.0136392 0.881679 3.49483
0.860343 0.00745512 -0.50966 -1.49144 -0.0126759 0.999897 -0.00677179 -0.0990121 0.509557 0.0122865 0.860349 3.69915
0.835266 0.00924001 -0.549769 -1.6657 -0.0134733 0.999903 -0.00366466 -0.10614 0.549681 0.0104682 0.835309 3.89448
0.806093 0.0143607 -0.591614 -1.86038 -0.0178604 0.99984 -6.55235e-05 -0.114719 0.591519 0.0106193 0.806221 4.07953
0.773447 0.0171817 -0.633628 -2.07249 -0.0209609 0.999779 0.00152418 -0.119268 0.633515 0.0121025 0.773636 4.26272
0.737349 0.0161011 -0.67532 -2.29404 -0.0201801 0.999795 0.00180368 -0.121692 0.67521 0.0122981 0.737523 4.44366
0.697668 0.0114271 -0.71633 -2.53365 -0.0138898 0.999901 0.00242267 -0.123803 0.716286 0.00825948 0.697758 4.62327
0.654923 0.00778851 -0.755655 -2.78547 -0.00899058 0.999956 0.00251441 -0.124632 0.755642 0.00514704 0.654964 4.79474
0.610523 0.00673456 -0.79197 -3.06643 -0.00621731 0.999974 0.00371047 -0.122132 0.791974 0.0026586 0.610549 4.95185
0.562666 0.00743396 -0.826651 -3.36027 -0.00422886 0.999972 0.00611421 -0.123283 0.826674 5.55388e-05 0.562681 5.09748
0.511888 0.0079891 -0.859015 -3.67182 -0.00251951 0.999966 0.00779861 -0.124506 0.859049 -0.00182772 0.511891 5.22615
0.459312 0.00933391 -0.888226 -4.00886 -0.00129803 0.999951 0.00983674 -0.126812 0.888274 -0.00336519 0.459301 5.34653
0.405013 0.0113352 -0.914241 -4.35851 -0.00062499 0.999926 0.0121207 -0.126397 0.914311 -0.00433766 0.40499 5.44653
0.349601 0.0129153 -0.93681 -4.7332 -0.00078304 0.999909 0.013493 -0.116929 0.936899 -0.00398362 0.349579 5.5391
0.294172 0.0158112 -0.955622 -5.12674 0.00152071 0.999854 0.0170112 -0.118907 0.955751 -0.00645744 0.294105 5.62113
0.240539 0.0176479 -0.970479 -5.5385 0.00528172 0.999796 0.0194902 -0.118791 0.970625 -0.00981395 0.240397 5.68282
0.189895 0.0178817 -0.981642 -5.96194 0.00778383 0.999775 0.0197178 -0.11688 0.981774 -0.0113852 0.189713 5.72484
0.14223 0.0191273 -0.989649 -6.39894 0.00534092 0.999784 0.0200907 -0.117259 0.989819 -0.00814315 0.142097 5.75035
0.0997832 0.0194529 -0.994819 -6.8526 0.003496 0.999796 0.0199009 -0.113497 0.995003 -0.00546366 0.0996948 5.75528
0.0619862 0.0177754 -0.997919 -7.33819 0.00155828 0.999838 0.0179064 -0.103068 0.998076 -0.00266499 0.0619485 5.75363
0.0274571 0.0151653 -0.999508 -7.82967 0.00214708 0.999882 0.01523 -0.101216 0.999621 -0.00256419 0.0274213 5.739
-0.00396582 0.0122583 -0.999917 -8.33929 0.00264156 0.999922 0.0122479 -0.0981793 0.999989 -0.00259276 -0.00399789 5.71552
-0.0305439 0.0103601 -0.99948 -8.86026 0.00178577 0.999945 0.0103104 -0.0975117 0.999532 -0.00146992 -0.0305607 5.67565
-0.0513255 0.00815367 -0.998649 -9.39899 0.00157127 0.999966 0.00808367 -0.0945864 0.998681 -0.00115425 -0.0513366 5.62693
-0.0676702 0.00737406 -0.99768 -9.95793 0.0021827 0.999971 0.00724294 -0.0918711 0.997705 -0.00168751 -0.0676844 5.57575
-0.0807469 0.0079956 -0.996703 -10.5378 0.00321345 0.999965 0.00776144 -0.0918865 0.996729 -0.00257614 -0.0807697 5.51432
-0.0905397 0.00913657 -0.995851 -11.1325 0.00256811 0.999957 0.00894076 -0.0945326 0.99589 -0.00174796 -0.0905593 5.44959
-0.0971637 0.0102497 -0.995216 -11.7386 0.000452105 0.999947 0.0102543 -0.101626 0.995268 0.000546403 -0.0971632 5.38089
-0.101749 0.0114246 -0.994744 -12.3738 0.000777965 0.999935 0.0114046 -0.105898 0.99481 0.000386537 -0.101752 5.30993
-0.103446 0.0119017 -0.994564 -13.021 0.00353251 0.999926 0.0115984 -0.100486 0.994629 -0.00231349 -0.10348 5.24706
-0.102488 0.0140789 -0.994635 -13.6893 0.0051527 0.999894 0.0136224 -0.102827 0.994721 -0.00372893 -0.102549 5.18072
-0.100883 0.0168747 -0.994755 -14.3718 0.00487766 0.999853 0.0164665 -0.10797 0.994886 -0.00319088 -0.100951 5.10583
-0.0993755 0.0164262 -0.994914 -15.0726 0.00294709 0.999864 0.0162135 -0.0991514 0.995046 -0.00132088 -0.0994104 5.03144
-0.0976379 0.0138037 -0.995126 -15.7796 0.0012133 0.999905 0.013751 -0.0987462 0.995221 0.000135231 -0.0976454 4.95952
-0.0963758 0.0136479 -0.995251 -16.5138 0.0015084 0.999907 0.0135657 -0.0942319 0.995344 -0.000193837 -0.0963874 4.88182
-0.0944088 0.0159688 -0.995405 -17.2654 0.00176862 0.999872 0.0158728 -0.0825474 0.995532 -0.000261965 -0.094425 4.8062
-0.0927295 0.0195654 -0.995499 -18.033 0.00113954 0.999808 0.0195439 -0.0801405 0.995691 0.000677884 -0.0927341 4.73253
-0.0909311 0.0214962 -0.995625 -18.8161 0.000636498 0.999768 0.0215275 -0.0765163 0.995857 0.00132381 -0.0909237 4.6541
-0.0892389 0.0206754 -0.995796 -19.6077 -0.000957475 0.999782 0.020844 -0.0687772 0.99601 0.00281354 -0.0891997 4.57912
-0.0874643 0.0173427 -0.996017 -20.4109 -0.00313736 0.999839 0.0176847 -0.0583673 0.996163 0.00467164 -0.0873957 4.49902
-0.0858333 0.0167099 -0.996169 -21.2281 -0.00397114 0.999846 0.0171137 -0.0546353 0.996302 0.00542486 -0.0857537 4.42237
-0.0844683 0.018884 -0.996247 -22.0586 -0.00107243 0.999818 0.0190426 -0.0486041 0.996426 0.0026769 -0.0844327 4.34844
-0.0832559 0.0211765 -0.996303 -22.9085 0.0013827 0.999776 0.0211347 -0.044561 0.996527 0.000382003 -0.0832665 4.27495
-0.082216 0.0229464 -0.99635 -23.7767 0.00269219 0.999736 0.0228022 -0.0482698 0.996611 -0.000807656 -0.0822561 4.20334
-0.0813572 0.0183015 -0.996517 -24.634 0.0024621 0.999832 0.0181613 -0.0475146 0.996682 -0.00097597 -0.0813886 4.12594
-0.0811038 0.0114193 -0.99664 -25.4997 0.00375909 0.999931 0.0111511 -0.0489811 0.996699 -0.00284207 -0.0811411 4.04947
-0.0812868 0.00692721 -0.996667 -26.3775 0.00679884 0.999956 0.00639557 -0.0487756 0.996668 -0.0062563 -0.0813303 3.97699
-0.0816263 0.00750651 -0.996635 -27.2637 0.00780171 0.999946 0.00689247 -0.0459382 0.996632 -0.00721285 -0.0816805 3.90078
-0.0814871 0.0147481 -0.996565 -28.1534 0.00721063 0.999873 0.0142074 -0.0506987 0.996648 -0.00602814 -0.0815831 3.81666
-0.0817073 0.0217697 -0.996419 -29.0557 0.00575302 0.999755 0.0213709 -0.0524569 0.99664 -0.00398626 -0.0818125 3.73718
-0.0817794 0.0273649 -0.996275 -29.9566 0.00417991 0.999624 0.0271138 -0.0557232 0.996642 -0.00194699 -0.081863 3.64912
-0.0821813 0.0276744 -0.996233 -30.8528 0.00289945 0.999617 0.0275292 -0.0519477 0.996613 -0.000626141 -0.08223 3.56636
-0.0824139 0.0239693 -0.99631 -31.7468 0.00248195 0.999713 0.0238458 -0.0476573 0.996595 -0.000507562 -0.0824497 3.48451
-0.082746 0.0210465 -0.996348 -32.6421 0.0025769 0.999778 0.0209049 -0.0405435 0.996567 -0.00083769 -0.0827819 3.40177
-0.0828414 0.0224465 -0.99631 -33.5358 0.00131766 0.999748 0.0224144 -0.0373436 0.996562 0.000544038 -0.08285 3.31968
-0.082554 0.024682 -0.996281 -34.4376 0.000775339 0.999695 0.0247023 -0.0323248 0.996586 0.00126682 -0.0825479 3.23028
-0.0826948 0.0230685 -0.996308 -35.3267 -9.43259e-06 0.999732 0.0231485 -0.0318817 0.996575 0.00192366 -0.0826724 3.15628
-0.0825487 0.0181389 -0.996422 -36.2221 -0.00052859 0.999833 0.0182448 -0.033528 0.996587 0.00203279 -0.0825254 3.07635
-0.0821871 0.0139153 -0.99652 -37.1158 -0.00229467 0.999897 0.0141517 -0.0355467 0.996614 0.00344977 -0.0821467 2.98995
-0.0816724 0.0149341 -0.996547 -38.0042 -0.00178721 0.999884 0.0151306 -0.0423609 0.996658 0.00301679 -0.0816362 2.91179
-0.0809957 0.01778 -0.996556 -38.8921 -0.000705611 0.99984 0.017896 -0.0491268 0.996714 0.00215268 -0.0809701 2.8352
-0.0805281 0.022585 -0.996496 -39.7977 -8.23092e-05 0.999743 0.0226652 -0.046646 0.996752 0.00190721 -0.0805056 2.74994
-0.0798792 0.0280283 -0.99641 -40.6913 0.00129232 0.999607 0.0280146 -0.0383975 0.996804 0.000950107 -0.079884 2.67497
-0.0799877 0.0308439 -0.996319 -41.5861 0.00109796 0.999523 0.0308549 -0.0272068 0.996795 0.00137409 -0.0799834 2.59487
-0.0795554 0.0307007 -0.996358 -42.4777 0.00146688 0.999528 0.0306813 -0.0185569 0.996829 0.000979328 -0.0795629 2.51743
-0.0796368 0.0266273 -0.996468 -43.3709 0.00154446 0.999645 0.0265888 -0.0160363 0.996823 0.00057844 -0.0796496 2.44259
-0.0792416 0.022211 -0.996608 -44.2524 0.000884004 0.999753 0.0222108 -0.0106715 0.996855 0.00087901 -0.0792416 2.36801
-0.0792547 0.019761 -0.996659 -45.1371 -0.00290681 0.999795 0.0200543 -0.0140622 0.99685 0.0044865 -0.079181 2.28518
-0.0796819 0.0179781 -0.996658 -46.016 -0.00616605 0.999809 0.0185279 -0.0123462 0.996801 0.00762179 -0.0795559 2.20195
-0.0801783 0.0161381 -0.99665 -46.9043 -0.00419685 0.999855 0.0165276 -0.0245787 0.996772 0.00550794 -0.0800989 2.12243
-0.08144 0.0127273 -0.996597 -47.7943 -0.000412628 0.999918 0.0128035 -0.0334964 0.996678 0.00145394 -0.0814281 2.05023
-0.0822626 0.011247 -0.996547 -48.6849 0.00390986 0.999932 0.0109625 -0.0430745 0.996603 -0.00299456 -0.082301 1.97568
-0.083974 0.0148349 -0.996358 -49.5674 0.00407043 0.999886 0.0145444 -0.0487798 0.99646 -0.00283426 -0.0840248 1.89361
-0.0858847 0.0209471 -0.996085 -50.4442 0.00680177 0.999768 0.0204381 -0.0510771 0.996282 -0.00501982 -0.0860072 1.81904
-0.0876175 0.024728 -0.995847 -51.3124 0.00825453 0.999676 0.0240968 -0.0581914 0.99612 -0.00610896 -0.0877932 1.73785
-0.0891284 0.0238249 -0.995735 -52.1758 0.00816175 0.999698 0.0231891 -0.0565682 0.995987 -0.00606013 -0.089296 1.6535
-0.0903559 0.0197071 -0.995715 -53.0341 0.0046075 0.999802 0.0193699 -0.0574622 0.995899 -0.00283757 -0.0904288 1.5685
-0.0916357 0.0162466 -0.99566 -53.8879 -0.000120058 0.999867 0.0163263 -0.0594015 0.995793 0.00161561 -0.0916215 1.4769
-0.0927105 0.0150134 -0.99558 -54.7389 -0.00405097 0.999872 0.0154553 -0.0636694 0.995685 0.00546593 -0.0926378 1.37771
-0.0937144 0.0160324 -0.99547 -55.5865 -0.00545448 0.999847 0.0166164 -0.0680396 0.995584 0.00698697 -0.0936127 1.28776
-0.09477 0.0177842 -0.99534 -56.4261 -0.00491559 0.99982 0.0183323 -0.0746053 0.995487 0.00663004 -0.0946655 1.20128
-0.0954373 0.0175208 -0.995281 -57.2619 -0.00711308 0.999808 0.0182826 -0.0803986 0.99541 0.00882435 -0.0952943 1.10989
-0.0961607 0.017162 -0.995218 -58.099 -0.00772938 0.999808 0.017988 -0.0792932 0.995336 0.00942215 -0.0960096 1.02278
-0.0970636 0.0193022 -0.995091 -58.951 -0.00447292 0.999793 0.0198297 -0.078367 0.995268 0.00637571 -0.0969572 0.941463
-0.0974406 0.0226387 -0.994984 -59.7977 -0.00356842 0.999727 0.023096 -0.089741 0.995235 0.00580101 -0.0973332 0.857635
-0.0974372 0.0270907 -0.994873 -60.6189 -0.00316048 0.999616 0.0275294 -0.0910645 0.995237 0.00582666 -0.0973142 0.76641
-0.0979953 0.0292981 -0.994756 -61.4334 -0.00290362 0.999554 0.0297254 -0.0874593 0.995183 0.00580135 -0.0978665 0.679219
-0.09906 0.0292865 -0.99465 -62.2404 -0.00272146 0.999555 0.029702 -0.0846697 0.995078 0.00564918 -0.0989362 0.598802
-0.0994022 0.0275339 -0.994666 -63.0278 -0.00156438 0.999612 0.0278272 -0.0848358 0.995046 0.00432212 -0.0993205 0.516891
-0.0995364 0.0240282 -0.994744 -63.8182 -0.00144074 0.999704 0.0242922 -0.085304 0.995033 0.00385113 -0.0994723 0.431682
-0.0995646 0.0214758 -0.994799 -64.5904 -0.00157087 0.999762 0.0217402 -0.0912496 0.99503 0.00372725 -0.0995073 0.355497
-0.0984487 0.0191534 -0.994958 -65.3552 -0.00135348 0.999811 0.0193807 -0.0931095 0.995141 0.00325466 -0.0984042 0.278179
-0.0959418 0.0184417 -0.995216 -66.1136 -0.00376994 0.999814 0.0188903 -0.0944532 0.99538 0.00556428 -0.0958545 0.188402
-0.0917422 0.0192518 -0.995597 -66.8474 -0.00348425 0.999801 0.0196541 -0.0946268 0.995777 0.00527202 -0.0916568 0.111377
-0.0859082 0.0209444 -0.996083 -67.5594 -0.00310166 0.999769 0.0212894 -0.0996416 0.996298 0.00491844 -0.0858234 0.0482049
-0.0787542 0.022426 -0.996642 -68.2581 -0.00234776 0.99974 0.0226812 -0.102822 0.996891 0.00412612 -0.078681 -0.00569331
-0.0700978 0.0238568 -0.997255 -68.9413 -0.00323358 0.999703 0.0241427 -0.105259 0.997535 0.00491705 -0.0699998 -0.0586649
-0.0580778 0.0254673 -0.997987 -69.615 -0.00526368 0.999653 0.0258161 -0.104861 0.998298 0.00675243 -0.0579236 -0.104383
-0.043164 0.0267595 -0.99871 -70.2564 -0.0077912 0.999602 0.0271201 -0.100079 0.999038 0.00895176 -0.0429384 -0.131726
-0.0250224 0.0279784 -0.999295 -70.877 -0.00904204 0.999561 0.0282123 -0.0976768 0.999646 0.00974161 -0.0247585 -0.143177
-0.00274161 0.0288112 -0.999581 -71.493 -0.00970233 0.999537 0.0288365 -0.0976328 0.999949 0.00977732 -0.00246081 -0.143315
0.0229257 0.0292107 -0.99931 -72.0797 -0.00906484 0.999538 0.0290094 -0.094977 0.999696 0.00839353 0.0231799 -0.119749
0.0523975 0.0287828 -0.998211 -72.6439 -0.00796482 0.999565 0.0284037 -0.0924605 0.998595 0.00646229 0.052604 -0.0740831
0.086282 0.0288509 -0.995853 -73.1862 -0.00592157 0.999578 0.0284457 -0.0948013 0.996253 0.00344265 0.0864164 -0.00458786
0.123842 0.0290556 -0.991877 -73.6997 -0.00517495 0.999577 0.028635 -0.0951061 0.992288 0.0015867 0.12394 0.0822991
0.164733 0.0285531 -0.985925 -74.1989 -0.00513356 0.999592 0.0280912 -0.0932442 0.986325 0.000433751 0.164813 0.188538
0.20921 0.0292545 -0.977433 -74.6861 -0.00371851 0.999569 0.0291211 -0.0888475 0.977864 -0.00245783 0.209228 0.333214
0.257169 0.0280297 -0.96596 -75.1542 -5.71778e-05 0.99958 0.02899 -0.0907786 0.966366 -0.0074001 0.257063 0.495767
0.307066 0.0233026 -0.951403 -75.6066 0.00752598 0.999609 0.0269123 -0.0929473 0.951658 -0.0154241 0.306771 0.685352
0.358306 0.0181967 -0.933427 -76.0356 0.0129216 0.999618 0.0244472 -0.0962425 0.933515 -0.0208209 0.357934 0.896356
0.410626 0.0139722 -0.911697 -76.4546 0.0176901 0.999572 0.0232865 -0.09627 0.911632 -0.02569 0.410203 1.12666
0.46211 0.0132678 -0.886723 -76.8654 0.0175525 0.999555 0.0241034 -0.0877733 0.886649 -0.0267026 0.461672 1.37287
0.51014 0.0120693 -0.860007 -77.2586 0.0186989 0.99951 0.0251188 -0.0817701 0.859888 -0.0288953 0.509664 1.64729
0.554843 0.00770917 -0.83192 -77.6299 0.0265557 0.999283 0.0269712 -0.0772909 0.831531 -0.0370569 0.55424 1.95445
0.598408 0.00127669 -0.801191 -77.976 0.0370305 0.998886 0.0292498 -0.0788707 0.800335 -0.0471718 0.597694 2.27939
0.640788 -0.00315614 -0.767712 -78.3021 0.037896 0.998903 0.0275241 -0.0840618 0.766782 -0.0467303 0.640204 2.60796
0.682192 -0.00846628 -0.731124 -78.6298 0.0353606 0.999145 0.0214242 -0.0782922 0.730317 -0.0404684 0.681909 2.94995
0.722733 -0.0150986 -0.690962 -78.9316 0.0314631 0.999444 0.0110704 -0.0722315 0.69041 -0.0297407 0.722806 3.3115
0.762125 -0.0177839 -0.647185 -79.2257 0.0264506 0.999643 0.00367918 -0.0649968 0.646889 -0.0199224 0.762324 3.69695
0.799074 -0.0188179 -0.600939 -79.504 0.0247321 0.999693 0.00158186 -0.0662896 0.600724 -0.0161265 0.799294 4.12272
0.832855 -0.0196519 -0.553142 -79.7616 0.0242498 0.999705 0.00099516 -0.0720536 0.55296 -0.0142424 0.833086 4.58057
0.863649 -0.0181931 -0.503765 -80.0141 0.020649 0.999787 -0.000705984 -0.0725272 0.503671 -0.00979254 0.86384 5.06379
0.889474 -0.0166623 -0.456683 -80.2357 0.0196199 0.999806 0.00173487 -0.0869139 0.456565 -0.0105032 0.889628 5.5759
0.910836 -0.0107516 -0.412628 -80.4584 0.0132332 0.999907 0.0031568 -0.0923413 0.412555 -0.00833569 0.910894 6.11019
0.928461 -0.00674991 -0.371369 -80.6631 0.00803459 0.999966 0.0019122 -0.0926187 0.371343 -0.0047592 0.928484 6.65848
0.942235 -0.00216005 -0.334946 -80.8608 0.00376664 0.999984 0.00414708 -0.099239 0.334932 -0.00516914 0.942228 7.22695
0.952329 -0.00125443 -0.305072 -81.0345 0.00340444 0.999973 0.00651569 -0.10609 0.305055 -0.00724368 0.952307 7.8256
0.959797 -0.0024143 -0.280686 -81.2043 0.00494937 0.999953 0.00832319 -0.11008 0.280653 -0.00937779 0.959764 8.44556
0.965673 -0.00240367 -0.259749 -81.3676 0.00524194 0.999934 0.0102349 -0.103864 0.259707 -0.0112451 0.965622 9.08833
0.970454 2.68575e-06 -0.241287 -81.5349 0.00319755 0.999912 0.0128716 -0.101566 0.241266 -0.0132629 0.970368 9.74599
0.974176 0.0044103 -0.225748 -81.695 -0.00113581 0.999892 0.0146329 -0.100926 0.225788 -0.0139986 0.974076 10.4224
0.977216 0.00867872 -0.21207 -81.8598 -0.00538246 0.999856 0.0161156 -0.102796 0.212179 -0.014607 0.977122 11.1161
0.979947 0.00730637 -0.199124 -81.9988 -0.00420059 0.999863 0.0160152 -0.102059 0.199213 -0.0148576 0.979843 11.8253
0.982639 0.00756602 -0.185375 -82.1346 -0.00474959 0.999867 0.0156325 -0.10066 0.185469 -0.0144806 0.982543 12.5474
0.985241 0.00776593 -0.170996 -82.2637 -0.00503076 0.999852 0.016423 -0.0982867 0.171098 -0.0153204 0.985135 13.2905
0.987556 0.00912242 -0.157004 -82.3853 -0.00648788 0.99983 0.0172845 -0.100278 0.157134 -0.0160508 0.987447 14.0497
0.989469 0.00959308 -0.144425 -82.4966 -0.00758213 0.999867 0.0144678 -0.100866 0.144545 -0.0132204 0.98941 14.8256
0.991003 0.00988994 -0.133474 -82.6027 -0.00868272 0.999916 0.00962365 -0.108391 0.133558 -0.00837814 0.991006 15.6175
0.992261 0.00797494 -0.123912 -82.7014 -0.00758374 0.999965 0.0036285 -0.110695 0.123936 -0.00266071 0.992287 16.412
0.993211 0.00780792 -0.116066 -82.7979 -0.00742981 0.999966 0.00369007 -0.11397 0.116091 -0.00280267 0.993235 17.2265
0.993961 0.00969233 -0.109302 -82.8938 -0.00865216 0.999913 0.00998673 -0.121285 0.109389 -0.00898073 0.993958 18.0495
0.994546 0.0141115 -0.103341 -83.0161 -0.0123451 0.999767 0.0177129 -0.120907 0.103567 -0.0163406 0.994488 18.8896
0.994974 0.0147002 -0.0990489 -83.1079 -0.0126387 0.999691 0.0214083 -0.123464 0.099333 -0.0200488 0.994852 19.7167
0.995326 0.0130488 -0.0956814 -83.1891 -0.0111556 0.999732 0.0202947 -0.118572 0.0959205 -0.0191324 0.995205 20.5359
0.99564 0.0127538 -0.0924064 -83.277 -0.0110036 0.999751 0.0194249 -0.116402 0.0926311 -0.0183234 0.995532 21.3642
0.995913 0.0116557 -0.0895596 -83.354 -0.00973902 0.999715 0.0218082 -0.120035 0.0897883 -0.0208468 0.995743 22.1909
0.996142 0.00980207 -0.0872021 -83.4234 -0.00772786 0.99968 0.0240921 -0.115216 0.0874103 -0.0233253 0.995899 23.0126
0.996416 0.00797464 -0.0842169 -83.4937 -0.00582409 0.999651 0.0257507 -0.117662 0.0843929 -0.0251679 0.996115 23.8387
0.996651 0.00678139 -0.081493 -83.5655 -0.00497515 0.999738 0.022347 -0.121216 0.0816232 -0.0218667 0.996423 24.6562
0.996763 0.00992711 -0.0797851 -83.6373 -0.00874325 0.999847 0.0151739 -0.124503 0.0799235 -0.0144272 0.996697 25.4583
0.996903 0.0104686 -0.0779472 -83.7096 -0.00990453 0.999922 0.00762022 -0.133814 0.0780209 -0.00682459 0.996928 26.269
0.996971 0.0112804 -0.0769532 -83.7743 -0.0110335 0.999933 0.00363306 -0.1425 0.076989 -0.00277299 0.997028 27.0764
0.99709 0.0135278 -0.075027 -83.8396 -0.0131386 0.999898 0.00567801 -0.157601 0.0750962 -0.00467573 0.997165 27.8978
0.997228 0.0170347 -0.0724233 -83.9131 -0.0163791 0.999819 0.00963668 -0.169225 0.0725744 -0.00842374 0.997327 28.7054
0.997314 0.0204128 -0.0703487 -83.9791 -0.0194161 0.999702 0.0148227 -0.180274 0.0706303 -0.013417 0.997412 29.5216
0.997519 0.0181109 -0.0680242 -84.037 -0.0170102 0.999715 0.0167259 -0.185162 0.0683077 -0.0155273 0.997543 30.3371
0.997644 0.0152042 -0.0668932 -84.0926 -0.014129 0.999764 0.0165177 -0.189587 0.0671286 -0.0155336 0.997623 31.1428
0.99775 0.013386 -0.0656973 -84.1496 -0.0123044 0.999782 0.0168398 -0.198335 0.0659085 -0.0159935 0.997697 31.9436
0.99785 0.0121985 -0.0643874 -84.2084 -0.0112694 0.999827 0.0147745 -0.196214 0.0645565 -0.0140171 0.997816 32.7498
0.997916 0.0102325 -0.0637135 -84.2604 -0.00939193 0.999865 0.0134789 -0.197631 0.0638428 -0.0128524 0.997877 33.5554
0.997983 0.00938959 -0.0627816 -84.3169 -0.00852815 0.999866 0.0139751 -0.206344 0.0629044 -0.0134115 0.997929 34.3714
0.997986 0.0131114 -0.0620653 -84.3771 -0.0122019 0.999813 0.0150105 -0.207419 0.0622505 -0.014223 0.997959 35.1892
0.997989 0.0135207 -0.061928 -84.4384 -0.0126689 0.99982 0.0141264 -0.206512 0.0621079 -0.0133135 0.997981 36.0126
0.997874 0.0130447 -0.063849 -84.4936 -0.0121489 0.999823 0.0143977 -0.216927 0.0640255 -0.0135914 0.997856 36.8498
0.997761 0.0111886 -0.065938 -84.5532 -0.0102206 0.999835 0.0149999 -0.221833 0.0660949 -0.0142923 0.997711 37.6914
0.997546 0.0129362 -0.0688156 -84.6234 -0.011978 0.999826 0.0143197 -0.216769 0.0689888 -0.0134603 0.997527 38.543
0.997281 0.0169949 -0.0717007 -84.6975 -0.0160149 0.999771 0.0142213 -0.220429 0.0719259 -0.0130344 0.997325 39.3851
0.997093 0.0176452 -0.0741247 -84.7754 -0.0170097 0.999813 0.00919681 -0.222722 0.0742731 -0.00790924 0.997207 40.239
0.996895 0.0183775 -0.0765651 -84.8537 -0.0180039 0.999822 0.00556689 -0.225529 0.0766539 -0.00417114 0.997049 41.1043
0.996773 0.0171347 -0.0784169 -84.9299 -0.0168526 0.999849 0.00425777 -0.234474 0.078478 -0.0029225 0.996912 41.9788
0.996617 0.0168533 -0.0804401 -85.0106 -0.0164377 0.999848 0.00582614 -0.247836 0.0805261 -0.00448417 0.996742 42.8672
0.996463 0.0156144 -0.0825692 -85.0892 -0.0151112 0.999863 0.00671628 -0.263189 0.0826628 -0.0054448 0.996563 43.7545
0.996316 0.0143457 -0.0845484 -85.1676 -0.013667 0.99987 0.00860107 -0.271513 0.0846607 -0.00741386 0.996382 44.6498
0.996226 0.0140966 -0.085649 -85.2505 -0.0131061 0.999841 0.0121163 -0.273906 0.0858061 -0.0109481 0.996252 45.5556
0.996144 0.0137742 -0.0866485 -85.3338 -0.012358 0.999781 0.01686 -0.27922 0.0868618 -0.0157242 0.996096 46.4575
0.996188 0.0132783 -0.0862185 -85.4154 -0.0116877 0.999753 0.0189263 -0.28151 0.0864484 -0.0178464 0.996096 47.3694
0.996322 0.0162001 -0.0841434 -85.5044 -0.0146522 0.999712 0.0189815 -0.281762 0.0844267 -0.0176788 0.996273 48.2943
0.996474 0.0159776 -0.0823718 -85.5832 -0.0145729 0.999738 0.0176254 -0.281311 0.0826318 -0.0163629 0.996446 49.2175
0.996633 0.0142159 -0.080747 -85.6632 -0.0130329 0.9998 0.0151584 -0.278361 0.0809464 -0.014055 0.996619 50.1417
0.996814 0.0107428 -0.0790407 -85.7372 -0.00969343 0.99986 0.0136483 -0.280736 0.0791762 -0.0128386 0.996778 51.0706
0.996978 0.00963153 -0.0770815 -85.8115 -0.00860401 0.99987 0.0136513 -0.2851 0.077203 -0.0129468 0.996931 52.0033
0.997065 0.00686646 -0.0762446 -85.885 -0.00564406 0.999852 0.0162365 -0.288279 0.0763449 -0.0157585 0.996957 52.9368
0.997125 0.00372149 -0.075685 -85.952 -0.00231194 0.999822 0.0187031 -0.295205 0.0757412 -0.0184743 0.996956 53.8741
0.997203 0.00293178 -0.0746819 -86.0291 -0.00150724 0.999816 0.0191239 -0.30368 0.0747242 -0.0189579 0.997024 54.8202
0.997249 0.00459177 -0.0739773 -86.0956 -0.00342056 0.999867 0.0159509 -0.305138 0.0740407 -0.015654 0.997132 55.7602
0.997276 0.00644602 -0.0734807 -86.1678 -0.00571382 0.999932 0.0101703 -0.310317 0.0735412 -0.00972272 0.997245 56.6847
0.997328 0.00790748 -0.0726297 -86.2432 -0.0075688 0.999959 0.00493727 -0.322983 0.0726657 -0.00437436 0.997347 57.6033
0.997344 0.0120102 -0.0718376 -86.325 -0.0120901 0.999927 -0.000678316 -0.336251 0.0718242 0.00154504 0.997416 58.5231
0.997447 0.0115768 -0.0704712 -86.403 -0.0117029 0.999931 -0.001376 -0.355833 0.0704504 0.0021972 0.997513 59.4346
0.997519 0.00827215 -0.069906 -86.474 -0.00796014 0.999957 0.00474066 -0.367297 0.0699422 -0.00417244 0.997542 60.3558
0.997477 0.00706926 -0.0706407 -86.541 -0.00611547 0.999887 0.0137091 -0.380683 0.0707296 -0.0132425 0.997408 61.2786
0.997377 0.00564227 -0.0721563 -86.6068 -0.00408672 0.999756 0.0216876 -0.392936 0.0722611 -0.0213358 0.997158 62.1943
0.997223 0.00424252 -0.0743487 -86.6768 -0.00280086 0.999806 0.0194841 -0.395736 0.074417 -0.0192217 0.997042 63.0913
0.997069 -0.00129138 -0.0764948 -86.7424 0.00251681 0.99987 0.0159256 -0.397534 0.0764643 -0.0160714 0.996943 63.985
0.996873 -0.0029836 -0.0789702 -86.82 0.00411696 0.999891 0.0141928 -0.398788 0.0789193 -0.0144735 0.996776 64.8764
0.996648 -0.00105292 -0.081798 -86.8991 0.00206844 0.999922 0.0123313 -0.416269 0.0817786 -0.0124591 0.996573 65.7644
0.996388 0.000520959 -0.0849106 -86.9915 0.000265588 0.999957 0.00925168 -0.43095 0.0849118 -0.00924082 0.996346 66.6393
0.996015 0.000734293 -0.0891785 -87.0746 -0.000225053 0.999984 0.00572027 -0.445013 0.0891813 -0.00567741 0.995999 67.5133
0.995738 0.00225364 -0.0922007 -87.1666 -0.00208382 0.999996 0.00193808 -0.462718 0.0922047 -0.00173769 0.995739 68.3814
0.99541 0.00695298 -0.0954469 -87.2642 -0.00678927 0.999975 0.00203989 -0.47797 0.0954587 -0.00138251 0.995432 69.2446
0.995032 0.00971046 -0.0990768 -87.3666 -0.0093882 0.999949 0.00371832 -0.489814 0.0991079 -0.0027697 0.995073 70.102
0.994601 0.0123149 -0.103044 -87.467 -0.0114088 0.999891 0.00937744 -0.500094 0.103148 -0.0081512 0.994633 70.9637
0.994192 0.0123515 -0.106908 -87.5739 -0.0108058 0.999829 0.0150257 -0.513272 0.107075 -0.0137832 0.994155 71.8102
0.993643 0.0117626 -0.111963 -87.6728 -0.00971555 0.999776 0.0188116 -0.520992 0.11216 -0.0176042 0.993534 72.6621
0.992898 0.0114599 -0.118419 -87.7785 -0.00920674 0.999766 0.0195562 -0.522619 0.118616 -0.018327 0.992771 73.503
0.992181 0.00899779 -0.124481 -87.8913 -0.00617652 0.999716 0.0230316 -0.525773 0.124653 -0.0220827 0.991955 74.3426
0.991371 0.00962011 -0.13073 -88.0119 -0.0066988 0.999718 0.0227675 -0.529405 0.130912 -0.0216954 0.991157 75.1748
0.990541 0.0143839 -0.136464 -88.1447 -0.011444 0.999686 0.0223035 -0.538097 0.136742 -0.0205309 0.990394 76.0001
0.989695 0.016449 -0.142245 -88.2773 -0.0139194 0.999727 0.0187603 -0.542218 0.142515 -0.016587 0.989654 76.8211
0.988866 0.0153988 -0.148007 -88.4085 -0.0131482 0.999783 0.016172 -0.54628 0.148224 -0.0140459 0.988854 77.6349
0.988007 0.0167156 -0.153502 -88.5418 -0.0146193 0.999784 0.0147748 -0.546882 0.153716 -0.0123535 0.988038 78.4563
0.987239 0.0188997 -0.158121 -88.6856 -0.0159973 0.99968 0.0196082 -0.544836 0.158441 -0.0168285 0.987225 79.2769
0.986217 0.019702 -0.16428 -88.8293 -0.0159798 0.999585 0.0239489 -0.548328 0.164684 -0.0209936 0.986123 80.0891
0.985126 0.0192491 -0.17075 -88.9734 -0.0149803 0.999543 0.0262538 -0.55649 0.171177 -0.0233054 0.984965 80.901
0.984003 0.0168248 -0.177357 -89.1306 -0.0130891 0.999668 0.0222121 -0.551314 0.177672 -0.0195354 0.983896 81.7037
0.982446 0.0146204 -0.185972 -89.2878 -0.0120126 0.999813 0.0151417 -0.553462 0.186159 -0.0126419 0.982438 82.4998
0.980709 0.0118573 -0.195112 -89.4488 -0.00948279 0.999869 0.0130994 -0.554149 0.195242 -0.0109965 0.980694 83.289
0.978571 0.0114166 -0.205592 -89.6288 -0.00827123 0.999835 0.0161522 -0.561579 0.205742 -0.0141056 0.978505 84.0792
0.976186 0.0112678 -0.216644 -89.816 -0.00665505 0.999736 0.0220096 -0.558196 0.216834 -0.0200437 0.976003 84.8699
0.973452 0.012759 -0.228537 -90.0132 -0.00616617 0.999545 0.029539 -0.555185 0.22881 -0.0273456 0.973087 85.6621
0.970845 0.0137032 -0.239317 -90.2232 -0.00595542 0.999435 0.0330678 -0.551299 0.239635 -0.0306785 0.970378 86.4448
0.967877 0.0169544 -0.250851 -90.4339 -0.0101725 0.999547 0.0283079 -0.549021 0.251218 -0.0248468 0.967612 87.2105
0.964763 0.0156604 -0.262653 -90.6559 -0.0109829 0.999754 0.0192675 -0.552206 0.26289 -0.0157038 0.964698 87.966
0.961388 0.0132873 -0.274877 -90.8841 -0.00981561 0.999854 0.0140017 -0.544428 0.275022 -0.010763 0.961378 88.7234
0.957841 0.0120073 -0.287049 -91.1213 -0.00692486 0.999801 0.0187147 -0.540925 0.287216 -0.0159379 0.957733 89.4918
0.954271 0.0128474 -0.298667 -91.3688 -0.00526459 0.999643 0.0261795 -0.54725 0.298897 -0.02341 0.953998 90.2616
0.950469 0.0125514 -0.310565 -91.6314 -0.00287978 0.999497 0.031581 -0.551474 0.310806 -0.0291224 0.950027 91.0289
0.946353 0.0103683 -0.322967 -91.8972 -0.00112886 0.999585 0.0287821 -0.53499 0.323132 -0.0268735 0.945972 91.7865
0.942411 0.00850985 -0.334349 -92.1732 -0.000370357 0.999702 0.0244005 -0.534765 0.334457 -0.0228715 0.942133 92.5404
0.939283 0.00446174 -0.343114 -92.4557 0.00148057 0.999853 0.0170548 -0.534378 0.34314 -0.0165273 0.939139 93.2915
0.936584 0.000101465 -0.350444 -92.7487 0.00399533 0.999932 0.0109673 -0.533857 0.350421 -0.0116719 0.936519 94.0387
0.933786 -0.000247966 -0.357833 -93.0482 0.00362495 0.999955 0.00876656 -0.536755 0.357815 -0.00948322 0.933744 94.7893
0.930776 0.00483644 -0.365557 -93.3588 -0.00179652 0.999961 0.00865553 -0.544583 0.365585 -0.00739963 0.930749 95.5359
0.92761 0.0046717 -0.37352 -93.671 -0.000556151 0.999938 0.0111253 -0.556165 0.373549 -0.0101122 0.927555 96.2859
0.924363 0.00556476 -0.381473 -93.9881 0.00123544 0.999845 0.0175789 -0.557935 0.381512 -0.0167206 0.924213 97.0403
0.921573 0.00707931 -0.388139 -94.315 0.0030815 0.999669 0.0255496 -0.554953 0.388192 -0.0247419 0.921246 97.7981
0.919035 0.0172667 -0.393797 -94.6608 -0.00479763 0.999456 0.0326262 -0.564332 0.394146 -0.0280954 0.918618 98.5468
0.916538 0.0245108 -0.399196 -95.0128 -0.0138796 0.999468 0.0295009 -0.560506 0.399707 -0.0214981 0.916391 99.2839
0.914109 0.0208476 -0.404932 -95.3455 -0.0131746 0.999677 0.0217268 -0.554027 0.405254 -0.0145258 0.914089 100.021
0.912061 0.0135639 -0.409829 -95.6803 -0.00842825 0.999862 0.0143351 -0.552233 0.409967 -0.00962039 0.91205 100.763
0.910376 0.0145182 -0.413527 -96.0331 -0.00957861 0.999856 0.014016 -0.556562 0.413671 -0.00879879 0.910384 101.511
0.908241 0.0204345 -0.417948 -96.3973 -0.0137189 0.999724 0.0190664 -0.557514 0.418222 -0.0115831 0.908271 102.262
0.905674 0.0227724 -0.423364 -96.7585 -0.0141007 0.999622 0.0236044 -0.563215 0.423741 -0.0154082 0.905652 103.012
0.90331 0.0188023 -0.428576 -97.1133 -0.0105954 0.999712 0.021527 -0.567019 0.428857 -0.0149046 0.903249 103.754
0.901044 0.0171009 -0.433391 -97.4769 -0.0116248 0.999816 0.0152826 -0.571368 0.433573 -0.0087322 0.901076 104.49
0.898855 0.0144833 -0.438007 -97.8496 -0.0118135 0.999891 0.00881963 -0.575768 0.438087 -0.00275317 0.898929 105.225
0.896558 0.0144571 -0.44269 -98.2312 -0.0127036 0.999895 0.00692601 -0.574645 0.442744 -0.000585826 0.896648 105.964
0.894539 0.0173508 -0.446653 -98.6138 -0.0137624 0.999842 0.0112773 -0.586682 0.446778 -0.00394092 0.894636 106.705
0.892358 0.0190157 -0.450928 -98.99 -0.0145456 0.999805 0.0133771 -0.595018 0.451094 -0.0053781 0.89246 107.439
0.890125 0.0201326 -0.455271 -99.3826 -0.0155249 0.999783 0.0138581 -0.600582 0.455451 -0.00526741 0.890245 108.171
0.887927 0.0182255 -0.459623 -99.7675 -0.0137552 0.99982 0.013073 -0.608081 0.459778 -0.00528567 0.888018 108.899
0.885835 0.0163427 -0.463713 -100.151 -0.0119455 0.999852 0.0124183 -0.614483 0.463847 -0.00546129 0.885899 109.616
0.88366 0.015414 -0.467876 -100.543 -0.0106541 0.999861 0.012818 -0.621474 0.468008 -0.00634195 0.883701 110.334
0.881414 0.0157866 -0.472081 -100.933 -0.0107885 0.999853 0.0132926 -0.62728 0.472222 -0.00662321 0.881455 111.047
0.879191 0.0158824 -0.476204 -101.327 -0.0108418 0.999852 0.0133305 -0.634867 0.476346 -0.00655717 0.879234 111.744
0.876811 0.0125505 -0.480672 -101.717 -0.00915763 0.999914 0.00940337 -0.645786 0.480748 -0.00384316 0.87685 112.447
0.874605 0.00944019 -0.484745 -102.109 -0.00820121 0.999955 0.00467659 -0.655932 0.484767 -0.00011467 0.874643 113.136
0.872431 0.00777504 -0.488676 -102.496 -0.00803355 0.999967 0.00156764 -0.660733 0.488672 0.00255815 0.872464 113.822
0.870469 0.00936616 -0.492134 -102.89 -0.00786955 0.999956 0.00511152 -0.668239 0.49216 -0.000576543 0.870504 114.509
0.868696 0.0132822 -0.495168 -103.292 -0.0073573 0.999876 0.013913 -0.676207 0.495291 -0.00844303 0.868686 115.193
0.867526 0.0147031 -0.497175 -103.699 -0.0038404 0.999731 0.0228643 -0.674512 0.497378 -0.017926 0.867349 115.867
0.866067 0.0142246 -0.499725 -104.085 -0.000663598 0.999627 0.0273042 -0.675805 0.499927 -0.0233156 0.865753 116.523
0.864458 0.0112053 -0.50258 -104.462 0.002437 0.999646 0.0264794 -0.67332 0.502699 -0.0241151 0.864125 117.164
0.862727 0.00926087 -0.505586 -104.838 0.00267709 0.999735 0.0228804 -0.674199 0.505664 -0.021093 0.862473 117.79
0.861139 0.00744153 -0.508314 -105.205 0.00291706 0.999804 0.0195786 -0.669682 0.50836 -0.0183427 0.860949 118.398
0.859665 0.00602155 -0.510823 -105.563 0.00396953 0.999822 0.0184662 -0.673121 0.510843 -0.0179024 0.859488 118.989
0.858391 0.00426622 -0.512978 -105.915 0.00579379 0.999821 0.0180101 -0.675882 0.512963 -0.0184318 0.858213 119.57
0.857053 0.00465421 -0.515207 -106.26 0.00604761 0.999799 0.0190921 -0.68444 0.515192 -0.0194788 0.856853 120.128
0.855908 0.00470036 -0.517107 -106.59 0.00708559 0.999758 0.0208155 -0.697043 0.51708 -0.0214801 0.855667 120.661
0.854472 0.00317744 -0.519488 -106.907 0.00915873 0.999734 0.0211795 -0.699312 0.519417 -0.0228551 0.854215 121.181
0.853034 0.00152221 -0.521853 -107.211 0.0113296 0.999706 0.0214357 -0.705058 0.521732 -0.0241978 0.852766 121.684
0.851582 0.000575146 -0.524221 -107.495 0.0119087 0.99972 0.0204421 -0.713905 0.524086 -0.0236509 0.851337 122.163
0.850518 0.000772593 -0.525945 -107.785 0.010099 0.999791 0.0178 -0.734511 0.525849 -0.0204507 0.850332 122.604
0.849315 -0.00184324 -0.527884 -108.066 0.0108028 0.999845 0.0138895 -0.744619 0.527776 -0.0174992 0.849203 123.021
0.846909 -0.00614665 -0.531702 -108.323 0.014535 0.999827 0.0115935 -0.749004 0.531539 -0.0175469 0.846852 123.437
0.844068 -0.0100593 -0.536141 -108.57 0.0196619 0.999732 0.0121971 -0.758917 0.535875 -0.0208367 0.84404 123.843
0.840487 -0.00850397 -0.541764 -108.804 0.0195924 0.9997 0.0147033 -0.784276 0.541477 -0.0229724 0.840402 124.214
0.836903 -0.00534216 -0.547325 -109.051 0.0167453 0.999734 0.015847 -0.779491 0.547095 -0.0224275 0.83677 124.566
0.833409 0.00020821 -0.552656 -109.289 0.0130034 0.999716 0.0199858 -0.779481 0.552503 -0.0238427 0.83317 124.894
0.829703 0.00545725 -0.558178 -109.521 0.0115118 0.999572 0.0268844 -0.785372 0.558086 -0.0287317 0.829285 125.21
0.82479 0.00676098 -0.565398 -109.724 0.0128367 0.999447 0.0306772 -0.788482 0.565293 -0.0325601 0.824247 125.504
0.819399 0.00367248 -0.573211 -109.921 0.0176478 0.999344 0.03163 -0.789678 0.572951 -0.0360336 0.818797 125.785
0.812541 0.0016657 -0.582902 -110.109 0.0211147 0.999256 0.0322885 -0.792653 0.582521 -0.0385435 0.811901 126.044
0.803948 7.9961e-05 -0.5947 -110.296 0.024468 0.999149 0.0332115 -0.797581 0.594196 -0.0412514 0.803262 126.285
0.793788 0.000159388 -0.608195 -110.48 0.0251174 0.999138 0.0330439 -0.789508 0.607676 -0.0415061 0.793099 126.508
0.781882 0.00178458 -0.623424 -110.661 0.0234996 0.999201 0.0323329 -0.795134 0.622983 -0.0399307 0.781216 126.701
0.768279 0.000259152 -0.640115 -110.836 0.0245177 0.999254 0.0298312 -0.807163 0.639645 -0.0386128 0.7677 126.884
0.753852 -0.00208644 -0.657041 -111.008 0.0239938 0.999415 0.0243555 -0.813072 0.656606 -0.0341253 0.753461 127.049
0.739086 -0.00569221 -0.673587 -111.171 0.0243329 0.999537 0.0182524 -0.813418 0.673171 -0.0298804 0.738883 127.202
0.723798 -0.00587835 -0.689987 -111.342 0.0206894 0.999699 0.0131863 -0.805682 0.689702 -0.0238196 0.723702 127.352
0.708244 -0.00235974 -0.705964 -111.519 0.0133864 0.99986 0.0100875 -0.800524 0.705841 -0.0165947 0.708176 127.492
0.69161 -0.000312819 -0.722271 -111.702 0.0108145 0.999892 0.00992237 -0.803624 0.72219 -0.0146734 0.691539 127.628
0.672865 -0.00127722 -0.739764 -111.868 0.0143894 0.999832 0.0113619 -0.814854 0.739625 -0.0182898 0.672771 127.765
0.652851 -0.00232993 -0.757483 -112.046 0.0171672 0.999784 0.0117207 -0.809629 0.757292 -0.0206557 0.65275 127.901
0.630876 -0.00116084 -0.775883 -112.237 0.017697 0.99976 0.0128938 -0.805606 0.775682 -0.0218652 0.630745 128.027
0.60729 0.00340968 -0.794473 -112.439 0.0141387 0.999786 0.0150984 -0.804142 0.794354 -0.0204019 0.607112 128.141
0.582869 0.00790817 -0.812528 -112.639 0.0120979 0.999757 0.0184089 -0.810912 0.812476 -0.0205599 0.582632 128.254
0.557744 0.0103015 -0.829949 -112.847 0.0105832 0.999753 0.0195213 -0.80624 0.829946 -0.0196714 0.557497 128.358
0.532407 0.0134059 -0.846382 -113.054 0.00761724 0.999758 0.0206268 -0.808109 0.846454 -0.0174289 0.532176 128.448
0.50602 0.0175176 -0.862344 -113.267 0.0039041 0.999737 0.0225995 -0.809883 0.862513 -0.0148025 0.505819 128.537
0.478444 0.0211281 -0.877864 -113.475 0.00195797 0.999682 0.0251271 -0.82248 0.878116 -0.0137407 0.47825 128.616
0.449098 0.0205804 -0.893245 -113.691 0.00363285 0.999684 0.0248592 -0.830732 0.893475 -0.0144093 0.448882 128.692
0.417285 0.0175322 -0.908607 -113.922 0.00393712 0.99977 0.0210994 -0.834911 0.908767 -0.0123818 0.41712 128.765
0.383219 0.01348 -0.923559 -114.171 0.00421212 0.999858 0.0163414 -0.835707 0.923648 -0.0101525 0.383108 128.832
0.344666 0.0114716 -0.938655 -114.44 0.0046067 0.999893 0.0139115 -0.839131 0.938714 -0.00911894 0.344576 128.893
0.303054 0.0101664 -0.952919 -114.734 0.00535298 0.999909 0.0123701 -0.834655 0.952958 -0.00884978 0.302972 128.959
0.259774 0.00784709 -0.965638 -115.045 0.0051955 0.999941 0.00952353 -0.825488 0.965656 -0.00749093 0.259718 129.006
0.212898 0.00455871 -0.977064 -115.375 0.00625955 0.999962 0.00602948 -0.8156 0.977054 -0.00739964 0.212862 129.041
0.16413 0.00235179 -0.986436 -115.72 0.00702329 0.999969 0.00355264 -0.81296 0.986414 -0.00751112 0.164109 129.058
0.11402 0.00156434 -0.993477 -116.079 0.00732654 0.99997 0.00241542 -0.806543 0.993451 -0.00755416 0.114005 129.06
0.0618717 0.00310861 -0.998079 -116.45 0.00826561 0.999959 0.00362686 -0.809363 0.99805 -0.00847414 0.0618434 129.044
0.00902875 0.00490469 -0.999947 -116.848 0.0108806 0.999928 0.00500284 -0.806774 0.9999 -0.0109252 0.00897473 129.008
-0.0443879 0.00693875 -0.99899 -117.244 0.0139808 0.999882 0.00632374 -0.809299 0.998917 -0.013686 -0.0444797 128.954
-0.0980002 0.00897589 -0.995146 -117.649 0.0178643 0.999814 0.00725875 -0.816226 0.995026 -0.0170662 -0.0981423 128.878
-0.150814 0.0104733 -0.988507 -118.063 0.0204241 0.999763 0.00747654 -0.813997 0.988351 -0.0190618 -0.150992 128.774
-0.20213 0.012056 -0.979285 -118.5 0.0217537 0.999733 0.00781761 -0.815562 0.979117 -0.0197229 -0.202338 128.646
-0.251751 0.012758 -0.967708 -118.943 0.0241182 0.999685 0.00690521 -0.808875 0.967491 -0.021601 -0.25198 128.497
-0.300082 0.0139112 -0.953812 -119.4 0.0276782 0.9996 0.00587108 -0.805834 0.953512 -0.024638 -0.300347 128.322
-0.346988 0.0148551 -0.937752 -119.864 0.0309335 0.999512 0.00438735 -0.805258 0.937359 -0.0274856 -0.347278 128.121
-0.391557 0.0170022 -0.919997 -120.338 0.0347801 0.999388 0.00366675 -0.810742 0.919496 -0.0305618 -0.391909 127.893
-0.433329 0.018449 -0.901047 -120.811 0.0375907 0.99929 0.00238258 -0.814382 0.900452 -0.0328385 -0.433715 127.634
