0.999996 0.00294377 6.30274e-05 -0.000591614 -0.00294384 0.999995 0.00119834 -0.0129426 -5.94994e-05 -0.00119852 0.999999 0.844685
0.999984 0.00555688 0.000348614 -0.00959768 -0.00555744 0.999983 0.00161894 -0.0331499 -0.000339612 -0.00162085 0.999999 1.66336
0.999975 0.00702819 0.000954829 -0.0171435 -0.00702942 0.999974 0.00129171 -0.051111 -0.000945726 -0.00129839 0.999999 2.46787
0.999963 0.00855561 0.00119925 -0.0292135 -0.00855736 0.999962 0.00146795 -0.074014 -0.00118664 -0.00147816 0.999998 3.25488
0.999962 0.00854552 0.0014398 -0.0337203 -0.00854735 0.999963 0.00127044 -0.0940379 -0.00142889 -0.0012827 0.999998 4.03253
0.999964 0.00834669 0.00181374 -0.0420481 -0.0083514 0.999962 0.00260605 -0.117309 -0.00179192 -0.0026211 0.999995 4.78475
0.999956 0.00903607 0.00252179 -0.0455634 -0.00904925 0.999945 0.00526486 -0.131348 -0.00247408 -0.00528745 0.999983 5.51915
0.999957 0.00856928 0.00356922 -0.0279702 -0.00860175 0.999921 0.00918394 -0.141756 -0.00349024 -0.00921424 0.999951 6.25384
0.999959 0.00768785 0.00486844 -0.0251725 -0.00774916 0.999889 0.0127031 -0.155276 -0.00477025 -0.0127403 0.999907 6.93749
0.999959 0.00691117 0.00592213 -0.0182019 -0.00699759 0.999867 0.0146982 -0.165555 -0.00581976 -0.014739 0.999874 7.61287
0.999947 0.00743381 0.00706304 -0.0161074 -0.00753674 0.999864 0.014661 -0.180009 -0.0069531 -0.0147135 0.999868 8.24142
0.999934 0.00796476 0.00826707 -0.0123513 -0.00806291 0.999897 0.0119085 -0.190386 -0.00817137 -0.0119744 0.999895 8.83436
0.999929 0.00770744 0.00914098 -0.00914625 -0.00779222 0.999927 0.00927547 -0.199626 -0.00906882 -0.00934603 0.999915 9.41054
0.999925 0.00576287 0.0108342 -0.00543457 -0.00584905 0.999951 0.00793909 -0.209079 -0.0107879 -0.00800186 0.99991 9.94985
0.999915 0.00204649 0.0128567 0.00403116 -0.00211768 0.999982 0.00552565 -0.217001 -0.0128452 -0.0055524 0.999902 10.4631
0.999897 -0.000161834 0.0143588 0.0173896 9.63866e-05 0.99999 0.00455856 -0.232743 -0.0143594 -0.00455671 0.999887 10.9418
0.999853 0.00406812 0.0166284 0.0194388 -0.0041163 0.999987 0.00286427 -0.250231 -0.0166165 -0.0029323 0.999858 11.3938
0.999776 0.00810191 0.0195548 0.0250267 -0.00814857 0.999964 0.00230788 -0.263142 -0.0195354 -0.00246671 0.999806 11.8109
0.999701 0.00846693 0.0229425 0.0335374 -0.0085475 0.999958 0.00341581 -0.273752 -0.0229126 -0.00361088 0.999731 12.1889
0.999654 0.0042848 0.0259445 0.0499706 -0.00438345 0.999983 0.00374634 -0.279497 -0.025928 -0.00385877 0.999656 12.537
0.999603 -0.00114946 0.0281643 0.0705694 0.00104634 0.999993 0.00367574 -0.289919 -0.0281683 -0.00364481 0.999597 12.8556
0.999518 -0.00485953 0.0306486 0.0834499 0.00470726 0.999976 0.00503847 -0.297634 -0.0306723 -0.00489177 0.999518 13.13
0.999435 -0.0057688 0.033098 0.0962195 0.00555146 0.999962 0.00665451 -0.311389 -0.0331351 -0.00646701 0.99943 13.3837
0.999368 -0.00546797 0.0351193 0.101832 0.00526667 0.999969 0.00582208 -0.319676 -0.03515 -0.00563344 0.999366 13.6028
0.999289 -0.00424509 0.0374654 0.104856 0.00408845 0.999983 0.00425662 -0.324608 -0.0374828 -0.00410042 0.999289 13.798
0.999197 -0.00210018 0.0400037 0.107764 0.00197421 0.999993 0.0031881 -0.32826 -0.0400101 -0.00310657 0.999194 13.9776
0.999127 0.00077122 0.0417739 0.105829 -0.000876257 0.999997 0.00249616 -0.337403 -0.0417719 -0.00253058 0.999124 14.1472
0.999064 0.00165929 0.0432271 0.109025 -0.00171404 0.999998 0.00122963 -0.347284 -0.043225 -0.00130257 0.999065 14.3116
0.99899 0.000783607 0.0449241 0.122037 -0.000762266 1 -0.000492184 -0.355742 -0.0449244 0.000457443 0.99899 14.4734
0.998929 -0.00052656 0.0462719 0.13719 0.00061883 0.999998 -0.00197978 -0.36046 -0.0462707 0.00200629 0.998927 14.634
0.998871 -0.00163903 0.0474738 0.150787 0.0017891 0.999994 -0.00311888 -0.365977 -0.0474684 0.0032003 0.998868 14.7898
0.998798 -0.00115517 0.0489935 0.161034 0.00137833 0.999989 -0.00452137 -0.37061 -0.0489878 0.00458346 0.998789 14.9337
0.998729 0.000497378 0.0504078 0.163237 -0.000153472 0.999977 -0.00682611 -0.369012 -0.05041 0.0068097 0.998705 15.0685
0.998697 -4.46818e-05 0.0510289 0.172943 0.000480951 0.999963 -0.0085372 -0.383765 -0.0510267 0.00855062 0.998661 15.1974
0.998665 -0.000764761 0.0516523 0.183265 0.00133108 0.999939 -0.0109305 -0.387403 -0.0516408 0.0109847 0.998605 15.3314
0.998681 -0.00183897 0.0513185 0.188484 0.0024872 0.999918 -0.0125704 -0.396254 -0.0512912 0.0126814 0.998603 15.4609
0.998778 -0.00206915 0.0493772 0.193649 0.00274381 0.999904 -0.0135995 -0.405063 -0.0493443 0.0137183 0.998688 15.5951
0.998907 -0.00191759 0.0466947 0.191298 0.00261253 0.999887 -0.0148263 -0.405034 -0.0466609 0.0149321 0.998799 15.731
0.999101 -0.0015839 0.0423555 0.198493 0.00226132 0.99987 -0.0159506 -0.413395 -0.0423247 0.016032 0.998975 15.8709
0.999327 -0.00156204 0.0366595 0.199206 0.00220663 0.999844 -0.0175492 -0.414554 -0.0366263 0.0176183 0.999174 16.0066
0.999551 -0.00183482 0.0299111 0.200175 0.00239685 0.999821 -0.0187649 -0.412836 -0.0298713 0.0188282 0.999376 16.1455
0.999738 -0.00195186 0.0227944 0.1925 0.00240239 0.999802 -0.0197543 -0.41642 -0.0227513 0.0198039 0.999545 16.2772
0.99989 -0.00227602 0.0146647 0.187012 0.0025805 0.999781 -0.0207776 -0.42207 -0.0146142 0.0208131 0.999677 16.4189
0.999985 -0.00315914 0.00450296 0.182135 0.00325834 0.999748 -0.0221959 -0.423023 -0.00443171 0.0222103 0.999743 16.569
0.999951 -0.00485656 -0.00857931 0.173526 0.00465201 0.999708 -0.0237034 -0.429162 0.00869192 0.0236624 0.999682 16.7282
0.999674 -0.0058628 -0.0248477 0.155083 0.00522868 0.999661 -0.0255087 -0.438742 0.0249889 0.0253705 0.999366 16.8938
0.998999 -0.00555126 -0.0443926 0.132127 0.0043618 0.99963 -0.0268463 -0.443194 0.0445252 0.0266258 0.998653 17.0811
0.99779 -0.00462775 -0.0662825 0.100334 0.00285863 0.999638 -0.0267605 -0.444547 0.0663823 0.0265119 0.997442 17.2887
0.995945 -0.00389832 -0.0898787 0.0547764 0.00160706 0.999672 -0.0255512 -0.451291 0.0899489 0.0253031 0.995625 17.5148
0.993188 -0.00325722 -0.116473 -0.000580799 0.000431343 0.999705 -0.0242789 -0.459459 0.116518 0.0240633 0.992897 17.7515
0.9892 -0.00223638 -0.146553 -0.0692824 -0.00103297 0.999752 -0.0222285 -0.469576 0.146566 0.0221398 0.988953 17.9994
0.983716 -0.00262622 -0.179711 -0.146685 -0.000817025 0.999818 -0.0190832 -0.477602 0.179728 0.0189193 0.983534 18.2642
0.976273 -0.00250678 -0.21653 -0.234953 -0.000784698 0.999885 -0.0151137 -0.49149 0.216543 0.014925 0.976159 18.5291
0.966743 -0.00145318 -0.255746 -0.350753 -0.00120265 0.999947 -0.010228 -0.501065 0.255747 0.0101954 0.96669 18.8004
0.954748 0.00167339 -0.297413 -0.484434 -0.00365293 0.999975 -0.0061002 -0.50079 0.297395 0.00691058 0.954729 19.101
0.940477 0.00472562 -0.339825 -0.627511 -0.00584959 0.99998 -0.00228317 -0.502206 0.339807 0.00413511 0.940486 19.3988
0.923733 0.00673503 -0.382978 -0.800085 -0.00605141 0.999977 0.00298969 -0.514499 0.38299 -0.000444114 0.923753 19.7113
0.904483 0.00999119 -0.426392 -0.987915 -0.00621492 0.999928 0.0102469 -0.52435 0.426464 -0.00661812 0.90448 20.018
0.882811 0.0137871 -0.469525 -1.20389 -0.00705245 0.999846 0.0160992 -0.52622 0.469675 -0.0109013 0.882772 20.3277
0.857954 0.018415 -0.513396 -1.43784 -0.00927832 0.99975 0.0203547 -0.534669 0.513642 -0.0126999 0.857911 20.6332
0.829994 0.0218905 -0.557342 -1.69057 -0.0105873 0.999668 0.023497 -0.543893 0.557672 -0.0136017 0.82995 20.9356
0.799409 0.025191 -0.600258 -1.96151 -0.0129437 0.999611 0.0247125 -0.545332 0.600647 -0.0119859 0.799424 21.223
0.765677 0.0277287 -0.642628 -2.26335 -0.0135073 0.999543 0.0270356 -0.539688 0.643084 -0.0120204 0.765701 21.5149
0.728934 0.0314012 -0.683864 -2.58648 -0.015024 0.999441 0.0298775 -0.525876 0.684419 -0.0115044 0.728998 21.7971
0.690209 0.0321423 -0.722896 -2.94203 -0.0124311 0.999392 0.0325671 -0.517619 0.723504 -0.0134917 0.690189 22.081
0.649698 0.031893 -0.759523 -3.32532 -0.0102218 0.999396 0.0332217 -0.508502 0.760124 -0.0138204 0.649631 22.3585
0.607102 0.0307756 -0.794027 -3.73611 -0.00487897 0.999375 0.0350042 -0.503383 0.794609 -0.0173771 0.606873 22.6298
0.562124 0.0308944 -0.826475 -4.17767 -0.00110061 0.999329 0.0366072 -0.490219 0.827052 -0.0196682 0.561781 22.8981
0.515556 0.0322051 -0.856251 -4.64313 0.000693246 0.999277 0.038002 -0.479215 0.856856 -0.0201857 0.515161 23.1353
0.465782 0.0317686 -0.884329 -5.13415 0.00171131 0.999321 0.0368009 -0.464331 0.884898 -0.0186545 0.465411 23.3545
0.413637 0.0304022 -0.909934 -5.64023 0.00616432 0.999326 0.0361911 -0.447955 0.910421 -0.0205791 0.41317 23.5462
0.359911 0.0299382 -0.932506 -6.16715 0.0108576 0.999283 0.0362727 -0.439117 0.932924 -0.0231797 0.359328 23.7199
0.305911 0.0287666 -0.951625 -6.73947 0.0125441 0.999335 0.0342412 -0.416285 0.951977 -0.022412 0.305347 23.8705
0.252808 0.0346414 -0.966896 -7.3508 0.0131718 0.999143 0.0392407 -0.393616 0.967427 -0.0226561 0.252135 23.9926
0.201536 0.0395316 -0.978683 -7.98396 0.0147034 0.998951 0.0433781 -0.368598 0.979371 -0.0231323 0.200743 24.091
0.153079 0.0408606 -0.987369 -8.63574 0.0192973 0.998831 0.0443267 -0.349733 0.988025 -0.025839 0.152112 24.1706
0.108516 0.0424928 -0.993186 -9.30053 0.0214909 0.998752 0.045079 -0.337112 0.993862 -0.0262363 0.107467 24.2201
0.0681104 0.0404911 -0.996856 -9.99579 0.0210365 0.998896 0.0420113 -0.312751 0.997456 -0.0238318 0.0671834 24.2411
0.0325201 0.0361556 -0.998817 -10.7054 0.0183036 0.999156 0.0367638 -0.284285 0.999303 -0.0194775 0.0318309 24.2404
0.00352263 0.0359233 -0.999348 -11.4388 0.0162682 0.99922 0.0359761 -0.2556 0.999861 -0.0163843 0.00293547 24.2263
-0.0174103 0.0400238 -0.999047 -12.1942 0.0149538 0.999097 0.0397653 -0.231962 0.999737 -0.0142473 -0.0179931 24.1943
-0.0302124 0.0460011 -0.998484 -12.9787 0.0162622 0.998831 0.045525 -0.210133 0.999411 -0.0148622 -0.0309251 24.1593
-0.0381332 0.0488335 -0.998079 -13.7757 0.0161427 0.998705 0.0482474 -0.188815 0.999142 -0.0142718 -0.0388721 24.1194
-0.042129 0.0462222 -0.998042 -14.5984 0.0173475 0.998813 0.0455256 -0.164413 0.998962 -0.0153956 -0.0428808 24.0831
-0.0415224 0.0424501 -0.998235 -15.4353 0.0248853 0.998831 0.0414403 -0.138141 0.998828 -0.0231207 -0.0425302 24.0545
-0.0376606 0.0407088 -0.998461 -16.2998 0.0363675 0.998564 0.0393413 -0.0991832 0.998629 -0.0348299 -0.039087 24.0415
-0.0318333 0.0409207 -0.998655 -17.2016 0.036389 0.998547 0.0397563 -0.0689344 0.998831 -0.0350745 -0.0332761 24.0045
-0.0267511 0.0395418 -0.99886 -18.1183 0.0352447 0.998633 0.038589 -0.0487633 0.999021 -0.0341722 -0.0281082 23.979
-0.0238825 0.0331922 -0.999164 -19.0389 0.0386415 0.998732 0.0322543 -0.0244195 0.998968 -0.0378389 -0.0251348 23.9669
-0.0217737 0.0220767 -0.999519 -19.9894 0.03638 0.999112 0.0212752 0.00267247 0.999101 -0.0358993 -0.0225575 23.9395
-0.0210937 0.0137455 -0.999683 -20.9478 0.0295162 0.999478 0.0131199 0.00836938 0.999342 -0.0292301 -0.0214884 23.9023
-0.0223198 0.0104572 -0.999696 -21.9397 0.0237654 0.999668 0.00992635 0.029466 0.999468 -0.0235366 -0.0225609 23.859
-0.0257073 0.0167183 -0.99953 -22.97 0.0147454 0.999758 0.0163428 0.0326572 0.999561 -0.0143184 -0.0259476 23.8149
-0.0302963 0.0249285 -0.99923 -24.0068 0.00944491 0.999651 0.0246527 0.0383342 0.999496 -0.00869075 -0.0305212 23.7609
-0.034815 0.0341968 -0.998809 -25.0789 0.00764882 0.999394 0.0339502 0.064193 0.999365 -0.00645773 -0.0350555 23.7144
-0.0364634 0.0440662 -0.998363 -26.1627 0.0067616 0.999015 0.043848 0.0948127 0.999312 -0.00515169 -0.0367254 23.6629
-0.0375998 0.0519328 -0.997943 -27.2537 0.0085954 0.998629 0.0516447 0.124706 0.999256 -0.00663588 -0.0379946 23.6148
-0.038979 0.0524298 -0.997864 -28.347 0.00955743 0.998596 0.0520949 0.16804 0.999194 -0.0075064 -0.0394254 23.5666
-0.0408221 0.0497442 -0.997927 -29.4479 0.00877537 0.998739 0.0494257 0.205721 0.999128 -0.00673952 -0.0412071 23.5128
-0.0431139 0.0450642 -0.998053 -30.5412 0.00840145 0.998963 0.0447424 0.23627 0.999035 -0.00645608 -0.0434478 23.4496
-0.0473615 0.0395689 -0.998094 -31.6451 0.00817849 0.999197 0.0392246 0.266059 0.998844 -0.00630517 -0.0476471 23.3825
-0.0529225 0.0351252 -0.997981 -32.7362 0.00826169 0.999362 0.0347357 0.287859 0.998564 -0.0064067 -0.053179 23.3131
-0.0594517 0.0331781 -0.99768 -33.8592 0.00717875 0.999436 0.0328087 0.312339 0.998205 -0.00521156 -0.0596563 23.2328
-0.0660751 0.0356163 -0.997179 -35.0112 0.00820216 0.999348 0.0351503 0.33711 0.997781 -0.00585645 -0.0663242 23.1462
-0.0722297 0.0405322 -0.996564 -36.16 0.007226 0.999169 0.0401144 0.364932 0.997362 -0.00430372 -0.0724626 23.0478
-0.0778015 0.0433937 -0.996024 -37.3163 0.00498437 0.999057 0.0431365 0.398792 0.996956 -0.00160847 -0.0779444 22.9268
-0.0825341 0.045612 -0.995544 -38.4568 0.00274531 0.998959 0.0455408 0.430815 0.996584 0.00102559 -0.0825734 22.8195
-0.0852625 0.0470449 -0.995247 -39.5854 -0.00142593 0.998878 0.0473387 0.459787 0.996358 0.00545537 -0.0850997 22.7087
-0.0865347 0.0484078 -0.995072 -40.7303 -0.00529961 0.998782 0.0490491 0.494804 0.996235 0.00951794 -0.0861728 22.5874
-0.0883433 0.0479951 -0.994933 -41.9082 -0.00619305 0.998793 0.0487312 0.533674 0.996071 0.0104667 -0.0879394 22.4818
-0.0897647 0.047006 -0.994853 -43.0597 -0.00741487 0.998826 0.0478628 0.571944 0.995935 0.0116731 -0.0893108 22.3684
-0.0906416 0.0461672 -0.994813 -44.2397 -0.00884089 0.998848 0.04716 0.610321 0.995844 0.0130697 -0.0901291 22.2478
-0.0915636 0.0455719 -0.994756 -45.3976 -0.0106326 0.998851 0.0467382 0.637548 0.995742 0.0148564 -0.0909738 22.128
-0.092532 0.0431506 -0.994774 -46.5583 -0.0155456 0.998876 0.0447746 0.666009 0.995588 0.0196075 -0.0917572 22.0088
-0.0925616 0.0382058 -0.994974 -47.7153 -0.020464 0.99898 0.0402633 0.695901 0.995497 0.0240879 -0.0916853 21.8827
-0.0918206 0.0374572 -0.995071 -48.8868 -0.0222485 0.998966 0.0396568 0.726717 0.995527 0.0257802 -0.0908923 21.7606
-0.0897976 0.0415404 -0.995093 -50.0891 -0.0230963 0.998774 0.0437783 0.764013 0.995692 0.0269142 -0.0887281 21.6353
-0.0879592 0.0445327 -0.995128 -51.293 -0.023234 0.998637 0.0467434 0.799381 0.995853 0.0272323 -0.0868046 21.5224
-0.086851 0.0439663 -0.995251 -52.4726 -0.0214375 0.998712 0.0459899 0.8422 0.995991 0.02533 -0.0857966 21.42
-0.0843978 0.0430602 -0.995501 -53.6885 -0.0203405 0.998783 0.0449266 0.880958 0.996225 0.0240407 -0.0834192 21.3146
-0.0803153 0.0438035 -0.995807 -54.9005 -0.0243544 0.998649 0.0458928 0.916192 0.996472 0.0279381 -0.07914 21.2028
-0.07476 0.0445156 -0.996207 -56.1223 -0.0291098 0.99848 0.0468017 0.957509 0.996777 0.0324983 -0.0733506 21.0998
-0.0688495 0.044423 -0.996638 -57.3115 -0.0322646 0.998386 0.0467299 0.98749 0.997105 0.0353735 -0.0673051 20.9982
-0.0631449 0.0438506 -0.997041 -58.5104 -0.0334861 0.998379 0.0460302 1.01771 0.997442 0.0362936 -0.0615742 20.9132
-0.0575814 0.043083 -0.997411 -59.7375 -0.0329225 0.998443 0.0450283 1.05347 0.997798 0.03543 -0.0560734 20.8391
-0.0523784 0.0430425 -0.997699 -60.9607 -0.0308735 0.998523 0.0446989 1.0816 0.99815 0.0331437 -0.0509722 20.7725
-0.0469057 0.0435314 -0.99795 -62.1826 -0.0298653 0.998542 0.0449609 1.11774 0.998453 0.031913 -0.0455372 20.7075
-0.0414891 0.0450439 -0.998123 -63.4125 -0.0284857 0.998524 0.0462461 1.15299 0.998733 0.030351 -0.0401447 20.6545
-0.0358036 0.0461449 -0.998293 -64.6512 -0.0286855 0.998474 0.0471821 1.19419 0.998947 0.0303259 -0.0344253 20.5928
-0.0304485 0.0453237 -0.998508 -65.9007 -0.0287866 0.998517 0.0462019 1.23271 0.999122 0.0301504 -0.0290987 20.5477
-0.0255966 0.040842 -0.998838 -67.1476 -0.0284508 0.998731 0.0415667 1.26721 0.999267 0.0294817 -0.0244021 20.512
-0.0212059 0.0353429 -0.99915 -68.4006 -0.0279983 0.998962 0.0359305 1.29395 0.999383 0.0287364 -0.0201944 20.4747
-0.0176112 0.0347541 -0.999241 -69.6357 -0.0278005 0.998992 0.0352354 1.32165 0.999458 0.0284 -0.0166273 20.4482
-0.0141282 0.0377043 -0.999189 -70.8857 -0.0270306 0.998909 0.038076 1.33831 0.999535 0.0275467 -0.0130936 20.4198
-0.0120068 0.0372578 -0.999234 -72.1319 -0.0267649 0.998936 0.0375683 1.36647 0.99957 0.0271954 -0.0109968 20.3952
-0.0105847 0.0369204 -0.999262 -73.3922 -0.0281771 0.99891 0.0372058 1.39774 0.999547 0.0285501 -0.00953284 20.3581
-0.00999993 0.0379824 -0.999228 -74.655 -0.0295962 0.998829 0.0382634 1.41998 0.999512 0.029956 -0.00886409 20.3399
-0.00909817 0.0375854 -0.999252 -75.9024 -0.0301645 0.998828 0.0378441 1.44773 0.999504 0.0304862 -0.00795376 20.3207
-0.00760662 0.0354595 -0.999342 -77.1477 -0.0306338 0.998894 0.0356767 1.47721 0.999502 0.030885 -0.00651195 20.2969
-0.00656234 0.0342001 -0.999393 -78.4107 -0.0287024 0.998997 0.034375 1.50368 0.999566 0.0289106 -0.00557413 20.2751
-0.00661781 0.0342447 -0.999392 -79.6733 -0.025018 0.999095 0.0344002 1.51991 0.999665 0.0252305 -0.00575508 20.2669
-0.00649959 0.0349117 -0.999369 -80.9319 -0.0215393 0.999154 0.0350443 1.54158 0.999747 0.0217535 -0.00574212 20.2558
-0.00643596 0.0376567 -0.99927 -82.1961 -0.0217016 0.99905 0.0377881 1.56313 0.999744 0.021929 -0.00561263 20.2398
-0.00588139 0.0413743 -0.999126 -83.4608 -0.0234846 0.998862 0.0415016 1.58527 0.999707 0.0237081 -0.00490304 20.2158
-0.0054034 0.0413878 -0.999129 -84.7148 -0.0260668 0.998798 0.0415151 1.61154 0.999646 0.0262684 -0.00431806 20.1991
-0.00478937 0.039001 -0.999228 -85.9704 -0.0275334 0.998855 0.0391184 1.64408 0.999609 0.0276995 -0.00371006 20.1751
-0.0048324 0.0365563 -0.99932 -87.2411 -0.0272706 0.998955 0.0366748 1.66833 0.999616 0.0274293 -0.00383043 20.1716
-0.00502907 0.0358477 -0.999345 -88.4973 -0.0250802 0.999038 0.0359629 1.69378 0.999673 0.0252447 -0.00412516 20.1634
-0.00507674 0.0373789 -0.999288 -89.7602 -0.0235926 0.999019 0.0374887 1.71648 0.999709 0.0237662 -0.00418989 20.1541
-0.00467397 0.0401668 -0.999182 -91.035 -0.0230166 0.998924 0.0402641 1.74512 0.999724 0.023186 -0.00374444 20.1404
-0.00388587 0.0423688 -0.999094 -92.2865 -0.0240596 0.998809 0.0424503 1.77399 0.999703 0.0242027 -0.00286187 20.1253
-0.00365549 0.0426752 -0.999082 -93.5433 -0.0249684 0.998774 0.0427534 1.80098 0.999682 0.0251018 -0.00258548 20.1111
-0.00338217 0.0403815 -0.999179 -94.7892 -0.0242609 0.998887 0.0404519 1.83011 0.9997 0.0243778 -0.00239872 20.0986
-0.00334841 0.0389685 -0.999235 -96.03 -0.0223879 0.998987 0.0390339 1.85697 0.999744 0.0225015 -0.0024726 20.0902
-0.00349601 0.0399989 -0.999194 -97.2983 -0.0205563 0.998986 0.0400625 1.87971 0.999783 0.0206798 -0.00267023 20.0846
-0.00319761 0.042664 -0.999084 -98.5416 -0.0186367 0.998913 0.0427163 1.91168 0.999821 0.0187562 -0.00239902 20.0772
-0.00300021 0.0454477 -0.998962 -99.7878 -0.016869 0.998822 0.045492 1.93716 0.999853 0.016988 -0.00223002 20.0695
-0.0024486 0.047324 -0.998877 -101.051 -0.0170208 0.998733 0.0473589 1.9682 0.999852 0.0171177 -0.00164 20.0564
-0.00214072 0.0492115 -0.998786 -102.292 -0.0194899 0.998597 0.0492439 2.00034 0.999808 0.0195717 -0.00117859 20.0406
-0.00188373 0.0486418 -0.998815 -103.519 -0.0209557 0.998595 0.0486706 2.02494 0.999779 0.0210225 -0.000861766 20.0301
-0.00148667 0.0447517 -0.998997 -104.753 -0.0230579 0.998731 0.0447741 2.0572 0.999733 0.0231013 -0.000452908 20.0086
-0.00125075 0.0431048 -0.99907 -105.977 -0.024072 0.99878 0.0431224 2.08616 0.999709 0.0241035 -0.000211602 19.9967
-0.00152697 0.0414972 -0.999137 -107.212 -0.0233104 0.998866 0.0415215 2.11145 0.999727 0.0233536 -0.000557923 19.9947
-0.00134847 0.0416839 -0.99913 -108.453 -0.0216408 0.998896 0.0417034 2.14525 0.999765 0.0216782 -0.000444904 19.9903
-0.00182473 0.0439088 -0.999034 -109.697 -0.0216219 0.9988 0.043938 2.1735 0.999765 0.0216811 -0.000873149 19.986
-0.00171853 0.0461717 -0.998932 -110.961 -0.0209142 0.998713 0.0461976 2.20558 0.99978 0.0209712 -0.000750675 19.9821
-0.00226889 0.045672 -0.998954 -112.213 -0.024996 0.998642 0.0457145 2.23603 0.999685 0.0250735 -0.0011242 19.9683
-0.00302423 0.0465494 -0.998911 -113.456 -0.0282101 0.998514 0.0466163 2.27583 0.999597 0.0283204 -0.00170657 19.9582
-0.00314083 0.045534 -0.998958 -114.709 -0.0309762 0.998479 0.0456096 2.31669 0.999515 0.0310872 -0.00172559 19.9423
-0.00332788 0.0415674 -0.99913 -115.981 -0.0315485 0.998634 0.0416519 2.3546 0.999497 0.0316596 -0.00201194 19.9265
-0.00418835 0.0376788 -0.999281 -117.237 -0.0311028 0.998802 0.0377911 2.38827 0.999507 0.0312387 -0.00301142 19.9166
-0.00509724 0.036626 -0.999316 -118.492 -0.0270454 0.998958 0.0367509 2.41565 0.999621 0.0272143 -0.00410136 19.9101
-0.00550837 0.0355902 -0.999351 -119.793 -0.0211554 0.999139 0.0356993 2.44931 0.999761 0.0213383 -0.0047507 19.9002
-0.00600359 0.0374717 -0.99928 -121.086 -0.0213391 0.999065 0.0375919 2.47385 0.999754 0.0215495 -0.00519836 19.888
-0.00646435 0.0416034 -0.999113 -122.401 -0.0203564 0.998922 0.0417272 2.50495 0.999772 0.0206081 -0.00561048 19.8665
-0.00705411 0.0416123 -0.999109 -123.713 -0.0182957 0.998961 0.0417353 2.53906 0.999808 0.0185738 -0.00628546 19.8482
-0.0073437 0.0374705 -0.999271 -125.04 -0.0176453 0.999137 0.0375952 2.57555 0.999817 0.0179085 -0.00667619 19.8218
-0.00786895 0.0339328 -0.999393 -126.357 -0.0187809 0.999243 0.0340756 2.60266 0.999793 0.0190376 -0.0072257 19.7944
-0.00844396 0.0322917 -0.999443 -127.69 -0.0176254 0.999318 0.0324366 2.62901 0.999809 0.0178895 -0.00786905 19.7691
-0.0089096 0.0335254 -0.999398 -129.025 -0.0196506 0.999239 0.0336952 2.65332 0.999767 0.019939 -0.00824402 19.7426
-0.00950831 0.0381812 -0.999226 -130.372 -0.0246404 0.998958 0.0384055 2.68079 0.999651 0.0249865 -0.00855761 19.716
-0.0102288 0.0410885 -0.999103 -131.718 -0.0295287 0.998707 0.0413745 2.71647 0.999512 0.0299254 -0.00900228 19.6946
-0.0101918 0.0410535 -0.999105 -133.072 -0.0365335 0.998474 0.0414003 2.74787 0.99928 0.0369228 -0.0086764 19.6563
-0.0101202 0.038866 -0.999193 -134.411 -0.0397455 0.998439 0.0392392 2.78208 0.999159 0.0401105 -0.00855963 19.6329
-0.0110143 0.0376652 -0.99923 -135.742 -0.0411494 0.998427 0.0380885 2.80973 0.999092 0.0415372 -0.00944705 19.6166
-0.0114714 0.0371475 -0.999244 -137.077 -0.041908 0.998414 0.0375977 2.83152 0.999056 0.0423076 -0.00989642 19.5848
-0.0118746 0.0366752 -0.999257 -138.409 -0.0406577 0.998483 0.03713 2.8476 0.999103 0.0410684 -0.0103654 19.5586
-0.0122897 0.0375645 -0.999219 -139.747 -0.040079 0.998473 0.0380294 2.86973 0.999121 0.0405151 -0.0107654 19.5325
-0.0131061 0.0424717 -0.999012 -141.082 -0.0389342 0.998318 0.042953 2.90012 0.999156 0.0394586 -0.0114305 19.5128
-0.0137096 0.0465977 -0.99882 -142.428 -0.0377032 0.998179 0.0470853 2.92998 0.999195 0.0383042 -0.0119277 19.4862
-0.0134916 0.0453276 -0.998881 -143.764 -0.0373719 0.998251 0.0458038 2.96609 0.99921 0.037948 -0.011774 19.4579
-0.0125516 0.0437974 -0.998962 -145.116 -0.0373229 0.998324 0.0442384 3.00973 0.999224 0.0378394 -0.0108959 19.4266
-0.0113276 0.0432981 -0.998998 -146.471 -0.0358627 0.998402 0.0436789 3.04184 0.999293 0.0363215 -0.00975667 19.397
-0.0102772 0.0429753 -0.999023 -147.814 -0.0362184 0.998404 0.0433212 3.07038 0.999291 0.0366282 -0.00870426 19.3725
-0.00942101 0.0452897 -0.998929 -149.144 -0.0364182 0.998296 0.0456045 3.0955 0.999292 0.0368088 -0.00775558 19.3499
-0.00846805 0.0487577 -0.998775 -150.503 -0.037029 0.99811 0.0490392 3.13582 0.999278 0.0373989 -0.0066466 19.3256
-0.00698353 0.0499131 -0.998729 -151.846 -0.0384721 0.998001 0.0501457 3.17405 0.999235 0.0387735 -0.0050493 19.2987
-0.0061387 0.0471923 -0.998867 -153.179 -0.0404365 0.998057 0.0474025 3.21428 0.999163 0.0406817 -0.00421848 19.2749
-0.00594204 0.044142 -0.999008 -154.516 -0.039074 0.998252 0.044341 3.25299 0.999219 0.0392987 -0.00420685 19.2604
-0.00596934 0.0428002 -0.999066 -155.84 -0.0367719 0.998399 0.0429914 3.28437 0.999306 0.0369942 -0.00438593 19.2487
-0.00619981 0.042338 -0.999084 -157.187 -0.034671 0.998494 0.0425281 3.30821 0.99938 0.0349029 -0.00472257 19.2335
-0.00636409 0.0423235 -0.999084 -158.519 -0.0319225 0.998586 0.0425058 3.35037 0.99947 0.0321638 -0.00500402 19.2213
-0.00624296 0.0408858 -0.999144 -159.848 -0.029625 0.998718 0.0410534 3.38076 0.999542 0.0298559 -0.00502371 19.196
-0.00617003 0.0410457 -0.999138 -161.18 -0.0288516 0.998734 0.0412073 3.40938 0.999565 0.029081 -0.00497798 19.1722
-0.00635853 0.0435431 -0.999031 -162.508 -0.0269462 0.998681 0.0436993 3.44094 0.999617 0.0271979 -0.00517683 19.155
-0.00651066 0.0446569 -0.998981 -163.848 -0.0244661 0.998696 0.0448036 3.47815 0.999679 0.0247328 -0.00540959 19.14
-0.00663104 0.0430992 -0.999049 -165.179 -0.0221919 0.998818 0.0432365 3.51501 0.999732 0.0224575 -0.00566676 19.1221
-0.00717911 0.0431472 -0.999043 -166.504 -0.0230157 0.998797 0.0433019 3.55048 0.999709 0.0233046 -0.00617741 19.1018
-0.00709387 0.0474464 -0.998849 -167.835 -0.0225691 0.998612 0.0475955 3.58964 0.99972 0.0228808 -0.00601319 19.0819
-0.00660463 0.0541009 -0.998514 -169.156 -0.0275023 0.998148 0.054263 3.6299 0.9996 0.0278198 -0.0051045 19.0586
-0.0052838 0.0542358 -0.998514 -170.486 -0.0319284 0.99801 0.0543774 3.67625 0.999476 0.0321683 -0.00354162 19.0245
-0.00393808 0.0503051 -0.998726 -171.807 -0.0352359 0.998107 0.0504128 3.72805 0.999371 0.0353896 -0.00215808 19.0075
-0.0023393 0.0447633 -0.998995 -173.108 -0.0374737 0.998292 0.0448195 3.76859 0.999295 0.0375409 -0.000657862 18.9915
-0.00137073 0.0433299 -0.99906 -174.414 -0.0400162 0.998258 0.04335 3.79866 0.999198 0.040038 0.00036556 18.9689
-0.000276332 0.0403798 -0.999184 -175.72 -0.0351106 0.998568 0.0403646 3.82367 0.999383 0.0350931 0.00114182 18.9626
-0.00013418 0.03561 -0.999366 -177.029 -0.0318735 0.998858 0.0355962 3.85509 0.999492 0.031858 0.00100099 18.9558
-0.000686744 0.0319649 -0.999489 -178.329 -0.024814 0.999181 0.0319721 3.88447 0.999692 0.0248232 0.000106994 18.9592
-0.00166874 0.0349891 -0.999386 -179.632 -0.0225291 0.999133 0.0350178 3.9052 0.999745 0.0225737 -0.000879019 18.9519
-0.000710255 0.041395 -0.999143 -180.972 -0.022633 0.998886 0.0414005 3.92864 0.999744 0.022643 0.000227432 18.9387
0.000676942 0.0443386 -0.999016 -182.314 -0.0236144 0.998739 0.0443102 3.96792 0.999721 0.0235611 0.00172312 18.936
0.00273093 0.0409025 -0.999159 -183.605 -0.0251587 0.99885 0.040821 4.00016 0.99968 0.0250261 0.00375684 18.9238
0.0032833 0.0407628 -0.999163 -184.912 -0.0278574 0.998785 0.0406558 4.03502 0.999607 0.0277006 0.00441485 18.928
0.00409206 0.0419918 -0.99911 -186.212 -0.0259451 0.998786 0.0418719 4.05512 0.999655 0.0257506 0.00517658 18.9283
0.00467853 0.0401053 -0.999185 -187.489 -0.0260297 0.998862 0.0399704 4.08303 0.99965 0.0258215 0.00571713 18.9279
0.00619952 0.0387357 -0.99923 -188.755 -0.0263312 0.998909 0.0385599 4.10682 0.999634 0.0260719 0.00721272 18.9271
0.00808249 0.0402864 -0.999155 -190.009 -0.0275329 0.998818 0.0400501 4.13259 0.999588 0.0271859 0.00918214 18.9198
0.0094731 0.0421185 -0.999068 -191.22 -0.0276727 0.998741 0.0418423 4.14995 0.999572 0.0272505 0.0106267 18.9173
0.00980403 0.0435813 -0.999002 -192.403 -0.0280016 0.99867 0.0432921 4.16547 0.99956 0.0275492 0.0110113 18.9227
0.00999783 0.044779 -0.998947 -193.559 -0.0276527 0.998627 0.0444879 4.18936 0.999568 0.0271788 0.0112224 18.9232
0.0100937 0.0458593 -0.998897 -194.688 -0.0271719 0.998592 0.0455707 4.2055 0.99958 0.026682 0.0113256 18.9182
0.0106263 0.0446772 -0.998945 -195.783 -0.0269836 0.99865 0.044377 4.23245 0.999579 0.0264836 0.0118176 18.9172
0.011941 0.0447116 -0.998929 -196.835 -0.0275531 0.998635 0.0443691 4.25136 0.999549 0.0269938 0.0131567 18.924
0.0135589 0.0454839 -0.998873 -197.883 -0.0284493 0.998578 0.0450843 4.27355 0.999503 0.027806 0.0148336 18.9307
0.0131868 0.0438979 -0.998949 -198.895 -0.0267157 0.998695 0.043534 4.29134 0.999556 0.0261135 0.0143423 18.9292
0.0100712 0.0409218 -0.999112 -199.883 -0.0247038 0.998867 0.0406628 4.30376 0.999644 0.0242723 0.0110707 18.9338
0.00518421 0.0370952 -0.999298 -200.885 -0.0242406 0.999023 0.0369592 4.3275 0.999693 0.024032 0.00607835 18.9327
0.000356868 0.0340644 -0.99942 -201.875 -0.0253959 0.999098 0.0340443 4.34656 0.999677 0.025369 0.00122164 18.9191
-0.00306834 0.0334497 -0.999436 -202.87 -0.0269677 0.999074 0.0335204 4.35852 0.999632 0.0270554 -0.00216344 18.8945
-0.0057771 0.0344672 -0.999389 -203.849 -0.0283634 0.998998 0.0346176 4.36869 0.999581 0.0285461 -0.0047937 18.8774
-0.00773492 0.0359051 -0.999325 -204.836 -0.0266639 0.998992 0.0360995 4.38675 0.999615 0.0269251 -0.00676976 18.8619
-0.00945084 0.0375182 -0.999251 -205.824 -0.0237097 0.999007 0.0377332 4.40231 0.999674 0.0240486 -0.0085519 18.8521
-0.0107035 0.0382064 -0.999213 -206.802 -0.0222742 0.999013 0.0384373 4.41493 0.999695 0.0226681 -0.00984195 18.8316
-0.0116793 0.0370381 -0.999246 -207.783 -0.0230114 0.999039 0.0372994 4.42988 0.999667 0.0234296 -0.0108157 18.8124
-0.0123532 0.0358628 -0.99928 -208.763 -0.0244933 0.999046 0.0361572 4.44879 0.999624 0.0249223 -0.011463 18.7894
-0.0120213 0.0351674 -0.999309 -209.731 -0.0281088 0.998975 0.0354937 4.46634 0.999533 0.0285161 -0.0110205 18.7616
-0.0108313 0.0335685 -0.999378 -210.71 -0.0309277 0.998947 0.0338893 4.48268 0.999463 0.0312755 -0.00978174 18.7326
-0.00969155 0.0312367 -0.999465 -211.688 -0.031359 0.999011 0.0315266 4.49353 0.999461 0.0316478 -0.00870241 18.7096
-0.00906038 0.0283468 -0.999557 -212.668 -0.0308575 0.999114 0.0286139 4.51073 0.999483 0.0311031 -0.00817764 18.6892
-0.00833095 0.0280348 -0.999572 -213.657 -0.0311492 0.999115 0.0282816 4.52023 0.99948 0.0313715 -0.00745031 18.6709
-0.00784759 0.0302549 -0.999511 -214.634 -0.0289879 0.999115 0.0304705 4.53651 0.999549 0.0292128 -0.00696362 18.6605
-0.00782521 0.0313959 -0.999476 -215.633 -0.0278098 0.999114 0.0316023 4.55156 0.999583 0.0280426 -0.00694515 18.6451
-0.00668603 0.0274449 -0.999601 -216.647 -0.0226208 0.999363 0.0275897 4.56629 0.999722 0.0227962 -0.00606095 18.6315
-0.00690221 0.0241901 -0.999684 -217.657 -0.0212101 0.999479 0.0243316 4.57854 0.999751 0.0213713 -0.00638554 18.6263
-0.00644465 0.0243778 -0.999682 -218.681 -0.0255352 0.999373 0.0245349 4.59934 0.999653 0.0256852 -0.00581811 18.6093
-0.00482406 0.0285994 -0.999579 -219.718 -0.0268792 0.999226 0.028719 4.60613 0.999627 0.0270065 -0.0040516 18.59
-0.00300713 0.0276229 -0.999614 -220.743 -0.0239113 0.999331 0.027687 4.62012 0.99971 0.0239853 -0.00234462 18.5847
-0.00126284 0.0285092 -0.999593 -221.781 -0.0226539 0.999336 0.0285305 4.64366 0.999743 0.0226807 -0.000616153 18.5839
0.000208778 0.0331337 -0.999451 -222.833 -0.0231735 0.999183 0.0331199 4.66244 0.999731 0.0231538 0.000976429 18.5757
0.00165261 0.0369642 -0.999315 -223.893 -0.0198471 0.999121 0.0369242 4.68178 0.999802 0.0197725 0.00238479 18.5759
0.00256753 0.0377896 -0.999282 -224.962 -0.0189988 0.999107 0.0377341 4.69764 0.999816 0.0188883 0.0032832 18.5764
0.00505218 0.0388811 -0.999231 -226.052 -0.0225839 0.998993 0.0387577 4.7209 0.999732 0.0223708 0.00592518 18.5672
0.00856677 0.0406955 -0.999135 -227.137 -0.0269538 0.998818 0.0404515 4.74755 0.9996 0.0265839 0.00965354 18.5509
0.0120917 0.0404178 -0.99911 -228.225 -0.0278638 0.998808 0.0400684 4.78143 0.999539 0.0273545 0.0132034 18.5563
0.0151521 0.0379362 -0.999165 -229.322 -0.0304162 0.998835 0.0374624 4.80562 0.999422 0.0298232 0.0162883 18.5592
0.0178626 0.0345951 -0.999242 -230.431 -0.0300132 0.998969 0.0340491 4.83004 0.99939 0.0293822 0.0188825 18.5739
0.0193872 0.0335711 -0.999248 -231.545 -0.0289647 0.999035 0.033002 4.85407 0.999392 0.0283031 0.0203409 18.5941
0.0207838 0.035965 -0.999137 -232.683 -0.0295225 0.998939 0.0353437 4.87473 0.999348 0.0287624 0.0218236 18.6128
0.0219877 0.0390791 -0.998994 -233.818 -0.0305874 0.998794 0.0383981 4.90132 0.99929 0.0297123 0.0231565 18.631
0.0234059 0.0388166 -0.998972 -234.946 -0.0303746 0.998812 0.0380987 4.92501 0.999265 0.0294517 0.0245571 18.6467
0.0245024 0.0363156 -0.99904 -236.101 -0.0293602 0.998935 0.0355917 4.94657 0.999269 0.0284599 0.0255425 18.6644
0.0245159 0.0332965 -0.999145 -237.249 -0.026405 0.999118 0.0326477 4.97006 0.999351 0.0255821 0.0253735 18.6919
0.0246808 0.0323468 -0.999172 -238.41 -0.0249401 0.999185 0.0317311 4.99197 0.999384 0.0241363 0.0254674 18.71
0.0249693 0.0313742 -0.999196 -239.587 -0.0257732 0.999195 0.0307301 5.01112 0.999356 0.0249852 0.0257579 18.7293
0.0252129 0.031634 -0.999181 -240.764 -0.0257817 0.999187 0.0309837 5.02344 0.99935 0.0249794 0.026008 18.7531
0.0250971 0.0325475 -0.999155 -241.95 -0.0277278 0.999108 0.0318495 5.04572 0.9993 0.0269051 0.0259772 18.7743
0.0245734 0.0348927 -0.999089 -243.14 -0.0290402 0.998994 0.0341751 5.0635 0.999276 0.0281739 0.025562 18.7937
0.0236753 0.0365714 -0.999051 -244.345 -0.0287386 0.998943 0.0358864 5.08431 0.999307 0.0278617 0.0247013 18.8158
0.0231279 0.0383579 -0.998996 -245.556 -0.0295846 0.998852 0.0376674 5.11615 0.999295 0.0286838 0.0242361 18.8322
0.0221803 0.0395336 -0.998972 -246.789 -0.031562 0.998747 0.0388239 5.14486 0.999256 0.0306685 0.0234003 18.8509
0.0210155 0.0383718 -0.999043 -248.018 -0.0337985 0.998719 0.0376484 5.17032 0.999208 0.032975 0.0222855 18.866
0.0200992 0.0338447 -0.999225 -249.253 -0.0322494 0.998929 0.0331859 5.19675 0.999278 0.0315574 0.0211691 18.8761
0.0193239 0.0274586 -0.999436 -250.518 -0.0290622 0.999216 0.0268906 5.22291 0.999391 0.0285262 0.0201068 18.8827
0.0171089 0.0226277 -0.999598 -251.77 -0.0241503 0.999462 0.0222113 5.2428 0.999562 0.0237606 0.0176462 18.9025
0.0149059 0.0225157 -0.999635 -253.041 -0.0178543 0.999593 0.0222485 5.25913 0.999729 0.0175162 0.0153019 18.9182
0.0125768 0.0264203 -0.999572 -254.323 -0.0126399 0.999575 0.0262613 5.26777 0.999841 0.0123042 0.0129054 18.9302
0.0107079 0.0289271 -0.999524 -255.601 -0.0103332 0.999531 0.0288166 5.27746 0.999889 0.0100197 0.0110018 18.9333
0.00869187 0.0283122 -0.999561 -256.89 -0.0089994 0.999561 0.028234 5.28996 0.999922 0.00875004 0.00894285 18.9403
0.00634827 0.0291903 -0.999554 -258.186 -0.00896395 0.999535 0.0291328 5.30519 0.99994 0.00877501 0.00660698 18.9432
0.00446537 0.0305835 -0.999522 -259.496 -0.00824622 0.999499 0.030546 5.32439 0.999956 0.00810588 0.00471534 18.9362
0.00218356 0.0301689 -0.999542 -260.799 -0.00705542 0.99952 0.0301528 5.34046 0.999973 0.00698635 0.00239537 18.9293
-0.000223227 0.0285176 -0.999593 -262.114 -0.00664067 0.999571 0.0285184 5.36335 0.999978 0.00664433 -3.37551e-05 18.923
-0.00238556 0.0285056 -0.999591 -263.438 -0.00650436 0.999572 0.0285206 5.37574 0.999976 0.00656974 -0.00219913 18.911
-0.00443511 0.029809 -0.999546 -264.768 -0.00808211 0.999522 0.0298441 5.38979 0.999958 0.0082108 -0.00419207 18.8922
-0.00669785 0.0301523 -0.999523 -266.109 -0.00806133 0.999511 0.030206 5.40766 0.999945 0.0082598 -0.0064515 18.8743
-0.00889674 0.0313847 -0.999468 -267.455 -0.00977301 0.999457 0.0314714 5.42485 0.999913 0.0100478 -0.00858519 18.8458
-0.0111343 0.0333291 -0.999382 -268.791 -0.0113857 0.999375 0.0334557 5.44031 0.999873 0.0117512 -0.0107478 18.8216
-0.0129021 0.0343374 -0.999327 -270.156 -0.0133044 0.999316 0.0345087 5.45923 0.999828 0.0137407 -0.0124364 18.7969
-0.0139028 0.0345137 -0.999308 -271.505 -0.0158731 0.999271 0.0347332 5.48464 0.999777 0.016345 -0.0133448 18.7715
-0.0137235 0.0346679 -0.999305 -272.865 -0.0160949 0.999262 0.0348875 5.50489 0.999776 0.0165625 -0.0131553 18.7374
-0.0133648 0.0335171 -0.999349 -274.217 -0.0153617 0.999313 0.0337214 5.52238 0.999793 0.0158023 -0.0128407 18.7001
-0.0131129 0.0325424 -0.999384 -275.557 -0.0131944 0.999378 0.0327153 5.53661 0.999827 0.0136152 -0.0126753 18.6719
-0.0135376 0.0323923 -0.999384 -276.921 -0.0119967 0.999398 0.0325553 5.55588 0.999836 0.01243 -0.0131408 18.6481
-0.013296 0.0333636 -0.999355 -278.286 -0.0115046 0.999372 0.0335172 5.56741 0.999845 0.0119429 -0.0129038 18.6074
-0.012787 0.0336737 -0.999351 -279.647 -0.010187 0.999377 0.0338049 5.57908 0.999866 0.0106126 -0.012436 18.5768
-0.0123472 0.0343659 -0.999333 -280.999 -0.0092113 0.999363 0.0344808 5.60217 0.999881 0.00963089 -0.0120228 18.5442
-0.0120679 0.035065 -0.999312 -282.362 -0.00615991 0.999363 0.0351412 5.63109 0.999908 0.00657976 -0.0118442 18.5185
-0.0121851 0.03775 -0.999213 -283.701 -0.00127376 0.999286 0.0377683 5.65007 0.999925 0.00173296 -0.0121283 18.4961
-0.0119857 0.0410482 -0.999085 -285.052 0.00250407 0.999155 0.041021 5.67806 0.999925 -0.00201012 -0.0120784 18.4654
-0.0119957 0.043163 -0.998996 -286.407 0.00571588 0.999055 0.0430969 5.7135 0.999912 -0.00519316 -0.0122311 18.4484
-0.0118734 0.0418459 -0.999054 -287.734 0.00498579 0.999114 0.0417892 5.73473 0.999917 -0.00448489 -0.0120715 18.4199
-0.011959 0.040498 -0.999108 -289.068 0.00278648 0.999177 0.0404674 5.76092 0.999925 -0.00230004 -0.012062 18.3933
-0.0120315 0.0436785 -0.998973 -290.395 -0.00257958 0.999041 0.0437125 5.79373 0.999924 0.00310285 -0.0119073 18.3558
-0.0121677 0.0499013 -0.99868 -291.718 -0.00818322 0.998716 0.0500028 5.82575 0.999892 0.00878084 -0.0117437 18.3262
-0.012066 0.0498731 -0.998683 -293.043 -0.0120807 0.998675 0.0500187 5.85686 0.999854 0.0126683 -0.0114475 18.2968
-0.0118372 0.0429895 -0.999005 -294.353 -0.0118392 0.998999 0.0431295 5.8964 0.99986 0.012338 -0.0113164 18.2701
-0.0122878 0.0378924 -0.999206 -295.67 -0.00900594 0.999237 0.0380044 5.91983 0.999884 0.00946579 -0.0119372 18.2476
-0.012433 0.0370106 -0.999238 -296.997 -0.00258442 0.99931 0.0370455 5.94345 0.999919 0.00304303 -0.0123288 18.2363
-0.0111545 0.0383794 -0.999201 -298.349 0.000658223 0.999263 0.0383745 5.97305 0.999938 -0.00022965 -0.0111715 18.2069
-0.0094843 0.0406301 -0.999129 -299.683 0.00171579 0.999173 0.0406156 5.99492 0.999954 -0.00132908 -0.00954617 18.1809
-0.00827654 0.0430018 -0.999041 -301.01 9.0664e-05 0.999075 0.0430025 6.02605 0.999966 0.000265335 -0.00827278 18.154
-0.00724834 0.0444844 -0.998984 -302.336 -0.000192837 0.99901 0.044487 6.05543 0.999974 0.000515097 -0.00723258 18.1324
-0.00631701 0.0457101 -0.998935 -303.658 -0.00164236 0.998953 0.0457213 6.08653 0.999979 0.00192944 -0.00623532 18.1101
-0.00510862 0.0456049 -0.998946 -305.003 -0.00170193 0.998958 0.0456141 6.10537 0.999986 0.00193317 -0.00502568 18.0814
-0.00489356 0.0440697 -0.999016 -306.316 -0.00186263 0.999026 0.0440793 6.13537 0.999986 0.0020765 -0.00480671 18.0645
-0.00485512 0.0430386 -0.999062 -307.633 -0.00188007 0.999071 0.0430482 6.16551 0.999986 0.00208731 -0.0047697 18.0504
-0.0049707 0.0426888 -0.999076 -308.938 -0.00238938 0.999085 0.0427011 6.20018 0.999985 0.00259943 -0.00486415 18.0364
-0.00451616 0.0425836 -0.999083 -310.267 -0.00262321 0.999089 0.0425957 6.23049 0.999986 0.00281317 -0.00440034 18.0211
-0.00443101 0.0429904 -0.999066 -311.592 -0.00323303 0.99907 0.043005 6.25982 0.999985 0.00342057 -0.0042879 18.0086
-0.00404341 0.0431566 -0.99906 -312.901 -0.00284377 0.999064 0.0431683 6.2914 0.999988 0.00301564 -0.0039169 17.9883
-0.00416584 0.0414755 -0.999131 -314.215 -0.00264982 0.999136 0.0414867 6.32326 0.999988 0.00282034 -0.00405234 17.9761
-0.00395661 0.0392886 -0.99922 -315.528 -0.00226921 0.999225 0.0392978 6.34981 0.99999 0.00242292 -0.00386439 17.9556
-0.00423903 0.0361552 -0.999337 -316.828 -0.00323607 0.99934 0.0361691 6.38095 0.999986 0.00338724 -0.00411924 17.938
-0.00435364 0.0349705 -0.999379 -318.137 -0.00431643 0.999378 0.0349893 6.40373 0.999981 0.00446608 -0.00419998 17.9175
-0.004428 0.0350638 -0.999375 -319.476 -0.00738759 0.999357 0.0350959 6.43005 0.999963 0.00753838 -0.00416611 17.8868
-0.00453961 0.0361717 -0.999335 -320.807 -0.0108534 0.999285 0.0362192 6.45647 0.999931 0.0110106 -0.00414378 17.8618
-0.00512658 0.0374761 -0.999284 -322.142 -0.0141001 0.999195 0.0375451 6.47665 0.999887 0.0142825 -0.00459404 17.8458
-0.006207 0.0375216 -0.999277 -323.479 -0.0147694 0.999183 0.0376099 6.50326 0.999872 0.0149921 -0.00564776 17.8441
-0.00650656 0.0357134 -0.999341 -324.818 -0.0142183 0.999258 0.035803 6.51558 0.999878 0.0144418 -0.00599395 17.8222
-0.00698963 0.0334311 -0.999417 -326.144 -0.0119379 0.999367 0.033513 6.53885 0.999904 0.0121651 -0.00658611 17.8051
-0.00793209 0.0333003 -0.999414 -327.456 -0.00921675 0.9994 0.033373 6.55667 0.999926 0.00947607 -0.00762041 17.7909
-0.00928755 0.0351937 -0.999337 -328.809 -0.00711111 0.999353 0.0352603 6.57706 0.999932 0.00743388 -0.00903128 17.7875
-0.00977532 0.036388 -0.99929 -330.128 -0.0053501 0.999321 0.0364415 6.60052 0.999938 0.00570252 -0.009574 17.7662
