0.999934 -0.00325514 0.0110436 0.0221002 0.00324438 0.999994 0.000992022 -0.00299701 -0.0110467 -0.000956127 0.999939 0.304264
0.999831 -0.00558087 0.017533 0.0334895 0.00556998 0.999984 0.000669638 -0.00366611 -0.0175365 -0.000571866 0.999846 0.624355
0.999778 -0.00868308 0.0192091 0.0498514 0.00870454 0.999962 -0.00103365 -0.00555912 -0.0191994 0.00120063 0.999815 0.955321
0.999805 -0.0101848 0.0169198 0.0568146 0.0102325 0.999944 -0.00273528 -0.00774153 -0.016891 0.00290787 0.999853 1.2824
0.999861 -0.0131205 0.0102412 0.0565575 0.0131632 0.999905 -0.00410588 -0.0127893 -0.0101863 0.00424011 0.999939 1.61918
0.999884 -0.0151041 -0.00205293 0.0503307 0.0150914 0.999868 -0.0060544 -0.0198327 0.00214411 0.00602271 0.99998 1.96822
0.999719 -0.0145556 -0.0186933 0.0303633 0.0144425 0.999877 -0.00616893 -0.0281219 0.0187808 0.00589722 0.999806 2.32642
0.999202 -0.0105438 -0.0385138 0.00645261 0.0103198 0.999929 -0.00601139 -0.039496 0.0385744 0.00560914 0.99924 2.69618
0.998283 -0.00752635 -0.0580824 -0.0375172 0.00709387 0.999946 -0.00764846 -0.0427176 0.0581368 0.0072233 0.998282 3.07338
0.996894 -0.00766079 -0.0783779 -0.0809499 0.00705248 0.999943 -0.00803506 -0.0546219 0.078435 0.00745735 0.996891 3.4641
0.995024 -0.00951617 -0.0991786 -0.136265 0.00882105 0.999933 -0.00744496 -0.0635141 0.0992429 0.00653305 0.995042 3.87622
0.992842 -0.0110809 -0.118922 -0.197622 0.0103781 0.999925 -0.00652711 -0.0734032 0.118985 0.0052462 0.992882 4.2975
0.990592 -0.0104559 -0.136449 -0.28038 0.00983286 0.999938 -0.00523908 -0.0961573 0.136496 0.00384811 0.990633 4.72361
0.988345 -0.00917166 -0.151957 -0.365567 0.00858421 0.999953 -0.00452144 -0.108492 0.151991 0.00316431 0.988377 5.16475
0.986078 -0.00870382 -0.166053 -0.448013 0.00804941 0.999957 -0.0046136 -0.116129 0.166086 0.00321274 0.986106 5.62194
0.98398 -0.00985886 -0.178006 -0.545561 0.00904864 0.999945 -0.00536294 -0.12527 0.178049 0.00366631 0.984015 6.0835
0.98211 -0.0138214 -0.1878 -0.63739 0.0125374 0.999889 -0.00802338 -0.132283 0.187891 0.00552532 0.982174 6.57193
0.980516 -0.0129772 -0.196008 -0.738786 0.0112483 0.999887 -0.00993119 -0.140334 0.196115 0.00753293 0.980552 7.07333
0.97893 -0.0132941 -0.203761 -0.850868 0.011147 0.99987 -0.0116815 -0.14657 0.203889 0.00916403 0.978951 7.57982
0.977108 -0.0141906 -0.212268 -0.964867 0.0112798 0.999825 -0.0149178 -0.153568 0.212443 0.012182 0.977098 8.10302
0.975272 -0.018908 -0.220199 -1.08514 0.0156835 0.999743 -0.016383 -0.170283 0.220452 0.0125244 0.975317 8.63977
0.973341 -0.0256625 -0.227921 -1.21133 0.0222811 0.9996 -0.0173972 -0.190675 0.228277 0.0118551 0.973524 9.18794
0.971258 -0.0262172 -0.23658 -1.35272 0.0222675 0.999565 -0.0193519 -0.214833 0.236985 0.0135276 0.971419 9.75059
0.969252 -0.0218827 -0.245095 -1.51453 0.0166403 0.999587 -0.0234397 -0.231636 0.245507 0.0186405 0.969216 10.3156
0.967049 -0.0192769 -0.253858 -1.68291 0.0129918 0.999567 -0.0264119 -0.251504 0.254257 0.0222436 0.966881 10.8893
0.964701 -0.0219265 -0.262433 -1.84781 0.0150192 0.999487 -0.0282977 -0.275976 0.262918 0.0233573 0.964535 11.4856
0.962235 -0.0252116 -0.271048 -2.01657 0.0175848 0.999379 -0.0305303 -0.30086 0.27165 0.024611 0.962081 12.0894
0.959938 -0.0249371 -0.279099 -2.20007 0.0164165 0.999326 -0.0328249 -0.332663 0.27973 0.0269281 0.959701 12.7086
0.95767 -0.0238089 -0.286883 -2.40332 0.013982 0.999245 -0.0362546 -0.362563 0.287529 0.0307087 0.957279 13.3357
0.955417 -0.0248183 -0.294213 -2.61282 0.013114 0.999045 -0.0416885 -0.390663 0.294967 0.0359717 0.95483 13.9744
0.953639 -0.0262099 -0.299808 -2.82457 0.0120177 0.998722 -0.0490842 -0.43089 0.300711 0.0432057 0.952736 14.6114
0.95245 -0.026448 -0.303546 -3.05068 0.00938442 0.998299 -0.057536 -0.466177 0.304551 0.0519515 0.951078 15.2742
0.951204 -0.026038 -0.307463 -3.28006 0.00589102 0.997784 -0.066274 -0.514318 0.308507 0.0612288 0.949249 15.9512
0.949979 -0.0252333 -0.311294 -3.51787 0.00188818 0.997177 -0.0750684 -0.568359 0.312309 0.0707256 0.947344 16.628
0.948628 -0.024904 -0.315412 -3.76189 -0.00100404 0.996655 -0.0817127 -0.631929 0.316392 0.0778316 0.94543 17.3297
0.946975 -0.023469 -0.32045 -4.01228 -0.00512277 0.996099 -0.0880903 -0.70303 0.321268 0.0850608 0.94316 18.0349
0.945466 -0.0221609 -0.324966 -4.27481 -0.00895846 0.995536 -0.0939542 -0.772856 0.325598 0.0917417 0.941047 18.7482
0.943762 -0.0203388 -0.33 -4.54284 -0.013357 0.994946 -0.0995205 -0.851217 0.330356 0.0983315 0.93872 19.474
0.942065 -0.0177602 -0.334961 -4.82179 -0.0177736 0.994551 -0.10272 -0.929684 0.33496 0.102723 0.936616 20.2076
0.940233 -0.0166853 -0.340123 -5.10392 -0.0198728 0.994408 -0.103718 -1.01918 0.339952 0.104279 0.934644 20.9601
0.938008 -0.0161178 -0.34624 -5.39352 -0.0208011 0.9945 -0.102648 -1.11256 0.34599 0.103486 0.932513 21.7152
0.935662 -0.0163459 -0.352518 -5.69516 -0.0205648 0.994704 -0.100707 -1.20877 0.352297 0.101477 0.93037 22.4795
0.93308 -0.0165025 -0.35929 -6.00517 -0.0206596 0.994838 -0.0993471 -1.29165 0.359075 0.100122 0.927923 23.2518
0.929781 -0.0157418 -0.367776 -6.32384 -0.0213157 0.995106 -0.0964817 -1.37941 0.367495 0.0975462 0.924896 24.0388
0.926512 -0.0135489 -0.376022 -6.66021 -0.0223667 0.995601 -0.0909846 -1.46293 0.375601 0.0927087 0.922133 24.8322
0.923047 -0.00957503 -0.384568 -7.00928 -0.0254789 0.995973 -0.0859527 -1.5483 0.383843 0.0891368 0.919086 25.6268
0.919413 -0.0060403 -0.393247 -7.36767 -0.0284614 0.996239 -0.081845 -1.63568 0.392262 0.0864417 0.915783 26.4197
0.915545 -0.00525621 -0.402181 -7.7334 -0.0295565 0.996332 -0.0803053 -1.7139 0.401128 0.0854102 0.912032 27.2256
0.911647 -0.00485618 -0.410946 -8.12016 -0.0307867 0.996314 -0.0800711 -1.78689 0.40982 0.0856482 0.908137 28.0402
0.907961 -0.00464129 -0.41903 -8.5176 -0.0313142 0.996392 -0.0788884 -1.86178 0.417884 0.0847491 0.904539 28.8578
0.904105 -0.0038012 -0.427293 -8.92672 -0.0323306 0.996486 -0.0772728 -1.93882 0.426085 0.0836773 0.900805 29.6853
0.90019 -0.00439154 -0.435475 -9.33866 -0.0314026 0.996692 -0.074965 -2.01757 0.434363 0.0811578 0.897074 30.5248
0.896344 -0.00385307 -0.443343 -9.76498 -0.0306875 0.997025 -0.0707085 -2.09458 0.442297 0.0769842 0.893559 31.358
0.892605 -0.0020238 -0.450835 -10.2101 -0.0306268 0.997408 -0.0651152 -2.16761 0.449798 0.0719298 0.890229 32.2247
0.888803 -0.0016804 -0.458286 -10.6688 -0.0296569 0.997686 -0.0611751 -2.2335 0.457329 0.067964 0.886697 33.0774
0.88507 -0.00224881 -0.465452 -11.1313 -0.028642 0.99783 -0.0592846 -2.30367 0.464575 0.0658026 0.883085 33.9429
0.881951 -0.00272965 -0.471333 -11.6142 -0.0281755 0.99789 -0.0585008 -2.36637 0.470498 0.0648749 0.880013 34.8063
0.878856 -0.00266957 -0.47708 -12.1061 -0.0277802 0.998001 -0.05676 -2.42531 0.476278 0.0631373 0.877025 35.6865
0.875908 -0.00398952 -0.482463 -12.6084 -0.0259111 0.998134 -0.0552951 -2.50033 0.481783 0.0609346 0.87417 36.5738
0.873127 -0.00528517 -0.487465 -13.1219 -0.0247897 0.998166 -0.0552245 -2.56643 0.486863 0.0603021 0.871395 37.4866
0.870923 -0.00609704 -0.491382 -13.635 -0.0244666 0.998145 -0.0557493 -2.62915 0.490811 0.0605758 0.869158 38.3876
0.869559 -0.00576633 -0.493796 -14.1654 -0.0253531 0.998092 -0.0563012 -2.69094 0.493178 0.0614765 0.867753 39.3078
0.868992 -0.00626095 -0.494786 -14.7038 -0.0244028 0.998161 -0.0554892 -2.75204 0.494223 0.0602939 0.867242 40.2374
0.868827 -0.0057369 -0.495083 -15.2494 -0.0242201 0.998243 -0.0540715 -2.81564 0.494524 0.0589697 0.867161 41.1853
0.868394 -0.00743148 -0.495819 -15.7988 -0.0220182 0.998324 -0.0535266 -2.88689 0.495386 0.0573992 0.866775 42.1379
0.867752 -0.00950251 -0.496906 -16.3572 -0.0200059 0.998339 -0.054028 -2.95294 0.496595 0.056824 0.866121 43.0994
0.866629 -0.0121579 -0.498806 -16.923 -0.0171322 0.998389 -0.0541003 -3.0282 0.49866 0.0554305 0.865024 44.0761
0.865073 -0.0125549 -0.501489 -17.5064 -0.0155761 0.998533 -0.0518673 -3.10638 0.501405 0.0526802 0.863608 45.0586
0.862963 -0.0114974 -0.505137 -18.0839 -0.0146906 0.998747 -0.0478294 -3.17704 0.505054 0.0486957 0.861713 46.0372
0.860167 -0.0113298 -0.509887 -18.6753 -0.0126444 0.998972 -0.0435282 -3.2437 0.509856 0.0438887 0.85914 47.0132
0.856107 -0.0115365 -0.51667 -19.2648 -0.011806 0.999053 -0.0418698 -3.30445 0.516664 0.0419448 0.85516 47.9801
0.850829 -0.0144323 -0.525244 -19.8657 -0.0102337 0.998978 -0.0440265 -3.36948 0.525343 0.0428343 0.849812 48.9429
0.844738 -0.0181148 -0.534874 -20.4811 -0.00861618 0.998837 -0.0474358 -3.43743 0.535111 0.0446794 0.843599 49.9115
0.838446 -0.0185357 -0.54467 -21.1104 -0.00809281 0.998888 -0.0464511 -3.51215 0.544925 0.0433546 0.837363 50.8853
0.832537 -0.0156457 -0.553749 -21.7514 -0.00892516 0.999093 -0.041647 -3.56926 0.553898 0.0396149 0.831641 51.8402
0.827524 -0.0110695 -0.561322 -22.4045 -0.0118189 0.999241 -0.0371293 -3.63453 0.561306 0.0373595 0.826764 52.7784
0.823481 -0.0112716 -0.567232 -23.0589 -0.0131534 0.999155 -0.03895 -3.69222 0.567191 0.0395356 0.822637 53.7083
0.819919 -0.0138578 -0.572312 -23.722 -0.0131617 0.998986 -0.0430451 -3.75942 0.572328 0.0428261 0.818906 54.6437
0.817193 -0.0157458 -0.576149 -24.3905 -0.0159131 0.998629 -0.0498626 -3.82728 0.576144 0.0499157 0.815822 55.5579
0.813686 -0.0170874 -0.581053 -25.0531 -0.0156682 0.99856 -0.0513064 -3.89853 0.581093 0.0508514 0.812247 56.4807
0.810133 -0.0155361 -0.586041 -25.7321 -0.0150375 0.998769 -0.0472651 -3.97054 0.586054 0.0471036 0.808902 57.416
0.806853 -0.0130355 -0.590609 -26.42 -0.0148146 0.998996 -0.0422879 -4.03396 0.590567 0.0428698 0.805849 58.3487
0.803959 -0.0110464 -0.594582 -27.117 -0.0154657 0.999101 -0.0394734 -4.09685 0.594484 0.0409306 0.803065 59.2649
0.800887 -0.0106129 -0.598722 -27.8132 -0.0164048 0.999079 -0.0396537 -4.15782 0.598591 0.0415801 0.799975 60.1799
0.797493 -0.0118744 -0.603212 -28.5201 -0.0163656 0.999013 -0.0413025 -4.22082 0.603107 0.0428104 0.796511 61.0873
0.793392 -0.0144109 -0.608541 -29.2214 -0.0152466 0.998936 -0.0435338 -4.28994 0.60852 0.0438175 0.792328 61.9921
0.788871 -0.0157988 -0.614356 -29.9344 -0.0141655 0.998936 -0.0438781 -4.35586 0.614396 0.0433168 0.787808 62.9076
0.78416 -0.0164864 -0.62034 -30.6625 -0.013034 0.998989 -0.0430256 -4.42201 0.620422 0.0418245 0.783152 63.8216
0.779077 -0.0161736 -0.626719 -31.3917 -0.0134019 0.999009 -0.0424412 -4.48552 0.626785 0.0414643 0.778088 64.7184
0.773759 -0.0172811 -0.633244 -32.1312 -0.0133309 0.998962 -0.0435505 -4.55132 0.633339 0.0421394 0.772726 65.5994
0.768308 -0.0190122 -0.639798 -32.8856 -0.0121272 0.998947 -0.0442477 -4.61904 0.639966 0.0417548 0.767268 66.4923
0.762873 -0.0191336 -0.646265 -33.6432 -0.0130726 0.998901 -0.0450053 -4.68436 0.646416 0.0427817 0.761785 67.3638
0.757187 -0.0203863 -0.652879 -34.4124 -0.0130108 0.998844 -0.0462786 -4.75298 0.653068 0.0435361 0.756047 68.2418
0.751178 -0.022059 -0.659731 -35.1946 -0.0123607 0.998796 -0.0474702 -4.82255 0.659984 0.0438133 0.750001 69.115
0.745112 -0.0233131 -0.666532 -35.989 -0.0112848 0.998805 -0.0475501 -4.88913 0.666844 0.0429518 0.743958 69.9831
0.738342 -0.0232496 -0.674026 -36.787 -0.0103881 0.998895 -0.0458349 -4.96264 0.674347 0.0408437 0.737285 70.8761
0.731838 -0.0233704 -0.681078 -37.6062 -0.00988921 0.998942 -0.0449039 -5.03529 0.681407 0.0395977 0.730833 71.7468
0.725347 -0.0255866 -0.687908 -38.4286 -0.00841254 0.998905 -0.0460245 -5.10059 0.688332 0.0391708 0.724337 72.6016
0.718743 -0.0272694 -0.69474 -39.2727 -0.0082533 0.998826 -0.0477436 -5.17026 0.695226 0.0400493 0.717674 73.4643
0.712804 -0.0260036 -0.700881 -40.1315 -0.0100725 0.99883 -0.0473017 -5.24816 0.701291 0.0407765 0.711708 74.3186
0.707376 -0.0252505 -0.706386 -40.9929 -0.0105928 0.998871 -0.0463134 -5.32049 0.706758 0.0402436 0.70631 75.1733
0.702201 -0.0250083 -0.71154 -41.8701 -0.0113686 0.998862 -0.0463261 -5.38993 0.711888 0.0406194 0.701117 76.0475
0.697555 -0.0260972 -0.716056 -42.7606 -0.01124 0.998815 -0.0473522 -5.46255 0.716443 0.0410793 0.696435 76.8816
0.692264 -0.0270161 -0.721138 -43.648 -0.012758 0.998685 -0.049661 -5.53286 0.721532 0.0435788 0.691009 77.7274
0.68744 -0.0292368 -0.725652 -44.5489 -0.0130457 0.998531 -0.05259 -5.60069 0.726124 0.0456192 0.686049 78.5599
0.682142 -0.0294571 -0.730626 -45.4503 -0.0135001 0.998511 -0.0528617 -5.68379 0.731095 0.0459227 0.680728 79.3981
0.677342 -0.0292713 -0.735086 -46.368 -0.0131958 0.998564 -0.0519222 -5.75649 0.73555 0.0448691 0.675983 80.2306
0.671883 -0.0297925 -0.740058 -47.3018 -0.0120613 0.998618 -0.0511515 -5.83702 0.740559 0.0432938 0.670595 81.0801
0.666416 -0.0313215 -0.744922 -48.2469 -0.0103545 0.998632 -0.0512524 -5.92075 0.745509 0.0418687 0.66518 81.9218
0.661433 -0.0329713 -0.749279 -49.1904 -0.00843044 0.998643 -0.0513864 -6.00127 0.749956 0.0403054 0.660258 82.7594
0.657169 -0.0332016 -0.753012 -50.1525 -0.00788259 0.998672 -0.0509125 -6.08212 0.753702 0.0393938 0.656035 83.5811
0.653105 -0.034523 -0.75648 -51.1071 -0.00574755 0.998706 -0.0505394 -6.16473 0.757245 0.0373554 0.652061 84.397
0.649116 -0.0374583 -0.759767 -52.0789 -0.00324689 0.998641 -0.0520095 -6.24297 0.760683 0.036227 0.648112 85.2223
0.644993 -0.0420282 -0.763032 -53.0469 -0.00015365 0.998479 -0.0551266 -6.32457 0.764189 0.0356735 0.644006 86.0299
0.640172 -0.046946 -0.766796 -54.0339 0.00469088 0.998351 -0.0572064 -6.3983 0.768217 0.033025 0.639337 86.8497
0.633457 -0.050775 -0.77211 -55.0356 0.0100747 0.998301 -0.0573842 -6.48284 0.773712 0.0285717 0.632893 87.6779
0.625178 -0.0541705 -0.7786 -56.0331 0.0139443 0.998204 -0.0582527 -6.56049 0.780357 0.0255613 0.624811 88.4733
0.616163 -0.0547467 -0.785714 -57.0472 0.0158122 0.99824 -0.0571549 -6.64445 0.78746 0.0227929 0.615944 89.2673
0.607302 -0.0534139 -0.792673 -58.0899 0.0166295 0.998373 -0.0545342 -6.73239 0.794297 0.0199369 0.607203 90.0577
0.59825 -0.052849 -0.799565 -59.1363 0.0157155 0.998405 -0.0542331 -6.82082 0.801155 0.0198794 0.598126 90.8322
0.588904 -0.0546103 -0.806356 -60.1979 0.015373 0.998291 -0.0563818 -6.90053 0.808057 0.0208073 0.588737 91.5867
0.578537 -0.0573366 -0.813638 -61.2601 0.0169994 0.998157 -0.0582521 -6.99558 0.815479 0.0198696 0.578446 92.3448
0.56871 -0.0594827 -0.820384 -62.3393 0.0179132 0.998041 -0.0599459 -7.08302 0.822343 0.0193962 0.568662 93.0842
0.558624 -0.060192 -0.827234 -63.4272 0.0210378 0.998071 -0.0584159 -7.18119 0.829154 0.0152293 0.558812 93.8095
0.548531 -0.059984 -0.833976 -64.5331 0.0219831 0.998113 -0.0573307 -7.2755 0.835841 0.0131143 0.548814 94.5257
0.538244 -0.06093 -0.840584 -65.6592 0.0222707 0.998063 -0.0580845 -7.36614 0.842495 0.0125432 0.538559 95.2433
0.527929 -0.062527 -0.846984 -66.7916 0.0224477 0.997965 -0.0596812 -7.45619 0.848992 0.0124946 0.528258 95.9424
0.518121 -0.0625821 -0.853015 -67.9351 0.0206517 0.997944 -0.0606711 -7.5535 0.855058 0.0138188 0.518348 96.622
0.508307 -0.0638938 -0.858802 -69.1024 0.0200086 0.997851 -0.0623962 -7.65366 0.860943 0.014533 0.508493 97.3013
0.498978 -0.0639369 -0.864253 -70.2717 0.0190246 0.997843 -0.0628358 -7.74406 0.866406 0.0149116 0.499118 97.9638
0.490358 -0.061823 -0.869325 -71.4413 0.0185591 0.997995 -0.0605049 -7.85095 0.871323 0.0135352 0.490523 98.6141
0.482676 -0.0605378 -0.873704 -72.6295 0.0184484 0.99809 -0.0589645 -7.94087 0.875605 0.0123422 0.48287 99.2573
0.474958 -0.0607796 -0.877907 -73.8265 0.0187215 0.998084 -0.0589712 -8.03831 0.879809 0.0115731 0.475186 99.8967
0.467363 -0.0638733 -0.881755 -75.0144 0.0207938 0.997905 -0.0612656 -8.14113 0.883821 0.0102983 0.467712 100.523
0.460366 -0.0673008 -0.885175 -76.2234 0.0237029 0.997698 -0.0635286 -8.24433 0.887413 0.0082652 0.460901 101.149
0.453918 -0.0699164 -0.888296 -77.44 0.0247781 0.997522 -0.0658518 -8.35001 0.890699 0.00788103 0.454526 101.772
0.448307 -0.073346 -0.890865 -78.6583 0.0266635 0.997282 -0.0686897 -8.45872 0.893482 0.00704055 0.449044 102.39
0.443244 -0.074394 -0.893309 -79.8773 0.0294411 0.997221 -0.0684396 -8.56785 0.895917 0.00403549 0.444202 103.006
0.439307 -0.0719142 -0.895454 -81.0963 0.0308389 0.99741 -0.0649729 -8.67289 0.897808 0.000928262 0.440387 103.594
0.435467 -0.0702749 -0.897457 -82.313 0.0339645 0.997521 -0.06163 -8.77262 0.899564 -0.00364389 0.436774 104.183
0.431937 -0.0695746 -0.899216 -83.5256 0.035651 0.997558 -0.0600587 -8.88232 0.901199 -0.00611634 0.433363 104.772
0.429139 -0.0695827 -0.900554 -84.7415 0.0371058 0.997545 -0.0593949 -8.97899 0.902476 -0.0079271 0.430667 105.346
0.426709 -0.0686669 -0.901779 -85.9293 0.0385761 0.997588 -0.0577087 -9.07169 0.903566 -0.0101623 0.428328 105.91
0.42389 -0.068267 -0.903137 -87.1365 0.0408561 0.997582 -0.05623 -9.16961 0.904792 -0.0130633 0.425654 106.487
0.421403 -0.0697247 -0.904189 -88.3535 0.0442402 0.997433 -0.0562966 -9.26257 0.905794 -0.016278 0.423406 107.052
0.419025 -0.0706803 -0.90522 -89.5513 0.0471712 0.997314 -0.0560356 -9.35185 0.906749 -0.0192201 0.421233 107.605
0.416597 -0.0697189 -0.906414 -90.7435 0.0502331 0.997297 -0.0536218 -9.44777 0.907702 -0.0231933 0.418973 108.157
0.414442 -0.0691158 -0.907447 -91.9161 0.0520032 0.997281 -0.0522076 -9.5405 0.908589 -0.0255531 0.41691 108.696
0.412458 -0.0706729 -0.908231 -93.0773 0.0549707 0.9971 -0.0526242 -9.6355 0.909317 -0.0282209 0.415146 109.224
0.411314 -0.0724699 -0.908608 -94.2328 0.0566605 0.996939 -0.0538658 -9.71583 0.909731 -0.0293265 0.414161 109.739
0.410682 -0.0743695 -0.908741 -95.375 0.057378 0.996801 -0.0556456 -9.80318 0.909972 -0.0292891 0.413635 110.257
0.411011 -0.0746356 -0.90857 -96.4998 0.0565428 0.996811 -0.0563059 -9.90601 0.909875 -0.0282307 0.413921 110.759
0.413685 -0.0737199 -0.907431 -97.5925 0.0543561 0.996938 -0.0562114 -10.0062 0.908796 -0.0260706 0.416425 111.24
0.417615 -0.0742486 -0.905585 -98.6844 0.0525406 0.996961 -0.0575111 -10.0925 0.907104 -0.0235625 0.420247 111.748
0.422769 -0.0745981 -0.903162 -99.7743 0.0510546 0.996984 -0.0584489 -10.1835 0.904798 -0.0214001 0.425303 112.25
0.428598 -0.0747409 -0.900398 -100.851 0.0507773 0.99699 -0.0585884 -10.2744 0.902067 -0.0206089 0.431103 112.762
0.435825 -0.0734933 -0.897026 -101.927 0.0497643 0.997104 -0.0575144 -10.3645 0.898654 -0.0195736 0.438221 113.272
0.444604 -0.0715986 -0.892861 -103.006 0.0476601 0.997279 -0.0562393 -10.459 0.894458 -0.0175496 0.446807 113.783
0.453389 -0.0715075 -0.88844 -104.068 0.0473401 0.997302 -0.0561108 -10.5405 0.890055 -0.0166189 0.45555 114.318
0.462904 -0.0714878 -0.883521 -105.119 0.0467567 0.997324 -0.0561986 -10.6211 0.885174 -0.0152959 0.465008 114.857
0.472354 -0.0723296 -0.878436 -106.155 0.045914 0.997293 -0.0574272 -10.7074 0.880212 -0.0132065 0.474397 115.417
0.482399 -0.0742321 -0.8728 -107.168 0.0444417 0.997194 -0.0602488 -10.7847 0.874823 -0.00972479 0.484344 115.977
0.49373 -0.0751964 -0.866358 -108.173 0.042677 0.997149 -0.0622274 -10.8713 0.868567 -0.00625 0.495532 116.548
0.506278 -0.073109 -0.859266 -109.177 0.0403691 0.997317 -0.0610694 -10.964 0.861425 -0.00376964 0.507871 117.126
0.519087 -0.0707956 -0.851785 -110.166 0.0394346 0.997486 -0.0588736 -11.0526 0.853811 -0.00302935 0.520573 117.717
0.531476 -0.0679767 -0.844341 -111.154 0.0383737 0.997684 -0.0561675 -11.1492 0.846204 -0.00254886 0.532854 118.331
0.542866 -0.0670185 -0.837141 -112.112 0.0384048 0.997749 -0.0549716 -11.2396 0.838941 -0.00230805 0.544218 118.952
0.55425 -0.0678572 -0.829579 -113.064 0.0392644 0.997693 -0.0553755 -11.321 0.831423 -0.00188108 0.555636 119.584
0.564932 -0.069091 -0.82224 -113.982 0.0400206 0.99761 -0.0563302 -11.3993 0.824166 -0.00108378 0.566347 120.222
0.575744 -0.0711305 -0.81453 -114.89 0.0429534 0.997464 -0.0567443 -11.4858 0.816501 -0.00231663 0.577339 120.865
0.586466 -0.0713341 -0.806827 -115.791 0.0438579 0.99745 -0.0563084 -11.5632 0.808786 -0.00236276 0.588099 121.513
0.596851 -0.0691593 -0.799366 -116.674 0.0432657 0.997603 -0.0540057 -11.6432 0.801184 -0.00235177 0.598413 122.179
0.606572 -0.0666311 -0.792232 -117.551 0.0438292 0.997769 -0.0503601 -11.7205 0.79382 -0.00417589 0.608139 122.851
0.616658 -0.0647035 -0.784568 -118.403 0.042687 0.997899 -0.0487457 -11.7978 0.786073 -0.00343136 0.618124 123.518
0.626609 -0.0647497 -0.776639 -119.241 0.0411165 0.997901 -0.050023 -11.8679 0.778249 -0.00058791 0.627956 124.19
0.635779 -0.0643979 -0.76918 -120.059 0.03954 0.997922 -0.0508664 -11.9439 0.770858 0.00192641 0.637004 124.865
0.645033 -0.0644091 -0.761435 -120.875 0.0400733 0.997921 -0.0504661 -12.0181 0.763103 0.00203913 0.646274 125.555
0.653794 -0.0626818 -0.754072 -121.658 0.0401372 0.998033 -0.0481613 -12.0884 0.755607 0.00122127 0.655024 126.249
0.662296 -0.0613578 -0.746726 -122.441 0.0407035 0.998116 -0.045913 -12.1533 0.748136 1.36683e-05 0.663545 126.945
0.670527 -0.0604634 -0.739417 -123.213 0.0411532 0.99817 -0.0443031 -12.2249 0.740743 -0.00072297 0.671788 127.637
0.678241 -0.0599791 -0.732388 -123.962 0.0400598 0.998199 -0.0446498 -12.2783 0.733747 0.000943975 0.679422 128.332
0.685817 -0.0591469 -0.725367 -124.71 0.0395494 0.998248 -0.0440049 -12.3442 0.726699 0.00149148 0.686955 129.032
0.693098 -0.0566032 -0.718617 -125.427 0.0387041 0.998396 -0.0413108 -12.4025 0.719803 0.000819034 0.694178 129.725
0.700577 -0.0534152 -0.711575 -126.144 0.0372763 0.998572 -0.0382589 -12.4617 0.712603 0.000278409 0.701568 130.423
0.707918 -0.0522813 -0.704357 -126.847 0.0368348 0.998632 -0.0371031 -12.5202 0.705333 0.000321126 0.708876 131.121
0.715497 -0.051569 -0.69671 -127.532 0.0363878 0.998669 -0.0365504 -12.5749 0.697668 0.000799924 0.716421 131.819
0.723325 -0.0488448 -0.688778 -128.195 0.0342316 0.998805 -0.0348818 -12.6327 0.689659 0.00165293 0.724133 132.513
0.73241 -0.0457358 -0.679326 -128.847 0.0331709 0.998953 -0.0314919 -12.6855 0.680055 0.000531183 0.733161 133.211
0.741693 -0.0421152 -0.669416 -129.472 0.0316206 0.999113 -0.0278227 -12.7294 0.669994 -0.000531425 0.742367 133.912
0.751789 -0.0404669 -0.658161 -130.083 0.0303534 0.999181 -0.0267631 -12.7752 0.658705 0.0001428 0.752401 134.61
0.761776 -0.0398642 -0.646613 -130.681 0.0289844 0.999203 -0.0274552 -12.8149 0.647192 0.00217301 0.762324 135.311
0.771751 -0.0407822 -0.634616 -131.268 0.0288797 0.99916 -0.0290885 -12.8604 0.635269 0.00412158 0.77228 136.018
0.781624 -0.0401511 -0.622457 -131.827 0.0288532 0.999185 -0.0282205 -12.8988 0.623083 0.00409796 0.782145 136.727
0.792163 -0.0383414 -0.609104 -132.395 0.0280678 0.999257 -0.0263972 -12.9386 0.609664 0.00381465 0.792651 137.45
0.802352 -0.035878 -0.595772 -132.943 0.027583 0.999354 -0.0230349 -12.9811 0.596214 0.0020489 0.802823 138.184
0.812146 -0.0341979 -0.582451 -133.482 0.0274308 0.999415 -0.020431 -13.0168 0.582809 0.000615835 0.812609 138.937
0.821096 -0.0330079 -0.569836 -133.997 0.0279518 0.999454 -0.017617 -13.047 0.570106 -0.00146275 0.82157 139.685
0.829179 -0.0323874 -0.558044 -134.498 0.0285471 0.999471 -0.0155895 -13.0772 0.558254 -0.00300407 0.829665 140.439
0.836532 -0.0327769 -0.546937 -135.002 0.0300871 0.999451 -0.0138775 -13.1053 0.547091 -0.00484678 0.837059 141.208
0.84319 -0.0323398 -0.536642 -135.489 0.029932 0.999465 -0.0132009 -13.1315 0.536782 -0.00493187 0.843707 141.978
0.850147 -0.0316425 -0.525594 -135.966 0.0293316 0.999489 -0.0127287 -13.1605 0.525728 -0.00459527 0.850641 142.744
0.856996 -0.0303468 -0.514429 -136.433 0.0285899 0.999527 -0.011335 -13.186 0.51453 -0.0049934 0.857458 143.512
0.863247 -0.0294281 -0.503923 -136.892 0.0278256 0.999555 -0.0107052 -13.2109 0.504014 -0.00478071 0.863682 144.303
0.868966 -0.0302372 -0.493947 -137.33 0.0286688 0.999531 -0.0107519 -13.225 0.49404 -0.00481778 0.869426 145.106
0.874014 -0.0316795 -0.484867 -137.774 0.0298506 0.999488 -0.0114947 -13.2501 0.484983 -0.00442702 0.874512 145.916
0.878405 -0.0324583 -0.476814 -138.211 0.030422 0.999465 -0.0119924 -13.2708 0.476948 -0.00397145 0.878923 146.731
0.881839 -0.0320762 -0.470459 -138.648 0.0304141 0.999475 -0.011136 -13.2942 0.47057 -0.00448848 0.882351 147.556
0.885097 -0.0301669 -0.464429 -139.091 0.0299807 0.99952 -0.00778709 -13.3169 0.464441 -0.00703158 0.885576 148.4
0.888393 -0.0263575 -0.458326 -139.535 0.0278758 0.999605 -0.00345266 -13.3304 0.458237 -0.00970889 0.888777 149.245
0.891861 -0.0234887 -0.451699 -139.978 0.026073 0.99966 -0.000503032 -13.3479 0.451557 -0.0113285 0.89217 150.109
0.895133 -0.0211475 -0.445297 -140.42 0.0246116 0.999695 0.00199772 -13.3606 0.445119 -0.0127477 0.895381 150.987
0.898553 -0.0197772 -0.438419 -140.866 0.024002 0.999704 0.00409591 -13.3649 0.438208 -0.0142033 0.898761 151.878
0.90195 -0.0184389 -0.431447 -141.309 0.0238535 0.99969 0.00714216 -13.3695 0.431182 -0.0167334 0.90211 152.79
0.905374 -0.018432 -0.424214 -141.743 0.0246476 0.999654 0.00916903 -13.3741 0.423898 -0.0187573 0.905516 153.717
0.908927 -0.0181752 -0.41656 -142.177 0.024862 0.999634 0.0106328 -13.3848 0.416214 -0.0200209 0.909046 154.671
0.912556 -0.0195118 -0.408486 -142.602 0.0262397 0.999597 0.0108725 -13.3821 0.408109 -0.0206403 0.9127 155.627
0.91626 -0.02204 -0.399976 -143.026 0.0287038 0.999531 0.0106769 -13.3858 0.399553 -0.0212637 0.916463 156.617
0.920377 -0.0237242 -0.390311 -143.445 0.0298259 0.999509 0.00957849 -13.3882 0.389892 -0.0204572 0.920633 157.602
0.924978 -0.0254356 -0.379167 -143.874 0.030615 0.999502 0.00763597 -13.3848 0.378784 -0.0186713 0.925297 158.619
0.930316 -0.0237559 -0.365989 -144.285 0.0282105 0.999579 0.00682735 -13.3821 0.365673 -0.0166763 0.930594 159.647
0.936566 -0.020307 -0.349904 -144.686 0.0248087 0.999657 0.00838808 -13.3853 0.349613 -0.0165367 0.936748 160.693
0.943382 -0.0165264 -0.331295 -145.078 0.0216763 0.999695 0.0118555 -13.3933 0.330998 -0.0183656 0.943453 161.76
0.950188 -0.0133609 -0.311392 -145.449 0.0187489 0.999722 0.0143157 -13.3969 0.311114 -0.0194409 0.950174 162.849
0.956928 -0.0120064 -0.290078 -145.805 0.0172313 0.999732 0.0154644 -13.3876 0.289814 -0.0197967 0.956878 163.961
0.963073 -0.0108219 -0.269022 -146.119 0.0161338 0.999716 0.0175421 -13.3858 0.268756 -0.0212347 0.962974 165.096
0.968715 -0.0100529 -0.247971 -146.411 0.0157007 0.99966 0.0208088 -13.3797 0.247678 -0.0240511 0.968544 166.24
0.974046 -0.00782487 -0.226216 -146.69 0.0138324 0.999592 0.0249838 -13.3682 0.225928 -0.0274645 0.973757 167.403
0.978963 -0.00553698 -0.203962 -146.95 0.0118434 0.999488 0.0297119 -13.3522 0.203693 -0.0315025 0.978528 168.572
0.983385 -0.00379616 -0.181495 -147.19 0.0100272 0.999391 0.0334268 -13.3276 0.181257 -0.0346913 0.982824 169.783
0.987217 -0.00224767 -0.159365 -147.399 0.0076957 0.999407 0.0335769 -13.2961 0.159195 -0.0343742 0.986649 171.01
0.990518 -0.00303015 -0.137349 -147.585 0.00748955 0.999461 0.0319625 -13.2717 0.137178 -0.0326881 0.990007 172.256
0.993188 -0.00337044 -0.116476 -147.741 0.00707363 0.999482 0.0313949 -13.2462 0.11631 -0.0320049 0.992697 173.511
0.995382 -0.00426202 -0.0959019 -147.888 0.00755866 0.999392 0.0340381 -13.2294 0.0956985 -0.0346058 0.994809 174.792
0.997094 -0.00332748 -0.0761027 -147.99 0.00609588 0.999327 0.0361739 -13.2042 0.0759311 -0.0365327 0.996444 176.076
0.998424 -0.00331478 -0.0560174 -148.07 0.00541757 0.999285 0.0374282 -13.1678 0.0558532 -0.0376727 0.997728 177.373
0.999372 -0.00143201 -0.035415 -148.135 0.0027997 0.999251 0.0385994 -13.138 0.0353332 -0.0386743 0.998627 178.685
0.999889 -0.00184295 -0.0147665 -148.168 0.00243032 0.999202 0.0398584 -13.1065 0.0146813 -0.0398899 0.999096 180.004
0.999984 0.000297566 0.00557873 -148.179 -0.000517841 0.999218 0.039525 -13.0621 -0.00556261 -0.0395273 0.999203 181.347
0.999667 0.0015312 0.0257702 -148.164 -0.0025255 0.999252 0.0385948 -13.0262 -0.0256918 -0.038647 0.998923 182.663
0.998976 0.00154899 0.0452116 -148.112 -0.00320808 0.999323 0.0366465 -12.9955 -0.0451243 -0.036754 0.998305 184.03
0.997926 0.00342924 0.0642806 -148.038 -0.00564941 0.999393 0.0343889 -12.9646 -0.0641236 -0.0346807 0.997339 185.38
0.996507 0.00348502 0.08344 -147.936 -0.00625319 0.999438 0.0329373 -12.9363 -0.0832783 -0.033344 0.995968 186.776
0.994727 0.00409391 0.102473 -147.807 -0.00721387 0.999521 0.0300947 -12.9038 -0.102301 -0.0306752 0.99428 188.159
0.99267 0.00472642 0.120762 -147.643 -0.00781877 0.999653 0.0251461 -12.8854 -0.120601 -0.025906 0.992363 189.565
0.990328 0.00618984 0.138607 -147.459 -0.00888068 0.999784 0.0188033 -12.8659 -0.138461 -0.0198524 0.990169 190.975
0.987734 0.00767126 0.155957 -147.245 -0.00997538 0.999852 0.0139968 -12.8555 -0.155826 -0.0153809 0.987665 192.402
0.984789 0.00998892 0.173468 -147.005 -0.0119078 0.999879 0.0100248 -12.8507 -0.173346 -0.011938 0.984789 193.854
0.981532 0.0113966 0.19096 -146.744 -0.013106 0.999885 0.00769063 -12.8546 -0.19085 -0.0100513 0.981568 195.271
0.977935 0.0108757 0.208628 -146.461 -0.0128673 0.999884 0.00819124 -12.8604 -0.208515 -0.010695 0.977961 196.705
0.974036 0.0103545 0.226157 -146.153 -0.0124107 0.999894 0.00767186 -12.8625 -0.226054 -0.0102794 0.974061 198.165
0.970005 0.00964544 0.242894 -145.812 -0.0105666 0.999941 0.00248993 -12.8602 -0.242856 -0.00498181 0.97005 199.604
0.965744 0.0115632 0.25924 -145.441 -0.0115938 0.999932 -0.00141118 -12.8767 -0.259238 -0.00164272 0.965812 201.044
0.96113 0.0131896 0.275781 -145.039 -0.0134089 0.99991 -0.00109048 -12.9001 -0.27577 -0.00264983 0.96122 202.514
0.955949 0.0154876 0.293124 -144.622 -0.0156897 0.999876 -0.00166183 -12.9168 -0.293113 -0.00301041 0.956073 203.94
0.95041 0.0184371 0.310453 -144.158 -0.0180367 0.999829 -0.00416087 -12.938 -0.310477 -0.00164501 0.95058 205.407
0.944615 0.0185444 0.327656 -143.661 -0.0168884 0.999826 -0.00789878 -12.9707 -0.327745 0.00192772 0.944764 206.871
0.938412 0.0193304 0.344977 -143.154 -0.0168952 0.999807 -0.0100645 -12.9905 -0.345105 0.00361621 0.938557 208.341
0.93183 0.01967 0.362361 -142.596 -0.0151407 0.999768 -0.015335 -13.0269 -0.362579 0.00880323 0.931912 209.798
0.924256 0.0230761 0.381076 -142.007 -0.016101 0.99964 -0.0214821 -13.0609 -0.381434 0.0137193 0.924294 211.257
0.915116 0.025343 0.402393 -141.392 -0.0170588 0.999563 -0.0241584 -13.1273 -0.402829 0.0152434 0.915148 212.716
0.90418 0.0282627 0.426216 -140.751 -0.0193733 0.999495 -0.0251785 -13.184 -0.426712 0.0145087 0.904271 214.152
0.891866 0.0326085 0.451122 -140.037 -0.0226004 0.999365 -0.0275564 -13.2435 -0.451734 0.0143811 0.892037 215.62
0.878606 0.0370736 0.476106 -139.311 -0.0255071 0.999202 -0.0307354 -13.3033 -0.476866 0.0148602 0.878851 217.035
0.864514 0.0414774 0.500895 -138.555 -0.0283117 0.999025 -0.0338616 -13.3685 -0.501812 0.0150926 0.864845 218.433
0.850178 0.043018 0.524735 -137.752 -0.0283878 0.998952 -0.0359005 -13.4447 -0.52573 0.0156257 0.850508 219.807
0.835123 0.0452473 0.5482 -136.914 -0.0290383 0.998848 -0.0382063 -13.5254 -0.549297 0.0159881 0.835474 221.15
0.819684 0.0475445 0.570839 -135.997 -0.0280619 0.998686 -0.0428845 -13.613 -0.572128 0.019133 0.819941 222.512
0.804082 0.0497668 0.592432 -135.055 -0.0265165 0.998501 -0.0478887 -13.7032 -0.593927 0.0227973 0.804196 223.828
0.788503 0.0520865 0.612821 -134.065 -0.0261215 0.998344 -0.051244 -13.7947 -0.614475 0.0243983 0.788559 225.164
0.773056 0.0533544 0.63209 -133.06 -0.0246009 0.998228 -0.0541728 -13.9009 -0.63386 0.0263286 0.772999 226.423
0.757824 0.0541875 0.650205 -132.03 -0.0235147 0.998166 -0.0557796 -14.0023 -0.652035 0.0269817 0.757708 227.667
0.742971 0.0546401 0.66709 -130.966 -0.022197 0.998126 -0.0570327 -14.1246 -0.668956 0.0275662 0.742791 228.891
0.728579 0.0548331 0.682764 -129.874 -0.0193213 0.998039 -0.0595351 -14.2327 -0.684689 0.0301841 0.72821 230.081
0.714078 0.0567367 0.697763 -128.767 -0.0178311 0.997861 -0.0628903 -14.352 -0.699839 0.0324668 0.713563 231.254
0.699691 0.0595704 0.711958 -127.618 -0.0163717 0.997593 -0.0673802 -14.476 -0.714258 0.0354894 0.698982 232.411
0.685066 0.061531 0.725877 -126.429 -0.0150252 0.997408 -0.0703675 -14.6023 -0.728326 0.0373 0.684215 233.57
0.670174 0.062394 0.739577 -125.241 -0.0141918 0.997355 -0.0712813 -14.7338 -0.742068 0.0372749 0.669287 234.678
0.654029 0.0637218 0.753781 -124.026 -0.0152577 0.997354 -0.071074 -14.8699 -0.756316 0.0349835 0.653271 235.771
0.637012 0.0651635 0.768095 -122.793 -0.0175042 0.997386 -0.0700992 -15.0005 -0.770655 0.0312092 0.636488 236.842
0.619852 0.0660344 0.781935 -121.535 -0.0198343 0.997453 -0.0685119 -15.1405 -0.784468 0.0269581 0.619583 237.877
0.602088 0.0683319 0.7955 -120.274 -0.023344 0.997412 -0.0680074 -15.2761 -0.798089 0.0223763 0.602125 238.875
0.584789 0.0717054 0.80801 -119.015 -0.0251386 0.997209 -0.0703017 -15.4147 -0.810796 0.0207995 0.58496 239.824
0.567447 0.0743825 0.820043 -117.725 -0.0257917 0.997028 -0.0725889 -15.5507 -0.823006 0.0200401 0.567679 240.76
0.548591 0.0743701 0.832777 -116.425 -0.0253771 0.997058 -0.0723239 -15.6818 -0.835706 0.0185428 0.548864 241.654
0.528342 0.07319 0.845871 -115.115 -0.0265036 0.997214 -0.0697306 -15.828 -0.848618 0.014423 0.52881 242.512
0.507406 0.0717344 0.858716 -113.791 -0.0270127 0.997363 -0.067355 -15.9603 -0.861283 0.0109802 0.508006 243.334
0.486609 0.0701801 0.870796 -112.447 -0.0275181 0.997505 -0.0650146 -16.1004 -0.873186 0.00767406 0.487326 244.115
0.46613 0.0692855 0.881999 -111.119 -0.0269344 0.997578 -0.0641303 -16.2343 -0.884306 0.00613699 0.466868 244.837
0.445104 0.0690973 0.892809 -109.793 -0.0268386 0.9976 -0.0638272 -16.3615 -0.895077 0.00444794 0.44589 245.527
0.424166 0.0691091 0.902943 -108.463 -0.0256423 0.997601 -0.0643082 -16.4828 -0.905221 0.00412387 0.424921 246.187
0.403712 0.0694182 0.912249 -107.156 -0.023388 0.997574 -0.0655608 -16.6114 -0.914587 0.00513199 0.404356 246.793
0.383362 0.0687029 0.921039 -105.819 -0.0196847 0.997611 -0.0662213 -16.736 -0.923388 0.00725641 0.383799 247.366
0.363106 0.0664531 0.929375 -104.472 -0.0181491 0.997769 -0.0642526 -16.8679 -0.931571 0.00646319 0.363502 247.912
0.343501 0.0664388 0.936799 -103.128 -0.0165152 0.997768 -0.064707 -16.985 -0.939007 0.00675545 0.343832 248.409
0.323805 0.0708614 0.943466 -101.809 -0.0167248 0.997464 -0.0691769 -17.1165 -0.945976 0.00662054 0.324169 248.881
0.304753 0.0801786 0.949051 -100.488 -0.0176488 0.996755 -0.0785415 -17.2471 -0.952268 0.00718618 0.305179 249.327
0.285717 0.0875106 0.95431 -99.1849 -0.0200226 0.99615 -0.0853526 -17.3945 -0.958105 0.00527888 0.286369 249.741
0.265874 0.0918561 0.959621 -97.8737 -0.0232147 0.995771 -0.0888845 -17.5393 -0.963728 0.00135474 0.266882 250.139
0.246441 0.0928691 0.964698 -96.5394 -0.0252796 0.995676 -0.0893934 -17.6894 -0.968828 -0.00235697 0.247723 250.502
0.226792 0.0933421 0.96946 -95.2268 -0.030321 0.995591 -0.0887649 -17.8424 -0.973471 -0.00926384 0.228623 250.829
0.208017 0.0937068 0.973626 -93.9103 -0.0320607 0.995519 -0.0889641 -17.9848 -0.9776 -0.012709 0.21009 251.124
0.189037 0.0923594 0.977617 -92.5982 -0.0327264 0.995606 -0.0877308 -18.1262 -0.981424 -0.0154095 0.191229 251.404
0.170498 0.0920145 0.981052 -91.3152 -0.0330095 0.995605 -0.0876427 -18.2719 -0.984805 -0.0174412 0.172786 251.648
0.152247 0.092812 0.983975 -90.0386 -0.0320173 0.995522 -0.0889472 -18.4099 -0.987824 -0.0179623 0.154536 251.867
0.133364 0.0960896 0.986398 -88.7537 -0.0355978 0.995111 -0.0921254 -18.55 -0.990428 -0.0228274 0.136132 252.069
0.114335 0.0977092 0.988626 -87.4924 -0.0362675 0.994899 -0.0941348 -18.6928 -0.99278 -0.0250921 0.117295 252.249
0.0977148 0.0948988 0.99068 -86.2177 -0.036482 0.995116 -0.0917254 -18.8346 -0.994546 -0.027179 0.1007 252.39
0.0824954 0.0902423 0.992497 -84.9739 -0.0343512 0.995558 -0.0876653 -18.9759 -0.995999 -0.0268615 0.0852289 252.511
0.0684595 0.0860678 0.993934 -83.7331 -0.0339751 0.995895 -0.0838975 -19.1103 -0.997075 -0.0280255 0.0711026 252.614
0.0562009 0.0827816 0.994982 -82.5105 -0.0317221 0.996202 -0.0810913 -19.2363 -0.997915 -0.0270056 0.0586135 252.695
0.0454304 0.0829937 0.995514 -81.3172 -0.0316214 0.996163 -0.0816048 -19.3629 -0.998467 -0.0277722 0.0478804 252.771
0.0368919 0.0854416 0.99566 -80.1214 -0.0322595 0.995921 -0.0842686 -19.4858 -0.998798 -0.0290106 0.0394977 252.839
0.0303236 0.0867129 0.995772 -78.9346 -0.033382 0.995762 -0.0856955 -19.6206 -0.998983 -0.0306423 0.0330898 252.89
0.0242821 0.0908732 0.995566 -77.7542 -0.0337675 0.995366 -0.0900313 -19.7537 -0.999135 -0.0314317 0.0272381 252.939
0.0187553 0.0994828 0.994863 -76.5901 -0.033233 0.99455 -0.098825 -19.8849 -0.999272 -0.0312088 0.0219592 252.981
0.0137627 0.102258 0.994663 -75.4406 -0.0349476 0.994198 -0.101726 -20.017 -0.999294 -0.0333611 0.0172565 253.02
0.0102639 0.0938803 0.995531 -74.2922 -0.0336472 0.995052 -0.0934883 -20.1482 -0.999381 -0.0325372 0.0133719 253.048
0.00795294 0.0847356 0.996372 -73.1525 -0.0325672 0.995897 -0.0844353 -20.2619 -0.999438 -0.0317775 0.0106799 253.067
0.00654639 0.0810046 0.996692 -72.0214 -0.032235 0.996213 -0.0807539 -20.3809 -0.999459 -0.0315997 0.00913278 253.088
0.00654534 0.0830013 0.996528 -70.906 -0.0329599 0.996026 -0.082743 -20.4955 -0.999435 -0.0323039 0.00925505 253.113
0.00715343 0.0862606 0.996247 -69.8085 -0.0325986 0.995763 -0.0859847 -20.6044 -0.999443 -0.0318612 0.0099351 253.132
0.00857974 0.0886832 0.996023 -68.7076 -0.0350365 0.995475 -0.0883326 -20.717 -0.999349 -0.0341393 0.0116481 253.162
0.0108942 0.0890895 0.995964 -67.6212 -0.0373913 0.995363 -0.0886267 -20.8419 -0.999241 -0.0362749 0.0141748 253.19
0.0141978 0.0906984 0.995777 -66.5465 -0.0380906 0.995204 -0.0901031 -20.9546 -0.999173 -0.0366504 0.0175844 253.218
0.0180975 0.0918089 0.995612 -65.4678 -0.0401488 0.995039 -0.0910263 -21.0681 -0.99903 -0.0383253 0.0216937 253.25
0.0231343 0.093058 0.995392 -64.4012 -0.041761 0.994879 -0.0920395 -21.1795 -0.99886 -0.0394393 0.026902 253.288
0.0295667 0.0925071 0.995273 -63.3369 -0.042782 0.994913 -0.0912027 -21.2864 -0.998647 -0.0398832 0.0333739 253.33
0.0366117 0.0910617 0.995172 -62.2832 -0.0417792 0.995108 -0.0895189 -21.4001 -0.998456 -0.0383001 0.0402371 253.378
0.04404 0.0905031 0.994922 -61.2188 -0.0402917 0.995239 -0.0887484 -21.514 -0.998217 -0.0361786 0.0474768 253.427
0.051397 0.0913783 0.994489 -60.1676 -0.0391646 0.995224 -0.0894217 -21.6264 -0.99791 -0.0343528 0.0547303 253.491
0.0581321 0.0916266 0.994095 -59.1201 -0.0402059 0.995186 -0.089376 -21.7295 -0.997499 -0.0347728 0.0615362 253.567
0.0649636 0.09066 0.993761 -58.0859 -0.0410091 0.995266 -0.0881164 -21.832 -0.997045 -0.0350289 0.068374 253.647
0.0715204 0.0885858 0.993498 -57.0539 -0.0415994 0.995447 -0.0857649 -21.9374 -0.996571 -0.035195 0.0748799 253.738
0.0783419 0.0867022 0.993149 -56.011 -0.0413063 0.995638 -0.0836611 -22.0591 -0.99607 -0.0344691 0.0815815 253.831
0.0851155 0.0876881 0.992505 -54.9738 -0.0410735 0.995582 -0.0844375 -22.1559 -0.995524 -0.0335787 0.0883411 253.933
0.0920731 0.0899565 0.991681 -53.9521 -0.039946 0.995443 -0.0865889 -22.2602 -0.994951 -0.0316412 0.0952469 254.038
0.0990774 0.0913101 0.990881 -52.9298 -0.0388812 0.995376 -0.0878366 -22.3661 -0.99432 -0.0298241 0.10217 254.149
0.105425 0.0932338 0.990047 -51.9056 -0.040215 0.99518 -0.089435 -22.473 -0.993614 -0.0303861 0.108666 254.274
0.111655 0.0941805 0.989274 -50.8913 -0.0423809 0.995044 -0.0899465 -22.5748 -0.992843 -0.0318833 0.115093 254.405
0.118536 0.0935959 0.988529 -49.8711 -0.042733 0.995106 -0.0890945 -22.6862 -0.99203 -0.0316819 0.121956 254.543
0.124766 0.0915592 0.987953 -48.8551 -0.0440139 0.995264 -0.0866784 -22.793 -0.991209 -0.0326691 0.128205 254.686
0.131062 0.0896048 0.987316 -47.8403 -0.0445664 0.995433 -0.0844254 -22.9044 -0.990372 -0.0329361 0.134457 254.836
0.137671 0.0891095 0.986461 -46.8396 -0.0445044 0.995495 -0.0837146 -23.0061 -0.989478 -0.0323768 0.141017 254.989
0.144549 0.0900094 0.985395 -45.837 -0.0446272 0.995434 -0.0843799 -23.1102 -0.988491 -0.0317784 0.147906 255.146
0.152139 0.08997 0.984256 -44.8315 -0.0416702 0.995547 -0.0845611 -23.2146 -0.98748 -0.0281492 0.15521 255.307
0.161206 0.0913223 0.982686 -43.8252 -0.0397132 0.995503 -0.0859986 -23.3205 -0.986121 -0.0251621 0.164108 255.474
0.170577 0.0933411 0.980913 -42.8365 -0.0396276 0.995348 -0.0878235 -23.4255 -0.984547 -0.0238906 0.173483 255.656
0.1799 0.0947106 0.979115 -41.8566 -0.0401564 0.995232 -0.0888914 -23.5216 -0.982865 -0.0233261 0.182846 255.851
0.187541 0.0940858 0.97774 -40.8613 -0.0423191 0.995252 -0.0876537 -23.6159 -0.981345 -0.0249384 0.190632 256.049
