0.999873 0.00143852 0.0158795 0.00989516 -0.00142533 0.999999 -0.000842269 -0.00618213 -0.0158807 0.000819529 0.999874 0.142775
0.999298 0.00383399 0.0372701 0.0315298 -0.0038097 0.999992 -0.000722922 -0.00511358 -0.0372725 0.000580426 0.999305 0.300693
0.997922 0.00511053 0.0642382 0.0633723 -0.00516248 0.999986 0.000642726 -0.00768759 -0.0642341 -0.000973018 0.997934 0.479465
0.995171 0.00456387 0.0980547 0.113514 -0.00489705 0.999983 0.00315748 -0.0127969 -0.0980387 -0.00362241 0.995176 0.666184
0.990669 0.00130669 0.13628 0.175142 -0.00199418 0.999986 0.00490828 -0.0103471 -0.136272 -0.00513425 0.990658 0.866675
0.984376 -0.00202769 0.176065 0.252371 0.00115714 0.999987 0.00504699 -0.00596775 -0.176073 -0.00476441 0.984366 1.08553
0.975581 -0.00193317 0.219633 0.343232 0.000557678 0.99998 0.00632451 -0.00975192 -0.219641 -0.00604758 0.975562 1.30835
0.963459 -0.00200328 0.267848 0.443265 -0.000506494 0.999957 0.00930073 -0.00470449 -0.267855 -0.00909654 0.963416 1.54602
0.948888 -0.00575977 0.315561 0.57093 0.00059538 0.999864 0.0164597 -0.00834625 -0.315613 -0.0154305 0.948762 1.79126
0.932022 -0.0153489 0.362077 0.726367 0.00687539 0.999672 0.0246793 -0.0167293 -0.362337 -0.0205122 0.931821 2.02274
0.910675 -0.0209634 0.412591 0.897915 0.0097266 0.999523 0.0293163 -0.0232901 -0.413009 -0.0226845 0.910444 2.27256
0.885232 -0.0223804 0.464611 1.07494 0.00780175 0.999416 0.0332772 -0.0175676 -0.465084 -0.0258333 0.884889 2.51795
0.856863 -0.0251639 0.51493 1.27722 0.00652852 0.999258 0.0379687 -0.0161403 -0.515503 -0.0291722 0.856391 2.76284
0.824783 -0.030029 0.564652 1.50744 0.00751051 0.999083 0.0421622 -0.0140646 -0.5654 -0.0305338 0.824252 2.99615
0.788804 -0.0355886 0.613614 1.75307 0.00915981 0.998892 0.0461591 -0.0195857 -0.614577 -0.0307899 0.788256 3.22954
0.750625 -0.0395032 0.659546 2.02166 0.00965947 0.998761 0.0488269 -0.0113582 -0.660658 -0.0302798 0.750077 3.4655
0.710877 -0.0427775 0.702015 2.33362 0.0106307 0.998688 0.0500905 0.000693189 -0.703236 -0.0281453 0.710399 3.70149
0.668872 -0.0443418 0.742054 2.65689 0.00977826 0.998658 0.0508613 0.0257912 -0.743313 -0.0267637 0.668408 3.93795
0.626375 -0.0445371 0.778249 3.00818 0.00504508 0.998577 0.0530854 0.0404222 -0.779506 -0.029325 0.625708 4.17234
0.584615 -0.0454614 0.810036 3.38702 0.00203834 0.998508 0.0545678 0.0549897 -0.811308 -0.0302501 0.583836 4.40729
0.544589 -0.0469682 0.837387 3.79719 0.000463101 0.998447 0.0557007 0.0714214 -0.838703 -0.0299462 0.543766 4.63106
0.506102 -0.0492676 0.861065 4.24382 -0.00096448 0.998334 0.0576886 0.0889824 -0.862473 -0.0300268 0.505211 4.85581
0.469175 -0.0488792 0.881752 4.71871 -0.00377823 0.998347 0.0573529 0.116697 -0.883097 -0.03024 0.468214 5.07145
0.432918 -0.0481055 0.900149 5.21538 -0.00471641 0.99844 0.0556267 0.134961 -0.901421 -0.0283273 0.432016 5.27954
0.399574 -0.047095 0.91549 5.74066 -0.00300362 0.998607 0.0526817 0.156947 -0.916696 -0.0238 0.398876 5.47665
0.370508 -0.0453832 0.92772 6.29462 -0.000946505 0.998787 0.0492377 0.176977 -0.928829 -0.0191211 0.370016 5.66238
0.345627 -0.043721 0.937353 6.88104 0.000235791 0.998918 0.0465057 0.198155 -0.938372 -0.0158526 0.345264 5.84822
0.325993 -0.0427487 0.944405 7.50076 0.00124234 0.998996 0.0447909 0.231789 -0.945371 -0.0134283 0.325719 6.03954
0.31151 -0.0433488 0.949254 8.14216 0.00200748 0.998987 0.0449611 0.25263 -0.950241 -0.0121002 0.311282 6.23954
0.299676 -0.0448557 0.952986 8.80628 0.00302762 0.998934 0.0460663 0.279028 -0.954036 -0.0109197 0.299492 6.45336
0.288743 -0.0466472 0.95627 9.49588 0.00175257 0.998836 0.0481945 0.310858 -0.957405 -0.0122399 0.288489 6.66026
0.278307 -0.0482715 0.959278 10.2134 0.000703982 0.998746 0.0500533 0.34053 -0.960492 -0.0132549 0.277993 6.86611
0.268267 -0.0500387 0.962044 10.9588 6.77464e-05 0.998651 0.0519238 0.374169 -0.963345 -0.0138643 0.267908 7.07186
0.258409 -0.0519603 0.964637 11.7395 -0.000580456 0.998544 0.0539421 0.412007 -0.966035 -0.0144991 0.258002 7.27267
0.247939 -0.0532392 0.967312 12.5281 -0.00108234 0.998473 0.0552316 0.446904 -0.968775 -0.014741 0.247502 7.47697
0.237607 -0.05464 0.969823 13.3471 -0.00102083 0.998402 0.0565003 0.482881 -0.971361 -0.0144149 0.237172 7.67583
0.227226 -0.0572015 0.972161 14.1761 -0.00256375 0.998235 0.0593349 0.526018 -0.973839 -0.0159748 0.226679 7.8689
0.216158 -0.061333 0.97443 15.0245 -0.00479616 0.997946 0.0638771 0.551384 -0.976347 -0.0184811 0.21542 8.05584
0.204276 -0.0650744 0.976748 15.8646 -0.00594911 0.997687 0.0677136 0.594196 -0.978895 -0.0196431 0.203417 8.23325
0.19148 -0.0670455 0.979204 16.7207 -0.00654714 0.997555 0.0695822 0.639614 -0.981475 -0.0197346 0.190573 8.39649
0.177396 -0.0675751 0.981817 17.5742 -0.00701714 0.997528 0.0699243 0.680038 -0.984115 -0.0192938 0.176483 8.55106
0.163042 -0.066567 0.984371 18.437 -0.00887195 0.997582 0.0689299 0.725241 -0.986579 -0.0199718 0.162057 8.69524
0.146535 -0.0657985 0.987015 19.3091 -0.0100216 0.997635 0.0679943 0.76525 -0.989155 -0.019855 0.145529 8.8263
0.125912 -0.0641752 0.989964 20.1874 -0.0130364 0.997712 0.0663356 0.807488 -0.991956 -0.021258 0.124787 8.94371
0.100224 -0.0626937 0.992988 21.0742 -0.0178576 0.997739 0.064796 0.852443 -0.994805 -0.0242265 0.098878 9.03839
0.0698971 -0.0620645 0.995622 21.973 -0.0214567 0.997738 0.0637028 0.894118 -0.997323 -0.0258154 0.0684073 9.10351
0.036738 -0.0613228 0.997442 22.8814 -0.0247974 0.997752 0.0622552 0.940483 -0.999017 -0.0270211 0.0351348 9.13381
0.00276374 -0.0607973 0.998146 23.7888 -0.0260862 0.997806 0.0608489 0.975979 -0.999656 -0.026206 0.00117171 9.12693
-0.0310461 -0.0598035 0.997727 24.6954 -0.0272129 0.997889 0.0589664 1.00547 -0.999147 -0.0253204 -0.032608 9.09202
-0.0638654 -0.0581161 0.996265 25.592 -0.0296101 0.997974 0.0563177 1.03341 -0.997519 -0.0259028 -0.0654568 9.03113
-0.0962909 -0.0553156 0.993815 26.4907 -0.032097 0.998108 0.0524446 1.062 -0.994836 -0.0268485 -0.0978841 8.94297
-0.128633 -0.0505758 0.990402 27.3921 -0.0292675 0.998457 0.0471859 1.0887 -0.99126 -0.0229169 -0.129915 8.81495
-0.160119 -0.0445126 0.986094 28.2791 -0.024223 0.998859 0.0411556 1.11282 -0.9868 -0.0172964 -0.161014 8.65526
-0.190416 -0.0382763 0.980957 29.1667 -0.0182179 0.999205 0.035452 1.12954 -0.981534 -0.0111204 -0.190962 8.46617
-0.219126 -0.0324524 0.975157 30.0545 -0.0128599 0.999456 0.0303714 1.14335 -0.975612 -0.00588529 -0.219424 8.24783
-0.246729 -0.0265057 0.968722 30.9322 -0.00511269 0.999648 0.0260497 1.15015 -0.969071 0.00147444 -0.246777 8.00436
-0.272568 -0.0159461 0.962004 31.7968 0.00081452 0.999858 0.0168043 1.14892 -0.962136 0.00536389 -0.272517 7.73684
-0.297897 -0.000583939 0.954598 32.6439 0.00531675 0.999983 0.00227087 1.13434 -0.954583 0.00575184 -0.297888 7.45674
-0.322388 0.0169272 0.946456 33.478 0.00620999 0.999856 -0.0157669 1.1197 -0.946587 0.000794416 -0.322447 7.16375
-0.347637 0.0319219 0.937086 34.3095 0.0060855 0.999476 -0.0317896 1.09292 -0.937609 -0.00534862 -0.347649 6.85284
-0.372398 0.042608 0.927095 35.1276 0.00993674 0.999071 -0.0419245 1.05596 -0.92802 -0.00640031 -0.372476 6.52174
-0.395781 0.0466852 0.917157 35.9392 0.0132498 0.998893 -0.0451281 1.00125 -0.918249 -0.00570872 -0.395962 6.15789
-0.417853 0.0462144 0.907338 36.7525 0.0174572 0.998929 -0.04284 0.943129 -0.908347 -0.00206129 -0.418213 5.76739
-0.438205 0.042125 0.897888 37.5462 0.0210822 0.999108 -0.0365849 0.891116 -0.898628 0.00289776 -0.438702 5.37314
-0.455792 0.0411165 0.889136 38.322 0.0289592 0.999089 -0.0313559 0.842535 -0.889615 0.0114568 -0.456568 4.95847
-0.469394 0.0416852 0.882004 39.0977 0.0311455 0.999045 -0.0306414 0.79407 -0.88244 0.0130876 -0.470244 4.53073
-0.480542 0.0459081 0.875769 39.8485 0.034911 0.998839 -0.0332035 0.7514 -0.876277 0.0146183 -0.481586 4.1118
-0.490206 0.0482611 0.87027 40.5893 0.0355629 0.998742 -0.0353536 0.707232 -0.870881 0.0136188 -0.491305 3.68656
-0.500849 0.047557 0.864227 41.3281 0.0295527 0.998847 -0.0378381 0.657328 -0.86503 0.00658915 -0.501676 3.26273
-0.512024 0.0461359 0.857731 42.073 0.0288265 0.998917 -0.036522 0.609256 -0.858487 0.00602527 -0.512799 2.82527
-0.520822 0.0475466 0.85234 42.8055 0.0307554 0.998845 -0.0369261 0.565152 -0.853111 0.00698215 -0.521682 2.37135
-0.527924 0.0505206 0.847788 43.5355 0.0335623 0.99869 -0.0386136 0.521511 -0.848628 0.00806868 -0.528928 1.90935
-0.531469 0.0532986 0.845399 44.2794 0.0342423 0.998555 -0.0414275 0.478166 -0.846386 0.006931 -0.532526 1.44374
-0.531226 0.0554614 0.845413 45.0444 0.0346068 0.998443 -0.043755 0.423041 -0.846523 0.00601328 -0.532318 0.96508
-0.527773 0.0557604 0.847553 45.8293 0.0368846 0.998406 -0.0427169 0.371269 -0.848584 0.00871687 -0.528989 0.477481
-0.521675 0.0548111 0.851382 46.6306 0.0356137 0.998463 -0.0424582 0.318793 -0.852401 0.00817145 -0.522825 -0.0103339
-0.51457 0.05335 0.855787 47.4491 0.0337884 0.998549 -0.0419334 0.263895 -0.856782 0.00733805 -0.515626 -0.496259
-0.507339 0.0531494 0.860106 48.286 0.0325036 0.998566 -0.042533 0.213948 -0.861133 0.00637784 -0.508339 -0.981087
-0.50093 0.0518079 0.863936 49.1408 0.029688 0.998648 -0.0426724 0.163258 -0.864979 0.00427263 -0.50179 -1.46762
-0.496576 0.0496197 0.866574 50.0182 0.0254644 0.998768 -0.0425971 0.109805 -0.867619 0.000914048 -0.497228 -1.95679
-0.49528 0.0469682 0.867463 50.9144 0.0214615 0.998894 -0.041831 0.0530644 -0.868468 -0.00210103 -0.49574 -2.45518
-0.495766 0.0443451 0.867323 51.8213 0.0184494 0.999008 -0.0405323 -0.0037382 -0.86826 -0.00409295 -0.496092 -2.95953
-0.496536 0.0432115 0.86694 52.7362 0.0178741 0.999057 -0.0395594 -0.0636286 -0.867832 -0.00414686 -0.49684 -3.48211
-0.496951 0.0424713 0.866739 53.6589 0.0174196 0.999089 -0.038969 -0.115396 -0.867604 -0.0042674 -0.497238 -4.00343
-0.497175 0.0420454 0.866631 54.5951 0.017181 0.999106 -0.038616 -0.168127 -0.86748 -0.00430931 -0.497453 -4.53666
-0.497412 0.0409657 0.866547 55.5423 0.0166465 0.999151 -0.0376792 -0.219838 -0.867355 -0.00431709 -0.497671 -5.0728
-0.497641 0.0406505 0.86643 56.5039 0.0160502 0.999162 -0.0376593 -0.275546 -0.867234 -0.00483451 -0.497877 -5.61733
-0.497892 0.0390388 0.86636 57.4559 0.0145111 0.999221 -0.0366862 -0.335594 -0.867118 -0.00569398 -0.498071 -6.15474
-0.497999 0.0382025 0.866336 58.4139 0.0143731 0.999256 -0.0358017 -0.398242 -0.867059 -0.00537722 -0.498177 -6.69666
-0.497261 0.0368576 0.866818 59.3787 0.0126887 0.999299 -0.0352117 -0.46796 -0.867508 -0.00651062 -0.49738 -7.2476
-0.496185 0.035143 0.867505 60.3352 0.0118728 0.999362 -0.0336937 -0.524308 -0.868136 -0.00641856 -0.496285 -7.78374
-0.494478 0.0330357 0.868562 61.296 0.0117397 0.99944 -0.0313302 -0.576901 -0.869111 -0.00529542 -0.494589 -8.31743
-0.491949 0.0314198 0.870057 62.2579 0.0119592 0.999498 -0.0293323 -0.637789 -0.870542 -0.00402483 -0.492078 -8.855
-0.489643 0.0309768 0.871372 63.2215 0.0117953 0.999513 -0.028904 -0.694399 -0.871843 -0.00387461 -0.48977 -9.3908
-0.487509 0.031062 0.872565 64.174 0.011714 0.99951 -0.0290364 -0.750238 -0.87304 -0.00393429 -0.487634 -9.92285
-0.486337 0.0316073 0.873199 65.1226 0.0118317 0.999492 -0.0295889 -0.811535 -0.873691 -0.0040588 -0.486464 -10.447
-0.487269 0.0328963 0.872632 66.076 0.0109292 0.999442 -0.031574 -0.866957 -0.873183 -0.00584792 -0.487357 -10.9684
-0.490094 0.0346972 0.870979 67.019 0.0095003 0.999361 -0.0344658 -0.923121 -0.871618 -0.00861694 -0.490111 -11.4924
-0.494565 0.0357292 0.868406 67.9604 0.00873969 0.999309 -0.0361377 -0.977428 -0.869097 -0.0102828 -0.494535 -12.0216
-0.50002 0.034475 0.865327 68.8998 0.0100014 0.999371 -0.0340361 -1.03829 -0.865956 -0.00836421 -0.50005 -12.5619
-0.505578 0.0321614 0.862181 69.8226 0.0109499 0.999464 -0.0308614 -1.09561 -0.862711 -0.00616205 -0.505659 -13.0993
-0.511187 0.0298235 0.858952 70.7368 0.00809559 0.999521 -0.0298862 -1.1486 -0.859431 -0.00832376 -0.511184 -13.6272
-0.516032 0.0336761 0.855907 71.641 0.0111059 0.999406 -0.0326263 -1.20405 -0.856497 -0.00733057 -0.516099 -14.1723
-0.520728 0.0353843 0.852989 72.5458 0.0120349 0.999346 -0.0341086 -1.26483 -0.853638 -0.00749565 -0.520813 -14.7256
-0.525515 0.0364889 0.850002 73.4514 0.0105875 0.999283 -0.0363515 -1.31961 -0.850719 -0.0101039 -0.525524 -15.2734
-0.529327 0.0364698 0.847634 74.3443 0.00903612 0.999261 -0.0373508 -1.37868 -0.84837 -0.0121115 -0.529265 -15.8231
-0.532655 0.035776 0.845576 75.2278 0.00993077 0.999302 -0.0360244 -1.43655 -0.846274 -0.0107913 -0.532638 -16.3773
-0.535121 0.0288168 0.844284 76.1136 0.0106313 0.999569 -0.0273787 -1.48851 -0.844709 -0.00567505 -0.535196 -16.9352
-0.537456 0.019764 0.84306 76.9982 0.00936708 0.999804 -0.017467 -1.53724 -0.84324 -0.00149073 -0.537535 -17.4914
-0.539001 0.0183593 0.842105 77.8714 0.0109124 0.999831 -0.0148134 -1.58555 -0.842235 0.00120494 -0.53911 -18.0465
-0.540048 0.0225037 0.841333 78.745 0.0103556 0.999744 -0.0200936 -1.62049 -0.841571 -0.00213897 -0.540143 -18.6081
-0.541358 0.0288703 0.840297 79.599 0.0130508 0.999578 -0.0259349 -1.67318 -0.840691 -0.00307352 -0.541506 -19.1521
-0.54176 0.0327523 0.839895 80.4544 0.0185147 0.999463 -0.0270321 -1.7156 -0.840329 0.000905451 -0.542076 -19.7061
-0.541402 0.0343313 0.840063 81.3198 0.0225255 0.9994 -0.0263259 -1.76669 -0.840462 0.00466994 -0.54185 -20.2704
-0.541125 0.0309471 0.840373 82.1884 0.0203776 0.999512 -0.0236861 -1.80226 -0.840695 0.0043076 -0.541491 -20.8259
-0.540969 0.0260335 0.840639 83.0537 0.017935 0.999651 -0.0194163 -1.83094 -0.840851 0.00457322 -0.541247 -21.3655
-0.540404 0.0191136 0.841189 83.9235 0.0146872 0.999804 -0.0132821 -1.87233 -0.841278 0.005177 -0.540579 -21.9112
-0.540179 0.0134212 0.841443 84.7827 0.00620774 0.999909 -0.0119637 -1.91166 -0.841527 -0.00123905 -0.540213 -22.4318
-0.538886 0.00830332 0.842338 85.6423 -0.00130951 0.999942 -0.0106947 -1.93786 -0.842378 -0.00686625 -0.538844 -22.955
-0.5372 0.00910861 0.843405 86.4924 0.00209539 0.999953 -0.00946465 -1.96854 -0.843452 -0.00331715 -0.537194 -23.487
-0.53436 0.012243 0.845168 87.3378 0.00551495 0.999924 -0.010998 -1.99635 -0.845239 -0.00121582 -0.534387 -24.0185
-0.529131 0.0147659 0.848412 88.1904 0.00745035 0.999891 -0.0127557 -2.03058 -0.848508 -0.000428463 -0.529183 -24.5453
-0.521012 0.0171554 0.853377 89.039 0.0126548 0.999843 -0.0123737 -2.06074 -0.853456 0.00435248 -0.521147 -25.0727
-0.512746 0.0205847 0.858293 89.8965 0.0194836 0.999734 -0.0123374 -2.0894 -0.858319 0.0103967 -0.513011 -25.5953
-0.503206 0.0202324 0.86393 90.7545 0.0174878 0.99976 -0.0132275 -2.11385 -0.86399 0.00845205 -0.503439 -26.0775
-0.492303 0.0178245 0.870241 91.627 0.0149301 0.999816 -0.0120324 -2.14177 -0.870296 0.00706922 -0.492479 -26.563
-0.480485 0.0145023 0.876883 92.5023 0.0149168 0.999854 -0.00836248 -2.16936 -0.876876 0.00906225 -0.480631 -27.0398
-0.469361 0.013864 0.882897 93.3802 0.0149864 0.999858 -0.00773357 -2.20087 -0.882879 0.00960165 -0.469502 -27.5005
-0.457102 0.0132764 0.889315 94.2633 0.0161307 0.999848 -0.00663546 -2.22686 -0.889268 0.0113122 -0.457247 -27.9544
-0.445359 0.0140184 0.895242 95.1492 0.0175301 0.999822 -0.0069352 -2.25882 -0.89518 0.0126051 -0.445526 -28.3863
-0.433217 0.0174102 0.901122 96.0293 0.0175066 0.999787 -0.0109001 -2.29834 -0.90112 0.0110535 -0.43343 -28.8063
-0.421841 0.0263671 0.906287 96.916 0.0195122 0.99961 -0.0200001 -2.32774 -0.90646 0.00924678 -0.42219 -29.2142
-0.409275 0.0306384 0.911897 97.8035 0.0196556 0.9995 -0.02476 -2.36452 -0.912199 0.00779021 -0.409673 -29.6067
-0.397608 0.0275587 0.917142 98.7065 0.0184338 0.999587 -0.0220445 -2.40024 -0.91737 0.00814132 -0.397951 -29.9904
-0.385551 0.0238569 0.922378 99.6016 0.0174548 0.999675 -0.0185602 -2.441 -0.922522 0.00894406 -0.385842 -30.3609
-0.376133 0.024372 0.926245 100.507 0.0150255 0.999683 -0.0202027 -2.48389 -0.926444 0.00631842 -0.37638 -30.7158
-0.369562 0.0287428 0.928761 101.396 0.0113056 0.999587 -0.0264361 -2.52967 -0.929137 0.000730453 -0.369734 -31.0445
-0.364592 0.0338313 0.930552 102.298 0.0046914 0.999394 -0.034496 -2.56759 -0.931155 -0.00821138 -0.36453 -31.384
-0.361177 0.0359707 0.931803 103.198 0.00330824 0.999299 -0.037294 -2.62345 -0.932492 -0.0103871 -0.361042 -31.7202
-0.357539 0.0359256 0.933207 104.091 0.00130871 0.999278 -0.0379677 -2.672 -0.933897 -0.0123536 -0.357328 -32.0545
-0.352357 0.036228 0.935164 104.981 0.00194686 0.999277 -0.0379781 -2.72771 -0.935863 -0.0115612 -0.352173 -32.3837
-0.347071 0.0315758 0.937307 105.883 -0.00142965 0.999414 -0.0341974 -2.78206 -0.937838 -0.0132089 -0.346823 -32.7008
-0.341068 0.0280972 0.939619 106.785 -0.0013038 0.999538 -0.0303622 -2.83109 -0.940038 -0.0115806 -0.340874 -33.0297
-0.335316 0.0249966 0.941774 107.686 -0.00240805 0.999622 -0.0273894 -2.88317 -0.942103 -0.0114519 -0.335129 -33.3414
-0.330082 0.0232093 0.943667 108.595 -0.011752 0.999519 -0.0286937 -2.92318 -0.943879 -0.0205613 -0.329651 -33.6374
-0.323702 0.0232002 0.945875 109.501 -0.0185152 0.999353 -0.0308483 -2.96897 -0.945978 -0.0274987 -0.323062 -33.9258
-0.317038 0.0274873 0.948015 110.399 -0.0168046 0.99926 -0.034593 -3.01659 -0.948264 -0.0268983 -0.316341 -34.2187
-0.310277 0.0308384 0.950146 111.293 -0.0152946 0.999182 -0.0374246 -3.06257 -0.950523 -0.0261441 -0.309552 -34.5024
-0.303857 0.0287284 0.952284 112.206 -0.0166636 0.999232 -0.0354618 -3.11226 -0.952572 -0.0266438 -0.303145 -34.7851
-0.296801 0.0237084 0.954645 113.119 -0.017636 0.999385 -0.0303025 -3.1623 -0.954776 -0.0258299 -0.296201 -35.0619
-0.289366 0.0211864 0.956984 114.039 -0.0185487 0.999443 -0.027735 -3.21139 -0.957039 -0.0257764 -0.288811 -35.3366
-0.282898 0.0245216 0.958837 114.946 -0.0202282 0.999298 -0.0315246 -3.25181 -0.958937 -0.0283138 -0.282203 -35.596
-0.276346 0.0272652 0.960671 115.856 -0.0185629 0.99926 -0.0337002 -3.30389 -0.960879 -0.0271458 -0.275635 -35.8485
-0.269872 0.0280829 0.962487 116.773 -0.0208432 0.99917 -0.0349975 -3.34972 -0.962671 -0.0295061 -0.269062 -36.093
-0.26276 0.0276959 0.964464 117.688 -0.0204168 0.999205 -0.0342559 -3.39882 -0.964645 -0.0286923 -0.261985 -36.3336
-0.254855 0.0276668 0.966584 118.607 -0.0165071 0.99932 -0.0329561 -3.44609 -0.966838 -0.0243545 -0.254225 -36.5728
-0.247094 0.0291075 0.968554 119.529 -0.0134402 0.99935 -0.0334618 -3.49312 -0.968898 -0.0212858 -0.246542 -36.8097
-0.240369 0.0297963 0.970224 120.456 -0.0115021 0.999371 -0.033541 -3.54667 -0.970613 -0.0192218 -0.239876 -37.0331
-0.233565 0.0286603 0.971919 121.376 -0.0166215 0.999302 -0.0334622 -3.59415 -0.972199 -0.0239704 -0.232926 -37.2408
-0.22753 0.0265918 0.973408 122.3 -0.0204471 0.999276 -0.0320779 -3.64959 -0.973556 -0.0272021 -0.226821 -37.4448
-0.223147 0.026556 0.974423 123.219 -0.0176835 0.999354 -0.031285 -3.70209 -0.974624 -0.0242124 -0.222533 -37.6426
-0.218788 0.0269254 0.975401 124.159 -0.0157858 0.999391 -0.0311285 -3.74935 -0.975645 -0.022208 -0.21823 -37.8445
-0.214353 0.0289008 0.976329 125.088 -0.0153187 0.99934 -0.0329452 -3.78553 -0.976636 -0.022018 -0.213769 -38.034
-0.208278 0.0281982 0.977663 126.02 -0.00863618 0.999492 -0.0306677 -3.83093 -0.978031 -0.0148307 -0.207929 -38.2413
-0.202822 0.0266919 0.978852 126.952 -0.0012295 0.999621 -0.027513 -3.88043 -0.979215 -0.00678373 -0.202712 -38.4411
-0.197885 0.0258101 0.979885 127.884 0.000267003 0.999655 -0.0262769 -3.92624 -0.980225 -0.00493816 -0.197823 -38.6254
-0.193599 0.0270144 0.980709 128.829 -0.00146541 0.999612 -0.0278244 -3.97823 -0.98108 -0.00682391 -0.193484 -38.8061
-0.189899 0.0281819 0.981399 129.761 -0.0027695 0.999569 -0.0292396 -4.02987 -0.9818 -0.00827055 -0.189739 -38.9791
-0.187927 0.0275482 0.981797 130.7 -0.0046716 0.99957 -0.0289411 -4.08079 -0.982172 -0.0100254 -0.187717 -39.1505
-0.187454 0.0263519 0.98192 131.632 -0.00531508 0.999598 -0.027841 -4.12327 -0.982259 -0.0104379 -0.187239 -39.3148
-0.185934 0.0220783 0.982314 132.563 -0.00361057 0.999725 -0.0231531 -4.16246 -0.982556 -0.00785165 -0.185803 -39.4981
-0.18507 0.0166259 0.982585 133.497 -0.00465006 0.999831 -0.0177936 -4.20701 -0.982714 -0.00786214 -0.184962 -39.6634
-0.183885 0.0144686 0.982841 134.413 -0.00438675 0.99987 -0.01554 -4.24561 -0.982938 -0.00716906 -0.183798 -39.8325
-0.182377 0.0194648 0.983036 135.324 -0.00415292 0.99978 -0.0205668 -4.2778 -0.98322 -0.00783337 -0.182256 -40.0008
-0.182328 0.0232274 0.982963 136.233 -0.0035287 0.999699 -0.0242774 -4.31642 -0.983232 -0.00789503 -0.182191 -40.1653
-0.182318 0.0220127 0.982993 137.151 -0.00716122 0.999693 -0.0237149 -4.357 -0.983213 -0.0113631 -0.182105 -40.3254
-0.181722 0.0207621 0.983131 138.062 -0.00906652 0.999699 -0.0227879 -4.40464 -0.983308 -0.0130546 -0.181479 -40.4859
-0.180982 0.0216473 0.983248 138.965 -0.00363138 0.999736 -0.0226787 -4.44477 -0.98348 -0.00767498 -0.180856 -40.6536
-0.180281 0.0238736 0.983325 139.862 -0.00567571 0.999664 -0.0253109 -4.48364 -0.983599 -0.0101441 -0.180085 -40.8096
-0.180442 0.0252984 0.98326 140.763 -0.0133682 0.999514 -0.0281698 -4.52534 -0.983495 -0.0182275 -0.180016 -40.9553
-0.179796 0.0266557 0.983343 141.655 -0.0189093 0.999354 -0.0305472 -4.57152 -0.983522 -0.0240866 -0.179176 -41.1058
-0.179357 0.0303238 0.983317 142.541 -0.0155523 0.999313 -0.0336538 -4.61671 -0.983661 -0.0213289 -0.178762 -41.267
-0.178577 0.0309141 0.98344 143.428 -0.0141828 0.999322 -0.0339887 -4.66901 -0.983824 -0.0200175 -0.178018 -41.4271
-0.176945 0.0322516 0.983692 144.302 -0.0143826 0.999272 -0.0353495 -4.71767 -0.984116 -0.020403 -0.176353 -41.5777
-0.175003 0.031466 0.984065 145.173 -0.00589885 0.999438 -0.0330066 -4.76689 -0.98455 -0.0115811 -0.174719 -41.7383
-0.171494 0.0280389 0.984786 146.04 -0.00136797 0.999587 -0.0286985 -4.81584 -0.985184 -0.0062688 -0.171385 -41.8957
-0.169826 0.0229009 0.985208 146.909 0.00271188 0.999737 -0.0227712 -4.8637 -0.98547 -0.00119536 -0.169843 -42.0439
-0.165666 0.0221025 0.985934 147.77 0.00342534 0.999756 -0.0218368 -4.90501 -0.986176 -0.000240463 -0.165702 -42.1913
-0.160618 0.0271085 0.986644 148.632 0.00492255 0.999632 -0.026664 -4.94793 -0.987004 0.000574079 -0.160693 -42.3322
-0.153975 0.0302588 0.987611 149.483 0.00672198 0.99954 -0.0295763 -4.98787 -0.988052 0.00208469 -0.154108 -42.4628
-0.145821 0.0313073 0.988816 150.326 0.00647392 0.999508 -0.0306911 -5.02164 -0.98929 0.00192611 -0.145951 -42.5795
-0.136128 0.0266536 0.990333 151.17 0.00812098 0.999634 -0.0257877 -5.06735 -0.990658 0.00453205 -0.136295 -42.6921
-0.124259 0.0254491 0.991923 152.016 0.0125587 0.999631 -0.0240736 -5.10838 -0.99217 0.00946592 -0.124533 -42.7967
-0.110502 0.0278597 0.993485 152.858 0.0167432 0.999517 -0.0261665 -5.14817 -0.993735 0.0137427 -0.110915 -42.8903
-0.0965556 0.0288983 0.994908 153.696 0.0162565 0.999491 -0.0274538 -5.18569 -0.995195 0.0135229 -0.0969762 -42.9621
-0.0828754 0.0286972 0.996147 154.535 0.0174463 0.999474 -0.0273416 -5.22721 -0.996407 0.0151132 -0.0833324 -43.0253
-0.0692536 0.0301019 0.997145 155.371 0.0184937 0.999412 -0.0288859 -5.27309 -0.997428 0.0164404 -0.0697696 -43.0802
-0.055483 0.0362546 0.997801 156.197 0.0155093 0.999251 -0.0354449 -5.32276 -0.998339 0.0135086 -0.0560038 -43.1164
-0.0429457 0.0453319 0.998048 157.012 0.00854818 0.99895 -0.0450051 -5.37057 -0.999041 0.00659872 -0.0432881 -43.1316
-0.0292315 0.0533022 0.99815 157.823 0.00461185 0.998574 -0.0531898 -5.42021 -0.999562 0.0030485 -0.0294356 -43.14
-0.0160753 0.0537871 0.998423 158.637 0.00427888 0.998547 -0.0537248 -5.47451 -0.999862 0.00340849 -0.0162821 -43.1449
-0.0041505 0.0494171 0.99877 159.461 0.000583511 0.998778 -0.0494151 -5.53601 -0.999991 0.000377696 -0.00417426 -43.1354
0.00701526 0.0471287 0.998864 160.283 -0.0014776 0.998888 -0.0471195 -5.60027 -0.999974 -0.00114537 0.0070771 -43.1199
0.0158753 0.0534154 0.998446 161.087 -0.00516986 0.998563 -0.0533395 -5.66277 -0.999861 -0.00431504 0.0161287 -43.0925
0.0226653 0.0615118 0.997849 161.883 -0.00805579 0.998084 -0.0613433 -5.71756 -0.999711 -0.0066481 0.0231174 -43.0664
0.0261018 0.0643928 0.997583 162.685 -0.0103966 0.997887 -0.0641404 -5.77399 -0.999605 -0.00869727 0.0267161 -43.039
0.0262807 0.0596041 0.997876 163.487 -0.0122496 0.998165 -0.0592987 -5.83733 -0.99958 -0.0106652 0.0269627 -43.0115
0.0244361 0.0552774 0.998172 164.295 -0.0142838 0.998388 -0.0549396 -5.90352 -0.999599 -0.0129151 0.0251863 -42.9825
0.0216577 0.0522743 0.998398 165.097 -0.0128504 0.998564 -0.0520042 -5.96061 -0.999683 -0.0117035 0.0222984 -42.9645
0.0186077 0.0525693 0.998444 165.893 -0.0112704 0.998564 -0.0523656 -6.01337 -0.999763 -0.0102784 0.0191734 -42.9455
0.0149953 0.0521622 0.998526 166.68 -0.00995734 0.998597 -0.0520164 -6.0742 -0.999838 -0.00916267 0.0154936 -42.9318
0.0100646 0.050566 0.99867 167.475 -0.0112132 0.998664 -0.0504527 -6.13306 -0.999886 -0.0106905 0.0106182 -42.918
0.00467957 0.050738 0.998701 168.264 -0.0115035 0.998649 -0.0506815 -6.18582 -0.999923 -0.0112514 0.00525691 -42.9093
-0.00153911 0.048925 0.998801 169.046 -0.0137384 0.998707 -0.0489416 -6.23725 -0.999904 -0.0137973 -0.000864962 -42.9002
-0.0071659 0.0457658 0.998926 169.833 -0.0111742 0.998886 -0.0458441 -6.2975 -0.999912 -0.0114907 -0.00664652 -42.9068
-0.0126564 0.0462599 0.998849 170.615 -0.0129549 0.998838 -0.0464235 -6.34085 -0.999836 -0.0135275 -0.0120424 -42.9131
-0.0182611 0.0473988 0.998709 171.392 -0.0150103 0.99875 -0.0476752 -6.39027 -0.999721 -0.0158615 -0.0175268 -42.9189
-0.0225378 0.0497174 0.998509 172.166 -0.0161503 0.998614 -0.0500872 -6.44229 -0.999616 -0.0172551 -0.0217036 -42.9314
-0.0251327 0.0518999 0.998336 172.933 -0.0164718 0.998494 -0.0523228 -6.49622 -0.999548 -0.0177594 -0.02424 -42.9474
-0.0266176 0.0528569 0.998247 173.707 -0.0136376 0.998489 -0.0532333 -6.54982 -0.999553 -0.0150306 -0.0258565 -42.9721
-0.0259121 0.0512544 0.998349 174.465 -0.0100065 0.998621 -0.0515281 -6.60273 -0.999614 -0.0113252 -0.0253635 -42.9915
-0.0225858 0.0478895 0.998597 175.212 -0.00873966 0.998804 -0.0480971 -6.65206 -0.999707 -0.00981371 -0.0221403 -43.0001
-0.0152195 0.047783 0.998742 175.962 -0.00869302 0.998813 -0.0479189 -6.70513 -0.999846 -0.00941139 -0.0147861 -43.0073
-0.00407712 0.0491619 0.998783 176.702 -0.00637929 0.998769 -0.0491873 -6.75108 -0.999971 -0.00657206 -0.00375848 -43.0055
0.0103424 0.0490226 0.998744 177.441 -0.00317991 0.998794 -0.0489921 -6.80298 -0.999941 -0.00266922 0.0104858 -42.9956
0.0252087 0.0468996 0.998581 178.165 -0.00451224 0.998894 -0.0468003 -6.84943 -0.999672 -0.00332607 0.0253924 -42.9617
0.0411889 0.0420663 0.998265 178.894 -0.00891926 0.999089 -0.041733 -6.89884 -0.999112 -0.00718485 0.0415266 -42.9128
0.0575211 0.0358123 0.997702 179.624 -0.0109367 0.999319 -0.0352398 -6.93838 -0.998284 -0.00888451 0.0578736 -42.8573
0.0743495 0.0281841 0.996834 180.347 -0.0113999 0.999559 -0.0274109 -6.97724 -0.997167 -0.00932583 0.074638 -42.7916
0.0923851 0.0202822 0.995517 181.063 -0.0106132 0.999756 -0.0193836 -7.01587 -0.995667 -0.00877483 0.0925778 -42.7178
0.109664 0.0144031 0.993864 181.771 -0.011506 0.999846 -0.0132202 -7.0475 -0.993902 -0.0099856 0.109813 -42.6279
0.127375 0.0128407 0.991772 182.465 -0.0122554 0.99986 -0.0113714 -7.06976 -0.991779 -0.0107062 0.127514 -42.5239
0.145223 0.0114457 0.989333 183.155 -0.0103612 0.999896 -0.010047 -7.09171 -0.989345 -0.00879164 0.145327 -42.412
0.162761 0.0110015 0.986604 183.837 -0.0111317 0.999895 -0.00931334 -7.10968 -0.986603 -0.0094667 0.162866 -42.2876
0.17877 0.0101595 0.983838 184.51 -0.0159275 0.999846 -0.00743069 -7.12867 -0.983762 -0.0143417 0.178905 -42.1471
0.193077 0.00675979 0.98116 185.177 -0.0184434 0.999825 -0.00325901 -7.1473 -0.98101 -0.0174667 0.193168 -42.0002
0.205309 0.00283942 0.978693 185.843 -0.014616 0.999893 0.000165195 -7.16372 -0.978588 -0.0143385 0.205329 -41.8523
0.216223 0.00196655 0.976342 186.501 -0.0122833 0.999924 0.000706241 -7.1774 -0.976267 -0.0121454 0.21623 -41.705
0.22616 0.00559897 0.974074 187.135 -0.0159996 0.99987 -0.00203247 -7.19622 -0.973959 -0.0151251 0.22622 -41.5456
0.234826 0.0128028 0.971953 187.769 -0.0206338 0.999754 -0.0081838 -7.21926 -0.971818 -0.0181334 0.235032 -41.3675
0.243923 0.0220234 0.969545 188.393 -0.0200147 0.999643 -0.0176717 -7.24248 -0.969588 -0.0150946 0.244277 -41.2021
0.252004 0.027889 0.967324 189.022 -0.0139248 0.999586 -0.0251915 -7.25791 -0.967626 -0.00712145 0.252288 -41.0381
0.258511 0.0261935 0.965653 189.657 -0.0124572 0.99964 -0.0237805 -7.27071 -0.965928 -0.0058818 0.258744 -40.863
0.264068 0.0184857 0.964327 190.304 -0.0152332 0.999772 -0.0149938 -7.29372 -0.964384 -0.0107305 0.264289 -40.6691
0.268298 0.00810441 0.963302 190.953 -0.0194891 0.999806 -0.00298344 -7.31652 -0.963139 -0.0179734 0.268404 -40.4703
0.270421 0.000343996 0.962742 191.606 -0.0197147 0.999792 0.00518036 -7.33587 -0.96254 -0.0203811 0.270372 -40.2762
0.271566 -0.000148448 0.96242 192.253 -0.0162485 0.999857 0.00473907 -7.34784 -0.962283 -0.0169249 0.271525 -40.0994
0.272937 0.00198614 0.96203 192.9 -0.0122664 0.999924 0.00141571 -7.35867 -0.961954 -0.012187 0.272941 -39.9186
0.274302 0.00208875 0.961641 193.545 -0.00969212 0.999953 0.000592644 -7.35555 -0.961595 -0.00948291 0.274309 -39.7322
0.276084 -0.000265635 0.961133 194.203 -0.011463 0.999928 0.0035691 -7.36405 -0.961065 -0.0120029 0.276061 -39.5363
0.278718 -0.00399381 0.960365 194.858 -0.0119137 0.9999 0.00761582 -7.37613 -0.960299 -0.0135641 0.278642 -39.3352
0.281877 -0.0089434 0.959409 195.515 -0.0112268 0.999857 0.0126189 -7.38488 -0.959385 -0.0143281 0.281737 -39.1391
0.286528 -0.0118167 0.957999 196.178 -0.00976194 0.999836 0.0152524 -7.39134 -0.958022 -0.0137222 0.286365 -38.9404
0.292906 -0.0141178 0.956037 196.837 -0.00764811 0.999824 0.0171076 -7.39382 -0.956111 -0.0123228 0.292746 -38.7359
0.300567 -0.0171575 0.953606 197.499 -0.00634366 0.99978 0.0199877 -7.39511 -0.95374 -0.012057 0.300392 -38.5193
0.310284 -0.019244 0.950449 198.163 -0.00337946 0.999766 0.0213458 -7.39964 -0.950638 -0.00983526 0.310146 -38.3007
0.321429 -0.0173556 0.946775 198.823 -0.00465229 0.999791 0.0199069 -7.40292 -0.946922 -0.0108033 0.321281 -38.0696
0.333032 -0.013604 0.942817 199.483 -0.00542163 0.999852 0.0163421 -7.40197 -0.9429 -0.010554 0.332909 -37.8257
0.34473 -0.0105699 0.938642 200.141 -0.00614029 0.99989 0.0135148 -7.4034 -0.938682 -0.0104225 0.344627 -37.5713
0.35654 -0.0108115 0.934218 200.802 -0.00480115 0.999899 0.013404 -7.40713 -0.934268 -0.00926436 0.356452 -37.313
0.367627 -0.0139772 0.929868 201.464 -0.00355978 0.999859 0.0164366 -7.40638 -0.929967 -0.00935266 0.367525 -37.0393
0.378492 -0.0152412 0.925479 202.127 -0.00473424 0.999819 0.0184016 -7.4082 -0.925593 -0.0113463 0.378351 -36.7486
0.389929 -0.0160149 0.920706 202.794 -0.00588933 0.999785 0.0198846 -7.40717 -0.920826 -0.0131759 0.389751 -36.4583
0.399152 -0.0172244 0.916723 203.459 -0.00957464 0.999691 0.0229522 -7.40454 -0.916835 -0.0179387 0.398864 -36.1465
0.406008 -0.0156233 0.913736 204.133 -0.0134208 0.999644 0.0230555 -7.39793 -0.913771 -0.0216238 0.405654 -35.827
0.410211 -0.0186272 0.911801 204.818 -0.0128844 0.999573 0.0262169 -7.38998 -0.9119 -0.0225025 0.409795 -35.5082
0.412258 -0.0224145 0.910791 205.509 -0.00978788 0.999531 0.0290287 -7.38146 -0.911014 -0.020882 0.411845 -35.1905
0.412221 -0.021462 0.910831 206.207 -0.00565903 0.999643 0.0261158 -7.36956 -0.911066 -0.0159199 0.411953 -34.873
0.410901 -0.0206925 0.911445 206.909 -0.00454609 0.999683 0.0247452 -7.35979 -0.911669 -0.0143113 0.410677 -34.5487
0.410453 -0.0197708 0.911667 207.616 -0.000741536 0.999757 0.022015 -7.35343 -0.911882 -0.00971216 0.410339 -34.2336
0.410298 -0.0214768 0.911699 208.339 0.00251408 0.999745 0.0224195 -7.3435 -0.911948 -0.00690659 0.410247 -33.9165
0.40945 -0.0272622 0.911925 209.065 0.00582017 0.999611 0.0272704 -7.33951 -0.912314 -0.00585831 0.40945 -33.5961
0.408258 -0.0302051 0.912367 209.793 0.00599214 0.99952 0.0304091 -7.33478 -0.912847 -0.00694775 0.408243 -33.2697
0.407079 -0.0332392 0.912788 210.528 0.00707101 0.999422 0.0332405 -7.33353 -0.913365 -0.00707718 0.407079 -32.9459
0.405695 -0.0332191 0.913405 211.26 0.0065526 0.999419 0.0334369 -7.31827 -0.913985 -0.00758002 0.405677 -32.616
0.403975 -0.033639 0.914151 211.995 0.0052328 0.999392 0.0344633 -7.30685 -0.914755 -0.00913874 0.403906 -32.2867
0.402442 -0.0321658 0.91488 212.726 0.00432161 0.999438 0.0332377 -7.29776 -0.915435 -0.0094225 0.402355 -31.9624
0.401376 -0.0288345 0.915459 213.471 0.00533525 0.999561 0.0291442 -7.29168 -0.915898 -0.00681358 0.401353 -31.6404
0.400923 -0.0227851 0.915828 214.197 0.00478366 0.999729 0.0227783 -7.28483 -0.916099 -0.00475136 0.400924 -31.3221
0.399874 -0.0200188 0.916352 214.933 0.00319016 0.999786 0.0204494 -7.27665 -0.916565 -0.00525389 0.399852 -30.9958
0.398489 -0.0225416 0.916896 215.672 0.00211419 0.999718 0.0236589 -7.27127 -0.917171 -0.00748931 0.398424 -30.6706
0.397191 -0.0253908 0.917385 216.408 7.71636e-05 0.999618 0.0276334 -7.26826 -0.917736 -0.0109049 0.397041 -30.3421
0.39443 -0.0243928 0.918602 217.135 -0.0043421 0.999587 0.0284077 -7.2669 -0.918916 -0.0151935 0.394161 -30.0177
0.389859 -0.0241901 0.920557 217.865 -0.00760772 0.999536 0.0294874 -7.26258 -0.920843 -0.0184993 0.389494 -29.7038
0.383178 -0.0258208 0.923313 218.595 -0.00689695 0.999501 0.0308137 -7.2542 -0.923649 -0.0181752 0.382809 -29.4011
0.374286 -0.0262386 0.926942 219.337 -0.00640495 0.999503 0.0308788 -7.25016 -0.927291 -0.0174945 0.373932 -29.102
0.364961 -0.0253283 0.930678 220.077 -0.00270612 0.999597 0.0282651 -7.24399 -0.931019 -0.0128342 0.364745 -28.8266
0.354254 -0.0220563 0.934889 220.817 -0.0037035 0.999681 0.0249883 -7.23814 -0.935142 -0.0123146 0.35406 -28.5464
0.342841 -0.0221686 0.939132 221.559 -0.00669073 0.999639 0.0260394 -7.22979 -0.93937 -0.0152109 0.342569 -28.2738
0.332221 -0.0303073 0.942715 222.312 -0.00156485 0.999465 0.0326832 -7.22144 -0.9432 -0.0123332 0.331995 -28.0183
0.323862 -0.0390205 0.945299 223.069 0.00266131 0.999183 0.0403329 -7.21487 -0.946101 -0.0105466 0.323701 -27.7691
0.316749 -0.0443484 0.947472 223.83 0.00288585 0.998947 0.045793 -7.19676 -0.948505 -0.0117706 0.316543 -27.5118
0.31294 -0.0452293 0.948695 224.582 -0.00253565 0.998822 0.0484556 -7.17507 -0.949769 -0.0175693 0.312457 -27.2584
0.31053 -0.047258 0.949388 225.339 -0.00141879 0.998739 0.0501786 -7.15375 -0.950563 -0.0169289 0.310071 -27.0105
0.309106 -0.0483914 0.949796 226.098 -0.000465624 0.998697 0.0510344 -7.13206 -0.951028 -0.0162173 0.30868 -26.7646
0.307873 -0.0464855 0.950291 226.85 -0.000487383 0.998798 0.0490162 -7.10837 -0.951427 -0.0155539 0.30748 -26.5124
0.307247 -0.0448141 0.950574 227.609 -0.00378156 0.998825 0.0483112 -7.08835 -0.951622 -0.0184381 0.306717 -26.2539
0.307818 -0.0455428 0.950354 228.376 -0.00427089 0.998778 0.0492466 -7.06525 -0.951436 -0.0192179 0.307248 -25.9985
0.30958 -0.0469109 0.949716 229.146 -0.00485828 0.998691 0.0509137 -7.04107 -0.950861 -0.0203758 0.308947 -25.7433
0.310795 -0.0485634 0.949235 229.919 -0.00321325 0.998634 0.0521427 -7.01431 -0.950471 -0.0192559 0.310215 -25.4875
0.312386 -0.04996 0.948641 230.694 0.000332297 0.998622 0.0524828 -6.99281 -0.949955 -0.0160797 0.311972 -25.2335
0.314989 -0.0511066 0.947718 231.469 0.000988792 0.998566 0.05352 -6.96066 -0.949095 -0.0159211 0.314588 -24.968
0.319247 -0.0527338 0.946203 232.251 -0.000642388 0.998438 0.0558617 -6.93649 -0.947671 -0.0184415 0.318714 -24.6971
0.324087 -0.0568002 0.944321 233.034 -0.00215427 0.998149 0.0607773 -6.90715 -0.946025 -0.0217315 0.323365 -24.4164
0.328939 -0.0604863 0.942412 233.819 -0.00272371 0.997882 0.0649971 -6.87371 -0.944347 -0.023947 0.328078 -24.1305
0.333068 -0.0605225 0.940958 234.604 -0.00341314 0.997854 0.0653901 -6.83975 -0.942897 -0.024991 0.332147 -23.8451
0.337508 -0.0555818 0.93968 235.387 -0.00852144 0.998034 0.062094 -6.80579 -0.941284 -0.0289647 0.336371 -23.5505
0.341751 -0.0495494 0.938483 236.166 -0.0132951 0.998254 0.0575466 -6.76498 -0.939696 -0.0321438 0.340496 -23.2476
0.346621 -0.0467101 0.936842 236.957 -0.0171287 0.998278 0.0561107 -6.73372 -0.937849 -0.0354961 0.345224 -22.9445
0.350783 -0.0471177 0.935271 237.743 -0.018739 0.99818 0.0573153 -6.70651 -0.936269 -0.0376312 0.349262 -22.6385
0.354895 -0.0452236 0.933812 238.532 -0.0201975 0.998225 0.0560191 -6.684 -0.934688 -0.0387416 0.353351 -22.3296
0.359095 -0.0422977 0.932342 239.317 -0.0206024 0.99837 0.0532283 -6.65124 -0.933074 -0.0383225 0.357638 -22.0224
0.363597 -0.0420257 0.930608 240.105 -0.020785 0.998367 0.0532066 -6.62525 -0.931324 -0.0386885 0.36213 -21.706
0.368012 -0.043606 0.928798 240.888 -0.0207649 0.998265 0.055095 -6.60265 -0.929589 -0.039562 0.366469 -21.3893
0.3723 -0.04394 0.927072 241.673 -0.0171903 0.998381 0.0542232 -6.57697 -0.927953 -0.0361239 0.370941 -21.074
0.376679 -0.0437613 0.92531 242.463 -0.0138666 0.998505 0.0528679 -6.55023 -0.92624 -0.0327451 0.375509 -20.7524
0.380514 -0.0417314 0.923833 243.246 -0.0150835 0.998568 0.05132 -6.52466 -0.924652 -0.0334626 0.37934 -20.4181
0.384537 -0.0417301 0.922166 244.024 -0.0198871 0.998371 0.0534714 -6.49224 -0.922895 -0.038901 0.383081 -20.0727
0.389215 -0.0417248 0.920201 244.802 -0.0228794 0.998227 0.0549399 -6.46645 -0.920863 -0.0424371 0.38757 -19.7332
0.393197 -0.0393682 0.918611 245.576 -0.0200263 0.998479 0.0513629 -6.44554 -0.919236 -0.0385921 0.39181 -19.3995
0.396978 -0.032922 0.917238 246.349 -0.0191731 0.998841 0.0441491 -6.42513 -0.917628 -0.0351125 0.395887 -19.0565
0.40037 -0.0262626 0.915977 247.116 -0.0255326 0.998881 0.0397998 -6.39712 -0.915998 -0.0393219 0.399252 -18.7052
0.403231 -0.0274317 0.914687 247.887 -0.0316107 0.998537 0.0438816 -6.37153 -0.914552 -0.0466083 0.401774 -18.3452
0.405852 -0.0375907 0.913165 248.672 -0.0306516 0.998032 0.0547072 -6.34775 -0.913425 -0.050193 0.403901 -17.9916
0.407946 -0.0500751 0.911632 249.455 -0.0267204 0.997412 0.066744 -6.31965 -0.912615 -0.0515871 0.405552 -17.6477
0.409545 -0.0575693 0.910472 250.235 -0.0282347 0.996729 0.0757238 -6.28183 -0.911853 -0.0567192 0.40658 -17.2863
0.411534 -0.0595455 0.909447 251.005 -0.0296616 0.99646 0.0786647 -6.24585 -0.910912 -0.0593488 0.408311 -16.9275
0.414146 -0.055018 0.908546 251.769 -0.0296422 0.996827 0.0738758 -6.20138 -0.909728 -0.0575267 0.411201 -16.5708
0.418233 -0.049888 0.906969 252.533 -0.0281337 0.9973 0.06783 -6.16213 -0.907904 -0.0538852 0.415701 -16.213
0.42269 -0.0457361 0.90512 253.3 -0.0273112 0.997629 0.0631649 -6.12037 -0.905863 -0.0514191 0.420438 -15.8513
0.426937 -0.0439725 0.903211 254.065 -0.0251911 0.997851 0.0604875 -6.08317 -0.90393 -0.0485772 0.424912 -15.4901
0.430798 -0.0423825 0.901453 254.829 -0.0243747 0.997986 0.0585696 -6.05076 -0.902119 -0.0472043 0.428897 -15.1164
0.434539 -0.0434604 0.899604 255.594 -0.0234412 0.997951 0.0595345 -6.01502 -0.900348 -0.0469578 0.43263 -14.7423
0.437786 -0.0486337 0.897763 256.359 -0.0216922 0.997674 0.0646241 -5.97944 -0.898817 -0.047766 0.435713 -14.3633
0.440588 -0.0543971 0.89606 257.128 -0.0195242 0.997346 0.0701457 -5.93869 -0.897497 -0.0484002 0.438356 -13.9823
0.442691 -0.0599472 0.894668 257.898 -0.0178314 0.996977 0.0756255 -5.89205 -0.896497 -0.0494319 0.440283 -13.5926
0.444651 -0.0652759 0.893322 258.674 -0.0161066 0.996597 0.0808394 -5.84547 -0.895559 -0.0503337 0.442086 -13.2032
0.446504 -0.0723927 0.891848 259.45 -0.0138876 0.996041 0.087803 -5.79697 -0.894674 -0.05159 0.443731 -12.8174
0.447898 -0.0733335 0.891072 260.216 -0.0138406 0.995943 0.0889211 -5.74785 -0.893978 -0.0521606 0.445065 -12.4233
0.449837 -0.0617484 0.890974 260.974 -0.022826 0.996486 0.0805854 -5.70098 -0.892819 -0.0565876 0.446847 -12.0214
0.450832 -0.0486439 0.891282 261.733 -0.0243941 0.99747 0.0667784 -5.65571 -0.892275 -0.0518479 0.448505 -11.6308
0.451609 -0.0409851 0.891274 262.491 -0.0245831 0.997994 0.0583489 -5.60749 -0.891877 -0.0482612 0.449695 -11.2392
0.451561 -0.043024 0.891202 263.27 -0.0246569 0.997854 0.0606661 -5.56101 -0.8919 -0.0493687 0.449531 -10.8418
0.451782 -0.0484228 0.890813 264.051 -0.0253412 0.997426 0.0670701 -5.52412 -0.891768 -0.0528754 0.449392 -10.4368
0.452952 -0.050727 0.890091 264.819 -0.0234195 0.997358 0.0687581 -5.49544 -0.891227 -0.0519896 0.450568 -10.0387
0.454061 -0.0508357 0.889519 265.599 -0.0201808 0.997528 0.0673098 -5.45095 -0.890742 -0.0485139 0.451912 -9.65084
