0.999772 -0.00297512 -0.021146 -0.0238576 0.00298315 0.999995 0.000348211 -0.00627747 0.0211449 -0.000411213 0.999776 0.284989
0.999085 -0.00401304 -0.0425877 -0.0550264 0.00400489 0.999992 -0.000276797 -0.00574362 0.0425885 0.000105985 0.999093 0.576193
0.997868 -0.00657968 -0.0649303 -0.0918648 0.00655922 0.999978 -0.000528147 -0.00626612 0.0649323 0.000101129 0.99789 0.876185
0.996029 -0.00974994 -0.0884977 -0.136275 0.00958321 0.999951 -0.00230868 -0.00436124 0.0885159 0.00145142 0.996074 1.18135
0.99355 -0.016817 -0.112144 -0.182081 0.016437 0.999856 -0.00431186 -0.00926451 0.1122 0.00244073 0.993683 1.49401
0.990697 -0.0225496 -0.134207 -0.230387 0.0219253 0.999741 -0.00612822 -0.00767828 0.13431 0.0031287 0.990934 1.81791
0.987349 -0.0211596 -0.157141 -0.302197 0.0208555 0.999776 -0.0035842 -0.0221032 0.157182 0.000261611 0.98757 2.1432
0.983292 -0.0194338 -0.180994 -0.387165 0.0192734 0.999811 -0.00264529 -0.0378004 0.181011 -0.000887261 0.983481 2.469
0.978763 -0.0221466 -0.203793 -0.47225 0.0216525 0.999755 -0.00465379 -0.0488707 0.203846 0.000142321 0.979003 2.80121
0.973976 -0.0274797 -0.224981 -0.562007 0.0260234 0.999617 -0.00943675 -0.0475252 0.225154 0.0033364 0.974317 3.12803
0.968649 -0.0345393 -0.246021 -0.657181 0.0318029 0.99938 -0.0150883 -0.0634233 0.24639 0.00679105 0.969147 3.45864
0.963056 -0.0397494 -0.26635 -0.7653 0.0354932 0.999154 -0.0207765 -0.068114 0.26695 0.0105554 0.963653 3.79674
0.957871 -0.0428412 -0.283986 -0.885554 0.0369811 0.998979 -0.025967 -0.0746529 0.284809 0.0143709 0.958477 4.13999
0.952183 -0.0437881 -0.302375 -1.01338 0.0367589 0.998906 -0.0289012 -0.0913449 0.30331 0.0164043 0.952751 4.4858
0.945747 -0.0486173 -0.321246 -1.14518 0.0404156 0.998665 -0.0321543 -0.100322 0.322381 0.0174265 0.94645 4.83579
0.938687 -0.0567336 -0.34007 -1.27861 0.0481706 0.998275 -0.0335772 -0.119638 0.341389 0.0151371 0.9398 5.20631
0.930631 -0.0673469 -0.359708 -1.42654 0.0587351 0.997666 -0.034831 -0.14291 0.361215 0.0112873 0.932414 5.58104
0.92214 -0.0726042 -0.379982 -1.59203 0.0632616 0.99731 -0.0370354 -0.167943 0.381648 0.0101136 0.924252 5.95893
0.913445 -0.0777005 -0.399476 -1.77408 0.0675409 0.996935 -0.0394704 -0.189814 0.401319 0.00907308 0.915894 6.33733
0.904024 -0.0801763 -0.419896 -1.96723 0.0684625 0.99673 -0.0429211 -0.211518 0.421965 0.0100546 0.906557 6.72349
0.893805 -0.0834563 -0.440621 -2.1713 0.0691549 0.996429 -0.0484479 -0.244503 0.443091 0.0128318 0.896385 7.11067
0.883616 -0.0824701 -0.460891 -2.40041 0.0645628 0.996423 -0.0545169 -0.275494 0.463739 0.0184156 0.885781 7.49652
0.871724 -0.0859559 -0.482399 -2.63681 0.0645418 0.996058 -0.0608508 -0.30803 0.485728 0.0219102 0.873835 7.88993
0.858897 -0.0960179 -0.503068 -2.87591 0.0712791 0.99512 -0.068237 -0.351229 0.507164 0.0227503 0.861549 8.2764
0.845688 -0.105289 -0.523189 -3.13698 0.0769974 0.99416 -0.0756097 -0.384245 0.528094 0.023658 0.848856 8.68672
0.832344 -0.110298 -0.543173 -3.41878 0.0781815 0.993565 -0.0819525 -0.425705 0.548717 0.0257467 0.835612 9.09971
0.82067 -0.110504 -0.560615 -3.73607 0.0748216 0.993456 -0.086293 -0.473549 0.566482 0.028872 0.823568 9.5237
0.810727 -0.106982 -0.575566 -4.06499 0.0676866 0.993697 -0.0893602 -0.530451 0.581498 0.0334887 0.812858 9.94916
0.801564 -0.105841 -0.588467 -4.41624 0.0634901 0.99371 -0.0922469 -0.587539 0.594529 0.03658 0.803242 10.3978
0.792702 -0.107635 -0.600032 -4.77702 0.063173 0.993494 -0.0947572 -0.649057 0.606328 0.0372083 0.794344 10.8534
0.783496 -0.111585 -0.611296 -5.15598 0.0656119 0.993101 -0.0971839 -0.709759 0.617923 0.0360349 0.785412 11.3318
0.773674 -0.116261 -0.622826 -5.55349 0.0698579 0.99268 -0.0985227 -0.782977 0.629721 0.032715 0.776132 11.8192
0.763928 -0.116194 -0.634754 -5.97435 0.068365 0.992692 -0.0994388 -0.848926 0.641669 0.0325692 0.76629 12.3185
0.754912 -0.116547 -0.645387 -6.42257 0.065603 0.992567 -0.102506 -0.92602 0.652537 0.0350435 0.756946 12.8228
0.745106 -0.119801 -0.656098 -6.88425 0.0649629 0.992094 -0.107376 -1.00533 0.663774 0.0373845 0.746998 13.3381
0.734894 -0.124269 -0.6667 -7.36155 0.0670187 0.991564 -0.110948 -1.08007 0.674863 0.0368533 0.737022 13.8549
0.725294 -0.126158 -0.676781 -7.86388 0.0673605 0.991354 -0.112609 -1.17361 0.685136 0.0360862 0.727521 14.383
0.717261 -0.126302 -0.685262 -8.39195 0.0656427 0.99131 -0.114002 -1.26241 0.693705 0.0367867 0.719319 14.9218
0.710547 -0.130346 -0.691471 -8.92441 0.0675938 0.990792 -0.11731 -1.35316 0.700395 0.0366154 0.712815 15.4635
0.706911 -0.133546 -0.694581 -9.47606 0.0664222 0.990208 -0.122784 -1.4523 0.704177 0.0406618 0.70886 16.0106
0.706112 -0.135252 -0.695063 -10.0447 0.0637584 0.989746 -0.127823 -1.5616 0.705224 0.0459411 0.707495 16.5723
0.707448 -0.134011 -0.693944 -10.6226 0.0585047 0.989593 -0.131462 -1.66503 0.704339 0.0524035 0.707926 17.1463
0.709711 -0.135505 -0.691339 -11.2019 0.0588186 0.989299 -0.133525 -1.77969 0.702034 0.0541003 0.710086 17.7415
0.713109 -0.135748 -0.687785 -11.7913 0.0589741 0.989212 -0.134095 -1.90313 0.698568 0.0550632 0.713422 18.3442
0.716671 -0.132301 -0.684748 -12.3919 0.0547174 0.989482 -0.13391 -2.02785 0.695262 0.058502 0.716372 18.9646
0.721214 -0.128162 -0.680753 -13.0032 0.0497386 0.98978 -0.133646 -2.14921 0.690925 0.0625277 0.720218 19.5892
0.726075 -0.123695 -0.676399 -13.621 0.0448348 0.99011 -0.132937 -2.27277 0.686153 0.0661962 0.724439 20.2288
0.731521 -0.121375 -0.670928 -14.2369 0.0431077 0.990292 -0.132148 -2.39707 0.680455 0.0677471 0.729652 20.8798
0.736254 -0.119637 -0.666046 -14.8566 0.040886 0.990314 -0.132687 -2.52395 0.675469 0.0704593 0.734015 21.5436
0.740448 -0.118485 -0.661588 -15.4827 0.0406836 0.990435 -0.131846 -2.65227 0.670882 0.0707091 0.738186 22.2298
0.743699 -0.118814 -0.657872 -16.1178 0.0434813 0.990593 -0.12975 -2.78762 0.667099 0.0678898 0.741869 22.9375
0.745735 -0.118178 -0.655678 -16.7557 0.0420136 0.990525 -0.130747 -2.92017 0.664917 0.0699549 0.743634 23.6554
0.747687 -0.120944 -0.652944 -17.3949 0.0422873 0.98995 -0.134944 -3.06229 0.662703 0.0732849 0.745288 24.3731
0.749752 -0.118978 -0.650935 -18.0504 0.0369358 0.989694 -0.138353 -3.19665 0.660687 0.0796879 0.74642 25.1019
0.752051 -0.116291 -0.648764 -18.7114 0.0350088 0.98997 -0.136869 -3.34056 0.658174 0.0802204 0.74858 25.8465
0.753838 -0.117182 -0.646526 -19.3798 0.0379842 0.990095 -0.135165 -3.48809 0.655961 0.0773346 0.750822 26.6139
0.755853 -0.113535 -0.644823 -20.0593 0.0347171 0.990415 -0.133689 -3.64169 0.65382 0.0786628 0.75255 27.382
0.756559 -0.118712 -0.64306 -20.735 0.0397079 0.989909 -0.136025 -3.78416 0.652719 0.0773767 0.753639 28.1792
0.757049 -0.122675 -0.641738 -21.4217 0.0447522 0.989644 -0.136387 -3.93718 0.651824 0.0745324 0.754699 28.9933
0.757881 -0.124481 -0.640407 -22.1274 0.0458664 0.989365 -0.138031 -4.07642 0.650779 0.0752376 0.75553 29.8005
0.758433 -0.120069 -0.640596 -22.8375 0.0421735 0.989865 -0.135603 -4.2299 0.650385 0.0758294 0.75581 30.6263
0.759152 -0.117047 -0.640304 -23.554 0.0415381 0.990406 -0.131797 -4.38047 0.649587 0.0734567 0.756731 31.4461
0.759444 -0.112439 -0.640782 -24.277 0.037874 0.990922 -0.128991 -4.53784 0.649469 0.0736928 0.756809 32.2796
0.75955 -0.111296 -0.640857 -24.9984 0.0362509 0.990964 -0.129134 -4.68574 0.649438 0.0748518 0.756721 33.1067
0.757944 -0.113701 -0.642334 -25.7012 0.0384382 0.990766 -0.130021 -4.84157 0.651186 0.0738588 0.755316 33.9326
0.755542 -0.114189 -0.645071 -26.4083 0.0391071 0.990797 -0.129585 -5.00008 0.653931 0.0726799 0.753055 34.7476
0.752538 -0.110974 -0.649132 -27.1113 0.0377448 0.991347 -0.125721 -5.16343 0.657467 0.0701087 0.750215 35.5561
0.749728 -0.110988 -0.652372 -27.821 0.0374013 0.991366 -0.125679 -5.31669 0.660688 0.0698254 0.747406 36.3637
0.748938 -0.10894 -0.653623 -28.5209 0.0336529 0.991374 -0.126672 -5.47554 0.661785 0.0728733 0.746144 37.1391
0.748756 -0.106917 -0.654166 -29.2227 0.0305771 0.991426 -0.12704 -5.62899 0.66214 0.0751192 0.745605 37.9063
0.748441 -0.102457 -0.655239 -29.9051 0.0268608 0.991867 -0.124412 -5.78146 0.662657 0.0755151 0.745106 38.6657
0.748213 -0.101511 -0.655647 -30.585 0.0273027 0.9921 -0.122446 -5.93104 0.662896 0.0737145 0.745074 39.4246
0.748695 -0.100655 -0.655229 -31.2521 0.0276184 0.992284 -0.120874 -6.07946 0.662339 0.0724016 0.745697 40.1753
0.749492 -0.0999413 -0.654426 -31.901 0.0278787 0.992427 -0.119631 -6.21676 0.661427 0.0714177 0.746602 40.9036
0.749882 -0.100057 -0.653962 -32.5295 0.029867 0.992609 -0.117623 -6.35783 0.660897 0.0686718 0.747328 41.6154
0.749773 -0.103171 -0.653602 -33.1414 0.0332558 0.992397 -0.1185 -6.48903 0.660859 0.0671121 0.747504 42.3084
0.74957 -0.103225 -0.653827 -33.7254 0.0339632 0.992462 -0.117752 -6.6183 0.661053 0.0660574 0.747426 42.9677
0.748933 -0.102766 -0.654628 -34.2913 0.0338595 0.992546 -0.117077 -6.73621 0.66178 0.0655172 0.74683 43.6005
0.748211 -0.101059 -0.655719 -34.8308 0.0330821 0.992784 -0.115259 -6.85718 0.662636 0.0645453 0.746155 44.2103
0.747394 -0.103247 -0.65631 -35.339 0.0358052 0.992675 -0.115388 -6.96823 0.663416 0.0627407 0.745616 44.7861
0.746655 -0.10463 -0.656931 -35.8265 0.0351444 0.992378 -0.118113 -7.07291 0.664282 0.065102 0.744641 45.3298
0.746362 -0.103745 -0.657405 -36.2961 0.0329599 0.992326 -0.119178 -7.17793 0.664724 0.0672822 0.744054 45.8462
0.745986 -0.10139 -0.658198 -36.7526 0.028405 0.992287 -0.120661 -7.27955 0.665355 0.0713153 0.743113 46.3432
0.744901 -0.104841 -0.658887 -37.1938 0.0303629 0.99188 -0.1235 -7.37957 0.666484 0.0719898 0.742035 46.8385
0.743561 -0.106251 -0.660173 -37.626 0.0319642 0.991814 -0.123625 -7.481 0.667904 0.0708205 0.74087 47.3254
0.743151 -0.104788 -0.660868 -38.0642 0.0316861 0.992065 -0.121671 -7.57063 0.668373 0.0694799 0.740574 47.8098
0.742867 -0.101133 -0.661756 -38.4898 0.0279898 0.992351 -0.120236 -7.66299 0.668854 0.0707966 0.740015 48.2762
0.742461 -0.0991013 -0.662519 -38.9098 0.0255792 0.99247 -0.119791 -7.7528 0.669401 0.0719931 0.739405 48.7288
0.742215 -0.0993632 -0.662754 -39.3191 0.0257296 0.992443 -0.119977 -7.83761 0.669667 0.0719965 0.739163 49.1799
0.743017 -0.0975521 -0.662125 -39.7244 0.0240974 0.992578 -0.119197 -7.9187 0.668839 0.0726098 0.739853 49.6161
0.743995 -0.0964753 -0.661183 -40.1195 0.0234226 0.992679 -0.118489 -8.00085 0.667774 0.0726683 0.740808 50.0486
0.744603 -0.0930704 -0.660987 -40.5014 0.022529 0.993172 -0.114465 -8.08523 0.667127 0.0703395 0.741616 50.475
0.74497 -0.0899347 -0.661008 -40.8792 0.0234423 0.993788 -0.108792 -8.16256 0.666686 0.065551 0.74245 50.8935
0.745025 -0.0885453 -0.661134 -41.2448 0.0254506 0.994202 -0.104473 -8.23386 0.666551 0.0610087 0.742959 51.3055
0.745902 -0.0823331 -0.660947 -41.629 0.0185083 0.994509 -0.102997 -8.30449 0.665798 0.0645927 0.743331 51.7084
0.746575 -0.077679 -0.660751 -42.0058 0.0128918 0.994663 -0.102368 -8.37767 0.665177 0.067907 0.743592 52.114
0.746623 -0.0781761 -0.660638 -42.3772 0.0123441 0.994528 -0.103736 -8.45093 0.665133 0.0692967 0.743503 52.5185
0.745459 -0.0847481 -0.661142 -42.7397 0.0173526 0.994016 -0.107852 -8.52383 0.666326 0.0689266 0.742468 52.9379
0.745093 -0.0900729 -0.660851 -43.1109 0.0237199 0.993791 -0.108708 -8.58794 0.666539 0.0653225 0.742603 53.3626
0.747322 -0.0862531 -0.65884 -43.4971 0.0203932 0.994049 -0.107006 -8.65541 0.664149 0.0665317 0.744633 53.7832
0.750354 -0.0793464 -0.656257 -43.8899 0.0139472 0.994449 -0.104289 -8.72219 0.660889 0.069101 0.747296 54.2062
0.753279 -0.0742331 -0.653498 -44.2728 0.0125213 0.995049 -0.0985979 -8.79369 0.657582 0.0660891 0.750479 54.642
0.757536 -0.0731838 -0.648678 -44.6537 0.0169031 0.995562 -0.0925794 -8.86669 0.652575 0.0591675 0.755411 55.0913
0.761196 -0.0747694 -0.644197 -45.0283 0.0214136 0.995688 -0.0902628 -8.93017 0.648168 0.0549131 0.759515 55.5519
0.763796 -0.0793115 -0.640566 -45.4054 0.0271107 0.995488 -0.0909299 -8.99134 0.644888 0.0520857 0.7625 56.0165
0.766771 -0.0829899 -0.636534 -45.7917 0.0318762 0.995307 -0.0913678 -9.05707 0.641129 0.0497679 0.765818 56.4914
0.770149 -0.0825078 -0.632505 -46.1849 0.0332012 0.99544 -0.0894249 -9.12211 0.636999 0.0478707 0.769377 56.9764
0.773479 -0.0821272 -0.628479 -46.5837 0.0331995 0.995458 -0.0892234 -9.18246 0.632952 0.0481472 0.772693 57.4642
0.776621 -0.0824554 -0.624548 -46.9811 0.0329339 0.995356 -0.0904578 -9.2461 0.629106 0.0496826 0.77573 57.9622
0.778991 -0.0851605 -0.621225 -47.3844 0.0358572 0.995163 -0.0914584 -9.31658 0.626009 0.0489699 0.778277 58.4723
0.780305 -0.0901673 -0.618865 -47.7861 0.0412858 0.99482 -0.0928874 -9.38499 0.624035 0.0469302 0.779986 58.9974
0.781844 -0.091087 -0.616784 -48.2009 0.0429674 0.99479 -0.092445 -9.45031 0.621992 0.0457759 0.781685 59.5241
0.782972 -0.0899473 -0.615519 -48.6269 0.0438786 0.995012 -0.0895876 -9.51929 0.620507 0.0431365 0.783014 60.0605
0.783623 -0.0879731 -0.614976 -49.0596 0.0450696 0.995365 -0.0849588 -9.5915 0.6196 0.0388589 0.783955 60.6083
0.783879 -0.08723 -0.614755 -49.4953 0.0468059 0.995567 -0.0815823 -9.66537 0.619146 0.0351765 0.784487 61.1622
0.783745 -0.08731 -0.614915 -49.9343 0.047881 0.995617 -0.0803376 -9.73541 0.619234 0.0335215 0.784491 61.7205
0.78307 -0.087935 -0.615685 -50.3821 0.0483583 0.995566 -0.0806859 -9.79534 0.62005 0.0334093 0.78385 62.2774
0.781321 -0.088354 -0.617844 -50.8379 0.048314 0.995521 -0.0812657 -9.8635 0.622257 0.033644 0.78209 62.8428
0.77871 -0.0904349 -0.620832 -51.2927 0.0498685 0.995348 -0.0824395 -9.94177 0.625399 0.0332365 0.779597 63.4126
0.775041 -0.0914089 -0.625265 -51.7537 0.0514328 0.995324 -0.0817557 -10.0162 0.629815 0.0312049 0.776118 63.9869
0.77071 -0.0907604 -0.630689 -52.2287 0.0519633 0.995459 -0.0797534 -10.0838 0.635064 0.028694 0.771926 64.568
0.766588 -0.085829 -0.636377 -52.7099 0.0496536 0.995983 -0.0745161 -10.1529 0.640216 0.0255247 0.76777 65.1341
0.761695 -0.082549 -0.642656 -53.1972 0.0481441 0.99632 -0.0709152 -10.2252 0.646145 0.0230756 0.762866 65.7022
0.754978 -0.0849468 -0.650225 -53.6804 0.0516815 0.996198 -0.0701379 -10.3015 0.653711 0.019348 0.756497 66.2648
0.747221 -0.0875545 -0.658783 -54.1651 0.0534839 0.995991 -0.0717067 -10.3701 0.66242 0.0183464 0.748908 66.806
0.738558 -0.0903352 -0.668111 -54.6627 0.0531169 0.995699 -0.0759108 -10.4357 0.672094 0.0205766 0.74018 67.3419
0.728703 -0.0901889 -0.678865 -55.164 0.0504813 0.995667 -0.0780895 -10.4978 0.682966 0.0226341 0.730099 67.8602
0.7181 -0.0899061 -0.690108 -55.675 0.0494986 0.995707 -0.0782126 -10.5693 0.694177 0.0220051 0.719468 68.3698
0.706957 -0.087496 -0.701824 -56.1955 0.0491942 0.995998 -0.0746167 -10.6335 0.705544 0.0182251 0.708432 68.8773
0.695748 -0.08301 -0.713473 -56.7227 0.0470214 0.996433 -0.0700782 -10.6984 0.716745 0.0152083 0.69717 69.3705
0.684045 -0.0773848 -0.725324 -57.2553 0.0426534 0.996899 -0.0661332 -10.7727 0.728192 0.0143006 0.685224 69.8539
0.671492 -0.0752038 -0.737186 -57.7936 0.0398413 0.997062 -0.0654241 -10.8451 0.73994 0.0145613 0.672515 70.3242
0.657853 -0.078578 -0.749036 -58.3328 0.04079 0.9968 -0.0687454 -10.9084 0.752041 0.0146712 0.658953 70.7835
0.645136 -0.0813 -0.75973 -58.8885 0.0385394 0.99652 -0.073913 -10.9729 0.763095 0.0184044 0.646024 71.2275
0.633744 -0.0828759 -0.76909 -59.4472 0.0353798 0.996309 -0.078207 -11.0395 0.772733 0.022353 0.634337 71.6639
0.624706 -0.0800933 -0.776742 -60.0179 0.02903 0.99642 -0.0793976 -11.1042 0.780321 0.0270514 0.624794 72.0949
0.617987 -0.0743632 -0.782663 -60.5983 0.0243833 0.996851 -0.0754609 -11.1671 0.78581 0.02755 0.617854 72.5328
0.614597 -0.0643874 -0.786209 -61.1902 0.0189103 0.997579 -0.0669151 -11.2309 0.788614 0.0262584 0.614327 72.9772
0.61488 -0.0593191 -0.786387 -61.7718 0.0187231 0.997984 -0.0606407 -11.2986 0.788398 0.0225632 0.614751 73.4308
0.617772 -0.0580372 -0.784213 -62.3523 0.0176006 0.998043 -0.059997 -11.369 0.786161 0.0232618 0.617584 73.8741
0.623049 -0.0610539 -0.779796 -62.9215 0.0167912 0.997763 -0.0647036 -11.4281 0.782002 0.0272198 0.622681 74.327
0.630854 -0.0647382 -0.773196 -63.4909 0.0174519 0.997445 -0.0692749 -11.4832 0.775706 0.0302086 0.630372 74.7919
0.640624 -0.0653888 -0.765066 -64.0593 0.0179991 0.997372 -0.0701722 -11.5379 0.767644 0.0311834 0.640117 75.2737
0.652044 -0.063502 -0.755517 -64.6175 0.0190984 0.997546 -0.067362 -11.6051 0.757941 0.0294939 0.651656 75.7613
0.664033 -0.061209 -0.745194 -65.174 0.0214181 0.997792 -0.0628715 -11.6757 0.747397 0.0257881 0.663877 76.2607
0.675464 -0.0623717 -0.73475 -65.7273 0.026267 0.997819 -0.0605557 -11.73 0.736925 0.0216036 0.67563 76.7754
0.686877 -0.0607067 -0.724234 -66.2783 0.0286918 0.997994 -0.056442 -11.7913 0.726207 0.0179892 0.687241 77.3041
0.698529 -0.0566012 -0.71334 -66.8324 0.0296246 0.9983 -0.0502023 -11.8421 0.714968 0.0139354 0.699018 77.8546
0.709266 -0.0491592 -0.703225 -67.3863 0.0280129 0.998743 -0.041564 -11.8877 0.704384 0.00978053 0.709751 78.4121
0.718917 -0.0475314 -0.693469 -67.94 0.0322947 0.998866 -0.034984 -11.9331 0.694346 0.00275514 0.719636 78.9859
0.726025 -0.0469733 -0.686063 -68.4881 0.0352559 0.998895 -0.0310828 -11.9757 0.686764 -0.00162082 0.726878 79.5696
0.730746 -0.0514323 -0.680709 -69.0335 0.0406362 0.998667 -0.031833 -12.0115 0.681438 -0.00439954 0.731862 80.172
0.734873 -0.0514326 -0.676252 -69.589 0.0400883 0.998671 -0.032391 -12.0446 0.677019 -0.00330654 0.735958 80.7739
0.737926 -0.0476066 -0.6732 -70.1482 0.0399022 0.998842 -0.0268962 -12.0781 0.673701 -0.00701481 0.738971 81.383
0.740137 -0.0401954 -0.671254 -70.7154 0.0384652 0.999108 -0.0174152 -12.1173 0.671355 -0.0129302 0.741023 82.0011
0.742567 -0.0388832 -0.668642 -71.2855 0.0429385 0.999023 -0.0104099 -12.151 0.668394 -0.0209804 0.743512 82.6376
0.744529 -0.0406843 -0.66635 -71.8514 0.0452547 0.998921 -0.0104254 -12.1801 0.666055 -0.0223934 0.745567 83.2765
0.747388 -0.0428368 -0.663005 -72.4257 0.046673 0.998839 -0.0119218 -12.2022 0.662746 -0.0220342 0.74852 83.9184
0.750152 -0.0404514 -0.660027 -73.0129 0.0460828 0.998898 -0.00884465 -12.2224 0.659658 -0.023781 0.75119 84.5728
0.752877 -0.0355185 -0.657203 -73.6014 0.0466354 0.998912 -0.000561692 -12.2449 0.656507 -0.030226 0.753714 85.2456
0.756188 -0.0279696 -0.653757 -74.1958 0.0456779 0.998905 0.0100987 -12.2629 0.652759 -0.0374988 0.756637 85.9278
0.760301 -0.02435 -0.649114 -74.7932 0.0438987 0.998939 0.0139452 -12.2666 0.648086 -0.0390978 0.760563 86.6116
0.764197 -0.0247499 -0.644507 -75.3786 0.0451447 0.998865 0.0151708 -12.2735 0.643401 -0.0406896 0.764448 87.305
0.768279 -0.0233763 -0.639688 -75.9675 0.044608 0.998859 0.0170736 -12.2712 0.638559 -0.0416525 0.768445 88.0036
0.772624 -0.0199274 -0.634551 -76.5614 0.0435842 0.998814 0.021701 -12.2705 0.633366 -0.0444231 0.772576 88.7158
0.775922 -0.018261 -0.630565 -77.1386 0.0464755 0.998519 0.0282721 -12.2725 0.629115 -0.0512428 0.775621 89.432
0.779401 -0.0202927 -0.626196 -77.7243 0.0500562 0.998297 0.0299518 -12.2657 0.624522 -0.0546894 0.77909 90.1635
0.782642 -0.0245268 -0.621989 -78.3038 0.0540732 0.998125 0.0286808 -12.2553 0.620119 -0.0560797 0.782501 90.9008
0.785219 -0.0262861 -0.61866 -78.8856 0.0559371 0.998025 0.028592 -12.2451 0.616686 -0.0570571 0.785138 91.6361
0.787083 -0.025328 -0.616326 -79.4678 0.0564797 0.997919 0.0311181 -12.239 0.614256 -0.0593024 0.786876 92.374
0.788455 -0.021459 -0.614718 -80.0543 0.0560856 0.997736 0.0371074 -12.2263 0.61253 -0.0637344 0.787874 93.1222
0.789571 -0.018564 -0.613379 -80.6532 0.0561072 0.99754 0.0420331 -12.2159 0.611089 -0.067603 0.78867 93.8777
0.789994 -0.0210754 -0.612752 -81.2424 0.05979 0.997294 0.042783 -12.2015 0.610193 -0.0704348 0.789116 94.6393
0.789872 -0.0225214 -0.612858 -81.8385 0.0607096 0.997288 0.0415961 -12.1771 0.610259 -0.0700619 0.789097 95.3976
0.789479 -0.0234098 -0.61333 -82.4424 0.0603219 0.997394 0.0395775 -12.1515 0.610806 -0.0682429 0.788834 96.1621
0.788558 -0.0242871 -0.614481 -83.0452 0.063725 0.997068 0.0423689 -12.1323 0.61165 -0.0725681 0.787793 96.9354
0.786898 -0.0240305 -0.616615 -83.6545 0.0675951 0.996585 0.0474234 -12.107 0.61337 -0.0789975 0.785835 97.7146
0.784856 -0.0230705 -0.619249 -84.2708 0.0701963 0.996184 0.0518555 -12.0752 0.61569 -0.084168 0.78348 98.4909
0.782044 -0.0233754 -0.622785 -84.8946 0.0726154 0.995908 0.0538047 -12.0519 0.618978 -0.0873014 0.780541 99.2702
0.778822 -0.0251066 -0.626742 -85.528 0.075109 0.995742 0.053446 -12.0232 0.622732 -0.0886989 0.777392 100.05
0.774306 -0.0274152 -0.632218 -86.1727 0.0788982 0.995448 0.0534641 -11.9881 0.627874 -0.0912784 0.772944 100.838
0.769135 -0.023792 -0.638644 -86.8306 0.0777846 0.995362 0.0565968 -11.9546 0.634335 -0.0932072 0.767418 101.623
0.764329 -0.0241361 -0.644374 -87.5018 0.0795379 0.995197 0.0570677 -11.9185 0.639902 -0.0948707 0.762578 102.412
0.759473 -0.0251297 -0.650053 -88.1861 0.0823398 0.99493 0.0577377 -11.8854 0.645306 -0.0973754 0.757692 103.201
0.755054 -0.0225007 -0.655276 -88.8826 0.0807397 0.994995 0.058868 -11.8436 0.650672 -0.0973553 0.753092 103.986
0.750803 -0.0213066 -0.660182 -89.5852 0.0819132 0.994768 0.0610522 -11.8053 0.655427 -0.0999158 0.74862 104.774
0.746203 -0.0246299 -0.665262 -90.2896 0.0869858 0.994355 0.0607553 -11.7649 0.660011 -0.103204 0.744134 105.566
0.741838 -0.0281983 -0.669986 -91.0048 0.089477 0.994344 0.057223 -11.7267 0.664583 -0.102399 0.740165 106.359
0.738687 -0.031072 -0.673332 -91.732 0.0913396 0.994337 0.0543199 -11.6875 0.667831 -0.101627 0.737342 107.146
0.735883 -0.0325786 -0.676324 -92.4669 0.0921337 0.99437 0.0523484 -11.6462 0.670811 -0.100835 0.734741 107.946
0.733602 -0.0344364 -0.678706 -93.2085 0.0964206 0.993886 0.0537914 -11.6099 0.672704 -0.104903 0.732437 108.755
0.731149 -0.0357043 -0.681283 -93.9599 0.102345 0.993069 0.0577919 -11.5688 0.674497 -0.11198 0.729735 109.574
0.728874 -0.0369793 -0.683649 -94.7156 0.10493 0.992777 0.0581707 -11.535 0.67656 -0.114134 0.727489 110.384
0.72733 -0.0395708 -0.685146 -95.4796 0.102717 0.993368 0.0516692 -11.4986 0.678558 -0.107957 0.726571 111.188
0.727111 -0.0411739 -0.685284 -96.2593 0.0994209 0.993992 0.0457672 -11.4614 0.679283 -0.101409 0.726837 112.001
0.727446 -0.0387278 -0.685071 -97.0479 0.0967763 0.994217 0.0465583 -11.4314 0.679306 -0.100167 0.726987 112.83
0.728218 -0.0325733 -0.684571 -97.8405 0.091792 0.994506 0.0503239 -11.3976 0.679171 -0.0994848 0.727207 113.649
0.728985 -0.0314318 -0.683807 -98.6308 0.0920574 0.994372 0.0524324 -11.3591 0.678311 -0.101172 0.727776 114.482
0.730176 -0.034642 -0.68238 -99.4163 0.0951694 0.994135 0.0513667 -11.3249 0.676598 -0.102448 0.729191 115.324
0.73143 -0.0400506 -0.680739 -100.202 0.0943308 0.994619 0.0428377 -11.2985 0.67536 -0.0955474 0.731272 116.161
0.732834 -0.0429807 -0.679049 -100.993 0.0897235 0.995392 0.0338264 -11.2825 0.674466 -0.0857158 0.733314 116.999
0.733811 -0.0470681 -0.677722 -101.782 0.0896824 0.995578 0.0279613 -11.2678 0.673409 -0.081298 0.734787 117.849
0.735283 -0.0474964 -0.676094 -102.59 0.0898561 0.995567 0.0277828 -11.2606 0.671778 -0.0811794 0.736291 118.723
0.736428 -0.0496893 -0.674689 -103.391 0.0933122 0.995227 0.0285547 -11.2515 0.67005 -0.0839852 0.73755 119.596
0.736995 -0.0523198 -0.673871 -104.177 0.0981838 0.994711 0.0301509 -11.2452 0.668729 -0.0883843 0.738234 120.466
0.737609 -0.0583874 -0.672699 -104.967 0.102082 0.994446 0.025618 -11.2406 0.667467 -0.0875663 0.739473 121.34
0.738006 -0.0632588 -0.671823 -105.765 0.103999 0.994364 0.020615 -11.2339 0.666732 -0.085083 0.740425 122.216
0.738822 -0.0609021 -0.671143 -106.566 0.101014 0.994665 0.0209406 -11.2308 0.666287 -0.0832662 0.741032 123.09
0.739701 -0.0562736 -0.670578 -107.372 0.0980242 0.994879 0.0246403 -11.2325 0.665758 -0.0839594 0.741429 123.965
0.740301 -0.0545231 -0.670061 -108.18 0.0958319 0.995086 0.0249072 -11.2273 0.66541 -0.082652 0.741888 124.844
0.741363 -0.0491195 -0.669305 -109.006 0.0905127 0.995524 0.027197 -11.2188 0.664973 -0.0807434 0.74249 125.741
0.741929 -0.0479682 -0.66876 -109.819 0.0910163 0.99541 0.0295765 -11.2139 0.664272 -0.0828117 0.74289 126.631
0.742001 -0.0512644 -0.668436 -110.623 0.0922048 0.9954 0.0260122 -11.2093 0.664028 -0.0809341 0.743315 127.517
0.742081 -0.0563125 -0.667941 -111.421 0.0924673 0.995538 0.0187994 -11.2133 0.663902 -0.0757134 0.743977 128.396
0.741661 -0.0617478 -0.667927 -112.227 0.0951079 0.995374 0.0135878 -11.2181 0.663998 -0.0736026 0.744103 129.298
0.741351 -0.0626254 -0.668189 -113.032 0.0968202 0.995201 0.014147 -11.2221 0.664096 -0.0751821 0.743857 130.194
0.741656 -0.06083 -0.668016 -113.849 0.0938346 0.995496 0.0135281 -11.2368 0.664185 -0.0727162 0.744024 131.086
0.741989 -0.0643573 -0.667316 -114.662 0.0925616 0.995683 0.00689357 -11.2543 0.663992 -0.0668828 0.744743 131.981
0.742349 -0.0698157 -0.666367 -115.47 0.0903283 0.995905 -0.00371388 -11.2723 0.663897 -0.0574347 0.745615 132.872
0.743 -0.0740589 -0.665181 -116.281 0.0907075 0.995832 -0.00955309 -11.3044 0.663116 -0.0532389 0.746621 133.777
0.743407 -0.075237 -0.664594 -117.094 0.0936989 0.995569 -0.00789522 -11.3371 0.662243 -0.0564024 0.747163 134.688
0.743473 -0.0773655 -0.664276 -117.898 0.0992252 0.995053 -0.00483472 -11.3691 0.661364 -0.0623184 0.747472 135.604
0.743364 -0.0791581 -0.664186 -118.702 0.102982 0.994678 -0.00328738 -11.4005 0.660911 -0.0659557 0.74756 136.523
0.74352 -0.0833769 -0.663495 -119.505 0.106983 0.994248 -0.00505375 -11.4313 0.6601 -0.0672253 0.748163 137.427
0.744257 -0.0837602 -0.66262 -120.316 0.104635 0.994477 -0.00818285 -11.4647 0.659646 -0.0632432 0.748911 138.335
0.745685 -0.0826374 -0.661155 -121.129 0.100414 0.994884 -0.0110984 -11.5017 0.658689 -0.058113 0.750168 139.237
0.746596 -0.0792018 -0.660546 -121.947 0.0973499 0.995207 -0.00929704 -11.5446 0.658116 -0.0573629 0.750728 140.153
0.747518 -0.074259 -0.660078 -122.749 0.0958663 0.995388 -0.00341579 -11.5837 0.657287 -0.0607259 0.75119 141.057
0.748994 -0.072876 -0.658557 -123.549 0.0970368 0.995281 0.000224621 -11.6189 0.655432 -0.0640725 0.752531 141.971
0.751206 -0.0739913 -0.655907 -124.354 0.0963157 0.995349 -0.00197326 -11.6479 0.653003 -0.0616918 0.754839 142.882
0.752692 -0.0794305 -0.653564 -125.16 0.0997035 0.994998 -0.0061007 -11.6793 0.65078 -0.0605706 0.756847 143.811
0.754117 -0.082524 -0.651535 -125.952 0.101382 0.99481 -0.00865915 -11.7119 0.648868 -0.059524 0.758569 144.728
0.755449 -0.0842606 -0.649767 -126.735 0.103436 0.994598 -0.00871825 -11.7443 0.646992 -0.0606231 0.760083 145.642
0.756761 -0.0841745 -0.64825 -127.528 0.104056 0.994542 -0.00766589 -11.7861 0.645357 -0.0616532 0.761389 146.575
0.759546 -0.0813197 -0.64535 -128.32 0.101083 0.994857 -0.00639056 -11.8222 0.642551 -0.0603801 0.76386 147.492
0.762182 -0.0777811 -0.642674 -129.098 0.0995206 0.995033 -0.00239928 -11.8627 0.639668 -0.0621306 0.766136 148.408
0.764238 -0.0747109 -0.640592 -129.88 0.0975248 0.995233 0.000276989 -11.8894 0.637518 -0.0626853 0.767881 149.335
0.765795 -0.0779342 -0.638346 -130.653 0.100543 0.994932 -0.00085263 -11.9178 0.635177 -0.063528 0.769749 150.259
0.767252 -0.0799889 -0.636339 -131.424 0.099169 0.995055 -0.00550937 -11.9426 0.633633 -0.058878 0.77139 151.179
0.768174 -0.083353 -0.634792 -132.185 0.100313 0.994913 -0.0092492 -11.9821 0.632334 -0.0565728 0.772627 152.103
0.768483 -0.0838109 -0.634357 -132.942 0.101189 0.994828 -0.00885181 -12.0249 0.631818 -0.0573876 0.772989 153.015
0.768811 -0.0822145 -0.634169 -133.702 0.100097 0.994948 -0.00763752 -12.0588 0.631594 -0.0576066 0.773157 153.93
0.768879 -0.0818776 -0.63413 -134.446 0.0989886 0.995053 -0.00845608 -12.0929 0.631685 -0.0562699 0.77318 154.821
0.768669 -0.0790405 -0.634744 -135.179 0.0967568 0.995285 -0.00676466 -12.1282 0.632286 -0.056216 0.772693 155.692
0.768146 -0.0780526 -0.635499 -135.912 0.0965349 0.995314 -0.00556086 -12.1606 0.632955 -0.0570763 0.772082 156.568
0.767222 -0.0765455 -0.636798 -136.634 0.0963637 0.99534 -0.00354339 -12.2005 0.634102 -0.0586457 0.771022 157.435
0.765626 -0.0782474 -0.638509 -137.346 0.0961814 0.995342 -0.00664657 -12.2337 0.636055 -0.0563239 0.769586 158.285
0.763833 -0.0820654 -0.640175 -138.066 0.0982043 0.995112 -0.0103919 -12.2691 0.637899 -0.0549302 0.768158 159.136
0.762321 -0.0845589 -0.641651 -138.776 0.0980229 0.995076 -0.0146771 -12.3043 0.639733 -0.0517079 0.766856 159.98
0.761054 -0.0844624 -0.643167 -139.489 0.0973439 0.99513 -0.015497 -12.3456 0.641344 -0.0508143 0.765569 160.821
0.760074 -0.0834144 -0.644461 -140.208 0.0957473 0.995279 -0.0158978 -12.3867 0.642744 -0.0496219 0.764472 161.661
0.759027 -0.0822608 -0.645841 -140.927 0.0936757 0.995463 -0.0166995 -12.4291 0.644285 -0.0478243 0.763289 162.504
0.758231 -0.0826818 -0.646722 -141.645 0.0935099 0.995462 -0.0176343 -12.4759 0.645246 -0.0471041 0.762522 163.339
0.757527 -0.0833043 -0.647467 -142.361 0.0945213 0.995369 -0.0174775 -12.5139 0.645924 -0.0479597 0.761893 164.171
0.757725 -0.0814305 -0.647474 -143.076 0.0927047 0.995553 -0.0167169 -12.5597 0.645956 -0.0473571 0.761904 165
0.758867 -0.0814913 -0.646127 -143.789 0.0931112 0.995524 -0.0162004 -12.5974 0.644555 -0.0478677 0.763058 165.83
0.760826 -0.0793487 -0.644087 -144.497 0.0905827 0.995766 -0.0156734 -12.6397 0.642603 -0.0464184 0.764792 166.655
0.763213 -0.0772565 -0.641512 -145.199 0.0888178 0.995946 -0.0142732 -12.6786 0.640013 -0.0460841 0.766981 167.486
0.764981 -0.0793649 -0.639144 -145.902 0.088568 0.995914 -0.0176606 -12.7192 0.637934 -0.0430977 0.768884 168.321
0.76651 -0.0855642 -0.636507 -146.591 0.0925128 0.995459 -0.0224094 -12.7692 0.635535 -0.0417081 0.770945 169.159
0.767857 -0.0926384 -0.633888 -147.276 0.0969676 0.994895 -0.0279361 -12.8196 0.63324 -0.0400157 0.77292 169.992
0.768878 -0.0975334 -0.631913 -147.96 0.101923 0.994356 -0.0294603 -12.8703 0.63122 -0.0417552 0.774479 170.837
0.770492 -0.0975666 -0.629939 -148.635 0.103621 0.994243 -0.0272499 -12.9242 0.628971 -0.0442791 0.776166 171.674
0.772842 -0.0940325 -0.627593 -149.298 0.104513 0.994317 -0.0202778 -12.9772 0.625933 -0.04992 0.778278 172.495
0.775571 -0.0904291 -0.624749 -149.94 0.103401 0.994518 -0.0155881 -13.024 0.622734 -0.05251 0.78067 173.293
0.778327 -0.0883835 -0.621607 -150.552 0.102663 0.994633 -0.0128763 -13.0685 0.619408 -0.0537937 0.783224 174.057
0.781415 -0.0858196 -0.618083 -151.146 0.100521 0.994874 -0.0110523 -13.1077 0.615862 -0.0534937 0.786036 174.808
0.785641 -0.0851929 -0.612789 -151.716 0.0997543 0.994957 -0.0104313 -13.1463 0.610587 -0.052933 0.790178 175.53
0.790689 -0.085558 -0.60621 -152.246 0.101407 0.994812 -0.00813691 -13.1862 0.603761 -0.0550402 0.795263 176.227
0.796943 -0.0832132 -0.598296 -152.76 0.0969311 0.995248 -0.00930835 -13.2232 0.596227 -0.0505752 0.801221 176.9
0.803611 -0.0801391 -0.589735 -153.263 0.0908607 0.995797 -0.0115063 -13.2556 0.588178 -0.0443371 0.807515 177.57
0.809442 -0.087276 -0.580678 -153.74 0.097036 0.995178 -0.0143111 -13.2916 0.579127 -0.0447626 0.814008 178.255
0.814027 -0.0959871 -0.572841 -154.202 0.103798 0.994415 -0.0191274 -13.325 0.571477 -0.0438893 0.819444 178.94
0.819324 -0.0989062 -0.564736 -154.671 0.102669 0.994396 -0.0252029 -13.3548 0.564064 -0.0373314 0.824887 179.616
0.82443 -0.0997855 -0.557097 -155.135 0.0994295 0.994562 -0.0310001 -13.3956 0.557161 -0.0298345 0.829868 180.294
0.82948 -0.0955812 -0.550297 -155.599 0.0951758 0.995027 -0.029365 -13.4279 0.550367 -0.0280172 0.834452 180.973
0.834913 -0.0935941 -0.542365 -156.043 0.0961033 0.995087 -0.0237782 -13.4668 0.541926 -0.0322704 0.839806 181.656
0.839689 -0.0909217 -0.535402 -156.483 0.0954382 0.995248 -0.0193334 -13.5108 0.534616 -0.0348638 0.844376 182.344
0.843901 -0.0877472 -0.529275 -156.916 0.0920333 0.995587 -0.0183138 -13.5471 0.528547 -0.0332559 0.848253 183.026
0.847393 -0.0875663 -0.523695 -157.345 0.091451 0.995638 -0.0185018 -13.5775 0.523031 -0.0322141 0.851705 183.711
0.849845 -0.0839432 -0.520304 -157.774 0.0891373 0.995905 -0.0150808 -13.5995 0.51944 -0.0335622 0.853848 184.403
0.852619 -0.0811606 -0.516191 -158.199 0.0901078 0.995902 -0.00774962 -13.6265 0.514705 -0.0399054 0.856438 185.109
0.855467 -0.0769752 -0.512105 -158.627 0.0891649 0.996017 -0.000763389 -13.6517 0.510123 -0.0450087 0.858923 185.821
0.857847 -0.0759311 -0.508265 -159.047 0.0912045 0.995819 0.0051663 -13.6703 0.505748 -0.050788 0.861185 186.544
0.859904 -0.0796788 -0.504198 -159.465 0.0959778 0.995363 0.00639126 -13.6837 0.501351 -0.0538877 0.863564 187.266
0.860656 -0.0869331 -0.501712 -159.875 0.10318 0.994652 0.00465206 -13.7033 0.498624 -0.0557703 0.865022 187.991
0.861363 -0.093546 -0.499302 -160.29 0.106181 0.994342 -0.00311641 -13.7154 0.496768 -0.0503322 0.866422 188.718
0.862181 -0.101298 -0.496369 -160.71 0.10959 0.993899 -0.0124784 -13.7285 0.494604 -0.0436383 0.868022 189.458
0.862476 -0.105258 -0.495031 -161.125 0.111691 0.993603 -0.0166732 -13.7489 0.493619 -0.0409103 0.868716 190.207
0.863029 -0.10697 -0.493698 -161.551 0.113128 0.993427 -0.0174902 -13.7704 0.492324 -0.0407563 0.869457 190.951
0.864174 -0.101198 -0.492913 -161.994 0.10906 0.993952 -0.0128603 -13.7967 0.491233 -0.0426435 0.869984 191.704
0.864778 -0.101459 -0.491797 -162.421 0.110866 0.993784 -0.0100736 -13.826 0.489763 -0.0458122 0.870651 192.465
0.865991 -0.0983786 -0.490288 -162.869 0.108659 0.994051 -0.00753815 -13.852 0.488112 -0.0467461 0.871528 193.229
0.866772 -0.0964004 -0.489299 -163.302 0.106597 0.994277 -0.00705724 -13.8788 0.487179 -0.0460409 0.872088 194.005
0.867001 -0.0966395 -0.488846 -163.736 0.107393 0.994198 -0.00607291 -13.8999 0.486597 -0.0472336 0.872349 194.783
0.866786 -0.0991819 -0.488717 -164.175 0.110975 0.993811 -0.00486229 -13.9255 0.486175 -0.0500209 0.872429 195.565
0.866876 -0.0975627 -0.488884 -164.618 0.109782 0.993949 -0.00369227 -13.9399 0.486286 -0.0504699 0.872341 196.353
0.866974 -0.0969131 -0.48884 -165.061 0.108862 0.994049 -0.00400034 -13.9609 0.486318 -0.049748 0.872364 197.139
0.866388 -0.100877 -0.489076 -165.505 0.112673 0.993618 -0.00534631 -13.9907 0.486494 -0.0504736 0.872225 197.936
0.865644 -0.104249 -0.489686 -165.951 0.114255 0.993406 -0.00951146 -14.0133 0.487449 -0.0477156 0.871847 198.734
0.865444 -0.105821 -0.489703 -166.405 0.113885 0.993404 -0.0133983 -14.0406 0.48789 -0.0441745 0.871786 199.534
0.864573 -0.106542 -0.491083 -166.857 0.114518 0.993324 -0.0138897 -14.0732 0.489284 -0.0442294 0.871002 200.338
0.864181 -0.105531 -0.49199 -167.323 0.114116 0.993387 -0.0126348 -14.1073 0.49007 -0.0452249 0.870509 201.148
0.863388 -0.104538 -0.493591 -167.778 0.114633 0.993359 -0.00986907 -14.1382 0.491345 -0.0480608 0.869638 201.958
0.862778 -0.101042 -0.495384 -168.246 0.113111 0.993566 -0.00565817 -14.1632 0.492768 -0.0511514 0.868656 202.768
0.862219 -0.0977893 -0.497007 -168.719 0.111539 0.993758 -0.00202836 -14.1868 0.494103 -0.0536866 0.867744 203.574
0.861569 -0.0959185 -0.498496 -169.192 0.110226 0.993906 -0.000735557 -14.2201 0.495529 -0.0543135 0.866892 204.38
0.860498 -0.0976567 -0.500007 -169.658 0.111045 0.993811 -0.00299716 -14.2459 0.497205 -0.052944 0.866016 205.185
0.859698 -0.0992869 -0.501061 -170.132 0.10988 0.993909 -0.00841946 -14.2647 0.498845 -0.0478183 0.865371 205.988
0.858876 -0.0996702 -0.502392 -170.61 0.108949 0.993987 -0.0109429 -14.2882 0.500462 -0.0453363 0.864571 206.795
0.858378 -0.0971413 -0.503736 -171.094 0.107259 0.994191 -0.0089501 -14.3196 0.501679 -0.0463475 0.863811 207.604
0.85781 -0.0969461 -0.504741 -171.574 0.109006 0.994025 -0.00566701 -14.3528 0.502274 -0.0501585 0.863252 208.426
0.858338 -0.0934055 -0.504511 -172.061 0.104531 0.994502 -0.00628087 -14.3831 0.502323 -0.047346 0.863383 209.248
0.859545 -0.0939644 -0.502347 -172.547 0.104534 0.994496 -0.00715684 -14.4098 0.500255 -0.0463609 0.864636 210.064
0.860765 -0.0928889 -0.500455 -173.023 0.103736 0.994586 -0.00618084 -14.4316 0.498319 -0.0465951 0.865741 210.885
0.86321 -0.0904127 -0.496683 -173.496 0.102444 0.994734 -0.0030313 -14.4605 0.494341 -0.0482657 0.867927 211.707
0.865961 -0.090099 -0.491928 -173.974 0.101772 0.994803 -0.00305007 -14.4894 0.489647 -0.0474232 0.87063 212.534
0.868605 -0.0904018 -0.487189 -174.442 0.100594 0.994914 -0.00526551 -14.5096 0.485187 -0.0444348 0.873281 213.358
0.871535 -0.0900057 -0.482001 -174.914 0.0999943 0.994975 -0.00498931 -14.5326 0.480029 -0.043849 0.876156 214.191
0.87465 -0.0882609 -0.476652 -175.384 0.0985397 0.995127 -0.003447 -14.5598 0.474634 -0.0439543 0.879085 215.03
0.877308 -0.0895456 -0.471499 -175.831 0.0990763 0.995069 -0.00463121 -14.5811 0.469589 -0.0426514 0.881854 215.861
0.879169 -0.0920457 -0.467535 -176.264 0.101323 0.994839 -0.00532675 -14.6059 0.465613 -0.042689 0.883958 216.688
0.880473 -0.0922646 -0.465031 -176.72 0.102268 0.99475 -0.00373225 -14.6261 0.462934 -0.0442718 0.885286 217.529
0.881842 -0.0886812 -0.463132 -177.162 0.101049 0.99488 0.00190396 -14.6508 0.460592 -0.0484778 0.886287 218.366
0.883293 -0.0874594 -0.460592 -177.595 0.101293 0.994842 0.00534702 -14.6772 0.457749 -0.0513776 0.887596 219.201
0.884917 -0.0890237 -0.457161 -178.022 0.101394 0.994843 0.00253839 -14.6934 0.454578 -0.0485995 0.88938 220.029
0.886611 -0.092314 -0.453209 -178.446 0.102694 0.994711 -0.00171159 -14.7094 0.450971 -0.0450246 0.891402 220.855
0.887632 -0.091391 -0.451395 -178.858 0.101185 0.994865 -0.00245094 -14.7291 0.449301 -0.043499 0.892321 221.684
0.889379 -0.0913514 -0.44795 -179.285 0.102628 0.994719 0.000906259 -14.7527 0.445502 -0.0467781 0.894058 222.524
0.89087 -0.0935001 -0.444532 -179.696 0.106032 0.994357 0.00334781 -14.7712 0.441711 -0.0501171 0.895757 223.362
0.892773 -0.0940295 -0.440584 -180.106 0.105998 0.994363 0.00257031 -14.792 0.437859 -0.0489956 0.897708 224.196
0.894798 -0.0959198 -0.436045 -180.509 0.107098 0.994248 0.00106252 -14.8082 0.433435 -0.0476505 0.899924 225.02
0.896269 -0.0963509 -0.432918 -180.907 0.108076 0.99414 0.00249171 -14.8296 0.430141 -0.0490212 0.90143 225.851
0.897479 -0.0997888 -0.429621 -181.292 0.112782 0.993608 0.00481419 -14.8477 0.426395 -0.0527741 0.902996 226.682
0.89924 -0.100663 -0.425717 -181.684 0.113695 0.993502 0.00523826 -14.8642 0.422424 -0.0531122 0.904841 227.511
0.901648 -0.100929 -0.420529 -182.071 0.113688 0.993502 0.00531114 -14.8797 0.417261 -0.052598 0.907263 228.333
0.904332 -0.10015 -0.414913 -182.452 0.112242 0.993669 0.0047903 -14.8968 0.411807 -0.0509026 0.909848 229.159
0.906962 -0.0992203 -0.40936 -182.822 0.11146 0.99375 0.00608296 -14.9129 0.406198 -0.0511445 0.912353 229.984
0.909672 -0.0977815 -0.403652 -183.191 0.110649 0.993822 0.00861333 -14.9294 0.400316 -0.052499 0.914872 230.811
0.912129 -0.0958052 -0.39855 -183.554 0.109014 0.993984 0.0105529 -14.9413 0.395142 -0.0530731 0.917086 231.638
0.914611 -0.0954258 -0.392912 -183.907 0.109164 0.993942 0.012712 -14.9523 0.389319 -0.0545184 0.919488 232.464
0.916876 -0.0956979 -0.387531 -184.252 0.108813 0.99399 0.0119863 -14.9577 0.384055 -0.0531583 0.921779 233.287
0.919621 -0.0924892 -0.381763 -184.598 0.104338 0.994487 0.0104052 -14.9703 0.378697 -0.0494014 0.924202 234.106
0.921928 -0.0945356 -0.375649 -184.933 0.105034 0.99444 0.00751815 -14.9853 0.37285 -0.0463873 0.926731 234.927
0.923467 -0.0980722 -0.370931 -185.258 0.107547 0.994188 0.00489098 -14.997 0.368296 -0.0444093 0.928647 235.743
0.925594 -0.0979712 -0.365619 -185.578 0.106194 0.994343 0.00239393 -15.0122 0.363316 -0.0410423 0.930761 236.559
0.927737 -0.0970466 -0.360398 -185.889 0.105678 0.994391 0.00427133 -15.0255 0.357962 -0.0420489 0.932789 237.356
0.929663 -0.0958184 -0.355732 -186.183 0.105476 0.994391 0.00780427 -15.0462 0.352989 -0.0447766 0.934555 238.133
0.931836 -0.0951078 -0.350195 -186.475 0.104819 0.994452 0.0088343 -15.0613 0.347412 -0.0449391 0.936635 238.893
0.934161 -0.0922561 -0.344721 -186.745 0.100901 0.994871 0.0071792 -15.0738 0.342291 -0.0414893 0.938678 239.612
0.936552 -0.0892202 -0.338983 -186.997 0.0958204 0.995395 0.00274763 -15.0863 0.337177 -0.0350548 0.940788 240.298
0.940215 -0.084252 -0.329996 -187.24 0.0891462 0.996019 -0.000302845 -15.1048 0.328708 -0.0291332 0.943982 240.963
0.944887 -0.0812065 -0.317167 -187.453 0.0850453 0.996376 -0.00174664 -15.1243 0.316159 -0.0253232 0.948368 241.59
