0.999979 0.000851533 -0.00647067 0.00137673 -0.000845957 0.999999 0.000864412 -0.0526625 0.0064714 -0.000858919 0.999979 2.58179
0.999922 0.00089116 -0.0124354 -0.0291435 -0.000850368 0.999994 0.0032852 -0.091096 0.0124383 -0.00327437 0.999917 5.16017
0.999835 0.00166275 -0.0180813 -0.077692 -0.00157169 0.999986 0.00504916 -0.144009 0.0180894 -0.00501991 0.999824 7.77537
0.999728 0.00161961 -0.0232473 -0.13802 -0.00150307 0.999986 0.00502954 -0.200148 0.0232551 -0.00499323 0.999717 10.3091
0.999587 0.0015327 -0.0287006 -0.206635 -0.00142994 0.999992 0.00360054 -0.24691 0.0287059 -0.00355801 0.999582 12.9639
0.999428 2.71653e-05 -0.0338327 -0.286536 5.63531e-05 0.999997 0.00246762 -0.291375 0.0338326 -0.00246811 0.999424 15.5485
0.999231 -0.000189634 -0.0392005 -0.384223 0.000275483 0.999998 0.00218462 -0.34232 0.0392 -0.00219374 0.999229 18.2018
0.999016 0.000350571 -0.0443594 -0.46518 -0.000267874 0.999998 0.00187017 -0.387975 0.04436 -0.00185645 0.999014 21.0367
0.998779 0.00313851 -0.0493093 -0.612471 -0.00310663 0.999995 0.000723203 -0.417734 0.0493114 -0.000569134 0.998783 23.5785
0.998512 0.00407511 -0.0543781 -0.778798 -0.00411951 0.999991 -0.000704318 -0.453632 0.0543747 0.000927281 0.99852 26.2699
0.998193 0.00651542 -0.059733 -0.884864 -0.00657788 0.999978 -0.000849112 -0.500474 0.0597262 0.00124049 0.998214 29.3628
0.997849 0.00787422 -0.0650816 -1.06062 -0.00785999 0.999969 0.000474605 -0.550961 0.0650833 3.79572e-05 0.99788 32.0407
0.997464 0.00911111 -0.0705806 -1.2764 -0.00900765 0.999958 0.00178402 -0.606034 0.0705939 -0.00114373 0.997504 34.8387
0.997064 0.00848815 -0.0761061 -1.47704 -0.00827729 0.999961 0.00308563 -0.664563 0.0761293 -0.00244662 0.997095 37.5593
0.996649 0.00751214 -0.0814491 -1.7293 -0.00728307 0.999969 0.00310916 -0.713172 0.0814699 -0.00250554 0.996673 40.2232
0.996177 0.00597482 -0.0871579 -1.94146 -0.00561918 0.999975 0.00432526 -0.778517 0.0871816 -0.00381896 0.996185 42.7667
0.995707 0.00465048 -0.0924407 -2.20197 -0.00412967 0.999975 0.00582449 -0.835789 0.0924655 -0.00541774 0.995701 45.4731
0.995164 0.00290291 -0.0981879 -2.4131 -0.00240495 0.999984 0.00518939 -0.864892 0.0982014 -0.00492816 0.995154 48.0689
0.994604 0.00303251 -0.1037 -2.6783 -0.002681 0.99999 0.0035289 -0.909763 0.103709 -0.00323184 0.994602 50.6575
0.994054 0.0037557 -0.108822 -2.99426 -0.00355089 0.999992 0.00207575 -0.971344 0.108829 -0.00167699 0.994059 53.2049
0.993518 0.0051784 -0.11356 -3.2867 -0.00502818 0.999986 0.00160924 -1.01672 0.113567 -0.00102781 0.99353 55.754
0.992988 0.00563349 -0.118083 -3.58468 -0.00537588 0.999982 0.00250006 -1.07629 0.118095 -0.00184773 0.993001 58.3283
0.992537 0.00652729 -0.121769 -3.93052 -0.00609878 0.999974 0.00389137 -1.11238 0.121792 -0.00311969 0.992551 61.059
0.992043 0.00641517 -0.125735 -4.24783 -0.00583581 0.999971 0.00497557 -1.14898 0.125764 -0.00420221 0.992051 63.6801
0.991547 0.00559274 -0.129629 -4.57833 -0.00512108 0.999979 0.00397161 -1.19564 0.129648 -0.0032742 0.991555 66.2167
0.991102 0.00447169 -0.133027 -4.94054 -0.00403458 0.999986 0.0035553 -1.2556 0.133041 -0.00298696 0.991106 68.798
0.99063 0.00288828 -0.136543 -5.28957 -0.00237245 0.999989 0.00394035 -1.31487 0.136553 -0.00357949 0.990626 71.1467
0.990092 0.000723782 -0.140419 -5.64993 -3.00173e-05 0.999988 0.00494274 -1.34984 0.14042 -0.00488956 0.99008 73.7306
0.989517 -0.000420305 -0.144413 -6.03918 0.00111008 0.999988 0.00469588 -1.40121 0.14441 -0.00480696 0.989506 76.2338
0.988846 -0.0026718 -0.148916 -6.37467 0.00306405 0.999992 0.00240468 -1.43946 0.148909 -0.00283415 0.988847 78.8316
0.988213 -0.00287532 -0.153058 -6.75519 0.00319448 0.999993 0.00183935 -1.50543 0.153052 -0.00230661 0.988215 81.3393
0.987662 -0.00323619 -0.156567 -7.20313 0.00366466 0.99999 0.00244808 -1.56298 0.156558 -0.00299164 0.987664 84.1524
0.987059 -0.00407719 -0.160307 -7.60996 0.00477502 0.999981 0.00396809 -1.61805 0.160288 -0.00468221 0.987059 86.6474
0.986492 -0.00458401 -0.163744 -8.04177 0.00546891 0.999973 0.00495375 -1.66594 0.163717 -0.00578234 0.98649 89.1454
0.985961 -0.00546009 -0.166887 -8.4773 0.00633061 0.999969 0.0046847 -1.71643 0.166856 -0.00567542 0.985965 91.7248
0.985456 -0.00599579 -0.169825 -8.9446 0.00659901 0.999974 0.00298779 -1.76202 0.169803 -0.00406501 0.98547 94.3083
0.985007 -0.00699733 -0.172372 -9.38062 0.00713116 0.999975 0.000157147 -1.81685 0.172367 -0.001384 0.985032 96.8271
0.98457 -0.0078258 -0.174814 -9.83638 0.00794553 0.999968 -1.50424e-05 -1.88422 0.174809 -0.00137418 0.984601 99.3398
0.984051 -0.0103768 -0.177584 -10.2655 0.0110061 0.999936 0.00255853 -1.94859 0.177546 -0.00447223 0.984102 101.788
0.983477 -0.0148334 -0.180425 -10.7366 0.0156863 0.999872 0.00330116 -2.00827 0.180352 -0.00607681 0.983583 104.275
0.98284 -0.0185867 -0.183521 -11.2052 0.0191179 0.999817 0.00112567 -2.05049 0.183466 -0.00461489 0.983015 106.719
0.982345 -0.0198179 -0.186024 -11.7317 0.0197776 0.999802 -0.00207252 -2.11298 0.186029 -0.00164318 0.982543 109.278
0.981986 -0.0176479 -0.188129 -12.1975 0.0174823 0.999844 -0.0025394 -2.19721 0.188144 -0.000795268 0.982141 111.58
0.981715 -0.0125804 -0.189943 -12.6969 0.0124704 0.999921 -0.00177402 -2.25435 0.18995 -0.000627086 0.981794 113.962
0.98145 -0.00816221 -0.191542 -13.1726 0.00817645 0.999966 -0.000716082 -2.34007 0.191542 -0.000863338 0.981484 116.54
0.981056 -0.00411381 -0.193678 -13.6452 0.0043769 0.99999 0.000930477 -2.41436 0.193673 -0.00176056 0.981065 118.971
0.980646 -0.0022872 -0.195775 -14.1242 0.00269195 0.999995 0.00180137 -2.46472 0.19577 -0.00229353 0.980647 121.475
0.980211 -0.00235911 -0.197941 -14.6128 0.00272927 0.999995 0.00159727 -2.50793 0.197936 -0.00210589 0.980213 123.844
0.97985 -0.00363145 -0.1997 -15.1231 0.00419108 0.999988 0.00237969 -2.54993 0.199689 -0.0031687 0.979854 126.278
0.979528 -0.00606011 -0.201216 -15.6344 0.00698567 0.999968 0.00389006 -2.59845 0.201186 -0.00521605 0.979539 128.691
0.979174 -0.00930498 -0.202809 -16.1476 0.0104327 0.999935 0.00449193 -2.64103 0.202754 -0.00651421 0.979208 131.103
0.978822 -0.0117708 -0.204375 -16.6123 0.012645 0.999916 0.002972 -2.69256 0.204322 -0.00549337 0.978888 133.412
0.978629 -0.0140836 -0.205152 -17.1382 0.0146162 0.999893 0.00108107 -2.73014 0.205114 -0.00405651 0.97873 135.896
0.978513 -0.0165636 -0.205517 -17.6246 0.0170065 0.999855 0.000388618 -2.85028 0.205481 -0.0038754 0.978653 138.337
0.978561 -0.0185775 -0.205118 -18.149 0.0191527 0.999816 0.000818779 -2.91727 0.205065 -0.00472978 0.978737 140.728
0.978606 -0.0208152 -0.204685 -18.6961 0.0218646 0.999757 0.00286634 -2.99162 0.204576 -0.00728038 0.978824 143.089
0.978716 -0.0238895 -0.203825 -19.1301 0.0253615 0.999668 0.00461265 -3.03748 0.203647 -0.00968378 0.978997 145.351
0.978729 -0.0284582 -0.203174 -19.6046 0.0301418 0.999532 0.00519607 -3.08696 0.202931 -0.0112096 0.979129 147.794
0.978989 -0.033293 -0.201176 -20.0961 0.0350899 0.99937 0.00537146 -3.1379 0.20087 -0.0123179 0.97954 150.169
0.979245 -0.0383126 -0.199026 -20.5757 0.0399909 0.99919 0.00441828 -3.17748 0.198695 -0.0122858 0.979984 152.52
0.979709 -0.0425367 -0.19586 -21.0643 0.0439186 0.999031 0.00271627 -3.20382 0.195555 -0.0112631 0.980628 154.913
0.980291 -0.0444842 -0.192485 -21.5519 0.0456047 0.998959 0.00139262 -3.24677 0.192223 -0.0101434 0.981299 157.389
0.98087 -0.0460493 -0.189139 -21.9958 0.0470414 0.998893 0.000757284 -3.314 0.188895 -0.00964018 0.98195 159.844
0.981387 -0.0467019 -0.186276 -22.432 0.0475386 0.998869 2.52682e-05 -3.38918 0.186064 -0.00888009 0.982498 162.146
0.981703 -0.0489953 -0.184009 -22.9178 0.0494699 0.998774 -0.00201321 -3.44724 0.183882 -0.00712652 0.982923 164.554
0.981823 -0.0506001 -0.182928 -23.3776 0.050952 0.998697 -0.00277893 -3.52558 0.18283 -0.00659213 0.983122 167.094
0.981933 -0.0518715 -0.181981 -23.8099 0.0523935 0.998625 -0.00194147 -3.62414 0.181831 -0.00762821 0.9833 169.669
0.982064 -0.0532444 -0.180875 -24.2808 0.0542338 0.998528 0.000525354 -3.68428 0.180581 -0.0103255 0.983506 172.057
0.982019 -0.056976 -0.179979 -24.7293 0.0583486 0.998294 0.00233753 -3.76235 0.179539 -0.012797 0.983668 174.461
0.981933 -0.0599399 -0.179486 -25.1133 0.0614746 0.998104 0.00299579 -3.81532 0.178966 -0.0139755 0.983756 176.938
0.981841 -0.0635365 -0.17875 -25.5423 0.0651469 0.997871 0.00314787 -3.86103 0.178169 -0.0147357 0.98389 179.287
0.981904 -0.0655963 -0.177657 -25.979 0.0673488 0.997722 0.0038456 -3.91079 0.177 -0.015741 0.984085 181.59
0.982124 -0.0658987 -0.17632 -26.4158 0.0675988 0.997706 0.00364622 -3.97093 0.175676 -0.0155001 0.984326 183.887
0.982416 -0.0658266 -0.174718 -26.8395 0.0673435 0.997726 0.00276083 -4.04178 0.174139 -0.0144784 0.984615 186.264
0.982689 -0.0660069 -0.173107 -27.2374 0.067203 0.997739 0.00105155 -4.09937 0.172646 -0.0126666 0.984903 188.654
0.983137 -0.0655246 -0.170731 -27.7085 0.0663372 0.997797 -0.000947085 -4.167 0.170417 -0.0103947 0.985317 191.046
0.983704 -0.0635607 -0.168186 -28.1474 0.0641737 0.997937 -0.00179338 -4.23327 0.167953 -0.00902898 0.985754 193.472
0.984219 -0.0619476 -0.165756 -28.5893 0.0625504 0.998041 -0.00158642 -4.28148 0.165529 -0.00880669 0.986166 195.87
0.984793 -0.0600389 -0.163028 -28.9904 0.0606882 0.998156 -0.000999206 -4.32913 0.162788 -0.00890988 0.986621 198.209
0.985132 -0.0602545 -0.160889 -29.3999 0.0610521 0.998135 1.34941e-05 -4.37754 0.160588 -0.0098359 0.986972 200.529
0.98527 -0.0635048 -0.158776 -29.7874 0.0644504 0.997921 0.000808418 -4.43991 0.158394 -0.0110297 0.987314 202.894
0.985262 -0.0675988 -0.157129 -30.1805 0.0685253 0.997649 0.000480801 -4.48595 0.156727 -0.0112411 0.987578 205.171
0.985078 -0.0728747 -0.155917 -30.5418 0.0738797 0.997267 0.000652841 -4.52573 0.155444 -0.0121622 0.98777 207.538
0.985024 -0.0772503 -0.154144 -30.9142 0.0783234 0.996928 0.000892051 -4.56889 0.153601 -0.0129517 0.988048 209.844
0.985123 -0.0804202 -0.151871 -31.2808 0.0815424 0.996669 0.00116535 -4.62206 0.151271 -0.0135319 0.9884 212.172
0.985437 -0.0817607 -0.149096 -31.635 0.0829333 0.996554 0.00165372 -4.67888 0.148447 -0.0139947 0.988821 214.529
0.985803 -0.0830477 -0.145927 -32.0262 0.0841394 0.996453 0.00131387 -4.72993 0.145301 -0.0135735 0.989294 217.104
0.986239 -0.0833497 -0.142777 -32.3548 0.0842473 0.996445 0.000242762 -4.75775 0.142249 -0.012268 0.989755 219.397
0.986966 -0.0812174 -0.138934 -32.6882 0.0819264 0.996638 -0.000617607 -4.8028 0.138517 -0.0107728 0.990301 221.707
0.987746 -0.0790367 -0.134574 -32.9992 0.0797097 0.996818 -0.000388421 -4.85584 0.134177 -0.0103432 0.990903 223.958
0.988337 -0.0782292 -0.130654 -33.3205 0.0789262 0.99688 0.00015622 -4.90447 0.130235 -0.0104664 0.991428 226.353
0.988781 -0.0796408 -0.126369 -33.6218 0.0802841 0.996772 -2.64903e-06 -4.94113 0.125962 -0.0101428 0.991983 228.748
0.989112 -0.0816584 -0.122428 -33.907 0.0822409 0.996612 -0.000296886 -4.99543 0.122038 -0.00977497 0.992477 231.075
0.989388 -0.0837976 -0.118702 -34.198 0.0843952 0.996432 6.99638e-06 -5.04716 0.118278 -0.0100248 0.99293 233.48
0.98963 -0.0858121 -0.115187 -34.4729 0.0863426 0.996265 -0.000385378 -5.09688 0.114789 -0.00956412 0.993344 235.776
0.989881 -0.08803 -0.111297 -34.7492 0.0883443 0.996088 -0.00211382 -5.12471 0.111047 -0.00774001 0.993785 238.089
0.990208 -0.0886938 -0.107801 -35.003 0.0889563 0.996033 -0.00238106 -5.18064 0.107585 -0.00723188 0.99417 240.397
0.990528 -0.0894784 -0.104151 -35.2433 0.089814 0.995957 -0.0014731 -5.2477 0.103862 -0.00789507 0.99456 242.926
0.990902 -0.0894234 -0.100581 -35.4826 0.0899115 0.99595 0.000320518 -5.29129 0.100145 -0.00936097 0.994929 245.322
0.991296 -0.0891259 -0.0968931 -35.722 0.0897466 0.995963 0.00205751 -5.34421 0.0963185 -0.0107354 0.995293 247.612
0.991781 -0.0885401 -0.0923662 -35.9824 0.0891717 0.996013 0.00272522 -5.38179 0.0917566 -0.0109393 0.995721 249.951
0.992216 -0.088401 -0.087711 -36.2081 0.0889023 0.996039 0.00181795 -5.4231 0.0872028 -0.0096015 0.996144 252.207
0.992488 -0.089577 -0.0833277 -36.3873 0.0898916 0.995952 2.38094e-05 -5.4562 0.0829883 -0.00751409 0.996522 254.528
0.992873 -0.0902023 -0.0778891 -36.6063 0.0904591 0.9959 -0.000232458 -5.49337 0.0775908 -0.00681498 0.996962 256.834
0.993083 -0.092288 -0.0725823 -36.7948 0.0924904 0.995713 -0.00057504 -5.56017 0.0723242 -0.0061421 0.997362 259.182
0.993426 -0.0924402 -0.0675301 -36.9419 0.0925675 0.995706 -0.00124896 -5.61429 0.0673555 -0.00501034 0.997716 261.537
0.99381 -0.0921137 -0.0621018 -37.0799 0.0921451 0.995743 -0.00236435 -5.67137 0.0620553 -0.00337266 0.998067 263.819
0.994225 -0.0911048 -0.0567159 -37.2327 0.0911015 0.995838 -0.00264877 -5.71496 0.0567211 -0.00253342 0.998387 266.089
0.994637 -0.0899221 -0.0511062 -37.3713 0.0899352 0.995946 -0.00204687 -5.78798 0.0510831 -0.00256036 0.998691 268.499
0.995007 -0.0886889 -0.0457722 -37.4903 0.0887286 0.996055 -0.00116792 -5.86144 0.0456952 -0.00289921 0.998951 270.9
0.995253 -0.0885671 -0.0403376 -37.6177 0.0885748 0.996068 -0.00160113 -5.90574 0.0403208 -0.00197936 0.999185 273.269
0.995517 -0.088083 -0.0344579 -37.7418 0.0880829 0.996112 -0.00152485 -5.96641 0.0344583 -0.00151714 0.999405 275.555
0.995655 -0.0882753 -0.0296495 -37.8194 0.0882982 0.996094 -0.000538934 -6.02331 0.0295812 -0.0020814 0.99956 277.859
0.995732 -0.0889213 -0.0247112 -37.8934 0.0889598 0.996035 0.000459008 -6.07035 0.0245724 -0.00265535 0.999695 280.27
0.995898 -0.0884087 -0.019249 -37.9591 0.0884383 0.996081 0.000691533 -6.12974 0.0191125 -0.00239105 0.999814 282.624
0.995902 -0.0893436 -0.0140211 -37.9908 0.0893599 0.995999 0.000539604 -6.18663 0.0139168 -0.00179031 0.999902 284.882
0.995883 -0.0901679 -0.00933321 -38.0125 0.090171 0.995926 -9.88609e-05 -6.22416 0.0093041 -0.000743131 0.999956 287.161
0.995839 -0.0910301 -0.00416417 -38.0245 0.0910268 0.995848 -0.000965243 -6.26864 0.00423474 0.000582177 0.999991 289.459
0.99578 -0.0917715 0.000871895 -38.0277 0.0917722 0.99578 -0.000880103 -6.31551 -0.000787446 0.000956404 0.999999 291.789
0.995692 -0.0925261 0.00608297 -38.0254 0.0925366 0.995708 -0.00148206 -6.3463 -0.00591974 0.00203857 0.99998 294.103
0.995518 -0.0938817 0.0114018 -38.0271 0.0939058 0.99558 -0.00159628 -6.39953 -0.0112015 0.00265982 0.999934 296.36
0.995339 -0.0950472 0.0163011 -38.0092 0.0950799 0.995469 -0.0012436 -6.45351 -0.0161091 0.00278771 0.999866 298.65
0.995126 -0.0963755 0.0208743 -37.9323 0.0963963 0.995343 8.47047e-06 -6.50153 -0.0207779 0.00200377 0.999782 301.029
0.995024 -0.0962665 0.0256965 -37.8939 0.096283 0.995354 0.000598603 -6.53064 -0.0256347 0.00187851 0.99967 303.308
0.994929 -0.0957953 0.0306682 -37.8399 0.0958194 0.995398 0.000684633 -6.55536 -0.0305927 0.00225745 0.999529 305.612
0.994848 -0.0949574 0.0354963 -37.7794 0.09502 0.995475 -7.71288e-05 -6.57768 -0.0353284 0.00344959 0.99937 307.918
0.994726 -0.0942531 0.0404528 -37.6816 0.0943129 0.995543 0.000432638 -6.64586 -0.0403133 0.00338487 0.999181 310.17
0.99444 -0.0952091 0.0449962 -37.5893 0.0952545 0.995452 0.00113847 -6.70561 -0.0448999 0.00315395 0.998987 312.449
0.994217 -0.0947369 0.0505785 -37.5095 0.0947817 0.995497 0.00151721 -6.7474 -0.0504945 0.00328549 0.998719 314.671
0.993868 -0.0956166 0.0555364 -37.3992 0.0956389 0.995414 0.00226146 -6.79776 -0.0554979 0.00306384 0.998454 316.946
0.99343 -0.0970558 0.0606459 -37.286 0.0970221 0.995276 0.00350645 -6.84016 -0.0606998 0.00240059 0.998153 319.18
0.992735 -0.100891 0.0655631 -37.1433 0.100859 0.994893 0.00380888 -6.86936 -0.0656125 0.00283139 0.997841 321.433
0.992066 -0.104031 0.0705849 -36.9766 0.104226 0.994553 0.00092787 -6.91073 -0.070297 0.00643628 0.997505 323.666
0.991633 -0.10444 0.0758699 -36.8257 0.104901 0.99448 -0.00210731 -6.95145 -0.075231 0.0100485 0.997115 325.851
0.99129 -0.103314 0.0816698 -36.6681 0.103912 0.994582 -0.00310113 -7.00507 -0.0809069 0.0115606 0.996655 328.063
0.99095 -0.101479 0.0878656 -36.5031 0.102245 0.99475 -0.004247 -7.05625 -0.0869733 0.0131924 0.996123 330.273
0.990536 -0.100245 0.0937529 -36.3379 0.101135 0.994861 -0.00477396 -7.09804 -0.0927925 0.0142105 0.995584 332.444
0.990103 -0.0989817 0.0994884 -36.1389 0.100032 0.994968 -0.00561638 -7.15285 -0.0984319 0.0155129 0.995023 334.645
0.989709 -0.0970775 0.105127 -35.9365 0.098101 0.995166 -0.00459734 -7.20184 -0.104172 0.0148631 0.994448 336.838
0.989033 -0.0976781 0.110783 -35.7041 0.0987085 0.995109 -0.00384182 -7.25114 -0.109866 0.0147349 0.993837 339.05
0.988304 -0.0991077 0.115903 -35.4625 0.100075 0.994977 -0.00254435 -7.30019 -0.115069 0.0141137 0.993257 341.244
0.987596 -0.100586 0.120564 -35.1943 0.101374 0.994848 -0.000402351 -7.36048 -0.119903 0.0126194 0.992705 343.429
0.986824 -0.101834 0.125734 -34.9212 0.10269 0.994713 -0.000323073 -7.39999 -0.125036 0.0132304 0.992064 345.608
0.986109 -0.101844 0.13121 -34.6236 0.102912 0.994689 -0.00137206 -7.44136 -0.130374 0.0148562 0.991354 347.837
0.985234 -0.103087 0.136703 -34.3207 0.104392 0.994533 -0.00239407 -7.48725 -0.135709 0.0166294 0.990609 350.039
0.984339 -0.104678 0.141843 -34.0345 0.106007 0.994364 -0.00182938 -7.5353 -0.140852 0.0168372 0.989887 352.238
0.983482 -0.106001 0.146721 -33.7055 0.107157 0.994242 2.42064e-05 -7.58578 -0.145879 0.0156984 0.989178 354.474
0.982641 -0.106133 0.152161 -33.3791 0.10724 0.994233 0.000936718 -7.63126 -0.151382 0.0153972 0.988355 356.692
0.981864 -0.106126 0.157098 -33.0374 0.107162 0.99424 0.0018818 -7.67368 -0.156393 0.0149873 0.987581 358.895
0.981132 -0.105715 0.161874 -32.6762 0.106667 0.994291 0.00282686 -7.71254 -0.161249 0.0144931 0.986807 361.131
0.980269 -0.105942 0.166878 -32.3211 0.106888 0.994265 0.00332924 -7.73941 -0.166274 0.0145737 0.985972 363.323
0.979496 -0.105747 0.171481 -31.9421 0.106747 0.99428 0.00340544 -7.77843 -0.170861 0.0149696 0.985181 365.545
0.978634 -0.105493 0.176487 -31.5731 0.10662 0.994295 0.00311308 -7.81015 -0.175808 0.0157704 0.984298 367.735
0.977814 -0.10534 0.18106 -31.1741 0.106695 0.994289 0.0022701 -7.84906 -0.180265 0.0170984 0.983469 369.938
0.976943 -0.104867 0.185969 -30.7839 0.106307 0.994331 0.00223646 -7.89052 -0.18515 0.017585 0.982553 372.113
0.97609 -0.105368 0.190122 -30.359 0.106833 0.994274 0.00255535 -7.9227 -0.189302 0.0178171 0.981757 374.316
0.975178 -0.105311 0.194775 -29.9364 0.106548 0.994299 0.00414668 -7.95249 -0.194101 0.0167091 0.980839 376.541
0.974123 -0.105942 0.199652 -29.521 0.10696 0.994247 0.00571207 -7.98577 -0.199108 0.0157905 0.97985 378.708
0.973155 -0.104373 0.205125 -29.095 0.105183 0.994428 0.00698137 -8.02344 -0.204711 0.0147817 0.978711 380.847
0.972175 -0.102253 0.210761 -28.6395 0.103032 0.994651 0.00731243 -8.04199 -0.210382 0.0146062 0.97751 383.043
0.970868 -0.102708 0.216488 -28.1547 0.103858 0.994573 0.006088 -8.07282 -0.215938 0.0165734 0.976266 385.235
0.969574 -0.10113 0.222932 -27.6684 0.103052 0.994671 0.00302684 -8.1149 -0.22205 0.0200387 0.974829 387.407
0.968058 -0.100749 0.229596 -27.1822 0.103264 0.994653 0.00106585 -8.16244 -0.228476 0.0226773 0.973285 389.564
0.96639 -0.101351 0.23626 -26.7053 0.104375 0.994538 -0.0002923 -8.20016 -0.23494 0.0249421 0.97169 391.713
0.964772 -0.102735 0.242199 -26.1721 0.106183 0.994346 -0.00118864 -8.23645 -0.240708 0.0268642 0.970226 393.882
0.963196 -0.103348 0.248139 -25.6256 0.107152 0.994241 -0.00183681 -8.28479 -0.24652 0.0283579 0.968723 396.036
0.96143 -0.104513 0.254419 -25.0754 0.108203 0.994129 -0.000511585 -8.33211 -0.252872 0.0280207 0.967094 398.162
0.95973 -0.106194 0.260081 -24.5011 0.109148 0.994021 0.00309804 -8.37273 -0.258855 0.0254141 0.965582 400.322
0.957892 -0.108674 0.26577 -23.9166 0.11093 0.993807 0.00655176 -8.40129 -0.264836 0.0232061 0.964014 402.486
0.956363 -0.109145 0.271029 -23.3256 0.111284 0.99376 0.00751002 -8.42388 -0.270157 0.0229789 0.962542 404.602
0.954739 -0.109604 0.276516 -22.73 0.111908 0.99369 0.00748478 -8.45857 -0.275592 0.0237984 0.96098 406.739
0.953198 -0.110115 0.281583 -22.1408 0.112267 0.993641 0.00853039 -8.48056 -0.280731 0.0234813 0.959499 408.848
0.951558 -0.111433 0.286565 -21.5219 0.113505 0.993493 0.00942582 -8.50861 -0.28575 0.0235574 0.958015 410.971
0.950297 -0.113528 0.28991 -20.8775 0.115654 0.993241 0.00984991 -8.52833 -0.289068 0.0241688 0.957003 413.093
0.949222 -0.116065 0.292414 -20.2171 0.118423 0.992916 0.00968958 -8.55555 -0.291467 0.0254309 0.956243 415.254
0.948472 -0.118257 0.293966 -19.5679 0.120686 0.992641 0.00993219 -8.57986 -0.292977 0.026057 0.955764 417.355
0.947604 -0.117772 0.296946 -18.9197 0.120657 0.992656 0.00866433 -8.59296 -0.295786 0.0276182 0.954855 419.46
0.946402 -0.116624 0.3012 -18.2579 0.119612 0.992784 0.00857014 -8.61216 -0.300026 0.0279163 0.953523 421.571
0.944781 -0.115419 0.306704 -17.5832 0.118375 0.992928 0.00901274 -8.63527 -0.305576 0.027791 0.951762 423.699
0.943053 -0.114796 0.312208 -16.9097 0.117461 0.993024 0.0103237 -8.65605 -0.311215 0.0269364 0.949958 425.801
0.941276 -0.114792 0.317526 -16.2309 0.116998 0.993057 0.0121795 -8.68124 -0.31672 0.0256857 0.948171 427.898
0.939542 -0.113242 0.323168 -15.5545 0.115504 0.993232 0.012238 -8.69472 -0.322366 0.0258292 0.946263 429.959
0.937679 -0.113878 0.328313 -14.8381 0.116236 0.993143 0.0125026 -8.72297 -0.327485 0.0264383 0.944486 432.045
0.935697 -0.113602 0.334015 -14.1366 0.11648 0.993127 0.0114712 -8.74783 -0.333022 0.0281724 0.942498 434.121
0.933648 -0.11339 0.33977 -13.4084 0.116979 0.993084 0.00997209 -8.76214 -0.338551 0.0304357 0.940456 436.175
0.931629 -0.113178 0.345338 -12.685 0.116888 0.993093 0.0101354 -8.78281 -0.3441 0.0309236 0.938424 438.215
0.92961 -0.112439 0.350974 -11.9355 0.116197 0.993172 0.0104112 -8.80833 -0.349748 0.0311037 0.936327 440.291
0.927459 -0.112767 0.356515 -11.1757 0.116581 0.993122 0.0108474 -8.83854 -0.355286 0.0315024 0.934227 442.349
0.925291 -0.113851 0.361765 -10.3908 0.117463 0.993004 0.0120714 -8.86212 -0.360609 0.0313246 0.932191 444.4
0.923144 -0.115123 0.366813 -9.5835 0.118928 0.992827 0.0122944 -8.88367 -0.365597 0.0322747 0.930214 446.455
0.920856 -0.116002 0.372246 -8.76436 0.120594 0.992641 0.0110103 -8.89809 -0.370783 0.0347518 0.928069 448.517
0.918575 -0.116709 0.377623 -7.95266 0.121721 0.992507 0.0106571 -8.91367 -0.376038 0.0361755 0.925898 450.557
0.916224 -0.117278 0.383119 -7.11996 0.122389 0.99242 0.0111004 -8.93042 -0.381517 0.0367191 0.923632 452.596
0.913887 -0.118469 0.388298 -6.28329 0.123168 0.992302 0.0128653 -8.95143 -0.386833 0.0360684 0.921444 454.616
0.911539 -0.120291 0.393227 -5.43025 0.124386 0.992118 0.015157 -8.96267 -0.391951 0.0350957 0.919317 456.644
0.909327 -0.119882 0.398439 -4.55322 0.124029 0.992158 0.0154581 -8.96702 -0.397168 0.0353615 0.917065 458.67
0.906973 -0.118837 0.404077 -3.68782 0.122993 0.992282 0.0157614 -8.98555 -0.402832 0.0354035 0.914589 460.675
0.904667 -0.117679 0.409548 -2.81426 0.121862 0.992419 0.0159752 -8.99749 -0.408323 0.0354561 0.912148 462.683
0.902551 -0.116065 0.414644 -1.93499 0.120364 0.992603 0.0158481 -9.00577 -0.413417 0.0356047 0.909846 464.656
0.900812 -0.114481 0.418847 -1.03786 0.118941 0.99278 0.0155448 -9.00965 -0.417602 0.0358152 0.907924 466.642
0.899561 -0.112334 0.422104 -0.108512 0.116465 0.993065 0.0160802 -9.02257 -0.420983 0.0346955 0.906405 468.632
0.897784 -0.112343 0.425867 0.807472 0.116626 0.993045 0.0161008 -9.03856 -0.424714 0.0352124 0.904642 470.612
0.896093 -0.113526 0.429103 1.7418 0.117095 0.992954 0.0181735 -9.04691 -0.428143 0.0339606 0.903073 472.582
0.894175 -0.116558 0.432278 2.66704 0.119412 0.99263 0.0206432 -9.04673 -0.431499 0.0331605 0.901504 474.535
0.892483 -0.116806 0.435695 3.59394 0.119976 0.992568 0.0203378 -9.05291 -0.434833 0.0341221 0.899864 476.477
0.890772 -0.116113 0.439367 4.5372 0.120071 0.992586 0.0188836 -9.05635 -0.438302 0.0359342 0.898109 478.439
0.88895 -0.115781 0.443128 5.50753 0.12019 0.992583 0.0182319 -9.0633 -0.441952 0.0370523 0.896273 480.427
0.887118 -0.116259 0.446659 6.47288 0.120852 0.992502 0.0183077 -9.06169 -0.445439 0.0377387 0.894517 482.376
0.88514 -0.116051 0.450621 7.42679 0.120777 0.99251 0.0183694 -9.05762 -0.449377 0.0381648 0.892527 484.316
0.883063 -0.116175 0.454646 8.39943 0.121607 0.992426 0.017394 -9.06516 -0.453223 0.0399281 0.890503 486.264
0.880852 -0.116257 0.458894 9.36983 0.122596 0.992326 0.016073 -9.0799 -0.457241 0.0421007 0.888346 488.201
0.878783 -0.116741 0.462722 10.3666 0.123546 0.992215 0.0156932 -9.09097 -0.460952 0.0433767 0.886364 490.12
0.87671 -0.117351 0.466486 11.4182 0.124074 0.992137 0.0164013 -9.09657 -0.464743 0.0434998 0.884377 492.104
0.874684 -0.119027 0.469851 12.4686 0.12595 0.991894 0.0168042 -9.09838 -0.468043 0.0444795 0.882586 494.052
0.872702 -0.118785 0.473583 13.4932 0.125159 0.99197 0.0181701 -9.09962 -0.471939 0.0434159 0.880562 495.969
0.870593 -0.118392 0.477547 14.5283 0.124937 0.991998 0.0181662 -9.10118 -0.475876 0.043848 0.878419 497.907
0.86865 -0.116135 0.481622 15.5809 0.123214 0.992234 0.0170336 -9.10632 -0.47986 0.0445462 0.876213 499.833
0.86663 -0.114371 0.485667 16.6582 0.122071 0.992394 0.0158759 -9.11059 -0.483789 0.0455273 0.874 501.764
0.864488 -0.112951 0.489798 17.7146 0.120478 0.992583 0.0162541 -9.12864 -0.488001 0.0449586 0.871684 503.688
0.862213 -0.112334 0.493934 18.7795 0.119543 0.992682 0.0170878 -9.12616 -0.492239 0.0443128 0.869332 505.587
0.85958 -0.112807 0.498395 19.8456 0.119513 0.992659 0.0185561 -9.14074 -0.496829 0.0436141 0.866752 507.506
0.8567 -0.115598 0.502695 20.9301 0.121235 0.992389 0.0215948 -9.14642 -0.501365 0.042444 0.864194 509.404
0.85382 -0.119677 0.506626 22.022 0.124755 0.991896 0.024058 -9.13638 -0.505399 0.0426631 0.861831 511.265
0.850642 -0.122232 0.511339 23.1501 0.128185 0.991466 0.0237608 -9.11629 -0.50988 0.0453341 0.85905 513.15
0.847326 -0.123142 0.516599 24.3108 0.130215 0.991226 0.0226993 -9.09985 -0.514861 0.0480355 0.855927 515.082
0.844083 -0.123033 0.521906 25.4593 0.131222 0.991122 0.0214191 -9.09632 -0.519908 0.0504061 0.852734 516.982
0.840867 -0.121577 0.527411 26.5873 0.131252 0.991163 0.0192204 -9.09089 -0.525086 0.0530621 0.849393 518.839
0.837717 -0.119951 0.532768 27.729 0.13025 0.991311 0.0183868 -9.09815 -0.530344 0.0539902 0.846061 520.684
0.83449 -0.118702 0.538086 28.9197 0.128367 0.991532 0.0196549 -9.10068 -0.535862 0.0526706 0.842661 522.571
0.831387 -0.118618 0.542886 30.0995 0.126978 0.991657 0.0222149 -9.09927 -0.540992 0.0504653 0.839513 524.423
0.82799 -0.118829 0.548008 31.2717 0.125406 0.991776 0.0255777 -9.08843 -0.54654 0.0475452 0.836082 526.262
0.824598 -0.119475 0.552959 32.4798 0.124307 0.991822 0.0289265 -9.06799 -0.551893 0.0448838 0.832706 528.109
0.821114 -0.119542 0.558105 33.6875 0.123336 0.991881 0.0309954 -9.04495 -0.557279 0.0433837 0.829191 529.926
0.817874 -0.119675 0.562814 34.9287 0.124074 0.991801 0.0305901 -9.01874 -0.561861 0.0448119 0.826017 531.76
0.814653 -0.11889 0.567631 36.153 0.124585 0.991787 0.0289278 -8.99459 -0.566409 0.0471519 0.822775 533.558
0.811591 -0.117571 0.572274 37.4086 0.125138 0.991791 0.0262898 -8.98401 -0.570667 0.0502768 0.819641 535.379
0.809131 -0.117432 0.575775 38.6638 0.126373 0.991676 0.0246664 -8.97881 -0.573879 0.0528039 0.817236 537.178
0.806854 -0.117811 0.578884 39.9118 0.127485 0.991548 0.0241047 -8.95785 -0.576831 0.05435 0.815053 538.965
0.805133 -0.117602 0.581318 41.2085 0.127157 0.99158 0.0244853 -8.9374 -0.579303 0.0542048 0.813308 540.781
0.803145 -0.117931 0.583996 42.5045 0.126966 0.991576 0.0256257 -8.91685 -0.582098 0.0535665 0.811352 542.59
0.800715 -0.118205 0.587268 43.7843 0.126308 0.991613 0.027376 -8.89065 -0.585579 0.0522565 0.808929 544.381
0.797839 -0.118377 0.591134 45.0804 0.126053 0.991616 0.0284431 -8.87126 -0.589545 0.0518215 0.806072 546.173
0.794644 -0.117968 0.595504 46.362 0.125955 0.99163 0.0283653 -8.85277 -0.593866 0.0524665 0.802851 547.928
0.791129 -0.117704 0.600217 47.6734 0.127118 0.991523 0.0268898 -8.8368 -0.598294 0.055025 0.799385 549.705
0.787898 -0.118336 0.604328 48.996 0.129069 0.991299 0.0258358 -8.82425 -0.602127 0.0576439 0.796316 551.459
0.784894 -0.118097 0.608272 50.3194 0.130784 0.991128 0.0236709 -8.79876 -0.605671 0.0609728 0.793376 553.201
0.781524 -0.116933 0.612819 51.6852 0.130578 0.99118 0.0226042 -8.78381 -0.610058 0.0623548 0.7899 555
0.778431 -0.115815 0.616954 53.0607 0.129018 0.991368 0.0233136 -8.76732 -0.614328 0.0614499 0.786654 556.766
0.775281 -0.115451 0.620976 54.4308 0.127013 0.991566 0.0257758 -8.74833 -0.618714 0.0588887 0.783406 558.517
0.772112 -0.115478 0.624906 55.817 0.124772 0.991758 0.0291057 -8.72996 -0.623117 0.055498 0.780157 560.277
0.768699 -0.116788 0.628858 57.1966 0.124288 0.991722 0.0322502 -8.70919 -0.627419 0.053369 0.776851 561.994
0.765486 -0.118734 0.632403 58.6029 0.125248 0.991524 0.0345546 -8.68261 -0.631146 0.0527562 0.773868 563.719
0.762005 -0.119308 0.636486 60.0233 0.127452 0.991288 0.0332297 -8.63849 -0.634905 0.0557998 0.770572 565.449
0.758527 -0.119404 0.640608 61.4235 0.130139 0.991023 0.0306239 -8.61032 -0.638514 0.0601393 0.767257 567.149
0.755126 -0.119323 0.644629 62.8409 0.132159 0.990816 0.0285911 -8.58419 -0.64212 0.0636036 0.763961 568.86
0.751966 -0.118464 0.64847 64.3126 0.132309 0.990825 0.0275801 -8.5525 -0.645787 0.0650591 0.76074 570.6
0.748615 -0.117826 0.652451 65.7428 0.131165 0.990952 0.0284589 -8.52622 -0.649901 0.0642741 0.757296 572.284
0.745071 -0.117445 0.656563 67.2013 0.129365 0.991128 0.0304885 -8.51263 -0.654319 0.06222 0.753655 573.999
0.741805 -0.117179 0.660299 68.6664 0.127498 0.9913 0.0326835 -8.48826 -0.658384 0.0599421 0.750292 575.691
0.738346 -0.118098 0.664001 70.1414 0.125973 0.991371 0.0362454 -8.45214 -0.662552 0.0568848 0.746853 577.392
0.734838 -0.120917 0.667378 71.6351 0.126772 0.991126 0.0399875 -8.40902 -0.66629 0.0552204 0.743645 579.077
0.731295 -0.121795 0.671098 73.126 0.126991 0.991036 0.0414781 -8.36988 -0.670135 0.0548904 0.740207 580.74
0.72776 -0.121954 0.674902 74.6285 0.129504 0.990796 0.0393893 -8.31879 -0.673494 0.0587367 0.736855 582.399
0.724682 -0.120745 0.678422 76.129 0.131243 0.990692 0.0361303 -8.2701 -0.67647 0.0628553 0.733783 584.039
0.721708 -0.119137 0.681868 77.6543 0.131957 0.990692 0.0334283 -8.23784 -0.679503 0.0658521 0.730711 585.683
0.718326 -0.118505 0.685539 79.1715 0.132519 0.990651 0.0323917 -8.20708 -0.682969 0.0675789 0.727315 587.327
0.715275 -0.117974 0.688813 80.7157 0.131787 0.990734 0.0328345 -8.17379 -0.686304 0.0672907 0.724195 588.967
0.711952 -0.117925 0.692256 82.2576 0.130865 0.99081 0.0341951 -8.1361 -0.689927 0.0662467 0.720842 590.594
0.708584 -0.119199 0.695486 83.8155 0.131008 0.990716 0.0363241 -8.09316 -0.693359 0.0653752 0.717621 592.224
0.70531 -0.120211 0.698632 85.3658 0.13089 0.990656 0.0383168 -8.0473 -0.69671 0.0644191 0.714454 593.827
0.702239 -0.121943 0.70142 86.9317 0.132784 0.990368 0.0392378 -8.00162 -0.699449 0.0655832 0.711667 595.426
0.699676 -0.122189 0.703934 88.5196 0.134023 0.990223 0.0386709 -7.95272 -0.701777 0.0672861 0.709212 597.052
0.697459 -0.122529 0.706072 90.1105 0.135017 0.990097 0.0384474 -7.90999 -0.703791 0.068516 0.707096 598.647
0.694735 -0.121317 0.708961 91.727 0.134543 0.990194 0.037598 -7.86626 -0.70657 0.069265 0.704245 600.262
0.69161 -0.119095 0.712384 93.3398 0.132888 0.990456 0.03657 -7.81988 -0.709941 0.0693751 0.700836 601.854
0.68779 -0.117148 0.716395 94.9806 0.131111 0.990709 0.0361297 -7.77964 -0.713972 0.0690779 0.696759 603.461
0.683546 -0.116292 0.720584 96.6007 0.130442 0.990796 0.0361631 -7.7341 -0.718157 0.0692756 0.692424 605.044
0.679363 -0.116313 0.724526 98.2069 0.130291 0.990789 0.0368888 -7.68573 -0.722143 0.0693387 0.68826 606.597
0.675311 -0.116299 0.728306 99.8409 0.129757 0.990821 0.0379028 -7.64226 -0.726029 0.0689069 0.684203 608.15
0.671748 -0.116428 0.731573 101.534 0.130083 0.990766 0.0382328 -7.57588 -0.729268 0.0694821 0.680691 609.725
0.667602 -0.115205 0.735551 103.223 0.129363 0.990877 0.0377827 -7.5178 -0.733194 0.0699291 0.676415 611.291
0.663858 -0.114246 0.739081 104.923 0.127953 0.991042 0.0382642 -7.45978 -0.736832 0.0691655 0.672529 612.861
0.659939 -0.114559 0.742534 106.616 0.127961 0.991006 0.0391663 -7.42446 -0.740342 0.0691681 0.668663 614.41
0.656399 -0.114695 0.745644 108.307 0.128287 0.99095 0.0394958 -7.37778 -0.743426 0.0697314 0.665173 615.949
0.653014 -0.114883 0.748582 109.999 0.128888 0.990867 0.0396322 -7.32746 -0.746298 0.0706032 0.661857 617.453
0.649682 -0.11512 0.751439 111.695 0.128186 0.990903 0.0409778 -7.28834 -0.749321 0.0697014 0.658529 618.96
0.646283 -0.115643 0.754284 113.437 0.126993 0.990966 0.0431208 -7.23963 -0.752457 0.0679203 0.655131 620.493
0.643678 -0.115399 0.756546 115.18 0.125192 0.991127 0.0446661 -7.17192 -0.754987 0.0659629 0.652414 621.987
0.640949 -0.115193 0.75889 116.893 0.123222 0.991294 0.0463979 -7.10383 -0.757628 0.0637733 0.649564 623.47
0.638287 -0.114515 0.761233 118.619 0.122972 0.991343 0.0460196 -7.03119 -0.759913 0.0642369 0.646844 624.956
0.635732 -0.113639 0.763499 120.361 0.123758 0.991314 0.044499 -6.98211 -0.761925 0.0661997 0.644274 626.435
0.633415 -0.112407 0.765604 122.138 0.125234 0.991241 0.0419237 -6.92805 -0.763611 0.0693249 0.641944 627.931
0.630909 -0.11244 0.767666 123.874 0.126863 0.991077 0.0409 -6.8653 -0.765414 0.0715842 0.639544 629.397
0.628628 -0.113123 0.769434 125.653 0.127175 0.990999 0.041796 -6.80487 -0.767237 0.0715785 0.637357 630.887
0.626459 -0.113573 0.771135 127.448 0.126143 0.991058 0.0434871 -6.73934 -0.769179 0.0700303 0.635184 632.372
0.62433 -0.114021 0.772795 129.222 0.125237 0.991103 0.0450536 -6.68781 -0.771056 0.0686544 0.633055 633.844
0.622467 -0.114172 0.774273 131.006 0.124231 0.991173 0.0462814 -6.62438 -0.772723 0.0673804 0.631157 635.321
0.620794 -0.113405 0.775728 132.782 0.12359 0.991266 0.0460089 -6.55772 -0.77417 0.0673105 0.629388 636.772
0.619232 -0.111249 0.777287 134.532 0.124246 0.991324 0.0429006 -6.49886 -0.775316 0.0700097 0.627681 638.211
0.618435 -0.109474 0.778173 136.307 0.125948 0.991256 0.0393574 -6.42907 -0.775678 0.0736691 0.626815 639.653
0.617571 -0.109163 0.778902 138.116 0.127421 0.991125 0.0378764 -6.39857 -0.776125 0.0758573 0.626 641.12
0.616825 -0.110418 0.779317 139.939 0.129407 0.990864 0.0379658 -6.35704 -0.77639 0.0774312 0.625479 642.587
0.616026 -0.11177 0.779756 141.747 0.129875 0.990747 0.0394087 -6.3131 -0.776946 0.0769943 0.624842 644.049
0.615269 -0.112539 0.780243 143.561 0.129776 0.990713 0.0405597 -6.25642 -0.777562 0.0763021 0.62416 645.504
0.614226 -0.112998 0.780998 145.388 0.128754 0.990783 0.0420902 -6.19479 -0.778556 0.0747034 0.623113 646.974
0.612672 -0.112091 0.782348 147.199 0.127207 0.990971 0.0423635 -6.13918 -0.780033 0.0735652 0.621399 648.434
0.611027 -0.111372 0.783736 149.016 0.12523 0.991186 0.0432173 -6.07758 -0.781641 0.0717405 0.619589 649.895
0.609829 -0.112132 0.784561 150.845 0.1253 0.991131 0.0442614 -6.02763 -0.782565 0.0713135 0.61847 651.346
0.608667 -0.111962 0.785486 152.7 0.124478 0.991209 0.0448277 -5.96083 -0.7836 0.0704909 0.617253 652.806
0.607165 -0.111481 0.786717 154.522 0.123736 0.991295 0.0449748 -5.90106 -0.784882 0.0700382 0.615674 654.263
0.605632 -0.109841 0.788128 156.36 0.122951 0.99145 0.0436963 -5.83746 -0.786189 0.0704373 0.613959 655.713
0.604411 -0.109842 0.789064 158.204 0.122034 0.991526 0.0445491 -5.78272 -0.787271 0.0693667 0.612694 657.153
0.603208 -0.110584 0.789881 160.081 0.121182 0.991551 0.0462744 -5.72057 -0.788324 0.0678062 0.611512 658.608
0.602223 -0.110581 0.790632 161.9 0.121063 0.991557 0.0464693 -5.66007 -0.789095 0.0677313 0.610525 660.03
0.60157 -0.108766 0.791381 163.756 0.11997 0.991752 0.0451095 -5.59296 -0.78976 0.0678054 0.609657 661.471
0.601201 -0.10874 0.791665 165.627 0.120279 0.991725 0.0448776 -5.54414 -0.789994 0.0682401 0.609305 662.902
0.600347 -0.108625 0.792328 167.492 0.120317 0.991724 0.0447972 -5.47845 -0.790637 0.0684371 0.608448 664.343
0.599696 -0.109466 0.792705 169.332 0.121146 0.991601 0.0452819 -5.41843 -0.791004 0.068878 0.607921 665.76
0.59934 -0.110087 0.792889 171.164 0.12068 0.991604 0.0464561 -5.36205 -0.791346 0.0678427 0.607593 667.174
0.59894 -0.109578 0.793261 173.027 0.119868 0.991701 0.0464847 -5.2974 -0.791772 0.0672451 0.607104 668.607
0.598566 -0.110046 0.793479 174.89 0.120558 0.991613 0.046582 -5.2356 -0.79195 0.0677775 0.606812 670.032
0.598167 -0.109782 0.793816 176.724 0.120662 0.991617 0.0462146 -5.16679 -0.792236 0.0681391 0.606399 671.427
0.597803 -0.109733 0.794097 178.59 0.120977 0.991591 0.045951 -5.10484 -0.792462 0.068598 0.606052 672.85
0.597504 -0.110514 0.794214 180.455 0.121294 0.991517 0.0467167 -5.04485 -0.792639 0.0684199 0.60584 674.267
0.597008 -0.111237 0.794485 182.292 0.120242 0.99156 0.0484752 -4.97903 -0.793173 0.0665908 0.605345 675.672
0.596313 -0.111246 0.795006 184.146 0.120087 0.991569 0.0486768 -4.9156 -0.793719 0.0664436 0.604645 677.086
0.595713 -0.109652 0.795678 185.995 0.119635 0.9917 0.0470961 -4.85097 -0.794238 0.0671354 0.603887 678.499
0.595589 -0.10866 0.795906 187.86 0.120165 0.991712 0.045471 -4.78718 -0.79425 0.0685583 0.60371 679.911
0.595436 -0.107482 0.796181 189.711 0.120863 0.991716 0.0434892 -4.73015 -0.79426 0.070334 0.603494 681.309
0.595472 -0.107485 0.796153 191.545 0.12103 0.991701 0.0433623 -4.67347 -0.794207 0.0705378 0.603539 682.703
0.595837 -0.108753 0.795708 193.414 0.12174 0.99157 0.0443613 -4.62408 -0.793825 0.0704375 0.604053 684.121
0.596164 -0.109493 0.795362 195.267 0.122615 0.991452 0.0445821 -4.56293 -0.793445 0.0709451 0.604493 685.535
0.596627 -0.109464 0.795018 197.101 0.123514 0.991375 0.0438085 -4.51046 -0.792956 0.0720585 0.605002 686.932
0.597268 -0.108612 0.794654 198.941 0.123514 0.991425 0.042672 -4.45388 -0.792474 0.0726645 0.605561 688.331
0.597663 -0.108881 0.794319 200.759 0.123236 0.991438 0.0431762 -4.39557 -0.792219 0.0720837 0.605964 689.723
0.59796 -0.108842 0.794102 202.6 0.123746 0.991395 0.0427024 -4.32842 -0.791916 0.0727326 0.606283 691.137
0.598166 -0.108943 0.793932 204.425 0.124424 0.991328 0.0422859 -4.2885 -0.791654 0.0734899 0.606534 692.552
0.598631 -0.108879 0.793591 206.257 0.126247 0.991161 0.0407533 -4.24353 -0.791013 0.0757922 0.607086 693.953
0.599101 -0.109649 0.79313 208.084 0.128817 0.990874 0.0396827 -4.19601 -0.790243 0.078395 0.607758 695.344
0.600247 -0.112573 0.791852 209.848 0.131591 0.990454 0.0410574 -4.16035 -0.788915 0.0795557 0.609331 696.697
0.602283 -0.114833 0.78998 211.656 0.133326 0.99017 0.0422852 -4.11713 -0.78707 0.0798575 0.611672 698.101
0.604781 -0.11525 0.788009 213.496 0.133858 0.990107 0.0420753 -4.07191 -0.785062 0.0800347 0.614225 699.528
0.606624 -0.113893 0.786789 215.299 0.132044 0.990372 0.0415556 -4.0208 -0.783947 0.0786822 0.615822 700.93
0.607211 -0.111609 0.786662 217.107 0.129492 0.990748 0.0406112 -3.972 -0.783917 0.0772072 0.616046 702.351
0.607505 -0.109481 0.786735 218.938 0.127774 0.991027 0.039245 -3.91378 -0.783972 0.0766825 0.616042 703.781
0.607495 -0.108691 0.786852 220.727 0.127114 0.99113 0.0387686 -3.87513 -0.784086 0.0764684 0.615923 705.188
0.607214 -0.107631 0.787215 222.516 0.126998 0.991192 0.0375609 -3.83587 -0.784323 0.0771672 0.615534 706.617
0.607022 -0.106015 0.787582 224.315 0.126192 0.991346 0.0361813 -3.79259 -0.784601 0.0774239 0.615147 708.031
0.606755 -0.104332 0.788012 226.104 0.125573 0.991481 0.0345821 -3.75003 -0.784907 0.0779703 0.614688 709.44
0.606416 -0.102954 0.788454 227.9 0.124117 0.991684 0.0340308 -3.72931 -0.785401 0.0772237 0.614151 710.847
0.606172 -0.101873 0.788782 229.681 0.122898 0.991849 0.0336541 -3.70282 -0.785781 0.0765392 0.613751 712.246
0.605649 -0.100914 0.789307 231.489 0.121394 0.992033 0.0336848 -3.67126 -0.786418 0.0754157 0.613074 713.649
0.605297 -0.100386 0.789644 233.297 0.120572 0.992132 0.0337034 -3.62729 -0.786815 0.0748088 0.612638 715.054
0.60475 -0.0999508 0.790118 235.099 0.120039 0.992199 0.0336376 -3.60099 -0.787317 0.0745024 0.612031 716.465
0.60454 -0.099299 0.790361 236.915 0.119037 0.99232 0.0336227 -3.56088 -0.78763 0.0737555 0.611718 717.868
0.604137 -0.0990038 0.790706 238.726 0.118819 0.992352 0.0334682 -3.52338 -0.787972 0.0737317 0.61128 719.272
