0.999985 7.022e-05 -0.00539335 -0.0104783 -0.00021463 0.999641 -0.0267798 -0.0020223 0.00538953 0.0267805 0.999627 0.832297
0.999963 -0.00198076 -0.00841833 -0.0265789 0.0016693 0.99932 -0.0368457 -0.0138174 0.00848559 0.0368303 0.999286 1.68918
0.999928 -0.00209665 -0.0118114 -0.0403189 0.00177898 0.999638 -0.026842 -0.0382825 0.0118634 0.026819 0.99957 2.57281
0.999886 -0.000589836 -0.0150585 -0.0633211 0.000381108 0.999904 -0.0138602 -0.080245 0.0150652 0.0138529 0.999791 3.46235
0.999842 0.000115461 -0.0177673 -0.0823198 -0.000286584 0.999954 -0.00962907 -0.108453 0.0177654 0.00963264 0.999796 4.35065
0.999832 -0.000662057 -0.0183387 -0.100139 0.000428486 0.999919 -0.0127375 -0.129605 0.0183457 0.0127275 0.999751 5.23333
0.999844 -0.00102493 -0.0176102 -0.129726 0.000737893 0.999867 -0.016298 -0.142169 0.0176246 0.0162825 0.999712 6.12616
0.999854 -0.00153945 -0.0170167 -0.151792 0.00125378 0.999858 -0.0167859 -0.170007 0.0170401 0.0167621 0.999714 7.02638
0.999855 -0.00139665 -0.0169836 -0.171494 0.00113107 0.999877 -0.0156368 -0.199141 0.0170033 0.0156153 0.999733 7.93758
0.999854 -0.00273539 -0.0168597 -0.192213 0.00248446 0.999886 -0.0148865 -0.225646 0.0168985 0.0148425 0.999747 8.85652
0.999851 -0.00356719 -0.016878 -0.210545 0.00330062 0.99987 -0.0157959 -0.245913 0.0169321 0.0157379 0.999733 9.78817
0.999845 -0.00432066 -0.0170644 -0.231613 0.00403547 0.999852 -0.0167113 -0.272713 0.0171341 0.0166399 0.999715 10.7235
0.999839 -0.00443299 -0.0173775 -0.252964 0.00413588 0.999845 -0.017096 -0.302256 0.0174506 0.0170214 0.999703 11.6772
0.999837 -0.00432393 -0.0175495 -0.27889 0.00403388 0.999855 -0.0165293 -0.330007 0.0176184 0.0164558 0.999709 12.6317
0.999835 -0.00420193 -0.0176709 -0.300287 0.00392775 0.999872 -0.0155222 -0.360868 0.0177338 0.0154503 0.999723 13.6018
0.999842 -0.00390139 -0.0173535 -0.323177 0.00362724 0.999869 -0.015802 -0.384048 0.0174128 0.0157366 0.999725 14.5755
0.999844 -0.00471325 -0.0170406 -0.342943 0.00443283 0.999855 -0.0164563 -0.412963 0.0171157 0.0163782 0.999719 15.5561
0.999854 -0.00440463 -0.0165172 -0.36885 0.00411479 0.999838 -0.0175409 -0.444535 0.0165918 0.0174704 0.99971 16.5552
0.999851 -0.00505847 -0.0165198 -0.38496 0.00476196 0.999828 -0.017939 -0.47468 0.0166077 0.0178577 0.999703 17.555
0.999842 -0.00530718 -0.0169864 -0.408927 0.00500509 0.999829 -0.0177771 -0.503278 0.0170778 0.0176893 0.999698 18.5659
0.999805 -0.00821373 -0.0179602 -0.429595 0.0079026 0.999819 -0.0173261 -0.540235 0.0180992 0.0171808 0.999689 19.5915
0.999778 -0.00860003 -0.0192339 -0.45417 0.00827804 0.999825 -0.0167584 -0.57839 0.0193747 0.0165955 0.999675 20.6181
0.999736 -0.0102627 -0.0205788 -0.473878 0.0099206 0.999812 -0.016657 -0.601927 0.0207459 0.0164485 0.999649 21.6634
0.999708 -0.0103825 -0.0218274 -0.503911 0.0100184 0.99981 -0.0167244 -0.627752 0.0219969 0.0165008 0.999622 22.716
0.999667 -0.0113226 -0.0231888 -0.532222 0.0109403 0.999803 -0.0165488 -0.652502 0.0233716 0.0162896 0.999594 23.7839
0.999605 -0.0123773 -0.0252321 -0.56135 0.011978 0.999802 -0.015917 -0.68515 0.0254241 0.0156085 0.999555 24.8665
0.999544 -0.0120666 -0.027671 -0.599353 0.0116831 0.999834 -0.0139762 -0.719913 0.0278351 0.0136466 0.999519 25.9609
0.99947 -0.0102035 -0.0309044 -0.640122 0.00980575 0.999868 -0.0129931 -0.747952 0.0310329 0.0126832 0.999438 27.0758
0.999323 -0.0114605 -0.034963 -0.680158 0.0109794 0.999843 -0.0139238 -0.781183 0.035117 0.0135305 0.999292 28.2022
0.999163 -0.0102625 -0.0396028 -0.735042 0.00953913 0.999785 -0.0184106 -0.806393 0.0397832 0.0180174 0.999046 29.3433
0.998908 -0.0102393 -0.0455897 -0.794293 0.00931161 0.999746 -0.0205156 -0.838089 0.0457882 0.0200687 0.99875 30.4858
0.998585 -0.0116027 -0.0519058 -0.862313 0.0106771 0.99978 -0.0180739 -0.869331 0.052104 0.0174942 0.998488 31.649
0.998305 -0.0110273 -0.0571502 -0.939867 0.0102191 0.999844 -0.0144135 -0.900778 0.0573003 0.013805 0.998262 32.839
0.998073 -0.0109712 -0.0610716 -1.02014 0.0101809 0.999861 -0.0132367 -0.934637 0.0612083 0.0125894 0.998046 34.042
0.997933 -0.00894716 -0.0636334 -1.0995 0.00810551 0.999876 -0.0134724 -0.962779 0.0637461 0.0129288 0.997882 35.243
0.997873 -0.00770963 -0.0647357 -1.17879 0.00690663 0.999897 -0.012619 -0.991427 0.0648263 0.012145 0.997823 36.459
0.997872 -0.00704411 -0.0648217 -1.26866 0.00633862 0.999918 -0.0110828 -1.02612 0.0648944 0.0106484 0.997835 37.6608
0.997927 -0.00625182 -0.0640523 -1.35303 0.005617 0.999933 -0.0100863 -1.0628 0.0641111 0.00970563 0.997896 38.8763
0.99797 -0.00696108 -0.0633088 -1.4339 0.0063408 0.99993 -0.00999331 -1.0975 0.0633739 0.00957159 0.997944 40.0836
0.998031 -0.00756502 -0.0622653 -1.51381 0.00691824 0.99992 -0.0105964 -1.12899 0.0623405 0.0101448 0.998003 41.2829
0.998103 -0.00868368 -0.0609428 -1.59184 0.00802013 0.999906 -0.0111241 -1.16605 0.0610336 0.0106143 0.998079 42.4997
0.998179 -0.00930085 -0.0596084 -1.6715 0.00862993 0.999897 -0.011503 -1.19248 0.0597092 0.0109677 0.998156 43.7003
0.998249 -0.00978561 -0.0583293 -1.74115 0.00916342 0.999898 -0.0109248 -1.23248 0.0584303 0.0103712 0.998238 44.9059
0.998318 -0.010905 -0.0569433 -1.82001 0.0103044 0.999888 -0.0108304 -1.26085 0.057055 0.0102254 0.998319 46.1148
0.998389 -0.0116565 -0.055536 -1.89413 0.0110767 0.999881 -0.0107375 -1.30056 0.0556545 0.010105 0.998399 47.3183
0.998416 -0.0122731 -0.0549089 -1.96187 0.0117113 0.999876 -0.0105416 -1.33702 0.0550315 0.00988183 0.998436 48.5087
0.998471 -0.0125105 -0.0538522 -2.03388 0.0119806 0.999877 -0.0101511 -1.37721 0.0539726 0.00949044 0.998497 49.7156
0.998485 -0.013612 -0.0533069 -2.1007 0.0130606 0.999858 -0.0106796 -1.40762 0.0534446 0.0099672 0.998521 50.8982
0.998501 -0.0143224 -0.0528315 -2.17479 0.0137699 0.999847 -0.0108059 -1.44712 0.0529782 0.0100622 0.998545 52.0979
0.998526 -0.0140291 -0.0524247 -2.23696 0.0135022 0.999855 -0.0103927 -1.47536 0.0525629 0.00966951 0.998571 53.2854
0.998555 -0.0140605 -0.0518755 -2.30612 0.0135663 0.999859 -0.00986761 -1.50435 0.052007 0.00914959 0.998605 54.4853
0.998584 -0.0137574 -0.0513903 -2.37433 0.0132294 0.999856 -0.0106002 -1.53239 0.0515288 0.0099053 0.998622 55.6669
0.99858 -0.0147845 -0.0511802 -2.4419 0.0142244 0.999835 -0.0112907 -1.56569 0.0513386 0.0105467 0.998626 56.8385
0.998524 -0.0164714 -0.0517516 -2.50235 0.0159275 0.999814 -0.0109051 -1.59151 0.0519216 0.0100648 0.9986 58.0126
0.998398 -0.0181091 -0.0536121 -2.56716 0.0176139 0.999798 -0.00969604 -1.62318 0.0537768 0.00873618 0.998515 59.197
0.998202 -0.0195218 -0.0566689 -2.6377 0.0189846 0.99977 -0.0100014 -1.65071 0.0568511 0.00890754 0.998343 60.3706
0.997858 -0.0231782 -0.0611814 -2.70994 0.0225293 0.999683 -0.0112753 -1.68476 0.0614234 0.00987281 0.998063 61.5299
0.997385 -0.0261482 -0.0673802 -2.79401 0.0253163 0.999593 -0.0131704 -1.72437 0.0676972 0.0114301 0.99764 62.6936
0.996776 -0.0294992 -0.0746156 -2.88118 0.0285115 0.999492 -0.0142677 -1.7641 0.0749986 0.0120943 0.99711 63.8553
0.996224 -0.029689 -0.0815884 -2.98406 0.028728 0.999504 -0.0129277 -1.80343 0.0819317 0.010535 0.996582 65.007
0.995753 -0.0284306 -0.0875689 -3.09173 0.0276053 0.999562 -0.0106216 -1.83837 0.0878326 0.00815914 0.996102 66.1616
0.995401 -0.0258924 -0.0922321 -3.20497 0.0250917 0.999637 -0.00982987 -1.87724 0.0924531 0.00747039 0.995689 67.3155
0.995198 -0.0243878 -0.0947975 -3.3193 0.0234938 0.999668 -0.0105354 -1.91584 0.095023 0.00825767 0.995441 68.4587
0.995186 -0.0216183 -0.0955936 -3.43657 0.0204599 0.999705 -0.0130818 -1.95195 0.0958482 0.011063 0.995334 69.6002
0.995282 -0.0208474 -0.0947611 -3.56 0.0195549 0.999703 -0.0145481 -1.97861 0.0950362 0.0126264 0.995394 70.745
0.995423 -0.021594 -0.0930944 -3.66005 0.020394 0.999696 -0.013822 -2.01372 0.0933646 0.0118602 0.995561 71.8791
0.99577 -0.0213437 -0.0893644 -3.77773 0.0202991 0.999715 -0.0125816 -2.04729 0.0896074 0.0107144 0.99592 73.0301
0.996288 -0.0210287 -0.0834791 -3.8943 0.0201848 0.999736 -0.0109402 -2.09002 0.0836871 0.00921457 0.996449 74.1878
0.996798 -0.0189568 -0.0776794 -3.98874 0.018144 0.999773 -0.0111554 -2.11616 0.0778732 0.00971024 0.996916 75.328
0.997365 -0.0197824 -0.069804 -4.0796 0.0189858 0.999747 -0.0120578 -2.13753 0.0700248 0.0107007 0.997488 76.4647
0.997993 -0.0174556 -0.0608724 -4.16032 0.0167574 0.999788 -0.0119609 -2.16832 0.0610683 0.0109168 0.998074 77.6032
0.9986 -0.015262 -0.0506374 -4.22399 0.0146706 0.99982 -0.0120312 -2.19774 0.050812 0.0112715 0.998645 78.7222
0.999128 -0.0139669 -0.0393449 -4.27633 0.0135161 0.99984 -0.0117009 -2.22993 0.039502 0.0111589 0.999157 79.849
0.999513 -0.013138 -0.0283219 -4.30795 0.0128232 0.999854 -0.0112677 -2.26121 0.0284658 0.010899 0.999535 80.9782
0.999779 -0.0118301 -0.0174021 -4.33695 0.0116305 0.999866 -0.0115295 -2.29003 0.0175362 0.0113246 0.999782 82.106
0.999908 -0.0116432 -0.00698816 -4.35382 0.011557 0.999858 -0.0122566 -2.32287 0.00712988 0.0121747 0.9999 83.2335
0.999911 -0.0132374 0.00158707 -4.35209 0.0132578 0.99982 -0.0136018 -2.35449 -0.00140673 0.0136216 0.999906 84.3626
0.999855 -0.0150012 0.0080497 -4.33748 0.0151154 0.999783 -0.014323 -2.38142 -0.00783309 0.0144426 0.999865 85.5137
0.999749 -0.0187892 0.0122126 -4.31725 0.0189639 0.999717 -0.014351 -2.4115 -0.0119395 0.014579 0.999822 86.6535
0.999668 -0.0218265 0.013669 -4.29105 0.022016 0.999661 -0.0138765 -2.44262 -0.0133615 0.0141729 0.99981 87.8063
0.999599 -0.0247816 0.0137145 -4.273 0.0249687 0.999595 -0.0136431 -2.47721 -0.0133709 0.01398 0.999813 88.9467
0.999594 -0.0256322 0.0124444 -4.26154 0.0257874 0.99959 -0.0124751 -2.50898 -0.0121196 0.0127909 0.999845 90.0935
0.999592 -0.0265001 0.0106557 -4.25013 0.0266325 0.999567 -0.0124725 -2.53954 -0.0103205 0.0127512 0.999865 91.2503
0.999611 -0.0266798 0.00818096 -4.24335 0.0267876 0.999552 -0.0133553 -2.5741 -0.00782097 0.0135693 0.999877 92.4133
0.999631 -0.0265456 0.00572884 -4.25934 0.0266281 0.999535 -0.0148385 -2.59947 -0.00533228 0.0149855 0.999873 93.5716
0.999619 -0.0275477 0.00189502 -4.26681 0.0275733 0.999505 -0.0151623 -2.63952 -0.00147639 0.0152088 0.999883 94.7345
0.999584 -0.0287319 -0.00246597 -4.26939 0.0286907 0.99947 -0.0153828 -2.67227 0.00290664 0.0153057 0.999879 95.9059
0.999529 -0.0299894 -0.00647611 -4.28532 0.0298888 0.999439 -0.0151069 -2.7071 0.00692552 0.0149062 0.999865 97.0733
0.999526 -0.0289656 -0.0104269 -4.30869 0.0288133 0.99948 -0.0144696 -2.73966 0.0108406 0.0141623 0.999841 98.2498
0.99948 -0.0288507 -0.0143835 -4.33008 0.0286442 0.999486 -0.0143652 -2.77375 0.0147906 0.0139457 0.999793 99.4466
0.999436 -0.0282335 -0.0181902 -4.35041 0.0279913 0.999518 -0.0134333 -2.80671 0.0185607 0.0129165 0.999744 100.647
0.999431 -0.0265017 -0.0208715 -4.38711 0.0262531 0.999582 -0.0120967 -2.84216 0.0211834 0.0115419 0.999709 101.843
0.999411 -0.0257245 -0.0227188 -4.42334 0.0254696 0.99961 -0.0114375 -2.87623 0.0230041 0.0108522 0.999676 103.031
0.999404 -0.0243845 -0.024427 -4.46289 0.0240893 0.999634 -0.0123074 -2.90881 0.0247182 0.0117116 0.999626 104.222
0.999347 -0.0249495 -0.0261276 -4.49927 0.0246081 0.999609 -0.0133063 -2.94249 0.0264493 0.0126546 0.99957 105.417
0.999293 -0.0257022 -0.0274353 -4.53495 0.0253481 0.999592 -0.0131761 -2.97485 0.0277627 0.0124713 0.999537 106.607
0.999259 -0.0259953 -0.0283679 -4.57658 0.0256593 0.999597 -0.0121478 -3.01892 0.0286722 0.0114109 0.999524 107.791
0.999225 -0.0263567 -0.0292347 -4.61625 0.026053 0.999603 -0.0107207 -3.0574 0.0295057 0.00995079 0.999515 108.973
0.999207 -0.0266731 -0.029566 -4.65823 0.0263742 0.999597 -0.010457 -3.08333 0.029833 0.0096689 0.999508 110.156
0.999245 -0.0250977 -0.0296413 -4.70122 0.0248214 0.999645 -0.00965165 -3.11245 0.029873 0.00890863 0.999514 111.336
0.999284 -0.0235887 -0.0295855 -4.74092 0.023351 0.999692 -0.00835676 -3.14337 0.0297735 0.00765992 0.999527 112.515
0.999292 -0.0230047 -0.0297815 -4.7796 0.0227576 0.999704 -0.00860786 -3.17572 0.0299707 0.00792401 0.999519 113.679
0.999263 -0.0240161 -0.0299432 -4.82101 0.023706 0.999662 -0.0106702 -3.20406 0.0301893 0.00995254 0.999495 114.84
0.999241 -0.0252445 -0.0296609 -4.86716 0.0249217 0.999627 -0.0112046 -3.24183 0.0299327 0.0104569 0.999497 116.002
0.999165 -0.0280987 -0.0296554 -4.90041 0.0277803 0.999552 -0.0110959 -3.27765 0.0299539 0.0102628 0.999499 117.169
0.999128 -0.0297226 -0.0293245 -4.94333 0.0294565 0.999521 -0.00946559 -3.31236 0.0295918 0.00859354 0.999525 118.311
0.999107 -0.0303326 -0.0294029 -4.98081 0.0301076 0.999514 -0.00806652 -3.34117 0.0296333 0.00717407 0.999535 119.459
0.999048 -0.0321149 -0.0295177 -5.01471 0.0319088 0.999463 -0.00742725 -3.37141 0.0297404 0.00647831 0.999537 120.602
0.999029 -0.0325653 -0.0296696 -5.05056 0.0323955 0.999456 -0.00618443 -3.39875 0.0298549 0.00521726 0.999541 121.73
0.998991 -0.0335413 -0.0298683 -5.08678 0.0333828 0.999426 -0.00578708 -3.42956 0.0300453 0.00478415 0.999537 122.855
0.998913 -0.0349577 -0.030819 -5.11955 0.0348087 0.99938 -0.00535814 -3.46391 0.0309872 0.00427955 0.999511 123.973
0.998874 -0.0352709 -0.0317332 -5.16414 0.0351237 0.99937 -0.00518424 -3.49025 0.0318961 0.00406381 0.999483 125.076
0.998803 -0.0359101 -0.033199 -5.20448 0.0357665 0.999348 -0.00490774 -3.51437 0.0333536 0.00371446 0.999437 126.165
0.998752 -0.0355962 -0.0350319 -5.24554 0.0354559 0.999361 -0.00461911 -3.54221 0.035174 0.00337126 0.999376 127.22
0.998687 -0.0357641 -0.0366641 -5.29083 0.0355961 0.999353 -0.00522481 -3.57054 0.0368272 0.00391286 0.999314 128.273
0.998589 -0.0366132 -0.0384511 -5.33197 0.0364209 0.99932 -0.00568967 -3.59718 0.0386333 0.00428122 0.999244 129.304
0.998509 -0.0365669 -0.0405323 -5.37822 0.036385 0.999324 -0.00521606 -3.62011 0.0406957 0.00373351 0.999165 130.319
0.998462 -0.0357737 -0.0423602 -5.42335 0.0355836 0.999353 -0.0052346 -3.64781 0.04252 0.00371922 0.999089 131.322
0.998384 -0.035342 -0.0445018 -5.46859 0.035155 0.999369 -0.00497897 -3.67311 0.0446497 0.00340646 0.998997 132.297
0.99832 -0.0343726 -0.0466485 -5.51762 0.0341616 0.999402 -0.00531274 -3.69718 0.0468033 0.00371023 0.998897 133.247
0.9983 -0.0325924 -0.0483261 -5.57153 0.0323733 0.999462 -0.00530921 -3.72057 0.0484732 0.0037357 0.998817 134.19
0.998264 -0.031984 -0.0494653 -5.62769 0.0317256 0.999479 -0.00599956 -3.74728 0.0496314 0.00441982 0.998758 135.116
0.998251 -0.0303244 -0.0507434 -5.67716 0.0299766 0.999522 -0.00760075 -3.77606 0.0509496 0.00606634 0.998683 136.026
0.998259 -0.0290833 -0.0513172 -5.72654 0.0286939 0.999554 -0.00830854 -3.80129 0.0515359 0.00682158 0.998648 136.916
0.998259 -0.0288666 -0.0514449 -5.77777 0.0284952 0.999562 -0.00793836 -3.82499 0.0516515 0.0064586 0.998644 137.787
0.998275 -0.0282546 -0.051464 -5.82852 0.0279769 0.99959 -0.00610807 -3.84791 0.0516155 0.00465773 0.998656 138.645
0.998345 -0.0267925 -0.0508771 -5.87616 0.0265994 0.999636 -0.00446928 -3.86844 0.0509783 0.00310859 0.998695 139.481
0.998497 -0.0248017 -0.0488665 -5.92157 0.0246814 0.999691 -0.00306443 -3.88831 0.0489274 0.00185374 0.998801 140.29
0.998689 -0.023338 -0.0455512 -5.9647 0.0233405 0.999727 -0.000477573 -3.90993 0.0455499 -0.000586241 0.998962 141.063
0.998889 -0.0219501 -0.0416917 -6.00307 0.0220492 0.999755 0.00191823 -3.93038 0.0416394 -0.00283537 0.999129 141.81
0.999115 -0.0199849 -0.0370164 -6.03044 0.020127 0.999791 0.00346905 -3.95464 0.0369394 -0.00421101 0.999309 142.528
0.999346 -0.0183389 -0.0311593 -6.05706 0.0184509 0.999824 0.00330916 -3.97263 0.0310932 -0.00388191 0.999509 143.203
0.999554 -0.0175229 -0.0241943 -6.07528 0.0175793 0.999843 0.00211898 -3.98716 0.0241533 -0.00254335 0.999705 143.846
0.999695 -0.0186118 -0.0162273 -6.08493 0.0186407 0.999825 0.00163111 -3.99793 0.0161941 -0.0019331 0.999867 144.458
0.999795 -0.0188096 -0.00752284 -6.08678 0.018812 0.999823 0.000246712 -4.00918 0.00751687 -0.000388182 0.999972 145.033
0.999819 -0.0189219 0.00220089 -6.08271 0.0189229 0.999821 -0.000462667 -4.02349 -0.00219174 0.000504231 0.999997 145.578
0.999732 -0.0192073 0.0129013 -6.07492 0.0192021 0.999815 0.000529701 -4.0346 -0.0129091 -0.000281827 0.999917 146.095
0.999563 -0.0181256 0.0233681 -6.05911 0.0181041 0.999835 0.00113379 -4.04211 -0.0233848 -0.000710239 0.999726 146.58
0.999219 -0.0177045 0.0353163 -6.03848 0.017687 0.999843 0.000808591 -4.04946 -0.0353251 -0.00018332 0.999376 147.034
0.998735 -0.0153117 0.047892 -6.01682 0.0153134 0.999883 0.000329903 -4.06057 -0.0478914 0.000403906 0.998852 147.464
0.99786 -0.0174532 0.0630145 -5.97757 0.0173476 0.999847 0.00222282 -4.07164 -0.0630436 -0.00112492 0.99801 147.885
0.996607 -0.0185691 0.0801877 -5.93358 0.0182622 0.999823 0.00455939 -4.0792 -0.0802582 -0.00307951 0.996769 148.285
0.994818 -0.0191383 0.099859 -5.87805 0.0186741 0.99981 0.00558133 -4.08715 -0.0999469 -0.00368763 0.994986 148.68
0.992232 -0.0173265 0.123187 -5.81951 0.0169467 0.999848 0.00413101 -4.09334 -0.123239 -0.00201132 0.992375 149.072
0.988562 -0.0104498 0.150451 -5.76698 0.0101241 0.999944 0.0029309 -4.10348 -0.150473 -0.0013742 0.988613 149.456
0.983901 -0.00463989 0.178655 -5.69481 0.00506159 0.999985 -0.00190464 -4.12051 -0.178644 0.00277826 0.98391 149.826
0.977983 -0.00139723 0.208678 -5.60042 0.00431184 0.999899 -0.0135128 -4.1336 -0.208638 0.0141151 0.977891 150.184
0.970419 -0.00373984 0.241396 -5.49381 0.0105228 0.999585 -0.0268158 -4.164 -0.241196 0.0285627 0.970056 150.502
0.961251 -0.00252131 0.275662 -5.37495 0.014608 0.999019 -0.0418016 -4.15881 -0.275286 0.0442087 0.960345 150.831
0.950462 -0.00184618 0.310834 -5.24056 0.0182544 0.998588 -0.0498869 -4.16169 -0.310303 0.0530897 0.949154 151.154
0.937334 0.00147483 0.34843 -5.09563 0.0177508 0.99849 -0.0519789 -4.15826 -0.34798 0.0549064 0.935893 151.474
0.921329 0.00653469 0.38873 -4.94515 0.0148448 0.998538 -0.0519696 -4.16762 -0.388501 0.0536517 0.919885 151.794
0.90309 0.00847137 0.429367 -4.78391 0.0159345 0.998456 -0.0532146 -4.17703 -0.429155 0.0548993 0.901561 152.081
0.882244 0.00116533 0.470791 -4.59429 0.0247515 0.998499 -0.0488549 -4.20028 -0.470142 0.0547548 0.880891 152.359
0.857621 -0.00983322 0.514189 -4.37361 0.0346428 0.998651 -0.0386832 -4.22665 -0.513115 0.0509884 0.856804 152.631
0.82925 -0.0174791 0.558605 -4.15213 0.0398109 0.998819 -0.0278456 -4.25073 -0.557458 0.0453296 0.828967 152.892
0.795822 -0.0188128 0.605238 -3.91683 0.0385857 0.999061 -0.0196819 -4.27191 -0.6043 0.0390168 0.795801 153.142
0.755906 -0.0164789 0.654472 -3.66734 0.0342628 0.999309 -0.0144115 -4.27814 -0.653783 0.0333178 0.755949 153.373
0.709628 -0.0191081 0.704318 -3.39353 0.0324197 0.999459 -0.00554878 -4.28686 -0.70383 0.0267713 0.709863 153.587
0.657932 -0.0269286 0.752596 -3.09438 0.0324913 0.999445 0.00735671 -4.28579 -0.752376 0.0196126 0.658442 153.779
0.60121 -0.038442 0.798166 -2.77988 0.0348346 0.999153 0.0218833 -4.28864 -0.798331 0.0146473 0.60204 153.945
0.541742 -0.0485008 0.839144 -2.45988 0.0378309 0.998729 0.0333012 -4.28719 -0.839693 0.0137048 0.542889 154.075
0.478804 -0.0527909 0.876333 -2.1212 0.0369029 0.998518 0.0399887 -4.27842 -0.877146 0.0131925 0.480043 154.191
0.411929 -0.056606 0.909456 -1.78271 0.0338808 0.99833 0.0467917 -4.27091 -0.910586 0.0115382 0.413159 154.287
0.343685 -0.0606133 0.937127 -1.42867 0.0292911 0.998121 0.0538161 -4.25852 -0.938628 0.00895365 0.344815 154.357
0.274185 -0.0653281 0.959456 -1.06637 0.0276147 0.997813 0.0600483 -4.24218 -0.96128 0.0100308 0.275389 154.406
0.206254 -0.0668182 0.976215 -0.705143 0.0217203 0.997733 0.063702 -4.2252 -0.978257 0.00806487 0.207237 154.431
0.141994 -0.066599 0.987625 -0.333992 0.0175092 0.997747 0.0647642 -4.20311 -0.989713 0.00809643 0.14284 154.439
0.0826045 -0.0650233 0.994459 0.0392022 0.0124384 0.997859 0.0642124 -4.17978 -0.996505 0.00706523 0.0832364 154.427
0.0257122 -0.0656232 0.997513 0.416541 0.0110518 0.997801 0.0653572 -4.16022 -0.999608 0.00934385 0.0263809 154.393
-0.0275609 -0.0683068 0.997284 0.807357 0.0117022 0.997572 0.06865 -4.1398 -0.999552 0.0135624 -0.0266946 154.331
-0.0756601 -0.0738684 0.994394 1.20971 0.0130819 0.997093 0.0750643 -4.1142 -0.997048 0.0186879 -0.0744738 154.254
-0.117961 -0.0818634 0.989638 1.62968 0.00886853 0.99647 0.0834856 -4.08295 -0.992979 0.0186246 -0.116818 154.169
-0.156714 -0.0899244 0.983542 2.06077 0.00305761 0.995797 0.0915321 -4.05045 -0.987639 0.0173516 -0.15578 154.076
-0.190556 -0.0974541 0.976827 2.49616 -0.00588594 0.995156 0.0981345 -4.01981 -0.981659 0.0129506 -0.190207 153.974
-0.220121 -0.0959805 0.970739 2.93907 -0.00798653 0.995292 0.0965971 -3.99426 -0.97544 0.0135102 -0.219851 153.85
-0.245549 -0.0872789 0.965447 3.38196 -0.00694013 0.996071 0.0882823 -3.974 -0.969359 0.0149773 -0.24519 153.709
-0.267295 -0.0733113 0.960822 3.82854 -0.00132506 0.997129 0.0757129 -3.94451 -0.963614 0.0189645 -0.266625 153.557
-0.284391 -0.0592774 0.956874 4.2869 -0.00121801 0.998108 0.0614698 -3.90468 -0.958708 0.016316 -0.283925 153.402
-0.299204 -0.0482064 0.952971 4.76228 -0.00298181 0.998765 0.0495868 -3.86809 -0.954184 0.011995 -0.298979 153.255
-0.310982 -0.0422416 0.949477 5.2605 -0.00865926 0.999096 0.041613 -3.82257 -0.950376 0.00471912 -0.311067 153.098
-0.320531 -0.0448406 0.946176 5.77606 -0.00999143 0.998983 0.0439585 -3.79949 -0.947185 0.00463639 -0.320653 152.918
-0.329277 -0.0510147 0.942854 6.30326 -0.00678918 0.998642 0.0516622 -3.78898 -0.944209 0.01061 -0.329176 152.728
-0.336922 -0.0540757 0.939978 6.83495 -0.00364449 0.998417 0.0561313 -3.77524 -0.941526 0.0154861 -0.336585 152.525
-0.343199 -0.052476 0.937796 7.37223 -0.00107464 0.998459 0.0554773 -3.75239 -0.939262 0.018032 -0.342727 152.323
-0.348144 -0.0487101 0.936175 7.91458 -0.0016447 0.998679 0.0513507 -3.72292 -0.937439 0.0163377 -0.347765 152.126
-0.352264 -0.0466994 0.934735 8.47686 -0.00246918 0.998797 0.0489694 -3.70094 -0.935897 0.0149421 -0.351956 151.919
-0.355148 -0.0466065 0.933648 9.05198 -0.0035801 0.998817 0.0484978 -3.67748 -0.934803 0.0138813 -0.354894 151.7
-0.357351 -0.0460183 0.932836 9.63098 -0.00125831 0.998808 0.0487908 -3.65564 -0.933969 0.0162616 -0.356983 151.478
-0.358412 -0.0451086 0.932473 10.2241 0.00167749 0.998799 0.0489619 -3.63293 -0.933562 0.0191128 -0.357906 151.243
-0.358714 -0.0452744 0.932349 10.818 0.00182781 0.998787 0.0492039 -3.61135 -0.933446 0.0193543 -0.358196 151.019
-0.358286 -0.0459571 0.93248 11.4241 0.00095877 0.998769 0.0495925 -3.59157 -0.933611 0.0186623 -0.357801 150.791
-0.357594 -0.046541 0.932717 12.0336 0.000812598 0.998742 0.0501471 -3.56928 -0.933877 0.0186902 -0.357106 150.565
-0.356562 -0.0464666 0.933115 12.6407 0.00111714 0.99874 0.0501614 -3.54415 -0.934271 0.0189281 -0.356061 150.34
-0.355403 -0.0466356 0.933549 13.2481 0.00181324 0.998718 0.0505814 -3.5264 -0.934711 0.0196696 -0.354863 150.109
-0.353921 -0.0470138 0.934093 13.8551 0.0021395 0.998692 0.0510758 -3.50546 -0.935273 0.0200753 -0.353358 149.886
-0.352378 -0.0479009 0.934631 14.4586 0.00217768 0.998645 0.0520027 -3.47757 -0.935855 0.0203599 -0.351796 149.667
-0.350954 -0.0508199 0.935013 15.0508 0.00177699 0.998488 0.0549369 -3.45525 -0.936391 0.0209418 -0.350333 149.451
-0.3496 -0.0529372 0.935402 15.6248 0.00292906 0.998336 0.0575935 -3.43342 -0.936895 0.0228745 -0.348863 149.24
-0.347176 -0.0535099 0.936272 16.1771 0.00461363 0.998261 0.0587635 -3.41407 -0.937789 0.0247209 -0.346325 149.035
-0.344433 -0.0531593 0.937305 16.7085 0.00446263 0.998292 0.0582581 -3.3877 -0.9388 0.0242488 -0.343607 148.844
-0.341983 -0.0530043 0.93821 17.2158 0.00433653 0.998308 0.0579802 -3.37174 -0.939696 0.0238968 -0.341175 148.666
-0.339609 -0.0520873 0.939123 17.7055 0.00326355 0.998394 0.0565549 -3.35664 -0.940561 0.0222714 -0.338894 148.494
-0.3374 -0.0498231 0.940042 18.1851 0.0035168 0.998525 0.054185 -3.33656 -0.941355 0.021588 -0.336728 148.328
-0.335343 -0.0489669 0.940823 18.6599 0.00517535 0.998537 0.0538154 -3.32432 -0.942082 0.0229157 -0.334599 148.167
-0.332612 -0.0505296 0.941709 19.1169 0.00702544 0.998403 0.056053 -3.30871 -0.943037 0.0252598 -0.331726 148.008
-0.329923 -0.0524264 0.942551 19.55 0.00716021 0.998289 0.058033 -3.28861 -0.943981 0.0258953 -0.328983 147.864
-0.327003 -0.0535966 0.943502 19.9668 0.00697982 0.998226 0.0591244 -3.27298 -0.944997 0.0259193 -0.326049 147.726
-0.322939 -0.0535891 0.944902 20.3531 0.00757321 0.998217 0.0592011 -3.26 -0.94639 0.0262743 -0.321957 147.599
-0.317845 -0.0533729 0.946639 20.7096 0.00730472 0.998247 0.0587353 -3.24774 -0.948114 0.0255837 -0.316898 147.487
-0.313 -0.0528794 0.94828 21.0384 0.00703368 0.998292 0.0579899 -3.23564 -0.949727 0.0248207 -0.312094 147.385
-0.30955 -0.053693 0.949366 21.3436 0.00594619 0.998276 0.058398 -3.22624 -0.950865 0.0237222 -0.308697 147.292
-0.307115 -0.0537378 0.950154 21.6262 0.00648181 0.998263 0.0585538 -3.21555 -0.95165 0.0241415 -0.306233 147.204
-0.305012 -0.0530498 0.95087 21.8776 0.00775472 0.998276 0.0581821 -3.20705 -0.952317 0.02512 -0.304075 147.125
-0.303221 -0.0521827 0.95149 22.1135 0.00847201 0.998312 0.0574504 -3.20179 -0.952883 0.0254812 -0.302267 147.052
-0.301803 -0.0516635 0.951969 22.3319 0.00747155 0.998372 0.0565504 -3.19236 -0.953341 0.0241798 -0.300926 146.989
-0.301549 -0.0500461 0.952136 22.5462 0.00452465 0.998535 0.0539179 -3.18353 -0.95344 0.020567 -0.300881 146.929
-0.303657 -0.0480897 0.951567 22.7542 0.00339777 0.998664 0.0515541 -3.1808 -0.952776 0.0188879 -0.303088 146.865
-0.307127 -0.0470241 0.950506 22.9634 0.00408446 0.998704 0.0507284 -3.17763 -0.95166 0.0194624 -0.306537 146.797
-0.310592 -0.046844 0.949388 23.1665 0.00607486 0.998667 0.0512628 -3.16997 -0.950524 0.0216892 -0.309894 146.733
-0.313743 -0.0460655 0.94839 23.372 0.00927096 0.998626 0.0515726 -3.1619 -0.949463 0.024973 -0.312885 146.661
-0.314934 -0.0460164 0.947997 23.5763 0.0111625 0.998575 0.0521797 -3.15946 -0.949048 0.0270152 -0.313972 146.584
-0.314586 -0.0457469 0.948126 23.78 0.0114352 0.998583 0.0519756 -3.1477 -0.94916 0.0271928 -0.313617 146.519
-0.312145 -0.046155 0.948913 23.9834 0.0105137 0.99859 0.0520298 -3.14371 -0.949976 0.0262174 -0.311219 146.454
-0.308718 -0.0454874 0.950065 24.186 0.00977002 0.998651 0.0509884 -3.13902 -0.951103 0.0250232 -0.307858 146.396
-0.303914 -0.0423545 0.951758 24.3975 0.00906323 0.998838 0.0473437 -3.1257 -0.952656 0.0230144 -0.303177 146.332
-0.298195 -0.0366394 0.953801 24.6223 0.0095811 0.999098 0.0413748 -3.11405 -0.954457 0.0214762 -0.297575 146.27
-0.291041 -0.0320462 0.956174 24.8767 0.0110906 0.999259 0.036866 -3.10574 -0.956646 0.0213341 -0.29047 146.198
-0.282021 -0.0302111 0.958932 25.1531 0.0120993 0.999313 0.0350417 -3.0949 -0.959332 0.021485 -0.281462 146.126
-0.272018 -0.0308983 0.961796 25.4657 0.0125087 0.999286 0.0356404 -3.08545 -0.962211 0.0217256 -0.271437 146.051
-0.261373 -0.0320191 0.964707 25.8132 0.0113196 0.999279 0.0362334 -3.07325 -0.965171 0.0203905 -0.260822 145.97
-0.250614 -0.0328593 0.967529 26.1843 0.0110949 0.999261 0.0368108 -3.06117 -0.968023 0.01996 -0.250065 145.891
-0.239751 -0.0334147 0.970259 26.5833 0.0113429 0.999243 0.0372157 -3.04701 -0.970768 0.019928 -0.239191 145.802
-0.229363 -0.0337453 0.972756 27.0045 0.0112716 0.99924 0.0373217 -3.03253 -0.973276 0.0195248 -0.228809 145.71
-0.220179 -0.034567 0.974847 27.4537 0.010438 0.999231 0.0377892 -3.01569 -0.975404 0.0184958 -0.219648 145.62
-0.212821 -0.0354366 0.976448 27.9324 0.0103225 0.999205 0.0385123 -2.99367 -0.977037 0.0182756 -0.212286 145.525
-0.207767 -0.0359112 0.977519 28.4354 0.00958605 0.999203 0.0387453 -2.97267 -0.978131 0.0174205 -0.207257 145.432
-0.204454 -0.0368392 0.978183 28.9704 0.00807593 0.999194 0.0393185 -2.9495 -0.978843 0.0159386 -0.203992 145.33
-0.203259 -0.0378988 0.978391 29.529 0.00616807 0.999181 0.0399855 -2.93427 -0.979106 0.0141622 -0.202858 145.221
-0.203585 -0.0397026 0.978252 30.1094 0.00655413 0.9991 0.0419127 -2.91926 -0.979035 0.0149444 -0.203142 145.107
-0.205004 -0.0415126 0.97788 30.703 0.00660161 0.999019 0.0437939 -2.89343 -0.978739 0.0154335 -0.204529 144.993
-0.207397 -0.0412891 0.977385 31.3186 0.00691212 0.999022 0.0436699 -2.87264 -0.978232 0.0158128 -0.206909 144.87
-0.209661 -0.039537 0.976974 31.9564 0.00654777 0.999103 0.0418377 -2.84399 -0.977752 0.0151687 -0.209214 144.736
-0.211465 -0.0382347 0.976637 32.6077 0.00739334 0.999143 0.0407166 -2.82306 -0.977358 0.0158308 -0.211001 144.596
-0.213634 -0.0379508 0.976176 33.2828 0.00754972 0.999151 0.0404962 -2.79923 -0.976885 0.0160212 -0.213166 144.45
-0.21603 -0.0375746 0.975664 33.9745 0.00773976 0.999162 0.0401933 -2.77422 -0.976356 0.0162344 -0.215558 144.302
-0.21766 -0.0383691 0.97527 34.6816 0.00800116 0.999123 0.0410933 -2.74931 -0.975992 0.0167476 -0.217162 144.148
-0.219314 -0.038699 0.974887 35.4125 0.00773355 0.999113 0.0414004 -2.7217 -0.975624 0.016619 -0.21882 143.989
-0.220945 -0.0378961 0.97455 36.1573 0.00830391 0.999135 0.0407347 -2.70329 -0.975251 0.0170927 -0.220439 143.825
-0.222499 -0.0372976 0.974219 36.9198 0.00834174 0.999159 0.0401575 -2.6788 -0.974897 0.0170617 -0.222001 143.658
-0.22372 -0.0366184 0.973965 37.702 0.00824659 0.999187 0.0394609 -2.64822 -0.974619 0.0168601 -0.223236 143.484
-0.224573 -0.0382402 0.973707 38.5087 0.00919467 0.999102 0.0413581 -2.62389 -0.974414 0.0182408 -0.22402 143.301
-0.225625 -0.0409631 0.973353 39.3311 0.0101796 0.998962 0.0444005 -2.59091 -0.974161 0.0199262 -0.224974 143.119
-0.226602 -0.0456461 0.972917 40.1784 0.0094181 0.998752 0.0490517 -2.56109 -0.973942 0.0202782 -0.225889 142.92
-0.227481 -0.0472304 0.972637 41.0314 0.0110686 0.998633 0.0510815 -2.53301 -0.97372 0.0223858 -0.226647 142.723
-0.227537 -0.0475637 0.972607 41.9114 0.012703 0.998576 0.0518055 -2.49737 -0.973686 0.0241427 -0.226609 142.518
-0.227167 -0.0447984 0.972825 42.7976 0.012585 0.998723 0.0489298 -2.45873 -0.973774 0.0233582 -0.226313 142.318
-0.226283 -0.0437921 0.973077 43.7011 0.0133005 0.998757 0.0480408 -2.41562 -0.973971 0.0238132 -0.225419 142.115
-0.225164 -0.0426542 0.973387 44.6254 0.0142413 0.99879 0.0470617 -2.37743 -0.974217 0.0244589 -0.224284 141.911
-0.224039 -0.0452055 0.973531 45.5679 0.01286 0.9987 0.0493337 -2.3396 -0.974495 0.0235723 -0.223166 141.708
-0.22251 -0.0448725 0.973897 46.5295 0.0129653 0.998716 0.0489782 -2.29868 -0.974844 0.023525 -0.221642 141.501
-0.219818 -0.0438172 0.974556 47.5067 0.0129164 0.998772 0.0478194 -2.26098 -0.975455 0.0230993 -0.218982 141.29
-0.216354 -0.0424679 0.975391 48.4989 0.0144209 0.998806 0.0466861 -2.22113 -0.976208 0.0241667 -0.215483 141.071
-0.212446 -0.0435204 0.976203 49.4908 0.0159736 0.99872 0.0480005 -2.18744 -0.977042 0.0257911 -0.211479 140.859
-0.208375 -0.0448596 0.97702 50.5015 0.0161641 0.998653 0.0493003 -2.15334 -0.977915 0.0260656 -0.207369 140.648
-0.203948 -0.045134 0.977941 51.5232 0.0153327 0.998667 0.0492881 -2.12262 -0.978862 0.0250467 -0.202984 140.441
-0.199918 -0.0436631 0.978839 52.5531 0.014904 0.998755 0.0475955 -2.08335 -0.979699 0.0241039 -0.199019 140.24
-0.195441 -0.0433343 0.979758 53.5785 0.0147925 0.998779 0.0471264 -2.04957 -0.980604 0.0237035 -0.194561 140.046
-0.191638 -0.0445165 0.980456 54.6305 0.0137633 0.998751 0.0480374 -2.00624 -0.981369 0.0227001 -0.190786 139.856
-0.187933 -0.0466396 0.981074 55.692 0.0126379 0.998674 0.0498973 -1.96725 -0.982101 0.0217761 -0.187095 139.661
-0.184562 -0.047928 0.981652 56.7557 0.012226 0.998621 0.0510552 -1.92036 -0.982745 0.0214245 -0.183721 139.468
-0.18072 -0.0485862 0.982334 57.8261 0.011998 0.998596 0.0515978 -1.87878 -0.983461 0.0211108 -0.179884 139.279
-0.176789 -0.0494287 0.983007 58.9149 0.0125412 0.998544 0.0524654 -1.83562 -0.984169 0.0216034 -0.175912 139.092
-0.173051 -0.049024 0.983692 60.0184 0.0136381 0.998545 0.0521634 -1.78866 -0.984818 0.0224426 -0.172131 138.911
-0.169069 -0.0483892 0.984416 61.1228 0.0148604 0.998555 0.0516364 -1.74255 -0.985492 0.0233589 -0.168106 138.728
-0.165304 -0.0494153 0.985004 62.2219 0.0144359 0.998516 0.0525159 -1.69176 -0.986137 0.0229006 -0.164346 138.56
-0.161509 -0.0512506 0.985539 63.3195 0.0143986 0.998422 0.0542802 -1.65291 -0.986766 0.0229572 -0.160517 138.398
-0.157449 -0.0522268 0.986145 64.426 0.0133751 0.998396 0.0550111 -1.60882 -0.987437 0.0218512 -0.156498 138.23
-0.153625 -0.0512933 0.986797 65.5268 0.013259 0.998455 0.0539634 -1.56861 -0.98804 0.021374 -0.152707 138.068
-0.149591 -0.0499528 0.987485 66.6227 0.0128916 0.99854 0.0524649 -1.51984 -0.988664 0.0205785 -0.148728 137.91
-0.14519 -0.0486072 0.988209 67.7188 0.0135415 0.998601 0.0511079 -1.4807 -0.989311 0.0208022 -0.144329 137.755
-0.140595 -0.048018 0.988902 68.8254 0.0146468 0.998613 0.0505719 -1.44373 -0.989959 0.0215944 -0.139697 137.603
-0.135796 -0.0486773 0.98954 69.9211 0.0160021 0.998554 0.0513167 -1.40562 -0.990608 0.0228033 -0.13482 137.461
-0.129945 -0.0513857 0.990189 71.0128 0.0174416 0.998383 0.0540999 -1.37235 -0.991368 0.0243005 -0.128839 137.323
-0.123803 -0.0530654 0.990887 72.1132 0.0191139 0.998256 0.0558482 -1.33061 -0.992123 0.0258539 -0.122573 137.195
-0.117138 -0.0535025 0.991673 73.2067 0.0207817 0.998197 0.0563093 -1.29042 -0.992898 0.0272047 -0.115815 137.068
-0.110336 -0.0532958 0.992464 74.2984 0.0209905 0.998214 0.0559381 -1.25565 -0.993673 0.0270043 -0.10902 136.952
-0.103946 -0.0523867 0.993202 75.3762 0.0205675 0.998285 0.0548073 -1.22047 -0.99437 0.0261246 -0.10269 136.851
-0.0977428 -0.0524282 0.99383 76.4584 0.0196071 0.998316 0.0545932 -1.18072 -0.995019 0.0248222 -0.0965503 136.755
-0.0919857 -0.0535706 0.994318 77.5366 0.0178835 0.998302 0.0554397 -1.14307 -0.9956 0.0228816 -0.0908715 136.664
-0.0868291 -0.0550271 0.994702 78.6193 0.0163875 0.998259 0.0566543 -1.10335 -0.996088 0.02122 -0.0857762 136.581
-0.0821054 -0.0540511 0.995157 79.6865 0.0148462 0.998351 0.0554495 -1.06434 -0.996513 0.019327 -0.0811676 136.506
-0.0775756 -0.0539733 0.995524 80.7524 0.0165079 0.998327 0.0554116 -1.02645 -0.99685 0.0207326 -0.0765549 136.427
-0.0732716 -0.0533991 0.995881 81.8241 0.0178466 0.998335 0.0548438 -0.984586 -0.997152 0.0217916 -0.0721966 136.352
-0.0698545 -0.053231 0.996136 82.8883 0.0199881 0.9983 0.0547484 -0.939717 -0.997357 0.0237353 -0.0686718 136.286
-0.0669867 -0.0525398 0.99637 83.9506 0.0216345 0.998301 0.0540962 -0.905008 -0.997519 0.0251797 -0.0657363 136.224
-0.0644055 -0.0540792 0.996457 84.9991 0.0227979 0.99819 0.0556467 -0.873243 -0.997663 0.0263011 -0.063056 136.172
-0.0617602 -0.0548783 0.996581 86.0625 0.0235533 0.998129 0.0564232 -0.833264 -0.997813 0.0269575 -0.0603521 136.103
-0.0591411 -0.0555216 0.996704 87.1009 0.0237422 0.998091 0.0570076 -0.803166 -0.997967 0.0270355 -0.05771 136.046
-0.0571999 -0.0543085 0.996885 88.1293 0.0233067 0.998175 0.0557161 -0.76237 -0.998091 0.026421 -0.0558297 135.998
-0.0553608 -0.0533972 0.997038 89.1496 0.0237071 0.998217 0.0547767 -0.720965 -0.998185 0.0266693 -0.0539962 135.952
-0.0530274 -0.0537065 0.997148 90.1753 0.0229804 0.998223 0.0549865 -0.679356 -0.998329 0.0258307 -0.0516989 135.898
-0.0510634 -0.0550645 0.997176 91.1597 0.0241767 0.998118 0.0563546 -0.644154 -0.998403 0.0269861 -0.049636 135.852
-0.0489792 -0.0570073 0.997172 92.1278 0.0251174 0.997984 0.0582875 -0.615509 -0.998484 0.0279012 -0.0474486 135.808
-0.0472195 -0.0577696 0.997213 93.0808 0.02527 0.997938 0.0590082 -0.57704 -0.998565 0.0279859 -0.0456623 135.767
-0.0456314 -0.0587503 0.997229 94.0204 0.0268679 0.997836 0.0600154 -0.539753 -0.998597 0.029532 -0.0439541 135.724
-0.043704 -0.0598348 0.997251 94.9345 0.0262776 0.997791 0.0610188 -0.502576 -0.998699 0.0288721 -0.0420352 135.687
-0.0424325 -0.0609732 0.997237 95.8295 0.0256436 0.997741 0.0620951 -0.472517 -0.99877 0.0282076 -0.0407731 135.66
-0.0405478 -0.0605068 0.997344 96.7082 0.0255239 0.997776 0.0615708 -0.437084 -0.998852 0.0279527 -0.0389133 135.629
-0.0388692 -0.0590377 0.997499 97.5744 0.0255021 0.997869 0.0600534 -0.402439 -0.998919 0.0277725 -0.0372808 135.601
-0.0374514 -0.0577575 0.997628 98.4339 0.0243956 0.997978 0.0586935 -0.370863 -0.999001 0.0265359 -0.0359666 135.579
-0.0357711 -0.0570251 0.997732 99.2819 0.0237717 0.99804 0.057895 -0.335119 -0.999077 0.0257888 -0.0343454 135.554
-0.0341941 -0.0571099 0.997782 100.123 0.0231542 0.998053 0.0579189 -0.303717 -0.999147 0.0250833 -0.0328052 135.537
-0.0324933 -0.0582754 0.997772 100.951 0.0224823 0.998004 0.0590211 -0.2683 -0.999219 0.02435 -0.0311183 135.519
-0.0308405 -0.062901 0.997543 101.755 0.0253596 0.997647 0.0636917 -0.230912 -0.999203 0.0272616 -0.0291728 135.499
-0.0283076 -0.0661908 0.997405 102.546 0.0251528 0.997442 0.0669071 -0.192753 -0.999283 0.0269815 -0.0265703 135.482
-0.0259269 -0.0676256 0.997374 103.318 0.0252135 0.997348 0.0682793 -0.160055 -0.999346 0.0269175 -0.024153 135.467
-0.0233 -0.0665726 0.997509 104.065 0.0243872 0.997446 0.067138 -0.127163 -0.999431 0.0258908 -0.021617 135.46
-0.0206116 -0.0632771 0.997783 104.782 0.0265667 0.997608 0.0638148 -0.0900692 -0.999435 0.0278232 -0.0188812 135.445
-0.0177323 -0.0619512 0.997922 105.492 0.0273694 0.997674 0.0624222 -0.0588083 -0.999468 0.0284194 -0.0159954 135.427
-0.0156648 -0.0619985 0.997953 106.174 0.0267043 0.997694 0.0624016 -0.0301418 -0.999521 0.0276272 -0.013973 135.422
-0.0138049 -0.0627193 0.997936 106.82 0.0264976 0.997657 0.0630683 -0.0121631 -0.999554 0.0273136 -0.0121107 135.418
-0.0121438 -0.0625701 0.997967 107.437 0.0271286 0.997652 0.0628805 0.0133854 -0.999558 0.0278371 -0.0104178 135.421
-0.0108201 -0.0620844 0.998012 108.022 0.028319 0.997651 0.0623689 0.0376381 -0.99954 0.0289376 -0.00903653 135.423
-0.00954867 -0.061134 0.998084 108.579 0.027252 0.997743 0.0613738 0.0655402 -0.999583 0.0277858 -0.00786109 135.427
-0.00826995 -0.0615681 0.998069 109.109 0.0251693 0.997774 0.0617585 0.091922 -0.999649 0.0256314 -0.00670191 135.429
-0.00710395 -0.0612986 0.998094 109.607 0.02427 0.997815 0.0614542 0.115221 -0.99968 0.0246603 -0.0056007 135.433
-0.00560581 -0.0524419 0.998608 110.084 0.0252453 0.998298 0.0525673 0.122702 -0.999666 0.0255049 -0.00427236 135.429
-0.0051997 -0.0391455 0.99922 110.533 0.0284233 0.998824 0.0392779 0.12684 -0.999582 0.0286053 -0.00408095 135.434
-0.00412506 -0.0289326 0.999573 110.988 0.0307726 0.999104 0.0290461 0.12723 -0.999518 0.0308793 -0.00323103 135.428
-0.00384912 -0.0247181 0.999687 111.436 0.0316424 0.999191 0.0248277 0.122645 -0.999492 0.0317281 -0.00306387 135.446
-0.00303235 -0.0249596 0.999684 111.899 0.0288381 0.99927 0.0250367 0.132378 -0.999579 0.0289049 -0.00231035 135.448
-0.00201706 -0.0238797 0.999713 112.353 0.0273356 0.99934 0.023926 0.15751 -0.999624 0.027376 -0.00136296 135.45
-0.000719778 -0.0265484 0.999647 112.8 0.0257559 0.999315 0.0265581 0.175161 -0.999668 0.025766 -3.5506e-05 135.453
0.0003947 -0.033906 0.999425 113.245 0.0283722 0.999023 0.0338812 0.178996 -0.999597 0.0283425 0.0013563 135.455
0.00179779 -0.0403142 0.999185 113.681 0.0295314 0.998753 0.0402437 0.182027 -0.999562 0.029435 0.00298608 135.45
0.0025735 -0.0428154 0.99908 114.11 0.0316783 0.998585 0.0427126 0.185562 -0.999495 0.0315392 0.00392618 135.448
0.00369537 -0.042163 0.999104 114.524 0.0309847 0.998636 0.0420287 0.193597 -0.999513 0.0308017 0.00499674 135.453
0.00457485 -0.0386038 0.999244 114.938 0.0302408 0.998803 0.0384484 0.210902 -0.999532 0.0300421 0.00573678 135.461
0.00586143 -0.0349897 0.99937 115.367 0.0290268 0.998972 0.0348055 0.232144 -0.999561 0.0288045 0.00687104 135.472
0.00655343 -0.033574 0.999415 115.803 0.0295461 0.999006 0.0333666 0.247486 -0.999542 0.0293102 0.0075389 135.484
0.00787675 -0.0344548 0.999375 116.252 0.0309221 0.998937 0.034196 0.250454 -0.999491 0.0306334 0.00893379 135.482
0.00953923 -0.035706 0.999317 116.71 0.0281908 0.998975 0.0354247 0.261208 -0.999557 0.0278336 0.010536 135.489
0.0108274 -0.0359231 0.999296 117.179 0.02519 0.999047 0.0356413 0.265982 -0.999624 0.0247864 0.011722 135.513
0.0125693 -0.0347644 0.999316 117.66 0.0240582 0.999117 0.0344549 0.278423 -0.999632 0.0236087 0.0133945 135.524
0.0143179 -0.0349586 0.999286 118.16 0.0269829 0.999038 0.0345633 0.292761 -0.999533 0.0264687 0.0152474 135.524
0.016082 -0.0395898 0.999087 118.663 0.0321934 0.998718 0.039057 0.303821 -0.999352 0.0315359 0.0173359 135.531
