0.999999 -0.000185514 0.00112667 -0.000793908 0.000185667 1 -0.000135348 -0.00531537 -0.00112665 0.000135558 0.999999 0.477418
0.999997 0.00137462 0.00186526 -0.00459998 -0.00137062 0.999997 -0.00214604 -0.0157166 -0.0018682 0.00214348 0.999996 0.943179
0.999996 0.00239519 0.00127431 -0.00623938 -0.00238923 0.999986 -0.0046633 -0.0171645 -0.00128546 0.00466024 0.999988 1.41779
0.999998 0.00146298 -0.00117878 -0.00409561 -0.00146875 0.999987 -0.00491024 -0.0303587 0.00117158 0.00491196 0.999987 1.87925
0.999992 -0.00114389 -0.00395738 -0.0106387 0.00112378 0.999986 -0.00508183 -0.0424804 0.00396314 0.00507734 0.999979 2.3415
0.999952 -0.00490938 -0.00846765 -0.00659635 0.00488305 0.999983 -0.00312707 -0.0601744 0.00848286 0.00308557 0.999959 2.80119
0.999894 -0.00717169 -0.0127065 -0.0175132 0.00714434 0.999972 -0.00219673 -0.0717558 0.0127219 0.00210572 0.999917 3.25627
0.999844 -0.00549449 -0.0168144 -0.0299733 0.00546061 0.999983 -0.00206017 -0.078005 0.0168254 0.00196803 0.999857 3.70292
0.999771 -0.00394895 -0.0210401 -0.042198 0.00390531 0.99999 -0.00211514 -0.0836472 0.0210482 0.00203248 0.999776 4.14931
0.999667 -0.00333383 -0.0255855 -0.0541728 0.00326375 0.999991 -0.0027802 -0.0884516 0.0255945 0.00269577 0.999669 4.59372
0.999551 -0.00323003 -0.0297946 -0.0702092 0.0031712 0.999993 -0.00202154 -0.100928 0.0298009 0.00192615 0.999554 5.02686
0.999416 -0.00385919 -0.0339421 -0.0900058 0.00379439 0.999991 -0.00197321 -0.109604 0.0339494 0.00184327 0.999422 5.45113
0.999235 -0.00444429 -0.0388427 -0.112952 0.00430975 0.999984 -0.00354674 -0.113029 0.0388579 0.00337662 0.999239 5.86799
0.999049 -0.00519376 -0.043286 -0.132226 0.0050348 0.99998 -0.00378055 -0.121079 0.0433047 0.00355902 0.999056 6.27972
0.998883 -0.00471632 -0.047015 -0.158418 0.00455806 0.999984 -0.00347284 -0.128797 0.0470306 0.00325467 0.998888 6.68002
0.998711 -0.00365713 -0.0506319 -0.183851 0.00351903 0.99999 -0.00281639 -0.136397 0.0506417 0.00263458 0.998713 7.06664
0.998554 -0.00285563 -0.0536758 -0.209074 0.00275884 0.999994 -0.0018772 -0.146736 0.0536809 0.0017264 0.998557 7.4385
0.998428 -0.00211962 -0.0560029 -0.232357 0.00203776 0.999997 -0.00151883 -0.157828 0.056006 0.00140232 0.998429 7.79791
0.998309 -0.00160697 -0.058105 -0.257686 0.00150318 0.999997 -0.0018298 -0.167121 0.0581078 0.00173936 0.998309 8.13843
0.998239 -0.00113762 -0.059317 -0.284395 0.00101033 0.999997 -0.00217588 -0.176034 0.0593193 0.00211212 0.998237 8.46387
0.998156 -0.000697091 -0.0606996 -0.308616 0.000519641 0.999996 -0.00293916 -0.181926 0.0607013 0.0029022 0.998152 8.77671
0.998051 -0.000494203 -0.0623954 -0.331799 0.000268649 0.999993 -0.00362325 -0.19215 0.0623968 0.00359943 0.998045 9.08
0.997947 0.000572016 -0.0640406 -0.353785 -0.000905133 0.999986 -0.00517276 -0.198968 0.0640368 0.00522011 0.997934 9.36954
0.997867 0.00151959 -0.0652563 -0.373256 -0.00191832 0.99998 -0.00604795 -0.207408 0.0652458 0.00616024 0.99785 9.65267
0.997825 0.000407785 -0.0659208 -0.396719 -0.000864771 0.999976 -0.00690396 -0.216373 0.0659164 0.00694595 0.997801 9.92743
0.997753 -0.000896557 -0.0669956 -0.411146 0.000367239 0.999969 -0.00791267 -0.22262 0.0670006 0.00787029 0.997722 10.202
0.997684 -0.00198786 -0.0679959 -0.42711 0.00137852 0.999958 -0.00900717 -0.232129 0.068011 0.00889257 0.997645 10.469
0.997627 -0.00161107 -0.0688301 -0.44706 0.000850788 0.999938 -0.0110736 -0.236639 0.0688436 0.0109888 0.997567 10.735
0.99756 -0.000109994 -0.0698139 -0.470403 -0.000694577 0.999934 -0.0115001 -0.243255 0.0698105 0.0115206 0.997494 11.0009
0.997477 0.00239911 -0.0709492 -0.492077 -0.00308579 0.999949 -0.00957049 -0.248084 0.0709227 0.00976528 0.997434 11.2681
0.997447 0.00243682 -0.071365 -0.511209 -0.00287542 0.999978 -0.00604374 -0.25345 0.0713487 0.00623351 0.997432 11.5345
0.99743 0.00172539 -0.0716215 -0.529032 -0.00204608 0.999988 -0.00440445 -0.255621 0.0716131 0.00453968 0.997422 11.7998
0.9974 -0.000691389 -0.0720596 -0.542878 0.000256894 0.999982 -0.00603876 -0.26684 0.0720625 0.00600455 0.997382 12.0534
0.997398 -0.000401664 -0.0720907 -0.563649 -0.00022582 0.999962 -0.00869573 -0.276359 0.0720915 0.00868938 0.99736 12.303
0.997398 0.00100603 -0.0720908 -0.582726 -0.00170469 0.999952 -0.00963048 -0.289957 0.0720777 0.00972831 0.997352 12.559
0.997414 0.00171981 -0.0718467 -0.607143 -0.00248121 0.999942 -0.0105096 -0.295029 0.0718244 0.0106607 0.99736 12.8125
0.997419 0.00142854 -0.0717927 -0.624413 -0.00221913 0.999938 -0.0109335 -0.301744 0.0717726 0.0110646 0.99736 13.0607
0.997424 -0.000588652 -0.0717318 -0.637477 -0.000191481 0.999941 -0.0108683 -0.306952 0.071734 0.0108541 0.997365 13.3111
0.997476 -0.00105394 -0.0710007 -0.654037 0.000368673 0.999953 -0.00966394 -0.314352 0.0710075 0.00961337 0.997429 13.563
0.997566 0.000885144 -0.069721 -0.678103 -0.00177896 0.999917 -0.0127588 -0.318403 0.069704 0.0128518 0.997485 13.8239
0.997604 0.00328332 -0.0691081 -0.702793 -0.00473802 0.99977 -0.0208963 -0.320273 0.0690237 0.0211737 0.99739 14.0979
0.997668 0.00300094 -0.0681865 -0.723871 -0.00491495 0.999598 -0.0279199 -0.32831 0.0680753 0.0281899 0.997282 14.388
0.997767 -7.09107e-06 -0.0667953 -0.741454 -0.00204009 0.99953 -0.0305803 -0.335742 0.0667641 0.0306483 0.997298 14.7026
0.997827 -0.0035277 -0.0657992 -0.754222 0.00173659 0.999627 -0.0272581 -0.349396 0.0658709 0.0270846 0.997461 15.0431
0.99793 -0.00454201 -0.0641453 -0.773772 0.00292664 0.999677 -0.0252546 -0.3609 0.0642393 0.0250146 0.997621 15.4006
0.99806 -0.00301862 -0.0621829 -0.795006 0.0015618 0.999723 -0.0234631 -0.373129 0.0622366 0.0233205 0.997789 15.7705
0.998166 -0.00296061 -0.06046 -0.818196 0.0016311 0.999756 -0.0220273 -0.394856 0.0605105 0.0218883 0.997928 16.1579
0.998285 -0.00438036 -0.0583708 -0.842534 0.00298778 0.999709 -0.0239235 -0.402417 0.0584586 0.023708 0.998008 16.5527
0.998394 -0.00610698 -0.0563203 -0.862128 0.00471577 0.999681 -0.0248015 -0.418576 0.0564538 0.0244961 0.998105 16.9604
0.998484 -0.00677569 -0.0546282 -0.884138 0.00544614 0.999686 -0.0244503 -0.435418 0.0547767 0.0241157 0.998207 17.3861
0.998551 -0.00695199 -0.0533618 -0.905216 0.00572886 0.999718 -0.0230404 -0.448119 0.0535069 0.0227013 0.998309 17.8185
0.99864 -0.00654729 -0.0517306 -0.930103 0.00545615 0.99976 -0.0212059 -0.458916 0.0518571 0.0208948 0.998436 18.2591
0.998683 -0.00597951 -0.0509596 -0.949497 0.00497049 0.99979 -0.0199041 -0.468896 0.0510679 0.0196246 0.998502 18.7105
0.998673 -0.00532929 -0.0512195 -0.97139 0.00433402 0.9998 -0.019523 -0.480792 0.0513133 0.0192751 0.998497 19.1737
0.998627 -0.00500346 -0.0521505 -0.999774 0.00402165 0.999813 -0.0189144 -0.49559 0.0522354 0.0186786 0.99846 19.6402
0.99857 -0.0052796 -0.0532002 -1.03053 0.00439686 0.999851 -0.0166962 -0.517934 0.0532804 0.0164384 0.998444 20.1172
0.998578 -0.00459433 -0.0531119 -1.07036 0.0038044 0.999881 -0.0149643 -0.534707 0.0531744 0.014741 0.998476 20.6052
0.998561 -0.00227129 -0.0535718 -1.10644 0.00149436 0.999893 -0.0145382 -0.546827 0.0535991 0.0144372 0.998458 21.1023
0.998524 0.00125401 -0.0543024 -1.14167 -0.00212996 0.999869 -0.0160762 -0.558603 0.0542751 0.0161681 0.998395 21.6074
0.998487 0.0039825 -0.0548477 -1.1751 -0.00487268 0.999858 -0.0161058 -0.567661 0.0547758 0.0163487 0.998365 22.12
0.998448 0.00440347 -0.0555116 -1.2071 -0.00509605 0.999911 -0.012341 -0.584133 0.0554523 0.0126048 0.998382 22.6396
0.998414 0.0018859 -0.0562593 -1.23534 -0.00232134 0.999968 -0.00767545 -0.596382 0.056243 0.00779388 0.998387 23.163
0.998373 0.00134743 -0.0570092 -1.26521 -0.00155103 0.999993 -0.00352717 -0.60738 0.0570041 0.00360986 0.998367 23.6876
0.998355 0.00363036 -0.0572277 -1.30021 -0.00373419 0.999992 -0.00170759 -0.621094 0.057221 0.00191848 0.99836 24.2115
0.9983 0.00804009 -0.0577345 -1.34359 -0.00806174 0.999967 -0.000142014 -0.637922 0.0577315 0.000607214 0.998332 24.7338
0.998222 0.00936179 -0.0588631 -1.37879 -0.0094189 0.999955 -0.000692905 -0.647907 0.0588539 0.0012461 0.998266 25.2615
0.99819 0.00786266 -0.0596241 -1.416 -0.00802042 0.999965 -0.00240712 -0.655394 0.0596031 0.00288097 0.998218 25.7845
0.998179 0.00451794 -0.0601491 -1.45426 -0.00479316 0.999979 -0.00443211 -0.662412 0.0601277 0.00471234 0.99818 26.3077
0.998146 0.0040786 -0.0607234 -1.48832 -0.00440753 0.999976 -0.00528389 -0.668657 0.0607004 0.00554173 0.998141 26.8471
0.998162 0.00680471 -0.0602219 -1.52966 -0.00711006 0.999963 -0.00485769 -0.677145 0.0601866 0.00527694 0.998173 27.388
0.998162 0.00893486 -0.0599416 -1.56242 -0.00919294 0.99995 -0.00403105 -0.688613 0.0599026 0.00457468 0.998194 27.9368
0.998222 0.0100579 -0.0587463 -1.60412 -0.0103109 0.999939 -0.00400559 -0.696143 0.0587024 0.0046042 0.998265 28.4812
0.998315 0.00916508 -0.0573073 -1.63645 -0.00940976 0.999948 -0.00400107 -0.70449 0.0572677 0.00453358 0.998349 29.0409
0.998383 0.0078274 -0.0563057 -1.66966 -0.00807698 0.999959 -0.00420638 -0.715813 0.0562705 0.00465435 0.998405 29.6004
0.998442 0.00657005 -0.055403 -1.69661 -0.00681733 0.999968 -0.00427549 -0.726883 0.0553732 0.00464653 0.998455 30.1747
0.998536 0.00499726 -0.0538687 -1.73083 -0.00523139 0.999977 -0.0042061 -0.741064 0.0538464 0.00448174 0.998539 30.741
0.998595 0.00432882 -0.0528227 -1.75942 -0.00457686 0.999979 -0.00457572 -0.74805 0.0528018 0.00481105 0.998593 31.315
0.998635 0.00434085 -0.0520504 -1.78971 -0.00459376 0.999978 -0.00474036 -0.757826 0.0520286 0.004973 0.998633 31.8925
0.998693 0.00370141 -0.0509679 -1.82192 -0.00395075 0.999981 -0.00479222 -0.772103 0.0509492 0.00498732 0.998689 32.474
0.998742 0.0024798 -0.050087 -1.85105 -0.00273836 0.999983 -0.00509422 -0.786056 0.0500735 0.00522497 0.998732 33.0582
0.998764 0.00137532 -0.0496923 -1.88053 -0.00162462 0.999986 -0.00497682 -0.799634 0.0496847 0.0050514 0.998752 33.6414
0.998768 -0.00037008 -0.0496285 -1.90811 9.51945e-05 0.999985 -0.00554113 -0.805409 0.0496298 0.00552957 0.998752 34.2356
0.99879 -0.000276606 -0.0491847 -1.9378 -9.9074e-06 0.999983 -0.00582491 -0.821983 0.0491854 0.00581835 0.998773 34.8422
0.998811 -0.00036833 -0.0487435 -1.97384 5.34413e-05 0.999979 -0.00646126 -0.833305 0.0487448 0.00645097 0.99879 35.4543
0.998801 -0.000277938 -0.0489472 -2.00052 -7.41439e-05 0.999974 -0.00719114 -0.840478 0.0489479 0.00718615 0.998775 36.0661
0.998801 -0.0010325 -0.0489506 -2.02962 0.000637607 0.999967 -0.00808219 -0.849116 0.0489573 0.00804129 0.998769 36.6818
0.998783 -0.00181966 -0.0492826 -2.06067 0.00143074 0.999968 -0.0079257 -0.869564 0.0492954 0.00784555 0.998753 37.3047
0.998774 -0.00182922 -0.0494747 -2.09267 0.00144757 0.999969 -0.00774887 -0.883533 0.0494873 0.00766775 0.998745 37.9353
0.998761 -0.00207229 -0.0497116 -2.13158 0.00167268 0.999966 -0.0080788 -0.893795 0.0497267 0.00798564 0.998731 38.5733
0.998762 -0.00206707 -0.0497029 -2.17028 0.00165928 0.999965 -0.00824457 -0.906908 0.0497182 0.0081519 0.99873 39.2118
0.998767 -0.00197762 -0.0496125 -2.20984 0.00158699 0.999967 -0.00791181 -0.920019 0.0496266 0.00782332 0.998737 39.8638
0.998751 -0.00231648 -0.0499076 -2.24938 0.0019908 0.999976 -0.00657437 -0.93552 0.0499216 0.00646681 0.998732 40.5123
0.998722 -0.00266579 -0.0504774 -2.28635 0.00238174 0.999981 -0.00568651 -0.950844 0.0504916 0.00555901 0.998709 41.1606
0.998674 -0.00289347 -0.0514087 -2.31691 0.00264385 0.999984 -0.00492281 -0.970531 0.0514222 0.00478036 0.998666 41.8171
0.99863 -0.00323018 -0.0522347 -2.35816 0.00303839 0.999988 -0.00375069 -0.98996 0.0522462 0.00358684 0.998628 42.4658
0.998566 -0.00343924 -0.053419 -2.39478 0.00325218 0.999988 -0.00358834 -0.999911 0.0534307 0.00340947 0.998566 43.1168
0.998511 -0.00394234 -0.0544131 -2.43305 0.00375088 0.999986 -0.00362037 -1.01657 0.0544267 0.00341088 0.998512 43.7722
0.998453 -0.00460599 -0.0554031 -2.47526 0.0044058 0.999983 -0.00373502 -1.03322 0.0554194 0.00348515 0.998457 44.421
0.998404 -0.00349631 -0.056375 -2.51466 0.00326073 0.999986 -0.00427028 -1.04681 0.0563892 0.00407964 0.998401 45.0809
0.998335 -0.00345549 -0.0575865 -2.55204 0.00315601 0.999981 -0.00529073 -1.06121 0.0576037 0.00510017 0.998327 45.745
0.9983 -0.00368235 -0.0581605 -2.60454 0.00338382 0.999981 -0.00523068 -1.07261 0.0581786 0.00502499 0.998294 46.4057
0.99826 -0.00519951 -0.0587376 -2.65147 0.00493816 0.999977 -0.00459373 -1.08361 0.0587601 0.00429568 0.998263 47.059
0.998173 -0.00577266 -0.0601375 -2.68712 0.00550747 0.999974 -0.00457466 -1.09109 0.0601624 0.0042351 0.99818 47.7173
0.998131 -0.00488619 -0.060922 -2.73274 0.00463008 0.99998 -0.00434437 -1.10727 0.060942 0.00405418 0.998133 48.3835
0.998065 -0.00385246 -0.062067 -2.77267 0.00347485 0.999975 -0.00619069 -1.11917 0.0620892 0.00596304 0.998053 49.0427
0.997988 -0.00444128 -0.0632419 -2.81833 0.00382902 0.999945 -0.00979913 -1.1315 0.0632819 0.00953727 0.99795 49.7037
0.997887 -0.00789824 -0.0644842 -2.85501 0.00708098 0.999892 -0.0128925 -1.14758 0.0645791 0.0124086 0.997835 50.3679
0.997811 -0.0104243 -0.0652981 -2.89778 0.00947509 0.999845 -0.0148294 -1.16371 0.0654426 0.0141782 0.997756 51.0267
0.997754 -0.0102197 -0.0662029 -2.94437 0.00915307 0.999824 -0.0163949 -1.17934 0.0663587 0.0157521 0.997671 51.685
0.997738 -0.00745168 -0.0668075 -3.00172 0.00647699 0.99987 -0.0147943 -1.19528 0.066909 0.0143281 0.997656 52.3376
0.997701 -0.00685487 -0.0674218 -3.05282 0.00621873 0.999934 -0.0096407 -1.21294 0.0674835 0.00919926 0.997678 52.9977
0.997635 -0.00790798 -0.0682742 -3.0997 0.00768062 0.999964 -0.00359196 -1.22427 0.0683001 0.00305908 0.99766 53.6595
0.997628 -0.00824296 -0.0683393 -3.14713 0.00853969 0.999955 0.00405101 -1.23812 0.0683029 -0.004625 0.997654 54.3267
0.997665 -0.00687295 -0.0679494 -3.1958 0.00759888 0.999917 0.0104307 -1.24699 0.0678721 -0.0109227 0.997634 54.9948
0.99775 -0.00572329 -0.0667952 -3.24507 0.00662792 0.999889 0.0133297 -1.24748 0.0667115 -0.0137424 0.997678 55.6547
0.997836 -0.00463487 -0.0655939 -3.28883 0.00552066 0.999896 0.0133294 -1.25107 0.0655253 -0.0136627 0.997757 56.3122
0.997969 -0.00392277 -0.0635736 -3.33195 0.00459435 0.999935 0.0104211 -1.2565 0.0635286 -0.0106921 0.997923 56.9715
0.998064 -0.00291511 -0.0621264 -3.37392 0.00332486 0.999973 0.00649304 -1.25738 0.0621058 -0.00668703 0.998047 57.6287
0.998129 -0.00453812 -0.0609769 -3.41517 0.00470209 0.999986 0.00254573 -1.25307 0.0609644 -0.00282769 0.998136 58.2774
0.998198 -0.00660441 -0.0596366 -3.45558 0.00660873 0.999978 -0.000124783 -1.2618 0.0596362 -0.000269565 0.99822 58.9279
0.998276 -0.00713085 -0.0582654 -3.49655 0.0070794 0.999974 -0.00108937 -1.27597 0.0582717 0.000675006 0.998301 59.582
0.998344 -0.00437248 -0.0573646 -3.5448 0.00433885 0.99999 -0.00071084 -1.2844 0.0573671 0.000460766 0.998353 60.2383
0.998412 -0.00303624 -0.0562447 -3.59415 0.00297489 0.999995 -0.00117441 -1.29092 0.056248 0.00100522 0.998416 60.8966
0.998458 -0.00166448 -0.0554845 -3.64193 0.00158779 0.999998 -0.00142616 -1.302 0.0554867 0.00133586 0.998459 61.5597
0.998422 -0.00227138 -0.0561161 -3.67648 0.00221345 0.999997 -0.00109448 -1.31379 0.0561184 0.000968539 0.998424 62.2261
0.998414 -0.00169747 -0.0562673 -3.71688 0.00156783 0.999996 -0.00234796 -1.32008 0.0562711 0.00225602 0.998413 62.8847
0.998418 -0.000705741 -0.0562176 -3.76339 0.0005051 0.999993 -0.00358313 -1.32754 0.0562198 0.00354907 0.998412 63.5405
0.998373 0.000756758 -0.0570132 -3.80459 -0.000936013 0.999995 -0.00311747 -1.33811 0.0570105 0.00316576 0.998369 64.1977
0.998337 0.0026567 -0.0575868 -3.84031 -0.00285986 0.99999 -0.00344573 -1.34204 0.0575771 0.00360469 0.998335 64.8558
0.998322 0.00276074 -0.0578484 -3.88073 -0.00293679 0.999991 -0.00295847 -1.35081 0.0578398 0.00312339 0.998321 65.507
0.998269 0.00267743 -0.0587505 -3.92016 -0.00285989 0.999991 -0.00302177 -1.35642 0.0587419 0.00318456 0.998268 66.1489
0.998252 0.00204309 -0.0590635 -3.96252 -0.00220654 0.999994 -0.00270229 -1.36956 0.0590576 0.0028279 0.998251 66.7905
0.998228 0.00284585 -0.0594315 -4.00486 -0.00298679 0.999993 -0.00228273 -1.38179 0.0594246 0.0024562 0.99823 67.4293
0.998211 0.00260212 -0.0597357 -4.0507 -0.00270515 0.999995 -0.00164399 -1.39872 0.0597311 0.00180264 0.998213 68.062
0.998181 0.00252667 -0.0602373 -4.0947 -0.00263045 0.999995 -0.00164361 -1.41322 0.0602329 0.00179907 0.998183 68.6929
0.998159 0.00220453 -0.0606052 -4.13564 -0.00229278 0.999996 -0.0013867 -1.42645 0.0606019 0.0015231 0.998161 69.3285
0.998101 0.0018705 -0.0615754 -4.17883 -0.00192885 0.999998 -0.000888137 -1.44349 0.0615736 0.00100522 0.998102 69.9561
0.998032 0.00214418 -0.0626742 -4.22481 -0.00219386 0.999997 -0.000723922 -1.4517 0.0626725 0.000859996 0.998034 70.5856
0.99794 0.00244392 -0.0641114 -4.2684 -0.00248394 0.999997 -0.00054457 -1.45955 0.0641099 0.000702697 0.997943 71.2077
0.997801 0.00337305 -0.0661918 -4.3103 -0.0033612 0.999994 0.000290389 -1.47211 0.0661924 -6.72664e-05 0.997807 71.8332
0.997649 0.00377706 -0.0684248 -4.35572 -0.00373526 0.999993 0.000738759 -1.47868 0.0684271 -0.000481438 0.997656 72.458
0.997493 0.00391835 -0.0706564 -4.40706 -0.00385768 0.999992 0.000995174 -1.49056 0.0706597 -0.00072011 0.9975 73.0781
0.997332 0.00473581 -0.0728517 -4.46498 -0.00465667 0.999988 0.00125612 -1.49988 0.0728568 -0.000913521 0.997342 73.6897
0.997132 0.00577944 -0.0754571 -4.52041 -0.00572451 0.999983 0.00094417 -1.51145 0.0754613 -0.000509507 0.997149 74.3063
0.996895 0.00619089 -0.0784949 -4.57573 -0.00622166 0.999981 -0.000147496 -1.51538 0.0784925 0.000635407 0.996915 74.9207
0.996591 0.00641745 -0.0822448 -4.63248 -0.00651514 0.999978 -0.000919468 -1.52524 0.0822372 0.00145217 0.996612 75.5274
0.996327 0.00585713 -0.085427 -4.68996 -0.00600196 0.999981 -0.00143859 -1.53832 0.085417 0.00194604 0.996343 76.1293
0.996033 0.00594398 -0.0887809 -4.75241 -0.00620811 0.999977 -0.00269922 -1.55021 0.0887628 0.00323968 0.996048 76.7264
0.995736 0.00584222 -0.0920606 -4.81508 -0.0061864 0.999975 -0.00345368 -1.56375 0.0920381 0.00400848 0.995747 77.3168
0.995403 0.00534597 -0.095625 -4.87507 -0.00573302 0.999976 -0.00377329 -1.57816 0.0956025 0.00430417 0.99541 77.8975
0.995072 0.00535308 -0.0990063 -4.93378 -0.00580768 0.999974 -0.00430395 -1.59153 0.0989806 0.00485774 0.995078 78.4706
0.994848 0.00462728 -0.101276 -4.99604 -0.0050667 0.999979 -0.00408205 -1.60869 0.101255 0.00457415 0.99485 79.0459
0.99474 0.00572141 -0.102272 -5.05614 -0.00615937 0.999973 -0.00396711 -1.61407 0.102246 0.00457617 0.994749 79.6019
0.994825 0.0077377 -0.101311 -5.11475 -0.00809965 0.999962 -0.00316171 -1.61976 0.101283 0.00396593 0.99485 80.1422
0.995081 0.0101156 -0.098549 -5.17004 -0.0103964 0.999943 -0.00233652 -1.63907 0.0985198 0.00334959 0.995129 80.6549
0.995562 0.0117414 -0.0933681 -5.21936 -0.0119702 0.999927 -0.00189071 -1.65131 0.093339 0.00299995 0.99563 81.1619
0.996311 0.0133522 -0.0847721 -5.25867 -0.0135635 0.999906 -0.00191717 -1.66094 0.0847385 0.00305991 0.996399 81.6517
0.997356 0.0160686 -0.0708711 -5.28911 -0.0162132 0.999867 -0.00146672 -1.6715 0.0708381 0.00261189 0.997484 82.134
0.998525 0.0194489 -0.0506856 -5.31072 -0.0195076 0.999809 -0.000663772 -1.68358 0.0506631 0.00165155 0.998714 82.6011
0.999455 0.0211829 -0.0253184 -5.3108 -0.0211967 0.999775 -0.000274561 -1.69525 0.0253069 0.000811077 0.999679 83.0617
0.999763 0.0210336 0.00567659 -5.29007 -0.0210295 0.999779 -0.00076752 -1.70049 -0.00569148 0.000647962 0.999984 83.5115
0.998949 0.019104 0.0416564 -5.24204 -0.0190564 0.999817 -0.00153842 -1.71089 -0.0416782 0.000742982 0.999131 83.9472
0.996383 0.0170047 0.0832543 -5.17677 -0.0169058 0.999855 -0.001892 -1.72057 -0.0832744 0.000477674 0.996527 84.3765
0.99147 0.0143633 0.129543 -5.08763 -0.0141356 0.999897 -0.00267722 -1.72859 -0.129568 0.000823217 0.99157 84.7996
0.983701 0.0116103 0.179435 -4.97479 -0.0111871 0.999932 -0.00337013 -1.73834 -0.179462 0.00130784 0.983764 85.21
0.972782 0.00774572 0.231593 -4.8357 -0.0069539 0.999967 -0.00423514 -1.74558 -0.231619 0.00250939 0.972803 85.6037
0.957918 0.00338387 0.287022 -4.67835 -0.00220438 0.999988 -0.00443247 -1.75321 -0.287033 0.00361324 0.957914 85.9859
0.938929 -0.00152583 0.344108 -4.49458 0.00275876 0.999991 -0.00309341 -1.75815 -0.3441 0.0038538 0.938925 86.3471
0.916025 -0.00515949 0.401088 -4.28508 0.00627128 0.999979 -0.00145918 -1.76248 -0.401073 0.00385198 0.916038 86.6957
0.888839 -0.0109862 0.458089 -4.0617 0.0117665 0.99993 0.00115026 -1.76928 -0.458069 0.00436771 0.888906 87.023
0.858611 -0.0144522 0.512424 -3.8186 0.0147923 0.999885 0.00341445 -1.78247 -0.512414 0.00464826 0.858726 87.3264
0.824208 -0.0139156 0.566116 -3.5577 0.0148782 0.999885 0.00291687 -1.78753 -0.566091 0.00601866 0.824321 87.624
0.785428 -0.0108778 0.618858 -3.2753 0.0117801 0.999927 0.00262511 -1.79056 -0.618841 0.00522836 0.785499 87.9163
0.742791 -0.0074277 0.669482 -2.96559 0.00635573 0.999972 0.00404269 -1.79269 -0.669493 0.00125217 0.742818 88.1984
0.69566 -0.0070129 0.718337 -2.63517 0.00386644 0.999974 0.00601805 -1.79687 -0.718361 -0.00140911 0.695669 88.464
0.644982 -0.00926183 0.764141 -2.28086 0.00544201 0.999957 0.00752665 -1.80228 -0.764178 -0.000696094 0.645005 88.6999
0.591018 -0.0104355 0.806591 -1.90546 0.00579474 0.999945 0.00869111 -1.80667 -0.806638 -0.000462609 0.591046 88.9093
0.532724 -0.00827903 0.846249 -1.52644 0.00131051 0.999959 0.00895783 -1.80601 -0.846288 -0.00366304 0.532713 89.1075
0.473358 -0.00743861 0.880839 -1.13723 -0.000436319 0.999962 0.00867908 -1.81022 -0.88087 -0.00449264 0.473337 89.275
0.416739 -0.00789378 0.908992 -0.724168 0.000265543 0.999963 0.00856205 -1.81172 -0.909026 -0.00332676 0.416726 89.4171
0.363989 -0.00892356 0.93136 -0.301466 0.00453503 0.999959 0.00780846 -1.8131 -0.931392 0.00138155 0.364015 89.5318
0.315171 -0.00903124 0.948992 0.126814 0.00763619 0.999946 0.0069801 -1.81426 -0.949004 0.00504676 0.315223 89.6272
0.271012 -0.00872723 0.962536 0.564432 0.0087976 0.99994 0.0065893 -1.81757 -0.962536 0.00668223 0.271072 89.7181
0.231409 -0.00853848 0.972819 1.01127 0.00916626 0.999936 0.00659606 -1.81868 -0.972813 0.00739072 0.231473 89.795
0.195281 -0.00832189 0.980712 1.47255 0.0100754 0.999928 0.00647871 -1.81942 -0.980696 0.00861594 0.195351 89.8614
0.163716 -0.00782301 0.986477 1.93171 0.0122897 0.999907 0.00588991 -1.82192 -0.986431 0.0111592 0.163797 89.909
0.135976 -0.0072461 0.990686 2.40253 0.0145376 0.99988 0.005318 -1.82993 -0.990605 0.013679 0.136066 89.954
0.111336 -0.00649194 0.993762 2.8773 0.0150987 0.999874 0.00484028 -1.83457 -0.993668 0.0144656 0.111421 89.9932
0.0895217 -0.00585899 0.995968 3.36678 0.0157678 0.999866 0.00446465 -1.83369 -0.99586 0.0153045 0.0896021 90.0243
0.0711828 -0.00516632 0.99745 3.86376 0.0181063 0.999829 0.00388648 -1.83792 -0.997299 0.0177835 0.0712641 90.0386
0.0550521 -0.00383205 0.998476 4.37513 0.0202425 0.999791 0.00272101 -1.84359 -0.998278 0.0200618 0.0551182 90.0553
0.0416596 -0.00270927 0.999128 4.89741 0.0218319 0.99976 0.00180068 -1.85039 -0.998893 0.0217379 0.0417088 90.0693
0.0319006 -0.00243885 0.999488 5.44151 0.0227867 0.999739 0.00171218 -1.8568 -0.999231 0.0227204 0.0319478 90.0735
0.0250934 -0.00209206 0.999683 5.98565 0.0231025 0.999732 0.00151226 -1.85769 -0.999418 0.0230572 0.025135 90.0903
0.0209648 -0.00191457 0.999778 6.55291 0.0243437 0.999703 0.00140395 -1.85846 -0.999484 0.0243089 0.0210051 90.0991
0.0187153 -0.00173485 0.999823 7.13035 0.0245869 0.999697 0.0012744 -1.86133 -0.999522 0.0245587 0.0187523 90.1064
0.0180167 -0.00277257 0.999834 7.73089 0.0238903 0.999712 0.00234174 -1.8639 -0.999552 0.0238441 0.0180778 90.1165
0.0193153 -0.00373563 0.999806 8.34921 0.0236554 0.999715 0.00327829 -1.86537 -0.999534 0.0235875 0.0193982 90.1312
0.0217718 -0.00416567 0.999754 8.98414 0.0236566 0.999713 0.00365033 -1.8662 -0.999483 0.0235713 0.0218642 90.1526
0.0250918 -0.00479271 0.999674 9.6534 0.0238111 0.999708 0.00419521 -1.8698 -0.999402 0.0236981 0.0251985 90.1598
0.0282027 -0.00510601 0.999589 10.3233 0.0231547 0.999722 0.00445339 -1.87568 -0.999334 0.0230196 0.0283131 90.191
0.0322458 -0.00531854 0.999466 10.9978 0.0232474 0.999719 0.00456986 -1.88096 -0.99921 0.0230876 0.0323604 90.2161
0.0359087 -0.00694494 0.999331 11.6872 0.022723 0.999723 0.00613117 -1.88336 -0.999097 0.0224877 0.0360566 90.2528
0.0404339 -0.00835586 0.999147 12.399 0.0231972 0.999703 0.00742176 -1.88467 -0.998913 0.0228773 0.0406157 90.2856
0.0452996 -0.00965306 0.998927 13.1133 0.0239883 0.999675 0.00857246 -1.8879 -0.998685 0.0235743 0.0455164 90.32
0.0497695 -0.0110923 0.998699 13.8371 0.025275 0.999632 0.00984306 -1.88376 -0.998441 0.0247523 0.0500315 90.3582
0.0546253 -0.0118906 0.998436 14.5687 0.0267228 0.999588 0.0104423 -1.88334 -0.998149 0.0261106 0.0549206 90.3986
0.0593542 -0.0131652 0.99815 15.2997 0.0274399 0.999557 0.011552 -1.88142 -0.99786 0.0267035 0.0596892 90.4474
0.0639085 -0.0145618 0.99785 16.035 0.0275879 0.999537 0.0128196 -1.88418 -0.997574 0.0267093 0.0642807 90.5003
0.0686428 -0.0149126 0.99753 16.7787 0.0283259 0.999514 0.0129931 -1.8835 -0.997239 0.0273641 0.0690319 90.5558
0.0717977 -0.0152387 0.997303 17.5247 0.0287649 0.999499 0.0132014 -1.88148 -0.997004 0.0277395 0.0722 90.6152
0.0725045 -0.0150797 0.997254 18.2831 0.0279072 0.999525 0.0130851 -1.8817 -0.996978 0.0268818 0.0728908 90.6765
0.0720412 -0.0145753 0.997295 19.0417 0.0283332 0.99952 0.0125611 -1.8831 -0.996999 0.0273517 0.0724196 90.7387
0.0715424 -0.0144427 0.997333 19.8074 0.0289877 0.999503 0.0123947 -1.88795 -0.997016 0.0280236 0.0719255 90.797
0.0709712 -0.0137262 0.997384 20.5834 0.0308709 0.999457 0.0115581 -1.88581 -0.997001 0.0299699 0.0713564 90.8501
0.070499 -0.0133015 0.997423 21.3669 0.0322086 0.99942 0.0110515 -1.88639 -0.996992 0.0313465 0.0708865 90.9084
0.0698426 -0.0140901 0.997459 22.1528 0.0328083 0.999392 0.0118202 -1.88197 -0.997018 0.0318993 0.0702624 90.9679
0.0695278 -0.0149174 0.997468 22.9452 0.0332387 0.999368 0.0126289 -1.88224 -0.997026 0.0322765 0.0699797 91.0232
0.0691905 -0.0156705 0.99748 23.7405 0.034069 0.99933 0.0133363 -1.88666 -0.997022 0.0330604 0.0696781 91.0757
0.0687756 -0.0154213 0.997513 24.5359 0.03422 0.999329 0.01309 -1.88703 -0.997045 0.0332346 0.0692571 91.1346
0.0688116 -0.0141817 0.997529 25.3227 0.0344493 0.999336 0.0118311 -1.88891 -0.997035 0.03355 0.0692545 91.1963
0.06912 -0.0124259 0.997531 26.1169 0.034814 0.999343 0.0100362 -1.88999 -0.997001 0.0340344 0.0695072 91.252
0.0694856 -0.0122638 0.997508 26.9079 0.0366619 0.99928 0.00973173 -1.89651 -0.996909 0.0358943 0.0698852 91.3095
0.0701037 -0.0118556 0.997469 27.7133 0.0384838 0.999217 0.00917166 -1.89432 -0.996797 0.0377434 0.070505 91.366
0.0703756 -0.0134047 0.99743 28.5142 0.0392901 0.999171 0.0106559 -1.89667 -0.996746 0.0384393 0.0708439 91.4236
0.0708561 -0.0157558 0.997362 29.3139 0.0391041 0.99915 0.0130059 -1.90164 -0.99672 0.0380794 0.071412 91.4843
0.0712983 -0.0171799 0.997307 30.1092 0.0389849 0.999136 0.0144244 -1.9063 -0.996693 0.0378515 0.0719064 91.5456
0.0714967 -0.0174526 0.997288 30.9039 0.039123 0.999127 0.01468 -1.90349 -0.996673 0.0379673 0.0721171 91.6064
0.0716505 -0.0164831 0.997294 31.7068 0.038038 0.999181 0.0137815 -1.89985 -0.996704 0.0369476 0.0722188 91.6693
0.0701837 -0.0155459 0.997413 32.5092 0.0363721 0.999254 0.0130152 -1.90229 -0.996871 0.0353646 0.0706967 91.7311
0.0677569 -0.0150781 0.997588 33.3109 0.0342287 0.999332 0.0127796 -1.90164 -0.997115 0.0332802 0.0682277 91.7938
0.0656137 -0.0149316 0.997733 34.1134 0.0333872 0.999361 0.0127603 -1.90162 -0.997286 0.0324743 0.0660703 91.8501
0.0636908 -0.0150091 0.997857 34.9114 0.0326324 0.999384 0.0129492 -1.90323 -0.997436 0.0317378 0.0641413 91.9094
0.0618885 -0.0150634 0.997969 35.7056 0.0322793 0.999393 0.0130831 -1.90406 -0.997561 0.0314041 0.0623372 91.9608
0.0600397 -0.0146743 0.998088 36.5039 0.031613 0.999418 0.0127922 -1.90108 -0.997695 0.0307845 0.0604687 92.0113
0.0585069 -0.0147278 0.998178 37.3015 0.0304204 0.999453 0.0129636 -1.90052 -0.997823 0.0296065 0.0589229 92.0638
0.0573137 -0.0148608 0.998246 38.1054 0.0299076 0.999466 0.0131618 -1.8941 -0.997908 0.0291008 0.0577276 92.1112
0.0563144 -0.0153863 0.998295 38.8985 0.0313245 0.999416 0.0136365 -1.89392 -0.997922 0.0305031 0.0567635 92.1601
0.0563462 -0.015719 0.998288 39.6991 0.0322122 0.999384 0.0139181 -1.89532 -0.997892 0.0313728 0.0568178 92.2061
0.0562054 -0.0164886 0.998283 40.5009 0.0333344 0.999337 0.0146292 -1.90194 -0.997863 0.0324549 0.0567178 92.2563
0.0563963 -0.0162476 0.998276 41.299 0.0336598 0.99933 0.0143632 -1.90318 -0.997841 0.0327917 0.0569055 92.3057
0.0563321 -0.0162197 0.99828 42.0965 0.033921 0.999322 0.0143225 -1.91166 -0.997836 0.0330559 0.0568441 92.3574
0.0564507 -0.0159847 0.998277 42.8887 0.0338801 0.999327 0.0140856 -1.90908 -0.99783 0.0330265 0.0569542 92.4098
0.0565926 -0.0164789 0.998261 43.6866 0.0332209 0.999341 0.0146134 -1.91117 -0.997845 0.0323361 0.0571027 92.4611
0.0569555 -0.016588 0.998239 44.4781 0.0329312 0.999349 0.0147275 -1.90761 -0.997833 0.0320344 0.0574647 92.5116
0.0569534 -0.0171352 0.99823 45.2707 0.0328243 0.999344 0.0152815 -1.9093 -0.997837 0.0318959 0.0574785 92.563
0.0570346 -0.0166376 0.998234 46.0715 0.0317981 0.999384 0.01484 -1.90921 -0.997866 0.0308955 0.0575285 92.6099
0.0562524 -0.0171086 0.99827 46.8672 0.031146 0.999397 0.0153729 -1.9118 -0.997931 0.0302273 0.0567513 92.6614
0.0554331 -0.0167599 0.998322 47.6609 0.0308209 0.999411 0.0150668 -1.91318 -0.997987 0.029934 0.055917 92.7097
0.0551697 -0.0167725 0.998336 48.4585 0.0311393 0.999401 0.0150695 -1.91762 -0.997991 0.0302561 0.0556589 92.7534
0.0546202 -0.0175399 0.998353 49.2578 0.0321552 0.999358 0.0157983 -1.92063 -0.997989 0.0312393 0.0551491 92.7958
0.0539437 -0.0171567 0.998397 50.0502 0.0324104 0.999356 0.015422 -1.91886 -0.998018 0.0315265 0.054465 92.8431
0.0532917 -0.0171722 0.998431 50.8488 0.0334202 0.999323 0.0154037 -1.92281 -0.99802 0.0325469 0.0538295 92.8901
0.0525508 -0.0164038 0.998484 51.6525 0.0328237 0.999353 0.0146905 -1.92009 -0.998079 0.0320019 0.0530552 92.9385
0.0522872 -0.0163106 0.998499 52.451 0.0327388 0.999357 0.0146102 -1.92094 -0.998095 0.0319257 0.0527876 92.9825
0.052068 -0.0165828 0.998506 53.2582 0.0329012 0.999348 0.0148811 -1.92012 -0.998101 0.0320772 0.0525796 93.0247
0.0515067 -0.0166972 0.998533 54.0632 0.0327029 0.999352 0.015024 -1.91686 -0.998137 0.0318811 0.0520193 93.0728
0.0515182 -0.0162108 0.99854 54.8692 0.0316066 0.999394 0.014594 -1.90541 -0.998172 0.0308086 0.0519993 93.1206
0.0508715 -0.0163853 0.998571 55.6746 0.0303297 0.99943 0.0148543 -1.90731 -0.998245 0.0295307 0.0513394 93.1699
0.0505278 -0.015989 0.998595 56.4758 0.0293062 0.999465 0.01452 -1.90581 -0.998293 0.0285314 0.0509694 93.2168
0.0503192 -0.0159058 0.998607 57.2783 0.0290018 0.999475 0.0144582 -1.90263 -0.998312 0.0282338 0.0507541 93.2599
0.0499809 -0.0158095 0.998625 58.0776 0.0291977 0.99947 0.0143616 -1.90094 -0.998323 0.0284397 0.050416 93.302
0.0499641 -0.015601 0.998629 58.8719 0.0293466 0.999469 0.0141458 -1.89718 -0.99832 0.0285996 0.0503954 93.3444
0.049624 -0.0163733 0.998634 59.6649 0.0289631 0.999469 0.0149478 -1.89883 -0.998348 0.0281817 0.0500719 93.3917
0.0494011 -0.0170852 0.998633 60.4586 0.0291082 0.999454 0.0156593 -1.90138 -0.998355 0.0282948 0.0498715 93.4323
0.049434 -0.0172316 0.998629 61.2565 0.0305212 0.99941 0.0157342 -1.89893 -0.998311 0.0297016 0.0499308 93.4716
0.049203 -0.0177381 0.998631 62.05 0.0317293 0.999365 0.0161878 -1.90125 -0.998285 0.0308894 0.0497345 93.5146
0.0494843 -0.017359 0.998624 62.8413 0.0315249 0.999378 0.01581 -1.90673 -0.998277 0.0306992 0.0500007 93.5552
0.0493217 -0.0171439 0.998636 63.6234 0.0313431 0.999387 0.0156088 -1.90844 -0.998291 0.0305305 0.0498288 93.6016
0.0494287 -0.0165203 0.998641 64.406 0.0310219 0.999406 0.0149975 -1.89853 -0.998296 0.0302384 0.0499119 93.6447
0.0496963 -0.0157538 0.99864 65.1814 0.0308034 0.999424 0.0142333 -1.89015 -0.998289 0.0300542 0.050153 93.6837
0.0493687 -0.0154648 0.998661 65.9517 0.0307656 0.999429 0.0139559 -1.89312 -0.998307 0.0300354 0.0498163 93.7308
0.0492787 -0.0154266 0.998666 66.7127 0.0301639 0.999448 0.0139502 -1.89918 -0.998329 0.0294362 0.0497168 93.7749
0.0491652 -0.015072 0.998677 67.4721 0.0290162 0.999486 0.0136557 -1.8958 -0.998369 0.0283064 0.0495772 93.8232
0.0489058 -0.0153925 0.998685 68.2314 0.0284107 0.999498 0.0140138 -1.89634 -0.998399 0.0276879 0.0493185 93.8658
0.0495862 -0.0154782 0.99865 68.9907 0.028525 0.999494 0.0140749 -1.89087 -0.998362 0.0277886 0.0500026 93.8991
0.0502335 -0.0162366 0.998606 69.7535 0.0280997 0.999495 0.0148375 -1.89021 -0.998342 0.0273151 0.0506644 93.9384
0.0506548 -0.016304 0.998583 70.5057 0.0281537 0.999493 0.0148907 -1.88983 -0.998319 0.0273595 0.0510881 93.9784
0.0520345 -0.0159152 0.998518 71.255 0.0285173 0.999489 0.0144446 -1.88052 -0.998238 0.0277234 0.0524618 94.0152
0.0530996 -0.0166421 0.998451 71.9986 0.0286644 0.999475 0.0151348 -1.88672 -0.998178 0.0278163 0.0535487 94.0611
0.0546913 -0.0166923 0.998364 72.7454 0.028245 0.999486 0.0151638 -1.88271 -0.998104 0.0273694 0.0551347 94.1054
0.0565311 -0.0175182 0.998247 73.493 0.0276477 0.99949 0.0159743 -1.89043 -0.998018 0.0266962 0.0569866 94.1529
0.0583578 -0.0181836 0.99813 74.2276 0.0283833 0.99946 0.0165483 -1.89132 -0.997892 0.0273645 0.0588424 94.1998
0.0606219 -0.0185826 0.997988 74.964 0.0289559 0.999439 0.0168507 -1.89093 -0.997741 0.0278761 0.0611259 94.2476
0.0633417 -0.0186172 0.997818 75.6981 0.0287636 0.999445 0.0168217 -1.88709 -0.997577 0.0276353 0.063842 94.2918
0.0654859 -0.0182327 0.997687 76.4251 0.028564 0.999458 0.0163901 -1.88434 -0.997445 0.0274246 0.0659711 94.3474
0.067823 -0.0177133 0.99754 77.1477 0.0282517 0.999476 0.0158268 -1.87704 -0.997297 0.0271088 0.0682878 94.4025
0.0707731 -0.0179359 0.997331 77.861 0.0284185 0.999469 0.0159577 -1.87586 -0.997088 0.0272133 0.0712453 94.4512
0.072937 -0.019188 0.997152 78.5622 0.0280978 0.999458 0.0171772 -1.87982 -0.996941 0.0267649 0.0734366 94.5067
0.0753511 -0.0193356 0.99697 79.2412 0.0277382 0.999466 0.0172876 -1.8759 -0.996771 0.0263515 0.0758471 94.5619
0.0777616 -0.0188187 0.996794 79.9033 0.0277865 0.999474 0.0167016 -1.87114 -0.996585 0.0263987 0.0782437 94.6201
0.0809679 -0.0182266 0.99655 80.5503 0.0270651 0.999504 0.0160816 -1.87222 -0.996349 0.0256696 0.081421 94.6748
0.0853479 -0.0178694 0.996191 81.1921 0.026348 0.99953 0.015672 -1.87482 -0.996003 0.02491 0.0857786 94.7267
0.0896472 -0.0170299 0.995828 81.8223 0.0244489 0.99959 0.0148932 -1.87252 -0.995673 0.0230118 0.0900268 94.7906
0.0936317 -0.0168199 0.995465 82.4308 0.0236759 0.999612 0.0146631 -1.87763 -0.995325 0.0221956 0.0939936 94.8522
0.0973761 -0.0163115 0.995114 83.0272 0.0230574 0.999634 0.0141294 -1.87601 -0.994981 0.0215688 0.0977166 94.9176
0.100914 -0.0151077 0.99478 83.5972 0.0226027 0.999661 0.0128889 -1.86828 -0.994638 0.021184 0.101221 94.9805
0.104236 -0.0144822 0.994447 84.1551 0.0230354 0.999661 0.0121436 -1.8663 -0.994286 0.0216417 0.104534 95.0408
0.10512 -0.0125627 0.99438 84.707 0.0211544 0.999722 0.0103939 -1.84596 -0.994235 0.0199429 0.105356 95.1215
0.105472 -0.0117434 0.994353 85.2392 0.0188132 0.999775 0.00981192 -1.84867 -0.994244 0.017672 0.10567 95.1797
0.102626 -0.0112778 0.994656 85.7504 0.0156729 0.99983 0.00971938 -1.85487 -0.994596 0.0145917 0.102786 95.2412
0.0959044 -0.0102764 0.995338 86.2481 0.0129359 0.999875 0.00907679 -1.84739 -0.995306 0.0120051 0.0960254 95.2918
0.0830625 -0.00976397 0.996497 86.7201 0.00916376 0.999917 0.00903364 -1.84528 -0.996502 0.0083813 0.0831451 95.3328
0.0631935 -0.0118969 0.99793 87.1701 0.00713421 0.999909 0.0114687 -1.87044 -0.997976 0.0063947 0.0632726 95.3446
0.034386 -0.0137334 0.999314 87.6048 0.00604816 0.99989 0.0135332 -1.88945 -0.99939 0.00557866 0.0344653 95.3606
-0.00148989 -0.0128599 0.999916 88.0303 0.00469621 0.999906 0.0128668 -1.88904 -0.999988 0.00471499 -0.00142935 95.3447
-0.0465891 -0.0124912 0.998836 88.4448 0.00460984 0.999908 0.0127196 -1.89033 -0.998904 0.00519707 -0.0465273 95.3181
-0.0983405 -0.0119705 0.995081 88.8516 0.00439478 0.999913 0.0124629 -1.88168 -0.995143 0.00559877 -0.0982793 95.2616
-0.156476 -0.0123736 0.987604 89.2477 0.00578865 0.999893 0.0134447 -1.88985 -0.987665 0.00782067 -0.156388 95.1738
-0.219426 -0.010028 0.975578 89.6271 0.0078577 0.999897 0.0120453 -1.89005 -0.975598 0.0103089 -0.219324 95.0584
-0.285458 -0.0112304 0.958325 89.9809 0.0111239 0.999825 0.0150302 -1.91555 -0.958327 0.0149508 -0.285283 94.9061
-0.353997 -0.0097341 0.935196 90.3272 0.016737 0.99972 0.0167411 -1.90059 -0.935097 0.0215787 -0.353734 94.7318
-0.419709 -0.00963373 0.907608 90.6383 0.0213225 0.999563 0.02047 -1.87968 -0.907408 0.0279439 -0.41932 94.5229
-0.483832 -0.0104904 0.875098 90.9345 0.0228911 0.999434 0.0246371 -1.87333 -0.874861 0.0319522 -0.483318 94.3052
-0.543382 -0.0100569 0.839425 91.1845 0.0218159 0.999421 0.0260958 -1.85944 -0.839202 0.0324928 -0.542848 94.0529
-0.604953 -0.0123313 0.796166 91.4519 0.0166887 0.999464 0.0281607 -1.83866 -0.796086 0.0303228 -0.604423 93.8119
-0.662607 -0.0155511 0.748806 91.6813 0.0137572 0.999363 0.0329282 -1.83674 -0.748841 0.0321199 -0.661971 93.5477
-0.715971 -0.0156391 0.697955 91.8918 0.0123398 0.999309 0.0350498 -1.82021 -0.698021 0.0337073 -0.715283 93.2558
-0.765786 -0.0150199 0.64292 92.0805 0.0109877 0.999276 0.0364327 -1.80883 -0.643002 0.0349638 -0.765066 92.9492
-0.810038 -0.0128725 0.586237 92.2556 0.0115475 0.999215 0.0378965 -1.81097 -0.586264 0.0374672 -0.809253 92.6244
-0.846811 -0.00782008 0.531837 92.3956 0.013427 0.999259 0.0360721 -1.79526 -0.531725 0.0376872 -0.846078 92.2899
-0.878642 -0.0039937 0.477464 92.5239 0.0136466 0.999346 0.0334718 -1.78547 -0.477286 0.0359254 -0.878014 91.9458
-0.905308 -0.00813962 0.424677 92.6596 0.00698345 0.999396 0.034042 -1.78068 -0.424698 0.0337842 -0.904704 91.5936
-0.925673 -0.00979542 0.378197 92.7661 0.00384999 0.999369 0.0353072 -1.76515 -0.378304 0.034139 -0.925052 91.2265
-0.941985 -0.0115969 0.335453 92.8648 0.00121874 0.999278 0.0379683 -1.75875 -0.335651 0.0361744 -0.941291 90.8541
-0.955444 -0.0125141 0.294907 92.9496 -0.000764051 0.999202 0.0399247 -1.74645 -0.295172 0.0379205 -0.954691 90.4703
-0.96645 -0.0132329 0.256514 93.0251 -0.00289759 0.99917 0.0406275 -1.73823 -0.256839 0.0385212 -0.965686 90.0753
-0.975082 -0.0138015 0.221417 93.09 -0.00490535 0.99916 0.0406778 -1.72256 -0.221792 0.0385781 -0.974331 89.676
-0.98186 -0.014777 0.189031 93.1422 -0.00716479 0.999138 0.0408898 -1.7127 -0.189473 0.0387936 -0.981119 89.2659
-0.987079 -0.0151536 0.159516 93.1923 -0.00873815 0.999127 0.0408428 -1.69748 -0.159996 0.0389212 -0.98635 88.8371
-0.990916 -0.014295 0.133718 93.2286 -0.00896921 0.999145 0.0403468 -1.68155 -0.13418 0.038781 -0.990198 88.3979
-0.993646 -0.0135814 0.111728 93.2552 -0.00918455 0.999166 0.0397739 -1.66831 -0.112175 0.038495 -0.992943 87.9434
-0.995567 -0.0125884 0.0932062 93.2792 -0.00896652 0.999192 0.0391758 -1.65191 -0.0936241 0.0381664 -0.994876 87.4754
-0.99691 -0.0127898 0.0774991 93.3125 -0.00982599 0.99921 0.038505 -1.63242 -0.0779304 0.0376245 -0.996249 86.9941
-0.997761 -0.0133435 0.0655309 93.3353 -0.0108329 0.999199 0.0385192 -1.62153 -0.0659924 0.0377231 -0.997107 86.4973
-0.998319 -0.0128211 0.0565174 93.3557 -0.0106891 0.999226 0.0378659 -1.60404 -0.0569591 0.0371981 -0.997683 85.9806
-0.99869 -0.0124203 0.0496393 93.3836 -0.010562 0.99924 0.0375229 -1.58848 -0.0500676 0.0369494 -0.998062 85.447
-0.998905 -0.0116346 0.045311 93.4071 -0.00993868 0.999248 0.037475 -1.5743 -0.0457129 0.0369837 -0.99827 84.8984
-0.999005 -0.0101495 0.0434311 93.4295 -0.0085414 0.999277 0.0370542 -1.55734 -0.0437757 0.0366464 -0.998369 84.3377
-0.999034 -0.00863166 0.0430862 93.4536 -0.0070481 0.999299 0.0367707 -1.54296 -0.0433734 0.0364315 -0.998394 83.7671
-0.999009 -0.007787 0.0438241 93.4841 -0.00616516 0.999295 0.0370224 -1.52081 -0.0440815 0.0367155 -0.998353 83.1768
-0.998959 -0.00663374 0.0451249 93.5131 -0.00492289 0.999269 0.0379197 -1.50315 -0.0453435 0.0376581 -0.998261 82.5723
-0.998925 -0.00511063 0.046069 93.5481 -0.0032936 0.999217 0.0394315 -1.48655 -0.0462344 0.0392374 -0.99816 81.9564
