0.999995 -0.00171442 0.00278557 -0.00268306 0.00170076 0.999987 0.00489892 -0.00989774 -0.00279393 -0.00489416 0.999984 0.824275
0.999964 -0.00603046 0.00594718 0.0100532 0.00602434 0.999981 0.0010475 -0.0201431 -0.00595339 -0.00101164 0.999982 1.65349
0.999947 -0.00487394 0.00906707 0.0174085 0.00492983 0.999969 -0.00615196 -0.0291653 -0.00903681 0.00619634 0.99994 2.48842
0.999918 0.00281817 0.012479 0.0118433 -0.00268488 0.999939 -0.0106851 -0.0360208 -0.0125084 0.0106507 0.999865 3.34641
0.999883 -0.000844878 0.0152489 0.0229732 0.000977086 0.999962 -0.00866468 -0.0480606 -0.015241 0.00867857 0.999846 4.21133
0.999805 -0.0108861 0.0164837 0.0558118 0.0109451 0.999934 -0.00348919 -0.0696107 -0.0164446 0.00366892 0.999858 5.08893
0.999683 -0.0174946 0.0181045 0.0798603 0.0175233 0.999845 -0.00142696 -0.0838061 -0.0180767 0.00174376 0.999835 5.96149
0.999667 -0.0175418 0.0189047 0.0926866 0.0175296 0.999846 0.000815349 -0.0878885 -0.0189161 -0.000483687 0.999821 6.83282
0.999737 -0.0130011 0.0188757 0.100509 0.0128588 0.999888 0.00763951 -0.095504 -0.0189729 -0.00739478 0.999793 7.71404
0.999724 -0.0134725 0.0192251 0.116135 0.013243 0.99984 0.0120153 -0.104087 -0.0193839 -0.0117574 0.999743 8.59257
0.999729 -0.0127236 0.0194781 0.13294 0.0125652 0.999887 0.0082348 -0.110232 -0.0195806 -0.00798783 0.999776 9.46824
0.999734 -0.0111704 0.0201869 0.147968 0.011171 0.999938 8.47277e-05 -0.126177 -0.0201866 0.000140801 0.999796 10.3455
0.999736 -0.00971356 0.0208325 0.16086 0.00978609 0.999946 -0.00338216 -0.140205 -0.0207986 0.00358513 0.999777 11.2253
0.99976 -0.0073492 0.0206238 0.173867 0.00726436 0.999965 0.00418542 -0.140771 -0.0206539 -0.0040346 0.999779 12.1174
0.999696 -0.011067 0.0220507 0.194142 0.0107664 0.999848 0.0137006 -0.155575 -0.022199 -0.013459 0.999663 13.0165
0.999611 -0.01476 0.0236818 0.224584 0.0144114 0.999786 0.0148233 -0.164422 -0.0238955 -0.0144762 0.99961 13.9169
0.999496 -0.017378 0.0265611 0.248502 0.0172227 0.999833 0.00606714 -0.166561 -0.0266621 -0.00560663 0.999629 14.7997
0.999454 -0.0159221 0.0289372 0.269118 0.0159509 0.999872 -0.000766527 -0.169723 -0.0289213 0.00122768 0.999581 15.6792
0.999385 -0.0153425 0.0315419 0.290192 0.0154811 0.999872 -0.0041551 -0.177152 -0.0314741 0.00464085 0.999494 16.5684
0.999224 -0.0191249 0.0344395 0.316728 0.0192297 0.999811 -0.00271294 -0.186581 -0.0343812 0.00337309 0.999403 17.4551
0.999135 -0.0184367 0.0372752 0.342542 0.0184491 0.99983 1.00841e-05 -0.201942 -0.037269 0.00067762 0.999305 18.3498
0.999087 -0.014556 0.0401547 0.368445 0.0143546 0.999883 0.00529807 -0.208621 -0.0402271 -0.00471683 0.999179 19.2398
0.998997 -0.0128017 0.0429093 0.398943 0.0122417 0.999837 0.0132882 -0.211035 -0.0430725 -0.0127496 0.998991 20.1284
0.998882 -0.0128714 0.0454923 0.430994 0.0120103 0.999744 0.0191508 -0.211621 -0.0457272 -0.018583 0.998781 21.003
0.998757 -0.0130079 0.0481078 0.471523 0.0121473 0.999762 0.0181385 -0.215923 -0.0483323 -0.0175316 0.998677 21.8735
0.99863 -0.0115494 0.0510341 0.503343 0.0109673 0.999872 0.0116726 -0.217109 -0.0511624 -0.0110969 0.998629 22.7376
0.99856 -0.0107486 0.0525607 0.544355 0.0106368 0.999941 0.0024057 -0.21517 -0.0525834 -0.00184316 0.998615 23.5937
0.998456 -0.00895866 0.0548179 0.584477 0.00895749 0.99996 0.000267051 -0.217487 -0.0548181 0.000224393 0.998496 24.4585
0.998315 -0.0071942 0.0575732 0.628506 0.00694246 0.999965 0.00457144 -0.22618 -0.0576041 -0.00416404 0.998331 25.3171
0.998159 -0.0040079 0.0605165 0.671503 0.00329462 0.999924 0.0118818 -0.23523 -0.0605595 -0.0116605 0.998096 26.1798
0.997926 0.00166686 0.0643458 0.711664 -0.00268591 0.999872 0.0157539 -0.242425 -0.0643114 -0.015894 0.997803 27.0392
0.997638 0.00596747 0.0684305 0.757004 -0.00692457 0.999881 0.0137578 -0.245051 -0.0683402 -0.0141991 0.997561 27.8829
0.99734 0.00810818 0.0724415 0.810395 -0.00869745 0.999932 0.00782269 -0.25712 -0.0723731 -0.00843194 0.997342 28.7175
0.99702 0.00506432 0.076976 0.876025 -0.00493358 0.999986 -0.00188855 -0.265247 -0.0769845 0.00150316 0.997031 29.5442
0.996548 0.0035648 0.0829473 0.941737 -0.00305185 0.999975 -0.00630996 -0.275101 -0.0829678 0.00603504 0.996534 30.3855
0.995967 0.00109623 0.0897163 1.01741 -0.000987599 0.999999 -0.00125524 -0.285017 -0.0897176 0.00116157 0.995967 31.2206
0.995278 -0.00230503 0.0970412 1.10312 0.0013031 0.999945 0.0103869 -0.299221 -0.0970598 -0.0102113 0.995226 32.0524
0.994438 -0.00567494 0.105174 1.19357 0.00392703 0.999851 0.0168189 -0.312347 -0.105253 -0.0163123 0.994312 32.8748
0.99339 -0.0103656 0.114321 1.28793 0.00871113 0.99985 0.014962 -0.326917 -0.114459 -0.0138673 0.993331 33.6825
0.992379 -0.0107267 0.122756 1.38784 0.00990621 0.999924 0.00729196 -0.33047 -0.122824 -0.00602035 0.99241 34.475
0.99122 -0.0127066 0.13161 1.49308 0.0124854 0.999919 0.00250573 -0.340081 -0.131631 -0.000840536 0.991298 35.265
0.99014 -0.0160046 0.139162 1.61347 0.0157873 0.999872 0.00266523 -0.351717 -0.139187 -0.000441948 0.990266 36.0529
0.988989 -0.0230301 0.146186 1.74215 0.0224041 0.999731 0.00592713 -0.360829 -0.146283 -0.0025867 0.989239 36.8351
0.98805 -0.0268318 0.151781 1.8647 0.0258048 0.999629 0.00873267 -0.369264 -0.151959 -0.00471163 0.988376 37.6023
0.98721 -0.0327445 0.156025 1.99196 0.031526 0.99945 0.0102785 -0.377327 -0.156276 -0.00522816 0.9877 38.3589
0.986836 -0.0342459 0.158056 2.11169 0.0333121 0.999408 0.00855371 -0.388341 -0.158255 -0.00317594 0.987393 39.1063
0.986735 -0.0362756 0.158236 2.2265 0.0356272 0.999341 0.00693312 -0.395968 -0.158384 -0.00120363 0.987377 39.8469
0.986893 -0.0384456 0.156731 2.34295 0.038139 0.99926 0.00496426 -0.398122 -0.156806 0.00107837 0.987629 40.5828
0.987361 -0.0381703 0.153823 2.45457 0.0377928 0.999271 0.00537869 -0.410582 -0.153916 0.00050268 0.988084 41.3176
0.987808 -0.0404494 0.15033 2.56243 0.0397388 0.99918 0.00772881 -0.42386 -0.150519 -0.00166066 0.988606 42.0472
0.988747 -0.0380112 0.144687 2.65931 0.0373437 0.999276 0.00732684 -0.427652 -0.144861 -0.00184124 0.98945 42.7644
0.989551 -0.039576 0.138646 2.74959 0.038899 0.999214 0.00759025 -0.438533 -0.138837 -0.00211776 0.990313 43.4812
0.99051 -0.0399152 0.131516 2.83736 0.0391922 0.999199 0.00808235 -0.44133 -0.131733 -0.00285126 0.991281 44.1992
0.991219 -0.0465518 0.123769 2.92432 0.0456856 0.998908 0.00982951 -0.442019 -0.124091 -0.00408873 0.992262 44.9049
0.992046 -0.0496532 0.115672 3.00868 0.0483045 0.998728 0.0144359 -0.442469 -0.116242 -0.0087336 0.993183 45.6236
0.99278 -0.0521155 0.108038 3.08157 0.0503246 0.998548 0.019239 -0.447684 -0.108883 -0.0136632 0.993961 46.3312
0.993594 -0.0528294 0.0999016 3.14431 0.0509644 0.998477 0.0211311 -0.448734 -0.100866 -0.0159043 0.994773 47.033
0.994259 -0.0550633 0.0917462 3.20981 0.0535607 0.998388 0.018762 -0.447912 -0.0926315 -0.0137402 0.995606 47.7309
0.994925 -0.0555202 0.0839186 3.25985 0.0545379 0.998414 0.0139546 -0.445462 -0.0845603 -0.00930708 0.996375 48.4236
0.995639 -0.0550138 0.0753379 3.29924 0.0545227 0.998476 0.00856206 -0.4513 -0.0756941 -0.00441709 0.997121 49.1085
0.99646 -0.0524983 0.0656622 3.33459 0.0523028 0.99862 0.00469336 -0.45691 -0.065818 -0.00124243 0.997831 49.7973
0.997234 -0.0493862 0.0555422 3.36284 0.0493767 0.998779 0.00154351 -0.46555 -0.0555506 0.00120325 0.998455 50.4945
0.997848 -0.0465751 0.0461627 3.37983 0.046626 0.998912 -2.68282e-05 -0.476542 -0.0461113 0.00217916 0.998934 51.1966
0.998386 -0.0433539 0.0366916 3.3928 0.0433783 0.999059 0.000131898 -0.484966 -0.0366628 0.00145993 0.999327 51.9045
0.998859 -0.038882 0.0277357 3.39461 0.0388786 0.999244 0.000662835 -0.498169 -0.0277405 0.000416245 0.999615 52.6178
0.99916 -0.0360955 0.0194239 3.39484 0.0361002 0.999348 0.00010427 -0.504338 -0.019415 0.000597025 0.999811 53.3307
0.999339 -0.0344628 0.0115772 3.39661 0.0344652 0.999406 -7.9189e-06 -0.515485 -0.0115701 0.000406925 0.999933 54.056
0.99951 -0.0309848 0.00436765 3.38964 0.0309826 0.99952 0.000555283 -0.522654 -0.00438275 -0.00041969 0.99999 54.7801
0.999563 -0.0295255 -0.00123752 3.37739 0.0295261 0.999564 0.00048833 -0.530678 0.00122257 -0.000524656 0.999999 55.5042
0.999564 -0.028726 -0.0069 3.36223 0.0287323 0.999587 0.000816793 -0.539041 0.00687368 -0.00101469 0.999976 56.2364
0.99947 -0.0302869 -0.011951 3.35073 0.030312 0.999539 0.0019304 -0.549098 0.011887 -0.00229163 0.999927 56.9697
0.99947 -0.0286723 -0.0154098 3.32894 0.0287422 0.999577 0.00433166 -0.554538 0.0152791 -0.00477228 0.999872 57.7044
0.999428 -0.0281721 -0.0187257 3.30366 0.0282949 0.99958 0.00632305 -0.564719 0.0185396 -0.00684927 0.999805 58.4365
0.999284 -0.0305549 -0.0223105 3.28704 0.0307221 0.999502 0.00718892 -0.573458 0.0220797 -0.0078692 0.999725 59.1772
0.99911 -0.0336397 -0.0254485 3.26809 0.0337818 0.999416 0.00517429 -0.576082 0.0252595 -0.00602938 0.999663 59.9165
0.998944 -0.0361161 -0.0284104 3.25071 0.0362498 0.999334 0.00420201 -0.578088 0.0282398 -0.00522744 0.999588 60.6609
0.998896 -0.0352617 -0.0310259 3.21956 0.0353898 0.999367 0.00358745 -0.584105 0.0308797 -0.00468148 0.999512 61.4038
0.998818 -0.0354324 -0.0332849 3.19049 0.0356263 0.999351 0.00524904 -0.594303 0.0330774 -0.00642865 0.999432 62.1459
0.998717 -0.0362366 -0.0353786 3.16017 0.0364797 0.999315 0.00624964 -0.599784 0.0351279 -0.00753222 0.999354 62.8876
0.998628 -0.0370236 -0.0370438 3.13203 0.0373097 0.999279 0.00706359 -0.611166 0.0367555 -0.00843599 0.999289 63.6318
0.998656 -0.0353086 -0.0379348 3.10011 0.035605 0.99934 0.00716614 -0.62104 0.0376568 -0.00850718 0.999255 64.3759
0.99872 -0.0337344 -0.0376974 3.06618 0.0339868 0.999404 0.00607363 -0.62759 0.0374701 -0.00734707 0.999271 65.1179
0.998804 -0.0321349 -0.0368384 3.03552 0.0323231 0.999467 0.00452224 -0.63622 0.0366735 -0.00570757 0.999311 65.8556
0.998894 -0.0318744 -0.0345552 3.00672 0.0319616 0.999487 0.0019736 -0.6472 0.0344746 -0.00307586 0.999401 66.588
0.999053 -0.0300033 -0.0315151 2.98077 0.0300129 0.999549 -0.000167802 -0.658522 0.0315059 -0.000778218 0.999503 67.3131
0.999226 -0.0284393 -0.0271608 2.95621 0.0284204 0.999595 -0.00107956 -0.671368 0.0271805 0.000306803 0.99963 68.0399
0.999348 -0.0278568 -0.0229498 2.94076 0.0278481 0.999612 -0.000698881 -0.68445 0.0229603 5.93185e-05 0.999736 68.7659
0.999451 -0.0276656 -0.0182033 2.92491 0.0276832 0.999616 0.000715886 -0.697192 0.0181766 -0.00121942 0.999834 69.4811
0.999558 -0.0267506 -0.0129566 2.91075 0.0267933 0.999636 0.00313859 -0.707841 0.0128679 -0.00348435 0.999911 70.1963
0.999644 -0.0256849 -0.00723784 2.89969 0.0257188 0.999659 0.0046241 -0.719223 0.00711659 -0.0048086 0.999963 70.9071
0.999692 -0.0247816 -0.000995816 2.89738 0.0247862 0.999681 0.00491204 -0.732399 0.000873769 -0.00493521 0.999987 71.6079
0.999688 -0.0242148 0.00611335 2.90207 0.0241855 0.999696 0.00482992 -0.741322 -0.00622845 -0.00468056 0.99997 72.2967
0.999579 -0.0256347 0.0135913 2.90569 0.0255723 0.999662 0.0047494 -0.751318 -0.0137084 -0.00439984 0.999896 72.9756
0.999425 -0.0270931 0.020383 2.91975 0.0269995 0.999624 0.00485314 -0.761213 -0.0205068 -0.00430002 0.99978 73.6345
0.999228 -0.0285965 0.0269349 2.9391 0.0284767 0.999583 0.00482143 -0.772254 -0.0270615 -0.0040507 0.999626 74.2784
0.998985 -0.0307736 0.0329073 2.96534 0.0306475 0.999521 0.00432759 -0.774941 -0.0330247 -0.00331467 0.999449 74.9198
0.998744 -0.0311561 0.0392423 2.98812 0.0310578 0.999513 0.00310988 -0.784452 -0.03932 -0.0018872 0.999225 75.5395
0.998509 -0.0310786 0.044866 3.01448 0.0310043 0.999516 0.00235084 -0.793824 -0.0449174 -0.000956302 0.99899 76.1538
0.998257 -0.0322667 0.0494225 3.04547 0.0321745 0.999479 0.00266107 -0.79954 -0.0494826 -0.00106629 0.998774 76.7715
0.99806 -0.0338008 0.0522916 3.08008 0.0336279 0.999426 0.00418233 -0.809875 -0.0524029 -0.00241576 0.998623 77.387
0.997892 -0.0361225 0.0539069 3.11711 0.0358511 0.999339 0.00599424 -0.819019 -0.0540878 -0.00404899 0.998528 78.003
0.997804 -0.0375572 0.0545566 3.15085 0.0372817 0.999286 0.00605806 -0.823342 -0.0547452 -0.00401079 0.998492 78.6024
0.997702 -0.0405921 0.0542461 3.18652 0.0403793 0.999172 0.00501306 -0.835041 -0.0544047 -0.00281112 0.998515 79.1967
0.997786 -0.0403228 0.0528891 3.22016 0.0401877 0.999186 0.00361671 -0.843577 -0.0529919 -0.00148321 0.998594 79.796
0.997944 -0.0379097 0.0516849 3.24463 0.0377047 0.999277 0.00493667 -0.849467 -0.0518346 -0.00297775 0.998651 80.3996
0.998068 -0.0364947 0.0502743 3.26874 0.0362593 0.999327 0.00558693 -0.852701 -0.0504444 -0.00375323 0.99872 80.9932
0.998092 -0.0389057 0.0479423 3.29484 0.0386782 0.999236 0.00566464 -0.858843 -0.048126 -0.00379951 0.998834 81.5808
0.998003 -0.0440793 0.0452519 3.32798 0.0438299 0.999018 0.00648987 -0.870006 -0.0454935 -0.00449352 0.998955 82.1679
0.998004 -0.0465993 0.0426146 3.35136 0.0463188 0.998898 0.00754745 -0.878303 -0.0429193 -0.00555854 0.999063 82.7471
0.998208 -0.0459708 0.0383157 3.36842 0.0457654 0.998933 0.00622136 -0.881978 -0.0385608 -0.00445668 0.999246 83.3242
0.998451 -0.0455532 0.0319348 3.38335 0.0453762 0.99895 0.00624561 -0.883646 -0.0321858 -0.00478686 0.99947 83.8987
0.998558 -0.0478305 0.0243791 3.39481 0.0476418 0.99883 0.00826318 -0.888426 -0.0247458 -0.0070898 0.999669 84.4666
0.998572 -0.0512888 0.0149513 3.40058 0.0511516 0.998646 0.00941806 -0.894912 -0.0154141 -0.00863983 0.999844 85.0196
0.998551 -0.0536953 0.00350298 3.39869 0.0536634 0.998522 0.00864879 -0.90367 -0.0039622 -0.00844828 0.999956 85.5641
0.998517 -0.0537577 -0.00861497 3.38776 0.0538265 0.998519 0.00795819 -0.908296 0.0081744 -0.0084101 0.999931 86.1131
0.998447 -0.052138 -0.019644 3.36355 0.0523063 0.998598 0.00815458 -0.909738 0.0191913 -0.00916942 0.999774 86.666
0.998369 -0.0490419 -0.0292364 3.32655 0.0492762 0.998758 0.00734886 -0.911157 0.0288397 -0.00877753 0.999546 87.2075
0.998225 -0.0468388 -0.0367794 3.29461 0.0471324 0.998863 0.0071555 -0.921845 0.0364024 -0.0088763 0.999298 87.7453
0.998096 -0.0460496 -0.0410265 3.26718 0.0463637 0.998902 0.00673908 -0.921683 0.0406711 -0.00862839 0.999135 88.2806
0.997976 -0.0461416 -0.0437488 3.24209 0.0464612 0.9989 0.00631548 -0.928814 0.0434093 -0.00833532 0.999023 88.8168
0.997838 -0.0467769 -0.0461578 3.21781 0.047082 0.998876 0.00554547 -0.931402 0.0458465 -0.00770669 0.998919 89.3485
0.997705 -0.048042 -0.0477153 3.19001 0.0483294 0.99882 0.00488567 -0.940691 0.0474243 -0.00718051 0.998849 89.8766
0.997693 -0.0476811 -0.0483201 3.15902 0.0479432 0.998841 0.00428061 -0.952076 0.04806 -0.00658735 0.998823 90.4132
0.99773 -0.047621 -0.0476163 3.13027 0.0478227 0.998851 0.00310471 -0.954815 0.0474137 -0.0053748 0.998861 90.9505
0.997798 -0.0474269 -0.046375 3.10508 0.0476123 0.998862 0.00289961 -0.954497 0.0461847 -0.00510124 0.99892 91.4964
0.997862 -0.0478871 -0.0444666 3.07869 0.0480971 0.998836 0.00366619 -0.964288 0.0442392 -0.00579707 0.999004 92.057
0.997973 -0.0480456 -0.0417196 3.05185 0.0482442 0.998828 0.00376743 -0.965817 0.0414897 -0.00577253 0.999122 92.6291
0.998109 -0.0479039 -0.0385095 3.02592 0.0481112 0.998832 0.00447233 -0.971047 0.0382503 -0.00631661 0.999248 93.2112
0.998245 -0.0473336 -0.0355899 3.00978 0.0475361 0.998858 0.00486446 -0.976798 0.035319 -0.00654773 0.999355 93.8011
0.998367 -0.047418 -0.0318703 2.99002 0.0476196 0.99885 0.00559511 -0.975553 0.0315684 -0.00710362 0.999476 94.4042
0.998546 -0.0467203 -0.0269091 2.97275 0.0469059 0.998879 0.00630949 -0.981955 0.0265842 -0.00756251 0.999618 95.0138
0.998701 -0.0463345 -0.0211762 2.96074 0.046487 0.998896 0.00676515 -0.986344 0.0208393 -0.00774078 0.999753 95.6403
0.998838 -0.0457942 -0.0150126 2.95441 0.0459244 0.998909 0.00844245 -0.992485 0.0146096 -0.00912208 0.999852 96.2692
0.998935 -0.0454308 -0.00799689 2.95113 0.0455085 0.998916 0.00981366 -0.992069 0.00754238 -0.0101671 0.99992 96.9019
0.999034 -0.0439358 -0.000665422 2.95142 0.0439404 0.998974 0.0109245 -0.997355 0.000184762 -0.0109432 0.99994 97.542
0.999021 -0.0436885 0.00695509 2.95646 0.0435999 0.998972 0.0124206 -0.998338 -0.00749058 -0.0121052 0.999899 98.1797
0.998896 -0.04433 0.0155205 2.96693 0.04412 0.998933 0.0136205 -0.998497 -0.0161077 -0.0129208 0.999787 98.8147
0.998683 -0.0446301 0.0252894 2.98709 0.0442627 0.998909 0.0149096 -0.999216 -0.0259272 -0.0137706 0.999569 99.4488
0.998392 -0.044335 0.0353375 3.01174 0.0437677 0.998903 0.0166686 -0.999509 -0.0360377 -0.0150951 0.999236 100.078
0.997963 -0.0438565 0.0463328 3.0423 0.0430124 0.998893 0.0190621 -0.997558 -0.0471175 -0.0170304 0.998744 100.7
0.997355 -0.0432364 0.0584226 3.08012 0.0420309 0.99888 0.0217097 -0.994423 -0.0592958 -0.0191968 0.998056 101.304
0.996451 -0.0432882 0.0721892 3.12887 0.041735 0.998867 0.0228875 -0.992467 -0.0730981 -0.0197934 0.997128 101.9
0.995174 -0.0421872 0.0885957 3.18377 0.0402868 0.99892 0.0231304 -0.989087 -0.0894759 -0.0194495 0.995799 102.486
0.993229 -0.0416634 0.108444 3.25023 0.03932 0.998947 0.023659 -0.985187 -0.109316 -0.0192347 0.993821 103.071
0.99057 -0.0427018 0.130183 3.33904 0.0398179 0.998902 0.0246774 -0.97851 -0.131094 -0.019261 0.991183 103.652
0.987406 -0.0458697 0.151414 3.43898 0.0424555 0.998768 0.0257063 -0.972263 -0.152407 -0.0189541 0.988136 104.229
0.98383 -0.0496338 0.172092 3.55256 0.0455498 0.998581 0.0276022 -0.96509 -0.173218 -0.0193171 0.984694 104.794
0.979791 -0.0532019 0.192817 3.68132 0.0483237 0.998384 0.0299179 -0.960384 -0.194097 -0.0199957 0.980779 105.357
0.97538 -0.0566423 0.213134 3.8226 0.0511459 0.998203 0.031219 -0.947094 -0.21452 -0.0195494 0.976524 105.918
0.970834 -0.0611571 0.23182 3.96953 0.0551622 0.997956 0.0322609 -0.933236 -0.23332 -0.0185323 0.972223 106.477
0.966849 -0.0665131 0.246533 4.12247 0.0601653 0.997636 0.033201 -0.917863 -0.248159 -0.0172676 0.968566 107.025
0.964092 -0.0734605 0.255205 4.28172 0.0670092 0.997176 0.0338946 -0.899619 -0.256974 -0.0155764 0.966293 107.569
0.963235 -0.0814291 0.256022 4.44232 0.0750813 0.996581 0.0344878 -0.887464 -0.257955 -0.0139974 0.966055 108.109
0.964144 -0.0875239 0.250532 4.58801 0.0813365 0.996073 0.0349659 -0.879059 -0.252609 -0.0133347 0.967477 108.648
0.966605 -0.08986 0.24 4.71589 0.0841029 0.995872 0.0341448 -0.867056 -0.242077 -0.0128199 0.970172 109.178
0.970378 -0.0908957 0.223842 4.82589 0.0857002 0.99578 0.0328381 -0.859055 -0.225882 -0.012682 0.974072 109.699
0.975006 -0.091521 0.202451 4.91997 0.0869565 0.995719 0.0313459 -0.850892 -0.204453 -0.012958 0.978791 110.214
0.979633 -0.0918481 0.17856 4.996 0.0880453 0.995691 0.0291237 -0.84554 -0.180465 -0.0128092 0.983498 110.724
0.983871 -0.0923423 0.153203 5.05584 0.089213 0.995641 0.0271913 -0.842172 -0.155047 -0.013085 0.98782 111.23
0.987632 -0.0934288 0.125911 5.09896 0.0908843 0.995527 0.0258166 -0.836177 -0.127759 -0.014054 0.991706 111.727
0.990915 -0.0947659 0.095425 5.12574 0.0927578 0.995368 0.0252744 -0.841761 -0.0973781 -0.0161934 0.995116 112.224
0.993696 -0.094022 0.0610573 5.13191 0.0928087 0.995432 0.0224176 -0.842627 -0.0628861 -0.0166096 0.997882 112.715
0.995468 -0.0919693 0.0242041 5.11147 0.0915222 0.995622 0.0189766 -0.848909 -0.0258434 -0.0166753 0.999527 113.195
0.996023 -0.0881688 -0.0127931 5.07083 0.0883671 0.995962 0.0158684 -0.853144 0.0113424 -0.0169358 0.999792 113.668
0.995455 -0.0825915 -0.0474191 5.00972 0.08331 0.996434 0.0133778 -0.856261 0.0461451 -0.0172675 0.998785 114.142
0.99402 -0.0760472 -0.0783707 4.93916 0.0771319 0.996961 0.0109041 -0.860681 0.0773034 -0.0168838 0.996865 114.61
0.992053 -0.0701424 -0.104453 4.86076 0.0714382 0.997407 0.00871262 -0.862654 0.103571 -0.0161053 0.994492 115.075
0.989777 -0.065201 -0.126848 4.77326 0.0667471 0.997738 0.00797152 -0.866668 0.126041 -0.0163568 0.99189 115.534
0.987424 -0.0600406 -0.146253 4.67794 0.0618176 0.998058 0.00763142 -0.875305 0.145511 -0.0165764 0.989218 115.994
0.985247 -0.0561252 -0.161676 4.58252 0.0579501 0.998298 0.00659007 -0.878553 0.161031 -0.015862 0.986822 116.453
0.983606 -0.0533341 -0.172263 4.48945 0.0547377 0.998495 0.00340445 -0.886073 0.171822 -0.0127779 0.985045 116.918
0.982889 -0.0490685 -0.177543 4.38765 0.0498911 0.998755 0.00016889 -0.889067 0.177314 -0.00902381 0.984113 117.399
0.9829 -0.0440589 -0.178789 4.2836 0.0445569 0.999006 -0.00123124 -0.893651 0.178666 -0.00675609 0.983887 117.899
0.983641 -0.0387856 -0.175913 4.17644 0.0392817 0.999228 -0.000662463 -0.900018 0.175803 -0.00625854 0.984405 118.425
0.984887 -0.0360278 -0.169408 4.08017 0.036481 0.999334 -0.000438049 -0.902817 0.169311 -0.00574873 0.985546 118.969
0.986707 -0.0334216 -0.159033 3.99187 0.0338624 0.999427 6.21471e-05 -0.90878 0.15894 -0.00544657 0.987273 119.531
0.988853 -0.0301684 -0.145804 3.90308 0.0304147 0.999537 -0.00054001 -0.913548 0.145753 -0.0039006 0.989313 120.115
0.99106 -0.0254885 -0.130963 3.82266 0.0256483 0.999671 -0.000466331 -0.91616 0.130932 -0.00289682 0.991387 120.723
0.993044 -0.0239837 -0.115274 3.75197 0.0243419 0.999702 0.00170107 -0.919499 0.115199 -0.00449523 0.993332 121.353
0.994731 -0.0255462 -0.0992855 3.69551 0.025921 0.999661 0.00248656 -0.924664 0.0991883 -0.00504704 0.995056 122.015
0.996176 -0.0270337 -0.0830832 3.64995 0.0273276 0.999624 0.00240211 -0.927622 0.082987 -0.0046634 0.99654 122.688
0.997289 -0.0291996 -0.0675406 3.61625 0.0293747 0.999567 0.00159981 -0.932212 0.0674647 -0.00357946 0.997715 123.389
0.998173 -0.0286888 -0.0531818 3.58845 0.0287094 0.999588 -0.000376062 -0.931854 0.0531707 -0.00115144 0.998585 124.1
0.998818 -0.0287677 -0.0391768 3.56414 0.0287247 0.999586 -0.00165917 -0.940416 0.0392083 0.00053187 0.999231 124.847
0.999216 -0.0301898 -0.025616 3.54493 0.0301563 0.999544 -0.00169141 -0.951882 0.0256554 0.000917599 0.99967 125.632
0.999403 -0.0323015 -0.012225 3.54178 0.0322841 0.999477 -0.00161886 -0.956117 0.0122709 0.00122322 0.999924 126.421
0.999399 -0.0346504 -0.000185064 3.54642 0.0346503 0.999399 -0.000656675 -0.956295 0.000207707 0.000649868 1 127.239
0.999335 -0.0348486 0.0107103 3.5425 0.0348463 0.999393 0.000405576 -0.956954 -0.0107179 -3.20934e-05 0.999943 128.079
0.999199 -0.0354101 0.0186628 3.55185 0.0353794 0.999372 0.00197073 -0.956103 -0.0187209 -0.00130887 0.999824 128.926
0.999002 -0.0380425 0.0233979 3.58115 0.0379818 0.999274 0.00303112 -0.960022 -0.0234962 -0.0021394 0.999722 129.784
0.998841 -0.0401882 0.0264931 3.61111 0.0400925 0.999187 0.00413662 -0.968434 -0.0266378 -0.00306965 0.99964 130.643
0.99877 -0.0406263 0.0284083 3.63721 0.0404897 0.999166 0.00536976 -0.983625 -0.0286027 -0.00421292 0.999582 131.503
0.998718 -0.0410381 0.0296355 3.6567 0.0408708 0.999145 0.00622824 -0.985719 -0.0298657 -0.00500903 0.999541 132.362
0.998721 -0.0403496 0.0304624 3.67645 0.0401393 0.999166 0.00748583 -0.987824 -0.0307391 -0.00625351 0.999508 133.218
0.998707 -0.0400854 0.0312549 3.70477 0.0397919 0.999158 0.00995666 -0.994456 -0.0316277 -0.0087001 0.999462 134.091
0.998693 -0.0398204 0.0320506 3.7292 0.0393939 0.999128 0.0138304 -0.99927 -0.0325733 -0.0125498 0.999391 134.96
0.998626 -0.0415203 0.0319774 3.7545 0.0409681 0.999003 0.0177344 -1.00033 -0.0326819 -0.0164 0.999331 135.818
0.998616 -0.0422066 0.0313737 3.7749 0.0415878 0.998932 0.0201206 -1.00044 -0.0321894 -0.0187879 0.999305 136.676
0.99861 -0.04315 0.0302788 3.79992 0.0425534 0.998892 0.0200808 -0.999646 -0.0311118 -0.0187644 0.99934 137.536
0.998615 -0.0438608 0.0290588 3.82347 0.0433521 0.998899 0.0179099 -0.997918 -0.0298123 -0.0166253 0.999417 138.392
0.998602 -0.0448458 0.0279769 3.84546 0.0444103 0.998885 0.0159992 -0.995271 -0.0286632 -0.0147344 0.999481 139.245
0.99859 -0.0455408 0.0272642 3.86539 0.045132 0.998862 0.0154259 -0.994053 -0.0279357 -0.0141737 0.999509 140.099
0.998584 -0.0459653 0.0267747 3.88578 0.0455596 0.99884 0.0155702 -0.992299 -0.0274593 -0.0143284 0.99952 140.951
0.998657 -0.0439558 0.0274089 3.8999 0.043525 0.998922 0.0161209 -0.991819 -0.028088 -0.0149063 0.999494 141.802
0.998625 -0.0436853 0.0289732 3.92044 0.0432334 0.998936 0.0160457 -0.987415 -0.0296433 -0.014771 0.999451 142.649
0.998517 -0.0444772 0.0313865 3.94463 0.0439834 0.9989 0.016252 -0.980077 -0.0320748 -0.0148474 0.999375 143.499
0.998502 -0.0417486 0.0353611 3.96768 0.0411586 0.999004 0.0172517 -0.982226 -0.0360461 -0.0157705 0.999226 144.35
0.998324 -0.0408283 0.0410156 3.99711 0.0401001 0.999026 0.0184221 -0.980686 -0.0417277 -0.0167465 0.998989 145.199
0.998022 -0.0409128 0.0477355 4.03279 0.0400017 0.999002 0.0198885 -0.97812 -0.0485016 -0.0179397 0.998662 146.051
0.997615 -0.0400729 0.0562024 4.08003 0.038935 0.999017 0.0211966 -0.973857 -0.0569966 -0.0189578 0.998194 146.89
0.997053 -0.0372009 0.0670857 4.12823 0.0357527 0.999104 0.0226605 -0.973088 -0.0678686 -0.0201953 0.99749 147.73
0.996172 -0.036845 0.0792702 4.19597 0.0350392 0.999096 0.0240525 -0.971417 -0.0800848 -0.0211829 0.996563 148.565
0.994938 -0.03723 0.0933428 4.27738 0.0350369 0.999073 0.0250249 -0.962492 -0.0941879 -0.0216278 0.995319 149.389
0.993337 -0.0373465 0.10903 4.37229 0.0347831 0.999074 0.0253187 -0.955079 -0.109875 -0.0213576 0.993716 150.218
0.991333 -0.0377333 0.125837 4.48254 0.0347705 0.999066 0.0256595 -0.947797 -0.126688 -0.0210617 0.991719 151.033
0.988878 -0.0386829 0.143609 4.60447 0.0353017 0.999038 0.0260194 -0.940392 -0.144477 -0.0206604 0.989292 151.85
0.986087 -0.0421206 0.160805 4.7509 0.0383681 0.998916 0.0263715 -0.928953 -0.161741 -0.0198348 0.986634 152.664
0.983184 -0.0466012 0.176574 4.91144 0.0423365 0.998715 0.0278455 -0.9169 -0.177645 -0.0199017 0.983893 153.472
0.980571 -0.0522321 0.18908 5.08925 0.0475131 0.998438 0.0294081 -0.90943 -0.190321 -0.019853 0.981521 154.275
0.978573 -0.0589899 0.197269 5.26098 0.0539662 0.998069 0.0307505 -0.895707 -0.198702 -0.0194457 0.979867 155.071
0.977614 -0.0653246 0.200007 5.43587 0.0602446 0.99769 0.0313874 -0.886617 -0.201595 -0.0186354 0.979292 155.86
0.977442 -0.0717414 0.198644 5.60239 0.0667652 0.997267 0.0316453 -0.879949 -0.200371 -0.0176689 0.979561 156.649
0.978162 -0.0767506 0.193154 5.76421 0.0719696 0.996904 0.0316594 -0.866307 -0.194986 -0.0170668 0.980658 157.432
0.979601 -0.081488 0.183687 5.91113 0.0770803 0.996542 0.0310212 -0.85857 -0.18558 -0.0162298 0.982495 158.211
0.981508 -0.0842952 0.17186 6.04643 0.0803538 0.996322 0.0297757 -0.849905 -0.173738 -0.0154155 0.984671 158.99
0.983357 -0.0863853 0.159834 6.16901 0.0828758 0.996152 0.0285075 -0.83866 -0.161681 -0.0147867 0.986732 159.764
0.984995 -0.0867286 0.149206 6.28233 0.0834838 0.996119 0.027886 -0.827139 -0.151046 -0.0150113 0.988413 160.54
0.986265 -0.0865959 0.140649 6.383 0.0834263 0.996112 0.0282885 -0.816495 -0.142552 -0.0161661 0.989655 161.317
0.987232 -0.0883416 0.132545 6.4884 0.0852222 0.995939 0.0290371 -0.806881 -0.134572 -0.0173706 0.990752 162.096
0.988246 -0.0891243 0.124201 6.58302 0.0861864 0.995861 0.0288406 -0.802613 -0.126257 -0.0177972 0.991838 162.863
0.989112 -0.089939 0.116481 6.66725 0.0871632 0.99578 0.0287194 -0.795934 -0.118573 -0.0182539 0.992778 163.623
0.989991 -0.0897182 0.108942 6.74497 0.0870296 0.995778 0.0291973 -0.788999 -0.111101 -0.0194239 0.993619 164.382
0.990674 -0.0918114 0.100673 6.82113 0.0892986 0.995577 0.029198 -0.778113 -0.102908 -0.0199357 0.994491 165.138
0.991416 -0.0917628 0.0931381 6.88919 0.089414 0.99557 0.0290943 -0.771598 -0.0953952 -0.0205167 0.995228 165.883
0.992318 -0.0892917 0.0856305 6.94828 0.0872787 0.995819 0.0269776 -0.765245 -0.0876813 -0.0192966 0.995962 166.618
0.992901 -0.0899059 0.0778698 7.00398 0.0882371 0.995795 0.02462 -0.752478 -0.0797559 -0.0175742 0.996659 167.337
0.993238 -0.0921355 0.0706365 7.04889 0.0907423 0.995616 0.022691 -0.749067 -0.0724175 -0.0161278 0.997244 168.035
0.993605 -0.0927464 0.0643985 7.08231 0.0914001 0.995536 0.0235521 -0.751615 -0.0662954 -0.0175155 0.997646 168.72
0.994022 -0.091667 0.0593026 7.11859 0.0904054 0.995625 0.0236227 -0.749227 -0.0612086 -0.0181202 0.997961 169.398
0.994413 -0.090131 0.0549522 7.15082 0.0889726 0.995764 0.0231789 -0.752517 -0.0568086 -0.0181602 0.99822 170.052
0.994463 -0.0915148 0.0516601 7.18168 0.0904849 0.995656 0.0219409 -0.752254 -0.0534436 -0.0171449 0.998424 170.686
0.994537 -0.0917943 0.0496909 7.20868 0.090823 0.995636 0.0214693 -0.752562 -0.0514448 -0.0168389 0.998534 171.301
0.994656 -0.0909474 0.0488625 7.23589 0.0900784 0.99574 0.019705 -0.748634 -0.0504464 -0.0151982 0.998611 171.904
0.994759 -0.0896849 0.0491031 7.25598 0.088857 0.995867 0.0187958 -0.746969 -0.0505858 -0.0143341 0.998617 172.479
0.994918 -0.0867906 0.0510361 7.27518 0.0859486 0.996128 0.0184722 -0.742773 -0.0524417 -0.0139919 0.998526 173.046
0.994749 -0.0863289 0.0549749 7.30534 0.0854247 0.996171 0.0185957 -0.746279 -0.0563697 -0.0138018 0.998315 173.596
0.994657 -0.0838378 0.0602401 7.34562 0.0828499 0.996386 0.0187181 -0.751391 -0.0615917 -0.0136272 0.998008 174.14
0.994302 -0.0822383 0.0678326 7.38336 0.0813609 0.996563 0.0156031 -0.751926 -0.0688827 -0.0099953 0.997575 174.669
0.993864 -0.0787102 0.0777086 7.42019 0.0779633 0.996877 0.0126035 -0.757536 -0.0784579 -0.00646774 0.996896 175.161
0.993037 -0.0743829 0.0913468 7.46378 0.0739515 0.997229 0.00810261 -0.756654 -0.0916964 -0.00129095 0.995786 175.66
0.99154 -0.0705529 0.108956 7.51399 0.0703217 0.997507 0.00596836 -0.758565 -0.109105 0.00174411 0.994029 176.148
0.989394 -0.066529 0.129127 7.58021 0.0662665 0.997782 0.00633285 -0.756636 -0.129262 0.00229112 0.991608 176.643
0.986035 -0.0665343 0.152668 7.66598 0.0661652 0.99778 0.00750194 -0.746752 -0.152828 0.00270413 0.988249 177.13
0.981394 -0.0711168 0.17835 7.77747 0.0702038 0.997467 0.011433 -0.744826 -0.178711 0.00130056 0.983901 177.608
0.975523 -0.0762106 0.206269 7.90435 0.0749135 0.99709 0.0141032 -0.740518 -0.206744 0.00169431 0.978394 178.081
0.968421 -0.0772336 0.237055 8.0385 0.0751996 0.997013 0.0176245 -0.735318 -0.237708 0.000758496 0.971336 178.547
0.960033 -0.07253 0.270325 8.17895 0.0695955 0.997366 0.0204382 -0.730026 -0.271096 -0.000807897 0.962552 178.992
0.950413 -0.0605104 0.305047 8.32148 0.0568546 0.998164 0.0208623 -0.720808 -0.30575 -0.00248445 0.952109 179.429
0.938844 -0.0518424 0.340417 8.47583 0.0476826 0.99865 0.0205805 -0.711477 -0.341025 -0.00308992 0.940049 179.85
0.925637 -0.0497663 0.375126 8.66061 0.0456205 0.99876 0.0199308 -0.71639 -0.375652 -0.00133521 0.92676 180.247
0.909338 -0.0588438 0.411876 8.88673 0.0555293 0.998256 0.0200212 -0.713969 -0.412336 0.00466517 0.91102 180.642
0.889683 -0.0656804 0.451829 9.13288 0.0643043 0.99776 0.0184205 -0.704564 -0.452027 0.0126662 0.891914 181.034
0.867406 -0.0655312 0.493268 9.38947 0.0631944 0.997771 0.0214285 -0.693438 -0.493572 0.0125845 0.869614 181.424
0.842688 -0.0590291 0.535156 9.65244 0.0519131 0.998249 0.028364 -0.681904 -0.535893 0.00387957 0.844277 181.822
0.815231 -0.0565747 0.576367 9.94383 0.0422324 0.998375 0.0382632 -0.665751 -0.577595 -0.00685198 0.816295 182.212
0.784825 -0.0546829 0.6173 10.2609 0.0343091 0.998406 0.0448227 -0.647463 -0.618767 -0.013999 0.78545 182.589
0.750776 -0.0574435 0.658055 10.6032 0.030998 0.998178 0.0517682 -0.641549 -0.65983 -0.0184679 0.751188 182.938
0.714121 -0.0593919 0.697498 10.982 0.0302868 0.998083 0.053978 -0.622944 -0.699367 -0.0174219 0.714551 183.271
0.673043 -0.0571313 0.737394 11.3791 0.0286039 0.998277 0.0512361 -0.60295 -0.73905 -0.0133918 0.673517 183.581
0.628989 -0.0514522 0.77571 11.7905 0.0239216 0.998616 0.0468404 -0.581739 -0.777046 -0.0109059 0.629349 183.865
0.582382 -0.0471555 0.811547 12.2189 0.0194293 0.998838 0.0440954 -0.556166 -0.812683 -0.00991258 0.582621 184.133
0.534213 -0.0468201 0.844052 12.673 0.0134051 0.998809 0.0469203 -0.536332 -0.845244 -0.0137508 0.534204 184.389
0.485462 -0.0485947 0.872906 13.1508 0.0079774 0.998659 0.0511588 -0.515283 -0.874221 -0.0178721 0.485198 184.622
0.435775 -0.0500842 0.898661 13.6571 0.0104882 0.998665 0.0505717 -0.497083 -0.899994 -0.0126126 0.435719 184.813
0.386224 -0.046721 0.921221 14.1677 0.0109977 0.998879 0.0460487 -0.475842 -0.92234 -0.0076538 0.386305 184.985
0.339748 -0.0453426 0.939423 14.6947 0.0120666 0.998965 0.0438526 -0.453262 -0.940439 -0.00356316 0.339943 185.138
0.298197 -0.0438747 0.953495 15.2215 0.00821319 0.999024 0.0434011 -0.421161 -0.954469 -0.00511083 0.298266 185.278
0.260512 -0.0438826 0.964473 15.779 0.00118222 0.99898 0.0451334 -0.394314 -0.96547 -0.0106176 0.260299 185.417
0.228455 -0.0466384 0.972437 16.3427 -0.000135099 0.99885 0.0479369 -0.375295 -0.973554 -0.0110828 0.228187 185.533
0.198798 -0.0510899 0.978708 16.9113 0.00363685 0.998672 0.0513933 -0.360841 -0.980034 -0.00665749 0.19872 185.625
0.173429 -0.0524259 0.98345 17.5055 0.00471879 0.998615 0.0524022 -0.343162 -0.984835 -0.00444736 0.173436 185.712
0.152982 -0.0497693 0.986975 18.1102 0.00160519 0.998742 0.0501138 -0.31435 -0.988228 -0.00608223 0.15287 185.803
0.135814 -0.0470731 0.989615 18.7229 -0.000678025 0.998866 0.0476061 -0.277398 -0.990734 -0.00713654 0.135628 185.879
0.119753 -0.0503781 0.991525 19.3516 -0.0019727 0.998698 0.0509808 -0.252093 -0.992802 -0.00806107 0.119497 185.951
0.105408 -0.054171 0.992953 20.0027 -0.000910056 0.998509 0.0545708 -0.227748 -0.994429 -0.00665582 0.105201 186.006
0.0895187 -0.0556229 0.994431 20.6633 0.002977 0.99845 0.0555797 -0.194455 -0.995981 -0.002015 0.0895455 186.048
0.0725396 -0.0561507 0.995784 21.3499 0.00359148 0.998422 0.0560379 -0.165547 -0.997359 -0.000488628 0.0726268 186.093
0.0557098 -0.0579028 0.996767 22.0391 0.00631221 0.998317 0.0576401 -0.12941 -0.998427 0.00308068 0.0559816 186.12
0.0391988 -0.0576269 0.997568 22.7416 0.00516033 0.998334 0.0574684 -0.090205 -0.999218 0.00289509 0.0394309 186.141
0.0224576 -0.057124 0.998114 23.4586 0.00237671 0.998366 0.057085 -0.0599787 -0.999745 0.00109024 0.0225567 186.156
0.00623506 -0.0565475 0.99838 24.1834 -0.000360655 0.9984 0.0565509 -0.0314084 -0.99998 -0.000712668 0.00620469 186.164
-0.00756131 -0.0536487 0.998531 24.9299 0.00170236 0.998558 0.053663 -0.00209203 -0.99997 0.00210562 -0.00745907 186.153
-0.0187223 -0.0481726 0.998664 25.6858 0.00259007 0.998833 0.0482294 0.0310785 -0.999821 0.00348957 -0.0185757 186.131
-0.0286031 -0.0452266 0.998567 26.4815 -0.00034144 0.998976 0.0452353 0.0696239 -0.999591 0.000952921 -0.0285893 186.108
-0.0356488 -0.0440515 0.998393 27.2904 -0.00507119 0.999023 0.0438983 0.109041 -0.999352 -0.00349812 -0.0358373 186.086
-0.0408105 -0.0445713 0.998172 28.1103 -0.00622726 0.998996 0.0443535 0.137213 -0.999147 -0.00440578 -0.0410471 186.063
-0.0435832 -0.0464518 0.997969 28.9517 -0.00706205 0.998908 0.0461871 0.165671 -0.999025 -0.00503473 -0.0438636 186.039
-0.0436999 -0.0465167 0.997961 29.7938 -0.00770461 0.998901 0.0462231 0.198291 -0.999015 -0.00566896 -0.0440103 186.004
-0.0431036 -0.0469683 0.997966 30.6576 -0.00728755 0.998883 0.0466967 0.231798 -0.999044 -0.00525993 -0.0433977 185.976
-0.0419718 -0.0487402 0.997929 31.5356 -0.00458737 0.998808 0.0485902 0.270482 -0.999108 -0.00253845 -0.0421453 185.939
-0.0408347 -0.0513967 0.997843 32.4287 -0.0024269 0.998678 0.0513404 0.298483 -0.999163 -0.000325194 -0.0409054 185.905
-0.0392214 -0.0528065 0.997834 33.317 -0.00511043 0.9986 0.0526462 0.334456 -0.999217 -0.0030345 -0.0394363 185.882
-0.0375101 -0.0530208 0.997889 34.2124 -0.0044984 0.99859 0.052889 0.376556 -0.999286 -0.00250503 -0.0376957 185.852
-0.0353036 -0.0531213 0.997964 35.1142 -0.000920639 0.998588 0.053122 0.419172 -0.999376 0.000956632 -0.0353026 185.819
-0.0339304 -0.0530713 0.998014 36.0164 0.00186998 0.998584 0.0531652 0.455232 -0.999422 0.00367019 -0.0337831 185.792
-0.0325748 -0.0523863 0.998095 36.931 0.00188362 0.99862 0.0524754 0.494156 -0.999468 0.00358941 -0.0324312 185.765
-0.0307782 -0.0517611 0.998185 37.8428 0.00413862 0.998643 0.0519124 0.53924 -0.999518 0.00572888 -0.0305223 185.747
-0.0279036 -0.0505608 0.998331 38.7862 0.00737937 0.998682 0.0507848 0.588964 -0.999583 0.00878414 -0.0274937 185.722
-0.0248669 -0.0500982 0.998435 39.723 0.01099 0.998669 0.0503837 0.626965 -0.99963 0.0122257 -0.0242832 185.697
-0.0207077 -0.0500609 0.998531 40.6588 0.0139285 0.998634 0.0503549 0.666399 -0.999689 0.0149507 -0.0199822 185.676
-0.0165336 -0.0503928 0.998593 41.6095 0.0144809 0.998612 0.0506336 0.712918 -0.999758 0.0152977 -0.0157809 185.67
-0.0124402 -0.0505525 0.998644 42.5671 0.0144821 0.998607 0.0507311 0.747107 -0.999818 0.0150936 -0.0116907 185.664
-0.00915022 -0.0506249 0.998676 43.5144 0.0129612 0.998628 0.0507413 0.781261 -0.999874 0.0134083 -0.00848151 185.669
-0.00756861 -0.0528539 0.998574 44.46 0.00899355 0.998558 0.0529212 0.816684 -0.999931 0.00938126 -0.00708236 185.679
-0.00800056 -0.0557625 0.998412 45.422 0.0060163 0.998423 0.0558113 0.861259 -0.99995 0.00645327 -0.00765246 185.681
-0.00943153 -0.0590155 0.998213 46.3772 0.00593249 0.998236 0.059073 0.90487 -0.999938 0.00647904 -0.00906478 185.68
-0.0110911 -0.0623838 0.997991 47.3311 0.00372439 0.998042 0.0624284 0.950155 -0.999932 0.00440931 -0.0108371 185.676
-0.0139004 -0.0649842 0.997789 48.2767 -0.00228791 0.997885 0.0649586 0.996133 -0.999901 -0.00137991 -0.0140197 185.676
-0.0176374 -0.0664627 0.997633 49.2285 -0.00487162 0.997782 0.0663865 1.0375 -0.999833 -0.00368921 -0.017922 185.668
-0.0203693 -0.0646814 0.997698 50.1742 -0.0101294 0.997867 0.0644856 1.08177 -0.999741 -0.0087926 -0.020981 185.664
-0.0240015 -0.0619779 0.997789 51.1177 -0.0107867 0.998034 0.0617337 1.12814 -0.999654 -0.0092811 -0.0246229 185.648
-0.0264766 -0.0582174 0.997953 52.0631 -0.00994275 0.998269 0.057972 1.17172 -0.9996 -0.00838749 -0.0270096 185.633
-0.0278265 -0.0536879 0.99817 52.9958 -0.0160987 0.998451 0.0532543 1.21041 -0.999483 -0.0145873 -0.0286477 185.616
-0.0304057 -0.0519989 0.998184 53.93 -0.0152769 0.998553 0.0515528 1.24845 -0.999421 -0.0136817 -0.0311561 185.595
-0.0311802 -0.0528274 0.998117 54.8647 -0.0122611 0.998547 0.0524672 1.28377 -0.999439 -0.0106021 -0.0317826 185.566
-0.0325116 -0.0556078 0.997923 55.7957 -0.0121282 0.998399 0.0552392 1.32235 -0.999398 -0.0103071 -0.033134 185.54
-0.032696 -0.0554269 0.997927 56.7203 -0.0134872 0.998395 0.0550109 1.35695 -0.999374 -0.0116606 -0.0333911 185.518
-0.031666 -0.0569666 0.997874 57.6398 -0.0133308 0.99831 0.0565684 1.39621 -0.99941 -0.0115112 -0.0323719 185.494
-0.031847 -0.0595298 0.997718 58.566 -0.0087116 0.998203 0.0592807 1.43054 -0.999455 -0.00680381 -0.0323084 185.468
-0.0317401 -0.0622659 0.997555 59.4993 -0.00626326 0.99805 0.0620976 1.47714 -0.999477 -0.00427697 -0.0320682 185.436
-0.0320624 -0.0616254 0.997584 60.4058 -0.00420308 0.998097 0.0615219 1.51069 -0.999477 -0.00222038 -0.0322604 185.413
-0.0319167 -0.0585837 0.997772 61.3136 -0.00366712 0.998281 0.0584962 1.54972 -0.999484 -0.00179195 -0.0320767 185.39
-0.0315671 -0.0530213 0.998094 62.2019 -0.00178243 0.998593 0.0529914 1.59505 -0.9995 -0.000106247 -0.0316172 185.36
-0.0314535 -0.0514858 0.998178 63.0977 0.00190595 0.998668 0.0515711 1.62664 -0.999503 0.00352457 -0.0313135 185.332
-0.0316096 -0.0539206 0.998045 63.9958 0.00606944 0.998515 0.0541383 1.67126 -0.999482 0.00776886 -0.0312354 185.3
-0.031932 -0.0567035 0.99788 64.9204 0.00785983 0.998344 0.0569814 1.71304 -0.999459 0.0096627 -0.0314334 185.275
-0.0320243 -0.0568205 0.997871 65.8418 0.00946174 0.998321 0.0571498 1.75525 -0.999442 0.0112718 -0.0314329 185.248
-0.0319681 -0.0531799 0.998073 66.7664 0.0118534 0.998493 0.0535819 1.79971 -0.999419 0.0135435 -0.0312895 185.221
-0.0319744 -0.0500873 0.998233 67.6848 0.0120227 0.998652 0.0504934 1.84266 -0.999416 0.0136159 -0.0313291 185.192
-0.0330578 -0.0513099 0.998135 68.6227 0.0122287 0.998586 0.0517381 1.87303 -0.999379 0.0139162 -0.0323836 185.16
-0.0343163 -0.0542221 0.997939 69.5592 0.01207 0.998432 0.0546639 1.91619 -0.999338 0.013921 -0.033608 185.132
-0.0358099 -0.0565098 0.99776 70.5004 0.0107511 0.99832 0.0569274 1.95208 -0.999301 0.0127656 -0.0351422 185.106
-0.0371983 -0.0566392 0.997702 71.45 0.00771444 0.998346 0.0569634 1.99455 -0.999278 0.00981566 -0.0366999 185.086
-0.0380931 -0.056114 0.997697 72.4109 0.00650095 0.998387 0.056401 2.04305 -0.999253 0.00863446 -0.0376668 185.062
-0.038217 -0.0549569 0.997757 73.3901 0.00701496 0.998447 0.0552636 2.09224 -0.999245 0.00911123 -0.0377721 185.029
