0.999969 -0.000251231 0.0078367 0.00449569 0.000251846 1 -7.74665e-05 -0.00900717 -0.00783668 7.94377e-05 0.999969 0.652583
0.999908 -0.00117949 0.0135026 0.0208983 0.00117945 0.999999 1.06635e-05 -0.0190792 -0.0135026 5.26312e-06 0.999909 1.32495
0.999842 -0.00237169 0.0176316 0.0389027 0.00237347 0.999997 -7.99574e-05 -0.0210532 -0.0176314 0.000121793 0.999845 2.02514
0.999789 -0.00296269 0.0203197 0.0539736 0.00295732 0.999996 0.000294388 -0.0216359 -0.0203204 -0.000234235 0.999793 2.73968
0.999752 -0.00286494 0.0220826 0.0681454 0.0028417 0.999995 0.00108367 -0.0220275 -0.0220856 -0.00102065 0.999756 3.46917
0.999724 -0.00285092 0.0233279 0.0893106 0.00281583 0.999995 0.00153695 -0.0307705 -0.0233322 -0.00147084 0.999727 4.21406
0.999704 -0.00227107 0.0242401 0.109268 0.00222848 0.999996 0.00178379 -0.0345644 -0.0242441 -0.00172925 0.999705 4.97395
0.999671 -0.00258952 0.0255261 0.120478 0.00253586 0.999995 0.00213431 -0.0430958 -0.0255315 -0.00206888 0.999672 5.76138
0.999651 -0.00452419 0.0260386 0.13889 0.00447142 0.999988 0.00208463 -0.0443187 -0.0260477 -0.00196747 0.999659 6.56606
0.999637 -0.00661743 0.0260983 0.161874 0.00654495 0.999974 0.0028617 -0.0422255 -0.0261165 -0.00268985 0.999655 7.38171
0.999635 -0.00770421 0.0259101 0.183445 0.00762099 0.999965 0.00330918 -0.0409967 -0.0259347 -0.00311051 0.999659 8.22384
0.99966 -0.00756494 0.0249514 0.197159 0.00747348 0.999965 0.00375659 -0.0394181 -0.024979 -0.00356884 0.999682 9.0824
0.999698 -0.00754796 0.0233821 0.217557 0.0074592 0.999965 0.00388114 -0.0379507 -0.0234105 -0.00370555 0.999719 9.95985
0.999731 -0.00679717 0.0221575 0.233228 0.00671295 0.99997 0.00387318 -0.041041 -0.0221831 -0.00372339 0.999747 10.8504
0.999752 -0.00682388 0.0211764 0.246129 0.00675868 0.999972 0.00314883 -0.0424518 -0.0211973 -0.00300493 0.999771 11.7517
0.999789 -0.00381671 0.0201657 0.256995 0.00380479 0.999993 0.000629456 -0.0487431 -0.020168 -0.000552597 0.999796 12.6627
0.999824 -2.86998e-05 0.0187821 0.270039 4.39553e-05 1 -0.000811824 -0.0484868 -0.0187821 0.000812507 0.999823 13.5899
0.999844 0.00153138 0.0176239 0.276036 -0.00151204 0.999998 -0.00111043 -0.0498113 -0.0176255 0.00108361 0.999844 14.532
0.999862 0.00259337 0.0164375 0.284349 -0.00260622 0.999996 0.000760856 -0.0551474 -0.0164355 -0.00080359 0.999865 15.4818
0.999865 0.00535693 0.0155614 0.290361 -0.00537815 0.999985 0.00132199 -0.0650033 -0.0155541 -0.00140551 0.999878 16.4351
0.999872 0.00716793 0.0143183 0.292198 -0.00718782 0.999973 0.00133811 -0.075706 -0.0143084 -0.00144086 0.999897 17.3756
0.999876 0.00943807 0.0126446 0.295774 -0.00945626 0.999954 0.00137962 -0.0933838 -0.012631 -0.00149902 0.999919 18.3197
0.999899 0.00873543 0.011175 0.305405 -0.00874703 0.999961 0.000989916 -0.108584 -0.0111659 -0.00108756 0.999937 19.2588
0.999909 0.00949573 0.00960459 0.312311 -0.00950431 0.999954 0.000848187 -0.118439 -0.0095961 -0.000939395 0.999954 20.1857
0.99994 0.00690605 0.00851672 0.317404 -0.006923 0.999974 0.00196297 -0.125608 -0.00850295 -0.00202181 0.999962 21.1107
0.999971 0.00303467 0.00692499 0.324723 -0.00306542 0.999985 0.00443511 -0.139281 -0.00691143 -0.00445621 0.999966 22.0342
0.999986 0.00182521 0.00503969 0.328053 -0.00185453 0.999981 0.00581943 -0.149834 -0.00502897 -0.00582869 0.99997 22.9553
0.999993 -0.000695424 0.00353927 0.332138 0.000673249 0.99998 0.00626275 -0.152721 -0.00354355 -0.00626033 0.999974 23.8781
0.99999 -0.00408759 0.0020656 0.336157 0.00407094 0.99996 0.00799865 -0.160586 -0.00209822 -0.00799016 0.999966 24.7972
0.999983 -0.00564626 0.001389 0.33982 0.00563184 0.999932 0.0101722 -0.160555 -0.00144635 -0.0101642 0.999947 25.7366
0.999984 -0.00554592 0.000624 0.333706 0.00553807 0.999913 0.0119558 -0.161756 -0.000690252 -0.0119522 0.999928 26.6625
0.999974 -0.00723005 -0.000779891 0.334596 0.00723914 0.999897 0.0123658 -0.163547 0.000690406 -0.0123712 0.999923 27.5799
0.999932 -0.0114643 -0.00223617 0.33764 0.0114929 0.999846 0.013228 -0.164462 0.00208418 -0.0132528 0.99991 28.4955
0.999845 -0.01717 -0.00390065 0.342897 0.0172286 0.999731 0.0155429 -0.159722 0.00363273 -0.0156077 0.999872 29.4019
0.999783 -0.0201694 -0.00522136 0.337669 0.0202525 0.999661 0.0163681 -0.161803 0.00488945 -0.0164703 0.999852 30.2998
0.999685 -0.0239906 -0.00731567 0.336837 0.0241055 0.999581 0.016034 -0.170996 0.00692793 -0.0162053 0.999845 31.2102
0.999545 -0.0287155 -0.00917781 0.324144 0.0288395 0.999491 0.0136679 -0.165844 0.00878066 -0.0139264 0.999864 32.1019
0.999457 -0.0308796 -0.011454 0.319655 0.0310191 0.999444 0.0122037 -0.17373 0.0110707 -0.0125523 0.99986 32.995
0.999447 -0.0304086 -0.0134445 0.302024 0.0305688 0.999462 0.0118762 -0.171916 0.0130761 -0.0122806 0.999839 33.8832
0.999471 -0.0284278 -0.0158016 0.282095 0.028628 0.999511 0.0125944 -0.181903 0.0154358 -0.0130401 0.999796 34.7658
0.999443 -0.0281643 -0.0179023 0.26323 0.0283925 0.999517 0.012623 -0.182339 0.0175382 -0.0131242 0.99976 35.6503
0.999439 -0.0270578 -0.0197395 0.23931 0.0273131 0.999545 0.0127813 -0.185239 0.0193847 -0.0133132 0.999723 36.525
0.999424 -0.0263335 -0.0214203 0.215214 0.0265913 0.999576 0.0118388 -0.189919 0.0210995 -0.0124016 0.9997 37.3981
0.999386 -0.0262692 -0.0232008 0.192672 0.0264991 0.999602 0.00965757 -0.19293 0.0229379 -0.0102664 0.999684 38.2638
0.99937 -0.025605 -0.0245946 0.168563 0.0257811 0.999644 0.00686815 -0.20213 0.02441 -0.0074979 0.999674 39.1237
0.99937 -0.0247402 -0.025449 0.143353 0.0248451 0.999684 0.00381604 -0.208108 0.0253465 -0.00444591 0.999669 39.9797
0.999362 -0.0247689 -0.0257392 0.114646 0.0248287 0.99969 0.00200805 -0.220187 0.0256815 -0.00264584 0.999667 40.8282
0.999327 -0.0265342 -0.025323 0.0922559 0.0265572 0.999647 0.000573255 -0.234215 0.0252989 -0.00124538 0.999679 41.6808
0.999345 -0.0266371 -0.0244806 0.0698892 0.0266548 0.999645 0.000395322 -0.247177 0.0244614 -0.00104759 0.9997 42.5254
0.999356 -0.0273828 -0.0231938 0.047529 0.0273944 0.999625 0.000182434 -0.259944 0.0231801 -0.000817699 0.999731 43.3635
0.999378 -0.0276465 -0.0218817 0.0283767 0.0276639 0.999617 0.000489412 -0.274893 0.0218598 -0.00109444 0.99976 44.2126
0.999386 -0.0282897 -0.0206863 0.00819612 0.0283135 0.999599 0.000858118 -0.284039 0.0206537 -0.00144329 0.999786 45.0662
0.999407 -0.0284814 -0.019366 -0.0124018 0.0285129 0.999593 0.00135541 -0.293242 0.0193195 -0.00190679 0.999812 45.9193
0.999411 -0.0290467 -0.018277 -0.0302673 0.0290735 0.999577 0.0012008 -0.301369 0.0182343 -0.00173147 0.999832 46.7616
0.999443 -0.0287803 -0.0169023 -0.047157 0.028806 0.999584 0.00128103 -0.314984 0.0168584 -0.00176721 0.999856 47.6092
0.999464 -0.028795 -0.0155663 -0.0651542 0.0288224 0.999583 0.00154447 -0.329007 0.0155153 -0.0019923 0.999878 48.4582
0.999507 -0.0279776 -0.0142201 -0.0787854 0.0280297 0.999601 0.00347713 -0.33612 0.0141171 -0.00387401 0.999893 49.3187
0.999516 -0.0282921 -0.0129406 -0.0935695 0.0283617 0.999584 0.00523433 -0.34573 0.0127872 -0.00559881 0.999903 50.1849
0.999529 -0.02833 -0.0117669 -0.103884 0.0284081 0.999575 0.00652559 -0.34878 0.011577 -0.00685679 0.999909 51.0474
0.999576 -0.027182 -0.0104276 -0.108804 0.0272461 0.99961 0.00604791 -0.353944 0.0102591 -0.00632945 0.999927 51.9127
0.999621 -0.0260454 -0.00887143 -0.121278 0.0260865 0.999649 0.00455277 -0.361392 0.00874974 -0.00478247 0.99995 52.7747
0.99965 -0.0254425 -0.00730063 -0.131543 0.0254658 0.999671 0.00310724 -0.365737 0.00721917 -0.00329206 0.999969 53.6409
0.999686 -0.0243894 -0.00572593 -0.135536 0.0244058 0.999698 0.0028179 -0.370067 0.00565547 -0.00295676 0.99998 54.5168
0.999735 -0.0226227 -0.00414613 -0.140097 0.0226406 0.999734 0.0043128 -0.377107 0.00404746 -0.00440553 0.999982 55.4221
0.999763 -0.0216355 -0.00249393 -0.141345 0.0216497 0.999749 0.0058087 -0.387199 0.00236763 -0.00586131 0.99998 56.3126
0.999756 -0.022057 -0.000662022 -0.148906 0.0220609 0.999734 0.00666307 -0.394389 0.000514879 -0.00667606 0.999978 57.2103
0.999803 -0.0198323 0.00107302 -0.152104 0.0198246 0.999781 0.00673888 -0.401723 -0.00120643 -0.00671628 0.999977 58.1197
0.999848 -0.0171889 0.00298093 -0.16179 0.0171677 0.999828 0.00699082 -0.400971 -0.00310059 -0.00693858 0.999971 59.0261
0.999845 -0.0170795 0.00422856 -0.161417 0.017045 0.999822 0.00807068 -0.399328 -0.00436565 -0.00799736 0.999958 59.9492
0.999785 -0.0200453 0.00521453 -0.153115 0.0199935 0.999752 0.00979873 -0.400369 -0.00540966 -0.00969237 0.999938 60.8679
0.999653 -0.0256383 0.00610655 -0.143049 0.0255855 0.999636 0.00858056 -0.403577 -0.00632432 -0.00842134 0.999945 61.8117
0.999607 -0.0274199 0.00589601 -0.135195 0.027406 0.999621 0.00242797 -0.412068 -0.00596035 -0.00226543 0.99998 62.7578
0.999615 -0.0272118 0.00537506 -0.13701 0.0272449 0.99961 -0.00618209 -0.429021 -0.00520474 0.00632616 0.999966 63.6761
0.999568 -0.0291091 0.00417673 -0.136635 0.0291602 0.999493 -0.0127448 -0.433783 -0.00380362 0.0128611 0.99991 64.6051
0.999454 -0.0328992 0.00303939 -0.119499 0.0329305 0.999398 -0.0108981 -0.446563 -0.00267903 0.0109923 0.999936 65.5532
0.999628 -0.0270924 0.00301308 -0.128234 0.0271013 0.999628 -0.00295117 -0.461962 -0.00293201 0.00303173 0.999991 66.5154
0.999752 -0.0220841 0.00271222 -0.140085 0.0220685 0.999741 0.00563965 -0.46834 -0.00283607 -0.0055784 0.99998 67.465
0.999797 -0.0200664 0.00173393 -0.140529 0.0200457 0.999736 0.0111915 -0.47185 -0.00195804 -0.0111545 0.999936 68.4142
0.999799 -0.0199871 0.00135777 -0.141889 0.0199667 0.999708 0.0136432 -0.476058 -0.00163006 -0.0136133 0.999906 69.3698
0.999747 -0.0224734 0.000424284 -0.139564 0.0224668 0.999676 0.0119436 -0.473962 -0.000692559 -0.011931 0.999929 70.2948
0.99966 -0.0260718 -0.000721097 -0.129886 0.0260769 0.999625 0.00837167 -0.473126 0.000502562 -0.00838763 0.999965 71.2341
0.999597 -0.0283233 -0.00209312 -0.1248 0.0283332 0.999587 0.00489302 -0.476783 0.00195366 -0.00495035 0.999986 72.1678
0.999543 -0.0299791 -0.00389051 -0.119507 0.0299939 0.999543 0.00381946 -0.485107 0.00377423 -0.0039344 0.999985 73.1127
0.999513 -0.030752 -0.00538928 -0.125436 0.0307753 0.999517 0.00430184 -0.494179 0.00525439 -0.0044656 0.999976 74.0351
0.9995 -0.0308668 -0.00687531 -0.134015 0.0309057 0.999507 0.00561564 -0.505267 0.00669858 -0.00582532 0.999961 74.9591
0.99949 -0.0308515 -0.00819893 -0.144064 0.0309003 0.999505 0.00589007 -0.510539 0.00801315 -0.00614042 0.999949 75.8813
0.999496 -0.0303116 -0.00944564 -0.153198 0.0303768 0.999515 0.00684387 -0.518018 0.00923361 -0.00712735 0.999932 76.8001
0.99949 -0.0302421 -0.0102511 -0.167589 0.030314 0.999516 0.00693361 -0.528163 0.0100364 -0.00724082 0.999923 77.7181
0.99951 -0.0294354 -0.0106762 -0.189218 0.0295012 0.999546 0.00605766 -0.530566 0.010493 -0.00636965 0.999925 78.6362
0.999544 -0.0279324 -0.0114902 -0.202824 0.0279929 0.999595 0.00513681 -0.531782 0.011342 -0.00545611 0.999921 79.5571
0.999577 -0.0266195 -0.0117361 -0.224515 0.0266812 0.999631 0.00513881 -0.538835 0.011595 -0.00544977 0.999918 80.4889
0.999575 -0.02651 -0.0121635 -0.239994 0.0265906 0.999625 0.00651326 -0.545539 0.0119863 -0.00683392 0.999905 81.4259
0.999626 -0.024572 -0.011997 -0.254683 0.0246567 0.999672 0.00696622 -0.554124 0.0118219 -0.00725942 0.999904 82.3647
0.999672 -0.0227996 -0.0116978 -0.265628 0.0228697 0.999721 0.00589498 -0.560011 0.0115602 -0.00616057 0.999914 83.316
0.999688 -0.022433 -0.010976 -0.280281 0.0224716 0.999742 0.00341168 -0.566248 0.0108967 -0.00365726 0.999934 84.2632
0.999708 -0.021732 -0.0105531 -0.291417 0.0217471 0.999763 0.00131347 -0.573956 0.0105221 -0.00154259 0.999943 85.2197
0.999707 -0.0220417 -0.00998924 -0.301083 0.0220453 0.999757 0.000247332 -0.576726 0.00998136 -0.000467475 0.99995 86.1856
0.999698 -0.0225669 -0.00974265 -0.306426 0.022566 0.999745 -0.0002088 -0.583311 0.00974488 -1.11149e-05 0.999953 87.1623
0.99969 -0.0230491 -0.00936265 -0.321911 0.0230432 0.999734 -0.00074358 -0.59327 0.0093773 0.000527604 0.999956 88.1444
0.999683 -0.0233036 -0.00957139 -0.329453 0.0232868 0.999727 -0.00187142 -0.600553 0.00961239 0.00164794 0.999952 89.1293
0.999685 -0.02316 -0.00962649 -0.339446 0.0231318 0.999728 -0.00302552 -0.608529 0.00969394 0.00280189 0.999949 90.1307
0.999688 -0.0227453 -0.0103279 -0.342105 0.0227048 0.999734 -0.00402078 -0.616984 0.0104166 0.00378503 0.999939 91.1423
0.9997 -0.0220852 -0.0105903 -0.356791 0.0220479 0.99975 -0.00362662 -0.635718 0.0106678 0.00339204 0.999937 92.1526
0.999688 -0.0221743 -0.0114783 -0.365772 0.0221535 0.999753 -0.00193946 -0.64902 0.0115184 0.00168457 0.999932 93.1714
0.999716 -0.0208235 -0.0115882 -0.386595 0.02083 0.999783 0.000436383 -0.671498 0.0115766 -0.000677641 0.999933 94.1885
0.999722 -0.0204338 -0.011792 -0.40234 0.0204647 0.999787 0.00250598 -0.684009 0.0117383 -0.00274661 0.999927 95.2033
0.999734 -0.0197119 -0.0119338 -0.416815 0.0197531 0.999799 0.00333838 -0.691038 0.0118656 -0.00357322 0.999923 96.2416
0.999736 -0.0196246 -0.0119616 -0.43646 0.0196667 0.999801 0.00341204 -0.702431 0.0118922 -0.00364638 0.999923 97.2729
0.999746 -0.0191745 -0.0118785 -0.453824 0.0192152 0.99981 0.00332689 -0.709515 0.0118125 -0.00355429 0.999924 98.3346
0.999762 -0.0184169 -0.0117007 -0.475213 0.0184452 0.999827 0.00231218 -0.715303 0.0116561 -0.00252745 0.999929 99.3803
0.999769 -0.0182697 -0.0112912 -0.491102 0.0182778 0.999833 0.000613575 -0.727078 0.0112781 -0.000819811 0.999936 100.44
0.999765 -0.0187469 -0.0108472 -0.504879 0.0187422 0.999824 -0.000539985 -0.734253 0.0108554 0.000336559 0.999941 101.522
0.99977 -0.0187457 -0.0104207 -0.523973 0.0187318 0.999824 -0.00143206 -0.742828 0.0104457 0.00123654 0.999945 102.607
0.999792 -0.017619 -0.0102752 -0.534208 0.0176032 0.999844 -0.00162576 -0.755207 0.0103023 0.00144455 0.999946 103.696
0.999827 -0.0157541 -0.00985137 -0.551315 0.0157525 0.999876 -0.000242275 -0.767578 0.00985397 8.70495e-05 0.999951 104.783
0.999867 -0.0132612 -0.00945859 -0.566483 0.0132808 0.99991 0.00201607 -0.785295 0.009431 -0.00214142 0.999953 105.888
0.999927 -0.00803528 -0.00901595 -0.586037 0.00805118 0.999966 0.00172833 -0.792618 0.00900175 -0.00180079 0.999958 106.983
0.999961 -0.00367134 -0.0080325 -0.607735 0.0036892 0.999991 0.00220973 -0.796025 0.00802432 -0.00223927 0.999965 108.094
0.999957 -0.0062229 -0.00693139 -0.6223 0.00625642 0.999969 0.00482505 -0.805189 0.00690115 -0.00486821 0.999964 109.224
0.999966 -0.00494875 -0.00660235 -0.634657 0.00500865 0.999946 0.00908783 -0.813038 0.00655703 -0.00912059 0.999937 110.373
0.999956 -0.00681004 -0.00648682 -0.648093 0.00689466 0.99989 0.0131133 -0.813487 0.0063968 -0.0131574 0.999893 111.508
0.99992 -0.0109338 -0.00630984 -0.65417 0.0110445 0.999781 0.0177861 -0.809416 0.00611399 -0.0178544 0.999822 112.648
0.999914 -0.0117085 -0.00596354 -0.667581 0.0118292 0.999717 0.0206269 -0.805276 0.00572034 -0.0206957 0.999769 113.779
0.999883 -0.0138786 -0.00637036 -0.670408 0.0140002 0.999713 0.0194574 -0.789363 0.00609849 -0.0195444 0.99979 114.915
0.999839 -0.0164622 -0.00717096 -0.67542 0.0165895 0.999699 0.0180684 -0.778066 0.00687135 -0.0181844 0.999811 116.064
0.999775 -0.0197121 -0.00789431 -0.684719 0.0198527 0.999638 0.0181506 -0.773078 0.00753366 -0.0183033 0.999804 117.213
0.999693 -0.0230255 -0.00912312 -0.68939 0.0232 0.999541 0.0195052 -0.775102 0.00866981 -0.0197109 0.999768 118.358
0.999594 -0.0266221 -0.0101429 -0.700764 0.0268212 0.99944 0.0200263 -0.762834 0.00960405 -0.0202902 0.999748 119.518
0.999483 -0.0301319 -0.0112474 -0.708948 0.0303804 0.999283 0.0226165 -0.753462 0.0105579 -0.0229465 0.999681 120.679
0.999367 -0.0333463 -0.0124035 -0.717735 0.0336444 0.99913 0.0246513 -0.73895 0.0115707 -0.025053 0.999619 121.839
0.999213 -0.0374687 -0.0130003 -0.729878 0.0377661 0.999012 0.0234389 -0.727283 0.0121092 -0.0239115 0.999641 122.986
0.999164 -0.0385543 -0.0135974 -0.738443 0.0388282 0.999036 0.0204908 -0.720989 0.0127943 -0.0210016 0.999698 124.137
0.999138 -0.0394635 -0.0128999 -0.754726 0.0396964 0.999044 0.0183272 -0.721778 0.0121643 -0.0188235 0.999749 125.286
0.999148 -0.0394268 -0.0121637 -0.767151 0.0396403 0.999055 0.0178331 -0.719726 0.0114491 -0.0183001 0.999767 126.433
0.999242 -0.0375452 -0.0102629 -0.788348 0.0377205 0.999136 0.0174581 -0.717322 0.00959856 -0.017832 0.999795 127.572
0.999286 -0.0366688 -0.00906173 -0.796544 0.0368218 0.999171 0.0173455 -0.713397 0.00841818 -0.0176668 0.999808 128.718
0.999304 -0.0364673 -0.00786425 -0.802333 0.0366166 0.999134 0.0197619 -0.71385 0.00713677 -0.0200361 0.999774 129.853
0.999322 -0.0362205 -0.00665348 -0.806015 0.0363633 0.999079 0.022762 -0.713371 0.0058229 -0.0229885 0.999719 130.998
0.999343 -0.0358679 -0.00516656 -0.817897 0.0359776 0.999088 0.0229927 -0.707925 0.00433714 -0.0231635 0.999722 132.128
0.999342 -0.0360421 -0.00406744 -0.824432 0.0361175 0.999141 0.0203214 -0.700606 0.00333152 -0.0204549 0.999785 133.25
0.999322 -0.0366828 -0.00300192 -0.826249 0.0367304 0.999167 0.0177576 -0.698633 0.00234802 -0.0178558 0.999838 134.362
0.999309 -0.0370862 -0.00249353 -0.827371 0.0371222 0.999176 0.0164279 -0.699804 0.00188222 -0.0165091 0.999862 135.499
0.999275 -0.0380038 -0.00227866 -0.831344 0.0380371 0.999131 0.017025 -0.697554 0.00162967 -0.0170993 0.999852 136.633
0.999211 -0.0396365 -0.00255288 -0.840807 0.039677 0.999041 0.0185131 -0.698677 0.00181664 -0.0185998 0.999825 137.748
0.999144 -0.0412667 -0.00298646 -0.842289 0.0413163 0.998964 0.019099 -0.695275 0.00219522 -0.019206 0.999813 138.862
0.999061 -0.0432159 -0.00316103 -0.851362 0.0432669 0.998894 0.0184108 -0.685751 0.00236189 -0.0185303 0.999826 139.982
0.998978 -0.0450727 -0.00334771 -0.861961 0.0451234 0.998836 0.0170386 -0.677751 0.00257583 -0.0171722 0.999849 141.083
0.998991 -0.0447422 -0.00387391 -0.8633 0.0448022 0.998849 0.0171033 -0.674073 0.00310421 -0.0172596 0.999846 142.196
0.999007 -0.0443405 -0.00444444 -0.874165 0.0444155 0.998842 0.0184769 -0.67004 0.00362002 -0.018656 0.999819 143.291
0.999078 -0.0426622 -0.00488758 -0.883258 0.0427551 0.998869 0.020817 -0.668622 0.00399395 -0.0210067 0.999771 144.402
0.999141 -0.0411223 -0.00511777 -0.893132 0.0412288 0.99889 0.0227941 -0.665229 0.00417474 -0.0229855 0.999727 145.499
0.999191 -0.0398783 -0.00525873 -0.905514 0.039992 0.99892 0.0236566 -0.658618 0.00430966 -0.0238478 0.999706 146.589
0.999304 -0.0368579 -0.00567986 -0.92086 0.0369807 0.999045 0.0232796 -0.652774 0.0048164 -0.0234734 0.999713 147.665
0.999323 -0.0362768 -0.00617298 -0.926446 0.0364077 0.999081 0.022612 -0.646309 0.00534702 -0.0228214 0.999725 148.747
0.999511 -0.0305653 -0.00662796 -0.947154 0.0306949 0.99932 0.0204316 -0.636417 0.00599896 -0.020625 0.999769 149.817
0.999542 -0.0296214 -0.00626986 -0.958623 0.0297272 0.999405 0.017507 -0.634294 0.00574755 -0.0176854 0.999827 150.883
0.999582 -0.0281639 -0.00652045 -0.96952 0.0282587 0.999489 0.0149489 -0.635567 0.0060961 -0.0151269 0.999867 151.946
0.999653 -0.0255407 -0.00641075 -0.989275 0.0256438 0.999534 0.0165554 -0.631452 0.00598493 -0.016714 0.999842 153.009
0.999616 -0.0268265 -0.00691172 -0.998377 0.0269695 0.999405 0.0215057 -0.622576 0.00633068 -0.0216839 0.999745 154.073
0.999563 -0.0285327 -0.00768967 -1.00673 0.0287149 0.999282 0.0247359 -0.623618 0.00697836 -0.0249459 0.999664 155.103
0.999485 -0.0310208 -0.00820834 -1.01086 0.0312062 0.999236 0.0235224 -0.614708 0.00747238 -0.0237665 0.99969 156.136
0.999398 -0.0335565 -0.00884903 -1.01406 0.0337452 0.999186 0.0221144 -0.607245 0.00809974 -0.0223996 0.999716 157.183
0.999361 -0.0345766 -0.0090449 -1.02842 0.0347693 0.999151 0.0221023 -0.610119 0.008273 -0.0224026 0.999715 158.191
0.999345 -0.034989 -0.00920686 -1.0452 0.0351808 0.999148 0.0215649 -0.6082 0.00844448 -0.0218747 0.999725 159.183
0.999289 -0.0363565 -0.00993942 -1.05127 0.036552 0.999127 0.0202509 -0.610943 0.00919449 -0.0205998 0.999746 160.156
0.999313 -0.0355624 -0.0103879 -1.06011 0.0357603 0.999169 0.0195342 -0.596611 0.00968464 -0.0198922 0.999755 161.131
0.999319 -0.0353672 -0.0105547 -1.07213 0.0355854 0.99914 0.02126 -0.59083 0.00979375 -0.0216211 0.999718 162.101
0.99931 -0.0356104 -0.0105253 -1.08421 0.035853 0.999073 0.0238364 -0.585813 0.00966668 -0.0241973 0.99966 163.054
0.999291 -0.0361085 -0.0106744 -1.0945 0.036368 0.999021 0.0252037 -0.581955 0.00975386 -0.025574 0.999625 163.998
0.999256 -0.0371286 -0.0103924 -1.10762 0.037397 0.998937 0.026948 -0.574943 0.0093808 -0.0273166 0.999583 164.932
0.999259 -0.0370738 -0.0103742 -1.11901 0.0373471 0.998923 0.0275251 -0.565525 0.00934256 -0.0278921 0.999567 165.84
0.999245 -0.0373435 -0.0107105 -1.12973 0.0376206 0.998928 0.0269629 -0.564267 0.00969209 -0.0273455 0.999579 166.715
0.999129 -0.0402074 -0.011135 -1.13994 0.0404715 0.998878 0.0246076 -0.558728 0.0101331 -0.0250368 0.999635 167.57
0.999142 -0.0395781 -0.0122158 -1.15336 0.0398526 0.998938 0.023119 -0.552564 0.0112878 -0.023586 0.999658 168.414
0.999059 -0.0412889 -0.0133159 -1.16318 0.0415707 0.998901 0.0216271 -0.550822 0.0124083 -0.0221603 0.999677 169.231
0.999137 -0.0386767 -0.0151424 -1.17735 0.0389878 0.999023 0.0208188 -0.553934 0.0143224 -0.0213912 0.999669 170.028
0.999157 -0.0372609 -0.0172107 -1.19795 0.0375636 0.999139 0.0176113 -0.554574 0.0165397 -0.018243 0.999697 170.79
0.999181 -0.0359868 -0.0184844 -1.22144 0.0362559 0.999238 0.0144376 -0.561724 0.0179508 -0.0150959 0.999725 171.514
0.999078 -0.0378964 -0.020168 -1.23752 0.0381272 0.99921 0.0111879 -0.566768 0.0197281 -0.0119465 0.999734 172.208
0.999134 -0.0356967 -0.0213707 -1.2624 0.0359058 0.99931 0.00948344 -0.571054 0.0210174 -0.0102426 0.999727 172.887
0.999218 -0.033024 -0.0217469 -1.29076 0.0332072 0.999416 0.00811934 -0.577521 0.0214661 -0.00883515 0.999731 173.542
0.999239 -0.0318903 -0.0224455 -1.31141 0.0321096 0.999439 0.00947827 -0.585549 0.0221306 -0.0101918 0.999703 174.183
0.999173 -0.0339364 -0.0224043 -1.32412 0.034213 0.999342 0.0120833 -0.591879 0.0219795 -0.0128399 0.999676 174.809
0.999178 -0.0352104 -0.0201105 -1.33683 0.0354473 0.999305 0.0115495 -0.599605 0.0196899 -0.0122529 0.999731 175.422
0.999241 -0.0354987 -0.0160532 -1.3471 0.0356701 0.999308 0.0105191 -0.602218 0.0156687 -0.0110837 0.999816 176.017
0.999361 -0.0340208 -0.011004 -1.35837 0.0341146 0.999382 0.00845177 -0.600876 0.0107097 -0.00882176 0.999904 176.595
0.999434 -0.0333813 -0.00426804 -1.36337 0.0334017 0.99943 0.00481259 -0.596327 0.00410496 -0.00495242 0.999979 177.145
0.999466 -0.0324347 0.00406227 -1.36102 0.0324292 0.999473 0.00140451 -0.602781 -0.00410569 -0.00127203 0.999991 177.679
0.999416 -0.0314209 0.0134357 -1.34975 0.0314249 0.999506 -8.45292e-05 -0.61055 -0.0134264 0.000506695 0.99991 178.187
0.999223 -0.0319809 0.023015 -1.33126 0.0319772 0.999488 0.000527011 -0.616543 -0.0230201 0.000209354 0.999735 178.677
0.998915 -0.0319983 0.0338464 -1.30655 0.0319623 0.999488 0.00160523 -0.621784 -0.0338804 -0.000521679 0.999426 179.156
0.998457 -0.031268 0.0458991 -1.28092 0.0312815 0.999511 0.000424241 -0.625611 -0.0458899 0.0010122 0.998946 179.618
0.997869 -0.0293155 0.0582939 -1.24754 0.0294054 0.999567 -0.000684841 -0.632659 -0.0582486 0.00239754 0.998299 180.052
0.99702 -0.0277322 0.0719851 -1.20962 0.0278349 0.999612 -0.000424431 -0.645679 -0.0719454 0.00242686 0.997406 180.469
0.995836 -0.0269134 0.0871034 -1.16667 0.0269118 0.999637 0.00119269 -0.654768 -0.0871039 0.00115638 0.996199 180.873
0.994357 -0.0275619 0.102439 -1.11449 0.0274313 0.99962 0.00268378 -0.658786 -0.102474 0.000141396 0.994736 181.26
0.992581 -0.0272426 0.11849 -1.06184 0.0271701 0.999628 0.00222726 -0.662251 -0.118507 0.00100865 0.992953 181.625
0.990485 -0.0266407 0.135019 -0.99912 0.0268387 0.99964 0.00035375 -0.666106 -0.13498 0.00327334 0.990843 181.984
0.987883 -0.0263214 0.152955 -0.931119 0.0267003 0.999643 -0.000423693 -0.679167 -0.152889 0.00450251 0.988233 182.333
0.9847 -0.0255935 0.172369 -0.856051 0.0259976 0.999662 -8.70258e-05 -0.683398 -0.172309 0.00456688 0.985032 182.697
0.98086 -0.0240827 0.193219 -0.776106 0.0242739 0.999704 0.00137827 -0.688099 -0.193195 0.0033383 0.981155 183.04
0.976209 -0.0241685 0.215481 -0.687195 0.0239924 0.999706 0.00343305 -0.689985 -0.215501 0.00181854 0.976502 183.385
0.970683 -0.0256633 0.238987 -0.585919 0.0250885 0.99967 0.005447 -0.692673 -0.239048 0.000708529 0.971007 183.712
0.964405 -0.0242476 0.263315 -0.476806 0.0235668 0.999706 0.00574415 -0.697801 -0.263377 0.000665814 0.964693 184.038
0.957172 -0.0223744 0.288654 -0.362879 0.0217746 0.999749 0.00528927 -0.703119 -0.2887 0.0012226 0.957419 184.356
0.948862 -0.0186749 0.31514 -0.247374 0.0180126 0.999825 0.00501412 -0.709642 -0.315178 0.000918769 0.949032 184.674
0.939223 -0.016767 0.342899 -0.115316 0.0164498 0.999857 0.00383395 -0.70787 -0.342914 0.00203967 0.939364 184.986
0.928084 -0.0174818 0.37196 0.0315197 0.0174701 0.999842 0.0034016 -0.709404 -0.37196 0.00334121 0.928243 185.295
0.91568 -0.0197263 0.401424 0.198717 0.0205105 0.999787 0.00234429 -0.705035 -0.401384 0.00608678 0.915889 185.611
0.901801 -0.0214633 0.431619 0.375531 0.0231758 0.999731 0.00129175 -0.708379 -0.43153 0.00883821 0.902055 185.915
0.886441 -0.0213157 0.462351 0.558103 0.0237816 0.999717 0.000494599 -0.708184 -0.46223 0.010557 0.886697 186.221
0.870064 -0.020072 0.49253 0.767018 0.0234309 0.999725 -0.00064942 -0.710831 -0.492382 0.0121055 0.870295 186.535
0.851924 -0.0191085 0.523317 0.984029 0.0231713 0.999731 -0.00121679 -0.712834 -0.523153 0.0131625 0.852137 186.852
0.832775 -0.0179096 0.553323 1.22862 0.0217904 0.999762 -0.000435785 -0.715445 -0.553183 0.01242 0.832967 187.16
0.812312 -0.0168947 0.582978 1.47883 0.0202757 0.999794 0.000722212 -0.72102 -0.58287 0.0112336 0.812488 187.468
0.790907 -0.0167866 0.611707 1.74788 0.0204761 0.99979 0.000961911 -0.725483 -0.611594 0.0117646 0.791084 187.779
0.768353 -0.0173881 0.639789 2.03843 0.0218707 0.99976 0.00090572 -0.73439 -0.639652 0.0132967 0.76855 188.082
0.744466 -0.017731 0.667425 2.34832 0.0242448 0.999706 -0.000484874 -0.725521 -0.66722 0.0165425 0.744677 188.382
0.719681 -0.0178719 0.694075 2.67921 0.0265419 0.999646 -0.00178092 -0.721571 -0.693798 0.0197038 0.7199 188.685
0.694234 -0.0182026 0.719519 3.02931 0.0275295 0.99962 -0.00127343 -0.724244 -0.719222 0.0206921 0.694472 188.984
0.667467 -0.0188735 0.7444 3.39514 0.0272102 0.999629 0.000946474 -0.72142 -0.744142 0.0196235 0.667733 189.29
0.639861 -0.0191593 0.768252 3.79036 0.0253362 0.999672 0.00382873 -0.719679 -0.768073 0.0170147 0.640136 189.593
0.611297 -0.019305 0.791166 4.20375 0.0238952 0.999697 0.00593058 -0.714059 -0.791041 0.0152797 0.611573 189.892
0.582342 -0.0206589 0.812682 4.63363 0.0232464 0.999691 0.00875513 -0.719015 -0.812612 0.0137935 0.582642 190.184
0.553774 -0.0211515 0.832398 5.1022 0.0223248 0.999695 0.0105504 -0.722894 -0.832368 0.0127406 0.554078 190.468
0.524754 -0.020551 0.851006 5.58298 0.02093 0.999718 0.0112362 -0.721464 -0.850997 0.0119153 0.525036 190.744
0.495753 -0.0150934 0.868332 6.08446 0.0149285 0.999849 0.0088564 -0.710389 -0.868335 0.00857232 0.495904 191.023
0.467694 -0.0114616 0.883816 6.6066 0.011299 0.999912 0.00698804 -0.70091 -0.883818 0.00671799 0.467782 191.285
0.439455 -0.0108974 0.898198 7.15068 0.00974806 0.999925 0.00736222 -0.69893 -0.898212 0.00552032 0.439529 191.536
0.410407 -0.0113354 0.911832 7.73499 0.00734222 0.999931 0.00912597 -0.697304 -0.911873 0.0029495 0.410462 191.78
0.381593 -0.0108422 0.924267 8.32613 0.00356724 0.999941 0.0102571 -0.689106 -0.924324 -0.000616953 0.381609 192.013
0.353224 -0.00987892 0.935487 8.94406 -0.00412703 0.999918 0.0121176 -0.686005 -0.93553 -0.00814101 0.353154 192.242
0.324464 -0.0110501 0.945833 9.58191 -0.00828102 0.99986 0.014522 -0.682391 -0.945862 -0.0125443 0.324327 192.459
0.296614 -0.0112083 0.954932 10.2365 -0.0120185 0.999808 0.0154681 -0.684267 -0.954922 -0.0160649 0.296422 192.651
0.268807 -0.0105599 0.963136 10.9095 -0.0153916 0.999765 0.0152572 -0.679897 -0.963071 -0.0189255 0.268581 192.838
0.242287 -0.00783145 0.970173 11.6106 -0.0176962 0.999765 0.0124897 -0.676154 -0.970043 -0.0201945 0.242092 193.007
0.218752 -0.00438623 0.975771 12.3212 -0.0178386 0.999805 0.00849339 -0.67199 -0.975617 -0.0192643 0.218631 193.16
0.198162 -0.00258719 0.980166 13.0542 -0.0165804 0.999845 0.00599121 -0.674318 -0.980029 -0.0174388 0.198088 193.299
0.180315 -0.00269765 0.983605 13.8058 -0.0145259 0.99988 0.00540519 -0.673637 -0.983502 -0.0152624 0.180254 193.425
0.164535 -0.00414522 0.986363 14.5738 -0.0136812 0.999885 0.00648421 -0.669379 -0.986276 -0.0145615 0.164459 193.55
0.150541 -0.00767326 0.988574 15.3634 -0.0130175 0.999868 0.00974323 -0.674008 -0.988518 -0.0143355 0.150421 193.665
0.136865 -0.0121817 0.990515 16.1566 -0.00969305 0.99986 0.013636 -0.669984 -0.990542 -0.0114674 0.136728 193.771
0.125022 -0.015184 0.992038 16.9742 -0.00991009 0.999814 0.016552 -0.666606 -0.992104 -0.0119005 0.124848 193.869
0.114102 -0.0140448 0.99337 17.8049 -0.0119058 0.999809 0.0155034 -0.657096 -0.993398 -0.0135958 0.113913 193.966
0.104112 -0.00980857 0.994517 18.647 -0.0136368 0.999843 0.0112887 -0.650716 -0.994472 -0.0147374 0.103962 194.057
0.0946636 -0.00624338 0.99549 19.499 -0.0141199 0.999871 0.00761356 -0.646314 -0.995409 -0.014777 0.0945633 194.139
0.0841479 -0.00445173 0.996443 20.3614 -0.0141728 0.999884 0.00566396 -0.640309 -0.996352 -0.014599 0.084075 194.211
0.0729712 -0.00651262 0.997313 21.271 -0.0175952 0.999815 0.00781636 -0.641113 -0.997179 -0.0181182 0.072843 194.29
0.0604783 -0.00742949 0.998142 22.1952 -0.0184493 0.999793 0.00855964 -0.638216 -0.997999 -0.0189326 0.0603287 194.346
0.0478555 -0.00770228 0.998825 23.121 -0.0181351 0.999799 0.00857868 -0.63601 -0.99869 -0.0185243 0.0477062 194.393
0.0351257 -0.00839761 0.999348 24.0561 -0.0157757 0.999835 0.0089562 -0.632593 -0.999258 -0.01608 0.0349874 194.425
0.023043 -0.0119016 0.999664 25.0014 -0.0140337 0.999827 0.0122271 -0.633311 -0.999636 -0.0143107 0.022872 194.439
0.0114001 -0.0160934 0.999806 25.9633 -0.0122954 0.999793 0.0162334 -0.632397 -0.999859 -0.0124781 0.0111999 194.449
0.00066626 -0.0179929 0.999838 26.9226 -0.0107116 0.999781 0.017999 -0.629037 -0.999942 -0.0107218 0.000473381 194.455
-0.008769 -0.0167169 0.999822 27.8909 -0.00929962 0.999818 0.0166352 -0.618292 -0.999918 -0.00915209 -0.00892287 194.451
-0.0174037 -0.0128823 0.999766 28.8758 -0.00521912 0.999905 0.0127932 -0.605383 -0.999835 -0.00499525 -0.0174693 194.447
-0.0237769 -0.00879456 0.999679 29.8399 -0.00125327 0.999961 0.00876724 -0.598905 -0.999717 -0.00104441 -0.023787 194.419
-0.0287735 -0.00732173 0.999559 30.8279 0.00266518 0.999969 0.00740145 -0.598518 -0.999582 0.00287697 -0.0287531 194.386
-0.0319974 -0.0094712 0.999443 31.8324 0.00485211 0.999942 0.00963127 -0.59389 -0.999476 0.00515759 -0.0319496 194.343
-0.0353024 -0.0132597 0.999289 32.8417 0.00705451 0.999884 0.0135169 -0.598691 -0.999352 0.00752667 -0.0352048 194.309
-0.038537 -0.0150536 0.999144 33.8525 0.00781784 0.999851 0.0153658 -0.600122 -0.999227 0.0084033 -0.0384136 194.279
-0.0410442 -0.0150359 0.999044 34.8827 0.00866526 0.999844 0.0154039 -0.589164 -0.99912 0.00928922 -0.0409075 194.243
-0.0417232 -0.0141885 0.999028 35.884 0.0101976 0.999841 0.0146259 -0.578068 -0.999077 0.0107979 -0.0415718 194.202
-0.0417932 -0.014613 0.999019 36.9136 0.0131138 0.999799 0.015173 -0.569934 -0.99904 0.0137351 -0.0415932 194.162
-0.0408995 -0.0144347 0.999059 37.941 0.0153049 0.999769 0.0150715 -0.562182 -0.999046 0.0159069 -0.0406691 194.124
-0.0392015 -0.0143725 0.999128 38.9748 0.0180212 0.999724 0.0150882 -0.553594 -0.999069 0.018597 -0.0389316 194.083
-0.0368685 -0.0145976 0.999214 40.0055 0.0197668 0.999687 0.0153339 -0.546445 -0.999125 0.0203166 -0.0365684 194.048
-0.0341571 -0.0152995 0.999299 41.0494 0.0210142 0.999651 0.0160232 -0.543824 -0.999196 0.0215468 -0.0338236 194.017
-0.0308962 -0.0164793 0.999387 42.0956 0.0220953 0.999608 0.017166 -0.541868 -0.999278 0.0226121 -0.03052 193.99
-0.0273318 -0.0180118 0.999464 43.1618 0.0237569 0.999544 0.0186629 -0.536603 -0.999344 0.0242543 -0.0268914 193.961
-0.0231545 -0.0192867 0.999546 44.2314 0.0242632 0.999509 0.0198481 -0.530708 -0.999437 0.0247118 -0.0226752 193.941
-0.0188224 -0.0181917 0.999657 45.3135 0.026039 0.999486 0.0186789 -0.513505 -0.999484 0.0263817 -0.018339 193.934
-0.0137059 -0.0166468 0.999767 46.4225 0.0273881 0.99948 0.0170175 -0.501441 -0.999531 0.0276149 -0.0132428 193.922
-0.00908262 -0.0143568 0.999856 47.5042 0.0305939 0.999425 0.0146285 -0.49343 -0.999491 0.0307223 -0.00863816 193.913
-0.00284232 -0.015078 0.999882 48.607 0.0292572 0.999457 0.0151547 -0.476672 -0.999568 0.0292968 -0.00239963 193.915
0.00354044 -0.0191517 0.99981 49.7457 0.0296367 0.999379 0.0190385 -0.464732 -0.999554 0.0295637 0.00410584 193.919
0.00941464 -0.0241526 0.999664 50.8711 0.030166 0.99926 0.0238588 -0.456336 -0.999501 0.0299313 0.0101363 193.941
0.0150587 -0.0220208 0.999644 52.0207 0.0295572 0.99933 0.0215687 -0.43541 -0.99945 0.0292218 0.0156995 193.978
0.0215632 -0.0151219 0.999653 53.1392 0.0283444 0.999493 0.014508 -0.413841 -0.999366 0.0280217 0.0219809 194.01
0.0278807 -0.00921402 0.999569 54.2753 0.0291571 0.99954 0.00840048 -0.409639 -0.999186 0.0289103 0.0281365 194.052
0.0351429 -0.007522 0.999354 55.4414 0.0315325 0.999482 0.00641411 -0.407579 -0.998885 0.0312867 0.0353619 194.091
0.0420968 -0.0112445 0.99905 56.6217 0.0330225 0.999406 0.00985699 -0.412681 -0.998568 0.0325762 0.0424431 194.149
0.0489205 -0.0146787 0.998695 57.8125 0.0353513 0.999291 0.0129558 -0.408654 -0.998177 0.0346714 0.0494048 194.212
0.055611 -0.0145019 0.998347 58.9894 0.0375606 0.999217 0.0124223 -0.409116 -0.997746 0.0368077 0.0561121 194.287
0.0616731 -0.0131962 0.998009 60.1829 0.038474 0.999201 0.0108344 -0.402874 -0.997355 0.0377292 0.0621315 194.362
0.0674243 -0.012457 0.997647 61.3849 0.0388479 0.999197 0.00985089 -0.403231 -0.996968 0.0380923 0.0678541 194.441
0.0720521 -0.0130453 0.997316 62.591 0.0382662 0.999214 0.0103055 -0.396549 -0.996667 0.0374209 0.0724947 194.533
0.0756566 -0.0144872 0.997029 63.8121 0.0379662 0.999211 0.0116379 -0.38873 -0.996411 0.0369729 0.076147 194.632
0.0792566 -0.0160019 0.996726 65.0492 0.0383654 0.999179 0.0129906 -0.382246 -0.996116 0.0372102 0.0798055 194.736
0.0823435 -0.018353 0.996435 66.2899 0.0385687 0.99914 0.0152156 -0.384687 -0.995857 0.0371782 0.0829805 194.844
0.0856403 -0.0193285 0.996139 67.5413 0.0376159 0.999162 0.0161533 -0.369975 -0.995616 0.0360873 0.0862955 194.954
0.0887099 -0.0209185 0.995838 68.7971 0.0367178 0.999169 0.0177176 -0.365684 -0.995381 0.0349933 0.0894042 195.07
0.0909551 -0.0246077 0.995551 70.0595 0.0351812 0.99915 0.0214824 -0.351221 -0.995233 0.0330708 0.0917435 195.192
0.0922349 -0.0243983 0.995438 71.3299 0.0358411 0.999133 0.021168 -0.334677 -0.995092 0.0337252 0.0930294 195.315
0.0937164 -0.0183432 0.99543 72.5881 0.0345083 0.999289 0.0151655 -0.32527 -0.995001 0.0329293 0.0942827 195.438
0.0945698 -0.0169341 0.995374 73.8603 0.0394906 0.999132 0.013246 -0.319336 -0.994735 0.0380553 0.0951565 195.562
0.0965356 -0.0190924 0.995146 75.148 0.0437885 0.998929 0.0149172 -0.317766 -0.994366 0.0421359 0.0972683 195.689
0.0977534 -0.020588 0.994998 76.4259 0.0412162 0.999012 0.0166218 -0.314189 -0.994357 0.0393851 0.0985054 195.821
0.0987607 -0.0166764 0.994971 77.6862 0.0407347 0.999089 0.0127021 -0.307585 -0.994277 0.0392754 0.0993501 195.948
0.0989048 -0.014229 0.994995 78.9502 0.038916 0.999188 0.0104206 -0.304629 -0.994336 0.0376906 0.0993782 196.081
0.0990099 -0.0134068 0.994996 80.2191 0.0364987 0.999285 0.00983272 -0.306446 -0.994417 0.0353425 0.0994284 196.22
0.0996267 -0.0144735 0.99492 81.4885 0.0379504 0.999222 0.010736 -0.306706 -0.994301 0.036688 0.100098 196.35
0.100647 -0.0170208 0.994777 82.7518 0.0399849 0.999115 0.0130495 -0.311472 -0.994118 0.0384627 0.101239 196.476
0.101025 -0.0212395 0.994657 84.0116 0.043257 0.99892 0.016937 -0.30712 -0.993943 0.0413149 0.101834 196.609
0.101241 -0.0261535 0.994518 85.3064 0.0470855 0.99866 0.0214692 -0.293366 -0.993747 0.0446538 0.102337 196.739
0.101696 -0.0277835 0.994427 86.578 0.0491415 0.99853 0.0228726 -0.283645 -0.993601 0.0465416 0.102912 196.871
0.102536 -0.0209323 0.994509 87.8374 0.0469779 0.998765 0.0161784 -0.275356 -0.993619 0.0450611 0.103392 197.014
0.104123 -0.0138168 0.994468 89.0933 0.0469012 0.998859 0.00896712 -0.264853 -0.993458 0.0457081 0.104652 197.149
0.104676 -0.0125587 0.994427 90.3715 0.0440538 0.998997 0.00797917 -0.261219 -0.99353 0.042973 0.105125 197.3
0.106032 -0.0161455 0.994232 91.6846 0.0420389 0.999047 0.0117403 -0.257536 -0.993474 0.0405515 0.10661 197.448
0.108144 -0.0185027 0.993963 93.0022 0.0426968 0.998991 0.0139508 -0.252501 -0.993218 0.0409304 0.108825 197.589
0.110074 -0.0207609 0.993707 94.3061 0.0461328 0.998811 0.0157574 -0.249358 -0.992852 0.044108 0.110901 197.736
0.11208 -0.0211655 0.993474 95.6115 0.0444258 0.99888 0.0162688 -0.242463 -0.992706 0.0423124 0.112894 197.891
0.113839 -0.0196818 0.993304 96.9158 0.0438267 0.99893 0.0147704 -0.23294 -0.992532 0.0418518 0.11458 198.045
0.115578 -0.0193298 0.99311 98.2016 0.0411988 0.999044 0.0146506 -0.224079 -0.992444 0.0392216 0.116264 198.208
0.117226 -0.0203078 0.992898 99.5115 0.0391168 0.999109 0.0158166 -0.217023 -0.992335 0.0369849 0.117916 198.378
0.119741 -0.0220053 0.992561 100.834 0.03945 0.99907 0.0173904 -0.206987 -0.992021 0.0370743 0.120498 198.541
0.122632 -0.0213825 0.992222 102.145 0.0394811 0.999082 0.0166508 -0.204726 -0.991667 0.0371321 0.123364 198.705
0.125405 -0.0194202 0.991916 103.469 0.0418875 0.999021 0.0142636 -0.192268 -0.991221 0.0397601 0.126095 198.874
0.127861 -0.0191225 0.991608 104.794 0.0390694 0.999135 0.0142299 -0.182955 -0.991022 0.0369221 0.128497 199.058
0.129851 -0.0226695 0.991274 106.104 0.0395827 0.99906 0.0176625 -0.181934 -0.990743 0.0369439 0.130626 199.238
0.1321 -0.0239114 0.990948 107.432 0.0392355 0.999052 0.0188766 -0.163418 -0.99046 0.0363867 0.132913 199.422
0.134678 -0.0215901 0.990654 108.766 0.0373023 0.999164 0.0167044 -0.146021 -0.990187 0.0347039 0.13537 199.614
0.137351 -0.0175933 0.990366 110.073 0.0384552 0.999183 0.0124167 -0.132944 -0.989776 0.0363793 0.137916 199.797
0.139967 -0.0151807 0.99004 111.375 0.0382195 0.99922 0.00991813 -0.133574 -0.989418 0.0364506 0.140438 199.985
0.142074 -0.0159521 0.989728 112.692 0.0356611 0.999304 0.0109874 -0.126882 -0.989214 0.0337338 0.142543 200.181
0.144221 -0.0180227 0.989381 114.001 0.0357505 0.999276 0.0129916 -0.134727 -0.9889 0.0334973 0.144761 200.383
0.146973 -0.0184839 0.988968 115.318 0.036311 0.999252 0.0132798 -0.128607 -0.988474 0.0339587 0.147534 200.568
0.149079 -0.0192392 0.988638 116.613 0.0386412 0.99916 0.0136171 -0.136966 -0.98807 0.0361722 0.149697 200.767
0.150986 -0.0211712 0.988309 117.92 0.0409974 0.999045 0.0151379 -0.125485 -0.987685 0.0382325 0.15171 200.962
0.15268 -0.023014 0.988008 119.207 0.0437056 0.998908 0.0165139 -0.124939 -0.987309 0.0406601 0.153519 201.161
0.153868 -0.0225199 0.987835 120.491 0.0443757 0.998889 0.0158598 -0.120145 -0.987094 0.0413955 0.154697 201.37
0.155612 -0.0206339 0.987603 121.772 0.0441011 0.99893 0.0139218 -0.115141 -0.986833 0.041388 0.156355 201.568
0.156525 -0.0202838 0.987466 123.055 0.0420216 0.999021 0.0138602 -0.114524 -0.98678 0.0393254 0.157224 201.779
0.157029 -0.0204586 0.987382 124.326 0.0397809 0.999105 0.0143749 -0.106932 -0.986792 0.0370217 0.157702 201.999
0.157796 -0.0210781 0.987247 125.615 0.0379254 0.999164 0.0152707 -0.108171 -0.986743 0.0350321 0.158463 202.215
0.158889 -0.0209434 0.987074 126.893 0.035862 0.999238 0.0154288 -0.109909 -0.986645 0.032947 0.159519 202.427
0.159805 -0.0206979 0.986932 128.198 0.0342274 0.999295 0.0154151 -0.111151 -0.986555 0.0313167 0.1604 202.653
0.160909 -0.0200079 0.986766 129.493 0.0354279 0.999267 0.0144843 -0.105143 -0.986333 0.0326284 0.1615 202.861
0.162008 -0.0189892 0.986607 130.77 0.0364147 0.999249 0.013253 -0.108449 -0.986117 0.0337799 0.162578 203.073
0.163127 -0.0181888 0.986437 132.055 0.0382668 0.999194 0.0120958 -0.11325 -0.985863 0.0357746 0.163691 203.283
