0.999992 0.00045324 -0.00384659 0.00226933 -0.00044818 0.999999 0.00131623 -0.0267162 0.00384718 -0.00131449 0.999992 2.11013
0.999978 0.000461645 -0.00669022 -0.0137749 -0.000453329 0.999999 0.00124453 -0.0588185 0.00669079 -0.00124147 0.999977 4.22231
0.999958 0.00146905 -0.00900686 -0.0432341 -0.00146431 0.999999 0.000531881 -0.0888782 0.00900763 -0.00051867 0.999959 6.33535
0.999932 0.00332014 -0.0111517 -0.0698329 -0.00331716 0.999994 0.000285758 -0.123481 0.0111526 -0.000248746 0.999938 8.47182
0.999905 0.00515114 -0.012808 -0.122742 -0.00513572 0.999986 0.00123705 -0.144418 0.0128142 -0.00117115 0.999917 10.5388
0.999872 0.00630101 -0.0147192 -0.158685 -0.00629194 0.99998 0.000662275 -0.186388 0.0147231 -0.000569578 0.999891 12.6656
0.999832 0.00656952 -0.017141 -0.19675 -0.00657683 0.999978 -0.000369992 -0.227775 0.0171382 0.000482663 0.999853 14.7796
0.999784 0.0060567 -0.0198618 -0.224755 -0.00606274 0.999982 -0.000243939 -0.249479 0.0198599 0.000364303 0.999803 16.9221
0.999741 0.00406091 -0.0224101 -0.253124 -0.00405912 0.999992 0.000125485 -0.279706 0.0224104 -3.4487e-05 0.999749 19.0886
0.999688 0.001919 -0.0249153 -0.312536 -0.00190893 0.999998 0.000427692 -0.30239 0.024916 -0.000379996 0.999689 21.2006
0.999604 -6.54418e-05 -0.0281375 -0.364594 7.61413e-05 1 0.000379186 -0.334026 0.0281375 -0.000381179 0.999604 23.3444
0.999505 -0.000209988 -0.0314579 -0.427424 0.000249514 0.999999 0.00125256 -0.35449 0.0314576 -0.00125979 0.999504 25.4677
0.999412 0.00157218 -0.034251 -0.509121 -0.00152243 0.999998 0.00147859 -0.377477 0.0342533 -0.00142558 0.999412 27.5927
0.999313 0.00208732 -0.0369924 -0.596997 -0.00207789 0.999998 0.0002934 -0.413928 0.0369929 -0.000216333 0.999316 29.6764
0.999176 0.00415978 -0.0403802 -0.678477 -0.00424851 0.999989 -0.00211199 -0.428319 0.0403709 0.0022818 0.999182 31.76
0.99905 0.00521036 -0.0432693 -0.77192 -0.00543195 0.999973 -0.00500526 -0.452853 0.043242 0.00523554 0.999051 33.869
0.998921 0.0070036 -0.0459173 -0.881368 -0.00720106 0.999966 -0.00413633 -0.487555 0.0458868 0.00446251 0.998937 35.9512
0.998782 0.00809338 -0.0486809 -0.985768 -0.0081083 0.999967 -0.000109124 -0.519449 0.0486785 0.000503711 0.998814 38.0552
0.998675 0.00786408 -0.050847 -1.09803 -0.00767871 0.999963 0.00383996 -0.541925 0.0508753 -0.00344444 0.998699 40.1204
0.99854 0.00793865 -0.0534334 -1.20742 -0.00759875 0.99995 0.00656131 -0.554498 0.0534828 -0.0061457 0.99855 42.252
0.998407 0.00709248 -0.0559773 -1.32536 -0.00675407 0.999958 0.00623242 -0.577117 0.0560192 -0.00584441 0.998413 44.396
0.998231 0.00794061 -0.0589187 -1.44502 -0.00786182 0.999968 0.00156895 -0.602691 0.0589293 -0.00110297 0.998262 46.5056
0.998041 0.00750392 -0.0621089 -1.58004 -0.00778795 0.99996 -0.00433227 -0.634076 0.0620739 0.00480748 0.99806 48.5499
0.997802 0.00548205 -0.0660322 -1.72842 -0.00599774 0.999953 -0.00761398 -0.679837 0.0659873 0.00799329 0.997788 50.6459
0.99752 -0.000433262 -0.0703873 -1.87557 -0.000190099 0.999961 -0.00884921 -0.722435 0.0703884 0.00884065 0.99748 52.7971
0.997181 -0.00680555 -0.0747257 -2.00432 0.00630352 0.999956 -0.00695212 -0.757489 0.0747697 0.00646148 0.99718 54.9803
0.996812 -0.0100104 -0.0791594 -2.13763 0.00970302 0.999944 -0.00426694 -0.808167 0.0791977 0.00348525 0.996853 57.1053
0.996474 -0.0112692 -0.0831466 -2.25809 0.0108763 0.999927 -0.00517665 -0.83388 0.0831989 0.00425407 0.996524 59.3121
0.996218 -0.00754939 -0.0865614 -2.44 0.00721954 0.999965 -0.0041231 -0.872375 0.0865896 0.00348257 0.996238 61.5222
0.996016 -0.004803 -0.0890413 -2.63051 0.0047063 0.999988 -0.00129593 -0.893498 0.0890465 0.000871717 0.996027 63.7141
0.995791 -0.00266469 -0.0916172 -2.79796 0.00275052 0.999996 0.000810644 -0.925337 0.0916147 -0.00105923 0.995794 65.9122
0.995597 0.000213735 -0.0937416 -3.00455 -0.000139287 1 0.000800722 -0.953931 0.0937418 -0.000784139 0.995596 68.0766
0.995435 0.00243197 -0.0954104 -3.23763 -0.00254086 0.999996 -0.00101982 -0.967259 0.0954076 0.00125759 0.995437 70.2355
0.995245 0.00505163 -0.097269 -3.45108 -0.00534753 0.999982 -0.0027816 -1.00747 0.0972532 0.00328852 0.995254 72.3761
0.995071 0.00578796 -0.0989925 -3.6821 -0.00597477 0.999981 -0.00159076 -1.0535 0.0989814 0.00217437 0.995087 74.4876
0.994893 0.00398129 -0.100854 -3.90742 -0.00400002 0.999992 1.65024e-05 -1.06544 0.100854 0.000387001 0.994901 76.7147
0.994662 0.000987429 -0.103179 -4.14993 -0.000838799 0.999999 0.00148388 -1.07943 0.103181 -0.00138942 0.994662 78.9724
0.994429 -0.00188831 -0.105392 -4.36314 0.00205143 0.999997 0.00143937 -1.08986 0.105389 -0.00164755 0.99443 81.1231
0.994162 -0.00393247 -0.107823 -4.5834 0.00392346 0.999992 -0.000295625 -1.09482 0.107824 -0.000129142 0.99417 83.2485
0.993979 -0.00323108 -0.10952 -4.82052 0.00301876 0.999993 -0.00210431 -1.11852 0.109526 0.00176103 0.993982 85.417
0.993758 -0.00228552 -0.111532 -5.05392 0.00202894 0.999995 -0.00241401 -1.15847 0.111537 0.00217265 0.993758 87.5881
0.993447 -0.00111629 -0.114292 -5.27194 0.000758368 0.999995 -0.00317505 -1.20323 0.114295 0.00306757 0.993442 89.8056
0.993175 -0.00112298 -0.116624 -5.51649 0.000591548 0.999989 -0.00459134 -1.21728 0.116628 0.00449102 0.993166 92.0052
0.992761 -0.000994896 -0.120102 -5.70305 0.000146147 0.999975 -0.00707552 -1.24514 0.120106 0.00700675 0.992736 94.4135
0.992499 -0.00101083 -0.122249 -5.97934 0.000126735 0.999974 -0.00723951 -1.31256 0.122253 0.00716971 0.992473 96.5787
0.992278 -6.32186e-05 -0.12403 -6.27257 -0.000586478 0.999986 -0.00520171 -1.35655 0.124028 0.00523429 0.992265 98.809
0.99201 0.000221316 -0.126162 -6.55188 -0.000704923 0.999993 -0.00378858 -1.35977 0.126161 0.00384724 0.992002 101.075
0.991708 0.00114582 -0.128506 -6.83851 -0.00151931 0.999995 -0.00280841 -1.39141 0.128502 0.00298036 0.991705 103.326
0.99131 0.000497062 -0.131546 -7.10474 -0.000929322 0.999994 -0.00322462 -1.42677 0.131544 0.00331885 0.991305 105.6
0.990941 -0.000776201 -0.134296 -7.38799 0.000364956 0.999995 -0.00308683 -1.46338 0.134298 0.00300985 0.990936 107.725
0.990545 -0.00221067 -0.137171 -7.69277 0.00191408 0.999996 -0.00229406 -1.50991 0.137175 0.00200981 0.990545 109.942
0.99011 -0.00379439 -0.140243 -7.98564 0.00354243 0.999992 -0.0020462 -1.54204 0.14025 0.00152916 0.990115 112.155
0.989663 -0.00419209 -0.143349 -8.29313 0.00415978 0.999991 -0.000525074 -1.57904 0.14335 -7.66561e-05 0.989672 114.347
0.989198 -0.00651916 -0.146441 -8.61593 0.006662 0.999978 0.000484998 -1.60719 0.146434 -0.00145535 0.989219 116.525
0.988576 -0.00764799 -0.150531 -8.91443 0.00770556 0.99997 -0.000200844 -1.63035 0.150528 -0.000961377 0.988605 118.741
0.988072 -0.00679699 -0.15384 -9.25045 0.00657116 0.999976 -0.00197642 -1.67164 0.15385 0.000941939 0.988094 120.85
0.987601 -0.00600732 -0.156872 -9.59886 0.00549343 0.999978 -0.00370918 -1.72322 0.156891 0.00280142 0.987612 123.002
0.987157 -0.00478751 -0.159678 -9.9527 0.00471614 0.999989 -0.000825886 -1.75825 0.159681 6.22137e-05 0.987169 125.126
0.986684 -0.00511935 -0.162566 -10.3083 0.00565075 0.99998 0.00280657 -1.78789 0.162548 -0.00368782 0.986694 127.282
0.986137 -0.00878418 -0.165699 -10.6605 0.00940243 0.999951 0.0029471 -1.80083 0.165666 -0.00446423 0.986172 129.376
0.985688 -0.0100414 -0.168282 -11.0211 0.0102329 0.999948 0.000270755 -1.82504 0.168271 -0.00198889 0.985739 131.489
0.985241 -0.0123544 -0.170727 -11.3727 0.0125174 0.999922 -0.000121858 -1.86516 0.170715 -0.00201699 0.985318 133.644
0.984849 -0.0141917 -0.172832 -11.7629 0.0142141 0.999898 -0.00110797 -1.89303 0.17283 -0.00136548 0.984951 135.777
0.984337 -0.0159016 -0.17558 -12.1412 0.0155563 0.999873 -0.00334336 -1.93039 0.17561 0.000559635 0.98446 137.944
0.983889 -0.00967217 -0.17852 -12.524 0.0091115 0.999951 -0.00396026 -1.97728 0.178549 0.00226988 0.983928 140.107
0.983651 0.0010455 -0.180082 -12.9409 -0.000871609 0.999999 0.00104476 -2.0113 0.180083 -0.000870719 0.983651 142.238
0.983427 0.00942658 -0.18106 -13.3628 -0.00844634 0.999945 0.00618419 -2.03524 0.181109 -0.0045524 0.983453 144.358
0.983171 0.00840926 -0.182492 -13.7688 -0.00735653 0.999952 0.00644481 -2.04088 0.182537 -0.00499384 0.983186 146.524
0.982759 0.00131675 -0.184885 -14.1663 -0.000289621 0.999984 0.00558238 -2.05603 0.184889 -0.00543259 0.982744 148.653
0.982393 -0.00461145 -0.186771 -14.5663 0.00537219 0.999979 0.00356721 -2.07657 0.18675 -0.00450777 0.982397 150.796
0.982383 -0.00555402 -0.186798 -14.9829 0.00592172 0.999981 0.00141046 -2.0988 0.186787 -0.00249178 0.982397 152.906
0.982511 -0.00265147 -0.186185 -15.4004 0.00290132 0.999995 0.00106949 -2.1218 0.186181 -0.00159097 0.982514 155.033
0.982542 0.00174271 -0.186034 -15.8163 -0.00127729 0.999996 0.0026216 -2.13865 0.186038 -0.00233821 0.98254 157.109
0.982557 0.00305906 -0.185936 -16.2322 -0.002255 0.999987 0.00453576 -2.16446 0.185947 -0.00403735 0.982551 159.278
0.982294 0.0010615 -0.187345 -16.6466 -0.000483009 0.999995 0.00313348 -2.17041 0.187347 -0.00298751 0.982289 161.418
0.981939 0.000710316 -0.189196 -17.0676 -0.000435366 0.999999 0.00149481 -2.20152 0.189197 -0.00138545 0.981938 163.553
0.981651 0.00361438 -0.190654 -17.5043 -0.00284759 0.999987 0.0042957 -2.22363 0.190667 -0.00367397 0.981648 165.707
0.981411 0.00620321 -0.191819 -17.9446 -0.00530171 0.999972 0.00521263 -2.23764 0.191846 -0.00409876 0.981416 167.833
0.981143 0.00811634 -0.193115 -18.3633 -0.00777756 0.999967 0.00251238 -2.25108 0.193129 -0.000963039 0.981173 169.972
0.980932 0.00679867 -0.194233 -18.7957 -0.00686187 0.999976 0.000347444 -2.26619 0.19423 0.000991979 0.980955 172.106
0.980706 0.00497485 -0.195423 -19.2303 -0.00500387 0.999987 0.000345185 -2.29976 0.195422 0.000639345 0.980719 174.23
0.980414 0.00324593 -0.19692 -19.6622 -0.00298258 0.999994 0.00163388 -2.31988 0.196924 -0.00101455 0.980418 176.353
0.980142 0.00113746 -0.198294 -20.1002 -0.000542653 0.999995 0.00305392 -2.33823 0.198296 -0.00288567 0.980138 178.506
0.979855 0.000259761 -0.19971 -20.5364 0.000332505 0.999996 0.00293208 -2.3517 0.19971 -0.00293942 0.979851 180.625
0.979587 0.000425635 -0.201022 -20.9737 0.000224484 0.999995 0.00321127 -2.35396 0.201022 -0.00319084 0.979582 182.758
0.979294 0.000820014 -0.202439 -21.4171 -0.000185654 0.999995 0.00315255 -2.38862 0.202441 -0.00304969 0.97929 184.886
0.979025 0.000858217 -0.203737 -21.8684 -0.000192929 0.999995 0.00328526 -2.40915 0.203739 -0.00317705 0.97902 187.01
0.97872 0.00209187 -0.205187 -22.3237 -0.00145314 0.999994 0.00326353 -2.44019 0.205193 -0.00289592 0.978717 189.148
0.978459 0.00196034 -0.206433 -22.779 -0.00125012 0.999993 0.00357081 -2.45536 0.206438 -0.00323583 0.978454 191.262
0.978125 0.000994643 -0.208014 -23.2411 -0.000326257 0.999995 0.00324746 -2.4761 0.208016 -0.00310855 0.97812 193.443
0.977813 -1.19362e-05 -0.20948 -23.7068 0.000365647 0.999999 0.00164979 -2.49578 0.20948 -0.00168978 0.977811 195.593
0.977604 -0.001203 -0.210449 -24.1933 0.00150627 0.999998 0.00128077 -2.51833 0.210447 -0.00156908 0.977604 197.722
0.97722 -0.000903962 -0.212227 -24.6323 0.00131245 0.999998 0.00178391 -2.53837 0.212225 -0.00202181 0.977219 199.847
0.976985 -0.000515815 -0.213306 -25.1086 0.000749123 0.999999 0.00101295 -2.56577 0.213305 -0.00114943 0.976985 201.984
0.97667 -0.000827362 -0.214742 -25.5752 0.00103626 0.999999 0.000860225 -2.59055 0.214741 -0.00106269 0.97667 204.144
0.976264 -0.00243364 -0.21657 -26.0435 0.00256282 0.999997 0.000315648 -2.6158 0.216569 -0.000863187 0.976267 206.28
0.975948 -0.0041839 -0.217965 -26.5317 0.00457292 0.999989 0.00128038 -2.6382 0.217958 -0.00224632 0.975956 208.411
0.975676 -0.0037591 -0.219186 -27.0347 0.00446004 0.999986 0.00270317 -2.66241 0.219173 -0.003615 0.975679 210.562
0.975425 -0.00194405 -0.220321 -27.5196 0.00290367 0.999988 0.0040318 -2.69099 0.22031 -0.00457245 0.975419 212.692
0.975102 -0.000676034 -0.221755 -27.9979 0.00133879 0.999995 0.0028384 -2.71372 0.221752 -0.00306461 0.975098 214.836
0.974778 -0.00158406 -0.223173 -28.494 0.00219791 0.999994 0.00250221 -2.73657 0.223167 -0.00292961 0.974776 216.958
0.974537 -0.00147357 -0.224222 -28.9966 0.00230024 0.999991 0.00342569 -2.76512 0.224215 -0.00385423 0.974532 219.089
0.974481 -0.000486342 -0.224468 -29.5009 0.00143642 0.999991 0.00406928 -2.7906 0.224464 -0.00428787 0.974473 221.228
0.974615 0.000865373 -0.223884 -30.0107 -0.000244695 0.999996 0.00280005 -2.81162 0.223886 -0.00267419 0.974612 223.348
0.974689 0.00188824 -0.223559 -30.5244 -0.00160249 0.999998 0.0014596 -2.83824 0.223561 -0.0010644 0.974689 225.486
0.974732 0.00255834 -0.223363 -31.0269 -0.00229981 0.999996 0.00141759 -2.86098 0.223365 -0.000868075 0.974734 227.594
0.974624 0.00231696 -0.223838 -31.5343 -0.00202806 0.999997 0.00152054 -2.89147 0.22384 -0.001028 0.974625 229.714
0.974503 0.00107791 -0.22437 -32.0356 -0.000594443 0.999997 0.00222232 -2.92439 0.224372 -0.00203229 0.974502 231.824
0.97432 0.00083581 -0.225167 -32.5284 -0.000482393 0.999999 0.00162459 -2.95328 0.225168 -0.00147425 0.974319 233.956
0.974187 0.00150388 -0.225737 -33.0425 -0.000942618 0.999996 0.0025941 -2.98496 0.22574 -0.00231436 0.974185 236.082
0.974001 0.00152958 -0.226538 -33.5487 -0.000734588 0.999993 0.00359358 -3.01231 0.226542 -0.00333374 0.973996 238.189
0.973778 0.000870468 -0.227499 -34.0515 -0.000358361 0.999997 0.00229232 -3.03886 0.227501 -0.00215068 0.973776 240.258
0.973529 0.000643068 -0.228565 -34.5637 -0.000434213 0.999999 0.000964056 -3.06209 0.228565 -0.00083929 0.973528 242.372
0.973492 -0.000532379 -0.22872 -35.0736 0.000430306 1 -0.000496149 -3.09109 0.22872 0.000384578 0.973492 244.478
0.973454 -0.00142695 -0.228878 -35.5841 0.00157185 0.999999 0.000450773 -3.11027 0.228878 -0.000798569 0.973455 246.582
0.973421 -0.00107713 -0.229019 -36.0979 0.00150436 0.999997 0.00169091 -3.13336 0.229016 -0.00199049 0.973421 248.689
0.973418 -0.00120737 -0.229032 -36.6116 0.00199989 0.999993 0.00322822 -3.15631 0.229026 -0.00360044 0.973414 250.792
0.973444 -0.000909254 -0.228924 -37.1184 0.00166604 0.999994 0.0031126 -3.17343 0.22892 -0.00341134 0.973439 252.921
0.973398 -0.00122464 -0.229116 -37.6264 0.00194343 0.999994 0.00291162 -3.1885 0.229111 -0.00327943 0.973395 255.04
0.973242 -0.00271177 -0.229764 -38.1276 0.00311862 0.999994 0.00140759 -3.21745 0.229759 -0.00208647 0.973245 257.153
0.973105 -0.00410276 -0.230324 -38.6429 0.00459808 0.999988 0.00161383 -3.23972 0.230315 -0.00262948 0.973113 259.316
0.972857 -0.00349363 -0.23138 -39.1428 0.0043089 0.999986 0.00301825 -3.27111 0.231366 -0.00393332 0.972859 261.437
0.972519 -0.00456525 -0.232777 -39.6467 0.0056513 0.999976 0.00399891 -3.2973 0.232754 -0.00520451 0.972522 263.542
0.972278 -0.0051435 -0.23377 -40.1592 0.00624708 0.999973 0.00398057 -3.32457 0.233743 -0.00533061 0.972284 265.7
0.971984 -0.00618331 -0.234967 -40.67 0.00704766 0.999971 0.00283902 -3.34675 0.234942 -0.00441545 0.971999 267.807
0.97156 -0.00691091 -0.236692 -41.1737 0.0075234 0.99997 0.00168463 -3.3675 0.236674 -0.00341745 0.971583 269.924
0.971347 -0.00632018 -0.23758 -41.7031 0.00693471 0.999974 0.00175098 -3.38577 0.237563 -0.00334836 0.971366 272.037
0.971131 -0.00578825 -0.238477 -42.2389 0.00649225 0.999977 0.00216671 -3.42594 0.238459 -0.00365241 0.971146 274.192
0.970903 -0.00634664 -0.239391 -42.7812 0.00679366 0.999976 0.00104222 -3.45964 0.239378 -0.00263823 0.970923 276.346
0.970537 -0.00670078 -0.240859 -43.3201 0.00713767 0.999974 0.000941463 -3.48135 0.240847 -0.0026329 0.97056 278.482
0.970308 -0.00604255 -0.241796 -43.8605 0.00688675 0.999973 0.00264639 -3.50102 0.241773 -0.00423301 0.970323 280.62
0.970133 -0.00562938 -0.242507 -44.4065 0.0067711 0.99997 0.00387478 -3.52773 0.242477 -0.00540109 0.970142 282.736
0.969989 -0.0056222 -0.243084 -44.9583 0.00675842 0.99997 0.00384049 -3.54198 0.243055 -0.0053681 0.969998 284.874
0.969856 -0.00655337 -0.243591 -45.5095 0.00730046 0.999971 0.00216432 -3.56389 0.24357 -0.00387741 0.969876 287.018
0.969827 -0.00788161 -0.243667 -46.0631 0.00841385 0.999964 0.00114361 -3.58848 0.243649 -0.00315928 0.969858 289.174
0.969839 -0.00831228 -0.243605 -46.615 0.00893697 0.999959 0.00145927 -3.60972 0.243583 -0.00359235 0.969873 291.322
0.96988 -0.00784061 -0.243457 -47.1476 0.00890337 0.999955 0.00326522 -3.62488 0.24342 -0.00533446 0.969906 293.449
0.970115 -0.00760796 -0.242525 -47.7016 0.00895885 0.99995 0.00446775 -3.6467 0.242479 -0.00650698 0.970135 295.604
0.970218 -0.00908358 -0.242064 -48.2391 0.0106288 0.999931 0.00507855 -3.66352 0.242001 -0.00750016 0.970247 297.725
0.970324 -0.0118363 -0.241519 -48.7842 0.013453 0.999897 0.00504604 -3.67096 0.241435 -0.00814546 0.970383 299.879
0.970326 -0.0135244 -0.241422 -49.3149 0.015194 0.999872 0.00505541 -3.68636 0.241323 -0.00857357 0.970407 301.987
0.970077 -0.0126507 -0.242469 -49.8394 0.0139081 0.999897 0.00347474 -3.69376 0.2424 -0.00674305 0.970153 304.093
0.97003 -0.0116396 -0.242708 -50.3858 0.0124343 0.999921 0.00174297 -3.71855 0.242668 -0.00470864 0.970098 306.212
0.969853 -0.0111383 -0.243435 -50.9264 0.0119144 0.999928 0.00171584 -3.74546 0.243399 -0.0045645 0.969916 308.345
0.969577 -0.0107633 -0.244551 -51.4764 0.0115264 0.999932 0.00168938 -3.76916 0.244517 -0.00445678 0.969635 310.496
0.96937 -0.010836 -0.245366 -52.018 0.0115668 0.999932 0.00153758 -3.79926 0.245333 -0.00432859 0.969429 312.573
0.969175 -0.0110221 -0.246126 -52.5679 0.0121198 0.999922 0.00294565 -3.83128 0.246074 -0.00583785 0.969233 314.718
0.969017 -0.0100452 -0.246788 -53.1164 0.011418 0.999926 0.00413246 -3.86173 0.246728 -0.00682226 0.969061 316.86
0.969037 -0.00938133 -0.246737 -53.6684 0.0105457 0.999939 0.00339788 -3.8774 0.24669 -0.00589467 0.969077 319.009
0.969111 -0.0101333 -0.246416 -54.2178 0.0107531 0.999941 0.0011696 -3.895 0.246389 -0.0037832 0.969164 321.157
0.969159 -0.0109227 -0.246196 -54.7568 0.011621 0.999932 0.00138392 -3.91876 0.246164 -0.00420229 0.969219 323.276
0.969202 -0.00973885 -0.246076 -55.3022 0.0107417 0.999939 0.00273344 -3.94644 0.246034 -0.00529253 0.969247 325.394
0.969334 -0.00886161 -0.245586 -55.8562 0.00983407 0.999948 0.00273369 -3.96989 0.245549 -0.00506497 0.969371 327.543
0.969407 -0.00826589 -0.24532 -56.4004 0.00914099 0.999955 0.00242875 -3.99508 0.245289 -0.00459692 0.969439 329.671
0.96944 -0.0104435 -0.245104 -56.9458 0.0109452 0.99994 0.000684723 -4.02371 0.245082 -0.00334651 0.969496 331.798
0.969528 -0.0126838 -0.244653 -57.4931 0.013325 0.999911 0.000965582 -4.04229 0.244619 -0.00419614 0.96961 333.921
0.969549 -0.0121145 -0.244596 -58.0347 0.0127332 0.999918 0.000948468 -4.05811 0.244565 -0.00403408 0.969624 336.041
0.969632 -0.0114548 -0.2443 -58.5727 0.0116926 0.999932 -0.000477042 -4.07712 0.244289 -0.00239394 0.9697 338.15
0.969826 -0.0116052 -0.243523 -59.1254 0.0128024 0.999912 0.0033341 -4.09848 0.243463 -0.00635118 0.969889 340.277
0.96988 -0.0120641 -0.243283 -59.6759 0.0136132 0.999896 0.00468713 -4.11531 0.243201 -0.00785781 0.969944 342.421
0.970005 -0.0112649 -0.242825 -60.2216 0.0124131 0.999918 0.00319896 -4.14076 0.242769 -0.00611722 0.970065 344.517
0.970178 -0.0100035 -0.242188 -60.7723 0.0111257 0.999933 0.00326624 -4.16016 0.242139 -0.00586334 0.970224 346.634
0.970308 -0.00801806 -0.24174 -61.3116 0.00942047 0.999945 0.00464606 -4.17778 0.24169 -0.00678541 0.97033 348.775
0.970361 -0.00660979 -0.241568 -61.8571 0.0075759 0.999967 0.00307073 -4.20427 0.241539 -0.00480981 0.970379 350.868
0.970409 -0.00611024 -0.24139 -62.3879 0.00624631 0.99998 -0.000201538 -4.23321 0.241386 -0.00131222 0.970428 352.944
0.970518 -0.00529172 -0.240969 -62.9383 0.0052489 0.999986 -0.00081959 -4.27134 0.24097 -0.000469396 0.970532 355.089
0.970555 -0.00524759 -0.240824 -63.4838 0.00554432 0.999984 0.000554593 -4.30812 0.240817 -0.00187347 0.970569 357.229
0.970589 -0.00548848 -0.240682 -64.0173 0.00612421 0.999979 0.00189349 -4.3288 0.240666 -0.00331179 0.970602 359.346
0.970648 -0.00600728 -0.24043 -64.5624 0.00665088 0.999976 0.00186554 -4.34264 0.240413 -0.00340985 0.970665 361.444
0.970715 -0.00694869 -0.240135 -65.0932 0.00747376 0.999971 0.00127593 -4.36841 0.24012 -0.00303328 0.970739 363.6
0.970759 -0.00705617 -0.239953 -65.6261 0.00729048 0.999973 8.88225e-05 -4.39212 0.239946 -0.0018356 0.970785 365.676
0.970877 -0.00771881 -0.239455 -66.1576 0.00777296 0.99997 -0.000718248 -4.42034 0.239454 -0.00116395 0.970907 367.787
0.970969 -0.00830255 -0.239061 -66.6843 0.00820912 0.999965 -0.00138649 -4.44875 0.239065 -0.00061624 0.971003 369.915
0.97094 -0.00952674 -0.239133 -67.2237 0.00946407 0.999954 -0.00141038 -4.47731 0.239136 -0.000893784 0.970986 372.052
0.970934 -0.0104146 -0.239123 -67.7683 0.0104666 0.999945 -0.00105233 -4.50341 0.23912 -0.00148105 0.970989 374.194
0.970928 -0.0115365 -0.239094 -68.3159 0.011971 0.999928 0.000365358 -4.5397 0.239072 -0.00321693 0.970996 376.331
0.970944 -0.0113506 -0.239038 -68.8549 0.011756 0.999931 0.000270309 -4.55844 0.239018 -0.00307259 0.97101 378.411
0.970887 -0.0123556 -0.239221 -69.3826 0.0124324 0.999922 -0.00118787 -4.59789 0.239217 -0.00182081 0.970964 380.543
0.970893 -0.0119154 -0.239216 -69.9186 0.0119957 0.999927 -0.00111999 -4.61982 0.239212 -0.00178218 0.970966 382.65
0.970856 -0.0113411 -0.239397 -70.4561 0.0117572 0.999931 0.000310399 -4.64415 0.239377 -0.003116 0.970922 384.792
0.970848 -0.0116867 -0.23941 -70.989 0.0122101 0.999925 0.000702962 -4.66789 0.239384 -0.00360569 0.970918 386.924
0.97093 -0.0124342 -0.239041 -71.5261 0.0128608 0.999917 0.000225124 -4.694 0.239018 -0.00329284 0.97101 389.084
0.971004 -0.0128984 -0.238714 -72.0667 0.0130647 0.999914 -0.000885533 -4.72031 0.238705 -0.00225887 0.97109 391.231
0.971131 -0.0140118 -0.238137 -72.608 0.0142516 0.999898 -0.000714714 -4.74983 0.238123 -0.00269975 0.971231 393.377
0.971179 -0.0129337 -0.238001 -73.1515 0.0133172 0.999911 3.25423e-06 -4.77889 0.23798 -0.00317266 0.971265 395.544
0.971249 -0.0123327 -0.237748 -73.6819 0.0126729 0.99992 -9.76965e-05 -4.81416 0.23773 -0.00291806 0.971327 397.681
0.971258 -0.0129643 -0.237676 -74.2109 0.0129431 0.999915 -0.00164962 -4.83375 0.237677 -0.00147406 0.971343 399.814
0.9713 -0.0138804 -0.237451 -74.7433 0.0139246 0.999902 -0.0014913 -4.88682 0.237448 -0.0018579 0.971398 402.002
0.971233 -0.0152979 -0.237637 -75.2845 0.0154581 0.99988 -0.00118945 -4.91158 0.237627 -0.00251819 0.971353 404.168
0.971242 -0.0158423 -0.237568 -75.8157 0.016327 0.999867 7.2438e-05 -4.94811 0.237535 -0.00394912 0.971371 406.294
0.971103 -0.0179736 -0.237983 -76.353 0.0184034 0.999831 -0.000416013 -4.98672 0.23795 -0.00397569 0.971269 408.459
0.971039 -0.0187055 -0.238186 -76.8924 0.018839 0.999821 -0.00171599 -5.01991 0.238176 -0.00282089 0.971218 410.616
0.970948 -0.020328 -0.238426 -77.4308 0.0204487 0.999789 -0.00196723 -5.06131 0.238416 -0.00296543 0.971159 412.761
0.970875 -0.0196483 -0.23878 -77.9709 0.0200268 0.999799 -0.000841154 -5.09323 0.238749 -0.00396535 0.971073 414.863
0.970833 -0.0186559 -0.239029 -78.5119 0.019659 0.999805 0.00181291 -5.1292 0.238949 -0.00645911 0.971011 417.031
0.970736 -0.0187894 -0.239413 -79.0522 0.0204332 0.999782 0.00438545 -5.1805 0.239278 -0.00914909 0.970908 419.228
0.970645 -0.0181899 -0.239828 -79.5889 0.0197645 0.999796 0.00416181 -5.20045 0.239703 -0.00877971 0.970806 421.337
0.970432 -0.0181403 -0.24069 -80.1309 0.0192487 0.999812 0.00225456 -5.22572 0.240604 -0.00682087 0.970599 423.455
0.97014 -0.0185437 -0.241836 -80.6724 0.0192966 0.999814 0.000744945 -5.24469 0.241777 -0.00538931 0.970317 425.576
0.969704 -0.0188599 -0.243554 -81.1932 0.0199045 0.9998 0.00182853 -5.28652 0.243471 -0.00662095 0.969886 427.71
0.969391 -0.0197692 -0.244724 -81.7385 0.0208859 0.99978 0.00196845 -5.30429 0.244631 -0.00701948 0.969591 429.835
0.969096 -0.0189835 -0.245954 -82.2917 0.02003 0.999798 0.00175398 -5.32921 0.245871 -0.00662623 0.96928 431.937
0.96879 -0.0196848 -0.247099 -82.8372 0.0203662 0.999793 0.000201867 -5.35326 0.247044 -0.00522804 0.96899 434.073
0.968466 -0.0189785 -0.248422 -83.3878 0.0199245 0.999801 0.00129387 -5.39464 0.248348 -0.00620275 0.968651 436.184
0.968067 -0.0181204 -0.250035 -83.9369 0.0192788 0.999812 0.00218449 -5.42829 0.249948 -0.0069351 0.968234 438.31
0.967714 -0.0175116 -0.251443 -84.4994 0.0184828 0.999828 0.00150125 -5.45268 0.251374 -0.00610016 0.967871 440.439
0.967382 -0.0184047 -0.252653 -85.0525 0.0191193 0.999817 0.000373451 -5.47601 0.2526 -0.00519183 0.967557 442.495
0.966928 -0.0187223 -0.254361 -85.6073 0.0197453 0.999804 0.001469 -5.52572 0.254284 -0.00644284 0.967108 444.648
0.966563 -0.0192629 -0.255704 -86.1762 0.0203361 0.999792 0.0015537 -5.54351 0.255621 -0.00670179 0.966754 446.768
0.966214 -0.0200623 -0.25696 -86.7605 0.021591 0.999762 0.00312874 -5.56946 0.256836 -0.00857104 0.966417 448.894
0.965898 -0.0195428 -0.258185 -87.3318 0.0214093 0.999761 0.00441977 -5.59517 0.258037 -0.00979661 0.966085 450.961
0.965549 -0.0188665 -0.259537 -87.9093 0.020174 0.999794 0.00237484 -5.60868 0.259439 -0.00752894 0.96573 453.056
0.965234 -0.0197798 -0.260636 -88.5105 0.0204886 0.99979 2.46513e-06 -5.63821 0.260581 -0.00534245 0.965437 455.186
0.96489 -0.0205684 -0.261848 -89.1024 0.021374 0.999772 0.000228401 -5.66899 0.261783 -0.0058171 0.965109 457.346
0.964512 -0.0200133 -0.263278 -89.6913 0.0207769 0.999784 0.000116196 -5.69194 0.263219 -0.00558219 0.96472 459.461
0.964189 -0.0190712 -0.26453 -90.2848 0.019847 0.999803 0.000259929 -5.71827 0.264473 -0.00550074 0.964377 461.578
0.963872 -0.0158406 -0.265894 -90.8838 0.0174224 0.999842 0.00359136 -5.74587 0.265795 -0.00809412 0.963996 463.694
0.963606 -0.0139952 -0.266959 -91.4768 0.015705 0.999868 0.00427081 -5.76399 0.266864 -0.00830797 0.963698 465.776
0.963254 -0.0139463 -0.268228 -92.0768 0.0152543 0.99988 0.00279308 -5.78134 0.268157 -0.00678208 0.963351 467.899
0.962903 -0.0135259 -0.269507 -92.6841 0.0149953 0.999882 0.00339395 -5.80158 0.26943 -0.00730939 0.962992 470.03
0.962754 -0.0144185 -0.269995 -93.293 0.0163263 0.999855 0.00482133 -5.81726 0.269886 -0.00904976 0.96285 472.114
0.962676 -0.0145969 -0.270261 -93.9027 0.0160796 0.999865 0.00327289 -5.83087 0.270177 -0.00749644 0.962781 474.224
0.962594 -0.0149067 -0.270537 -94.4893 0.0154726 0.99988 -4.10807e-05 -5.86516 0.270505 -0.00414636 0.96271 476.334
0.962775 -0.0138033 -0.269952 -95.0796 0.0139017 0.999902 -0.00154753 -5.89767 0.269947 -0.00226286 0.962873 478.409
0.962891 -0.0117653 -0.269634 -95.68 0.0124347 0.999922 0.000774769 -5.93878 0.269604 -0.00409885 0.962963 480.509
0.963063 -0.0119852 -0.269008 -96.2716 0.0130444 0.999913 0.00215033 -5.97248 0.268959 -0.00557996 0.963136 482.595
0.96318 -0.0131721 -0.268535 -96.8624 0.0142406 0.999897 0.00203166 -6.00021 0.268481 -0.00578097 0.963268 484.684
0.963259 -0.0148896 -0.268159 -97.4577 0.0159883 0.99987 0.00191356 -6.02331 0.268096 -0.00613066 0.963373 486.797
0.963207 -0.0180355 -0.268155 -98.0502 0.0188379 0.999822 0.000419625 -6.04605 0.2681 -0.00545567 0.963376 488.899
0.963038 -0.0203727 -0.268595 -98.642 0.0213396 0.999772 0.000680586 -6.07731 0.26852 -0.00638715 0.963253 491.021
0.962764 -0.020118 -0.269594 -99.2429 0.0212511 0.999773 0.00128472 -6.10674 0.269507 -0.00696605 0.962973 493.12
0.962544 -0.0189711 -0.270462 -99.8448 0.0202367 0.999793 0.00189118 -6.13115 0.27037 -0.00729359 0.962729 495.193
0.962235 -0.0177613 -0.271642 -100.444 0.0193358 0.999808 0.00312071 -6.15246 0.271534 -0.00825526 0.962393 497.232
0.961897 -0.0165642 -0.272911 -101.055 0.0181225 0.999831 0.00318982 -6.17654 0.272812 -0.0080141 0.962034 499.356
0.961576 -0.0167581 -0.274027 -101.665 0.0177431 0.999842 0.00111622 -6.20503 0.273965 -0.00593541 0.961721 501.456
0.961136 -0.0170531 -0.275548 -102.278 0.017482 0.999847 -0.000899844 -6.22987 0.275521 -0.00395224 0.961287 503.515
0.960673 -0.0159199 -0.277225 -102.891 0.0165501 0.999863 -6.68977e-05 -6.26215 0.277188 -0.00452382 0.960805 505.638
0.960309 -0.0158518 -0.278486 -103.511 0.0170438 0.999853 0.00185938 -6.29735 0.278416 -0.00653203 0.960439 507.764
0.959893 -0.0150499 -0.279964 -104.134 0.0164906 0.99986 0.00279114 -6.32705 0.279883 -0.00729597 0.960006 509.854
0.959456 -0.0149029 -0.281465 -104.749 0.0159442 0.999872 0.00140963 -6.34507 0.281407 -0.0058402 0.959571 511.956
0.959066 -0.0145818 -0.282809 -105.374 0.0155583 0.999878 0.00120712 -6.37546 0.282757 -0.00555773 0.959176 514.008
0.958636 -0.0141399 -0.284284 -106.006 0.0154564 0.999878 0.00238818 -6.4005 0.284216 -0.00668341 0.958737 516.085
0.958248 -0.0145831 -0.285567 -106.644 0.0160581 0.999867 0.00282414 -6.42404 0.285487 -0.00729189 0.958355 518.171
0.957833 -0.0153968 -0.286912 -107.28 0.0164588 0.999864 0.00128985 -6.44022 0.286853 -0.00595768 0.957956 520.249
0.957399 -0.0159402 -0.288328 -107.911 0.0169715 0.999855 0.0010773 -6.46267 0.288269 -0.00592475 0.957531 522.313
0.956979 -0.0163293 -0.289697 -108.552 0.017578 0.999844 0.00170891 -6.48528 0.289624 -0.0067277 0.957117 524.387
0.95652 -0.0179047 -0.291118 -109.186 0.0190475 0.999818 0.00109193 -6.51869 0.291045 -0.00658953 0.956687 526.449
0.956169 -0.0180633 -0.292258 -109.846 0.0192173 0.999815 0.00107796 -6.54505 0.292184 -0.00664711 0.956339 528.54
0.955932 -0.0175644 -0.293064 -110.503 0.0185227 0.999828 0.000495099 -6.57668 0.293005 -0.00590162 0.956093 530.644
0.955667 -0.0165807 -0.293983 -111.148 0.0173844 0.999849 0.000120743 -6.60556 0.293937 -0.00522611 0.955811 532.724
0.955473 -0.0157322 -0.294658 -111.796 0.0168113 0.999858 0.00112945 -6.63592 0.294598 -0.00603273 0.955602 534.776
0.955289 -0.0158844 -0.295246 -112.446 0.0176828 0.999838 0.00342226 -6.66079 0.295144 -0.00849002 0.955415 536.826
0.955092 -0.0168231 -0.295833 -113.09 0.0186303 0.999821 0.00329085 -6.68888 0.295725 -0.00865451 0.955234 538.89
0.955011 -0.018412 -0.295999 -113.734 0.0200581 0.999796 0.00252512 -6.72094 0.295892 -0.0083487 0.955185 540.919
0.955019 -0.0186162 -0.295958 -114.394 0.0202126 0.999793 0.00233515 -6.74075 0.295853 -0.00821221 0.955198 543.013
0.955032 -0.0182515 -0.29594 -115.049 0.020196 0.99979 0.00351484 -6.76838 0.295814 -0.0093336 0.9552 545.076
0.95506 -0.0174496 -0.295899 -115.72 0.019976 0.999785 0.00551675 -6.78582 0.29574 -0.0111797 0.955203 547.144
0.955024 -0.0177431 -0.295999 -116.358 0.0207386 0.999761 0.00698332 -6.81088 0.295804 -0.0128078 0.955163 549.226
0.955052 -0.0157931 -0.296018 -117.004 0.0184086 0.999812 0.00605034 -6.82611 0.295867 -0.0112277 0.955163 551.272
0.955026 -0.0155296 -0.296114 -117.65 0.0176817 0.999833 0.00459101 -6.83526 0.295993 -0.00962033 0.955142 553.288
0.954992 -0.0153004 -0.296236 -118.301 0.0174207 0.999838 0.00451909 -6.84654 0.296119 -0.00947631 0.955104 555.299
0.954761 -0.0155592 -0.296966 -118.942 0.0180117 0.999823 0.00552397 -6.88157 0.296827 -0.0106229 0.954872 557.355
0.954506 -0.0153754 -0.297794 -119.593 0.018114 0.999815 0.00643856 -6.90814 0.29764 -0.0115399 0.954608 559.468
0.954216 -0.0153222 -0.298725 -120.239 0.0180116 0.999818 0.00625176 -6.93207 0.298575 -0.0113461 0.954319 561.555
0.953895 -0.0150777 -0.299762 -120.859 0.0177553 0.999823 0.00621046 -6.95927 0.299616 -0.0112465 0.953994 563.659
0.953602 -0.0153107 -0.300682 -121.524 0.0179173 0.999822 0.00591311 -6.97451 0.300538 -0.0110262 0.953706 565.739
0.953364 -0.0150237 -0.301448 -122.186 0.017506 0.999831 0.00553464 -6.99978 0.301314 -0.0105537 0.953466 567.791
0.953078 -0.0159128 -0.302305 -122.831 0.018426 0.999815 0.00546303 -7.00782 0.302162 -0.010777 0.953196 569.798
0.952781 -0.0170881 -0.303178 -123.479 0.0198779 0.999784 0.00611828 -7.03292 0.303008 -0.0118559 0.952914 571.811
0.952514 -0.0173357 -0.304 -124.121 0.0205528 0.999761 0.00738576 -7.0571 0.303799 -0.0132831 0.952643 573.824
0.952424 -0.0162681 -0.30434 -124.768 0.0197032 0.999772 0.00821891 -7.07351 0.304137 -0.0138244 0.952528 575.831
0.952496 -0.0162736 -0.304117 -125.434 0.0192811 0.99979 0.00688871 -7.0833 0.303941 -0.0124252 0.95261 577.86
0.952465 -0.0152652 -0.304265 -126.087 0.0180714 0.999816 0.00640886 -7.1039 0.304112 -0.0116027 0.952566 579.859
0.952397 -0.0148207 -0.304499 -126.734 0.0182791 0.999797 0.00851004 -7.12352 0.304311 -0.0136709 0.952475 581.86
0.952304 -0.0160647 -0.304729 -127.402 0.0195576 0.999773 0.00841305 -7.1546 0.304524 -0.0139715 0.952402 583.898
0.952285 -0.0174314 -0.304711 -128.053 0.0205876 0.999763 0.00714778 -7.16336 0.304514 -0.01308 0.952418 585.95
0.952275 -0.0165356 -0.304792 -128.697 0.0196683 0.999781 0.00721042 -7.18678 0.304606 -0.012861 0.952392 587.92
0.952252 -0.0154066 -0.304924 -129.334 0.0188739 0.999786 0.00842632 -7.20484 0.304729 -0.0137791 0.95234 589.918
0.952413 -0.0160047 -0.30439 -129.993 0.0181282 0.999827 0.00415127 -7.21333 0.304271 -0.00947177 0.952538 591.925
0.95231 -0.0178068 -0.304611 -130.639 0.0199976 0.999792 0.00407368 -7.235 0.304475 -0.0099709 0.952468 593.936
0.952095 -0.0198455 -0.305158 -131.265 0.0224057 0.999737 0.0048896 -7.26193 0.304981 -0.0114927 0.952289 595.875
0.952179 -0.0190937 -0.304944 -131.915 0.0225215 0.999716 0.0077268 -7.28603 0.30471 -0.0142251 0.952339 597.868
0.952239 -0.016816 -0.30489 -132.55 0.0200792 0.99977 0.00757008 -7.28679 0.304693 -0.0133305 0.952357 599.797
0.952265 -0.0151014 -0.304899 -133.185 0.0187039 0.999785 0.00889764 -7.30625 0.3047 -0.0141757 0.952343 601.757
0.952407 -0.0137175 -0.304521 -133.827 0.0172684 0.999811 0.00897044 -7.31674 0.304341 -0.0138021 0.952463 603.716
0.952378 -0.0132653 -0.30463 -134.451 0.0166615 0.999825 0.00855138 -7.32757 0.304463 -0.0132197 0.952432 605.647
0.952348 -0.0140121 -0.304691 -135.081 0.0169867 0.99983 0.00711369 -7.34581 0.30454 -0.0119504 0.952425 607.6
0.952185 -0.0144776 -0.305178 -135.708 0.0174967 0.999821 0.00715984 -7.35424 0.30502 -0.0121571 0.952268 609.561
0.952111 -0.0150991 -0.305379 -136.331 0.0183875 0.9998 0.00789486 -7.37533 0.305199 -0.013132 0.952198 611.483
0.952017 -0.0133359 -0.305754 -136.991 0.0166857 0.999826 0.00834489 -7.40948 0.305589 -0.0130462 0.952074 613.517
0.95204 -0.0129046 -0.3057 -137.63 0.0161696 0.999836 0.00815067 -7.41673 0.305545 -0.0127028 0.952093 615.423
0.951976 -0.0118661 -0.305941 -138.249 0.0150185 0.999856 0.00795224 -7.41197 0.305803 -0.0121651 0.952017 617.327
0.951775 -0.0127758 -0.306532 -138.876 0.0160177 0.999839 0.00806284 -7.42099 0.30638 -0.012584 0.951826 619.224
0.9515 -0.0133836 -0.307357 -139.509 0.016632 0.99983 0.00795167 -7.44697 0.307198 -0.012678 0.951561 621.132
0.951037 -0.0157115 -0.308676 -140.118 0.0184645 0.999812 0.00599951 -7.47328 0.308524 -0.0114053 0.951148 623.002
0.950361 -0.0171287 -0.310676 -140.751 0.0199077 0.999785 0.00577608 -7.4934 0.310511 -0.0116742 0.950498 624.934
0.94956 -0.0183743 -0.313045 -141.376 0.0217062 0.999739 0.0071617 -7.51412 0.312832 -0.0135955 0.949711 626.81
0.948604 -0.0187908 -0.315908 -141.996 0.0223104 0.999723 0.00752794 -7.52427 0.315679 -0.0141891 0.94876 628.656
0.947434 -0.0193816 -0.319363 -142.623 0.0229473 0.999709 0.0074058 -7.53674 0.319126 -0.014345 0.947604 630.558
0.946135 -0.0180252 -0.323271 -143.261 0.0217657 0.999731 0.00795908 -7.55132 0.32304 -0.0145666 0.946273 632.399
0.944635 -0.0179809 -0.32763 -143.912 0.0217521 0.999733 0.00784921 -7.57142 0.327401 -0.0145413 0.944774 634.269
0.943073 -0.0182278 -0.332085 -144.584 0.0222273 0.999719 0.00824871 -7.5919 0.331842 -0.0151605 0.943213 636.126
0.941419 -0.017967 -0.336761 -145.241 0.022269 0.999712 0.00891631 -7.60566 0.336504 -0.0158933 0.941548 637.964
0.939966 -0.0169553 -0.340846 -145.923 0.0216861 0.999714 0.0100742 -7.61974 0.340578 -0.016861 0.940065 639.803
0.938532 -0.0179612 -0.344725 -146.599 0.0222839 0.999715 0.00858086 -7.65178 0.344473 -0.0157352 0.938664 641.655
0.93746 -0.0193741 -0.347554 -147.284 0.0224657 0.999736 0.0048674 -7.67264 0.347368 -0.012371 0.937647 643.49
0.936476 -0.0192356 -0.350203 -147.967 0.0211792 0.999774 0.00172059 -7.69656 0.35009 -0.00902829 0.936672 645.277
0.935547 -0.019131 -0.352683 -148.662 0.0209975 0.999778 0.00146692 -7.7175 0.352577 -0.00877782 0.935742 647.095
0.934702 -0.0194744 -0.3549 -149.365 0.0213837 0.99977 0.00145799 -7.74014 0.35479 -0.00895187 0.934903 648.947
0.93408 -0.022045 -0.356383 -150.051 0.024113 0.999708 0.00136055 -7.76127 0.356249 -0.00986433 0.934339 650.756
0.933542 -0.0234115 -0.357704 -150.731 0.0256548 0.99967 0.00152642 -7.78759 0.35755 -0.0106018 0.933834 652.553
0.933145 -0.023059 -0.35876 -151.427 0.0265564 0.999636 0.00482295 -7.79858 0.358518 -0.0140279 0.933417 654.398
0.933183 -0.0226649 -0.358685 -152.126 0.026043 0.99965 0.00458887 -7.81399 0.358456 -0.0136235 0.933447 656.179
0.933739 -0.0208174 -0.35735 -152.834 0.0234649 0.99972 0.00307408 -7.82857 0.357186 -0.0112556 0.933966 657.978
0.93483 -0.0177367 -0.354654 -153.539 0.0193321 0.999813 0.000955223 -7.84981 0.35457 -0.00774916 0.934997 659.764
0.936271 -0.0156554 -0.350929 -154.226 0.0169659 0.999856 0.000659671 -7.87817 0.350868 -0.00657145 0.936402 661.573
0.937878 -0.0148486 -0.346647 -154.889 0.016023 0.999871 0.000521945 -7.91398 0.346595 -0.00604384 0.937995 663.348
0.939947 -0.0148488 -0.340997 -155.568 0.0156467 0.999877 -0.000410366 -7.95725 0.340961 -0.00494974 0.940064 665.171
0.941884 -0.0152783 -0.335591 -156.209 0.0156088 0.999877 -0.00171286 -7.99767 0.335575 -0.00362484 0.942006 667.001
0.944002 -0.0176588 -0.329467 -156.851 0.0177075 0.999839 -0.00285307 -8.02766 0.329464 -0.00314073 0.944163 668.78
0.945993 -0.0192446 -0.323616 -157.48 0.0194698 0.999807 -0.00254197 -8.06618 0.323602 -0.00389605 0.946185 670.571
0.94773 -0.0229446 -0.318247 -158.088 0.0235839 0.99972 -0.0018446 -8.09548 0.3182 -0.00575731 0.948006 672.371
0.949483 -0.0255461 -0.312775 -158.687 0.0262737 0.999653 -0.00188875 -8.12769 0.312715 -0.00642443 0.949825 674.17
0.95105 -0.0288807 -0.307685 -159.267 0.0294502 0.999562 -0.0027934 -8.15513 0.307631 -0.00640471 0.951484 675.944
0.952447 -0.0318766 -0.303031 -159.844 0.0322033 0.999474 -0.00392006 -8.1879 0.302997 -0.00602494 0.952973 677.783
0.953668 -0.0341875 -0.298914 -160.421 0.0343492 0.999399 -0.00471455 -8.21289 0.298895 -0.00577132 0.954269 679.64
0.954912 -0.0367484 -0.294607 -161.003 0.0371384 0.999301 -0.00427293 -8.26163 0.294558 -0.00686096 0.955609 681.531
0.956039 -0.039938 -0.290506 -161.548 0.0405282 0.99917 -0.00398721 -8.30501 0.290425 -0.00796176 0.956865 683.389
0.957099 -0.0430124 -0.286551 -162.094 0.0438248 0.999033 -0.00358068 -8.33136 0.286428 -0.009131 0.958058 685.217
0.958173 -0.0452638 -0.282588 -162.646 0.0457388 0.998941 -0.00491947 -8.35511 0.282512 -0.00821154 0.959229 687.083
0.959152 -0.048144 -0.278765 -163.171 0.0480764 0.998819 -0.00708312 -8.38366 0.278776 -0.00660822 0.960333 688.889
0.960053 -0.0496375 -0.27538 -163.692 0.0495513 0.998745 -0.00727459 -8.43857 0.275396 -0.00666146 0.961308 690.741
0.960678 -0.0519826 -0.272756 -164.208 0.0524723 0.998607 -0.00550363 -8.464 0.272662 -0.00902491 0.962068 692.584
0.961539 -0.0520694 -0.269689 -164.727 0.0525587 0.998603 -0.00541146 -8.48833 0.269594 -0.00897117 0.962932 694.396
0.96224 -0.054577 -0.266675 -165.253 0.0548464 0.998474 -0.00644333 -8.52257 0.266619 -0.00842612 0.963765 696.326
0.962986 -0.0544296 -0.263999 -165.759 0.0543166 0.998494 -0.00773277 -8.54662 0.264022 -0.00689297 0.964492 698.149
0.963476 -0.0558483 -0.261906 -166.248 0.0560334 0.998406 -0.00676725 -8.57981 0.261866 -0.00815538 0.96507 699.956
0.963932 -0.0580094 -0.25975 -166.725 0.0584823 0.998271 -0.00591384 -8.6328 0.259644 -0.00949026 0.965658 701.775
0.96448 -0.0591562 -0.257445 -167.214 0.0595511 0.998206 -0.00627026 -8.68419 0.257354 -0.0092836 0.966273 703.619
0.965224 -0.0593456 -0.254599 -167.71 0.0588805 0.99822 -0.00945445 -8.7175 0.254707 -0.00586529 0.967 705.415
0.966024 -0.0578693 -0.251892 -168.196 0.0573688 0.998309 -0.00933664 -8.766 0.252006 -0.00543133 0.96771 707.262
0.966783 -0.0559539 -0.2494 -168.67 0.0558603 0.998411 -0.00745885 -8.81407 0.249421 -0.00672046 0.968372 709.062
0.967416 -0.0541413 -0.247336 -169.127 0.0542915 0.998506 -0.00621801 -8.84924 0.247303 -0.00741285 0.96891 710.827
