0.999989 0.00068754 0.00474034 2.58989e-05 -0.000688601 1 0.000222268 -0.0121113 -0.00474018 -0.000225529 0.999989 0.8749
0.999948 0.00245532 0.0099021 0.00211277 -0.00247001 0.999996 0.00147196 -0.0283164 -0.00989845 -0.00149634 0.99995 1.76031
0.999888 0.00235155 0.0147904 0.0152988 -0.00236652 0.999997 0.000994532 -0.0439937 -0.014788 -0.00102942 0.99989 2.64218
0.999803 0.00195478 0.0197561 0.0329884 -0.00193969 0.999998 -0.000782707 -0.0548931 -0.0197576 0.000744232 0.999805 3.52995
0.999661 0.00184942 0.0259651 0.0610446 -0.00175388 0.999992 -0.00370169 -0.0656715 -0.0259717 0.00365489 0.999656 4.42133
0.999498 0.00108289 0.0316575 0.0862006 -0.000929187 0.999988 -0.00486961 -0.084623 -0.0316624 0.00483775 0.999487 5.30848
0.999309 -0.00153239 0.0371477 0.124256 0.00171774 0.999986 -0.00495822 -0.110569 -0.0371396 0.0050186 0.999297 6.20252
0.999116 -0.00157298 0.0420042 0.164353 0.00177644 0.999987 -0.00480687 -0.131421 -0.0419961 0.00487724 0.999106 7.09128
0.998886 -0.00289173 0.0471018 0.20663 0.00316509 0.999979 -0.00573006 -0.150666 -0.0470843 0.00587275 0.998874 7.98447
0.998632 -0.00355294 0.0521655 0.251332 0.00392876 0.999967 -0.00710359 -0.167755 -0.0521385 0.00729882 0.998613 8.87888
0.998345 -0.0035051 0.0573994 0.301003 0.00402852 0.999951 -0.00900574 -0.187996 -0.057365 0.00922208 0.998311 9.7743
0.998001 0.000643226 0.0632005 0.345338 6.46367e-05 0.999937 -0.0111976 -0.207315 -0.0632037 0.0111793 0.997938 10.6725
0.997654 0.000515436 0.0684568 0.403697 0.000224484 0.999942 -0.0108004 -0.229593 -0.0684584 0.0107905 0.997596 11.5737
0.997305 -0.00204532 0.073335 0.468922 0.00279916 0.999944 -0.0101781 -0.253349 -0.0733101 0.010356 0.997255 12.4846
0.996974 0.000376878 0.0777337 0.529636 0.000434672 0.999946 -0.0104229 -0.279397 -0.0777334 0.0104252 0.99692 13.3889
0.996652 0.00349548 0.0816886 0.596063 -0.00252065 0.999924 -0.0120335 -0.301826 -0.0817245 0.0117873 0.996585 14.2915
0.996393 0.00525122 0.0846937 0.665972 -0.00392821 0.999868 -0.0157801 -0.326507 -0.0847654 0.0153905 0.996282 15.189
0.996138 0.00159235 0.0877859 0.74706 5.58112e-05 0.999824 -0.0187691 -0.359971 -0.0878003 0.0187016 0.995963 16.0901
0.995872 0.00117702 0.0907655 0.835419 0.000833126 0.999755 -0.0221055 -0.398935 -0.0907693 0.0220899 0.995627 17.0114
0.995645 -0.000399604 0.0932208 0.914006 0.00223993 0.999805 -0.0196378 -0.432348 -0.0931948 0.0197611 0.995452 17.9098
0.995504 -0.00361202 0.0946556 1.00125 0.00543134 0.999805 -0.0189698 -0.462558 -0.0945686 0.0193986 0.995329 18.8232
0.995402 -0.00427573 0.095691 1.08255 0.00604835 0.999815 -0.0182421 -0.491666 -0.0955953 0.018737 0.995244 19.7232
0.99526 -0.00812963 0.0969099 1.17717 0.00996898 0.999779 -0.018511 -0.520122 -0.096738 0.0193893 0.995121 20.6331
0.995235 -0.00984944 0.0970047 1.25847 0.011646 0.999771 -0.0179714 -0.544122 -0.0968054 0.0190155 0.995122 21.5386
0.99531 -0.0077406 0.0964289 1.34332 0.00937328 0.99982 -0.01649 -0.571751 -0.0962839 0.0173166 0.995203 22.4537
0.995323 -0.0080955 0.0962632 1.42527 0.00977194 0.999808 -0.0169565 -0.600965 -0.0961075 0.0178178 0.995211 23.3632
0.995403 -0.0095463 0.095303 1.51399 0.0111938 0.999797 -0.0167676 -0.632421 -0.0951236 0.0177573 0.995307 24.2693
0.995427 -0.0107054 0.0949198 1.60134 0.0124855 0.999757 -0.018179 -0.659314 -0.0947021 0.019281 0.995319 25.1764
0.995433 -0.0129186 0.0945881 1.68756 0.0146124 0.999745 -0.0172367 -0.687301 -0.0943412 0.0185401 0.995367 26.0943
0.995415 -0.0142479 0.0945815 1.77032 0.0157632 0.999759 -0.0152933 -0.713286 -0.0943408 0.0167141 0.9954 27.0075
0.995373 -0.013505 0.0951301 1.84991 0.0147884 0.999809 -0.0127987 -0.744395 -0.0949391 0.0141463 0.995383 27.9232
0.995405 -0.0118286 0.0950194 1.93286 0.0130363 0.999842 -0.0120999 -0.77127 -0.0948613 0.013283 0.995402 28.8362
0.995341 -0.0108265 0.0958049 2.00624 0.0121887 0.999833 -0.0136449 -0.789101 -0.0956411 0.0147491 0.995307 29.7311
0.99532 -0.00982119 0.096135 2.08801 0.0114677 0.999797 -0.016589 -0.813853 -0.0959525 0.0176138 0.99523 30.6269
0.995225 -0.00676113 0.0973707 2.16651 0.00880067 0.99975 -0.020532 -0.83692 -0.0972075 0.0212909 0.995036 31.5316
0.995195 -0.00261256 0.0978772 2.24515 0.00457292 0.999793 -0.0198098 -0.868282 -0.0978052 0.0201622 0.995001 32.4409
0.99516 -0.00260616 0.098233 2.33243 0.00458852 0.99979 -0.0199596 -0.897429 -0.0981604 0.0203138 0.994963 33.3571
0.99512 -0.00689764 0.0984332 2.42192 0.00851622 0.999835 -0.0160328 -0.926006 -0.0983064 0.0167928 0.995015 34.261
0.995083 -0.00976919 0.0985582 2.51099 0.0112575 0.999831 -0.0145561 -0.953209 -0.0983993 0.015594 0.995025 35.1759
0.994977 -0.0144344 0.099055 2.60403 0.0158106 0.999789 -0.0131225 -0.987412 -0.0988447 0.0146227 0.994995 36.0789
0.994899 -0.0165519 0.0995122 2.69848 0.0180189 0.999742 -0.0138616 -1.01659 -0.0992571 0.015584 0.99494 36.9932
0.994843 -0.0173442 0.0999329 2.79263 0.0192934 0.999641 -0.0185712 -1.0378 -0.0995749 0.0204034 0.994821 37.9022
0.994785 -0.0186513 0.100276 2.88704 0.0208837 0.999556 -0.0212591 -1.06613 -0.0998353 0.0232424 0.994732 38.7987
0.994655 -0.0185741 0.101574 2.97419 0.0208497 0.999554 -0.0213884 -1.10153 -0.101131 0.0233918 0.994598 39.7046
0.994452 -0.0177985 0.103675 3.0667 0.0198974 0.999617 -0.019246 -1.13698 -0.103293 0.021202 0.994425 40.6247
0.994343 -0.0151584 0.105126 3.15747 0.0170598 0.999706 -0.0172107 -1.17295 -0.104834 0.0189068 0.99431 41.5377
0.99419 -0.0116682 0.107002 3.23908 0.013799 0.999721 -0.0191947 -1.20094 -0.106748 0.0205597 0.994073 42.439
0.994075 -0.0110914 0.108133 3.33593 0.013303 0.999716 -0.0197528 -1.22512 -0.107884 0.0210742 0.99394 43.3497
0.993909 -0.0105623 0.1097 3.43188 0.0126371 0.999754 -0.0182355 -1.25452 -0.10948 0.0195107 0.993797 44.261
0.993677 -0.0110685 0.111725 3.52915 0.0127529 0.999815 -0.0143727 -1.28437 -0.111546 0.0157066 0.993635 45.1662
0.993443 -0.0114258 0.113756 3.62844 0.0131507 0.999809 -0.0144238 -1.30802 -0.113569 0.0158252 0.993404 46.0751
0.993284 -0.0109279 0.115182 3.73244 0.0128597 0.999789 -0.0160422 -1.33844 -0.114982 0.0174157 0.993215 46.9891
0.993084 -0.0108294 0.116909 3.84077 0.0130568 0.999747 -0.0183026 -1.36825 -0.116682 0.0197025 0.992974 47.9055
0.992847 -0.012862 0.118697 3.94358 0.015231 0.999702 -0.0190725 -1.39572 -0.118417 0.020744 0.992747 48.8138
0.992593 -0.0126171 0.120828 4.04491 0.0149696 0.999715 -0.0185822 -1.41843 -0.120559 0.0202533 0.9925 49.7237
0.992299 -0.0127215 0.123213 4.15554 0.0151835 0.999703 -0.0190635 -1.45139 -0.122933 0.0207875 0.992197 50.6296
0.992086 -0.0108428 0.125093 4.26866 0.0133186 0.999731 -0.0189725 -1.47986 -0.124854 0.0204884 0.991964 51.5368
0.991627 -0.0116903 0.128608 4.36908 0.014365 0.999699 -0.0198896 -1.52331 -0.128337 0.0215705 0.991496 52.4482
0.991303 -0.0116552 0.13108 4.49054 0.0146007 0.999662 -0.021532 -1.55228 -0.130785 0.0232587 0.991138 53.3716
0.990825 -0.0121897 0.134601 4.62267 0.0153775 0.999625 -0.0226691 -1.589 -0.134274 0.024531 0.990641 54.3045
0.990562 -0.00898625 0.136772 4.74392 0.0120981 0.999686 -0.0219378 -1.62188 -0.136532 0.0233854 0.99036 55.2238
0.990122 -0.0117422 0.139718 4.88144 0.0147702 0.999678 -0.0206553 -1.65586 -0.13943 0.0225149 0.989976 56.1447
0.989721 -0.0106398 0.142617 5.0133 0.0136525 0.999703 -0.0201629 -1.68853 -0.14236 0.0219027 0.989573 57.0677
0.989211 -0.00925923 0.146202 5.14317 0.0126195 0.999677 -0.0220732 -1.72358 -0.14595 0.0236801 0.989008 57.9845
0.988702 -0.00672212 0.149743 5.27431 0.0105696 0.999634 -0.024913 -1.75361 -0.149521 0.0262142 0.988411 58.889
0.988103 -0.0097826 0.153481 5.41642 0.0137816 0.999592 -0.025013 -1.7841 -0.153174 0.0268307 0.987835 59.8011
0.98754 -0.0129422 0.156832 5.5694 0.0168971 0.999571 -0.0239105 -1.81728 -0.156456 0.0262626 0.987336 60.7224
0.987016 -0.0133043 0.160068 5.71857 0.0169396 0.999628 -0.0213676 -1.85899 -0.159724 0.0238016 0.986875 61.6459
0.986386 -0.0151726 0.163743 5.87429 0.0191268 0.999562 -0.0225988 -1.88716 -0.163328 0.025423 0.986244 62.5713
0.985905 -0.0144486 0.166682 6.02756 0.0184102 0.999583 -0.0222463 -1.92285 -0.166291 0.0250014 0.98576 63.4819
0.985224 -0.0150577 0.170607 6.17663 0.0190828 0.999576 -0.0219773 -1.9634 -0.170204 0.0249083 0.985094 64.3871
0.984637 -0.0129956 0.174128 6.32781 0.0169739 0.999627 -0.0213775 -1.99981 -0.173785 0.0240047 0.984491 65.2919
0.983979 -0.0121427 0.177869 6.48453 0.0161733 0.999644 -0.0212279 -2.02974 -0.177548 0.0237646 0.983825 66.1982
0.983348 -0.0126133 0.181295 6.65391 0.016914 0.999611 -0.0221957 -2.0593 -0.180944 0.0248925 0.983178 67.12
0.982684 -0.0134223 0.1848 6.81763 0.0179102 0.999583 -0.0226372 -2.0928 -0.184419 0.025555 0.982515 68.0249
0.98215 -0.0121088 0.187708 6.97832 0.01637 0.999642 -0.0211678 -2.12552 -0.187384 0.0238627 0.981997 68.9254
0.981665 -0.0126453 0.190193 7.15119 0.0161819 0.999724 -0.0170533 -2.15494 -0.189925 0.0198183 0.981599 69.8313
0.981104 -0.015955 0.192824 7.33077 0.0192762 0.999696 -0.0153598 -2.18492 -0.19252 0.0187865 0.981113 70.7317
0.98058 -0.0155881 0.195499 7.52204 0.019368 0.99966 -0.0174378 -2.21157 -0.195161 0.0208856 0.980549 71.6453
0.979993 -0.0159288 0.198396 7.72676 0.0205576 0.999562 -0.0212931 -2.24342 -0.19797 0.0249456 0.979891 72.5569
0.979494 -0.0150166 0.200913 7.91809 0.0204089 0.999484 -0.0247948 -2.27381 -0.200437 0.0283867 0.979295 73.4572
0.978923 -0.0158902 0.203612 8.10659 0.0213257 0.999472 -0.0245289 -2.30893 -0.203115 0.0283541 0.978744 74.3498
0.978286 -0.0179273 0.206484 8.29331 0.0232684 0.999454 -0.0234675 -2.34738 -0.205951 0.0277625 0.978168 75.2452
0.97757 -0.0220169 0.209457 8.47843 0.0270845 0.999405 -0.0213564 -2.38768 -0.208863 0.0265505 0.977585 76.1203
0.977061 -0.0184632 0.212156 8.65649 0.0235694 0.99949 -0.0215641 -2.41927 -0.21165 0.0260698 0.976998 77.0025
0.976381 -0.0157919 0.215479 8.8368 0.0208391 0.999559 -0.0211712 -2.45179 -0.21505 0.0251615 0.976279 77.8834
0.975805 -0.0177102 0.217926 9.03646 0.0233729 0.999452 -0.0234339 -2.49015 -0.217392 0.0279605 0.975684 78.7644
0.975317 -0.0178182 0.22009 9.23186 0.0239041 0.999401 -0.0250196 -2.52984 -0.219512 0.0296631 0.975159 79.6343
0.974593 -0.0188474 0.223189 9.43463 0.0253872 0.999327 -0.0264686 -2.56688 -0.222539 0.0314623 0.974416 80.5114
0.974072 -0.0187155 0.225461 9.62297 0.0250258 0.99937 -0.0251629 -2.60418 -0.224848 0.0301528 0.973927 81.3679
0.973517 -0.0195109 0.227779 9.82476 0.0254189 0.999412 -0.0230327 -2.63531 -0.227195 0.0282126 0.97344 82.2417
0.973017 -0.0222467 0.22966 10.0425 0.0280804 0.99936 -0.0221639 -2.67879 -0.22902 0.0280148 0.973018 83.1117
0.972561 -0.022384 0.231567 10.2511 0.0285496 0.999321 -0.023308 -2.70833 -0.230888 0.0292796 0.97254 83.9796
0.971927 -0.0216678 0.234282 10.4529 0.0280041 0.999326 -0.0237522 -2.74604 -0.233609 0.0296463 0.971878 84.8373
0.971246 -0.0219342 0.237065 10.6531 0.0282151 0.999334 -0.023134 -2.77568 -0.2364 0.0291577 0.971218 85.6902
0.970647 -0.0200944 0.239668 10.8585 0.0261103 0.999418 -0.0219522 -2.81289 -0.239088 0.0275656 0.970607 86.5726
0.969967 -0.0178725 0.242578 11.0671 0.0240858 0.999453 -0.022672 -2.85005 -0.24204 0.0278338 0.969867 87.4339
0.969188 -0.0202141 0.24549 11.2952 0.0267736 0.999367 -0.0234118 -2.88524 -0.244862 0.0292632 0.969116 88.2995
0.96828 -0.0224118 0.248859 11.5115 0.0296862 0.999234 -0.0255163 -2.91815 -0.248096 0.0320946 0.968204 89.1586
0.967472 -0.021898 0.252027 11.7336 0.0296531 0.999195 -0.0270136 -2.94245 -0.251232 0.0336083 0.967343 90.018
0.966634 -0.0230871 0.255118 11.9596 0.0308243 0.999177 -0.0263709 -2.98563 -0.2543 0.0333549 0.96655 90.8785
0.965943 -0.0209187 0.257909 12.1839 0.0285073 0.999263 -0.0257189 -3.02705 -0.257181 0.0321953 0.965827 91.736
0.964959 -0.0199587 0.261641 12.4142 0.0274008 0.999316 -0.024826 -3.06686 -0.260967 0.0311253 0.964846 92.595
0.96386 -0.0227068 0.265439 12.6571 0.0302148 0.99925 -0.0242354 -3.09471 -0.26469 0.0313797 0.963823 93.4501
0.962836 -0.0214521 0.269234 12.8924 0.0289509 0.999295 -0.0239121 -3.12945 -0.268531 0.030818 0.962778 94.2999
0.961576 -0.0194981 0.273845 13.1249 0.0263704 0.999422 -0.0214366 -3.15691 -0.273269 0.0278344 0.961535 95.1489
0.960405 -0.0182434 0.278011 13.3587 0.0246446 0.999505 -0.0195473 -3.18639 -0.277517 0.0256248 0.960379 95.9852
0.959108 -0.0223739 0.282154 13.6103 0.0286477 0.999425 -0.018129 -3.21643 -0.281586 0.0254707 0.959198 96.8198
0.957867 -0.0231746 0.286276 13.8642 0.0302958 0.999331 -0.0204707 -3.2483 -0.28561 0.0282812 0.957929 97.6504
0.956533 -0.0209476 0.290872 14.1097 0.0288432 0.999322 -0.0228829 -3.27239 -0.290196 0.0302779 0.956488 98.4796
0.955303 -0.0204857 0.294919 14.3618 0.02844 0.999338 -0.0227068 -3.30668 -0.294259 0.0300794 0.955252 99.3031
0.954109 -0.0218484 0.298663 14.6217 0.02911 0.999378 -0.019886 -3.34067 -0.298042 0.0276675 0.954152 100.128
0.95281 -0.0218597 0.302779 14.8767 0.0284434 0.999445 -0.0173515 -3.3728 -0.302231 0.0251448 0.952903 100.943
0.951364 -0.022571 0.307242 15.142 0.0294177 0.999411 -0.0176709 -3.39972 -0.306662 0.0258498 0.951467 101.758
0.949918 -0.0230494 0.311647 15.4055 0.0308202 0.999324 -0.0200317 -3.43241 -0.310975 0.0286335 0.949987 102.566
0.948425 -0.0252785 0.315993 15.6741 0.0339771 0.999179 -0.0220478 -3.45366 -0.315177 0.0316472 0.948505 103.366
0.946901 -0.0274874 0.320348 15.9445 0.0361439 0.999124 -0.0211064 -3.47921 -0.319487 0.0315643 0.947065 104.164
0.94552 -0.0287837 0.324288 16.2183 0.0365565 0.999171 -0.0179011 -3.50344 -0.323504 0.0287807 0.945789 104.958
0.943989 -0.029077 0.328694 16.4962 0.0359116 0.999246 -0.0147402 -3.53181 -0.328018 0.0257185 0.944321 105.762
0.94234 -0.0262989 0.333623 16.7729 0.0335649 0.999308 -0.0160325 -3.55789 -0.33297 0.026306 0.94257 106.558
0.940334 -0.0289991 0.339016 17.0582 0.0378578 0.999092 -0.0195454 -3.58968 -0.338142 0.0312136 0.940577 107.335
0.938617 -0.0266657 0.34393 17.3459 0.0367275 0.999066 -0.0227728 -3.62618 -0.343002 0.0340066 0.938719 108.121
0.93686 -0.0225127 0.348979 17.6355 0.0326493 0.999198 -0.0231909 -3.65202 -0.348177 0.0331206 0.936844 108.915
0.935398 -0.0209136 0.352976 17.9275 0.030536 0.999298 -0.0217138 -3.6806 -0.352274 0.0310896 0.93538 109.706
0.933877 -0.0265489 0.356608 18.239 0.0351875 0.999223 -0.0177574 -3.71441 -0.35586 0.0291314 0.934085 110.488
0.932258 -0.0289553 0.360634 18.5548 0.0372177 0.999179 -0.0159856 -3.74415 -0.359875 0.0283247 0.932571 111.273
0.930576 -0.0268233 0.365115 18.8562 0.0350431 0.999259 -0.015904 -3.76531 -0.364418 0.0275946 0.930827 112.053
0.928988 -0.0258431 0.369207 19.1618 0.034549 0.999259 -0.0169868 -3.78755 -0.368494 0.0285362 0.929192 112.824
0.927641 -0.0262176 0.372551 19.4703 0.0352781 0.999224 -0.017523 -3.81897 -0.371803 0.029398 0.927846 113.6
0.926319 -0.0247082 0.375929 19.7748 0.0335599 0.999292 -0.0170152 -3.84272 -0.375242 0.0283776 0.926492 114.368
0.924838 -0.0254798 0.379507 20.0851 0.0339124 0.999304 -0.0155503 -3.87084 -0.378847 0.0272515 0.925058 115.133
0.923669 -0.024165 0.382429 20.3945 0.0331814 0.999305 -0.0169977 -3.89287 -0.381752 0.0283898 0.923829 115.889
0.921951 -0.0237593 0.386577 20.7093 0.0326884 0.999329 -0.0165396 -3.90893 -0.385924 0.0278853 0.922109 116.644
0.920772 -0.0228169 0.389434 21.0236 0.0327057 0.999289 -0.0187805 -3.93502 -0.388729 0.0300293 0.920863 117.397
0.919731 -0.0204026 0.392019 21.3362 0.0306992 0.999328 -0.0200148 -3.96127 -0.391347 0.0304429 0.91974 118.148
0.918413 -0.0203587 0.395099 21.652 0.0310312 0.999305 -0.0206402 -3.99747 -0.394404 0.0312166 0.918407 118.889
0.917407 -0.0226901 0.397302 21.9741 0.0332338 0.999254 -0.0196721 -4.02028 -0.39656 0.0312512 0.917477 119.628
0.916249 -0.0211051 0.400054 22.2892 0.0312723 0.999332 -0.0189029 -4.0552 -0.399388 0.0298304 0.916297 120.365
0.915619 -0.0193482 0.40158 22.6035 0.0285629 0.999448 -0.016971 -4.08613 -0.40103 0.0270093 0.915667 121.105
0.915407 -0.0166069 0.402187 22.9186 0.0259049 0.999508 -0.0176901 -4.1126 -0.401695 0.0266123 0.915387 121.839
0.914908 -0.0168369 0.403312 23.2467 0.0262591 0.999496 -0.0178429 -4.13849 -0.402808 0.0269152 0.914889 122.566
0.914662 -0.0171932 0.403854 23.5658 0.0266417 0.999487 -0.0177882 -4.16465 -0.403341 0.0270296 0.91465 123.294
0.915071 -0.0184386 0.402872 23.8898 0.0276053 0.999475 -0.0169581 -4.18907 -0.402348 0.0266392 0.915099 124.028
0.915901 -0.0169401 0.401046 24.2081 0.0266968 0.999468 -0.0187524 -4.20558 -0.400515 0.027882 0.915866 124.761
0.916558 -0.0167642 0.39955 24.516 0.0268683 0.999445 -0.0197009 -4.23703 -0.398998 0.0287923 0.916499 125.491
0.917334 -0.0220188 0.397509 24.8361 0.0330953 0.999231 -0.0210249 -4.26137 -0.39674 0.0324426 0.917357 126.219
0.917634 -0.0260452 0.396572 25.1536 0.0370261 0.999113 -0.0200577 -4.28464 -0.395698 0.0330891 0.917784 126.947
0.917779 -0.0226615 0.396444 25.4634 0.0330504 0.999266 -0.0193926 -4.32226 -0.395713 0.0309007 0.917854 127.684
0.91784 -0.0210457 0.396391 25.7672 0.0314229 0.999312 -0.0197029 -4.35413 -0.395704 0.0305399 0.91787 128.423
0.91803 -0.0208567 0.395962 26.0771 0.0320797 0.999249 -0.0217421 -4.37868 -0.395212 0.0326622 0.918009 129.154
0.91821 -0.0198562 0.395595 26.3874 0.0317809 0.999216 -0.0236124 -4.39426 -0.394816 0.0342535 0.918121 129.88
0.917884 -0.0197727 0.396356 26.6962 0.0313191 0.999252 -0.0226801 -4.42877 -0.395611 0.0332312 0.917817 130.616
0.918403 -0.0203938 0.395119 27.0141 0.0310894 0.999303 -0.0206851 -4.45962 -0.394422 0.0312813 0.918397 131.345
0.918367 -0.0202358 0.395213 27.3251 0.0298976 0.999385 -0.0183031 -4.48896 -0.394599 0.0286249 0.918407 132.079
0.918106 -0.0244041 0.395583 27.6411 0.0336068 0.999301 -0.0163492 -4.51759 -0.394908 0.0283046 0.918284 132.817
0.917967 -0.0276912 0.39569 27.952 0.0357824 0.999274 -0.013081 -4.54731 -0.39504 0.0261667 0.918291 133.551
0.917426 -0.0295442 0.396809 28.2646 0.037548 0.999218 -0.012415 -4.57417 -0.396132 0.0262892 0.917817 134.279
0.917113 -0.0281291 0.397634 28.5733 0.0367591 0.999225 -0.0140957 -4.59465 -0.39693 0.027544 0.917436 134.994
0.916822 -0.0264882 0.398416 28.8806 0.0370639 0.999135 -0.0188641 -4.61765 -0.397572 0.0320619 0.917011 135.709
0.916171 -0.0276181 0.399834 29.194 0.038858 0.999044 -0.0200306 -4.64496 -0.398899 0.0338883 0.916369 136.426
0.915682 -0.027121 0.400988 29.4978 0.0383542 0.999064 -0.0200123 -4.66921 -0.40007 0.0337045 0.915865 137.133
0.91476 -0.0247181 0.40324 29.8043 0.0342389 0.999279 -0.0164174 -4.69545 -0.402543 0.0288245 0.914947 137.849
0.913558 -0.0203836 0.406197 30.1053 0.0291174 0.999458 -0.0153321 -4.71999 -0.405664 0.0258342 0.913657 138.569
0.91233 -0.0224161 0.408843 30.422 0.0313711 0.999392 -0.0152095 -4.74527 -0.408253 0.0267019 0.912478 139.271
0.911161 -0.0220723 0.411458 30.7387 0.0332824 0.999244 -0.0200992 -4.7712 -0.410704 0.0320079 0.911207 139.965
0.909575 -0.0193022 0.415091 31.0482 0.0323678 0.999177 -0.0244636 -4.79543 -0.414277 0.0356871 0.909451 140.662
0.908222 -0.0149882 0.418219 31.3568 0.0286288 0.999242 -0.0263605 -4.82347 -0.417507 0.0359143 0.907964 141.362
0.907205 -0.0166222 0.42036 31.6779 0.030223 0.999212 -0.0257144 -4.84414 -0.419602 0.0360328 0.906993 142.062
0.906486 -0.0179926 0.421851 32.0096 0.0305511 0.999268 -0.0230286 -4.87504 -0.421128 0.0337631 0.906373 142.766
0.905171 -0.0213292 0.424513 32.337 0.0334691 0.999216 -0.0211603 -4.90118 -0.423728 0.0333617 0.905175 143.462
0.904245 -0.0223903 0.426426 32.6654 0.0353663 0.99912 -0.0225342 -4.92839 -0.425546 0.0354575 0.904242 144.159
0.903148 -0.0254425 0.428575 32.9978 0.0384221 0.999027 -0.0216605 -4.95596 -0.427606 0.0360294 0.903247 144.856
0.902688 -0.0243041 0.429608 33.3329 0.0370084 0.999089 -0.0212405 -4.9861 -0.428701 0.0350726 0.902766 145.558
0.902112 -0.0270583 0.430654 33.6698 0.0405079 0.998935 -0.0220902 -5.01654 -0.429597 0.0373727 0.902247 146.257
0.901945 -0.0281501 0.430933 34.0139 0.0435321 0.998717 -0.0258731 -5.04445 -0.429651 0.0420955 0.902013 146.958
0.901377 -0.0299169 0.432001 34.3535 0.0473848 0.998434 -0.0297255 -5.07108 -0.430435 0.0472642 0.901383 147.66
0.900722 -0.0273964 0.433532 34.6947 0.0451573 0.998507 -0.0307212 -5.10394 -0.432043 0.0472483 0.900614 148.372
0.90006 -0.0274098 0.434904 35.0364 0.044558 0.998578 -0.0292801 -5.13263 -0.433483 0.0457323 0.900001 149.092
0.899571 -0.0253018 0.436041 35.3792 0.0417638 0.998729 -0.0282079 -5.16971 -0.434773 0.0435858 0.899484 149.813
0.899098 -0.0240414 0.437087 35.724 0.0413949 0.998686 -0.030219 -5.20472 -0.435786 0.045263 0.898912 150.53
0.898628 -0.0233004 0.438091 36.0695 0.0414219 0.998634 -0.0318525 -5.24252 -0.436751 0.0467702 0.898366 151.255
0.898183 -0.0233043 0.439004 36.4226 0.0422229 0.99855 -0.0333787 -5.2751 -0.437589 0.0485162 0.897865 151.984
0.897886 -0.0246353 0.439538 36.7805 0.0430403 0.998562 -0.0319549 -5.30961 -0.438118 0.0476097 0.897656 152.714
0.897639 -0.0254415 0.439996 37.1379 0.0432686 0.998597 -0.0305315 -5.34916 -0.438602 0.0464443 0.89748 153.448
0.897403 -0.027475 0.440356 37.4996 0.045572 0.998493 -0.0305725 -5.37709 -0.438853 0.0475038 0.897302 154.178
0.897089 -0.0270127 0.441022 37.8606 0.0447151 0.998555 -0.0297938 -5.41197 -0.43958 0.0464481 0.897001 154.926
0.896524 -0.0273381 0.442151 38.2276 0.0438566 0.998668 -0.0271781 -5.44155 -0.440819 0.043757 0.896529 155.677
0.895866 -0.0281734 0.443431 38.5979 0.0439418 0.998713 -0.0253224 -5.47485 -0.442147 0.0421706 0.895951 156.43
0.89522 -0.0273327 0.444786 38.9734 0.0428739 0.99877 -0.0249165 -5.51543 -0.443558 0.0413755 0.89529 157.184
0.894316 -0.0254407 0.446712 39.3498 0.0413507 0.998809 -0.0259007 -5.55395 -0.445521 0.0416353 0.894303 157.951
0.893712 -0.0219565 0.448103 39.728 0.0390396 0.998819 -0.0289211 -5.57935 -0.446939 0.0433409 0.893514 158.716
0.892988 -0.0211051 0.449585 40.1105 0.0389863 0.998773 -0.0305506 -5.61434 -0.448388 0.044809 0.892715 159.489
0.892414 -0.0213915 0.45071 40.504 0.039232 0.998771 -0.0302767 -5.65387 -0.449508 0.0447015 0.892157 160.268
0.891686 -0.0225729 0.452092 40.8954 0.0396627 0.998811 -0.0283584 -5.69001 -0.450914 0.043218 0.89152 161.058
0.891217 -0.0223242 0.453028 41.2861 0.0387701 0.998882 -0.0270477 -5.72571 -0.451917 0.0416693 0.891086 161.835
0.890746 -0.0214257 0.453996 41.6788 0.0379991 0.998902 -0.0274131 -5.7621 -0.45291 0.0416695 0.890582 162.621
0.890665 -0.0190078 0.454263 42.0712 0.0366478 0.998876 -0.0300587 -5.79915 -0.453181 0.0434199 0.89036 163.406
0.890871 -0.0181254 0.453894 42.4605 0.0365179 0.998827 -0.0317886 -5.83663 -0.452786 0.0448949 0.890488 164.19
0.891459 -0.0171468 0.452777 42.8593 0.0354809 0.998857 -0.0320303 -5.87486 -0.45171 0.0446186 0.891049 164.98
0.89228 -0.0176479 0.451137 43.254 0.035674 0.998867 -0.0314833 -5.91399 -0.45007 0.0441858 0.891899 165.771
0.893236 -0.0168703 0.449271 43.642 0.0340865 0.998961 -0.030259 -5.9589 -0.448293 0.0423425 0.892883 166.571
0.894428 -0.0176657 0.446864 44.0408 0.0338581 0.999027 -0.0282752 -5.99274 -0.445929 0.0404201 0.894155 167.365
0.895776 -0.0175242 0.44416 44.4249 0.032542 0.999127 -0.0262101 -6.03533 -0.443312 0.0379322 0.895564 168.163
0.897167 -0.0172835 0.441353 44.8069 0.0315846 0.999186 -0.0250755 -6.07266 -0.440561 0.0364369 0.896983 168.955
0.898626 -0.0185226 0.438324 45.1824 0.032593 0.999166 -0.0245977 -6.10643 -0.437503 0.0363904 0.89848 169.744
0.900227 -0.018239 0.435038 45.5546 0.0320847 0.999185 -0.024502 -6.13955 -0.434237 0.0360154 0.900078 170.538
0.90213 -0.0181655 0.431083 45.9264 0.0317053 0.999203 -0.0242442 -6.17326 -0.430299 0.0355391 0.901987 171.327
0.904274 -0.0200962 0.426479 46.2949 0.0333521 0.999164 -0.0236355 -6.21306 -0.425648 0.0355969 0.904189 172.118
0.906475 -0.0218083 0.421695 46.6636 0.0349649 0.999112 -0.0234906 -6.24924 -0.420809 0.0360382 0.906433 172.915
0.908341 -0.0217119 0.417666 47.0257 0.034965 0.999098 -0.024105 -6.28729 -0.416766 0.0364992 0.908281 173.71
0.910346 -0.0201889 0.413355 47.3796 0.0335664 0.999121 -0.0251259 -6.32013 -0.412484 0.0367481 0.910223 174.508
0.912044 -0.0197466 0.409618 47.7338 0.0340203 0.99904 -0.0275876 -6.35368 -0.40868 0.0390964 0.91184 175.312
0.913535 -0.0186438 0.406333 48.0801 0.0333249 0.999021 -0.0290844 -6.37984 -0.405393 0.0401107 0.913262 176.114
0.91501 -0.0172057 0.403065 48.4285 0.031978 0.99904 -0.029948 -6.41573 -0.402162 0.040292 0.914681 176.922
0.916463 -0.0156338 0.399814 48.7663 0.0298779 0.999121 -0.0294186 -6.45355 -0.399003 0.0389066 0.916124 177.732
0.917888 -0.0175581 0.39645 49.1153 0.0308482 0.999155 -0.0271711 -6.4864 -0.395638 0.0371698 0.917654 178.548
0.919231 -0.0201531 0.393202 49.4612 0.0327007 0.999146 -0.0252379 -6.52688 -0.392358 0.0360574 0.919106 179.368
0.920818 -0.0187411 0.389542 49.7986 0.0310428 0.999198 -0.0253086 -6.56206 -0.388755 0.0353971 0.920661 180.193
0.922425 -0.0188017 0.385717 50.1388 0.0315132 0.999148 -0.0266591 -6.59614 -0.384887 0.0367462 0.922232 181.013
0.924252 -0.0197622 0.381272 50.4782 0.0329995 0.999057 -0.0282115 -6.6345 -0.380355 0.0386563 0.924032 181.843
0.925864 -0.0201776 0.377317 50.8103 0.0330413 0.999071 -0.0276501 -6.66973 -0.376409 0.0380673 0.925671 182.678
0.927701 -0.0188321 0.37285 51.1356 0.031728 0.999091 -0.0284809 -6.70574 -0.371974 0.0382515 0.927455 183.51
0.929599 -0.0166749 0.368196 51.4621 0.0294536 0.999142 -0.0291135 -6.74071 -0.367394 0.0379085 0.929292 184.355
0.931334 -0.0181395 0.363714 51.7852 0.0311347 0.999068 -0.0298977 -6.77934 -0.362833 0.0391689 0.931031 185.191
0.933123 -0.0180652 0.359103 52.103 0.0306877 0.999094 -0.0294805 -6.81174 -0.358245 0.0385289 0.932832 186.03
0.934728 -0.0169114 0.35496 52.4207 0.0287852 0.999188 -0.0281968 -6.84472 -0.354195 0.0365739 0.934456 186.876
0.936258 -0.0184204 0.35083 52.7291 0.0296071 0.999209 -0.0265485 -6.87841 -0.350064 0.0352432 0.936063 187.724
0.937962 -0.017741 0.346284 53.0351 0.0284577 0.99926 -0.0258875 -6.91762 -0.345568 0.034136 0.937773 188.576
0.939254 -0.0197289 0.342656 53.3356 0.0301598 0.999229 -0.025139 -6.95558 -0.341896 0.0339463 0.939124 189.426
0.940481 -0.01978 0.339271 53.641 0.030052 0.999234 -0.0250494 -6.99627 -0.338516 0.0337543 0.940355 190.279
0.94172 -0.0180475 0.335913 53.9379 0.0281054 0.99929 -0.0251041 -7.03061 -0.335221 0.033082 0.941558 191.135
0.943166 -0.0184253 0.331811 54.2376 0.0286492 0.999253 -0.0259467 -7.0604 -0.331085 0.0339782 0.942989 191.988
0.944908 -0.0195682 0.326752 54.5365 0.0296321 0.999227 -0.02585 -7.09528 -0.325993 0.0341082 0.944757 192.848
0.946584 -0.0209923 0.321775 54.8291 0.0309688 0.999184 -0.0259168 -7.13537 -0.320968 0.0344974 0.946462 193.716
0.948019 -0.0198505 0.317594 55.1112 0.0298703 0.999197 -0.0267104 -7.1752 -0.316809 0.0348086 0.947851 194.583
0.949382 -0.0195684 0.313515 55.3938 0.0296673 0.999182 -0.027473 -7.21194 -0.312721 0.0353835 0.949186 195.459
0.950719 -0.0179983 0.309532 55.673 0.0279339 0.999226 -0.0276963 -7.24835 -0.308794 0.0349779 0.950486 196.333
0.951947 -0.0182643 0.305717 55.9477 0.0280408 0.999225 -0.0276179 -7.28477 -0.304976 0.0348634 0.951722 197.205
0.953324 -0.0187782 0.301365 56.2218 0.0282519 0.999233 -0.0271083 -7.31827 -0.300625 0.0343571 0.953123 198.078
0.954451 -0.0190633 0.297758 56.4865 0.0280052 0.999275 -0.0257934 -7.35938 -0.29705 0.0329573 0.954293 198.951
0.955363 -0.0209836 0.294688 56.7523 0.0298413 0.999227 -0.0255928 -7.39624 -0.293923 0.0332443 0.955251 199.827
0.956144 -0.0217409 0.292091 57.0174 0.0306129 0.999197 -0.0258375 -7.43146 -0.291294 0.0336461 0.956042 200.703
0.956545 -0.0217872 0.290771 57.2745 0.0309256 0.99916 -0.0268693 -7.47122 -0.289941 0.0346939 0.956415 201.574
0.956831 -0.0218943 0.289817 57.5354 0.0310534 0.999152 -0.0270416 -7.50398 -0.28898 0.0348741 0.9567 202.449
0.956877 -0.0235094 0.289539 57.7953 0.0328093 0.999089 -0.027307 -7.54077 -0.288633 0.035629 0.956777 203.312
0.956686 -0.0239893 0.290131 58.0543 0.0329245 0.999121 -0.0259543 -7.57772 -0.289254 0.0343825 0.956635 204.176
0.956327 -0.0248902 0.291236 58.3115 0.0335091 0.999135 -0.0246432 -7.60899 -0.290371 0.033326 0.956334 205.038
0.956265 -0.0272351 0.291232 58.5759 0.035566 0.999095 -0.0233493 -7.64334 -0.290332 0.0326861 0.956368 205.901
0.956238 -0.0304724 0.291 58.8394 0.0389586 0.998967 -0.0234115 -7.67536 -0.289986 0.0337239 0.956437 206.751
0.956258 -0.031798 0.29079 59.0985 0.0404562 0.998898 -0.0238096 -7.71052 -0.289713 0.0345324 0.95649 207.593
0.956175 -0.0332762 0.290899 59.3501 0.0424528 0.998778 -0.0252895 -7.74283 -0.289702 0.0365306 0.95642 208.436
0.956211 -0.0331891 0.290791 59.6047 0.0425008 0.998764 -0.0257628 -7.77771 -0.289577 0.0369936 0.95644 209.275
0.956213 -0.0336062 0.290736 59.8571 0.0428558 0.998756 -0.0255039 -7.81004 -0.289517 0.0368469 0.956463 210.108
0.956225 -0.0351171 0.290518 60.1066 0.0439862 0.998743 -0.0240529 -7.84242 -0.289308 0.0357787 0.956567 210.934
0.956257 -0.034352 0.290503 60.3517 0.0429943 0.998801 -0.0234171 -7.87564 -0.289351 0.0348828 0.956587 211.747
0.955999 -0.0340526 0.291388 60.5923 0.0430945 0.998766 -0.0246672 -7.91454 -0.290188 0.036139 0.956287 212.558
0.955999 -0.032086 0.291611 60.8307 0.0419237 0.998741 -0.0275482 -7.94597 -0.29036 0.0385614 0.95614 213.354
0.955958 -0.0312671 0.291832 61.0744 0.0418622 0.998669 -0.0301304 -7.9825 -0.290502 0.0410202 0.955995 214.138
0.955693 -0.0329421 0.292516 61.3169 0.0441855 0.998514 -0.0319116 -8.01976 -0.29103 0.0434226 0.955728 214.92
0.955308 -0.0328893 0.293776 61.5541 0.0440216 0.998538 -0.0313606 -8.05926 -0.292315 0.0428916 0.95536 215.7
0.954995 -0.0320349 0.294888 61.7901 0.0429804 0.998604 -0.0307094 -8.0922 -0.293493 0.0420017 0.955038 216.475
0.95441 -0.0341952 0.296534 62.0247 0.044842 0.998568 -0.0291751 -8.13091 -0.295112 0.0411422 0.954576 217.238
0.953745 -0.0325281 0.298853 62.2518 0.0427851 0.998696 -0.027841 -8.17726 -0.297558 0.0393396 0.953893 217.992
0.953043 -0.0321833 0.30112 62.4822 0.0424105 0.998722 -0.027487 -8.21396 -0.299851 0.038967 0.95319 218.739
0.952373 -0.031429 0.30331 62.7088 0.0417251 0.99875 -0.0275236 -8.24989 -0.302066 0.0388684 0.952494 219.472
0.951573 -0.0323518 0.305716 62.9328 0.0419861 0.998806 -0.0249893 -8.28433 -0.304542 0.036615 0.951795 220.193
0.950631 -0.0324095 0.308626 63.154 0.0415001 0.998875 -0.0229345 -8.31588 -0.307535 0.0346103 0.950907 220.905
0.949613 -0.0334991 0.311628 63.3779 0.041585 0.998948 -0.0193364 -8.34182 -0.310652 0.0313212 0.950007 221.6
0.948767 -0.0349788 0.314035 63.5967 0.042666 0.998934 -0.0176367 -8.37061 -0.313084 0.0301317 0.949247 222.268
0.947938 -0.0371105 0.316285 63.8147 0.0450602 0.998825 -0.0178552 -8.4003 -0.315251 0.0311775 0.948496 222.914
0.94709 -0.0384942 0.318651 64.0273 0.0462322 0.99879 -0.0167531 -8.42415 -0.317621 0.0305986 0.947724 223.536
0.94636 -0.0370763 0.320981 64.2237 0.0445044 0.998884 -0.0158338 -8.45094 -0.320035 0.0292695 0.946953 224.127
0.945451 -0.0377428 0.32357 64.4156 0.0457142 0.998809 -0.0170679 -8.47292 -0.322541 0.0309287 0.94605 224.688
0.944434 -0.038332 0.326458 64.6049 0.0459146 0.998824 -0.01555 -8.49981 -0.325478 0.0296751 0.945084 225.221
0.943103 -0.0380608 0.330315 64.7818 0.0459589 0.998813 -0.0161313 -8.52056 -0.329309 0.0303944 0.943733 225.724
0.941636 -0.0371923 0.334571 64.952 0.0454247 0.998826 -0.016812 -8.53863 -0.333553 0.0310286 0.94222 226.208
0.939937 -0.0363168 0.339409 65.1192 0.0451327 0.998817 -0.0181141 -8.55799 -0.33835 0.0323446 0.940464 226.676
0.938539 -0.0347198 0.343423 65.2918 0.0440576 0.99884 -0.0194228 -8.58372 -0.34235 0.0333594 0.93898 227.134
0.937105 -0.0345035 0.347338 65.4617 0.0443148 0.998811 -0.0203409 -8.59772 -0.346223 0.0344538 0.937519 227.597
0.935611 -0.0360702 0.351185 65.6308 0.0462509 0.998717 -0.0206414 -8.61789 -0.34999 0.035555 0.936078 228.051
0.934283 -0.0386672 0.354429 65.8021 0.0486182 0.998633 -0.0192107 -8.63624 -0.353202 0.03518 0.934886 228.498
0.933848 -0.0379507 0.355651 65.9694 0.0476538 0.998691 -0.0185585 -8.65068 -0.354481 0.0342789 0.934435 228.949
0.934282 -0.0387975 0.354419 66.1328 0.0485018 0.998651 -0.018535 -8.66154 -0.353222 0.0345069 0.934903 229.385
0.935578 -0.0403253 0.350809 66.2969 0.0509896 0.998474 -0.021211 -8.67559 -0.349418 0.0377322 0.936207 229.819
0.937974 -0.0421023 0.344139 66.4491 0.0528837 0.998358 -0.0219981 -8.69414 -0.342648 0.0388331 0.938661 230.238
0.941407 -0.0459742 0.334126 66.5913 0.0564662 0.998168 -0.0217515 -8.71419 -0.332513 0.0393438 0.942278 230.659
0.946253 -0.0473344 0.319944 66.7256 0.0575122 0.998093 -0.0224322 -8.72479 -0.318271 0.0396272 0.947171 231.075
0.952006 -0.0480375 0.302287 66.841 0.0585256 0.997954 -0.0257289 -8.74031 -0.300432 0.0421856 0.95287 231.487
0.958915 -0.0457772 0.279975 66.9381 0.0562708 0.997978 -0.0295536 -8.75845 -0.278056 0.0440938 0.959552 231.896
0.966463 -0.0438645 0.253031 67.0136 0.0534327 0.998088 -0.0310634 -8.77777 -0.251185 0.0435418 0.966959 232.299
0.974164 -0.0459832 0.22111 67.0808 0.0537389 0.998128 -0.0291862 -8.79629 -0.219354 0.0403143 0.974812 232.704
0.981515 -0.0484735 0.185147 67.131 0.054295 0.998173 -0.0264999 -8.8075 -0.183525 0.0360626 0.982353 233.118
0.987934 -0.0497636 0.146666 67.1585 0.0541701 0.998188 -0.0262027 -8.82516 -0.145096 0.0338314 0.988839 233.523
0.993231 -0.0504156 0.104643 67.1669 0.053637 0.998162 -0.0282003 -8.84158 -0.103029 0.0336222 0.99411 233.916
0.996893 -0.0512114 0.0598541 67.1527 0.0531663 0.998088 -0.0315362 -8.86641 -0.0581246 0.0346204 0.997709 234.299
0.998317 -0.0566821 0.0122342 67.1305 0.0570718 0.997781 -0.0342801 -8.8909 -0.010264 0.0349207 0.999337 234.679
0.997311 -0.0639542 -0.0357772 67.0923 0.0625837 0.997308 -0.0382 -8.91552 0.038124 0.0358582 0.998629 235.053
0.994099 -0.0681517 -0.0843905 67.0344 0.0647874 0.997015 -0.0419859 -8.93594 0.087 0.0362707 0.995548 235.419
0.988442 -0.0707828 -0.13406 66.9581 0.0647564 0.996707 -0.0487971 -8.95668 0.137073 0.0395518 0.989771 235.785
0.980401 -0.069996 -0.184158 66.8612 0.0611891 0.996714 -0.0530852 -8.98355 0.187268 0.0407763 0.981462 236.146
0.969453 -0.0730656 -0.234142 66.7464 0.0619309 0.996587 -0.0545705 -9.01407 0.23733 0.0384029 0.97067 236.51
0.955584 -0.0774767 -0.284352 66.6084 0.0635662 0.9963 -0.057841 -9.04134 0.287781 0.0371968 0.956974 236.878
0.938659 -0.0824533 -0.334844 66.4523 0.0649926 0.995892 -0.0630406 -9.07237 0.338666 0.0374112 0.940163 237.235
0.918987 -0.0881745 -0.384302 66.2763 0.0670624 0.995427 -0.0680241 -9.10124 0.388542 0.0367411 0.920698 237.584
0.896822 -0.0915226 -0.432821 66.0731 0.0672408 0.995199 -0.0711154 -9.12615 0.437251 0.0346747 0.898671 237.934
0.872893 -0.0907207 -0.479403 65.8414 0.0646456 0.995403 -0.0706608 -9.15364 0.48361 0.030688 0.874745 238.28
0.846459 -0.0896443 -0.524854 65.5949 0.0615378 0.99559 -0.0708003 -9.19137 0.528887 0.0276312 0.848243 238.605
0.818166 -0.085783 -0.568548 65.3272 0.0556497 0.99598 -0.0701921 -9.22779 0.572283 0.0257892 0.81965 238.914
0.786791 -0.0818911 -0.611763 65.0468 0.0504576 0.996376 -0.0684818 -9.27026 0.615154 0.0230127 0.788071 239.218
0.753451 -0.0782875 -0.652827 64.7504 0.0452485 0.996706 -0.0673029 -9.30755 0.655945 0.02117 0.754512 239.495
0.718157 -0.0779282 -0.691504 64.4287 0.0432304 0.996787 -0.067435 -9.34245 0.694537 0.0185349 0.719218 239.775
0.681072 -0.0792482 -0.727916 64.098 0.0412258 0.996699 -0.069938 -9.37435 0.731055 0.0176238 0.682091 240.033
0.642904 -0.0798947 -0.761768 63.7448 0.0404206 0.996698 -0.0704208 -9.41377 0.764879 0.0144827 0.644011 240.296
0.606879 -0.0757445 -0.791176 63.3707 0.0349177 0.997028 -0.0686681 -9.44282 0.794026 0.0140472 0.607721 240.535
0.572226 -0.0719864 -0.816931 62.9841 0.0309821 0.997327 -0.0661809 -9.48594 0.819511 0.0125602 0.572926 240.765
0.540135 -0.0681857 -0.838812 62.578 0.0274778 0.99761 -0.0634005 -9.52644 0.84113 0.0111961 0.540718 240.988
0.510983 -0.0648979 -0.857137 62.1601 0.0229534 0.99782 -0.061866 -9.5602 0.859284 0.0119383 0.511359 241.201
0.485189 -0.0627896 -0.872152 61.7203 0.0200684 0.997955 -0.0606824 -9.59432 0.874179 0.0119397 0.485457 241.413
0.463735 -0.0598976 -0.883947 61.2696 0.0180483 0.998144 -0.0581673 -9.6259 0.88579 0.0110206 0.463956 241.629
0.447278 -0.0533216 -0.892804 60.8036 0.0135489 0.998511 -0.0528471 -9.65735 0.894292 0.0115408 0.447334 241.842
0.434185 -0.0497924 -0.899447 60.3269 0.0119112 0.998701 -0.0495372 -9.68971 0.900745 0.0107948 0.434214 242.06
0.423462 -0.0472955 -0.904678 59.8368 0.0139286 0.998858 -0.0456995 -9.72505 0.905807 0.00675111 0.423637 242.284
0.415478 -0.044893 -0.908495 59.3358 0.0168243 0.99899 -0.0416706 -9.7595 0.909448 0.00202843 0.415813 242.509
0.409634 -0.0426658 -0.911252 58.8221 0.0153564 0.999087 -0.0398751 -9.7912 0.912121 0.00234065 0.409915 242.734
0.406185 -0.0440333 -0.912729 58.2964 0.0140843 0.999021 -0.0419285 -9.81956 0.913682 0.00417556 0.406408 242.959
0.404587 -0.0431575 -0.913481 57.7522 0.00786547 0.999013 -0.0437148 -9.85052 0.914466 0.0105015 0.404527 243.182
0.404384 -0.0472357 -0.913369 57.2071 0.0113208 0.998847 -0.0466442 -9.88094 0.914519 0.00852214 0.404453 243.428
0.404987 -0.054215 -0.912714 56.6569 0.0154623 0.998504 -0.0524501 -9.90727 0.914192 0.00712896 0.405219 243.684
0.40592 -0.05696 -0.912132 56.0883 0.0168295 0.998353 -0.0548547 -9.94661 0.913754 0.00691586 0.40621 243.938
0.406545 -0.0550995 -0.911968 55.5083 0.0176204 0.998467 -0.0524707 -9.9827 0.913461 0.00526247 0.406893 244.199
0.40818 -0.0494824 -0.91156 54.9055 0.0157777 0.998763 -0.0471511 -10.0177 0.912765 0.00486378 0.408455 244.465
0.410277 -0.0425566 -0.910967 54.2928 0.0134967 0.999085 -0.0405945 -10.0541 0.911861 0.00435999 0.410476 244.733
0.411497 -0.0388755 -0.910582 53.6807 0.0105359 0.999226 -0.0378988 -10.0948 0.91135 0.00600148 0.411588 245.012
0.414156 -0.0395276 -0.909347 53.0634 0.010343 0.999196 -0.0387226 -10.1383 0.910147 0.00663175 0.414232 245.294
0.416538 -0.0439525 -0.908055 52.4474 0.0105057 0.998997 -0.0435352 -10.1718 0.909058 0.00859427 0.416582 245.579
0.419027 -0.0471401 -0.906749 51.8216 0.00742406 0.998796 -0.0484946 -10.1999 0.907943 0.0135888 0.418872 245.864
0.42247 -0.0479932 -0.905106 51.1947 0.00613204 0.998726 -0.0500952 -10.2378 0.906356 0.0156136 0.422225 246.152
0.425426 -0.0452971 -0.903859 50.5649 0.00478493 0.998845 -0.0478052 -10.2801 0.904981 0.0160127 0.425151 246.448
0.428265 -0.0439499 -0.902584 49.9252 0.00677963 0.998945 -0.0454252 -10.3193 0.903628 0.0133348 0.428111 246.75
0.432021 -0.0404078 -0.900958 49.2802 0.00310688 0.999057 -0.0433177 -10.3555 0.901858 0.015915 0.431739 247.053
0.435951 -0.0395378 -0.899102 48.6322 0.000166269 0.999038 -0.0438519 -10.4026 0.89997 0.0189678 0.435538 247.356
0.438911 -0.039465 -0.897664 47.9854 -0.000821356 0.999017 -0.0443225 -10.4434 0.89853 0.0201909 0.438447 247.67
0.442592 -0.0448283 -0.895602 47.3438 0.0028038 0.998814 -0.0486088 -10.4827 0.896719 0.0190028 0.442192 247.993
0.446807 -0.0441622 -0.89354 46.6841 0.00334294 0.998856 -0.0476958 -10.529 0.894624 0.0183237 0.446443 248.32
0.451881 -0.0426303 -0.891059 46.022 0.00101604 0.998881 -0.0472735 -10.5756 0.892078 0.0204566 0.451419 248.648
0.457096 -0.0395845 -0.888536 45.3651 -0.000570901 0.998996 -0.0447992 -10.6194 0.889417 0.0209848 0.456614 248.988
0.46259 -0.0393786 -0.885697 44.7015 0.000443711 0.999023 -0.0441854 -10.6682 0.886572 0.0200467 0.462156 249.34
0.469092 -0.0399653 -0.882245 44.0408 -0.000266138 0.998969 -0.0453943 -10.7155 0.883149 0.0215289 0.468598 249.69
0.476155 -0.0403162 -0.878437 43.3762 0.000297214 0.998956 -0.0456863 -10.756 0.879362 0.0214927 0.475669 250.048
0.481922 -0.0394446 -0.875326 42.7173 0.00112617 0.999013 -0.0443982 -10.7954 0.876214 0.0204107 0.481491 250.42
0.488877 -0.0385882 -0.871499 42.0532 0.00112791 0.999048 -0.0436031 -10.8373 0.872352 0.0203336 0.488455 250.788
0.495816 -0.0388747 -0.867557 41.3869 0.000528955 0.999011 -0.0444628 -10.8827 0.868428 0.0215865 0.495346 251.165
0.502121 -0.0398928 -0.863877 40.7199 -4.06589e-05 0.998934 -0.0461532 -10.9303 0.864798 0.0232096 0.501584 251.548
0.508145 -0.0411328 -0.860289 40.0534 -0.0029873 0.998769 -0.0495184 -10.9782 0.861267 0.0277324 0.507396 251.931
0.514003 -0.0411805 -0.8568 39.388 -0.00507906 0.998683 -0.0510469 -11.0251 0.857774 0.0305899 0.513117 252.323
