1 9.37153e-05 -8.40584e-05 -0.00245014 -9.37071e-05 1 9.78893e-05 0.00148542 8.40676e-05 -9.78814e-05 1 0.682499
1 0.000719306 -0.000313898 -0.00463126 -0.000719089 1 0.0006897 0.00286559 0.000314394 -0.000689474 1 1.37373
0.999999 0.00118149 -0.000348462 -0.00779071 -0.00118071 0.999997 0.0022184 0.00216084 0.000351082 -0.00221799 0.999997 2.10268
0.999998 0.00200332 -0.000559067 -0.0105751 -0.0020008 0.999988 0.00448007 2.47481e-05 0.000568036 -0.00447894 0.99999 2.83678
0.999998 0.00210706 -0.000499936 -0.0174548 -0.00210419 0.999982 0.00566063 0.001568 0.000511854 -0.00565957 0.999984 3.59037
0.999999 0.0013538 -0.000317172 -0.0210945 -0.00135147 0.999973 0.00722864 -0.00300053 0.00032695 -0.00722821 0.999974 4.34829
1 0.000787636 -0.000318635 -0.0185768 -0.000785119 0.999969 0.00782501 0.000423195 0.000324788 -0.00782475 0.999969 5.14483
1 -0.000552166 0.000233533 -0.022702 0.000550018 0.999958 0.0091001 0.00533432 -0.000238548 -0.00909997 0.999959 5.95626
1 -0.000776774 0.000229941 -0.0261716 0.000774416 0.999949 0.0100847 0.0153972 -0.000237763 -0.0100845 0.999949 6.78348
0.999999 -0.00163909 0.000411542 -0.0351409 0.00163528 0.999957 0.00908675 0.0224867 -0.000426419 -0.00908606 0.999959 7.63291
1 0.00065363 0.000400483 -0.0479761 -0.000655983 0.999982 0.00590351 0.0248123 -0.000396617 -0.00590377 0.999982 8.48455
0.999999 0.000843877 0.000613777 -0.0569889 -0.000844596 0.999999 0.0011716 0.029425 -0.000612788 -0.00117212 0.999999 9.37189
0.999985 0.00552094 0.000709139 -0.0704607 -0.00552093 0.999985 -1.58901e-05 0.032081 -0.000709216 1.19748e-05 1 10.2518
0.999964 0.00836477 0.00120161 -0.0777392 -0.0083666 0.999964 0.00152998 0.0390238 -0.00118877 -0.00153998 0.999998 11.1628
0.999925 0.0121586 0.0017081 -0.0883046 -0.012169 0.999907 0.00618453 0.0272639 -0.00163275 -0.00620485 0.999979 12.0855
0.999877 0.015573 0.00210058 -0.0982703 -0.0155876 0.999853 0.00714685 0.0273247 -0.00198897 -0.00717871 0.999972 12.9954
0.999865 0.0162997 0.00213249 -0.0962778 -0.0163157 0.999837 0.0077059 0.0323319 -0.00200654 -0.00773965 0.999968 13.9218
0.999831 0.0182385 0.00224274 -0.0982495 -0.0182527 0.999812 0.00649472 0.0345595 -0.00212386 -0.00653456 0.999976 14.8688
0.999819 0.0189489 0.00196482 -0.0965669 -0.0189606 0.999802 0.00608383 0.0206057 -0.00184914 -0.00611998 0.99998 15.82
0.999847 0.0174191 0.00184064 -0.0967721 -0.0174299 0.99983 0.00603805 0.0227244 -0.00173515 -0.00606921 0.99998 16.7854
0.999806 0.0195994 0.00181217 -0.106253 -0.0196121 0.999781 0.00725796 0.0191907 -0.00166952 -0.00729209 0.999972 17.751
0.99977 0.0213879 0.00183245 -0.10717 -0.0214001 0.999747 0.00693676 0.0140917 -0.00168363 -0.00697438 0.999974 18.7236
0.999797 0.0200785 0.00157921 -0.0994428 -0.0200856 0.999788 0.00462076 0.0178232 -0.00148609 -0.00465154 0.999988 19.7213
0.999794 0.0202713 0.00139135 -0.0972636 -0.0202745 0.999792 0.00229434 0.01792 -0.00134455 -0.00232208 0.999996 20.7126
0.999756 0.022063 0.00131062 -0.10056 -0.0220666 0.999753 0.00279491 0.0130312 -0.00124863 -0.00282315 0.999995 21.6994
0.999753 0.022161 0.00150098 -0.104182 -0.0221682 0.999742 0.00498107 0.00971923 -0.0013902 -0.00501312 0.999986 22.7056
0.999739 0.0227662 0.00173939 -0.112721 -0.0227769 0.99972 0.00644016 0.00655461 -0.00159228 -0.0064781 0.999978 23.7032
0.999723 0.0234645 0.00188903 -0.11225 -0.0234797 0.999688 0.00848314 0.00642288 -0.00168939 -0.00852514 0.999962 24.7199
0.999721 0.0235743 0.00158666 -0.112655 -0.0235879 0.99968 0.00912383 0.00711519 -0.00137107 -0.00915871 0.999957 25.7217
0.999758 0.021935 0.00147945 -0.113778 -0.0219496 0.999702 0.0107122 0.0086563 -0.00124403 -0.0107421 0.999942 26.7206
0.999795 0.0201746 0.00144573 -0.115422 -0.0201899 0.99973 0.0114901 0.00552398 -0.00121353 -0.011517 0.999933 27.7056
0.999809 0.0195084 0.00104809 -0.114661 -0.0195182 0.999756 0.0103501 -0.00218371 -0.000845922 -0.0103686 0.999946 28.7068
0.999822 0.0188561 0.00098928 -0.1182 -0.018862 0.999802 0.00627178 -0.0061726 -0.000870823 -0.00628932 0.99998 29.7009
0.999864 0.0164551 0.00112542 -0.118002 -0.0164595 0.999856 0.00403712 -0.0106288 -0.00105882 -0.00405509 0.999991 30.6947
0.999894 0.0145051 0.00125323 -0.129919 -0.0145114 0.999881 0.00522078 6.08505e-05 -0.00117736 -0.00523841 0.999986 31.7253
0.999949 0.0100574 0.00126254 -0.127742 -0.0100722 0.999874 0.0122738 -0.00496767 -0.00113894 -0.0122859 0.999924 32.7484
0.99999 0.00450678 -0.000290289 -0.124297 -0.00450098 0.999835 0.0175894 -0.00069816 0.000369513 -0.0175879 0.999845 33.7776
0.99999 -0.00289516 -0.00329281 -0.104722 0.00295473 0.999829 0.018233 0.0108924 0.00323946 -0.0182425 0.999828 34.8204
0.999958 -0.00606936 -0.00684585 -0.107069 0.0061789 0.999851 0.016095 0.0262421 0.00674715 -0.0161366 0.999847 35.8416
0.999887 -0.00964539 -0.0115067 -0.121321 0.0098245 0.99983 0.0156121 0.0318685 0.0113542 -0.0157234 0.999812 36.855
0.999792 -0.00997232 -0.0177853 -0.143292 0.0102549 0.999821 0.0158699 0.0543359 0.0176238 -0.016049 0.999716 37.8989
0.99964 -0.00846678 -0.0254636 -0.172005 0.00894254 0.999786 0.0186283 0.0652523 0.0253005 -0.0188493 0.999502 38.9237
0.999358 -0.00845155 -0.0348255 -0.213328 0.00921941 0.999717 0.0219473 0.074734 0.0346301 -0.0222542 0.999152 39.9444
0.998919 -0.00848482 -0.0456942 -0.267022 0.00961996 0.999649 0.02468 0.0847983 0.0454687 -0.0250929 0.998651 40.973
0.998293 -0.00879314 -0.0577434 -0.335281 0.0103117 0.999607 0.0260526 0.105189 0.0574917 -0.0266035 0.997991 42.0022
0.997357 -0.00849948 -0.0721622 -0.41472 0.0105087 0.999566 0.0275087 0.122588 0.0718971 -0.0281943 0.997013 43.0199
0.996127 -0.00875917 -0.087492 -0.506094 0.0113628 0.999506 0.0293043 0.130844 0.0871921 -0.030185 0.995734 44.0376
0.994605 -0.00886177 -0.103353 -0.614502 0.0118482 0.999529 0.028317 0.143208 0.103054 -0.0293887 0.994242 45.0606
0.992743 -0.00904138 -0.119914 -0.74288 0.0123875 0.999554 0.0271882 0.159453 0.119615 -0.0284763 0.992412 46.0712
0.990537 -0.00879274 -0.136963 -0.884289 0.0127701 0.999521 0.0281883 0.164218 0.136649 -0.0296706 0.990175 47.0788
0.988073 -0.0092151 -0.153709 -1.05241 0.0139975 0.99945 0.0300603 0.187861 0.153348 -0.0318533 0.987659 48.1055
0.985331 -0.0114195 -0.170272 -1.23377 0.016973 0.999369 0.0311958 0.203038 0.169809 -0.0336282 0.984903 49.1143
0.982361 -0.0122164 -0.186595 -1.4324 0.0183876 0.999338 0.0313776 0.226579 0.186089 -0.0342551 0.981936 50.1216
0.979031 -0.0125047 -0.203326 -1.64806 0.0194674 0.999289 0.03228 0.244882 0.202778 -0.0355614 0.978579 51.1414
0.9754 -0.0139663 -0.220001 -1.87487 0.0219432 0.999186 0.0338565 0.263546 0.219349 -0.0378511 0.974912 52.1382
0.971524 -0.0134033 -0.236562 -2.12372 0.0220661 0.999178 0.0340098 0.283081 0.235912 -0.0382613 0.971021 53.1271
0.967265 -0.0136548 -0.253401 -2.38987 0.0229464 0.999167 0.0337484 0.311409 0.252729 -0.0384582 0.966772 54.1305
0.96253 -0.0144719 -0.270789 -2.67042 0.024629 0.999113 0.0341485 0.332701 0.270055 -0.0395383 0.962033 55.1192
0.957519 -0.0129904 -0.288079 -2.97672 0.024321 0.999063 0.0357871 0.35362 0.287344 -0.0412731 0.956938 56.1105
0.952163 -0.0126358 -0.305329 -3.29822 0.0245955 0.999072 0.035355 0.368216 0.304599 -0.0411734 0.951591 57.1001
0.946623 -0.0121752 -0.322114 -3.64102 0.0238931 0.999188 0.0324493 0.388556 0.321458 -0.0384136 0.946145 58.0751
0.940905 -0.012337 -0.338445 -3.99516 0.0236966 0.999285 0.0294527 0.416514 0.33784 -0.0357322 0.940525 59.0376
0.935051 -0.00985731 -0.354376 -4.36616 0.0221993 0.99928 0.0307787 0.435795 0.353817 -0.0366466 0.934596 59.9893
0.929214 -0.00624562 -0.369489 -4.75506 0.0196261 0.99928 0.0324656 0.455089 0.369021 -0.0374191 0.928668 60.9279
0.923271 -0.00368504 -0.38413 -5.1525 0.0179806 0.999273 0.0336309 0.474172 0.383727 -0.0379574 0.922666 61.8523
0.917202 -0.00257864 -0.398413 -5.56033 0.0172758 0.999296 0.0333035 0.500347 0.398047 -0.0374289 0.916601 62.7714
0.910982 -0.000753795 -0.412446 -5.98361 0.0154569 0.999358 0.0323136 0.523789 0.412157 -0.0358122 0.910409 63.6986
0.904999 0.00187563 -0.425411 -6.4189 0.0135694 0.999354 0.033273 0.546426 0.425198 -0.0358846 0.904389 64.6037
0.899226 0.00370055 -0.437468 -6.85945 0.0132984 0.999271 0.035788 0.558887 0.437282 -0.0379992 0.898521 65.5051
0.894183 0.00842601 -0.447623 -7.31602 0.00970182 0.999223 0.0381899 0.5739 0.447597 -0.0384915 0.893407 66.3887
0.889559 0.0135964 -0.456617 -7.77547 0.00430318 0.999263 0.0381376 0.592744 0.4568 -0.0358906 0.888845 67.254
0.885702 0.0141182 -0.46404 -8.24058 0.00273906 0.999361 0.035633 0.61655 0.464247 -0.0328313 0.885097 68.1174
0.88243 0.0162433 -0.470163 -8.70883 -0.000130871 0.999412 0.0342823 0.645813 0.470444 -0.0301902 0.881913 68.9636
0.879504 0.0206492 -0.475443 -9.18045 -0.00414193 0.999352 0.0357415 0.658853 0.475873 -0.0294656 0.87902 69.7999
0.876968 0.02399 -0.47995 -9.64436 -0.00585182 0.999212 0.0392525 0.671194 0.480513 -0.0316146 0.876417 70.6227
0.874455 0.0261325 -0.484402 -10.1042 -0.00714232 0.999133 0.0410076 0.690951 0.485054 -0.0323996 0.873884 71.4355
0.871925 0.027267 -0.48888 -10.556 -0.00822632 0.999123 0.0410537 0.700895 0.489571 -0.0317741 0.871385 72.2231
0.869428 0.0268729 -0.493328 -11.0017 -0.00901975 0.999217 0.0385338 0.71888 0.493977 -0.0290526 0.868989 72.9975
0.867157 0.0263519 -0.497338 -11.4531 -0.00975453 0.999306 0.0359411 0.737229 0.49794 -0.0263153 0.866812 73.7599
0.864889 0.0270953 -0.501232 -11.908 -0.0112263 0.999336 0.0346502 0.753495 0.501838 -0.0243416 0.864619 74.5137
0.862696 0.0278104 -0.504958 -12.3551 -0.0114836 0.999307 0.0354173 0.765673 0.505593 -0.0247556 0.862417 75.2617
0.860549 0.0267498 -0.508664 -12.7993 -0.00971421 0.9993 0.0361173 0.782334 0.509275 -0.0261394 0.860207 76.0028
0.858318 0.027891 -0.512359 -13.249 -0.0112616 0.999305 0.0355327 0.802032 0.512994 -0.0247284 0.858036 76.7433
0.856339 0.0278066 -0.515665 -13.6972 -0.0112645 0.999317 0.0351806 0.815882 0.516292 -0.0243178 0.856068 77.4764
0.854361 0.0263091 -0.519014 -14.1379 -0.00898644 0.999316 0.0358631 0.833922 0.519603 -0.025976 0.854013 78.1966
0.852826 0.0268339 -0.521505 -14.5895 -0.00955869 0.999314 0.035788 0.847668 0.522108 -0.025536 0.852497 78.9157
0.851753 0.0309103 -0.523032 -15.0406 -0.0128109 0.999188 0.0381879 0.866583 0.523787 -0.0258262 0.851457 79.6218
0.850685 0.0322814 -0.524684 -15.4812 -0.0104211 0.998952 0.044565 0.892752 0.525573 -0.032443 0.85013 80.3285
0.849387 0.0315964 -0.526824 -15.9136 -0.00555631 0.998686 0.0509383 0.919015 0.527741 -0.0403391 0.848447 81.0496
0.84853 0.0323743 -0.528156 -16.3562 -0.00589844 0.998643 0.0517373 0.93732 0.529115 -0.0407854 0.84757 81.7479
0.847935 0.0303264 -0.529231 -16.7987 -0.00826305 0.998997 0.0440063 0.958967 0.530035 -0.0329414 0.847336 82.4222
0.847071 0.0247818 -0.530902 -17.2278 -0.00806723 0.999397 0.0337789 0.982592 0.531419 -0.0243302 0.84676 83.0995
0.846814 0.0209836 -0.531476 -17.6597 -0.00650142 0.999555 0.0291054 0.998915 0.53185 -0.0211915 0.846573 83.7811
0.846986 0.0197147 -0.531249 -18.0952 -0.0051713 0.99957 0.0288493 1.0071 0.531589 -0.0216878 0.846724 84.4679
0.847003 0.0216933 -0.531146 -18.5292 -0.00763671 0.99956 0.0286464 1.01649 0.531533 -0.0202074 0.846796 85.143
0.84742 0.0205633 -0.530525 -18.9542 -0.00664525 0.999582 0.0281294 1.02368 0.530882 -0.0203119 0.847202 85.8182
0.847998 0.0212685 -0.529573 -19.3804 -0.00603558 0.999517 0.0304775 1.03611 0.529966 -0.0226485 0.847717 86.4967
0.848624 0.0233243 -0.528482 -19.8068 -0.00510506 0.999342 0.0359078 1.04695 0.528972 -0.0277743 0.848185 87.1748
0.849044 0.0255624 -0.527703 -20.2277 -0.00500348 0.999173 0.0403506 1.06812 0.528298 -0.0316191 0.84847 87.845
0.848957 0.0269927 -0.527772 -20.6516 -0.00618917 0.999134 0.0411446 1.08632 0.528425 -0.0316635 0.848389 88.5177
0.848585 0.0263927 -0.528401 -21.0798 -0.00750558 0.999255 0.0378575 1.10144 0.529007 -0.0281593 0.84815 89.1917
0.84793 0.0235226 -0.529586 -21.5174 -0.00733436 0.99944 0.0326489 1.12185 0.530058 -0.0237998 0.847627 89.8815
0.847016 0.0202506 -0.531181 -21.9599 -0.00686266 0.999607 0.0271656 1.14023 0.531523 -0.0193644 0.846823 90.5841
0.845991 0.0206499 -0.532797 -22.4152 -0.00874591 0.999653 0.024857 1.16192 0.533125 -0.016369 0.845878 91.2935
0.844698 0.0261662 -0.534603 -22.8822 -0.0137381 0.999535 0.0272154 1.18272 0.535067 -0.0156444 0.844665 92.0164
0.843414 0.03258 -0.536276 -23.3695 -0.017622 0.9993 0.0329952 1.19516 0.536976 -0.0183784 0.843397 92.7468
0.841856 0.0359536 -0.538503 -23.8478 -0.0187593 0.999125 0.0373805 1.21907 0.539375 -0.0213671 0.841794 93.4878
0.840509 0.0371355 -0.540524 -24.3369 -0.0200085 0.999095 0.0375276 1.2372 0.541428 -0.0207272 0.840491 94.2397
0.839213 0.0368653 -0.542552 -24.8335 -0.021463 0.999168 0.0346927 1.26072 0.543379 -0.0174698 0.839306 94.9912
0.837881 0.0366379 -0.544622 -25.3369 -0.0233784 0.999238 0.031254 1.2877 0.545352 -0.0134547 0.838099 95.7454
0.836314 0.0367533 -0.547017 -25.8555 -0.0245182 0.999259 0.0296538 1.30747 0.547702 -0.011388 0.836596 96.5224
0.834753 0.033659 -0.549595 -26.3743 -0.0212127 0.999355 0.0289848 1.32756 0.550216 -0.0125367 0.834928 97.3175
0.833079 0.0301297 -0.552333 -26.8987 -0.0177995 0.999459 0.0276736 1.35075 0.552867 -0.0132231 0.833164 98.1151
0.831277 0.0267716 -0.555214 -27.4326 -0.0150956 0.999558 0.0255958 1.36843 0.555654 -0.0128959 0.831314 98.9153
0.829512 0.0233712 -0.558 -27.9757 -0.0129713 0.999661 0.0225868 1.38784 0.558339 -0.011498 0.829534 99.7226
0.827041 0.022426 -0.561695 -28.5256 -0.0127911 0.999696 0.02108 1.40146 0.561997 -0.0102493 0.827076 100.538
0.824822 0.0218891 -0.564969 -29.0942 -0.0126006 0.999714 0.0203367 1.41227 0.565252 -0.00965527 0.824862 101.362
0.822462 0.0217296 -0.568404 -29.6775 -0.0122064 0.999714 0.0205559 1.42255 0.568688 -0.00996827 0.822493 102.184
0.820273 0.023124 -0.571505 -30.2573 -0.0133529 0.999684 0.0212837 1.43368 0.571817 -0.00982717 0.820323 103.006
0.818915 0.0244589 -0.573393 -30.8517 -0.0146553 0.999657 0.0217113 1.44029 0.573728 -0.0093765 0.818992 103.844
0.818488 0.0253229 -0.573966 -31.4564 -0.0169511 0.999658 0.0199315 1.44854 0.574274 -0.00658429 0.818637 104.689
0.818566 0.0243211 -0.573897 -32.0613 -0.0179439 0.999698 0.0167721 1.46385 0.574132 -0.00343116 0.818756 105.54
0.819042 0.0261275 -0.573138 -32.6808 -0.0207502 0.999658 0.0159181 1.47634 0.573358 -0.00114484 0.819304 106.398
0.819529 0.0266552 -0.572417 -33.2936 -0.0196983 0.999638 0.0183472 1.48509 0.572699 -0.0037604 0.819757 107.271
0.820355 0.0272522 -0.571205 -33.9142 -0.0196758 0.999618 0.0194337 1.49306 0.571516 -0.00470354 0.820577 108.158
0.821283 0.0253561 -0.569957 -34.5324 -0.0187783 0.999672 0.0174144 1.50477 0.570212 -0.00359934 0.82149 109.043
0.822141 0.0214527 -0.56888 -35.154 -0.0162038 0.999767 0.014284 1.51579 0.569054 -0.00252547 0.822296 109.936
0.822559 0.0191948 -0.568356 -35.7728 -0.0147346 0.999814 0.0124414 1.52591 0.568489 -0.00185934 0.822689 110.829
0.823298 0.0151327 -0.567407 -36.3925 -0.0119142 0.999885 0.00937962 1.5279 0.567484 -0.000962047 0.823384 111.733
0.823863 0.00900114 -0.566718 -37.0075 -0.00723839 0.999959 0.00535951 1.51794 0.566743 -0.000313366 0.823894 112.639
0.82444 0.0113228 -0.565836 -37.6352 -0.0107864 0.999933 0.00429324 1.52006 0.565846 0.00256381 0.824507 113.536
0.825169 0.0152382 -0.56468 -38.2656 -0.0117139 0.999883 0.0098647 1.52093 0.564764 -0.00152542 0.825251 114.446
0.825353 0.0253655 -0.564046 -38.9059 -0.0149171 0.999621 0.0231257 1.52855 0.564419 -0.010673 0.825419 115.37
0.826462 0.0317812 -0.562095 -39.5495 -0.016616 0.999347 0.0320728 1.54888 0.562747 -0.0171672 0.826451 116.285
0.827212 0.0377247 -0.560622 -40.1843 -0.021254 0.99913 0.0358715 1.56555 0.561488 -0.0177578 0.827295 117.198
0.828049 0.0374755 -0.559401 -40.8156 -0.0221171 0.99917 0.0341979 1.59143 0.560219 -0.0159453 0.828191 118.112
0.828874 0.0292233 -0.558672 -41.4346 -0.0133886 0.999385 0.0324122 1.61456 0.559275 -0.0193858 0.828755 119.027
0.829084 0.0266447 -0.558489 -42.0605 -0.0133096 0.999521 0.0279274 1.63896 0.558965 -0.0157209 0.829042 119.946
0.829544 0.0236211 -0.557942 -42.6779 -0.0139218 0.999669 0.0216233 1.65284 0.558268 -0.0101699 0.829598 120.861
0.83041 0.0203053 -0.556783 -43.3024 -0.0141287 0.999782 0.0153888 1.66517 0.556974 -0.0049124 0.830516 121.78
0.831125 0.0244643 -0.555548 -43.9419 -0.0186588 0.999696 0.0161086 1.67001 0.555773 -0.0030224 0.831329 122.711
0.831764 0.0309878 -0.554264 -44.5822 -0.02298 0.999507 0.0213951 1.68536 0.554653 -0.0050587 0.832066 123.649
0.832707 0.0321385 -0.552781 -45.2195 -0.0178395 0.999353 0.0312286 1.69249 0.553427 -0.0161429 0.832742 124.588
0.833035 0.0352283 -0.552097 -45.8528 -0.0149188 0.999038 0.0412364 1.7167 0.553019 -0.0261148 0.832759 125.531
0.833562 0.0333095 -0.551421 -46.4874 -0.0107837 0.998971 0.0440431 1.75017 0.552321 -0.0307663 0.833063 126.473
0.833549 0.0278304 -0.551744 -47.1115 -0.00704667 0.999185 0.0397539 1.78456 0.5524 -0.0292488 0.833066 127.418
0.833879 0.0210316 -0.551547 -47.7299 -0.00344623 0.999453 0.0329009 1.80019 0.551937 -0.0255346 0.833495 128.345
0.833436 0.0212271 -0.552208 -48.3513 -0.00734296 0.999599 0.0273424 1.81672 0.552567 -0.0187333 0.833258 129.262
0.833825 0.0212057 -0.551621 -48.9812 -0.0102844 0.999685 0.0228847 1.83846 0.551933 -0.0134088 0.833781 130.188
0.833548 0.0217669 -0.552018 -49.6146 -0.0131659 0.999722 0.01954 1.86569 0.55229 -0.00901976 0.833603 131.127
0.833272 0.0239672 -0.552343 -50.2377 -0.0144313 0.999662 0.021606 1.88257 0.552674 -0.0100327 0.833337 132.062
0.833167 0.0268845 -0.552368 -50.8659 -0.0121598 0.999467 0.0303041 1.89424 0.552888 -0.0185317 0.833049 133.011
0.833169 0.0292293 -0.552245 -51.5095 -0.0112587 0.999292 0.0359046 1.91581 0.552904 -0.023697 0.832908 133.967
0.833111 0.0281193 -0.55239 -52.1414 -0.0082284 0.999226 0.0384553 1.93747 0.553044 -0.0274923 0.832698 134.907
0.832846 0.0257855 -0.552904 -52.7736 -0.0071331 0.999331 0.0358607 1.96057 0.553459 -0.0259225 0.832473 135.853
0.832524 0.0212268 -0.553582 -53.3926 -0.00347295 0.999446 0.0331003 1.98208 0.553978 -0.0256343 0.832137 136.792
0.832003 0.0184843 -0.554464 -54.0156 -0.00077618 0.999483 0.0321552 1.99785 0.554771 -0.0263229 0.831586 137.727
0.831428 0.0212498 -0.555226 -54.6546 -0.00157919 0.999355 0.0358829 2.01767 0.555631 -0.0289573 0.830925 138.676
0.831105 0.0228723 -0.555645 -55.2857 -0.000769646 0.9992 0.0399794 2.04312 0.556115 -0.0327994 0.830458 139.614
0.830468 0.0252862 -0.556491 -55.9124 -0.00368814 0.999197 0.0398982 2.07222 0.557053 -0.0310818 0.829895 140.536
0.830163 0.0263245 -0.556898 -56.5445 -0.00817997 0.999352 0.0350454 2.09942 0.55746 -0.024538 0.829841 141.447
0.829817 0.025114 -0.55747 -57.1697 -0.00875822 0.99945 0.0319883 2.11831 0.557966 -0.021662 0.829581 142.37
0.829584 0.0270291 -0.557727 -57.8014 -0.0101022 0.999391 0.0334071 2.14356 0.55829 -0.0220797 0.829352 143.291
0.829263 0.0280907 -0.558153 -58.4315 -0.00894149 0.999275 0.0370068 2.16325 0.558788 -0.0256977 0.828912 144.217
0.828684 0.0262331 -0.559102 -59.0518 -0.00742392 0.999328 0.0358851 2.19403 0.559668 -0.0255866 0.828322 145.139
0.828873 0.0218175 -0.559011 -59.6724 -0.0028051 0.999389 0.0348457 2.22012 0.559429 -0.0273146 0.828428 146.052
0.828572 0.0226746 -0.559424 -60.299 -0.00338462 0.999364 0.0354932 2.24725 0.559873 -0.0275153 0.828122 146.969
0.828532 0.0242857 -0.559414 -60.9269 -0.00448428 0.999315 0.0367415 2.2619 0.559923 -0.0279329 0.828073 147.881
0.827993 0.0241062 -0.56022 -61.5541 -0.00480841 0.999344 0.0358948 2.28452 0.560718 -0.0270269 0.827565 148.784
0.827865 0.0240621 -0.560411 -62.1865 -0.00472125 0.999343 0.0359338 2.30903 0.560907 -0.0271025 0.827435 149.676
0.827739 0.0275156 -0.560439 -62.8178 -0.00601038 0.999174 0.0401789 2.338 0.561081 -0.0298892 0.827221 150.592
0.827712 0.0294986 -0.560377 -63.4403 -0.00732859 0.9991 0.0417684 2.36083 0.561105 -0.0304654 0.827184 151.484
0.827423 0.0278481 -0.560889 -64.0554 -0.00696171 0.999202 0.0393405 2.38273 0.561536 -0.0286464 0.826956 152.385
0.827132 0.025709 -0.561419 -64.6699 -0.00686045 0.999341 0.0356553 2.40817 0.561965 -0.02564 0.826763 153.269
0.826801 0.0261651 -0.561886 -65.2805 -0.00698373 0.999318 0.0362585 2.43893 0.562452 -0.0260545 0.82642 154.164
0.826518 0.0318624 -0.562007 -65.8949 -0.0115592 0.999147 0.0396458 2.46163 0.562791 -0.0262716 0.826182 155.056
0.82659 0.0328775 -0.561844 -66.4997 -0.0123077 0.999109 0.0403578 2.48907 0.56267 -0.0264443 0.826258 155.935
0.826321 0.0296651 -0.562417 -67.1031 -0.0105566 0.999252 0.0371962 2.51608 0.5631 -0.0247988 0.826017 156.814
0.826038 0.0262645 -0.563003 -67.6864 -0.0085927 0.999384 0.0340149 2.53466 0.563549 -0.0232599 0.825755 157.677
0.82598 0.0239714 -0.56319 -68.2828 -0.00658269 0.999437 0.0328854 2.55582 0.563661 -0.0234553 0.825673 158.535
0.825784 0.0209952 -0.563595 -68.8668 -0.0016608 0.999393 0.0347962 2.56905 0.563983 -0.0277982 0.825318 159.391
0.825834 0.0193341 -0.563582 -69.4541 0.00108817 0.999356 0.0358781 2.59321 0.563913 -0.0302426 0.82528 160.243
0.826023 0.0181839 -0.563343 -70.0168 0.0032877 0.999307 0.0370769 2.61178 0.563627 -0.0324785 0.825391 161.076
0.826664 0.0169083 -0.562442 -70.5855 0.00666651 0.999184 0.0398361 2.63226 0.562656 -0.0366806 0.825877 161.908
0.826974 0.0175569 -0.561966 -71.1553 0.0069241 0.999119 0.0414037 2.6585 0.562198 -0.0381309 0.826123 162.729
0.827349 0.0153849 -0.561478 -71.7152 0.00751464 0.999232 0.0384527 2.67844 0.561638 -0.0360331 0.826598 163.539
0.827894 0.0118795 -0.560758 -72.2622 0.00879674 0.999378 0.0341588 2.70088 0.560815 -0.0332127 0.827275 164.348
0.829165 0.0132314 -0.558848 -72.8131 0.00710031 0.99939 0.0341966 2.7211 0.558959 -0.0323226 0.828565 165.15
0.830543 0.0182312 -0.556656 -73.3584 0.00369267 0.999262 0.0382367 2.74329 0.556942 -0.0338128 0.829863 165.947
0.832349 0.0195592 -0.553907 -73.8888 0.00330886 0.999184 0.0402547 2.76138 0.554242 -0.0353387 0.831605 166.75
0.835031 0.0188842 -0.549878 -74.4154 0.00257906 0.999265 0.0382338 2.78951 0.550196 -0.0333446 0.834369 167.522
0.838395 0.0190038 -0.544732 -74.9302 0.00229189 0.99926 0.0383882 2.81671 0.545059 -0.0334329 0.837731 168.301
0.841802 0.0201781 -0.539409 -75.4339 0.00366941 0.999064 0.0430992 2.84062 0.539774 -0.0382603 0.84094 169.07
0.845645 0.0198476 -0.533376 -75.907 0.00565744 0.998919 0.0461406 2.84385 0.533716 -0.0420362 0.844619 169.827
0.849965 0.0162911 -0.526588 -76.3548 0.00834955 0.99898 0.0443824 2.85531 0.526774 -0.0421203 0.848961 170.553
0.854269 0.012259 -0.519687 -76.7845 0.00998924 0.99915 0.0399895 2.87731 0.519736 -0.0393531 0.85342 171.263
0.859105 0.0075731 -0.511743 -77.1898 0.0139791 0.99917 0.0382543 2.89549 0.511608 -0.0400182 0.858286 171.962
0.86384 0.0040849 -0.503749 -77.5758 0.0178942 0.999087 0.0387869 2.90872 0.503448 -0.0425199 0.862979 172.642
0.868607 0.000257397 -0.495502 -77.9352 0.0225938 0.998939 0.0401254 2.9186 0.494987 -0.0460485 0.86768 173.316
0.873687 -0.00281062 -0.486481 -78.2846 0.0264416 0.99878 0.0417169 2.93067 0.48577 -0.0493108 0.872695 173.976
0.878654 -0.00526705 -0.47743 -78.6281 0.0286375 0.99872 0.041686 2.94701 0.4766 -0.0503 0.87768 174.622
0.883394 -0.00945394 -0.468536 -78.9455 0.0313029 0.998754 0.0388672 2.95697 0.467584 -0.0490016 0.882589 175.249
0.888563 -0.0111647 -0.458619 -79.2586 0.0313576 0.998844 0.0364385 2.97286 0.457682 -0.0467591 0.887886 175.864
0.892889 -0.0147421 -0.450036 -79.5538 0.0331245 0.998906 0.0329984 2.9872 0.449057 -0.0443711 0.892401 176.479
0.896878 -0.0180563 -0.441909 -79.8451 0.0349656 0.998934 0.0301483 3.00346 0.440893 -0.042491 0.896553 177.079
0.901044 -0.0167956 -0.433402 -80.1256 0.0329175 0.999016 0.0297207 3.00699 0.432477 -0.0410461 0.90071 177.671
0.904742 -0.0104468 -0.425832 -80.4044 0.0249979 0.999278 0.0285966 3.02091 0.425226 -0.0365174 0.90435 178.244
0.907465 -0.0105505 -0.419995 -80.6749 0.023554 0.99939 0.0257871 3.0306 0.419467 -0.0332935 0.90716 178.816
0.909005 -0.0108037 -0.416646 -80.9383 0.024385 0.99933 0.0272885 3.03598 0.416072 -0.0349653 0.908659 179.398
0.90949 -0.0119099 -0.415555 -81.2031 0.0273619 0.999137 0.0312492 3.04871 0.414824 -0.0397912 0.909031 179.979
0.90862 -0.00853538 -0.417537 -81.4711 0.0249852 0.999111 0.0339473 3.05804 0.416876 -0.0412774 0.908026 180.546
0.906686 -0.00492174 -0.421777 -81.7423 0.0215861 0.999163 0.034744 3.06436 0.421253 -0.0406064 0.906034 181.1
0.902596 -0.00645554 -0.43044 -82.0221 0.0225593 0.999223 0.0323191 3.07318 0.429897 -0.0388815 0.902041 181.65
0.895604 -0.0120418 -0.444689 -82.2867 0.0273709 0.999231 0.0280667 3.08056 0.444009 -0.0373082 0.895245 182.195
0.885649 -0.021532 -0.463855 -82.5657 0.0370146 0.999019 0.0242987 3.09236 0.462877 -0.0386895 0.885578 182.734
0.873096 -0.0244755 -0.486933 -82.8701 0.0405479 0.998924 0.0224939 3.10561 0.485859 -0.0393834 0.873149 183.257
0.85752 -0.0203294 -0.514049 -83.1997 0.0377039 0.999015 0.0233878 3.10915 0.513067 -0.0394371 0.857442 183.76
0.83967 -0.0149171 -0.542892 -83.5552 0.0339434 0.99911 0.0250463 3.11762 0.542035 -0.0394582 0.839429 184.26
0.820811 -0.00904205 -0.571129 -83.9448 0.0304845 0.999143 0.0279932 3.13865 0.570386 -0.0403877 0.820383 184.74
0.799551 -0.0044752 -0.600581 -84.3454 0.0310655 0.998942 0.0339137 3.15003 0.599794 -0.0457731 0.798844 185.222
0.775839 0.00204862 -0.630928 -84.7611 0.031331 0.998636 0.0417697 3.1645 0.630153 -0.0521742 0.774716 185.707
0.750851 0.00754499 -0.660429 -85.2048 0.0279674 0.998675 0.0432057 3.17287 0.65988 -0.0509115 0.749644 186.156
0.724106 0.00817325 -0.68964 -85.6734 0.0255514 0.998925 0.0386672 3.18881 0.689215 -0.0456204 0.723119 186.601
0.694779 0.00385608 -0.719213 -86.1513 0.0253579 0.999233 0.0298539 3.20998 0.718776 -0.0389796 0.694148 187.026
0.663677 -0.00235028 -0.748015 -86.6546 0.0279687 0.999374 0.0216752 3.23536 0.747496 -0.0353064 0.663327 187.441
0.63201 0.00215634 -0.774957 -87.1966 0.0233312 0.99949 0.0218087 3.25912 0.774609 -0.031864 0.631638 187.84
0.599468 0.0108874 -0.800325 -87.7695 0.0195135 0.999411 0.0282119 3.27029 0.800161 -0.0325293 0.598902 188.223
0.565795 0.0149063 -0.824411 -88.3473 0.0195954 0.999311 0.0315171 3.28482 0.824313 -0.0339869 0.565113 188.592
0.530826 0.0145611 -0.847356 -88.9371 0.0188705 0.999401 0.0289952 3.2904 0.847271 -0.0313814 0.530233 188.934
0.493683 0.0101986 -0.869582 -89.5601 0.0212555 0.999491 0.0237894 3.30414 0.869382 -0.0302278 0.493215 189.26
0.454824 0.00695222 -0.890554 -90.195 0.022964 0.999545 0.0195312 3.32768 0.890285 -0.029334 0.454457 189.568
0.415451 0.006886 -0.90959 -90.8632 0.0235083 0.999556 0.0183044 3.34574 0.909312 -0.0289875 0.415104 189.85
0.374795 0.00939044 -0.92706 -91.5659 0.0230376 0.999546 0.0194384 3.36303 0.926821 -0.0286427 0.374408 190.108
0.332552 0.0107435 -0.943024 -92.2783 0.0241685 0.99951 0.0199099 3.36994 0.942775 -0.0294126 0.332129 190.338
0.29112 0.0121119 -0.95661 -93.0175 0.0225189 0.999556 0.0195087 3.37808 0.956422 -0.0272212 0.290718 190.536
0.251169 0.0154779 -0.967819 -93.7634 0.0183663 0.999616 0.0207529 3.39116 0.967769 -0.0229877 0.250788 190.696
0.212355 0.014735 -0.977082 -94.5251 0.0162693 0.999694 0.0186119 3.39758 0.977057 -0.0198488 0.21205 190.84
0.174977 0.0123139 -0.984495 -95.2977 0.0171217 0.999733 0.0155476 3.41148 0.984424 -0.0195767 0.17472 190.954
0.139754 0.0111389 -0.990124 -96.0987 0.0172423 0.999758 0.013681 3.4159 0.990036 -0.018984 0.139529 191.044
0.1073 0.0089578 -0.994186 -96.8997 0.0225086 0.999681 0.0114366 3.421 0.993972 -0.0236049 0.107064 191.112
0.0757741 0.00696438 -0.997101 -97.7229 0.023588 0.999683 0.00877498 3.42 0.996846 -0.0241846 0.0755858 191.162
0.0465093 0.00193521 -0.998916 -98.5478 0.03008 0.999542 0.00333694 3.41238 0.998465 -0.0302026 0.0464298 191.189
0.0171094 -0.00360466 -0.999847 -99.3971 0.0349553 0.999384 -0.00300484 3.40844 0.999242 -0.0348986 0.0172249 191.203
-0.0112854 -0.00435047 -0.999927 -100.238 0.0432744 0.999052 -0.00483506 3.40048 0.998999 -0.0433258 -0.0110864 191.194
-0.0363685 -0.00330568 -0.999333 -101.086 0.0454085 0.998956 -0.00495697 3.38581 0.998306 -0.0455585 -0.0361804 191.149
-0.0595772 -0.00105279 -0.998223 -101.946 0.0489713 0.998792 -0.00397616 3.37298 0.997022 -0.0491212 -0.0594537 191.092
-0.078968 0.000650048 -0.996877 -102.828 0.0527462 0.998602 -0.00352714 3.35483 0.995481 -0.05286 -0.0788919 191.02
-0.0940034 0.00567641 -0.995556 -103.714 0.0534073 0.998573 0.000650733 3.34366 0.994138 -0.0531088 -0.0941723 190.932
-0.106669 0.00902001 -0.994254 -104.594 0.0522702 0.998627 0.00345185 3.33028 0.99292 -0.0516016 -0.106994 190.825
-0.118428 0.0102259 -0.99291 -105.487 0.0550303 0.998478 0.00371956 3.31454 0.991437 -0.0541997 -0.11881 190.714
-0.129558 0.00506781 -0.991559 -106.394 0.0565109 0.998399 -0.00228101 3.29973 0.98996 -0.0563294 -0.129637 190.6
-0.137848 0.000262991 -0.990453 -107.304 0.0543956 0.998493 -0.00730549 3.29622 0.988959 -0.0548833 -0.137655 190.458
-0.145459 0.000588596 -0.989364 -108.231 0.0487306 0.99879 -0.0065703 3.28438 0.988163 -0.049168 -0.145312 190.307
-0.151523 0.00291778 -0.988449 -109.169 0.045926 0.998936 -0.00409144 3.27318 0.987386 -0.0460155 -0.151496 190.153
-0.15527 0.00305411 -0.987867 -110.116 0.044655 0.998995 -0.00393024 3.26975 0.986862 -0.0447235 -0.155251 189.994
-0.158392 0.00257717 -0.987373 -111.07 0.0441073 0.999017 -0.00446801 3.25242 0.986391 -0.0442581 -0.158349 189.833
-0.1619 -0.000698626 -0.986807 -112.021 0.0413021 0.999119 -0.00748355 3.23801 0.985942 -0.0419688 -0.161728 189.67
-0.164381 -0.0030741 -0.986392 -112.987 0.0427485 0.999033 -0.0102375 3.21875 0.98547 -0.0438497 -0.164091 189.509
-0.166768 -0.00467941 -0.985985 -113.961 0.0416132 0.999064 -0.0117799 3.20526 0.985118 -0.0429945 -0.166417 189.337
-0.167536 -0.00630576 -0.985846 -114.944 0.0413231 0.999056 -0.0134128 3.17972 0.984999 -0.0429853 -0.167118 189.166
-0.168568 -0.00913893 -0.985648 -115.932 0.0395909 0.999087 -0.0160345 3.15011 0.984895 -0.0417255 -0.168052 188.997
-0.168408 -0.0103528 -0.985663 -116.924 0.0383953 0.999117 -0.0170542 3.13348 0.984969 -0.0407169 -0.167862 188.814
-0.16893 -0.00451066 -0.985618 -117.928 0.0413483 0.999077 -0.0116591 3.10621 0.98476 -0.0427232 -0.168587 188.644
-0.168849 0.000466731 -0.985642 -118.939 0.0428532 0.999058 -0.00686803 3.08618 0.98471 -0.0433975 -0.16871 188.475
-0.168338 0.00298842 -0.985725 -119.961 0.0432108 0.999057 -0.00435056 3.06594 0.984782 -0.0433264 -0.168309 188.302
-0.167768 0.00237347 -0.985824 -120.976 0.040645 0.999163 -0.00451142 3.0559 0.984988 -0.0408257 -0.167724 188.124
-0.16701 0.0030718 -0.98595 -121.998 0.0375858 0.999288 -0.00325331 3.04451 0.985238 -0.0376011 -0.167007 187.938
-0.166736 -3.0504e-05 -0.986001 -123.024 0.0375651 0.999274 -0.00638331 3.02435 0.985286 -0.0381036 -0.166614 187.764
-0.166362 -0.00577155 -0.986048 -124.05 0.0395527 0.999139 -0.0125214 3.00489 0.985271 -0.0410839 -0.165991 187.592
-0.16579 -0.00932905 -0.986117 -125.084 0.0450508 0.99884 -0.0170235 2.97838 0.985132 -0.0472477 -0.165177 187.419
-0.165605 -0.00251746 -0.986189 -126.139 0.0490552 0.998738 -0.010787 2.9506 0.984971 -0.0501641 -0.165272 187.25
-0.165355 0.0117972 -0.986164 -127.211 0.0491996 0.998782 0.00369864 2.93474 0.985006 -0.0479073 -0.165734 187.066
-0.165043 0.0197227 -0.986089 -128.276 0.0514928 0.998609 0.0113547 2.91768 0.984941 -0.0489025 -0.165829 186.888
-0.164541 0.00991444 -0.98632 -129.336 0.0517144 0.998661 0.00141135 2.90111 0.985014 -0.0507747 -0.164833 186.71
-0.164054 -0.00870347 -0.986413 -130.396 0.0464775 0.998782 -0.0165425 2.88672 0.985356 -0.0485599 -0.16345 186.519
-0.165212 -0.0204881 -0.986045 -131.457 0.0459651 0.998538 -0.0284492 2.86094 0.985186 -0.0500238 -0.164029 186.335
-0.166559 -0.0149342 -0.985918 -132.523 0.0449041 0.998733 -0.0227144 2.82342 0.985008 -0.0480551 -0.165678 186.15
-0.166641 -0.00288666 -0.986013 -133.594 0.0484543 0.998764 -0.011113 2.7876 0.984826 -0.0496285 -0.166296 185.967
-0.167485 0.00777674 -0.985844 -134.679 0.0502296 0.998737 -0.000655069 2.76818 0.984594 -0.0496283 -0.167664 185.784
-0.168669 0.00943915 -0.985628 -135.749 0.0533503 0.998576 0.000433388 2.75426 0.984228 -0.0525104 -0.168933 185.601
-0.170078 0.00689694 -0.985406 -136.815 0.0571358 0.998362 -0.00287386 2.7376 0.983773 -0.0567907 -0.170194 185.419
-0.171359 0.00334651 -0.985203 -137.892 0.058217 0.998281 -0.00673489 2.71494 0.983487 -0.0585096 -0.171259 185.236
-0.171683 0.000416424 -0.985152 -138.967 0.0575735 0.998295 -0.00961138 2.69017 0.983469 -0.0583688 -0.171414 185.046
-0.171991 -0.00403649 -0.98509 -140.025 0.0542695 0.998434 -0.0135663 2.6615 0.983602 -0.0557936 -0.171503 184.858
-0.171444 -0.00515616 -0.98518 -141.087 0.0542067 0.998422 -0.0146587 2.63834 0.983701 -0.0559165 -0.170894 184.671
-0.170309 -0.000132971 -0.985391 -142.147 0.0576406 0.998286 -0.010097 2.61449 0.983703 -0.0585181 -0.17001 184.481
-0.169059 0.0101355 -0.985554 -143.22 0.0574824 0.998346 0.000406703 2.58697 0.983928 -0.0565832 -0.169362 184.296
-0.166672 0.0146211 -0.985904 -144.286 0.0605136 0.998157 0.00457266 2.56923 0.984154 -0.0588985 -0.16725 184.114
-0.164487 0.0129529 -0.986294 -145.351 0.0596974 0.998212 0.00315352 2.56116 0.984571 -0.0583605 -0.164966 183.94
-0.161524 0.0079307 -0.986837 -146.4 0.0596657 0.998217 -0.00174387 2.55065 0.985063 -0.059162 -0.16171 183.761
-0.159038 0.00763484 -0.987243 -147.449 0.0625471 0.998039 -0.00235758 2.53581 0.985289 -0.0621241 -0.159204 183.596
-0.156658 0.00961507 -0.987606 -148.499 0.0604694 0.99817 0.000126049 2.51677 0.9858 -0.0597002 -0.156952 183.428
-0.154931 0.0152134 -0.987808 -149.539 0.0605783 0.998146 0.00587137 2.50454 0.986066 -0.0589301 -0.155565 183.268
-0.15355 0.0170432 -0.987994 -150.568 0.0584471 0.998257 0.00813668 2.49554 0.986411 -0.056496 -0.154278 183.108
-0.152137 0.0149267 -0.988247 -151.591 0.0551647 0.998456 0.0065885 2.47808 0.986819 -0.053514 -0.152726 182.945
-0.151517 0.00946371 -0.988409 -152.607 0.0507528 0.99871 0.00178222 2.46042 0.987151 -0.0498945 -0.151802 182.781
-0.151968 0.00809778 -0.988352 -153.61 0.0469858 0.998895 0.000959652 2.45043 0.987268 -0.0462927 -0.152181 182.615
-0.15381 0.0102173 -0.988048 -154.62 0.0484134 0.998823 0.00279219 2.43371 0.986914 -0.0474053 -0.154123 182.457
-0.156947 0.0103178 -0.987553 -155.622 0.0504281 0.998725 0.00242018 2.41479 0.986319 -0.0494206 -0.157267 182.294
-0.15993 0.00930765 -0.987084 -156.612 0.0532023 0.998583 0.000796078 2.40106 0.985694 -0.0523879 -0.160199 182.129
-0.163785 0.0114405 -0.98643 -157.581 0.0543327 0.99852 0.00255944 2.3945 0.984999 -0.0531762 -0.164164 181.966
-0.167863 0.0140135 -0.985711 -158.532 0.0591841 0.998239 0.00411279 2.38582 0.984032 -0.0576481 -0.168396 181.797
-0.172255 0.0151022 -0.984937 -159.48 0.0579521 0.998306 0.00517197 2.37468 0.983346 -0.0561883 -0.172838 181.629
-0.176619 0.0145933 -0.984171 -160.393 0.0524935 0.998607 0.00538692 2.36075 0.982878 -0.0507111 -0.177139 181.446
-0.180779 0.0142086 -0.983421 -161.303 0.0517112 0.99865 0.00492274 2.35544 0.982163 -0.049964 -0.181269 181.272
-0.185488 0.0159584 -0.982517 -162.186 0.0507446 0.99869 0.0066411 2.34939 0.981335 -0.0486256 -0.186054 181.102
-0.188759 0.0154465 -0.981902 -163.049 0.048844 0.998786 0.00632239 2.33459 0.980808 -0.0467666 -0.189285 180.916
-0.191954 0.0135872 -0.98131 -163.887 0.0503684 0.998723 0.00397572 2.31875 0.98011 -0.0486638 -0.192393 180.744
-0.194968 0.011128 -0.980747 -164.731 0.0527184 0.998609 0.000850519 2.31912 0.979392 -0.0515375 -0.195283 180.567
-0.19619 0.0124916 -0.980486 -165.53 0.0521535 0.998636 0.00228721 2.30865 0.979178 -0.0506871 -0.196574 180.406
-0.195501 0.0169754 -0.980557 -166.3 0.0493996 0.998751 0.0074412 2.29761 0.979459 -0.0469844 -0.196096 180.24
-0.19419 0.0189655 -0.980781 -167.04 0.0506518 0.998673 0.00928267 2.2853 0.979655 -0.0478757 -0.194893 180.089
-0.191683 0.015634 -0.981332 -167.767 0.0505424 0.998704 0.0060383 2.26909 0.980155 -0.0484415 -0.192224 179.947
-0.186271 0.0120683 -0.982424 -168.468 0.0539944 0.998539 0.0020287 2.26561 0.981014 -0.0526676 -0.186651 179.819
-0.177416 0.00975482 -0.984088 -169.161 0.0504094 0.998728 0.000811905 2.26327 0.982844 -0.0494632 -0.177682 179.689
-0.163975 0.0113333 -0.986399 -169.828 0.0532576 0.998577 0.00261992 2.25169 0.985026 -0.0521037 -0.164345 179.582
-0.147901 0.0145742 -0.988895 -170.487 0.0537872 0.99853 0.00667168 2.23806 0.987538 -0.0522031 -0.148468 179.497
-0.128515 0.0172396 -0.991558 -171.12 0.055839 0.998388 0.0101211 2.22589 0.990134 -0.0540669 -0.12927 179.429
-0.10525 0.0149388 -0.994334 -171.744 0.0583858 0.998255 0.0088176 2.22009 0.99273 -0.0571269 -0.105938 179.382
-0.0778684 0.0118768 -0.996893 -172.361 0.0591995 0.99822 0.00726845 2.22151 0.995204 -0.0584496 -0.0784329 179.347
-0.0469923 0.0125592 -0.998816 -172.975 0.0573581 0.998305 0.00985418 2.21681 0.997247 -0.0568271 -0.047633 179.332
-0.00987126 0.0141236 -0.999852 -173.6 0.0540229 0.998447 0.0135704 2.21498 0.998491 -0.0538809 -0.0106189 179.338
0.0333052 0.0128384 -0.999363 -174.219 0.0480131 0.998742 0.0144305 2.22499 0.998291 -0.0484631 0.0326469 179.367
0.080883 0.0104304 -0.996669 -174.82 0.0466565 0.99881 0.0142391 2.22065 0.995631 -0.0476528 0.0803 179.436
0.133306 0.00830916 -0.99104 -175.42 0.0399637 0.999106 0.0137524 2.22351 0.990269 -0.0414389 0.132855 179.529
0.189804 0.00683835 -0.981798 -175.998 0.0358288 0.999261 0.0138865 2.22413 0.981168 -0.0378124 0.189419 179.656
0.247044 0.00318481 -0.968999 -176.547 0.0390651 0.999149 0.0132434 2.21928 0.968217 -0.0411257 0.246709 179.834
0.305022 -0.00273771 -0.952341 -177.085 0.0397289 0.999162 0.00985233 2.21073 0.951516 -0.0408406 0.304875 180.044
0.364148 -0.0099005 -0.931288 -177.603 0.0384246 0.999252 0.00440161 2.20414 0.930548 -0.0373872 0.364256 180.281
0.424355 -0.0138335 -0.90539 -178.116 0.0339484 0.999423 0.000641361 2.18585 0.904859 -0.0310087 0.42458 180.532
0.481208 -0.0162193 -0.876456 -178.614 0.0338157 0.999428 7.11055e-05 2.1862 0.875954 -0.0296722 0.481481 180.838
0.535817 -0.0177655 -0.844147 -179.096 0.0390243 0.999231 0.00374104 2.19125 0.843432 -0.0349468 0.536098 181.196
0.588711 -0.0170592 -0.808164 -179.563 0.0434222 0.999001 0.0105436 2.19138 0.807176 -0.0412994 0.588864 181.586
0.63782 -0.0121391 -0.77009 -180.022 0.0410286 0.998992 0.0182342 2.1937 0.769092 -0.0432258 0.637675 182.006
0.682295 -0.00733138 -0.731041 -180.451 0.0358134 0.999084 0.0234058 2.19542 0.7302 -0.0421507 0.681932 182.443
0.723017 -0.00579798 -0.690806 -180.849 0.0330548 0.99911 0.0262106 2.18933 0.690039 -0.0417852 0.722565 182.904
0.759649 -0.00692955 -0.650296 -181.238 0.0322322 0.999115 0.0270057 2.19956 0.649534 -0.0414754 0.759201 183.401
0.791946 -0.00933992 -0.61052 -181.599 0.0322856 0.999125 0.0265949 2.21507 0.609737 -0.0407727 0.791554 183.917
0.820056 -0.0101321 -0.572194 -181.947 0.0315023 0.999126 0.0274565 2.22995 0.571416 -0.0405413 0.819659 184.463
0.844553 -0.00790539 -0.535414 -182.292 0.0289138 0.999106 0.0308563 2.24948 0.534691 -0.0415406 0.844026 185.041
0.865572 -0.00419863 -0.500767 -182.628 0.0258116 0.99901 0.0362391 2.26249 0.500119 -0.0442932 0.864823 185.641
0.883217 -0.00338917 -0.468952 -182.938 0.0259249 0.998798 0.0416083 2.27398 0.468247 -0.0489067 0.882243 186.255
0.897082 -0.00719142 -0.441806 -183.231 0.0288526 0.998687 0.0423289 2.29205 0.440922 -0.0507197 0.896111 186.898
0.907802 -0.011398 -0.419245 -183.519 0.0319602 0.998604 0.0420553 2.31725 0.41818 -0.051577 0.906899 187.559
0.915862 -0.0158061 -0.401182 -183.808 0.0349007 0.998577 0.0403325 2.34679 0.399973 -0.0509405 0.91511 188.257
0.921297 -0.0206407 -0.388312 -184.093 0.0380979 0.998577 0.0373106 2.37379 0.386989 -0.0491679 0.920773 188.948
0.92454 -0.0244715 -0.380298 -184.377 0.0415342 0.998462 0.0367242 2.40088 0.378814 -0.0497483 0.924135 189.667
0.926605 -0.0258505 -0.375147 -184.672 0.0428538 0.998394 0.037051 2.42748 0.373587 -0.0504081 0.926225 190.407
0.927812 -0.0247977 -0.372223 -184.977 0.0423287 0.998342 0.0389993 2.46106 0.370639 -0.0519397 0.927324 191.158
0.928454 -0.023049 -0.370732 -185.29 0.0415114 0.998259 0.0418971 2.48691 0.369121 -0.0542891 0.927794 191.925
