1 0.00010275 0.000175783 -0.00680633 -0.000102762 1 7.06148e-05 -0.000648708 -0.000175776 -7.06329e-05 1 0.389588
1 -0.000298971 0.000151651 -0.0127368 0.000298934 1 0.000247535 -0.00389441 -0.000151725 -0.000247489 1 0.773445
1 -0.000399113 0.000506939 -0.0186193 0.000399001 1 0.000221095 -0.0144618 -0.000507027 -0.000220892 1 1.15045
1 -0.000528156 0.000458308 -0.0193217 0.000528045 1 0.00024224 -0.0185659 -0.000458436 -0.000241998 1 1.52188
0.999999 -0.000804563 0.000783401 -0.0236166 0.00080425 1 0.000399584 -0.0220595 -0.000783723 -0.000398954 1 1.90028
0.999999 -0.00121676 0.00098143 -0.0251769 0.00121641 0.999999 0.000357905 -0.0310468 -0.000981865 -0.000356711 0.999999 2.26792
0.999999 -0.00112822 0.00107301 -0.0320477 0.00112769 0.999999 0.000495267 -0.0406594 -0.00107357 -0.000494057 0.999999 2.62798
0.999999 -0.00115127 0.000722596 -0.0331273 0.00115084 0.999999 0.000589426 -0.0435597 -0.000723274 -0.000588594 1 2.99346
0.999999 -0.00121337 0.000609312 -0.0377576 0.00121273 0.999999 0.00104322 -0.0547859 -0.000610577 -0.00104248 0.999999 3.35137
0.999999 -0.00165948 0.000245353 -0.037135 0.00165923 0.999998 0.00101069 -0.0552035 -0.000247029 -0.00101028 0.999999 3.70113
0.999998 -0.00175434 -0.00014874 -0.0332452 0.00175451 0.999998 0.00118005 -0.0647347 0.00014667 -0.00118031 0.999999 4.05858
0.999998 -0.00177064 -0.000210881 -0.0418404 0.00177084 0.999998 0.000946367 -0.0614328 0.000209205 -0.000946738 1 4.41006
0.999998 -0.00213153 -0.0003639 -0.0464674 0.00213185 0.999997 0.000879801 -0.0708621 0.000362024 -0.000880574 1 4.75298
0.999998 -0.0020756 -0.000532744 -0.0476069 0.00207588 0.999998 0.000527332 -0.0752819 0.000531648 -0.000528437 1 5.08078
0.999997 -0.00226017 -0.000838744 -0.0500451 0.00226072 0.999997 0.000645197 -0.0834359 0.000837284 -0.000647091 0.999999 5.41725
0.999998 -0.00184842 -0.00111351 -0.0542246 0.00184954 0.999998 0.00100478 -0.0934273 0.00111165 -0.00100684 0.999999 5.74112
0.999998 -0.00151045 -0.00116264 -0.0602268 0.00151155 0.999998 0.000948601 -0.090797 0.00116121 -0.000950357 0.999999 6.06412
0.999998 -0.00163229 -0.00138576 -0.0636875 0.00163363 0.999998 0.000962988 -0.0929715 0.00138418 -0.00096525 0.999999 6.39002
0.999997 -0.00193775 -0.00170798 -0.0637797 0.0019396 0.999998 0.00107849 -0.100953 0.00170589 -0.0010818 0.999998 6.71475
0.999995 -0.00243989 -0.00179934 -0.0710372 0.00244192 0.999996 0.0011286 -0.104748 0.00179657 -0.00113299 0.999998 7.0363
0.999995 -0.00252701 -0.00185235 -0.0773573 0.00252924 0.999996 0.00120261 -0.109619 0.00184931 -0.00120729 0.999998 7.34937
0.999995 -0.00265258 -0.00173168 -0.084643 0.00265522 0.999995 0.00152675 -0.121504 0.00172762 -0.00153134 0.999997 7.65859
0.999996 -0.00248491 -0.00147393 -0.0907197 0.00248731 0.999996 0.00162621 -0.131119 0.00146989 -0.00162987 0.999998 7.95896
0.999996 -0.00243784 -0.00156667 -0.0945726 0.00244044 0.999996 0.00165763 -0.131532 0.00156262 -0.00166144 0.999997 8.26936
0.999996 -0.00216532 -0.00168385 -0.0932554 0.00216878 0.999996 0.00205933 -0.136239 0.00167938 -0.00206298 0.999996 8.5823
0.999996 -0.00225883 -0.00178418 -0.0951859 0.00226279 0.999995 0.00222322 -0.146474 0.00177915 -0.00222725 0.999996 8.88539
0.999997 -0.00175501 -0.00189211 -0.100012 0.00175906 0.999996 0.00213959 -0.154056 0.00188835 -0.00214292 0.999996 9.17471
0.999997 -0.00173938 -0.0017341 -0.104777 0.00174411 0.999995 0.00272777 -0.1575 0.00172935 -0.00273078 0.999995 9.46776
0.999997 -0.00199739 -0.00165212 -0.110006 0.00200208 0.999994 0.00284051 -0.159494 0.00164643 -0.00284381 0.999995 9.76293
0.999997 -0.00221017 -0.00105153 -0.119945 0.00221323 0.999993 0.00291426 -0.17382 0.00104508 -0.00291658 0.999995 10.0275
0.999997 -0.0023629 -0.000456115 -0.124255 0.00236425 0.999993 0.00299127 -0.186707 0.000449043 -0.00299234 0.999995 10.2925
0.999998 -0.00186452 -0.000442771 -0.125566 0.00186585 0.999994 0.00300953 -0.187483 0.000437157 -0.00301035 0.999995 10.5637
0.999999 -0.00141423 -0.000180483 -0.127627 0.00141476 0.999995 0.0029866 -0.193072 0.000176259 -0.00298685 0.999996 10.8387
0.999999 -0.00105815 -0.000120502 -0.13522 0.00105836 0.999998 0.00172546 -0.192163 0.000118676 -0.00172559 0.999999 11.1218
1 -0.00095721 -7.25185e-05 -0.138072 0.00095724 0.999999 0.000407749 -0.189423 7.21282e-05 -0.000407818 1 11.3986
0.999999 -0.00112605 0.000336023 -0.148865 0.00112592 0.999999 0.000373179 -0.19719 -0.000336443 -0.000372801 1 11.6782
0.999999 -0.00120321 0.000210377 -0.151964 0.00120311 0.999999 0.000481309 -0.201577 -0.000210956 -0.000481056 1 11.9734
0.999999 -0.00115173 0.000179877 -0.153446 0.00115165 0.999999 0.000436318 -0.203104 -0.00018038 -0.00043611 1 12.2768
0.999999 -0.00119163 -0.000104685 -0.15332 0.00119169 0.999999 0.000555278 -0.213233 0.000104024 -0.000555403 1 12.5925
0.999999 -0.0010457 -0.000113646 -0.162387 0.00104576 0.999999 0.000521486 -0.218898 0.000113101 -0.000521605 1 12.9107
0.999999 -0.00125287 -0.000843815 -0.168205 0.00125315 0.999999 0.000330303 -0.226874 0.0008434 -0.00033136 1 13.2272
0.999998 -0.00100898 -0.00168953 -0.174761 0.00100938 0.999999 0.000234141 -0.230871 0.00168929 -0.000235846 0.999999 13.555
0.999998 -0.000640445 -0.00207382 -0.177106 0.000640056 1 -0.000188287 -0.230064 0.00207394 0.000186959 0.999998 13.92
0.999996 -0.000857233 -0.00267842 -0.18238 0.000855978 1 -0.000469925 -0.236828 0.00267882 0.00046763 0.999996 14.2797
0.999993 -0.000856915 -0.00363413 -0.181394 0.000855058 1 -0.000512572 -0.246914 0.00363456 0.000509462 0.999993 14.6496
0.999992 -0.000749065 -0.0038864 -0.194563 0.000746499 1 -0.000661726 -0.252995 0.00388689 0.000658819 0.999992 15.0484
0.999989 -0.000584317 -0.00470764 -0.200567 0.000581414 1 -0.000617983 -0.262388 0.004708 0.000615239 0.999989 15.4515
0.999987 -0.000760809 -0.00497527 -0.209107 0.00075837 1 -0.000491965 -0.266899 0.00497564 0.000488186 0.999988 15.8698
0.999987 -0.00088551 -0.00502305 -0.214226 0.000882602 0.999999 -0.000580973 -0.268184 0.00502356 0.000576532 0.999987 16.3205
0.999987 -0.00097803 -0.00494568 -0.223841 0.000975535 0.999999 -0.000506859 -0.270508 0.00494618 0.000502028 0.999988 16.7761
0.999987 -0.000628003 -0.0050509 -0.234893 0.000625813 1 -0.000435107 -0.274501 0.00505118 0.00043194 0.999987 17.2395
0.999986 -0.000920346 -0.00524377 -0.241812 0.000917823 0.999999 -0.00048358 -0.287014 0.00524422 0.00047876 0.999986 17.7115
0.999986 -0.000928207 -0.00519379 -0.245019 0.00092574 0.999999 -0.000477308 -0.293636 0.00519423 0.000472493 0.999986 18.2097
0.999986 -0.00143713 -0.00501896 -0.252469 0.00143345 0.999999 -0.000735649 -0.299018 0.00502001 0.000728445 0.999987 18.722
0.999986 -0.00180301 -0.00488216 -0.26063 0.0017995 0.999998 -0.000723162 -0.299844 0.00488346 0.000714367 0.999988 19.2615
0.999986 -0.00122675 -0.00512265 -0.270494 0.00122085 0.999999 -0.0011559 -0.296755 0.00512406 0.00114963 0.999986 19.8164
0.999988 -0.00152012 -0.00462217 -0.307669 0.00151567 0.999998 -0.000964925 -0.313805 0.00462363 0.000957908 0.999989 20.3337
0.999988 -0.00172234 -0.00460204 -0.307289 0.00171759 0.999998 -0.00103573 -0.326193 0.00460381 0.00102781 0.999989 20.9068
0.999988 -0.00183476 -0.00454513 -0.31797 0.00183135 0.999998 -0.000753937 -0.330716 0.0045465 0.000745604 0.999989 21.5091
0.999985 -0.00211771 -0.00495789 -0.324009 0.00211714 0.999998 -0.000121015 -0.337752 0.00495813 0.000110517 0.999988 22.1094
0.999987 -0.0017762 -0.00486297 -0.329039 0.0017737 0.999998 -0.000517718 -0.334001 0.00486389 0.000509086 0.999988 22.7185
0.999988 -0.00168205 -0.00463551 -0.337279 0.00167981 0.999998 -0.00048665 -0.336204 0.00463632 0.000478857 0.999989 23.3408
0.999987 -0.00132398 -0.00485229 -0.341344 0.00132966 0.999998 0.00116778 -0.342947 0.00485074 -0.00117422 0.999988 23.9799
0.999987 -0.00206134 -0.00475928 -0.351786 0.00207766 0.999992 0.00342633 -0.35145 0.00475218 -0.00343617 0.999983 24.623
0.999988 -0.00235725 -0.00428392 -0.380011 0.00238144 0.999981 0.00564902 -0.359413 0.00427052 -0.00565915 0.999975 25.2524
0.999986 -0.00237837 -0.00467714 -0.390261 0.00241128 0.999972 0.00704302 -0.359371 0.00466026 -0.0070542 0.999964 25.9055
0.999984 -0.00199274 -0.0052223 -0.394901 0.00203525 0.999965 0.00814748 -0.362101 0.00520588 -0.00815798 0.999953 26.5598
0.999986 -0.002004 -0.00499671 -0.409265 0.00204586 0.999963 0.00838571 -0.365241 0.00497972 -0.00839581 0.999952 27.2068
0.999984 -0.00201078 -0.00526269 -0.417206 0.00205553 0.999962 0.00851208 -0.369875 0.00524537 -0.00852276 0.99995 27.8671
0.999983 -0.00213548 -0.00543366 -0.43136 0.00218192 0.999961 0.00855625 -0.376167 0.00541517 -0.00856796 0.999949 28.5055
0.999982 -0.0024818 -0.00545558 -0.442054 0.002528 0.999961 0.00847759 -0.373445 0.00543432 -0.00849123 0.999949 29.1555
0.999981 -0.00217108 -0.00572865 -0.452132 0.00222018 0.999961 0.00857858 -0.37502 0.0057098 -0.00859113 0.999947 29.792
0.999981 -0.00196611 -0.00587638 -0.462143 0.00201568 0.999962 0.00844006 -0.371578 0.00585957 -0.00845175 0.999947 30.4546
0.99998 -0.00190664 -0.00595019 -0.473132 0.00195721 0.999962 0.00850487 -0.379503 0.00593375 -0.00851635 0.999946 31.0858
0.999979 -0.00209096 -0.00616102 -0.480916 0.00214239 0.999963 0.00835318 -0.376037 0.00614332 -0.0083662 0.999946 31.7326
0.999974 -0.00182098 -0.00696085 -0.486645 0.00188256 0.999959 0.0088509 -0.383408 0.00694445 -0.00886378 0.999937 32.361
0.999973 -0.00200222 -0.00701937 -0.491547 0.00206675 0.999956 0.00919726 -0.393366 0.00700064 -0.00921152 0.999933 32.9951
0.999975 -0.00193702 -0.00674173 -0.510603 0.00199799 0.999957 0.00904932 -0.397222 0.00672392 -0.00906257 0.999936 33.6323
0.999974 -0.00172976 -0.00698667 -0.511965 0.00179442 0.999956 0.00925934 -0.395055 0.00697035 -0.00927164 0.999933 34.2726
0.99997 -0.00211926 -0.00746017 -0.53345 0.00218948 0.999953 0.00941664 -0.39945 0.00743986 -0.00943269 0.999928 34.8747
0.999971 -0.0028015 -0.00708306 -0.562615 0.00286139 0.99996 0.00845934 -0.401079 0.00705908 -0.00847936 0.999939 35.4741
0.999969 -0.00303534 -0.0072028 -0.571804 0.00309644 0.999959 0.00848767 -0.410816 0.00717674 -0.00850972 0.999938 36.0871
0.999968 -0.00303469 -0.00734488 -0.589194 0.00309236 0.999964 0.00785257 -0.409229 0.00732079 -0.00787503 0.999942 36.6892
0.999965 -0.00342135 -0.00759049 -0.597396 0.00347707 0.999967 0.00733995 -0.419146 0.00756513 -0.00736609 0.999944 37.2958
0.999969 -0.00273587 -0.00738503 -0.609812 0.0027885 0.999971 0.00712527 -0.422117 0.00736532 -0.00714564 0.999947 37.8883
0.999973 -0.00235709 -0.00703023 -0.625396 0.00240858 0.99997 0.00732506 -0.426336 0.00701276 -0.0073418 0.999948 38.496
0.999975 -0.00222026 -0.00675894 -0.637894 0.00226982 0.999971 0.00733421 -0.426432 0.00674246 -0.00734936 0.99995 39.0961
0.999977 -0.00260697 -0.00619384 -0.647079 0.00265109 0.999971 0.00712496 -0.430627 0.00617508 -0.00714122 0.999955 39.6948
0.999979 -0.00188761 -0.00622889 -0.653165 0.00193183 0.999973 0.00710213 -0.433155 0.00621532 -0.00711401 0.999955 40.2791
0.999979 -0.00244181 -0.00601749 -0.660213 0.00248547 0.999971 0.00725792 -0.444469 0.00599959 -0.00727272 0.999956 40.8717
0.999981 -0.00224266 -0.00574742 -0.672581 0.00228633 0.999968 0.00760316 -0.455264 0.00573019 -0.00761616 0.999955 41.4457
0.999982 -0.00236622 -0.00556531 -0.678747 0.00240907 0.999967 0.00770561 -0.454113 0.0055469 -0.00771887 0.999955 42.0397
0.999982 -0.00217621 -0.00553149 -0.682849 0.00221982 0.999966 0.00789043 -0.452417 0.00551413 -0.00790257 0.999954 42.6471
0.999986 -0.00195725 -0.00481628 -0.705651 0.00199565 0.999966 0.00798018 -0.447957 0.0048005 -0.00798968 0.999957 43.2257
0.999989 -0.00169707 -0.00443631 -0.715088 0.00173289 0.999966 0.00808248 -0.455993 0.00442245 -0.00809008 0.999957 43.7979
0.999988 -0.0021081 -0.00431482 -0.720209 0.00214332 0.999964 0.00817415 -0.459332 0.00429743 -0.0081833 0.999957 44.3777
0.999988 -0.00208099 -0.00437332 -0.725789 0.00211634 0.999965 0.00809454 -0.461867 0.00435632 -0.0081037 0.999958 44.9471
0.999989 -0.00179929 -0.00440943 -0.731537 0.00183408 0.999967 0.00789907 -0.469119 0.00439507 -0.00790707 0.999959 45.5001
0.99999 -0.00163641 -0.00414268 -0.74187 0.00167035 0.999965 0.00820216 -0.474175 0.00412911 -0.00820899 0.999958 46.0718
0.999989 -0.00187741 -0.00419497 -0.742912 0.00191203 0.999964 0.008263 -0.471689 0.00417931 -0.00827093 0.999957 46.6406
0.999987 -0.00221898 -0.00458673 -0.743719 0.00225755 0.999962 0.00842259 -0.471466 0.00456786 -0.00843284 0.999954 47.2033
0.999986 -0.00290008 -0.00433181 -0.755984 0.00293672 0.99996 0.00847693 -0.474966 0.00430706 -0.00848953 0.999955 47.7652
0.999983 -0.00356502 -0.00468377 -0.761567 0.00360625 0.999955 0.00882215 -0.477427 0.0046521 -0.00883888 0.99995 48.3217
0.999983 -0.00326213 -0.00493193 -0.765659 0.00330659 0.999954 0.00903322 -0.47638 0.00490223 -0.00904937 0.999947 48.889
0.999982 -0.00303436 -0.00512021 -0.77875 0.00308017 0.999955 0.00896185 -0.478101 0.00509279 -0.00897746 0.999947 49.4455
0.999981 -0.00327502 -0.00523463 -0.788262 0.00332119 0.999955 0.00883521 -0.482166 0.00520546 -0.00885242 0.999947 49.9949
0.999975 -0.00391142 -0.00592448 -0.796298 0.00396829 0.999946 0.00961832 -0.490847 0.00588654 -0.00964159 0.999936 50.5382
0.99997 -0.00387967 -0.00673848 -0.806688 0.00394827 0.99994 0.0101974 -0.492695 0.00669851 -0.0102237 0.999925 51.0792
0.999965 -0.00401912 -0.00731134 -0.819325 0.00409324 0.99994 0.0101508 -0.495622 0.00727011 -0.0101803 0.999922 51.6246
0.999961 -0.00411564 -0.00783387 -0.833255 0.00419631 0.999938 0.0103093 -0.498494 0.00779096 -0.0103418 0.999916 52.1621
0.999956 -0.00374856 -0.00862983 -0.844355 0.00383805 0.999939 0.0103769 -0.502771 0.0085904 -0.0104096 0.999909 52.6948
0.999944 -0.00388135 -0.00981274 -0.847967 0.00398983 0.999931 0.0110592 -0.509742 0.00976913 -0.0110978 0.999891 53.2219
0.999935 -0.00393816 -0.0107456 -0.857559 0.00406164 0.999926 0.0114937 -0.510377 0.0106995 -0.0115366 0.999876 53.7446
0.999923 -0.00444903 -0.011551 -0.861497 0.00457787 0.999927 0.0111512 -0.511123 0.0115006 -0.0112033 0.999871 54.2796
0.999915 -0.0040426 -0.0123978 -0.871284 0.00418093 0.999929 0.0111526 -0.512285 0.0123518 -0.0112035 0.999861 54.8008
0.999902 -0.00385214 -0.013449 -0.881769 0.00400449 0.999928 0.011319 -0.512858 0.0134044 -0.0113717 0.999845 55.3158
0.999891 -0.00390111 -0.0142735 -0.892048 0.00406424 0.999927 0.0114175 -0.512549 0.0142279 -0.0114743 0.999833 55.8328
0.999884 -0.00378304 -0.0147203 -0.906916 0.00395383 0.999925 0.011591 -0.519182 0.0146753 -0.0116478 0.999824 56.337
0.999875 -0.00332381 -0.0154354 -0.921952 0.00350535 0.999925 0.0117493 -0.516816 0.0153952 -0.0118019 0.999812 56.8516
0.999859 -0.00282673 -0.0165625 -0.920595 0.00302575 0.999923 0.012004 -0.530677 0.0165273 -0.0120524 0.999791 57.3606
0.999846 -0.00263916 -0.017366 -0.933343 0.00285146 0.999921 0.0122117 -0.530921 0.0173324 -0.0122593 0.999775 57.856
0.999833 -0.00233138 -0.0181523 -0.9448 0.00255947 0.999918 0.012552 -0.535017 0.0181216 -0.0125964 0.999756 58.3446
0.999823 -0.00264728 -0.0186021 -0.960731 0.00288916 0.999911 0.0129879 -0.536159 0.0185661 -0.0130393 0.999743 58.829
0.999818 -0.0021302 -0.0189462 -0.976393 0.00238882 0.999904 0.0136384 -0.538785 0.0189153 -0.0136812 0.999727 59.3091
0.999807 -0.00159281 -0.0195771 -0.983405 0.00186207 0.999904 0.013743 -0.545036 0.0195533 -0.0137768 0.999714 59.782
0.999806 -0.00118293 -0.0196814 -0.996472 0.00144631 0.99991 0.0133735 -0.549409 0.0196638 -0.0133994 0.999717 60.2532
0.999805 -0.00181486 -0.0196765 -1.00476 0.00207849 0.999908 0.0133858 -0.547745 0.0196504 -0.0134241 0.999717 60.716
0.999809 -0.002162 -0.0194333 -1.02021 0.0024267 0.999904 0.0136076 -0.541309 0.019402 -0.0136521 0.999719 61.1877
0.999809 -0.00118336 -0.019516 -1.03363 0.00144725 0.999908 0.013513 -0.543513 0.0194982 -0.0135386 0.999718 61.6426
0.999811 -0.000687688 -0.0194503 -1.04723 0.00095112 0.999908 0.0135378 -0.547157 0.0194392 -0.0135538 0.999719 62.0913
0.99982 -0.000521597 -0.0189477 -1.06317 0.000777808 0.999908 0.0135171 -0.551133 0.0189389 -0.0135295 0.999729 62.5352
0.999824 -0.000564531 -0.018775 -1.07248 0.000820017 0.999907 0.0136028 -0.553192 0.0187656 -0.0136158 0.999731 62.976
0.999824 -0.000663237 -0.0187653 -1.08815 0.000923054 0.999904 0.0138403 -0.552826 0.0187543 -0.0138552 0.999728 63.4172
0.999825 -0.000308517 -0.0187079 -1.0973 0.000569366 0.999903 0.0139395 -0.559568 0.0187018 -0.0139477 0.999728 63.8431
0.999823 -0.000132101 -0.0188277 -1.11083 0.000396438 0.999901 0.0140368 -0.55369 0.018824 -0.0140418 0.999724 64.2865
0.999822 5.12876e-05 -0.0188843 -1.12216 0.000212909 0.999902 0.013988 -0.552775 0.0188832 -0.0139895 0.999724 64.7148
0.99982 0.000188751 -0.0189878 -1.13769 6.60149e-05 0.99991 0.0134158 -0.554522 0.0189887 -0.0134146 0.99973 65.1419
0.999819 1.81989e-05 -0.0190167 -1.15357 0.00023378 0.999912 0.0132481 -0.557246 0.0190152 -0.0132501 0.999731 65.5539
0.999816 0.000193315 -0.0191807 -1.1687 6.56102e-05 0.999909 0.0134977 -0.552824 0.0191816 -0.0134964 0.999725 65.9709
0.999812 0.000421347 -0.0193781 -1.17867 -0.000155928 0.999906 0.0136963 -0.555255 0.019382 -0.0136907 0.999718 66.3842
0.999811 0.000542573 -0.0194584 -1.19015 -0.000276583 0.999907 0.0136698 -0.560093 0.019464 -0.0136618 0.999717 66.783
0.999807 0.000688084 -0.0196488 -1.20394 -0.000422538 0.999909 0.0135155 -0.556405 0.0196563 -0.0135046 0.999716 67.1855
0.999803 0.00065081 -0.0198181 -1.21723 -0.000378109 0.999905 0.0137608 -0.564251 0.0198252 -0.0137506 0.999709 67.583
0.999797 0.000951848 -0.0201502 -1.2306 -0.000687975 0.999914 0.0130982 -0.564363 0.0201609 -0.0130817 0.999711 67.9778
0.999797 0.000802098 -0.0201399 -1.24248 -0.000542196 0.999917 0.012907 -0.565679 0.0201485 -0.0128934 0.999714 68.3678
0.9998 0.000848974 -0.0199976 -1.25565 -0.000589368 0.999916 0.0129842 -0.568192 0.0200069 -0.0129698 0.999716 68.7559
0.999806 0.00105689 -0.0196814 -1.26788 -0.000802142 0.999916 0.012947 -0.571 0.0196934 -0.0129287 0.999722 69.1436
0.99981 0.00105615 -0.0194674 -1.27748 -0.000801698 0.999914 0.0130737 -0.57153 0.0194795 -0.0130557 0.999725 69.5359
0.99981 0.000849303 -0.0194817 -1.28736 -0.000596101 0.999915 0.012999 -0.575316 0.0194911 -0.0129849 0.999726 69.9369
0.999811 0.000703169 -0.0194198 -1.29646 -0.00045394 0.999918 0.0128352 -0.577978 0.0194272 -0.0128239 0.999729 70.3283
0.999814 0.000422658 -0.0192991 -1.30699 -0.00017589 0.999918 0.0127864 -0.579497 0.0193029 -0.0127806 0.999732 70.7409
0.999819 -3.44034e-06 -0.0190185 -1.3224 0.000245669 0.999919 0.0127341 -0.584175 0.0190169 -0.0127365 0.999738 71.1433
0.999822 -2.47168e-05 -0.0188755 -1.33218 0.000266155 0.999918 0.0127887 -0.585622 0.0188736 -0.0127914 0.99974 71.5428
0.999822 0.000239864 -0.0188675 -1.34641 2.80016e-06 0.999917 0.0128604 -0.589519 0.018869 -0.0128582 0.999739 71.9444
0.999827 0.000124088 -0.0185944 -1.35864 9.04163e-05 0.999933 0.0115347 -0.584892 0.0185946 -0.0115344 0.999761 72.359
0.999834 -0.000693464 -0.0182101 -1.37125 0.000878594 0.999948 0.0101603 -0.593999 0.0182021 -0.0101747 0.999783 72.7858
0.999856 -0.000929983 -0.0169322 -1.38328 0.00108328 0.999958 0.0090465 -0.60451 0.0169231 -0.00906354 0.999816 73.1742
0.999885 -0.000713218 -0.0151393 -1.39791 0.000852142 0.999958 0.00917195 -0.617134 0.0151321 -0.0091838 0.999843 73.6045
0.999913 0.000414208 -0.0131757 -1.40545 -0.000281531 0.999949 0.0100701 -0.612625 0.0131792 -0.0100655 0.999862 74.0662
0.999944 0.00129591 -0.0105404 -1.41344 -0.00117704 0.999936 0.0112759 -0.614821 0.0105543 -0.0112629 0.999881 74.4845
0.999973 0.00229865 -0.00693846 -1.41668 -0.00221966 0.999933 0.0113712 -0.615994 0.00696414 -0.0113555 0.999911 74.9477
0.999996 0.00196895 -0.00192325 -1.42055 -0.00194658 0.999931 0.011566 -0.621807 0.00194589 -0.0115622 0.999931 75.4147
0.999994 0.00061644 0.00342024 -1.41798 -0.000659468 0.99992 0.0125936 -0.626005 -0.0034122 -0.0125958 0.999915 75.8994
0.999965 -0.000309007 0.00841543 -1.4021 0.000198553 0.999914 0.0131228 -0.627206 -0.00841876 -0.0131206 0.999878 76.375
0.999896 1.93494e-05 0.0144365 -1.4001 -0.000205418 0.999917 0.0128874 -0.624632 -0.014435 -0.0128891 0.999813 76.8854
0.999799 0.000288975 0.0200354 -1.39019 -0.000525324 0.99993 0.0117923 -0.626521 -0.0200306 -0.0118005 0.99973 77.4127
0.99966 0.00102348 0.0260443 -1.37584 -0.00129097 0.999947 0.010256 -0.626548 -0.0260324 -0.0102861 0.999608 77.9375
0.999493 0.00151802 0.0317975 -1.3641 -0.00184239 0.999947 0.0101744 -0.62074 -0.0317803 -0.0102279 0.999443 78.5016
0.999295 6.75266e-05 0.0375423 -1.33009 -0.000500442 0.999933 0.0115221 -0.614135 -0.037539 -0.0115328 0.999229 79.0873
0.999056 0.000106367 0.0434312 -1.30431 -0.000641437 0.999924 0.0123062 -0.61244 -0.0434266 -0.0123225 0.998981 79.6667
0.998786 0.000717562 0.0492451 -1.27259 -0.00131852 0.999925 0.012172 -0.606642 -0.0492327 -0.0122222 0.998713 80.2665
0.998483 0.00110158 0.0550431 -1.23881 -0.00176002 0.999927 0.0119154 -0.591077 -0.0550259 -0.0119942 0.998413 80.8742
0.998114 0.000664441 0.061387 -1.20076 -0.00139456 0.999929 0.0118516 -0.596964 -0.0613747 -0.0119149 0.998044 81.4976
0.99771 0.000313054 0.0676367 -1.16013 -0.00117159 0.999919 0.012654 -0.594364 -0.0676273 -0.0127043 0.99763 82.1335
0.997326 0.000487708 0.0730821 -1.10876 -0.00144474 0.999914 0.013043 -0.588004 -0.0730695 -0.0131138 0.997241 82.7892
0.996855 0.000446779 0.0792493 -1.05944 -0.00146102 0.999918 0.0127406 -0.582685 -0.0792371 -0.0128163 0.996773 83.4523
0.996367 -1.46253e-07 0.0851658 -0.998471 -0.00108167 0.999919 0.0126564 -0.57779 -0.085159 -0.0127025 0.996286 84.1315
0.995871 0.000119869 0.0907746 -0.940602 -0.00131273 0.999914 0.0130813 -0.570339 -0.0907651 -0.0131465 0.995786 84.8157
0.995342 -0.000271951 0.0964026 -0.871759 -0.00106104 0.999905 0.0137758 -0.567244 -0.0963971 -0.013814 0.995247 85.5111
0.994744 8.24112e-05 0.102389 -0.805328 -0.00156347 0.999895 0.0143848 -0.567793 -0.102378 -0.0144693 0.99464 86.2221
0.994164 0.000373532 0.107876 -0.729096 -0.00198139 0.999889 0.0147978 -0.555494 -0.107859 -0.0149252 0.994054 86.9358
0.993582 -0.000216417 0.11311 -0.650911 -0.00146937 0.999889 0.0148203 -0.546583 -0.113101 -0.0148914 0.993472 87.6658
0.993094 -0.000661767 0.117315 -0.563346 -0.00110507 0.999887 0.0149949 -0.537657 -0.117312 -0.015021 0.992981 88.4131
0.992839 -0.00107164 0.119456 -0.473447 -0.000843617 0.999872 0.0159814 -0.536932 -0.119458 -0.0159678 0.992711 89.1602
0.992661 -0.00206614 0.120917 -0.38576 0.000137877 0.999873 0.0159533 -0.529413 -0.120934 -0.0158195 0.992534 89.9233
0.992622 -0.00196873 0.121235 -0.284185 7.03007e-05 0.999877 0.0156614 -0.52455 -0.121251 -0.0155373 0.9925 90.698
0.992654 -0.00159056 0.120975 -0.194129 -0.000235339 0.999886 0.0150773 -0.517556 -0.120986 -0.0149951 0.992541 91.4848
0.992733 -0.00184778 0.120322 -0.10353 8.95017e-05 0.999893 0.0146169 -0.512004 -0.120336 -0.0144999 0.992627 92.2794
0.992879 -0.00177861 0.119118 -0.0119105 5.40682e-05 0.999895 0.0144793 -0.510602 -0.119131 -0.0143697 0.992775 93.0899
0.993083 -0.00249886 0.117384 0.0806334 0.000857075 0.999901 0.0140348 -0.508051 -0.117407 -0.0138372 0.992987 93.9095
0.993279 -0.00263529 0.115712 0.172704 0.000951125 0.999893 0.0146077 -0.504047 -0.115738 -0.0143994 0.993175 94.7425
0.993571 -0.0028916 0.113174 0.256688 0.00122142 0.999889 0.0148241 -0.499369 -0.113204 -0.0145906 0.993465 95.5789
0.99397 -0.00338962 0.109598 0.344004 0.00176904 0.999888 0.0148805 -0.49651 -0.109636 -0.0145969 0.993865 96.4236
0.994415 -0.00279414 0.105502 0.423037 0.001139 0.999875 0.0157454 -0.491279 -0.105532 -0.0155373 0.994294 97.2707
0.994852 -0.00331975 0.101281 0.494498 0.00155569 0.999846 0.0174916 -0.49274 -0.101323 -0.017244 0.994704 98.1235
0.995275 -0.00401124 0.0970118 0.564918 0.00214831 0.999811 0.0193 -0.498051 -0.0970709 -0.0190004 0.995096 98.9835
0.995724 -0.00362823 0.0923026 0.635753 0.00179163 0.999799 0.0199727 -0.491146 -0.0923565 -0.0197219 0.995531 99.8421
0.996165 -0.00328186 0.0874321 0.69238 0.00148732 0.999787 0.0205822 -0.480216 -0.087481 -0.0203732 0.995958 100.69
0.996638 -0.00315874 0.0818661 0.759474 0.00143634 0.999777 0.0210896 -0.47597 -0.0819144 -0.0209012 0.99642 101.558
0.997057 -0.00256197 0.0766156 0.805672 0.00093764 0.999774 0.0212295 -0.468592 -0.0766527 -0.0210952 0.996835 102.395
0.997483 -0.00219379 0.0708753 0.858811 0.000703103 0.999778 0.0210506 -0.457485 -0.0709058 -0.0209477 0.997263 103.239
0.997873 -0.00146894 0.0651646 0.907087 0.000134625 0.99979 0.0204758 -0.448448 -0.065181 -0.0204235 0.997664 104.095
0.998214 -0.00131468 0.0597189 0.948643 0.0001021 0.999794 0.0203033 -0.445164 -0.0597333 -0.020261 0.998009 104.947
0.998525 -0.000554315 0.054294 0.975794 -0.000549734 0.999793 0.0203176 -0.434597 -0.054294 -0.0203175 0.998318 105.783
0.998804 -0.000565998 0.0488916 1.01071 -0.000430567 0.999792 0.0203702 -0.426821 -0.0488929 -0.0203669 0.998596 106.628
0.999045 0.000165371 0.043698 1.03207 -0.00107817 0.999782 0.0208661 -0.424991 -0.043685 -0.0208933 0.998827 107.458
0.99927 0.000347399 0.0381968 1.05637 -0.00115229 0.999778 0.0210521 -0.417962 -0.038181 -0.0210808 0.999048 108.299
0.999446 6.73915e-05 0.0332954 1.07134 -0.000753968 0.999787 0.0206086 -0.410276 -0.033287 -0.0206223 0.999233 109.123
0.9996 -5.94145e-05 0.0282772 1.08568 -0.000534956 0.999779 0.0210114 -0.404891 -0.0282722 -0.0210181 0.999379 109.948
0.999722 0.000196891 0.0235767 1.09495 -0.000689961 0.999781 0.0209071 -0.400316 -0.0235674 -0.0209176 0.999503 110.771
0.999816 0.000610906 0.019191 1.10302 -0.00101331 0.99978 0.0209654 -0.394239 -0.019174 -0.020981 0.999596 111.598
0.999876 0.00228711 0.0155933 1.10481 -0.00263375 0.999749 0.0222459 -0.391087 -0.0155385 -0.0222842 0.999631 112.416
0.999926 0.00187905 0.0120177 1.11453 -0.00214996 0.999743 0.0225688 -0.38987 -0.0119722 -0.022593 0.999673 113.231
0.999958 0.00241599 0.00889715 1.11389 -0.00262269 0.999725 0.0232938 -0.374327 -0.00883843 -0.0233161 0.999689 114.04
0.999974 0.00274707 0.006619 1.10193 -0.00290006 0.999726 0.0232152 -0.359259 -0.00655342 -0.0232338 0.999709 114.845
0.999988 0.00264182 0.00412957 1.10433 -0.00273592 0.999733 0.0229486 -0.364335 -0.00406784 -0.0229597 0.999728 115.643
0.999991 0.00351258 0.0023349 1.09879 -0.00356324 0.99975 0.0220594 -0.354558 -0.00225684 -0.0220675 0.999754 116.454
0.999992 0.00390448 0.00102808 1.094 -0.00392635 0.999746 0.0222095 -0.352361 -0.000941099 -0.0222133 0.999753 117.261
0.999995 0.00319135 -0.000396993 1.09014 -0.00318145 0.999734 0.0228491 -0.349882 0.000469807 -0.0228477 0.999739 118.078
0.999994 0.0030975 -0.00149733 1.06628 -0.00306231 0.999732 0.0229551 -0.34613 0.00156803 -0.0229504 0.999735 118.87
0.999992 0.00246596 -0.00300503 1.06459 -0.0023959 0.99973 0.0230978 -0.347706 0.00306117 -0.0230904 0.999729 119.698
0.999983 0.00407058 -0.00405494 1.04596 -0.00397469 0.999719 0.0233811 -0.33373 0.00414897 -0.0233646 0.999718 120.521
0.999977 0.0043247 -0.00516736 1.03409 -0.00420424 0.999724 0.0230991 -0.323339 0.00526584 -0.0230768 0.99972 121.348
0.999969 0.00450821 -0.00642522 1.02091 -0.00436064 0.999731 0.0227992 -0.31214 0.00652627 -0.0227704 0.999719 122.185
0.999958 0.00501082 -0.00768114 1.00596 -0.00483146 0.999719 0.0231947 -0.303274 0.00779521 -0.0231566 0.999701 123.028
0.999948 0.00530012 -0.00866214 0.989762 -0.00509919 0.999721 0.0230556 -0.289017 0.00878192 -0.0230103 0.999697 123.88
0.999928 0.00664021 -0.00994563 0.973379 -0.00640778 0.99971 0.0232225 -0.287069 0.0100969 -0.0231571 0.999681 124.747
0.999916 0.00613239 -0.0113856 0.962699 -0.00586104 0.999702 0.023715 -0.287501 0.0115276 -0.0236463 0.999654 125.616
0.999905 0.00588743 -0.012479 0.94089 -0.00558056 0.999685 0.0244848 -0.283207 0.0126193 -0.0244128 0.999622 126.499
0.999882 0.00664198 -0.013871 0.917103 -0.00630089 0.99968 0.0244907 -0.262931 0.0140292 -0.0244004 0.999604 127.392
0.999855 0.00715394 -0.0154222 0.896758 -0.00677125 0.999671 0.0247248 -0.243645 0.0155941 -0.0246168 0.999575 128.298
0.999814 0.00757139 -0.0177383 0.875532 -0.00712462 0.999659 0.0251159 -0.229616 0.0179224 -0.0249849 0.999527 129.213
0.999776 0.00668699 -0.0200942 0.85333 -0.00618077 0.999665 0.0251498 -0.217764 0.0202556 -0.02502 0.999482 130.13
0.999718 0.00820843 -0.0222881 0.822429 -0.00765283 0.999661 0.0249002 -0.191846 0.0224849 -0.0247226 0.999441 131.043
0.999667 0.00770558 -0.0246349 0.792134 -0.00710459 0.999677 0.024391 -0.183126 0.0248149 -0.0242078 0.999399 131.951
0.999612 0.0070086 -0.0269648 0.759534 -0.00634933 0.999681 0.0244576 -0.177372 0.0271276 -0.0242769 0.999337 132.885
0.999563 0.00748125 -0.0285994 0.717089 -0.00678384 0.999679 0.0244049 -0.161479 0.0287729 -0.0242002 0.999293 133.828
0.9995 0.00876346 -0.0303804 0.678082 -0.00803022 0.999676 0.0241736 -0.142295 0.0305824 -0.0239175 0.999246 134.778
0.99945 0.00895087 -0.0319199 0.638063 -0.0081626 0.999661 0.0247408 -0.129004 0.0321305 -0.0244667 0.999184 135.749
0.999396 0.00897753 -0.0335716 0.594594 -0.00813173 0.999648 0.0252462 -0.117192 0.0337865 -0.024958 0.999117 136.712
0.999325 0.00959013 -0.0354715 0.556495 -0.00868003 0.999631 0.0257228 -0.0973 0.0357051 -0.0253975 0.99904 137.69
0.999272 0.00921516 -0.037019 0.51014 -0.00824432 0.99962 0.0262932 -0.0866351 0.0372472 -0.0259688 0.998969 138.67
0.999199 0.00990858 -0.0387749 0.46038 -0.0088962 0.999617 0.0261954 -0.0659225 0.0390196 -0.0258294 0.998905 139.656
0.999142 0.00947231 -0.040322 0.409411 -0.00841412 0.999618 0.026333 -0.0572765 0.040556 -0.0259711 0.99884 140.645
0.999054 0.00917921 -0.0425077 0.362701 -0.008065 0.999621 0.0263097 -0.0409937 0.0427331 -0.025942 0.99875 141.639
0.998997 0.00859847 -0.0439425 0.307729 -0.00744227 0.999624 0.0264078 -0.0282339 0.044153 -0.0260543 0.998685 142.642
0.998912 0.00942038 -0.0456762 0.251366 -0.00818634 0.999598 0.0271295 -0.0101632 0.0459134 -0.026726 0.998588 143.639
0.998853 0.00875401 -0.0470735 0.198906 -0.00747668 0.999601 0.0272429 0.00260385 0.0472932 -0.0268597 0.99852 144.666
0.998794 0.00892097 -0.0482825 0.136856 -0.00756228 0.999572 0.0282503 0.0116955 0.0485139 -0.0278511 0.998434 145.674
0.998736 0.00844641 -0.0495434 0.0781199 -0.00701637 0.999556 0.0289676 0.0285734 0.049766 -0.0285834 0.998352 146.693
0.998665 0.00868885 -0.0509214 0.0235786 -0.00719762 0.999542 0.0293953 0.0493254 0.0511535 -0.0289896 0.99827 147.727
0.998636 0.00905409 -0.05142 -0.0382841 -0.00753299 0.99953 0.0296991 0.0698912 0.0516647 -0.0292712 0.998235 148.742
0.998619 0.0104897 -0.0514756 -0.10062 -0.00893561 0.9995 0.0303285 0.0872971 0.051768 -0.0298266 0.998214 149.753
0.998631 0.0106186 -0.0512101 -0.167897 -0.00906668 0.999495 0.030442 0.107336 0.0515075 -0.029936 0.998224 150.761
0.998638 0.0118114 -0.0508212 -0.234518 -0.0102897 0.999494 0.0301003 0.123209 0.051151 -0.0295364 0.998254 151.775
0.998657 0.0115312 -0.0505045 -0.300355 -0.0100562 0.999518 0.0293633 0.141225 0.0508188 -0.0288159 0.998292 152.781
0.99866 0.0122393 -0.0502805 -0.364161 -0.0108034 0.999529 0.0287309 0.160156 0.0506084 -0.0281492 0.998322 153.802
0.998667 0.0116088 -0.0502921 -0.420768 -0.0101676 0.999533 0.0288184 0.164996 0.0506032 -0.0282687 0.998319 154.824
0.998641 0.0134068 -0.0503643 -0.48211 -0.0119544 0.999507 0.0290291 0.178794 0.0507286 -0.0283875 0.998309 155.836
0.998643 0.013793 -0.0502268 -0.542982 -0.0123184 0.999487 0.0295498 0.193178 0.0506087 -0.028891 0.998301 156.852
0.998646 0.0141185 -0.0500741 -0.616692 -0.0126292 0.999472 0.0299345 0.202261 0.0504703 -0.0292616 0.998297 157.836
0.998656 0.0148349 -0.0496656 -0.682045 -0.0133435 0.999454 0.0302271 0.220711 0.0500869 -0.0295238 0.998308 158.838
0.998658 0.0155821 -0.0493934 -0.746693 -0.0140624 0.999422 0.0309659 0.236692 0.0498473 -0.0302298 0.998299 159.847
0.998668 0.0161846 -0.0489869 -0.818015 -0.0146823 0.999415 0.0308749 0.261769 0.0494579 -0.0301146 0.998322 160.838
0.998659 0.0172936 -0.0487987 -0.877294 -0.0158004 0.9994 0.0308205 0.277345 0.0493024 -0.0300081 0.998333 161.854
0.998655 0.017832 -0.0486822 -0.929569 -0.0163843 0.999416 0.0299774 0.297784 0.0491884 -0.0291395 0.998364 162.875
0.998683 0.0172618 -0.0483055 -0.992598 -0.0158388 0.999434 0.029689 0.312361 0.0487906 -0.0288848 0.998391 163.854
0.99868 0.0168565 -0.0485273 -1.04465 -0.0154326 0.999444 0.0295695 0.325138 0.0489987 -0.0287816 0.998384 164.858
0.998681 0.0173196 -0.0483345 -1.1019 -0.0158421 0.9994 0.0307854 0.343512 0.0488388 -0.0299791 0.998357 165.867
0.99871 0.0172091 -0.0477727 -1.16288 -0.0157159 0.999382 0.0314562 0.366411 0.0482845 -0.0306648 0.998363 166.876
0.998708 0.0179992 -0.0475297 -1.22293 -0.0165107 0.999367 0.0315254 0.379373 0.048067 -0.0306999 0.998372 167.875
0.9987 0.0186089 -0.047458 -1.28244 -0.0171382 0.999366 0.0312108 0.395365 0.0480087 -0.0303569 0.998386 168.862
0.998717 0.0187672 -0.0470358 -1.34155 -0.0172851 0.999347 0.0317224 0.415039 0.0476004 -0.0308687 0.998389 169.858
0.998702 0.0193802 -0.0470988 -1.39444 -0.0178386 0.999298 0.0329332 0.430426 0.047704 -0.0320503 0.998347 170.852
0.998686 0.0198509 -0.047242 -1.44599 -0.0182476 0.999251 0.0341304 0.444518 0.0478841 -0.0332235 0.9983 171.842
0.998634 0.0212889 -0.0477158 -1.49699 -0.0195994 0.999174 0.0356009 0.464254 0.0484343 -0.0346171 0.998226 172.836
0.998652 0.020674 -0.0476162 -1.56099 -0.0189125 0.999131 0.0371515 0.480642 0.0483429 -0.0362009 0.998175 173.799
0.998596 0.0236145 -0.0474259 -1.62582 -0.0218502 0.999062 0.0373812 0.519749 0.0482641 -0.0362924 0.998175 174.76
0.998564 0.0237962 -0.0480002 -1.67436 -0.0220197 0.999065 0.0372053 0.533961 0.0488406 -0.0360949 0.998154 175.709
0.998519 0.0251416 -0.0482493 -1.74099 -0.023393 0.999061 0.0364691 0.562508 0.0491209 -0.0352863 0.998169 176.627
0.998508 0.0254782 -0.0482876 -1.80589 -0.0237948 0.9991 0.0351227 0.594149 0.049139 -0.0339214 0.998216 177.552
0.998485 0.0258541 -0.0485735 -1.86394 -0.0241673 0.999095 0.0349998 0.60442 0.0494344 -0.0337729 0.998206 178.482
0.998487 0.02452 -0.0492185 -1.91625 -0.0228179 0.999132 0.0348503 0.615702 0.0500303 -0.0336745 0.99818 179.412
0.998451 0.0247641 -0.0498317 -1.97661 -0.0230825 0.999154 0.034043 0.639167 0.0506326 -0.03284 0.998177 180.314
0.998438 0.0243981 -0.0502661 -2.03576 -0.0227152 0.999171 0.0337838 0.656877 0.0510487 -0.0325893 0.998164 181.225
0.998397 0.0252113 -0.0506677 -2.09667 -0.0234773 0.999128 0.0345326 0.678937 0.0514941 -0.0332877 0.998118 182.127
0.998315 0.02639 -0.0516716 -2.14532 -0.0245607 0.99906 0.0357243 0.700653 0.0525658 -0.034395 0.998025 183.032
0.998268 0.0267662 -0.0523915 -2.19951 -0.0248457 0.999007 0.0369724 0.713896 0.0533291 -0.0356067 0.997942 183.92
0.998247 0.0270778 -0.0526342 -2.26507 -0.0251353 0.998991 0.037224 0.735055 0.053589 -0.0358357 0.99792 184.778
0.998245 0.0268097 -0.0527948 -2.32223 -0.0247891 0.998949 0.0385621 0.748369 0.0537731 -0.0371857 0.997861 185.636
0.998212 0.0274738 -0.0530825 -2.37637 -0.0254035 0.998905 0.0392895 0.765223 0.0541038 -0.0378708 0.997817 186.489
0.99821 0.0278828 -0.05291 -2.44932 -0.0258228 0.998897 0.0392263 0.780042 0.0539454 -0.0377898 0.997829 187.31
0.998175 0.0288178 -0.0530631 -2.50612 -0.0267899 0.998898 0.038539 0.805527 0.0541152 -0.0370471 0.997847 188.148
0.998145 0.0293498 -0.0533486 -2.56665 -0.0272905 0.998869 0.0389278 0.828407 0.0544308 -0.0373997 0.997817 188.977
0.998123 0.0295614 -0.0536313 -2.61532 -0.0274562 0.998839 0.039574 0.856696 0.0547389 -0.0380272 0.997776 189.837
0.998085 0.0301908 -0.0539888 -2.67336 -0.0280066 0.998776 0.0407668 0.871955 0.0551535 -0.0391767 0.997709 190.655
0.998093 0.0302464 -0.0538058 -2.75215 -0.0280708 0.998775 0.0407405 0.895085 0.0549721 -0.0391524 0.99772 191.437
0.998108 0.0294004 -0.054006 -2.82157 -0.0272187 0.998801 0.0406973 0.915972 0.0551377 -0.0391503 0.997711 192.225
0.998081 0.0303245 -0.0539796 -2.88397 -0.0281764 0.998797 0.0401205 0.939819 0.0551313 -0.0385226 0.997736 193.019
0.998087 0.0304454 -0.0538093 -2.93785 -0.0282815 0.998778 0.0405281 0.963302 0.0549775 -0.0389287 0.997728 193.832
0.998122 0.0306722 -0.0530237 -3.01869 -0.0284598 0.998713 0.041988 0.978458 0.0542433 -0.0404001 0.99771 194.589
0.998137 0.0310678 -0.0525038 -3.09219 -0.0288574 0.998686 0.0423453 1.00201 0.0537504 -0.0407513 0.997723 195.334
0.998199 0.0300919 -0.0518942 -3.16285 -0.0279037 0.998711 0.0423885 1.01758 0.0531029 -0.0408641 0.997753 196.064
0.998235 0.0297145 -0.0514283 -3.22783 -0.0275433 0.99872 0.0424239 1.02928 0.0526231 -0.0409325 0.997775 196.778
0.998255 0.0296053 -0.0510876 -3.28497 -0.027443 0.998719 0.0425194 1.04522 0.052281 -0.0410432 0.997789 197.473
0.998253 0.0304575 -0.0506219 -3.34486 -0.0283079 0.998689 0.0426525 1.0692 0.0518546 -0.041145 0.997807 198.16
0.998241 0.0308043 -0.0506523 -3.39693 -0.0286678 0.99869 0.0423797 1.08063 0.0518914 -0.0408531 0.997817 198.832
0.998261 0.0305612 -0.0504111 -3.45366 -0.0284675 0.998723 0.0417412 1.09499 0.0516224 -0.0402336 0.997856 199.503
0.998273 0.0304706 -0.0502223 -3.51189 -0.028434 0.998764 0.0407796 1.11509 0.0514028 -0.0392811 0.997905 200.167
0.998219 0.0323033 -0.0501617 -3.56044 -0.0302665 0.998707 0.0408475 1.12516 0.0514163 -0.0392565 0.997905 200.831
0.998219 0.0321717 -0.0502407 -3.60963 -0.0301409 0.998718 0.0406686 1.13908 0.0514846 -0.0390818 0.997909 201.494
0.998204 0.0324571 -0.0503521 -3.65362 -0.0304111 0.998701 0.0408799 1.15331 0.0516136 -0.0392752 0.997895 202.158
0.998183 0.0328878 -0.050488 -3.70037 -0.0308339 0.998686 0.0409335 1.16886 0.0517679 -0.0393023 0.997885 202.818
0.99818 0.0329188 -0.0505266 -3.73996 -0.0308624 0.998684 0.0409535 1.18362 0.0518083 -0.0393196 0.997883 203.49
0.99819 0.0328945 -0.0503396 -3.78461 -0.0308094 0.998657 0.0416494 1.19791 0.051642 -0.0400231 0.997863 204.152
0.998192 0.0328594 -0.0503305 -3.82437 -0.0307735 0.998657 0.0416728 1.21226 0.0516323 -0.0400486 0.997863 204.816
0.998157 0.0336525 -0.0505029 -3.86365 -0.0315676 0.998639 0.0415282 1.22478 0.0518317 -0.0398574 0.99786 205.463
0.998135 0.0345057 -0.0503633 -3.90605 -0.0324368 0.998619 0.0413343 1.2383 0.05172 -0.0396236 0.997875 206.11
0.998105 0.0350646 -0.0505682 -3.94562 -0.0329893 0.998602 0.0413067 1.25457 0.0519459 -0.0395602 0.997866 206.752
0.998138 0.034169 -0.0505293 -3.985 -0.0320831 0.998622 0.0415328 1.26744 0.0518788 -0.0398343 0.997859 207.395
0.998127 0.0343808 -0.0505932 -4.02416 -0.0322647 0.998594 0.0420646 1.27966 0.0519683 -0.0403534 0.997833 208.037
0.998092 0.0349898 -0.0508672 -4.06252 -0.0328536 0.998567 0.0422408 1.29774 0.0522723 -0.040489 0.997812 208.674
0.998071 0.0346103 -0.0515416 -4.09857 -0.0324543 0.998586 0.042096 1.31636 0.0529256 -0.040342 0.997783 209.3
0.998061 0.0346087 -0.051734 -4.13616 -0.0324314 0.998576 0.042351 1.33454 0.0531261 -0.0405911 0.997762 209.926
0.998029 0.0350951 -0.0520264 -4.17679 -0.0328893 0.998548 0.0426634 1.35154 0.0534481 -0.0408682 0.997734 210.551
0.998006 0.0352395 -0.0523728 -4.21474 -0.0330184 0.998543 0.0426868 1.36545 0.0538007 -0.0408724 0.997715 211.174
0.998007 0.0345502 -0.0528137 -4.25281 -0.0322875 0.998548 0.0431122 1.3814 0.0542266 -0.041321 0.997673 211.792
0.99799 0.034234 -0.0533229 -4.29031 -0.031944 0.998555 0.0432213 1.39827 0.0547255 -0.0414311 0.997642 212.411
0.997943 0.0348652 -0.053803 -4.32757 -0.0325257 0.998512 0.0437627 1.41459 0.0552488 -0.0419227 0.997592 213.024
0.997922 0.0349277 -0.0541394 -4.36685 -0.0325609 0.998501 0.0439997 1.43213 0.055595 -0.0421454 0.997564 213.642
0.997895 0.0349489 -0.0546277 -4.40438 -0.0325532 0.998495 0.0441461 1.44875 0.0560883 -0.0422748 0.99753 214.253
0.997826 0.0360604 -0.0551715 -4.44428 -0.0336388 0.998456 0.0442092 1.46822 0.0566805 -0.0422571 0.997498 214.858
0.997797 0.0360612 -0.0556764 -4.48509 -0.0336177 0.998456 0.0442182 1.48563 0.057185 -0.0422491 0.997469 215.461
0.997796 0.0356087 -0.0559982 -4.52444 -0.033148 0.998469 0.0442738 1.50536 0.057489 -0.0423199 0.997449 216.065
0.997763 0.0358541 -0.0564247 -4.56343 -0.0333649 0.998454 0.0444566 1.52018 0.0579314 -0.0424745 0.997417 216.664
0.997701 0.0365487 -0.0570689 -4.60257 -0.0340343 0.998433 0.0444255 1.53341 0.0586032 -0.0423811 0.997381 217.263
