0.999999 0.000971468 -0.000347025 -0.0157962 -0.00097139 1 0.000225833 -0.0389544 0.000347244 -0.000225496 1 1.7328
0.999999 0.00149205 -0.000541748 -0.0248042 -0.00149236 0.999999 -0.000567361 -0.0629617 0.000540901 0.000568169 1 3.49903
0.999995 0.00305082 -0.000283071 -0.0528857 -0.00305128 0.999994 -0.0016437 -0.0912672 0.000278055 0.00164456 0.999999 5.24979
0.999987 0.00509344 8.12259e-05 -0.0597887 -0.00509323 0.999984 -0.00243902 -0.135177 -9.36476e-05 0.00243857 0.999997 6.92895
0.999972 0.00738226 0.00143739 -0.0658192 -0.00737812 0.999969 -0.00286486 -0.178007 -0.00145849 0.00285417 0.999995 8.59208
0.999945 0.00973701 0.00387268 -0.0623618 -0.00972772 0.99995 -0.00240879 -0.216981 -0.00389594 0.00237099 0.99999 10.2526
0.999919 0.0101198 0.00775751 -0.054432 -0.0100928 0.999943 -0.00351171 -0.254232 -0.00779261 0.00343313 0.999964 11.8847
0.999863 0.0111807 0.0122186 -0.0312742 -0.0111477 0.999934 -0.00276242 -0.272933 -0.0122487 0.00262584 0.999922 13.5294
0.999786 0.0106135 0.0177381 -0.00275199 -0.0105688 0.999941 -0.00261098 -0.296898 -0.0177648 0.00242295 0.999839 15.153
0.999626 0.0111377 0.0249709 0.0318046 -0.0110596 0.999934 -0.00326306 -0.323573 -0.0250056 0.00298567 0.999683 16.7101
0.999308 0.0127308 0.0349476 0.0693273 -0.0126064 0.999913 -0.0037774 -0.366494 -0.0349926 0.00333422 0.999382 18.2228
0.998765 0.0148595 0.0474199 0.127544 -0.0146771 0.999883 -0.00419186 -0.397934 -0.0474766 0.0034907 0.998866 19.7661
0.997964 0.0163197 0.0616509 0.198962 -0.0160651 0.99986 -0.00462245 -0.428903 -0.0617177 0.00362261 0.998087 21.2486
0.996774 0.0186517 0.0780678 0.288135 -0.0183721 0.999822 -0.00429888 -0.467361 -0.0781341 0.00285074 0.996939 22.6497
0.995113 0.0201822 0.096662 0.40888 -0.0197487 0.99979 -0.00543925 -0.509169 -0.0967514 0.00350372 0.995302 24.0548
0.992877 0.0222103 0.117056 0.563464 -0.0218852 0.999752 -0.00406255 -0.537353 -0.117117 0.00147183 0.993117 25.4719
0.990015 0.0201462 0.139514 0.742024 -0.0197759 0.999796 -0.00403975 -0.581774 -0.139567 0.0012404 0.990212 26.8281
0.986622 0.020385 0.161748 0.941644 -0.0193302 0.99978 -0.00809262 -0.616203 -0.161877 0.00485773 0.986799 28.135
0.982643 0.0163039 0.18479 1.1771 -0.0142407 0.999821 -0.0124871 -0.651415 -0.18496 0.00963882 0.982699 29.4416
0.978095 0.0119793 0.207816 1.44369 -0.010018 0.999895 -0.0104875 -0.684058 -0.20792 0.00817589 0.978112 30.729
0.972935 0.00399308 0.231045 1.75023 -0.00209504 0.999962 -0.0084598 -0.720839 -0.23107 0.00774679 0.972906 32.0176
0.967227 0.00264034 0.2539 2.06759 -0.000243459 0.999955 -0.0094712 -0.753089 -0.253914 0.00909898 0.967184 33.2796
0.960831 -0.00186141 0.27713 2.42081 0.00540035 0.999913 -0.0120073 -0.784266 -0.277083 0.0130336 0.960758 34.5406
0.953505 -0.00245095 0.301367 2.80793 0.00707148 0.999874 -0.0142419 -0.82771 -0.301294 0.0157109 0.953402 35.7751
0.945198 -0.00199987 0.32649 3.2097 0.00764243 0.999843 -0.0160006 -0.867317 -0.326407 0.0176189 0.945065 37.0006
0.936471 -0.00250052 0.350736 3.65575 0.00832715 0.999851 -0.0151053 -0.907193 -0.350646 0.0170663 0.936353 38.2169
0.927015 -0.00371997 0.375006 4.12459 0.00941514 0.999866 -0.0133558 -0.948987 -0.374906 0.0159118 0.926926 39.4188
0.916732 -0.00486803 0.399474 4.63741 0.0111498 0.999848 -0.0134029 -0.989391 -0.399348 0.0167409 0.916647 40.6033
0.905478 -0.00359563 0.424379 5.16997 0.0114584 0.999807 -0.0159773 -1.03165 -0.424239 0.0193298 0.905344 41.7658
0.893127 -0.000840053 0.449803 5.72741 0.0105067 0.999764 -0.0189948 -1.07355 -0.449681 0.0216907 0.892926 42.9095
0.87995 0.00129201 0.475065 6.32682 0.0102384 0.999712 -0.0216833 -1.12338 -0.474956 0.0239441 0.879684 44.0369
0.865679 0.00375073 0.500585 6.94442 0.00889745 0.999699 -0.0228771 -1.16782 -0.50052 0.0242582 0.865385 45.1379
0.85074 0.00630559 0.525548 7.6001 0.00737258 0.999686 -0.0239289 -1.21657 -0.525534 0.0242319 0.850427 46.2267
0.835044 0.00873624 0.550114 8.30833 0.00705438 0.999622 -0.026583 -1.2656 -0.550138 0.0260787 0.834666 47.308
0.81864 0.0111131 0.574199 9.01797 0.00775456 0.999508 -0.0304004 -1.3174 -0.574254 0.0293396 0.818151 48.351
0.80143 0.0153992 0.59789 9.74591 0.00543665 0.99944 -0.033029 -1.3819 -0.598063 0.0297209 0.800898 49.3742
0.783341 0.0167671 0.621366 10.5163 0.006477 0.999362 -0.0351325 -1.43832 -0.621558 0.0315453 0.782733 50.3839
0.764561 0.0182788 0.644292 11.3163 0.00775022 0.999265 -0.0375465 -1.50681 -0.644505 0.0337 0.763857 51.3599
0.745323 0.0205895 0.666385 12.1448 0.00830179 0.999159 -0.0401565 -1.56958 -0.666652 0.0354617 0.744525 52.301
0.725551 0.021507 0.687832 13.0068 0.0105099 0.999049 -0.0423244 -1.64201 -0.688088 0.0379375 0.724635 53.2193
0.704443 0.024007 0.709355 13.8991 0.011871 0.998889 -0.0455946 -1.71073 -0.709662 0.0405396 0.703375 54.1162
0.682619 0.0269468 0.730277 14.8148 0.012603 0.998737 -0.0486334 -1.78272 -0.730666 0.0424018 0.681417 54.9855
0.660596 0.0302712 0.750131 15.7769 0.0126105 0.998598 -0.0514032 -1.85727 -0.750636 0.0434163 0.659288 55.8328
0.637747 0.0319943 0.769581 16.7486 0.0136032 0.998513 -0.0527848 -1.9352 -0.770126 0.0441321 0.636364 56.6596
0.614042 0.0353645 0.78848 17.7399 0.0122708 0.998447 -0.0543379 -2.01548 -0.789178 0.043041 0.612655 57.4531
0.589591 0.037045 0.806852 18.7572 0.0138619 0.998336 -0.0559659 -2.09693 -0.807583 0.0441815 0.588096 58.2113
0.564552 0.0395945 0.824447 19.7931 0.0151854 0.998181 -0.0583366 -2.18447 -0.825258 0.0454536 0.562924 58.9456
0.540095 0.0426341 0.840524 20.8536 0.0162159 0.998003 -0.0610419 -2.26556 -0.841448 0.0465983 0.538325 59.6371
0.515475 0.0446398 0.855741 21.9472 0.018784 0.997814 -0.063366 -2.36483 -0.856699 0.0487378 0.51351 60.3054
0.490919 0.0463973 0.869969 23.0573 0.0206914 0.997678 -0.0648843 -2.4587 -0.870959 0.0498538 0.488819 60.9452
0.466124 0.0498898 0.883312 24.1832 0.0208398 0.997513 -0.0673371 -2.54957 -0.884474 0.0497955 0.463925 61.5615
0.441203 0.0506834 0.895975 25.3339 0.0226676 0.997456 -0.0675862 -2.6467 -0.897121 0.0501289 0.438932 62.1418
0.415864 0.0513036 0.907978 26.5091 0.0227241 0.99751 -0.0667703 -2.75108 -0.909143 0.0484003 0.413663 62.6987
0.390275 0.0522359 0.919215 27.7006 0.0232328 0.997513 -0.0665493 -2.8514 -0.920405 0.0473285 0.388091 63.2278
0.365378 0.0559683 0.929175 28.9111 0.0230767 0.997339 -0.0691485 -2.95109 -0.930573 0.0467076 0.363114 63.7122
0.341591 0.0586758 0.938015 30.1205 0.0251911 0.997119 -0.0715466 -3.05246 -0.939511 0.0480693 0.339129 64.1622
0.319058 0.0607265 0.945788 31.3552 0.0271627 0.996949 -0.0731747 -3.15273 -0.947346 0.0490371 0.316435 64.5858
0.297557 0.0617941 0.952702 32.5817 0.0317754 0.996709 -0.0745729 -3.2708 -0.954175 0.0524621 0.294614 64.9801
0.277968 0.0641902 0.958443 33.8395 0.035551 0.996394 -0.0770424 -3.38241 -0.959932 0.0554889 0.274684 65.3422
0.26055 0.0670369 0.96313 35.0926 0.0396388 0.996003 -0.0800481 -3.48861 -0.964646 0.0590339 0.256851 65.6818
0.24571 0.0713817 0.966712 36.3792 0.0437601 0.995451 -0.0846263 -3.59324 -0.968355 0.0630969 0.241469 65.9973
0.232673 0.0742541 0.969716 37.656 0.0472175 0.995043 -0.0875228 -3.7167 -0.971408 0.0661518 0.228013 66.3026
0.221587 0.0754876 0.972214 38.9722 0.048772 0.994893 -0.0883647 -3.84686 -0.97392 0.0669974 0.216774 66.599
0.211997 0.0750038 0.974388 40.3032 0.0512012 0.994829 -0.087717 -3.97599 -0.975928 0.0684855 0.20706 66.8837
0.203012 0.0761865 0.976208 41.6581 0.0528013 0.994666 -0.0886076 -4.09625 -0.977752 0.0695335 0.197907 67.1661
0.194752 0.0764702 0.977867 43.0223 0.0550432 0.994533 -0.0887359 -4.22378 -0.979307 0.0711065 0.189478 67.4389
0.186768 0.0760941 0.979453 44.412 0.0575787 0.994434 -0.0882374 -4.35199 -0.980715 0.0728755 0.181347 67.6993
0.180078 0.0757674 0.98073 45.8169 0.0612289 0.994232 -0.0880532 -4.47769 -0.981745 0.0759055 0.174401 67.9458
0.174043 0.0748018 0.981893 47.2348 0.0641958 0.994128 -0.0871128 -4.60302 -0.982643 0.0781948 0.168219 68.1882
0.168761 0.0733598 0.982923 48.6771 0.0665275 0.994105 -0.0856166 -4.72926 -0.983409 0.0798402 0.162885 68.4255
0.163316 0.0722685 0.983923 50.1403 0.0679231 0.994123 -0.0842919 -4.85944 -0.984233 0.0805973 0.157448 68.6649
0.157765 0.0750547 0.98462 51.6045 0.0667205 0.994018 -0.0864617 -5.00049 -0.98522 0.079335 0.151814 68.9132
0.151905 0.0782837 0.98529 53.0861 0.0637168 0.994009 -0.0887999 -5.14015 -0.986339 0.0762687 0.146007 69.1437
0.145867 0.0780481 0.986221 54.5921 0.0628235 0.99414 -0.0879668 -5.279 -0.987307 0.0747893 0.140109 69.36
0.139349 0.0767702 0.987263 56.1046 0.0610801 0.994426 -0.0859484 -5.41878 -0.988358 0.0722789 0.133883 69.5779
0.133379 0.0753373 0.988198 57.6371 0.0613928 0.994564 -0.0841089 -5.54929 -0.989162 0.0718865 0.128029 69.7812
0.127613 0.0754265 0.988952 59.1718 0.062349 0.994522 -0.0838968 -5.68841 -0.989862 0.0723664 0.122211 69.9802
0.122417 0.075685 0.989589 60.7285 0.0642872 0.994389 -0.0840048 -5.82441 -0.990395 0.0739015 0.116864 70.1678
0.118959 0.0750122 0.990062 62.2995 0.0660631 0.994335 -0.0832736 -5.96393 -0.990699 0.0753127 0.113329 70.3437
0.116502 0.072372 0.99055 63.8855 0.068106 0.994412 -0.0806643 -6.10982 -0.990853 0.0768599 0.110922 70.5193
0.114685 0.0706755 0.990885 65.4869 0.0688105 0.994505 -0.0788979 -6.24852 -0.991016 0.0772317 0.109192 70.7015
0.112996 0.0693976 0.991169 67.056 0.0690939 0.994594 -0.0775143 -6.39412 -0.99119 0.0772425 0.10759 70.8774
0.111094 0.0702453 0.991324 68.6613 0.067622 0.994653 -0.0780593 -6.53706 -0.991507 0.0757072 0.10575 71.0545
0.109119 0.0718808 0.991426 70.2799 0.0667696 0.994599 -0.0794597 -6.66685 -0.991784 0.0748677 0.103731 71.2344
0.107894 0.0726848 0.991502 71.9061 0.0662209 0.994583 -0.0801167 -6.80757 -0.991955 0.0743022 0.102496 71.4073
0.106708 0.0728849 0.991615 73.5612 0.065806 0.994605 -0.080186 -6.9442 -0.99211 0.0738107 0.101336 71.5824
0.105491 0.0722146 0.991795 75.2009 0.0657192 0.994673 -0.0794143 -7.09099 -0.992246 0.0735574 0.100183 71.7508
0.104367 0.0713492 0.991976 76.849 0.065864 0.994738 -0.0784774 -7.2325 -0.992356 0.073526 0.0991181 71.9237
0.103709 0.0710237 0.992069 78.5018 0.0666048 0.994712 -0.0781757 -7.36426 -0.992375 0.0741841 0.0984305 72.0936
0.10368 0.0698908 0.992152 80.149 0.0700322 0.994539 -0.0773774 -7.50673 -0.992142 0.077505 0.0982191 72.2514
0.103519 0.06842 0.992271 81.8039 0.0719306 0.994504 -0.0760781 -7.65345 -0.992023 0.0792502 0.0980281 72.4125
0.103732 0.0675775 0.992307 83.4828 0.0737749 0.994418 -0.0754334 -7.80546 -0.991865 0.0810321 0.0981669 72.5729
0.103607 0.067497 0.992325 85.1766 0.074843 0.994337 -0.0754481 -7.95688 -0.991798 0.0820856 0.0979686 72.742
0.103676 0.067647 0.992308 86.9 0.0752012 0.994295 -0.0756395 -8.09759 -0.991764 0.0824648 0.0979979 72.8987
0.103408 0.0679495 0.992315 88.569 0.075588 0.994242 -0.0759584 -8.23909 -0.991763 0.0828619 0.0976764 73.0713
0.10331 0.0690466 0.99225 90.2665 0.0757379 0.994145 -0.0770642 -8.38415 -0.991761 0.0831124 0.0974761 73.2412
0.102838 0.0703728 0.992206 91.9703 0.0752082 0.994089 -0.0783014 -8.5313 -0.991851 0.0826743 0.0969373 73.413
0.102614 0.0699806 0.992257 93.6568 0.0753342 0.994111 -0.077902 -8.68073 -0.991864 0.0827447 0.096738 73.5738
0.102615 0.0682944 0.992374 95.3852 0.0748439 0.994282 -0.0761649 -8.82686 -0.991901 0.0820888 0.0969172 73.7284
0.102515 0.0661064 0.992532 97.1045 0.0736566 0.994546 -0.0738482 -8.99435 -0.992001 0.0806771 0.0970867 73.8931
0.101852 0.0658615 0.992617 98.8001 0.0721495 0.994689 -0.0734022 -9.13754 -0.99218 0.079093 0.0965596 74.0703
0.100936 0.0669041 0.992641 100.498 0.0701445 0.994775 -0.0741805 -9.27881 -0.992417 0.0771158 0.095716 74.2556
0.100319 0.0677793 0.992644 102.199 0.0686708 0.994826 -0.0748683 -9.42507 -0.992583 0.0756764 0.0951451 74.424
0.1003 0.0677377 0.992649 103.918 0.0669791 0.994957 -0.074663 -9.57245 -0.9927 0.0739754 0.0952571 74.5736
0.0994848 0.0669026 0.992787 105.634 0.0659534 0.9951 -0.0736674 -9.72094 -0.992851 0.0728064 0.0945848 74.7462
0.0984878 0.0677443 0.99283 107.344 0.0647605 0.995129 -0.0743254 -9.86645 -0.993029 0.0716163 0.0936209 74.9164
0.0972144 0.0688767 0.992877 109.082 0.0651824 0.99502 -0.0754075 -10.0152 -0.993127 0.0720488 0.0922407 75.0901
0.0959637 0.0690649 0.992986 110.815 0.065365 0.994999 -0.0755219 -10.1616 -0.993236 0.0721539 0.0909694 75.2542
0.0941631 0.0684106 0.993204 112.555 0.0659082 0.995019 -0.0747842 -10.314 -0.993373 0.0725021 0.0891853 75.4218
0.0921991 0.0686303 0.993373 114.287 0.0666216 0.994961 -0.0749235 -10.4575 -0.993509 0.0730879 0.0871623 75.5799
0.0896834 0.0688734 0.993586 116.023 0.0666423 0.994955 -0.0749836 -10.599 -0.993738 0.0729397 0.0846411 75.7445
0.0873935 0.0691298 0.993772 117.774 0.0678175 0.994862 -0.0751696 -10.7507 -0.993863 0.0739645 0.0822563 75.8932
0.0849536 0.0694367 0.993962 119.532 0.0677495 0.994858 -0.0752898 -10.9019 -0.994079 0.0737366 0.0798124 76.0495
0.0824091 0.0676882 0.994297 121.285 0.0685055 0.994946 -0.0734102 -11.0588 -0.994241 0.0741645 0.0773556 76.1977
0.0805162 0.0675082 0.994465 123.008 0.068237 0.99499 -0.0730686 -11.2034 -0.994415 0.0737425 0.0755063 76.3379
0.0788086 0.0677218 0.994587 124.767 0.0688526 0.994938 -0.0732014 -11.3436 -0.994509 0.0742488 0.0737468 76.4684
0.077776 0.0684705 0.994617 126.541 0.0692151 0.994861 -0.0738997 -11.4817 -0.994565 0.0745901 0.0726371 76.5947
0.0763389 0.068306 0.994739 128.326 0.0691813 0.994884 -0.073625 -11.6293 -0.994679 0.0744378 0.0712228 76.745
0.0752459 0.0679922 0.994844 130.098 0.0698517 0.994862 -0.0732768 -11.7696 -0.994715 0.0750054 0.0701099 76.886
0.0743284 0.0675772 0.994942 131.889 0.0701495 0.994876 -0.0728133 -11.9149 -0.994763 0.0752067 0.069207 77.0252
0.0734811 0.0657643 0.995126 133.678 0.0701289 0.995013 -0.0709352 -12.0688 -0.994828 0.0749995 0.0685026 77.1506
0.0726509 0.065446 0.995208 135.467 0.0706058 0.995004 -0.0705868 -12.2174 -0.994855 0.0753956 0.0676671 77.2764
0.0720961 0.0665849 0.995173 137.271 0.0711138 0.994887 -0.0717177 -12.3596 -0.994859 0.0759411 0.0669924 77.398
0.0712172 0.0679261 0.995145 139.059 0.0722151 0.994709 -0.0730644 -12.5071 -0.994843 0.077068 0.0659351 77.5229
0.0706493 0.0690199 0.995111 140.834 0.0725594 0.994605 -0.0741363 -12.6528 -0.994859 0.0774423 0.0652601 77.6428
0.0699123 0.0694013 0.995136 142.652 0.0732155 0.994529 -0.0745027 -12.8098 -0.994863 0.0780681 0.0644486 77.7691
0.0696874 0.0693307 0.995157 144.454 0.07327 0.994532 -0.074418 -12.9598 -0.994874 0.0781011 0.0642265 77.8833
0.0692917 0.0677761 0.995291 146.264 0.0734885 0.994632 -0.0728474 -13.1188 -0.994886 0.0781902 0.063939 77.9979
0.0689255 0.0655936 0.995463 148.032 0.075192 0.994656 -0.0707467 -13.2777 -0.994784 0.0797271 0.063625 78.1197
0.0688012 0.063602 0.995601 149.819 0.0766623 0.994678 -0.0688408 -13.4284 -0.99468 0.0810614 0.0635591 78.2383
0.0690684 0.0622059 0.995671 151.585 0.0773357 0.994717 -0.067511 -13.5663 -0.99461 0.0816637 0.0638928 78.3445
0.0695803 0.0618543 0.995657 153.35 0.077737 0.994705 -0.0672278 -13.7076 -0.994543 0.0820771 0.0644035 78.4616
0.0708788 0.0617602 0.995571 155.11 0.0792586 0.994577 -0.0673413 -13.862 -0.994331 0.0836806 0.0655994 78.5749
0.0727694 0.0622247 0.995406 156.876 0.0798585 0.994484 -0.0680051 -14.0029 -0.994146 0.0844403 0.0673988 78.6962
0.0748331 0.0624542 0.995238 158.638 0.0814791 0.994317 -0.0685228 -14.1492 -0.993862 0.0862189 0.0693191 78.8126
0.0766031 0.0632907 0.995051 160.404 0.0804332 0.994338 -0.0694374 -14.2955 -0.993812 0.0853542 0.0710787 78.9335
0.07765 0.063811 0.994936 162.16 0.080826 0.994262 -0.0700758 -14.4353 -0.993699 0.0858581 0.0720468 79.0636
0.0780841 0.0630975 0.994948 163.861 0.0800342 0.994377 -0.0693425 -14.5722 -0.993729 0.0850444 0.0725951 79.1934
0.0778609 0.0610432 0.995094 165.629 0.0802577 0.9945 -0.0672865 -14.7218 -0.993729 0.0851029 0.0725335 79.3134
0.0767641 0.0596994 0.99526 167.34 0.0802196 0.9946 -0.0658471 -14.8562 -0.993817 0.0848941 0.0715605 79.4453
0.0742406 0.0591898 0.995482 169.056 0.0800559 0.994662 -0.0651113 -14.9907 -0.994022 0.0845282 0.0691058 79.5748
0.0701301 0.0585437 0.995818 170.761 0.0806973 0.994672 -0.0641594 -15.1223 -0.994268 0.0848594 0.0650321 79.6906
0.0639431 0.0583798 0.996244 172.49 0.080305 0.994749 -0.0634465 -15.2479 -0.994717 0.0840604 0.0589191 79.8035
0.0560896 0.0576055 0.996763 174.202 0.0795729 0.994901 -0.0619756 -15.3842 -0.99525 0.0827915 0.0512197 79.8993
0.0458685 0.057707 0.997279 175.912 0.0783678 0.995045 -0.0611821 -15.5078 -0.995869 0.0809609 0.0411188 79.9847
0.0334271 0.0576279 0.997778 177.61 0.0768628 0.995231 -0.0600558 -15.6293 -0.996481 0.0786996 0.0288383 80.0477
0.0193507 0.0568039 0.998198 179.309 0.0768656 0.995345 -0.0581317 -15.7554 -0.996854 0.077852 0.0148944 80.0863
0.00390261 0.0566975 0.998384 180.952 0.07582 0.995501 -0.0568301 -15.8796 -0.997114 0.0759192 -0.000413748 80.1014
-0.0120614 0.0575394 0.99827 182.611 0.0749736 0.995585 -0.0564787 -15.9954 -0.997113 0.0741627 -0.0163221 80.0827
-0.0283329 0.0587299 0.997872 184.242 0.0742183 0.995641 -0.0564913 -16.1039 -0.996839 0.0724597 -0.0325682 80.0347
-0.0456268 0.0583997 0.99725 185.844 0.0735235 0.995779 -0.0549497 -16.2159 -0.996249 0.0708142 -0.0497279 79.9746
-0.0637827 0.0576082 0.9963 187.448 0.0731161 0.995919 -0.0529053 -16.324 -0.995282 0.0694711 -0.0677345 79.8831
-0.0822293 0.0564643 0.995013 189.035 0.0751963 0.995899 -0.0503003 -16.4325 -0.993773 0.0706851 -0.086138 79.7546
-0.100994 0.0544781 0.993394 190.6 0.0769121 0.995939 -0.0467983 -16.5358 -0.99191 0.0716777 -0.104774 79.5883
-0.120615 0.0530254 0.991282 192.147 0.079769 0.995861 -0.0435643 -16.6301 -0.989489 0.0738191 -0.124346 79.4125
-0.141003 0.0539782 0.988536 193.689 0.0831193 0.995633 -0.0425097 -16.719 -0.986514 0.0761725 -0.144874 79.2034
-0.161061 0.0546155 0.985432 195.189 0.0850271 0.995523 -0.0412778 -16.8033 -0.983275 0.0771402 -0.164984 78.9604
-0.182172 0.0579927 0.981555 196.661 0.0867033 0.995318 -0.0427142 -16.8855 -0.979437 0.0773227 -0.186347 78.694
-0.204846 0.059362 0.976993 198.153 0.0868354 0.995326 -0.0422692 -16.971 -0.974935 0.0761789 -0.209043 78.3917
-0.229488 0.0607228 0.971415 199.627 0.0859386 0.995418 -0.041921 -17.0526 -0.96951 0.0738616 -0.233655 78.0593
-0.255022 0.0598583 0.965081 201.07 0.0856062 0.99556 -0.0391274 -17.1396 -0.963138 0.0726386 -0.259014 77.6808
-0.281804 0.0585021 0.957687 202.509 0.0835306 0.995846 -0.0362538 -17.2181 -0.955829 0.0697797 -0.28552 77.2809
-0.30881 0.0590277 0.94929 203.911 0.0844872 0.995829 -0.0344373 -17.2834 -0.947364 0.0695682 -0.312509 76.8381
-0.336523 0.0587506 0.939841 205.274 0.0839968 0.995946 -0.0321817 -17.3576 -0.937922 0.0681138 -0.340093 76.369
-0.364279 0.0597811 0.929369 206.607 0.0845345 0.99594 -0.0309288 -17.4286 -0.927445 0.067297 -0.367853 75.8679
-0.392279 0.0611996 0.917808 207.922 0.0862779 0.995833 -0.0295264 -17.4983 -0.915791 0.067604 -0.395925 75.3161
-0.420515 0.0627322 0.905114 209.212 0.0867488 0.995816 -0.0287153 -17.5659 -0.903129 0.0664424 -0.424198 74.7292
-0.448929 0.0652743 0.89118 210.492 0.0876288 0.995737 -0.0287899 -17.6262 -0.88926 0.0651684 -0.452735 74.0995
-0.476737 0.0674083 0.876457 211.724 0.0879617 0.995709 -0.0287343 -17.6915 -0.874634 0.063396 -0.480621 73.4453
-0.504056 0.0687684 0.860929 212.943 0.0886205 0.995682 -0.0276465 -17.7537 -0.859112 0.0623606 -0.507974 72.7447
-0.530995 0.0706076 0.844428 214.122 0.0898184 0.995598 -0.0267681 -17.8077 -0.842601 0.0616314 -0.534999 72.0189
-0.557345 0.0713474 0.82721 215.276 0.0909158 0.995554 -0.0246113 -17.8638 -0.825288 0.0614894 -0.561354 71.255
-0.583378 0.0711604 0.809078 216.4 0.0904838 0.995648 -0.0223272 -17.9255 -0.807145 0.0601832 -0.587277 70.4575
-0.60873 0.0717726 0.790124 217.492 0.089401 0.995762 -0.0215755 -17.9702 -0.788324 0.0575042 -0.612567 69.6252
-0.633795 0.0737926 0.769973 218.555 0.0890447 0.995782 -0.0221374 -18.0247 -0.768359 0.0545314 -0.637692 68.7639
-0.658497 0.0746885 0.748868 219.59 0.0881949 0.995865 -0.021771 -18.0738 -0.747398 0.0517102 -0.662361 67.865
-0.681493 0.0762416 0.727843 220.583 0.0893366 0.995787 -0.0206613 -18.1221 -0.726352 0.0509425 -0.685433 66.9464
-0.703537 0.0780476 0.70636 221.559 0.0911864 0.995649 -0.0191899 -18.1671 -0.704784 0.0509095 -0.707593 65.9834
-0.724691 0.0797079 0.684448 222.495 0.0938905 0.995446 -0.0165144 -18.2135 -0.682647 0.0522954 -0.728874 65.0074
-0.744784 0.0801758 0.662472 223.398 0.0945361 0.99542 -0.0141887 -18.2518 -0.660575 0.05206 -0.748952 63.9985
-0.764206 0.0796972 0.64003 224.274 0.0943912 0.995472 -0.0112526 -18.2954 -0.638028 0.0518139 -0.768268 62.9628
-0.782916 0.0785317 0.617151 225.123 0.0926415 0.995657 -0.00917145 -18.3255 -0.615191 0.0499933 -0.786791 61.9075
-0.800925 0.0803254 0.593352 225.938 0.0928749 0.995633 -0.00941897 -18.3572 -0.591518 0.0475636 -0.804888 60.8281
-0.81787 0.081582 0.56959 226.721 0.0924659 0.995667 -0.00983773 -18.3902 -0.567925 0.0446217 -0.82187 59.7201
-0.83381 0.0823947 0.545868 227.469 0.0933726 0.995602 -0.00765263 -18.4138 -0.544098 0.0445882 -0.837836 58.5875
-0.849252 0.0823952 0.521519 228.18 0.0934277 0.995613 -0.00515816 -18.439 -0.519656 0.0443437 -0.853224 57.4456
-0.864283 0.0819659 0.496282 228.861 0.0927618 0.995684 -0.00290094 -18.4621 -0.494378 0.0435288 -0.868156 56.2959
-0.878305 0.0812693 0.471144 229.503 0.0923615 0.995725 0.000423715 -18.4794 -0.469095 0.0438877 -0.882056 55.1188
-0.891688 0.0808272 0.445375 230.107 0.0913789 0.995814 0.00222884 -18.5048 -0.44333 0.0426853 -0.895341 53.9386
-0.904447 0.0807576 0.418872 230.678 0.0902384 0.995916 0.00283623 -18.5156 -0.416933 0.0403636 -0.908041 52.7335
-0.916331 0.0802592 0.392296 231.21 0.0887364 0.996049 0.00349183 -18.5326 -0.390466 0.0380106 -0.919832 51.5054
-0.927548 0.0801815 0.365002 231.717 0.0874862 0.99616 0.00349045 -18.5375 -0.36332 0.0351702 -0.931 50.245
-0.938124 0.0781718 0.33736 232.186 0.0849053 0.996375 0.00522676 -18.5464 -0.335729 0.033547 -0.941361 48.9904
-0.948102 0.0756987 0.308824 232.633 0.0821715 0.996586 0.00798744 -18.5517 -0.307166 0.0329495 -0.951086 47.7068
-0.956833 0.0745848 0.280906 233.021 0.0809684 0.996654 0.011171 -18.5583 -0.279133 0.0334333 -0.95967 46.4121
-0.964677 0.0742406 0.25276 233.378 0.0801282 0.996699 0.0130647 -18.5596 -0.250955 0.0328564 -0.967441 45.1153
-0.971854 0.0732507 0.223906 233.701 0.0782356 0.996844 0.0134612 -18.5509 -0.222213 0.0305997 -0.974518 43.7863
-0.978462 0.0720973 0.193427 233.992 0.0760895 0.997013 0.0132803 -18.5483 -0.191891 0.027712 -0.981025 42.4736
-0.984379 0.0664825 0.163028 234.244 0.0700745 0.997407 0.016376 -18.5416 -0.161517 0.0275443 -0.986485 41.1312
-0.989064 0.0634685 0.133133 234.453 0.0666132 0.997592 0.0192969 -18.5286 -0.131588 0.0279543 -0.99091 39.7744
-0.992679 0.061887 0.103725 234.62 0.0645656 0.997656 0.0226657 -18.5198 -0.102079 0.0291968 -0.994348 38.4001
-0.995397 0.0611467 0.0738025 234.729 0.0631002 0.997708 0.0244321 -18.5114 -0.0721394 0.0289766 -0.996974 37.0164
-0.997235 0.060626 0.0429711 234.812 0.0617853 0.997746 0.0261843 -18.4974 -0.0412868 0.0287669 -0.998733 35.6401
-0.998152 0.0596162 0.0117944 234.85 0.0599164 0.997838 0.0269901 -18.4751 -0.0101598 0.0276469 -0.999566 34.2573
-0.998041 0.0595127 -0.0193076 234.841 0.0589331 0.997831 0.0293156 -18.4461 0.0210104 0.0281203 -0.999384 32.8728
-0.996905 0.0604829 -0.0502228 234.774 0.0589211 0.997749 0.032018 -18.4191 0.0520463 0.0289597 -0.998225 31.4824
-0.994762 0.0609664 -0.0820521 234.676 0.0583084 0.997705 0.0344119 -18.3969 0.0839617 0.0294473 -0.996034 30.1079
-0.991441 0.0609107 -0.115473 234.561 0.0572401 0.997752 0.034845 -18.3664 0.117336 0.0279371 -0.992699 28.7267
-0.987025 0.060403 -0.148773 234.377 0.0555954 0.997794 0.0362684 -18.3301 0.150635 0.0275267 -0.988206 27.3389
-0.981493 0.0597119 -0.18195 234.14 0.0533223 0.997783 0.0398134 -18.2931 0.183924 0.0293746 -0.982501 25.9738
-0.97457 0.0589495 -0.216191 233.865 0.0506375 0.997757 0.0437921 -18.255 0.218288 0.0317311 -0.975368 24.6132
-0.966255 0.0579295 -0.250988 233.54 0.0477705 0.997781 0.0463863 -18.2137 0.253118 0.0328311 -0.966878 23.2583
-0.956752 0.0569209 -0.285282 233.168 0.0453512 0.997865 0.0470042 -18.1678 0.287348 0.0320335 -0.95729 21.9323
-0.946073 0.0564226 -0.319001 232.731 0.0437879 0.997951 0.0466468 -18.1187 0.32098 0.0301629 -0.946606 20.6026
-0.934314 0.0551746 -0.352155 232.26 0.0408366 0.998011 0.0480204 -18.0619 0.354104 0.0304853 -0.934709 19.2885
-0.921292 0.0535947 -0.38516 231.746 0.037263 0.998066 0.049748 -18.009 0.387081 0.0314803 -0.921508 17.9926
-0.907326 0.0525707 -0.417129 231.168 0.0344995 0.998115 0.0507502 -17.9454 0.419011 0.0316562 -0.907429 16.7031
-0.892591 0.0523982 -0.447812 230.559 0.0332387 0.998169 0.0505428 -17.895 0.44964 0.0302294 -0.892698 15.4389
-0.877666 0.052113 -0.476432 229.897 0.0322457 0.998239 0.0497874 -17.8379 0.478188 0.0283338 -0.877801 14.1926
-0.862099 0.0519558 -0.50407 229.203 0.0307856 0.998263 0.0502415 -17.7761 0.505805 0.0277951 -0.8622 12.9574
-0.846401 0.0529093 -0.529911 228.408 0.0299757 0.998208 0.051788 -17.7158 0.531701 0.027949 -0.846471 11.686
-0.830679 0.0539487 -0.554131 227.637 0.0290927 0.998141 0.0535644 -17.6595 0.555991 0.0283736 -0.830704 10.4885
-0.815304 0.0564184 -0.576278 226.823 0.0302427 0.998033 0.0549221 -17.6081 0.578242 0.02735 -0.815407 9.31519
-0.799971 0.0592585 -0.597105 225.986 0.033794 0.997981 0.0537671 -17.5525 0.599086 0.0228335 -0.800359 8.16874
-0.784531 0.0625445 -0.616927 225.097 0.0368265 0.997844 0.0543307 -17.4918 0.618995 0.0199049 -0.785143 7.02796
-0.768136 0.0654934 -0.636928 224.22 0.0365845 0.997619 0.0584612 -17.4344 0.639241 0.0216044 -0.768703 5.9231
-0.751628 0.0671751 -0.656158 223.298 0.0361733 0.997501 0.0606841 -17.3713 0.658595 0.0218764 -0.752179 4.84936
-0.734985 0.0622576 -0.67522 222.289 0.0317462 0.997844 0.0574485 -17.2923 0.67734 0.0207881 -0.735376 3.77669
-0.718609 0.0579115 -0.692999 221.228 0.0306214 0.998195 0.0516627 -17.2242 0.69474 0.0159047 -0.719085 2.70136
-0.702659 0.0534901 -0.709513 220.203 0.0297244 0.998506 0.0458399 -17.1637 0.710906 0.0111199 -0.703199 1.66292
-0.686721 0.0502914 -0.72518 219.091 0.027255 0.998684 0.0434494 -17.0955 0.72641 0.0100729 -0.687188 0.616748
-0.670126 0.0473506 -0.740736 218.039 0.0233132 0.998813 0.042757 -17.0363 0.741882 0.0113836 -0.670434 -0.387744
-0.65273 0.0426964 -0.756386 216.918 0.0169942 0.998985 0.0417252 -16.9848 0.7574 0.0143811 -0.652793 -1.39948
-0.634886 0.0393178 -0.771605 215.726 0.010709 0.999056 0.0420963 -16.9209 0.772531 0.0184632 -0.634708 -2.42401
-0.617473 0.0385089 -0.785649 214.465 0.00561833 0.998991 0.0445503 -16.8518 0.786572 0.0230946 -0.617067 -3.4103
-0.599168 0.0380662 -0.799718 213.231 0.0021895 0.998943 0.0459088 -16.7943 0.800621 0.0257561 -0.598618 -4.36934
-0.581306 0.0381713 -0.812789 211.908 -0.000706019 0.998875 0.0474154 -16.724 0.813684 0.0281367 -0.580625 -5.32096
-0.564337 0.0363408 -0.824745 210.609 -0.00491122 0.998865 0.0473736 -16.6497 0.82553 0.0307852 -0.563518 -6.25506
-0.549029 0.036143 -0.835021 209.283 -0.0065004 0.99885 0.0475081 -16.5799 0.835778 0.0315113 -0.548163 -7.17348
-0.534834 0.0358147 -0.844198 207.887 -0.00789817 0.998846 0.0473794 -16.4984 0.84492 0.0320077 -0.533934 -8.09115
-0.521621 0.0361082 -0.852413 206.483 -0.00820772 0.998845 0.0473336 -16.4256 0.853138 0.0316866 -0.520722 -8.99482
-0.509685 0.0370285 -0.859564 204.993 -0.00838577 0.998812 0.0479995 -16.3506 0.86032 0.0316727 -0.508769 -9.87798
-0.497164 0.0388574 -0.866786 203.509 -0.0073365 0.998773 0.0489822 -16.2789 0.867626 0.0307113 -0.496268 -10.7508
-0.485255 0.0405861 -0.87343 201.942 -0.0062458 0.998736 0.0498787 -16.1984 0.87435 0.0296592 -0.484388 -11.6098
-0.474 0.0433096 -0.879459 200.39 -0.00535509 0.998629 0.0520645 -16.1188 0.880509 0.0293881 -0.473118 -12.4561
-0.463351 0.04586 -0.884987 198.867 -0.00266507 0.998583 0.0531419 -16.0566 0.886171 0.0269819 -0.462573 -13.2999
-0.454029 0.045428 -0.889828 197.279 -0.00113986 0.998669 0.0515663 -15.965 0.890986 0.0244269 -0.453373 -14.1295
-0.44763 0.0467786 -0.892994 195.595 0.000434876 0.998642 0.0520949 -15.8656 0.894219 0.0229309 -0.447043 -14.9528
-0.442208 0.0477149 -0.895643 193.905 0.0023617 0.998642 0.0520361 -15.7702 0.89691 0.0208955 -0.44172 -15.783
-0.437532 0.04737 -0.897954 192.194 0.00410136 0.998706 0.0506866 -15.6773 0.899193 0.0184942 -0.437161 -16.6204
-0.434369 0.0478517 -0.899463 190.467 0.00500667 0.998701 0.0507133 -15.5781 0.900721 0.017525 -0.434045 -17.4466
-0.431386 0.0485891 -0.900858 188.754 0.00749326 0.998707 0.0502785 -15.4927 0.902136 0.014939 -0.431192 -18.2895
-0.42935 0.0487735 -0.90182 186.953 0.00818614 0.99871 0.0501163 -15.4085 0.903101 0.014135 -0.429195 -19.1332
-0.427259 0.0495442 -0.902771 185.181 0.00922951 0.998684 0.0504398 -15.3127 0.904082 0.0132187 -0.427154 -19.9754
-0.425088 0.0499295 -0.903774 183.405 0.0106107 0.998684 0.0501821 -15.2372 0.90509 0.0117422 -0.425058 -20.8301
-0.422973 0.0495484 -0.904787 181.607 0.00984377 0.998696 0.0500893 -15.1355 0.906089 0.0122799 -0.422909 -21.6884
-0.42086 0.0507234 -0.905706 179.846 0.00947772 0.998627 0.0515232 -15.0495 0.907076 0.0131 -0.420763 -22.5469
-0.418374 0.0509737 -0.906843 177.964 0.0102562 0.998625 0.0514011 -14.9535 0.908217 0.0122041 -0.418322 -23.4206
-0.415869 0.0521043 -0.907931 176.122 0.0102493 0.998562 0.0526109 -14.8518 0.909367 0.0125736 -0.415805 -24.295
-0.41356 0.0519154 -0.908995 174.208 0.00976272 0.998568 0.0525895 -14.7611 0.910424 0.0128747 -0.413475 -25.1738
-0.411332 0.0504099 -0.910091 172.272 0.00939677 0.998651 0.0510683 -14.6671 0.911437 0.0124541 -0.41125 -26.0441
-0.409434 0.0491534 -0.911015 170.302 0.00958068 0.998724 0.04958 -14.5782 0.91229 0.0115716 -0.409382 -26.9263
-0.407098 0.0491123 -0.912063 168.334 0.00965236 0.998729 0.0494707 -14.485 0.913334 0.0113359 -0.407054 -27.818
-0.405664 0.0506758 -0.912616 166.39 0.0100867 0.998649 0.0509694 -14.3837 0.913966 0.0114712 -0.405628 -28.697
-0.40369 0.0522534 -0.913402 164.398 0.0110236 0.998573 0.0522537 -14.2872 0.914829 0.0110253 -0.40369 -29.596
-0.402587 0.0534706 -0.913819 162.388 0.011716 0.998512 0.0532647 -14.1824 0.915307 0.0107373 -0.402614 -30.4864
-0.401356 0.0551438 -0.914261 160.365 0.0133109 0.998432 0.0543771 -14.0872 0.915825 0.0096549 -0.40146 -31.3892
-0.40089 0.0555023 -0.914443 158.392 0.0144264 0.998422 0.0542749 -13.9961 0.916013 0.00856614 -0.401058 -32.2734
-0.400206 0.055607 -0.914736 156.301 0.0168496 0.998435 0.0533232 -13.8972 0.91627 0.0059273 -0.400517 -33.1856
-0.400087 0.0551388 -0.914817 154.264 0.0158409 0.998455 0.053252 -13.7888 0.91634 0.00681393 -0.400342 -34.0886
-0.399695 0.0531883 -0.915104 152.142 0.0143163 0.998556 0.0517858 -13.655 0.916536 0.00759765 -0.399879 -35.0182
-0.39981 0.0530834 -0.91506 149.933 0.0138221 0.998557 0.051888 -13.5342 0.916494 0.00809729 -0.399967 -35.9767
-0.399805 0.0529616 -0.915069 147.749 0.012763 0.998554 0.0522172 -13.4107 0.916511 0.00919767 -0.399903 -36.9327
-0.400705 0.0535891 -0.914638 145.647 0.014045 0.99853 0.0523512 -13.3103 0.916099 0.00813126 -0.400869 -37.8658
-0.401852 0.0541057 -0.914105 143.512 0.0148658 0.998507 0.0525663 -13.1932 0.915584 0.00753498 -0.402057 -38.8108
-0.40372 0.0529856 -0.913347 141.3 0.0153866 0.998574 0.0511286 -13.0697 0.914753 0.00658833 -0.40396 -39.7782
-0.405166 0.0525423 -0.912732 139.086 0.0174387 0.99861 0.0497448 -12.9801 0.914077 0.004238 -0.405519 -40.7665
-0.407132 0.0532025 -0.911819 136.855 0.0205177 0.998583 0.0491038 -12.8797 0.913139 0.0012833 -0.407647 -41.7419
-0.408925 0.0548852 -0.910916 134.626 0.0217718 0.998492 0.0503882 -12.7722 0.912308 0.000772709 -0.409503 -42.7396
-0.41028 0.0560919 -0.910233 132.411 0.0221095 0.998425 0.0515609 -12.6697 0.911691 0.0010296 -0.410874 -43.7469
-0.411306 0.0557214 -0.909793 130.16 0.0215012 0.998445 0.0514306 -12.5591 0.911244 0.00159211 -0.411864 -44.7999
-0.412804 0.0558503 -0.909106 127.919 0.0221989 0.998439 0.0512584 -12.4529 0.910549 0.000978567 -0.4134 -45.8235
-0.414715 0.0553839 -0.908264 125.572 0.0212443 0.998463 0.0511839 -12.3436 0.909703 0.00193129 -0.415255 -46.8795
-0.41643 0.0553204 -0.907483 123.331 0.0213835 0.998467 0.0510542 -12.2557 0.908916 0.00185539 -0.416975 -47.9364
-0.417756 0.0546158 -0.906916 121.02 0.0198757 0.998502 0.0509758 -12.1564 0.908342 0.00326988 -0.418216 -48.9921
-0.418456 0.0507497 -0.906818 118.716 0.0170363 0.998701 0.0480304 -12.0425 0.908077 0.00464981 -0.418777 -50.0749
-0.419004 0.050854 -0.906559 116.451 0.0138094 0.998672 0.0496385 -11.9302 0.90788 0.00827965 -0.419149 -51.1438
-0.419081 0.0522516 -0.906444 114.032 0.0140701 0.998597 0.0510586 -11.802 0.90784 0.00864394 -0.419228 -52.2424
-0.41948 0.0513262 -0.906312 111.567 0.0150339 0.998656 0.0495975 -11.6799 0.90764 0.00717972 -0.419688 -53.3633
-0.419673 0.0490311 -0.90635 109.178 0.0171839 0.99879 0.0460751 -11.5668 0.907513 0.00376183 -0.420008 -54.4627
-0.42002 0.0487697 -0.906204 106.756 0.0168903 0.998802 0.0459246 -11.4503 0.907358 0.00398321 -0.42034 -55.5684
-0.419923 0.0516803 -0.906087 104.285 0.0185515 0.998658 0.0483626 -11.3382 0.90737 0.00349926 -0.420318 -56.7054
-0.419456 0.056429 -0.90602 101.832 0.0220176 0.998405 0.0519895 -11.2199 0.907509 0.00185891 -0.420029 -57.8369
-0.418883 0.0587959 -0.906135 99.4302 0.0250767 0.99827 0.0531819 -11.1261 0.907694 -0.000445814 -0.419633 -58.9781
-0.418738 0.0574992 -0.906285 96.9706 0.0227361 0.998344 0.052835 -11.0142 0.907822 0.00151861 -0.419352 -60.1023
-0.417674 0.0538653 -0.906999 94.6124 0.0191059 0.998541 0.0505036 -10.884 0.908396 0.00376505 -0.418094 -61.2398
-0.416379 0.0524705 -0.907676 92.1208 0.019108 0.998618 0.0489622 -10.7497 0.90899 0.00304295 -0.416806 -62.3887
-0.415252 0.0518552 -0.908227 89.5773 0.0201511 0.998653 0.0478047 -10.6249 0.909483 0.00154922 -0.415738 -63.5427
-0.413445 0.0531792 -0.908975 87.0954 0.0211436 0.998585 0.0488047 -10.5225 0.910284 0.000959045 -0.413984 -64.6911
-0.411474 0.0542577 -0.909805 84.5362 0.0212332 0.998526 0.0499457 -10.415 0.911174 0.00123325 -0.41202 -65.8142
-0.408928 0.0535208 -0.910996 82.0748 0.0193554 0.998563 0.0499771 -10.2848 0.912361 0.00280438 -0.409376 -66.9521
-0.40592 0.0520427 -0.912426 79.6695 0.017836 0.998638 0.0490252 -10.1522 0.913735 0.00362631 -0.406295 -68.0762
-0.403281 0.0527631 -0.913554 77.044 0.0179242 0.9986 0.0497626 -10.0336 0.914901 0.00369362 -0.403662 -69.2173
-0.400546 0.0520315 -0.914798 74.4364 0.0159375 0.998631 0.0498214 -9.89436 0.916138 0.00537611 -0.400827 -70.3557
-0.396973 0.0512865 -0.916396 71.8687 0.0162928 0.998674 0.0488334 -9.77691 0.917686 0.00445489 -0.397282 -71.4997
-0.393986 0.0523353 -0.917625 69.2459 0.0165916 0.99862 0.049831 -9.66279 0.918967 0.00440789 -0.394311 -72.6208
-0.391286 0.0522363 -0.918785 66.5934 0.0167677 0.998627 0.0496346 -9.53117 0.920116 0.00401547 -0.391625 -73.7387
-0.388161 0.0521144 -0.920117 63.989 0.0169284 0.998635 0.0494201 -9.39577 0.921436 0.00360684 -0.388513 -74.8469
-0.386363 0.0520714 -0.920876 61.0989 0.0170117 0.998638 0.0493311 -9.24729 0.92219 0.00339407 -0.386723 -75.998
-0.38397 0.0516015 -0.921903 58.412 0.0162717 0.99866 0.0491207 -9.10931 0.923202 0.00385992 -0.384295 -77.1183
-0.382798 0.0522629 -0.922352 55.7943 0.0172518 0.998629 0.049425 -9.01679 0.923671 0.00300756 -0.383175 -78.2136
-0.381202 0.0543291 -0.922894 53.1598 0.0194462 0.998522 0.0507489 -8.91788 0.924287 0.00139876 -0.381695 -79.3119
-0.379311 0.0564164 -0.923548 50.6685 0.0210388 0.998407 0.0523485 -8.8113 0.92503 0.00042604 -0.379894 -80.4142
-0.377656 0.0584434 -0.9241 48.0387 0.0242733 0.998288 0.0532155 -8.69289 0.925628 -0.00233379 -0.378429 -81.4918
-0.376497 0.0593539 -0.924514 45.4128 0.0237671 0.998236 0.0544079 -8.5765 0.926113 -0.00148857 -0.377244 -82.553
-0.375264 0.0586824 -0.925059 42.8119 0.0224512 0.998277 0.0542194 -8.45925 0.926646 -0.000422107 -0.375935 -83.5997
-0.373614 0.0566991 -0.92585 40.3139 0.0213991 0.998391 0.0525062 -8.36781 0.927337 -0.000195224 -0.374227 -84.6741
-0.372215 0.0552751 -0.926499 37.6429 0.0216411 0.998471 0.0508748 -8.27183 0.927894 -0.00111408 -0.372842 -85.7569
-0.370843 0.0526977 -0.927199 35.0547 0.0184844 0.99861 0.0493633 -8.16266 0.928512 0.00116729 -0.371301 -86.8366
-0.369122 0.0522564 -0.92791 32.5006 0.0136099 0.998615 0.0508242 -8.03168 0.929281 0.00613154 -0.369322 -87.8976
-0.366644 0.0561763 -0.928664 29.9357 0.01322 0.998389 0.0551747 -7.9244 0.930267 0.00795249 -0.366796 -88.9524
-0.364523 0.0586743 -0.929344 27.1204 0.0167934 0.998265 0.0564386 -7.79667 0.931043 0.0049663 -0.364876 -90.0156
-0.361997 0.0573913 -0.930411 24.4888 0.0171876 0.998344 0.0548944 -7.66154 0.932021 0.00388005 -0.362384 -91.0533
-0.359331 0.0539881 -0.931647 21.8798 0.0181091 0.998541 0.0508799 -7.56259 0.933035 0.00141141 -0.359784 -92.0701
-0.356965 0.0505893 -0.932747 19.342 0.0164442 0.998718 0.0478741 -7.46374 0.933973 0.00175109 -0.35734 -93.0724
-0.354797 0.0495672 -0.933629 16.6772 0.0170283 0.998771 0.0465546 -7.36859 0.934788 0.000619311 -0.355205 -94.0811
-0.353098 0.0497984 -0.93426 14.0414 0.0168255 0.998759 0.0468772 -7.27099 0.935435 0.000832888 -0.353497 -95.0868
-0.35176 0.0467284 -0.934923 11.4353 0.0177469 0.998907 0.0432492 -7.16668 0.935922 -0.00137865 -0.352205 -96.0557
-0.3502 0.044165 -0.935633 8.74045 0.0176473 0.999022 0.0405519 -7.07966 0.936509 -0.00231015 -0.350636 -97.0523
-0.349323 0.0448927 -0.935926 6.11842 0.0164681 0.998991 0.0417712 -7.00424 0.936858 -0.000821308 -0.34971 -98.0024
-0.347659 0.0459264 -0.936496 3.45965 0.0155459 0.998945 0.0432178 -6.92372 0.937492 0.000466374 -0.348006 -99.0017
-0.346478 0.0491442 -0.93677 0.796054 0.0138641 0.998786 0.0472698 -6.8167 0.937956 0.00339051 -0.346739 -99.9973
-0.344663 0.0510345 -0.937338 -1.84153 0.0148425 0.998693 0.0489173 -6.71804 0.938609 0.00294753 -0.34497 -100.991
-0.343599 0.0527702 -0.937633 -4.41659 0.0165765 0.998605 0.0501273 -6.63307 0.93897 0.00168099 -0.343994 -101.948
-0.342676 0.0534284 -0.937933 -6.97621 0.0170695 0.998571 0.0506462 -6.5254 0.939299 0.00134516 -0.343098 -102.906
-0.341335 0.0534091 -0.938423 -9.55154 0.0176487 0.998573 0.050413 -6.42048 0.939776 0.0006458 -0.34179 -103.847
-0.340098 0.0526938 -0.938912 -12.1401 0.0195684 0.998609 0.0489559 -6.3111 0.940186 -0.00172321 -0.340657 -104.787
-0.338553 0.052114 -0.939503 -14.7524 0.0209376 0.998635 0.0478492 -6.21863 0.940714 -0.00347144 -0.339182 -105.754
-0.336321 0.0529531 -0.940258 -17.3837 0.0226854 0.998584 0.0481236 -6.11338 0.941474 -0.00514517 -0.337045 -106.694
-0.335032 0.050278 -0.940864 -19.9375 0.0224281 0.998718 0.0453832 -6.0028 0.94194 -0.00589695 -0.33573 -107.586
-0.332653 0.0491246 -0.941769 -22.6609 0.0160468 0.998793 0.046431 -5.89776 0.942913 0.000333057 -0.33304 -108.569
-0.330102 0.049821 -0.94263 -25.3411 0.0128818 0.998751 0.0482761 -5.79013 0.943857 0.00379329 -0.330331 -109.504
-0.327877 0.0497183 -0.943411 -27.9546 0.0124307 0.998755 0.0483147 -5.6763 0.944639 0.00411396 -0.328086 -110.429
-0.326596 0.0459152 -0.944048 -30.6208 0.0135006 0.998944 0.0439146 -5.55106 0.945067 0.00159714 -0.326871 -111.343
-0.325382 0.0440731 -0.944555 -33.2941 0.0163056 0.999026 0.0409977 -5.46455 0.945442 -0.00206157 -0.325784 -112.267
-0.324406 0.0452454 -0.944835 -35.8914 0.0194027 0.998964 0.0411756 -5.39467 0.945719 -0.00497469 -0.324948 -113.174
-0.322667 0.0484574 -0.945271 -38.5285 0.0221229 0.998802 0.0436499 -5.33841 0.946254 -0.00682776 -0.323352 -114.101
-0.320916 0.049272 -0.945825 -41.1783 0.0216492 0.998767 0.0446845 -5.20947 0.94686 -0.00613645 -0.321587 -115.019
-0.319747 0.0486821 -0.946252 -43.7585 0.0208081 0.998799 0.0443543 -5.12103 0.947275 -0.00550758 -0.320376 -115.905
-0.318203 0.0482071 -0.946796 -46.3434 0.0195496 0.998828 0.044286 -5.03205 0.947821 -0.00441759 -0.318772 -116.811
-0.317018 0.0484341 -0.947182 -49.0012 0.0186155 0.998821 0.0448441 -4.94871 0.948237 -0.0034159 -0.317546 -117.693
-0.315358 0.0481894 -0.947748 -51.6451 0.0187415 0.998831 0.0445507 -4.88455 0.948788 -0.0037128 -0.315893 -118.602
-0.313431 0.0483122 -0.948381 -54.2145 0.0192247 0.998823 0.0445282 -4.8082 0.949416 -0.00427585 -0.313991 -119.491
