1 0.000103882 0.000123069 -0.00237698 -0.000103877 1 -4.10448e-05 -0.0019774 -0.000123073 4.1032e-05 1 0.0454333
1 0.000327684 0.000162972 -0.00125179 -0.000327669 1 -9.12429e-05 -0.00382672 -0.000163002 9.11895e-05 1 0.0969759
0.999999 0.00101542 0.00032907 -0.00287161 -0.00101536 0.999999 -0.000165863 -0.0043668 -0.000329238 0.000165529 1 0.148035
0.999999 0.00147678 0.000514962 -0.00507643 -0.00147671 0.999999 -0.000134623 -0.00958666 -0.000515161 0.000133863 1 0.198349
0.999998 0.00173229 0.000636032 -0.00549375 -0.00173218 0.999998 -0.000182272 -0.0115935 -0.000636347 0.00018117 1 0.255486
0.999998 0.00183662 0.000601175 -0.00166536 -0.00183646 0.999998 -0.000276863 -0.0099348 -0.000601683 0.000275759 1 0.32589
0.999998 0.00172062 0.000508486 0.0016156 -0.00172052 0.999999 -0.000192743 -0.00845537 -0.000508817 0.000191868 1 0.402028
0.999998 0.00201023 0.000644331 0.0002411 -0.00201006 0.999998 -0.000269181 -0.00812349 -0.00064487 0.000267885 1 0.472788
0.999998 0.00183863 0.000622244 -5.29828e-05 -0.00183847 0.999998 -0.000261631 -0.00579229 -0.000622724 0.000260487 1 0.560378
0.999998 0.00182836 0.000584384 0.000324007 -0.00182821 0.999998 -0.00026741 -0.00570534 -0.000584872 0.000266341 1 0.641267
0.999998 0.00176772 -0.000118872 0.00196942 -0.00176779 0.999998 -0.000530929 -0.00813747 0.000117933 0.000531138 1 0.734468
0.999997 0.00224118 -0.00110687 -0.00531473 -0.002243 0.999996 -0.00164926 -0.00498693 0.00110317 0.00165174 0.999998 0.834319
0.999991 0.0024935 -0.00348996 -0.0110213 -0.00250254 0.999994 -0.00258682 -0.00343262 0.00348349 0.00259553 0.999991 0.939977
0.999969 0.00250551 -0.00743139 -0.0197741 -0.00252662 0.999993 -0.00283262 -0.00804568 0.00742424 0.00285131 0.999968 1.05087
0.999906 0.00198313 -0.0135653 -0.0245779 -0.00202673 0.999993 -0.00320126 -0.00570663 0.0135589 0.00322845 0.999903 1.18077
0.999761 0.001935 -0.0217609 -0.0363417 -0.00200871 0.999992 -0.00336595 -0.00310098 0.0217542 0.00340886 0.999758 1.3222
0.999466 0.00156342 -0.0326472 -0.0517276 -0.0016662 0.999994 -0.00312123 -0.00535153 0.0326421 0.00317396 0.999462 1.47255
0.998889 0.000858636 -0.0471272 -0.0677975 -0.000995512 0.999995 -0.002881 -0.00690206 0.0471245 0.00292471 0.998885 1.64044
0.997902 0.000440295 -0.0647479 -0.0977773 -0.000627172 0.999996 -0.00286593 -0.00199262 0.0647464 0.00290052 0.997898 1.81944
0.996331 0.00037108 -0.0855861 -0.13354 -0.000575209 0.999997 -0.00236043 -0.00100465 0.0855849 0.002401 0.996328 2.00977
0.993957 0.00103665 -0.109765 -0.179665 -0.00127759 0.999997 -0.00212476 -0.00240305 0.109763 0.00225215 0.993955 2.20741
0.990575 0.000790938 -0.136968 -0.232003 -0.001108 0.999997 -0.00223866 -0.00170983 0.136966 0.00236933 0.990573 2.41559
0.986019 0.000516642 -0.166633 -0.290968 -0.000908984 0.999997 -0.00227827 -0.00581263 0.166631 0.00239789 0.986016 2.63276
0.980105 -0.000128209 -0.198478 -0.36867 -0.000398133 0.999997 -0.00261198 -0.00243994 0.198478 0.00263903 0.980102 2.86343
0.972535 -0.0008307 -0.232756 -0.460546 0.000179151 0.999996 -0.00282041 0.00207953 0.232757 0.00270125 0.972531 3.10284
0.963105 -0.00110658 -0.269122 -0.568621 0.000403397 0.999996 -0.00266816 -0.00026267 0.269124 0.00246116 0.963102 3.35425
0.951426 0.000946219 -0.307876 -0.694454 -0.00150995 0.999998 -0.00159281 0.00297846 0.307873 0.00198031 0.951425 3.61546
0.937457 0.00364178 -0.348082 -0.839989 -0.00372673 0.999993 0.000425488 0.00382155 0.348081 0.000898333 0.937464 3.88079
0.92115 0.00695863 -0.389145 -1.00505 -0.00602434 0.999975 0.00362111 -0.00554506 0.389161 -0.000991242 0.921169 4.15152
0.901977 0.00890597 -0.431692 -1.18354 -0.00709873 0.999958 0.00579744 -0.00248394 0.431726 -0.00216469 0.902002 4.42906
0.879547 0.0094658 -0.475717 -1.36892 -0.00663294 0.999949 0.00763339 0.00407957 0.475765 -0.00355853 0.879565 4.70849
0.854659 0.0104927 -0.519084 -1.57676 -0.00562944 0.999924 0.0109435 0.0100233 0.51916 -0.00643084 0.854653 4.98493
0.826998 0.0124307 -0.562068 -1.80288 -0.00373516 0.999855 0.016617 0.0183687 0.562193 -0.0116428 0.826924 5.2628
0.79678 0.0171821 -0.604025 -2.05998 -0.00536221 0.999757 0.0213657 0.026735 0.604245 -0.0137849 0.796679 5.52793
0.763274 0.0218427 -0.645705 -2.33535 -0.00709183 0.999651 0.0254328 0.0367057 0.646036 -0.0148329 0.763163 5.79101
0.727511 0.0281189 -0.68552 -2.63943 -0.00991584 0.999486 0.0304741 0.0521184 0.686025 -0.0153727 0.727416 6.0436
0.689035 0.0322073 -0.724012 -2.95573 -0.00945527 0.999327 0.0354561 0.0690363 0.724667 -0.0175847 0.688875 6.2916
0.648382 0.0355822 -0.760483 -3.29623 -0.00735738 0.999153 0.0404764 0.0881165 0.76128 -0.020649 0.648095 6.5196
0.604765 0.0382912 -0.795483 -3.65893 -0.00476599 0.999 0.0444643 0.103667 0.79639 -0.0230992 0.604342 6.74185
0.559037 0.0396991 -0.828192 -4.04955 -0.00217059 0.99892 0.0464177 0.128023 0.82914 -0.0241515 0.558519 6.94708
0.511413 0.0403405 -0.858388 -4.45319 -0.000875269 0.998921 0.0464236 0.153434 0.859335 -0.0229903 0.510897 7.13476
0.463574 0.0407386 -0.885121 -4.88564 -0.000272939 0.998949 0.0458347 0.179319 0.886058 -0.0210062 0.463098 7.31114
0.416031 0.0413572 -0.90841 -5.33379 -0.000742755 0.99898 0.0451404 0.206539 0.90935 -0.0181051 0.415637 7.46478
0.368913 0.0413199 -0.928545 -5.80369 0.000858884 0.998996 0.0447961 0.231436 0.929463 -0.0173234 0.368507 7.606
0.322367 0.0414626 -0.945706 -6.29815 0.00387474 0.998974 0.0451188 0.261737 0.946607 -0.0182092 0.321875 7.73522
0.276207 0.0413083 -0.96021 -6.80244 0.00717504 0.998959 0.0450392 0.295323 0.961071 -0.0193297 0.275623 7.84005
0.230984 0.0431529 -0.972 -7.32566 0.0112778 0.99883 0.0470241 0.325026 0.972892 -0.0218239 0.230227 7.92731
0.187389 0.0477286 -0.981126 -7.86765 0.0117403 0.998639 0.0508228 0.352386 0.982216 -0.0210424 0.186574 7.99321
0.14719 0.0510918 -0.987788 -8.42507 0.0113507 0.998512 0.0533379 0.380953 0.989043 -0.0190629 0.146391 8.03729
0.11108 0.052086 -0.992446 -8.99102 0.0106744 0.998505 0.0535988 0.417515 0.993754 -0.0165475 0.110358 8.06754
0.0795816 0.0517608 -0.995484 -9.56507 0.00999423 0.998559 0.0527197 0.452008 0.996778 -0.0141446 0.0789496 8.08333
0.0524777 0.0513182 -0.997303 -10.1568 0.00951328 0.998608 0.051886 0.488719 0.998577 -0.0122105 0.0519164 8.07672
0.0282813 0.0507429 -0.998311 -10.761 0.0116594 0.998626 0.0510892 0.517515 0.999532 -0.0130845 0.0276508 8.07164
0.00704416 0.0511133 -0.998668 -11.375 0.0151173 0.998573 0.0512151 0.552782 0.999861 -0.0154579 0.00626141 8.06378
-0.0118444 0.0515102 -0.998602 -11.9946 0.0164429 0.998547 0.0513124 0.586957 0.999795 -0.0158122 -0.0126742 8.04155
-0.0280365 0.051114 -0.998299 -12.6224 0.0157375 0.998591 0.0506869 0.618096 0.999483 -0.0142897 -0.0288014 8.0103
-0.0414709 0.0508733 -0.997844 -13.2658 0.0135331 0.99864 0.0503514 0.653162 0.999048 -0.0114158 -0.042103 7.96675
-0.0521017 0.051041 -0.997337 -13.922 0.0128646 0.998644 0.0504359 0.693516 0.998559 -0.0102026 -0.0526877 7.91799
-0.0594197 0.0518896 -0.996884 -14.5811 0.0126737 0.998607 0.0512239 0.732503 0.998153 -0.00959045 -0.0599946 7.86516
-0.0634583 0.0536732 -0.99654 -15.2646 0.0134732 0.998508 0.0529213 0.77419 0.997894 -0.0100683 -0.0640867 7.8065
-0.0661534 0.0562902 -0.99622 -15.9607 0.0141173 0.99836 0.0554737 0.82328 0.99771 -0.0103942 -0.0668396 7.75712
-0.0682839 0.0577575 -0.995993 -16.6652 0.0126561 0.998293 0.0570232 0.866113 0.997586 -0.00871164 -0.0688983 7.70173
-0.0699811 0.0568895 -0.995925 -17.3625 0.0127059 0.998342 0.0561348 0.904887 0.997467 -0.00872579 -0.0705879 7.64591
-0.0722898 0.0561435 -0.995802 -18.0823 0.0123705 0.998388 0.0553913 0.945857 0.997307 -0.00831432 -0.0728677 7.59247
-0.0747347 0.0547865 -0.995697 -18.7971 0.0129857 0.998458 0.0539637 0.98847 0.997119 -0.00889691 -0.0753309 7.53635
-0.075766 0.0542044 -0.995651 -19.5299 0.0127643 0.998492 0.0533877 1.03312 0.997044 -0.00866385 -0.0763436 7.47642
-0.0755598 0.0555609 -0.995592 -20.2947 0.0111178 0.998431 0.0548756 1.08267 0.997079 -0.00692237 -0.076059 7.40969
-0.0756929 0.0579215 -0.995447 -21.0644 0.0112972 0.998297 0.0572283 1.13398 0.997067 -0.00691403 -0.0762184 7.35463
-0.0755895 0.0589395 -0.995396 -21.8483 0.00992021 0.998247 0.0583549 1.18131 0.99709 -0.00546351 -0.0760417 7.28979
-0.0754413 0.0564111 -0.995553 -22.6247 0.00898234 0.998396 0.0558915 1.2295 0.99711 -0.00472587 -0.0758271 7.22676
-0.0754336 0.0523946 -0.995773 -23.4237 0.00958414 0.998611 0.0518178 1.28053 0.997105 -0.00563483 -0.0758309 7.16103
-0.0750271 0.0494823 -0.995953 -24.2289 0.0121256 0.998739 0.0487073 1.32354 0.997108 -0.00842213 -0.0755325 7.09669
-0.0743698 0.0496158 -0.995996 -25.0563 0.0121197 0.998733 0.0488472 1.37603 0.997157 -0.0084384 -0.0748769 7.02855
-0.0739887 0.0534142 -0.995828 -25.8833 0.0119588 0.99854 0.0526712 1.4232 0.997187 -0.00801188 -0.0745194 6.96142
-0.0743868 0.0573789 -0.995577 -26.7288 0.0131245 0.998313 0.056556 1.46502 0.997143 -0.00885943 -0.0750144 6.89745
-0.0748835 0.0589837 -0.995446 -27.5844 0.0152689 0.9982 0.0579982 1.51671 0.997075 -0.0108562 -0.0756493 6.82888
-0.0754219 0.058996 -0.995405 -28.4362 0.0199435 0.998138 0.0576469 1.57185 0.996952 -0.0155041 -0.0764581 6.7696
-0.0760614 0.0572283 -0.995459 -29.2997 0.0226474 0.998193 0.055655 1.62189 0.996846 -0.0183114 -0.0772201 6.70328
-0.0767656 0.0542524 -0.995572 -30.1567 0.0235534 0.998339 0.0525871 1.66972 0.996771 -0.0194122 -0.0779159 6.63311
-0.0777806 0.0500512 -0.995713 -31.0307 0.0235473 0.998553 0.0483545 1.72126 0.996692 -0.0196853 -0.0788466 6.55481
-0.0786036 0.0472076 -0.995788 -31.9067 0.0263064 0.998629 0.0452658 1.76654 0.996559 -0.0226375 -0.0797377 6.48075
-0.0790908 0.0463192 -0.995791 -32.8034 0.0287901 0.998609 0.0441637 1.81372 0.996452 -0.0251759 -0.0803143 6.40585
-0.0796832 0.0473171 -0.995697 -33.7004 0.0278259 0.998589 0.0452278 1.85882 0.996432 -0.0241022 -0.0808874 6.32689
-0.0803491 0.049371 -0.995543 -34.5974 0.028392 0.998481 0.0472251 1.90218 0.996362 -0.024471 -0.0816288 6.24817
-0.0805896 0.0507577 -0.995454 -35.5063 0.0295807 0.998384 0.0485123 1.9535 0.996308 -0.0255366 -0.0819609 6.16446
-0.0808785 0.0522216 -0.995355 -36.4161 0.0295157 0.998314 0.0499785 2.00085 0.996287 -0.0253364 -0.0822835 6.08928
-0.0806373 0.0527069 -0.995349 -37.3303 0.0317364 0.99823 0.0502884 2.05111 0.996238 -0.0275337 -0.0821673 6.00999
-0.0812083 0.0521013 -0.995334 -38.2436 0.030676 0.99829 0.0497532 2.0989 0.996225 -0.0264925 -0.0826677 5.92798
-0.0815043 0.0515808 -0.995337 -39.1608 0.0310596 0.998306 0.0491913 2.15038 0.996189 -0.0269055 -0.0829684 5.84393
-0.0816691 0.0508169 -0.995363 -40.0853 0.0302736 0.998365 0.0484862 2.20315 0.9962 -0.0261734 -0.083074 5.75833
-0.0819887 0.0504066 -0.995358 -41.0074 0.0311841 0.998361 0.04799 2.2532 0.996145 -0.0271047 -0.0834262 5.67192
-0.0824688 0.0502218 -0.995327 -41.9352 0.0337167 0.998298 0.047578 2.29574 0.996023 -0.0296355 -0.0840218 5.59203
-0.0832936 0.0474356 -0.995395 -42.8609 0.0371519 0.99832 0.0444661 2.34002 0.995832 -0.033277 -0.084916 5.51623
-0.0842869 0.0462026 -0.99537 -43.8033 0.0406035 0.998254 0.0428982 2.38556 0.995614 -0.0367997 -0.0860157 5.43892
-0.0853536 0.0475029 -0.995218 -44.7481 0.0409043 0.998188 0.0441366 2.43488 0.995511 -0.0369415 -0.087142 5.35132
-0.0867327 0.0526447 -0.99484 -45.7044 0.0423051 0.997897 0.0491182 2.4782 0.995333 -0.0378266 -0.0887774 5.26546
-0.087864 0.0557355 -0.994572 -46.6787 0.0432944 0.997704 0.0520862 2.53088 0.995191 -0.0384829 -0.0900752 5.17636
-0.0890786 0.0558522 -0.994457 -47.6322 0.0416768 0.997761 0.0523046 2.58403 0.995152 -0.0367866 -0.0912069 5.07701
-0.090378 0.0546348 -0.994408 -48.5921 0.0403681 0.997874 0.0511563 2.63757 0.995089 -0.0355189 -0.0923914 4.97892
-0.0918353 0.0533219 -0.994346 -49.5658 0.0377149 0.998035 0.0500365 2.68931 0.99506 -0.0329065 -0.0936659 4.87571
-0.0932874 0.0537707 -0.994186 -50.5515 0.0360839 0.998067 0.0505948 2.74853 0.994985 -0.0311542 -0.0950473 4.77613
-0.094512 0.0553927 -0.993981 -51.5347 0.0358034 0.997994 0.052212 2.80087 0.99488 -0.0306533 -0.0963057 4.67381
-0.0958189 0.0565007 -0.993794 -52.5209 0.0332543 0.998012 0.0535343 2.85276 0.994843 -0.0279183 -0.0975074 4.56361
-0.0970507 0.0566005 -0.993669 -53.4997 0.0309639 0.99807 0.053827 2.90843 0.994798 -0.0255439 -0.0986159 4.45312
-0.0984721 0.0556217 -0.993584 -54.4785 0.029981 0.998149 0.0529059 2.96542 0.994688 -0.0245789 -0.0999574 4.3434
-0.0995915 0.0553291 -0.993489 -55.4582 0.030823 0.998145 0.0524985 3.01898 0.994551 -0.0253939 -0.101112 4.24011
-0.100779 0.0552349 -0.993374 -56.4511 0.0316146 0.998131 0.052292 3.07211 0.994406 -0.0261352 -0.102337 4.13532
-0.101953 0.0557513 -0.993226 -57.4395 0.0311782 0.998117 0.0528255 3.13059 0.994301 -0.0255814 -0.103499 4.02356
-0.103081 0.0563783 -0.993074 -58.4326 0.0308368 0.998094 0.0534624 3.17898 0.994195 -0.0251123 -0.104623 3.91286
-0.103856 0.0563264 -0.992996 -59.4213 0.0293194 0.998135 0.0535514 3.2394 0.99416 -0.0235524 -0.105313 3.79853
-0.104524 0.0568193 -0.992898 -60.3968 0.0271588 0.998157 0.0542612 3.29486 0.994151 -0.0212943 -0.105875 3.68339
-0.105036 0.0582137 -0.992763 -61.3837 0.0234581 0.998152 0.0560478 3.34409 0.994192 -0.0174013 -0.106208 3.56973
-0.104802 0.060025 -0.99268 -62.3728 0.0191613 0.998113 0.0583306 3.40537 0.994308 -0.0129079 -0.105755 3.4577
-0.103616 0.0616555 -0.992705 -63.3624 0.0158792 0.998052 0.0603303 3.46913 0.994491 -0.0095122 -0.104393 3.34692
-0.101809 0.0632572 -0.992791 -64.352 0.0163882 0.997947 0.0619052 3.52544 0.994669 -0.00996748 -0.102637 3.23892
-0.0999816 0.0641262 -0.992921 -65.3388 0.016845 0.997887 0.0627507 3.58287 0.994847 -0.0104519 -0.100851 3.13559
-0.0985709 0.063047 -0.993131 -66.3366 0.0182611 0.997938 0.0615397 3.65149 0.994962 -0.0120696 -0.0995189 3.04027
-0.0975877 0.0599606 -0.993419 -67.3271 0.0184003 0.998122 0.0584369 3.71681 0.995057 -0.0125765 -0.0985077 2.94191
-0.0967344 0.0575117 -0.993647 -68.3052 0.0191421 0.998252 0.0559147 3.77248 0.995126 -0.0136116 -0.0976662 2.84162
-0.0958064 0.0564086 -0.9938 -69.2964 0.0186392 0.99832 0.0548682 3.83499 0.995225 -0.0132669 -0.0966968 2.74324
-0.0950777 0.0558099 -0.993904 -70.2755 0.0151891 0.998392 0.054609 3.8966 0.995354 -0.00990437 -0.0957726 2.63668
-0.0941919 0.0549626 -0.994036 -71.2767 0.0126053 0.998461 0.0540128 3.95891 0.995474 -0.00744252 -0.0947398 2.53698
-0.0938377 0.0541419 -0.994114 -72.2708 0.0122383 0.998507 0.053226 4.01604 0.995512 -0.00717168 -0.0943602 2.44336
-0.0934279 0.0532623 -0.9942 -73.2522 0.0113369 0.99856 0.0524305 4.07058 0.995562 -0.00637264 -0.0938972 2.34221
-0.0927087 0.0534775 -0.994256 -74.2447 0.0124659 0.998541 0.0525456 4.12297 0.995615 -0.0075229 -0.0932401 2.24652
-0.0917631 0.052617 -0.99439 -75.2571 0.0136721 0.998575 0.0515768 4.17951 0.995687 -0.0088625 -0.0923517 2.14921
-0.0909979 0.0517329 -0.994506 -76.2754 0.0153658 0.998604 0.05054 4.23695 0.995733 -0.0106824 -0.0916658 2.0516
-0.090777 0.0509237 -0.994568 -77.3064 0.0170728 0.998625 0.0495731 4.29387 0.995725 -0.0124799 -0.0915215 1.96035
-0.0905587 0.0504698 -0.994611 -78.3368 0.0193268 0.998616 0.0489133 4.34493 0.995704 -0.0147931 -0.0914088 1.86818
-0.0897939 0.0498573 -0.994712 -79.3618 0.0219203 0.998603 0.0480735 4.39835 0.995719 -0.0174877 -0.0907613 1.77988
-0.0886126 0.0508053 -0.99477 -80.363 0.0221923 0.998551 0.0490216 4.45061 0.995819 -0.0177323 -0.0896117 1.68405
-0.0866986 0.0527252 -0.994838 -81.4033 0.0204834 0.998482 0.0511332 4.50455 0.996024 -0.0159445 -0.0876469 1.5823
-0.0851188 0.054117 -0.9949 -82.4319 0.0182848 0.998441 0.0527452 4.56016 0.996203 -0.0137019 -0.0859756 1.48098
-0.0837703 0.0542728 -0.995006 -83.4814 0.0180845 0.998434 0.0529372 4.61239 0.996321 -0.0135596 -0.0846206 1.38332
-0.0828452 0.0541021 -0.995093 -84.526 0.0182218 0.998441 0.052767 4.67107 0.996396 -0.0137609 -0.0837019 1.29342
-0.0818382 0.0545115 -0.995154 -85.5896 0.0195107 0.998399 0.0530848 4.72198 0.996455 -0.0150718 -0.0827708 1.20021
-0.0814301 0.0549094 -0.995165 -86.6437 0.0191635 0.998383 0.0535189 4.77743 0.996495 -0.0147128 -0.0823507 1.11303
-0.0812291 0.0537798 -0.995243 -87.6841 0.0189964 0.998445 0.0524023 4.83483 0.996514 -0.0146494 -0.0821244 1.02166
-0.0815911 0.0537647 -0.995215 -88.7325 0.0192546 0.998443 0.0523606 4.89238 0.99648 -0.0148903 -0.0824992 0.932869
-0.0817328 0.0539658 -0.995192 -89.801 0.0190649 0.998435 0.0525759 4.94336 0.996472 -0.0146761 -0.0826337 0.842529
-0.0821812 0.0556408 -0.995063 -90.8518 0.0172324 0.99837 0.0544026 5.00261 0.996468 -0.0126765 -0.0830061 0.750779
-0.0826155 0.0564646 -0.994981 -91.9043 0.0151891 0.998349 0.0553946 5.06026 0.996466 -0.0105365 -0.0833367 0.654032
-0.0832189 0.0574978 -0.994871 -92.9412 0.0137989 0.998305 0.056542 5.11495 0.996436 -0.00902281 -0.0838712 0.56099
-0.0834623 0.0568063 -0.99489 -93.978 0.0140029 0.998342 0.0558287 5.17196 0.996413 -0.00927172 -0.0841193 0.467355
-0.083761 0.0567784 -0.994867 -95.0151 0.0119012 0.998361 0.0559758 5.23234 0.996415 -0.00715152 -0.0842994 0.368446
-0.0838485 0.056931 -0.994851 -96.0575 0.011526 0.998355 0.0561601 5.28979 0.996412 -0.00675767 -0.0843668 0.277621
-0.0840392 0.0583631 -0.994752 -97.0935 0.0103968 0.99828 0.0576917 5.35074 0.996408 -0.00549391 -0.0845014 0.182327
-0.0834285 0.058803 -0.994777 -98.1293 0.00778358 0.998265 0.0583564 5.4085 0.996483 -0.00287434 -0.0837415 0.0844652
-0.0819596 0.0597988 -0.99484 -99.1575 0.00642265 0.998209 0.0594722 5.46497 0.996615 -0.00151519 -0.0821969 -0.00351363
-0.0805381 0.0595307 -0.994972 -100.17 0.00398788 0.998226 0.0594026 5.51753 0.996744 0.000816346 -0.0806327 -0.0998745
-0.079581 0.0591085 -0.995074 -101.179 0.00246879 0.998249 0.0590996 5.5746 0.996825 0.00224658 -0.0795875 -0.187763
-0.078987 0.0577259 -0.995203 -102.212 0.00331925 0.998332 0.057644 5.62996 0.99687 0.0012498 -0.0790469 -0.267708
-0.0785688 0.0556024 -0.995357 -103.217 0.00172212 0.998449 0.0556392 5.68118 0.996907 0.00265739 -0.0785428 -0.355482
-0.0780379 0.0541174 -0.99548 -104.22 0.000710743 0.998528 0.0542274 5.73472 0.99695 0.00352426 -0.0779615 -0.445341
-0.0782624 0.0552759 -0.995399 -105.24 0.0023327 0.998469 0.055263 5.79683 0.99693 0.00200305 -0.0782716 -0.530272
-0.0793154 0.0588372 -0.995112 -106.252 0.00389283 0.998267 0.0587135 5.84987 0.996842 0.000783078 -0.079407 -0.612089
-0.080502 0.0611321 -0.994878 -107.254 0.00365884 0.998129 0.0610358 5.90743 0.996748 0.00127341 -0.0805751 -0.70181
-0.0823666 0.0612774 -0.994716 -108.249 0.00357783 0.99812 0.0611907 5.97132 0.996596 0.00148114 -0.0824309 -0.790424
-0.0840676 0.0598574 -0.994661 -109.241 0.00557775 0.998207 0.0595994 6.03005 0.996444 -0.000537584 -0.0842508 -0.880753
-0.0859287 0.0576366 -0.994633 -110.216 0.00628799 0.998337 0.057308 6.08754 0.996281 -0.00132984 -0.0861482 -0.973266
-0.087719 0.0556341 -0.99459 -111.204 0.00873332 0.998444 0.0550794 6.14761 0.996107 -0.00385457 -0.0880683 -1.05977
-0.090108 0.0560928 -0.994351 -112.226 0.0134666 0.99839 0.0551003 6.20555 0.995841 -0.00842557 -0.0907183 -1.14911
-0.0923842 0.0592483 -0.993959 -113.223 0.0171464 0.998175 0.0579059 6.26077 0.995576 -0.0116932 -0.0932315 -1.24568
-0.0953221 0.0640777 -0.993382 -114.224 0.0166577 0.997889 0.06277 6.31925 0.995307 -0.0105641 -0.0961882 -1.34569
-0.0980442 0.0666825 -0.992946 -115.219 0.017808 0.99771 0.0652441 6.38546 0.995023 -0.0112856 -0.0990072 -1.44056
-0.100772 0.0668819 -0.992659 -116.204 0.0158836 0.997719 0.0656103 6.44224 0.994783 -0.0091553 -0.101605 -1.54545
-0.102647 0.0636652 -0.992678 -117.184 0.0104073 0.997964 0.062928 6.50384 0.994663 -0.00387171 -0.103101 -1.6635
-0.104937 0.0615364 -0.992573 -118.17 0.00721267 0.998105 0.0611168 6.56493 0.994453 -0.00074571 -0.105182 -1.77665
-0.107549 0.0613729 -0.992304 -119.162 0.00638902 0.998115 0.0610399 6.62987 0.994179 0.000224901 -0.107738 -1.88702
-0.110063 0.0634008 -0.9919 -120.136 0.00676242 0.997988 0.0630396 6.68979 0.993902 0.000230696 -0.110271 -2.00374
-0.112598 0.0646429 -0.991536 -121.12 0.00843691 0.997908 0.0641003 6.75221 0.993605 -0.00114791 -0.112908 -2.11642
-0.115137 0.0635578 -0.991314 -122.091 0.0105982 0.997973 0.0627538 6.81398 0.993293 -0.00328083 -0.115578 -2.23191
-0.117139 0.0617879 -0.991192 -123.067 0.0125106 0.998075 0.0607385 6.87318 0.993037 -0.00528555 -0.117686 -2.35043
-0.118832 0.0603278 -0.99108 -124.055 0.0126286 0.998164 0.0592448 6.93702 0.992834 -0.00547585 -0.119375 -2.46976
-0.119625 0.0599377 -0.991008 -125.028 0.0116898 0.998192 0.0589611 6.99507 0.99275 -0.00453148 -0.120109 -2.59881
-0.120533 0.0590134 -0.990954 -126.008 0.0104789 0.998251 0.0581734 7.05298 0.992654 -0.00337235 -0.12094 -2.72076
-0.120729 0.0596157 -0.990894 -126.987 0.010836 0.998215 0.058736 7.11043 0.992626 -0.00364622 -0.121159 -2.84646
-0.120851 0.0598155 -0.990867 -127.962 0.0102175 0.998205 0.0590123 7.16952 0.992618 -0.00299247 -0.121245 -2.97326
-0.1204 0.0603018 -0.990892 -128.949 0.00846944 0.998179 0.0597161 7.22759 0.992689 -0.00120247 -0.120692 -3.09629
-0.119989 0.0581342 -0.991072 -129.934 0.00679219 0.998309 0.0577364 7.28699 0.992752 0.000196151 -0.12018 -3.21865
-0.11895 0.0552741 -0.99136 -130.911 0.00628145 0.998471 0.0549169 7.34593 0.99288 0.000305206 -0.119116 -3.34127
-0.117795 0.0534899 -0.991596 -131.9 0.00658125 0.998568 0.0530841 7.41072 0.993016 -0.000272905 -0.117978 -3.46515
-0.116443 0.0554063 -0.991651 -132.897 0.00642047 0.998464 0.0550331 7.46745 0.993177 4.13606e-05 -0.11662 -3.59284
-0.115175 0.0575775 -0.991675 -133.893 0.00672249 0.998341 0.0571838 7.52081 0.993322 -8.03728e-05 -0.115371 -3.71344
-0.113923 0.0570866 -0.991848 -134.893 0.00766054 0.998369 0.056582 7.57825 0.99346 -0.00115208 -0.114175 -3.8289
-0.112607 0.0553852 -0.992095 -135.898 0.00808336 0.998463 0.0548232 7.63569 0.993607 -0.00184598 -0.112882 -3.94613
-0.111378 0.0551974 -0.992244 -136.913 0.00761131 0.998474 0.0546896 7.70528 0.993749 -0.00146104 -0.111629 -4.06017
-0.110109 0.0551099 -0.992391 -137.899 0.00801496 0.998478 0.0545586 7.75444 0.993887 -0.00194658 -0.110383 -4.17737
-0.10889 0.0550782 -0.992527 -138.886 0.00962536 0.998475 0.0543523 7.81273 0.994007 -0.00363502 -0.109254 -4.28843
-0.107398 0.0551634 -0.992685 -139.884 0.009724 0.99847 0.0544328 7.87558 0.994169 -0.00380689 -0.10777 -4.40483
-0.106171 0.0588548 -0.992605 -140.883 0.010363 0.998258 0.0580816 7.9265 0.994294 -0.00411978 -0.106596 -4.5146
-0.104759 0.0623351 -0.992542 -141.891 0.0106013 0.998047 0.0615619 7.98404 0.994441 -0.00407311 -0.105215 -4.62933
-0.10332 0.062113 -0.992707 -142.882 0.0106081 0.99806 0.0613439 8.04304 0.994592 -0.00419261 -0.103779 -4.73944
-0.102242 0.0593738 -0.992986 -143.869 0.0111255 0.998223 0.0585414 8.09494 0.994697 -0.00506213 -0.102721 -4.84151
-0.100804 0.0551191 -0.993378 -144.846 0.0137752 0.998446 0.0540024 8.15239 0.994811 -0.00824031 -0.101407 -4.94788
-0.099866 0.053686 -0.993552 -145.841 0.0150209 0.998511 0.0524441 8.20612 0.994888 -0.00968664 -0.100524 -5.05012
-0.0991519 0.0535713 -0.993629 -146.819 0.0148298 0.998518 0.052355 8.25509 0.994962 -0.00954427 -0.0997994 -5.15148
-0.0985274 0.0554281 -0.993589 -147.797 0.017645 0.998388 0.0539461 8.30811 0.994978 -0.0122167 -0.0993466 -5.24746
-0.0981544 0.0570837 -0.993533 -148.77 0.0206464 0.998255 0.0553153 8.35738 0.994957 -0.0150834 -0.0991618 -5.34028
-0.0973781 0.058976 -0.993499 -149.739 0.0187349 0.998174 0.0574172 8.41904 0.995071 -0.0130219 -0.0983052 -5.44434
-0.0967773 0.0617143 -0.993391 -150.723 0.0188677 0.99801 0.0601632 8.47954 0.995127 -0.0129205 -0.0977492 -5.54034
-0.0965682 0.0660646 -0.993131 -151.69 0.017998 0.997748 0.0646217 8.53574 0.995164 -0.011634 -0.0975398 -5.64002
-0.0960668 0.0681533 -0.993039 -152.657 0.0181172 0.997608 0.0667142 8.59896 0.99521 -0.0115821 -0.0970717 -5.73456
-0.0956414 0.0688081 -0.993035 -153.597 0.0160902 0.997585 0.0675736 8.66384 0.995286 -0.00951531 -0.0965175 -5.83596
-0.0952944 0.0679559 -0.993127 -154.544 0.0131738 0.997666 0.0670024 8.72648 0.995362 -0.00669826 -0.0959672 -5.93832
-0.0952436 0.0673172 -0.993175 -155.476 0.0100024 0.997725 0.0666664 8.79339 0.995404 -0.00358461 -0.0957002 -6.03578
-0.0952374 0.0675598 -0.993159 -156.396 0.00796922 0.997714 0.0671054 8.85144 0.995423 -0.00152375 -0.0955581 -6.12661
-0.0947226 0.068245 -0.993162 -157.3 0.00590282 0.997668 0.0679917 8.91548 0.995486 0.0005779 -0.0949046 -6.22317
-0.0943402 0.0699559 -0.993079 -158.194 0.00454452 0.997548 0.0698389 8.97502 0.99553 0.00207555 -0.0944268 -6.31858
-0.0940231 0.0707667 -0.993052 -159.066 0.00388871 0.997489 0.0707148 9.03194 0.995562 0.00278713 -0.0940622 -6.40551
-0.0936362 0.0706889 -0.993094 -159.927 0.00412498 0.997495 0.0706133 9.08566 0.995598 0.00251547 -0.0936932 -6.4941
-0.0938083 0.0704253 -0.993096 -160.783 0.00509317 0.997516 0.0702576 9.13489 0.995577 0.00153274 -0.093934 -6.56828
-0.0941871 0.0693435 -0.993137 -161.606 0.00491118 0.997591 0.0691888 9.19058 0.995542 0.00163922 -0.0943008 -6.64859
-0.0954643 0.0680633 -0.993103 -162.422 0.00426219 0.997678 0.0679671 9.24573 0.995424 0.00225564 -0.0955327 -6.72695
-0.0970464 0.0676062 -0.992981 -163.219 0.00488513 0.997711 0.0674508 9.29714 0.995268 0.00169502 -0.0971545 -6.81002
-0.0985172 0.0674323 -0.992848 -164.018 0.00552309 0.997723 0.0672154 9.3454 0.99512 0.00113828 -0.0986653 -6.89364
-0.0992732 0.0678364 -0.992745 -164.802 0.00619934 0.997696 0.0675548 9.39292 0.995041 0.000552021 -0.0994651 -6.98284
-0.10028 0.0674535 -0.99267 -165.598 0.00490254 0.997721 0.0673014 9.44621 0.994947 0.00188237 -0.100382 -7.07112
-0.100822 0.0669381 -0.99265 -166.377 0.00531513 0.997756 0.0667426 9.49438 0.99489 0.00145306 -0.100952 -7.15657
-0.101293 0.06666 -0.992621 -167.16 0.00573795 0.997775 0.0664206 9.53918 0.99484 0.00103232 -0.10145 -7.23458
-0.10126 0.0669177 -0.992607 -167.941 0.00740782 0.997758 0.0665093 9.59085 0.994832 -0.000618311 -0.101529 -7.30697
-0.100662 0.0674544 -0.992631 -168.704 0.00851635 0.997721 0.0669366 9.63595 0.994884 -0.00171563 -0.101007 -7.38832
-0.0997409 0.0692045 -0.992604 -169.454 0.00895969 0.9976 0.0686526 9.6867 0.994973 -0.00204595 -0.100122 -7.46591
-0.0984833 0.0701419 -0.992664 -170.206 0.00816369 0.997536 0.0696763 9.73813 0.995105 -0.00124184 -0.0988133 -7.53053
-0.0962502 0.0700784 -0.992887 -170.935 0.00751809 0.997541 0.0696781 9.7889 0.995329 -0.000758087 -0.0965404 -7.60503
-0.0936129 0.0703006 -0.993124 -171.637 0.0076008 0.997525 0.0698958 9.83278 0.99558 -0.00100538 -0.0939156 -7.67198
-0.0904275 0.0688665 -0.993519 -172.348 0.00746904 0.997625 0.0684713 9.87866 0.995875 -0.00122894 -0.0907271 -7.73672
-0.086759 0.0670328 -0.993972 -173.046 0.00550088 0.997751 0.0668075 9.92399 0.996214 0.000328435 -0.0869326 -7.79987
-0.0814961 0.0657908 -0.9945 -173.735 0.00359958 0.997832 0.0657163 9.96733 0.996667 0.00177584 -0.0815562 -7.85913
-0.0742929 0.0642054 -0.995167 -174.404 0.000859071 0.997929 0.0643194 10.0058 0.997236 0.00392356 -0.0741942 -7.91684
-0.0657128 0.0619396 -0.995914 -175.073 -4.90788e-05 0.998071 0.062077 10.0449 0.997839 0.00412813 -0.0655831 -7.95821
-0.0558206 0.0587537 -0.996711 -175.728 -0.00211284 0.998258 0.0589633 10.0846 0.998439 0.00539726 -0.0555992 -7.99515
-0.0446496 0.055334 -0.997469 -176.391 -0.00296853 0.998453 0.0555214 10.1335 0.998998 0.00544003 -0.0444163 -8.03228
-0.0336001 0.0535092 -0.998002 -177.048 -0.00388591 0.998551 0.0536695 10.1818 0.999428 0.00568145 -0.0333435 -8.05708
-0.0222388 0.0537464 -0.998307 -177.694 -0.00544687 0.998533 0.0538798 10.2205 0.999738 0.00663587 -0.0219134 -8.06936
-0.00968646 0.0546435 -0.998459 -178.329 -0.0060016 0.998485 0.0547032 10.2554 0.999935 0.00652223 -0.00934383 -8.06954
0.00372895 0.0554304 -0.998456 -178.967 -0.00776949 0.998434 0.0554002 10.2916 0.999963 0.0075509 0.00415377 -8.06511
0.0187283 0.0548712 -0.998318 -179.606 -0.0100231 0.998453 0.0546906 10.3323 0.999774 0.00898199 0.0192494 -8.05814
0.0345897 0.0548448 -0.997896 -180.239 -0.0126779 0.998437 0.0544351 10.3689 0.999321 0.0107684 0.0352309 -8.03858
0.0513112 0.0551794 -0.997157 -180.86 -0.0159527 0.99839 0.0544268 10.4068 0.998555 0.0131146 0.0521089 -8.00466
0.0698052 0.0568253 -0.995941 -181.482 -0.0171514 0.998297 0.0557576 10.4399 0.997413 0.0131896 0.0706609 -7.96112
0.089819 0.0573711 -0.994304 -182.092 -0.0182446 0.998267 0.0559516 10.475 0.995791 0.0131151 0.09071 -7.89603
0.109972 0.0592257 -0.992169 -182.725 -0.0208327 0.998141 0.0572732 10.5176 0.993716 0.0143711 0.111001 -7.79648
0.131369 0.0611371 -0.989446 -183.348 -0.0253576 0.997977 0.0582975 10.5571 0.991009 0.0174315 0.132654 -7.70595
0.154267 0.0606653 -0.986165 -183.97 -0.02965 0.997948 0.0567519 10.6034 0.987584 0.0204848 0.155749 -7.61648
0.177292 0.0587849 -0.982401 -184.585 -0.0336213 0.997994 0.0536503 10.6392 0.983584 0.0235179 0.178912 -7.51414
0.201077 0.0583528 -0.977836 -185.185 -0.0366614 0.997973 0.0520157 10.6481 0.978889 0.0253897 0.202809 -7.4018
0.224546 0.0577062 -0.972753 -185.79 -0.0388329 0.997982 0.0502388 10.6789 0.973689 0.0264939 0.226334 -7.25393
0.24881 0.0568634 -0.966882 -186.376 -0.0401125 0.998024 0.0483727 10.7081 0.967721 0.0267485 0.250599 -7.10114
0.273585 0.0563702 -0.960195 -186.957 -0.0429231 0.998002 0.0463599 10.7451 0.96089 0.0285312 0.275458 -6.93059
0.299009 0.0569361 -0.95255 -187.52 -0.0462713 0.997909 0.0451225 10.7675 0.953128 0.0305836 0.301018 -6.73786
0.325909 0.0578005 -0.943633 -188.079 -0.0488594 0.997825 0.0442451 10.7945 0.944138 0.0316855 0.328024 -6.53371
0.353677 0.0584655 -0.933539 -188.617 -0.0505637 0.99778 0.0433325 10.8166 0.934 0.0318775 0.355848 -6.31776
0.381487 0.0586527 -0.922511 -189.139 -0.0512989 0.99779 0.0422252 10.8413 0.92295 0.0312155 0.383653 -6.08217
0.409313 0.0590772 -0.91048 -189.656 -0.0521282 0.997786 0.0413075 10.8713 0.910904 0.0305539 0.411486 -5.82918
0.437951 0.0599499 -0.896998 -190.173 -0.0530798 0.997758 0.0407684 10.9049 0.897431 0.0297579 0.440151 -5.56711
0.46638 0.0616753 -0.882432 -190.666 -0.0541525 0.997686 0.0411102 10.9186 0.882926 0.028613 0.46864 -5.28144
0.494795 0.0624046 -0.866766 -191.158 -0.0560225 0.997634 0.0398462 10.9378 0.867202 0.0288427 0.49712 -4.96771
0.524317 0.0631744 -0.849176 -191.635 -0.0584783 0.997561 0.0381065 10.9535 0.849512 0.0296785 0.526733 -4.65293
0.554028 0.0630671 -0.830105 -192.104 -0.0604539 0.997542 0.0354398 10.9776 0.8303 0.0305485 0.556479 -4.31983
0.582805 0.0649264 -0.810014 -192.565 -0.0640401 0.997372 0.0338672 10.9916 0.810085 0.0321354 0.585432 -3.97007
0.611038 0.0655023 -0.788887 -193.021 -0.066017 0.997316 0.0316745 11.0162 0.788844 0.0327257 0.613722 -3.59424
0.638588 0.0664762 -0.766672 -193.45 -0.0680781 0.997236 0.0297631 11.0192 0.766532 0.0331872 0.641348 -3.2103
0.665378 0.0670913 -0.743486 -193.875 -0.0709371 0.997129 0.026495 11.035 0.743128 0.0351115 0.668227 -2.80631
0.691063 0.0666693 -0.719713 -194.284 -0.0714741 0.99716 0.0237411 11.0503 0.719252 0.0350343 0.693866 -2.38236
0.716348 0.0668339 -0.694535 -194.679 -0.0722873 0.997154 0.0213968 11.0576 0.693988 0.0348785 0.719141 -1.94968
0.740464 0.0690399 -0.668541 -195.056 -0.0750288 0.996984 0.0198575 11.0589 0.667895 0.035456 0.743411 -1.49322
0.76361 0.0696812 -0.641907 -195.427 -0.0763379 0.99693 0.0174089 11.0748 0.641149 0.0357082 0.766585 -1.02109
0.785889 0.0702698 -0.614362 -195.78 -0.0771858 0.9969 0.0152882 11.0819 0.613532 0.0354052 0.788876 -0.535953
0.807123 0.0708248 -0.586119 -196.108 -0.0778479 0.996877 0.0132579 11.0835 0.585228 0.0349274 0.810116 -0.0476207
0.826829 0.0717577 -0.557858 -196.431 -0.0788652 0.996821 0.0113318 11.09 0.556897 0.0346261 0.829859 0.465293
0.845198 0.0733534 -0.529396 -196.738 -0.08066 0.996698 0.00932672 11.0918 0.528332 0.0348182 0.848323 0.989276
0.862637 0.0715065 -0.500744 -197.018 -0.0792821 0.996836 0.00576855 11.1005 0.499572 0.0347239 0.865576 1.51046
0.878174 0.0706114 -0.473101 -197.289 -0.0785709 0.996904 0.00294629 11.1012 0.471844 0.0345846 0.881003 2.05855
0.892065 0.0697338 -0.446495 -197.545 -0.0775363 0.996989 0.000798443 11.1035 0.445206 0.0339073 0.894786 2.61391
0.904757 0.0692057 -0.420268 -197.786 -0.0769605 0.997033 -0.00149933 11.1051 0.418918 0.0337006 0.907399 3.17337
0.916254 0.0703019 -0.394381 -198.015 -0.0781493 0.996934 -0.00384967 11.0971 0.392901 0.0343479 0.918939 3.73549
0.926636 0.0715192 -0.369095 -198.229 -0.0793086 0.996832 -0.00595391 11.0948 0.3675 0.0347895 0.929373 4.317
0.936516 0.071427 -0.343273 -198.429 -0.0788112 0.996861 -0.00758907 11.0904 0.341653 0.034161 0.939205 4.91018
0.945916 0.0707511 -0.316602 -198.615 -0.0777018 0.996933 -0.00936605 11.0766 0.314968 0.0334601 0.948512 5.50944
0.954368 0.0694722 -0.29044 -198.781 -0.0757762 0.99707 -0.0105004 11.0677 0.288859 0.0320297 0.956836 6.12272
0.961939 0.0700441 -0.264136 -198.936 -0.0754375 0.997097 -0.0103184 11.0589 0.262646 0.0298514 0.96443 6.74337
0.968687 0.071553 -0.23775 -199.088 -0.0761871 0.99704 -0.0103483 11.0495 0.236306 0.0281377 0.971271 7.3819
0.974382 0.0731003 -0.21269 -199.221 -0.077194 0.996955 -0.0109954 11.0409 0.211238 0.0271321 0.977058 8.03097
0.979537 0.072893 -0.187602 -199.339 -0.076454 0.997003 -0.011807 11.0336 0.186179 0.0259083 0.982174 8.68773
0.984015 0.0733098 -0.162296 -199.441 -0.0764804 0.996981 -0.0133662 11.0244 0.160826 0.025565 0.986652 9.35562
0.987792 0.073819 -0.137176 -199.528 -0.076831 0.996903 -0.0167867 11.0178 0.135512 0.0271211 0.990404 10.0385
0.990637 0.0768207 -0.112855 -199.609 -0.0794215 0.996665 -0.0187265 11.002 0.11104 0.0275143 0.993435 10.7413
0.992943 0.0772621 -0.089975 -199.658 -0.0793197 0.996658 -0.019516 10.9859 0.0881665 0.026515 0.995753 11.4497
0.9947 0.0764025 -0.0688049 -199.698 -0.0779759 0.996745 -0.0204761 10.9792 0.0670165 0.0257327 0.99742 12.1732
0.995988 0.0747866 -0.0491358 -199.727 -0.0758771 0.996902 -0.0207123 10.9724 0.0474346 0.0243574 0.998577 12.9053
0.99659 0.0765965 -0.0306824 -199.752 -0.0772891 0.996765 -0.0220591 10.9581 0.0288935 0.0243553 0.999286 13.6534
0.997014 0.0757638 -0.0149336 -199.762 -0.0761015 0.996823 -0.0235124 10.9439 0.0131047 0.0245786 0.999612 14.414
0.997347 0.0727701 -0.00192885 -199.754 -0.0727954 0.997065 -0.0237089 10.931 0.000197884 0.0237864 0.999717 15.169
0.997541 0.069594 0.00824798 -199.74 -0.069381 0.997307 -0.0237845 10.913 -0.00988103 0.0231538 0.999683 15.9399
0.997649 0.0667781 0.0154322 -199.729 -0.0664165 0.99753 -0.0228616 10.8994 -0.0169208 0.0217829 0.99962 16.7168
0.997751 0.0640336 0.0198071 -199.716 -0.0636157 0.997752 -0.0210522 10.8841 -0.0211107 0.0197448 0.999582 17.4934
0.997779 0.0626161 0.022737 -199.702 -0.0621945 0.997887 -0.0188009 10.8726 -0.0238662 0.017345 0.999565 18.2865
0.997825 0.061114 0.0247056 -199.686 -0.0607089 0.998014 -0.0168256 10.8542 -0.0256848 0.0152892 0.999553 19.0764
0.997883 0.0597911 0.025575 -199.663 -0.0594007 0.99811 -0.0157622 10.8441 -0.0264691 0.0142096 0.999549 19.8665
0.997917 0.0591002 0.02585 -199.647 -0.0586796 0.998137 -0.0167373 10.8342 -0.026791 0.0151856 0.999526 20.6601
0.99798 0.0583302 0.0251521 -199.628 -0.0578898 0.998163 -0.0178956 10.8219 -0.0261497 0.0164034 0.999523 21.4538
0.99811 0.05652 0.0241059 -199.611 -0.0560735 0.998249 -0.0188127 10.8059 -0.0251269 0.0174255 0.999532 22.2426
0.998151 0.0564567 0.0225324 -199.598 -0.0560249 0.998242 -0.0193549 10.7913 -0.0235855 0.0180567 0.999559 23.0275
0.998242 0.0553753 0.021129 -199.587 -0.0549768 0.998307 -0.0189953 10.7773 -0.0221451 0.0178003 0.999596 23.8248
0.998194 0.0570256 0.0188896 -199.572 -0.0566842 0.998227 -0.0181458 10.7534 -0.0198909 0.0170422 0.999657 24.6116
0.998219 0.0571317 0.0171706 -199.565 -0.0568294 0.998229 -0.017609 10.7371 -0.0181462 0.0166018 0.999698 25.3956
0.998217 0.0576778 0.0153391 -199.557 -0.0574217 0.998211 -0.0166457 10.7291 -0.0162718 0.0157352 0.999744 26.1777
0.998224 0.0580148 0.0135606 -199.551 -0.0578066 0.998211 -0.0152737 10.722 -0.0144224 0.0144627 0.999791 26.9505
0.998251 0.0579717 0.0116132 -199.545 -0.0578043 0.998226 -0.0142691 10.7166 -0.0124198 0.0135729 0.999831 27.7243
0.998354 0.0564631 0.0100696 -199.545 -0.0563165 0.998311 -0.0142897 10.7035 -0.0108594 0.0136991 0.999847 28.4913
0.998365 0.0565757 0.0081301 -199.542 -0.0564566 0.998304 -0.0141994 10.6858 -0.00891965 0.0137172 0.999866 29.2602
0.998381 0.0564817 0.00670914 -199.539 -0.0563797 0.998304 -0.0145253 10.6812 -0.00751817 0.0141235 0.999872 30.0265
0.998436 0.0555909 0.00592788 -199.533 -0.0554995 0.998352 -0.0145984 10.6706 -0.00672965 0.0142466 0.999876 30.7928
0.998509 0.0543121 0.00555698 -199.533 -0.0542294 0.998429 -0.0140927 10.6601 -0.00631366 0.0137704 0.999885 31.55
0.9986 0.0525787 0.00577421 -199.536 -0.0524931 0.998522 -0.0140931 10.6519 -0.00650667 0.0137702 0.999884 32.3192
0.998583 0.0528783 0.00601696 -199.532 -0.0527803 0.998487 -0.01543 10.6393 -0.00682377 0.0150905 0.999863 33.0814
0.998536 0.0536307 0.00699099 -199.53 -0.0535055 0.998423 -0.0170193 10.6326 -0.00789272 0.0166203 0.999831 33.8325
0.998502 0.0539024 0.009437 -199.524 -0.0537268 0.998394 -0.0179641 10.6223 -0.0103902 0.0174302 0.999794 34.5856
0.998404 0.0549741 0.0129252 -199.513 -0.0547244 0.998322 -0.0189373 10.6102 -0.0139445 0.0181997 0.999737 35.3337
0.998279 0.0557588 0.0181918 -199.499 -0.0554141 0.998284 -0.0189343 10.6048 -0.0192163 0.0178936 0.999655 36.0827
0.997924 0.0583942 0.0271769 -199.491 -0.0579046 0.998151 -0.0184698 10.5903 -0.0282052 0.0168578 0.99946 36.813
0.997396 0.0609345 0.0385667 -199.462 -0.0602357 0.998003 -0.0190305 10.5775 -0.0396493 0.0166579 0.999075 37.5346
0.996577 0.0626056 0.053985 -199.425 -0.0616557 0.997915 -0.0190868 10.5615 -0.0550674 0.015693 0.998359 38.24
0.995377 0.0632126 0.0723053 -199.364 -0.0618964 0.997876 -0.020303 10.5517 -0.0734351 0.0157337 0.997176 38.9424
0.993475 0.0646942 0.0939276 -199.291 -0.0628103 0.997763 -0.0228797 10.5385 -0.0951977 0.0168308 0.995316 39.6309
0.990791 0.0662238 0.1181 -199.197 -0.0634866 0.997623 -0.0267942 10.5236 -0.119594 0.0190497 0.99264 40.3124
0.986958 0.0671911 0.146284 -199.089 -0.0633987 0.997524 -0.0304401 10.4986 -0.147967 0.0207689 0.988774 40.9921
0.981918 0.0683541 0.176536 -198.959 -0.0632607 0.997407 -0.0343269 10.4746 -0.178425 0.0225384 0.983695 41.6595
0.975578 0.0686116 0.208662 -198.809 -0.0621613 0.997368 -0.037323 10.4455 -0.210674 0.0234408 0.977275 42.3195
0.967941 0.0693416 0.241415 -198.627 -0.0614103 0.997301 -0.0402329 10.4171 -0.243554 0.0241176 0.969587 42.9636
0.959055 0.0684878 0.274815 -198.422 -0.059028 0.997349 -0.0425563 10.3872 -0.277001 0.024592 0.960555 43.5971
0.94885 0.0666472 0.308613 -198.2 -0.055862 0.997483 -0.0436625 10.3482 -0.310746 0.0241894 0.950185 44.2315
0.937465 0.0628352 0.34236 -197.948 -0.0507995 0.997738 -0.0440188 10.3194 -0.344352 0.0238744 0.938537 44.8341
0.924422 0.0616203 0.376359 -197.677 -0.0496038 0.997904 -0.0415463 10.2889 -0.37813 0.0197374 0.925542 45.4465
0.910204 0.0584311 0.410018 -197.381 -0.0468183 0.998168 -0.0383153 10.2587 -0.411505 0.0156784 0.911272 46.0563
0.895065 0.0526656 0.442815 -197.063 -0.0405408 0.9985 -0.0368097 10.224 -0.444089 0.014995 0.895857 46.6456
0.878773 0.0497513 0.47464 -196.718 -0.036598 0.998648 -0.0369178 10.1975 -0.475835 0.0150715 0.879406 47.2243
0.86069 0.0508141 0.506588 -196.359 -0.0363472 0.998601 -0.0384124 10.1702 -0.507831 0.0146481 0.861332 47.7934
0.841328 0.0529 0.53793 -195.978 -0.0364664 0.998487 -0.0411572 10.1547 -0.539293 0.0150103 0.841984 48.3449
0.820986 0.0524003 0.568538 -195.578 -0.0344561 0.998512 -0.0422739 10.1267 -0.569907 0.0151167 0.82157 48.9078
0.799587 0.0490157 0.598547 -195.153 -0.0302289 0.998685 -0.0414014 10.1 -0.599789 0.0150106 0.800017 49.4395
0.776216 0.0485196 0.628598 -194.703 -0.0295365 0.998738 -0.0406169 10.0744 -0.629775 0.0129609 0.776669 49.9872
0.752043 0.0480189 0.657363 -194.237 -0.0288612 0.998785 -0.039941 10.0387 -0.658482 0.011065 0.752515 50.5034
0.726903 0.0479381 0.685064 -193.753 -0.0273919 0.998791 -0.0408267 10.0069 -0.686193 0.0109118 0.727338 50.9944
0.700719 0.0471726 0.711876 -193.246 -0.0237816 0.998802 -0.0427769 9.97872 -0.713041 0.013045 0.701001 51.4665
