1.0 0.0 0.0 0.0 0.0 1.0 0.0 0.0 0.0 0.0 1.0 0.0
0.9999977350234985 -0.0005272629205137491 0.002066808519884944 0.04690282791852951 0.0005296505987644196 0.9999992251396179 -0.0011548652546480298 -0.028399277478456497 -0.0020661980379372835 0.0011559573467820883 0.9999971985816956 0.8586941957473755
0.999990928285429 -0.0010489723626853848 0.0041311807322443545 0.09374315832654634 0.0010585137945951363 0.9999967787313183 -0.0023081041927933473 -0.05676063935421303 -0.004128746501653551 0.0023124561279677935 0.999988798642021 1.7162751929651574
0.999979580218873 -0.0015664664012152109 0.006198418484800992 0.14064248775642102 0.001587950821736882 0.9999927189079032 -0.0034627098079951413 -0.08515762644866631 -0.006192949517989299 0.003472481739644446 0.9999747919837161 2.574964145646483
0.999963714154317 -0.0020784715784198105 0.008263250212032851 0.18748494436076013 0.0021166634328826693 0.9999870519583859 -0.004615828614734813 -0.11352019231570158 -0.00825354996628879 0.004633151453889136 0.9999551984643529 3.432648203711005
0.9999433094861678 -0.002586172945157184 0.010330675434175257 0.23438062955463382 0.002645880651842395 0.9999797690833504 -0.005770163495941141 -0.14191497717566331 -0.010315544674296847 0.005797169758425347 0.9999299840524909 4.29133560228334
0.9999184090944118 -0.0030883632899552237 0.012395900119827876 0.28121903680077237 0.003174349394829219 0.9999708843685533 -0.006922974988214002 -0.17027428067345454 -0.012374159950070658 0.006961758630495059 0.9998991934018456 5.148988260986942
0.9998889716395369 -0.0035863064455248905 0.014463690947494107 0.32811686811092466 0.003703402211203551 0.9999603797785283 -0.008077185279530247 -0.19867026445781608 -0.014434152507401172 0.00812985292578007 0.9998627656139262 6.007778465585208
0.9998550648589307 -0.004078705559818469 0.016528999649160256 0.37495376622169246 0.004231668101292547 0.9999482788105719 -0.009229794751920458 -0.227028938222149 -0.01649050167488202 0.009298401817977819 0.9998207766061534 6.865477335178645
0.999816632372261 -0.004566672123814801 0.018596364047419513 0.421835419048853 0.004760341143978236 0.99993455899507 -0.010383420189350016 -0.25541508621797954 -0.018547732601720376 0.010470040866958337 0.9997731474598437 7.72403646310831
0.999773691365613 -0.005049867645457595 0.020664580463533606 0.46873245821040926 0.005289071560689087 0.999919225669845 -0.011537301986384748 -0.28380954840332906 -0.020604653445435953 0.011643986971202495 0.9997198914145146 8.582887445731268
0.9997264021275818 -0.005527316268498236 0.022729068317758467 0.5155459166162435 0.005816780934056038 0.9999023107093752 -0.012689081317941142 -0.3121546600252837 -0.022656717587745227 0.01281781856773259 0.9996611233319507 9.440276159372901
0.9996745099914903 -0.0060005421073131 0.024796769436166603 0.5624293882449803 0.006345160623592809 0.9998837661141589 -0.0138424600485879 -0.34054153378723057 -0.024710832074804914 0.013995292986965661 0.9995966678325934 10.29895983134218
0.9996182076768912 -0.006468773124811147 0.026864317122795082 0.6093076937964169 0.006873365217922855 0.9998636159023913 -0.01499560861404221 -0.3689248865835513 -0.026763659454073645 0.015174530133533697 0.9995266072374065 11.157569380917824
0.9995562330428878 -0.007058451036747475 0.028942000655291462 0.6562034840085601 0.007530448429476246 0.999839541599074 -0.01623191765522553 -0.3973962354932604 -0.02882279551400642 0.016442658690073986 0.9994492952511272 12.01540949238704
0.9995094949092347 -0.005595311367699182 0.03081443073328569 0.7018777761117969 0.006093681818950515 0.9998514230720855 -0.016103142179757824 -0.4239116906740134 -0.030719761673063534 0.01628301582257477 0.999395375820636 12.869647998217486
0.9994225884599048 -0.007842769453842009 0.03306148931848994 0.7498215130310029 0.008456087207911162 0.999793600213491 -0.01845196800652373 -0.4540036039276824 -0.03290996311295029 0.01872088267729628 0.9992829973487982 13.731457354548148
0.9993587629501423 -0.00870439010227462 0.03473375521727984 0.7992472689172171 0.009439418234508374 0.9997334485224866 -0.021054208525784143 -0.48407670083649623 -0.03454124355826091 0.02136857348950901 0.9991748473579432 14.600257306741188
0.9992481497352353 -0.012356883619274138 0.03674824397954711 0.8546602639831724 0.013206753278307861 0.999648488141313 -0.022974760745066648 -0.5155067701709916 -0.03645143871438202 0.023442813695169765 0.999060472198571 15.479569768545103
0.9991824864661648 -0.01352279141794857 0.038097676911552386 0.9072842611793559 0.014391602595137418 0.9996401449150248 -0.02262372177551253 -0.5464703200760895 -0.0377780407565767 0.02315351631567805 0.9990178946674202 16.369400964811994
0.9991240803264614 -0.013287772112966478 0.03967990365731213 0.9609150560332878 0.014126031970551104 0.9996810553523576 -0.020920512272788797 -0.5783592612633001 -0.03938926981187598 0.02146270931699357 0.9989934422362104 17.26895861984906
0.9990603139601414 -0.013514334304136335 0.04118005575946016 1.0115847741786756 0.014324346822412862 0.9997081479432781 -0.019438932298487425 -0.6092400913904589 -0.040905342960775665 0.020010546382128673 0.9989626157664026 18.1731793883942
0.9990173738184682 -0.013048224529811851 0.04235638488717534 1.0662528806410339 0.013861142638550253 0.9997239440914851 -0.01895578007884708 -0.6387359794212493 -0.04209736403121351 0.01952426279614399 0.9989227502191738 19.084108760970228
0.9989382401979455 -0.013259994947056023 0.04411939767661697 1.118646044670667 0.01413493278376766 0.9997081054267108 -0.019578691105849932 -0.6686214964067076 -0.0438469151110535 0.020181529736904298 0.9988344439406497 19.99721445129109
0.9989119316356575 -0.011528574626268872 0.045188488689293115 1.171836650972011 0.012477767233342646 0.9997059213441979 -0.020779758109563926 -0.699077346593993 -0.04493564871954901 0.02132100240670242 0.9987623656470658 20.913672034250368
0.9988799306125211 -0.011288925764065141 0.0459498657933804 1.2242750075239766 0.012181317849742336 0.999741393994581 -0.019187587267764095 -0.7287415974711845 -0.045721385761703086 0.019725827597774595 0.9987594918281284 21.8404127785262
0.9988592731581528 -0.012994214068057758 0.045949054690096594 1.2808047834933785 0.013708117206316102 0.99978942180816 -0.01525608879025121 -0.7604713085278468 -0.045741144374369984 0.015868561311084287 0.9988273602901953 22.774313380733137
0.9988874600027262 -0.013790305208834008 0.045094729122761745 1.3348356595179347 0.014325576865168872 0.9998302414444131 -0.01156848793316223 -0.7929669800943363 -0.0449275453444379 0.012201626556446465 0.9989157656315495 23.709528669990814
0.9989647465316144 -0.012851737178772358 0.043635537963634785 1.385740341028575 0.013256861540515464 0.9998713432981059 -0.00900774457798939 -0.8209241128013467 -0.04351416081439726 0.009576890260524187 0.9990069391107665 24.65175316270973
0.9990296744951892 -0.012652537458511803 0.04218295833804464 1.4366263774569719 0.012994028532061327 0.9998847308391847 -0.007831271385215844 -0.8456204639223837 -0.04207901223698334 0.008371800186581237 0.9990792041988049 25.596941123218436
0.999074442423488 -0.012895927330976893 0.041033000122642216 1.4870411111387614 0.01333333835301366 0.9998567943670316 -0.010404366019584945 -0.8702122571317062 -0.040892949430821945 0.010941844718164406 0.9991036508348208 26.544708087930697
0.9990966012299918 -0.013910105397968336 0.040154603858678146 1.538023520229384 0.014549981158657473 0.9997709371659848 -0.015687416831897744 -0.8971118029277956 -0.03992719121038529 0.01625749566649766 0.9990703923335268 27.49626960156583
0.9991532918727651 -0.013206461964959686 0.038964800604451774 1.5865443754840394 0.013963251653434355 0.9997177365413755 -0.019214733211587502 -0.925414931191068 -0.03870004281958823 0.019742541253523007 0.9990559063055928 28.454659102532183
0.9992104762364923 -0.010790965221492824 0.038235774005721236 1.6333606245492531 0.011486114275777346 0.9997716931998998 -0.018007919076561563 -0.9555627263380607 -0.0380327234122662 0.01843288297537892 0.9991065358184635 29.422929397554892
0.999221403222034 -0.009086317792332545 0.038392104907076306 1.6809648017671819 0.009596055134043477 0.9998677826533893 -0.013113903084861486 -0.9838375398161335 -0.03826787208351118 0.013472105531434228 0.9991767716734062 30.398390348070436
0.9992104513426252 -0.0058381209284272 0.03929750495414122 1.72888829855457 0.006198494505378451 0.999939682171939 -0.0090549293813851 -1.011771593388306 -0.03924226807915303 0.009291365127812834 0.9991866058823198 31.37764545105613
0.9991828825328026 0.0018402787990605396 0.04037455228465134 1.7689726629862794 -0.001460770914606744 0.9999543628389455 -0.009427284465602155 -1.0363628428349112 -0.040390057513957606 0.00936060289751035 0.9991402155776632 32.35713869425465
0.999106195220162 0.00489478889737809 0.04198465869346665 1.8158298282727843 -0.004337366039040851 0.9999012188759959 -0.01335775883267861 -1.0597886012012319 -0.042045895263495815 0.013163718252931446 0.9990289990218151 33.33630286659859
0.9990440616113151 0.004076709190775077 0.04352227660362222 1.870657773525011 -0.003306849364478098 0.9998369372909948 -0.0177463297310804 -1.08801581641557 -0.04358752638882634 0.01758544748907405 0.9988948428641893 34.320201795096025
0.9989618465826153 0.0035010775987361826 0.045417862994592884 1.9297694404988268 -0.0026393564706358006 0.9998154463215001 -0.01901938650546914 -1.1298797492996668 -0.045476075226189586 0.01887977182943639 0.9987869490914025 35.33096644731143
0.998912428818596 0.0035648402103937845 0.04648682880691228 1.993740943089843 -0.00278257711460012 0.9998534194134668 -0.016881590070189877 -1.1945475394113014 -0.04654020408421621 0.016733881863750875 0.9987761247785877 36.387500848834456
0.9988707046426538 0.0002386199933363211 0.047509045474444005 2.061103376328079 0.0004151953749419899 0.9999051642287249 -0.013751666466603597 -1.2498806023134923 -0.04750783201275532 0.01375586645753661 0.9987760191179047 37.42848795765127
0.9988083898699742 -2.164351394323427e-06 0.048801377741712254 2.126949584831755 0.0006257549927239961 0.9999181338737338 -0.012762957478834016 -1.3050516049007865 -0.04879736477926917 0.012778290559756286 0.9987268465583264 38.47150279509283
0.9987590787674658 -0.0008809261841145559 0.04979282171070938 2.1909596630130475 0.0014032845026090179 0.9999441517272836 -0.010456746984404058 -1.3491415015575625 -0.04978083868995272 0.01051364833804725 0.9987047095729606 39.503641708936186
0.9987567269113179 -0.0004894248857863653 0.049845207422517905 2.2561117238894774 0.0008210309535669057 0.9999775086962867 -0.006632558164532467 -1.3930465854615905 -0.04984084559582352 0.006665239635548344 0.9987348570129285 40.53854202704061
0.9987130833986435 -0.006466515576917748 0.05030131787416696 2.329930768921372 0.006722022312155409 0.9999652215066513 -0.0049121085996816595 -1.4268126324569734 -0.05026780800961074 0.005243916393627529 0.9987219670515035 41.56110479100584
0.9987141723012312 -0.0069521959346724544 0.050214747444411324 2.3997170552247935 0.007192522330875169 0.9999634388163385 -0.004606961312481029 -1.4607307493952617 -0.05018088509050853 0.004962211143783031 0.9987277683851613 42.58302102262725
0.9987081282451858 -0.006676271193839661 0.05037152469473404 2.4652094017906334 0.0070067531135601544 0.9999549656099231 -0.006387265359274766 -1.489500578243483 -0.05032661448335474 0.006731958015908767 0.9987100622074675 43.59300344648508
0.9987011590926573 -0.008983136708274796 0.05015053089892217 2.535877118592542 0.00945615134734737 0.9999127841414474 -0.009202698750738684 -1.5228494260849448 -0.0500634926976545 0.009664980257093765 0.9986992035567015 44.59788295263455
0.9986533544759164 -0.008808447718209484 0.05112426120146852 2.6000090452715687 0.009296037493541182 0.9999132767883024 -0.009307488284151665 -1.5598844706477026 -0.05103785040317851 0.009770210273542078 0.9986488638002868 45.598797027848505
0.9986010990501238 -0.006863741859761545 0.05242764583627246 2.6618732255671143 0.007280149710625949 0.9999432491254928 -0.007755751737089304 -1.593755584349 -0.05237144519441034 0.008126585225738241 0.9985945720859446 46.59801507567285
0.9985538654485293 -0.007061935472834091 0.05329335265814165 2.7289084669334325 0.007431464184573296 0.9999495496212413 -0.006738958903837569 -1.6298163138162785 -0.0532430785894544 0.007125263442216918 0.9985561230042673 47.59273271442461
0.9985153650074741 -0.009830422115619516 0.05357587236819205 2.8007820324976613 0.010322162553335035 0.9999069403750818 -0.008909501139769736 -1.6645279906715187 -0.05348330332637931 0.009449294893036529 0.9985240685183178 48.57854171487377
0.9984685875827402 -0.01023787796102486 0.05436628463978642 2.8713323832033923 0.01103251601898095 0.999836267206361 -0.014336491860075863 -1.6976202086608823 -0.05421060978826195 0.014914335534014639 0.9984181930596331 49.555987357942044
0.9984384857300337 -0.010648929189416937 0.05483870451567712 2.93792510637333 0.01149456754454872 0.9998193993177068 -0.0151282705580502 -1.72901202410216 -0.05466770383218349 0.015734996140184473 0.9983806814457863 50.53772245258178
0.9984274473138604 -0.010268912098273963 0.055111934860938676 3.002447570499321 0.0109388203203428 0.9998696921091565 -0.011867608317134572 -1.7667409491459507 -0.05498288886962234 0.012451806768083495 0.9984097086279692 51.51842898975967
0.9984356387542657 -0.007566150219613544 0.05540047381359502 3.065830184193248 0.008063975649521594 0.9999289919268713 -0.008767968996837157 -1.7989925632248618 -0.055330206725475624 0.00920100247012312 0.9984257299008494 52.49498155325787
0.9984285669195613 -0.006348730017060204 0.05568027341808795 3.1301726694252814 0.00679928021988033 0.999945557676492 -0.007906082778311984 -1.8300492985493269 -0.0556270569642183 0.008272246066348821 0.9984173554483589 53.464941006087216
0.9984326766900202 -0.0032829153017237683 0.055871275172046424 3.191512079193446 0.0037796507299461724 0.9999542400610427 -0.008787409715577522 -1.858396173601596 -0.05583987513267633 0.008984812872230127 0.9983993067754001 54.42800490510663
0.9984068496081221 0.00014606989773020474 0.056426127873151107 3.248793526936282 0.0004508507078842245 0.9999440604066057 -0.010565964757182005 -1.8864848337628919 -0.05642451588111485 0.010574572657434816 0.9983509311867931 55.391733054708986
0.9983367146979456 0.001591241066651319 0.057632019908753315 3.310909250617125 -0.0010368349647307741 0.9999528952997313 -0.009648421171241588 -1.9138388275821265 -0.05764466205477834 0.009572619921542392 0.9982912916628417 56.35033561790898
0.9982641380855063 0.004382897984411599 0.05873381469196911 3.3715014238547063 -0.004075368537298496 0.9999773820021464 -0.005354781041644841 -1.9382268166159071 -0.058755957229333716 0.005106126481774956 0.9982593304866092 57.31245904959539
0.9982268410179963 0.005964776087036842 0.0592268193233042 3.4389835734199385 -0.005986984786904595 0.9999821129107056 0.00019750183871613015 -1.9567610292264008 -0.05922458100128208 -0.0005517384719729164 0.9982445828402655 58.27394855094985
0.9982022208570104 0.0044077939410861675 0.0597743890820219 3.5112982489659728 -0.004547950789815601 0.9999872384944255 0.0022088902331520617 -1.975959798957341 -0.059763888816560806 -0.002476766650760858 0.998209487800505 59.22535143854187
0.9981160665359692 0.0029195352460285357 0.06128487405484154 3.579175999945984 -0.00292059746818277 0.999995734384919 -7.227546209055719e-05 -1.9981087419054762 -0.061284826613101015 -0.00010684589397483826 0.99812026386906 60.166291283508
0.9980241686873818 0.0017620822816614829 0.06280669572348822 3.6417786509576042 -0.0012272904793636896 0.9999627161627354 -0.008552474689091509 -2.021536634184604 -0.06281942469932111 0.008458497654641316 0.9979890058641934 61.09120799992406
0.9979546310008642 0.0009592371058602753 0.06391817888503341 3.7033730300374157 -5.027372202975283e-05 0.9998989118967391 -0.014220851756992335 -2.0491562600186803 -0.0639253552737403 0.014188554896855003 0.9978537573334685 62.006265290610806
0.9978642245016981 -0.004204928709106374 0.06518589954390482 3.7760189575010745 0.00509243378502528 0.9998965028403934 -0.013454834283939149 -2.0781066841117632 -0.06512257396371593 0.013758055141828254 0.997782394315752 62.916725863627235
0.9977904406099647 -0.007492582348181679 0.06601495217072231 3.8439214997461715 0.008206262469802687 0.9999107334402021 -0.01054637707454551 -2.112091820824379 -0.06593003177637985 0.011064812715985575 0.9977629114314768 63.815151253288036
0.997676332317033 -0.010254454998436444 0.06735512816481345 3.9125931898777977 0.010870705740039864 0.9999022769777709 -0.008789137383027171 -2.1453508497985427 -0.0672584142160907 0.009500913936648047 0.9976903662139479 64.69781603744822
0.9975908453189215 -0.010344979377536763 0.06859603313145762 3.9782140701320348 0.011033455647668718 0.9998923981178449 -0.009665405991011834 -2.173832828254137 -0.06848865860318314 0.010398973367921088 0.9975977368274233 65.5666858737082
0.9974615137077734 -0.011835474259360148 0.07021634486481546 4.046605176298224 0.012481732825376488 0.9998835819105543 -0.008772203619461296 -2.201407475784007 -0.07010434715946574 0.009626359302291911 0.997493183733329 66.42160350396387
0.997339509395993 -0.013183784888511864 0.07169355346302848 4.1144333428743876 0.013800445673194736 0.9998718032906901 -0.00811279388527092 -2.2308201395848504 -0.07157740601957997 0.00908061489592417 0.9973936832923871 67.26450477334525
0.9972256964292554 -0.012967739059729155 0.07329798946439614 4.179975238952902 0.013523491641467064 0.9998833621307407 -0.007090882111162878 -2.258364066895287 -0.07319748917446584 0.008062456980695142 0.9972848146464147 68.09324503106468
0.9971240267910711 -0.012566148743691106 0.07473731667795795 4.244838076685254 0.013077587457185605 0.999894225349673 -0.006357694224959669 -2.2833077559512094 -0.07464952351817948 0.007316795645463017 0.9971829258575552 68.90990927460034
0.9969892995391162 -0.014899599726902102 0.07609348779368127 4.313002951371856 0.015257779322920518 0.9998750610124983 -0.0041278898752255605 -2.307842407928979 -0.07602247628272968 0.005276482129303501 0.9970920923371455 69.71419552687094
0.9968770920800231 -0.01677186787177788 0.07716596192854448 4.381915167895265 0.016779810324808183 0.9998590608031006 0.0005454887363516614 -2.329473779033969 -0.07716423176077712 0.0007510468318676235 0.997018056256476 70.50797134289841
0.9966884464675403 -0.01928872427455286 0.07899311958686213 4.445495972299358 0.01916700918773765 0.9998136982244886 0.0022988120152335556 -2.3553879027294364 -0.07902273777693947 -0.0007771357064454864 0.9968724526319479 71.28435961746024
0.9964959597139541 -0.022323561694469186 0.08060558825925054 4.51486975044362 0.022469929624992443 0.9997471940065329 -0.0009091436335944071 -2.3820876869432497 -0.08056490784283606 0.0027171618863439623 0.9967455594124006 72.03732785003145
0.9963705481795657 -0.02284038098957399 0.08199939953542887 4.580202229177773 0.02361083247440024 0.9996857120980167 -0.008438363898831906 -2.409727260790643 -0.08178088609568462 0.010343812860096118 0.9965965548760289 72.76788147297029
0.9962561985053618 -0.021649911960380457 0.08369426115412461 4.64432497883899 0.022911856548790004 0.9996374527452603 -0.01414696254177084 -2.4329785990521025 -0.08335763511981374 0.016011590781589202 0.9963909440496239 73.48065476033541
0.9962033958248637 -0.022367002276554568 0.0841331465054173 4.709482563636526 0.02381957487558666 0.9995834349470696 -0.016301061647922162 -2.459519652676616 -0.08373349331979854 0.018243189738746106 0.9963210418407192 74.17538548386472
0.9960872499338067 -0.024808358925674432 0.08482118404078876 4.77572424871546 0.025991438542072344 0.999579348382562 -0.012872014027796303 -2.4902739635543907 -0.08446616863369075 0.015026274303200526 0.9963129427140728 74.85148240471221
0.9959528500166305 -0.026069600132474408 0.08601326721545234 4.83750268710587 0.026975377466667255 0.9995921000980166 -0.009385034769930542 -2.525951584065731 -0.08573352054994261 0.01166729302756419 0.9962496850843379 75.50743525526404
0.9959074352064663 -0.02291061504546481 0.08742654008996983 4.891883775179591 0.024095726194302815 0.9996311932898901 -0.012524179411380794 -2.5566494888789397 -0.08710736683548363 0.01457952925629637 0.9960921124798741 76.13826827737441
0.9960425306596219 -0.015035473744308936 0.08759626656791525 4.937669925959048 0.016623820664628704 0.9997098491581754 -0.017431338194445724 -2.5854652133576805 -0.0873087714198265 0.018818539189676818 0.9960033692160375 76.75009961525814
0.9961634247700781 -0.010441058603461057 0.0868866682927965 4.985826323261285 0.01249938298368916 0.9996531662371833 -0.02317950248888992 -2.616737391539108 -0.08661452669211842 0.024176602891086838 0.9959483006053914 77.34408131921133
0.9963972046112679 -0.012111526907417505 0.08393962995730196 5.039031759694629 0.01414997206433176 0.9996181944617801 -0.023732389366074868 -2.6460446979427834 -0.08362016153812687 0.024834629868738734 0.9961879844808089 77.9253485422777
0.996639398946682 -0.017706527873168725 0.07997739683467056 5.092721407116653 0.019410384567200588 0.9995998883930235 -0.02057719657054299 -2.675693864356452 -0.07958105728299063 0.02206043778863695 0.9965840884667673 78.49459335580734
0.9970120591801086 -0.01664846826665209 0.07543115557900482 5.133796672398769 0.018019117564600184 0.9996840002629187 -0.017526792130094847 -2.701835106299512 -0.07511554599239756 0.018833625387376155 0.9969967835357341 79.04952692108687
0.9974633215949807 -0.01217036319783016 0.07013493194150615 5.15975539772897 0.013157728488437364 0.9998204977276154 -0.013633284436788155 -2.7292028204105487 -0.06995644189304308 0.01452151745675728 0.9974441720323862 79.59229931402598
0.9980240358481182 -0.00788776911196071 0.06233706368109413 5.183342596484755 0.008483319315890327 0.9999208584149849 -0.00929477980798736 -2.7567959675538387 -0.062258833009102295 0.00980523976157533 0.9980117386035628 80.12303779444699
0.998595554922996 -0.010686108435494685 0.05189253325657805 5.208259548450446 0.011224027717208802 0.9998862294762708 -0.010085649566612235 -2.7800172636591554 -0.05177887499205485 0.010653929639896727 0.9986015671508676 80.6345395701449
0.999182726094949 -0.016247554381340817 0.0370139465827602 5.235193821607514 0.016649671666281632 0.9998054701442834 -0.01058164902302357 -2.801722404279711 -0.03683484660418436 0.011189271949320434 0.9992585874303768 81.13537304919079
0.9995878004825263 -0.021369273715012026 0.019175368291937715 5.2488809065079325 0.02156738181387753 0.9997156057451476 -0.010184662333229332 -2.822083429706261 -0.01895230707924491 0.010594028280669226 0.999764116408479 81.62284919851884
0.999798453819717 -0.01993343237790338 -0.002394629922897689 5.236840808657972 0.019908659445013317 0.9997523087943566 -0.009958281552124373 -2.8398582003776363 0.002592502954471407 0.00990860252648069 0.9999474416836711 82.09700288939358
0.999483603043392 -0.016190197452886117 -0.027757599454972647 5.2074746500978994 0.01593994448963421 0.9998306346772525 -0.009213335517112476 -2.8593019453061177 0.02790202003242188 0.008766125314127664 0.9995721221197535 82.55593694379002
0.9982813817334613 -0.014724968183023452 -0.056723743110348425 5.163546544789989 0.014301705273218949 0.9998669682118186 -0.007860578124626033 -2.878000089605058 0.056831891253660866 0.007035824919530206 0.9983588707369562 83.00846274558408
0.995913789495895 -0.014200668093728967 -0.08918584064174016 5.105629303571689 0.013670451954991026 0.9998851848628059 -0.006553106348455277 -2.895746707156002 0.08926859135086225 0.005307121045288276 0.9959933553261894 83.45453793602043
0.9920006194082951 -0.01389443952458261 -0.12546602170689578 5.029566960105673 0.013247491411846802 0.9998943935079107 -0.005989276910945378 -2.9119136942150314 0.12553591987670898 0.004279259434980326 0.9920797311399278 83.88529064868158
0.985989881799889 -0.013897401824643597 -0.16622517965112635 4.934651715150674 0.013026904309094752 0.9998951796476513 -0.006326047356171549 -2.9261623972681825 0.16629560475392463 0.004072022329376055 0.986067378706914 84.31338345223251
0.9775146134212599 -0.013467739613304198 -0.21043733393734604 4.817303608156568 0.012362220919369624 0.9999020629728488 -0.006568078910006896 -2.9423597696276604 0.2105051036692907 0.003818923262001508 0.9775851602462352 84.72869304945648
0.9660755867933997 -0.015363393691301803 -0.2578024108893212 4.680940476734542 0.013648446316710016 0.9998713248803914 -0.008440518250457768 -2.961851075439337 0.2578988177973637 0.004635578901757942 0.9661607139814677 85.11821698520725
0.9507397053985189 -0.016075822478923772 -0.3095733492165301 4.519193102446137 0.013198975638972084 0.9998481252750865 -0.011385317111160835 -2.9805404783994844 0.30970926291584505 0.006738424110051171 0.9508073029387302 85.50170865076365
0.9313822389225456 -0.01599257872496742 -0.36369142379003006 4.3363375151487 0.011893921245650297 0.9998380571938809 -0.013506514413326618 -2.9952289303944806 0.3638484235005112 0.008254011828147124 0.931421500427105 85.85374137857036
0.9076305734421198 -0.016426589020966005 -0.4194484837677947 4.130088340046434 0.010944454029570614 0.9998204410895418 -0.015472983547281795 -3.006840874128266 0.41962719068664545 0.009453119412584825 0.9076472597920381 86.20001931222725
0.8794213624412303 -0.01652569842607389 -0.4757573731386814 3.9038675721543052 0.009195846461112375 0.999800640289099 -0.01773042120837566 -3.018347960761214 0.4759553399141118 0.011217521163892569 0.8793978278705206 86.52587420188611
0.8470018940332381 -0.014634850653026986 -0.5313884736933389 3.656373832921589 0.004922881751477392 0.999794218440014 -0.019688319599517366 -3.0309356799318934 0.5315670280427052 0.014060082975519821 0.8468994401969859 86.8121009214167
0.8111526746198153 -0.014002122780758576 -0.584666957651723 3.3930615023275537 0.002514886910074168 0.99978777822697 -0.02045470897721602 -3.0481368323181446 0.5848290433056674 0.015121520774154296 0.8110155514956958 87.09557170932867
0.7722941091440086 -0.012138527449345888 -0.6351493515955189 3.115393367515362 7.666360645952266e-05 0.9998194300354432 -0.01901462411694683 -3.063352382922158 0.6352651754385925 0.014636189890397373 0.7721553420130268 87.34501982909116
0.7306835791088756 -0.011390849684303796 -0.6826214023561405 2.8178181837439427 0.0002276824994974776 0.999865007931233 -0.016440954164723316 -3.0745782403524697 0.6827161873057546 0.011857715272480104 0.730587399661953 87.59400290617943
0.6869081733580334 -0.010023852565559713 -0.7266752664121868 2.508139418870753 -0.0016422040208628132 0.9998810966295241 -0.015344824242481655 -3.0844544941696235 0.7267423033013883 0.011733834439487268 0.6868099622199334 87.82009592868357
0.6415607431024054 -0.008605871047985443 -0.767024150077683 2.182599759011215 -0.005801575655633036 0.9998542514223123 -0.016070783818005883 -3.0931441685571905 0.7670502746325982 0.014760331523054166 0.6414172109753761 88.00812509062449
0.5961032253887354 -0.005416536217104763 -0.8028897178245852 1.8476353880792808 -0.012994399686398614 0.9997814194802689 -0.01639248218420465 -3.1035330706666597 0.8028025954151815 0.020204677647242538 0.5959024912158503 88.18798631813627
0.5506435634332083 -0.006831794765944119 -0.8347126981699354 1.511065473889833 -0.01267691166465388 0.9997829745531611 -0.016545539664874903 -3.1165668980162615 0.8346441336060023 0.01969227090821264 0.5504374434429385 88.34348138366026
0.504500187565809 -0.009750707586848996 -0.8633567251881514 1.1655920746656325 -0.008934917660460036 0.9998240198106075 -0.016513057060751533 -3.127422202657416 0.8633652976962937 0.016044860911726674 0.5043242639497397 88.50203149218848
0.4602983842502064 -0.011481595425544163 -0.8876901759096136 0.8110775215710955 -0.008704600006195398 0.9998101479582004 -0.01744542149191439 -3.1380257337810846 0.8877215032476259 0.01575708701115213 0.4601110942715472 88.64159143126089
0.4188672322948229 -0.009627209522772037 -0.9079965853433288 0.45001171620110736 -0.015619224216546863 0.9997197084780122 -0.017805012883866614 -3.1462543409409407 0.9079130919448172 0.021640136037915453 0.4185994864785337 88.74793677854983
0.38062511715044695 -0.0013787979542818993 -0.9247285917739821 0.07268177276211346 -0.031737916361685936 0.9993904981418736 -0.014553683283856861 -3.150453516271197 0.9241845385682887 0.03488844463107824 0.3803494602287366 88.83994393464181
0.34610808062449416 0.002337067758688273 -0.938191917622323 -0.3020953675806775 -0.03764488779727801 0.9992263820890075 -0.011398458262735391 -3.1565811043232763 0.9374390001956363 0.03926321305110596 0.3459284270858223 88.93045735168329
0.31384079597915304 -0.00100240872192582 -0.9494752626690836 -0.6763522374041604 -0.036116481082063716 0.9992632887185776 -0.012992962270468405 -3.166830397132566 0.9487883847142214 0.03836941156624943 0.3135735296417432 89.02313071284007
0.28331115109116034 -0.00875232926498229 -0.9589883131386001 -1.050892622208612 -0.02492258046874276 0.9995536137185622 -0.01648536232668915 -3.185169943516008 0.9587040507170965 0.028570940199069302 0.2829667389384453 89.12502006428912
0.2551132135290612 -0.013270903295284102 -0.9668203306005204 -1.4345887381548645 -0.019461489957710458 0.9996329623304251 -0.01885657263674111 -3.205992652067234 0.9667152478084116 0.023626317779689387 0.2547614903134649 89.21054653727275
0.22987610208301035 -0.015142724488147892 -0.9731023374434762 -1.8329190369319521 -0.020807287473520508 0.9995741287544032 -0.02046997143343015 -3.2221090695151364 0.9729973899314169 0.024953169462399467 0.229463328345643 89.27712455721704
0.2067349340306557 -0.01580710771223515 -0.9782695796549137 -2.2407481556871764 -0.027470443228539886 0.9993817168334375 -0.02195349800892037 -3.234212489322356 0.9780112470763883 0.031412040885271414 0.20617310158103752 89.32948002978625
0.18701486686115384 -0.021748205794447927 -0.9821165968332458 -2.662749972744559 -0.03631695057519115 0.9989186051944717 -0.02903575888260376 -3.232189559489137 0.9816855271904609 0.04109758220147464 0.18602303248936425 89.37208405821904
0.16770531668393843 -0.029730213211836647 -0.9853891010560033 -3.089769624556915 -0.03891914182689518 0.9985664381840476 -0.036751520642322094 -3.233110060470331 0.9850686575652979 0.04451390354278289 0.1663080746033897 89.41897125410884
0.15011945027174237 -0.0310563341313399 -0.9881803074320122 -3.5367756169615467 -0.036623939099919144 0.9986459929326287 -0.03694898202776978 -3.2470099739745506 0.987989312723054 0.04173779834841113 0.14877903744107038 89.47221375036067
0.1346624095636871 -0.026124603360919034 -0.9905474366800905 -4.002134711885469 -0.03409380956038643 0.998938545481912 -0.030980882284142617 -3.2696998890511684 0.9903048446055618 0.03794347952484405 0.1336290464915586 89.52056788660485
0.12003380208184529 -0.022440824766405524 -0.9925164802706777 -4.475778766162656 -0.03438472239243997 0.9990509047475383 -0.02674702218246424 -3.29207477678932 0.992174198601817 0.03733793310468729 0.11914852546030574 89.55604795712014
0.1066449599405705 -0.020156937041817615 -0.9940931555427647 -4.962464904145189 -0.03689251605115898 0.9990260701642057 -0.024214742282227343 -3.3116572583622212 0.99361252424851 0.03925696120843336 0.1057977263288953 89.58341625888454
0.09481647904056432 -0.019102646323821314 -0.9953117876919096 -5.460061423615308 -0.04090996617749582 0.9988967549759794 -0.023068663315941818 -3.3275740944875927 0.9946538540255433 0.042905442663864986 0.09393065968120963 89.60330324816859
0.08451435110532056 -0.01970805905183617 -0.9962276233649815 -5.974576875534434 -0.04433756629310691 0.9987399812596119 -0.02351911064207136 -3.3446936457089578 0.9954353765020324 0.04615799289476106 0.08353433123181234 89.6210083985403
0.07611133884158747 -0.020332031728687226 -0.9968922673741725 -6.504630347595029 -0.046625115092905456 0.9986261050877305 -0.023927156546692592 -3.3627412372579224 0.9960086591143503 0.048301326536070804 0.07505906607756677 89.63825772186351
0.0701120878870005 -0.020551746881280416 -0.9973276598854599 -7.050390425525049 -0.04845899863246089 0.9985374462876743 -0.023983342210365504 -3.3797665503593723 0.9963614457854064 0.05001100211238905 0.0690139104255532 89.65472289218492
0.06433607433038031 -0.02169881972738965 -0.9976926315377487 -7.6141064612448925 -0.04999814454258644 0.9984381697225649 -0.024939157252273608 -3.39496471995959 0.9966750901768261 0.051487246829756056 0.06315097321378613 89.67152563370657
0.058052120832945114 -0.02266712091855365 -0.9980564401213161 -8.197972460321104 -0.05045704644072275 0.9983981060844089 -0.025609721226326727 -3.409302996043046 0.9970377304330889 0.05184565871500055 0.0568156937452976 89.68784622911878
0.05340703835186298 -0.022635226183669917 -0.998316498536269 -8.800924039585249 -0.05292689675260103 0.9982738791705541 -0.025465694679992084 -3.4261998879692346 0.9971692691331772 0.05419782134877416 0.05211712709226163 89.70166303774214
0.04996143596934728 -0.022438964800426325 -0.998499306360673 -9.420242790069269 -0.054656849709848326 0.99818822437966 -0.025166813241091723 -3.4422850580693876 0.9972545192892697 0.0558321753071643 0.04864476510468203 89.70787309190541
0.04649389672275015 -0.022060032829126747 -0.9986751813458561 -10.05979568835474 -0.05576835417559608 0.9981398185769765 -0.02464453167138934 -3.460290084940771 0.9973606278314779 0.05684027641358945 0.04517744879900803 89.7166691946101
0.04330601939134427 -0.021446591523556192 -0.9988318389769518 -10.714590665295649 -0.05731408795962977 0.9980699764046537 -0.023915178034051868 -3.477648594659898 0.9974164719136243 0.05828279322293864 0.0419935402721783 89.71954814616268
0.042072628172879226 -0.02108572230649284 -0.9988922431728872 -11.388379354928587 -0.06197778747124634 0.9977969995015105 -0.023673060324101106 -3.4951995378951164 0.9971903829621294 0.06290509963607328 0.04067338947789956 89.72146385362574
0.04227165092914589 -0.020719854065832044 -0.9988914634515003 -12.074632777821357 -0.06595744393052971 0.9975463230865423 -0.023483172248000426 -3.5116179971140062 0.9969266312383852 0.06687698196633453 0.0408015942575682 89.72017328287284
0.04410325174865454 -0.02054933642910452 -0.9988157980684937 -12.781911116074308 -0.06780195212562189 0.9974219186561913 -0.023514487076635948 -3.5298076477950313 0.9967235252338617 0.06875870706558045 0.04259655692033826 89.72729149984164
0.04733302035173876 -0.020776790935740926 -0.9986632429424562 -13.505015263056473 -0.0702074260459824 0.9972421114797544 -0.02407479869389148 -3.549543771619083 0.9964087881705316 0.07125308900786055 0.0457440872786668 89.73867403581758
0.05107249781303508 -0.020624233590030662 -0.998482187353721 -14.24395343744919 -0.07097171005902439 0.9971842648799244 -0.02422763622216478 -3.570048638963413 0.9961699986157881 0.07210132535580797 0.04946524536273304 89.75237446205975
0.05485106394958477 -0.018736648058338877 -0.998318943373835 -15.002603516567865 -0.07237747037880253 0.9971193961958155 -0.02269079906755313 -3.5953063996301515 0.9958679247591667 0.07350038620842403 0.05333723642128476 89.77630517152123
0.05870192983789205 -0.017226819342165363 -0.9981271152639999 -15.773684469997573 -0.07228986117061593 0.9971529786554221 -0.021461521525082784 -3.6214014523911775 0.9956547088794861 0.07341427625380131 0.05728976597089318 89.80524415987142
0.06263954074925955 -0.015064432269756567 -0.9979227298876203 -16.56055871348337 -0.06951841372469349 0.9973918420133745 -0.019420082783289713 -3.6458492766916195 0.9956121616650832 0.07059043948045308 0.06142919516939437 89.8433885864929
0.06659822463596506 -0.013964169341699246 -0.9976823276186403 -17.354733189829528 -0.06847999059788012 0.9974805735222705 -0.018532582897292683 -3.669721718646085 0.9954271638927686 0.06955548724476247 0.0654744491136477 89.88362103356643
0.07057064529949543 -0.014792161967523315 -0.9973972791335348 -18.156510110110247 -0.06595720813446294 0.9976329252282511 -0.019462441177576586 -3.6964574387442757 0.995323807541055 0.06715899677951628 0.06942822413263083 89.9294836922811
0.07390607652184336 -0.018161717556995666 -0.9971000190058809 -18.959965280340917 -0.06387775596441408 0.9976951252979538 -0.022907236199737658 -3.726998875551837 0.9952173912354622 0.0653854756723924 0.0725758714100237 89.97884086531529
0.07513589631037329 -0.024427708915830543 -0.9968742703076662 -19.768194471497438 -0.058277649182776066 0.9978838684417115 -0.028844919927888825 -3.758630260239723 0.995468914268386 0.06026275980877418 0.07355358702389662 90.03338660088143
0.07474787698365931 -0.027491211632683397 -0.9968236776541627 -20.581927972169204 -0.0556689118900913 0.9979463138172829 -0.03169656323924729 -3.7894122334247062 0.995647451462509 0.05786132182190573 0.07306423805518415 90.08277959672331
0.07476571933884416 -0.02757564928204277 -0.9968200154549208 -21.399472801204613 -0.053242228863776796 0.9980816345259649 -0.03160394332405679 -3.8281979875313543 0.9957787999896319 0.05543579326265482 0.07315438236580633 90.13241270112027
0.0745198465600759 -0.024948910649594844 -0.9969076392270607 -22.217344816007696 -0.05043150506286196 0.9983138055066116 -0.028753906539191285 -3.8696421384841733 0.9959435339093068 0.052418273688563506 0.07313625831164154 90.18269543845297
0.0743719206762242 -0.024338601841949616 -0.9969338166909202 -23.03430748429571 -0.05132068168945949 0.9982843519141842 -0.028200128313084192 -3.9087936070327807 0.9959091581937195 0.0532606060550042 0.07299552817102083 90.22769063634217
0.074476034171134 -0.023227702792261645 -0.9969525500138144 -23.851474177193534 -0.049032251934960934 0.9984345519502326 -0.02692512098028624 -3.9487118117255573 0.9960166759985348 0.050888089525047336 0.07322081710588504 90.2737377070992
0.07410195977659845 -0.023270187314318017 -0.9969794334311531 -24.66658950403549 -0.047341131286853334 0.9985188285621789 -0.026824818289554738 -3.9918831324617523 0.996126342212314 0.049185891797063515 0.07289084909286711 90.31732629437093
0.07412387023841527 -0.024123436528215855 -0.9969575117039738 -25.4783703930747 -0.044810886044950184 0.9986173730414581 -0.02749529250846419 -4.031550751365376 0.9962417315435783 0.0467125970662786 0.07294067369798392 90.36500574167381
0.07273589349472846 -0.0253887079454067 -0.9970283641853285 -26.28878870809127 -0.04182683191279151 0.9987191217680885 -0.028483143379316903 -4.0706719792875585 0.9964737802725698 0.043774274236464475 0.07158108309520916 90.41153203551745
0.06992097350163153 -0.025481496840510848 -0.997227327967685 -27.100078331069362 -0.038978179711527734 0.998840823667634 -0.028255695102904328 -4.110043304642575 0.9967906880922291 0.04084576624701882 0.0688469868633907 90.45779565907205
0.06591460882952395 -0.02417627313629266 -0.9975326713844439 -27.909908037583822 -0.03637497608730691 0.9989841028983829 -0.02661502270667871 -4.149283440305057 0.9971620339255106 0.0380395400575423 0.06496852127517468 90.49919975184538
0.060897835705369434 -0.021677464497881965 -0.9979089431994737 -28.721791121776697 -0.03431023373333712 0.9991282823690316 -0.023797747657551927 -4.189372190625597 0.9975542095670058 0.03568771377496106 0.06010127424877879 90.53733470086078
0.05454551498131148 -0.01931215825202177 -0.9983248859742676 -29.53343473347596 -0.03223627530371404 0.9992581706978984 -0.021091504248846284 -4.227713783467857 0.9979909283476305 0.03333271539166746 0.05388278140689075 90.56799615245845
0.047000482198722604 -0.019303149355100038 -0.9987086729453808 -30.340321240493896 -0.031722212619845015 0.9992805734559759 -0.020807086331363807 -4.264422181420088 0.9983911840231419 0.03265918570557485 0.046354615111331626 90.58886700136148
0.03816200469162522 -0.02033890187953019 -0.9990649048358283 -31.14203885269619 -0.031208153254797467 0.9992813082588593 -0.02153538531908628 -4.298964216001089 0.9987842593590274 0.03200079795257404 0.03750013115108694 90.60256472287816
