1.0 0.0 0.0 0.0 0.0 1.0 0.0 0.0 0.0 0.0 1.0 0.0
0.9990497827529907 0.0016497797332704067 -0.04355202242732048 -0.051546644419431686 -0.0017604221357032657 0.9999952912330627 -0.0025022367481142282 -0.02424883097410202 0.04354768991470337 0.002576529048383236 0.9990479946136475 1.0007251501083374
0.9960493542105251 0.005367949306221002 -0.08863831259515126 -0.14646321775623472 -0.006010223999248659 0.999957553548498 -0.006980715840686352 -0.05051622169553132 0.08859707564665158 0.007485874224730127 0.9960393436097047 1.9956590223880952
0.9909269808147212 0.005886877718761049 -0.13427211134673944 -0.2879204722561942 -0.007448176288109634 0.9999103361375249 -0.01112851652677613 -0.07903058399116843 0.13419455435720792 0.012027629918472399 0.9908819513680368 2.986691042558406
0.9836221881758423 0.0035650684096377697 -0.18020712168985215 -0.4657501117449334 -0.006172883269794069 0.9998841957122873 -0.013912493599419946 -0.11029277900224496 0.18013663321603296 0.01479703507072644 0.9835302691342386 3.9638457729512737
0.974047858618497 0.0061736202179787985 -0.22625788292277907 -0.6971646005411755 -0.009486834952565174 0.9998631399574714 -0.013559115468174883 -0.14387698028393422 0.22614318763214875 0.015353699059639707 0.9739730223013646 4.934640152971392
0.9624211257534615 0.007368624657871115 -0.27146139723492396 -0.9715695955737376 -0.011640145609916311 0.9998325376220771 -0.014128461969974377 -0.18022367439982606 0.27131180717233305 0.016757381056861587 0.9623455704050837 5.887651700802748
0.9488374335279829 0.00969354581542109 -0.3156162727781409 -1.288078411876834 -0.015876160616884943 0.9997291551427271 -0.017023759393725496 -0.21848768889753534 0.3153657385703503 0.021163553892511927 0.9487341588386279 6.826202596625945
0.9336201658504333 0.012638567566739969 -0.3580414928724464 -1.6513310767765796 -0.020804609569806714 0.999603833091531 -0.018964405912958567 -0.25472898288935386 0.3576598979525227 0.02515446347731059 0.933513081125307 7.743952933356955
0.91619448530948 0.012283932946447636 -0.4005457063759201 -2.0504988881560418 -0.021776477104251603 0.9995795188510044 -0.01915567415008649 -0.2919528202047795 0.40014188175124876 0.026272794853404235 0.9160765833060359 8.646241733622471
0.8965559083155907 0.013077658283411292 -0.4427375801542266 -2.4886831764946624 -0.023417914628797953 0.9995657143863885 -0.017896590154479624 -0.33092365274710533 0.4423111640147553 0.026413280913732667 0.8964726862458783 9.527391025934199
0.874511296863638 0.013514287139587515 -0.484816932311747 -2.966292598143552 -0.02447753991058783 0.9995677710039718 -0.016289531311182572 -0.36973847305688357 0.48438715032937385 0.02611249962809649 0.8744640493179193 10.38416836752748
0.8503690293797218 0.013481615942131172 -0.5260140646176638 -3.483069991614929 -0.025177225025722682 0.9995693203882858 -0.015083484441316472 -0.4086031528505008 0.5255840775364354 0.026070098999004823 0.8503421683985531 11.215600443307409
0.8245427853296424 0.014011000541978435 -0.5656260774474291 -4.036690580562183 -0.02696390787041113 0.9995306021415717 -0.014547549910034457 -0.4439735591569295 0.5651566815936194 0.027246563076857584 0.824533548392305 12.018779063519743
0.7970301558444222 0.016193333173194338 -0.6037223925418199 -4.631439878748331 -0.0312610523876231 0.9994066805786949 -0.014464059729850482 -0.47902273100294945 0.6031299141636863 0.030401285299789194 0.7970634244331489 12.790060871758142
0.7681510015548556 0.015104448578772696 -0.640090498254133 -5.2521264371019605 -0.031868020777310276 0.9993846567048451 -0.014660896282942164 -0.5136185210762165 0.6394751035480665 0.03166019805537684 0.7681596147138658 13.530580991052759
0.7374229587707637 0.018316960006415556 -0.6751828961660737 -5.913463438802056 -0.037186186938680324 0.999217248673289 -0.013506457292959614 -0.5462714001191976 0.6744068614947247 0.03506744540423737 0.7375267814678548 14.237312600653315
0.7051665037765948 0.018113076443025292 -0.7088104093211127 -6.602646124642383 -0.03829943388501455 0.9991874175476866 -0.012569120909742059 -0.5777430982124033 0.7080066269312444 0.03601035580962881 0.7052871632552501 14.912164946788128
0.6706799441144796 0.016821630647375817 -0.7415561110008653 -7.315984895964506 -0.0384839814133239 0.999185558070501 -0.012140020638803208 -0.6091557558182691 0.7407478449406673 0.03668009462634211 0.6707810822456084 15.55483098609695
0.6350647244240577 0.017843072091461357 -0.7722527839753597 -8.059656746205944 -0.043585640305169815 0.9989682103011523 -0.012761420825546805 -0.6362920352160374 0.7712282269198492 0.041763455173132395 0.6351872306638854 16.1550062150617
0.5983913573175261 0.016316306292195753 -0.8010377113812814 -8.824950193228345 -0.04435616497653554 0.9989339261459013 -0.012787707556853812 -0.6652786900251332 0.7999750781248018 0.04318301194252122 0.5984772360188969 16.721741223459276
0.5606381374086684 0.015604172707237593 -0.8279137428108319 -9.61750100944789 -0.04722423605565022 0.9987976423184738 -0.013153903919506948 -0.6938758931028851 0.8267130755909301 0.04647217251001972 0.560701044912257 17.24835285499242
0.5217301763872381 0.014154572350364998 -0.8529930308446569 -10.435726041606706 -0.05299064006478011 0.9984692609363977 -0.015842932090037776 -0.7209806057217706 0.851463110677883 0.053466377993005056 0.5216817106777412 17.735824661699798
0.48240221574840186 0.013143328545234267 -0.8758511333910062 -11.273389719534576 -0.05466344981884904 0.9983902689550115 -0.01512540196452675 -0.7448952364045713 0.8742424217731052 0.055173571075998816 0.48234421840144737 18.18861387614786
0.4437520064434121 0.01483487633956736 -0.8960267389695222 -12.138439270222761 -0.05962893973330611 0.9981359197337866 -0.013005462012713522 -0.7707237219285252 0.8941634988592171 0.05920032576116915 0.4438094665307331 18.605412110616754
0.4063318831291865 0.01567329369216412 -0.9135910323168351 -13.02386432242693 -0.06333168043860188 0.9979314422916267 -0.01104740827235188 -0.7968982465992083 0.9115279928383944 0.06234817358120619 0.40648404073227595 18.98485825736828
0.37059669013002927 0.013364593336311105 -0.9286977055299601 -13.922823378342029 -0.06549873128703078 0.9977831789105709 -0.011778484205074713 -0.8194985852742948 0.9264814340642662 0.06519358632817865 0.3706505955987065 19.335290699237735
0.3367101949570912 0.01369918569030172 -0.9415086458816627 -14.845674554286491 -0.0669576862037007 0.9977112916072967 -0.009429021826773137 -0.8398223780279468 0.939224592554103 0.06621608250955557 0.3368569079485833 19.655579326420987
0.30320997128962907 0.01606374063367827 -0.9527883688025616 -15.788193184503784 -0.06893785955599614 0.9976078941556227 -0.0051190130853934045 -0.8590109723615289 0.9504268472106141 0.06723532205752224 0.30359213951751857 19.948581217104515
0.27003815234029593 0.015840809815607277 -0.9627193823444377 -16.746090125863574 -0.06970553360853672 0.997562733787521 -0.003137940399942649 -0.8779587972717183 0.9603230989919738 0.06795422116740109 0.27048429629090276 20.20958851464754
0.23738391676241272 0.013010405128761936 -0.9713288669989465 -17.710961674735373 -0.06752452045820233 0.9977127616422152 -0.0031385798079351826 -0.892643116597828 0.9690661634455292 0.06633355546002387 0.2377195967040232 20.442898462340807
0.2058011478621055 0.010890341035088368 -0.9785333431539204 -18.690743634570023 -0.06752573129637732 0.9977128019026905 -0.003097946810339746 -0.9066850129736104 0.9762613195832405 0.0667137273088074 0.20606593169093665 20.64543455160623
0.17487582703791243 0.010566013475180724 -0.9845339164201945 -19.69166096921253 -0.06930053552479057 0.9975946204457842 -0.0016031896768672488 -0.9204781020461953 0.9821485979353314 0.06850907362505446 0.17518753880490884 20.816486921354162
0.14401566988382464 0.010952464693782193 -0.9895149190869862 -20.70871844442904 -0.07093836890467248 0.9974804865390396 0.0007161385177616287 -0.9323197941704711 0.9870295117306096 0.07009142166041926 0.14442990656313034 20.958894689208712
0.1132278586656969 0.011888897456001725 -0.9934981087922738 -21.741565036528293 -0.0696063602192702 0.9975665797672739 0.0040046216709503585 -0.9423553813066524 0.991127876288387 0.06870033187272392 0.11378001423016595 21.07449618001103
0.08347480579761053 0.011821159171353896 -0.9964399346603403 -22.79075871014751 -0.07016376563986197 0.9975177484686456 0.005956109960676588 -0.9484061143691882 0.9940367286166369 0.06941677346573391 0.08409717387481758 21.161174278612304
0.055758500307879266 0.011194791295787088 -0.9983816877841432 -23.85364627139398 -0.07276072250998723 0.9973240451845004 0.007119323994944108 -0.9510500229092895 0.9957896066239738 0.07224598741857882 0.056423996267485406 21.214675921200456
0.030223834655395132 0.01055344551194967 -0.9994876378383319 -24.931121668645595 -0.07695777057265141 0.9970006942788218 0.008200032125909569 -0.9519317064663424 0.9965762196792491 0.07667047876246587 0.030945515919015166 21.24068619300671
0.0072005206982063905 0.010110910094305404 -0.9999231498553862 -26.023479492549818 -0.0812525649850377 0.996648406570118 0.009492688022363572 -0.9509507730097747 0.9966675705798209 0.08117794665427601 0.007998091950386612 21.240264587335915
-0.013588065413198675 0.009968543929963901 -0.9998581870125964 -27.127231718713276 -0.08719675423167382 0.9961291816513732 0.011116365619109253 -0.948953141684921 0.9960984970612219 0.0873354145215927 -0.012666072113606097 21.215630868170745
-0.03162999844092679 0.01065175057211827 -0.9994430778489934 -28.242497000640988 -0.09165366023387332 0.9956993797944961 0.013512467751852095 -0.9456322058831785 0.9952885849239461 0.09202998959620991 -0.03051752168345555 21.16967861515865
-0.04749077399420237 0.010302406811193012 -0.998818706585369 -29.37022539543275 -0.09488937375502367 0.9953782177639486 0.014778614491332307 -0.9414381641182002 0.9943544574956118 0.09547910714221039 -0.04629351358047328 21.1073965788359
-0.06213470356503022 0.010862087335924663 -0.9980088629967105 -30.502914908914025 -0.09737484157258752 0.9951044271818846 0.016892902521216082 -0.9363625828802842 0.9933063824895466 0.09823055699961462 -0.060772649533533764 21.029586532000533
-0.07560901682337144 0.011935163687080088 -0.9970663489898238 -31.641968381545308 -0.09751637245350007 0.9950466476670723 0.019305797802803913 -0.9296847054440389 0.9923578365993896 0.09868994083387048 -0.07407044922876714 20.939832051988684
-0.08805578917262438 0.011988186155945917 -0.9960436122461955 -32.78682210253218 -0.09729044432953857 0.9950432857755686 0.02057716110627863 -0.9216748090192965 0.9913530813690756 0.0987174249540907 -0.08645280821612915 20.836944418599025
-0.09947824062070494 0.009193627730981722 -0.9949975057473243 -33.94232392609752 -0.09735339941410134 0.9950699058055631 0.018927531247713077 -0.911744886467331 0.990265941667712 0.09874922613948069 -0.09809259163093695 20.7185755576528
-0.1097970368756555 0.005360993840769226 -0.9939398254095538 -35.11473728360298 -0.09798070155713877 0.995056612239149 0.01619060012332544 -0.900709298491178 0.9891130946372079 0.09916455391855375 -0.10872881044689675 20.585316935655253
-0.11945571720325762 0.002512128436243744 -0.9928366398048623 -36.30911836081918 -0.09905114153525027 0.9949776413911676 0.01443514150995677 -0.889155779742868 0.9878863827121637 0.10006591325418981 -0.11860676040358298 20.43696873214524
-0.12708874743558374 0.0012782676245989021 -0.9918907793205656 -37.52679452539624 -0.09888962964335686 0.9950005950275104 0.013952782862544246 -0.8781716488754391 0.9869496017020621 0.09986091259650692 -0.12632679233340505 20.278887463252318
-0.13298747928534632 0.0007149799762736184 -0.991117724125253 -38.767332389730235 -0.09839200176491845 0.995050368663821 0.013919988312875916 -0.8670197752583285 0.9862218311589748 0.0993692009291674 -0.13225871949129336 20.110837691354202
-0.13815948797211688 -0.0008940948975491546 -0.9904098457010342 -40.024033511439406 -0.09941087227129719 0.9949618982350321 0.01296934330163196 -0.8564507354268458 0.9854083772675715 0.10024929730052175 -0.13755213546881623 19.932518153445642
-0.14268569096964623 -0.0028162273663600926 -0.9897642985990028 -41.30549739340838 -0.09869181181385407 0.9950527697894399 0.011396263599159219 -0.8460523541872149 0.9848354941746953 0.09930767235074717 -0.14225755205283824 19.746459437401573
-0.14682581705970943 -0.003917722274353867 -0.989154885935528 -42.60679812197634 -0.09897328657516039 0.9950320275343839 0.010750162588894586 -0.8375520343697516 0.9841984977753595 0.09947826893880381 -0.14648396286428317 19.550635898256623
-0.14991981510969424 -0.0030093517028397902 -0.988693901190669 -43.93278339874079 -0.09873935215716587 0.9950416566655778 0.011943593766162037 -0.8295474989701745 0.9837554244534207 0.0994135332024708 -0.1494734363019559 19.347845455907624
-0.15223045082092793 -0.0005818146373816526 -0.9883452068137215 -45.28137283590647 -0.0993337508227978 0.9949453742726734 0.01471424298408988 -0.8187898731367431 0.9833406661059291 0.1004159438567242 -0.15151861311527456 19.13751231408105
-0.1545081241590369 0.0003897841349418776 -0.9879917868661644 -46.648502560650364 -0.09937382795038185 0.9949225601021943 0.015933200163085765 -0.805991340246294 0.9829813456764451 0.10064227927377525 -0.15368471915792067 18.922289073036623
-0.1565160589962547 -0.0003425644876987492 -0.9876756939959717 -48.035583142554636 -0.10160617420607725 0.9946998591327509 0.015756437994075556 -0.7907505332854906 0.9824353253672505 0.10282002667968468 -0.15572114387096006 18.699414744195035
-0.1575246688396183 -0.0008738300648368241 -0.9875150384734575 -49.44199674221064 -0.10133507522043725 0.9947349010281061 0.015284371891062474 -0.7765835615813304 0.9823021313145753 0.10247751593318075 -0.15678366988398204 18.47316386875958
-0.15806675536870457 -0.0017364194387523475 -0.9874272746239614 -50.87123970240922 -0.10339300534158821 0.9945303788938918 0.014802181380852193 -0.7612118932434632 0.9820005367676635 0.10443274452100161 -0.15738156349867602 18.239922596987686
-0.1581479893301703 -0.0022465014479910133 -0.9874132384183817 -52.31633131830725 -0.10292092591916734 0.9945878074398959 0.014221398567333548 -0.7488758151764229 0.9820370440055254 0.10387450810866704 -0.15752311593223234 18.00569058348936
-0.15762324414291964 -0.0034913888997955135 -0.9874934962117103 -53.78412356726432 -0.10297402170128817 0.9946000777118139 0.01292015278338225 -0.7385613636637011 0.9821158025489689 0.10372263888118212 -0.15713145492076158 17.768198717464614
-0.1564358030862026 -0.0035352072010011153 -0.9876821532827683 -55.27560049380172 -0.10331573905949018 0.9945661356646746 0.012804004267107287 -0.728229205297701 0.9822697611725325 0.10404606075421302 -0.1559508384367934 17.52863150673914
-0.15494581056598083 -0.0023027945935297114 -0.9879205970233246 -56.786891429275265 -0.1024080734500799 0.9946474390226601 0.013743246385408057 -0.7193066761873609 0.9826008867933562 0.10330045218140352 -0.15435212629093284 17.28945153890973
-0.15380891793267581 -0.00305421850821439 -0.9880962106615779 -58.319672543415486 -0.10338429504467395 0.9945561874076991 0.013018811299389393 -0.709020660640626 0.9826772667986183 0.10415598732293056 -0.15328722042104437 17.046964335673408
-0.15260019901899843 -0.003934104736552106 -0.9882805194253247 -59.8700146982436 -0.10331144406372936 0.9945766505619916 0.011993134396393152 -0.6982429232334588 0.9828733921180124 0.10393078340685453 -0.1521788830379952 16.805531520441328
-0.15163218074181764 -0.004599935186750504 -0.9884266445920873 -61.449302202723345 -0.10431790014068641 0.994478831711857 0.011375064341450433 -0.6898256433195439 0.9829168645321318 0.10483535903618456 -0.1512747108094798 16.560073720749184
-0.15058817268372557 -0.004531348421368279 -0.9885865203576597 -63.045606181741135 -0.10387993336551296 0.9945259696102479 0.011265123448421023 -0.6822540519823622 0.9831237356681625 0.1043906450464507 -0.15023441322278086 16.314803324043943
-0.14963707339667456 -0.002802040080576544 -0.9887373879275707 -64.66144044187348 -0.1056382025564898 0.9943173417873207 0.013169602093842629 -0.6743079290675207 0.9830816334180199 0.10641904099726725 -0.1490825906234543 16.06552084286967
-0.1489506797916626 -0.0010534879941292569 -0.9888443918205607 -66.29270519369534 -0.10691904985559665 0.994153797162864 0.015046186386331954 -0.6659356517642196 0.9830474451187999 0.10796738152875295 -0.14819236048250214 15.814273344858352
-0.1481746307252379 -0.0015870491724331132 -0.9889602629585534 -67.93356390920482 -0.10845032973537636 0.9939938045173812 0.01465384460094475 -0.6566446479495627 0.9829970298341044 0.10942433178191452 -0.147456608957451 15.564267118909976
-0.14710989104140315 -0.003907864598561895 -0.9891127480949954 -69.59145155437913 -0.11084319040133869 0.9937585067187548 0.012559391247147994 -0.6495701673801875 0.9828900744830037 0.11148395926698777 -0.14662468441278045 15.310621190654532
-0.1464655826305246 -0.003603559715992267 -0.989209513130378 -71.26347250694613 -0.1101154528930303 0.9938378272242744 0.012683628086885673 -0.6455460874529282 0.983068152915798 0.11078489662203642 -0.14595965209356168 15.060449421340532
-0.14626096115346263 -0.0032335105346224533 -0.9892410622626705 -72.9495703961315 -0.11051058512589389 0.993788680204363 0.013090797329162922 -0.641165786967751 0.9830542582427466 0.11123621119895583 -0.14570963611726206 14.807048680329602
-0.14603663445419174 -0.0016899733524427057 -0.9892780019816808 -74.6567987721284 -0.10983252469751413 0.9938440458973175 0.014515634892208393 -0.6351350689913496 0.9831635553876623 0.11077465210115676 -0.14532306620383456 14.553788082337789
-0.14563638838123885 -0.0019666558255626264 -0.9893364528826823 -76.37583220121506 -0.11168628479031213 0.9936381596152852 0.014465694590974434 -0.6266312418767555 0.9830140376579425 0.11260199010491667 -0.14492933376592768 14.295792955641698
-0.1456209820478086 -0.0021527796512195063 -0.9893383369642583 -78.11207298801754 -0.1123680084431831 0.9935625767950629 0.014377502850453435 -0.6192840997863444 0.9829386227835604 0.11326359044890008 -0.14492527499714408 14.03760736567766
-0.1456049030683795 -0.003177942634072926 -0.9893379295661958 -79.8641611384709 -0.11285673202928713 0.9935205909984941 0.013418203787516677 -0.6122147220948304 0.9828850134633621 0.11360714779128159 -0.14501993430742896 13.776060427041843
-0.14593748400850262 -0.003866792354528646 -0.9892864691925969 -81.6265464640469 -0.11232992327860848 0.9935898565953315 0.012687060991930009 -0.6069489664829075 0.9828959914984678 0.1129779378807681 -0.1454361847565742 13.514670583290911
-0.14706101937693178 -0.004142507837386899 -0.9891189820947642 -83.40315576074121 -0.11121177198157407 0.99371959130291 0.0123730542207848 -0.6037289085026311 0.9828556865739879 0.11182121230289228 -0.146597938644075 13.24925447422093
-0.14823473205140753 -0.004952356210570299 -0.988940080341767 -85.19378018650983 -0.1106078343791826 0.9937962809466493 0.011602610330284308 -0.6017903641439997 0.9827475561097538 0.1111043641266994 -0.14786272263548672 12.979955022375169
-0.14924287607148765 -0.004337997285765745 -0.9887913477901483 -87.00534327651562 -0.10946713549674407 0.9939159209688236 0.01216190087944425 -0.5994708799063766 0.9827227236758871 0.11005516547788695 -0.14880956109195223 12.707063735352973
-0.15022915053842523 -0.0038360668180887334 -0.9886440407720852 -88.82745038222392 -0.10961997939617568 0.9938910281828468 0.012800846948698878 -0.5948913392464581 0.9825553701985522 0.11029813348617552 -0.14973174153467947 12.42838163157009
-0.15067290587277266 -0.002812148702811456 -0.9885799531120664 -90.66659304001455 -0.1070119231242666 0.9941661487546499 0.013482016090552112 -0.5892795591202711 0.9827749135467165 0.10782114192969862 -0.1500946722145658 12.148558481834044
-0.15206827501211195 -0.0038963013404548085 -0.9883626123605093 -92.51611970750008 -0.10680605593809923 0.9942009416058077 0.012513730329890973 -0.5822797614062707 0.9825823698871831 0.10746597687087116 -0.1516024107788823 11.861220152578337
-0.15468659000850263 -0.005230432724537479 -0.987950046077922 -94.38414031378983 -0.10571427261887681 0.9943322868247255 0.011287804237809507 -0.5761630657120873 0.9822917616160379 0.10618640706994134 -0.15436263255441568 11.569302180399166
-0.15849525428843092 -0.005190676523571749 -0.9873464095554098 -96.26374348013967 -0.10645377585038822 0.9942466734195721 0.011861692454430082 -0.5691026431723233 0.9816045185812402 0.10698668352000215 -0.1581357830362442 11.267467151744073
-0.16320553832759976 -0.004742858061671771 -0.9865810182112974 -98.15385220299896 -0.10418196232641352 0.9944800950079128 0.012453503942845955 -0.5670446093335407 0.9810762591109292 0.10481633919224152 -0.16279861557394767 10.958967747095254
-0.16807304152586922 -0.003613113408950122 -0.9857682890126507 -100.05268861652611 -0.10192299109119546 0.9946973172861849 0.013731977786559596 -0.5652338436415041 0.9804915930452943 0.10278033190166823 -0.16754990280571974 10.639827960678243
-0.1727787778026302 -0.00487530026295154 -0.9849489174232781 -101.95528158436812 -0.10095968598655804 0.9948081704939807 0.012786142425516745 -0.5641518343282251 0.9797730501644167 0.10164921774131525 -0.1723737812380667 10.309860994073007
-0.177452638332233 -0.006239567024976585 -0.9841098977954 -103.86977986691655 -0.10146588104659233 0.994766627978591 0.011988976294635125 -0.5624417385169743 0.9788849951714893 0.10198096620396464 -0.1771568951333377 9.966077735184317
-0.18205523744607002 -0.007979397043159682 -0.9832563260490189 -105.79099108916186 -0.10117840398945022 0.9948110312639334 0.010660559625500513 -0.564341516838629 0.978069229706035 0.1014250234353334 -0.18191774175408498 9.611562245025874
-0.18687635033489436 -0.008786984352395255 -0.9823445877021515 -107.72479482178589 -0.10012078860033671 0.9949234698446349 0.010146976619495061 -0.56879362407606 0.9772685119278787 0.10024925004808354 -0.1868072549384139 9.246334423669124
-0.19188785812066114 -0.0076332328224057635 -0.9813876110293684 -109.66829403028805 -0.09794185563198568 0.9951266545786298 0.011410186736194362 -0.571797297850746 0.9765178748384635 0.09830830519165677 -0.19170015832933915 8.871524726591655
-0.19726492315120253 -0.007480860981440444 -0.9803221246842604 -111.62061103091533 -0.09606310974088149 0.995305953194597 0.011735051805605627 -0.573340380359242 0.9756327352233486 0.09648760189742506 -0.19705741237310878 8.486567946637498
-0.20289347365943744 -0.00657679367871958 -0.9791791660877316 -113.58149686001887 -0.09508175271202406 0.9953842889785031 0.013016028677226631 -0.5728057137362297 0.9745740270395774 0.09574283752012076 -0.20258212318153526 8.086860303003395
-0.20840367438493387 -0.006469228659524016 -0.9780219430596381 -115.54781734414789 -0.09502296121659169 0.9953812244051276 0.013664090059945958 -0.5705316360300223 0.9734163443404166 0.09578208701891666 -0.2080556442687561 7.674140736096209
-0.21384561618511164 -0.00785812264076199 -0.9768362590418033 -117.51820073547385 -0.0955862268398297 0.9953372626844808 0.012918449062106187 -0.5680289923855558 0.9721800409169777 0.09613455732281262 -0.21359945475091402 7.2468732506738185
-0.21953889297881846 -0.00885624558552403 -0.9755639471578744 -119.49630071230428 -0.09521910243985782 0.9953791856645943 0.012391777264615185 -0.5658621763673077 0.9709462817579287 0.09561271694048465 -0.2193675387349647 6.808213602383454
-0.22545827191511586 -0.00885315190985165 -0.9742129901754145 -121.48610826551723 -0.09566891816814505 0.9953270158057496 0.013095251419461542 -0.5645492344270444 0.9695445972142581 0.09615424916777417 -0.22525149485662838 6.351153106551499
-0.2310458354778187 -0.00919095160191442 -0.9728999085778696 -123.48169165998927 -0.0947262945733496 0.9954172056402014 0.013092079162701824 -0.5636703950478456 0.9683209402115258 0.09518398117386698 -0.23085745561072255 5.883191604082863
-0.23620986012452735 -0.009550957878243537 -0.9716555897650637 -125.47941207829938 -0.09420302410489 0.9954665905036117 0.013115781866733942 -0.5607364623608917 0.9671253203204415 0.09463088243211305 -0.23603857636034295 5.403464748130604
-0.24140478324772158 -0.009719195263895504 -0.9703762959550302 -127.48890605623015 -0.0929490141483344 0.9955840303404617 0.013151661806353571 -0.5591383831278721 0.9659631955919519 0.09337030982224674 -0.24124194858733664 4.91094176635838
-0.2458165583040035 -0.009822070743696258 -0.969267046352065 -129.50040771235018 -0.0945751539507783 0.9954207274833138 0.013898177489736617 -0.5556203523609478 0.9646918924093958 0.09508489882900732 -0.24561962944398702 4.402209036899035
-0.24970172017423337 -0.00859558774793347 -0.968285134699976 -131.52331924867093 -0.09625866851380062 0.995227977704015 0.015988459303125455 -0.5493850851035962 0.963526845926471 0.09719809910366983 -0.2493373533977107 3.8800360524738853
-0.253293674025657 -0.009879313862074628 -0.9673394022261541 -133.54859944512725 -0.09768558923296593 0.9950979748781812 0.015415743278903968 -0.5427543427270689 0.9624450738785186 0.09839975180284026 -0.2530168830232554 3.3480862327740684
-0.2563426830162795 -0.010331263336798633 -0.9665311584885405 -135.583692908115 -0.09797866101524619 0.9950701963423655 0.015349508257561116 -0.5360031335247679 0.9616076965025775 0.09863408381484268 -0.2560909862968716 2.8068759712118085
-0.2597621361430298 -0.01013194536657986 -0.9656199201087623 -137.62499723983382 -0.09708438211924636 0.9951527713619163 0.0156749145619455 -0.5295909108099744 0.9607804492273581 0.09781827702231324 -0.2594864430025144 2.2579181055230633
-0.2637033766067018 -0.010350410075289009 -0.9645487695894578 -139.67968164475585 -0.09579556410175707 0.9952802689211271 0.015509895850879888 -0.5224145759192275 0.9598357376275437 0.09648941424596871 -0.26345006368759116 1.6992458265946886
-0.2681721232546985 -0.0112593813416536 -0.9633057073918245 -141.73038854089273 -0.09446886217503973 0.9954198516394515 0.014664192752246875 -0.5180137083750359 0.9587284291965075 0.09493482882867088 -0.26800730762978936 1.1320811085362503
-0.2726496184270792 -0.011087892810879282 -0.9620500388773204 -143.79269899869792 -0.09357630768451214 0.9954984347561803 0.01504657821063437 -0.5127576206280957 0.9575523857120875 0.09412743327737694 -0.27245963207513274 0.5515162744581338
-0.2772308560882102 -0.011321211704075806 -0.9607371715571459 -145.86180148709542 -0.09373730197521989 0.9954791279371951 0.015318276910282275 -0.5062045793288118 0.9562203212712093 0.09430350618651978 -0.2770385505933925 -0.041451299156917365
-0.28173160431294975 -0.011857816151893805 -0.959420512333795 -147.93048629631286 -0.09322629869230097 0.9955309149386133 0.015071562738930549 -0.5006118848041659 0.9549540104516958 0.0936892565759336 -0.28157776017222413 -0.6450108884656043
-0.2862860398135246 -0.012396740863432334 -0.9580645664981546 -150.00678356828286 -0.09286533185832943 0.9955677902971948 0.014867731695788899 -0.4959865479107547 0.9536337990762228 0.09322730582057345 -0.28616814123462636 -1.2611940374611157
-0.2904975349375571 -0.011394017168709579 -0.9568084677304458 -152.0967798861242 -0.09253133729932966 0.995577511613553 0.016237827917963604 -0.4898129366453462 0.9523918854363692 0.09325171298729118 -0.2902668498915433 -1.8924065291251306
-0.2947369542951096 -0.01147169369536245 -0.9555101103766823 -154.18114650220414 -0.09310760209118707 0.9955150359721671 0.016768007452693964 -0.4830151915338 0.9510322185360779 0.09390730922572887 -0.2944828844718473 -2.53325988713837
-0.2986668948273314 -0.012088260578184013 -0.9542813994951453 -156.27526113930315 -0.09410174044272425 0.9954203284264052 0.0168421660871792 -0.4753769844869909 0.9497074268009091 0.09482964075009381 -0.2984363171792358 -3.1877242641493684
-0.3022582043781745 -0.013276991115259469 -0.9531341487239331 -158.37335283249902 -0.09424442699382007 0.9954203917228751 0.01602078441478473 -0.46766472235213663 0.9485563521531468 0.09466990255471815 -0.30212495980979015 -3.851538717704479
-0.30584483451124866 -0.015425305188316774 -0.9519569077460279 -160.47367173975465 -0.09475541056115215 0.9953978781704146 0.014313807494112327 -0.46084849877437 0.9473550352649058 0.09458077998818998 -0.30589861873610036 -4.525401731566262
-0.30925675327154994 -0.016027736286228108 -0.9508440113343657 -162.58744890419692 -0.09539865286233715 0.9953373189447278 0.01425014113062647 -0.45551593504948884 0.9461821450641574 0.09511609192680831 -0.3093434970022333 -5.2120510618452744
-0.31262750325628136 -0.016893140815985218 -0.9497260887710878 -164.7036604054603 -0.09518271767627763 0.9953667217555223 0.01362693397027438 -0.4525624594610465 0.9450955205809101 0.09465756806282756 -0.3127866426579824 -5.908669392016503
-0.31613478114819327 -0.017036835404318298 -0.9485617997724983 -166.8256449160547 -0.09503062627285645 0.99537891669239 0.013793902528075786 -0.44955231919115624 0.9439434159879625 0.09450305864491979 -0.31629262712686756 -6.614765197261468
-0.3201373007428163 -0.01695766391761209 -0.9472199167919485 -168.95363512612593 -0.0950140217121642 0.9953734708357654 0.014292681102022399 -0.4456288933951008 0.9425952016892916 0.09457469145072192 -0.32026710146503895 -7.331530120349782
-0.3239262665008906 -0.01718200763009735 -0.9459268764517428 -171.08703773497976 -0.09640581992208701 0.9952302105760311 0.014935948251668734 -0.44164722923495753 0.9411583091927698 0.09603089728085284 -0.32403736869762656 -8.063151280130109
-0.32713333923708726 -0.0181545876888479 -0.9448043321230436 -173.22442813195258 -0.09878854194290579 0.9949942275551467 0.015085987936769647 -0.436534145587438 0.9398009356132299 0.09827087126737645 -0.32728897745734375 -8.806146317787956
-0.32989700606535904 -0.017682525008597582 -0.9438519266777284 -175.36642077985147 -0.09945714590017758 0.9949113498180233 0.016123359342984978 -0.42941493689607 0.9387637723735052 0.09919175968576571 -0.3299766834232087 -9.55789952484957
-0.3325879643769003 -0.01703667400323695 -0.9429189915258953 -177.5168315610121 -0.09930244274600923 0.9949113889782314 0.017050049633945696 -0.4208921952246198 0.9378301349887626 0.0993046973122309 -0.3325871067668341 -10.318331665161555
-0.33536037260481366 -0.016985460899135076 -0.9419374729338288 -179.67132371416844 -0.09814425352587675 0.995027131626459 0.0169997462955091 -0.41181769240386223 0.9369643645191703 0.0981466813680084 -0.33535948755446976 -11.085663235647646
-0.3383527066553877 -0.018809235583126787 -0.9408320583785397 -181.8302212660594 -0.09724026448037067 0.995146857809476 0.015075541475272887 -0.40434220753249434 0.9359823071368988 0.09658749453369588 -0.3385394528704124 -11.862337039801627
-0.34161714227121004 -0.020289499481502937 -0.9396208549572137 -183.99680172540113 -0.09708236319458564 0.9951806800021509 0.013806929040133383 -0.3985693688861915 0.9348122041478654 0.09593718331010286 -0.341940332566162 -12.64992747463658
-0.3448195099326517 -0.021599863062303715 -0.9384211618196482 -186.16982458128678 -0.0954594579020341 0.9953590659353235 0.012165814932686838 -0.399055220547863 0.9338030798288557 0.09377606672213627 -0.3452809310027105 -13.448036148078062
-0.34813673748958396 -0.02308830395201679 -0.9371600653287897 -188.34391978236295 -0.09427377886650205 0.9954910821487407 0.0104954971164127 -0.4000311867188074 0.9326920164617625 0.09200337785036455 -0.34874342814339565 -14.255547385798929
-0.3519019786004352 -0.02312220242756558 -0.935751930192876 -190.51940358265597 -0.09504076875815343 0.9954111591265121 0.01114497694235492 -0.40139792752136294 0.931200003148825 0.09285641133250581 -0.3524844730173424 -15.074999108588065
-0.3555056464828381 -0.021929838407817977 -0.9344175347793457 -192.70861793589336 -0.09415625584587016 0.9954796680435818 0.012459494781709116 -0.4038388714109184 0.9299201906877306 0.09241056864407375 -0.3559632189206213 -15.90883656963395
-0.35923935972315585 -0.021191954059794967 -0.9330055604232014 -194.90090305966183 -0.09384478742986681 0.9954952454332745 0.013522160842787657 -0.4035528381805723 0.9285157521746651 0.09241528961110308 -0.35960956967229035 -16.753210488499054
-0.36313985502003926 -0.02128423815763234 -0.9314922199110502 -197.09295644499736 -0.09410321033751905 0.9954650793105173 0.013939899142559362 -0.40210651516127827 0.9269710462378783 0.09271843149286806 -0.3634956845861735 -17.607468391536358
-0.3666028845787879 -0.021433247251669157 -0.9301313253498558 -199.29571467139502 -0.0931206886272135 0.9955599288510729 0.013761741733862295 -0.40063536419992957 0.9257063069532225 0.09165945137309872 -0.36697075125038064 -18.47492425580119
-0.3703499651148415 -0.022010471996731756 -0.9286322259624431 -201.48028334178525 -0.09212327070133304 0.9956611020105477 0.013140695980891789 -0.40117027506526287 0.9243135613155623 0.09041517837907982 -0.37077045930431185 -19.344568777963996
-0.37360014693157895 -0.022063679657964175 -0.9273281426510953 -203.68808596679435 -0.09207689447915701 0.9956618535810666 0.013406227406006305 -0.40306197448486997 0.9230092733740447 0.09039394927543346 -0.3740106974481432 -20.234662166383462
-0.3763971167467405 -0.02270052047740578 -0.9261810217491727 -205.87689177057666 -0.09308613960282273 0.9955676952967539 0.013428740452027632 -0.40617833498354344 0.92177086595061 0.09126903792091486 -0.3768416484043192 -21.1273156531437
-0.37891781078852566 -0.022858541762179815 -0.925148774594542 -208.07470543911668 -0.0943363571978857 0.9954415458474741 0.014042473386742116 -0.4083186807677748 0.9206103292144111 0.09259598369588035 -0.37934665514236565 -22.03675776115146
-0.38160731757669974 -0.02250179405298941 -0.9240513717436152 -210.2744924269699 -0.09526677526853534 0.9953373919771253 0.015104802656119836 -0.4072434325142991 0.919402823629056 0.09379537622479474 -0.3819714140040149 -22.95403353181729
-0.38409873607952383 -0.023147842969920448 -0.9230025601885321 -212.47430297787787 -0.09628051193901499 0.995239812992107 0.015106741625641757 -0.405156585367933 0.918259026840183 0.09466952075252014 -0.3844987519886634 -23.879041625376487
-0.3866135803569193 -0.024327257764605138 -0.9219216116199019 -214.66954056281662 -0.09675329180973569 0.9952056769818894 0.014313041285061903 -0.40364226431226313 0.9171533020114785 0.0947324490416505 -0.38711347267349183 -24.80693688065142
-0.3893724825889155 -0.024500793877464372 -0.9207551985206495 -216.87147675253473 -0.0960432261445181 0.9952770877276712 0.014131337921017641 -0.40537695228205356 0.9160601625059994 0.09393453824273727 -0.38988633316968657 -25.745281800661015
-0.39209675099932445 -0.02535907110467735 -0.9195751240120765 -219.0852759580301 -0.09548826833546988 0.9953423487062063 0.013266640340472188 -0.40896529856790936 0.9149555134013426 0.09301032384402995 -0.3926916936245871 -26.695220353602785
-0.39497470146242863 -0.026520356743673448 -0.9183098249933798 -221.27508388695787 -0.09548724697768711 0.9953545588565121 0.012324686946372183 -0.4145420983581269 0.9137168912919199 0.0925547054147538 -0.39567192318971406 -27.642392297836086
-0.39743083381099453 -0.026549145283182824 -0.9172487180062029 -223.4746961453152 -0.09359550237664765 0.9955413229382974 0.011738322295927956 -0.4227471067289049 0.9128471932435498 0.09051541314508325 -0.3981434054364889 -28.599004568934472
-0.40034573800501116 -0.027180101201042698 -0.9159617140654516 -225.67424977678175 -0.09384594901790036 0.9955208139306958 0.011476968912608347 -0.4323852959313224 0.9115468234449243 0.09055394174738136 -0.4011029540379981 -29.56639920579893
-0.40290740587672963 -0.02696936739658713 -0.9148439991416706 -227.8685431023336 -0.0956768098367825 0.9953303775724588 0.012795034519595846 -0.44182638350451436 0.9102267902711181 0.09268446077315558 -0.40360606960161177 -30.54220464074792
-0.4054488724237711 -0.026289106850841567 -0.9137402761620053 -230.06551756584813 -0.09575569491933845 0.9953085913932325 0.013853233319331163 -0.44854121931774976 0.909089274883016 0.093112504298845 -0.4060638182164582 -31.524554475846553
-0.4086405454762754 -0.025463221252095335 -0.9123407674306155 -232.258298418835 -0.0948738836793414 0.9953807034755383 0.01471348163492049 -0.4501613865972555 0.9077516737078529 0.09256973251648565 -0.4091684306824558 -32.51144758352055
-0.411681486719498 -0.02580687955603524 -0.9109629680768849 -234.4476804792293 -0.09367360922611548 0.9955028149493381 0.01413105038201343 -0.45168069669392963 0.9065014244095997 0.09115057638996507 -0.41224723672038394 -33.50413815163086
-0.41507795802982067 -0.025246926385901786 -0.9094361213750615 -236.64008915707637 -0.09211876455829916 0.995643992619215 0.014403998246363441 -0.45452523930355176 0.9051108001941728 0.0897548133015161 -0.41559534449319885 -34.5071879877498
-0.4185242421240965 -0.024307693580037783 -0.9078808904512065 -238.82643922339145 -0.09099934893053928 0.9957337218036579 0.015289933942474644 -0.456449661501353 0.9036358579817393 0.08901567903744394 -0.4189504103524322 -35.515578027466916
-0.4220828414501301 -0.024369863634128595 -0.9062302639221871 -241.0096519816153 -0.09041721393202039 0.9957860763130375 0.015334272466969712 -0.45834440170556884 0.9020376547834493 0.08841105339310422 -0.42250740567760303 -36.533601325189224
-0.42572789123040544 -0.02389511438041701 -0.9045362816546691 -243.1864226794812 -0.08957411472459052 0.9958541356643227 0.015851374269288905 -0.459824398275487 0.9004073828740485 0.08777130745644683 -0.42610299068849383 -37.55875100514286
-0.4295880424338364 -0.024638053855307786 -0.9026894072012273 -245.35690192056862 -0.08910327512107467 0.9959061975957549 0.015221741686274964 -0.46181513033106547 0.898618884228595 0.08697156181596608 -0.4300244566254784 -38.59116223541009
-0.43369561301423554 -0.023862805198854132 -0.9007440076177327 -247.52420163835936 -0.0879674432764968 0.9959955055514995 0.01596884442688867 -0.4614500922256052 0.8967558646776419 0.08616166736162531 -0.4340577319238665 -39.63205114902072
-0.43753543902214465 -0.023996295441700927 -0.8988815331015113 -249.68368051082706 -0.08785638759757028 0.9960019282091723 0.016175562672714854 -0.4614329583593103 0.8948996118552566 0.08604976158969542 -0.43789406828622035 -40.68366961863907
-0.4410224645428453 -0.02505586197454499 -0.8971468841662719 -251.84222696330514 -0.08852933178291868 0.995949953491214 0.015704262344372878 -0.4627956595156509 0.8931198738472349 0.08634964428690146 -0.4414541515199924 -41.746396799224506
-0.4446559362186746 -0.02500281781243645 -0.8953530123096569 -253.98939856925344 -0.088102051061212 0.9959840972235121 0.01594084588601199 -0.4622986898449037 0.8913587439145476 0.08597053467100049 -0.4450727040851341 -42.813761534674946
-0.4483040821756372 -0.025215843794474342 -0.8935260130518977 -256.14233481393063 -0.08717894840970825 0.9960702451748681 0.015630121802518805 -0.45998848339948917 0.8896204708054088 0.08490360798278516 -0.4487403240598238 -43.89037953724274
-0.45193461592244133 -0.025070485660589795 -0.8916993757773702 -258.2949061513763 -0.08700543960354762 0.9960780846255525 0.016091298580483665 -0.45656939629912363 0.8877987034049498 0.08485480770750306 -0.45234310606437816 -44.97788021502441
-0.45538770222072733 -0.02592547611218833 -0.8899163265879491 -260.44438962248483 -0.08760423115032395 0.996030069847253 0.01581196654692541 -0.45155145403058355 0.8859734304751058 0.0851609097756517 -0.45585068642567533 -46.07418595262669
-0.4588907012328669 -0.027016701818626847 -0.8880825283846948 -262.5922583317591 -0.08903327112254839 0.9959050188599449 0.0157085224487367 -0.4469049913190891 0.8840213720506664 0.08627728957370343 -0.45941658064396745 -47.18402675275332
-0.46210185301019197 -0.028997665189133954 -0.8863532800938552 -264.7337627453855 -0.0912147913884179 0.9957188145573443 0.01497935158086776 -0.444337039899654 0.8821241860878708 0.08777042064156171 -0.4627681744938182 -48.30018498147444
-0.46497318800438925 -0.029829370647131256 -0.8848227693392415 -266.89175467737977 -0.09212195009001821 0.9956373314192313 0.014844774624977982 -0.44269814949273656 0.8805196765567852 0.08841392165516694 -0.4656922401999245 -49.43458609174444
