1.0 0.0 0.0 0.0 0.0 1.0 0.0 0.0 0.0 0.0 1.0 0.0
0.9999967217445374 0.0022201414685696363 0.0013036875752732158 -0.00554291345179081 -0.0022236027289181948 0.9999940395355225 0.0026595608796924353 -0.03047693893313408 -0.001297775306738913 -0.0026624510064721107 0.9999956488609314 1.5289751291275024
0.9999914984135756 0.003006968088089182 0.0028257299169016123 -0.005664553924824495 -0.003016951560883364 0.9999892898153122 0.003535539878535247 -0.06012991551492445 -0.002815068201570048 -0.0035440350562864387 0.9999897851271053 3.0524091000792524
0.999988872514618 0.002128535346360294 0.004205554653364195 -0.0032684144867423316 -0.00214174844998682 0.9999927954698167 0.0031398521811555045 -0.0883823049563409 -0.004198841171609726 -0.0031488246312853735 0.999986212164379 4.566315643753273
0.9999828576213231 0.0015245409382901548 0.005643767184663371 0.006648107682783755 -0.0015425516839111379 0.9999937506413705 0.003188332268445848 -0.11071501635092923 -0.0056388713333956324 -0.0031969838070232933 0.9999789384785244 6.0794136455065715
0.9999746308838403 0.001625829322270625 0.00692608255626938 0.018430024864568066 -0.0016510806330716015 0.9999920189628926 0.0036417077747900694 -0.13143520916582457 -0.006920106522168695 -0.0036530512020335948 0.9999693616056977 7.615301170897098
0.9999621213906261 0.0017396908431463155 0.008516077042561661 0.031714810051843983 -0.0017722731523977279 0.9999911099189093 0.0038199541029269356 -0.1529580786730356 -0.00850935602460379 -0.0038349026596835975 0.9999563883513388 9.099119043191335
0.9999407426221534 0.003535930444329989 0.010287293411149988 0.044809298962908264 -0.003566677275653372 0.9999891871121594 0.0029720125863531726 -0.17436872791190558 -0.01027667419538437 -0.0030085283927903687 0.9999425760776491 10.599342101937118
0.9999210693273651 0.004713043926001487 0.011638748802515338 0.061938051957528086 -0.004751313602399122 0.9999833793763785 0.003262682316355563 -0.1890327353639571 -0.011623178806883768 -0.0033177246623450644 0.9999268548078554 12.094230913597503
0.9999053279006139 0.004749818162937904 0.012909622075072945 0.08194926659756868 -0.004793736897021527 0.9999828177132758 0.003373207005526253 -0.20578693976539256 -0.012893378512794405 -0.003434773302925408 0.9999109268001887 13.587370743374528
0.9998918437688775 0.0042287815556944905 0.014076822562571142 0.10777808777160608 -0.004271542418324531 0.999986311133328 0.0030090202126685237 -0.22490502156904407 -0.01406390561056973 -0.003068825036040449 0.9998963109977498 15.075938675535388
0.9998904566223927 0.0026233267766640114 0.014554931829151898 0.13834534500568693 -0.0026766373892324435 0.9999896656692769 0.0036444766491794066 -0.24924110417166154 -0.014545222115598713 -0.0036830363427397404 0.9998873100758618 16.5603875834936
0.999886778575268 0.0010531981393710895 0.014999341191637197 0.17275443614898425 -0.001118766453740081 0.9999896679320563 0.004363722131317702 -0.2723182177391122 -0.014994592958654256 -0.004380009343688751 0.9998778617617957 18.04279976514971
0.9998785876298454 2.451073944499951e-05 0.01557302699259933 0.2058450415075167 -0.00010517020603538125 0.9999864738967719 0.005178667464475896 -0.2957764436725361 -0.01557269104158648 -0.005179677369023214 0.9998652222765557 19.516417079045354
0.9998717367860186 2.353903938929031e-05 0.01600906436926573 0.23868336873209164 -0.00010974931616404282 0.9999853490803479 0.005384264311118226 -0.31327941436388157 -0.016008705990907413 -0.005385331186669298 0.9998572468525543 20.989673987326178
0.9998634878762424 -0.00044138673769903477 0.016510009222113486 0.26787328767258095 0.0003508684652393741 0.9999847384606174 0.005485152662197866 -0.32801532948897877 -0.016512181178093582 -0.005478611470565553 0.9998485635354489 22.4516349853513
0.9998623338007896 -0.0011194307177930017 0.016546950571201122 0.29779202697514456 0.0010192778763794545 0.9999809940113236 0.006059863192060263 -0.341477862573311 -0.016553422000195463 -0.006042163855206011 0.9998446218475098 23.90870778806228
0.9998613737511453 -0.0020499477274874348 0.016515744467496277 0.3286834876004402 0.0019311356693089276 0.9999720421700901 0.007206627187573159 -0.3566004369042409 -0.016530058186171984 -0.0071737350037952815 0.999837532227723 25.360990120676618
0.9998616755016395 -0.002377256017853834 0.01645352510459506 0.3583943483095127 0.002272538445399973 0.9999769806292145 0.006380235218354759 -0.37017790643675325 -0.0164683156157055 -0.006341962709060594 0.9998441587746747 26.802008584092782
0.9998618661380753 -0.0027690904254244995 0.016382829045654176 0.38815704275524787 0.0027083063789570287 0.9999893147084182 0.003731270574913923 -0.39037788001154006 -0.01639298830305627 -0.0036863865549410365 0.9998587085865464 28.235087335095933
0.9998697928693886 -0.0011702987360340976 0.01608916109744748 0.41568274434467706 0.001111481224356551 0.9999925801086176 0.0036641995216080184 -0.412745853842826 -0.016093332906607624 -0.003645840627146353 0.9998637110609936 29.66060047744504
0.999874745282729 -0.0002102187819834776 0.015820544042715556 0.4427996980492594 0.00010865652009825937 0.9999793062112114 0.006420246662116951 -0.43505971171933877 -0.015821568819677452 -0.006417724661295094 0.9998541181725369 31.08204010953227
0.9998763362477023 0.0014610670279554415 0.015650726109594643 0.4678607657505696 -0.0015867410504705407 0.9999664761170937 0.008020525206179359 -0.45396539993426815 -0.015638485446097257 -0.008044368486706047 0.9998452180008638 32.493369693262146
0.9998782672848981 0.002448086084065021 0.015403972384892292 0.49370759322517427 -0.0025598599391346054 0.9999704145621157 0.007240651366889495 -0.4678082563847774 -0.01538579323100545 -0.007279202865824979 0.9998550383708719 33.88788682000937
0.9998847377673397 0.0023513530971191344 0.014991680724305826 0.5230111720237539 -0.0024346382751371308 0.9999815634128263 0.005539607101233039 -0.48451528380962794 -0.014978381387066173 -0.005575468718132873 0.9998721587307807 35.27198798262256
0.9998956128709704 0.0015581953053620855 0.014355784337467446 0.5548609461085713 -0.0016213934859253354 0.9999889476671232 0.004391707203613492 -0.502709105731653 -0.014348784971036697 -0.0044145262133635675 0.9998871586496826 36.63972816194692
0.9999089802248294 0.0008665704228759659 0.01345444660648738 0.5831537251408491 -0.0009187316606008178 0.9999919536948165 0.003871193429035562 -0.5236996218889625 -0.013450986399364866 -0.003883202936984166 0.9999018492207362 37.99599151375771
0.9999240076776654 0.0003144419247855346 0.012310852760974409 0.6109951649445275 -0.0003705374792144396 0.9999893913721014 0.004554595729986795 -0.5446794809572043 -0.012309292635724813 -0.0045588122365714 0.9999136971547289 39.3301868096211
0.9999424762032215 -0.00033416042100321635 0.010704955884048843 0.6351553056857593 0.00026100928778148585 0.9999764357733328 0.006834079559545545 -0.5650865093757552 -0.010706988784142439 -0.006830893607742052 0.9999192707726963 40.65400772768338
0.9999588403330122 0.0002712035109507959 0.00904560420382705 0.6559666831148084 -0.00034348936607855743 0.9999678022982756 0.007990698106842426 -0.5837692786915384 -0.009043147062450253 -0.007993478251319052 0.999927044101342 41.9571921260654
0.9999769304909054 -6.777766967734881e-05 0.00675931456293448 0.673176640691938 1.0468290255081658e-05 0.9999638420779564 0.00847828887575393 -0.6012221435838337 -0.006759645466956243 -0.008478024796583742 0.9999410879932665 43.23954842283954
0.9999941514606939 -5.490897245223567e-05 0.0033652239005010983 0.6865348263999014 2.6805867987265262e-05 0.9999649245906809 0.00835058470092863 -0.6178182409868126 -0.003365564146160339 -0.00835044773202734 0.9999593318579574 44.502891945361846
0.9999994469975074 0.0007846722551042068 -0.00032179104189594205 0.693592966190179 -0.0007826652148712624 0.9999803347337859 0.006189654148596572 -0.6350229382313639 0.0003266427938878753 -0.006189400476604331 0.9999806658813712 45.74413226736918
0.9999919951335684 0.0011001003571672544 -0.0038035242128304334 0.6959549301093103 -0.0010827538869095997 0.9999888295652395 0.004559618930919521 -0.6526694854589573 0.0038084997429379958 -0.004555465211219472 0.9999822438988062 46.977474920839505
0.9999687431085924 0.0006772927052972682 -0.007861736797244718 0.7001995038644256 -0.0006368220799368947 0.9999863753621423 0.005149130967278644 -0.66454342870731 0.007865119737083082 -0.00514396455125874 0.9999557157088766 48.19773503315477
0.999913195767681 0.00026204702882798997 -0.01315843570982323 0.6975166705963824 -0.00019374050259235055 0.999986305360296 0.005192071210132647 -0.6781869387675088 0.013159619399828655 -0.005189072645776856 0.9998997841747371 49.407409899931196
0.9998041015736349 -0.001185349822861663 -0.01974534906858885 0.6903651418958024 0.0012671950648145385 0.9999904296340789 0.004133026654785168 -0.6899965091971945 0.019740266345597057 -0.00415723952735753 0.9997963068263335 50.60553323347707
0.9996265558117625 -0.0027270860720377847 -0.027181509848325 0.6759660684307209 0.0028330905267625766 0.9999883227660293 0.0038621181497312026 -0.7020676581374408 0.027170665839772373 -0.003937684737375399 0.9996229050298493 51.79126986059188
0.9993591360054066 -0.0037286307725196014 -0.035593623135836604 0.6473724187015468 0.003917025432481976 0.9999784381119612 0.005224659547916103 -0.7126097187154192 0.03557338566777864 -0.005360734241849791 0.9993524683640208 52.968800471756396
0.9989327343439357 -0.0059556943854159996 -0.04579903497174618 0.609456398683486 0.006221116476034233 0.9999644387838315 0.00565500076472629 -0.7231018952710032 0.045763740474580275 -0.005933887992010081 0.9989344880581931 54.132952746404115
0.9982389690398819 -0.008248454646054207 -0.05874189917490838 0.5600622009768397 0.008602115361821072 0.9999461338598872 0.005770243918482736 -0.7297759778376751 0.05869115698964272 -0.006265388233528665 0.9982563601500096 55.28108573659679
0.9972442290587133 -0.010305506246916656 -0.0734669585981996 0.4934053490636229 0.01079630971779035 0.9999217274032294 0.00628659358261919 -0.7390754068985953 0.07339644119670934 -0.007062442702656318 0.9972776793425495 56.412172805756285
0.9958859332811096 -0.012646245105240135 -0.08972736066061501 0.41110765870476296 0.013361141705568845 0.9998832940917002 0.007371229497419807 -0.7469031542659946 0.08962369981770313 -0.008539765199648002 0.9959389206182881 57.53102884214807
0.9941348125162526 -0.012878194247605846 -0.10737724034828633 0.3043781651988277 0.013903337327690392 0.999864304505907 0.008803928252554558 -0.7552142251946354 0.1072493238784065 -0.010245195070608826 0.9941792265577022 58.64011462137271
0.9919002747919804 -0.012547405076686063 -0.12639658523614197 0.17725896359379753 0.01369399128875042 0.9998722814138816 0.00820646073262165 -0.7637407064848679 0.1262775101583714 -0.009870866583348653 0.9919456584827847 59.7315595067433
0.9891304219242657 -0.011676443061175228 -0.14657516413213703 0.03027435770286263 0.012820864076557989 0.9998939930001078 0.00686542272137281 -0.770956674621591 0.1464794941556819 -0.008670021120034472 0.9891755304883926 60.807306691403426
0.9858574773318572 -0.009109424256166555 -0.16733694214809727 -0.14142109122779936 0.010291333123381447 0.9999276622452251 0.006197216029550558 -0.7801967026018863 0.1672684107033211 -0.007831694957510927 0.9858800929096238 61.86835584612803
0.9819652120347635 -0.003793578852204112 -0.18902250195088538 -0.34292777693148035 0.005471339888337186 0.9999499309091893 0.0083549698581325 -0.7905695865058258 0.18898138082317126 -0.009238499460644353 0.9819369761513237 62.91286796357028
0.9773042867255611 0.001709235257731674 -0.2118322640727121 -0.5688627500194481 0.0004745861459379136 0.9999471129378632 0.010257929349333011 -0.7991510375374188 0.21183862375774073 -0.010125654892722302 0.9772519637041637 63.940660495737305
0.9718689312267612 0.006880931678047158 -0.2354209352937156 -0.822602464266533 -0.004698971561842896 0.9999405644450284 0.009828091061381775 -0.8026601559361923 0.23547459169463314 -0.008445383671736447 0.9718436046992386 64.94897267032094
0.9654650443575755 0.013311562123591516 -0.2601914896065838 -1.0986092887309815 -0.011665798535038893 0.9999009217234205 0.00786852009619489 -0.805626248046736 0.26027046487590144 -0.004561442995854205 0.9655247812745522 65.93477980883127
0.9580715684571186 0.017285345373542097 -0.2860064983199703 -1.4005812905729964 -0.01562877967468469 0.9998452283956296 0.00807387170379893 -0.8048725753349638 0.2861018150633883 -0.0032654177518060957 0.9581934390518067 66.90382380683478
0.9495604392039806 0.020055491637754518 -0.3129414954285127 -1.7194475516788565 -0.017625104655807806 0.9997885138800123 0.010593503626455714 -0.8099202506129626 0.31308780155237137 -0.004543548789397517 0.9497130622405264 67.85619342597462
0.9399598046304304 0.024307011159342917 -0.3404179535486727 -2.0708727195604983 -0.020827294921802977 0.999686822329263 0.013872879565843805 -0.811620205884467 0.34064857769000756 -0.005949967206734982 0.9401716094766236 68.79152591833922
0.9291716675477667 0.02800214216611248 -0.3685858522398052 -2.4451568822339 -0.024718618733964855 0.9996015305079496 0.013628148596184981 -0.8131244609737274 0.36882065430090666 -0.003551959922211442 0.9294934603415559 69.70240124746117
0.9172150738035654 0.027345212058378955 -0.3974523800794952 -2.8366618417717406 -0.02544890596551234 0.9996255572756484 0.010046122564098557 -0.8139127769973672 0.3975783571547191 0.0009002694494646922 0.9175674391047355 70.5883317346149
0.9041593173613099 0.028611500791557897 -0.4262357937244573 -3.2536482858917433 -0.02944807008534416 0.9995555126455583 0.004628985155092724 -0.8166647561655523 0.42617884010355084 0.008366477664966798 0.9045999218863309 71.45269491707354
0.8900731469949605 0.030668938990468624 -0.454784414185383 -3.6971832833868086 -0.03353667115341323 0.9994358385945988 0.0017624830440664525 -0.8217532944250844 0.4545819605096604 0.0136832125687311 0.8905994859672866 72.3000687531303
0.8745231382871058 0.03199556311656913 -0.4839267977608054 -4.165777638080162 -0.03386510414977663 0.9994143631260837 0.004878862308336236 -0.8265694555124241 0.4837995808447569 0.01212154977698478 0.875094506955596 73.13217065253062
0.8569676699880163 0.03122427367753722 -0.5144231441171208 -4.656393396017256 -0.029915307817744666 0.9994936372537518 0.0108315837354867 -0.8326461263494153 0.5145009332499018 0.006106804737694439 0.8574677848243062 73.95129208847136
0.8375207400179628 0.03135401372360009 -0.5455050204357083 -5.171923607078303 -0.0271661888105013 0.9995068779825144 0.015740121565540728 -0.8379041424808816 0.5457296082216934 0.001636609007124182 0.8379594886378954 74.74037313855162
0.8164958952853705 0.02594616706442911 -0.5767677199060106 -5.707437265836564 -0.02416205293635694 0.9996499601772436 0.010764951962368942 -0.8397131065047297 0.5768451991610488 0.005146347661954275 0.8168370070637312 75.50133238614484
0.7946456877549308 0.01916752084602037 -0.6067706277465503 -6.267402668838891 -0.021430098271840434 0.99976406396903 0.0035164376873195653 -0.8402710330518768 0.6066948972395624 0.010208827547384903 0.7948689576299647 76.23588398570674
0.7722392300285783 0.016423550276148134 -0.6351193555682902 -6.852970325199886 -0.02055806817944519 0.999788147953018 0.0008570576067583583 -0.843647876380651 0.6349989500172092 0.012394968605372531 0.7724132819316227 76.94182748770992
0.7490499433676212 0.019301700809643465 -0.6622321071031936 -7.469760672919747 -0.02196144413935386 0.9997494396049164 0.0042985766051393225 -0.8507129366647693 0.6621492283145852 0.011323720690672055 0.749286143945766 77.62709052838635
0.7247321550356975 0.01953834261708474 -0.6887533490481879 -8.102848226931822 -0.021166741829771338 0.9997573255434659 0.0060883738672245285 -0.8620785133937435 0.6887051916184029 0.010166221527559131 0.7249698213278788 78.28399526860522
0.6994593512039474 0.01826379838057736 -0.7144387043358502 -8.750802522716072 -0.022699439948819188 0.999736662044035 0.0033336088097301155 -0.8702387246935488 0.7143114877526668 0.01388563210429325 0.6996897260449494 78.90583985241629
0.6733397655247987 0.01581713942577175 -0.7391637263769743 -9.420961831015317 -0.022909183037575182 0.9997373072754311 0.0005240064808071729 -0.8762166160279541 0.7389778764579796 0.016580800021537234 0.6735252159920146 79.50634601891454
0.6464023854208284 0.013423717504908103 -0.7628783219274058 -10.109370205072866 -0.020857019381206023 0.999782316353916 -8.025588434987741e-05 -0.8844664403278845 0.7627112365473251 0.01596324336056426 0.6465416576860094 80.08152315930809
0.6186200532674192 0.012395874387184093 -0.7855922437864291 -10.823451597685876 -0.02120021830748447 0.9997746893959996 -0.0009187867365635776 -0.8963065300681169 0.7854039297080522 0.01722310442386464 0.6187434402590318 80.63426290267692
0.5901003141657933 0.006313354877825256 -0.8073050058828065 -11.554028483081023 -0.020238620974842584 0.999770706762186 -0.006974938521102094 -0.9103934152778052 0.8070759162362708 0.020454650684361825 0.5900927766403714 81.16162990777276
0.5602444459843813 -0.0028353614523714305 -0.8283222167127917 -12.298228040383947 -0.018923295178246986 0.9996891361427149 -0.016220914352450055 -0.9440761874902416 0.8281108191783751 0.024762260303374462 0.5600166640578572 81.67536836466839
0.5295970020487207 -0.011271840914648616 -0.848174266861174 -13.066194722709783 -0.018356512951182895 0.9995250189710962 -0.024744956654138003 -0.9899733811947982 0.8480504169799417 0.028674372652600044 0.5291386048862253 82.17837667782612
0.4980175482230283 -0.01631850358704125 -0.867013207113108 -13.856360841800683 -0.0161219067965262 0.9994756486393054 -0.028072161869122536 -1.0442901382307532 0.8670167623654728 0.0279583304566405 0.4974934047263661 82.66046426611025
0.46566151512279597 -0.01582821037897684 -0.8848211825017934 -14.67084595122487 -0.013813594656921958 0.9995879850451311 -0.025151008369802642 -1.0911690349445127 0.884854789505484 0.023934411817349954 0.4652510970122806 83.10269550013494
0.4327516813566972 -0.014185204981120251 -0.9014013576707367 -15.50494731973779 -0.009386092042453942 0.9997508832708076 -0.02023905643586291 -1.1417672710456195 0.9014639913991398 0.017219115574028648 0.43251079952714144 83.52632220277269
0.3985671594340536 -0.015068539742273913 -0.9170151592394091 -16.351882553751576 -0.005370042197839165 0.9998093209516646 -0.018763030184059674 -1.182918001723229 0.9171231239519368 0.01240273118318782 0.3984103027351451 83.90588366648116
0.36343857983314865 -0.018019415310894828 -0.9314436765154358 -17.218836803900114 0.001324572398034622 0.9998216522141736 -0.018825396184616653 -1.2239726284314243 0.9316169077887003 0.005608103614197085 0.36339770341223254 84.26622508263817
0.3276880111139735 -0.020195488550027986 -0.9445699247202214 -18.101351128814898 0.006744522352516205 0.9997957958570292 -0.019036452606303725 -1.2584717507184688 0.944761564563762 -0.00013266338836684805 0.32775739166963347 84.58875227401538
0.29158363942531274 -0.019345571433159105 -0.9563495115913403 -19.003466342895464 0.009648371347869346 0.9998038409805766 -0.017282870750013935 -1.2929191817348475 0.9564963676403148 -0.004187821122261662 0.29171316885987086 84.87363729395473
0.2554157793058305 -0.018986825751481223 -0.9666447032720403 -19.920328886227843 0.010461914369176664 0.9998026453389217 -0.016873766523692754 -1.333842728062912 0.966774396057554 -0.005803136166613365 0.25556408542050857 85.12280428042223
0.21959211288697397 -0.018168302070244825 -0.975422386304866 -20.853180572525325 0.009854811957422462 0.9998166288409706 -0.016404099989885658 -1.3893257957365004 0.9755416463378249 -0.006010402063223549 0.2197309613381572 85.33941629212181
0.18426093105975852 -0.01726803000791069 -0.9827254287557515 -21.796230378387108 0.007939322388297473 0.9998388959562856 -0.016080113334957433 -1.4418996212825097 0.9828449882552842 -0.0048392458550911895 0.18436839506209965 85.51586495658249
0.14970602301512698 -0.015483288408728878 -0.9886090583808808 -22.74979918399542 0.0004623004339539473 0.9998780821053389 -0.01558976782892006 -1.4874163604376633 0.9887301302338145 0.0018768405553371626 0.14969496941312282 85.65395641079148
0.11610906333218646 -0.018703087387873334 -0.9930601300521654 -23.7041182458175 -0.0031973207755712518 0.9998101550727057 -0.01920404434001273 -1.536453921053972 0.9932310087366736 0.005404888990207036 0.11602726019163523 85.75767245828915
0.0834705771537989 -0.02449843792552971 -0.9962088320697159 -24.663358119483153 -0.003600752432734009 0.9996834698734889 -0.02488558353004518 -1.5788556304109334 0.9965033829277021 0.005664309183970718 0.08335598506139492 85.8386800550564
0.05411460748388338 -0.0281124773087755 -0.9981386831007616 -25.626247541590594 -0.010296314562751058 0.9995344448269746 -0.028710003855246434 -1.6374169388678763 0.9984813495384275 0.011830775264279223 0.05379998611014393 85.88397327514888
0.028448063519464325 -0.027693041799800314 -0.9992113937196957 -26.596697433639793 -0.013163852425412759 0.9995188064089936 -0.02807633974349315 -1.6867691601577044 0.9995082949532992 0.01395218387504001 0.028069850499474962 85.90343584914766
0.005896089869667666 -0.023763940478105077 -0.999700010028106 -27.57774240133062 -0.014080334020602948 0.9996162228788696 -0.023844988027192864 -1.7400662472973618 0.999883225030287 0.014216697004594357 0.0055592390709943654 85.90813460768697
-0.013229319207458073 -0.02055384584967274 -0.9997010423354663 -28.560622689368703 -0.014365588782799407 0.9996891836449435 -0.020363493447097595 -1.7855756417517796 0.9998090387252505 0.014091893660783308 -0.013520462661532484 85.8919572307193
-0.029742636360457115 -0.02343929768838916 -0.9992825854146661 -29.53913120860025 -0.016292282050969806 0.9996033261942288 -0.022961894314642305 -1.8503797966081694 0.9994245448618111 0.015597641113150124 -0.030112709356133523 85.85994091236726
-0.04451213241598867 -0.02917313233186725 -0.9985826449987 -30.520570064937907 -0.018971669421132712 0.9994177357579128 -0.028351856007538954 -1.9100418835763822 0.9988284335119386 0.017682773957513935 -0.04503966921900624 85.80951746843614
-0.05644730184719994 -0.03313687164799977 -0.9978554067179116 -31.506121536124372 -0.023353686826818928 0.999219256125242 -0.0318610711486497 -1.9685768245500992 0.9981321617828403 0.02150512719030897 -0.057177090490583275 85.74602199623958
-0.06558772020353927 -0.03696809607970345 -0.9971617033181541 -32.4955443831992 -0.029361602169634026 0.9989520909219981 -0.03510322813647717 -2.0342834217658727 0.9974144811769396 0.02697591941349942 -0.06660442818146176 85.66966298240206
-0.07133219885806114 -0.04201269128765271 -0.9965673740077675 -33.48523772289918 -0.03294273290406078 0.9986665239765251 -0.039743216259575206 -2.0965045826226336 0.9969082501268697 0.029994674622097726 -0.07262108800331171 85.58742363745543
-0.07498022949247554 -0.04736702887112607 -0.9960593500605578 -34.4757538975136 -0.03484800619460877 0.9983853035081901 -0.044854394491420944 -2.165168709787744 0.9965757117135381 0.0313474813097684 -0.07650980471922533 85.50578246328458
-0.07772097654187556 -0.05100162941982115 -0.9956696833520648 -35.473937457625865 -0.037102189877368026 0.9981465653738097 -0.048232346660316776 -2.230287763066264 0.9962842805330707 0.03319285449441857 -0.07946919844634157 85.4192165093736
-0.08041134836211707 -0.054555607038238724 -0.9952675373681976 -36.47410240150847 -0.037553451088590276 0.9979576463087263 -0.05166898705991238 -2.302429693490248 0.9960538281327226 0.03322095166460297 -0.0822958736292457 85.33272784470815
-0.08277090284354331 -0.05712847881036724 -0.9949296462720488 -37.47624310979899 -0.03843786903735153 0.9977954044217215 -0.05409527684936138 -2.372409733521907 0.9958268254797468 0.03376545501174056 -0.08478431800004622 85.24344429997517
-0.08466840364006512 -0.061261752268783554 -0.994523958115376 -38.47940341331921 -0.03950430642762997 0.99752951201158 -0.05808370444374947 -2.446554339230413 0.9956255519846763 0.034370119929570446 -0.08687932742752665 85.15084073789737
-0.08668576569816028 -0.062955860079496 -0.9942443059478488 -39.48795157081612 -0.042220974477413284 0.9973364849108636 -0.05947050808363762 -2.5319164997084376 0.9953404559844965 0.03682271186948406 -0.08911292337484443 85.04701229808413
-0.08870612526624537 -0.062058346170880775 -0.9941225274361477 -40.504916861979574 -0.04252207396677128 0.997382951227202 -0.058467610361192884 -2.6204675592133495 0.99514957172501 0.037085711305659366 -0.09111282390162452 84.943255301296
-0.09119783966698722 -0.06078574394892353 -0.9939756686265788 -41.52316148197658 -0.04136851376273998 0.9975045856424135 -0.05720596928057878 -2.7037859571223932 0.9949729217173644 0.035902230285935796 -0.0934848812921993 84.84002687205903
-0.09318082237242416 -0.06236752288367111 -0.9936936899160181 -42.54155657652997 -0.04189169175610638 0.9973975879147434 -0.05867171790762497 -2.7824351490990287 0.9947672552867403 0.036160427026076365 -0.09555101276391909 84.73330848574577
-0.09565358455554886 -0.06425894373052886 -0.9933381651244114 -43.56321903060606 -0.04068650254072226 0.997332216537863 -0.060599409700677925 -2.862849392125156 0.9945824876192418 0.03461890312011184 -0.09801288567833694 84.62630159167895
-0.09826772034961782 -0.06680708844848089 -0.9929148332550682 -44.59162904672278 -0.0393273654893905 0.9972250242270909 -0.06320491145407296 -2.947053857911768 0.9943822991106964 0.03283771861603412 -0.10062239117599592 84.51263266549796
-0.10082229491675689 -0.07017291302073334 -0.9924264362198281 -45.62391649048927 -0.03714915272149769 0.9970789824883921 -0.06672785243485722 -3.034098236484484 0.994210301662921 0.030140140900915168 -0.10313467689504374 84.39605585204549
-0.10303751144603152 -0.07454513508033525 -0.9918799922082719 -46.65836205768129 -0.03383039045921386 0.9968730358510376 -0.07140606534399767 -3.1217060581380527 0.9941016315185283 0.026198178299690195 -0.10523723238200024 84.28016078844064
-0.10556183919760044 -0.07713961156293646 -0.9914160528331944 -47.69858752361462 -0.03158548731670714 0.9967432745736838 -0.07419103404817043 -3.2124025121014723 0.993910628440215 0.023482609908521912 -0.1076545730100153 84.15963823418608
-0.10825195582589188 -0.07568363981505657 -0.9912381854115864 -48.74264979355837 -0.029801094694038608 0.9968963172993893 -0.07286112730170195 -3.3006804527111324 0.9936763439233344 0.02165261568675932 -0.1101714618562837 84.0378905083112
-0.11134028571465278 -0.07123082553859955 -0.9912261267075696 -49.79767215835121 -0.02642000565868343 0.997287106241956 -0.06869875069360758 -3.3994529379441185 0.9934307429024214 0.01853925139011188 -0.11292018391291103 83.91168297433629
-0.11391659118415177 -0.06959574248317685 -0.9910495582667133 -50.851286927110046 -0.026272039199722028 0.9974051290865654 -0.06702222984417272 -3.4912220109240675 0.9931425747804032 0.018401938504524238 -0.11544944401837297 83.78024410947316
-0.1158252815460251 -0.06985029543178392 -0.990810384873426 -51.90707944384825 -0.02598166890372355 0.9973955172098871 -0.0672773177185372 -3.581325556216489 0.9929294028145409 0.017950482239795243 -0.11733848128395473 83.6458173930125
-0.11715000657418992 -0.07263388368491883 -0.9904543911767958 -52.962824200009464 -0.027376344561885767 0.99717856877002 -0.06988897361724478 -3.668463737930366 0.9927364586551304 0.018927516933027397 -0.11880796832931843 83.50861537680343
-0.11777194479573685 -0.07541679576265756 -0.9901726190266912 -54.02126410232083 -0.02790437405202557 0.9969691203374998 -0.07261550994725251 -3.7584735843860098 0.9926482040383432 0.019078066845970132 -0.11951948658388996 83.37000311463935
-0.11820458119260986 -0.07659711483396232 -0.9900304645033257 -55.08949754973385 -0.027081130894766846 0.9968978062295952 -0.07389510753530638 -3.8533128065459223 0.9926195361047379 0.018076394466751425 -0.119912265788905 83.23106028400355
-0.11807793341901057 -0.07482946140442356 -0.9901807135231779 -56.1621639679215 -0.023743453704528853 0.997083846105975 -0.07251978556097115 -3.9469213939382097 0.9927200333666292 0.014947313524893632 -0.11951035215736715 83.09662550200426
-0.11831185237804213 -0.07450332182542121 -0.990177392439126 -57.23646301040177 -0.019997590199454428 0.997157278603018 -0.0726391145556999 -4.043439069514345 0.9927747171562195 0.011207081597478156 -0.11946545863536222 82.96308055115493
-0.11841470541782148 -0.07536463064574725 -0.9900998958651437 -58.31224115577127 -0.01629356038881637 0.9971282195360426 -0.07395095927110071 -4.137485829641197 0.9928301661567281 0.0073753580975337895 -0.11930265026666188 82.83175618354234
-0.11879173969140196 -0.07570441248530546 -0.9900287952903802 -59.39425931633557 -0.012257565308008552 0.9971244852520645 -0.07477626278602054 -4.2355199986754615 0.9928431480885054 0.0032525256852677987 -0.11937814761537648 82.69818753911895
-0.11928299765786905 -0.0748121884227256 -0.9900375647609566 -60.48412792540372 -0.008649782898147246 0.9971971198842804 -0.07431106995998539 -4.332878212714018 0.992822247602621 -0.00030045287919339966 -0.11959581011339299 82.56431418941844
-0.11967629488103086 -0.06989069822635213 -0.9903496669539824 -61.589435735732735 -0.008554774886792854 0.9975541710342792 -0.06936536934907853 -4.427671146055672 0.9927757024454842 0.00017081254467140344 -0.11998152390564784 82.419919483299
-0.11997423092090097 -0.0614780034005763 -0.9908714208032545 -62.69196874546783 -0.011562142091308906 0.9980990951703267 -0.060526522067628805 -4.507444445516203 0.9927092496463166 0.004194958750438923 -0.12045703277834108 82.27620577956468
-0.1199896988653192 -0.05482806315502529 -0.9912597361992774 -63.801593104869966 -0.016246612883855586 0.998447999179584 -0.053259064505751755 -4.5750937118038575 0.9926417722422829 0.009714061457275464 -0.12069429051397969 82.1264109771436
-0.11919029871681376 -0.05753557783213607 -0.9912027317798712 -64.90294732193661 -0.025025255647566212 0.9981759012003887 -0.05493113071231465 -4.637318179151427 0.9925555724347059 0.018257832992337696 -0.1204127774752417 81.97157935142002
-0.11794800903952156 -0.06349027994992683 -0.9909877753525722 -66.00671682785118 -0.031175087949759712 0.9976981717927271 -0.0602097524502918 -4.698811895695386 0.9925299394806019 0.023792499594244496 -0.11965587435423523 81.81831815189176
-0.11707295251689186 -0.06916104516340862 -0.9907120047656964 -67.11528774822848 -0.03455177830588075 0.9972512669588319 -0.06553458619870477 -4.769721616667267 0.992521741124305 0.026558522677818393 -0.11914084052315134 81.67113880386408
-0.11634537384807614 -0.07294939939970475 -0.9905259787860458 -68.22836393954992 -0.035648151356097155 0.9969625165568586 -0.06923630262352784 -4.848145883231652 0.9925685548689471 0.027255085381957672 -0.11859253409056411 81.52720556780194
-0.11637118627668916 -0.07198809637363036 -0.990593258759776 -69.35288201295558 -0.03285755644994788 0.9971022661626529 -0.06860117273479796 -4.927904884329876 0.9926617902102672 0.02456526223815197 -0.11839937766164338 81.3881866785828
-0.11613496084345352 -0.06691406274736332 -0.9909766173448507 -70.48494935241548 -0.030720665640102823 0.9974920223288337 -0.0637538107053538 -5.011004946387619 0.9927578735243185 0.023039403032121885 -0.11789939113418259 81.24853407828641
-0.11594769174212768 -0.06394347668503307 -0.9911947283250471 -71.621104440272 -0.029161253794880698 0.9977139266232309 -0.06095286392348588 -5.086985838262887 0.9928268354986691 0.02183712256363334 -0.11754734792596112 81.11008888789092
-0.11582815031095446 -0.06475999520624316 -0.9911556593447265 -72.75307248691763 -0.027804339269690715 0.9976919610714452 -0.061937842162504794 -5.162944884933628 0.9928796908257898 0.020384267516502057 -0.11736147618848894 80.97248834233756
-0.1156251474559564 -0.06921268112611347 -0.9908783608104088 -73.88904468680832 -0.02803959760171485 0.9973986313822554 -0.0663962249473905 -5.241033847488894 0.9928967247453917 0.020106743805182577 -0.11726510505388985 80.83124999485447
-0.11493297598102853 -0.0731491037985799 -0.9906761044037437 -75.02750757684204 -0.028375283651835326 0.9971192469493758 -0.07033293654148669 -5.3238085329949305 0.992967549714699 0.0200271276679289 -0.11667755793216762 80.68945066122419
-0.11456095151812025 -0.07215452299797888 -0.9907921125038971 -76.17771855664134 -0.02843225348551346 0.9971877049800645 -0.06933281437339742 -5.409073097333829 0.9930089223904394 0.020227606162557938 -0.11629032899954031 80.54735921142692
-0.11403222196379521 -0.06411863250551082 -0.9914055865838979 -77.3393902216263 -0.029571679042671 0.9976914380910996 -0.06112384027803143 -5.493648292600431 0.9930365757793814 0.022347426429691154 -0.11566510079187328 80.4026852974538
-0.11422495806949347 -0.06325843389765147 -0.9914386724814368 -78.49676940360203 -0.029375407937313917 0.9977487354715557 -0.060276703327749294 -5.575390034341339 0.993020228285498 0.022238796678494654 -0.11582609233108619 80.26051605132515
-0.1141175386434363 -0.06638030182759198 -0.9912469390140038 -79.65377786337633 -0.02721176145809864 0.9975991639014465 -0.06367296189668992 -5.65329192063008 0.993094248295977 0.019707357587546045 -0.11564992302255474 80.12222718537625
-0.11386674557102623 -0.06956484622737112 -0.9910574138809828 -80.81435171925357 -0.02669227954322643 0.9973990805263433 -0.06694323491222924 -5.733240912231174 0.993137121442585 0.018830956432816993 -0.11542747375324859 79.98176761400939
-0.11377403633471474 -0.06906419439171776 -0.9911030507761196 -81.98858466089207 -0.025831324551613154 0.99744862731681 -0.06654110392011858 -5.820168373872833 0.993170470415299 0.01803083810226864 -0.11526782349288711 79.84065062180004
-0.11332770149335565 -0.06578650259159896 -0.9913771313960821 -83.14900505366245 -0.025023436350691233 0.9976773437123669 -0.06334410260857434 -5.906820795829576 0.9932421931249616 0.01762900403165614 -0.11471073089765217 79.70161757746376
-0.11233072286052599 -0.06450048866024397 -0.9915750205643649 -84.31148729325939 -0.025873515020980717 0.9977418850547797 -0.06197058612383176 -5.991632203504219 0.9933336303505017 0.018694315049286373 -0.11374596786469524 79.56036896300401
-0.11087029715739853 -0.06472697771314749 -0.9917246086420219 -85.48125071456086 -0.027331288053178325 0.9976973810392222 -0.06206132451411658 -6.073432964312243 0.9934586509425483 0.02022433944756399 -0.11238412150879593 79.4184108130427
-0.10968497920185315 -0.06518938161305755 -0.9918261078602308 -86.65564417929467 -0.030069928883419583 0.9976071766678651 -0.062243989385627835 -6.143346985081765 0.9935111495744269 0.02299689608713323 -0.11138280478427261 79.27394881177563
-0.10851900123517401 -0.06474182879744449 -0.9919836935093518 -87.84306941928392 -0.029759420952447033 0.9976406492491717 -0.06185551144671867 -6.220082497990408 0.9936484930869482 0.022808348369012174 -0.11018969469940652 79.1327549930372
-0.10712670832993848 -0.06555030080645072 -0.992081938224134 -89.03025999330683 -0.03105342129739322 0.9975573857192317 -0.06255891839350337 -6.292696864683237 0.9937599346600737 0.024105796161725493 -0.10890064859855991 78.99157507562096
-0.10608516683364522 -0.06303834817373034 -0.9923566152159666 -90.23916755600227 -0.03127929369363533 0.9977054331646502 -0.060034337904224806 -6.3754114810750995 0.9938646141886734 0.024671449125293548 -0.10781358751340453 78.84981542323844
-0.10507024874383677 -0.06244255457401755 -0.9925022515503001 -91.45264210812675 -0.029950015552833935 0.9977720070399169 -0.059603514040681774 -6.458866158101981 0.994013342769118 0.023462888361169394 -0.1067063601190147 78.71182583648569
-0.10376106972956924 -0.06200646964646729 -0.9926673497639261 -92.66630674408238 -0.030985317124998378 0.9977711418974498 -0.05908650639788144 -6.542140752422327 0.9941190937808528 0.024627220410382514 -0.10545115015279084 78.57312990598018
-0.10217809528319577 -0.06256311227544228 -0.992796626334222 -93.88732952127044 -0.029411341261917766 0.9977732623567558 -0.05984977978710319 -6.627666114853174 0.9943308569341395 0.023084128767932022 -0.10379069727242671 78.43758464059131
-0.10060617223971995 -0.06553035866942047 -0.9927657284166875 -95.10900494368896 -0.029785811247165034 0.997578966758888 -0.0628296468847184 -6.713085325964413 0.9944799934930657 0.023249268105223844 -0.10231453155946307 78.3024087612501
-0.09945499694725413 -0.06530840270132468 -0.9928963721713828 -96.33793796163084 -0.028011046388255027 0.997631368965996 -0.0628141324235435 -6.798664097483616 0.9946473303080852 0.0215648717731352 -0.10104883954263282 78.17132105177153
-0.09903321005088682 -0.06264198424037044 -0.9931102790042106 -97.56925367099103 -0.023880065956017348 0.9978780247359926 -0.060561443922211355 -6.882344255047571 0.9947971514190976 0.017717927604124953 -0.10031901828209953 78.05742444308645
-0.09886778221056589 -0.06376210258263805 -0.9930555092800212 -98.80195909650783 -0.02145322798025374 0.9978489320332871 -0.06193406626292697 -6.966259413093982 0.9948689401593153 0.015180943418399487 -0.10002306937864455 77.93960694991435
-0.09915329962517334 -0.06387163228281094 -0.9930199591058567 -100.04279946377439 -0.01887210348574159 0.9978782952726624 -0.06229978967586301 -7.052389020594779 0.994892810122297 0.012563125757664266 -0.10014837384066708 77.82157032783101
-0.10023119934494931 -0.06081228430176253 -0.9931038068107105 -101.2884656388214 -0.016004868879426645 0.9980990783311982 -0.05950289083833317 -7.138677258257725 0.9948350996458181 0.009930428281869892 -0.1010140120398066 77.69965128240095
-0.10150873677490785 -0.059334444894065155 -0.9930634073672202 -102.53745652893785 -0.01383510062044141 0.998206688902452 -0.05822760670651525 -7.2247954992433145 0.9947380575338411 0.007828498867394505 -0.10214765475071841 77.57749570423017
-0.10284135436630668 -0.05871373848824395 -0.992963214633131 -103.78476477637636 -0.012161051129574043 0.9982552566809956 -0.05776718508912608 -7.308554467042796 0.9946230758585104 0.006134597190798559 -0.10337599899278237 77.4501880476487
-0.10455721135337534 -0.05860624245775541 -0.9927903202737343 -105.03395539842568 -0.011856414566691578 0.9982638848856593 -0.05768073196069045 -7.394618444079342 0.9944478275416512 0.005739973303835654 -0.10507060621532902 77.31920950157277
-0.10682830588621847 -0.05728762834588617 -0.9926254584704945 -106.28295601681278 -0.01215399163527074 0.9983385666082226 -0.056309365248942395 -7.478338750955217 0.9942027974678619 0.006048903956438819 -0.10734715438087696 77.18237559830212
-0.10987897872711792 -0.05235815768288126 -0.9925647038250711 -107.5329445634155 -0.008644119646852941 0.9986232784881571 -0.05172088617708174 -7.561313528649781 0.9939069953825407 0.002896783980587153 -0.11018036765523088 77.04706467263391
-0.11397133598322759 -0.0519431857144208 -0.9921249734925967 -108.77416834007039 -0.008262698655185799 0.9986463921726447 -0.05133549408955748 -7.6413362966446075 0.993449316444392 0.0023468283194105896 -0.11424632994119413 76.90415602561815
-0.11959452906205295 -0.056736616716938776 -0.991200092090572 -110.0017527704084 -0.0025410305866952745 0.9983790969718184 -0.05684101846476075 -7.72294126237226 0.9928192172209183 -0.004279237035905297 -0.11954492783885101 76.76356543842047
-0.1267580059015013 -0.06210597267017275 -0.9899872724432673 -111.23847609991827 -0.003716796479139954 0.9980598094576237 -0.062136565136261986 -7.807964062952817 0.9919264032841016 -0.004196757389271862 -0.12674299103673384 76.6076753356059
-0.13576380688820083 -0.05923611385748456 -0.9889685480315925 -112.46167897057258 -0.006028078831816119 0.9982409353670052 -0.05896404911756069 -7.896765149213079 0.9907225481433325 -0.002043633210105351 -0.1358821715143982 76.43684110728346
-0.14682280108794077 -0.05383864040210972 -0.9876963084982386 -113.69056540273544 -0.0052849714602997006 0.998545102083658 -0.05364445842286795 -7.983032936593851 0.9891483079651869 -0.002656313041956737 -0.14689384756686538 76.2529001405376
