1.0 0.0 0.0 0.0 0.0 1.0 0.0 0.0 0.0 0.0 1.0 0.0
0.9999985694885254 -0.0007122131646610796 -0.0015335400821641088 0.011010995134711266 0.000705571670550853 0.9999904036521912 -0.004327036440372467 -0.01712164282798767 0.0015366071602329612 0.004325948189944029 0.9999894499778748 0.9617130160331726
0.9999967680517494 0.001383964471543246 -0.0021291836853872376 0.016995450367591137 -0.0013950700326227695 0.9999854389955656 -0.005223267732548743 -0.033041589643601536 0.0021219237266849656 0.005226221206871994 0.9999841220112005 1.9248851139051912
0.9999934140519195 0.0028752133144496 -0.002197033451547537 0.03106687308149931 -0.0028772209806679134 0.9999954627745604 -0.0009111940727630241 -0.06341853190633365 0.0021944034781261417 0.0009175092496204557 0.9999972025436201 2.8880541055757707
0.9999893780239438 0.0043782586558965084 -0.0014270062536163328 0.04462708150351746 -0.0043702813519396555 0.9999750718880258 0.005546372512140179 -0.09503620936446319 0.001451254018416567 -0.005540077546621369 0.9999836187261011 3.8483123244785213
0.9999612629341275 0.00880074583953838 -4.935689946341878e-05 0.05337216023626829 -0.008800421119843652 0.9999503975279094 0.0046595774003544334 -0.12221729854585442 9.036187485757367e-05 -0.0046589628422102625 0.9999891323200378 4.806551079931123
0.9999329323026929 0.011541221671986719 0.000992630106665204 0.06458404717887328 -0.011542810309847587 0.9999320344731841 0.0016082357246627807 -0.14487050619984454 -0.0009740020814524976 -0.001619585793329764 0.9999982162073269 5.738958212758385
0.9999251416582716 0.012108509207491552 0.0017918349557555584 0.07542713733948743 -0.01210589560243485 0.9999256164986405 -0.001463263599405056 -0.15356728693355062 -0.0018094199189126199 0.001441462267241845 0.9999973557964277 6.67639379193703
0.9999307506262041 0.01148260840668316 0.002595924596814265 0.08936226494135943 -0.011477132241135515 0.9999317902584047 -0.002115601517728537 -0.1678813748685514 -0.002620040764850804 0.0020856611525478064 0.9999944240083266 7.606157401958724
0.999935213149515 0.010824590501459473 0.0035469030988254315 0.10130251148952897 -0.010825340251491023 0.9999413151124977 0.00019151083243713684 -0.17916608942154083 -0.0035446225260821244 -0.00022989478363645276 0.9999937368250975 8.535485387609333
0.9999332964283569 0.010746279671236918 0.004252649744134495 0.11412922024194536 -0.010759591039729205 0.9999371367442458 0.0031190242854709257 -0.1865847739082162 -0.0042188652694371285 -0.003164573166323168 0.9999861429585609 9.465866848829785
0.9999267819321012 0.010904911403070199 0.005254324823260873 0.12755526772409054 -0.010928224701992211 0.9999303574869153 0.004428369287434678 -0.19163007602669474 -0.005205668739000753 -0.004485465941116572 0.9999764282634568 10.388920007994605
0.9999051371080998 0.012462982194849927 0.0058677507565334 0.14219132295672232 -0.012492869340134069 0.9999089220884673 0.005084316214229127 -0.19971845125127727 -0.005803851398867178 -0.005157139796775072 0.9999698829612984 11.339519848636256
0.9998969479285013 0.012630691763712756 0.00682596179672107 0.15487820974979852 -0.012664777892065824 0.9999072770709378 0.004973299494110931 -0.21556004109253657 -0.006762513903510129 -0.005059236979455453 0.999964347857965 12.223448068995715
0.9998890022620487 0.012872360880764329 0.007500659896274258 0.16930985420607178 -0.012898112097333414 0.9999109068174911 0.0033947357989413743 -0.23548572251553865 -0.0074562941700316784 -0.003491103695358799 0.9999661626201733 13.133248384223046
0.9998698116523294 0.013365739521981973 0.00903420111699249 0.1849023085150177 -0.013376917818434104 0.9999096472675422 0.0011778307904846076 -0.26025205463982354 -0.009017643964114535 -0.0012985273219229816 0.9999584901097288 14.04135653542611
0.999836711252805 0.014686987743155197 0.010519702776306632 0.19928045197932673 -0.014686714262603765 0.9998919370705005 -0.00010339664722185288 -0.27605726762612737 -0.01052008671864354 -5.111995100085419e-05 0.99994461132846 14.945516230839182
0.9998230547752943 0.014326707927306956 0.012186165043964747 0.21694695709039066 -0.01431970901317454 0.9998970181343241 -0.0006616053248428538 -0.2851105165305225 -0.01219439215294816 0.0004869862123876729 0.999925472142287 15.846266679878415
0.9998219174629491 0.013041431651912953 0.013636721771633102 0.23671155529547455 -0.013021229895104937 0.9999138010721664 -0.001569326320403516 -0.2933609792080219 -0.013656015370068645 0.0013914804347594316 0.9999057628841919 16.743088074788904
0.9998147462437759 0.011596489897563544 0.015360989852954851 0.2548475034964339 -0.011572749226186315 0.9999315442361962 -0.001633653344309517 -0.298243888692015 -0.015378885982534325 0.0014555823098404519 0.9998806560869086 17.634837542468265
0.9997832339204361 0.012136639097225769 0.016918315968248904 0.2730754686694686 -0.012126891791185335 0.99992611358441 -0.0006787444016829146 -0.30440547205504703 -0.016925306948966004 0.00047343107961141963 0.9998566222079077 18.526839937760354
0.999767411341057 0.011484226151705352 0.018255739675894743 0.29373846002807025 -0.011499033362219562 0.9999334382906291 0.000706161415994791 -0.313840130819901 -0.018246419625399867 -0.0009159203050871886 0.9998330841292945 19.41418956516887
0.999740683107781 0.011322855901239073 0.019758604263181385 0.31460002691042027 -0.011345588495740952 0.9999349145163702 0.0010386412845820874 -0.3236881127438414 -0.01974556286972338 -0.0012625448267390375 0.9998042165279848 20.2947780774411
0.9996912911607831 0.01246783867577441 0.021492974337208114 0.33356096399079876 -0.012491536202701692 0.9999213261275883 0.0009685251330200353 -0.3220396552046177 -0.02147921423701538 -0.0012367063279875906 0.999768463900271 21.168898632413633
0.9996529530877388 0.012687798233045557 0.023088011722245155 0.3517732455907086 -0.012698846326835747 0.9999191017392713 0.0003318235922285681 -0.32050873373932565 -0.023081941106161945 -0.0006248993449395631 0.9997333002064166 22.037928735890787
0.9996297625577323 0.012613776730722859 0.024111835764039084 0.3725458200881052 -0.01263649563576802 0.9999196283979884 0.00078992970942954 -0.3172182541787117 -0.02409994154966967 -0.001094326143227808 0.9997089075828762 22.900893326827457
0.999606911443338 0.01236723598185972 0.025164422299592207 0.3933636388181771 -0.012440258046904544 0.9999186210506475 0.0027471467566128815 -0.31592635405240965 -0.025128407408372255 -0.003059118886157835 0.9996795293837112 23.75773618235187
0.9995692624426776 0.013638154335204343 0.025988239730263908 0.41209969424155357 -0.013788155603212492 0.9998890283825645 0.005601331709203752 -0.3140237847588095 -0.025908970602037982 -0.005957249834837825 0.9996465363099946 24.615436652166412
0.9995560747759269 0.013276695131846577 0.026675035323513927 0.42802903302953865 -0.01346664469289245 0.9998849458524487 0.006953757243309095 -0.30573791979612414 -0.026579649883702598 -0.0073098945800137705 0.9996199704364489 25.442187895614033
0.9995413616646869 0.012824913556105854 0.027436595136470093 0.4473987753090788 -0.012987627562700721 0.9998989114145033 0.00576046996537991 -0.29884876168659485 -0.027359949855464548 -0.0061141655757309095 0.9996069354033816 26.26621856524456
0.9995372021271522 0.011429924044739711 0.0281930355433116 0.4690726142664766 -0.011519210998435427 0.9999289412187532 0.0030064838502686167 -0.2930485665038753 -0.02815667517601034 -0.003329855024316042 0.999597929256481 27.080376194864588
0.9995206589310139 0.010923005470099037 0.028969511092481512 0.49161690025715254 -0.010968213594344231 0.9999386692050665 0.0014019710814641658 -0.29340456653347224 -0.02895242810633159 -0.0017190438627313522 0.9995792451616767 27.876977539170586
0.9995005630102015 0.0102042442994265 0.029909698747975486 0.5147210603850938 -0.010236896543448776 0.9999470386881623 0.0009386694638331013 -0.29827616928506046 -0.0298985412187114 -0.001244384229168605 0.9995521100634706 28.669574687089888
0.9994551276484506 0.01042434440368252 0.03131916237021233 0.5377232247764734 -0.010446017920584907 0.9999451576593815 0.0005283734588271183 -0.3030380445940371 -0.031311942434790976 -0.0008552471205626461 0.9995092464847293 29.45471680343371
0.9993980115168509 0.010119994410968466 0.03318473145453527 0.5610477215829582 -0.010122448622823332 0.9999486167012296 -9.413688500099505e-05 -0.30245557112650656 -0.033183984485050146 -0.00024183158676534825 0.9994491509009341 30.2266553359641
0.9993347692496526 0.010139914651212518 0.03503139251026846 0.5837019691726634 -0.01012932016408355 0.9999484441597332 -0.00047997296914960806 -0.28931598820496984 -0.035034458471816125 0.00012480844036970052 0.9993860107134014 30.99326248759637
0.9992571823955454 0.010454384827748114 0.03709042618021839 0.6098809670484943 -0.010485582306137484 0.999944684772715 0.0006466317308578786 -0.28494543677867856 -0.037081619293641725 -0.0010350674065441364 0.9993115735192681 31.753321201497997
0.9991825127089845 0.010441664526183373 0.03905291825533056 0.63734539199028 -0.0105781347247357 0.9999385424938976 0.0032894523181502175 -0.2859576415008919 -0.03901617343572964 -0.0036998718168190776 0.9992315958427863 32.49746009992144
0.9991165088832102 0.009676444785464708 0.04089433898016383 0.6694897773383007 -0.009870605890661428 0.9999408411452382 0.004548597994582727 -0.29131489545968803 -0.04084790723556919 -0.004948233097590208 0.9991529772896806 33.234911615339435
0.9990481670389528 0.008212268495885322 0.042838633911589985 0.7070240787553616 -0.008425605543042801 0.9999528981260372 0.004801808565751544 -0.29809830805013154 -0.04279718354646239 -0.005158181217189484 0.9990703375415435 33.96229324203014
0.9989870389232461 0.005570430877605825 0.04465096395014558 0.7475875571648227 -0.00575214218780039 0.999975569646282 0.003942110847038178 -0.3011802932661032 -0.04462791759793706 -0.004194957854734352 0.9989947310645386 34.70353725467937
0.9989141448077018 0.004076815209120734 0.0464082589270686 0.7861132664797634 -0.004225967049013515 0.9999861166190429 0.0031162169418625127 -0.30129805328535203 -0.046394910882763984 -0.003308954398219268 0.9989175966391189 35.393179234718474
0.9988445525999837 0.0036023143075501 0.04792009785972929 0.8224960168847826 -0.0038241852873749193 0.9999822589518461 0.0045391151631497435 -0.29349959595695074 -0.04790289637851537 -0.0047171274379962476 0.9988407718496112 36.085734121262504
0.9987975682881932 0.002421912716567665 0.04896139579427337 0.8579682119093494 -0.002724888850175823 0.9999773810116805 0.006122234660501587 -0.2845594685076974 -0.04894546044812855 -0.006248289507466168 0.9987818303256205 36.77338262971002
0.9988035860122134 -0.0006059669284736938 0.04889389052644348 0.8979753941873622 0.00027076254982337365 0.9999762448693998 0.006862059726826868 -0.28292152651221864 -0.04889688339856049 -0.006840613504988436 0.9987803658911389 37.44922235970097
0.9988485719856325 -0.003748499836266903 0.047823406264229484 0.9356831111836589 0.0035235558921754002 0.9999821281991879 0.004787048860795499 -0.27534953690803415 -0.047840494225272354 -0.004613029810013567 0.998844281018987 38.11124906533991
0.9989245513946493 -0.005352129482677848 0.04605089292825473 0.9662399847098404 0.005291342666879499 0.9999847248232954 0.0014417680338111541 -0.26439430102314354 -0.04605790689856893 -0.0011965464826658835 0.998937958767028 38.76356212101391
0.9990192071846142 -0.005712816645145624 0.0439039709750747 0.9940638613110544 0.005743070532485648 0.9999831146326688 -0.0005630158263310751 -0.25903242267891247 -0.0439000142485317 0.000814607673958562 0.9990354692846387 39.400641772113005
0.9991411387316331 -0.006928149120406437 0.040847719099334885 1.0229614767383974 0.006919998918639471 0.9999757498251404 0.0003408879510281655 -0.2546900399794685 -0.04084909176225925 -5.792880393067574e-05 0.9991651588653438 40.037492146852614
0.9992321805569803 -0.011976393854147064 0.03729922150905923 1.05456487704867 0.01185276050465209 0.9999232530260386 0.0035339939877052085 -0.25614070336665434 -0.03733868469797869 -0.0030891824858000866 0.9992977445898195 40.68683685523131
0.9993046126249198 -0.016416041227279892 0.033473113491957224 1.0827706634452579 0.01618093477865159 0.9998423000569007 0.007282570454516717 -0.2559984316275883 -0.03358738710735882 -0.006735881915428477 0.9994129241369798 41.29211614288649
0.9993473940779452 -0.021316039649375597 0.029153311008268987 1.1073346012297123 0.021087623254372707 0.999744360460941 0.008120133216821097 -0.25424316680557807 -0.029318947415980914 -0.00750006258968446 0.9995417818308409 41.89089678907113
0.9994041695870058 -0.025019995916509996 0.023765982524097416 1.1274558265120005 0.024830552543899632 0.9996574949870657 0.008233095967097991 -0.25049177620190394 -0.02396383142469748 -0.007638070481422607 0.9996835040007276 42.4756937805138
0.9994262562348486 -0.028709244050485486 0.017957791188664828 1.143219438971038 0.028528654499521314 0.9995402875860568 0.0102329525660604 -0.24727501288650705 -0.018243311863346486 -0.009714773161891732 0.9997862141572904 43.04424761820124
0.9993681057691164 -0.03372431367475694 0.011207425990816613 1.1565173184239965 0.03359317324559539 0.9993669386296938 0.01169026196150144 -0.24612564965411998 -0.011594570252799377 -0.011306386114581736 0.9998686989496579 43.592389948206375
0.999306392628324 -0.037009578828910955 0.004072496556493367 1.1636874559285826 0.03696269979023159 0.9992553966553924 0.011039538463959584 -0.24632995117915069 -0.0044780242019367995 -0.010881355241300066 0.9999305887392094 44.119468467093434
0.9991736431982327 -0.04050787854329446 -0.003260918767744197 1.1653092482579224 0.0405426711481863 0.9991122456322591 0.011425391485152842 -0.24603007280932457 0.0027952163863607664 -0.011548162087563062 0.9999291933451636 44.62704771416025
0.9989305925909646 -0.0449469646189129 -0.010810941677697165 1.165286057200744 0.04506494730574183 0.9989239610994949 0.010929377990491268 -0.24015553706562567 0.01030808029859838 -0.011404890236382774 0.9998815672110795 45.11045890092529
0.9986106690033449 -0.0493221604123624 -0.01853236779911534 1.1621185105343141 0.04947618736903919 0.9987433496464415 0.007946667395154379 -0.23484912231869967 0.018117148870307704 -0.008852542632450385 0.9997964076785025 45.57446820772371
0.9983442090543777 -0.051056203030720684 -0.0264874310268965 1.1539158230969744 0.05119568039290969 0.9986776603798497 0.004614296078384604 -0.2368647622678975 0.02621683497858793 -0.005962700991505688 0.9996382968228009 46.01394460506586
0.9980775596698686 -0.05151561765243173 -0.03445104626977372 1.1397002788884651 0.05171683626957354 0.9986490735378568 0.004974745065511708 -0.23802920662595248 0.034148249202651255 -0.006746883589166835 0.9993938401229205 46.43561885733538
0.997804795451538 -0.05099690247014705 -0.04224358699554489 1.1191056010514695 0.051308140789159365 0.9986625827092881 0.006315831370835111 -0.2395247468800703 0.04186502733147429 -0.0084694105294144 0.999087169359778 46.83266162923278
0.9973380812128284 -0.052740123723684425 -0.05034717329690949 1.098159508971366 0.053166495219847204 0.9985596884905535 0.007166404225745631 -0.23917353980282455 0.049896724796646315 -0.009824115355075705 0.9987058651915905 47.20455270918765
0.9966451119210797 -0.05618538639220526 -0.05950950826454941 1.077746372878009 0.056705276234630876 0.9983656409261138 0.007082568120861222 -0.2387512673581138 0.05901433396701578 -0.010433315035207488 0.9982024358578083 47.56730629197656
0.9958316087983037 -0.060823000411714706 -0.06796724728136593 1.0594836716620784 0.061411217885951205 0.9980905416502799 0.006596970586456399 -0.2404145747350442 0.06743624395036617 -0.01074342912900762 0.9976655332432026 47.878386559713256
0.9949461352348508 -0.06439774954307702 -0.07703780444067596 1.0361313806462848 0.06510727275035325 0.997855390881195 0.006731644815131809 -0.24439745065449478 0.07643911356121932 -0.011713351057000781 0.9970052368510848 48.17662924853923
0.9942171377778655 -0.06384320486556345 -0.0863485998621977 1.006267991473579 0.0646937471450978 0.9978798773537912 0.007085093780034335 -0.2532692336688556 0.08571321714309597 -0.012630341282872305 0.9962396508973519 48.45086326026128
0.9932964276687262 -0.0627919386763529 -0.09705218632274736 0.9730915172278831 0.06358337571652083 0.9979635252594685 0.005080661822192589 -0.26077647172552515 0.09653553095478226 -0.011217514289886907 0.9952662284420084 48.71654782200911
0.9921377688583428 -0.06152266015967561 -0.10898354005619608 0.9369558599009055 0.06192852551440253 0.9980804433385853 0.00034017989160676566 -0.2675882265139384 0.10875342816266732 -0.007086699695255897 0.9940434121616352 48.97558753024924
0.9905370785539992 -0.06248717568343408 -0.12219396554344897 0.8977447881011801 0.06247045378444029 0.9980387699575635 -0.003971684738442584 -0.2734415282824474 0.12220251470697154 -0.003699415390231434 0.9924982041509195 49.23239252502303
0.9883705395102926 -0.06431656786016501 -0.1377925012962213 0.8567392700322713 0.06410997941174618 0.9979249961813393 -0.005941473558181374 -0.28056704812049665 0.13788873894720433 -0.0029615006715557725 0.9904432113679309 49.48706925403375
0.9857256694969154 -0.06628679923155226 -0.15476024180887193 0.8084270758107441 0.06596476515225157 0.9977956593032062 -0.007220958523924745 -0.28609129074603434 0.15489778150320532 -0.00309084243416342 0.9879255826352314 49.749687432062956
0.9830184164361364 -0.06669164587758918 -0.17095834631568563 0.757706386447131 0.06621702635147442 0.9977689846258595 -0.00848335691211851 -0.2915706609469361 0.17114274298480658 -0.0029810608084573755 0.9852416365576536 49.98613958189995
0.9797320477676023 -0.0659540821687124 -0.18914267685783198 0.6971554648175672 0.06530123434834142 0.9978184089289854 -0.009688366449930269 -0.29676097245486427 0.189369062987716 -0.002859250663671559 0.9819017578736092 50.23057569182295
0.9757275819155131 -0.06503196773337043 -0.20910830121183274 0.6296505046386481 0.06433365893723769 0.9978767160695176 -0.010146684795794156 -0.30229000565770064 0.20932419528531065 -0.003552305595815484 0.9778397885867618 50.477326770846496
0.9713023231706458 -0.06551318984144139 -0.22864724977411938 0.5626169902419107 0.06460927593729839 0.9978448652159992 -0.011444942407204237 -0.30678376889769216 0.22890431420120239 -0.0036562378455497055 0.9734419988835469 50.707270990043455
0.9659139521976101 -0.06760924344984731 -0.2498779571161126 0.4889219963534198 0.06623730201804286 0.9977068258844702 -0.013905467910558448 -0.3117050915949455 0.25024514194979774 -0.0031197597219513418 0.9681773845702061 50.94529901059058
0.9596673376106092 -0.06892286364557262 -0.2725583181743297 0.4074934447798159 0.06707058892673386 0.9976178145800932 -0.016118499226261327 -0.31790739280303815 0.2730200492312179 -0.0028122530076311832 0.9620041281159826 51.18148398217522
0.9522730430202618 -0.07018361671682448 -0.2970691263703464 0.3172257607787866 0.06815286000148066 0.9975264272348342 -0.017200979416428577 -0.32550249929036573 0.29754159869442637 -0.0038660853132238505 0.9547009163872846 51.42019561602595
0.9436111899222186 -0.0730894859063523 -0.32288647424091915 0.22124642567025946 0.07102644355512489 0.9973085449540252 -0.018184160122841922 -0.3340782774383346 0.3233465662019443 -0.005774704903596855 0.9462629235534613 51.659291292149305
0.9334128214924832 -0.07549652404101967 -0.35077150015249164 0.11471625369574041 0.07333125845371871 0.9971174607773865 -0.019472947061410728 -0.34395231830193307 0.3512305594595645 -0.00754622148086998 0.936258539587366 51.90073594224012
0.9222741492739545 -0.07613573203332366 -0.37896393025197744 -0.00027548502229507443 0.07373828141217217 0.9970594480471675 -0.020859312472398275 -0.3544947648021046 0.3794377381475362 -0.00870614892902756 0.9251762498705827 52.12980798068607
0.9095902019681917 -0.07427777335967806 -0.4088134114972815 -0.13094656806457144 0.07108897805395184 0.9972043876884199 -0.023013630968170946 -0.3642704587429916 0.4093799958330908 -0.008129158428267648 0.9123276959248517 52.35593686478542
0.8944221863738889 -0.07169634087701933 -0.441439157596177 -0.27602911954688464 0.06712498956172626 0.9974059686567899 -0.02598835900214177 -0.3733924372512728 0.442157399010383 -0.006387037517690635 0.8969146867604976 52.58043337992881
0.8771442888630886 -0.07145363415189614 -0.47488121357684654 -0.4279707506511661 0.06473983489246429 0.9974358355906409 -0.030500762137171553 -0.3824327325527288 0.475843031118893 -0.003990165463385457 0.8795210777099455 52.800296541421126
0.8575413428725375 -0.07341496245312375 -0.5091492133337963 -0.5907831683657598 0.06409372418476011 0.9972995527887906 -0.03585135929331597 -0.39190503322368386 0.5104064037424219 -0.001889249870551105 0.8599311379502257 53.018987606448206
0.8354269210080002 -0.07568779527055096 -0.5443647898237018 -0.7701063049714992 0.06394529749242563 0.9971309916052798 -0.04050411908226591 -0.4025959371236095 0.5458687676195209 -0.0009713404915475554 0.8378699852984489 53.244097431361446
0.8104781010054137 -0.07887975584751837 -0.5804334734067751 -0.9652428599971452 0.06518264747309589 0.996882335486298 -0.044457686132461705 -0.41475933710756097 0.5821308241137442 -0.001802213262983994 0.8130929970102643 53.47278325328635
0.7831649360025793 -0.08302929302745687 -0.6162455839316481 -1.1723003779491374 0.06828229530339902 0.9965350284058714 -0.047489656563277007 -0.4302527271721863 0.618053479185851 -0.004886433892877575 0.7861207007197623 53.69474886578916
0.7530584860191715 -0.08748650424014356 -0.6521111186509625 -1.4017194818577638 0.07188325051806506 0.9961272544054296 -0.05062846564243804 -0.44673969498062616 0.6540150472436422 -0.00874967678171143 0.756430812260727 53.926776553517186
0.7198926564502698 -0.08857770324730588 -0.6884101622013387 -1.6582598789341891 0.07134172992019826 0.9960133007606568 -0.05355262676248907 -0.4647116185041779 0.6904092807914786 -0.010560234051269149 0.7233418565512447 54.15340246425113
0.6834438962899493 -0.08631706468588847 -0.7248819120778859 -1.9460731696971951 0.06813309415265591 0.9961928096613469 -0.05438579260095291 -0.47763781301968156 0.7268165827438837 -0.012218814580357599 0.686722851870595 54.368930578314014
0.6444405042239831 -0.08503335499527287 -0.7599116406541778 -2.2697207281122562 0.06511601488053434 0.9962903263996705 -0.0562624623501263 -0.47776681355669376 0.7618768772466769 -0.01322461294574184 0.6475867759638066 54.58516669200634
0.6014973404445513 -0.08478487826900019 -0.7943629772272096 -2.6126819106042944 0.06309072928278645 0.9962880421848637 -0.05856421745650293 -0.48321805673941554 0.7963797326368021 -0.014890722055450395 0.6046136104231461 54.78985933639247
0.5561716285173104 -0.08472529107673633 -0.8267374182043102 -2.9737612737353865 0.059395017607358845 0.9962982855512889 -0.06214527688839991 -0.4792739162981069 0.8289424051942273 -0.014540647884463737 0.5591449334639571 54.98380984734901
0.5082202188639309 -0.08368616940956834 -0.8571516568816189 -3.359252165663845 0.05674317306102952 0.9963589142501761 -0.06363334795595796 -0.48608632664441526 0.8593559442344767 -0.016297753265500647 0.5111182135494872 55.169560909499246
0.45955674661823187 -0.08166095533897495 -0.8843863545976625 -3.766154505177971 0.05479783238392427 0.9964739740210424 -0.06353592729806426 -0.4913913769000228 0.8864564286332474 -0.019264092380854442 0.46241105786503073 55.33539645418326
0.4095445413395888 -0.07979454137077997 -0.9087938423999741 -4.198360540871379 0.054805567860241794 0.9965202730735593 -0.06279923388927386 -0.5166177481552414 0.9106425157036018 -0.024087880728715826 0.4124924940614992 55.48394276616833
0.35973414174680146 -0.07961123894032136 -0.9296523335557243 -4.641416005929305 0.05780827768576108 0.9963408649045095 -0.06295290775572147 -0.5396156089779488 0.9312623689671097 -0.03109529317769248 0.36301990173033444 55.618433708477106
0.31034287335570887 -0.08045243528753201 -0.9472142525652311 -5.103716839163992 0.05497862807299981 0.9962635338247654 -0.06660542477224425 -0.5645899688590077 0.9490335812013567 -0.03140602219182565 0.31360634355751715 55.721427639529345
0.2636127074309621 -0.07622495075868108 -0.9616123345269136 -5.585535870311984 0.04431950705162889 0.9967773713580926 -0.06686283629015427 -0.5957716941343774 0.9636099629829223 -0.02499229199352337 0.2661413330437732 55.80226194763223
0.22007489416487985 -0.07093651547510799 -0.9729004307026236 -6.088521891439399 0.030599055045335905 0.9973635994619453 -0.06579854135722202 -0.6266784870007068 0.975002954797172 -0.015289226567399361 0.22166519492166367 55.85616765343415
0.17704240007919098 -0.06939969127092332 -0.9817534978281021 -6.612373903759608 0.02180624353600062 0.997542536460661 -0.06658344260829471 -0.6532399743255457 0.983961617301092 -0.009620263660173088 0.17812059114833154 55.90279526260613
0.13943445939258167 -0.07225288899581424 -0.987591944434842 -7.126378631230264 0.01775367148614305 0.9973566167184439 -0.0704607095066216 -0.6821294902519686 0.9900721567036809 -0.007708733042000949 0.1403485471030702 55.93790060357772
0.10748177709259277 -0.07204213962602539 -0.9915935852204544 -7.658634083689326 0.008852886007796058 0.9974010254560468 -0.0715044820182984 -0.7242882365229493 0.994167643980305 -0.001093038563048934 0.10784013510651069 55.95413334692216
0.07852156918822396 -0.07027381293923458 -0.9944326219322523 -8.209583625289962 0.002181959650785875 0.997522148565548 -0.07031985949121669 -0.7737844900531825 0.9969100215529566 0.0033518101374650287 0.07848026648572146 55.97134512324809
0.05379940896309354 -0.06807421092436877 -0.9962288004813019 -8.774946131745255 -0.004677915881763922 0.9976454029711236 -0.06842364476306925 -0.813750712318476 0.998540801248605 0.00834142107004117 0.05335422165425137 55.97750873119457
0.03425254330180048 -0.06829721883830495 -0.9970770221540372 -9.351665420529043 -0.01011658018939778 0.9975874380657974 -0.06867973645934955 -0.8573816694537555 0.99936199383138 0.012439458810198579 0.03347891329582187 55.983225650391404
0.01874646418118608 -0.07007948530455582 -0.997365415856615 -9.933246888632725 -0.013316321680445586 0.997434538484981 -0.07033465659314085 -0.9020684220759567 0.9997355751833976 0.014599757902965147 0.017765113121765506 55.98181784047169
0.005284291646286619 -0.06962220003206437 -0.997559623467391 -10.537672951061937 -0.013919528264408518 0.9974715516560737 -0.06968981382997076 -0.947380616557495 0.9998891727518562 0.014253812868323782 0.004301767888650511 55.97983752171486
-0.006190284546380584 -0.07029744802127656 -0.9975070111779657 -11.137547919119397 -0.014314758542306957 0.9974299706889789 -0.07020320229221562 -0.9965370009946286 0.9998783221546099 0.013844488249750871 -0.007180719031398814 55.97900233153064
-0.01479870514902194 -0.07371483609669549 -0.9971697112197541 -11.755022564424095 -0.019107126536800002 0.9971174436082624 -0.07342743397852343 -1.055256340098413 0.9997078330272487 0.017966409855798338 -0.016164576321848565 55.963038699122556
-0.021222657034393494 -0.07564790457484917 -0.996908901574867 -12.382769867885235 -0.023703866618947803 0.9968910486943756 -0.0751419537436989 -1.1171915338828782 0.9994936406636623 0.022035876131130522 -0.022949874514175336 55.929539127134426
-0.02590911197107962 -0.0747495732526693 -0.9968659021042566 -13.020283169488506 -0.02392124988342777 0.9969612388634197 -0.07413502198438542 -1.1679784428647328 0.9993780028043456 0.02192549667841536 -0.027618531518255364 55.9030470486273
-0.029699129581691953 -0.0723538042337204 -0.9969369912701439 -13.673095259907985 -0.021535525507506908 0.9971915280123009 -0.0717307516771734 -1.2175266325771323 0.9993267711151635 0.019339214074399296 -0.031173945379986388 55.88331116157848
-0.03224642470655691 -0.06482029100637449 -0.9973760599210657 -14.333582569921932 -0.0192999961123529 0.9977490842033798 -0.06422056973648939 -1.269535263800876 0.999293517435016 0.017178463727074746 -0.03342491932203772 55.858538665308224
-0.03357987170237168 -0.05896556526014791 -0.9976953302326189 -15.013223164079612 -0.020691987159493122 0.9980850755561439 -0.0582921932576062 -1.3174274445031895 0.999221754624768 0.018686847098588005 -0.034735730858808156 55.82150582897254
-0.034036976509424076 -0.05685147050632846 -0.9978025399783139 -15.697996347561222 -0.023321934208198215 0.9981540942839658 -0.05607597315377769 -1.3661166104886526 0.9991483528574913 0.021362021327886373 -0.03530008009093859 55.779021119705575
-0.03372406865445961 -0.05922068510731808 -0.9976753092135004 -16.387193379093393 -0.026477544429627232 0.9979454537552224 -0.058341737070434045 -1.41706020792376 0.9990802840119395 0.024448464015488 -0.03522284675856236 55.74075315557622
-0.033059136772969316 -0.06730522910183796 -0.9971848124612083 -17.082535706922368 -0.027706585009227232 0.9974081190023368 -0.0664017972390576 -1.4623558358175481 0.99906914274447 0.025433390157870505 -0.034838301227260844 55.703200627363586
-0.030872755159163812 -0.07512683838896338 -0.9966961504261154 -17.78473316952055 -0.02832333017144574 0.9968365152611375 -0.07426013297139858 -1.5024395697630735 0.9991217611874977 0.025937131045005148 -0.03290298453193015 55.672119485866034
-0.02869272811963581 -0.07658896538733825 -0.996650003124777 -18.50469988703614 -0.029704389131884407 0.99668521930879 -0.07573653924613745 -1.5457485152568555 0.9991466325091075 0.027431783056269175 -0.030872699809914365 55.64301686628752
-0.026660674748882347 -0.07158418441750398 -0.997078346627834 -19.241565517034857 -0.028592894269533035 0.9970791362696524 -0.07081973049002117 -1.5939100351754485 0.9992353475151595 0.02662124636317405 -0.02862965470308371 55.615049366030064
-0.02419606069314326 -0.06403568605319075 -0.9976544350561127 -19.978251732858894 -0.02815724332465156 0.9975941160151036 -0.06334894170602075 -1.64772901961082 0.9993104704120693 0.026558396771104224 -0.02594096806289981 55.59028272004353
-0.021549873207259256 -0.06329695133557522 -0.9977622542845889 -20.712818986435202 -0.025855766871941504 0.9976952635886022 -0.06273428776886836 -1.6967236675336992 0.9994331868000527 0.024445986618807265 -0.023136851746676595 55.56903889034986
-0.018131430975859432 -0.06898407366045792 -0.997453231043535 -21.438507929798728 -0.03389744182461599 0.9970858219291273 -0.0683425203153111 -1.7416819444521632 0.9992606259176832 0.03257195392438741 -0.020417034024522395 55.536881096824196
-0.014655892648403567 -0.07434442282612852 -0.997125201095503 -22.16714646596068 -0.03594038327604059 0.9966267663853063 -0.07377903565607967 -1.7879272340306138 0.9992462752474273 0.03475575173640441 -0.017278479884538116 55.51011234121123
-0.0125220762979042 -0.07473466982492191 -0.997125113546363 -22.903329227504972 -0.029175588498807546 0.9968057562792298 -0.07434437144428521 -1.839074748223652 0.999495712478798 0.02816075569873293 -0.014662564089171328 55.505372930854506
-0.009302802201633263 -0.07218481978658578 -0.9973482053198058 -23.632171962854816 -0.025582235922394114 0.9970817453325467 -0.07192695540662135 -1.8957770164352186 0.9996293072785102 0.024845263493538744 -0.011122363938637334 55.50163436614987
-0.004586686716676112 -0.06657874241360902 -0.9977709302532328 -24.373323297884244 -0.02924909729597837 0.9973630533168932 -0.06641711665039965 -1.955801959739964 0.9995614675884753 0.02887925145258955 -0.0065220234461696135 55.48453171888545
-0.0012519313029649287 -0.06911421527683713 -0.9976082407688379 -25.111648539653572 -0.034204570522482346 0.9970278582801301 -0.06903112577568622 -2.0084752629230374 0.9994138740477759 0.03403632561988875 -0.003612296939548918 55.46360875303607
0.001859521625854623 -0.07309751422585739 -0.9973233742114924 -25.83505615030016 -0.033656452447317915 0.996755126521724 -0.07311866176906194 -2.0593921090152265 0.9994315809057978 0.03370231733035071 -0.0006067807048580255 55.46179723244294
0.005331077088475432 -0.07446087345082396 -0.9972100212255517 -26.56806980511969 -0.03017782637014254 0.9967576768647386 -0.07458846555066856 -2.1137017890248075 0.9995302198386887 0.030491254161774034 0.0030666577388549503 55.4726045389379
0.009153477123725927 -0.07318073557064995 -0.9972770182142099 -27.304925228711923 -0.029116868933016415 0.9968760818724971 -0.07341860023248406 -2.1676213080945317 0.9995339939422271 0.029709606702264395 0.006994019897950244 55.48961712864152
0.01307645887235211 -0.07048540954987151 -0.9974273938625784 -28.044136781162223 -0.03351333129049233 0.9969209987498965 -0.07088903231068239 -2.2265591209293554 0.9993525849992395 0.0343540773840806 0.010673925760414902 55.497664301707374
0.017093284778946935 -0.07022574327361596 -0.997384970420848 -28.77765532709798 -0.03809354151874022 0.9967603662205645 -0.07083465849134112 -2.288681572852205 0.9991278191896263 0.039204706002559875 0.014362690427815464 55.51025789296919
0.020717761209972502 -0.07126885340253197 -0.9972422762382935 -29.512328137895572 -0.040905937928804426 0.9965603495382073 -0.07206998478803754 -2.343895219458796 0.9989480243054661 0.042286241279356845 0.0177311077822252 55.52230956419056
0.023460315343191394 -0.07155844196877467 -0.997160791793092 -30.246303646602893 -0.04104871132758883 0.9965248864165142 -0.07247860317903285 -2.3954088136086105 0.998881479971638 0.04263252151952682 0.020441332815845186 55.536189981621284
0.027004574149319588 -0.07039745076829992 -0.9971537741463655 -30.98558688525152 -0.04270773173707967 0.9965252314374838 -0.07150970469767959 -2.445229553793948 0.9987224229003997 0.04451724906790081 0.023904147275891605 55.54857939834307
0.030709151926666494 -0.06867507622711692 -0.9971666780920404 -31.726295594034905 -0.04416625363866907 0.9965692830222341 -0.06999412445914469 -2.4961230834975043 0.9985519473161126 0.04619056024511734 0.02757059690507931 55.56187994505409
0.03356633996808056 -0.06985896472831354 -0.9969923469235403 -32.46494935358655 -0.043089284535983985 0.9965254816362774 -0.07127699684271113 -2.5374498561866297 0.9985070572789746 0.04535217712418538 0.030439459014903393 55.58464855638211
0.03662313182253767 -0.07125302306456842 -0.9967860042599984 -33.20740087435402 -0.040274840275751164 0.9965392741099238 -0.0727151595778166 -2.578233509593767 0.998517037256828 0.042808442156269486 0.03362660283317986 55.613466796939
0.03950205255314483 -0.07135224036775517 -0.9966689250784055 -33.95101166478212 -0.0421302388563885 0.9964413065285517 -0.07300575901819871 -2.620610011718679 0.9983307590749012 0.04487376427569482 0.03635530356685861 55.63973372694137
0.042268319425839994 -0.07092038044812869 -0.996586238665431 -34.69839842987978 -0.039448848649945974 0.996581129795501 -0.07259319225537451 -2.6677230202491873 0.9983269968762996 0.042382559460867476 0.039325997500487125 55.67314191674568
0.044292717425902246 -0.0718149059651099 -0.9964342560786736 -35.44251608539151 -0.038371215920255046 0.9965545428662591 -0.073529255627435 -2.711903193104373 0.9982812413988799 0.04149119025518784 0.04138439931846913 55.709281846860186
0.047412819660542144 -0.07133325868290133 -0.996325204918861 -36.19783242630139 -0.03453945460938714 0.996733095987374 -0.07300614777975127 -2.7613919671626697 0.9982777887647531 0.03787394618172348 0.044794032485469704 55.74853290078324
0.05077079338109629 -0.0734236509771465 -0.9960078149026779 -36.95091215928024 -0.03333446186722104 0.9966134574570735 -0.0751675280958132 -2.812397256560586 0.9981536063516405 0.03701769032549636 0.0481512343772502 55.78701874421135
0.05397596211162678 -0.07769278754065573 -0.99551531588852 -37.70471503700411 -0.03235074220186633 0.9963089989840286 -0.07950878207178841 -2.8675615909569374 0.9980178159537099 0.0364972132285595 0.05126322982349305 55.82657571585575
0.05735010434012848 -0.07908031548701602 -0.9952173564983442 -38.465730812716934 -0.031982034787755555 0.9962006134351398 -0.08100146436731327 -2.922993552762176 0.997841490562111 0.03647450792236326 0.05460297380456206 55.86852241879362
0.06039304011092719 -0.08181749581395958 -0.9948160194464992 -39.23004350855903 -0.0262717931600533 0.9961593596467055 -0.08352291125698019 -2.9734177699640503 0.9978286544455092 0.03117979260988432 0.05801151292795786 55.9210429718414
0.06297855517995728 -0.08056091346234068 -0.9947582823097358 -40.00217534796397 -0.02229848658648832 0.9963742277595102 -0.08210354061660992 -3.0243232737503396 0.9977655508362508 0.027352356200622818 0.06095373338857789 55.976284522546315
0.06664616494683112 -0.08105891175269013 -0.9944788718091312 -40.77827806003351 -0.024457411960385235 0.9962624037617525 -0.08284335536526545 -3.080935786240963 0.9974767244704957 0.029843560001187895 0.06441448260509659 56.024919581840784
0.0706944066891656 -0.08200677263568437 -0.9941214859396984 -41.55546412712554 -0.023875374768720373 0.9961901075333288 -0.08387527997128379 -3.1359247309654474 0.9972120285450812 0.02966452688728735 0.06846703387958049 56.07785001610736
0.07416561113207641 -0.08302024267678901 -0.9937844053472078 -42.339482841312815 -0.019365268110049474 0.996220807839959 -0.08466903158758195 -3.188777190919087 0.9970576719366695 0.02552442344052364 0.07227752513127689 56.14127138867447
0.07831120438723264 -0.08192883354314165 -0.9935569354169352 -43.130282094353205 -0.019009012768410497 0.9963133866256351 -0.08365443658409456 -3.244327721498337 0.9967474960816081 0.02543760766103649 0.07646502321102988 56.203295357468754
0.08332307992321357 -0.08026177839964121 -0.9932853284020476 -43.93792417817404 -0.01886991408936599 0.9964453574599766 -0.08210008367248266 -3.297181372171929 0.9963437651527093 0.025584030402717693 0.08151226446249545 56.26968710062308
0.0881461341377016 -0.08493985311731894 -0.9924796849431133 -44.71369963770181 -0.015446506381326861 0.9961212942049448 -0.08662341587362453 -3.352543653923775 0.9959876079351654 0.022965853563057165 0.08649212041298018 56.343889346299804
0.09421991928094642 -0.09422743893292919 -0.9910823632998124 -45.504385225153456 -0.013860856321532325 0.9952900052278574 -0.09594523962145539 -3.4025838709622573 0.995454734421555 0.022777192564773285 0.09246997421579962 56.42294755986708
0.10170016237258717 -0.09855436396644798 -0.9899215039765149 -46.30754799645598 -0.012040031075212773 0.9948857508748704 -0.10028557252192644 -3.461244864249388 0.9947420248309434 0.022117734758161655 0.09999334956219141 56.50808227856048
0.10888457292831394 -0.10094699204556576 -0.9889156966349996 -47.12221867290146 -0.008008167333487588 0.9947089112354057 -0.10242012480022987 -3.5252783880954524 0.994021974521909 0.019071364759211895 0.10749994786101325 56.6053128562071
0.11580091047632166 -0.09873074258553115 -0.9883535316940967 -47.91409474962745 -0.004086294150485369 0.9949917345069618 -0.09987265832729687 -3.5924686861905055 0.9932638798007808 0.015604040407636638 0.11481739262529979 56.70661393175056
0.12345235750603725 -0.09684414072871543 -0.9876138527986054 -48.72685970018373 -0.0038041561779871245 0.9951730811526236 -0.09806093636412871 -3.6622482446479934 0.9923430438398578 0.0158628837101668 0.12248793865651014 56.81190591238172
0.13065628334753995 -0.09388221202267769 -0.986972912719005 -49.54066287586627 -0.0036806921814515766 0.9954536145300722 -0.0951761863757688 -3.727643302600543 0.9914207660054638 0.016068102393194224 0.12971659708541144 56.92159729699036
0.13811827408558125 -0.08777185319856862 -0.9865190988425235 -50.35679266259666 -0.0014188867439643258 0.9960467879116855 -0.08881822904032897 -3.792893889278162 0.9904146292572055 0.013667171761487905 0.13744760337005943 57.04095196643185
0.1452466053930459 -0.08101535024059292 -0.9860732541642374 -51.16785272867619 0.0007263399842363266 0.9966503410005695 -0.08177739957956387 -3.850125195836224 0.9893951565362643 0.01116165885860641 0.1448187923082613 57.167856226074896
0.15290569962762904 -0.07734377151151314 -0.9852098085542365 -51.98903002189762 0.0012738410851249708 0.9969472296826793 -0.07806755037447934 -3.9125488048640498 0.9882398914676185 0.01068196639448303 0.1525373113309669 57.29724478394685
