1.0 0.0 0.0 0.0 0.0 1.0 0.0 0.0 0.0 0.0 1.0 0.0
0.9999995827674866 0.0009035188122652471 0.00020987787866033614 -0.0012894412502646446 -0.0009037962299771607 0.9999986886978149 0.001325645251199603 -0.01821616105735302 -0.00020867986313533038 -0.00132583430968225 0.9999991059303284 1.3106428384780884
0.9999985413545386 0.0016463474283913246 0.0005536356255782097 -0.0004453179706553109 -0.0016473744457688438 0.9999968912517582 0.0018597215800636327 -0.042033172801256444 -0.000550572193930447 -0.0018606308613985957 0.9999980873679493 2.6252990213145044
0.999993923662498 0.003413454327529511 0.0007309821960338615 -0.0020385177010762926 -0.0034138464878803766 0.9999939978291953 0.000536195275362891 -0.06302799632619507 -0.0007291475569791724 -0.0005386875664607124 0.9999995565062323 3.9417298743322053
0.9999931709361217 0.0036353489503434017 0.000643181548784025 -0.0027790429006570054 -0.003635871781690447 0.9999930311615928 0.0008141223882549855 -0.08483759571692845 -0.0006402174181747089 -0.000816455455260844 0.9999994716636702 5.261015842411322
0.9999921398769587 0.0039252204055259116 0.0005160093076207847 -0.00415934112219395 -0.003926061852286767 0.9999909450591916 0.0016407902891950434 -0.10146778978258687 -0.0005095641170398908 -0.0016428034598042233 0.9999985228211833 6.581636867157792
0.9999847432915184 0.005504052705915286 0.00041687552665148483 -0.007571897084130695 -0.005505155949252416 0.9999812282064615 0.002694455980276942 -0.1165873841317414 -0.0004020372241568534 -0.0026967100423026706 0.9999962490807307 7.908774142825135
0.9999863660479046 0.005184554063000109 0.0005972938563488928 -0.008326273772692364 -0.005186661177622702 0.9999801710871593 0.0035830422009239826 -0.1328034617533915 -0.0005787054525169241 -0.003586091618439271 0.9999933623689647 9.238960541084165
0.9999889632962018 0.004630870637717676 0.000860351915284631 -0.007729592718549789 -0.004632469894249729 0.9999876423226141 0.0018671095637997595 -0.14976488342651953 -0.0008516947730149806 -0.0018710750154712792 0.9999978634188834 10.569626726885025
0.9999978323338434 0.0019008071230521095 0.0009598787822424704 -0.006783605673158475 -0.0019000539822350698 0.9999980376900386 -0.0007842177370159626 -0.163454646600315 -0.0009613673516447866 0.0007823909487759152 0.9999992114392557 11.904256856686136
0.9999987461560217 -0.0015435883151908966 0.0006216626692615315 -0.0034220975676759226 0.0015446594510853907 0.9999974689052776 -0.0017249689142892757 -0.17674796174012636 -0.0006189984150377318 0.0017259254656780904 0.9999982618906265 13.242077014130976
0.999992148145766 -0.0039625544780461895 0.0005303700153543018 0.0018605857922837912 0.003963388521648682 0.9999910045120889 -0.0015791348008527728 -0.19592015315189493 -0.000524107844650654 0.0015812228448245588 0.9999985702034597 14.580474190402624
0.9999865854562688 -0.005189813961857562 0.00038678417859279104 0.005849222952797128 0.005190150814941307 0.9999862449999367 -0.0008728813052432119 -0.21776014725122578 -0.0003822488383703778 0.000874875729446459 0.9999994636034762 15.93065567239308
0.9999955804495182 -0.0029930910671301394 -2.866011707489136e-05 0.004269577686102673 0.002993137763246013 0.9999940580262253 0.001769068524159003 -0.23641388798652194 2.3364815425166363e-05 -0.0017691472488422693 0.9999983541170394 17.28221683618037
0.9999995934446105 0.0008993851330103852 -0.00025246773518820283 -0.0004823617795129565 -0.0008983680073800553 0.9999916922111611 0.0039982197736320455 -0.25374745188212744 0.00025606137965347015 -0.003997991716499415 0.9999919007749005 18.63468209987689
0.9999934504629526 0.0036386407024634193 3.939106318973725e-05 -0.005010101089631596 -0.0036387066834616733 0.9999917507859892 0.0018313976219943991 -0.2699100142617475 -3.2727067201569166e-05 -0.0018315295261759517 0.9999982537566252 19.98669421726509
0.9999869244880998 0.005119261582530181 0.0002318349142706145 -0.004138965313130777 -0.005119132300780134 0.9999867962257107 -0.0005539218627235314 -0.2931091095548229 -0.00023466761901210943 0.0005527268019039844 0.9999997536256792 21.341263104481804
0.999995894685617 0.002848772869662062 -0.0004262223526408726 0.0007663668675531657 -0.0028496478342166466 0.9999938269155284 -0.002066797725161735 -0.3222296332491677 0.0004203317005674926 0.0020680025423312014 0.9999976972658161 22.705742342902667
0.9999992436907996 -0.00014248658671339216 -0.0012453894752325998 0.007370185464947304 0.00014153275015112602 0.999999676725309 -0.0007660680583127835 -0.34681182752907 0.0012454979805081074 0.0007658900826493164 0.9999988443718926 24.072090855782722
0.9999970679592852 -0.0014406351744069765 -0.0019421377987497094 0.00971723547429747 0.0014511572749143925 0.9999842100089642 0.005427248557055449 -0.36874229180325724 0.0019342880884887876 -0.005430051555213902 0.999983290015189 25.448675377538894
0.999996668725497 0.0010508893763755038 -0.0023691781283979346 0.005062792169057441 -0.0010379281576030244 0.9999845220292084 0.00546529464620536 -0.38713979886106725 0.0023748844954177097 -0.005462817622727075 0.9999821945357337 26.8202910021402
0.9999838709573919 0.00533900473368879 -0.0019512434514059299 -0.001960270974526072 -0.0053313883700001315 0.9999781857868929 0.0038879096608332464 -0.4099385279895272 0.001971958135953606 -0.003877443969141368 0.9999904944167254 28.194715157978212
0.999980456457325 0.005933226268710056 -0.0019849219095715706 -0.005282484919939802 -0.005930618471907686 0.999981469597467 0.0013171958289292778 -0.43289763371758044 0.00199270016255017 -0.0013053980538564156 0.9999970856077455 29.57011261025845
0.9999780674191431 0.006177286852514642 -0.0023966925805711456 -0.007938939127319883 -0.006179639322073258 0.999980395636991 -0.0009754567443042563 -0.4591178569606959 0.0023906196394777655 0.000990246190481966 0.9999965463325199 30.94983251576743
0.9999908851435103 0.002864260091175764 -0.0031732773494204075 -0.006827161369678815 -0.0028686690624865367 0.9999948579916199 -0.0013857092904631977 -0.4850132311974952 0.0031692918736656757 0.0013947998515394366 0.9999938676727503 32.33530256472219
0.9999917957671512 0.0019166002301230205 -0.0035698930679739674 -0.008307237037129262 -0.0019290936872879728 0.999991944921989 -0.0034994923984841978 -0.5122365016034063 0.0035631569858728114 0.0035063502750803904 0.9999873553919831 33.71778748765708
0.9999934078585343 0.001021445808848518 -0.003498332138523965 -0.010170087841461818 -0.0010353084755272632 0.9999915696452499 -0.003963087941499941 -0.5431158095053685 0.00349425445992506 0.003966683523592331 0.9999858692798052 35.11081455443605
0.999993787050759 0.0009562930063235829 -0.0034090638844851487 -0.012123130233878959 -0.0009619538751910847 0.999998153584608 -0.0016592380870635657 -0.5746231046743555 0.0034074705667280596 0.0016625075210883451 0.9999926894211745 36.50787162539221
0.9999955487567215 0.00018895313709658385 -0.0029861987926051003 -0.015116853053955583 -0.00018913466506490748 0.9999999405580686 -6.044925490860594e-05 -0.5999003340897273 0.0029861871581948595 6.101451028012727e-05 0.9999953532750152 37.90586595359732
0.9999924320390221 -0.002514539855669648 -0.0029625943170579296 -0.01696549745621919 0.002513427760328177 0.9999967369604156 -0.0003789451030311507 -0.6238523400675166 0.002963537370763234 0.000371496676262226 0.9999953449049243 39.30152916589579
0.9999824213604004 -0.005051554546101457 -0.003101408513099832 -0.019429405608656376 0.005049836894613421 0.9999870741663678 -0.0005612963181236764 -0.6437116229132207 0.003104203760776528 0.0005456255308786751 0.9999948049465316 40.704333758991694
0.999969198530737 -0.0072036552934243514 -0.0031110740010848 -0.0191645850434184 0.007203533058507956 0.9999740412277046 -5.033049231081665e-05 -0.6707243045903317 0.0031113556514109336 2.79189909563124e-05 0.9999949425649173 42.11096351404206
0.9999614183722424 -0.00830831398568129 -0.002843703080669341 -0.021347900740573522 0.00830899671658088 0.9999654355927282 0.00022854442687196403 -0.6941317607348408 0.002841705817291177 -0.00025216310831077974 0.9999957288108987 43.51854946101963
0.9999707018499046 -0.007259717693090422 -0.002412241928209615 -0.026222905975128306 0.007259296604328228 0.9999735976182217 -0.00018304798408868482 -0.7178578065535194 0.002413507043230706 0.00016553223210819505 0.9999968710158078 44.92817843996542
0.9999778223982132 -0.00642624068877779 -0.0017209949211194912 -0.030863245460219572 0.006424857791688093 0.9999790076992464 -0.0008074674935253005 -0.7390248357759651 0.001726147782837891 0.0007963932342965825 0.9999979473376283 46.341226335507955
0.9999828449933477 -0.005800170207916181 -0.0007616139267244334 -0.03408007668359484 0.005800121043037231 0.9999831394447579 -6.597661513457362e-05 -0.7610313272677253 0.0007619839317326456 6.15589023494307e-05 0.9999994819050576 47.756991148756356
0.999981857016217 -0.006010566897071747 0.00024111522504390387 -0.03359615108189967 0.006010373636616454 0.9999815543425842 0.0007926540633303159 -0.7839856043005287 -0.00024587483434768506 -0.0007911895401900873 0.9999994677831682 49.17957868399998
0.9999769906498627 -0.006648912139441765 0.0013036815801642644 -0.031762175978598865 0.006647541227728256 0.9999772789204512 0.0010528014838061125 -0.8056350462069631 -0.0013106515920297379 -0.0010441099884779632 0.9999984689337886 50.60213199482612
0.999974870269801 -0.006638251234424495 0.002479250152373813 -0.028969910605199396 0.006636599271566799 0.9999776342387184 0.0006739983684592386 -0.826540869853543 -0.0024836686924286436 -0.0006575265570393656 0.9999965603082732 52.02825685010362
0.9999697914309483 -0.006882776892176043 0.0035880123664054843 -0.02538518689917077 0.00687579638804737 0.9999743401887985 0.00195412545158712 -0.8453835291123154 -0.0036013697576323645 -0.0019293951359393342 0.9999915180796625 53.457106412818824
0.9999751603345081 -0.005497092915782834 0.004387191922896689 -0.020841081658480594 0.005484306624411734 0.9999805803671818 0.002921097910809047 -0.8668314021614028 -0.004403163842687331 -0.0028969638963309745 0.9999859861227066 54.88459415932144
0.9999792472319371 -0.004003156671711234 0.0050284540495026415 -0.01681554765730104 0.003988945014298171 0.9999879037851873 0.002833042635396035 -0.8868797234441871 -0.00503973424580309 -0.002812924879618935 0.9999831915436276 56.31655432240524
0.9999824347571402 -0.00171944120807383 0.005654326019444277 -0.013235800513984108 0.0017059106471292568 0.9999955613690669 0.0023968540130912042 -0.9072439409641222 -0.005658422049394109 -0.002387165441010322 0.9999809820560368 57.74545024618947
0.9999833651185652 -0.0003749645365994789 0.0057305770395645154 -0.010086676032385302 0.00035872589278655416 0.9999957972088616 0.0028344120302473625 -0.9249466360348892 -0.005731615244004138 -0.0028323085262202956 0.9999794425118587 59.173604307148864
0.999985453073936 0.0008364533906430275 0.005300638777057243 -0.006533307239048332 -0.0008548646822538399 0.9999934135277943 0.0034720486215910253 -0.9446030586890548 -0.005297699456479142 -0.003476528656563054 0.9999798009657968 60.60314090965529
0.9999860352902555 0.0018587921945927965 0.0049177117250115 -0.002777626282928128 -0.0018789728111942544 0.9999896360429106 0.004102193501027301 -0.9647477912712128 -0.004910035460310692 -0.0041113759730633075 0.9999793447980003 62.02792428403439
0.9999825793261174 0.0037925524959765942 0.004488667869298862 0.0013006483487836432 -0.0038090348409663202 0.9999858227775832 0.003669136434236831 -0.9878096266028399 -0.004474688248383767 -0.0036861691583902814 0.9999831120635673 63.45195691681677
0.9999777746745464 0.005296219297063618 0.0040081013442335835 0.0028675385623257014 -0.005307547256232959 0.9999817410850654 0.002820935742862352 -1.0081747149951654 -0.003993087141315084 -0.002842145156889424 0.9999879045736013 64.87186293763759
0.9999805353356039 0.005220475384926688 0.003359504332619642 0.005948105164297949 -0.005228056133804598 0.9999835917161431 0.002251730357036122 -1.0296996089209758 -0.003347693126307823 -0.0022692489827779573 0.9999917523252401 66.28939295112724
0.9999904106326117 0.003482473139617981 0.002553030736507563 0.010013450018766376 -0.003488388055164633 0.9999909888164993 0.0023161109122132955 -1.0502025452640886 -0.0025449406326189835 -0.0023249936184696965 0.9999939590985824 67.70309649689695
0.9999973978418182 0.0006481597796848084 0.0020685798651789195 0.019351305114494143 -0.0006557080930374688 0.9999928869012998 0.0036504345061516208 -1.0760745896970032 -0.0020661976147321247 -0.003651780884198854 0.9999910921800692 69.11592660108388
0.9999943431479597 -0.00301284900242663 0.0012878597510879342 0.027015060591475522 0.003006425870880179 0.9999829235461893 0.004960911045394969 -1.0978302917778202 -0.001302782453097524 -0.004957011286896896 0.999986731221668 70.52999105405154
0.999977414741851 -0.0066599158760793946 0.0005286744533943063 0.03512975658050883 0.006656902513807959 0.9999624725843749 0.005510830264891389 -1.118230275720391 -0.0005653541310381663 -0.005507186994102202 0.999984563583297 71.93977668589358
0.9999375430613643 -0.011151449927559676 -0.0001359395482381172 0.0421424967797705 0.0111520002888187 0.9999245307882398 0.00511282017151795 -1.135986279151388 7.891623104425483e-05 -0.005114017069701427 0.9999868103236711 73.33984549275169
0.9998983159420963 -0.01421688550952472 -0.0008504248344703536 0.04676844903189962 0.014220669541821234 0.9998879775640754 0.0046210563695411305 -1.1533100366956404 0.0007846351741998716 -0.00463268023894201 0.9999888102887503 74.74242144828379
0.9998646079011729 -0.016365958900488024 -0.0015449855941811062 0.05327479014116495 0.016372536144289587 0.9998563168512998 0.004344508372257568 -1.17722513322691 0.0014736642583326714 -0.004369215524406009 0.9999892591454634 76.14446974044631
0.9998595774248416 -0.016637645119338188 -0.0018835674181860273 0.05458942418313819 0.01664593274019715 0.9998512252260667 0.004472354489978243 -1.197941187505871 0.0018088806215426944 -0.004503080045041848 0.9999881209952466 77.54073742294229
0.9998790687402229 -0.015401901211509023 -0.0020405179963784163 0.05287277893549829 0.015411227358782503 0.9998702772733531 0.004635592515414173 -1.2180341846932148 0.0019688593564140514 -0.004666478862991279 0.999987035692105 78.93491059149295
0.9998964751775719 -0.014236287279589607 -0.001959296750677221 0.04954848111402364 0.01424343762807637 0.9998915536264983 0.0036846135248474045 -1.2366542957299618 0.0019066318949926835 -0.003712138869913725 0.9999911925976538 80.32538838720302
0.9999073568718923 -0.013489855391414843 -0.0016773079911225894 0.04882467622306103 0.013495762286434343 0.9999023624240738 0.003560735039027599 -1.2582861481781626 0.0016291132493118543 -0.0035830412679369226 0.9999921419460452 81.7108812796913
0.9999070846170272 -0.01353413966899864 -0.001448436847722351 0.04839039596649853 0.01353960667954082 0.9999007995525092 0.003833202683481549 -1.2786752939071098 0.001396416704128334 -0.003852457686374818 0.9999914960395153 83.09714735415187
0.9999137709474282 -0.013080070500724104 -0.000908459960502468 0.05269716963001145 0.013083018401759322 0.9999087223229017 0.0033178246292503125 -1.3000297458648005 0.0008649821479822904 -0.0033294237396709935 0.9999939557091861 84.48360817986645
0.9999094326489087 -0.013434747242674877 -0.00018703925203390122 0.06072088421693841 0.013435345087900997 0.999902784856994 0.0036812143242893136 -1.3202441364081765 0.00013756720276354248 -0.0036833940021826074 0.9999930477965674 85.86556736336914
0.9999141943602143 -0.013054057962994343 0.0007452511239059747 0.07516331004326252 0.013050658959671434 0.9999049496057194 0.0043972767551733166 -1.3436946104423197 -0.0008025805979220237 -0.0043871737981649 0.9999898709173948 87.25008024887151
0.9999381688158713 -0.010930610405307902 0.001877689379942205 0.08435108617362429 0.010920217545316042 0.9999252606424534 0.00545859756102691 -1.3629813828757962 -0.0019372132069879714 -0.005437756052604597 0.9999831678881403 88.62903619972828
0.9999562037438147 -0.008790704193214092 0.0030863939305256884 0.09810970653408886 0.008771515487573631 0.9999422226294239 0.006176193070952773 -1.382639083486417 -0.0031405074489440628 -0.0061488516970011455 0.9999759678542138 90.00626862307479
0.9999695429988736 -0.006803234802552807 0.0037114461405614186 0.11103028559472523 0.006779604890624342 0.999956635586058 0.006342134965064568 -1.3997798740949812 -0.003754431420991484 -0.0063167813527008065 0.9999727753134461 91.37516331866404
0.9999756135085376 -0.005509728472631291 0.00418850833175943 0.12831015078945854 0.005485964246429947 0.9999686348438626 0.005663666544423247 -1.418058233919415 -0.004219581657134241 -0.005640551880635772 0.9999749500926209 92.74120250579955
0.9999804865682085 -0.004282192842169813 0.00446825815310597 0.14543858041154442 0.004259192356951201 0.99997741318391 0.00514399788484758 -1.4359631088206053 -0.004490184774236744 -0.005124867076044555 0.9999765428140607 94.10331760342763
0.9999768169958366 -0.00494142038408005 0.004604564161782585 0.1696856105869508 0.004919484917781563 0.9999762650463868 0.004762672516678331 -1.456188976455552 -0.00462798939628435 -0.004739910833337129 0.999977776119977 95.46069256581177
0.9999783000610026 -0.00473855467457805 0.0044871970552567714 0.19132055446782215 0.004720296475787069 0.9999802435834313 0.004070445017193677 -1.4762119515508432 -0.004506396534921932 -0.004049176199025205 0.9999813750580634 96.8137516381952
0.9999756583104424 -0.005462006196396225 0.004246185428130045 0.21202440532908087 0.005447604691959618 0.9999790798418905 0.003395405484879366 -1.496476628790012 -0.004264642175579653 -0.0033721912913525797 0.9999849658835998 98.16540039928958
0.9999671219632047 -0.007060820008820687 0.0038767670529743408 0.23438785219825886 0.007047162429559907 0.9999686130854605 0.003524918748104005 -1.5176819181285155 -0.0039015340315443183 -0.00349748285653192 0.9999859755582733 99.51506936190277
0.9999645987110164 -0.007529244317905735 0.003627085152361867 0.24855950533396853 0.007511428300814352 0.9999594821409651 0.004900151102472756 -1.534997664022807 -0.003663832189874918 -0.00487273443360159 0.9999810825889067 100.86022015272505
0.9999544852734393 -0.00883379734125414 0.003458204876992309 0.26939282506205064 0.008811325708076878 0.999939990265498 0.006459631038504922 -1.5560165915363902 -0.0035150599546364316 -0.006428867967935683 0.9999728015929087 102.20531459976677
0.999959156509819 -0.008302239968511285 0.0034131013074544195 0.2867408598894033 0.008284598974313663 0.9999520783849208 0.005149968225950004 -1.5752455705988941 -0.00345569357013102 -0.005121483692702455 0.9999805236482027 103.54579690201705
0.9999604793590344 -0.008173856375137949 0.003338050422399844 0.3053095973954785 0.00816550495465073 0.9999632173075491 0.0025071079707277995 -1.5960444886650487 -0.0033584196633907183 -0.002479752810514706 0.9999909335838572 104.8843997813823
0.9999645527552282 -0.007633260700150671 0.0033872293052822286 0.31538223582366887 0.007628788226302524 0.9999697159881568 0.0013304609073463993 -1.6132973317355155 -0.0033972815358402388 -0.0013045734772569766 0.9999930637714233 106.22070832404125
0.9999789855475026 -0.0055049154601832925 0.003238834523105626 0.33428581289554943 0.005496387628350774 0.999981091374678 0.002634831798968721 -1.6384302941114928 -0.0032532768551720524 -0.002616975627393012 0.9999909369208494 107.56519938963777
0.9999910076914674 -0.0031420979060895545 0.00262567996660251 0.3507912166024868 0.0031296105383319547 0.9999834852886131 0.004744796088542597 -1.6612735398283107 -0.002640544081592728 -0.004736538381558134 0.9999849195832035 108.90632518920026
0.9999967118974059 -0.001561460143192181 0.0017094538880632817 0.3737690526547116 0.001552192306552413 0.999983860461209 0.005406537080989104 -1.6867370102966717 -0.001717866562058611 -0.00540386864246074 0.9999835894066196 110.24451076508952
0.9999986509058999 -0.0006761594949211209 0.000999944459336244 0.39428779216998844 0.0006721888290073849 0.9999916755444735 0.003960484893156024 -1.7101001796218203 -0.0010026117307448794 -0.003959809742841785 0.9999913092381941 111.5764873288867
0.999995948567923 -0.0025811856464747606 0.00033364826497978467 0.41370096436793247 0.0025806584626131683 0.9999951378120441 0.0015568488722477358 -1.7339951444319925 -0.00033766241639424696 -0.0015559825441959364 0.9999983956810826 112.90488843064614
0.9999887767187234 -0.004532628549274235 -0.0007483366395394266 0.42196201929839516 0.004532141545439399 0.9999892294930159 -0.0006455575398241329 -1.753983878571356 0.0007512580534728884 0.0006421591543359737 0.9999992052653992 114.22849793324865
0.9999683492761885 -0.007570133229043632 -0.0021613710990427606 0.4295794175225098 0.007568253343673656 0.9999706133984336 -0.0008754017923113518 -1.7750021452475202 0.002167939045082178 0.0008590167782857592 0.9999969861772594 115.55998881119201
0.9999524039934449 -0.008996639259057268 -0.0035968617287083396 0.43348714815000655 0.00900133513849946 0.999958292352959 0.0012921156995950047 -1.7942281822117945 0.0035850926460187648 -0.0013244318321894454 0.9999924431196737 116.89291517638938
0.999947186951462 -0.009079814758401349 -0.0046672331908372885 0.4334238930059226 0.009097242967034768 0.9999513252907452 0.003727171506014902 -1.8117916942284 0.0046331703334042155 -0.003769436783036821 0.9999818704039999 118.22732386277629
0.9999517917979887 -0.008077793789920105 -0.005449473288006483 0.43062097217145673 0.008101943485760732 0.999957013159873 0.004424727789199284 -1.8258447656042514 0.005413503971877904 -0.004468669541289255 0.9999750830249488 119.56124266938863
0.9999414698743416 -0.008587066862327832 -0.006469039358369757 0.43340164561431505 0.008610920323728942 0.9999558075870549 0.003668992494039593 -1.8463198178820464 0.006437255278722501 -0.00372448505043402 0.9999720959085412 120.90444353863981
0.999915980957504 -0.010350161100207006 -0.007709207471278948 0.4472968698901422 0.010374957147369064 0.9999407154447252 0.0031836936772967296 -1.8809266308803303 0.007675807556965348 -0.003263411394118662 0.9999649594915264 122.26834774426621
0.9998834320373928 -0.012380074598115937 -0.008849795956497765 0.45606345340519283 0.012405264048151425 0.9999187223000526 0.002797312377996529 -1.9100279184086681 0.008814455455764413 -0.0029067725712941072 0.9999566810218101 123.62416325513689
0.9998633186737296 -0.013137066851060806 -0.00996316273258174 0.46224805153561016 0.01315479825400736 0.9999116549242989 0.0017164577294491842 -1.9403226978381518 0.009939742790232227 -0.0018472877211342504 0.9999487185970011 124.98344638613962
0.9998369059388781 -0.014231814666729504 -0.01105089177292038 0.4641377218341603 0.01424526850082315 0.9998975730037902 0.0011398608055889032 -1.9662924958279506 0.011033547146826755 -0.001297098551112272 0.9999381552698253 126.33702712114372
0.9998380349668042 -0.01339456341979868 -0.011957418048585376 0.4708637893963922 0.013405888391810183 0.9999094814442447 0.0008676915205850573 -2.0060230107885517 0.011944722863970527 -0.0010278513067829363 0.9999280297107546 127.69241809645872
0.9998354699918267 -0.01286431407964538 -0.012729892477933899 0.47181487017859286 0.012886336472741481 0.9999153001260493 0.0016496683945639136 -2.0383398426785813 0.0127076029776637 -0.0018134398684831973 0.9999175175828374 129.0495440532172
0.999836415941509 -0.011889251425665933 -0.013577338294656056 0.4742860498463331 0.011933281288050388 0.9999235475718934 0.003166760461151388 -2.073185669655147 0.01353866026518136 -0.003328267295229899 0.9999027356419427 130.4069365044435
0.9998434146454885 -0.01089139678446259 -0.013896151357868891 0.4701338209649636 0.010937349161642443 0.9999346806474112 0.003235397641253456 -2.0994855376778356 0.013860017101622605 -0.0033868806751664988 0.9998981295938274 131.7556423324237
0.9998642346207826 -0.008812189632690934 -0.013872565619070833 0.4656922362069573 0.008863269938387064 0.9999538403364019 0.003625235375620311 -2.1276986220430762 0.013839991616753375 -0.0037477023821154845 0.9998970767483403 133.10962754698755
0.9998820085043736 -0.007142474965458659 -0.013548286356051842 0.46510747001232977 0.0071993488604454765 0.9999651182953725 0.00415407455249517 -2.162928732792492 0.013518155967766017 -0.004251126452625108 0.9998994796055207 134.46134198971924
0.9998988254256909 -0.005636316906752633 -0.013004868824078695 0.46613373539117064 0.005686086448820435 0.9999762570867655 0.0037935666803306217 -2.1983844894790594 0.012983191048095125 -0.0038671325647173143 0.9999081020157046 135.81454966677907
0.9999220228315939 -0.004048314308515926 -0.011749216587734427 0.46451107831050803 0.0040923010244289185 0.9999843299178464 0.003722663411918819 -2.2263057678521174 0.011733973395171165 -0.0037704576174698154 0.9999238675880434 137.160531274282
0.9999383723598936 -0.002791468085201756 -0.010678349051462956 0.4645727762612459 0.0028421694227198507 0.9999844109406454 0.004736398916530721 -2.254851185588741 0.010664970759461214 -0.004766460369808727 0.9999316629754447 138.51236745463018
0.9999519154984634 -0.0012277942821598488 -0.009656642880702572 0.46416964199155264 0.001276622035768593 0.999986043479313 0.005052522622984393 -2.2817459565349827 0.009650313481851653 -0.005064611058071819 0.9999405400000279 139.86257038591816
0.9999642638912122 -0.0004851373972005246 -0.008355160390395343 0.4674434876740561 0.0005266309132004313 0.9999871972439185 0.004965541769538453 -2.3148637066990996 0.008352651947881007 -0.0049697682974402585 0.999952654089958 141.21289296817437
0.9999740839366758 -0.00022898739903880452 -0.007102093397883545 0.470462284308235 0.0002609797584314181 0.9999895034299098 0.004505008521467996 -2.3418832527541125 0.0071009938905810515 -0.004506748702756303 0.9999645169677047 142.56217432764106
0.9999809081351896 0.00014647619520740497 -0.006061206903463299 0.474686164181278 -0.00012220165624490833 0.9999916103313898 0.004006242660300493 -2.367452716981719 0.006061748477037808 -0.004005428408536227 0.999973501062373 143.90987200076083
0.9999848185418663 0.0017745244753046892 -0.005074820086246417 0.47890424987426816 -0.0017632206767423737 0.9999955287973571 0.0022325406017266584 -2.3950213137011964 0.0050787641142694805 -0.002223559822520606 0.9999844997759835 145.2577538208927
0.9999648663767869 0.007298863435433029 -0.0039472831836371396 0.48140826794440233 -0.00729579913248882 0.9999726398947599 0.0007925749020906873 -2.4265905733527386 0.0039529640701448324 -0.0007637480764964968 0.999991767794674 146.60104588226687
0.9998960092016635 0.014095928833072362 -0.002802816671217613 0.48441690778877416 -0.014085791487315886 0.9998938838790451 0.0036082525536167732 -2.462966684827604 0.0028533837866194516 -0.0035683997265217697 0.999989404519327 147.95372322631866
0.9997622679715334 0.021731023261283268 -0.0013201665159165118 0.4832848118132253 -0.021724833745387147 0.9997533065129245 0.004543875120010224 -2.4893636659870415 0.0014185854253037178 -0.004514117924890446 0.9999886344291982 149.30291664659984
0.9996854549349562 0.025049692530891666 -0.0001333030312617709 0.48878818316005673 -0.025049370240294147 0.9996835626096207 0.0021133746842748723 -2.5186139020208507 0.0001862007496791282 -0.0021093720020035427 0.9999975497962457 150.64801374300217
0.9996833212208509 0.025132739543178583 -0.00038079329163827786 0.4979762916263532 -0.025133430398120306 0.9996818790623951 -0.0018846965204979682 -2.5456254057025465 0.000333305246943205 0.001893672634405843 0.9999979196050537 151.99158732108867
0.9997654572008555 0.021587690803175193 -0.001248904001204657 0.5139758314542663 -0.021592130937503982 0.9997597667786666 -0.003645122392837267 -2.581788962404541 0.0011699156260949323 0.00367123795047185 0.9999923638034689 153.3371883565531
0.9997697378914351 0.02133207990022514 -0.002001936978296971 0.5203393641829456 -0.021339262574359547 0.9997652835653272 -0.003630056212749731 -2.6118822683792846 0.001924032578194176 0.0036719443095987086 0.9999911802223189 154.6841947925075
0.9997064155813656 0.024059608651493848 -0.0026093774742797743 0.5188220153045795 -0.02406095500469414 0.9997099363720687 -0.00047951639335619693 -2.641445314942065 0.002597086502276001 0.0005421611429064374 0.9999962152495807 156.03278336945493
0.9995589814767601 0.029512393438502964 -0.0030817820252787955 0.5104888487217202 -0.029503885241841027 0.9995603635767685 0.0027765792078073897 -2.666160191173983 0.003162374110323613 -0.0026844312118693083 0.999991119882182 157.38279794049996
0.9994276880947783 0.03366717579145308 -0.0030708061744563115 0.4995889102704507 -0.03365642362456658 0.9994269148678666 0.003494317498942905 -2.689146556315077 0.00318669367754413 -0.0033889671012969254 0.999988862807287 158.73179694408236
0.9993657908563703 0.035462590007687644 -0.003006727439395919 0.49090015939719017 -0.035450891584507115 0.9993635201035838 0.003864764891068524 -2.711380489298658 0.003141871730182291 -0.003755724716250803 0.9999877055026137 160.07849112298723
0.9994168502652591 0.03391123568566409 -0.003821845398683354 0.48488514610090383 -0.03389496870367177 0.9994159015710216 0.004248699142544576 -2.736776821397659 0.003963696036315737 -0.004116682412530586 0.9999833535611111 161.42887845480138
0.9995371746314224 0.02997721192517347 -0.005043733368112304 0.4836437916378228 -0.029957672505949925 0.9995430568513011 0.003909712542456989 -2.7605998860608643 0.005158636414952012 -0.0037568065675002917 0.9999792894094407 162.77869329601594
0.9996290554298366 0.026543643907879846 -0.0059923192299967095 0.4767798956686322 -0.026535011312306744 0.9996462782939778 0.0015187904248882666 -2.7872500785718457 0.006030520043742496 -0.0013592208073476665 0.9999805745823088 164.12938025316961
0.9996956105935476 0.023703248667395666 -0.006750189823545655 0.4687885791910699 -0.02369922985891363 0.9997184317622905 0.0006776138688714986 -2.810662922657858 0.006764357795787999 -0.0005174326338673623 0.9999766550192238 165.48058435824862
0.9997383585287598 0.021701116700745152 -0.007145331517210197 0.4599396436560386 -0.021687194384060072 0.9997622819987998 0.002022979480915044 -2.8355540201732574 0.00718754114234373 -0.0018674883652151726 0.9999721223188638 166.83890016469047
0.9997741805327517 0.020062011846060088 -0.00691939096994164 0.4494821211207989 -0.020049850502599578 0.9997968282919882 0.001825350317210437 -2.8619822219700795 0.006954613036347368 -0.0016862057261325663 0.9999740173836018 168.19988759184392
0.9998142692035455 0.018133112626664363 -0.006434307093162598 0.44246006483565864 -0.018137327612417743 0.9998348669633236 -0.0005943369610911555 -2.88655644542598 0.006422474613823817 0.0007109287841549897 0.9999787509355457 169.56008520157587
0.9998747050540657 0.014634755665020474 -0.005933079137906585 0.4389717721734533 -0.014655767253754294 0.9998860078367477 -0.0035104415934957113 -2.9142359660748043 0.005881035385641821 0.003596958437086776 0.9999758320396576 170.91970977638525
0.9999355134348771 0.009733390583891971 -0.005740184635610917 0.4111638784054093 -0.009761126432090594 0.9999402676426887 -0.004820696516474107 -2.932726382606682 0.005692927043738866 0.004876420046544557 0.9999714827505849 172.28400070553823
0.9999679045553513 0.005143236519343363 -0.006037052560941856 0.3881023810360079 -0.005167337360783266 0.9999782573806932 -0.003980522779131166 -2.9607664812560066 0.006016455479199158 0.00401159340335366 0.9999734713247114 173.65271209935617
0.9999760879836155 0.001828222411439361 -0.006567335128841216 0.3779103073076183 -0.0018381653535676028 0.9999966691529993 -0.0015057649316753867 -2.986443157223881 0.00656456789059615 0.0015178018588931903 0.999976902252369 175.02901039713578
0.9999757700040334 0.0014776983329814505 -0.006695957724052618 0.35888739303731887 -0.0014745995839253797 0.9999982857527686 0.00047014663468358575 -3.0085340965073946 0.006696648408022918 -0.0004602618806833841 0.9999770658549634 176.40848635159827
0.9999723692921901 0.0043396797633103515 -0.005909449352031374 0.3405361994165186 -0.004329028407539041 0.9999884371368806 0.0018169200694800386 -3.013908190715703 0.005917272798585001 -0.0017912893500869114 0.9999804474864261 177.78507658966885
0.999966556396934 0.006892872453783625 -0.004231936469554427 0.3214090146199115 -0.0068858672135282545 0.9999743448058308 0.0016718938170635156 -3.0229486858790953 0.004243357801828261 -0.0016426988416648322 0.9999891938350886 179.16060421612744
0.9999702719510486 0.007309373490397991 -0.002170081485932817 0.31366484152818114 -0.007314677360660042 0.9999697987682933 -0.0024379420399232585 -3.04111854268179 0.0021522002733428327 0.0024537447250142378 0.9999942407365805 180.5419128441276
0.9999795138755917 0.006249275366677502 -0.0006762063457338687 0.3090101719491803 -0.006253841310875267 0.9999558403072555 -0.0069478761793128575 -3.0620956513917053 0.0006327602060104666 0.0069519684504579845 0.9999751626312364 181.92129830221202
0.9999981513082655 0.0014721256189681356 -7.619287332661973e-05 0.3140658842713551 -0.001472695350756502 0.9999674594809764 -0.007868704185961526 -3.0881536793711986 6.46091217854543e-05 0.00786880821202571 0.9999685743568572 183.30970102870117
0.9999958605704261 -0.0025931068665501524 4.9765327909465133e-05 0.3186378289208544 0.00259336008787389 0.9999751620801259 -0.006476308747737644 -3.114461699695138 -3.296795956636069e-05 0.00647641671445756 0.9999785273377405 184.70380027035577
0.9999900066521502 -0.004303417287093218 -0.000233536548453772 0.314108559281878 0.00430258311897226 0.9999844828005522 -0.0034055749702037105 -3.137550067534871 0.0002481911028780564 0.0034045394692931797 0.9999936604160167 186.0992858171556
0.9999860994896069 -0.005090901295303189 -0.0006512928695731143 0.3087254358319918 0.0050900825377375265 0.9999858213361481 -0.0012314858259322987 -3.164472769210929 0.0006575558460928255 0.0012281555015203032 0.9999985231217478 187.4986638417643
0.9999890770905134 -0.004448581036652755 -0.0007331909016425091 0.3089114348598171 0.004448261727084283 0.9999895549417576 -0.0004171797591248644 -3.193939829492563 0.0007350419458428618 0.000413915107231557 0.9999991745671601 188.90015596788123
0.9999946355792582 -0.002953877594740403 -0.0006755577393395452 0.30701796555569655 0.002954108974381009 0.9999950963645078 0.00036344433335016067 -3.2218527165470765 0.0006744836443451025 -0.00036543734647891693 0.9999992444619196 190.30467508835068
0.999998947811305 -0.00036658331164087513 -0.0006633305929484811 0.3029973459375251 0.00036709900759056995 0.9999991823951309 0.0008004064710644578 -3.2505244313953225 0.00066303936302054 -0.0008006487800668879 0.9999990343063727 191.7126697944782
0.9999960983557674 0.0022969145429700137 -0.0010395485679094664 0.30075061617945 -0.0022960888793781657 0.9999966362755696 0.0008102835263424365 -3.2811571172408334 0.0010414092367824986 -0.0008078930936607483 0.9999987172379315 193.121201166243
0.9999842782420868 0.0052944622504527954 -0.0013696424712867537 0.2979152836321326 -0.005292047887897914 0.9999840302656929 0.0017727501125166952 -3.3141296957114976 0.0013790095351290275 -0.0017654744055109418 0.9999971173796378 194.53959368161995
0.9999537457353593 0.00936873800051817 -0.0017716057198678482 0.2945243404316028 -0.009362368622840716 0.999949330129038 0.00358028897667627 -3.344370691528717 0.0018050624207934939 -0.0035635387388712548 0.9999915743654388 195.95912504913926
0.9999151899976948 0.012805003686977935 -0.00199733379207803 0.2955071237896643 -0.012797740388203064 0.9999111342670782 0.0036173330715290773 -3.3845529565896024 0.002043480121772933 -0.003591466972655109 0.9999909822254095 197.38088420762654
0.999936800048977 0.010943601434812657 -0.0022333262400119477 0.29986756649524343 -0.010944994085436808 0.9999395180899012 -0.0006040192969815298 -3.4193604399991018 0.0022265849680301996 0.0006284256926252557 0.9999968402663841 198.8010572868382
0.9999858560548234 0.004404916828870424 -0.002705863710571332 0.3149840237006565 -0.004421696251736948 0.999970481002312 -0.006220725724239566 -3.4713579097934097 0.0026783863649874748 0.006232607006387306 0.9999765374493366 200.22414666144883
0.9999795655002816 -0.004937491869553553 -0.0038669090277205767 0.332215950686628 0.0049113574689907975 0.9999648668317646 -0.0067357870863646455 -3.5150731845136773 0.0039000362368414704 0.006716662887429376 0.9999693571260454 201.6572226978641
0.9998981967812761 -0.013191162048057418 -0.0053031516666466215 0.3485721544019521 0.013177893394193013 0.9999096281779891 -0.002527283445511752 -3.555570513223577 0.005336016237854897 0.0024571444525860863 0.9999822569155208 203.09471592996894
0.999873255427015 -0.014661371092087204 -0.006089213871049724 0.3518438704365455 0.014660789841499497 0.9998920959257872 -0.00013867764170232366 -3.580322117336715 0.006090597018015097 4.938839515531069e-05 0.9999809659234796 204.53247199570043
0.9999041374115883 -0.012626152901583042 -0.00555644493720556 0.34814585844375406 0.012625365167420194 0.9999198490910508 -0.0001752237318038027 -3.6040772661363314 0.005558218927204791 0.00010505584293624826 0.9999840262469046 205.9703502891722
0.9999441637046405 -0.009535221108474488 -0.004390300877450169 0.3438226548820216 0.009534810256055841 0.9999541136755903 -0.00011222703416102253 -3.628668195944422 0.004391175808081319 7.036113618133777e-05 0.9999898017445207 207.4182481643718
0.9999691021296206 -0.0070566056436307326 -0.003265377377561254 0.3421913601083019 0.007056047411788055 0.999974702882017 -0.00017915340707148366 -3.65087992040961 0.003266564576050939 0.00015610832308728679 0.9999941369904186 208.86787658173657
0.99996798195671 -0.007421084516020483 -0.002746449720052976 0.342944250283718 0.007418200278633081 0.9999715168527803 -0.0010549570077072671 -3.674353655134604 0.002754205685314663 0.0010345511732235773 0.9999951381480559 210.3231358250537
0.9999565398892752 -0.008865873324218088 -0.0026398328637680063 0.3479560439875643 0.008863466925972313 0.9999599261775239 -0.0009180035176271983 -3.708938358126337 0.002647871306640438 0.0008945671744346814 0.9999955158438 211.78483792466668
0.9999449306819247 -0.01011597715737346 -0.002524395466414256 0.3533354412057262 0.010116152437891386 0.9999484682531817 6.080469341796726e-05 -3.7417626092633243 0.002523655388084198 -8.633736266090212e-05 0.9999962422966763 213.24524543379349
0.9999512367723387 -0.009528108949569068 -0.0022877373506369095 0.3575568458563468 0.009527954969661577 0.9999542485015692 -7.337275298311927e-05 -3.7780584758435385 0.002288336735408159 5.157293485409238e-05 0.9999967882723476 214.71417319551105
0.9999559122028895 -0.009109392817400927 -0.0018820848755616263 0.35748405847277853 0.009106615640219256 0.9999570929184332 -0.0014726502612021715 -3.809980745515965 0.0018954237000283363 0.0014554479637725027 0.9999965407467974 216.18638896636475
0.9999628152902258 -0.008359091469497194 -0.001687591918208543 0.3559969020515877 0.008356436125041776 0.9999634877060986 -0.0015673410448837106 -3.837080552848134 0.0017006364568826805 0.001553182650182841 0.9999967077494487 217.66147739647468
0.9999605116323714 -0.008710822664531659 -0.0012406255816434387 0.3605077697280969 0.008709296442170143 0.9999609608494183 -0.0012211282611662498 -3.867612191012125 0.0012512185736957258 0.0012102768937188478 0.9999978854765657 219.14187002220055
0.9999605953856722 -0.008743555196786499 -0.0008939117647972761 0.36690456975646507 0.008741954095712054 0.999959892661835 -0.001766636685963716 -3.899687490364745 0.0009093267402539614 0.001758754676739607 0.9999974706693333 220.61919228540518
0.9999602718497808 -0.008794144470246196 -0.0006937927663332268 0.3711695348304565 0.008792703021536655 0.9999589726110883 -0.0020365371151797994 -3.9331642928719726 0.0007116778878120894 0.0020303583541006376 0.9999971131372799 222.10529000330956
0.9999501955319715 -0.009892640067826182 -0.0003481000655198221 0.37549002628893113 0.009891921502371007 0.9999488321390674 -0.001976612060588431 -3.9616905447506183 0.00036763996502090217 0.001973072663492868 0.9999974154136553 223.5893986298368
