1.0 0.0 0.0 0.0 0.0 1.0 0.0 0.0 0.0 0.0 1.0 0.0
0.9999967813491821 0.0019589881412684917 0.0016298944829031825 -0.0034998555202037096 -0.0019574014004319906 0.999997615814209 -0.0009745057905092835 -0.009789328090846539 -0.0016317996196448803 0.0009713122854009271 0.9999982118606567 0.5653510093688965
0.9999931624129562 0.0024750441321161726 0.0027557059646728097 -0.0011741024800903843 -0.0024686624058067354 0.9999942316820052 -0.002316828195684255 -0.022414741157829446 -0.002761424252493012 0.0023100094916643594 0.9999935786813329 1.1276069958854773
0.9999863380179458 0.0025281641306868843 0.004580731992954648 0.00783142672290614 -0.0025120203291816067 0.9999906012500973 -0.0035266163777854624 -0.041410916554589894 -0.0045896047679366316 0.0035150613949629797 0.9999833623229112 1.6892249599333977
0.9999674494295355 0.004648686747175153 0.006595044797520397 0.015080661178530333 -0.00461281500971366 0.9999745142627917 -0.005443974582546743 -0.05922719841010113 -0.0066201841090526925 0.005413376038637201 0.9999634988748726 2.251296164768517
0.9999413100709884 0.0071345742570884515 0.00815253587640356 0.02040008530497612 -0.007072898887534892 0.9999462377026396 -0.007569122010205799 -0.07423247761197253 -0.008206100849036453 0.0075110157285393974 0.999938199907196 2.816071752066346
0.9999199420453685 0.008311334017575774 0.00953891330939441 0.02969300676708133 -0.00823032232391062 0.999929869057461 -0.008500813378946292 -0.09078263386801999 -0.009608898942668642 0.008421624839610046 0.9999184135931172 3.3902804378513243
0.999904116613935 0.008525344451619189 0.010910627723421181 0.04152703250368168 -0.008441122087005011 0.9999342365201648 -0.007742227773667089 -0.10985438628178124 -0.010975917298637021 0.0076493869926905055 0.9999105847911912 3.9694887396567586
0.9998883557907181 0.008811519537373632 0.012065989536504357 0.05593639422112076 -0.008715862671620991 0.9999301905993535 -0.007957589295497334 -0.13480207434901814 -0.012135268108778359 0.007851535148952619 0.9998955950927766 4.556203339910962
0.9998779360157953 0.008278888518595186 0.013247795287428608 0.07008064471646475 -0.008141368749719918 0.9999126223986898 -0.010401051806714277 -0.15755138605465804 -0.01333274922851049 0.010291927329174182 0.9998581919674022 5.150462458464452
0.9998747243485258 0.006580031223532865 0.01439044992779027 0.08798116402010364 -0.006374270656938036 0.9998773582711776 -0.014297811700025953 -0.18034788239122007 -0.014482767067594516 0.014204294507663997 0.9997942297852711 5.75128471382446
0.9998651396110559 0.005082817311417467 0.015612181964558238 0.10546944153398491 -0.0048008406985064 0.9998255687301976 -0.018045966352508026 -0.19965802875661456 -0.015701184443230473 0.017968584236212125 0.999715293241709 6.363940585673296
0.9998521624589523 0.003623827813401369 0.01680525401762088 0.12385670099569987 -0.0033069506747359172 0.9998168454454425 -0.018845426972039045 -0.21878436120589903 -0.016870471638789297 0.018787070043444223 0.9996811571365671 6.989626006588893
0.99983936449895 0.0011125290547511154 0.017885246837068016 0.1444729404698277 -0.0008907637398109325 0.9999225262079836 -0.01240252747211146 -0.23661642285405549 -0.017897663614992697 0.012384604821294633 0.9997631144669792 7.637600875313915
0.9998257145137821 8.671622646621037e-05 0.01866511647332797 0.16451075943345278 -5.3582499914361477e-05 0.999998273887879 -0.001775661283456793 -0.25426339834298267 -0.018665242803775982 0.0017743512246942103 0.9998241775680382 8.302109647655675
0.9998118601299454 -0.0010046078597088434 0.019366588499017286 0.18447406535511895 0.0008989202483119261 0.9999845379249734 0.005465140467628838 -0.2738042916496888 -0.019371783456175032 -0.005446705451580768 0.9997974725620512 8.978383137554575
0.9997815989930626 -0.003389973403633742 0.020617184336403045 0.20771647904750795 0.0032758473428849675 0.9999790012151479 0.0055667265425114396 -0.2924367769531628 -0.02063562660900268 -0.0054979741445096 0.9997719175656132 9.661919378765228
0.9997541722408132 -0.0055557674602546145 0.021459180531304786 0.23299846763105633 0.005595213790698141 0.9999826404862439 -0.001778628299316421 -0.303571523452956 -0.021448930572397364 0.0018982591222841754 0.9997680881668097 10.35368083321762
0.9997367808907138 -0.0048129351538414395 0.022427498811280276 0.25379243938824964 0.005013396464312942 0.9999477738774413 -0.008890574003491466 -0.3091779480448624 -0.022383542385419175 0.009000671859300199 0.9997088964138213 11.064231658245673
0.9997144116655335 -0.002620747185223093 0.023750366426405944 0.2701266565963785 0.002819211453464038 0.9999612479089309 -0.008326641729714826 -0.31522353400222636 -0.023727628431953314 0.00839122073995364 0.9996832207264549 11.798392358679438
0.9997062385237353 -0.0018937510792200948 0.02416080174185434 0.2821145410193882 0.0018581344111906072 0.9999970473017883 0.0014965070645685463 -0.3207012264380193 -0.02416356946640282 -0.0014511749683052938 0.9997069347222408 12.558700161577118
0.9996965483146916 -0.0016251472146111212 0.024578590159370743 0.296209214158084 0.0013931697192037845 0.9999542889172002 0.009452363889704721 -0.32522134011705406 -0.024592832074113835 -0.009415256220299251 0.9996532091951292 13.335199988219552
0.999686258991363 -0.0007583657668617323 0.025035184423407804 0.31282783156371424 0.0004521047647686502 0.9999249240060407 0.012236610450668189 -0.3292072423656421 -0.025042590117077903 -0.0122214556127298 0.9996116611104738 14.123990779297568
0.9996791961545972 0.0013826976705172498 0.0252919143095378 0.32708384957010606 -0.0016675449371322346 0.9999352719141017 0.011244761901688844 -0.3300202573001876 -0.02527473678513423 -0.011283331773666621 0.9996168362654726 14.927628614988995
0.9996851614554759 0.002198697387788555 0.024997619617447994 0.3451177239532513 -0.002413895797088565 0.9999602214706618 0.008581850598571505 -0.32985976366647546 -0.02497776098603155 -0.008639491868050615 0.9996507196638507 15.748819129902982
0.999704123685311 -5.7477970668515406e-05 0.02432638750536273 0.35855448738312584 -6.660155619486775e-05 0.9999869421328129 0.005099767440105396 -0.33107815253138223 -0.02432636675084386 -0.005099879735026256 0.9996911372269924 16.581751267140998
0.9997239861812892 0.002636620246786527 0.023345809693574374 0.36610445827461 -0.0026325605563343258 0.9999964310971041 -0.0002046134614041868 -0.33742066645636515 -0.023346269042309364 0.00014309766814921316 0.999727509963807 17.428096935230894
0.9997263419328615 0.00554411343203916 0.022727574380401443 0.36863887726587635 -0.00539976999320486 0.9999648194328554 -0.006407462508050353 -0.35065293588432306 -0.022762301547751638 0.006282985957053909 0.9997212411576464 18.288055802026527
0.9997552401500337 0.005085925674382985 0.02153025895601753 0.3812853400046068 -0.004819446395418301 0.9999112889486407 -0.012410782380223126 -0.3643229686165461 -0.021591472347936222 0.012303982505657432 0.9996912033397118 19.169668745498612
0.999766203394314 0.003838827794799367 0.021278155114652874 0.39313804587759604 -0.003555286714901055 0.9999044520193225 -0.013347290691765995 -0.3836277477302119 -0.02132736457712769 0.013268521394184222 0.9996845294996672 20.07059865583622
0.9997621930095425 0.0034226685108291344 0.021535801542196108 0.4065557803411089 -0.003148123279301331 0.9999133755472085 -0.012769318615211677 -0.4078806074013127 -0.02157764498814506 0.012698485597734468 0.9996865834556229 20.99061914918286
0.999766740963264 0.0022044293903042424 0.02148346155822512 0.4196520066273543 -0.0019102399046182054 0.9999041370099664 -0.013704666388782696 -0.4350655238055466 -0.021511617279157562 0.01366043300143918 0.9996752865047487 21.924892372104463
0.9997725680371684 -0.00046876098947132544 0.021317721726970162 0.4375554797025785 0.0008075353221606705 0.9998733613051932 -0.01588584578114067 -0.4631427085119845 -0.021307578518473355 0.015899450469689474 0.9996465613137411 22.87774586310349
0.999764274043008 -0.0040137042738022065 0.021335579340587725 0.450724382675577 0.004371523040133909 0.99985000372374 -0.0167508874979631 -0.49137935603638555 -0.021265150895761396 0.016840210850464842 0.9996320163339489 23.849210726542783
0.99975756590355 -0.005791209946864419 0.021239826235219878 0.4686367207059502 0.006143968614678075 0.9998434961353584 -0.01658088751528978 -0.5208187984395659 -0.021140484261472005 0.01670736840533107 0.999636849107225 24.8249690006998
0.999747383716836 -0.006655416857466882 0.021463739422578648 0.4870697523871856 0.007009525454159416 0.999839675628994 -0.016465179711611756 -0.5504862776053564 -0.02135072218971507 0.01661147494110416 0.9996339511109789 25.807514733251693
0.9997430876748366 -0.006684044744585029 0.02165218538598473 0.5055715859852856 0.007043806408247259 0.9998375103003392 -0.0165820765826811 -0.5806975065719536 -0.021537838077816288 0.016730335639267218 0.9996279198145704 26.794885809784123
0.9997298209899442 -0.007470027054641053 0.022004833719695985 0.525867372579021 0.007810436437767706 0.9998503436586741 -0.01542466739538439 -0.6123108115298129 -0.021886325024965736 0.01559237328322831 0.9996387056122569 27.795896059524814
0.9997178703626444 -0.008169168026921553 0.022298512379213667 0.5464784300245891 0.008471999314488853 0.9998725204440773 -0.013520280913442555 -0.643097276734455 -0.022185227892101183 0.01370538453834845 0.9996597776672014 28.803098772677036
0.9997046706849599 -0.008828662211565426 0.02263466712917398 0.5679114985367331 0.00910745540909597 0.9998833773329965 -0.01224376186500058 -0.6738446839674805 -0.022523937377336004 0.01244629496741585 0.9996687093907246 29.817297613623655
0.999704750194458 -0.00868945227986268 0.02268534484349235 0.5884723964384847 0.00898554236197306 0.9998751983184965 -0.012982942724360761 -0.7048061390634773 -0.022569703437514764 0.013182954538280263 0.9996582700832016 30.838195500641817
0.9996907466347928 -0.009758374730026364 0.02286532493473113 0.6113823875546601 0.010083819360571754 0.9998487152626488 -0.014161352359525243 -0.7344813366751871 -0.022723677940788462 0.014387548248622135 0.9996381658171226 31.866624664825174
0.9996848800032753 -0.009563059065051187 0.023200227425259737 0.6341810366796776 0.009875837773288336 0.9998612275737974 -0.013404873441178598 -0.7658536806415496 -0.02306881827688896 0.013629776254282685 0.9996409239043014 32.90249460437025
0.9996754078549793 -0.008859613034077425 0.023877999138540145 0.6562533798729672 0.009116720608815722 0.9999012468124753 -0.010680353756937927 -0.796094984725826 -0.023781019583047604 0.010894580198661135 0.9996577934475925 33.94945002484795
0.9996653164966627 -0.009103421456231687 0.02420477190133056 0.679962577009534 0.009280079532130201 0.9999308805010799 -0.0071962782457282585 -0.8250691578825579 -0.02413758867949779 0.007418494627043455 0.999681130249354 35.004382000653344
0.9996513370655175 -0.009284326137878331 0.024706815778776505 0.7046226930017144 0.009400960460741972 0.9999450287822906 -0.004608869306612581 -0.8521276010105326 -0.024662668280370854 0.004839532198728654 0.9996840823773256 36.06725437421143
0.9996386826181983 -0.009218535753666296 0.02523647829549494 0.7318047581731972 0.009321931067514022 0.9999484171098275 -0.003982569361443478 -0.8792442817917001 -0.025198464944837348 0.004216384935554185 0.9996735216725373 37.129906070355226
0.9996339063745615 -0.008640363742604183 0.025626327472545552 0.7509344867373006 0.00878544031961774 0.9999457946898761 -0.005554158667062012 -0.8999450161014133 -0.02557694955500049 0.005777266811147466 0.9996561072983621 38.20155116477747
0.999623068181877 -0.008853188714364382 0.025972728646554887 0.7637360878871875 0.009008676095266743 0.9999419283160225 -0.005875770804833935 -0.9173894058742612 -0.025919202725862997 0.00610753902363644 0.99964532110321 39.27698032705801
0.9996108635817306 -0.008636786665770398 0.026507396324507108 0.7861022525817458 0.008772320113433266 0.9999487169122759 -0.005001116494918307 -0.9426005687629465 -0.026462847471538306 0.005231704649477043 0.999635974230822 40.35357639085876
0.9995906582220724 -0.00860104184598083 0.027270420003032966 0.8119721949710067 0.00868328538422043 0.9999577923394258 -0.0028989532545354714 -0.9707245357702037 -0.027244340044051976 0.0031345650496223732 0.9996237537796177 41.43100668680736
0.9995739505639242 -0.0087279694491524 0.02783644823183665 0.84054965271956 0.008747252959251378 0.999961231759595 -0.0005711222130530111 -0.9983502650221234 -0.02783039054973538 0.0008143712812993356 0.999612200855482 42.506459809319956
0.9995467759432821 -0.01022000170110317 0.028300877972736945 0.8709080489898386 0.010224043556554496 0.9999473861645414 1.8244428250514925e-06 -1.0269786476033103 -0.028299413453930573 0.0002875253693899251 0.9995993566015121 43.580486096488144
0.9995274340514495 -0.010943949420699735 0.028710450271846294 0.9059929992222288 0.011064905440854676 0.9999302286860855 -0.004057539332939905 -1.0479698747150539 -0.028664045964213174 0.00437330277124433 0.9995794797443289 44.64538927011327
0.9995081050432518 -0.012351708448838448 0.02881178008271143 0.9448004061253125 0.012603212105115908 0.9998835375610949 -0.008564028436884278 -1.0652317532120725 -0.02870265053962829 0.008922942725390844 0.9995480796572986 45.70728237353655
0.9994934808349559 -0.013120386368201191 0.02897755825669627 0.9815043545226647 0.013389430325615423 0.9998685323616568 -0.009110191822579492 -1.0881660967761002 -0.028854222349371326 0.009493577006420282 0.99953850239342 46.779812852078656
0.999498396910611 -0.013242638298522713 0.028750093980404515 1.0155964105553694 0.013430412195961305 0.9998893428100307 -0.006348087289805885 -1.1108508896856664 -0.028662849484338854 0.006731034159845941 0.9995663956405169 47.85820049804853
0.9994913136788808 -0.014177197333260479 0.028549112380193472 1.0501089975728493 0.014298788366793888 0.9998891755581033 -0.004059455048047329 -1.131381045023493 -0.02848840051639885 0.004465611569990671 0.9995840277637169 48.934632508136254
0.9995215243867887 -0.012041718618970729 0.028473306216634034 1.0794836527981124 0.012125138389034885 0.9999223209457229 -0.002758992203264004 -1.149441183061474 -0.02843787615999978 0.0031029173864692565 0.9995906394217933 50.0106559285263
0.9995190312803229 -0.013006800185953524 0.028135590552787134 1.1124904766079762 0.013080564808634973 0.9999111426188703 -0.002439364357214024 -1.1688370486652762 -0.028101367088780905 0.0028062228138962067 0.9996010221974904 51.08922381676887
0.9995566582174119 -0.010820917688022012 0.02772124136914315 1.142893037042468 0.010972322603274907 0.9999253090118478 -0.005315487449743741 -1.184928930881194 -0.027661658188981236 0.005617301574888844 0.9996014324770601 52.15953861100972
0.9995460254773458 -0.011942457932736286 0.027644047398010754 1.1774971524455686 0.012162944634459874 0.9998951047306777 -0.007821640421454298 -1.2002748977186648 -0.02754774166844959 0.008154328419369557 0.9995871458231711 53.232635282747594
0.999559301711642 -0.010978099856269293 0.02756374540792644 1.2104797933661 0.011252438480739995 0.999888119882225 -0.009817643795183318 -1.2212300349443443 -0.027452888045368485 0.010123483832504712 0.9995717207411037 54.30646589105253
0.9995741751658127 -0.009582339972349835 0.02754384849050846 1.2487777541439309 0.009938414476590171 0.9998680624194268 -0.012819942204760251 -1.2443100572485961 -0.027417372919154866 0.013088234974414343 0.999538309006049 55.372451998229465
0.9995925208954687 -0.007889485478945711 0.027413136575776965 1.2822147116292384 0.008313654329183835 0.9998466128956796 -0.015393950472799834 -1.2721918332509548 -0.027287481487851702 0.015615593515192313 0.999505617312416 56.443771645624366
0.999607113334219 -0.006482960981755224 0.027249571306349557 1.319395029909157 0.006848580880418248 0.9998871694082465 -0.013345741045080298 -1.3000788326494495 -0.02715997763634469 0.013527129729590404 0.9995395021874351 57.51444709177782
0.9996153232848326 -0.005272778915219069 0.02720917461230476 1.3521678482969477 0.0054722793521701195 0.9999582916218143 -0.007262991765846081 -1.3226878180460862 -0.027169746315737982 0.007409100126178687 0.9996032741464318 58.60061765044688
0.999628330741041 -0.004177705127050053 0.026919697214517042 1.3871673759459684 0.004211079243055468 0.9999900457206768 -0.0011833425891251696 -1.3390239243659856 -0.026914489056165933 0.0012962645149840945 0.999636783307785 59.685800885317306
0.9996376986176216 -0.0025090025185675875 0.026777679139422774 1.4179922942636052 0.002506337633636534 0.9999964580910005 0.00013292210831426557 -1.3543270971265624 -0.026777919411828787 -6.576040603310271e-05 0.9996413311714961 60.76851461419541
0.9996467103570216 0.0006622184829865245 0.02654815536778677 1.4445490166338713 -0.0005798982266608976 0.9999946087598762 -0.0031085524913337915 -1.3648590214777432 -0.026550071788352385 0.0030920614766681937 0.9996426037953641 61.84743929836344
0.9996446958818659 0.002548565074312931 0.026510295781835145 1.4694853150860299 -0.0023794794677499025 0.9999762158203203 -0.006407903776404451 -1.37747095607189 -0.026525999347150817 0.006342551504384691 0.9996278637923655 62.92513549934678
0.9996466354325145 0.0005709461081694473 0.026551836644754745 1.4999074622808146 -0.00030041332164531696 0.9999475559766242 -0.010191906704517324 -1.395799433592081 -0.02655626597347309 0.010180337451567913 0.9995953503385545 64.0039877617666
0.9996475782939402 0.001301669539475783 0.026490759848604804 1.5280751415048075 -0.0009078565262680615 0.9998885164964588 -0.014872834657087127 -1.4152065372645795 -0.026507169342081735 0.014843556584263383 0.9995382740857431 65.08526952992986
0.9996607899521737 -0.0019954291477611327 0.02594329909804297 1.5587587470932958 0.002403099217334269 0.9998735191201059 -0.01569238395605889 -1.4362372254187783 -0.025908705483541346 0.01574941844366932 0.9995401713545604 66.16971338742322
0.9996651617934911 -0.006847997008281601 0.024926449125639485 1.5933083754397057 0.0071477964266744975 0.9999024459582788 -0.01195832537234714 -1.4606355207946322 -0.02484212697651341 0.012132499889795978 0.9996176735700014 67.26138484786331
0.9996576014025284 -0.008312899194974976 0.024785301321426475 1.623503597003609 0.008549702754482517 0.9999181508610314 -0.009463678622451918 -1.4837482314182848 -0.024704604223599328 0.009672351862971365 0.9996478761986546 68.34968310512306
0.9996593783826551 -0.007575621473539065 0.024949109833393265 1.6492198869757413 0.007807064336133208 0.9999267709273991 -0.00919240409194852 -1.5019264672899422 -0.02487764664951881 0.00938405893416681 0.9996463232596761 69.4349166035581
0.9996736286916377 -0.0060960988999163275 0.024783333902837323 1.673146598686807 0.00630288987707476 0.9999454021698996 -0.008274531816335438 -1.5228500068579118 -0.024731541479730747 0.008428043976729457 0.9996584241212596 70.52232057813228
0.9996727022132281 -0.004970317581586378 0.025070443051717326 1.6975489281319487 0.005144862874334734 0.9999624448265015 -0.006902629237461155 -1.5422859291516406 -0.02503519585752451 0.007029358488391423 0.9996617079027523 71.60594821729971
0.9996717675541757 -0.0033947882813235484 0.025368460887351233 1.7240205409919531 0.0035244499079825626 0.999980404677185 -0.0050683040016912765 -1.566428418159251 -0.02535076180464041 0.005156052743947426 0.9996651707716568 72.6895469818992
0.9996568761021067 -0.002220622332724407 0.026075020535132276 1.7545833996211613 0.0023023230995534777 0.999991986062526 -0.003103829538616067 -1.593456665775122 -0.026067924344516415 0.0031627981953875413 0.9996549942164499 73.7688721505214
0.9996426658021693 -0.0014792063389701818 0.02666613818635261 1.784419621817042 0.0015906232169464376 0.9999895220928242 -0.004157622760426384 -1.6189515814642421 -0.026659715206146167 0.004198554425354407 0.9996355880648674 74.84289315542364
0.9996284397441554 -0.0016073323285069703 0.027186212633173706 1.8180020283645597 0.0018263967199406434 0.9999654584644717 -0.00803513999632184 -1.6440714159831746 -0.027172366413911325 0.008081813112016353 0.9995978956977116 75.91168861161327
0.9996095167231416 -0.0021338752771674495 0.02783896884148327 1.852259935664769 0.002424715511611686 0.9999422394729687 -0.010417789008758468 -1.6706963233663905 -0.0278151369247596 0.010481230390142692 0.9995580085288762 76.98003187083908
0.9995884754131359 -0.004233160941040258 0.028348960764168665 1.8927421324230003 0.004483871429883537 0.999950775618839 -0.008786123492925454 -1.702095231046165 -0.02831037979418571 0.008909627282075986 0.999559319697148 78.0445907393133
0.9995671207086168 -0.005278705772822173 0.028921091974903435 1.9316777483510188 0.0054159411825326536 0.9999738744924921 -0.004669005014003157 -1.7316531539852333 -0.028895698335902106 0.004823621033481961 0.9995706362138344 79.11490707100234
0.9995404547561418 -0.006853327678604708 0.029506123885747207 1.9715802299219696 0.006869081078305656 0.9999757525347842 -0.00043268550280645157 -1.7593511953046197 -0.02950245275315329 0.0006351643087168831 0.9995643140227282 80.18030540895194
0.9995202094283324 -0.007994941100777534 0.029901411199203837 2.0092264076208215 0.007978047004381142 0.9999673630446967 0.0006841515857648475 -1.7800312573259665 -0.029905917249318646 -0.0004452719272037758 0.9995523537889835 81.24095503998949
0.9995052529023091 -0.0077958600557671036 0.03044790439164213 2.0460752642253146 0.007848982987895093 0.999967300667864 -0.001625694763464359 -1.7984479647039981 -0.030434248113916533 0.0018638742798221704 0.999534724247223 82.29557094076114
0.9994875045026725 -0.0075550811780972895 0.031083937401647464 2.0821811028522683 0.0076420948345223335 0.9999665578139898 -0.0026815583884181975 -1.8191518825705566 -0.031062654215116905 0.002917730184291367 0.9995128568262756 83.34255568908853
0.9994745234831012 -0.007225602951752165 0.03157576940353173 2.1181251747770053 0.007306557389822068 0.9999696253921876 -0.002449268913558313 -1.836347584143545 -0.03155713117727454 0.002678691474825385 0.9994980055961302 84.3814043636919
0.9994600244892937 -0.005956058614404454 0.03229156226027535 2.1522330048034752 0.006031729661464272 0.9999786035101634 -0.0022465489171974396 -1.8547323531384374 -0.03227751047174421 0.0024401090865244224 0.9994755911204695 85.40629581801238
0.9994464846384123 -0.004547135303284587 0.032934188636584434 2.1872048517202343 0.0045725286398900535 0.9999886200716386 -0.0006958394489211767 -1.8712355944214754 -0.03293066987488834 0.0008460444391120225 0.9994569427617757 86.41708162534847
0.9994306646737716 -0.004756785545374011 0.033381439883444004 2.224899721915541 0.004695690531539408 0.9999864660391274 0.001908283582078573 -1.8891263822712927 -0.0333900848115318 -0.0017504534942334355 0.9994405589805333 87.41061433523384
0.9994012537736044 -0.004012813216675238 0.03434603455608244 2.262401835136922 0.003902886665350182 0.9999863368015558 0.0032669287066724884 -1.9077676380167308 -0.034358697781849176 -0.003130930797371607 0.9994043159389079 88.38256072339614
0.9993331695136413 -0.0029992693105481932 0.036372750704439315 2.3036672352612846 0.0028807950914339466 0.9999897042153705 0.003309123856947444 -1.9294836288987398 -0.03638232611654517 -0.0032021414919618505 0.999332499069504 89.33524291118239
0.9992107074698203 -0.002138327651560243 0.03965042448433399 2.344743238137606 0.002031093870990255 0.9999935398432314 0.0027444984840597894 -1.9509638450152966 -0.0396560639996432 -0.0026618048103378574 0.9992095241241109 90.2654763458691
0.9990677855851481 -0.002186779288548948 0.0430990845234401 2.3901090626006845 0.0021079024927280893 0.9999953586566941 0.0018754273311014733 -1.9727335190386137 -0.04310301885267768 -0.001782835834883721 0.9990686793840874 91.1706390683178
0.9989301108107266 -0.0018329067177956552 0.046196341702237645 2.4347208421556035 0.0017552430048373507 0.9999963298728697 0.0017216189980532905 -1.9936343199600823 -0.04619936540832833 -0.001638696560060852 0.9989305222014406 92.05508033767062
0.9987765011809678 -0.002904897137900628 0.04935400073146958 2.4867072337784353 0.0027453883315138243 0.9999901437883282 0.003299359059393286 -2.0219547472190156 -0.04936313541755663 -0.0031598330036626938 0.9987755689777438 92.91566278973329
0.9986187381950651 -0.003941719394518372 0.05238099979349393 2.5382539607324293 0.003724611616337176 0.9999833946460059 0.004241699538283862 -2.044391921584734 -0.05239689081434789 -0.004040749340980682 0.9986178057180818 93.75386124663007
0.9984567777665818 -0.004911147328016701 0.055304756527882935 2.5943549333427027 0.004595940914658033 0.999971817021444 0.005825136877171802 -2.0661129641820994 -0.05533184847002745 -0.005561979124907742 0.9984521677067082 94.56694715766848
0.9982940202294466 -0.006427748745106856 0.058020108913749695 2.64956955207011 0.006048109860658071 0.9999584727886922 0.006716413073811797 -2.083331015931154 -0.05806091639670056 -0.006354053167881632 0.998292443986049 95.35193458202771
0.9981352423592424 -0.008546542072699623 0.06042794133149021 2.709792847345676 0.008117391326088354 0.9999393839904102 0.007343733276187148 -2.1048330505424104 -0.060487089255232815 -0.006839532484284089 0.9981451769748965 96.11047985045631
0.9979498077231035 -0.010453518739538138 0.06313101089616752 2.7692807602292007 0.010067845273430727 0.9999280393052361 0.006424085285761748 -2.1272451274248945 -0.0631936683479133 -0.005775331061330092 0.997984238005129 96.83635833644382
0.9977675428507722 -0.011842231933278158 0.06571325722680942 2.827563088070669 0.01166793885014413 0.9999267203713704 0.0030354356223487814 -2.1499029725638046 -0.06574443365564567 -0.0022619278130334166 0.9978335638848032 97.5329889334298
0.9975710338420499 -0.01414390126776865 0.06819574938993855 2.8852732835873085 0.014232768500094334 0.9998978291790435 -0.0008174423002453601 -2.1696116591468124 -0.06817726669129955 0.0017860676304406577 0.9976712843732332 98.19675069428317
0.9973866789961241 -0.016162760132259858 0.07040759746983705 2.940566630017944 0.016449383036450847 0.9998580899185812 -0.0034930207801402557 -2.192786229524189 -0.07034119311392753 0.004642053171096051 0.9975118672458457 98.83264121906495
0.9972879079794359 -0.017773639694664833 0.07141087201102093 2.992541766437283 0.01815516438531206 0.9998236284340049 -0.004697154744887618 -2.217647153531958 -0.07131483208123111 0.005980892138286168 0.9974356412494045 99.4372737138507
0.9972975830167289 -0.020312067251249417 0.0705942735051903 3.043637201033984 0.020656190099394258 0.9997775327347317 -0.004148034579812518 -2.242125074254805 -0.07049435167699263 0.005595033595622841 0.997496213080104 100.01990056339298
0.9974075828086522 -0.02401093096749318 0.06782528654519221 3.092248189029624 0.02423169592811507 0.9997029234766907 -0.0024339860194381776 -2.268330904422514 -0.06774673129804244 0.004071196136770721 0.9976939880977018 100.58173120401973
0.9976853573753686 -0.026857577471547198 0.06245969802068466 3.132389655534521 0.026959405913087195 0.9996357665891697 -0.0007880187265079899 -2.291452978670189 -0.06241581379159379 0.0024700684497315785 0.9980468760343484 101.11952435121897
0.9980857771717903 -0.027694952838324058 0.05528423734365084 3.1623866858461187 0.027683076309838045 0.9996157432602231 0.0009807347215373531 -2.311032953811322 -0.055290182943397784 0.0005515761204242008 0.9984698551433002 101.63622308334872
0.9985716442521214 -0.027543555015778414 0.045766878722342794 3.182484255975909 0.02741457156002527 0.9996176907906907 0.00344363474798758 -2.327165961795916 -0.0458442528745936 -0.002184043203191483 0.9989458696097505 102.13054662905544
0.9990492006996216 -0.02711639499900914 0.03411592070398166 3.1966907577256847 0.026966772653725792 0.9996240718971232 0.0048382334039759915 -2.3490614441794846 -0.034234303575551295 -0.003913645257218479 0.9994057579077426 102.60421912722718
0.999435684873712 -0.026350205651937044 0.02079571766815712 3.2019410168341347 0.026252597058933007 0.9996425188057159 0.004952732405351843 -2.3690294942107912 -0.020918789005921923 -0.004404004541420524 0.9997711008521207 103.05482737805383
0.9996423865865264 -0.026064345570090318 0.00585657931908229 3.19815932319174 0.026039739693605304 0.9996514012558404 0.004238668095559497 -2.3918455492586244 -0.005965002793459089 -0.004084656867467682 0.9999734759610558 103.48642251039973
0.9996246597897323 -0.02465684046449176 -0.011876189889625634 3.1826660828574744 0.02467535068489951 0.9996939972038672 0.001414918553247087 -2.410042901240154 0.011837696882516645 -0.0017074428857509994 0.9999281259930782 103.90732995860307
0.9991749163357896 -0.023972351068379628 -0.032762083751598836 3.1568677742290143 0.02388312951327226 0.9997094229278087 -0.003111877824201099 -2.4325882791786535 0.0328272104772723 0.0023268467374168863 0.999457987410769 104.3188077478855
0.9981457848031134 -0.021875600137016945 -0.056788510011195774 3.1161458376651074 0.021453632061975907 0.9997370762017384 -0.008029560422728253 -2.449484185526001 0.056949301493987775 0.006796353595657817 0.9983535678623139 104.7189039485657
0.9962902487356945 -0.01953519387985336 -0.08380147556504508 3.0618237343326875 0.018695589671731464 0.9997664426840733 -0.010792061081856553 -2.472037397672986 0.08399282337295626 0.009185310488961302 0.9964236787951255 105.11611754131326
0.9934046909517112 -0.01685340570800467 -0.11340960792447809 2.993896960234435 0.015585973517139052 0.9998053526222838 -0.012053125844826812 -2.487671103197851 0.11359079269977614 0.01020603640838597 0.9934748575309461 105.49829995954437
0.9892468701384735 -0.014378639653129431 -0.1455422082892193 2.9114136537742987 0.012521011239613553 0.9998276231623952 -0.01367152289767299 -2.5074856027561725 0.1457138525780492 0.01170218109416529 0.9892571936030761 105.87771900297908
0.9834408746481667 -0.01169342269717666 -0.18084785703319503 2.8138724379759186 0.009043185779961776 0.9998388906232724 -0.0154720863311574 -2.526592311341153 0.1809998269863414 0.013580448978625766 0.9833889489577777 106.24042644090596
0.9756814533528113 -0.008225047825530855 -0.21903586499590008 2.6994429003081613 0.004860689920172395 0.9998612990232956 -0.015894275173387984 -2.5485836403867843 0.21913645272603152 0.014443092122575406 0.9755868711591301 106.60261583953755
0.9659034557908006 -0.005639733935207477 -0.25883823894395325 2.570776402477465 0.0013930588406581904 0.9998608602529202 -0.016587127868165092 -2.5654195955713592 0.2588960345971868 0.015660997289125 0.9657777492013098 106.94431247022223
0.9538756050045776 -0.005989348288458678 -0.30013979591769074 2.4317549761830195 0.0007531306796895306 0.9998449152412971 -0.017558553345590075 -2.5853727957568924 0.3001987218045587 0.016522642694242515 0.9537330524270087 107.285306960849
0.9389070489325526 -0.008083124186712493 -0.3440736165972613 2.2793620678339823 0.0020305323608817366 0.9998362237301758 -0.017947651534530568 -2.601079335894377 0.34416269161637086 0.016152535048861216 0.9387705394448813 107.61661511549464
0.9213628512620449 -0.007841885668827228 -0.38862247612970136 2.109382947292858 0.0013445175726748723 0.9998541022572395 -0.016988075007179075 -2.615941768129946 0.38869940804101866 0.015129681041554157 0.9212398343109771 107.92680912674648
0.9015112881603422 -0.006907828240849368 -0.4326986435841854 1.921486655417022 0.0001281423623073733 0.9998760821968804 -0.015695558336593758 -2.6288621226037137 0.43275388561611616 0.014094283015159376 0.9014014084238136 108.2345226935541
0.8787755450929867 -0.005397143609006059 -0.47720323225766353 1.7202359500717987 -0.0024683536351015117 0.9998705918871257 -0.01585397946888247 -2.641909039114573 0.47722750512792733 0.01511000345472448 0.8786493840002654 108.51520383012954
0.8539844692996018 -0.00548679479577757 -0.5202681449805459 1.5067546919146588 -0.004312130491805 0.999834678515368 -0.017622406738960063 -2.6559656929052315 0.5202793634937626 0.01729273476394419 0.8538205290948444 108.79420568863065
0.8268614010531966 -0.007076942737774632 -0.5623598466161827 1.2828214430541434 -0.0053720520549332745 0.9997751307842768 -0.02048028541588744 -2.670467749402492 0.562378872633164 0.01995539725212276 0.8266383139497243 109.04950061464878
0.7967122321148472 -0.011467576846439063 -0.6042487745904942 1.0470160660154095 -0.004228500999967211 0.9996889528416193 -0.02454768006510955 -2.682861460350532 0.6043429728723989 0.022112517783073993 0.7964167981531616 109.31029953814982
0.7634305194777482 -0.017211056431261054 -0.6456594540431515 0.7972396650694544 -0.0015334115932626358 0.9995930164554044 -0.028458818260949807 -2.6919049752728537 0.6458871368257293 0.022716406355762747 0.7630943264568977 109.54901279355363
0.7266634300350104 -0.02200560773530884 -0.6866400358757155 0.5307270228369927 0.0010001709491411874 0.9995188822189558 -0.030974357788108357 -2.699183673664238 0.6869920128043233 0.021821188628750553 0.7263367034354747 109.79090219444382
0.6876526882341318 -0.022431686575958662 -0.7256921415586243 0.24666546325823296 -0.0007840737828363158 0.9994983211380165 -0.03163821362262436 -2.7121107657136823 0.7260384907769833 0.02232511421115323 0.6872909513458173 110.0155132500899
0.6472277205224143 -0.019579368821253187 -0.7620442701916236 -0.055764575738569744 -0.005453524170358824 0.9995248182301342 -0.030312856766066036 -2.7236337343569477 0.7622764097557376 0.02377516310188852 0.6468142112537374 110.20629213946731
0.6035003931892585 -0.017316881791038543 -0.7971737670918402 -0.3744480240220106 -0.006707090482846503 0.9996178108223243 -0.026792146086912275 -2.732920760040306 0.7973338057474275 0.021515799233182593 0.603154330302049 110.40389739748095
0.5574789508040643 -0.015584452453760032 -0.8300439112961675 -0.7051048491718938 -0.007847637168154925 0.9996794595269782 -0.024040114019832998 -2.7414757912469514 0.8301532991551065 0.01991575197684688 0.5571786622072777 110.56828765240122
0.5100156530045469 -0.01318806409854388 -0.8600631863243082 -1.0495239779100092 -0.009403673603236682 0.9997365198228985 -0.02090615135649119 -2.7536055844037572 0.8601130382579787 0.01875022814129396 0.509757939496881 110.73027626944251
0.459680774380119 -0.008542317334644861 -0.8880423755137059 -1.4080977424959706 -0.012263926159772807 0.9997966518893276 -0.015965535821552652 -2.7642667836191177 0.8879989890649914 0.018229943089222836 0.4594831356749521 110.8565859806231
0.40820548771252835 -0.00823451675846716 -0.9128522311875652 -1.774080712790279 -0.009890985542894764 0.9998600800157423 -0.013442395411526446 -2.777326327944686 0.9128359937766076 0.014516271020651703 0.40806747563646445 110.98780301618183
0.35724191520519893 -0.012407609787216278 -0.9339287984752724 -2.1489098873597126 -0.006274868753038103 0.9998566248437148 -0.015683721871719875 -2.788459298323476 0.9339903729370596 0.01146316364874374 0.3571133600486416 111.10278440008382
0.306721452650599 -0.01787339358041622 -0.9516308162446432 -2.5331288221366863 -0.005747158130474622 0.9997700097103622 -0.02062991236777003 -2.796270279370854 0.9517815551975164 0.011796811568900008 0.30654864427702994 111.18496137550578
0.2598202182860135 -0.020062450163379313 -0.9654479037258208 -2.934607420372089 -0.007048662917378671 0.9997174670506247 -0.022671515967664924 -2.8065305606097257 0.9656308765854108 0.012695638588123148 0.2596058060255721 111.26548743651247
0.21790733932727752 -0.019611172006557254 -0.9757717685775678 -3.3506786676729208 -0.013571688902915692 0.999639909808137 -0.02312167867407573 -2.8184554171239236 0.9758747324558004 0.01828126312105972 0.2175630818359615 111.3180904699278
0.18228187695396456 -0.019182748403882746 -0.9830585079884596 -3.78379322420329 -0.021771852376978488 0.9994852046705315 -0.023540292639123998 -2.8298067167796144 0.9830049009387262 0.025693991059511898 0.1817707147857388 111.36429053121024
0.15138550709420315 -0.020924672336282448 -0.9882526721855128 -4.227244086444588 -0.027057201427163405 0.9993130663379775 -0.025303612204302328 -2.840258967771729 0.9881041527528238 0.030569973501175057 0.150715623309444 111.40217156288223
0.12289974263284305 -0.019319404752921387 -0.9922304172901125 -4.690731144409963 -0.025450878241850657 0.9994198405704654 -0.02261178180915062 -2.8569653356885576 0.9920924309843366 0.028032137913190976 0.12233698975805667 111.4468859928919
0.0969632981853481 -0.01560950516760789 -0.9951649690993741 -5.173419325069335 -0.01880563527252584 0.9996692437333458 -0.017512470807560448 -2.8716792811728573 0.9951100162592785 0.02041278760938653 0.09663791337917849 111.4894012730063
0.0726190624801181 -0.012144695264199265 -0.9972852688288577 -5.672629417078093 -0.013720267763828115 0.999818571016646 -0.013174609294327759 -2.8860556356817613 0.997265137570704 0.014639754103979262 0.07243947022477054 111.51768402006044
0.049618977575354946 -0.008991178649547972 -0.9987271808875544 -6.192913113751286 -0.01713410663387456 0.9998041547244721 -0.009852132865410541 -2.9021487242132378 0.9986209356189334 0.01760115986032243 0.04945540018278644 111.52708586729328
0.029137886167183415 -0.009131878229690986 -0.9995331078505291 -6.728493276641545 -0.024612896155718475 0.9996480109056369 -0.009850428897843887 -2.9171670765865225 0.9992720637737306 0.024888438709721454 0.02890304789470038 111.51817611113191
0.010955029591119509 -0.011221816784922588 -0.9998764507278273 -7.28229688306217 -0.029945364451879196 0.9994842769828597 -0.011545507798786667 -2.9305469091971452 0.9994912002540313 0.030068163281993805 0.010613503859036661 111.5002890725421
-0.0035536255936421996 -0.016909462992785635 -0.9998501398108551 -7.855317598490028 -0.03158030142193288 0.9993596297232755 -0.01678892541841195 -2.9357539590750554 0.9994946152560141 0.03151592621747985 -0.004085203682030907 111.49039299202197
-0.01523024492895123 -0.021919383749823655 -0.9996431728525923 -8.447650455410006 -0.028595611346405668 0.9993597595435956 -0.02147749437069267 -2.9430285203715476 0.9994747717045039 0.028258316755608547 -0.015847149354599684 111.48208247536748
-0.021981232066251362 -0.022580881248683866 -0.9995027956785851 -9.065739759727657 -0.030812582665843653 0.9992847426815548 -0.02189831798818299 -2.953437699330361 0.9992831848605738 0.030315929007130357 -0.02266114820517889 111.4622866448591
-0.02491526109455596 -0.01845122342326992 -0.9995187737284283 -9.708430636192082 -0.03655341477637261 0.9991773260382752 -0.017533745096475095 -2.9664497122657627 0.9990207520727038 0.036098988388770945 -0.02556908716165102 111.43298273714822
-0.02478832090857467 -0.01739682485020461 -0.9995408731907099 -10.365324346746915 -0.03920631568346701 0.9990957689843214 -0.01641677347526948 -2.9802617924695936 0.9989232704544445 0.03878139633645396 -0.025447840750101723 111.41145802483739
-0.023129683664155017 -0.01652094350322836 -0.9995954666782537 -11.041708315334855 -0.038621828202911795 0.9991313062129759 -0.015619599997199479 -2.9939176287264706 0.9989858182871635 0.03824495371141705 -0.023747527394543746 111.39756088226882
-0.021748515073256383 -0.016394202339048505 -0.9996285434830172 -11.730483988811118 -0.03415296194012558 0.9992936426106349 -0.01564565716758401 -3.0097620576964563 0.9991795891886301 0.033800029727344694 -0.022292929498465102 111.39106023199777
-0.020668156379330397 -0.0182902633168885 -0.9996185322793273 -12.440550264415654 -0.03375057424061329 0.9992750290658238 -0.017586148680658394 -3.0209858327591914 0.9992162023552712 0.03337425046795373 -0.021270344130056323 111.37645207686715
-0.01993692934340459 -0.018836513065827173 -0.9996233123396021 -13.163525487197083 -0.03319336786629087 0.9992832880547917 -0.018168083810852432 -3.0343454013433377 0.9992497304530478 0.032818670061577807 -0.020547753123787597 111.36104921136939
-0.019408389748386552 -0.018450347458991073 -0.9996408924237694 -13.902177294501918 -0.033007942607076464 0.9992959683988072 -0.01780312154359287 -3.051230971575304 0.9992662563097379 0.03265058111909332 -0.02000359934495783 111.34495392214194
