1.0 0.0 0.0 0.0 0.0 1.0 0.0 0.0 0.0 0.0 1.0 0.0
0.9999995231628418 -0.0007196824299171567 0.0006868039490655065 0.014017168432474136 0.0007197716040536761 0.9999997615814209 -0.00012956408318132162 -0.028203209862113 -0.0006867105257697403 0.00013005836808588356 0.9999997615814209 1.1989978551864624
0.9999980679486216 -0.0014308803406990786 0.0013660947994551475 0.027873243930270943 0.0014312336460280371 0.9999989348767429 -0.00025761917664192337 -0.05608119939424116 -0.001365724724464181 0.0002595738789495269 0.999999040031689 2.3841811844395724
0.9999956355802669 -0.0021456395337878784 0.002048910892868102 0.04180275840098434 0.002146435542235665 0.999997580069457 -0.00038634547605383813 -0.08410627971514847 -0.0020480770639301486 0.00039074161894335393 0.999997835658095 3.5756281479519667
0.9999922263365634 -0.002860329544520126 0.002731675646590462 0.055734194093639076 0.0028617470423200463 0.9999956969341094 -0.0005150885779777545 -0.11213619361664953 -0.0027301908022254033 0.0005229018836908903 0.9999961485724395 4.767290523029729
0.9999878292569506 -0.003576816151161721 0.0034165373504160637 0.06970548155064381 0.0035790373064966624 0.9999932797040185 -0.0006441846567809865 -0.14024417592344676 -0.003414210666137703 0.0006564046518355883 0.9999939728295681 5.962282618414283
0.99998246928997 -0.004290400294280948 0.004098720535514927 0.08362369024651273 0.004293602691309189 0.9999903413666168 -0.0007727854803796424 -0.16824577776537075 -0.0040953660398139625 0.0007903701057026045 0.9999913208480641 7.152768490781052
0.9999761243792417 -0.005005067687486306 0.00478228803933927 0.09756827688888521 0.00500943484913254 0.9999868702625057 -0.0009016108274777617 -0.19629771191107803 -0.004777713538903133 0.0009255457308524436 0.9999881810957963 8.345399129350689
0.999968809885346 -0.005718770684171356 0.0054650886050714685 0.11149798763829268 0.005724483870622327 0.9999828741832583 -0.0010302915287386234 -0.22431925748467918 -0.0054591042419893454 0.001061544045282462 0.9999845612656697 9.536762085245579
0.999960520507657 -0.006432382646237501 0.006147839968537758 0.1254285770222756 0.006439625409299563 0.9999783496822122 -0.0011589878571889155 -0.25234519626625546 -0.0061402534203494445 0.0011985317029519639 0.9999804588924901 10.72831960844943
0.9999512559320273 -0.007145766131230284 0.006830781369265608 0.13936106590246586 0.0071547230198207665 0.9999732974648052 -0.001287666845967625 -0.2803696432814726 -0.00682139960390448 0.0013364762051730507 0.9999758726326726 11.919830393457316
0.9999410136407747 -0.007859280254925433 0.007513916570773959 0.1532989487651658 0.007870137280020532 0.9999677149489694 -0.0014164022228410928 -0.3084072101608555 -0.0075025445324911144 0.0014754539666073491 0.9999708019765416 13.111908197103848
0.9999312466276806 -0.008435907219419714 0.00816295923628886 0.16713704324458947 0.008448591473234561 0.9999628358862446 -0.0015206059185036943 -0.3362947321354381 -0.008149830647719049 0.0015894665502826056 0.9999655985642227 14.303478713777615
0.9999064819755374 -0.010214839891215348 0.009110122414360806 0.18181180038796152 0.01023200900632906 0.9999456727644959 -0.001840095962321088 -0.3654236741982406 -0.009090833962527913 0.0019331385512924987 0.9999568443488616 15.496586953493875
0.9999050545746434 -0.009942670834352218 0.009558922684004349 0.19506948074505828 0.009960147437229677 0.9999485605068242 -0.001782530221604629 -0.3924443827516866 -0.00954071008550589 0.0018775690234711406 0.9999528018713039 16.687579023911155
0.9999047553582677 -0.009373888302315484 0.010151051375353036 0.20817090941972377 0.009389115862236442 0.9999546546788077 -0.0014535379876485844 -0.419151341995367 -0.010136968176987062 0.0015487086933451753 0.999947489529019 17.88103629209348
0.9999027938674651 -0.00903703544627246 0.01063802800312998 0.22206688709159395 0.009048728598469835 0.9999582546499909 -0.0010515697440856534 -0.44508120942204066 -0.010628084090997152 0.0011477278576271209 0.9999428918211126 19.07662542670706
0.9998929918358086 -0.009270130050557827 0.01133300167377387 0.2372930232233255 0.00929305452596612 0.9999546046804655 -0.0019718456712833287 -0.471514201928237 -0.011314210998115004 0.0020769527469621314 0.9999338747720978 20.27018620158394
0.999889698622336 -0.009007104125448695 0.011827502412873918 0.2531534617200739 0.009043317470909518 0.9999543431964335 -0.003011906380254432 -0.49778147941738204 -0.011799836742581775 0.0031185339501003935 0.9999255635543677 21.46467628429476
0.9998741627959717 -0.009613271603574282 0.012638965596755213 0.2707580586051617 0.009644478799347544 0.9999503543877459 -0.0024105078404706637 -0.5247439259683471 -0.012615168246030546 0.0025321003727348276 0.9999172998776791 22.658825623820885
0.999862408575922 -0.009849563081946329 0.013360867950957159 0.2887846589743087 0.009880841784800554 0.99994833527246 -0.002277130939172893 -0.5527298644229156 -0.013337751748476451 0.002408834036965675 0.9999081985104019 23.852955315497884
0.999849740456351 -0.00985233128309208 0.014275109551468384 0.30711283935016354 0.009896719887560662 0.9999461448303275 -0.0030422649661663885 -0.581232310398979 -0.014244370264007732 0.003183084588552325 0.9998935245372375 25.046837396022536
0.9998349448814291 -0.010114889875007374 0.015105254342192266 0.32734578144607596 0.01015684090784432 0.9999445389692218 -0.0027031800038045295 -0.6069837743716301 -0.015077076465949949 0.0028561553555401845 0.9998823469002598 26.243094316756103
0.9998324141229099 -0.009254979393801464 0.01580812386426682 0.3472441781983111 0.009264584062704686 0.9999567087437369 -0.0005344806619947607 -0.6329430317849339 -0.015802495812216398 0.0006808466693304787 0.9998749687938642 27.441678845512236
0.9998235980518533 -0.008611253632696663 0.016705134975581327 0.3677922980784624 0.008617929558370502 0.999962570717686 -0.00032768250417316663 -0.6565640089401713 -0.016701691255438342 0.00047158821596804304 0.9998604802192678 28.637116327709798
0.9998148300396977 -0.007984935961360672 0.01751923954385887 0.38920455390751996 0.008016009049358388 0.9999661844053035 -0.0017041455141294745 -0.6824261104922189 -0.017505042938296616 0.0018442644388318248 0.999845116006242 29.828297506793774
0.9998009778789462 -0.007461294564408947 0.018510245407615814 0.4112700504411274 0.00750889989159955 0.9999684173588814 -0.0025036645174760113 -0.7087202390380831 -0.018490983643477846 0.0026421581746057807 0.9998255543481148 31.02793787794192
0.9997836814941904 -0.007872525604267058 0.01925939945199144 0.43571341501616645 0.007922228195185847 0.9999651884532681 -0.0025057461994571124 -0.7356473573988248 -0.019239006021464285 0.0026577816587423078 0.9998114412332899 32.23192669897375
0.9997744230594199 -0.007403983969640111 0.01991648168159758 0.4596451367578168 0.00744429286583429 0.9999701257454917 -0.0019504929470036273 -0.7632533228944545 -0.019901447752738586 0.002098316913390648 0.9997998773474869 33.42023471642811
0.9997631981764256 -0.007159485541628671 0.02056199429718009 0.4846949804223784 0.0071957287196041395 0.9999724850078853 -0.0016891536018174144 -0.7915945745540366 -0.02054933626604359 0.0018367117944224057 0.9997873494295467 34.614796221400056
0.9997580772454635 -0.006402721562147111 0.021054266532525803 0.5098088034857862 0.0064381078924836185 0.9999777672210729 -0.0016133232721205102 -0.8182723614175764 -0.021043469965144092 0.0017484822502772644 0.9997772340614038 35.81255844335582
0.999744949340382 -0.006469358561561705 0.021648884589736125 0.5366998701117371 0.006505827391182174 0.9999773292559536 -0.001614511721394255 -0.8457827526606371 -0.021637950207403174 0.0017549434910885755 0.9997645312556536 37.00928138594841
0.999745845237315 -0.005595695052243616 0.021849792947950555 0.562738260492283 0.005621431195318167 0.9999834098401582 -0.0011165759006991863 -0.8734676495152748 -0.02184318354746927 0.0012391189193184647 0.9997608060470511 38.20690928815192
0.9997471070772518 -0.005730086653420633 0.021757464794084688 0.5904570993918082 0.005729518551199947 0.9999833735555682 8.850694580505526e-05 -0.9001115185144117 -0.021757613390427033 3.6174756571377145e-05 0.9997633947232138 39.40549839374988
0.9997475708331977 -0.0062008012036661305 0.021606238918027224 0.6181611913093833 0.00617995581220578 0.9999801736087546 0.001031468135644623 -0.9268583704009914 -0.02161220972874853 -0.0008976827311741982 0.9997661253640175 40.60245414262863
0.9997434269880995 -0.006994164830732526 0.02155408440068666 0.6466275975449771 0.006982516791909984 0.9999751655934208 0.0006156610926841962 -0.9531286916464188 -0.02155785982411603 -0.00046500189832948354 0.9997675622456608 41.79871910155681
0.9997395355470945 -0.007822380960403781 0.02144932799050317 0.6756550610707189 0.007813012631792886 0.9999690672940357 0.0005205538139852631 -0.9776310922516858 -0.021452740937148294 -0.00035283487080406986 0.9997698792662271 42.99592140632765
0.9997218824590011 -0.010798174968411527 0.02097663211197287 0.7080086989790029 0.010758078715448949 0.9999397953850637 0.0020233544964270945 -1.0004119481508518 -0.02099722330743198 -0.0017971242307703124 0.9997779861513104 44.195632439794096
0.9997513635682673 -0.011073630366486528 0.019366799987173767 0.7358521424484521 0.010975976206933982 0.9999261875880564 0.00514140669173831 -1.0203651053848848 -0.019422312129718573 -0.004927560104527587 0.9997992519078738 45.39563587662874
0.9997774881228009 -0.011637148333557213 0.017605610061533737 0.7617148456354841 0.011499994440979348 0.9999025110070018 0.007871620030058283 -1.0374440971455074 -0.017695504397001023 -0.007667406065334886 0.9998140215166368 46.59612647947562
0.9998039931637633 -0.0119196965243798 0.015820975257101792 0.7844331824202515 0.011743827802131412 0.9998683163083665 0.011162911472901157 -1.0512073187844009 -0.015951957389922906 -0.010974926902434746 0.9998125592635332 47.801503236194414
0.9998275000761305 -0.011607070944111415 0.014513113922810138 0.805017034659984 0.011414709887454032 0.9998464564293601 0.013267577064491687 -1.0640920966284757 -0.014664888666184648 -0.013099628560586529 0.9998067157543408 49.004550041556975
0.9998656878046266 -0.009923129724799555 0.013055719714114455 0.8219898492279641 0.009772676873130728 0.9998852994618735 0.011537686421769701 -1.0738501237550908 -0.013168716885826147 -0.011408550449404066 0.9998482635873918 50.20349472021489
0.999874107746311 -0.010398475031725534 0.011997819292092652 0.8402784702094193 0.010288118981043102 0.9999041946492868 0.0092233181529444 -1.0853150065928072 -0.01209258191452911 -0.009098724564594205 0.9998855647240504 51.40459133968791
0.9998709827082642 -0.011547397373529321 0.011183341549680034 0.8594499226915104 0.011446547155565751 0.9998932383711914 0.00904028417153144 -1.0982861329600049 -0.011286543781623018 -0.00891110902870716 0.9998966685044682 52.605843780259995
0.9998821974879029 -0.010573436603562188 0.01114326184841628 0.8753741179782246 0.010478154870414893 0.9999079985944053 0.008574569814378562 -1.1126350348620986 -0.011232903317235176 -0.008456801159936222 0.999901208182902 53.81126136101565
0.9998805861079559 -0.009904861795738972 0.011883820419406079 0.892860319723551 0.00981183027912074 0.9999206210830203 0.007861418244219884 -1.1278830621317288 -0.011960748325087823 -0.007743879126125678 0.9998985342128976 55.01521798920594
0.9998594879474652 -0.010071927724288979 0.01341935775091948 0.911851060932583 0.009967651704601815 0.999919400091579 0.00781501083671318 -1.1431517391802 -0.01349699426283046 -0.007680154655770021 0.9998794569650664 56.22029069350301
0.9998375953414841 -0.010097043235440577 0.01494458887084911 0.933226089523319 0.009958144239464568 0.9999064222325164 0.0093397532213981 -1.1606868181596806 -0.015037500216576771 -0.00918941778133434 0.9998447446923122 57.4277963028881
0.9998227381199829 -0.010094001471694411 0.01590898018145219 0.956207860757064 0.009940083718409374 0.9999029448101594 0.009724513038112493 -1.175655013906925 -0.016005601135925616 -0.009564654625383955 0.9998261993775707 58.63264264372923
0.9997989820960745 -0.01105262611443311 0.01674513813129043 0.9814272971952602 0.010895093101237915 0.9998954602152363 0.009469914404744659 -1.1902780398999004 -0.0168480606660714 -0.009285572505738126 0.999815013237885 59.838587224404705
0.9997823508071735 -0.011445336061224868 0.017457564611027914 1.0067023531434143 0.011283291604024005 0.9998922254227552 0.009352635233493597 -1.2056002895412166 -0.017562733645587948 -0.009153622685009955 0.9998038941052478 61.04210822060213
0.9997864277812908 -0.010801044141950192 0.017632414374652676 1.031122315683367 0.010647112853308908 0.9999042093321763 0.008800704342940455 -1.2213199625960458 -0.01772578847450151 -0.008611092490637877 0.9998058252323849 62.24564779125439
0.9997956846591433 -0.009508851822750903 0.017850389189598567 1.0538456977505268 0.009370490674440474 0.9999251324329405 0.007818940234924182 -1.2374832365461335 -0.01792340907239296 -0.0076500777826151 0.9998100864196942 63.44750110160935
0.9997933156895028 -0.009088392521143022 0.018200950348451893 1.0784679839101927 0.008930233906588756 0.9999214197194463 0.008752202719795439 -1.2517014800343207 -0.018279072362173975 -0.008587856970274588 0.9997959925197706 64.64757926767749
0.9997892235935781 -0.009083025507172658 0.018428727971638317 1.1031879057115257 0.008882386230373327 0.9999003063170863 0.010940236531821237 -1.2671013998194398 -0.01852626981758094 -0.010774240951173172 0.9997703071944528 65.85042637710957
0.9997795807297025 -0.009523914823063329 0.01872854850557305 1.1295199405941034 0.009347280547332115 0.9999108463966089 0.009496430324665434 -1.281112188671842 -0.018817329383631707 -0.00931927663309411 0.9997795663268575 67.04762233771784
0.9997626808039941 -0.01103348943025493 0.01880194097098604 1.157668787074999 0.010888185958699623 0.9999098681305153 0.00781306735953633 -1.293922016550398 -0.01888645846087398 -0.007606495079368875 0.9997927501394801 68.24108997749174
0.9997350322080482 -0.01319588986944859 0.018879211986428057 1.1869243747168259 0.013047176696552937 0.9998826813804799 0.007978679317903989 -1.3094172210099047 -0.018982291375468367 -0.007730245692062405 0.9997899431699365 69.43528208522386
0.9997107524321208 -0.015004302192904441 0.018812068458669916 1.2152990612086068 0.014851482571543721 0.9998554068848751 0.008236945996747463 -1.3246783328566063 -0.018932945215079575 -0.00795517723995677 0.9997891499911825 70.62617291174945
0.9996885972144651 -0.016657096542213885 0.018597474379019496 1.2432100501363121 0.016497282055645192 0.9998256007230213 0.008713755417626243 -1.3394564716989417 -0.01873938422061974 -0.008404235629772322 0.9997890806633999 71.81601310200008
0.9996993541348856 -0.017065381126062366 0.01762354112682988 1.2685628286711035 0.016897383284174616 0.9998104215469659 0.009637698901916913 -1.3557433952609517 -0.017784678526775705 -0.009337011002030755 0.9997982501977183 73.0022037155735
0.9997039369937974 -0.01873145911692725 0.015551974102819758 1.2928275473981383 0.018573898112187175 0.9997749662816326 0.010214370805177406 -1.3714702924965751 -0.015739812641852653 -0.009922487196164264 0.9998268819361643 74.1874873023411
0.9997523446367138 -0.018143262435775964 0.01291305568973605 1.3102429565654279 0.018022199837930235 0.9997927867592609 0.00943031275348656 -1.3901253790618393 -0.013081483831545181 -0.00919525687814726 0.9998721837358174 75.3655141111779
0.9998367246462578 -0.014638266306387163 0.010625178158170745 1.3201327471250361 0.014597746512655763 0.9998855964800215 0.0038809380673991106 -1.4075155276278124 -0.010680780551376608 -0.0037252026152153218 0.9999360075551313 76.54077598109014
0.9998514361371701 -0.015193104471041993 0.008185782729103802 1.330913742893821 0.015175817107644849 0.9998821834521489 0.0021695850637703583 -1.4270854236345492 -0.008217788865032886 -0.0020450385005283257 0.9999641592882842 77.7162942530551
0.9998813466643565 -0.014502385543455827 0.005257328126506585 1.337927621608008 0.014470600934204032 0.9998767492623346 0.0060338850613003096 -1.448797485099199 -0.005344193851641271 -0.005957094414176743 0.9999680050708653 78.8945830853037
0.9998919899097265 -0.014592950685378709 0.0019335775603144018 1.3409205585319934 0.014577119475736783 0.9998616943457521 0.007962388956629865 -1.4685344608872262 -0.0020495131693149564 -0.00793334507253243 0.9999664517240903 80.06840651750684
0.9998853611246594 -0.01502462561813869 -0.002051625050238086 1.3422884162434627 0.015036129795005725 0.9998702684445734 0.005712934682134703 -1.4858260694006848 0.0019655155333308423 -0.005743130329223943 0.9999815785871012 81.23452232264113
0.9998853058667393 -0.014133721905352531 -0.0055032766023445905 1.335650756177079 0.014151138090597435 0.9998945915379037 0.0031389838815327606 -1.5060961237826085 0.005458322775071047 -0.0032165037694891485 0.9999799036002659 82.39912355171438
0.9998799672546879 -0.012729139524020258 -0.00886322790361095 1.3238742334092521 0.01272308148875492 0.9999184030461317 -0.0007394417723050089 -1.5303119474868223 0.008871909308425931 0.000626583001951572 0.9999603546092543 83.55797491633632
0.9998559794967735 -0.011873729298486575 -0.01214483402244904 1.3092693461449592 0.011852319579132742 0.9999276730215639 -0.0018332761950408023 -1.5554721464960515 0.012165716147703098 0.0016890652705089486 0.9999244387172194 84.71743043669417
0.9998075038017831 -0.011676398650976364 -0.015781641024160253 1.2929963654645702 0.011678882700556163 0.9999313834930599 6.527775177152381e-05 -1.5805869020603311 0.015779787829018652 -0.00024957980492915826 0.9998754025773483 85.8769366796399
0.9997261196964856 -0.012771038133294228 -0.01961993549749075 1.273116735928015 0.012792336638025389 0.999917228597129 0.0009604785092725184 -1.6050741332544036 0.01960603912090824 -0.0012112031994259275 0.9998069528892524 87.03111254007732
0.9996515907759285 -0.01244419909320825 -0.023284186598381166 1.2471290047348693 0.012415954711162712 0.999921480912903 -0.0013571822910332868 -1.6306734619513983 0.02329924289652308 0.0010676115263869319 0.9997278538658153 88.18380126882744
0.9995738469699211 -0.0121248007253459 -0.026559981326748063 1.2166748283996978 0.012024423689089441 0.9999193982606859 -0.003935729091736073 -1.6561631196909319 0.02660555827981343 0.0036146814292581492 0.9996393538106008 89.33333079488706
0.9994808597337066 -0.012212698248361813 -0.029817953100829995 1.182751407934558 0.012088652027605378 0.9999169734264375 -0.004336842685471533 -1.6831630360244314 0.02986844039627929 0.003974130837225902 0.999545785780155 90.48341236497674
0.9994065205767749 -0.010864358329384243 -0.032693029245793474 1.1441347500806163 0.010768434813812082 0.9999366186205885 -0.0031087361847917084 -1.7104192350187284 0.03272473149548719 0.00275483652456227 0.9994604567382614 91.63652821956669
0.9993189885706251 -0.010108478625292907 -0.0354902024165424 1.1017397409060632 0.010051357298097745 0.9999472900666392 -0.0017875776050041772 -1.7360862303834208 0.03550640326121772 0.0014296334001600033 0.9993682381537385 92.79126251358605
0.9992253857293577 -0.009287821422741333 -0.03824414403970147 1.056010091027775 0.009297281688846363 0.9999562110124215 6.9478597850073e-05 -1.7606505054686878 0.03824182515834406 -0.0004249941663235637 0.999268273138156 93.94708372743153
0.9991384903809822 -0.00815753510095915 -0.040693530330791025 1.0061277614839532 0.008214506619328328 0.9999649726029758 0.0012329505289622052 -1.7850713210583975 0.04068204741326509 -0.0015661687053955488 0.9991707508454241 95.10257411692797
0.9990532492507904 -0.0068631633990924425 -0.04296193028017332 0.9539653988639601 0.006829977639271284 0.9999756852616434 -0.0009192542197785931 -1.809543462570558 0.04296719708910662 0.0006249524879220817 0.9990761292434508 96.25532884555213
0.9989655118472168 -0.005398479615096809 -0.045154219563050046 0.8975392165497955 0.005201320012590679 0.9999758469370521 -0.004482802819381293 -1.8348713987200032 0.04517733109851822 0.004243302685297233 0.9989698084319634 97.41311580908099
0.9988685626569389 -0.005748683574521115 -0.04720826539164403 0.8409924694482178 0.005394106359197517 0.9999557340977657 -0.007634954140849147 -1.8619164118950717 0.047250067747240665 0.007371669511788239 0.9988557187074548 98.57216452863669
0.998789695219046 -0.0058948251633250785 -0.04883024769228209 0.7820496608241837 0.005478071725242853 0.9999468778902353 -0.00866424529239389 -1.8916429724723887 0.04887872829719936 0.008386264110438402 0.9987693426183544 99.73961806084046
0.9987595318287514 -0.005954294944377502 -0.049436376876127786 0.7233582791188368 0.005563014151561908 0.9999515098567128 -0.00804873259317034 -1.9224573305378685 0.04948190943411849 0.007763733596772093 0.9987446305131544 100.914044163892
0.9987950022957619 -0.006151414379088524 -0.04869067753114224 0.665524527296865 0.005864184336825848 0.9999639676101567 -0.00603980466341073 -1.9530294735041613 0.04872608014196382 0.005746995230194596 0.9987954633288951 102.09465513118722
0.998864524331977 -0.005467972441416143 -0.0473268900283629 0.6077068351486002 0.005265260219297596 0.9999758442872292 -0.00440692354343843 -1.9830933406310165 0.047349845911994586 0.004152730326997308 0.9988695535721582 103.27876284291493
0.9989556849164315 -0.005748403718688503 -0.045328007012659044 0.550580025282938 0.005583697153082869 0.9999767727400057 -0.0037595230929662214 -2.012875505278492 0.045348567728889476 0.003502497908039268 0.9989649098863834 104.46995912386757
0.9990633111165681 -0.0058955867548419316 -0.04287065120659174 0.4977378274240324 0.005765306849596737 0.9999778165452401 -0.0031619985296254785 -2.0411181919740944 0.04288834426451251 0.0029118730002902775 0.999075439008266 105.6678539879563
0.9991887145068383 -0.006377141758798907 -0.03976660343004081 0.4483329174834442 0.0062558827830718 0.9999748296209563 -0.003173045412472994 -2.0697391908295963 0.03978583862273254 0.0029216947180306465 0.9992037671970916 106.86715431406762
0.9993209302019811 -0.007835213275302264 -0.03600773607247768 0.4053647786414216 0.007714852112151995 0.9999636441502192 -0.0034804521404992812 -2.098282235645663 0.03603369749415858 0.003200292979117075 0.999345288783924 108.07183203933162
0.9994529632450253 -0.007975394006849797 -0.032099586343601355 0.3651043096567956 0.007874476792897194 0.9999630804636981 -0.003269153304801267 -2.1270002210569117 0.03212447474956789 0.0030145961770426674 0.9994791463488122 109.27854760231939
0.9995692267379678 -0.008622240177499454 -0.028058942444728487 0.3290814403033031 0.008565522433938821 0.9999604477916325 -0.0021410367559558776 -2.1568532233289774 0.02807629448296777 0.001899773342655693 0.9996037806555448 110.49155321704525
0.9996795083836676 -0.008808971304047744 -0.02373852404418242 0.2985341684704415 0.008780598239683413 0.9999599580040457 -0.001299321261346815 -2.185665544923391 0.023749020890235208 0.0010904645607149896 0.9997171384258658 111.70725182657904
0.9997738229941756 -0.008964008531622164 -0.019291250809100213 0.2726734836473432 0.008955468173407187 0.999959094803278 -0.0005291901287980357 -2.2134028681858005 0.019295206613874516 0.00035630627003979047 0.9998134859375052 112.9236469392124
0.9998512383417041 -0.009347418879272911 -0.014502137725428924 0.2537869926538823 0.009343894486040127 0.9999556030212112 -0.00031094478904278034 -2.2401453004495617 0.014504400604921289 0.00017539003743774473 0.999894500741836 114.14244094263981
0.999902586444243 -0.010178201118011628 -0.00956342075196916 0.24154355650699275 0.010176068528231663 0.9999474795193267 -0.00027187116828829007 -2.2678046925301008 0.009565684560493665 0.00017452459857895158 0.9999539817039738 115.36275454519499
0.9999323024528509 -0.01069357975239231 -0.004603740180708815 0.23406757367170122 0.01069127181670284 0.9999420020573642 -0.0005259499566947406 -2.296830458709045 0.0046090943583973745 0.00047669261061780043 0.9999890075401885 116.58596143471654
0.9999330729236934 -0.0115793974017384 4.908523623793141e-05 0.23255003817149728 0.011579444506699298 0.99993170283987 -0.001083765219871997 -2.327576199854932 -3.653717923980204e-05 0.001084259379824258 0.9999991673835557 117.81155267419932
0.9999030981423578 -0.013415022309116738 0.003740772271847063 0.23726435794019607 0.0134201757568714 0.9999083680425926 -0.0013563052396814515 -2.35800189712247 -0.0037222404516214736 0.0014063741156535834 0.9999918362533173 119.03983572165811
0.9998587105867539 -0.01576010191476274 0.005858263182887337 0.24640903645416903 0.015767021454298723 0.9998743530387101 -0.0011372627608727118 -2.388148896994048 -0.005839610368100647 0.001229467826698994 0.9999819472296884 120.27131396805845
0.999837140587042 -0.016710998288715976 0.006828502775696291 0.25621937484988155 0.01672099030973777 0.9998585268701599 -0.0014092509019827768 -2.4174246123797443 -0.00680399351928954 0.0015231991471299443 0.999975477034699 121.50123110988619
0.9997912932836788 -0.01884209570412792 0.007907436837466739 0.2696602604012193 0.018850414871911362 0.9998211262866786 -0.0009793745029280214 -2.44463532958343 -0.007887576570365103 0.0011282268501212973 0.9999679998949818 122.74231773958692
0.9997553810511685 -0.02025619373504767 0.008898743009919385 0.2835536870757683 0.020255173753083108 0.9997941079644521 0.0002042996927073866 -2.4715002749130544 -0.008901057734732347 -2.4006277353511814e-05 0.9999601281194503 123.98284136081759
0.9997475843823344 -0.020294400149718533 0.009654171208053187 0.2969991246594772 0.02029359435011938 0.9997933348251312 0.00018099216465952616 -2.4989191393545602 -0.009655857969092341 1.4969221715143187e-05 0.9999531122181897 125.22403073518934
0.9996672847370487 -0.023568030075889954 0.010492896572971686 0.31679203520615135 0.023549401045126008 0.9997201729867181 0.0018946951535788372 -2.5216154208443164 -0.010534623581686088 -0.0016469658994986986 0.999942856627124 126.47012186572533
0.9996213255812754 -0.025201413021965043 0.011065678236971967 0.3360670391404526 0.025149208413001115 0.9996713975679152 0.004830962282817058 -2.543288760207346 -0.011183797420910604 -0.004550843020708884 0.9999268714936219 127.72013460379144
0.9996377562646225 -0.024176538015691838 0.011841526441136199 0.35319137904683656 0.02411457654873483 0.9996942627756238 0.005347010647922201 -2.561295139148541 -0.01196718730987376 -0.005059523760828678 0.9999153155143621 128.96984336303908
0.999638319279087 -0.023880811498595413 0.012385135539394567 0.37043151348748826 0.02383985559596637 0.9997092460965012 0.0034434232381310346 -2.5781254300709873 -0.01246377561671619 -0.0031469211444634018 0.9999170900675834 130.22001964019614
0.999690216690834 -0.021163347455013668 0.013116635274795523 0.3845233649202993 0.021110583749269198 0.9997678904458126 0.004147831501686815 -2.5961704254423292 -0.013201382313474935 -0.003869649828234017 0.999905126939456 131.47552132034326
0.9997231725606541 -0.018817476493719388 0.01413873336189542 0.3975988504597897 0.018732926799473953 0.9998053411072789 0.006088645744595584 -2.6148076511832232 -0.01425056395714369 -0.005822104054064278 0.9998812242185345 132.7334032872344
0.9997672600276905 -0.016033027824627153 0.014446633543358421 0.4133628669165765 0.015919462944707155 0.9998410897496522 0.007941932394570143 -2.631356417869731 -0.014571679890393782 -0.007710105438953763 0.9998638562861568 133.99580730171752
0.9997892763341842 -0.014276353674648997 0.014765141157638148 0.42987426133156437 0.014132838700841416 0.9998516510994561 0.009779029774804307 -2.6461397672122633 -0.014902569172267871 -0.009568299726805432 0.9998429334241382 135.259165723741
0.999843062371139 -0.009895079911034554 0.01470909906797961 0.4438606210361216 0.009781244575691028 0.9999211567049434 0.007791334430066481 -2.660055532977644 -0.014785044508651429 -0.007646241906558283 0.9998612345672556 136.52247254751668
0.999865177730321 -0.007231378853835223 0.014754127173915329 0.45703015454305473 0.007142336472943547 0.9999553626216919 0.006079342551777244 -2.67599103247076 -0.014797438846354479 -0.005973147048910844 0.9998724820102294 137.78938185104255
0.9998779609251753 -0.005644470832410774 0.014576697331532894 0.47202628272112857 0.005556912603864832 0.999965671081292 0.006040792230772918 -2.693211843353745 -0.014610302154942266 -0.005959057176716251 0.9998752749438709 139.0566824349242
0.9998821756379196 -0.005598093506492011 0.01430552700269491 0.4907794413151382 0.005506185135955432 0.9999633227179916 0.006456577852693064 -2.7113149997267216 -0.01434115586182136 -0.006377051494428385 0.9998765969881427 140.33046779097077
0.9998898349876741 -0.005970974403463725 0.013602303201667833 0.5099215923134531 0.005859341850374366 0.9999483067016355 0.008232571441771641 -2.728133016581528 -0.013650764427602253 -0.008151967660570573 0.9998734015842327 141.60589742088715
0.9998801807559992 -0.008591747327516034 0.012893546792979963 0.5316481165120589 0.008463267796268716 0.9999137107317257 0.009986779079236974 -2.7441328739083133 -0.01297824587099101 -0.009876465012497988 0.9998668116716418 142.88007043227003
0.9998868324955617 -0.008660388616073253 0.012318471833214814 0.5501109614314773 0.008547564597568579 0.9999206654688748 0.009182758211264007 -2.7595282655880755 -0.012397028654307094 -0.009076429651334001 0.9998817811682644 144.15283938273313
0.9998892064443937 -0.008954052593216522 0.011911220555117293 0.5680648734188112 0.00887622065612208 0.999938366489821 0.006571728570189211 -2.775353005717849 -0.011969337724038128 -0.006465276195901424 0.999907320309758 145.42398037673246
0.999892717418764 -0.009104868409805168 0.011494111728272222 0.5862031444033653 0.009053662968018891 0.9999482553353252 0.004499619176102112 -2.7948291729441235 -0.011534492430763375 -0.004395074197828252 0.9999237020853452 146.69386884452925
0.9999063735359016 -0.007812260481887008 0.01125823925324929 0.6015370689966896 0.007808567669241014 0.9999687928158664 0.00037257083555219267 -2.8188625268076164 -0.011260805853379153 -0.0002846251835199538 0.9999364609060131 147.96095799798448
0.9999112192994826 -0.007890973618838278 0.01075894058538176 0.61837523517383 0.007924965033471747 0.999963091209487 -0.0031197670390522357 -2.8445452663183044 -0.010733932507183654 0.0032047554343533637 0.9999371248272791 149.22684344498904
0.9999149240368457 -0.007643321736419732 0.010590598092770985 0.6344223814408996 0.007688638680842307 0.9999607985918367 -0.004244241510336847 -2.875055323870892 -0.010557749701257403 0.004325309326231369 0.999934772112289 150.49222071601525
0.9999152254382149 -0.0074704645429654465 0.010681358976169583 0.6492669402670135 0.007512053673655577 0.9999636756015133 -0.003858162258854367 -2.908755283007404 -0.010652155948963253 0.0039380758288140435 0.9999353303431472 151.75603623322647
0.9999105239210142 -0.00811703258280434 0.010646725792016708 0.6668715576052759 0.00815480591288467 0.9999598975705396 -0.0035086843947152112 -2.9397153789874966 -0.010617825915399458 0.0035951940150909635 0.9999369891189704 153.02461845344675
0.9999009569542375 -0.008932038875350524 0.010889526516922987 0.6841399998169468 0.00895746321472495 0.9999565005210408 -0.002287647538986639 -2.9699124602704727 -0.010868627437531404 0.002384964356084341 0.9999379135230934 154.28814168094468
0.9998938828657744 -0.009403142342026155 0.011141572959338337 0.7034379971401115 0.009422853045299861 0.9999533961485527 -0.0017174285635814263 -2.997617485366473 -0.01112491226678158 0.0018222323368284655 0.9999362944047633 155.5531113357417
0.9998851449814941 -0.009671084030450009 0.011683519031188545 0.7212082621980792 0.009694690792767904 0.9999504100723537 -0.001965163308061459 -3.024883348960934 -0.011663941504396197 0.00207820652392389 0.9999296515709583 156.81670801108646
0.9998742841690514 -0.009991801145738978 0.012322050621553966 0.7400912253442746 0.010014546586838882 0.9999476014518126 -0.0017852662311390963 -3.05170584333874 -0.012303573890860531 0.001908442452762831 0.9999223058701076 158.07764854036824
0.9998710767614394 -0.009436808475535081 0.013004565581744745 0.7580970477611575 0.009446465271161978 0.9999544806299777 -0.0006809569634653937 -3.0793394277065538 -0.012997555336693323 0.0008037169415096041 0.9999150323480611 159.3420136407388
0.9998536789122263 -0.010307365692621731 0.013664543732154536 0.778499109227452 0.010313309768644642 0.9999460876889246 -0.0003642896783368229 -3.1073285757237956 -0.013660059691861867 0.0005051634933333027 0.9999064261098778 160.6035000437497
0.9998421314787181 -0.010592188655863524 0.014277034952576829 0.7989394140711163 0.010611772464825083 0.9999421987487656 -0.0012963724600526891 -3.135260545128059 -0.01426248620859203 0.0014476732202642166 0.9998970606242247 161.86394230094342
0.9998252456636548 -0.011036126810235056 0.015100820760484879 0.8209740951004869 0.01107341529059058 0.9999351785305162 -0.002387671965776495 -3.1623384536201624 -0.015073499143142223 0.002554473403007102 0.9998829891602252 163.12597547788647
0.9998061688569255 -0.011874493812819052 0.01571566425161881 0.8448020489348861 0.01191312480862128 0.9999255708222994 -0.0023665881208419347 -3.1912231250871903 -0.0156864006240846 0.0025533530546019293 0.9998735749489239 164.3900811512554
0.9997993251969378 -0.011556044699193505 0.016375942502164495 0.8675874025133417 0.011607399026868 0.9999273768708606 -0.003044197571292289 -3.221843746164092 -0.01633958180510875 0.0032336699976471504 0.9998611758179771 165.65170686894203
0.999782697548225 -0.011811128863554812 0.017188899736124055 0.8915573526160604 0.011885648132221456 0.9999197436647415 -0.004239451532374917 -3.252328094565309 -0.017137455819482946 0.004442833054768323 0.9998431489037489 166.9140891173447
0.9997697670534538 -0.011986612357801948 0.01780658294765087 0.915892437720587 0.012060981069437426 0.9999182963819544 -0.004074802283281334 -3.282706661501601 -0.017756294143818855 0.0042886306300448105 0.9998329896252123 168.1762851676565
0.9997525055265015 -0.012335842533183638 0.0185241440273503 0.9417699367638472 0.012386922600568263 0.9999191046561244 -0.0026451143898509758 -3.3139504509977415 -0.01849002530028475 0.002873917748382886 0.9998247849549435 169.44120330836745
0.9997376425317819 -0.012409408084079447 0.01926464157376732 0.968240146373412 0.012453536235793249 0.9999194069161121 -0.0021721606736815314 -3.344598735350312 -0.01923614393168173 0.0024115041877081586 0.9998119590213983 170.70450548767042
0.9997205021290839 -0.012772559287037279 0.019904763418445822 0.9957309347281483 0.012812192771892243 0.9999154856795985 -0.0018647447377834062 -3.373846701827912 -0.019879273415180802 0.0021192475962727515 0.9998000544100425 171.9705292828046
0.9997002171025426 -0.01321014174515718 0.020624836634135543 1.0242821157863777 0.013243856613080111 0.9999105139065562 -0.0014988258521433074 -3.4024455766524575 -0.020603201164300377 0.0017715292924683672 0.9997860434470414 173.23409885810935
0.999684744339816 -0.013419600145115231 0.02122896670023735 1.053619985718722 0.013470823169988835 0.999905997623762 -0.002271628127735322 -3.4319233518444707 -0.0211964965771047 0.0025568842868145276 0.9997719452186621 174.49810137639116
0.9996608568108089 -0.014450899479278832 0.021671556540407855 1.0831309847396844 0.014517876913126445 0.9998896093726185 -0.0029363783456863093 -3.461236816859005 -0.021626740149185676 0.003250008441539823 0.9997607388526961 175.75884660555323
0.9996490200269756 -0.014652425909955235 0.02207771914844396 1.1119260774227273 0.0147093666609666 0.9998881666895217 -0.0024188695112545198 -3.4919306652800364 -0.02203981806748032 0.0027427705307572128 0.999753216066265 177.0262102571837
0.9996425823252068 -0.014573412741084037 0.02241868794981384 1.1408982440753652 0.014651380934536579 0.9998864331249354 -0.003317452564048588 -3.5235317107503246 -0.022367804799566307 0.0036447326006822933 0.999743094968965 178.2888721421087
0.9996590983646979 -0.013257736515237447 0.022500429107837987 1.1674470082546906 0.013378104450391424 0.9998962589247412 -0.005207414063246148 -3.555447194133368 -0.02242906588296423 0.005506653796614062 0.9997332018948831 179.54899291434987
0.9996876907129448 -0.01030602678467381 0.022777085301886747 1.1933674645898962 0.010419616425576234 0.9999331717266361 -0.004873735619100338 -3.5870802692175805 -0.02272534415477975 0.005109543266619965 0.9997286538007862 180.81050765452213
0.9996815975083477 -0.010248438605835757 0.023068716835048093 1.2208873028501515 0.010288882309050548 0.9999450643592483 -0.0016349374156145306 -3.617214119045347 -0.023050703059233093 0.0018717679428973514 0.9997325522021347 182.0720017598441
0.9996816530173572 -0.010028751656219395 0.023163042036833194 1.2498053706057533 0.009949814085170445 0.999943624651451 0.0035209038094708893 -3.6446812030659896 -0.023197055934182396 -0.003289317525325338 0.9997255120086667 183.336504799704
0.9996736161523442 -0.010362397692283705 0.023360498072672226 1.2802362939718934 0.010300757594524167 0.9999424641575526 0.0027576598309003966 -3.66912738995234 -0.023387738365989452 -0.002516131197924267 0.9997233270184905 184.5931975662105
0.9996608202775096 -0.01201881558255903 0.02311512811916684 1.3118971333850047 0.012029468793845064 0.9999268799901485 -0.0003216819547860497 -3.6942043722892723 -0.023109581633588987 0.0005996350808343442 0.9997327850159383 185.8428679105864
0.999650359228864 -0.012304096353115615 0.02341698272964134 1.3427228172860084 0.012366796665206643 0.999919614044241 -0.0025344271507813394 -3.722353837474523 -0.023383927362528645 0.0028231348133006618 0.9997225896915541 187.09207034742735
0.9996513833650172 -0.011882956506506804 0.023589499619214385 1.3714289509834912 0.011944014289380795 0.999924999970654 -0.002448949216350112 -3.75266002689243 -0.023558640419903718 0.002729849737860888 0.9997187058244302 188.33861780226556
0.999652786123685 -0.011927122918145874 0.023507705949141554 1.4008192951541345 0.011949317152151959 0.9999276560403229 -0.0008037139386221054 -3.781856976173202 -0.02349642942772804 0.0010843365134189237 0.9997232947825895 189.58541022188723
0.999655428495819 -0.01202881885774726 0.023343431369539216 1.4298656078503262 0.012004317338592986 0.9999265779283762 0.0011896466210832 -3.8110386397962253 -0.023356039244680712 -0.0009090149491579975 0.9997267329874234 190.83062086575526
0.999676562519139 -0.011434948788774239 0.022729370611044745 1.4568864027699753 0.011389284090960607 0.9999321852680128 0.0021377295947703195 -3.839748602892119 -0.022752285192996723 -0.0018781673910536797 0.9997393467811092 192.06954191324354
0.9997056101528795 -0.01146927099406311 0.021395535809003573 1.4823271293998885 0.011436299386532397 0.9999325381660735 0.0016630231054820916 -3.868855929123042 -0.021413177320871907 -0.0014178480605240359 0.999769673412216 193.30333892736036
0.999749013402992 -0.010079459354370471 0.02002232999375874 1.5043484143255452 0.01008234862660686 0.9999484526606041 -4.3013045669145145e-05 -3.8975625440880806 -0.020020875157970384 0.00024487475577878267 0.999799513739411 194.53422260375353
0.9997737139526854 -0.01002773129154201 0.018774199788942222 1.5254120676963796 0.01005716704591312 0.9999476136523084 -0.0014737662161917763 -3.92929950338086 -0.018758447134963205 0.0016622490475939372 0.9998226591611509 195.76078917713426
0.9998068830451802 -0.009129730108008867 0.01742069807460187 1.5432974227659917 0.009171072171483746 0.9999545882581716 -0.002294273186640862 -3.96211001748352 -0.017398970761767347 0.0024535977883922786 0.9998456131960278 196.98146172016817
0.999826540255753 -0.009265095893596814 0.016176435832743953 1.5612790362359141 0.009289449082809785 0.999955077444052 -0.0014304685583293438 -3.9945178031227275 -0.016162466103211235 0.0015804914636520953 0.9998680822856865 198.198524394622
0.9998509143190532 -0.008954458204005358 0.014784271206924946 1.5772984888350683 0.008946881176511061 0.9999590140729278 0.0005791699609256555 -4.025373597321222 -0.014788861562483786 -0.0004468105552151432 0.9998904999919475 199.41132872037724
