1.0 0.0 0.0 0.0 0.0 1.0 0.0 0.0 0.0 0.0 1.0 0.0
0.999979555606842 -0.0005025123828090727 0.006380182690918446 0.004596698563545942 0.0005005160346627235 0.9999998211860657 0.0003144874353893101 -0.0020015237387269735 -0.006380339153110981 -0.00031128761474974453 0.9999796152114868 0.09154275059700012
0.9999096535236817 -0.0010615159220607004 0.013405720785471956 0.010011110611921085 0.0010587609198918191 0.9999994562144869 0.00021260162359616015 -0.004359703427162152 -0.013405938337213841 -0.00019838896146799878 0.9999101453007655 0.18573730567916774
0.9997800652868657 -0.0013867559110777971 0.020929170187585576 0.017533687772719502 0.0013955057379887793 0.9999989977276648 -0.0004034728657447087 -0.0068596653854153125 -0.02092858774390922 0.00043259086445525646 0.9997809163908185 0.2834671782677996
0.9995454883598937 -0.0020253095217098536 0.030081969891792404 0.028631859304367416 0.00208007405995899 0.9999963064838865 -0.0017893315452413446 -0.006726660449293471 -0.030078231309756853 0.0018510907629086199 0.9995458895117961 0.3873100195821503
0.9991404756190554 -0.0022307074853231226 0.04139670809762959 0.04273692250562711 0.0023791131608101174 0.9999909854625809 -0.0035360430632103337 -0.007303015440539571 -0.041388444212307945 0.003631490482041326 0.9991365838931889 0.5011396137700488
0.9984894089907332 -0.002145631290746877 0.05490581414165199 0.060000027872536124 0.002394372996906234 0.9999872187465259 -0.0044649521602981735 -0.008065472057293062 -0.0548955256842825 0.004589671387992727 0.9984816505344256 0.6279359266354944
0.9974754897650027 -0.0022230746752229294 0.07097918509512247 0.08275682712159767 0.0025450518282970815 0.999986933919725 -0.00444610420543426 -0.008995001610028251 -0.07096836465789678 0.0046155247033429474 0.9974679744549413 0.7669397071880242
0.995980035298621 -0.0009912405674108436 0.08957218857022169 0.1090495458740541 0.001397592628857701 0.9999891156646817 -0.004473981832059541 -0.01033981928700723 -0.08956676479805838 0.00458118120456868 0.9959703564812752 0.919180513084008
0.9939837572050674 0.00035646852248844083 0.10952848222326134 0.14153332254604561 0.00014066441928134446 0.9999897817115657 -0.0045310838899233 -0.0119508775885657 -0.10952896458324421 0.004519229891182804 0.9939733595406828 1.0819128749424738
0.9912981541539012 0.000451176564660419 0.13163648484958626 0.181605506826309 0.00017455106991900657 0.9999887648069656 -0.004741872075221725 -0.016045146230619606 -0.1316371362504689 0.004723585315502709 0.9912867427446395 1.2513780824145555
0.9877901606104654 -0.0029278727672912663 0.15576405609688615 0.23256416964753038 0.003900866477866962 0.9999747380708401 -0.00594128385830583 -0.0226536387084238 -0.15574272151663499 0.006476355205756325 0.9877764374923879 1.4256429648910518
0.9834267608133614 -0.007281909359492069 0.1811609181917877 0.2934586150171845 0.008809760174117888 0.9999320633039946 -0.007630443082537382 -0.0311642893121675 -0.18109303926142944 0.00909996380656199 0.9834239122197724 1.6041399093419668
0.9780775281792927 -0.010801964719624456 0.20796206050225208 0.36165062600612885 0.012793405402709731 0.9998842349118061 -0.008233359964953139 -0.03933357395269291 -0.2078490297922144 0.010713403728789412 0.9781023597887676 1.7886398078337986
0.9713485508820184 -0.011583862509821088 0.2373781357545529 0.4366240485104523 0.014004442023471375 0.9998656991607916 -0.008513364303568777 -0.043135058556208535 -0.2372476153101249 0.011593789346948729 0.9713801071083694 1.979230858624585
0.9632840224141032 -0.013445714876768666 0.2681485951408449 0.5224914983603561 0.016136400820760045 0.9998391114050369 -0.007832910212678497 -0.04573637182968009 -0.26800010940098584 0.011872267286541957 0.9633458027391585 2.173019806225627
0.9538092948606232 -0.01577198526702348 0.29999936707392577 0.6200935271306013 0.018613747279570273 0.9998048713872291 -0.006616870185356336 -0.049022325134529414 -0.29983642008344347 0.011895341802083749 0.9539165533387477 2.368741209669629
0.9425178136110811 -0.017741198184606476 0.3336853882013646 0.7248446326206651 0.020738166592054533 0.999770302062008 -0.005421183998798893 -0.051407427235719685 -0.33351248814855583 0.012029583354503872 0.9426690260746668 2.5656888740836434
0.9299716000067144 -0.020366444115636543 0.3670674891747688 0.8394927548296427 0.023853020905143643 0.9997031483148655 -0.004964299290049881 -0.05397788818212462 -0.36685735991582885 0.013372322603596838 0.9301811805507865 2.758285188735104
0.9160373847631785 -0.023498482304942243 0.400404499917686 0.968758938421757 0.02746957671763831 0.9996139055983944 -0.004180150511708248 -0.05101000489880616 -0.40015160300423386 0.014828113961301645 0.9163290494186297 2.9504162277427275
0.8999656456951821 -0.024328159633106878 0.4352819297684273 1.1036327507440111 0.02866012072436728 0.999583467107221 -0.003388839861667327 -0.04676236759805622 -0.43501808402805536 0.015525070099917887 0.9002879148504738 3.1420849917818203
0.8815783177357708 -0.02050712989505233 0.4715925933646354 1.2427633073683646 0.025437546342730752 0.9996681122751643 -0.004081632943858519 -0.04292676475776846 -0.47135227684834924 0.015594435302275764 0.8818072144369118 3.3331055346695426
0.8604450558766373 -0.015509684340479439 0.5093076404576208 1.3924748938649467 0.020638859902268828 0.9997772045803222 -0.004422425075483436 -0.042389646749474 -0.5091255009748576 0.014316779052726233 0.8605733113095126 3.523027559129791
0.8357454671229462 -0.016847572528504155 0.5488589974912138 1.5644459468528307 0.02109934215016046 0.9997763821087811 -0.0014391208266993658 -0.04491981290646805 -0.548711907260759 0.012783299677218396 0.8359138735518495 3.706266174960759
0.8069526137174476 -0.023700928113627534 0.5901409094536736 1.7615676465267627 0.02696200055383117 0.9996311818594129 0.0032790951437513087 -0.04899411852127097 -0.590000836365673 0.013265302944398632 0.8072937615506934 3.8807022458712193
0.774774754613278 -0.02685280325911812 0.6316673543238217 1.9693594994601638 0.03022770102487817 0.999528459526938 0.005415007379036293 -0.051411463035022704 -0.6315147992433177 0.014898437302096348 0.775220822373548 4.049497731418325
0.7390817657667755 -0.027036246132605274 0.6730734456048054 2.187834492777356 0.030781632622601213 0.999506060785006 0.006348122054691151 -0.05358741646174706 -0.6729125328614758 0.01602651382469158 0.7395485990077366 4.215881743036412
0.6998657674024233 -0.023007437737642158 0.7139042366071194 2.4155263687286914 0.025062700621983545 0.999656679034733 0.007646710384920247 -0.05318918018032562 -0.713834995635113 0.012540692365425304 0.7002018337491805 4.3823900557907915
0.6574742360503831 -0.019588338295649606 0.7532228483553517 2.663145592640231 0.020089461077816378 0.9997624217116935 0.008464145949284215 -0.05287035074598878 -0.7532096057245709 0.00956687810331084 0.6577112486883548 4.540772843300673
0.6131633991321523 -0.019309466368633735 0.7897205770896554 2.929114312998819 0.017508638236793644 0.9997879300700263 0.010851587128608746 -0.05283790699990813 -0.7897625007641417 0.007173131278524772 0.6133711197038476 4.687678971260919
0.5654776243088981 -0.020290561915498596 0.8245144453865852 3.2155105137641575 0.015503897134630028 0.9997823119483573 0.013970698720296831 -0.05138932490234535 -0.8246182718288204 0.004883066549140935 0.5656687865255758 4.82443266248107
0.5147149376599088 -0.020899496116274736 0.8571070429867935 3.517838245186896 0.013822369077821167 0.9997753442205686 0.016077601116825775 -0.04877552174863556 -0.8572503211556526 0.0035718658698605495 0.5148878371775404 4.948177100566123
0.4622318304746039 -0.022672325336409963 0.8864697046994924 3.836955302686261 0.013115782424188578 0.9997387096403976 0.018730334836313322 -0.045056535090191585 -0.8866625401883662 0.0029689845965707776 0.46240805366580484 5.057269246107377
0.4081176903576232 -0.024827829590284987 0.9125921730515721 4.177129930853605 0.012029701674870427 0.999689801423729 0.021817631376982647 -0.03878840304226475 -0.9128504907056079 0.0020740487069162666 0.4082894038504542 5.153466801146633
0.3528225828675482 -0.02685157844903778 0.9353053506711477 4.534335064338298 0.011748606071041199 0.999636662400408 0.024266571968973697 -0.03325058427270279 -0.9356168847567596 0.002426738266056671 0.3530095059290838 5.233793697324376
0.2977521031000868 -0.029990814858886914 0.9541724769665612 4.911075193483117 0.009323262310169372 0.9995502037506696 0.02850775334692431 -0.029454289677560197 -0.9545980912448065 0.00040775687819317747 0.2978974668370506 5.3024498638538144
0.2439427337796546 -0.03226581463954884 0.9692532272980044 5.299328176922296 0.00523922084596267 0.9994757646062943 0.03195330133499927 -0.02697743567993455 -0.9697759273900278 -0.002716642436457249 0.24398357098500087 5.360940969595199
0.19281239945372225 -0.03260784973259615 0.980694200552035 5.701356085158632 0.002205291428326778 0.9994596633285409 0.03279823317849383 -0.023030732505165553 -0.9812335724751761 -0.00416118725511068 0.192779825955678 5.401693165171499
0.14510124521348783 -0.03362427665745092 0.9888457760827548 6.122091988107269 0.003992002162046564 0.999434240684816 0.033398555588240314 -0.016042448812180105 -0.9894091473283024 -0.0008986958942232221 0.1451530862515478 5.421288826319467
0.1020612432132379 -0.03392399252173017 0.9941999063597384 6.558994401362516 0.006144863254153254 0.9994208267911621 0.03347134017058127 -0.00575677403637672 -0.9947594764093395 0.0026930968421957345 0.10221030752134164 5.427672285998241
0.06378239452146557 -0.03251624571869645 0.9974342843886641 7.009091206859797 0.007384427478820177 0.9994570662284147 0.03210998899813676 0.006191877642433272 -0.997936844101782 0.005317429765906039 0.06398759549023242 5.4240166073197145
0.029047691779305315 -0.029911878427795534 0.9991307780307238 7.473427301837644 0.006521647051582884 0.9995366157249631 0.02973443505019243 0.016251996571294322 -0.9995571425419919 0.005652260969694427 0.0292290171715122 5.410696186628096
-0.0027216639830209156 -0.027259503938194932 0.999625056148698 7.950413817802038 0.00571883251664306 0.9996116875732127 0.02727471790579053 0.023059497196501882 -0.9999802927733816 0.005790919944663509 -0.002564999050327373 5.389281395300196
-0.02964871898282213 -0.02550784969619396 0.9992352602587834 8.44461658591825 0.0063264141800260755 0.9996495807615939 0.02570615007429712 0.030664174135423123 -0.9995407016724622 0.007083728631996455 -0.02947723776836126 5.3536424756134355
-0.05091742908182885 -0.023129849303159544 0.9984353986308455 8.953009686465077 0.006820049175181256 0.9997004428109597 0.023506970665994976 0.04057330125722087 -0.9986799107615727 0.008006290084382299 -0.050744710750894165 5.310727406694231
-0.06733261427377112 -0.021739712090035473 0.9974940920400025 9.480379835375762 0.006474876689596041 0.9997320616728004 0.022225562559681104 0.052489701374830944 -0.9977098580604897 0.007955153831608237 -0.06717409002295492 5.263866337850726
-0.08060819189286167 -0.022174085756456872 0.9964995405287731 10.023023546395832 0.005344069922773087 0.9997285783252313 0.022678235892999003 0.06141490212053761 -0.9967318288579042 0.007153412496442203 -0.08046808761619999 5.211224120821432
-0.09045227983050708 -0.023836091810086054 0.995615853749449 10.579212145641305 0.006387152569239972 0.999679087975715 0.024513657278091138 0.0659629697653871 -0.9958806031133478 0.008576464223130438 -0.09027128410388 5.153072683623644
-0.0972577268751343 -0.02540288903342693 0.994935376622888 11.152743087465515 0.00855978734769646 0.9996158982256192 0.026359148381905822 0.06936491376137763 -0.9952227565811375 0.011080063800323376 -0.09700320072196132 5.088357572988541
-0.10181135431144123 -0.02625985610699082 0.9944574593432307 11.739414316867533 0.008587849209803116 0.999591075473464 0.027274642055348648 0.0785514446664384 -0.9947670317674514 0.011317116220067477 -0.10154447704673662 5.02587471686738
-0.10350048008429792 -0.026485499335305026 0.9942770979254095 12.344121441422066 0.006117966167290578 0.9996095371319251 0.027264414146969167 0.09122885754232934 -0.9946109232410896 0.00890483136747119 -0.10329830428979463 4.964835754320723
-0.10282780010893447 -0.028472013619483018 0.9942919562558769 12.964272320783804 0.003919275218218303 0.9995708694958436 0.029028514173194235 0.10267243151026244 -0.9946917510070808 0.006881840924268873 -0.1026723620127608 4.901807084285
-0.10135775220864157 -0.03126974381441491 0.9943588653788719 13.60014994335401 0.004596278880141652 0.9994804792309803 0.03189932928052051 0.10951517870240675 -0.9948397340620773 0.007803594326612205 -0.1011616502227071 4.835675550520529
-0.0995048962023841 -0.03165287148716878 0.9945338576913533 14.25163992631251 0.007042733767525163 0.9994464323951955 0.032513874417754184 0.11782275172459397 -0.9950124739171675 0.01023952630794766 -0.09922716786212175 4.76721956840603
-0.09786430267998675 -0.028808461993743217 0.994783083307437 14.913408755223315 0.008778978950590047 0.9995170513324735 0.029809220866828655 0.1296150201756237 -0.9951613751638804 0.01165043731264245 -0.09756440389841553 4.697357590888772
-0.09663346595064232 -0.02858462904692464 0.9949098192653317 15.593721448702556 0.009168547695087811 0.9995195075318886 0.029607601905872083 0.14508048332401405 -0.9952781409790232 0.011982962160961006 -0.09632522777051118 4.6299943789229605
-0.09508532777538774 -0.030885607647150384 0.9949901988126615 16.290981448729134 0.0086911916174569 0.9994546930633862 0.03185476563247483 0.16222519119400106 -0.9954315330076329 0.011676570931223478 -0.09476531378624044 4.5632975443337696
-0.09324597460133684 -0.034325238178265965 0.9950515287897244 17.00478213464965 0.009606880190602657 0.9993279808961707 0.03537302351860537 0.17701553799501143 -0.9955970811119845 0.012857734258240171 -0.09285382115819554 4.4946240725169755
-0.091433535454557 -0.037497387602891064 0.9951052678175746 17.733218118037225 0.010720969332178868 0.9991958328802777 0.03863661212764483 0.19055965068288988 -0.995753806405915 0.014201177371143061 -0.09095826519160666 4.426526162026488
-0.08963018079321776 -0.03633812721956384 0.9953122766586151 18.471827414040302 0.011919242194037344 0.9992235307772703 0.037554282467666615 0.20927787116054664 -0.9959041611902986 0.015229367402819612 -0.08912772132576899 4.359244224723037
-0.08776872243681826 -0.0334355291390658 0.9955798607325093 19.22426857668363 0.014181260856774557 0.9992933074275758 0.03481044339298251 0.23055696608835652 -0.9960403090932217 0.017173847122843772 -0.08723279896976542 4.290978402414811
-0.08620020115037912 -0.03252659661263543 0.9957469604423494 19.988327573599406 0.015537435226254729 0.9993014349468979 0.033987759663667454 0.25031651513908004 -0.9961570608908936 0.018401106844870847 -0.0856348625195393 4.22311579226359
-0.08451286121826534 -0.03487327371056679 0.9958122061622274 20.773095960184413 0.012900904902611353 0.9992652601313418 0.036089083102526946 0.27035155931686333 -0.9963392880163408 0.015896870210644037 -0.08400112781037997 4.161924066923383
-0.08331622425139833 -0.0370588469807561 0.99583408537123 21.564475802286854 0.010520154435513044 0.9992198152601707 0.03806501619198108 0.28802336703630166 -0.9964680283879036 0.01364776180550919 -0.08286161765073506 4.1002099262311305
-0.08195797190374865 -0.03938845661394334 0.9958573884940405 22.364186406545844 0.009754554262866748 0.9991390832819372 0.04032105232651851 0.30622102895609526 -0.9965884807800751 0.013018776416628379 -0.08150345483393436 4.035953343469295
-0.08125067780448653 -0.035263933823873043 0.9960699084695496 23.16414339132055 0.009827302514547312 0.9992969356758137 0.036179810402120115 0.3216149017549538 -0.9966456366974547 0.012728314345247703 -0.08084726242869421 3.971012073468433
-0.08074516399570592 -0.027842168282226437 0.9963460841614984 23.969494817388853 0.008508497174483732 0.9995540835763561 0.028621356919228576 0.3342069941319403 -0.9966988356368853 0.010788441943757643 -0.08047252231208923 3.908961050036442
-0.08068472877560932 -0.023172824090435327 0.9964705141262328 24.789459554182177 0.005031575547515138 0.999707446726769 0.023655513486438837 0.34925414010138695 -0.9967273132013135 0.006922451306701117 -0.08054479266317906 3.8490433065929572
-0.08117518532130287 -0.022684716086055077 0.9964418822849059 25.61885212265511 0.003485170030616298 0.9997283242074002 0.023043458255879334 0.36150841666656 -0.996694101568852 0.005343322174232694 -0.08107433384840408 3.7860690695880885
-0.08098691030049329 -0.031237931566092544 0.9962257112291717 26.461351794719377 0.004490320864127161 0.9994870724465817 0.03170523594625393 0.3717695152331171 -0.9967053228143279 0.007041080961019518 -0.08080536945209235 3.7163352689538733
-0.08132603804647345 -0.03806031164658669 0.9959607780294136 27.307537327345305 0.0056423868278595675 0.9992368510778609 0.03864625053521189 0.3854931150913975 -0.9966718591692564 0.008762542573902974 -0.08104949739949527 3.644743268838059
-0.0816596241364708 -0.043882926730710606 0.9956939367761218 28.152860722552234 0.007595702059529611 0.9989736338756585 0.04465042724281684 0.40288666601141354 -0.9966316075788783 0.011209133912633356 -0.08124276495618328 3.5695333818343653
-0.08204880511487748 -0.04465938667380175 0.995627419645751 28.997604745939665 0.009387238096530779 0.9989163773661277 0.04558052175958243 0.4194168341290883 -0.9965843911612088 0.013086021512269362 -0.08154094298075028 3.4928898352019746
-0.08245300675844228 -0.041335938496949186 0.9957375064459506 29.837201306204303 0.009690646697490066 0.9990587686394062 0.042276266792840404 0.4369996646416083 -0.9965481355790243 0.013135147735988098 -0.08197510011958334 3.4184488223609746
-0.08290219368233574 -0.03805545171703933 0.9958310166908878 30.674231283333196 0.009508384191306167 0.9991947318809098 0.03897557379432738 0.45665898623656326 -0.9965126230940403 0.0126999051215507 -0.08247386483940257 3.3460340221289164
-0.08288973094228505 -0.03922060099095599 0.9957868567862962 31.5158454947145 0.011052953908965945 0.9991274241388856 0.04027223990947596 0.476380436847638 -0.9964977258811987 0.01434454278153474 -0.08238417562758125 3.271980239208611
-0.08269817636113833 -0.0419465184179941 0.9956916553533589 32.354405412712914 0.012142940688179015 0.9989970187290454 0.04309432224835853 0.49172499637672434 -0.9965009117735569 0.01565445007135838 -0.0821061551551261 3.1988111852503187
-0.0827172619665201 -0.04082263306911045 0.9957367429449246 33.1951562142322 0.013028312054321006 0.9990307848996528 0.042039968839756185 0.5076456500234371 -0.9964881802344899 0.016450203546717525 -0.08210551309165118 3.1236165304407315
-0.08231209843612416 -0.03566365719650851 0.995968463722702 34.02624468611256 0.013765538288487433 0.999223250779036 0.03691787566970306 0.5241835471729653 -0.9965118149190152 0.016748830936388345 -0.08175751120832071 3.0512495930193113
-0.08195137555767133 -0.031054230932490857 0.9961525414939543 34.86002477619505 0.014990300581421817 0.9993626856425177 0.03238753927769874 0.5386699387859956 -0.9965238548899246 0.017586830085872848 -0.08143391422871187 2.980347661014019
-0.08151401111864713 -0.03157691464581338 0.9961719916240663 35.69637889825768 0.015018644159746323 0.9993452677434149 0.03290645270401666 0.5500326111118021 -0.9965593364797962 0.01764348913587291 -0.08098667832570211 2.910609286606836
-0.0807471689187792 -0.03441758200876921 0.9961403539819869 36.533440036550935 0.014077148937312512 0.9992642325234729 0.035666628169073594 0.5579495315669029 -0.9966355319599919 0.016902794039656638 -0.08020353696718766 2.843125007165871
-0.08028244240233887 -0.038932305298029074 0.9960117320602437 37.373733162646325 0.013557465714340534 0.9991014564932013 0.040145885928498444 0.5707741792574652 -0.9966802852460649 0.016726403064749273 -0.07968276770182986 2.7750563842217284
-0.07964981787821762 -0.044430321731622986 0.9958324577296421 38.21473375905732 0.012755858533372412 0.9988785760011764 0.04558650740591394 0.5878560523986261 -0.9967416089548431 0.01633365444685808 -0.07899403774710771 2.706970545047818
-0.07980669161524526 -0.048356457077331105 0.9956369812999963 39.04914984505824 0.012858783644398138 0.9986892186325329 0.04953543933487793 0.6055654155332819 -0.9967276961120879 0.01675594133766325 -0.07908056908451508 2.6388429370949327
-0.07952916590979894 -0.047765494209161694 0.9956877021406721 39.88164382523175 0.012539899778820996 0.9987239719425478 0.048912782229332395 0.6246506064823436 -0.9967539714293904 0.016375817583973058 -0.07882899759132499 2.5722468060630934
-0.07935208194681555 -0.0442570173796502 0.9958639417672962 40.71168552912619 0.0124238830011003 0.9988920983157582 0.0453815713889347 0.6464851260884994 -0.9967695004582143 0.01597361948879098 -0.07871461468177889 2.504793612016286
-0.0789717405742662 -0.039593052834542494 0.9960904955315447 41.538370218637425 0.013153300367136102 0.999082216097646 0.04075481064154717 0.6640132953901409 -0.9967903289015949 0.01632035515120225 -0.07837877542050468 2.436138077238387
-0.07862379401480564 -0.03683587495281689 0.9962238306739352 42.36516363921793 0.017114523840524153 0.9991196430732994 0.03829368185208823 0.6807256653696232 -0.9967577313294624 0.020060691385433566 -0.0779244363544518 2.3630574189799143
-0.07912454108500783 -0.03465557551125134 0.9962623795166197 43.19139197334102 0.02040108667601744 0.9991296556399699 0.03637561563786001 0.6977439054989425 -0.9966562402864972 0.023203042137512675 -0.07834894680728847 2.2901916930946276
-0.0797654984756234 -0.03312766470606844 0.9962632084420684 44.01515727113408 0.019107540834501956 0.9992128918894364 0.034755601499129755 0.7092751244209357 -0.9966308161185 0.02180844023964841 -0.07907000409208796 2.223670441632638
-0.08099512767235965 -0.029762064767839286 0.9962701531627757 44.838798433964286 0.01535853837076005 0.9993978522644137 0.031104135190025257 0.7206980287184465 -0.9965964440366816 0.01782053800853478 -0.08048953062329954 2.1608902587445744
-0.08168231319820156 -0.02762883794275917 0.9962755647288135 45.66117646695381 0.011152127328515364 0.9995275132722422 0.028633371823211066 0.7331971486135243 -0.9965963292154829 0.013449429463098208 -0.08133587638350818 2.09660328503652
-0.08331052203924251 -0.030880159318708984 0.9960452807561938 46.48331874120166 0.010247261791546473 0.999440151308452 0.03184251724163985 0.7434433080187898 -0.9964712698944426 0.012859551302046034 -0.08294772024426253 2.02823992352556
-0.08506632354440274 -0.03760129628717506 0.9956657578457995 47.307415684063045 0.008393795148841582 0.9992249474570611 0.03845285951958254 0.7534208898795978 -0.9963402450302614 0.011628457083481376 -0.08468505315040459 1.9591038381598995
-0.08682812083468665 -0.04163567210193102 0.9953530886359963 48.123291616550425 0.006298424312372062 0.9990831130225113 0.042341147582738894 0.7646936946128274 -0.9962037082599574 0.00994555785445587 -0.0864865506462385 1.890478770724862
-0.08855115807827561 -0.04048819456695967 0.9952486220849601 48.933113316524974 0.0053194619882334 0.9991398551826595 0.041119800587671645 0.7767188352069028 -0.996057744551476 0.008935392267459917 -0.08825989295453109 1.8202769781711032
-0.08958864862105964 -0.03722222038716805 0.9952833180938622 49.735494202752534 0.009200331616073676 0.9992276261275019 0.038197898450830076 0.7874168936048526 -0.9959367053740548 0.01257903323411192 -0.08917727482879245 1.7406802422046788
-0.09088131200661907 -0.03306844754852721 0.9953127896993373 50.53248512187076 0.013343285011782849 0.9993181589967071 0.03441990374497515 0.7989844956546615 -0.9957726965720655 0.01640886697679417 -0.09037838175194943 1.6593515726751962
-0.0920265585487642 -0.031373607236023275 0.9952624080872728 51.32867721451066 0.01768448703691062 0.9992941639366039 0.0331359035417812 0.8126442215528062 -0.9955998252752535 0.020650089078590228 -0.09140705713131964 1.5752891762429662
-0.0930131077141166 -0.032683485167058504 0.9951285758474286 52.12274239180298 0.019938567823369866 0.999199332581413 0.034680824820113074 0.8219620367647165 -0.9954655433045969 0.023067211812122398 -0.0922872553233281 1.4937343725452552
-0.0939629959679995 -0.03429650001300591 0.9949850337814953 52.91587228025175 0.019474423062221274 0.9991517587086641 0.03627923489983499 0.8317708408919796 -0.9953855461912736 0.022785667661210398 -0.09321566433227858 1.4167874258823936
-0.0948915239896524 -0.03383221306342077 0.9949128107103301 53.701950767340676 0.02126904001023942 0.9991251666056417 0.03600403626832346 0.8419547794050258 -0.9952606872005912 0.02457732289669623 -0.09408920719069025 1.3374628156791526
-0.09547637565219597 -0.03365718749808127 0.9948628278454104 54.483994228656464 0.0223416074711671 0.9991038957231703 0.035944789292868366 0.849494815786992 -0.9951812855201888 0.02565871609834959 -0.09463913915529154 1.258973648781521
-0.09600793372503709 -0.03526497799286681 0.994755986003738 55.26302332824829 0.020889481861265373 0.9990805810219495 0.03743443208839334 0.8601483747869912 -0.9951616904594153 0.02437394185884308 -0.09518327451696786 1.1846820519293377
-0.09631617695785477 -0.03786517736351643 0.9946305646383632 56.03806476480849 0.019667494513463103 0.9990084781972951 0.039936380607181 0.8696858897415896 -0.9951567649791108 0.023408414692716217 -0.09547624627102663 1.1107372589513047
-0.09631893669323564 -0.042291431751625384 0.9944518857341734 56.81071854086619 0.020236693598389324 0.9988070488596915 0.04443670714316805 0.8820227812877596 -0.9951451288803843 0.024404519882014575 -0.09534846806057123 1.0326180854366374
-0.09679244827616967 -0.044769181460683594 0.9942974303009182 57.57457899126792 0.020177078513014406 0.9986941437877577 0.04693134711681769 0.8956997196892004 -0.9951003906256669 0.02460462361870176 -0.09576301387474632 0.9565217993477367
-0.09751231741446845 -0.04461780944529734 0.9942338901938719 58.330355848127795 0.01973639050448741 0.9987112288391584 0.04675445068690348 0.9106549222808313 -0.9950389456517381 0.02418172895367525 -0.0965063273062029 0.8830460351800427
-0.09795455893960239 -0.04283847539194644 0.9942687167617404 59.077562819978645 0.019066947976243368 0.9988087789529594 0.0449125591617539 0.923456490015217 -0.9950085852790105 0.023357063786306715 -0.09702134970586518 0.809986119630686
-0.09803635232439101 -0.03931124687577504 0.9944063628482731 59.810363352061245 0.01882453612922935 0.9989672782848226 0.04134743660846892 0.9337857460980501 -0.9950051183686742 0.022772793059751283 -0.09719537342376684 0.735948628591967
-0.09799930211174139 -0.0366632101797044 0.9945111983611609 60.53655095478963 0.019044401351505525 0.999068865302629 0.03870788886869746 0.9432241614188493 -0.9950045493368116 0.022733218436454244 -0.09721011097795564 0.6623506513104387
-0.09675597929673567 -0.03416091345574355 0.9947219911341898 61.245453778770134 0.019578741989529223 0.9991519232425823 0.036217475741615435 0.9508069295450621 -0.9951158204124338 0.022979665321291833 -0.09600538320722023 0.5919288291705971
-0.09446831954942125 -0.03336170302405497 0.994968983820828 61.94030091294438 0.021663166702235313 0.9991326285864428 0.03555815700987432 0.9565150182221771 -0.9952924496708693 0.024913301283091556 -0.09366394105701838 0.5237394426717211
-0.09065603356400533 -0.03447300529337266 0.9952857097395422 62.62019248687302 0.022663512977056894 0.9990703210001796 0.036668419660052944 0.960723003046289 -0.9956246760285599 0.025880887520075724 -0.08979075082860075 0.46169562592913943
-0.08478881819463076 -0.035629248612158645 0.9957620086386518 63.28548681393377 0.02179698632033639 0.9990548244281429 0.037603091333423544 0.9654747757670564 -0.9961608580095791 0.02489293427385314 -0.08393234560027665 0.4088161768835423
-0.07769140533344907 -0.03737619630829686 0.9962768549473068 63.9354382955701 0.020990414284816346 0.9990140183858552 0.03911576639822128 0.9696775866143016 -0.9967568203802873 0.02395122551840532 -0.07683053438709543 0.3622697298227585
-0.06908218459715365 -0.03878503082894405 0.9968569880953801 64.57045937021297 0.022015775842896233 0.9989411596449393 0.04039182685843082 0.9742122571143772 -0.9973684161159545 0.02473693803062952 -0.06815542242912744 0.32016186964473625
-0.05715159143444309 -0.040501802103031295 0.9975439414836165 65.18988957830608 0.024285768985588926 0.9988245683317064 0.04194520056844054 0.9801831260486119 -0.9980705132453827 0.02662335877260982 -0.05610106050124902 0.28593598061190945
-0.04271096703583993 -0.04211625267609251 0.9981996802695308 65.79132996117217 0.027366904869405365 0.9986866989055336 0.043307794536103006 0.9882527130407214 -0.9987129781336548 0.029167356589269586 -0.04150254751317219 0.26274231505582774
-0.024299140647535866 -0.04346379419637382 0.9987597611002804 66.37560992248898 0.0290734401031077 0.9986009519280482 0.044164239878601456 0.9966471808916995 -0.9992822748525813 0.030110538679250058 -0.023001765435215323 0.2555464208627795
-0.0025188298617212423 -0.04426212705419125 0.9990170480599678 66.93698643642962 0.030302001073799673 0.9985576055840771 0.04431818867052315 1.003708222517208 -0.9995380464813769 0.030383849338626475 -0.0011742197231473903 0.26460092954474224
0.022886870467354395 -0.04500990512433916 0.9987245943190594 67.47670162169568 0.030121304830384655 0.9985633418054306 0.04431238980075074 1.0092066730302502 -0.9992846445485349 0.029068719731433275 0.02420949923095947 0.29415375191979054
0.05165771620809805 -0.04439325207809449 0.9976779129803981 67.99048314291716 0.028521161090601595 0.9986694298680956 0.04296061460536898 1.0138233930848906 -0.9982579578934079 0.02623568877314712 0.0528548927342609 0.34554666035683307
0.08536061958292683 -0.04448265144103565 0.9953568946627901 68.48210354857467 0.027501567950418925 0.9987272516221223 0.042274785762951274 1.016477798101464 -0.9959710337915062 0.023765273424824155 0.08647509870909514 0.4164667450566982
0.1227574094281807 -0.04458968256782939 0.9914347685575023 68.95409696770925 0.026863275474846675 0.998773232621858 0.041593588895940184 1.019829415471078 -0.9920736491615783 0.02152726225335401 0.12380443878876793 0.5048688364744882
0.16298132020284595 -0.044269863020485176 0.9856357175218959 69.4037303313603 0.026716368956545777 0.9988244020666175 0.040444517544444815 1.0215404290042716 -0.9862679788400757 0.019740904632023444 0.16397225549375902 0.6110761427901757
0.20779896126714262 -0.045183755489917904 0.9771276649341377 69.84843541042159 0.02578533732747364 0.9988383073138848 0.04070410748783412 1.0239289713705784 -0.977832180597198 0.016737293412087483 0.20872248390196133 0.7419553441409967
0.25554938644653086 -0.04418572208744034 0.9657859568952063 70.27044338917183 0.023239561758531146 0.9989469928431113 0.03955363579697532 1.0243362207380862 -0.966517220183584 0.012336531069862919 0.2563070073898096 0.8955642388409953
0.30528234765480977 -0.03940292727990666 0.9514465066837529 70.68169616116633 0.015721029588251757 0.9992157941799584 0.03633696487030349 1.0238884278071998 -0.9521326850097191 0.0038646757816307763 0.3056622760861972 1.0807350738378985
0.35612918929889786 -0.03412241378697382 0.9338137676513412 71.06858967293778 0.010092613685690918 0.9994150710334687 0.03267052864303857 1.025888885175029 -0.9343828539216857 -0.0022103200574847184 0.3562651858680711 1.2857383057816185
0.4079746635915253 -0.02889908549401909 0.9125360395028975 71.45142282189236 0.004496246099096278 0.9995502065435283 0.02964457655094022 1.0323632516568673 -0.9129827931674073 -0.007991266157589135 0.4079210784473921 1.5135420056850792
0.4589753341908227 -0.02786767734565878 0.8880121293109581 71.81419505417414 0.00438338752322126 0.999566634075595 0.02910291945434293 1.040293187178265 -0.8884388098863212 -0.009465038672301059 0.4588985997447745 1.7538202123668674
0.5069014179862251 -0.026539331621044313 0.8615956882561153 72.17073717258495 0.0031810860900374485 0.9995765071674999 0.028917982998131846 1.0455504540245524 -0.8619988054085547 -0.011917774947659714 0.5067712273353534 2.013636607887496
0.5520074828633531 -0.02262561008966421 0.833532414564302 72.50742182030564 -0.004001832202549326 0.9995482095308383 0.02978221452172911 1.0491865502263447 -0.8338302083536613 -0.019775687050458787 0.5516675989016799 2.2969393161510334
0.5956631028618812 -0.01585582466291535 0.8030781580184476 72.81071091830606 -0.01549800115419262 0.9993919861670058 0.031227076252927703 1.0521895786866673 -0.8030855179883288 -0.031046955698486037 0.5950552709162875 2.601775198573585
0.6381228357323953 -0.01052789952153165 0.7698629229551053 73.10854401595182 -0.017637379015005956 0.9994440083522989 0.028286691703755303 1.0522154318930614 -0.7697332026639345 -0.03162877895519806 0.6375825223038424 2.9086746597793263
0.6793715071267001 -0.006183907744529397 0.7337687500788329 73.38523574423307 -0.014385948122541924 0.9996598690089248 0.02174420791571737 1.0519923362259076 -0.7336541412892422 -0.025328385670947227 0.6790516150791674 3.2208202525545913
0.719879211826575 0.0011539148987378416 0.6940987260192639 73.65930623778407 -0.011345092185432261 0.9998844246912348 0.010104219750908586 1.056081782148943 -0.6940073326540768 -0.01514846126285965 0.7198092508161495 3.554383222770811
0.7593592298814397 0.004901999232461276 0.6506535284229353 73.91332948447915 -0.007111532317412997 0.9999742351068426 0.0007659171955871477 1.0587545422659002 -0.6506334617043907 -0.005208774934478019 0.7593747456863764 3.9112620984345376
0.7967187195953583 0.006044380308906109 0.6043204513485622 74.16586722165245 -0.005806534372768501 0.9999801339117311 -0.002346560407283536 1.0578565725082603 -0.6043231394511847 -0.0016394823925642015 0.7967382518798153 4.300551299316416
0.8310411114561221 0.008058975693148835 0.5561530551779607 74.40169590198914 -0.006588461129762487 0.9999672109806176 -0.004645158524513769 1.057077458904786 -0.556172815175357 0.000196101829211957 0.8310672267681529 4.718509817956997
0.8620978701745046 0.00737445692841376 0.5066887029058644 74.61513520472946 -0.004114439777579645 0.9999627184784765 -0.007553202351613279 1.05345847177996 -0.5067260312349244 0.00442683868286464 0.8620964091937604 5.155818003322625
0.8886389956908614 0.00543261599188664 0.45857588374690295 74.82556539468163 -0.0031655453622999228 0.9999784456117082 -0.005712165566397401 1.0448456970290423 -0.45859753107394613 0.003624389957491941 0.8886373052075153 5.623160092306236
0.9103883451006997 -0.00012475504321733788 0.41375568448641364 75.01813490936759 0.0022688591139813988 0.9999862636579788 -0.004690639622566682 1.0381201877776907 -0.41374988381641314 0.0052090391085166995 0.9103763300618679 6.110255096588749
0.928297917927674 -0.00441822755002437 0.3718120798060788 75.20552669829083 0.007412560326623424 0.9999504387294816 -0.006624434227538654 1.0358370235086047 -0.37176486138985493 0.008905512963455337 0.9282848161984654 6.6181050744370165
0.9422185729995607 -0.008825762535740076 0.3348836714768148 75.37985885874453 0.011435583375206573 0.9999174785830675 -0.005822239455364199 1.0302829795901005 -0.33480513902971615 0.00931539857272065 0.9422419424908447 7.15198274691276
0.9526127000096807 -0.010321584787177854 0.3040119066259198 75.53927956635104 0.01194841238453822 0.9999223000772315 -0.0034913592805660373 1.0201350781251104 -0.3039527402584845 0.006958358984678016 0.95266225235705 7.706092087529528
0.960129525184172 -0.009160177867667232 0.27940669935112145 75.69192823192765 0.010173399626465856 0.9999456471699432 -0.0021763595035852166 1.0104529864536207 -0.27937206432803824 0.0049320878031117515 0.9601708085522359 8.281094704593102
0.966141791890883 -0.008961585330402541 0.2578573299426318 75.8369519153787 0.009326195183056336 0.9999562206465764 -0.00019088693029198968 1.0046887357454444 -0.2578448362149033 0.002589235468417801 0.9661833450027284 8.874400160076332
0.9708689165949742 -0.01164667372174966 0.23932945225590463 75.98064826835957 0.011330888128870047 0.9999319395907802 0.00269538729987775 0.9966341691082418 -0.2393450486257043 9.49315969399583e-05 0.9709350404134258 9.48642097656905
0.9745263702687699 -0.015564804291287654 0.2237335624710625 76.12221414053118 0.015160928623405536 0.9998786267114664 0.0035229444704706243 0.9889483187603504 -0.22376171325952424 -4.1208033536042706e-05 0.9746443784474608 10.112200219185537
0.9775065126636882 -0.020134557471439826 0.20994346466208655 76.25799843212187 0.019392888084264134 0.9997961088150321 0.005590970593950233 0.9812755155775917 -0.21001370302809583 -0.001393813251016675 0.9776979067000481 10.75523354531458
0.9802982681480625 -0.01842509812658686 0.19666310275942075 76.37899393297492 0.017744231669663296 0.999828713706833 0.005223709536935901 0.976809932649536 -0.19672613134777095 -0.001631171869329019 0.9804575475814027 11.415002143108813
0.982961419026849 -0.018304062740364918 0.1828996635731307 76.49291664734686 0.017701875636557375 0.9998309900094967 0.004924640021880215 0.9734496020656164 -0.18295935633200466 -0.0016030783431587555 0.9831195508693601 12.09151989384232
0.9855732212384574 -0.01863313030732118 0.1682219853027131 76.60199435945651 0.01798649014950036 0.9998236081946219 0.005366996468805832 0.9705969741176369 -0.16829277117565833 -0.002263859433054632 0.985734846293682 12.784228357267272
0.9879065578722653 -0.019853997145613467 0.1537754757580147 76.70268500400272 0.019193284574854686 0.9997989004293708 0.00578010566093009 0.9650857282523762 -0.15385975160901286 -0.0027587620165580736 0.9880892729950844 13.494076325877666
0.9898228247739836 -0.01986477128574204 0.14091347989003716 76.796549936461 0.01959855397615093 0.9998023460648273 0.0032768739066441946 0.954649253597562 -0.14095116847539602 -0.00048183740841535534 0.9900168276008303 14.21252093863387
0.991342499045903 -0.02118529289601319 0.12958291104431738 76.88459557437633 0.021512863308239216 0.9997677909565792 -0.0011285218382742286 0.9437311126358637 -0.1295293498868499 0.003906440050527416 0.9915682849691138 14.945463832290713
0.9926198354875521 -0.018452999355904606 0.11985760529709322 76.96460675778756 0.01957474360978663 0.9997747485535688 -0.008188317795938104 0.9352276744552921 -0.11967993715769798 0.010474058269953894 0.9927576877461116 15.687853505607933
0.9935927130662685 -0.017887978590732084 0.11159754953837865 77.04088058610223 0.01906296397081664 0.9997733824975347 -0.009470606788491188 0.9267554544546818 -0.11140326247298497 0.011537296110188945 0.9937087644253471 16.44685093266558
0.9943128344202502 -0.019720841435650605 0.10465916183698798 77.11870389404974 0.020146856677040213 0.9997924460610345 -0.0030148295353359 0.9133113992589621 -0.10457839633287655 0.00510622599738522 0.9945039774186796 17.218555559674456
0.9947554694867297 -0.024302723540783066 0.09935495154203959 77.19877078779791 0.023898794311519016 0.9997005038569432 0.0052537939246894705 0.8975353873393062 -0.09945329116058274 -0.002851788473063191 0.9950385814094487 17.993599224652815
0.9951552418889024 -0.025470690586099527 0.09496210099406058 77.27199174331989 0.024584053509494466 0.9996426233174813 0.010495134170303119 0.8859441897539502 -0.09519589162885006 -0.008109746823965265 0.9954259951416228 18.767551402874872
0.9955250363481201 -0.02343601050742929 0.09154842384594049 77.33721598725218 0.0227539625697484 0.9997049772275455 0.008486868659490585 0.8765603316653937 -0.09172072594729958 -0.0063658135929482405 0.9957648661825024 19.534016592611007
0.9958154015272646 -0.023665197350804832 0.08827277009779176 77.40242744690988 0.02309357012597804 0.9997051401665569 0.0074914256352526885 0.8673710011613632 -0.08842443883571544 -0.00542155603432884 0.9960685821304806 20.30152900290353
0.9961045294398954 -0.022091767514246758 0.08537116667471645 77.46373255556391 0.02137128185662211 0.9997278664147651 0.009344229196224484 0.8595223633273803 -0.08555477667745026 -0.007483351253913356 0.9963058078906761 21.072464038503984
0.9963536683529691 -0.020205601925278562 0.08289432524954216 77.52111505250237 0.019256263962952366 0.9997395760616394 0.012235973947888175 0.8514210425925761 -0.08312038812294643 -0.010595138279762212 0.9964835638448868 21.84296401287569
