1.0 0.0 0.0 0.0 0.0 1.0 0.0 0.0 0.0 0.0 1.0 0.0
0.9999956488609314 -0.0028722193092107773 -0.0006838810513727367 -0.0038796463049948215 0.0028737110551446676 0.9999935030937195 0.0021903018932789564 -0.18499059975147247 0.0006775856018066406 -0.002192257670685649 0.9999973773956299 0.8085135817527771
0.9999831350100931 -0.0055876567967877416 -0.001562810702634593 -0.007192516213181569 0.005592620944685386 0.9999792645869199 0.003190365120417609 -0.3682361947990553 0.0015449517651895909 -0.0031990516910746364 0.9999936321877183 1.6304179539864263
0.9999732534828967 -0.006921213823272678 -0.002355055526356508 -0.020454702558455898 0.006928383835885586 0.9999713433269631 0.0030501416723523285 -0.5523195916068193 0.002333877574458704 -0.0030663770694059635 0.9999924837878061 2.38988699174857
0.9999566126169677 -0.008891449950656303 -0.0027953565022992987 -0.029586595496210698 0.008899771181338747 0.999955992615722 0.0029785235127347837 -0.7343269257208127 0.0027687502253415782 -0.0030032723488745824 0.9999916056888317 3.1739145379437543
0.9999525540391345 -0.009051766827028615 -0.0036091702420931343 -0.0333514403332471 0.009062744947679995 0.9999543085821956 0.003036937126577598 -0.9183094724734133 0.0035815156918772035 -0.00306950186491345 0.99998885875678 3.8985866823165773
0.9999467691914914 -0.009344227004469416 -0.004393669785103576 -0.03816723437290824 0.009363339636406039 0.9999467119576035 0.00434963178591376 -1.1023934460353977 0.004352791600395036 -0.004390539151143575 0.999980908216696 4.6307659170352
0.9999351526102044 -0.010024037905747156 -0.005411165121445916 -0.050593482328785674 0.010062977060713093 0.9999232992940937 0.007217377737721944 -1.2850967201214742 0.00533840259378275 -0.007271361744413655 0.9999593144651691 5.321594865119797
0.9999263311449155 -0.009856337191736907 -0.007085259463038173 -0.0517087550396438 0.009936429885428326 0.9998861046152173 0.011359228084091306 -1.4705926890842984 0.006972491940070697 -0.011428793644186475 0.9999103467939144 5.969280042342947
0.9999226288034617 -0.009036034485595082 -0.00854485554591118 -0.06247528467723181 0.00916441963944183 0.9998438745496284 0.015107033332918875 -1.6557453544464928 0.00840701305333895 -0.01518417336515861 0.9998493809107557 6.584573227879514
0.99991865453238 -0.008184365100286212 -0.00977949514069388 -0.0774701421480479 0.008356396113048118 0.9998087292144303 0.017681578486885452 -1.8398542352012885 0.009632911739949962 -0.0177618621942725 0.9997958165664685 7.179427157776493
0.9998992073912079 -0.008569438346980218 -0.011317392854733365 -0.09159646619871806 0.0087717357489616 0.9998004209779825 0.017947918752162218 -2.0233913726818753 0.011161330030645 -0.018045383030047404 0.9997748710181127 7.763323130633657
0.9998703307164811 -0.009739187004164283 -0.012819653378108822 -0.07806152073157283 0.009942597188995332 0.9998241673814418 0.01590018868831967 -2.2069488205497247 0.01266254291574254 -0.01602558870660464 0.9997914069111146 8.294501149520768
0.9998543219771582 -0.009705438552169321 -0.014036641416978145 -0.052694833757914644 0.009883631180441556 0.9998707131466843 0.012681674675984153 -2.3949120520195692 0.013911745243908159 -0.01281856127135173 0.9998210262404369 8.771044809119372
0.9998389341866497 -0.00839162548953956 -0.015861813698655174 -0.045399683959448954 0.008573424757790217 0.9998979581780503 0.011428442603102128 -2.5798101943202405 0.015764291097378036 -0.011562593295744591 0.9998088540648701 9.219161950653502
0.9998291702041882 -0.004730903328388934 -0.01786433285248346 -0.03630033340139198 0.004897399422320297 0.9999449308516669 0.009287874365074432 -2.767951989276165 0.017819406979323334 -0.00937377823576672 0.9997972600911034 9.647126871156848
0.9998010327932431 -0.0023717523703852997 -0.019804169273050915 -0.047254425786143694 0.0025299386027339494 0.9999651947263435 0.007966390125420848 -2.9535742135933405 0.019784581229476083 -0.008014910007412673 0.9997721926975082 10.04719866942657
0.9997319701277404 -0.006671023381654871 -0.022167952905442406 -0.042014446792162645 0.0068148900598812975 0.9999563258729697 0.006420717468042686 -3.1425496545777873 0.02212414678337158 -0.0065700706451110626 0.9997336910768586 10.435297881868559
0.9996154170741038 -0.011303449717997677 -0.025323189221874775 -0.03769122457989196 0.011449964195442915 0.9999186791034934 0.005648272114518891 -3.3332672250281443 0.025257279014136824 -0.005936051167729471 0.9996634416830631 10.755688065244328
0.9995108408664795 -0.012176466481174045 -0.02880675311905375 -0.03176404120272703 0.012369753743009571 0.9999022872643438 0.00654111914566935 -3.5232247686284435 0.02872428486944548 -0.006894253663110298 0.9995636531971068 11.04824973013687
0.9994553864074174 -0.008077447390066857 -0.031996527971262234 -0.05072138459648283 0.008312724865174006 0.9999395185639499 0.007227030443585212 -3.7066544386331084 0.031936212863518366 -0.007489074374310851 0.9994618706775721 11.32402079486897
0.9993994864352206 -0.002921374965881249 -0.03452900321276016 -0.07039706620645929 0.003148937808370715 0.9999738571646686 0.0065379584528736075 -3.888841910556098 0.03450899659850127 -0.00664276371212356 0.9993823203265726 11.572020218873265
0.9993136935809863 0.0006270505342287854 -0.03703908274564499 -0.0952956172957986 -0.00032586679260292406 0.9999669640178895 0.008137010976148863 -4.071232167629181 0.03704296072803375 -0.00811935772652768 0.9992806620996197 11.795240609452492
0.999210369384588 0.0010287322200532789 -0.039719752003743274 -0.09028128590683993 -0.0006523532761611133 0.9999548597447508 0.009487683305363656 -4.26807550453068 0.03972771927583057 -0.009454280992492863 0.9991657695333214 11.89601851622928
0.9991274063730062 0.0002084946988705028 -0.04176705964258676 -0.09669103870218373 0.0001395880509682205 0.9999653257121728 0.008330835641534348 -4.457473295027568 0.04176735158646877 -0.008329397089920854 0.999092564298087 12.007997328800279
0.999029597740951 -0.0006213640792528923 -0.044039686710472065 -0.10648828511678624 0.0009165891535383239 0.9999773147892763 0.006683758002803866 -4.644610233770285 0.04403453375314417 -0.0067176399401389815 0.9990073536535597 12.104359096086085
0.9989075733056384 -0.0028133928959537735 -0.04664475636465331 -0.1123422904142265 0.0030786212719931213 0.9999795735307597 0.005615284100956636 -4.833709913452902 0.046628004526037256 -0.005752753403005371 0.9988956642482294 12.191468623792112
0.99881111127062 -0.0057434497082652185 -0.048407756499035025 -0.12440584649051437 0.00600489823932502 0.9999681928219667 0.005257277671697396 -5.021684702020523 0.048376020560734444 -0.005541713008111804 0.9988137400503774 12.280972118292821
0.9987372137502986 -0.007422858465291571 -0.04968700734071199 -0.10559935777718132 0.007627696324808331 0.9999631771927001 0.003934217585765072 -5.2207569946878 0.04965597614359545 -0.0043082490510699565 0.9987569742114943 12.293230689420186
0.9986442768033943 -0.006635492282075651 -0.051629283354448864 -0.1073967205628053 0.006749891790783896 0.9999752111727159 0.002041743461141183 -5.410557086676883 0.051614456098149145 -0.002387470044717397 0.9986641028114331 12.335430917690895
0.9985752012409332 -0.0053601193203327785 -0.053092521873232025 -0.10605581884070692 0.005390659165863814 0.999985515058682 0.0004320470588026168 -5.599752395155393 0.053089430989709606 -0.0007176380752091611 0.9985894190988324 12.3669584257039
0.9985213047237577 -0.004548474311222456 -0.054170196278724575 -0.12054219107481658 0.004516018697246921 0.999989649210415 -0.0007215151071591742 -5.782798728020977 0.05417291091010659 0.0004758115969732786 0.9985313674621784 12.42382720034637
0.9984369660544589 -0.005270565113657598 -0.05563921904248134 -0.11756369135192797 0.0051625363608520216 0.9999846047459688 -0.0020851304687333158 -5.973298994717896 0.05564934931221389 0.0017946285067976433 0.9984485986305249 12.44526687630762
0.9983585238040873 -0.00630259147976636 -0.056924783001612474 -0.12527689414280815 0.006070513211993605 0.9999726515164677 -0.004248919657149852 -6.160582256529813 0.05695000203546371 0.0038963787239334985 0.9983692769802583 12.480718576688133
0.9983127268942161 -0.006443191370097755 -0.05770615522723799 -0.1270322091102081 0.006078431382525404 0.9999605486717599 -0.006494272399582996 -6.350322521244386 0.05774571820859808 0.006132548220903565 0.9983123032957375 12.500598757466118
0.9982765853582926 -0.0056769670618193185 -0.05840770376624291 -0.14253938575102884 0.005172601489683877 0.9999481976572294 -0.008782804702752597 -6.534826810295958 0.058454531400122724 0.008465544213378735 0.9982539978670362 12.545139749036705
0.9983038159625618 -0.004780247948692395 -0.05802109552502001 -0.15694547281115115 0.004162038426460692 0.9999334657517072 -0.010771053106486702 -6.719212940942402 0.058068719062985476 0.010511292862163556 0.9982570355253675 12.590118100446787
0.9984239081309911 -0.004280164288055367 -0.05595744046436198 -0.16018409479824583 0.0036121480408440403 0.9999212243749813 -0.012033601126614528 -6.90391664244497 0.056004530704135434 0.011812502859453088 0.9983604913841265 12.629598516241984
0.9985874053387693 -0.0044432984333723155 -0.05294643420548701 -0.15041876023323977 0.003758631880154738 0.9999082478735123 -0.013023841080315882 -7.091530585353462 0.05299944192746429 0.012806431631471072 0.9985122458460649 12.65650927930179
0.9987904792239952 -0.005077493632729816 -0.04890447053264552 -0.1515088443862707 0.004388264405408705 0.9998898380973572 -0.014190415946516688 -7.275411244456506 0.048971131185898 0.013958641073716803 0.998702462032759 12.7028771880082
0.9990504604895152 -0.005410222918727706 -0.043230130938794215 -0.15518138376518656 0.004750583870334628 0.9998711228094732 -0.01534693436871297 -7.457598574048623 0.04330759018391633 0.015126987339792624 0.9989470600049256 12.754935546853215
0.9993166852875058 -0.0053336363262241945 -0.03657512071642818 -0.15677244081230549 0.004745788232114224 0.9998586415983162 -0.016140339996965652 -7.639650188157705 0.03665604133043651 0.01595572571514271 0.9992003764242979 12.806485714791798
0.9995544515360129 -0.005452340832867076 -0.02934508509613279 -0.146149162912669 0.004955558695781331 0.9998437651600481 -0.0169751123012981 -7.823263991414937 0.02943306363616305 0.01682212095915762 0.9994249382787653 12.836594117255421
0.999759143611707 -0.005662499017609011 -0.021200619585275207 -0.1313735908738406 0.005280640107024159 0.9998236905523862 -0.018024489223487945 -8.006749306124533 0.021298957211122908 0.01790818800672604 0.999612496732228 12.866686166443111
0.999926742747339 -0.0045738540906015476 -0.011198879674014955 -0.1281240555787002 0.004356871110031178 0.999803853315696 -0.01932361325590303 -8.187419919192902 0.01128508150651864 0.01927339867771346 0.9997502749329512 12.924296120243573
0.999993325180227 -0.0032064622714181572 0.0017255949617005675 -0.11810669198013346 0.003242038178540852 0.9997737816669021 -0.021025616872210693 -8.368877722907403 -0.0016577673286742244 0.021031063905965715 0.9997771364449387 12.98659678532235
0.9998426344645138 -0.0023982047947818806 0.017574832088105532 -0.11342140832506406 0.0028030333641113165 0.9997305766025891 -0.02304634436388288 -8.54739830281153 -0.01751480238557418 0.023091973039631654 0.9995795832892714 13.078474727038177
0.9993118249067553 -0.0029049962080234457 0.03697763169363447 -0.07784938933473898 0.0037967409992959293 0.9997032292232827 -0.024068502484713733 -8.732860155230195 -0.03689670637528953 0.024192327087905145 0.9990258464952217 13.14704401012967
0.9982646213664668 -0.0037759491433921604 0.05876541488552724 -0.04601502129578587 0.00517977142553915 0.9997045044812792 -0.02375463835593796 -8.916108754302279 -0.058658314505287815 0.024017799723175776 0.997988789144232 13.25182417942894
0.9965949901118796 -0.004491953966733872 0.08232895252285276 -0.0023817508628582243 0.006363604818702207 0.9997270303371897 -0.022485546718097188 -9.098822615814212 -0.08220542289241922 0.022932885965174517 0.9963511981319082 13.362173218236897
0.9940240977185608 -0.0055203355648616925 0.1090200345590807 0.03834795495683194 0.007841365470277998 0.9997515480498549 -0.020872732158483776 -9.281437349412741 -0.108877650745569 0.02160285949243807 0.993820113025262 13.514633307186063
0.9902739591275166 -0.006837579456085618 0.13896231483266946 0.10273908441931691 0.009541475047453929 0.9997779148520162 -0.01880090651044217 -9.464296890132482 -0.13880280927579922 0.01994394838042236 0.9901189516460851 13.662444121294998
0.9850517982989839 -0.007041278677495896 0.1721140052814569 0.1784063233411673 0.009828130500839567 0.9998341446583656 -0.015345123486033924 -9.647136645612777 -0.17197730077014145 0.016807294372346133 0.9849573411546422 13.846694174045869
0.9779226096088393 -0.00812973647082289 0.20880888961609825 0.2635455246810755 0.010741287782631795 0.9998778009326644 -0.011375995005696098 -9.829137991163318 -0.20869077194273394 0.013367714484989196 0.9778901017215388 14.04913527705635
0.9685783407421876 -0.009648250650583287 0.24852144901530565 0.3773896820433959 0.011443390144629504 0.9999180747198257 -0.005779634823978055 -10.006715161790758 -0.24844518196421125 0.008441953210680855 0.9686090104537964 14.237178201140754
0.9569505691630499 -0.013680568583188175 0.28992861590615016 0.4912870355507486 0.014599019515420416 0.999893230493404 -0.0010051970951472113 -10.185274731559954 -0.2898837302212754 0.005194594115222931 0.9570476841312439 14.465938585816941
0.9431379734113955 -0.01732259602873389 0.3319501805546324 0.6372934510421706 0.01715736923949402 0.9998472262374565 0.003428771751238293 -10.364717288046437 -0.33195867389642925 0.0024615846235338666 0.9432906451407913 14.698146821726317
0.9268128548761931 -0.02016842651061406 0.3749819026665311 0.8037383347307258 0.01812173462601808 0.9997957692171129 0.008984029004503721 -10.539847959283376 -0.37508627787771304 -0.0015311911700733995 0.9269886022933356 14.918098827176417
0.907869850156556 -0.02365642511236565 0.4185844647637701 0.9848090575528817 0.018266011098301258 0.9996909521294832 0.016880589446484566 -10.717698347768899 -0.4188541861221373 -0.00767950690192808 0.9080210094110732 15.169019595714861
0.8864287619817318 -0.02825928496440162 0.4620018841033811 1.17189503422096 0.01944723327400818 0.9995272363558748 0.02382531415314802 -10.892718165320005 -0.46245649105467984 -0.012134780169411665 0.8865589491289947 15.409076564943474
0.8620791006981682 -0.03340448836027471 0.5056718210291355 1.3935156401031126 0.021991416553430083 0.9993513564494836 0.02852538598262058 -11.063475138034072 -0.5062964142780662 -0.013470694281592486 0.8622543168310297 15.59950576222305
0.8346105176864755 -0.03694412886775952 0.5496004342326692 1.6282761816976152 0.02304360319899924 0.9992168120051095 0.03217385887124753 -11.23332402043963 -0.5503583284471173 -0.014187861523399022 0.8348080453541223 15.837239179154379
0.8042210814588612 -0.040615980491111245 0.592941005810555 1.9093946868273293 0.025634285048346996 0.9991044245726354 0.03366941938306329 -11.399565053269663 -0.5937772297487194 -0.011878034375723712 0.8045418154429881 16.030999303575037
0.7711117432552937 -0.04337324697322856 0.6352210195488258 2.1836425501907963 0.026096616982940923 0.998991900824919 0.03653235563360369 -11.561373868520976 -0.6361648834861888 -0.011593405174712032 0.7714660749243414 16.25790980683781
0.734686451398994 -0.04707202199641243 0.6767720214115617 2.4774204656829104 0.027050310320891696 0.9988294275296038 0.04010719577687485 -11.72012347317772 -0.677867414111807 -0.011159317102350595 0.735099542765603 16.48134138753986
0.696312484722441 -0.04886650103488048 0.7160735638248238 2.8128589901048593 0.025391440564144517 0.9987324489187779 0.04346507668597278 -11.87696689887891 -0.7172896163256334 -0.01208313209028195 0.6966704678007338 16.657708269695775
0.6560451453896118 -0.04895337586989924 0.7531326559969144 3.1686358406218655 0.022712840411959388 0.9987230623654473 0.04513179347376768 -12.036274622561264 -0.7543800202500219 -0.012502706980961396 0.6563190647893563 16.891623106853892
0.6138730836904205 -0.04823254615834239 0.7879301841463733 3.5585228789046397 0.017816020212724156 0.9987242090437718 0.04725576956016474 -12.194394978758025 -0.7892038621130137 -0.014971258472644727 0.61394902607279 17.113471431512142
0.5695873754005414 -0.04848092093095439 0.8205001193888787 3.9753852773988827 0.013002555457087365 0.9986658046171112 0.04998190516806221 -12.348451206661647 -0.8218281651625864 -0.01780045533104264 0.5694576309406268 17.29264990382644
0.523398410567925 -0.05016390707085992 0.8506105793498642 4.410529393680961 0.011136195931513356 0.9985833183983647 0.05203813742211306 -12.499529369706536 -0.8520155253420828 -0.01776410319242209 0.5232154296123795 17.49196967924504
0.47444641293340184 -0.049801893148168457 0.878874875582644 4.868519094810933 0.010072379265504638 0.9986404088763924 0.05115108089653857 -12.648509476440273 -0.8802269258964788 -0.015416077285991876 0.4743029198788129 17.625209351117746
0.42240606228403577 -0.04885773748944993 0.9050893147343615 5.372258211324956 0.004957280903533597 0.9986560909263122 0.05159502649321128 -12.796397179515205 -0.9063933090517913 -0.017307261379114237 0.42208052499363574 17.79999041792888
0.3691101569330267 -0.048747681895310715 0.9281066977829199 5.8872651636346784 -0.0002493939534296811 0.9986185636025957 0.05255043469820872 -12.943869885714694 -0.9293858067194943 -0.019628352787289444 0.3685880501367105 17.95787125116401
0.31532575880227603 -0.046931105613612634 0.9478226889738368 6.444533725907958 -0.003825308035565786 0.998705791947219 0.0507231990466863 -13.087979840388092 -0.948975953364712 -0.019620034899357052 0.3147381076289447 18.04900018973099
0.26217175197569126 -0.052078006497506026 0.9636153915294886 7.011141190938878 -0.0045851892560637725 0.9984646726666994 0.055208928520656 -13.230656428674264 -0.9650104654287162 -0.018892571995583838 0.26153046821819775 18.155739775472277
0.21080909317340213 -0.058023965674901444 0.9758040575935993 7.603446473052799 -0.007000509499627928 0.9981219616323606 0.060863429037736214 -13.373424222210174 -0.977502321429019 -0.019661682128340328 0.21000704122865646 18.241837319535378
0.16197935248014675 -0.05928495570267521 0.9850121034161907 8.252996194831969 -0.013137445979948982 0.9979760564470975 0.06222560993552842 -13.513235030353377 -0.9867068302188882 -0.023019797190947093 0.1608727523843605 18.286268874088076
0.11733826315790112 -0.06123377320116809 0.9912028170093734 8.902792294082438 -0.015866255405266722 0.99785467213751 0.06352296534018728 -13.656847507234879 -0.9929653998702965 -0.023180341741381748 0.11611510529670596 18.331418679851154
0.0764612470233631 -0.06035404641546577 0.9952446422908778 9.593791811666337 -0.015608349875280293 0.9979719361134314 0.061718590746442946 -13.795245932502834 -0.996950503560442 -0.020253199369848162 0.07536430713434154 18.333528251960658
0.040642970796547224 -0.05583369484149261 0.99761292642844 10.277635602226333 -0.01415952795022174 0.9983054257957034 0.0564493335957831 -13.924944534108269 -0.9990735638123185 -0.016419989933837205 0.03978369691414688 18.328219214210932
0.01125885693824238 -0.054920701727582684 0.9984276502461171 10.992442049843286 -0.01173862693457565 0.9984148782973473 0.05505238594413549 -14.05554758811558 -0.9998678466465399 -0.012339993119009797 0.01059651390298407 18.29694462213686
-0.010257938366900594 -0.05945607570571349 0.9981786227213697 11.73793124590042 -0.010181308684666364 0.9981856229308954 0.05935187746152535 -14.188038093572803 -0.9998956932798202 -0.00955393612571948 -0.010844454987707402 18.26239698361699
-0.023706758818408807 -0.06555624435645953 0.9975676165554077 12.541444026599429 -0.011151667802090716 0.997803307244717 0.06530673553614608 -14.31623723002062 -0.9996568778008272 -0.009576332238317942 -0.02438552286362845 18.225136793970975
-0.031989179446450425 -0.06879726376116288 0.9971180611403784 13.316231198064948 -0.011332026770887519 0.9975894177696678 0.06846625903435985 -14.446166300739133 -0.9994241068042803 -0.009109190139704987 -0.0326914543791716 18.179757058198224
-0.036081904221492836 -0.06637986748781169 0.9971421556211993 14.123574486819246 -0.01247658760573844 0.9977439764125395 0.0659684857997954 -14.574956257152296 -0.9992710665842655 -0.010060662952857157 -0.036828470166839 18.137207826867268
-0.03571931149971092 -0.06263308709392046 0.9973975593601753 14.930367527674758 -0.018276613816960323 0.9979083673781712 0.062010661937370495 -14.698924236298938 -0.9991948017678042 -0.016014068597015815 -0.036789096780455055 18.098113849104752
-0.03164529766448839 -0.060082943027209776 0.9976919970726599 15.80118186697763 -0.03128686184452077 0.9977622203579577 0.059094828467338316 -14.81182386975587 -0.9990094658532696 -0.0293445683736069 -0.033454066129331855 18.07755814623997
-0.026178814901832465 -0.06034071700916264 0.9978348174718589 16.660082121882574 -0.032527430267494134 0.997699640762466 0.05947919927327778 -14.93470487332871 -0.9991280214436735 -0.03089989622275572 -0.028081103853029497 18.0435530204136
-0.020678213726957877 -0.05974141674103699 0.9980000122724478 17.55346258595386 -0.029239379322973737 0.9978224508270355 0.05912499350760616 -15.063962192314763 -0.999358608702094 -0.027958291384393232 -0.022379772374098515 18.007145380172094
-0.017616059730552216 -0.053093075812880745 0.9984344917685812 18.4403650677593 -0.03424738170884118 0.9980353047306058 0.05246764172303296 -15.189826914986291 -0.9992582069755005 -0.0332694785083317 -0.019399535196336724 17.98096997296535
-0.01567134958358431 -0.042560289913872264 0.9989713321307614 19.380359552208823 -0.032413257019304524 0.9985903224232408 0.04203561979067352 -15.305947821073383 -0.9993517717492314 -0.031721142176176775 -0.017028563466780323 17.94147402314579
-0.014781494031802123 -0.03465255850438063 0.9992904870541318 20.309031364849304 -0.02453253750063017 0.999111116305273 0.034283501695960755 -15.43649153490411 -0.9995898991556404 -0.024008350595394183 -0.015618258361927092 17.893752009384773
-0.016172167152093433 -0.03088509099515166 0.9993924908065244 21.260541388636767 -0.01899613730383919 0.9993520155186616 0.030576493295888522 -15.566220272179562 -0.9996888739900203 -0.01849009155277634 -0.016748173592628476 17.846853634983283
-0.01963683057190575 -0.03743867760868295 0.9991063883671133 22.232048098436664 -0.010323413645579456 0.9992530840986007 0.03724132473474284 -15.70535714618778 -0.9997540409881347 -0.00958287356132892 -0.020008445455898857 17.791189550542118
-0.024046778647025004 -0.04528795073546845 0.9986849336641083 23.226604375206506 -0.003460519675813978 0.9989712775032468 0.045217662187365344 -15.839156329507473 -0.9997050214508825 -0.0023686206346934004 -0.024178546105874513 17.73255953252911
-0.028944764670898408 -0.05470503892688639 0.9980833222436145 24.25402171634703 -0.0027620907500861373 0.9985020204108279 0.05464792769938319 -15.954830940881887 -0.9995773424217432 -0.0011750187387479481 -0.02905228788272633 17.673307812499594
-0.0308988954401456 -0.06432151059562538 0.9974511736235174 25.29454640324638 -0.00140764624237639 0.9979291766682726 0.06430878006610792 -16.06605616460648 -0.9995216971319519 0.0005830158089729289 -0.030925233557188642 17.612577793527375
-0.03200183382405842 -0.07328459449443658 0.9967979197156807 26.340384696368236 -0.0026737690426374104 0.9973111353680424 0.0732365372229221 -16.17234990892536 -0.9994844468444726 -0.0003215016236163829 -0.03211151193332164 17.555179515888423
-0.033284154121798595 -0.07492399961083224 0.9966340380527835 27.379679421213993 -0.004588853158367839 0.997187231596743 0.07481238062813342 -16.27574324581245 -0.9994356423037919 -0.0020833378846368197 -0.03353412643022438 17.499599809134438
-0.0352946807251773 -0.07145934545374366 0.9968192541889084 28.42035620901942 -0.003127298843698584 0.9974434809909122 0.07139340765765104 -16.39258192719095 -0.9993722957111594 -0.0005975415201055359 -0.03542770054925384 17.436616622128287
-0.03776059998077907 -0.06701848873456473 0.997037324646763 29.532571127915375 -0.002964189130711306 0.9977518174362779 0.0669542904491735 -16.202866650049497 -0.9992826167826673 -0.00042716952006356554 -0.03787413877627362 17.38265582915157
-0.042521105828802516 -0.06206405432392695 0.997166334527498 30.653357132235683 -0.0032753195952292813 0.9980721513162689 0.061980798265932814 -15.936319803727734 -0.9990904136718155 -0.0006305417474650359 -0.042642183497473445 17.32552720384114
-0.048296638784054366 -0.05700202416917093 0.9972055049397551 31.735352987404163 -0.003289300036065364 0.9983740913840797 0.05690954370156067 -15.783914208438151 -0.9988277993499067 -0.0005315627960753249 -0.048405380750324446 17.259216228007663
-0.05493271219872671 -0.05431923817766433 0.9970117622859184 32.84010639896599 -0.0025893296528437166 0.9985237004441122 0.054258977169961635 -15.540892368543606 -0.998486911476115 0.0003990066068251193 -0.054992034144866656 17.187008617148145
-0.06139370056684041 -0.05761713497349558 0.9964495648005207 33.936426271027514 -0.00290080175000317 0.998338707242838 0.057547675891991674 -15.38864466298907 -0.9981096351399731 0.0006425673023785237 -0.06145861004663022 17.105628928730198
-0.06811270902381791 -0.06286444800598269 0.9956954318909105 35.061832715170766 -0.001981369167190309 0.9980195713695404 0.06287567732138069 -15.161710221672672 -0.9976758523423029 0.0023097961384671746 -0.06810214092374348 17.01233036635213
-0.07415618764929038 -0.0660273002641449 0.995058729834441 36.172059155288025 0.0009464981035192675 0.9978007891756973 0.06627981685555184 -15.000176080487329 -0.997246369212492 0.005856881571321929 -0.0739303721419811 16.9129806711025
-0.07920535606908244 -0.06785216453373406 0.9945467461399533 37.2983561926424 0.0035823789817188254 0.9976550905602908 0.06834956862684066 -14.812319622378917 -0.9968520906273403 0.008976494956536206 -0.07877632182382183 16.81078918433527
-0.08206573932005908 -0.06964821647272613 0.994190598244317 38.405678614543575 0.008185058074432197 0.99747441010043 0.07055394913336907 -14.662179809077445 -0.9965935086429311 0.013927567467378752 -0.08128817123807035 16.701366999366513
-0.08371490349009436 -0.07083735432657917 0.9939690395725977 39.5274187833409 0.01239565447332016 0.997318875264122 0.07212013959935756 -14.489142882441262 -0.9964127778211198 0.018358424957625852 -0.08261215915893924 16.58921829669857
-0.08541967443230061 -0.07071222029374181 0.9938329335131226 40.62925606638708 0.013826165458443508 0.9972981231677912 0.07214718576438915 -14.34624590426573 -0.9962492412952499 0.019903684907647268 -0.0842109862838675 16.483451522651745
-0.08686063720981797 -0.06974842991312474 0.993776102266421 41.72632178332405 0.014120449395888557 0.9973596085738642 0.07123418740200882 -14.20931675389592 -0.9961204707617037 0.020220010693175274 -0.08564619765592976 16.3762019603086
-0.087946342275359 -0.06892795880026968 0.9937378522319212 42.82446527543814 0.015247909529016543 0.997392953052905 0.07053099215004839 -14.063943321568376 -0.9960086196903518 0.02135536488446204 -0.08666583901521771 16.2651817556762
-0.08893210006170604 -0.06841444333756291 0.9936856408447524 43.92349001367692 0.01754430113532489 0.9973758593465253 0.07023873683923365 -13.943765887192077 -0.9958833113082294 0.0236799948012292 -0.08749822766795398 16.152620437409364
-0.08995287057198392 -0.06620560380462608 0.9937433678907768 45.0210744530137 0.021513747837563914 0.9974260030495287 0.06839841941253191 -13.804826680897076 -0.9957137888872496 0.027531773480957745 -0.0882967840969935 16.012428082943256
-0.09049417133397794 -0.061275042389864594 0.9940104317056208 46.124622145104624 0.026908703530347702 0.9975905142456833 0.06394553979674467 -13.69974758289875 -0.9955335366473966 0.032534228718900896 -0.08862707165210408 15.874649056243975
-0.08991288304331704 -0.05990947810392269 0.9941463958221178 47.23305851702901 0.02934071322876998 0.99759655258173 0.06277108221615522 -13.576857717745584 -0.9955174665910164 0.03481289361913714 -0.08793877236051416 15.73584055019934
-0.08828368701545589 -0.06355544983234007 0.9940659956638911 48.346981421637466 0.0303311348728924 0.9973281248827209 0.06645778723777018 -13.480778137294466 -0.9956336247549086 0.03601828739452872 -0.08611986678739299 15.612781375105527
-0.08668364842940345 -0.0681146177704931 0.9939048064474252 49.44348698494012 0.031371968759035786 0.9969784778113929 0.07106141551431165 -13.369033987255662 -0.9957419371681514 0.03734061380364783 -0.08428461180414953 15.459795717109094
-0.0854950676979028 -0.06706603327285256 0.9940790381756057 50.55227978796691 0.028428832680179598 0.9971615734582387 0.06971902656582729 -13.267175994723502 -0.9959330468253779 0.034221143791865125 -0.08334555084097672 15.332045990070183
-0.0836456372001938 -0.0664050236170067 0.9942807244896993 51.67687196770269 0.027743360164447693 0.9972353578405854 0.06893633153322402 -13.158647983849797 -0.9961094010503895 0.033350918757606464 -0.08157184684122881 15.192413935770539
-0.08017812257977573 -0.0672157174704723 0.9945118626449995 52.797431631453854 0.032036728579819415 0.9970347423568297 0.0699690618572221 -13.064992558973833 -0.9962656793373998 0.03747090286440356 -0.07778675963701662 15.051245129251047
-0.07535758767691315 -0.06775222301982159 0.994852381898881 53.925830022384616 0.037484821296069636 0.9967915535044544 0.07072368040033808 -12.962842588744087 -0.9964518712537903 0.04262143609732427 -0.07257588519815876 14.892242649062082
-0.07008259140912268 -0.06758741178271975 0.9952491372241452 55.03107466123058 0.04140084850265584 0.9966455227046884 0.07059758802222474 -12.864597667368372 -0.9966818283558196 0.04615182271359117 -0.06704908575797579 14.742545706012972
-0.0650269648170839 -0.06692643763870162 0.9956369133440938 56.149460712975305 0.043188872804270605 0.9966248585026838 0.06981361862211441 -12.751961680394981 -0.9969485736001459 0.04754020450820529 -0.06191677767753019 14.575598389221783
-0.05980999236230355 -0.06572868624046743 0.9960436417252178 57.271003334570054 0.042871327037850765 0.9967400760420224 0.06834898057208895 -12.65617707939494 -0.9972888600194157 0.046789667303524345 -0.056796904491812926 14.444733492275427
-0.05494809435516954 -0.06589722879258436 0.9963125521355232 58.401836837953084 0.04137107305554485 0.9968128650259255 0.06821201256650614 -12.563705627659964 -0.9976319031257801 0.04496664233950456 -0.05204649300887667 14.32991788933205
-0.050223268833788554 -0.06619011963822133 0.9965424998315527 59.539389273728304 0.04056945980124319 0.9968428937749095 0.06825469022981721 -12.470447125989367 -0.9979138498018021 0.04385716640239261 -0.047379176015887876 14.219374496682667
-0.0450015062836114 -0.06782235305160285 0.9966822271057451 60.679913055507356 0.03928208536355437 0.9968011537890448 0.06960410108157954 -12.384823015235272 -0.9982144739250371 0.04228404683323586 -0.04219311488718713 14.130203775740384
-0.040235881010132285 -0.06842001920643533 0.9968450746837032 61.829885588009866 0.04062984343967723 0.9967158163492982 0.07005110618080211 -12.283593057648496 -0.9983639787528513 0.043320231405708606 -0.03732360727067922 14.034759571328232
-0.03516769679128508 -0.06905655873384178 0.9969928285625796 62.968938290116476 0.0405601798049792 0.996689375690009 0.07046625619863779 -12.191696849757507 -0.998558173978285 0.04291634936760462 -0.03225008667151046 13.958980961695481
-0.03052445951470945 -0.06426222129828753 0.9974662408587313 64.10379338826726 0.040190619606218 0.9970453627345822 0.06546501959241086 -12.097105254629732 -0.9987258480235696 0.04208707790105606 -0.027851294789502743 13.881994855110985
-0.026404567175508018 -0.05890946551099876 0.9979142363963529 65.24513268063693 0.03991398272879998 0.9974042165081676 0.059935467481022825 -12.016408492132848 -0.9988544227432566 0.04141330907363085 -0.023984475366288675 13.82441772636313
-0.023215542732719148 -0.05737249947305473 0.9980830488838374 66.40404928497634 0.03983890547369684 0.9975061757467256 0.05826598766069251 -11.932690464827202 -0.9989366512565608 0.041115221397170595 -0.020871748831210717 13.770187261458235
-0.020345764738883023 -0.060368572983668725 0.9979689414390887 67.59393623358899 0.03973555112113347 0.9973382328496033 0.06114050568618308 -11.843805201878908 -0.9990034094450724 0.04089880133579437 -0.017892588567425205 13.704038968979102
-0.01869226683233906 -0.06043344891915793 0.9979973226594611 68.80350480255967 0.03947938985583494 0.9973488344283307 0.0611336050864724 -11.75301754322708 -0.9990458412323938 0.040543058936163195 -0.016256592969337808 13.628717189024176
-0.018098142249064357 -0.05985252968715673 0.9980433200084342 70.00117510767602 0.041269434612332324 0.9973115638431528 0.06055699853107587 -11.673094387368165 -0.9989844299702745 0.042284659847365146 -0.0155791651735746 13.563684319023707
-0.017705157275385436 -0.06095406810588381 0.9979837356701065 71.1976797355338 0.04267700269702554 0.9971846271851104 0.0616623774502283 -11.5978419476768 -0.9989323268015011 0.04368270377475511 -0.015053732459962945 13.496373135703676
-0.016867277349225517 -0.06096690411823615 0.997997433560948 72.39636401851045 0.04336982010120887 0.9971555625102867 0.06164846087844476 -11.515788705680396 -0.9989169219150291 0.044322820483675626 -0.014174935761346874 13.444856214165702
-0.015957712097206037 -0.05882504757288529 0.9981408546343592 73.61044162575327 0.043946867856444194 0.9972622218382539 0.05947584474909555 -11.443301860330772 -0.9989066299265091 0.04481427555226894 -0.013328606573717325 13.415286352927403
-0.015548615456653396 -0.05759772325297701 0.9982188884489865 74.84839838678123 0.04229446925302119 0.9974083520850221 0.05820973200033389 -11.372968366966305 -0.9989844304171788 0.04312423071458931 -0.013072013534664084 13.385548229105916
-0.015435233282054057 -0.05764007004117922 0.9982182093981841 76.04076190208008 0.0385142792577095 0.9975621802406148 0.058197710279447486 -11.313379577609185 -0.9991390790531784 0.03934396205811369 -0.013177398806234768 13.365003055600202
-0.01560593775880509 -0.057773582839935604 0.9982078221359458 77.23489800426543 0.03659586835764431 0.9976276937432431 0.05831212921265332 -11.256019643046073 -0.9992085425524703 0.037440309028946045 -0.01345440078843493 13.342134477674792
-0.015584715111420499 -0.060455183863169476 0.9980493381601854 78.4287587267015 0.0358815666444884 0.9974939737157269 0.06098182998484106 -11.19076413916778 -0.999234736966296 0.03676196920948599 -0.01337619333434697 13.317624139083186
-0.01562603366353313 -0.0644120710398299 0.997801121896818 79.62986629040257 0.03851822134711879 0.9971436042817231 0.06497282742913911 -11.119980646363578 -0.9991358933473029 0.03944880362781012 -0.013100122062931877 13.286271645599644
-0.015204070620197093 -0.0646387451724041 0.9977930033277421 80.81426303099136 0.040897897547412757 0.9970331687526065 0.06521270372543155 -11.05492681625982 -0.9990478291723551 0.041799144506760165 -0.012515135268924747 13.24765178008114
-0.015128611536634229 -0.06231197765837615 0.9979421704319428 81.99091547819035 0.04185035660092776 0.9971424783549951 0.06289647719796426 -10.987559865714239 -0.9990095691785368 0.042715781585819554 -0.012477363349283878 13.202499918858052
-0.015148279640499158 -0.059795893993141204 0.998095751316956 83.17804362575485 0.0418971083097162 0.9972957851803678 0.060383837300450834 -10.924994828347 -0.9990073128202929 0.04273204714893995 -0.012601801012136102 13.172299901189568
-0.015441069213887692 -0.059272022064870006 0.9981225160394395 84.400320868076 0.03978700544784277 0.9974146589460163 0.05984548446578217 -10.863139930305445 -0.999089101108206 0.040636394802663435 -0.013042652909330758 13.153998252762031
-0.015483103333467502 -0.060948877593003395 0.9980208822462341 85.60632332961394 0.03817405149674776 0.9973769831254333 0.061501763716197734 -10.803225360313817 -0.9991513721374932 0.03905075074889898 -0.013115585310921487 13.136118733517637
-0.015291240648936987 -0.06367341299395547 0.9978537323708736 86.80647636393884 0.03746063176204268 0.9972334495845542 0.06420787381747421 -10.742304894929136 -0.9991813042416948 0.03836205988483797 -0.012863451326225978 13.116253628429345
-0.014929998218416448 -0.06600598071339975 0.9977075874366633 88.00584008287596 0.03792945451016155 0.9970634210788285 0.06653093886182632 -10.678474979527472 -0.9991690767688074 0.03883582234982679 -0.012382344953159426 13.090512218996272
-0.014944088211886825 -0.06664092121578066 0.9976652110050656 89.2018595846758 0.03953978756755938 0.9969569618185222 0.06718587100958946 -10.609076176077542 -0.9991064239476194 0.0404515124421813 -0.012263406030038015 13.057390079381825
-0.014832151103085573 -0.06457352312077683 0.9978027855698329 90.40737642055302 0.03904681705421844 0.9971141164281347 0.06510936852921341 -10.536308057436639 -0.9991274882956573 0.03992674552238053 -0.01226771770642899 13.03021212178469
-0.014731941378544248 -0.06291375853280039 0.9979102909542209 91.5902127937759 0.03738658128060503 0.9972862206676604 0.06342633183663213 -10.471549034725552 -0.9991924873711201 0.038242858534336815 -0.01233959245836602 13.001835588457222
-0.014792741058667019 -0.06375972295113248 0.9978556924406877 92.76421572202241 0.035768331798951655 0.997292621989812 0.0642539767665111 -10.414300302666453 -0.9992508283566189 0.03664213840514725 -0.01247187279378613 12.965791273545262
-0.014757356839419615 -0.066919713581919 0.9976493186301859 93.93275594850506 0.033802458646111144 0.9971544375200284 0.06738651736392406 -10.355149575745585 -0.9993197525173669 0.03471745828697288 -0.012453074057863028 12.93822343772142
-0.01458947257213752 -0.0694961555241742 0.9974756264154995 95.10566645990943 0.03229472167615556 0.9970287118234374 0.06993736835659137 -10.290369411433351 -0.999372038738995 0.033233558226297595 -0.01230152612613905 12.909965087881629
-0.014338105483627527 -0.07088236340186865 0.9973817327986572 96.26958276394478 0.03294366134390737 0.9969093439091118 0.07132237941730633 -10.220373168704214 -0.9993544992167417 0.03388004350963861 -0.011958429120479354 12.87470045163761
-0.014109740851049572 -0.07285967480795946 0.9972424537058185 97.4259528998643 0.03518188783624818 0.9966881053508718 0.07331695199895533 -10.147295066110027 -0.9992814278737162 0.03611936502355504 -0.011499432763059465 12.830270732878516
-0.014107173313933404 -0.07217172665543978 0.9972925076827425 98.58639878457292 0.03785452382525453 0.996638374238749 0.07265984550927504 -10.075291937996559 -0.9991837892075482 0.03877707062590493 -0.011327485828380553 12.792981752375225
-0.01393370946264716 -0.06865316191298772 0.9975432971176778 99.75487464011808 0.040476092924378 0.996783928490619 0.06916625147103954 -9.994649092686846 -0.9990834589699752 0.04134041273418574 -0.011109847344251456 12.753352560838062
-0.013782401555969825 -0.06721579976159679 0.9976433074618339 100.92180000322942 0.04238199748061614 0.9968023360055781 0.06774463014612045 -9.909049065679481 -0.9990065649784953 0.04321581178401242 -0.010889351669437124 12.721019611872318
-0.013898340408632404 -0.06558696318364077 0.9977501489254257 102.08709133629692 0.04189847353179129 0.996932095491221 0.06611680807050824 -9.825888101185965 -0.9990253592747022 0.04272313358206925 -0.011107469588872038 12.694979446921437
-0.013821839486674788 -0.06419237083044581 0.9978418969411579 103.25381482426782 0.04050862727704429 0.9970821922093127 0.06470459782555725 -9.74403339358644 -0.9990836985463284 0.041315556591731056 -0.011180927103125914 12.671052303466617
-0.013944141516193163 -0.06610984402812554 0.9977149886912177 104.41871183033909 0.039974088453677364 0.9969776494527249 0.06661965208887492 -9.664818973235056 -0.9991035009149213 0.04081171668193847 -0.011259078769347994 12.646768193551633
-0.013765920505999167 -0.06909076059722923 0.9975154817098228 105.58911178765672 0.03882866779993353 0.9968207594869781 0.06957847708258547 -9.584588715640358 -0.9991511006067683 0.0396900237673775 -0.01103921626877674 12.622015138793516
