1.0 0.0 0.0 0.0 0.0 1.0 0.0 0.0 0.0 0.0 1.0 0.0
0.9999268651008606 0.0030924109742045403 -0.011694260872900486 -0.021388694643974304 -0.0030792176257818937 0.9999946355819702 0.001146025606431067 -0.008456433191895485 0.011697742156684399 -0.0011099325492978096 0.9999309778213501 0.2880713939666748
0.999814268843039 0.005167713478634549 -0.01856606346497121 -0.038790306802342904 -0.005141245074638917 0.9999857752685327 0.0014730717153946717 -0.015137829674385208 0.018573409279188366 -0.0013773454602312653 0.9998265721130898 0.5807337382678741
0.9997542205655691 0.00801020146227593 -0.020671309617699623 -0.054180679399518844 -0.00800830636606417 0.9999680235461736 0.00017444253734668437 -0.020081162348229244 0.02067204216457044 -8.857580580793538e-06 0.9997863521419068 0.8792349029647629
0.9997748459069625 0.00946306959244593 -0.018993598841181847 -0.06515078247280141 -0.009496346051796903 0.9999536599040716 -0.001662557236006372 -0.024741461792306567 0.018976982583981974 0.0018425523708626853 0.9998182604465528 1.1852100898559657
0.9998510673942577 0.01185843249055913 -0.012539538257025837 -0.07053222375246905 -0.01189537126969337 0.9999252378752688 -0.0028753012432562283 -0.02883154800611898 0.01250450188964246 0.0030240349130801016 0.9999172711367792 1.5008571493547396
0.9999011419352911 0.014050642676028185 -0.0005041483579369797 -0.06976834230494387 -0.01405303096600813 0.9998883674202138 -0.005094797449795027 -0.03440224275810136 0.00043250563875392933 0.00510137807511597 0.9999868903607628 1.8243262663551856
0.9997887995457967 0.013426198376901795 0.01555856793159338 -0.057859433219828976 -0.013345332306195104 0.9998970073998441 -0.005289824234895319 -0.04333151070164566 -0.015627985720681883 0.005081072059368355 0.9998649490579515 2.161983611018777
0.9993602155264739 0.008848873804200096 0.03465367981718144 -0.03493871566710553 -0.008679165209951347 0.9999496483798302 -0.005044683725033534 -0.0540399914757602 -0.03469657255754075 0.004740690303266803 0.9993866388284224 2.516769907546216
0.9985195581877208 0.005196825080485455 0.054145098528834756 -0.0034153893003791153 -0.004866003465774142 0.9999687600962477 -0.0062399699020771185 -0.06304967120114562 -0.05417583208156299 0.005967261009738997 0.9985135316184103 2.8755128040570463
0.9972366255131043 0.0045079565304887385 0.07415337609117686 0.030862139115178086 -0.004012606723598706 0.9999686764217809 -0.006827707589658501 -0.07085386115324992 -0.07418182777550429 0.0065112909777086106 0.9972234306862956 3.2471511760903566
0.9954565041481681 0.005949696968958152 0.0950314004986814 0.07130196983916322 -0.0053790058657202915 0.9999660133478148 -0.006260342622617308 -0.0774298468337017 -0.09506540832891928 0.005720723393978089 0.9954545740976644 3.6307115597829505
0.9933379024321272 0.00732914036818959 0.11500511092544424 0.12312944040616167 -0.006752019844289668 0.9999626397626079 -0.005406984929231074 -0.08517904489044649 -0.11504043978786836 0.00459444522451237 0.9933501616345103 4.021895660654537
0.9910850144588735 0.006260084439269684 0.13308357883653885 0.1931229992677443 -0.0056572836485625465 0.9999719835285719 -0.004907150359099756 -0.0948039153018559 -0.13311056219344589 0.0041105110198032405 0.9910926176618928 4.418356814679414
0.988852795974193 0.004731322124787624 0.1488209856803569 0.27142360000577037 -0.004211139938724387 0.999983869891559 -0.0038102803978812367 -0.104355434747892 -0.14883661048319355 0.0031410999107516807 0.9888567361094671 4.828311938608833
0.9866847969179301 0.0037592262579103416 0.1626000201962417 0.3555608875055661 -0.0031539011615012123 0.9999870726578844 -0.003980764450359155 -0.11375492909837796 -0.1626128793874946 0.0034149350868304586 0.9866839306234536 5.248721662560794
0.9845819385160517 0.004884306031172134 0.17485499965507542 0.4410323993831137 -0.004143072684944423 0.9999807838927735 -0.0046039200352252264 -0.12305645375257156 -0.17487411800264185 0.0038084993910782023 0.9845833324453421 5.683090958163716
0.9827220442986937 0.008432068430841102 0.1848947577447868 0.5276674269483757 -0.007289571428665029 0.9999499147945476 -0.006858085819048539 -0.1316203537647306 -0.18494331739078226 0.0053917884554072265 0.9827342890882056 6.127819828419851
0.9812036204385142 0.008176018053796504 0.19280138712636638 0.6223858441581301 -0.006568657175850066 0.9999382282688509 -0.008974634981137779 -0.13989235130608288 -0.19286283115812786 0.00753949809043973 0.9811966408649412 6.586938636019531
0.9797395799634232 0.007236119577757343 0.20014430372587097 0.7270116539666065 -0.005215481528924959 0.9999300832966495 -0.010621331098500603 -0.14955043510775698 -0.20020713092775516 0.009362289318854402 0.9797087759884531 7.057527384672642
0.9780319212775893 0.007866004673470756 0.20830614363730462 0.8348038554110782 -0.005207464830055054 0.9998980181339248 -0.01330798128930466 -0.16042652513557254 -0.20838952795529783 0.011930883076540387 0.9779730899187892 7.548377124072141
0.9763061578903413 0.011497325160778608 0.21608747287557886 0.9419578229131399 -0.008487614064009651 0.9998538348265864 -0.014851080644593288 -0.1729816171765662 -0.2162265812513519 0.012665134757680625 0.9762609819531515 8.041585593654858
0.9744445335665005 0.017942080744527116 0.22390958506456604 1.052870859137426 -0.014604992420562046 0.9997564194586085 -0.016551117409661448 -0.18705136707653136 -0.22415196061064338 0.01285794919702362 0.9744692639260645 8.554972006519888
0.9723893822683364 0.018822609347874823 0.23260320147581542 1.178085696435138 -0.015118673888846848 0.9997291841034599 -0.01769654524479902 -0.2016066469254566 -0.2328732561093272 0.013691281121551473 0.9724106322832816 9.075977737956588
0.9703808543370358 0.014776462676423652 0.24112711598807463 1.317952070186559 -0.009627651748115673 0.9997001978827798 -0.02251734373811719 -0.2194402744971498 -0.24138750996154854 0.019528912223888466 0.9702321625213641 9.60760352577226
0.9682174139535804 0.011757259436920926 0.2498328252963975 1.4615092515938162 -0.005410020844805119 0.999645362777359 -0.026077486245500908 -0.2434393942357317 -0.25005080165101695 0.023897076351589514 0.9679376020744472 10.148978108921526
0.9659984518010849 0.013825980009389102 0.2581772291538545 1.6009128537876685 -0.006935713168620015 0.9995955923947054 -0.027579887665578687 -0.2736563475745946 -0.25845414190915955 0.024851487031119543 0.9657035846895636 10.699707491210289
0.9636098756153552 0.01701692046645497 0.2667695573806593 1.7460235834526174 -0.009362840384258513 0.999507930931626 -0.02993752467385211 -0.3017083743467521 -0.2671477401556721 0.02635037571433233 0.9632949945338969 11.26148378697377
0.9613943093393186 0.016601198405369666 0.27467238906821223 1.9028974122569875 -0.007991658828048014 0.9994419792565277 -0.032434261045702246 -0.3279269841566763 -0.27505755743075955 0.02898703006176513 0.9609904092587068 11.829252184784663
0.959126946873068 0.015490780341078222 0.2825511209449176 2.0732139085794055 -0.005603765600364262 0.9993445413420715 -0.03576662809105273 -0.356683552204336 -0.28291996047079065 0.03272138935183941 0.9585849625937791 12.411054870738386
0.9567948341720052 0.016427189632985957 0.2902988418337602 2.247327570789127 -0.004781732756850316 0.9991568601256076 -0.04077934936719957 -0.3862945248579709 -0.2907239372406194 0.0376293423193154 0.9560665295899845 13.00125167756087
0.9549985221048971 0.01796300921767825 0.296065546942506 2.430934201278959 -0.0038634487263126643 0.9988332463852286 -0.0481395415340737 -0.4149222942006335 -0.2965848250880837 0.04482935745794107 0.9539535315761505 13.603519849427446
0.9537101594652984 0.018482887367427456 0.3001581994742244 2.6209271070452638 -0.0016192796406161365 0.99841082407512 -0.056334243594443445 -0.44203149831432487 -0.3007223722735816 0.053240504407243 0.9522242710571819 14.216908717737597
0.9524709280180035 0.018582972506278668 0.30406160297995505 2.8193631101635725 0.0012163891991734197 0.9978978481205114 -0.06479765247712499 -0.47813692976667405 -0.30462651009284714 0.06208773785708953 0.9504458879671693 14.841535071002284
0.9511734048777888 0.017984159657188126 0.3081321786853148 3.0247265758792037 0.005045065159615888 0.997262058432102 -0.07377887504485084 -0.5190173575528351 -0.3086153377573966 0.07173104779641963 0.9484781670000736 15.47707798541152
0.9498369242440691 0.01765624281127106 0.31224628257574716 3.2373253657516803 0.008048067120643673 0.9966947307111829 -0.0808407633531068 -0.570137693974854 -0.3126415285683737 0.07929852055523012 0.9465550952285687 16.12454987748431
0.948193244516597 0.01538122890674533 0.3173210846864967 3.4715793593635382 0.013007161557022707 0.9961104098830187 -0.0871505250738292 -0.6308153080855005 -0.31742727483610406 0.08676297950359561 0.9443048726494719 16.79488475692046
0.9465821996749435 0.014435451121616889 0.32213873723160413 3.7036120966786323 0.016496249627460047 0.9955217254146868 -0.09308367580602529 -0.6968510178343537 -0.32203979121417536 0.0934254225652847 0.9421048737935005 17.441532093239953
0.9449060536170363 0.012223995162597527 0.3271127287634343 3.9510194230153624 0.021149850055329284 0.9949346872566036 -0.09827405446011682 -0.7690045643551732 -0.3266570930301421 0.09977812235866652 0.9398611465893965 18.113924162840338
0.9431817511776383 0.009610026892164706 0.3321378855393527 4.206222735420922 0.025631367498862814 0.9944991976142079 -0.10156081334562718 -0.8443711014479861 -0.33128686391622286 0.10430343850202252 0.9377469393972334 18.80102485812421
0.9414124070401435 0.008075800777791346 0.33716040108517437 4.466626783754077 0.02826314115070369 0.9943076287306675 -0.10273180176976573 -0.9233985141159506 -0.33607077427250753 0.10624219622977765 0.9358250630310162 19.497473607770793
0.9391910804316236 0.007945914821198958 0.3433024784152624 4.730667135599021 0.02886856797281671 0.9943663896858915 -0.10199240903045013 -1.0073174336916673 -0.3421788170251586 0.10570101101755826 0.9336704255527428 20.20755379954116
0.936867898777065 0.007519305263665773 0.3496020767762609 5.002322185450403 0.0294695355131089 0.9945145132140456 -0.10036299810631757 -1.0910498365185244 -0.3484389690392923 0.10432948160124848 0.9315068954859304 20.924237760354984
0.9342875365308408 0.0075290750689818225 0.3564402486317603 5.28530577062666 0.02950744760612233 0.9947139296460952 -0.09835508238275818 -1.1748868820361527 -0.35529658183868107 0.10240957153396471 0.9291264823333645 21.655111360896207
0.9310991938830208 0.006948843491356647 0.364699239032062 5.575581918861423 0.030037392505275498 0.9949623603482309 -0.09564491055926572 -1.26005306188273 -0.3635265814840728 0.10000951700322135 0.9261997562424866 22.389601650080774
0.9277388960208719 0.005077259864178028 0.3731946657052368 5.8957205563777455 0.03070039758434749 0.9954810295611051 -0.0898626643006863 -1.353118837897372 -0.37196439844468004 0.09482631950809679 0.9233904518825052 23.141149544958164
0.9242861322461909 0.0015243669298819023 0.38169663440977175 6.215004429940051 0.033174875362497115 0.995887171403012 -0.08431086721616865 -1.4389597376108745 -0.3802552552106839 0.09059010216895301 0.9204340650477872 23.87851972146802
0.9206239927579345 -0.002247429835628631 0.3904431712199239 6.553184588082153 0.03648770699215859 0.9961027037253662 -0.0803005166207048 -1.5264950761442568 -0.38874098083892256 0.08817295805144708 0.9171180165524121 24.629792463081824
0.9168004962287774 -0.003486590360335294 0.3993296042885031 6.893663706718915 0.03796475199314119 0.9961938801181487 -0.07846346613735737 -1.6069669689171584 -0.39753609398556583 0.08709579296261984 0.9134434043362931 25.38490377547728
0.912770524301301 -0.003235829217699324 0.4084592967101832 7.246155536804942 0.038286295087396 0.9962441701428846 -0.07766483976700354 -1.6858307221510622 -0.4066738398185854 0.08652856583036048 0.909466165647237 26.14714451797355
0.9088633385708723 -0.003268509116144374 0.4170807032662303 7.6063321774104855 0.038753197100830965 0.9963055244809454 -0.07663966857314446 -1.7619668688790544 -0.4152892581429433 0.08581818736042146 0.9056321853872876 26.914358755080052
0.9048828984023976 -0.004608112914641602 0.4256352771136637 7.982184643217124 0.040216748248233986 0.9963939681251853 -0.07471172725534221 -1.8398607699550922 -0.42375611743044156 0.08472301782720437 0.901805060782882 27.68871755215356
0.9011216909395675 -0.0035611770105770874 0.4335512670405449 8.362264218125693 0.03882328824315656 0.9966120069093475 -0.07250674203461763 -1.9157612076671933 -0.4318242059261033 0.08216926196225635 0.8982069223696489 28.46910047753432
0.8972016030927497 -0.004003325534642873 0.44160283645715853 8.757068566588295 0.03820140439205161 0.9969142007570225 -0.06857605496972086 -1.990234692914583 -0.4399656468630659 0.07839636488919856 0.8945858889390923 29.261401139221572
0.8934529897356026 -0.006286229580279988 0.44911243801699946 9.164400281738494 0.03863650727525457 0.99727139711359 -0.06290365662345769 -2.060214196395542 -0.4474916333450247 0.07355357110892675 0.8912579135299172 30.059680837335314
0.8896267584151276 -0.006524133820023722 0.45664150613328003 9.580693593080348 0.0373265010964673 0.9975912364964794 -0.05846648263741357 -2.1300150108226634 -0.45516020308259325 0.06905814866328756 0.8877272978603767 30.864171025246964
0.8858288574279689 -0.005849251808819601 0.46397495864611643 10.007107487721248 0.036144904637183346 0.9977520380989842 -0.05642996009618503 -2.1964507232087978 -0.46260192455118637 0.06675759228349927 0.884048923214013 31.67491834311078
0.8825640971149068 -0.00476444339599897 0.47016770577609607 10.444243222843593 0.03498796176540917 0.9978417756406404 -0.05556517213987597 -2.2582627307621492 -0.4688882951049783 0.06549000692511422 0.8808260071763292 32.492021820577676
0.8793576418908283 -0.00539829901071796 0.47613096386291104 10.8950313923301 0.03522842131996106 0.9979328382292203 -0.05374830613153521 -2.319478689045257 -0.47485662823178887 0.06403730191391116 0.8777300087808277 33.31697028404509
0.8764050064190356 -0.004444566124458245 0.4815539820299232 11.35406539026442 0.03365613574041417 0.9980776780506232 -0.05204063202894431 -2.381079583334433 -0.4803970169381131 0.06181589665495973 0.8748697354129662 34.15203668766371
0.8737375071387429 -0.003155642771849517 0.48638716002378096 11.824936365739314 0.03246565606157605 0.9981272576128402 -0.051844954662485086 -2.443854516265184 -0.4853127119734929 0.06108974041222788 0.8722036109656683 34.99695683786457
0.8716004231118449 -0.002167122599361649 0.4902117839291717 12.302249065435792 0.03196710714987268 0.9981129660519746 -0.05242530534689854 -2.505327622531031 -0.48917319542754784 0.06136455186309875 0.8700249563202415 35.844428732967
0.8701919150063026 -0.0023194559838803364 0.4927070498904304 12.792504494976155 0.03265579374165333 0.9980615090065434 -0.05297638050404253 -2.5708789344481273 -0.4916291945868776 0.0621893366827885 0.8685808022239397 36.72202175411853
0.8697485624759859 -0.0025251343806190086 0.4934882765664007 13.288250009809632 0.032299698119265426 0.9981338488340904 -0.051819231322040075 -2.6380902354016165 -0.49243661918022086 0.0610092008357737 0.8682070573642247 37.6161795304356
0.8696346369689861 -0.002975134323463831 0.49368645059564514 13.784517387900161 0.031950577572655056 0.9982245416526725 -0.05026564206275308 -2.7073375860263282 -0.4926604932901734 0.05948629091442966 0.8681857001283667 38.516619986322006
0.8694142148240948 -0.0018738414917247063 0.4940800605755491 14.289537406066634 0.030375055378408927 0.9983038789024721 -0.049663670648149603 -2.77514124427573 -0.49314909390944317 0.05818598549955789 0.8679964550614216 39.427056825151986
0.8687729123041406 -1.965088327530437e-05 0.49521040566954505 14.80796827081178 0.02858148413047808 0.9983349206124771 -0.050102315972392945 -2.8417582828792947 -0.4943849762842628 0.057681356890292426 0.8673268447996327 40.34307056664261
0.8676924530028858 0.002580092836156087 0.4970944602788942 15.334647233613866 0.026124200882355397 0.998367887413844 -0.050782389428903396 -2.909135339504438 -0.4964142531883072 0.0570496612891445 0.866208881456477 41.26519982218906
0.8661084380345964 0.00315284891374023 0.4998458909211407 15.86739737491174 0.024701165682915575 0.9984883457848721 -0.04909905858784789 -2.9765837215930295 -0.49924514546085447 0.05487185986673337 0.8647213009748796 42.19036418579017
0.8640265060496674 0.002135538620257655 0.5034414812249794 16.405474076521145 0.023647565618798327 0.9987150113605218 -0.044821314365954455 -3.043618118557576 -0.5028903405134911 0.05063194378230072 0.8628657287937984 43.114535563751865
0.8612119389681164 0.0025155718971852682 0.5082394186665143 16.94521991815103 0.021127087887075416 0.9989460984520141 -0.04074420864589924 -3.108899849870217 -0.5078063450577183 0.045826992244869975 0.8602512023554405 44.035055794263265
0.8573168055595973 0.0023227578791159406 0.5147836627716744 17.49248267705588 0.020298033857467056 0.9990595949023905 -0.038312040597013486 -3.173068056654095 -0.5143885525790164 0.043294625594182325 0.8564634516058759 44.94970346408004
0.8520811106188743 0.0058049687757407865 0.5233772999811136 18.04672508809875 0.018162370138188725 0.9990082571964302 -0.040649486395627425 -3.23563592999134 -0.5230942596857386 0.04414240238792522 0.8511307096853551 45.85691520799821
0.8459792255144132 0.009821914408935482 0.5331250975107104 18.61935812532835 0.01617194309867728 0.9988976572176737 -0.04406509657351043 -3.2985447633356055 -0.5329702459046983 0.045899797868857194 0.8448878904891954 46.76606948662363
0.8398028626192108 0.010335348277048212 0.5427927773653132 19.212284668621376 0.016017713041148383 0.998911722181862 -0.04380274386632769 -3.3565060943900122 -0.542654813164514 0.04547994507673354 0.8387233740306062 47.66229548793964
0.8339492408279177 0.006907965030169132 0.5517975640877134 19.822822134271625 0.017276285918926527 0.999104584691678 -0.038617996983261585 -3.4102422829979475 -0.5515702989473944 0.0417384386874713 0.8330832032472899 48.550661885514415
0.8287114186988841 0.0016058330618037742 0.5596734984374803 20.433837851336197 0.02050625994094825 0.9992372198178086 -0.03323075508601581 -3.465272871240989 -0.5592999744241683 0.039015492246534285 0.8280464304231774 49.43335224218602
0.8244739458376781 0.0014208206508410147 0.5658978463730964 21.056964963632016 0.02183704129099402 0.9991720713505636 -0.03432369972826648 -3.5171409266433864 -0.5654781337222983 0.04065650459492829 0.8237603563479162 50.29680980176271
0.8208825919395598 0.004306585669146768 0.5710804889563678 21.675071085328685 0.02223179530215816 0.9989725104325758 -0.03948978725211271 -3.5747281914717735 -0.5706638155897664 0.04511259600266251 0.8199434703095865 51.158139378036715
0.8179642829021231 0.006412399392586737 0.5752330027739938 22.298597580342065 0.02497150350048981 0.9985993850742955 -0.04664059512725229 -3.635034933581619 -0.5747264672351053 0.05251474455623191 0.8166586333584019 52.011772356606954
0.8145801672415832 0.006933148412403356 0.5800093629037726 22.925280546411 0.024921868295800606 0.9985867440908642 -0.046937527951467814 -3.6966160690847536 -0.5795151084842136 0.0526892634631583 0.8132563121020647 52.87386892981989
0.8111070381222487 0.006174068953991016 0.5848649602197037 23.56010459994867 0.024360940089800474 0.9987198487085088 -0.044327307429791706 -3.7615614017262984 -0.584389978895661 0.050202019127400035 0.8099184019601279 53.73415984230945
0.8078621761003988 0.0027997002420827744 0.5893645646420234 24.201305268563218 0.024391662530637622 0.99897294940557 -0.03817997070244103 -3.8225171774485074 -0.588866207977836 0.04521970251479788 0.8069643455531418 54.596874326579346
0.8047631646801138 0.001072420726157775 0.5935947702820897 24.845721588362256 0.024556390452666343 0.9990819351888813 -0.035097194270512506 -3.875703368156819 -0.5930875187749318 0.04282144152419273 0.8039982260227083 55.45676161464675
0.8016396611942924 0.0007168127713998753 0.597806860927908 25.494796518931164 0.02557654698684202 0.9990422898264689 -0.035495236249280845 -3.9214369425038638 -0.5972598580549765 0.043744190752936944 0.8008537752664621 56.313447869370954
0.7980944883889803 0.0019066380754924406 0.6025290509114565 26.148336972110123 0.0256941072529896 0.9989774302160739 -0.03719490470914784 -3.971578595406964 -0.6019838989527858 0.04516646034082755 0.7972296173444773 57.1703482442486
0.7940432444503079 0.00449014490574673 0.6078443893167256 26.80900893814517 0.024691640912008744 0.9989088756251138 -0.03963427645354192 -4.019301698250489 -0.6073592030073233 0.046479973022001964 0.7930662164108008 58.01518168332637
0.7896374702717476 0.005884003694569224 0.6135450774687305 27.482549354117275 0.023815412907816073 0.998906286660369 -0.04023030947736425 -4.070622728840744 -0.6131108366206043 0.04637916075302395 0.7886340013265565 58.864698069622456
0.7851230591237158 0.005698317732061117 0.6193131684517741 28.159724160632226 0.023556862264307445 0.9989590483545779 -0.03905523123708122 -4.126095117961301 -0.6188911359803773 0.045252210191135366 0.7841718442416526 59.69581886376622
0.78015255963254 0.00523080464922026 0.6255670611779941 28.84501024752946 0.023932466600905082 0.998983188552416 -0.0381996779880162 -4.187298745151531 -0.6251308715353896 0.04477290906544895 0.7792344425702428 60.53115701560021
0.7747572320314909 0.0065275211292234415 0.6322248075921711 29.54121747945613 0.023671566735890933 0.998945901429706 -0.03932202022595071 -4.248261714552478 -0.6318151152977479 0.04543074091534985 0.7737863386254537 61.360951357157404
0.7692224189483277 0.008108752533566823 0.6389294243857566 30.245019965472082 0.0229942976130197 0.9989202755063197 -0.04036083313077377 -4.3083920623382905 -0.6385669355491282 0.04573815588920714 0.7682056802047711 62.19216788594944
0.7635461645524716 0.009127536728111013 0.6456884964474733 30.95784850954852 0.0227301866986249 0.9989003145034651 -0.040999712041060184 -4.369138984621551 -0.6453527781885676 0.04598175862562462 0.7624992728331805 63.01782070200162
0.7578105634247604 0.01050983454985692 0.6523897613683233 31.67831934570661 0.022248438173363517 0.9988723172848694 -0.0419351771115087 -4.431693060449621 -0.6520949306630782 0.04629353832418283 0.7567224007742908 63.84054135564579
0.7515979016845623 0.012531788090163988 0.6595022949828595 32.41738038976169 0.021424401436152873 0.9988279437079434 -0.043395797266651236 -4.495393343004418 -0.6592733255078117 0.04674559659167499 0.7504486739346742 64.66959967607401
0.745340318488075 0.01321773668219566 0.6665528953716141 33.16066691042495 0.02063562492679734 0.9988667192694527 -0.04288228615178222 -4.558241269393774 -0.6663645029695362 0.045716599299943574 0.744223054052118 65.48995878633234
0.739034936754686 0.013536947138549664 0.6735307757216694 33.90237721931812 0.01966366739483275 0.9989383240120132 -0.04165318824215729 -4.621792577346892 -0.6733797482968302 0.044027215464062096 0.7379843277766649 66.29396749702863
0.7325425828795034 0.013498007681993144 0.6805870584136898 34.67371528359924 0.01927297427165607 0.9989910460499646 -0.040557124390385564 -4.690835576306505 -0.6804480104841538 0.04282672723339613 0.7315435107510639 67.09448997139144
0.7260754673271532 0.015435985273190313 0.6874414662424776 35.452633051379706 0.017872043498647367 0.9989863294773756 -0.04130792494134949 -4.759471195735142 -0.6873824739086569 0.04227862232678528 0.7250637397262795 67.89102829368333
0.7194906053220029 0.017082258169430486 0.6942917399619423 36.25059526997063 0.017755671837633203 0.9989179587132413 -0.04297732751954494 -4.834987127884317 -0.6942748638140179 0.04324936948468385 0.7184089460564684 68.68199687923638
0.7133845794662567 0.016442619726840614 0.700579513208396 37.05460954576629 0.019197981286597294 0.9988906001060986 -0.042992852941002906 -4.906236784909763 -0.7005094526250175 0.0441201194625687 0.7122776467434564 69.47299932365327
0.7078762076389199 0.015588646059036615 0.7061641376418228 37.875193122198375 0.01972176452989189 0.9989301455060323 -0.04182105107276719 -4.981381005817864 -0.7060608064020978 0.04353090092226617 0.7068116222901282 70.26200639663872
0.7028422709516797 0.01503627872796802 0.7111864217123 38.692545629195635 0.020879757358439062 0.9989093637121842 -0.041754236382695945 -5.057860042997083 -0.7110388720163593 0.044196013651123425 0.7017619684252694 71.05256779760781
0.6978985674000674 0.016097453624194367 0.7160153141869902 39.51885918197242 0.020792404304490347 0.9988702031427678 -0.042722895436933826 -5.137332306727632 -0.7158943687358759 0.044703898249640786 0.6967755977529657 71.83897402916234
0.6926483685189925 0.017802517574793446 0.721055313052248 40.35158495921022 0.021470319779150437 0.9987430779238796 -0.045282953074089305 -5.214176444169575 -0.7209554345954535 0.04684642400741819 0.6913957492185081 72.62314659334086
0.6875320538249797 0.020306986950314264 0.7258697560546825 41.1928580884738 0.021128200278636846 0.9986259188072341 -0.04794991161093718 -5.292363507212879 -0.7258463309573834 0.048303390033234875 0.6861584646726417 73.40572571839552
0.6824172715294194 0.021143693066479497 0.7306566776487687 42.04714370234499 0.021540997959786822 0.9985653460669699 -0.04901522210999319 -5.3695022689541645 -0.7306451133863692 0.04918787547796855 0.6809829632201144 74.1846596738439
0.6774175301248654 0.020291814091806904 0.7353185502397933 42.91453133798694 0.021425442541579343 0.9986507142105904 -0.04729704803769435 -5.443972156875446 -0.7352864269523514 0.04779433974002555 0.676068905193697 74.95795682867448
0.6722412406056738 0.020046198723367697 0.7400605113525487 43.78384828537787 0.020989214508591047 0.9987151017866158 -0.046118188983073245 -5.52705035195367 -0.7400343991457828 0.04653579869513856 0.6709568972923239 75.73566259146007
0.6671159575377981 0.02124208101011217 0.7446507263661785 44.65832089402328 0.019932516587944652 0.998726160648888 -0.04634698330897395 -5.602320708242144 -0.7446869511996227 0.04576153923038615 0.6658429305017475 76.50976643603111
0.6622091585517736 0.022164817611188214 0.7489909536651318 45.53829748402448 0.019128905920886185 0.9987362404294184 -0.04646803969334305 -5.677128587029409 -0.7490746036884284 0.04509889978455523 0.6609485295507641 77.27783054398178
0.6576914854888605 0.023238599563689386 0.7529286073690293 46.43228560009195 0.018007717434817955 0.9987529292561061 -0.046555733224939264 -5.7518033300436455 -0.7530717979392109 0.04417779633482807 0.656453136898659 78.0512939095556
0.6537983252189964 0.023825570307759933 0.7562933846383906 47.33404519973714 0.017103343957510633 0.9987829830317028 -0.046250190653257715 -5.824838580156749 -0.7564752120888365 0.04317340300857519 0.6525954589533866 78.82482786479545
0.6498153785511565 0.025930317905173687 0.7596493756633534 48.238998540983914 0.014552555368583431 0.9988098089549883 -0.046542435071711304 -5.898427986544405 -0.7599524508062006 0.041298788322074696 0.6486649365604098 79.59620922774072
0.6455083998501452 0.03066922362587658 0.7631368675978525 49.152212392020225 0.01116926556148118 0.9987069687171053 -0.04958406309437259 -5.9785271180551725 -0.7636711594098541 0.04053056513434896 0.6443315399973809 80.36127049337534
0.6404570219665896 0.03548947217269136 0.767173283161842 50.07599212928175 0.006858748186151643 0.9986270392105423 -0.05192240870101019 -6.064363314436863 -0.7679630058997903 0.03851587786994772 0.639334660569318 81.12921824511486
0.6339643554871172 0.03935732726845668 0.7723598961274112 51.00164222954464 0.0016380697567343274 0.9986331025978423 -0.05223214534619929 -6.153401750993067 -0.7733602024563471 0.03437845206478224 0.6330336852170738 81.89059140874129
0.625503975288202 0.042665998072576164 0.7790532716261022 51.940832133057235 -0.0029371809221540924 0.9986248247816509 -0.05233289660959009 -6.240481707338051 -0.78021514034903 0.030446165749397385 0.6247694776337712 82.6467174769059
0.6162964256858229 0.04426734168373025 0.7862688520225756 52.89572372078563 -0.006310428411718315 0.9986638745831508 -0.05127903546688389 -6.326827585723438 -0.787488628003446 0.02664134280895708 0.6157527060739711 83.39662559781429
0.6073440791852329 0.0424891833905168 0.7933016372660606 53.86651839221482 -0.006689836202111861 0.9988063223049046 -0.04837433987958845 -6.412019489036517 -0.7944104164233309 0.024072757893130434 0.6069037344064868 84.1348858510347
0.5981984818405217 0.042039740082965134 0.8002442285764579 54.84871266579076 -0.006320383345792556 0.9988388294712482 -0.047748037822551985 -6.495948385752213 -0.8013227027235128 0.023504900659694357 0.5977699731671081 84.86191906489242
0.588563330775576 0.04399805083209736 0.8072527086775012 55.841625165462546 -0.005491967174354996 0.9987119443049367 -0.05042908718887147 -6.577880447449919 -0.8084321556994467 0.025247254330018586 0.5880472201559758 85.57733877529982
0.5784768349558017 0.04577275758421604 0.8144132992971231 56.84463571419329 -0.006190263987528363 0.99864135291236 -0.05173006440534494 -6.660718716525656 -0.815675062918324 0.0248831580101714 0.577974557899641 86.28492517794415
0.5684991300358339 0.04744549972109707 0.8213143207590847 57.85923482809787 -0.006431253241192425 0.9985608171760926 -0.053233044567389524 -6.747729566553382 -0.8226584459262604 0.02498080741601844 0.5679864087112798 86.98378227598145
0.5581985480604067 0.04826766884310431 0.8283019569036159 58.88099864246908 -0.00899569799220071 0.998599179879289 -0.0521291532680483 -6.837343389650105 -0.8296583802158964 0.021647208603830057 0.5578511396592665 87.6763631176011
0.547627390927244 0.048231236933013184 0.8353307341153136 59.91659457145083 -0.010467960980319475 0.9986533680641967 -0.050798747279142555 -6.928359389880036 -0.8366565385458496 0.01907452035410469 0.5473951527461348 88.35916894344273
0.5371293034579452 0.048421169122134816 0.8421086068161003 60.96422754608588 -0.010730577230569782 0.9986617414204904 -0.05057859469154616 -7.0150882845060165 -0.843431372223701 0.01813087796279677 0.5369303802853449 89.02728218667983
0.5267131280958157 0.04963824447788467 0.8485922016291654 62.021961369709686 -0.010315268559121763 0.9985925774049528 -0.05200991236474553 -7.102990021098181 -0.8499801826861971 0.0186407916727667 0.5264841904094172 89.68391439355312
0.5164914580761221 0.05044847823786603 0.8548045675741085 63.0954609706284 -0.008987004901343127 0.9985266627122266 -0.05350047079361628 -7.192807492106591 -0.8562448131524133 0.0199503500090956 0.5161842014812915 90.32897623327119
0.5064667101978778 0.05110638110905444 0.8607432708208189 64.17141198650812 -0.007655807023360429 0.9984684190891372 -0.05477906053541862 -7.283920052422044 -0.8622251562841982 0.021154032930806307 0.506082623578907 90.95955916352618
0.4966544688892985 0.05105672762960904 0.8664449967395155 65.26825006244086 -0.006786486824339951 0.9984655565994692 -0.05494619093128729 -7.374816353824163 -0.8679215311349147 0.021409100158300692 0.4962391561510262 91.58520639615845
0.4877561304996713 0.04910678050019421 0.8715973321809966 66.37335077488649 -0.005825295030973645 0.9985767314678183 -0.05300105576386175 -7.465679203612899 -0.8729602036278783 0.020774223018852005 0.4873482924913651 92.20101973551098
0.4796067604772623 0.04700541820508969 0.8762232833396062 67.48675100277374 -0.006149520624741173 0.9987190092935357 -0.05021078831691549 -7.555194339181322 -0.8774616963985021 0.018693024848782706 0.4792817276780834 92.80946199642516
0.47193181802368256 0.047325610382528215 0.8803635849406323 68.60654496767188 -0.006426728831982826 0.9987156160320245 -0.05024271961094353 -7.643596963916815 -0.8816113498783973 0.01805322297309751 0.4716301097361544 93.40834982538844
0.46423187119561066 0.050559766676010046 0.8842690803914744 69.72877725267216 -0.008322023928872274 0.9985736509701156 -0.052726375065608615 -7.731323855532725 -0.8856743333241582 0.01711829933925464 0.46399069832636836 93.99879483180902
0.45709148343876 0.0538698548566802 0.8877864358769589 70.85834607356283 -0.01099735744966307 0.9984294241660189 -0.05492137765152768 -7.820054932894648 -0.8893514282463835 0.015340731132368272 0.45696624203000413 94.58341392771179
0.45085739398224967 0.05668126851790105 0.8907941654795023 71.9916495868787 -0.012027823262137943 0.9982762713227485 -0.057432724554740605 -7.914154239027016 -0.8925146796674753 0.015179595371727434 0.45076221775595204 95.1581415665636
0.44529577071043325 0.06019000088986309 0.8933578797598796 73.1306184312441 -0.013824559503425418 0.9980806671036174 -0.0603548234511529 -8.011915200530257 -0.8952765683636454 0.01452540957380378 0.4452733908258721 95.72831641141977
0.44043612001518145 0.061182924769340744 0.8956964318719036 74.26255584979607 -0.01648401836085333 0.9980575452046924 -0.06006936328603788 -8.110097180566779 -0.8976323720984951 0.011691980967071448 0.44058929426668764 96.28816393349412
0.43615594296015237 0.05858992170210973 0.8979613661448009 75.40277838983657 -0.017807125576785383 0.9982441864067841 -0.05648389001070218 -8.209524155653018 -0.8996946582890375 0.008645612790173564 0.43643358903795226 96.84449473451323
0.43221316733785403 0.056539549114632874 0.8999969259862337 76.5801903343751 -0.02112307650198277 0.9983929137732142 -0.05257684990138526 -8.308011522648457 -0.9015238521190169 0.0037136389945263215 0.4327129799227986 97.41511253612477
0.4288444538550241 0.05587978207270225 0.9016480725756132 77.67613378362253 -0.022810671398290138 0.9984360899440718 -0.0510289441290098 -8.396731002048703 -0.903090166553749 0.001316216492908304 0.4294485293758652 97.93967824340183
0.42591208918790086 0.056243829118618374 0.9030143485945377 78.80718184947163 -0.024454377471498628 0.9984163908930819 -0.050651836153432765 -8.486977344019374 -0.9044338613177113 -0.0005094909818266933 0.4266131176665786 98.47554373503955
0.42328469244459127 0.05523642696723786 0.904311013239261 79.9353526513083 -0.026291492408615304 0.9984677240016607 -0.048681253387605185 -8.574915845600279 -0.9056150123891606 -0.00316972478153494 0.42408845669587214 99.00671879058957
0.4209211623359044 0.05420601318226315 0.9054758131085253 81.06308493793838 -0.027734382561316363 0.9985147301347225 -0.046883089446554976 -8.66198539840603 -0.9066730326392095 -0.005378797264509971 0.42179942587158453 99.5329595922169
0.4186665475003731 0.055262516725645965 0.9064566599587638 82.18015143414908 -0.030378963501796124 0.9984398276069119 -0.04683911605908497 -8.74144027182404 -0.9076316715632475 -0.007927314316734638 0.41969223189945876 100.0567048733793
0.41603007192148717 0.0555314192109592 0.9076532467624636 83.28008654972072 -0.032462708782305845 0.9984038150674219 -0.04620409927535415 -8.827995853112197 -0.9087711026234141 -0.010242662393633275 0.4171687573786395 100.56272349725491
0.4134064772771754 0.05475405492222064 0.9088983467666527 84.37080659344754 -0.03570773397874969 0.9983968448416972 -0.04390418823403798 -8.914611176392102 -0.9098460193267939 -0.014304502518790847 0.4146988923808278 101.06272332944656
0.41123136641892843 0.0540686845370663 0.9099254852543341 85.4619149256373 -0.03750862246280376 0.9983968809235257 -0.04237408617746217 -8.996528940935654 -0.9107587327258186 -0.016704578764745643 0.4126002121376591 101.5536053252886
0.40930219144821245 0.05479420485539003 0.9107515575837665 86.54686292988205 -0.039791674604357286 0.9983167170095748 -0.042179594630455966 -9.07268426348884 -0.9115305446440907 -0.018976211066855927 0.41079364564428 102.03279341391298
0.4079192634407971 0.05622143092523125 0.9112848663097781 87.6204013562494 -0.04108241181043184 0.9982210125690295 -0.043195148958195005 -9.149508200169802 -0.9120930136984321 -0.019817730379966758 0.40950336893807693 102.50909535735714
0.40727317327519047 0.057413585388689105 0.911499480511429 88.68279559666902 -0.04121222973137349 0.9981602236009643 -0.04445784063523417 -9.227600877532407 -0.9123757933210138 -0.019458524702685234 0.40889011371522765 102.97659780111955
0.40759235234709845 0.05795140365144286 0.911322761455028 89.74026725923233 -0.040178264999604 0.9981552480328477 -0.04550322384065483 -9.305891318324726 -0.9122793670263561 -0.018068684682273805 0.4091689362571003 103.42822584427257
0.40965492518171726 0.057765737799182995 0.9104092857994357 90.78636142851997 -0.037997287561289686 0.9982068635963938 -0.04623893898193145 -9.383580614752171 -0.9114486032162872 -0.015651155359664957 0.4111153954476124 103.87441950904922
0.41391508544906463 0.0577709996424677 0.908480000121755 91.82284710774466 -0.0356432053629211 0.9982467644443473 -0.04723982887737508 -9.462621512080567 -0.9096171486645811 -0.01282793966054963 0.4152486671730839 104.32712431348531
0.4190580974483971 0.05806046183611589 0.9061006671564483 92.8503823993077 -0.03396830095700523 0.9982565700288033 -0.048255713913648315 -9.540420145508431 -0.9073235500947417 -0.010556828504939877 0.4202998397261431 104.78441854674192
0.4248592218074561 0.058212540991541856 0.9033852955021143 93.87057983465013 -0.033288975144927936 0.9982592969614154 -0.04867034027793897 -9.609316637082596 -0.904646869836819 -0.009394803326345375 0.4260576504576058 105.25571598591672
0.4318130368945608 0.05709455117137605 0.900153742669632 94.88240638560505 -0.03225403142137814 0.998332985051613 -0.04784921234641877 -9.680290741541103 -0.9013859504076766 -0.00837174808535085 0.4329348778493883 105.73339860741743
0.4399849808626073 0.05549088392827819 0.8962885045595081 95.88621709423792 -0.03065498622133085 0.9984347181161287 -0.04676649764059598 -9.74907436297613 -0.8974814792185757 -0.006899228270935099 0.4409974857647573 106.21639254697696
0.4488449630650989 0.05517546914661562 0.8919041301179932 96.8815852974079 -0.030268170921736205 0.9984573473527442 -0.04653484341778824 -9.818908087759688 -0.8930966129151181 -0.006109448977390291 0.44982275155974955 106.70961040976923
0.45835400205643595 0.05470385645021289 0.8870840959069776 97.8683737608148 -0.02959339916657393 0.9984892493005921 -0.04628303557608628 -9.886760262864236 -0.8882766400910478 -0.005037890322271015 0.4592805658672443 107.21108986865522
0.4681767454694453 0.0551240280563607 0.881913216435712 98.84286173410415 -0.028515818817522534 0.9984742764289904 -0.04727161816758312 -9.958083314928297 -0.8831743177627722 -0.003017074861922264 0.46903451176283334 107.71890077545477
0.4786917143395583 0.056789325060535085 0.8761440045657846 99.80579872610879 -0.026779963726587495 0.9983853555067361 -0.050081119812561296 -10.026745522539676 -0.8775742415992901 0.000510245309219752 0.47943982242288247 108.23977504827401
0.49009325637556356 0.05746264235991079 0.8697733972503153 100.7547030334619 -0.024969992108562968 0.9983400473479663 -0.051886646116200946 -10.09359859477513 -0.8713119790399902 0.0037109958896584853 0.49071480063226186 108.77898312399586
0.5023359748191767 0.05598998117536148 0.8628573115291988 101.69951989732928 -0.02292456336567088 0.998412200731131 -0.05143983678309449 -10.15565938216687 -0.8643681885764323 0.006059391380560257 0.5028221927326386 109.33301531018847
0.5152092243634423 0.053155504290529836 0.8554139400148442 102.6359957047708 -0.021282988606578217 0.9985598850831122 -0.04923201241502582 -10.216649329089499 -0.8567997756557703 0.007158961157057381 0.5155988346761499 109.9001879727187
0.5277743504047481 0.05081666300552019 0.8478626495240571 103.56041726978657 -0.020395548809144688 0.9986784393700358 -0.04716005352507491 -10.27636127404226 -0.8491393620180442 0.007597182287785525 0.5281135805978171 110.47967810646175
0.5396868335512913 0.050403888059802365 0.8403551544860298 104.4750195758586 -0.02077490702583437 0.9986988363128522 -0.046559302429323296 -10.32552030123512 -0.8416091477456402 0.007669081987710978 0.5400320308548322 111.06458004332607
0.5512433049468066 0.05094883574626065 0.8327870420418337 105.37842023275282 -0.020993990740702104 0.9986640838167252 -0.04720050887762924 -10.377341948599037 -0.8340800517082297 0.00853538065240354 0.5515768310455292 111.65919598781916
