1.0 0.0 0.0 0.0 0.0 1.0 0.0 0.0 0.0 0.0 1.0 0.0
0.9998803734779358 -0.001381570822559297 -0.015407467260956764 -0.012101858854293823 0.0013659554533660412 0.9999985098838806 -0.0010239701950922608 0.0004468736005946994 0.01540885865688324 0.0010028016986325383 0.9998807907104492 0.1267280876636505
0.9993411226175934 -0.0041392707399631225 -0.03605869799071675 -0.030217902057695808 0.004118322123000558 0.9999913235329393 -0.0006552069811412075 0.0009791738251851258 0.03606109436848849 0.0005062739406160935 0.9993494775953857 0.26862298669689244
0.998012466762639 -0.0057087591431632285 -0.06275816035349137 -0.05987545251609672 0.005760678633321751 0.9999832086831831 0.0006463844425830164 0.0023081052477010693 0.06275341437356574 -0.0010066293581700398 0.9980285590068934 0.4305403216553985
0.9953527626971522 -0.005411577077815955 -0.0961439815654569 -0.10504080503997838 0.005718901888059481 0.9999793982060247 0.002921236429115 0.0033223814426196355 0.09612618765102585 -0.003457498774073041 0.9953631585683005 0.6034613245408497
0.9909970283618391 -0.002437993136082813 -0.13386198498254898 -0.16529628374418115 0.0031551073946566458 0.9999817980132851 0.005145250398702745 0.005264528570348214 0.1338469969590503 -0.005521276536510642 0.9909866477187744 0.7870086769539191
0.9848812087191109 0.0008797587662825403 -0.17322866217461302 -0.24019419234452932 0.00011486039327043775 0.9999835510810089 0.005731548544705361 0.0076250440883772076 0.17323084902193958 -0.005664791817124911 0.9848649380457464 0.9812572259231229
0.9763389480188142 0.001209269118248404 -0.21624249049704183 -0.32205461722588724 0.00031052519151585875 0.9999755131134045 0.006994082245465131 0.011212428695653677 0.2162456333736771 -0.006895743564987674 0.9763146890099683 1.185453214599127
0.9644808394950989 0.001175212819083577 -0.26415038424639636 -0.41700537248577885 0.0013470625204626949 0.9999553113772947 0.009367303295200784 0.014744699727645357 0.2641495431566017 -0.009390411175098092 0.9644361393122176 1.3994730768188042
0.9500986703665998 0.004177908903525402 -0.3119216259348679 -0.5318267018182053 0.0010098497171510219 0.9998639669832611 0.016468233468084983 0.013617410037354245 0.31194793886489536 -0.01596144042017398 0.9499652397157223 1.6200360378757215
0.9333564431219259 0.01416072158472609 -0.35867145025379316 -0.6772190559779934 -0.005593758293635736 0.9996740604169013 0.02491175695721433 0.013042362687592821 0.3589072639587805 -0.02124522831973099 0.9331315214763445 1.8419281025811034
0.9123320484651016 0.020148896120513533 -0.4089551593793664 -0.8328050594244703 -0.008864984745451002 0.9995264385896981 0.029469113121998264 0.016016117035803697 0.40935522207603847 -0.02326023521714962 0.9120786907372965 2.0630524003945476
0.8872654928766697 0.021776575851310473 -0.46074468734478347 -0.999102439663645 -0.007355619013505035 0.9994259793951012 0.03307186830631349 0.019081957952805307 0.46120034216353084 -0.025954468133761087 0.8869164662559623 2.286905466101925
0.8590209013017054 0.024093045544655082 -0.5113731248339541 -1.1880503291698072 -0.0054601124689969555 0.9992663624197102 0.037907775673004976 0.024164893153879402 0.511911240792737 -0.02977142180480099 0.858522375211569 2.512800497869069
0.8270451276661978 0.02918261508163867 -0.5613773632382622 -1.3997783718740016 -0.006631360540029707 0.9990885804084293 0.042166971157075225 0.030701948886607926 0.562096221275457 -0.031151297655331762 0.8264850645152316 2.7333671625668714
0.791186163835858 0.03486678196287615 -0.6105805997692988 -1.6341964193060037 -0.00879172718376764 0.9989188403914387 0.04565030603746735 0.036537623125987476 0.6115121369873453 -0.03074983712611946 0.7906374236418034 2.948016183388764
0.7532742270034727 0.03928515217543546 -0.65653221958976 -1.890112214175737 -0.009846356059383998 0.9987763100708442 0.04846688783894908 0.045998793323966676 0.6576328238800861 -0.03004441142463622 0.7527394197439674 3.160520575644846
0.713545205074262 0.04262496287722923 -0.6993113036722048 -2.166152101031052 -0.01112298477568664 0.9987109722993853 0.049524823892559314 0.05994953706077026 0.7005208687892819 -0.02755977445263029 0.7130997187765555 3.369735252193471
0.6716418875314961 0.044607642865228045 -0.7395318001500484 -2.4658971305023387 -0.010774264218311402 0.9986683573379799 0.050453263886332686 0.07581130120199635 0.7407976447292183 -0.025918617963682524 0.6712282190205354 3.5798963886618114
0.6289069237446385 0.04493064504651578 -0.7761812221519866 -2.7846656580567304 -0.006144236707169849 0.998584848741411 0.05282646440838923 0.09232517245524588 0.7774563604205216 -0.02845389133581407 0.6282931189390574 3.7921514350283463
0.5870428174941987 0.04577422268994756 -0.8082607119399609 -3.1318965548980433 -0.0032008137960407093 0.9985236317900309 0.054224622199851476 0.10779908606138566 0.8095495789745177 -0.02924508636564763 0.5863227972150635 4.000366736566318
0.5468504390784504 0.04700297884007897 -0.8359098259652201 -3.5076108857618924 -0.0015794693305043463 0.9984790611512033 0.055110911646481534 0.1241317809762115 0.8372288618712483 -0.028817137919073532 0.5460930567459265 4.202254433129755
0.5079967959061757 0.049527660544775656 -0.859933779436343 -3.909356104744944 -0.00031204878025230487 0.9983561024767391 0.0573157114234901 0.1392365419208085 0.8613589001525847 -0.028847864051103213 0.5071772682527358 4.402127272085356
0.4705740725020736 0.04939764185470886 -0.8809766058393075 -4.338561749182252 0.002506180929735035 0.9983528913300806 0.05731777304249795 0.15755641096839448 0.8823569570633869 -0.029180151643817907 0.4696752923701489 4.600410092120663
0.43411063349842627 0.048762182111900323 -0.8995388488500489 -4.794198345316766 0.0038334112050613972 0.9984250396180305 0.05597257172706437 0.17752716530656634 0.9008514662881251 -0.027746597148918674 0.4332400921748512 4.791824203165961
0.400198486074596 0.047379991876531385 -0.9152028086061825 -5.277728316575958 0.002459829594502199 0.9986035167524516 0.05277326945926886 0.19879449848068226 0.9164252212820527 -0.023371030841427394 0.39952318737249143 4.974127481927023
0.3705132812785219 0.04579343685487992 -0.927697518216209 -5.789744931388364 0.00034073496316875854 0.9987771316323837 0.049438184542095726 0.22201497718509802 0.9288271488836065 -0.01863360783775978 0.3700447023525639 5.152039205774385
0.34474982162345336 0.04391009894088437 -0.9376669170856828 -6.329746815965645 -0.0010478725824564776 0.998922701356261 0.046393378365944836 0.24539570873876562 0.9386940570317921 -0.015011558129053089 0.3444245440077112 5.330725511177498
0.32391181708894257 0.04320487039380563 -0.9451001106884606 -6.89535551946334 -0.0022400358116837766 0.9989889047266775 0.04490065036427896 0.26864081802765616 0.9460846424753915 -0.012426797450064739 0.3236812120710447 5.510975015364682
0.3087525744897378 0.04375507809024618 -0.950135300546279 -7.490219210907595 -0.003193242851087728 0.9989832958041667 0.044966933808019145 0.29090213263521914 0.9511370181276839 -0.010849647682510495 0.30857852360082344 5.692967791889456
0.2971358088106869 0.045350621116923624 -0.9537575751823368 -8.109243785766848 -0.004506661305168185 0.9989268502224005 0.04609438548203815 0.3131205592148797 0.9548246174016302 -0.00939803283711899 0.29702146344582087 5.878029580640075
0.2861733613529382 0.04734781109861284 -0.9570072046581036 -8.752693683574831 -0.0033225986023565903 0.9988213360892259 0.048423006139164816 0.33678714116490405 0.9581721158737739 -0.010677627402595815 0.28599350590277 6.068197418626255
0.2755820117864198 0.04911161438765663 -0.9600220660626224 -9.421852051352756 -0.0016693770588963339 0.9987169755931408 0.050611909064544186 0.3626882274248938 0.9612760574102598 -0.012345098613610583 0.27531055593214865 6.2602723947834935
0.26549052295996867 0.05082935764489478 -0.9627725466124725 -10.112008649036325 -0.0009290397580047938 0.9986222507188744 0.05246584719421062 0.3902645125855496 0.9641129289585847 -0.013034737159236205 0.2651721227079375 6.449694163572183
0.25528640345080134 0.05276705310159726 -0.965424382168668 -10.825967756193583 0.00010240525403324406 0.9985081386987495 0.05460238243795469 0.4193161983802814 0.9668653770588076 -0.014038117322304887 0.2549002945983835 6.636982328172116
0.244706879160251 0.05444155427980202 -0.968067397078901 -11.559707212579136 0.00024330986248822397 0.9984189445809547 0.056209945511092714 0.451451538162353 0.969597020637948 -0.013990507304329844 0.24430687532319537 6.820539262022194
0.2344778836415702 0.05557487699500127 -0.9705314527154923 -12.311462195881314 0.0002675018306985477 0.9983608481549656 0.0572330682519497 0.4861181814052039 0.9721213778963327 -0.013679515281920627 0.23407878718080538 7.000761494600262
0.2239596118081615 0.058767564916598646 -0.9728248581699438 -13.082271748537686 0.0016737581554587323 0.9981557629823736 0.06068309206727534 0.5233623742427677 0.9745969548302201 -0.015218843991548938 0.22344831786311675 7.1782497297870345
0.21269167969601083 0.06187358893305035 -0.9751582703322119 -13.862033093577054 0.003499245762884801 0.9979385845763253 0.06408219577854928 0.5631459987317733 0.9771131340451455 -0.01704207657741441 0.2120368073486474 7.350291064622358
0.20056510173876402 0.06644521004378125 -0.9774244063956183 -14.64994455555376 0.004535069830937719 0.9976237703246211 0.06874893175131437 0.6034907240942845 0.9796698825189936 -0.018221333077398115 0.19978727856222192 7.512325913998403
0.18769181545003824 0.06885220651060964 -0.9798116827050157 -15.444316539159324 0.005479788954723417 0.9974512673258928 0.07114144338632385 0.6443432777842174 0.9822126813616553 -0.018721837028347527 0.1868362423593229 7.663700130720285
0.17366023810780737 0.06949139732136016 -0.9823506967891866 -16.241245365117063 0.005967295826657087 0.9974147992474413 0.07161191952922971 0.684979611385475 0.9847875599026659 -0.018298128666865743 0.1727967166501159 7.803820616007976
0.1593308942138402 0.06850008900728612 -0.9848458580013785 -17.045996496738724 0.007306810039446602 0.997480809434511 0.07056101104231302 0.727244421564618 0.9871982845100106 -0.01843863682626273 0.1584290871501995 7.933469157392136
0.14296039361270343 0.06748328836042213 -0.9874251176233488 -17.857000136719407 0.007923194249536606 0.9975629437166721 0.0693232546944421 0.7679917073207703 0.9896968254155276 -0.017734046500201904 0.14207739112080084 8.04826129344503
0.12273546640969411 0.06585881878991673 -0.9902518103544957 -18.67273660612629 0.01036799440733834 0.9976563919092859 0.06763630711801648 0.8064540119273409 0.992385401988138 -0.01856830558260799 0.12176507476256666 8.147358937236648
0.0975704930114182 0.06460911219899312 -0.9931292398734283 -19.495763597810857 0.014834349318258779 0.9976854674599416 0.0663629178887269 0.845649201910199 0.9951181527436725 -0.02120749528517228 0.0963863151672279 8.228212650920469
0.06770300061983127 0.06432283053492312 -0.995629872250102 -20.322007447403482 0.01914780912656578 0.9976521877769544 0.06575552461610866 0.8850116988375922 0.9975218486066684 -0.02351598381591995 0.06631249742503748 8.284770530621314
0.03479949950100519 0.06389869207287209 -0.9973494016738872 -21.15626593623861 0.022416151550948005 0.9976530699576871 0.06470027744107175 0.9232778257551623 0.9991429485113966 -0.02460828043574277 0.03328555851285713 8.311045957625394
0.0005546200695677166 0.06357676474411414 -0.9979767800952429 -21.992721929356485 0.02432323865806547 0.9976810042356771 0.06357142639591824 0.9585596671095095 0.9997040901446518 -0.024309292195916633 -0.0009929651000203407 8.306306392948807
-0.03340213418267588 0.06247775860581015 -0.9974872107533899 -22.83005998182593 0.025200445014962526 0.9977796697461334 0.06165219117738224 0.9929250189997989 0.9991243260894895 -0.023077814328440124 -0.03490234212932274 8.27171445843048
-0.06618855884554906 0.06032887274246634 -0.9959816630507804 -23.668300335906796 0.026997170934732674 0.9979135430601225 0.0586517657987161 1.025647057106729 0.9974419458095669 -0.02300661759088779 -0.06767907420380957 8.211104213056974
-0.09850080117814305 0.057723920729991565 -0.9934613841082602 -24.504833882227167 0.02971435606007482 0.9980418574477936 0.05504390040322288 1.0562845133487575 0.9946933920688469 -0.024098201917917127 -0.1000230528437957 8.12487277906538
-0.1309165692936289 0.0534284546984991 -0.9899526415927651 -25.338630976702685 0.02760773246583807 0.998356164938436 0.05023099242194893 1.0841781097537824 0.9910091052140212 -0.020754282661055393 -0.13217629653452087 8.006446236932044
-0.1625339662269581 0.04777269122255124 -0.9855458103728387 -26.168909706664053 0.022281908332034982 0.9987503738691503 0.044738073083447266 1.1091650790297864 0.9864515211128925 -0.014688387072128996 -0.16339523583964238 7.855573126924874
-0.19298090439438503 0.04087272982982172 -0.9803509447084543 -26.991547408574515 0.016393809883056772 0.9991270033236354 0.03842843841110683 1.1282630402183147 0.9810657753634561 -0.008655732261984463 -0.1934824107756264 7.679836394630641
-0.2217763382255827 0.035482458710901 -0.9744518373742994 -27.811608173086935 0.010322183787965362 0.9993672935734301 0.034040461688945284 1.1430955147583612 0.9750431631918238 -0.0025091014876740055 -0.22200218467458246 7.478529915349291
-0.249796015478786 0.02943700689342765 -0.9678509756160233 -28.63096396991114 0.0022145698051539288 0.9995526563268302 0.02982964001119788 1.1520613974739626 0.9682962002260022 0.005307952303247091 -0.24974937275932424 7.24669270408876
-0.27608511205996095 0.02011534346100957 -0.960922761039964 -29.438028946468112 -0.003834849818114554 0.9997500716577 0.022029930026607723 1.1526925819699043 0.9611257800115359 0.009767131635398135 -0.2759388957579149 6.997713352219929
-0.3015544299514686 0.004619993996080225 -0.9534378381448095 -30.230066881302548 -0.008514449841585267 0.9999354347574593 0.007538262985123019 1.1460246629061406 0.9534112183724462 0.010391198167439249 -0.30149553813957763 6.7316698445335605
-0.3263614749555495 -0.013068755273337306 -0.9451547589754656 -31.01164587174094 -0.009918894824640694 0.9998968087197818 -0.010400690765794793 1.1318188028378913 0.945193293787947 0.005980510491624658 -0.3264573375624509 6.45244098308738
-0.3514702195137172 -0.02863445825695794 -0.9357610541524475 -31.78303643536131 -0.009904461215052696 0.9995900347408496 -0.026867536658527966 1.1086153252583466 0.9361469724418303 -0.000174923441025789 -0.35160962676942636 6.157685962288328
-0.37624741366014064 -0.0392934178350715 -0.9256856445976525 -32.55085564784483 -0.013310285001263255 0.9992265463993258 -0.03700507160872834 1.0709510688201733 0.9264239351250736 -0.0016019143397385412 -0.37647929585762807 5.836956571673402
-0.3998268527901139 -0.04341502456894561 -0.9155619141055672 -33.31008907517609 -0.01623309460269714 0.9990564519407791 -0.04028523992007166 1.0263769209547307 0.9164472867395633 -0.0012447081399121307 -0.4001542367765344 5.4954595823880705
-0.42234701203152963 -0.043112565076153665 -0.9054083742567686 -34.061474057453694 -0.019533363955506967 0.9990692439354111 -0.03846063664530868 0.9790913856282245 0.9062241178032637 0.0014419460363693497 -0.4227959408901797 5.135802440887569
-0.442679881032181 -0.039124093476276774 -0.8958257829751275 -34.8040890488871 -0.023068351747365885 0.9992139865223247 -0.032240025929982305 0.9319852929025616 0.8963832796003441 0.006393223867651913 -0.44323437577147634 4.7581438023177896
-0.46068604070923147 -0.03664421230154231 -0.8868064137151332 -35.532091478128436 -0.029655251198564155 0.9992250665785986 -0.02588395523984239 0.886977248459667 0.8870679906729928 0.014374101100402768 -0.46141564958752757 4.363867133919862
-0.47459146997264434 -0.038357543325212164 -0.8793700878862889 -36.24907643574118 -0.03368186400346725 0.999109799818965 -0.02540258921231887 0.8426921389895667 0.8795619506941533 0.017562982234398075 -0.47546086283633815 3.9632260041190244
-0.48580315688293046 -0.04150120627864572 -0.8730825401907183 -36.954108257060696 -0.03666324152052685 0.9989606573390526 -0.027084450110951036 0.8025513738574985 0.8732994074666914 0.01885233541376844 -0.4868197528148281 3.562201029811623
-0.4957201842234194 -0.044725626456178044 -0.8673300147599413 -37.648205380859956 -0.038639508129837206 0.9988200184798388 -0.029421878505168645 0.7630199462680245 0.8676227572252578 0.018928195757253165 -0.49686339907813004 3.157977614657586
-0.5063046312810635 -0.04474431503668627 -0.86119320992927 -38.33939713004409 -0.03299498163767238 0.99892690471615 -0.03250234623205081 0.7189957805000329 0.8617236825226853 0.011958973899679462 -0.5072376332619404 2.756393826064037
-0.5178820559818033 -0.042121860116852226 -0.8544144483339352 -39.028826238967085 -0.030666318139990583 0.9990591489194345 -0.030665103060240794 0.6757588255475048 0.8549026388055649 0.01032084556005259 -0.5186865053851798 2.3460227065451464
-0.5266309689161351 -0.044154065580653414 -0.8489465889530535 -39.70736285660583 -0.0333145336096924 0.9989550435460325 -0.03128991517976065 0.6348381449873337 0.8494414299851755 0.0118040301958152 -0.5275515542265352 1.9156506219455376
-0.5337539794444744 -0.04751297178422543 -0.8443040373704311 -40.386988972958484 -0.03698341134143341 0.9987766646635465 -0.03282562703679632 0.5915910309961214 0.8448311498291621 0.01370444481994169 -0.5348581457825603 1.4765714258822416
-0.5377405455679372 -0.050895372724864406 -0.8415728869801075 -41.07844735334433 -0.037824178134263337 0.9986276902992545 -0.03622495420579949 0.5487075200788714 0.8422619925159027 0.012352186646665778 -0.5389275891989437 1.0326416776254155
-0.5375860347585097 -0.05280507458243944 -0.8415539278503648 -41.78413571510338 -0.03775587141347387 0.9985437615344847 -0.03853721834671237 0.5077513772490287 0.8423636364265702 0.011056543199061394 -0.5387967953906713 0.5810804820029734
-0.5344235088089859 -0.05341070513590142 -0.8435276922369765 -42.50744268313143 -0.03971999119143728 0.9984859286898461 -0.038057486913183614 0.46219815496027905 0.8442834860141117 0.013166108339943135 -0.5357357570461825 0.12154026810873592
-0.5288201872931346 -0.051634121033624227 -0.8471619442628668 -43.25223873836048 -0.03804206886418175 0.9985866375339375 -0.03711656515925362 0.4157682105437118 0.8478813903108229 0.012599813640270158 -0.5300369958431114 -0.33785507536707216
-0.522072745343898 -0.05058522014377291 -0.8513996896632022 -44.01651466251996 -0.035984172987597214 0.9986572397112322 -0.03726916160231385 0.36960976071357743 0.852142076462054 0.011179708916091546 -0.5231919135767775 -0.7952414008424751
-0.5150925035808908 -0.050015351931942065 -0.8556742160437 -44.798459635108856 -0.034290561626586724 0.998699356684292 -0.037733404806964875 0.322920139042763 0.8564489069053219 0.009905363901428632 -0.5161375475474815 -1.2555824299680451
-0.508881228681741 -0.0484496292638758 -0.859472393649789 -45.597964084922374 -0.03153602442534666 0.9987940149992841 -0.037631368840479615 0.2752377171507315 0.8602594760963108 0.007954452353904143 -0.5097953377106371 -1.718093570815383
-0.5044195011513017 -0.04647988823194131 -0.8622069697330557 -46.41670696413539 -0.027358280587560877 0.9989091428491514 -0.03784375635432251 0.22511612489307897 0.8630258143918259 0.004499376834535819 -0.5051407461384069 -2.182636490859374
-0.5029014604585974 -0.04338913793046512 -0.8632541064311265 -47.253436972232514 -0.022759131423082807 0.999057701880893 -0.0369562852560225 0.1721270929824872 0.8640446435887434 0.0010615469472938697 -0.5034149557770468 -2.652735244131758
-0.5033483993187453 -0.04071246334478136 -0.8631239524208807 -48.102434593455065 -0.01953137503922304 0.9991702544173 -0.03573948801208345 0.11919301954624588 0.8638633222238902 -0.0011314150787362777 -0.5037258123929356 -3.132584809103206
-0.5044136038187504 -0.03921984455131006 -0.8625709606590013 -48.961559874253645 -0.017992568233001195 0.9992283768325818 -0.0349117886749958 0.0661400408924497 0.8632751723486201 -0.002090114021032647 -0.5047299484933178 -3.62263061736006
-0.5048521498242637 -0.03860674380318664 -0.8623420163845371 -49.8291311051182 -0.01791866570791588 0.999252791476681 -0.03424583849246546 0.015430718316756464 0.8630203310543382 -0.0018370668304538839 -0.5051665634397184 -4.119816059302998
-0.5050507208279139 -0.037803186660036084 -0.862261334306325 -50.70985619886549 -0.017857595958034114 0.9992841985556219 -0.03335083758206082 -0.03397022407654123 0.8629053692786102 -0.0014459502930266647 -0.5053641386666812 -4.626540297193381
-0.5050737971944032 -0.037266180764358975 -0.8622711554271438 -51.60092149750637 -0.018044332400000668 0.9993049226147451 -0.0326191634564714 -0.08461493293877491 0.8628879293493364 -0.0009159776366447876 -0.5053950778405942 -5.138551202029072
-0.5051536337036635 -0.036750856701509405 -0.8622464755684579 -52.496602008746706 -0.017726053462390173 0.9993238970178862 -0.0322084653031275 -0.1359841905279241 0.8628477852991503 -0.0009859966162888943 -0.5054634563466844 -5.654218323566901
-0.5053930685029367 -0.03521022189959773 -0.8621704396604034 -53.39937564146234 -0.016080376100506475 0.9993778854128119 -0.03138754099908549 -0.1889509561511606 0.8627397586593146 -0.0019990223632235207 -0.5056447648138553 -6.170376829013643
-0.5053622429144294 -0.03420740109293872 -0.8622288463413136 -54.29896383277335 -0.015573935269936138 0.9994126856034571 -0.030521868672468946 -0.2428126640247371 0.8627671175398518 -0.0019963057177181656 -0.5055980869155298 -6.686869708846201
-0.5048324390175392 -0.033578884247550754 -0.8625639046033435 -55.19748065611703 -0.014381847052953972 0.9994315633115429 -0.03048977426674459 -0.29870420328066416 0.8630979994356166 -0.0029869674799359635 -0.5050282741703788 -7.201441302358491
-0.50367807563287 -0.03212016251218061 -0.8632939617101641 -56.09469354766659 -0.013883503108162314 0.9994804623133298 -0.02908703190620758 -0.35311885245468605 0.8637803253307139 -0.002664959046878682 -0.5038621636552967 -7.7142429246675235
-0.501636722881425 -0.029920476616140557 -0.8645606351227538 -56.99225526968414 -0.014310675054076221 0.9995519114201044 -0.026288856734189278 -0.4067673623834507 0.8649604787660936 -0.0008150129853357863 -0.5018399514868739 -8.22567657649762
-0.49922473104096776 -0.02838962949718395 -0.8660072276485041 -57.88903542521117 -0.014637833308113288 0.9995967451891271 -0.024330763899139973 -0.45876045466918874 0.8663493611076226 0.0005299470291995514 -0.4994388413327777 -8.733368576837643
-0.49690756827425026 -0.02798469942071831 -0.8673520230173085 -58.782920087707794 -0.014892301711148326 0.9996076888988127 -0.023720041555030602 -0.5090428223380592 0.8676761060091106 0.001130196632723398 -0.4971292519381598 -9.236729246455832
-0.49473376678925984 -0.02852659653857157 -0.8685761572843201 -59.676010631091344 -0.015538845433191017 0.9995916508328674 -0.023978738311510792 -0.5592488078846117 0.8689060723229652 0.001633576216908626 -0.49497489988435683 -9.738342793923778
-0.49385163354283207 -0.02886026134741416 -0.8690670265325359 -60.56828457936305 -0.015383497242613606 0.9995825655062821 -0.0244527220180427 -0.6093929776830541 0.8694104982320201 0.0012932705099708594 -0.4940893619631624 -10.237205861646418
-0.4943771442802452 -0.03022587848080759 -0.8687217414904594 -61.45386981394925 -0.014785785976999906 0.9995430268964604 -0.026363235867269387 -0.6617962347002222 0.8691221566949726 -0.0001886506419646753 -0.49459803940538577 -10.731138529962296
-0.49721770872352056 -0.03192214881732136 -0.8670382750026021 -62.335293323826846 -0.013468866263354811 0.9994864728604064 -0.029074611595690015 -0.7144454358373977 0.8675217163240108 -0.0027783925434766194 -0.4973921941638766 -11.224640245383455
-0.5016100631470478 -0.03254089601409887 -0.8644814733647928 -63.209002412501974 -0.01236765919360227 0.9994598536727332 -0.0304455116462856 -0.7673901885900808 0.865005887455278 -0.0045801667732765184 -0.501741434431311 -11.72059052213245
-0.5070407351277431 -0.03135647126138841 -0.8613514305401729 -64.07969353102904 -0.012951543581427766 0.9995023272935805 -0.028761676699773427 -0.8195838436134151 0.8618252507173954 -0.0034275149007813714 -0.5071943835986651 -12.224870027439621
-0.5125318186685786 -0.02874163790385759 -0.8581869733846561 -64.94003346854983 -0.014377505419000467 0.9995867467120944 -0.024890654707788527 -0.8749918362308445 0.8585483333572905 -0.00041866828950551827 -0.5127331129227739 -12.737495548320133
-0.5177343267596849 -0.026564996193491983 -0.8551288274840142 -65.7946938059188 -0.011851883231405484 0.9996445798690727 -0.02387877824162754 -0.9282001203463522 0.8554598671959613 -0.002227981626926021 -0.5178650030395829 -13.245632896914158
-0.5226369345798494 -0.029411635396425852 -0.8520478325537548 -66.6374637719486 -0.013996572238153834 0.9995661128213488 -0.02591843986369111 -0.9805418313385775 0.8524410195359043 -0.0016201887069013014 -0.5228216432013687 -13.759208344706972
-0.5274227282764208 -0.03189316276414401 -0.8490040873615611 -67.47265707274131 -0.0143257022844316 0.9994869506137494 -0.02864662418506263 -1.033053923758827 0.8494827448423027 -0.002946304079004503 -0.5276088568101054 -14.273799516702772
-0.5323125078150321 -0.031832795822227214 -0.8459491392477598 -68.30611966436817 -0.01267511920022737 0.9994804625412993 -0.029634328908013385 -1.0871588627679898 0.8464535866910358 -0.005052221642366718 -0.5324392563593942 -14.789472897447498
-0.5360915029930583 -0.032259673883677425 -0.8435431674080492 -69.1316491443901 -0.011710982330902798 0.9994576196358155 -0.030779716303165262 -1.1410641558548071 0.8440791888911651 -0.006622029571266285 -0.5361783455299852 -15.308097921549919
-0.5393470128526977 -0.03139753293193703 -0.8414980054876894 -69.95237365643962 -0.012420098697747161 0.9994925586723907 -0.029332049731299818 -1.1922034935285324 0.8419926010272621 -0.005368668828726124 -0.5394631078568224 -15.830426027794852
-0.5418393298971264 -0.025565421094132124 -0.840093154024738 -70.7748359481896 -0.013593255386385325 0.9996731008741535 -0.021654394727914802 -1.2385217010246232 0.8403727988203501 -0.0003136063009177561 -0.542009537807549 -16.359321999698558
-0.5439627642096713 -0.016561043729910595 -0.8389458500084505 -71.59491834152209 -0.01328965830623956 0.9998498036603106 -0.011120483139396784 -1.28222073176068 0.8390047010704011 0.005100168801973217 -0.5441010052202319 -16.886775879561203
-0.5457269435119076 -0.011947742574803563 -0.8378778768676433 -72.4088067559279 -0.012662438053150244 0.999901790210768 -0.006010829829483243 -1.3180526771210819 0.8378680717613247 0.007329297417030394 -0.545824424040856 -17.411327398940454
-0.5467925844961876 -0.0194556106586563 -0.8370420350510047 -73.20710542596136 -0.01388605675694934 0.9998032323609753 -0.014167741780101141 -1.3527143659509728 0.8371535767119914 0.003876391662625671 -0.5469549904789336 -17.930434675397457
-0.547807091448622 -0.025436018178290533 -0.8362179116496479 -73.99922380180591 -0.015636703606538863 0.9996744039396772 -0.02016441508831385 -1.391229248999505 0.8364591290988056 0.0020294786318056346 -0.5480263258416779 -18.451021805309846
-0.5482502106885239 -0.03003007986188257 -0.8357749898739005 -74.79177169047435 -0.021186885280353767 0.9995330748445245 -0.02201591372179764 -1.4300203111078569 0.8360465004931817 0.005637239429005224 -0.5486303448893758 -18.975802705868567
-0.5479922606892094 -0.030417113288185547 -0.835930137140516 -75.58511207227129 -0.02480587846665859 0.9994900269103214 -0.02010715601531986 -1.4756350666635585 0.8361160299589419 0.00971741766948052 -0.5484672242140372 -19.500124446365422
-0.5474534668854164 -0.02758305128495296 -0.8363813734677605 -76.3815123010328 -0.02401027007005441 0.999562843452815 -0.017248704555176974 -1.517749638507439 0.8364921192749958 0.0106388807553322 -0.5478763447595971 -20.01770978505048
-0.5467384756157682 -0.02340861706313461 -0.8369761183297684 -77.17756512681935 -0.023062273600468065 0.9996508365205381 -0.012893342019889224 -1.553837292482145 0.8369862683764395 0.01225328664815242 -0.5470873649962724 -20.533576836172607
-0.5459647424318769 -0.01677823126909152 -0.8376400368644364 -77.9761103426105 -0.020075559734031044 0.9997742598069259 -0.00694081591300523 -1.590782970325114 0.8375680737993342 0.013026650693565877 -0.5461782705636254 -21.045648733986212
-0.5455099452805009 -0.01006156580626222 -0.8380438841208641 -78.77327538446238 -0.01161550256080581 0.9999225347539282 -0.004444188069210688 -1.622918126511023 0.8380243262892658 0.007309944445569514 -0.5455845303378111 -21.545130697135278
-0.5440673346090151 -0.005812730515254359 -0.839021332630991 -79.57084021523222 -0.004337471716968536 0.9999819647466007 -0.0041152226417585204 -1.6474387415254987 0.8390307684026123 0.0014002607698137628 -0.5440827427526662 -22.04330464543932
-0.5420746379333984 -0.005488249334516356 -0.8403123327054258 -80.35966829507578 -0.006576289269922385 0.9999755787921477 -0.002288775788230647 -1.672562342583483 0.8403050316560599 0.004285438753062927 -0.5420975093821857 -22.55004442426527
-0.5389633737948653 -0.007989066767433377 -0.8422912988243484 -81.1447694859336 -0.010781146748644638 0.9999383934214443 -0.002585735536210794 -1.6999774402910555 0.8422606655706218 0.007687240340595102 -0.5390163186973731 -23.055506812013352
-0.5339363406105346 -0.01250468751183069 -0.8454321850718709 -81.93157130775559 -0.013212969721862363 0.999891796413028 -0.006444585683835829 -1.7237049512937457 0.8454218566984741 0.007729663941956324 -0.5340438231258934 -23.55204074080545
-0.5262430650477339 -0.015157212036274622 -0.8501990438291592 -82.72152706544342 -0.018990311755139603 0.9998010902723221 -0.006069975841744874 -1.7447105692145157 0.850122522593954 0.01295125815585915 -0.5264262554419528 -24.045551180465036
-0.5181170445354011 -0.016865758885878285 -0.8551433872892389 -83.51707605139384 -0.025863950375765988 0.9996571335018523 -0.004045442733347461 -1.7702322456829584 0.8549190112977303 0.02002137282193735 -0.5183756321267816 -24.535074126148224
-0.5083158596671035 -0.01723896463930844 -0.8609980729948096 -84.31874836959778 -0.02451956017922614 0.9996838573660861 -0.005539899416757687 -1.7885385036091352 0.8608219502212378 0.01829527563260846 -0.5085778644763768 -25.00281512241851
-0.4974738473835104 -0.01516488086360473 -0.8673463530033435 -85.130822735011 -0.022344005829580252 0.9997393139815096 -0.004664086943621643 -1.8057602898572611 0.8671915515979383 0.017059729390403507 -0.49768301871494197 -25.457240843169174
-0.48589258500778687 -0.011537779949875574 -0.8739422844802921 -85.9447744129822 -0.022124834831250457 0.9997545907195271 -0.0008978476017064976 -1.8225429531718678 0.8737388496804015 0.0188995691087576 -0.4860286302775251 -25.905930557626107
-0.4747086671358695 -0.010053384328593875 -0.8800855247569617 -86.75934783883766 -0.021840145034995612 0.9997612197291309 0.0003598634789890837 -1.8398521575176825 0.8798724021426665 0.019392022748411984 -0.4748148813894246 -26.339272788893595
-0.4628427237326203 -0.009424794781185424 -0.8863902954433442 -87.58344535068912 -0.022613439792943953 0.9997434191157717 0.0011778989846049643 -1.8517760542372994 0.8861523569411469 0.02058951284507236 -0.4629370902663302 -26.763501620015166
-0.4508185542995654 -0.010598353346517143 -0.8925526747234493 -88.40525723496995 -0.024964792544479284 0.9996878881165036 0.000738931383212211 -1.8690670374847755 0.8922668480864643 0.022615515212494133 -0.45094242770338216 -27.17758845739132
-0.4386417509454113 -0.013043386590427366 -0.8985673628542478 -89.23074962383876 -0.02421537237061991 0.9997029711001265 -0.002690561416884692 -1.893893497420787 0.8983361480337673 0.02057894787400955 -0.43882729400768444 -27.575067758759996
-0.42683466964468114 -0.023866080866760845 -0.9040147363134817 -90.05192906388584 -0.027850781339125892 0.9995242691977313 -0.013237682820614391 -1.9177278948883627 0.9039011652963519 0.019527214239752847 -0.4272962818096862 -27.962526878484084
-0.4141662534836266 -0.029216250903769437 -0.9097322391296033 -90.88056407596873 -0.028208919551054583 0.9994164077457477 -0.019254050005865286 -1.9438605061476393 0.9097644532922317 0.017688185753289506 -0.41474868817728816 -28.339265642814727
-0.4025058612436669 -0.025177166809024938 -0.9150711270277103 -91.7220517355215 -0.02639237949466841 0.999525141809407 -0.015891809994884654 -1.9775030299747778 0.9150373330033381 0.017754356266031134 -0.4029791721547818 -28.701987578033673
-0.3905544838032954 -0.02123819147747933 -0.9203348278131528 -92.56705141877877 -0.025166422217116034 0.9996063222679027 -0.012387866823526045 -2.0115842478464345 0.9202362513775714 0.018323394589467155 -0.3909351651831065 -29.055520064898047
-0.3805738333173422 -0.02196928396936001 -0.9244896067353632 -93.40879817385161 -0.022215010211154605 0.9996462825463551 -0.014610305827493541 -2.0462530480514576 0.9244842296140875 0.014977240115273334 -0.38092717825108763 -29.395046880731208
-0.3733055128386372 -0.02566451155911164 -0.9273534553682401 -94.24855865887515 -0.018040886166913978 0.9996288902419195 -0.020402402959234928 -2.082073507816359 0.9275335463623007 0.009113940956407912 -0.37362990979898514 -29.721909707260473
-0.36831928112223694 -0.03118120521515212 -0.9291764001804621 -95.09139623888743 -0.012320124466262761 0.9995132008176707 -0.028657959817882366 -2.1198738271160646 0.9296182804209083 0.0008922790340870544 -0.3685240439340121 -30.042171461771986
-0.3647897170678438 -0.033034984972810315 -0.9305037851156752 -95.9366363404395 -0.00947679682850809 0.9994501712557665 -0.03176752118907522 -2.1631619653332463 0.9310422750796806 -0.002770281734097716 -0.3649021170375006 -30.363564833057875
-0.3610791392126288 -0.03266688775451798 -0.9319629073538567 -96.78347410012222 -0.007428935994233496 0.9994551174766049 -0.03215435845509865 -2.209956302662625 0.9325061982022262 -0.004686788428630808 -0.3611249594568315 -30.683089347798642
-0.35620187701249656 -0.03299305379670177 -0.9338264093088653 -97.62780023664641 -0.007842448401315446 0.9994466122691434 -0.03232004825812337 -2.254491056319982 0.9343766813569879 -0.004188989424929815 -0.35626339478717284 -30.999948049005894
-0.350540619339899 -0.029794659156518695 -0.9360734982181595 -98.47806962466775 -0.005777885502705434 0.99954343035355 -0.02965118024009019 -2.3006395274033165 0.936530243143068 -0.004985432487298177 -0.3505526074635929 -31.310943598672438
-0.3452591825723908 -0.025141020209448976 -0.9381705667132638 -99.33318341803991 -0.0047068505612309405 0.9996747372643646 -0.0250570336638293 -2.3478785544231586 0.9384961119549553 -0.004235358306103881 -0.34526509604964584 -31.616554461765684
-0.3394928677731176 -0.022506353741248236 -0.9403393223908216 -100.18471803365419 -0.003820563926793408 0.99973821152074 -0.022548691447158233 -2.3941444679051114 0.9406013870228298 -0.004062510158728877 -0.33948986966873673 -31.914115769905685
-0.33377848770263063 -0.020637954829345925 -0.9424255779835693 -101.03816496281475 0.0038214206497736813 0.9997221788254781 -0.023246127345684847 -2.4368139338617825 0.9426442966871407 -0.011360484053004495 -0.33360679699477874 -32.19560232858485
-0.3277156713460412 -0.020987392125857533 -0.9445432376588823 -101.89125440040287 0.011772441320386571 0.999584543043843 -0.02629493666810172 -2.4796787676662237 0.9447035662252913 -0.01973686981328651 -0.32733236462828424 -32.46902759438188
-0.3209602046709425 -0.023941021225759692 -0.9467900250326271 -102.73874885711905 0.010759787984553187 0.9995233233131574 -0.028922035943425076 -2.524317822025354 0.9470320706140918 -0.019470106899297606 -0.3205495492543408 -32.74630135866282
-0.3137766749194673 -0.027942678976684267 -0.9490855933961374 -103.5884584903696 0.007876339147234662 0.9994554543311687 -0.03202967066664002 -2.567811261188972 0.9494646710697083 -0.017525504303180492 -0.31338566217174546 -33.023589147954304
-0.3071523633368908 -0.026367244278861987 -0.9512950610551109 -104.4449999484861 0.008735288874388868 0.999495446122979 -0.030523685777113778 -2.6109243913823033 0.9516207412860763 -0.017685281082440715 -0.30676701641614773 -33.28907851301241
-0.30030354852298213 -0.021187407052039895 -0.9536083679564494 -105.30599993947591 0.009617969435481752 0.9996347274208001 -0.025238876211692567 -2.6572090455623907 0.9537957174491593 -0.01675112228623166 -0.2999900089698054 -33.55345728630823
-0.2932172281235835 -0.01801805589794952 -0.9558760385347917 -106.17039494047187 0.01095002185689415 0.9996930459800087 -0.022202967947594108 -2.704149197740176 0.9559836112155268 -0.016977180492671443 -0.2929298628565654 -33.80978169328713
-0.28676169861148687 -0.021118678890438607 -0.9577691657911948 -107.02821348515319 0.012497607985221636 0.9995889477261579 -0.025782684742239003 -2.7454666092694584 0.9579209085251609 -0.0193633341189795 -0.2863798359940928 -34.05758493030431
-0.280461646262795 -0.023797845349935176 -0.9595702326950978 -107.8892167525534 0.012537529530172132 0.9995159886148097 -0.028453000779649677 -2.7903069653787185 0.9597838363456292 -0.02001063837682811 -0.28002748283675255 -34.29837747373443
-0.2737328593137173 -0.025473274200700696 -0.9614684731129416 -108.75177099060124 0.013773675263225092 0.9994423615932433 -0.030400798252083437 -2.835859773305923 0.9617076603265405 -0.021564673664115984 -0.27322930110805743 -34.53388139447701
-0.2668969298356951 -0.02401120446386384 -0.9634259753759093 -109.61998017417201 0.014573342395437833 0.9994741447804731 -0.028946895056989143 -2.8828080116880406 0.9636154051559048 -0.02176619641439286 -0.26640659936946476 -34.763531026377585
-0.2589292056084968 -0.02418278691985164 -0.965593557665179 -110.48639874988632 0.011255426253820654 0.9995425586035314 -0.02805125746650122 -2.9284922066497328 0.9658312446279912 -0.018131476641620077 -0.2585384957192091 -34.99309327206804
-0.2511022786850638 -0.02499320087349923 -0.9676378688387872 -111.35289870492946 0.0076088584472611 0.9995841873071397 -0.027792876811720525 -2.9735757144775317 0.9679312023582822 -0.014341489779066876 -0.250807605243612 -35.218329123293316
-0.244418459342249 -0.025394967646734164 -0.9693372824917961 -112.22175915925034 0.005921570493982966 0.9995987507150083 -0.027680919083781442 -3.017833621255024 0.9696523445382397 -0.012505740373114273 -0.24416989202416334 -35.43227561864365
-0.2378133410869801 -0.024557411920213316 -0.9710003785430242 -113.09397811332992 0.011640140136849372 0.9995359444726232 -0.02812998302839585 -3.0627267169487298 0.9712416674978273 -0.01799228527512773 -0.2374170140234181 -35.63097653816279
-0.23199910420714803 -0.022870616967615498 -0.972447108402682 -113.96839894402727 0.015571307734731836 0.9995076119054784 -0.027221955537033042 -3.1064951921849153 0.9725919309472529 -0.02145776576609308 -0.2315286102957133 -35.82423193404205
-0.22721420574728843 -0.022401469734143902 -0.9735871999183718 -114.84126644421187 0.013473548450722751 0.9995669454774836 -0.02614370574442503 -3.1501182680152544 0.9737521826139373 -0.01905791671934432 -0.22681383829620202 -36.02312504439786
-0.22244453384105445 -0.02249686878520776 -0.9746858691228443 -115.71417460992731 0.011894198018804977 0.9995962773283696 -0.025786373965775225 -3.193846761901492 0.9748733346973226 -0.01732916459171797 -0.22208701287507793 -36.218070369606316
-0.2178092081131163 -0.02499007697753762 -0.9756714867878317 -116.58522065883795 0.011176912887887155 0.9995422827802021 -0.028096651220616154 -3.2394231766122576 0.9759279029940587 -0.017024723666062978 -0.21743006444637902 -36.40776150747538
-0.21192692242323813 -0.02342175247670902 -0.9770048862900108 -117.46192823955025 0.005456445976411731 0.9996683617980757 -0.02514867764475161 -3.279191157281428 0.9772708114708096 -0.010660670981968746 -0.21172869935241162 -36.60160587170541
-0.20656156417623073 -0.022226435561821987 -0.9781812084336019 -118.3363251883832 -0.0017077892849399433 0.999748155753211 -0.022355880984675502 -3.3183556439992574 0.9784326030107132 -0.002947346966892818 -0.20654736488897635 -36.794417742684814
