1.000000000 0.000000000 0.000000000 0.000000000 0.000000000 1.000000000 0.000000000 0.000000000 0.000000000 0.000000000 1.000000000 0.000000000
0.999991238 -0.002485187 -0.003363360 -0.002860647 0.002477849 0.999994516 -0.002184083 -0.005338334 0.003368770 0.002175730 0.999991953 0.666880548
0.999971747 -0.001362708 -0.007392765 -0.013460346 0.001336237 0.999992788 -0.003584314 -0.010201668 0.007397595 0.003574334 0.999966264 1.364403248
0.999938607 -0.001087986 -0.011022670 -0.033180088 0.001033125 0.999987066 -0.004981574 -0.012845301 0.011027947 0.004969881 0.999926865 2.064850569
0.999874055 0.000281758 -0.015865378 -0.053973954 -0.000372712 0.999983490 -0.005730181 -0.015414050 0.015863506 0.005735373 0.999857724 2.791732073
0.999796271 -0.000707130 -0.020168614 -0.071385339 0.000593468 0.999983847 -0.005641005 -0.030276291 0.020172281 0.005627886 0.999780655 3.540203810
0.999695361 0.001069061 -0.024657886 -0.096218169 -0.001241288 0.999974906 -0.006970426 -0.034280814 0.024649814 0.006998910 0.999671578 4.293962479
0.999563038 0.003746496 -0.029322680 -0.128651544 -0.003970100 0.999963462 -0.007571087 -0.044551738 0.029293243 0.007684193 0.999541283 5.054709911
0.999425590 0.003730815 -0.033680879 -0.160199896 -0.003930240 0.999975145 -0.005856768 -0.052922606 0.033658188 0.005985779 0.999415457 5.847591877
0.999259949 0.003175579 -0.038333692 -0.193559557 -0.003302408 0.999989271 -0.003245687 -0.059250973 0.038322970 0.003369878 0.999259770 6.649304390
0.999145031 0.002838567 -0.041246016 -0.237896353 -0.002863920 0.999995768 -0.000555602 -0.065715566 0.041244261 0.000673253 0.999148846 7.451603889
0.999033272 0.004174059 -0.043761805 -0.281522334 -0.004238901 0.999989986 -0.001388991 -0.074658975 0.043755580 0.001573150 0.999041021 8.262759209
0.998943567 0.003732056 -0.045803174 -0.327290088 -0.003804936 0.999991596 -0.001504070 -0.080627784 0.045797184 0.001676759 0.998949349 9.083168983
0.998869419 0.001162122 -0.047523599 -0.368950009 -0.001273217 0.999996543 -0.002307466 -0.085503116 0.047520753 0.002365365 0.998867452 9.912638664
0.998760104 0.000592636 -0.049778171 -0.408500940 -0.000654755 0.999999046 -0.001231619 -0.096721165 0.049777392 0.001262684 0.998759568 10.755521774
0.998682678 -0.000908874 -0.051303513 -0.454535842 0.000829618 0.999998450 -0.001566127 -0.104143202 0.051304866 0.001521501 0.998681962 11.607401848
0.998596966 0.001171015 -0.052939910 -0.506679833 -0.001368894 0.999992192 -0.003701701 -0.115614042 0.052935164 0.003768976 0.998590887 12.458902359
0.998517513 0.001807163 -0.054400645 -0.557806671 -0.002165930 0.999976277 -0.006536689 -0.123400949 0.054387547 0.006644826 0.998497784 13.324659348
0.998426378 0.005545280 -0.055802740 -0.619295716 -0.006000071 0.999950051 -0.007985736 -0.137405694 0.055755664 0.008307991 0.998409808 14.201117516
0.998345673 0.006797959 -0.057092346 -0.672313571 -0.007245268 0.999944746 -0.007631504 -0.148676723 0.057037301 0.008032531 0.998339713 15.084617615
0.998265147 0.005772712 -0.058594428 -0.726640344 -0.006137962 0.999962866 -0.006055451 -0.162341461 0.058557294 0.006404597 0.998263478 15.978410721
0.998191655 0.006795031 -0.059725780 -0.788443863 -0.007087701 0.999963880 -0.004689733 -0.172849983 0.059691757 0.005104572 0.998203695 16.875398636
0.998135328 0.006038656 -0.060739420 -0.843575776 -0.006336323 0.999968827 -0.004709296 -0.186683118 0.060709089 0.005085380 0.998142481 17.768075943
0.998035491 0.005992869 -0.062363878 -0.904285550 -0.006356579 0.999963939 -0.005635299 -0.197596967 0.062327851 0.006020648 0.998037577 18.673807144
0.997972369 0.004408720 -0.063495040 -0.962842882 -0.004810053 0.999969363 -0.006169218 -0.213394538 0.063465886 0.006462124 0.997963130 19.594303131
0.997945726 0.004462631 -0.063908629 -1.023814440 -0.004742523 0.999979913 -0.004228542 -0.228667900 0.063888468 0.004522943 0.997946799 20.500747681
0.997933447 0.005702851 -0.064001635 -1.089921474 -0.005774379 0.999982953 -0.000932664 -0.237794921 0.063995235 0.001300306 0.997949362 21.422048569
0.997994304 0.006367490 -0.062983379 -1.153683782 -0.006181574 0.999975979 0.003146264 -0.252869815 0.063001908 -0.002750616 0.998009562 22.349830627
0.998104930 0.004674439 -0.061357573 -1.208876491 -0.004316110 0.999972820 0.005971269 -0.258987516 0.061383821 -0.005695127 0.998098016 23.282157898
0.998203814 0.004908176 -0.059710208 -1.271314144 -0.004520567 0.999967813 0.006624858 -0.260636628 0.059740804 -0.006343033 0.998193860 24.223299026
0.998283565 0.005367151 -0.058319449 -1.328314781 -0.005164071 0.999980092 0.003632331 -0.266191363 0.058337782 -0.003324931 0.998291373 25.158155441
0.998338044 0.006230322 -0.057292137 -1.388736486 -0.006294781 0.999979734 -0.000944704 -0.277835846 0.057285089 0.001303775 0.998356998 26.099533081
0.998425305 0.005170601 -0.055857725 -1.448438048 -0.005382707 0.999978900 -0.003647466 -0.287180662 0.055837683 0.003942388 0.998432040 27.045410156
0.998468280 0.002818316 -0.055256546 -1.502651572 -0.002968265 0.999992073 -0.002631800 -0.295689851 0.055248700 0.002791784 0.998468697 28.011285782
0.998460710 0.001230448 -0.055449981 -1.552823186 -0.001108868 0.999996901 0.002223338 -0.306675702 0.055452552 -0.002158428 0.998458982 28.982778549
0.998409748 -0.002515427 -0.056316521 -1.607974052 0.002830212 0.999980807 0.005510514 -0.314495564 0.056301579 -0.005661139 0.998397708 29.955537796
0.998300910 -0.009937110 -0.057415061 -1.652314186 0.010244298 0.999934733 0.005058442 -0.322707415 0.057361044 -0.005638024 0.998337507 30.918968201
0.998177767 -0.012698461 -0.058988973 -1.704754710 0.012798604 0.999917269 0.001320123 -0.327274770 0.058967326 -0.002072694 0.998257697 31.900451660
0.998106956 -0.012376636 -0.060243979 -1.766544223 0.012243223 0.999921679 -0.002583196 -0.338590533 0.060271241 0.001840725 0.998180330 32.860774994
0.997992992 -0.011089757 -0.062344197 -1.833736181 0.010904858 0.999935031 -0.003305259 -0.346788228 0.062376808 0.002618771 0.998049200 33.844291687
0.997945845 -0.010973429 -0.063116573 -1.896554589 0.010870399 0.999938965 -0.001975547 -0.360421717 0.063134409 0.001285386 0.998004198 34.834575653
0.997891128 -0.007912064 -0.064425677 -1.967949390 0.007985696 0.999967694 0.000885465 -0.372853160 0.064416602 -0.001398082 0.997922122 35.828639984
0.997813344 -0.008008648 -0.065609686 -2.034779787 0.008156949 0.999964714 0.001992739 -0.379991651 0.065591410 -0.002523556 0.997843385 36.810794830
0.997755349 -0.006837669 -0.066614814 -2.102169991 0.007159548 0.999963820 0.004594402 -0.388983667 0.066581011 -0.005061022 0.997768164 37.780342102
0.997773945 -0.006639572 -0.066355348 -2.170117378 0.007168773 0.999944329 0.007740327 -0.398349404 0.066300265 -0.008198783 0.997766018 38.777126312
0.997751415 -0.001049296 -0.067015238 -2.246460199 0.001708152 0.999950767 0.009774895 -0.395687521 0.067001671 -0.009867388 0.997704029 39.767860413
0.997748077 -0.000893340 -0.067067206 -2.324793100 0.001505121 0.999957681 0.009071932 -0.399427980 0.067056276 -0.009152445 0.997707129 40.757160187
0.997747898 -0.000693248 -0.067072369 -2.385695934 0.001204439 0.999970555 0.007581342 -0.407160938 0.067065142 -0.007645054 0.997719288 41.751640320
0.997742295 0.001653485 -0.067139193 -2.462531090 -0.001305690 0.999985516 0.005223756 -0.410818875 0.067146860 -0.005124300 0.997729957 42.746547699
0.997699022 0.001219137 -0.067786656 -2.535725832 -0.000861794 0.999985576 0.005300576 -0.417772204 0.067792132 -0.005229962 0.997685730 43.719165802
0.997608960 -0.000498589 -0.069109686 -2.604431629 0.000952551 0.999978185 0.006535928 -0.426440060 0.069104902 -0.006586130 0.997587621 44.705886841
0.997553527 0.000105462 -0.069907002 -2.673103809 0.000444338 0.999969065 0.007849138 -0.438727140 0.069905661 -0.007860998 0.997522533 45.677665710
0.997536242 0.001809442 -0.070129812 -2.745044231 -0.001510555 0.999989510 0.004314714 -0.444912374 0.070136890 -0.004198148 0.997528493 46.655391693
0.997453332 0.002175413 -0.071289390 -2.818818569 -0.002169233 0.999997616 0.000164118 -0.452151477 0.071289591 -0.000009056 0.997455657 47.619606018
0.997404695 0.003519237 -0.071912162 -2.894819260 -0.003623275 0.999992549 -0.001316345 -0.456579387 0.071906999 0.001573487 0.997410059 48.575515747
0.997394681 0.001548135 -0.072120637 -2.959703445 -0.001380290 0.999996245 0.002377064 -0.471798271 0.072124042 -0.002271324 0.997393072 49.567802429
0.997389495 -0.000281209 -0.072208598 -3.031883240 0.000677876 0.999984920 0.005468899 -0.481853753 0.072205976 -0.005503571 0.997374594 50.538143158
0.997367442 -0.001870915 -0.072489724 -3.103948593 0.002333378 0.999977529 0.006295556 -0.496018469 0.072476313 -0.006448128 0.997349262 51.499771118
0.997332752 -0.005094220 -0.072811216 -3.167120457 0.005469189 0.999972761 0.004951430 -0.501209080 0.072784021 -0.005336442 0.997333467 52.443859100
0.997296453 -0.007924115 -0.073054582 -3.238340616 0.008214512 0.999959469 0.003675453 -0.510862708 0.073022500 -0.004265623 0.997321248 53.398666382
0.997211456 -0.009345080 -0.074039407 -3.310765505 0.009729677 0.999940991 0.004835525 -0.517672300 0.073989846 -0.005542420 0.997243583 54.353149414
0.997061908 -0.013331239 -0.075431243 -3.370974064 0.014058502 0.999859571 0.009118596 -0.525742888 0.075299077 -0.010152255 0.997109294 55.297195435
0.997027814 -0.013975181 -0.075764358 -3.447578669 0.015082086 0.999787390 0.014057348 -0.529191136 0.075551800 -0.015158253 0.997026622 56.238689423
0.997015536 -0.012001372 -0.076263055 -3.528696537 0.013258290 0.999784112 0.015996454 -0.526113749 0.076054610 -0.016959831 0.996959388 57.178024292
0.996894956 -0.010825764 -0.077995181 -3.594973564 0.011813501 0.999855638 0.012213814 -0.531529546 0.077851690 -0.013097285 0.996878922 58.119194031
0.996829867 -0.008857656 -0.079067118 -3.676174879 0.009231115 0.999947846 0.004359057 -0.535322249 0.079024367 -0.005075117 0.996859789 59.032730103
0.996772349 -0.007213161 -0.079955339 -3.760121346 0.007196699 0.999973953 -0.000494068 -0.539922059 0.079956807 -0.000082941 0.996798337 59.951183319
0.996695757 -0.002886657 -0.081173785 -3.828238010 0.002942030 0.999995470 0.000562554 -0.553012848 0.081171796 -0.000799511 0.996699810 60.842788696
0.996605277 -0.000200812 -0.082328126 -3.914326191 0.000436348 0.999995828 0.002842963 -0.565567672 0.082327232 -0.002869235 0.996601224 61.735034943
0.996531188 0.002181866 -0.083191693 -3.993353844 -0.001823496 0.999988735 0.004383495 -0.579762220 0.083200313 -0.004216589 0.996524036 62.603488922
0.996412694 0.003159715 -0.084567510 -4.060231209 -0.002812122 0.999987125 0.004229054 -0.589290977 0.084579781 -0.003976069 0.996408761 63.467487335
0.996272266 0.004556153 -0.086144216 -4.142369270 -0.004134087 0.999978542 0.005077294 -0.597712159 0.086165510 -0.004702239 0.996269703 64.319656372
0.996155679 0.005603097 -0.087420598 -4.219826698 -0.005125391 0.999970675 0.005687955 -0.609870970 0.087449908 -0.005218024 0.996155202 65.158096313
0.996022999 0.005086314 -0.088951200 -4.293168068 -0.004564776 0.999971151 0.006065648 -0.616001368 0.088979475 -0.005635483 0.996017456 65.983558655
0.995940268 0.005298447 -0.089859612 -4.373729706 -0.004662226 0.999962687 0.007288569 -0.627962708 0.089894854 -0.006840034 0.995927751 66.787117004
0.995787382 0.007801917 -0.091359362 -4.452776909 -0.006927059 0.999927163 0.009889191 -0.632189631 0.091429867 -0.009214681 0.995768845 67.585044861
0.995646000 0.009713037 -0.092707805 -4.529588699 -0.008442442 0.999865115 0.014087740 -0.639290214 0.092832126 -0.013243722 0.995593667 68.372001648
0.995438755 0.012865984 -0.094531223 -4.607783318 -0.011427879 0.999810815 0.015738662 -0.642238140 0.094715841 -0.014586584 0.995397449 69.144615173
0.995301843 0.015622433 -0.095551282 -4.690028191 -0.014573212 0.999825716 0.011668748 -0.649915576 0.095716916 -0.010221436 0.995356143 69.891365051
0.995179832 0.015727004 -0.096796766 -4.764643669 -0.015372359 0.999872088 0.004408488 -0.657051086 0.096853718 -0.002899243 0.995294392 70.614669800
0.995020390 0.014733184 -0.098575912 -4.834827423 -0.014945654 0.999887228 -0.001417261 -0.664037466 0.098543920 0.002883485 0.995128512 71.329711914
0.994954586 0.015200062 -0.099167652 -4.904248238 -0.015535220 0.999875844 -0.002608344 -0.668663263 0.099115692 0.004135775 0.995067358 72.017951965
0.994861424 0.018141322 -0.099607214 -4.987544060 -0.018139921 0.999835014 0.000919838 -0.681706071 0.099607468 0.000891756 0.995026410 72.697540283
0.994707763 0.018437430 -0.101076528 -5.057055473 -0.018196043 0.999828935 0.003309693 -0.698678970 0.101120271 -0.001452985 0.994873166 73.349639893
0.994672060 0.015078727 -0.101981096 -5.121661186 -0.015156968 0.999885142 0.000007678 -0.708171666 0.101969503 0.001538087 0.994786322 73.977188110
0.994760334 0.007105099 -0.101987354 -5.175449848 -0.007675427 0.999957025 -0.005200805 -0.722310305 0.101946019 0.005956350 0.994772077 74.595893860
0.994876623 0.003155057 -0.101046823 -5.228434563 -0.004194918 0.999940455 -0.010080040 -0.730413437 0.101008989 0.010452280 0.994830608 75.192375183
0.995162845 0.005316834 -0.098095626 -5.287890434 -0.006366180 0.999925792 -0.010387264 -0.740340590 0.098033108 0.010961513 0.995122790 75.781677246
0.995542884 0.010337871 -0.093741260 -5.355056763 -0.011072539 0.999911845 -0.007320466 -0.755497336 0.093657307 0.008325792 0.995569646 76.347595215
0.995982468 0.008978844 -0.089097701 -5.404040337 -0.009377208 0.999947786 -0.004053506 -0.768706083 0.089056671 0.004872709 0.996014595 76.903503418
0.996477187 0.005122915 -0.083708867 -5.434776783 -0.005141843 0.999986708 -0.000010515 -0.777118325 0.083707705 0.000440896 0.996490240 77.445526123
0.997165799 0.000594364 -0.075232983 -5.467455864 -0.000316862 0.999993086 0.003700445 -0.792885065 0.075234644 -0.003666118 0.997159123 77.972534180
0.997888327 0.004347241 -0.064809360 -5.497673988 -0.004127734 0.999985278 0.003520498 -0.801682115 0.064823724 -0.003245548 0.997891545 78.497535706
0.998716414 0.009503441 -0.049754143 -5.524055004 -0.009366623 0.999951601 0.002982325 -0.807243168 0.049780097 -0.002512468 0.998757005 79.002479553
0.999395490 0.014540496 -0.031580254 -5.540016651 -0.014445214 0.999890327 0.003243175 -0.808892608 0.031623960 -0.002785031 0.999495924 79.502479553
0.999870121 0.013129681 -0.009341538 -5.531382084 -0.013091190 0.999905586 0.004169880 -0.819448233 0.009395402 -0.004047046 0.999947667 79.979049683
0.999810874 0.009837357 0.016774895 -5.501248360 -0.009924338 0.999937713 0.005109848 -0.825097620 -0.016723584 -0.005275362 0.999846160 80.432891846
0.998914659 0.008699602 0.045756955 -5.450657845 -0.009014466 0.999937057 0.006679377 -0.832289815 -0.045695968 -0.007084602 0.998930216 80.890106201
0.996820271 0.008358513 0.079243019 -5.399773598 -0.009055766 0.999923289 0.008443619 -0.841413975 -0.079166368 -0.009134376 0.996819615 81.339012146
0.993128240 0.008404395 0.116728775 -5.321832657 -0.009458735 0.999919295 0.008481389 -0.840393424 -0.116648063 -0.009527214 0.993127584 81.780326843
0.987338662 0.008357680 0.158406317 -5.234229088 -0.009830486 0.999915421 0.008516363 -0.845859647 -0.158321723 -0.009965744 0.987337232 82.190139771
0.979035079 0.007937267 0.203537494 -5.119709015 -0.009906616 0.999913454 0.008658563 -0.853082359 -0.203451142 -0.010493403 0.979028821 82.605491638
0.967569590 0.010183088 0.252399325 -4.985887527 -0.012237041 0.999903500 0.006569275 -0.860336959 -0.252308071 -0.009444850 0.967600882 83.004356384
0.951991677 0.011179329 0.305919588 -4.837610245 -0.013019038 0.999907315 0.003973998 -0.869349003 -0.305846781 -0.007765990 0.952049136 83.390449524
0.932241261 0.011716914 0.361647427 -4.655302048 -0.013084522 0.999913454 0.001332873 -0.867948294 -0.361600518 -0.005974544 0.932313979 83.761276245
0.907999039 0.012042110 0.418799132 -4.464195251 -0.013247927 0.999912202 -0.000028530 -0.878889024 -0.418762714 -0.005522314 0.908078909 84.092048645
0.878810465 0.012404785 0.477009773 -4.246818542 -0.012982150 0.999913573 -0.002085627 -0.882978261 -0.476994455 -0.004359742 0.878895581 84.420867920
0.845301270 0.011445110 0.534167290 -4.004627228 -0.010663272 0.999932766 -0.004550374 -0.886146784 -0.534183502 -0.001849534 0.845366478 84.725433350
0.808588266 0.010873938 0.588274360 -3.738704681 -0.009072799 0.999940753 -0.006012728 -0.892597377 -0.588304818 -0.000475474 0.808639050 85.012428284
0.768401682 0.009665962 0.639894843 -3.462493896 -0.008056640 0.999952853 -0.005430217 -0.899629831 -0.639917135 -0.000982816 0.768443286 85.286323547
0.726713896 0.008288786 0.686890364 -3.169536591 -0.009231051 0.999954700 -0.002300332 -0.916070461 -0.686878204 -0.004669036 0.726757526 85.515724182
0.681048870 0.007744486 0.732196987 -2.875495911 -0.008887406 0.999957860 -0.002310039 -0.919255376 -0.732184052 -0.004934081 0.681088924 85.740997314
0.634288549 0.006459612 0.773069441 -2.555725098 -0.005846424 0.999976635 -0.003558725 -0.925845921 -0.773074269 -0.002262433 0.634311438 85.947387695
0.587396622 0.003958741 0.809289575 -2.221633911 -0.000263895 0.999988973 -0.004700033 -0.931163728 -0.809299111 0.002547215 0.587391138 86.129852295
0.541225791 0.006188092 0.840854526 -1.880462646 -0.002645829 0.999980569 -0.005656127 -0.941659451 -0.840873122 0.000836483 0.541231692 86.293853760
0.493101716 0.009216441 0.869922817 -1.551982880 -0.006206585 0.999955773 -0.007075979 -0.948012531 -0.869949579 -0.001910073 0.493137062 86.459426880
0.447876096 0.011246397 0.894024849 -1.209213257 -0.006639177 0.999935210 -0.009252695 -0.954879045 -0.894071102 -0.001791529 0.447921753 86.590019226
0.404176086 0.008503247 0.914641678 -0.865118027 -0.000008209 0.999956846 -0.009292778 -0.967498243 -0.914681196 0.003748409 0.404158711 86.715187073
0.364701331 0.000823989 0.931124210 -0.495449066 0.014942707 0.999865711 -0.006737557 -0.971347332 -0.931004763 0.016370712 0.364639968 86.800224304
0.329424798 -0.002763671 0.944177747 -0.125734329 0.019314544 0.999806166 -0.003812370 -0.973533988 -0.943984270 0.019492254 0.329414308 86.890060425
0.296230257 0.001407330 0.955115497 0.239744186 0.016452719 0.999843001 -0.006576066 -0.981013775 -0.954974890 0.017662276 0.296160519 86.985900879
0.265105426 0.008478655 0.964182079 0.603885651 0.005887925 0.999928474 -0.010411901 -0.997001052 -0.964201391 0.008437283 0.265036464 87.085632324
0.236158594 0.013748392 0.971617281 0.996189117 0.000375447 0.999898553 -0.014239827 -1.007022023 -0.971714437 0.003727648 0.236129463 87.181144714
0.210385248 0.015344071 0.977498174 1.386482239 0.001789775 0.999869049 -0.016080445 -1.020985603 -0.977616966 0.005132589 0.210330218 87.244789124
0.186632395 0.016889721 0.982284665 1.795908928 0.008975400 0.999781132 -0.018895874 -1.029085994 -0.982388794 0.012342978 0.186439961 87.301651001
0.166909814 0.022745918 0.985709727 2.207538605 0.015728489 0.999545217 -0.025728479 -1.034011483 -0.985846698 0.019798061 0.166476116 87.337081909
0.147165984 0.029770570 0.988663673 2.630407333 0.017827455 0.999304771 -0.032744672 -1.029608488 -0.988951147 0.022444259 0.146532923 87.388305664
0.129521549 0.030265789 0.991114557 3.068509102 0.015467750 0.999350846 -0.032538667 -1.043559551 -0.991455972 0.019544775 0.128969312 87.441085815
0.114194632 0.025958875 0.993119180 3.530079842 0.013399626 0.999527335 -0.027667148 -1.066949725 -0.993368030 0.016466865 0.113792799 87.487785339
0.099587858 0.022891115 0.994765341 4.001105309 0.013722834 0.999608755 -0.024376385 -1.083826542 -0.994934142 0.016078591 0.099234767 87.530426025
0.086642139 0.020370398 0.996031225 4.484159946 0.016151987 0.999630809 -0.021849034 -1.099155903 -0.996108532 0.017980924 0.086281143 87.558197021
0.074740797 0.019586900 0.997010589 4.977787018 0.019639198 0.999584258 -0.021109710 -1.113816500 -0.997009635 0.021158244 0.074325062 87.583045959
0.064313054 0.020280002 0.997723639 5.496402264 0.022603022 0.999507368 -0.021773245 -1.129654050 -0.997673750 0.023951877 0.063822992 87.615188599
0.056737646 0.020845694 0.998171449 6.024952412 0.024902569 0.999441385 -0.022287715 -1.141443253 -0.998078525 0.026121583 0.056186840 87.633308411
0.051147550 0.021121217 0.998467624 6.574538231 0.026622746 0.999392211 -0.022504548 -1.156097174 -0.998336315 0.027733007 0.050554149 87.656639099
0.045415353 0.022115069 0.998723269 7.138243198 0.028195612 0.999328256 -0.023410613 -1.173169374 -0.998570204 0.029222818 0.044761296 87.680694580
0.039723579 0.022895230 0.998948395 7.723521233 0.028403919 0.999307513 -0.024032958 -1.187081814 -0.998806894 0.029328723 0.039045759 87.697052002
0.035216834 0.022825638 0.999118924 8.327088356 0.030885438 0.999236763 -0.023916971 -1.203916192 -0.998902321 0.031700514 0.034484968 87.714035034
0.032435834 0.022861678 0.999212265 8.948379517 0.032438140 0.999187589 -0.023914099 -1.221231461 -0.998947263 0.033188261 0.031667888 87.728836060
0.029448487 0.022293821 0.999317646 9.587665558 0.033663511 0.999162018 -0.023282370 -1.240233541 -0.998999178 0.034326166 0.028673319 87.743400574
0.026871633 0.021685299 0.999403656 10.241753578 0.035253115 0.999122202 -0.022627061 -1.258791447 -0.999017060 0.035840116 0.026083576 87.761573792
0.026254568 0.021330832 0.999427736 10.919239044 0.039907917 0.998952925 -0.022369064 -1.276893020 -0.998858333 0.040472362 0.025375808 87.772003174
0.027393617 0.021042623 0.999403238 11.612818718 0.043274637 0.998816192 -0.022216419 -1.292634726 -0.998687506 0.043857399 0.026450576 87.782958984
0.029945640 0.021040175 0.999330103 12.317006111 0.045007870 0.998736084 -0.022376357 -1.309002995 -0.998537660 0.045647800 0.028960815 87.801063538
0.033695977 0.020862494 0.999214292 13.044825554 0.047498472 0.998619020 -0.022451825 -1.330697179 -0.998302817 0.048217691 0.032658502 87.826240540
0.038163010 0.020387091 0.999063432 13.784896851 0.048026729 0.998599052 -0.022212178 -1.352717876 -0.998116672 0.048829444 0.037130412 87.851737976
0.041869622 0.018929046 0.998943686 14.536569595 0.049386248 0.998559117 -0.020991724 -1.370292783 -0.997901678 0.050213005 0.040874451 87.890357971
0.045832139 0.017174099 0.998801529 15.310954094 0.049412657 0.998589337 -0.019437857 -1.391677380 -0.997726321 0.050244324 0.044918872 87.931221008
0.050098557 0.015179304 0.998628974 16.095609665 0.046331547 0.998772681 -0.017505823 -1.409463525 -0.997668982 0.047145043 0.049333796 87.977363586
0.053975340 0.014105192 0.998442590 16.885412216 0.045216076 0.998840034 -0.016555166 -1.429279923 -0.997518003 0.046039231 0.053274956 88.020103455
0.058092751 0.015158000 0.998196125 17.687873840 0.042553384 0.998938382 -0.017645780 -1.448280334 -0.997403860 0.043501712 0.057386052 88.076477051
0.061202221 0.018916331 0.997946143 18.483654022 0.040356588 0.998955786 -0.021410473 -1.477714777 -0.997309268 0.041584071 0.060374923 88.127372742
0.062398899 0.024292227 0.997755647 19.279321671 0.034205545 0.999064326 -0.026463281 -1.503386974 -0.997464895 0.035780057 0.061509594 88.193740845
0.062529907 0.027502781 0.997664034 20.108592987 0.031686474 0.999061465 -0.029527305 -1.528055191 -0.997539937 0.033458799 0.061599765 88.245918274
0.062322062 0.027384179 0.997680306 20.917415619 0.029537246 0.999135017 -0.029269209 -1.553339005 -0.997618914 0.031292845 0.061459307 88.312232971
0.062397994 0.025561394 0.997723937 21.727979660 0.026821634 0.999267817 -0.027278384 -1.585583925 -0.997690737 0.028462702 0.061666712 88.365737915
0.062439617 0.023968592 0.997760892 22.566909790 0.027369073 0.999294519 -0.025718184 -1.625009894 -0.997673392 0.028913625 0.061739575 88.419685364
0.062663168 0.022945834 0.997770905 23.380001068 0.025284657 0.999378264 -0.024570759 -1.661102414 -0.997714341 0.026767980 0.062044036 88.478942871
0.062860206 0.023256376 0.997751415 24.195598602 0.023285389 0.999422133 -0.024762347 -1.693295002 -0.997750640 0.024789590 0.062282354 88.535789490
0.063171402 0.023829469 0.997718215 25.017404556 0.020400535 0.999475121 -0.025163114 -1.725303531 -0.997794151 0.021943577 0.062652133 88.591239929
0.061884027 0.025272766 0.997763336 25.818565369 0.017425789 0.999499619 -0.026397541 -1.755597830 -0.997931182 0.019020401 0.061412662 88.647651672
0.059014428 0.025200160 0.997938991 26.632423401 0.014200449 0.999559045 -0.026080830 -1.783051372 -0.998156130 0.015710331 0.058630545 88.704833984
0.054745235 0.023676844 0.998219609 27.445045471 0.011781863 0.999633908 -0.024356542 -1.817109346 -0.998430848 0.013094293 0.054446243 88.761543274
0.049926776 0.020920986 0.998533726 28.266271591 0.009892452 0.999721169 -0.021440485 -1.849591732 -0.998703837 0.010948400 0.049705897 88.809532166
0.044209465 0.019200264 0.998837769 29.068260193 0.007759754 0.999778509 -0.019561805 -1.874448061 -0.998992145 0.008615552 0.044050686 88.834968567
0.036455810 0.019433696 0.999146342 29.871345520 0.007594456 0.999776661 -0.019723052 -1.900952816 -0.999306440 0.008306992 0.036300085 88.867652893
0.027917085 0.020289283 0.999404311 30.676788330 0.007133949 0.999764562 -0.020495873 -1.930562377 -0.999584734 0.007701885 0.027765773 88.888404846
0.017842868 0.020553576 0.999629498 31.472801208 0.006772786 0.999763250 -0.020677218 -1.961667657 -0.999817848 0.007139216 0.017699441 88.899177551
0.007917032 0.019420732 0.999780059 32.266300201 0.008084633 0.999777496 -0.019484702 -1.993789196 -0.999935985 0.008237117 0.007758260 88.903755188
-0.002902845 0.018597998 0.999822795 33.061286926 0.007077338 0.999802411 -0.018577069 -2.019820213 -0.999970734 0.007022160 -0.003033896 88.902931213
-0.013883482 0.017402319 0.999752223 33.847434998 0.008385407 0.999815524 -0.017286973 -2.049042225 -0.999868512 0.008143326 -0.014026843 88.888458252
-0.024938963 0.018174430 0.999523759 34.636661530 0.008764555 0.999800265 -0.017960776 -2.068343878 -0.999650538 0.008312459 -0.025093276 88.870025635
-0.036311984 0.018841309 0.999162853 35.414520264 0.008740868 0.999789953 -0.018535472 -2.092802525 -0.999302268 0.008060490 -0.036469050 88.843666077
-0.046555515 0.019673744 0.998721898 36.183654785 0.008247745 0.999779642 -0.019310104 -2.121516705 -0.998881638 0.007338214 -0.046707511 88.797958374
-0.057011764 0.020809358 0.998156548 36.949069977 0.008890205 0.999753714 -0.020334870 -2.143927574 -0.998333871 0.007714491 -0.057182722 88.754821777
-0.066360436 0.021283330 0.997568727 37.702953339 0.009846473 0.999737799 -0.020674597 -2.175348759 -0.997747123 0.008450558 -0.066552602 88.695442200
-0.076067656 0.022033503 0.996859133 38.472087860 0.010254042 0.999720216 -0.021314284 -2.197229385 -0.997049928 0.008600508 -0.076272301 88.640045166
-0.085524388 0.022512222 0.996081710 39.212116241 0.010952250 0.999705553 -0.021653755 -2.223707914 -0.996275783 0.009057411 -0.085745752 88.577384949
-0.094043300 0.022026541 0.995324433 39.940231323 0.012197326 0.999705613 -0.020971037 -2.247680664 -0.995493352 0.010168110 -0.094284289 88.501373291
-0.101410322 0.020766160 0.994627953 40.664863586 0.013810774 0.999715090 -0.019464253 -2.274490118 -0.994748771 0.011762706 -0.101668239 88.425102234
-0.106314853 0.019030083 0.994150400 41.398361206 0.017309451 0.999700785 -0.017285245 -2.305196285 -0.994181812 0.015370520 -0.106612429 88.335296631
-0.109601364 0.017658832 0.993818760 42.105278015 0.020693898 0.999665976 -0.015480538 -2.325251579 -0.993760228 0.018869292 -0.109930180 88.243965149
-0.112622105 0.016326869 0.993503749 42.813045502 0.021939980 0.999662220 -0.013940988 -2.348547697 -0.993395567 0.020227388 -0.112942263 88.169143677
-0.114499144 0.015658004 0.993299961 43.498840332 0.021815659 0.999674380 -0.013243765 -2.369732380 -0.993183732 0.020153094 -0.114803433 88.091163635
-0.115235314 0.015927009 0.993210554 44.171325684 0.022879591 0.999648750 -0.013375691 -2.389775276 -0.993074715 0.021182898 -0.115559258 88.014984131
-0.114163592 0.016870501 0.993318677 44.821025848 0.023484387 0.999622226 -0.014278462 -2.409884214 -0.993184388 0.021697404 -0.114516668 87.939628601
-0.110927001 0.018771272 0.993651271 45.441635132 0.024563396 0.999567986 -0.016140891 -2.427911520 -0.993525028 0.022616992 -0.111340165 87.869689941
-0.105982050 0.019097155 0.994184613 46.065879822 0.024894571 0.999553263 -0.016546469 -2.449325085 -0.994056344 0.022996169 -0.106410109 87.805763245
-0.097927213 0.019916985 0.994994223 46.663589478 0.024376433 0.999547839 -0.017609010 -2.467813492 -0.994894981 0.022530014 -0.098368421 87.752105713
-0.086741708 0.019676534 0.996036470 47.242908478 0.022876715 0.999580681 -0.017754288 -2.493412971 -0.995968103 0.021246005 -0.087155469 87.710617065
-0.073280811 0.019868160 0.997113407 47.796386719 0.022336986 0.999583483 -0.018275762 -2.513554335 -0.997061133 0.020933248 -0.073694080 87.682174683
-0.056302853 0.021026907 0.998192191 48.327392578 0.020865714 0.999584615 -0.019879315 -2.541443348 -0.998195648 0.019708734 -0.056718204 87.668846130
-0.034845125 0.023378352 0.999119222 48.860931396 0.018930312 0.999562562 -0.022728512 -2.564736843 -0.999213398 0.018121663 -0.035272438 87.660423279
-0.010139680 0.026499003 0.999597490 49.381847382 0.016910354 0.999510407 -0.026325163 -2.586008072 -0.999805570 0.016636619 -0.010582821 87.675102234
0.017891832 0.028107410 0.999444783 49.896045685 0.015168008 0.999482155 -0.028379994 -2.607332706 -0.999724805 0.015667355 0.017456237 87.709403992
0.051389858 0.027607644 0.998296976 50.408721924 0.012440627 0.999522567 -0.028281949 -2.629068375 -0.998601139 0.013872846 0.051021852 87.748443604
0.090734012 0.024971100 0.995562017 50.876335144 0.011552295 0.999591887 -0.026125040 -2.652400017 -0.995808125 0.013871456 0.090408519 87.785804749
0.131644532 0.021244988 0.991069317 51.401847839 0.010035641 0.999690533 -0.022762839 -2.670695782 -0.991246164 0.012942621 0.131390586 87.897872925
0.177363366 0.016952820 0.983999372 51.891220093 0.007428252 0.999800086 -0.018563967 -2.689669371 -0.984117389 0.010601963 0.177201971 88.007690430
0.225991517 0.013815848 0.974031210 52.377136230 0.003170642 0.999883711 -0.014918187 -2.703628540 -0.974124134 0.006459687 0.225921407 88.147659302
0.277693629 0.011988276 0.960594833 52.849067688 -0.000575528 0.999923944 -0.012312730 -2.721835375 -0.960669577 0.002866317 0.277679443 88.316375732
0.332652003 0.011857621 0.942975104 53.290077209 -0.001955905 0.999927461 -0.011883799 -2.737536430 -0.943047523 0.002108802 0.332651079 88.507095337
0.389193922 0.012479006 0.921071291 53.721618652 0.000736284 0.999903679 -0.013858169 -2.751652718 -0.921155572 0.006071685 0.389147252 88.733413696
0.449741572 0.014820176 0.893035769 54.140254974 0.002175144 0.999841154 -0.017688068 -2.774468660 -0.893156111 0.009897539 0.449637860 88.971206665
0.510105968 0.018486585 0.859912872 54.537078857 0.003196732 0.999721348 -0.023388542 -2.787144184 -0.860105634 0.014679547 0.509904861 89.233642578
0.568986058 0.023379652 0.822014809 54.893112183 0.000137379 0.999593139 -0.028525405 -2.784754276 -0.822347105 0.016343486 0.568751276 89.517730713
0.622657955 0.026484294 0.782045782 55.216453552 -0.004299969 0.999527872 -0.030425800 -2.801682472 -0.782482326 0.015582097 0.622477829 89.856826782
0.676053822 0.026170198 0.736387372 55.542255402 -0.005352299 0.999517143 -0.030607693 -2.828972578 -0.736832738 0.016751088 0.675867498 90.198783875
0.725124240 0.023646710 0.688212037 55.837654114 -0.004842935 0.999560595 -0.029241847 -2.846560955 -0.688601136 0.017871004 0.724920034 90.558151245
0.768792927 0.022353567 0.639107049 56.065368652 -0.008201480 0.999651253 -0.025098357 -2.848593712 -0.639445245 0.014053816 0.768708169 90.936927795
0.811290324 0.018518442 0.584350109 56.333389282 -0.009133305 0.999777734 -0.019003272 -2.848282814 -0.584572136 0.010080125 0.811279118 91.341880798
0.848082900 0.016486064 0.529606938 56.554031372 -0.011478666 0.999852955 -0.012742991 -2.854688644 -0.529739141 0.004727935 0.848147452 91.765625000
0.879031360 0.013260722 0.476579338 56.734462738 -0.012139061 0.999911547 -0.005432318 -2.861491680 -0.476609290 -0.001010045 0.879114628 92.197105408
0.904730678 0.014509053 0.425736725 56.895473480 -0.016145913 0.999869704 0.000236159 -2.872638941 -0.425677717 -0.007087565 0.904847145 92.629928589
0.924619317 0.016073845 0.380553216 57.007915497 -0.019237025 0.999804795 0.004509801 -2.892541409 -0.380406380 -0.011490561 0.924748063 93.028434753
0.939810753 0.021440977 0.341021866 57.127250671 -0.025343470 0.999654293 0.006992216 -2.897716999 -0.340754032 -0.015214036 0.940029383 93.468971252
0.951802850 0.025636403 0.305636972 57.240722656 -0.028922731 0.999562263 0.006228184 -2.898471355 -0.305343509 -0.014767861 0.952127874 93.928901672
0.961000443 0.027967798 0.275129020 57.345520020 -0.030853156 0.999504864 0.006164195 -2.894643545 -0.274820417 -0.014412395 0.961387515 94.395904541
0.967025578 0.022765191 0.253659844 57.452850342 -0.025214972 0.999661505 0.006410302 -2.898012400 -0.253428042 -0.012594952 0.967272222 94.861091614
0.971029580 0.020203698 0.238103658 57.562782288 -0.022608496 0.999717176 0.007372993 -2.908947468 -0.237887397 -0.012542560 0.971211791 95.340461731
0.973968267 0.024243429 0.225384206 57.657386780 -0.026515851 0.999623418 0.007060375 -2.910230160 -0.225128189 -0.012852836 0.974244416 95.836830139
0.975967646 0.029787069 0.215870187 57.745212555 -0.032289110 0.999445915 0.008072246 -2.911010265 -0.215510160 -0.014848504 0.976388693 96.353279114
0.977131546 0.036087546 0.209550902 57.846275330 -0.038174156 0.999253511 0.005920127 -2.896201611 -0.209180847 -0.013784173 0.977779806 96.834693909
0.977481365 0.042008337 0.206798360 57.939895630 -0.043457743 0.999052286 0.002469173 -2.899372101 -0.206498653 -0.011400562 0.978380501 97.353706360
0.977586567 0.043669369 0.205955043 58.048225403 -0.044591352 0.999005258 -0.000165170 -2.904767036 -0.205757409 -0.009022346 0.978561342 97.892143250
0.977015018 0.042784400 0.208832294 58.159469604 -0.042962171 0.999069870 -0.003686759 -2.915074825 -0.208795801 -0.005369868 0.977944434 98.427139282
0.976274729 0.041559454 0.212509960 58.284042358 -0.040290371 0.999134958 -0.010300823 -2.917524099 -0.212754205 0.001494331 0.977104664 98.985267639
0.975546598 0.040656939 0.215999290 58.422355652 -0.038317803 0.999153018 -0.015007910 -2.917587042 -0.216426507 0.006364300 0.976278186 99.523635864
0.974264205 0.045532286 0.220762551 58.539695740 -0.043328673 0.998951018 -0.014816586 -2.924390316 -0.221205622 0.004869920 0.975215077 100.108566284
0.972843587 0.048519980 0.226320207 58.671424866 -0.047316015 0.998822212 -0.010744676 -2.935590744 -0.226574972 -0.000255681 0.973993719 100.695922852
0.971900940 0.045212373 0.231007203 58.818649292 -0.045003045 0.998967707 -0.006178123 -2.943598747 -0.231048077 -0.004391505 0.972932458 101.292480469
0.971172750 0.041067362 0.234812185 58.970932007 -0.042135846 0.999111831 -0.000467154 -2.955364227 -0.234622806 -0.009440321 0.972040653 101.914726257
0.970369160 0.039065033 0.238448307 59.124992371 -0.041315991 0.999136209 0.004447434 -2.966526031 -0.238068625 -0.014167382 0.971145034 102.533454895
0.969764590 0.034286190 0.241621822 59.283344269 -0.036601860 0.999316871 0.005100592 -2.970473051 -0.241281927 -0.013790183 0.970357060 103.171867371
0.969775796 0.030739224 0.242053702 59.444862366 -0.032091979 0.999483526 0.001647024 -2.971616030 -0.241878077 -0.009365225 0.970261455 103.813430786
0.969920874 0.030132113 0.241548270 59.609291077 -0.029774521 0.999543428 -0.005131204 -2.979559422 -0.241592586 -0.002215119 0.970375240 104.457298279
0.970141232 0.032483749 0.240355685 59.768753052 -0.030583428 0.999464512 -0.011633219 -2.990211010 -0.240604863 0.003934965 0.970615149 105.098655701
0.970794618 0.035138495 0.237324625 59.930335999 -0.032394323 0.999355674 -0.015454007 -2.995026112 -0.237714708 0.007314697 0.971307456 105.773956299
0.971320093 0.033875722 0.235349953 60.087497711 -0.032096624 0.999419928 -0.011387164 -3.000908136 -0.235599145 0.003506642 0.971843958 106.469703674
0.971712232 0.029738868 0.234288231 60.255645752 -0.029702971 0.999552071 -0.003682673 -3.013877869 -0.234292790 -0.003380557 0.972160101 107.178245544
0.972308338 0.030385282 0.231717721 60.425827026 -0.031783633 0.999492228 0.002302996 -3.026162863 -0.231530026 -0.009604052 0.972780287 107.902381897
0.972575068 0.034016233 0.230088294 60.585994720 -0.035306994 0.999375463 0.001493849 -3.032643080 -0.229893759 -0.009576607 0.973168552 108.630302429
0.972919762 0.039277248 0.227781296 60.744472504 -0.039603513 0.999210536 -0.003139854 -3.038486958 -0.227724805 -0.005966112 0.973707259 109.360412598
0.973775446 0.040216699 0.223928466 60.910507202 -0.039365783 0.999190688 -0.008264796 -3.046621084 -0.224079609 -0.000767064 0.974570453 110.095298767
0.974721014 0.038958471 0.220002532 61.080299377 -0.037402920 0.999237180 -0.011233239 -3.053801060 -0.220272347 0.002720537 0.975434542 110.853507996
0.975691378 0.036692165 0.216055572 61.249092102 -0.035418574 0.999324918 -0.009765014 -3.063054085 -0.216268018 0.001875259 0.976332188 111.626312256
0.976510227 0.033187885 0.212899894 61.416038513 -0.032336842 0.999449015 -0.007479295 -3.079572439 -0.213030830 0.000419098 0.977045357 112.400230408
0.976962268 0.031914473 0.211012438 61.586189270 -0.031638645 0.999488354 -0.004684025 -3.090069771 -0.211054012 -0.002100032 0.977472186 113.193954468
0.977282465 0.029064640 0.209938884 61.753376007 -0.029194901 0.999570608 -0.002479286 -3.098772049 -0.209920824 -0.003706183 0.977711499 113.991432190
0.977488518 0.023783229 0.209643885 61.923885345 -0.024089096 0.999709129 -0.001094696 -3.111601353 -0.209609002 -0.003980080 0.977777183 114.778289795
0.977605283 0.024496580 0.209016085 62.091678619 -0.025166174 0.999683082 0.000544323 -3.119460344 -0.208936512 -0.005792269 0.977912068 115.581512451
0.977390766 0.029972246 0.209305644 62.256252289 -0.030334618 0.999538600 -0.001479375 -3.128129005 -0.209253445 -0.004903281 0.977849126 116.402328491
0.977117360 0.035404433 0.209733695 62.426502228 -0.035159331 0.999369860 -0.004898261 -3.135923147 -0.209774926 -0.002587919 0.977746308 117.220466614
0.976541281 0.044131409 0.210759521 62.590061188 -0.043738130 0.999021709 -0.006529470 -3.142951250 -0.210841507 -0.002841930 0.977516174 118.052101135
0.975618303 0.050069578 0.213686675 62.754165649 -0.049929425 0.998734474 -0.006056309 -3.152321577 -0.213719472 -0.004760606 0.976883471 118.884437561
0.974844515 0.052480485 0.216619506 62.929149628 -0.052880261 0.998592973 -0.003954462 -3.171358347 -0.216522247 -0.007599911 0.976248026 119.725822449
0.974266827 0.053113900 0.219050407 63.115715027 -0.053418182 0.998561859 -0.004537587 -3.190303564 -0.218976378 -0.007280452 0.975703120 120.555534363
0.973909676 0.051503237 0.221014470 63.299568176 -0.051078752 0.998665392 -0.007639397 -3.196816921 -0.221112981 -0.003849059 0.975240648 121.388137817
0.973895490 0.045455679 0.222399190 63.495567322 -0.045227099 0.998957932 -0.006123434 -3.211967468 -0.222445786 -0.004094885 0.974936485 122.231956482
0.974179327 0.039019678 0.222378194 63.700004578 -0.038273949 0.999237895 -0.007663737 -3.231906176 -0.222507775 -0.001045438 0.974930286 123.049720764
0.973935246 0.037913606 0.223635688 63.883670807 -0.037180614 0.999280512 -0.007489039 -3.250068188 -0.223758727 -0.001021076 0.974644065 123.878913879
0.973372757 0.040560085 0.225610942 64.071990967 -0.040534411 0.999166906 -0.004748002 -3.262083530 -0.225615546 -0.004523431 0.974205911 124.726020813
0.972911119 0.042655326 0.227210626 64.255287170 -0.044017781 0.999030352 0.000930496 -3.272887230 -0.226950631 -0.010906596 0.973845243 125.572105408
0.972559273 0.046669897 0.227926269 64.441719055 -0.049111374 0.998780489 0.005048734 -3.288217545 -0.227412701 -0.016103966 0.973665416 126.410789490
0.972345531 0.045615226 0.229049057 64.629165649 -0.046559688 0.998914659 -0.001281854 -3.302579403 -0.228858903 -0.009418047 0.973414063 127.218177795
0.972627044 0.041493572 0.228637189 64.824577332 -0.038918041 0.999118030 -0.015763989 -3.318321943 -0.229089618 0.006434370 0.973384082 128.026687622
