1.000000000 0.000000000 0.000000000 0.000000000 0.000000000 1.000000000 0.000000000 0.000000000 0.000000000 0.000000000 1.000000000 0.000000000
0.999043226 -0.000534564 0.043730125 0.046470370 0.000635707 0.999997258 -0.002298997 -0.020572800 -0.043728773 0.002324597 0.999040723 1.030479193
0.996034026 -0.004747762 0.088848032 0.139573872 0.005413918 0.999958992 -0.007258212 -0.039643183 -0.088809922 0.007710441 0.996018767 2.056651354
0.990868688 -0.004158211 0.134766549 0.270921171 0.005743827 0.999918699 -0.011378974 -0.061569244 -0.134708300 0.012049144 0.990812004 3.065454721
0.983537316 -0.001247326 0.180700630 0.451387018 0.003732576 0.999903023 -0.013414026 -0.094854891 -0.180666387 0.013867675 0.983446658 4.092249870
0.974010646 -0.003813985 0.226470128 0.687697947 0.007019456 0.999886215 -0.013350431 -0.126058459 -0.226393446 0.014593159 0.973926604 5.097074986
0.962334871 -0.004281892 0.271833181 0.961456656 0.008601884 0.999854922 -0.014702482 -0.154254794 -0.271730840 0.016486989 0.962232053 6.106462479
0.948781371 -0.007025158 0.315855235 1.287103415 0.013128561 0.999765873 -0.017199719 -0.189291149 -0.315660447 0.020465499 0.948651493 7.092568398
0.933604181 -0.008602831 0.358202845 1.660352111 0.016523926 0.999681830 -0.019058231 -0.220742047 -0.357924908 0.023711761 0.933449268 8.047464371
0.916295409 -0.008544549 0.400411785 2.071857452 0.018031036 0.999638796 -0.019930223 -0.253033370 -0.400096864 0.025481815 0.916118562 8.983366013
0.896723509 -0.009073761 0.442498267 2.517424583 0.019220471 0.999644935 -0.018451838 -0.286895812 -0.442173749 0.025051223 0.896579504 9.898357391
0.874974191 -0.009026812 0.484085381 3.016450167 0.019905735 0.999651492 -0.017338546 -0.331738770 -0.483760208 0.024806853 0.874848902 10.778236389
0.850998402 -0.009224409 0.525087237 3.552903891 0.020840313 0.999651313 -0.016214222 -0.364849001 -0.524754643 0.024741257 0.850894034 11.651310921
0.825530469 -0.009631501 0.564275265 4.141752720 0.022677684 0.999612868 -0.016115082 -0.407066017 -0.563901722 0.026099950 0.825429320 12.496230125
0.798204362 -0.011204788 0.602282405 4.761420250 0.025860822 0.999542594 -0.015677962 -0.438593924 -0.601831257 0.028089739 0.798129082 13.313751221
0.769350410 -0.010087304 0.638747275 5.414079666 0.026473077 0.999519825 -0.016101228 -0.473354161 -0.638278246 0.029297095 0.769248128 14.110054016
0.738769114 -0.013191660 0.673829436 6.091038227 0.031267636 0.999402761 -0.014715572 -0.503963709 -0.673232794 0.031940468 0.738740385 14.846745491
0.706706703 -0.012500555 0.707396150 6.832728386 0.031678524 0.999400198 -0.013987019 -0.538182855 -0.706797063 0.032293983 0.706678867 15.580023766
0.672664881 -0.011101689 0.739864051 7.584403038 0.032689307 0.999357045 -0.014724864 -0.569153905 -0.739224970 0.034090545 0.672595263 16.262187958
0.637122750 -0.012532614 0.770660400 8.366113663 0.037669230 0.999179304 -0.014893199 -0.596845031 -0.769841254 0.038518980 0.637071908 16.902456284
0.600162029 -0.010751934 0.799806178 9.158239365 0.037866056 0.999170542 -0.014982078 -0.624949217 -0.798981607 0.039277185 0.600071371 17.500232697
0.562702894 -0.009845247 0.826600611 10.011475563 0.040763013 0.999043107 -0.015850022 -0.655926824 -0.825653613 0.042613581 0.562565744 18.073703766
0.523454607 -0.007923944 0.852016807 10.856445312 0.045152593 0.998809755 -0.018451301 -0.681233048 -0.850856364 0.048129190 0.523189306 18.600700378
0.484954566 -0.006861926 0.874512434 11.740276337 0.046553236 0.998754025 -0.017978968 -0.705965877 -0.873299420 0.049430374 0.484669775 19.081905365
0.446470618 -0.008713308 0.894755900 12.644355774 0.051681858 0.998534381 -0.016064594 -0.732152045 -0.893304527 0.053415004 0.446266532 19.524864197
0.409550071 -0.009116381 0.912242055 13.578411102 0.055263620 0.998361588 -0.014833531 -0.755293012 -0.910612285 0.056488868 0.409382820 19.931823730
0.374470711 -0.006808987 0.927213728 14.534519196 0.057152811 0.998241186 -0.015751541 -0.783468962 -0.925475657 0.058891363 0.374201298 20.311031342
0.341241091 -0.007751500 0.939943850 15.493168831 0.057680652 0.998254299 -0.012708251 -0.806741118 -0.938204348 0.058553159 0.341092527 20.653894424
0.307830274 -0.009223290 0.951396525 16.481327057 0.060158189 0.998140872 -0.009788110 -0.827663898 -0.949537516 0.060247380 0.307812810 20.969047546
0.275393158 -0.009188376 0.961287916 17.476581573 0.061030276 0.998104274 -0.007943887 -0.847393870 -0.959392488 0.060855348 0.275431871 21.243976593
0.243138701 -0.006394746 0.969970465 18.482149124 0.058287334 0.998267651 -0.008029358 -0.871925652 -0.968238711 0.058489244 0.243090183 21.499406815
0.212398857 -0.004737268 0.977171481 19.510349274 0.058271006 0.998270214 -0.007826285 -0.885316849 -0.975444138 0.058603074 0.212307468 21.720466614
0.181726202 -0.004628384 0.983338296 20.545219421 0.060105886 0.998171449 -0.006409689 -0.904534340 -0.981510460 0.060269222 0.181672081 21.913480759
0.151421398 -0.004713572 0.988457978 21.634183884 0.061789479 0.998078108 -0.004706053 -0.914788246 -0.986536145 0.061788905 0.151421651 22.063732147
0.120855644 -0.005456162 0.992654979 22.725622177 0.060271859 0.998180211 -0.001851562 -0.927745104 -0.990838587 0.060052946 0.120964579 22.198432922
0.091571376 -0.005893756 0.995781004 23.809999466 0.060969040 0.998139620 0.000301043 -0.941513777 -0.993930280 0.060684249 0.091760345 22.294689178
0.064554222 -0.005618994 0.997898340 24.933582306 0.063605458 0.997973979 0.001504772 -0.946072638 -0.995885193 0.063374646 0.064780831 22.357433319
0.039883763 -0.004918011 0.999192238 26.054340363 0.068029195 0.997680902 0.002195118 -0.950885952 -0.996885836 0.067886703 0.040125839 22.384113312
0.017377948 -0.004432645 0.999839127 27.230070114 0.072438166 0.997367918 0.003162659 -0.954031467 -0.997221470 0.072371557 0.017653301 22.393905640
-0.002645806 -0.004526380 0.999986231 28.385232925 0.078136012 0.996931553 0.004719289 -0.953885913 -0.996939301 0.078147419 -0.002284014 22.381868362
-0.019880757 -0.005280033 0.999788404 29.572727203 0.082433112 0.996572793 0.006902230 -0.955318987 -0.996398270 0.082552895 -0.019377373 22.339958191
-0.035272095 -0.005061231 0.999364913 30.783927917 0.085654087 0.996292353 0.008068789 -0.952216625 -0.995700359 0.085884303 -0.034707800 22.282957077
-0.049742103 -0.005786772 0.998745322 31.995019913 0.087866232 0.996080518 0.010147473 -0.949393332 -0.994889557 0.088260725 -0.049038682 22.229164124
-0.062660888 -0.006895626 0.998011053 33.204185486 0.087953165 0.996047318 0.012404264 -0.946699858 -0.994151831 0.088555485 -0.061806716 22.138284683
-0.074544072 -0.006610343 0.997195840 34.407436371 0.087938324 0.996038735 0.013176389 -0.943290830 -0.993332803 0.088673957 -0.073667482 22.049062729
-0.085660405 -0.004010994 0.996316314 35.634483337 0.087764136 0.996074259 0.011555727 -0.942519426 -0.992451310 0.088430732 -0.084972106 21.947189331
-0.095536940 -0.000418617 0.995425820 36.867366791 0.088296458 0.996054471 0.008893219 -0.931620002 -0.991502106 0.088742197 -0.095123045 21.826822281
-0.104890637 0.001956148 0.994481802 38.128013611 0.089699425 0.995940626 0.007501821 -0.931333482 -0.990430176 0.089991324 -0.104640320 21.697298050
-0.112317927 0.002961602 0.993667901 39.413280487 0.089422822 0.995968163 0.007139333 -0.923716307 -0.989640474 0.089658462 -0.112129897 21.558044434
-0.117897823 0.003766636 0.993018568 40.721561432 0.089136586 0.995996296 0.006804962 -0.915142059 -0.989017010 0.089316577 -0.117761515 21.402744293
-0.122823469 0.005354391 0.992414057 42.041976929 0.090440221 0.995884895 0.005819981 -0.909902215 -0.988298953 0.090469003 -0.122802302 21.239641190
-0.127530783 0.006847182 0.991810977 43.382717133 0.089263134 0.995997429 0.004601702 -0.904910326 -0.987809718 0.089119017 -0.127631500 21.072950363
-0.132038146 0.007448068 0.991216540 44.752883911 0.089853376 0.995944858 0.004485603 -0.902705789 -0.987163782 0.089656428 -0.132171944 20.905754089
-0.135613590 0.006692948 0.990739167 46.168296814 0.089167073 0.996001601 0.005476801 -0.895110846 -0.986741185 0.089084044 -0.135668144 20.731163025
-0.138646275 0.004757005 0.990330577 47.605937958 0.090260483 0.995887220 0.007852769 -0.895820856 -0.986220181 0.090476476 -0.138505429 20.533309937
-0.140508816 0.003218689 0.990074217 49.030948639 0.089845307 0.995910227 0.009512958 -0.892576098 -0.985994399 0.090290174 -0.140223384 20.324377060
-0.142769814 0.003873939 0.989748418 50.461013794 0.092242867 0.995692074 0.009408704 -0.885403574 -0.985448062 0.092640504 -0.142512128 20.136575699
-0.144438446 0.003825434 0.989506423 51.915561676 0.091619834 0.995748520 0.009524203 -0.870325267 -0.985263228 0.092034101 -0.144174799 19.915195465
-0.145501912 0.005149226 0.989344537 53.386512756 0.093588516 0.995573997 0.008582322 -0.860437155 -0.984921515 0.093840048 -0.145339817 19.706752777
-0.145539716 0.005272368 0.989338338 54.878784180 0.093270577 0.995605230 0.008415096 -0.851154804 -0.984946072 0.093500890 -0.145391896 19.485736847
-0.145341635 0.006741071 0.989358485 56.395526886 0.092712767 0.995669365 0.006835890 -0.842128634 -0.985027909 0.092719726 -0.145337179 19.272993088
-0.144046843 0.006690526 0.989548266 57.935321808 0.093192570 0.995624602 0.006834269 -0.831583381 -0.985172868 0.093203001 -0.144040063 19.045780182
-0.142689213 0.005040123 0.989754677 59.504871368 0.092382222 0.995689392 0.008248055 -0.835979044 -0.985446751 0.092612639 -0.142539784 18.818016052
-0.141616628 0.005969530 0.989903688 61.091190338 0.093181543 0.995622158 0.007326632 -0.823720694 -0.985526204 0.093278319 -0.141552925 18.593027115
-0.140945777 0.006382901 0.989996731 62.682655334 0.092819683 0.995659769 0.006795323 -0.818761945 -0.985656440 0.092848964 -0.140926510 18.380603790
-0.139875531 0.007167329 0.990143180 64.298049927 0.093866654 0.995566368 0.006053770 -0.810342252 -0.985709846 0.093788214 -0.139928177 18.148536682
-0.138984337 0.006986543 0.990270019 65.937728882 0.093188539 0.995630026 0.006054648 -0.802692711 -0.985900164 0.093123309 -0.139028072 17.914144516
-0.137879610 0.005462164 0.990433931 67.600898743 0.095557004 0.995393217 0.007813101 -0.794183135 -0.985828638 0.095720150 -0.137766421 17.664348602
-0.137015045 0.003377585 0.990563214 69.262123108 0.096919440 0.995241821 0.010012392 -0.787197948 -0.985816181 0.097376674 -0.136690468 17.431257248
-0.137369245 0.004696884 0.990508795 71.007881165 0.098054133 0.995141387 0.008879836 -0.773749053 -0.985654652 0.098343283 -0.137162387 17.200111389
-0.136107177 0.006588388 0.990672231 72.689216614 0.100200310 0.994941533 0.007149612 -0.766530514 -0.985613942 0.100238770 -0.136078879 16.959594727
-0.135357082 0.006199657 0.990777493 74.416915894 0.098986410 0.995062053 0.007296763 -0.761605859 -0.985839844 0.099061176 -0.135302380 16.725894928
-0.135435417 0.006612937 0.990764022 76.135040283 0.099665627 0.994996488 0.006982900 -0.750917792 -0.985760629 0.099690862 -0.135416836 16.497249603
-0.135057196 0.005575816 0.990822136 77.856491089 0.099490650 0.995006561 0.007962028 -0.744726658 -0.985830188 0.099652857 -0.134937555 16.258853912
-0.135015503 0.005654240 0.990827262 79.580406189 0.100926787 0.994861007 0.008075573 -0.740945518 -0.985689819 0.101091348 -0.134892330 16.033489227
-0.134842381 0.005587315 0.990851223 81.348052979 0.102001756 0.994749844 0.008271860 -0.728645027 -0.985602975 0.102183968 -0.134704366 15.791867256
-0.134750471 0.006823268 0.990856051 83.102439880 0.102297150 0.994728744 0.007061860 -0.717465758 -0.985584915 0.102313332 -0.134738177 15.547813416
-0.135209396 0.007248352 0.990790486 84.902839661 0.101963259 0.994765997 0.006637099 -0.723086655 -0.985556602 0.101921625 -0.135240749 15.300559998
-0.136289209 0.007864833 0.990637898 86.686920166 0.101325721 0.994834960 0.006041953 -0.728159845 -0.985473692 0.101200536 -0.136382163 15.062129021
-0.137999475 0.008446605 0.990396261 88.487152100 0.100452445 0.994926572 0.005511566 -0.727043986 -0.985324979 0.100248329 -0.138147816 14.831562996
-0.138997361 0.007462735 0.990264595 90.300201416 0.099435225 0.995023072 0.006458519 -0.730669796 -0.985287905 0.099364892 -0.139047667 14.586895943
-0.140132427 0.007116841 0.990107059 92.135292053 0.099390894 0.995024383 0.006914864 -0.728276253 -0.985131562 0.099376634 -0.140142515 14.340172768
-0.140639961 0.006140775 0.990041733 93.987411499 0.096931711 0.995262027 0.007596437 -0.724880636 -0.985304356 0.097034805 -0.140568808 14.085995674
-0.142634690 0.006917398 0.989751160 95.816246033 0.096557319 0.995303214 0.006958839 -0.723224580 -0.985054314 0.096560292 -0.142632693 13.837444305
-0.144842595 0.008009332 0.989422441 97.692672729 0.095933653 0.995369673 0.005986352 -0.713057518 -0.984793067 0.095785961 -0.144940317 13.555945396
-0.149008617 0.009016126 0.988794804 99.571113586 0.096277773 0.995339692 0.005432986 -0.703007102 -0.984137714 0.096008524 -0.149182245 13.276644707
-0.153791189 0.008080325 0.988070250 101.446556091 0.094219260 0.995530069 0.006523713 -0.702997923 -0.983601034 0.094098561 -0.153865069 13.000226974
-0.158411533 0.007424506 0.987345219 103.347221375 0.092799872 0.995657265 0.007401977 -0.699539006 -0.983002543 0.092798091 -0.158412576 12.701702118
-0.162610695 0.008281095 0.986655533 105.250312805 0.091585882 0.995774508 0.006736641 -0.698726416 -0.982430577 0.091459177 -0.162681997 12.392543793
-0.166960359 0.010016703 0.985912740 107.173919678 0.092039421 0.995740354 0.005469956 -0.695653021 -0.981658280 0.091656104 -0.167171106 12.061609268
-0.171636850 0.011752417 0.985090315 109.106124878 0.091775753 0.995771348 0.004110673 -0.700174570 -0.980876148 0.091112956 -0.171989605 11.733533859
-0.176318303 0.011729834 0.984263301 111.042961121 0.090552919 0.995882154 0.004353105 -0.706963122 -0.980159163 0.089895464 -0.176654384 11.399059296
-0.180757821 0.011649033 0.983458579 112.996902466 0.088868961 0.996033013 0.004535966 -0.708866179 -0.979504526 0.088218853 -0.181075960 11.040525436
-0.185239941 0.011212710 0.982629299 114.961677551 0.087324545 0.996166885 0.005094762 -0.710225880 -0.978805721 0.086751424 -0.185509011 10.668130875
-0.190313473 0.010424247 0.981668055 116.889312744 0.086286537 0.996251345 0.006149042 -0.713413596 -0.977924168 0.085874982 -0.190499544 10.306230545
-0.195628598 0.010046552 0.980626643 118.871620178 0.086902343 0.996191323 0.007130438 -0.718114138 -0.976820052 0.086613663 -0.195756599 9.913652420
-0.200214446 0.011645648 0.979682863 120.816535950 0.087201983 0.996172726 0.005979508 -0.717146337 -0.975863695 0.086627491 -0.200463668 9.524394989
-0.205488667 0.012596058 0.978578448 122.777305603 0.086738996 0.996216536 0.005390960 -0.721205533 -0.974808097 0.085988693 -0.205803752 9.119997025
-0.211462200 0.012830203 0.977301896 124.771545410 0.087457098 0.996151268 0.005845733 -0.715392709 -0.973465443 0.086708143 -0.211770386 8.716629028
-0.216758251 0.012715749 0.976142466 126.755462646 0.086399049 0.996241271 0.006207856 -0.716584504 -0.972394526 0.085683390 -0.217042178 8.281204224
-0.221920103 0.013448715 0.974972248 128.746566772 0.085602745 0.996312797 0.005741542 -0.714918911 -0.971299946 0.084734447 -0.222253114 7.835479736
-0.227207720 0.014112273 0.973744035 130.740005493 0.084749743 0.996387959 0.005334561 -0.715845823 -0.970151603 0.083736613 -0.227583051 7.391620636
-0.231682003 0.013534076 0.972697437 132.728576660 0.086075984 0.996266425 0.006640006 -0.716340840 -0.968975961 0.085264258 -0.231981993 6.926031113
-0.235150248 0.013686897 0.971862614 134.727615356 0.088520497 0.996046960 0.007390780 -0.709219933 -0.967919588 0.087767698 -0.235432252 6.439155579
-0.238672361 0.014532306 0.970991373 136.740539551 0.089935787 0.995921552 0.007201049 -0.708428502 -0.966926575 0.089045599 -0.239005893 5.944713593
-0.241910800 0.015286506 0.970178008 138.750885010 0.090318568 0.995889485 0.006829021 -0.706301153 -0.966085792 0.089277126 -0.242297068 5.445709229
-0.245538712 0.015416874 0.969264150 140.790603638 0.089788981 0.995936871 0.006904663 -0.705413878 -0.965219438 0.088724621 -0.245925352 4.941822052
-0.249328718 0.015897607 0.968288422 142.795288086 0.088517144 0.996053815 0.006439193 -0.711544752 -0.964365005 0.087315612 -0.249752030 4.427265167
-0.254138529 0.016712029 0.967023432 144.825088501 0.087629132 0.996136248 0.005814210 -0.714774430 -0.963189900 0.086217046 -0.254620969 3.905933380
-0.257757068 0.015843263 0.966079831 146.851333618 0.085338198 0.996331215 0.006429469 -0.720458627 -0.962433755 0.084100746 -0.258163452 3.365398407
-0.262115866 0.016443746 0.964896321 148.879791260 0.086044401 0.996270776 0.006395690 -0.720265448 -0.961192727 0.084700346 -0.262553245 2.817546844
-0.266844630 0.016664352 0.963595390 150.929214478 0.085282385 0.996336281 0.006386341 -0.725490749 -0.959958792 0.083881892 -0.267288148 2.262550354
-0.271957427 0.016945019 0.962159991 152.982620239 0.084777787 0.996379256 0.006415027 -0.725219786 -0.958567619 0.083314396 -0.272409320 1.702812195
-0.276558042 0.016156400 0.960861385 155.030410767 0.084645361 0.996381998 0.007609216 -0.733732700 -0.957262158 0.083436839 -0.276925057 1.124847412
-0.281398416 0.016091436 0.959456086 157.089294434 0.085315265 0.996319354 0.008312378 -0.733851075 -0.955790818 0.084195338 -0.281735480 0.542106628
-0.285947412 0.016824124 0.958097577 159.174926758 0.085804000 0.996279001 0.008113907 -0.733533502 -0.954396009 0.084528774 -0.286327034 -0.056964874
-0.289808750 0.018080089 0.956913710 161.240463257 0.086167470 0.996254146 0.007273093 -0.730946779 -0.953197777 0.084562644 -0.290281057 -0.672409058
-0.293727338 0.019440208 0.955691576 163.306518555 0.085912235 0.996283710 0.006138805 -0.736688435 -0.952020586 0.083908729 -0.294305891 -1.295932770
-0.297422111 0.020883843 0.954517663 165.389038086 0.087033920 0.996191144 0.005323640 -0.739842355 -0.950770855 0.084658779 -0.298106879 -1.929649353
-0.300972819 0.021498820 0.953390360 167.476867676 0.086352818 0.996253073 0.004795079 -0.744486809 -0.949715137 0.083771124 -0.301701546 -2.577510834
-0.304738849 0.021522278 0.952192664 169.573745728 0.086755201 0.996215761 0.005247718 -0.751811326 -0.948476553 0.084206834 -0.305452794 -3.238269806
-0.308812648 0.021854041 0.950871706 171.661254883 0.086465828 0.996241331 0.005184546 -0.753623366 -0.947184622 0.083818965 -0.309541494 -3.901420593
-0.312911808 0.022890978 0.949506223 173.755126953 0.088807605 0.996034861 0.005254026 -0.759021640 -0.945621192 0.085967414 -0.313703954 -4.589363098
-0.315904945 0.023233900 0.948506355 175.850341797 0.090934619 0.995839417 0.005892907 -0.760958135 -0.944423079 0.088113666 -0.316703379 -5.291748047
-0.318315089 0.022961387 0.947706878 177.915893555 0.092164233 0.995720327 0.006831381 -0.764707446 -0.943494201 0.089519218 -0.319069028 -5.984466553
-0.321204752 0.022631053 0.946739316 180.003906250 0.091585241 0.995770693 0.007269449 -0.759811878 -0.942570686 0.089042336 -0.321918905 -6.686786652
-0.324439079 0.023116222 0.945624232 182.125656128 0.090837091 0.995842397 0.006821940 -0.764438152 -0.941534877 0.088111065 -0.325190037 -7.406021118
-0.326825291 0.025487933 0.944741011 184.217361450 0.090650938 0.995872617 0.004492535 -0.765470564 -0.940727174 0.087109938 -0.327786863 -8.131381989
-0.330188185 0.027463997 0.943515420 186.335891724 0.090169005 0.995923162 0.002565628 -0.769852042 -0.939598501 0.085922994 -0.331318438 -8.862030029
-0.333429933 0.028066725 0.942356944 188.461364746 0.089184813 0.996013284 0.001891063 -0.787846923 -0.938547194 0.084674500 -0.334603697 -9.607238770
-0.336981386 0.029387228 0.941052556 190.623840332 0.087564833 0.996158779 0.000247991 -0.792645633 -0.937430501 0.082486674 -0.338260323 -10.366542816
-0.339939654 0.029839611 0.939973712 192.749572754 0.088750407 0.996053636 0.000476528 -0.807102144 -0.936250091 0.083585046 -0.341246486 -11.150428772
-0.344522178 0.028582696 0.938342929 194.928298950 0.087742046 0.996141493 0.001872102 -0.820376396 -0.934668839 0.082977109 -0.345700800 -11.924175262
-0.347871244 0.028255286 0.937116444 197.081817627 0.088036455 0.996113658 0.002646285 -0.832012594 -0.933399796 0.083420984 -0.349006832 -12.723819733
-0.351418316 0.028352235 0.935789049 199.230636597 0.088098593 0.996107459 0.002904064 -0.837976635 -0.932064176 0.083462246 -0.352548301 -13.531009674
-0.355267555 0.028605530 0.934326887 201.387130737 0.087302797 0.996178091 0.002696745 -0.851249039 -0.930678904 0.082527407 -0.356407046 -14.336605072
-0.358823866 0.028974883 0.932955503 203.550354004 0.086500369 0.996249020 0.002328287 -0.868351996 -0.929388583 0.081536435 -0.359984219 -15.168018341
-0.362503946 0.029413640 0.931517959 205.722244263 0.085775211 0.996312678 0.001920155 -0.882560551 -0.928026676 0.080597199 -0.363690168 -15.986896515
-0.365323007 0.029991798 0.930397451 207.846008301 0.087304398 0.996179342 0.002167999 -0.905212700 -0.926777780 0.082019813 -0.366545677 -16.822437286
-0.367693484 0.029934406 0.929465175 209.989807129 0.088259339 0.996093512 0.002834867 -0.919431865 -0.925749302 0.083076328 -0.368899018 -17.670833588
-0.370249331 0.029584302 0.928461134 212.165924072 0.090113737 0.995922625 0.004201449 -0.933034480 -0.924551189 0.085222691 -0.371405602 -18.544956207
-0.373058051 0.030523472 0.927305698 214.350738525 0.091265321 0.995818853 0.003937665 -0.943095684 -0.923308372 0.086099833 -0.374283999 -19.421421051
-0.375795782 0.031795904 0.926156878 216.542068481 0.091812514 0.995771587 0.003067838 -0.956224501 -0.922143161 0.086185671 -0.377126038 -20.307929993
-0.378605068 0.031715360 0.925014675 218.718933105 0.090830050 0.995861709 0.003031964 -0.971002579 -0.921090722 0.085167065 -0.379919052 -21.191692352
-0.381691128 0.032862335 0.923705578 220.892181396 0.090483770 0.995895922 0.001958831 -0.990744948 -0.919850230 0.084328011 -0.383098155 -22.082435608
-0.384016037 0.033847500 0.922705829 223.061279297 0.090298787 0.995914161 0.001047975 -1.008844018 -0.918900251 0.083721645 -0.385503381 -22.989482880
-0.386762291 0.033993259 0.921552598 225.235778809 0.088131316 0.996108830 0.000244034 -1.026336193 -0.917958498 0.081312031 -0.388253242 -23.887752533
-0.389879704 0.035300799 0.920189083 227.401672363 0.089369655 0.995998442 -0.000343532 -1.044708252 -0.916518927 0.082103044 -0.391474456 -24.795383453
-0.392503053 0.034761406 0.919093490 229.552795410 0.090492785 0.995896637 0.000979148 -1.068590641 -0.915288150 0.083555661 -0.394038081 -25.711708069
-0.395318031 0.033578865 0.917930305 231.718902588 0.090664506 0.995877981 0.002615522 -1.092456341 -0.914058864 0.084257670 -0.396733016 -26.637413025
-0.398681641 0.033405062 0.916480780 233.838745117 0.089665368 0.995968282 0.002703337 -1.108342171 -0.912695408 0.083254367 -0.400069505 -27.544811249
-0.401639491 0.033449847 0.915186763 235.961776733 0.088296428 0.996091485 0.002342938 -1.129233003 -0.911531389 0.081748754 -0.403023243 -28.472949982
-0.405385196 0.033004906 0.913549960 238.149551392 0.086728230 0.996228874 0.002493468 -1.143002272 -0.910022557 0.080241404 -0.406718910 -29.429832458
-0.408768624 0.032816622 0.912047863 240.302444458 0.086400352 0.996256351 0.002877034 -1.159949064 -0.908539057 0.079977296 -0.410073698 -30.382148743
-0.412296444 0.032662820 0.910463929 242.444946289 0.086062372 0.996284485 0.003231046 -1.187728286 -0.906975687 0.079688840 -0.413575709 -31.349655151
-0.415869445 0.032569177 0.908840954 244.591583252 0.085736938 0.996311486 0.003527933 -1.204910517 -0.905373752 0.079388417 -0.417127877 -32.323875427
-0.419908017 0.031952694 0.907003999 246.754913330 0.084433347 0.996421158 0.003986646 -1.221302271 -0.903630614 0.078255408 -0.421103150 -33.303474426
-0.423849404 0.032261450 0.905157924 248.879760742 0.083890148 0.996467888 0.003766504 -1.231369019 -0.901839316 0.077530243 -0.425058752 -34.285522461
-0.427629471 0.032998398 0.903351605 251.032394409 0.084295020 0.996434689 0.003505049 -1.253514051 -0.900015116 0.077646911 -0.428886473 -35.289718628
-0.431084484 0.033432726 0.901692092 253.126281738 0.084722593 0.996398211 0.003560304 -1.275972366 -0.898325145 0.077928483 -0.432364434 -36.277053833
-0.434473068 0.033464469 0.900062859 255.268035889 0.084631957 0.996405005 0.003806555 -1.289583206 -0.896699846 0.077827930 -0.435743272 -37.301330566
-0.438417584 0.033827674 0.898134470 257.390625000 0.083469652 0.996505141 0.003212337 -1.306249857 -0.894887030 0.076375328 -0.439709008 -38.317817688
-0.441977739 0.033935815 0.896383762 259.496337891 0.083409838 0.996509552 0.003400255 -1.325722218 -0.893139660 0.076270066 -0.443265647 -39.346405029
-0.445528239 0.034584302 0.894599617 261.620147705 0.084011555 0.996459186 0.003317325 -1.332492113 -0.891317368 0.076634675 -0.446856230 -40.395820618
-0.448991835 0.035765450 0.892819762 263.738372803 0.085234188 0.996356726 0.002950564 -1.344865561 -0.889461339 0.077423535 -0.450404465 -41.452919006
-0.452738285 0.037571892 0.890851498 265.874511719 0.087242976 0.996184349 0.002323287 -1.357626915 -0.887365043 0.078772373 -0.454288691 -42.532943726
-0.455822825 0.038301378 0.889246106 268.010406494 0.088700265 0.996055067 0.002565450 -1.375115275 -0.885639787 0.080045737 -0.457421899 -43.624710083
-0.458740413 0.040470950 0.887648165 270.134429932 0.090791672 0.995868683 0.001516432 -1.384479642 -0.883919716 0.081286706 -0.460519731 -44.723220825
-0.461351752 0.043017950 0.886173844 272.266143799 0.092456535 0.995716691 -0.000201660 -1.400336027 -0.882386744 0.081839547 -0.463352859 -45.827919006
-0.464887261 0.043485321 0.884301364 274.413177490 0.092837937 0.995681226 -0.000156444 -1.415122390 -0.880489051 0.082023986 -0.466916591 -46.919418335
-0.467936963 0.044582631 0.882636607 276.571960449 0.093401477 0.995628357 -0.000772365 -1.435030103 -0.878812373 0.082078151 -0.470055342 -48.045860291
-0.471526444 0.044517536 0.880727589 278.734649658 0.092449732 0.995716929 -0.000833828 -1.446592927 -0.876992524 0.081029847 -0.473622471 -49.188850403
-0.474736065 0.046056557 0.878922343 280.899017334 0.093646638 0.995604157 -0.001589070 -1.463864326 -0.875131965 0.081553742 -0.476962298 -50.344078064
-0.477373838 0.046177980 0.877485991 283.045562744 0.092942104 0.995669961 -0.001834670 -1.480270028 -0.873771131 0.080679573 -0.479598641 -51.517280579
-0.480051696 0.045627013 0.876052976 285.198333740 0.091298059 0.995821834 -0.001836180 -1.502486944 -0.872476399 0.079100475 -0.482211649 -52.689636230
-0.482238501 0.047132671 0.874771118 287.354003906 0.093380228 0.995628178 -0.002166382 -1.509266973 -0.871048808 0.080641590 -0.484531462 -53.878417969
-0.484244257 0.046971641 0.873670995 289.537597656 0.095144346 0.995463192 -0.000784547 -1.535702467 -0.869744241 0.082744949 -0.486516386 -55.074623108
-0.486765504 0.047192715 0.872256935 291.735015869 0.095853664 0.995395362 -0.000363566 -1.544554114 -0.868257582 0.083432071 -0.489047825 -56.290367126
-0.487793237 0.046652243 0.871711731 293.889465332 0.095705152 0.995409608 0.000282466 -1.560192823 -0.867697120 0.083565079 -0.490018994 -57.501129150
-0.490541726 0.045984924 0.870203435 296.108703613 0.094845228 0.995491683 0.000859496 -1.562908173 -0.866240740 0.082956262 -0.492691666 -58.727416992
-0.493035138 0.046790294 0.868750393 298.332885742 0.096839674 0.995299220 0.001352542 -1.565983772 -0.864603043 0.084796317 -0.495248646 -59.987709045
-0.495190948 0.046718597 0.867527068 300.544891357 0.096960008 0.995286763 0.001746718 -1.568066120 -0.863356531 0.084980398 -0.497386932 -61.252120972
-0.497271717 0.047019392 0.866319835 302.752410889 0.096289322 0.995352626 0.001247903 -1.587885141 -0.862235010 0.084037878 -0.499488175 -62.509140015
-0.499768525 0.049627725 0.864736080 304.961120605 0.095827900 0.995396376 -0.001743279 -1.593383789 -0.860841691 0.081994623 -0.502223551 -63.776603699
-0.503288329 0.048527084 0.862754643 307.179107666 0.094023421 0.995569348 -0.001148841 -1.614101410 -0.858987927 0.080540970 -0.505621254 -65.056999207
-0.507779360 0.046517443 0.860230267 309.376464844 0.091668405 0.995789468 0.000262404 -1.632189989 -0.856596172 0.078989178 -0.509905517 -66.325614929
-0.513201237 0.044057187 0.857136786 311.602142334 0.089232691 0.996008217 0.002231852 -1.645169973 -0.853617013 0.077630006 -0.515084028 -67.619689941
-0.517897606 0.042909950 0.854365885 313.822387695 0.088154860 0.996100962 0.003409019 -1.652655602 -0.850888252 0.077082016 -0.519661069 -68.945930481
-0.523004234 0.042839721 0.851252794 316.083068848 0.088216931 0.996092975 0.004071022 -1.657275915 -0.847752512 0.077224053 -0.524740040 -70.296325684
-0.527449250 0.045079652 0.848389745 318.327880859 0.091505267 0.995796502 0.003977218 -1.662370324 -0.844644368 0.079729892 -0.529357195 -71.681213379
-0.531282485 0.045724839 0.845959902 320.580139160 0.092167608 0.995735228 0.004063085 -1.667678833 -0.842166305 0.080128729 -0.533231020 -73.095901489
-0.535552323 0.045905102 0.843253314 322.823028564 0.092850387 0.995668650 0.004767240 -1.673827648 -0.839382052 0.080849513 -0.537495196 -74.503601074
-0.539446473 0.044626653 0.840836465 325.029968262 0.093658656 0.995577991 0.007248159 -1.688754320 -0.836794794 0.082661629 -0.541240692 -75.930557251
-0.543457150 0.042542767 0.838358164 327.243743896 0.091288298 0.995786905 0.008645168 -1.688792467 -0.834458351 0.081230558 -0.545051217 -77.349998474
-0.547385812 0.042286880 0.835811317 329.446868896 0.090551428 0.995851815 0.008919591 -1.694269657 -0.831967056 0.080566369 -0.548944294 -78.772964478
-0.551490366 0.041971996 0.833124697 331.647216797 0.090376802 0.995860755 0.009654811 -1.693915129 -0.829271019 0.080619693 -0.553000927 -80.216850281
-0.554891586 0.042276688 0.830847681 333.841033936 0.091483854 0.995751858 0.010430961 -1.690364599 -0.826877177 0.081797197 -0.556402028 -81.676780701
-0.559510529 0.041584734 0.827779412 336.066497803 0.091642149 0.995720625 0.011921011 -1.685157061 -0.823741317 0.082529411 -0.560927093 -83.155509949
-0.562889874 0.040521331 0.825537980 338.291412354 0.090307094 0.995833039 0.012695301 -1.680337429 -0.821583569 0.081697986 -0.564203739 -84.664894104
-0.566174805 0.039876226 0.823320150 340.510864258 0.090281606 0.995819926 0.013853216 -1.668721676 -0.819326282 0.082174011 -0.567408204 -86.180091858
-0.568414986 0.039592110 0.821788788 342.702209473 0.091239035 0.995713890 0.015136759 -1.659184456 -0.817667305 0.083583176 -0.569591105 -87.692871094
-0.570948541 0.038740925 0.820071161 344.912109375 0.088834062 0.995936453 0.014798927 -1.647229195 -0.816165626 0.081299663 -0.572070122 -89.233329773
-0.573863626 0.038098142 0.818064213 347.069335938 0.085342951 0.996260524 0.013470247 -1.634117603 -0.814491928 0.077546090 -0.574969113 -90.729423523
-0.577146292 0.037473634 0.815780461 349.243896484 0.082061186 0.996551573 0.012278920 -1.622427464 -0.812507272 0.074030660 -0.578231156 -92.234130859
-0.579926908 0.034730416 0.813927829 351.403167725 0.080103405 0.996680379 0.014545512 -1.619840622 -0.810720801 0.073633723 -0.580783844 -93.763648987
-0.583360493 0.034253515 0.811490715 353.579956055 0.080641411 0.996616244 0.015903343 -1.603004456 -0.808200061 0.074717134 -0.584148884 -95.297973633
-0.586585701 0.034469906 0.809153259 355.762634277 0.079884931 0.996684313 0.015452878 -1.586305141 -0.805937707 0.073703587 -0.587394416 -96.856391907
-0.589526296 0.033320677 0.807061672 357.956665039 0.078215681 0.996808350 0.015978793 -1.578756332 -0.803953409 0.072544783 -0.590250909 -98.429183960
-0.592881203 0.029589556 0.804746151 360.142944336 0.075596303 0.996956706 0.019037213 -1.560824394 -0.801733792 0.072122626 -0.593313754 -100.007331848
-0.596212745 0.027311133 0.802361727 362.328887939 0.073110409 0.997115493 0.020386081 -1.532000542 -0.799490571 0.070815437 -0.596489668 -101.596687317
-0.599339247 0.026527504 0.800055444 364.526031494 0.071722716 0.997210562 0.020664480 -1.501304150 -0.797275603 0.069767170 -0.599570036 -103.208656311
-0.602738202 0.026643464 0.797494173 366.689819336 0.071467608 0.997228146 0.020698139 -1.480397701 -0.794732034 0.069470555 -0.602971554 -104.804428101
-0.605256259 0.026078211 0.795603454 368.836364746 0.071208104 0.997230113 0.021484541 -1.457655907 -0.792839348 0.069657065 -0.605436683 -106.411727905
-0.609019876 0.024884710 0.792764485 370.986297607 0.070439681 0.997255206 0.022809744 -1.436655045 -0.790020883 0.069733672 -0.609101117 -108.016716003
-0.612016499 0.023676218 0.790490508 373.135955811 0.067543618 0.997464299 0.022418516 -1.410402298 -0.787955344 0.067113094 -0.612063885 -109.646682739
-0.615410030 0.020171199 0.787949026 375.283966064 0.057669196 0.998145521 0.019489089 -1.387611389 -0.786094666 0.057434164 -0.615431964 -111.280334473
-0.619229913 0.022764932 0.784879684 377.433715820 0.050292730 0.998677075 0.010712399 -1.378674984 -0.783597469 0.046107173 -0.619555593 -112.916053772
-0.621930242 0.032999735 0.782377124 379.559875488 0.060420044 0.998155534 0.005928314 -1.381718636 -0.780738235 0.050958257 -0.622776806 -114.587379456
-0.622941911 0.034379456 0.781512260 381.687103271 0.068426050 0.997599244 0.010656947 -1.390017271 -0.779269695 0.060114477 -0.623798847 -116.274330139
-0.624960184 0.025354601 0.780244768 383.811767578 0.067588441 0.997476757 0.021723265 -1.370401382 -0.777725279 0.066311702 -0.625096917 -117.962913513
-0.628350377 0.014448924 0.777796268 385.942901611 0.061128531 0.997653008 0.030850133 -1.325468063 -0.775525033 0.066930242 -0.627758920 -119.638198853
-0.631960809 0.008231537 0.774956644 388.049713135 0.054967582 0.997901380 0.034225266 -1.269084930 -0.773048580 0.064226493 -0.631087065 -121.304641724
-0.634302676 0.007952200 0.773043931 390.132995605 0.053811233 0.997975886 0.033887476 -1.206552505 -0.771209776 0.063093349 -0.633446693 -122.988052368
-0.636949182 0.013144414 0.770793736 392.183166504 0.059515167 0.997708976 0.032166619 -1.163994789 -0.768605053 0.066362418 -0.636272192 -124.672950745
-0.639116287 0.019303663 0.768867850 394.222747803 0.063709676 0.997578025 0.027912455 -1.115847588 -0.766466796 0.066823624 -0.638798237 -126.345909119
-0.641390443 0.022451395 0.766885996 396.224731445 0.064838454 0.997582138 0.025022835 -1.077740669 -0.764469802 0.065773107 -0.641295314 -128.000320435
-0.644423127 0.022125732 0.764348984 398.306457520 0.064269893 0.997611642 0.025307959 -1.037232399 -0.761963308 0.065433651 -0.644305944 -129.724945068
-0.647208452 0.022053359 0.761994004 400.353027344 0.065599121 0.997484803 0.026848529 -0.998085976 -0.759485364 0.067362733 -0.647027254 -131.444824219
-0.649616778 0.021547046 0.759956419 402.404998779 0.066438183 0.997382998 0.028513091 -0.951404572 -0.757353306 0.069012702 -0.649348319 -133.186035156
-0.651439905 0.021860100 0.758385241 404.473968506 0.066832483 0.997352540 0.028659735 -0.904299736 -0.755750895 0.069354862 -0.651176214 -134.940795898
-0.652809381 0.021725176 0.757210612 406.522613525 0.066705450 0.997354329 0.028893204 -0.858614922 -0.754579544 0.069371827 -0.652531445 -136.689758301
-0.654340088 0.022518041 0.755864978 408.597839355 0.067599438 0.997296512 0.028809184 -0.812142372 -0.753172874 0.069947056 -0.654093266 -138.447845459
-0.655493796 0.021856965 0.754884183 410.619262695 0.068776205 0.997155011 0.030849237 -0.764205933 -0.752062261 0.072139546 -0.655132234 -140.191345215
-0.656750262 0.021219697 0.753809512 412.665832520 0.070680864 0.996935725 0.033516426 -0.713456154 -0.750788450 0.075291820 -0.656237662 -141.953231812
-0.658368230 0.020904621 0.752405584 414.708740234 0.072275043 0.996750951 0.035548508 -0.654749870 -0.749217868 0.077784158 -0.657740176 -143.713088989
-0.659759820 0.021123573 0.751179576 416.729309082 0.070820704 0.996903658 0.034168243 -0.591292381 -0.748131990 0.075741902 -0.659212887 -145.470184326
-0.661614120 0.021067316 0.749548435 418.741882324 0.066887662 0.997278512 0.031010473 -0.536849976 -0.746855199 0.070652515 -0.661222696 -147.215499878
-0.662793696 0.020752797 0.748514414 420.741546631 0.064449042 0.997487366 0.029412609 -0.485912323 -0.746023357 0.067735523 -0.662465870 -148.969894409
-0.663791835 0.019966161 0.747650802 422.746032715 0.063925512 0.997500062 0.030116990 -0.439580917 -0.745180368 0.067785375 -0.663408816 -150.724716187
-0.664795220 0.018532626 0.746795774 424.673828125 0.061356593 0.997669041 0.029861093 -0.393467903 -0.744501770 0.065672353 -0.664382696 -152.438796997
-0.665354192 0.017365532 0.746325791 426.680755615 0.058290817 0.997885644 0.028747804 -0.344355583 -0.744248629 0.062631428 -0.664959550 -154.214828491
-0.666120052 0.016230406 0.745667875 428.678161621 0.057222851 0.997928560 0.029397151 -0.303479195 -0.743646145 0.062251277 -0.665668964 -155.976531982
-0.666694164 0.015428435 0.745171666 430.643615723 0.058072690 0.997821629 0.031297356 -0.251550674 -0.743065596 0.064139888 -0.666137874 -157.724243164
-0.666787028 0.014533403 0.745106578 432.622985840 0.060679950 0.997548878 0.034844454 -0.193484306 -0.742773890 0.068446860 -0.666034520 -159.484619141
-0.666574121 0.013524583 0.745316088 434.623352051 0.065189958 0.997062385 0.040209882 -0.123847961 -0.742582798 0.075389996 -0.665497482 -161.247207642
-0.665116668 0.012589628 0.746633291 436.626770020 0.068609633 0.996658921 0.044313379 -0.043210983 -0.743580878 0.080699801 -0.663758278 -163.022460938
-0.663952529 0.009895187 0.747709274 438.616333008 0.062806584 0.997117162 0.042575274 0.034437180 -0.745132446 0.075229026 -0.662659943 -164.753234863
-0.663419187 0.009054777 0.748193085 440.616241455 0.055504031 0.997767448 0.037139963 0.108602524 -0.746186495 0.066167101 -0.662440598 -166.486145020
-0.661488771 0.006835191 0.749923825 442.620025635 0.050572991 0.998088777 0.035512067 0.174901962 -0.748247921 0.061416727 -0.660570383 -168.242752075
-0.659490645 0.006916333 0.751680970 444.638305664 0.049035799 0.998223841 0.033836961 0.234999657 -0.750111699 0.059174437 -0.658658326 -169.985992432
-0.656715930 0.007770671 0.754097998 446.644561768 0.051157091 0.998102605 0.034265779 0.296252251 -0.752400935 0.061080348 -0.655867398 -171.729797363
-0.654241383 0.007461928 0.756249130 448.647796631 0.051656477 0.998056889 0.034840856 0.354904175 -0.754519582 0.061859500 -0.653355479 -173.439392090
-0.651597440 0.008325134 0.758519113 450.643981934 0.049255971 0.998293877 0.031356007 0.411455154 -0.756964087 0.057793099 -0.650895953 -175.138549805
-0.649565578 0.003244970 0.760298729 452.667602539 0.042245246 0.998600245 0.031830415 0.467719078 -0.759131014 0.052794963 -0.648793101 -176.857788086
-0.648661733 -0.003388813 0.761069298 454.690124512 0.033241283 0.998909652 0.032779489 0.514513016 -0.760350585 0.046561722 -0.647841811 -178.539703369
-0.648138344 -0.006616897 0.761493862 456.724975586 0.026383406 0.999166965 0.031138109 0.566546440 -0.761065423 0.040272605 -0.647423744 -180.231460571
-0.647718430 -0.007273826 0.761844993 458.758148193 0.024238836 0.999251425 0.030148299 0.617656708 -0.761493921 0.037993848 -0.647057414 -181.927719116
-0.646631598 -0.007197689 0.762768328 460.787536621 0.026287219 0.999151289 0.031713072 0.667819977 -0.762349367 0.040557742 -0.645893753 -183.627151489
-0.644863486 -0.008566893 0.764249742 462.821441650 0.027637552 0.999021828 0.034518775 0.718969345 -0.763797939 0.043381885 -0.643995941 -185.322906494
-0.643658340 -0.010191251 0.765245020 464.826019287 0.026611295 0.999008656 0.035687562 0.787784576 -0.764850020 0.043334756 -0.642749131 -186.991149902
-0.642295420 -0.010583358 0.766384244 466.872070312 0.024569921 0.999106407 0.034388822 0.849424362 -0.766063273 0.040917765 -0.641461551 -188.679794312
-0.641146004 -0.009564479 0.767359316 468.906188965 0.023233609 0.999222040 0.031866651 0.912149429 -0.767067134 0.038259704 -0.640425026 -190.353866577
-0.639924526 -0.007992356 0.768396199 470.958496094 0.024105018 0.999245167 0.030468289 0.961380959 -0.768059611 0.038019616 -0.639248788 -192.043182373
-0.638884783 -0.008055926 0.769260168 472.971618652 0.025588550 0.999169469 0.031715371 1.006661415 -0.768876612 0.039946731 -0.638148010 -193.698181152
