1.000000000 0.000000000 0.000000000 0.000000000 0.000000000 1.000000000 0.000000000 0.000000000 0.000000000 0.000000000 1.000000000 0.000000000
0.999996006 -0.002418924 -0.001442603 -0.006420238 0.002423121 0.999992788 0.002915119 -0.015834514 0.001435542 -0.002918603 0.999994636 1.523362637
0.999991298 -0.002907902 -0.002976100 -0.009206133 0.002919339 0.999988317 0.003846028 -0.035278480 0.002964882 -0.003854684 0.999988198 3.041426182
0.999988794 -0.001880119 -0.004345819 -0.025908148 0.001895291 0.999992132 0.003489629 -0.049053021 0.004339223 -0.003497827 0.999984443 4.553299904
0.999981463 -0.001168502 -0.005970759 -0.037704241 0.001189427 0.999993145 0.003502399 -0.066690400 0.005966625 -0.003509436 0.999976039 6.051594257
0.999970257 -0.001422930 -0.007582502 -0.052278217 0.001449497 0.999992847 0.003499476 -0.076882571 0.007577468 -0.003510362 0.999965131 7.552010059
0.999956250 -0.001761500 -0.009189106 -0.073369220 0.001799576 0.999989808 0.004136925 -0.095821798 0.009181725 -0.004153279 0.999949217 9.047318459
0.999932349 -0.003479647 -0.011102153 -0.093327880 0.003514339 0.999988914 0.003106769 -0.107448459 0.011091221 -0.003145576 0.999933541 10.546458244
0.999916017 -0.004506186 -0.012145780 -0.118039563 0.004548648 0.999983609 0.003470745 -0.122610115 0.012129942 -0.003525701 0.999920130 12.024386406
0.999900460 -0.004189684 -0.013471792 -0.142149985 0.004235036 0.999985456 0.003339691 -0.136080503 0.013457604 -0.003396412 0.999903619 13.509552956
0.999885440 -0.003842661 -0.014641196 -0.172913045 0.003892506 0.999986768 0.003377536 -0.151474118 0.014628021 -0.003434140 0.999887109 14.994498253
0.999878168 -0.002500327 -0.015402769 -0.196982846 0.002563618 0.999988437 0.004090711 -0.170544088 0.015392360 -0.004129702 0.999872983 16.447431564
0.999873042 -0.001489365 -0.015859338 -0.232652992 0.001562211 0.999988258 0.004581853 -0.182146728 0.015852328 -0.004606047 0.999863684 17.921081543
0.999861300 -0.000295428 -0.016647583 -0.257566571 0.000392056 0.999983072 0.005801332 -0.201563984 0.016645582 -0.005807055 0.999844611 19.388202667
0.999856532 -0.000252687 -0.016935272 -0.291776180 0.000346455 0.999984622 0.005534140 -0.208289236 0.016933613 -0.005539214 0.999841273 20.852830887
0.999844313 0.000780943 -0.017624307 -0.322309315 -0.000682677 0.999984205 0.005580896 -0.217191607 0.017628385 -0.005567997 0.999829113 22.315412521
0.999845088 0.001028692 -0.017567996 -0.356652498 -0.000919672 0.999980271 0.006212552 -0.234800369 0.017574044 -0.006195433 0.999826312 23.765617371
0.999846995 0.002040602 -0.017370621 -0.391942680 -0.001912678 0.999970973 0.007377728 -0.244388506 0.017385166 -0.007343374 0.999821901 25.203865051
0.999844015 0.002096810 -0.017533934 -0.417907566 -0.001989312 0.999979079 0.006146012 -0.256744087 0.017546458 -0.006110174 0.999827385 26.646732330
0.999839246 0.002689539 -0.017727062 -0.451117754 -0.002617158 0.999988079 0.004105034 -0.264818013 0.017737892 -0.004057980 0.999834538 28.078128815
0.999855042 0.001063445 -0.016992155 -0.486543685 -0.000998938 0.999992251 0.003804307 -0.278785467 0.016996067 -0.003786782 0.999848306 29.510824203
0.999857605 -0.000353142 -0.016866399 -0.511188328 0.000463940 0.999978364 0.006565685 -0.294281602 0.016863713 -0.006572577 0.999836147 30.913814545
0.999859810 -0.001541486 -0.016669478 -0.546556234 0.001670639 0.999968648 0.007736789 -0.304737270 0.016657032 -0.007763553 0.999831140 32.332481384
0.999861598 -0.002139971 -0.016494051 -0.575858295 0.002256312 0.999972701 0.007038146 -0.313423097 0.016478540 -0.007074387 0.999839187 33.730636597
0.999873161 -0.002049390 -0.015794786 -0.607776225 0.002132382 0.999984026 0.005239351 -0.327962577 0.015783796 -0.005272367 0.999861538 35.119625092
0.999885499 -0.000542825 -0.015126969 -0.640321374 0.000611031 0.999989688 0.004504679 -0.342014015 0.015124368 -0.004513406 0.999875486 36.470321655
0.999893188 -0.000688169 -0.014600737 -0.663669586 0.000740991 0.999993205 0.003612681 -0.360897422 0.014598153 -0.003623114 0.999886811 37.834686279
0.999911189 -0.000348798 -0.013327733 -0.687523842 0.000412351 0.999988556 0.004766005 -0.377642035 0.013325917 -0.004771078 0.999899745 39.164764404
0.999929607 0.000178003 -0.011857550 -0.711507022 -0.000097445 0.999976873 0.006794044 -0.394676298 0.011858485 -0.006792411 0.999906600 40.493282318
0.999948144 0.000152832 -0.010179559 -0.732070327 -0.000075464 0.999971092 0.007600197 -0.404854029 0.010180426 -0.007599035 0.999919355 41.782558441
0.999968827 0.000223218 -0.007891106 -0.743339062 -0.000155347 0.999962926 0.008600532 -0.425427198 0.007892734 -0.008599038 0.999931812 43.066478729
0.999989808 -0.000090182 -0.004504493 -0.758982420 0.000125781 0.999968767 0.007903354 -0.435870498 0.004503638 -0.007903840 0.999958575 44.332805634
0.999999285 -0.000875041 -0.000793615 -0.771126032 0.000879850 0.999981165 0.006079524 -0.449930578 0.000788279 -0.006080219 0.999981105 45.579368591
0.999995530 -0.001209698 0.002739077 -0.773429930 0.001197279 0.999989033 0.004531311 -0.464487761 -0.002744529 -0.004528012 0.999985993 46.815097809
0.999978840 -0.000564564 0.006474755 -0.767635405 0.000530453 0.999985993 0.005268815 -0.479877532 -0.006477639 -0.005265269 0.999965131 48.025699615
0.999925137 -0.000808984 0.012210305 -0.763533354 0.000746672 0.999986649 0.005106964 -0.491285652 -0.012214273 -0.005097465 0.999912381 49.251544952
0.999827206 0.000874054 0.018570103 -0.751732051 -0.000946931 0.999991894 0.003915991 -0.499574125 -0.018566528 -0.003932899 0.999819815 50.448562622
0.999663889 0.002274798 0.025821505 -0.724699259 -0.002376857 0.999989450 0.003922458 -0.514088869 -0.025812307 -0.003982514 0.999658883 51.663230896
0.999407828 0.003256147 0.034254901 -0.687609076 -0.003429832 0.999981582 0.005012816 -0.527844429 -0.034237955 -0.005127335 0.999400556 52.832141876
0.998977959 0.005662018 0.044845283 -0.642512083 -0.005921057 0.999966621 0.005645553 -0.538816571 -0.044811819 -0.005905313 0.998978019 54.008678436
0.998323560 0.007679892 0.057368215 -0.591412544 -0.008016151 0.999952018 0.005633582 -0.553858757 -0.057322197 -0.006084010 0.998337209 55.130722046
0.997350276 0.009487506 0.072127104 -0.518219948 -0.009952182 0.999931991 0.006085801 -0.564893365 -0.072064459 -0.006787498 0.997376859 56.264602661
0.995981336 0.012100468 0.088741168 -0.437678814 -0.012806180 0.999890625 0.007387416 -0.577297628 -0.088642068 -0.008494162 0.996027350 57.399589539
0.994259715 0.012354346 0.106277823 -0.326613426 -0.013271536 0.999880433 0.007927191 -0.585247338 -0.106167182 -0.009292159 0.994304895 58.504840851
0.992001951 0.012306033 0.125620767 -0.200505257 -0.013344190 0.999883413 0.007426055 -0.598889649 -0.125514716 -0.009042971 0.992050529 59.595333099
0.989239454 0.011540152 0.145849049 -0.041308403 -0.012586772 0.999901295 0.006255252 -0.600583076 -0.145762429 -0.008023711 0.989287078 60.696895599
0.985963106 0.008352024 0.166754231 0.127926826 -0.009530507 0.999934852 0.006268186 -0.619048417 -0.166691005 -0.007769452 0.985978484 61.732185364
0.982102215 0.003324228 0.188319594 0.327982903 -0.005024107 0.999950767 0.008549943 -0.628222167 -0.188281879 -0.009343055 0.982070565 62.769737244
0.977401972 -0.002160352 0.211377963 0.554114342 0.000103423 0.999952555 0.009741623 -0.634590507 -0.211388960 -0.009499621 0.977355838 63.809329987
0.971997559 -0.007319313 0.234876812 0.806778908 0.005317655 0.999943972 0.009154394 -0.643008411 -0.234930664 -0.007649056 0.971982002 64.819740295
0.965471506 -0.013399967 0.260164291 1.080861092 0.011868490 0.999901772 0.007456691 -0.653018296 -0.260238647 -0.004111466 0.965535522 65.816566467
0.957989633 -0.017217340 0.286285639 1.380697250 0.015513565 0.999845862 0.008218533 -0.656341791 -0.286383003 -0.003431959 0.958109140 66.792030334
0.949451685 -0.019297166 0.313319713 1.698604584 0.016829522 0.999802411 0.010578763 -0.666376650 -0.313461959 -0.004771003 0.949588776 67.756706238
0.939688623 -0.023886511 0.341195852 2.037052155 0.020518763 0.999698639 0.013476311 -0.672273517 -0.341414928 -0.005662620 0.939895570 68.694168091
0.928712785 -0.027222389 0.369799048 2.409616470 0.023989029 0.999623239 0.013340237 -0.678497493 -0.370022923 -0.003518129 0.929015934 69.612449646
0.916670978 -0.026355593 0.398772806 2.798093796 0.024613729 0.999652028 0.009488439 -0.684424579 -0.398884118 0.001117509 0.917000651 70.508682251
0.903669417 -0.027660854 0.427336574 3.222089767 0.028636662 0.999581337 0.004144744 -0.687304437 -0.427272290 0.008492013 0.904083133 71.381652832
0.889517784 -0.029221211 0.455964983 3.669570923 0.031876165 0.999490082 0.001868315 -0.695508718 -0.455787092 0.012872520 0.889995754 72.237724304
0.873637021 -0.029932095 0.485656559 4.135877609 0.031457674 0.999492526 0.005012412 -0.701476336 -0.485560149 0.010898599 0.874135375 73.078460693
0.856150329 -0.028994495 0.515912712 4.636285782 0.027222116 0.999568820 0.011001427 -0.713908195 -0.516009271 0.004625361 0.856570542 73.905281067
0.836325109 -0.028973114 0.547467768 5.159790039 0.025105193 0.999578953 0.014548464 -0.716742337 -0.547658861 0.001577037 0.836700261 74.717506409
0.815258265 -0.022844059 0.578646779 5.688173294 0.021034207 0.999730408 0.009832583 -0.722021639 -0.578715384 0.004155281 0.815519035 75.482894897
0.793514192 -0.016160727 0.608337045 6.253768921 0.018342672 0.999828279 0.002634694 -0.725508213 -0.608275235 0.009067860 0.793674350 76.217651367
0.771137476 -0.013420844 0.636527181 6.842636108 0.017291315 0.999850512 0.000133311 -0.727325082 -0.636433721 0.010903590 0.771254241 76.932983398
0.747899771 -0.015757240 0.663624465 7.477668762 0.018264335 0.999828219 0.003156359 -0.731887341 -0.663560271 0.009760020 0.748059154 77.635162354
0.723086357 -0.016767321 0.690554142 8.104717255 0.018687258 0.999814272 0.004708835 -0.756165266 -0.690504849 0.009499667 0.723265409 78.308151245
0.697692275 -0.014552892 0.716249764 8.756656647 0.019120293 0.999815702 0.001689536 -0.761184812 -0.716142356 0.012516128 0.697842002 78.941619873
0.671445787 -0.012613961 0.740946233 9.430137634 0.019254105 0.999814570 -0.000427113 -0.774358511 -0.740803480 0.014553038 0.671564221 79.545410156
0.644452572 -0.010017512 0.764578640 10.134620667 0.017390205 0.999847591 -0.001557951 -0.780179262 -0.764446497 0.014300205 0.644528568 80.150199890
0.616360188 -0.008528620 0.787418187 10.854789734 0.017242908 0.999847770 -0.002667600 -0.793028772 -0.787275612 0.015221581 0.616413355 80.710418701
0.587553144 -0.001958060 0.809183240 11.585380554 0.015761293 0.999834955 -0.009024978 -0.804969490 -0.809032083 0.018056426 0.587487102 81.253067017
0.557558715 0.007434071 0.830104232 12.343219757 0.014497561 0.999720216 -0.018690700 -0.819460571 -0.830011070 0.022455648 0.557294786 81.761726379
0.526690006 0.015873266 0.849909246 13.116901398 0.013478388 0.999544084 -0.027020488 -0.841698110 -0.849950671 0.025686823 0.526235819 82.243530273
0.495049089 0.020767484 0.868616819 13.933319092 0.010696134 0.999492884 -0.029992582 -0.870801210 -0.868799150 0.024138639 0.494575858 82.713119507
0.462331474 0.020127160 0.886478782 14.760290146 0.008955297 0.999585330 -0.027365722 -0.901979625 -0.886661887 0.020590717 0.461959541 83.154251099
0.429442793 0.018994715 0.902894378 15.604202271 0.004236505 0.999725401 -0.023046814 -0.933374763 -0.903084099 0.013722403 0.429244429 83.551971436
0.394708484 0.020386465 0.918580115 16.490295410 -0.000006493 0.999753892 -0.022185201 -0.964358211 -0.918806434 0.008750722 0.394611418 83.960083008
0.359475881 0.023516482 0.932858050 17.363338470 -0.007345017 0.999722719 -0.022371687 -0.991300106 -0.933125496 0.001190223 0.359548986 84.312301636
0.323686451 0.025393395 0.945823669 18.262414932 -0.012242050 0.999668479 -0.022649461 -1.018026710 -0.946085274 -0.004247499 0.323890030 84.624160767
0.287256658 0.024537900 0.957539320 19.193979263 -0.014586117 0.999667943 -0.021241738 -1.050240517 -0.957742572 -0.007864951 0.287519157 84.930801392
0.250915349 0.023947725 0.967712820 20.124263763 -0.015324350 0.999666929 -0.020765083 -1.080927730 -0.967887700 -0.009619294 0.251198739 85.175048828
0.215392008 0.023302084 0.976249635 21.077482224 -0.014562397 0.999680758 -0.020648431 -1.109015226 -0.976419091 -0.009769026 0.215662599 85.374305725
0.179505751 0.022371938 0.983502507 22.050815582 -0.013135229 0.999706686 -0.020343142 -1.135652065 -0.983669221 -0.009266819 0.179747015 85.569129944
0.145199224 0.021447698 0.989169896 23.015537262 -0.004944610 0.999768257 -0.020951681 -1.163934946 -0.989390075 -0.001848890 0.145271629 85.694168091
0.111076914 0.024570890 0.993508041 23.967311859 -0.002791096 0.999697983 -0.024411926 -1.198472261 -0.993807912 -0.000061375 0.111111999 85.799453735
0.078595318 0.029626725 0.996466398 24.973184586 -0.002120709 0.999561012 -0.029551469 -1.233094215 -0.996904373 0.000209392 0.078623652 85.883476257
0.049629129 0.033502724 0.998205721 25.946424484 0.004861505 0.999417305 -0.033785097 -1.266749859 -0.998755872 0.006529507 0.049437337 85.921470642
0.024345376 0.031732950 0.999199808 26.932832718 0.006946997 0.999466538 -0.031910680 -1.304563522 -0.999679565 0.007718315 0.024111923 85.936676025
0.001693584 0.028504016 0.999592245 27.963020325 0.008275717 0.999559045 -0.028517090 -1.345094442 -0.999964237 0.008320640 0.001456946 85.943115234
-0.017205695 0.026144521 0.999510109 28.954343796 0.008406991 0.999626577 -0.026002849 -1.378159165 -0.999816597 0.007955477 -0.017419066 85.925987244
-0.033686303 0.029096419 0.999008775 29.942817688 0.010913485 0.999527156 -0.028743515 -1.419559121 -0.999372780 0.009934403 -0.033987917 85.890037537
-0.048510071 0.033434648 0.998262882 30.968843460 0.012916383 0.999376953 -0.032844294 -1.453429341 -0.998739123 0.011300669 -0.048911698 85.841888428
-0.060425960 0.038837202 0.997416794 31.961856842 0.017006615 0.999137700 -0.037873905 -1.490863681 -0.998027861 0.014674118 -0.061034352 85.776351929
-0.069249928 0.042031541 0.996713519 32.959552765 0.022143433 0.998930693 -0.040586554 -1.540511370 -0.997353494 0.019260041 -0.070106596 85.701263428
-0.075236171 0.047352266 0.996040761 33.974727631 0.026753213 0.998608172 -0.045453504 -1.592936039 -0.996806800 0.023227545 -0.076398291 85.617927551
-0.078700021 0.052183609 0.995531559 34.973960876 0.028669102 0.998334408 -0.050064132 -1.645146489 -0.996486008 0.024600949 -0.080064997 85.536582947
-0.081727758 0.056073636 0.995076060 35.978393555 0.030339129 0.998093307 -0.053751845 -1.705462217 -0.996192813 0.025796723 -0.083273157 85.451499939
-0.084189460 0.059164058 0.994691789 36.976917267 0.030756231 0.997914314 -0.056752570 -1.764917850 -0.995974958 0.025814997 -0.085833542 85.364807129
-0.086390853 0.062603496 0.994292438 38.000549316 0.032244436 0.997676492 -0.060014956 -1.830014825 -0.995739400 0.026875662 -0.088208742 85.267814636
-0.088323690 0.066598490 0.993862927 39.011123657 0.033465311 0.997397542 -0.063861303 -1.894587517 -0.995529532 0.027619466 -0.090322562 85.171173096
-0.090444379 0.067728601 0.993595779 40.014858246 0.036336549 0.997244954 -0.064669736 -1.968230724 -0.995238423 0.030254830 -0.092656218 85.077026367
-0.092745446 0.066378370 0.993474782 41.031826019 0.036442276 0.997333169 -0.063234106 -2.040169001 -0.995022714 0.030339805 -0.094917081 84.984626770
-0.095100626 0.066019669 0.993276000 42.047897339 0.035506427 0.997388422 -0.062893458 -2.112266779 -0.994834244 0.029286478 -0.097196385 84.892555237
-0.097447291 0.067244597 0.992966354 43.072387695 0.035281722 0.997321129 -0.064077035 -2.181211710 -0.994615018 0.028789433 -0.099558741 84.797004700
-0.099853449 0.069644473 0.992561758 44.097755432 0.034794919 0.997181773 -0.066468187 -2.254907846 -0.994393528 0.027899036 -0.101995304 84.691749573
-0.102276750 0.071885079 0.992155254 45.129470825 0.033225782 0.997075915 -0.068816490 -2.332781553 -0.994200945 0.025926806 -0.104366109 84.583335876
-0.104981147 0.075263597 0.991622090 46.159088135 0.030180002 0.996913850 -0.072470129 -2.411710739 -0.994016171 0.022319153 -0.106928632 84.484596252
-0.107633993 0.079987854 0.990967572 47.197921753 0.026590530 0.996633172 -0.077557042 -2.485659122 -0.993834972 0.018002579 -0.109398529 84.383567810
-0.109947905 0.081989929 0.990549922 48.234100342 0.024132671 0.996518254 -0.079805307 -2.571244717 -0.993644357 0.015130188 -0.111543737 84.262512207
-0.112957470 0.080544740 0.990329921 49.286666870 0.022156542 0.996665239 -0.078532837 -2.657072306 -0.993352771 0.013071416 -0.114365384 84.146919250
-0.115395315 0.076232433 0.990390122 50.341773987 0.019501127 0.997032464 -0.074471533 -2.746604443 -0.993128181 0.010720056 -0.116539501 84.020790100
-0.117885388 0.074598104 0.990221262 51.393585205 0.019712176 0.997153759 -0.072773613 -2.830790758 -0.992831528 0.010940468 -0.119020328 83.901107788
-0.120098449 0.074837431 0.989937305 52.433700562 0.018977361 0.997145534 -0.073080048 -2.918550491 -0.992580473 0.010009594 -0.121175863 83.784873962
-0.121350214 0.077847444 0.989552379 53.487209320 0.019882347 0.996910393 -0.075988106 -2.998863935 -0.992410600 0.010453451 -0.122523107 83.658401489
-0.121968359 0.080886126 0.989232600 54.552589417 0.020622639 0.996665061 -0.078951158 -3.081664801 -0.992319763 0.010771044 -0.123229697 83.524887085
-0.122234590 0.081519566 0.989147723 55.607772827 0.019434655 0.996626556 -0.079734288 -3.169936657 -0.992310941 0.009477461 -0.123406559 83.396011353
-0.122627795 0.079984628 0.989224374 56.668575287 0.016455360 0.996773899 -0.078555174 -3.262914658 -0.992316306 0.006644998 -0.123548381 83.277549744
-0.122343116 0.079279073 0.989316344 57.725494385 0.012872989 0.996847510 -0.078290641 -3.350932837 -0.992404401 0.003157142 -0.122977972 83.150939941
-0.122328348 0.080468632 0.989222229 58.794326782 0.009194445 0.996756911 -0.079944551 -3.445229053 -0.992447078 -0.000684137 -0.122671492 83.024749756
-0.122526683 0.080690801 0.989179611 59.871459961 0.005161804 0.996727705 -0.080667160 -3.536281586 -0.992451787 -0.004777927 -0.122542262 82.901290894
-0.122898281 0.079703562 0.989213526 60.949958801 0.001583550 0.996784210 -0.080116816 -3.634082556 -0.992418110 -0.008279750 -0.122629285 82.773590088
-0.123044208 0.074669369 0.989588201 62.048370361 0.002506489 0.997185588 -0.074930973 -3.723144054 -0.992397964 -0.006739431 -0.122885078 82.638900757
-0.123495340 0.066332273 0.990125716 63.142044067 0.005577752 0.997794032 -0.066150308 -3.804562330 -0.992329478 -0.002646578 -0.123592898 82.508544922
-0.123419046 0.060677893 0.990497768 64.237907410 0.011648002 0.998148739 -0.059695199 -3.890843630 -0.992286205 0.004169795 -0.123897336 82.371780396
-0.122169673 0.063370533 0.990484118 65.338943481 0.019935258 0.997914910 -0.061387062 -3.957641602 -0.992308974 0.012245921 -0.123178251 82.214134216
-0.120783165 0.068999998 0.990278006 66.425224304 0.025548553 0.997466922 -0.066384785 -4.030590534 -0.992350042 0.017282004 -0.122240067 82.075515747
-0.120022804 0.074519299 0.989970446 67.530250549 0.029247288 0.997011483 -0.071503408 -4.112617493 -0.992340207 0.020371910 -0.121843606 81.936485291
-0.119830430 0.078978918 0.989647925 68.614883423 0.029694971 0.996669769 -0.075943723 -4.196172714 -0.992350280 0.020287193 -0.121776640 81.816413879
-0.119270414 0.076375648 0.989919901 69.733093262 0.026365116 0.996928990 -0.073739819 -4.278280258 -0.992511749 0.017304378 -0.120917775 81.685485840
-0.119107708 0.072072625 0.990262091 70.830406189 0.026116764 0.997244239 -0.069439493 -4.365931511 -0.992537796 0.017591665 -0.120661795 81.564750671
-0.119026974 0.069775634 0.990436256 71.992088318 0.024168223 0.997435689 -0.067364290 -4.450988770 -0.992596805 0.015918920 -0.120408118 81.414154053
-0.118997782 0.070647061 0.990377963 73.119667053 0.022254860 0.997404575 -0.068474278 -4.530322552 -0.992645025 0.013892436 -0.120261177 81.285545349
-0.119043149 0.075397797 0.990022182 74.237312317 0.024065327 0.997038722 -0.073038474 -4.627310753 -0.992597401 0.015130477 -0.120505109 81.164031982
-0.117532499 0.078236721 0.989982307 75.383911133 0.023336135 0.996834040 -0.076007694 -4.705016136 -0.992794812 0.014168987 -0.118986167 81.004295349
-0.116692454 0.076845728 0.990190685 76.532958984 0.023214031 0.996940732 -0.074633859 -4.793704987 -0.992896855 0.014277111 -0.118119366 80.865303040
-0.116740346 0.070250206 0.990674794 77.684661865 0.024576660 0.997394085 -0.067830585 -4.882976055 -0.992858350 0.016428912 -0.118162632 80.736152649
-0.117102280 0.069025606 0.990718186 78.848098755 0.023560075 0.997493982 -0.066712901 -4.964215279 -0.992840350 0.015529162 -0.118435070 80.598289490
-0.116694644 0.071692958 0.990576804 80.003143311 0.021017805 0.997346044 -0.069706894 -5.052250862 -0.992945492 0.012685325 -0.117891774 80.472618103
-0.116845049 0.074829452 0.990327120 81.161911011 0.020905688 0.997121871 -0.072876297 -5.135473251 -0.992930114 0.012188236 -0.118073113 80.344024658
-0.117073178 0.074249551 0.990343809 82.332489014 0.019767273 0.997177958 -0.072425149 -5.223927975 -0.992926598 0.011097356 -0.118210487 80.214759827
-0.116368890 0.071149319 0.990654349 83.514518738 0.019861611 0.997398078 -0.069300592 -5.309879303 -0.993007481 0.011611558 -0.117479235 80.071159363
-0.115597278 0.069632009 0.990852475 84.707862854 0.019426400 0.997507513 -0.067833304 -5.406090736 -0.993106186 0.011407349 -0.116661854 79.931938171
-0.114343241 0.070149638 0.990961492 85.895126343 0.020766869 0.997454643 -0.068213060 -5.492218018 -0.993224263 0.012779463 -0.115508981 79.797134399
-0.113052368 0.070384130 0.991092920 87.089012146 0.023120282 0.997404039 -0.068195045 -5.579988956 -0.993319988 0.015204736 -0.114386201 79.653533936
-0.112396561 0.069933236 0.991199434 88.289718628 0.022789024 0.997439265 -0.067789346 -5.664413929 -0.993402064 0.014969182 -0.113702461 79.520660400
-0.110828802 0.070731454 0.991319358 89.487373352 0.023775574 0.997367322 -0.068504907 -5.749889374 -0.993555129 0.015976872 -0.112218715 79.384437561
-0.109919436 0.069066793 0.991537988 90.682174683 0.023182753 0.997489452 -0.066911384 -5.838076115 -0.993670046 0.015631720 -0.111244649 79.259140015
-0.108681053 0.067592219 0.991776049 91.905899048 0.022026176 0.997604430 -0.065575756 -5.933006287 -0.993832648 0.014718193 -0.109909497 79.117576599
-0.106975727 0.067253739 0.991984427 93.119796753 0.023106683 0.997608304 -0.065143198 -6.014510155 -0.993993104 0.015952731 -0.108273886 78.986740112
-0.104833379 0.067767888 0.992178082 94.348197937 0.021398097 0.997598290 -0.065877162 -6.106318474 -0.994259655 0.014324596 -0.106031686 78.852958679
-0.104400046 0.070369728 0.992042661 95.572380066 0.021542309 0.997419477 -0.068484075 -6.192488670 -0.994302034 0.014221151 -0.105646573 78.734611511
-0.103558563 0.069234446 0.992210746 96.790679932 0.018866545 0.997531593 -0.067636579 -6.276178837 -0.994444370 0.011715242 -0.104609147 78.618370056
-0.102758601 0.067964949 0.992381632 98.038955688 0.015966052 0.997647166 -0.066672310 -6.371683598 -0.994578183 0.008993263 -0.103601947 78.491752625
-0.102735639 0.068824127 0.992324829 99.280021667 0.013111454 0.997610509 -0.067833282 -6.459179878 -0.994622290 0.006041926 -0.103392534 78.369171143
-0.102723569 0.068438813 0.992352784 100.506523132 0.010395007 0.997649670 -0.067728080 -6.547777653 -0.994655609 0.003358244 -0.103193551 78.243423462
-0.103833497 0.065606035 0.992428482 101.752655029 0.007625479 0.997845292 -0.065166295 -6.640657425 -0.994565427 0.000801299 -0.104110055 78.118309021
-0.104951635 0.064229690 0.992401004 103.008911133 0.005629912 0.997934461 -0.063992441 -6.731237411 -0.994461358 -0.001128980 -0.105096459 77.990867615
-0.106952928 0.063679785 0.992222667 104.273773193 0.003450941 0.997964561 -0.063676305 -6.816325665 -0.994258046 -0.003386265 -0.106954992 77.872497559
-0.107805610 0.063327968 0.992152989 105.517761230 0.003811733 0.997988164 -0.063286260 -6.914614677 -0.994164705 -0.003040791 -0.107830122 77.729675293
-0.110263295 0.062070888 0.991962314 106.776565552 0.003349900 0.998065531 -0.062080435 -6.999116898 -0.993896842 -0.003522219 -0.110257916 77.596809387
-0.113529526 0.057412472 0.991874337 108.044342041 0.000460910 0.998331904 -0.057733491 -7.083008766 -0.993534505 -0.006097291 -0.113366589 77.464569092
-0.118057609 0.057436202 0.991344213 109.302001953 -0.000347706 0.998323321 -0.057881951 -7.161934853 -0.993006647 -0.007178102 -0.117839701 77.323204041
-0.123245969 0.063440010 0.990346313 110.534065247 -0.004646428 0.997906744 -0.064502537 -7.246571541 -0.992365420 -0.012551251 -0.122693196 77.173675537
-0.130625427 0.066445947 0.989202678 111.755493164 -0.003951103 0.997708857 -0.067539059 -7.333709717 -0.991423965 -0.012730760 -0.130063593 77.026367188
-0.139184296 0.062641613 0.988283217 113.004638672 -0.001973631 0.997977734 -0.063534044 -7.422097683 -0.990264535 -0.010793447 -0.138779193 76.842765808
-0.149830431 0.060923740 0.986832798 114.232650757 0.000286494 0.998102367 -0.061575979 -7.508342743 -0.988711715 -0.008943236 -0.149563551 76.657981873
-0.162753239 0.061415631 0.984753549 115.454185486 0.000538945 0.998066247 -0.062156826 -7.599417686 -0.986666679 -0.009585496 -0.162471578 76.459373474
-0.176724344 0.061574377 0.982332468 116.670028687 0.002728781 0.998068035 -0.062069796 -7.686285973 -0.984256625 -0.008288675 -0.176550940 76.243537903
-0.191287130 0.059514441 0.979728103 117.892173767 0.002954031 0.998190582 -0.060059182 -7.771680832 -0.981529653 -0.008594401 -0.191116810 76.016632080
-0.206459835 0.062060148 0.976485014 119.092788696 0.007145317 0.998055458 -0.061920315 -7.858907223 -0.978429019 -0.005806761 -0.206501797 75.761672974
-0.221753433 0.065625295 0.972891927 120.273040771 0.007048796 0.997814536 -0.065699771 -7.943246841 -0.975077271 -0.007711435 -0.221731380 75.500335693
-0.237011045 0.069563165 0.969013274 121.437179565 0.006716018 0.997526705 -0.069967397 -8.030464172 -0.971483707 -0.010075137 -0.236892030 75.220771790
-0.252862960 0.067181513 0.965166807 122.613105774 0.003366676 0.997641325 -0.068559885 -8.130346298 -0.967496276 -0.014086857 -0.252492726 74.924568176
-0.269258082 0.061592538 0.961096466 123.775993347 -0.002263225 0.997909486 -0.064585797 -8.219081879 -0.963065386 -0.019565422 -0.268555850 74.622764587
-0.284962982 0.057356883 0.956821024 124.953491211 -0.006535246 0.998068631 -0.061775841 -8.307279587 -0.958516240 -0.023856889 -0.284037799 74.293441772
-0.300384551 0.058646400 0.952013493 126.100204468 -0.008526403 0.997902989 -0.064163595 -8.393371582 -0.953779995 -0.027391007 -0.299254566 73.951118469
-0.314181268 0.061063837 0.947397113 127.250595093 -0.007906484 0.997726321 -0.066929758 -8.476547241 -0.949330091 -0.028518658 -0.312984139 73.571380615
-0.328250706 0.063245736 0.942470908 128.387084961 -0.006607047 0.997577846 -0.069244899 -8.567018509 -0.944567502 -0.028956639 -0.327037781 73.188110352
-0.342776895 0.062801324 0.937315285 129.515747070 -0.004518438 0.997641146 -0.068495639 -8.666206360 -0.939405978 -0.027713919 -0.341684580 72.791076660
-0.356703788 0.060544673 0.932253540 130.638519287 -0.004985707 0.997760177 -0.066706620 -8.760057449 -0.934204280 -0.028442446 -0.355602950 72.372039795
-0.371331543 0.059457727 0.926594794 131.757980347 -0.004819803 0.997810662 -0.065959051 -8.852500916 -0.928487837 -0.028958675 -0.370231986 71.932113647
-0.386122614 0.060873076 0.920436740 132.857696533 -0.006182406 0.997627079 -0.068571575 -8.943584442 -0.922426701 -0.032167550 -0.384829998 71.483390808
-0.401281625 0.062770605 0.913801372 133.947631836 -0.005546454 0.997464180 -0.070953198 -9.033723831 -0.915937960 -0.033540569 -0.399915904 71.025436401
-0.415870249 0.064669751 0.907121718 135.042541504 -0.004196050 0.997321367 -0.073023863 -9.125490189 -0.909414291 -0.034174781 -0.414484948 70.531562805
-0.430350244 0.067037702 0.900169194 136.119812012 -0.001422586 0.997186780 -0.074942939 -9.224836349 -0.902660847 -0.033532280 -0.429044247 70.018882751
-0.445393682 0.070204049 0.892578244 137.192703247 -0.001734403 0.996851563 -0.079270951 -9.323597908 -0.895333111 -0.036854871 -0.443869650 69.500167847
-0.460379601 0.072351471 0.884768844 138.263519287 -0.001588184 0.996604443 -0.082323156 -9.422298431 -0.887720704 -0.039305080 -0.458701402 68.952011108
-0.475808263 0.069511861 0.876798034 139.328430176 -0.003039471 0.996736288 -0.080669910 -9.525706291 -0.879543841 -0.041048411 -0.474044025 68.391021729
-0.491513938 0.065102585 0.868432879 140.402313232 -0.005843684 0.996932864 -0.078043059 -9.627292633 -0.870850086 -0.043434102 -0.489626020 67.799446106
-0.507703066 0.065346159 0.859050333 141.461578369 -0.006329233 0.996809542 -0.079565823 -9.727664948 -0.861508965 -0.045832951 -0.505669713 67.190567017
-0.523415327 0.064633608 0.849622726 142.518844604 -0.007227891 0.996746242 -0.080278568 -9.824610710 -0.852047026 -0.048160013 -0.521245062 66.548995972
-0.539358616 0.063684396 0.839664519 143.554962158 -0.007683792 0.996722400 -0.080532134 -9.926215172 -0.842041135 -0.049887504 -0.537101388 65.892440796
-0.554840028 0.062995613 0.829568624 144.594573975 -0.009198539 0.996603787 -0.081832133 -10.032674789 -0.831906199 -0.053034570 -0.552376151 65.218780518
-0.570365608 0.062238336 0.819029689 145.616302490 -0.009753876 0.996541679 -0.082520060 -10.138413429 -0.821333051 -0.055055317 -0.567786098 64.522209167
-0.584910631 0.060095176 0.808868349 146.614654541 -0.009264441 0.996691406 -0.080748893 -10.242549896 -0.811044693 -0.054724604 -0.582418740 63.794158936
-0.599987149 0.056397878 0.798019171 147.619750977 -0.009324933 0.996951222 -0.077467784 -10.350170135 -0.799955189 -0.053921148 -0.597632051 63.058101654
-0.614752173 0.054729935 0.786819279 148.625167847 -0.008715456 0.997057259 -0.076163270 -10.451185226 -0.788672149 -0.053679019 -0.612466216 62.273468018
-0.629171669 0.053501155 0.775422871 149.601104736 -0.009086440 0.997053802 -0.076165475 -10.550162315 -0.777213216 -0.054967001 -0.626831770 61.490970612
-0.644439459 0.054029908 0.762744069 150.580322266 -0.010955298 0.996745765 -0.079861805 -10.658622742 -0.764576674 -0.059822194 -0.641750395 60.696727753
-0.659630835 0.053554393 0.749679148 151.537811279 -0.012821510 0.996511281 -0.082468607 -10.765386581 -0.751480401 -0.064010859 -0.656642914 59.874530792
-0.675611854 0.050269816 0.735541701 152.485824585 -0.014829962 0.996544182 -0.081729427 -10.873426437 -0.737108350 -0.066125415 -0.672531545 59.037837982
-0.691738009 0.042733163 0.720883071 153.415725708 -0.018345397 0.996885717 -0.076697968 -10.982017517 -0.721915483 -0.066279784 -0.688799739 58.168678284
-0.708551288 0.040296949 0.704507887 154.342117310 -0.019348055 0.996883452 -0.076479554 -11.085092545 -0.705394030 -0.067820549 -0.705563366 57.266174316
-0.725967586 0.037560478 0.686702549 155.231750488 -0.020953307 0.996835947 -0.076675206 -11.191623688 -0.687409639 -0.070052400 -0.722883582 56.351146698
-0.743435144 0.033510458 0.667967916 156.114044189 -0.024403390 0.996719718 -0.077163696 -11.296104431 -0.668362558 -0.073666885 -0.740178764 55.409420013
-0.760263801 0.031769272 0.648837149 156.963211060 -0.023765063 0.996774614 -0.076651782 -11.402313232 -0.649179637 -0.073695235 -0.757056713 54.452865601
-0.775960386 0.033411302 0.629896164 157.778076172 -0.021979555 0.996557534 -0.079936266 -11.518136978 -0.630398571 -0.075872205 -0.772554874 53.458015442
-0.791197479 0.032806989 0.610680163 158.584381104 -0.018953471 0.996764898 -0.078104362 -11.620491028 -0.611267030 -0.073370479 -0.788016081 52.447746277
-0.805937052 0.034141451 0.591015995 159.363998413 -0.014575315 0.996888697 -0.077463232 -11.738845825 -0.591821790 -0.071044751 -0.802931845 51.418708801
-0.820081592 0.035232108 0.571160972 160.106338501 -0.012886312 0.996712744 -0.079984680 -11.850818634 -0.572101533 -0.072954103 -0.816931784 50.354686737
-0.833929598 0.036568586 0.550657928 160.826293945 -0.012068105 0.996355295 -0.084443077 -11.964467049 -0.551738918 -0.077064984 -0.830448747 49.300392151
-0.846731603 0.037182737 0.530719221 161.524200439 -0.009228773 0.996378064 -0.084531233 -12.077510834 -0.531940043 -0.076473169 -0.843321741 48.207462311
-0.858324111 0.035424147 0.511883676 162.190872192 -0.007857881 0.996589541 -0.082143538 -12.193902969 -0.513047755 -0.074528113 -0.855118454 47.102943420
-0.868797779 0.037173983 0.493769705 162.831909180 -0.005035544 0.996463120 -0.083879940 -12.309683800 -0.495141506 -0.075361095 -0.865537703 45.986930847
-0.878171504 0.040114902 0.476660699 163.444961548 -0.002125165 0.996140301 -0.087748617 -12.423280716 -0.478341043 -0.078071326 -0.874696910 44.865188599
-0.887092352 0.037695196 0.460050315 164.045776367 -0.003934369 0.996006429 -0.089196362 -12.545272827 -0.461575180 -0.080935411 -0.883401275 43.728805542
-0.895400524 0.034948979 0.443887860 164.635803223 -0.004886852 0.996083438 -0.088283099 -12.672042847 -0.445234716 -0.081217945 -0.891722798 42.583679199
-0.902503490 0.032988574 0.429417104 165.198745728 -0.005728295 0.996054590 -0.088557780 -12.796247482 -0.430644244 -0.082383536 -0.898753822 41.421043396
-0.909149051 0.030993449 0.415315926 165.745910645 -0.006248537 0.996099651 -0.088013522 -12.921283722 -0.416423857 -0.082612544 -0.905409455 40.249366760
-0.915435791 0.028522013 0.401452065 166.274200439 -0.007226694 0.996159852 -0.087253399 -13.044288635 -0.402399123 -0.082776062 -0.911714375 39.079998016
-0.920995355 0.023761436 0.388848096 166.784011841 -0.009738573 0.996421933 -0.083954625 -13.158181190 -0.389451742 -0.081108645 -0.917468667 37.891651154
-0.926335990 0.020132795 0.376159757 167.303863525 -0.011089076 0.996680617 -0.080652371 -13.277244568 -0.376534909 -0.078882456 -0.923037887 36.689987183
-0.930761993 0.020517074 0.365049422 167.788558960 -0.008480165 0.996944368 -0.077653594 -13.386184692 -0.365527213 -0.075372688 -0.927743971 35.480895996
-0.933759570 0.024913516 0.357032716 168.235916138 -0.003690970 0.996850908 -0.079212718 -13.501503944 -0.357881904 -0.075283438 -0.930727184 34.296798706
-0.936226666 0.029814279 0.350129545 168.704559326 0.001556027 0.996736109 -0.080713473 -13.610609055 -0.351393193 -0.075021297 -0.933217347 33.097759247
-0.938030005 0.032915302 0.344987452 169.144912720 0.004391659 0.996528327 -0.083137862 -13.723497391 -0.346526325 -0.076470740 -0.934917986 31.898918152
-0.939814806 0.029900081 0.340373516 169.594818115 0.002105801 0.996651828 -0.081736401 -13.844013214 -0.341677785 -0.076100312 -0.936731040 30.687728882
-0.941736281 0.022735447 0.335582882 170.048767090 -0.003668335 0.996959329 -0.077837452 -13.959127426 -0.336332142 -0.074533395 -0.938789368 29.455587387
-0.943554342 0.016524691 0.330805182 170.493164062 -0.009394639 0.997017622 -0.076600254 -14.061830521 -0.331084430 -0.075384304 -0.940585077 28.241281509
-0.945253372 0.010214984 0.326177359 170.924072266 -0.016145393 0.996822059 -0.078006677 -14.171528816 -0.325937599 -0.079002343 -0.942084491 27.055322647
-0.946630895 0.008256701 0.322213858 171.363296509 -0.018521691 0.996626437 -0.079953238 -14.286618233 -0.321787059 -0.081654161 -0.943284452 25.813734055
-0.947393417 0.008307652 0.319963813 171.782760620 -0.019231830 0.996379256 -0.082814626 -14.393021584 -0.319493294 -0.084611505 -0.943803430 24.603805542
-0.947359622 0.009114125 0.320041597 172.193878174 -0.018998712 0.996233106 -0.084609039 -14.508857727 -0.319607049 -0.086235568 -0.943617880 23.368682861
-0.947251439 0.011513121 0.320284337 172.605987549 -0.017030749 0.996134281 -0.086176589 -14.627417564 -0.320038378 -0.087085597 -0.943393588 22.161708832
-0.946796715 0.012834236 0.321575999 173.022811890 -0.016354296 0.995994925 -0.087901533 -14.747771263 -0.321416199 -0.088484071 -0.942794859 20.940376282
-0.946501076 0.014029551 0.322395563 173.445404053 -0.015772387 0.995849252 -0.089641087 -14.871660233 -0.322315097 -0.089930341 -0.942351103 19.730690002
-0.945631623 0.015340859 0.324877411 173.857116699 -0.014421629 0.995926738 -0.089005634 -14.995339394 -0.324919552 -0.088851810 -0.941558599 18.527873993
-0.944766819 0.014805894 0.327408582 174.282562256 -0.015418215 0.995865166 -0.089525111 -15.117271423 -0.327380359 -0.089628421 -0.940632164 17.311401367
-0.943549752 0.013527615 0.330954313 174.703811646 -0.017012520 0.995867670 -0.089208320 -15.243537903 -0.330793530 -0.089802861 -0.939420640 16.132980347
-0.942119479 0.011811373 0.335069269 175.144439697 -0.018402150 0.996051133 -0.086852960 -15.365341187 -0.334772021 -0.087991856 -0.938181877 14.947853088
-0.940435648 0.009994276 0.339824826 175.596038818 -0.019577894 0.996316969 -0.083481863 -15.491312027 -0.339407682 -0.085162379 -0.936776280 13.763931274
-0.937597990 0.007222482 0.347646207 176.033325195 -0.022253523 0.996488392 -0.080719925 -15.605472565 -0.347008407 -0.083419204 -0.934144735 12.569801331
-0.934928477 0.009432300 0.354710698 176.483032227 -0.020537071 0.996532500 -0.080629900 -15.716180801 -0.354241252 -0.082667917 -0.931492925 11.395229340
-0.931569099 0.009954829 0.363427669 176.939849854 -0.020783825 0.996532142 -0.080571420 -15.831362724 -0.362969339 -0.082611278 -0.928131759 10.214992523
-0.927858233 0.012666981 0.372717828 177.408843994 -0.019672163 0.996369183 -0.082834698 -15.943763733 -0.372413754 -0.084191032 -0.924240112 9.061519623
-0.923563004 0.014141642 0.383185863 177.893615723 -0.018710198 0.996467412 -0.081870802 -16.056514740 -0.382990003 -0.082782336 -0.920035779 7.891460419
-0.918651521 0.016856946 0.394709051 178.393020630 -0.017196536 0.996436298 -0.082578525 -16.172769547 -0.394694418 -0.082648523 -0.915087700 6.734191895
-0.913327336 0.018416282 0.406809568 178.914413452 -0.017149968 0.996351182 -0.083608210 -16.287719727 -0.406864882 -0.083338432 -0.909678876 5.612838745
-0.907138586 0.020913605 0.420311987 179.448455811 -0.015261786 0.996472538 -0.082520574 -16.406988144 -0.420555174 -0.081272304 -0.903619468 4.464225769
-0.900247335 0.020737516 0.434884995 179.997604370 -0.016144803 0.996587873 -0.080943398 -16.509941101 -0.435079694 -0.079890192 -0.896840692 3.276702881
-0.894027352 0.023090502 0.447417110 180.570419312 -0.014735235 0.996615112 -0.080877639 -16.628551483 -0.447770208 -0.078899615 -0.890660822 2.152595520
-0.886763930 0.025567854 0.461514860 181.134689331 -0.013027381 0.996689916 -0.080247551 -16.733520508 -0.462038875 -0.077172972 -0.883495510 1.032676697
-0.879436135 0.027017590 0.475249529 181.737060547 -0.011934967 0.996822655 -0.078753971 -16.831928253 -0.475867301 -0.074931182 -0.876319408 -0.079566956
-0.871982694 0.028501758 0.488706470 182.349975586 -0.009964420 0.997063398 -0.075928733 -16.940773010 -0.489435494 -0.071078226 -0.869138062 -1.164741516
-0.863384247 0.031826768 0.503542125 182.964889526 -0.006517966 0.997221589 -0.074206010 -17.043163300 -0.504504859 -0.067350373 -0.860777915 -2.238540649
-0.855055690 0.034442209 0.517391086 183.607086182 -0.004412099 0.997272253 -0.073678978 -17.138660431 -0.518517435 -0.065282412 -0.852571309 -3.264671326
-0.843916059 0.037985444 0.535128772 184.235183716 -0.000363487 0.997449398 -0.071375936 -17.245796204 -0.536475122 -0.060429826 -0.841749907 -4.307044983
-0.833330870 0.040601887 0.551281333 184.896636963 0.002175318 0.997531950 -0.070179984 -17.345451355 -0.552770257 -0.057283942 -0.831362486 -5.303848267
-0.821561813 0.042146400 0.568559468 185.574462891 0.003474962 0.997615397 -0.068930343 -17.453088760 -0.570108891 -0.054654818 -0.819749177 -6.320075989
-0.810442030 0.043815348 0.584178030 186.291839600 0.003967131 0.997586668 -0.069318734 -17.545207977 -0.585805476 -0.053861290 -0.808660030 -7.288154602
-0.797114730 0.046744686 0.602015793 187.016403198 0.006816351 0.997632086 -0.068437725 -17.642902374 -0.603789389 -0.050449166 -0.795545876 -8.271217346
-0.783426762 0.047600374 0.619658470 187.772338867 0.008053185 0.997756302 -0.066463202 -17.730623245 -0.621431887 -0.047078826 -0.782052338 -9.229240417
-0.767766833 0.049923714 0.638781369 188.525543213 0.010861476 0.997830808 -0.064930387 -17.819564819 -0.640637159 -0.042913295 -0.766643584 -10.162971497
