1.000000000 0.000000000 0.000000000 0.000000000 0.000000000 1.000000000 0.000000000 0.000000000 0.000000000 0.000000000 1.000000000 0.000000000
0.999998689 0.000764341 0.001446628 -0.006191489 -0.000757720 0.999989271 -0.004571963 -0.002396612 -0.001450107 0.004570860 0.999988496 0.963999331
0.999996603 -0.001439147 0.002161307 -0.002768603 0.001450668 0.999984682 -0.005338418 -0.000957079 -0.002153591 0.005341535 0.999983430 1.918590665
0.999993324 -0.002515093 0.002618066 -0.009420257 0.002518374 0.999996066 -0.001250892 -0.004697879 -0.002614910 0.001257478 0.999995708 2.850628853
0.999985635 -0.004978535 0.001991672 -0.006735714 0.004968609 0.999975324 0.004958350 -0.008448426 -0.002016308 -0.004948383 0.999985695 3.799927473
0.999963522 -0.008539911 0.000410493 -0.003507843 0.008537765 0.999951184 0.004974293 -0.005415501 -0.000452952 -0.004970605 0.999987543 4.738147259
0.999938071 -0.011128410 -0.000227422 -0.005393199 0.011128847 0.999935985 0.002035678 -0.001771824 0.000204754 -0.002038083 0.999997914 5.669252872
0.999929786 -0.011786912 -0.001178419 -0.008592501 0.011785029 0.999929249 -0.001591116 0.004279112 0.001197090 0.001577117 0.999998033 6.596415520
0.999932826 -0.011485690 -0.001631299 -0.016147152 0.011482592 0.999932230 -0.001897316 -0.001994785 0.001652981 0.001878457 0.999996781 7.519814014
0.999932170 -0.011320849 -0.002744580 -0.025257435 0.011321014 0.999935925 0.000044389 -0.002583708 0.002743901 -0.000075457 0.999996185 8.432703972
0.999935567 -0.010917339 -0.003115150 -0.035058133 0.010925733 0.999936640 0.002689646 0.003122209 0.003085589 -0.002723509 0.999991536 9.370339394
0.999928355 -0.011251815 -0.004079004 -0.043173622 0.011269621 0.999926984 0.004368599 0.004189346 0.004029552 -0.004414254 0.999982119 10.292906761
0.999912024 -0.012402425 -0.004697406 -0.047448762 0.012426928 0.999909163 0.005223224 0.004389461 0.004632198 -0.005281138 0.999975264 11.206876755
0.999902070 -0.012789663 -0.005680468 -0.053042032 0.012820343 0.999903262 0.005397459 0.005791478 0.005610886 -0.005469756 0.999969244 12.119951248
0.999896705 -0.012890749 -0.006355288 -0.060508154 0.012914982 0.999909401 0.003786531 0.011953946 0.006305899 -0.003868217 0.999972641 13.020014763
0.999886453 -0.013190461 -0.007287032 -0.081771612 0.013203506 0.999911308 0.001745124 0.017169116 0.007263367 -0.001841141 0.999971867 13.928766251
0.999850214 -0.014666374 -0.009195944 -0.081944600 0.014668854 0.999892294 0.000202394 0.024318155 0.009191984 -0.000337257 0.999957740 14.831791878
0.999835551 -0.014409726 -0.011010978 -0.095541827 0.014410733 0.999896109 0.000012187 0.016223313 0.011009658 -0.000170861 0.999939382 15.729003906
0.999840975 -0.013058649 -0.012141595 -0.121689275 0.013048981 0.999914467 -0.000875156 0.017751466 0.012151986 0.000716582 0.999925911 16.632156372
0.999838889 -0.011312262 -0.013933850 -0.137519941 0.011301328 0.999935687 -0.000863206 0.016195707 0.013942720 0.000705596 0.999902487 17.525815964
0.999816716 -0.012102899 -0.014834618 -0.161786288 0.012103719 0.999926746 -0.000034529 0.016040180 0.014833947 -0.000145031 0.999889910 18.421710968
0.999794126 -0.011659804 -0.016607113 -0.174329922 0.011686291 0.999930501 0.001498692 0.013851962 0.016588481 -0.001692459 0.999860942 19.302742004
0.999768496 -0.011249232 -0.018341776 -0.191290796 0.011282614 0.999934852 0.001717455 0.020058803 0.018321259 -0.001924000 0.999830246 20.186063766
0.999722540 -0.012526970 -0.019948481 -0.211311400 0.012566369 0.999919295 0.001850846 0.018688984 0.019923685 -0.002101013 0.999799252 21.064239502
0.999688089 -0.012333082 -0.021716293 -0.234362140 0.012352732 0.999923348 0.000770987 0.024534367 0.021705119 -0.001039002 0.999763966 21.938785553
0.999676466 -0.012174673 -0.022333374 -0.256572932 0.012211338 0.999924302 0.001506040 0.019794805 0.022313343 -0.001778273 0.999749422 22.800674438
0.999652565 -0.011986784 -0.023479177 -0.279144406 0.012066816 0.999921858 0.003269970 0.024886280 0.023438144 -0.003552153 0.999718964 23.657312393
0.999616206 -0.013255302 -0.024324177 -0.299326509 0.013409367 0.999890983 0.006181672 0.026599452 0.024239581 -0.006505473 0.999685049 24.502738953
0.999607980 -0.012850036 -0.024874097 -0.323920220 0.013046061 0.999884963 0.007734474 0.028207302 0.024771841 -0.008055951 0.999660611 25.344087601
0.999597490 -0.012326261 -0.025551500 -0.351626307 0.012489574 0.999902606 0.006241710 0.034982845 0.025472069 -0.006558326 0.999653995 26.176542282
0.999601603 -0.010245341 -0.026298279 -0.380338490 0.010353060 0.999938548 0.003963136 0.034294344 0.026256055 -0.004233825 0.999646306 26.988729477
0.999579370 -0.010368058 -0.027085677 -0.404448241 0.010433576 0.999942958 0.002278728 0.036265723 0.027060507 -0.002560370 0.999630451 27.781347275
0.999562323 -0.009469644 -0.028027723 -0.432780445 0.009523357 0.999953091 0.001783552 0.040902060 0.028009517 -0.002049689 0.999605536 28.576623917
0.999534845 -0.009168412 -0.029086046 -0.463112324 0.009207866 0.999956846 0.001222773 0.041178640 0.029073579 -0.001490025 0.999576151 29.360931396
0.999462306 -0.009457579 -0.031394389 -0.485848218 0.009485652 0.999954700 0.000745377 0.034791011 0.031385921 -0.001042772 0.999506772 30.152311325
0.999396861 -0.009788357 -0.033314817 -0.515703201 0.009820254 0.999951541 0.000794005 0.034178179 0.033305429 -0.001120686 0.999444604 30.917184830
0.999352455 -0.009177882 -0.034791283 -0.553515792 0.009235201 0.999956310 0.001487178 0.042277414 0.034776114 -0.001807519 0.999393463 31.682828903
0.999248147 -0.009826682 -0.037504625 -0.570756257 0.009980680 0.999942482 0.003921086 0.041084319 0.037463944 -0.004292460 0.999288738 32.439357758
0.999168992 -0.008903286 -0.039773371 -0.601817727 0.009120982 0.999944389 0.005295301 0.044353098 0.039724011 -0.005653674 0.999194622 33.174682617
0.999127805 -0.007496618 -0.041080393 -0.646227181 0.007729133 0.999954998 0.005504088 0.045176610 0.041037284 -0.005816801 0.999140680 33.900257111
0.999064744 -0.004950083 -0.042955589 -0.686425984 0.005167590 0.999974370 0.004953986 0.043292746 0.042929959 -0.005171330 0.999064624 34.625221252
0.998981059 -0.003381424 -0.045005333 -0.717356503 0.003572441 0.999984980 0.004164564 0.049855173 0.044990566 -0.004321099 0.998978019 35.335826874
0.998902142 -0.002903148 -0.046753984 -0.749411345 0.003148064 0.999981642 0.005165625 0.054691136 0.046738133 -0.005307138 0.998893023 36.042846680
0.998872578 -0.001608709 -0.047444437 -0.793718338 0.001951022 0.999972403 0.007169616 0.054789260 0.047431592 -0.007254098 0.998848140 36.733867645
0.998854101 0.001067396 -0.047847573 -0.829342484 -0.000702907 0.999970675 0.007633909 0.058916718 0.047854319 -0.007591529 0.998825490 37.410503387
0.998906434 0.004484509 -0.046538942 -0.869604647 -0.004236040 0.999976218 0.005436232 0.062072575 0.046562217 -0.005233148 0.998901606 38.085777283
0.998980880 0.005940878 -0.044742595 -0.903929472 -0.005823825 0.999979258 0.002746043 0.056949191 0.044757973 -0.002482672 0.998994768 38.731967926
0.999052227 0.006180891 -0.043086685 -0.927821517 -0.006159780 0.999980807 0.000622719 0.065164439 0.043089706 -0.000356725 0.999071121 39.379951477
0.999200463 0.007261656 -0.039316632 -0.967474878 -0.007204479 0.999972761 0.001595777 0.066621795 0.039327148 -0.001311245 0.999225497 40.014099121
0.999259830 0.012027258 -0.036539942 -0.993337214 -0.011868333 0.999919176 0.004563121 0.065221578 0.036591876 -0.004126076 0.999321818 40.652927399
0.999325275 0.016442999 -0.032840498 -1.014728308 -0.016203877 0.999840319 0.007534340 0.071200997 0.032959137 -0.006997112 0.999432206 41.289154053
0.999364853 0.021210536 -0.028633727 -1.037297010 -0.020977065 0.999744475 0.008429737 0.075587541 0.028805202 -0.007823732 0.999554455 41.896102905
0.999420047 0.024959501 -0.023166344 -1.059229612 -0.024762504 0.999655068 0.008751695 0.081131130 0.023376789 -0.008172965 0.999693274 42.476448059
0.999431372 0.029029647 -0.017154314 -1.082460165 -0.028848624 0.999526381 0.010707511 0.088826776 0.017457025 -0.010206543 0.999795496 43.052993774
0.999372244 0.033714190 -0.010882321 -1.085759044 -0.033583757 0.999364316 0.011954878 0.086154401 0.011278453 -0.011581902 0.999869347 43.605293274
0.999301851 0.037162092 -0.003829946 -1.091860056 -0.037115619 0.999244034 0.011563367 0.090227425 0.004256770 -0.011413145 0.999925792 44.138141632
0.999170780 0.040559150 0.003542054 -1.095364571 -0.040598437 0.999105394 0.011833599 0.089020967 -0.003058925 -0.011967587 0.999923766 44.644260406
0.998958230 0.044365857 0.010675955 -1.089600325 -0.044484012 0.998948395 0.011097379 0.096080154 -0.010172387 -0.011560728 0.999881506 45.141258240
0.998657405 0.048413832 0.018422380 -1.083514571 -0.048572950 0.998785198 0.008290092 0.101328462 -0.017998651 -0.009173791 0.999795914 45.623374939
0.998355925 0.050858561 0.026435301 -1.075785518 -0.051021859 0.998682141 0.005539664 0.097372204 -0.026118726 -0.006879336 0.999635100 46.068931580
0.998097956 0.051272325 0.034229588 -1.059267640 -0.051479515 0.998660505 0.005198865 0.100848988 -0.033917181 -0.006951099 0.999400437 46.496303558
0.997838318 0.050405864 0.042163119 -1.036079168 -0.050725032 0.998691320 0.006534048 0.102109358 -0.041778579 -0.008658650 0.999089360 46.894157410
0.997364342 0.052472476 0.050109506 -1.013933659 -0.052901618 0.998573184 0.007275624 0.105490446 -0.049656242 -0.009907323 0.998717248 47.288017273
0.996722102 0.055366073 0.058987789 -0.999180317 -0.055905014 0.998407662 0.007524307 0.103029579 -0.058477275 -0.010797356 0.998230278 47.649951935
0.995904744 0.060287505 0.067373879 -0.968579769 -0.060882162 0.998121738 0.006806230 0.106471151 -0.066837013 -0.010880224 0.997704566 47.974220276
0.995005369 0.064076602 0.076541044 -0.951880932 -0.064801909 0.997873425 0.007027911 0.102884322 -0.075927936 -0.011952814 0.997041643 48.276962280
0.994269788 0.063405149 0.086066298 -0.924334049 -0.064300947 0.997901082 0.007673499 0.101303965 -0.085399106 -0.013163673 0.996259749 48.561088562
0.993386269 0.062190115 0.096521609 -0.883733273 -0.063033119 0.997995198 0.005706321 0.102697164 -0.095973223 -0.011752637 0.995314479 48.839061737
0.992259026 0.060669821 0.108357064 -0.849942684 -0.061183244 0.998125553 0.001416844 0.098129623 -0.108068012 -0.008035514 0.994111001 49.098548889
0.990664363 0.061707582 0.121557668 -0.807775974 -0.061826773 0.998082995 -0.002794609 0.100705475 -0.121497087 -0.004747000 0.992580414 49.363868713
0.988539755 0.063236758 0.137078300 -0.768173218 -0.063140363 0.997991860 -0.005055689 0.099790677 -0.137122720 -0.003657423 0.990547359 49.630348206
0.986066163 0.065023296 0.153118908 -0.716357708 -0.064824626 0.997876823 -0.006294903 0.095235318 -0.153203115 -0.003718686 0.988187730 49.877563477
0.983246624 0.065609306 0.170063555 -0.662513733 -0.065282352 0.997838557 -0.007519802 0.094749898 -0.170189336 -0.003708331 0.985404372 50.135414124
0.979991436 0.064547159 0.188283086 -0.603742599 -0.064010799 0.997909248 -0.008934184 0.096993625 -0.188466102 -0.003296731 0.982074201 50.395298004
0.976120770 0.063924193 0.207610175 -0.535781860 -0.063427679 0.997945428 -0.009054320 0.090601504 -0.207762375 -0.004330123 0.978169739 50.632976532
0.971656263 0.063814692 0.227622002 -0.460346222 -0.063168027 0.997951508 -0.010132411 0.085039258 -0.227802336 -0.004533212 0.973696887 50.867862701
0.966351628 0.066064164 0.248596191 -0.384544373 -0.064976342 0.997807443 -0.012587950 0.085561991 -0.248882741 -0.003988487 0.968525410 51.110172272
0.960119903 0.067355871 0.271354198 -0.301781654 -0.065869138 0.997721553 -0.014593970 0.079516172 -0.271718919 -0.003861903 0.962368846 51.349491119
0.952832282 0.068898953 0.295573115 -0.205389977 -0.067265473 0.997611463 -0.015703965 0.071092904 -0.295949161 -0.004918623 0.955191016 51.591003418
0.944330692 0.071621522 0.321107388 -0.107456207 -0.069997936 0.997408748 -0.016613500 0.064672172 -0.321465254 -0.006788220 0.946897030 51.827453613
0.934477568 0.073725298 0.348304629 0.001089096 -0.072078399 0.997241855 -0.017703736 0.055974841 -0.348649204 -0.008561498 0.937214136 52.062942505
0.923272371 0.074419394 0.376868427 0.124351501 -0.072534867 0.997180879 -0.019211374 0.050676763 -0.377235651 -0.009598769 0.926067591 52.306716919
0.910694361 0.072422318 0.406682551 0.265914917 -0.069779612 0.997334063 -0.021346742 0.041570425 -0.407144368 -0.008937793 0.913320005 52.542564392
0.895724297 0.069922380 0.439077199 0.408105850 -0.066074960 0.997524500 -0.024060350 0.033737898 -0.439672649 -0.007460569 0.898127079 52.767013550
0.878435135 0.069363788 0.472800672 0.564680099 -0.063573435 0.997577667 -0.028237343 0.022600412 -0.473613977 -0.005252890 0.880716801 52.986511230
0.858985901 0.071118407 0.507035851 0.729627609 -0.062760510 0.997463405 -0.033582680 0.018996835 -0.508138120 -0.002974778 0.861270487 53.210968018
0.837253332 0.072999664 0.541920543 0.917888641 -0.062271938 0.997330248 -0.038137302 0.009883046 -0.543257892 -0.001815865 0.839563906 53.437747955
0.812666237 0.075677894 0.577794552 1.111787796 -0.063098483 0.997129202 -0.041853365 -0.000468493 -0.579303324 -0.002445141 0.815108418 53.663894653
0.785117149 0.079774909 0.614188194 1.324140549 -0.066205040 0.996797979 -0.044840943 -0.010880113 -0.615798712 -0.005456949 0.787884653 53.897560120
0.755199730 0.084262505 0.650056183 1.546285629 -0.069999881 0.996399522 -0.047834672 -0.025964737 -0.651746452 -0.009379126 0.758379102 54.123168945
0.722124219 0.085184418 0.686498523 1.806657791 -0.069468424 0.996302545 -0.050553076 -0.044687748 -0.688266575 -0.011184372 0.725371718 54.360595703
0.685468197 0.082612239 0.723400712 2.085834503 -0.065802902 0.996505439 -0.051448315 -0.066103458 -0.725122988 -0.012335685 0.688508928 54.584411621
0.646312535 0.081128381 0.758747876 2.381759644 -0.062937550 0.996611834 -0.052950636 -0.088291764 -0.760472894 -0.013531073 0.649228692 54.792915344
0.603715897 0.080404840 0.793134391 2.713603973 -0.060730968 0.996648371 -0.054809246 -0.110171199 -0.794882834 -0.015078605 0.606575489 55.012336731
0.557408631 0.080530219 0.826323509 3.073740005 -0.057489295 0.996639609 -0.058348302 -0.127460718 -0.828245461 -0.014980908 0.560165107 55.223140717
0.508746624 0.079118393 0.857273161 3.442218781 -0.054112691 0.996737957 -0.059876677 -0.154448509 -0.859214067 -0.015927298 0.511368334 55.415573120
0.460286617 0.077697575 0.884363770 3.874864578 -0.052510336 0.996801436 -0.060245834 -0.171808243 -0.886216044 -0.018707888 0.462894291 55.603530884
0.411324590 0.075344443 0.908369541 4.313304901 -0.051467624 0.996907592 -0.059382811 -0.193180084 -0.910034716 -0.022326022 0.413930386 55.762886047
0.360414147 0.075098738 0.929764271 4.767362595 -0.054774545 0.996737719 -0.059275474 -0.216488361 -0.931182742 -0.029563703 0.363351911 55.931503296
0.311237216 0.076064013 0.947283328 5.231220245 -0.053279191 0.996620595 -0.062520362 -0.233462334 -0.948837459 -0.031011829 0.314238042 56.057640076
0.263977468 0.072324760 0.961813390 5.703289986 -0.042089134 0.997098565 -0.063426368 -0.271283150 -0.963610113 -0.023738759 0.266255647 56.141586304
0.219672322 0.066605963 0.973297358 6.213439941 -0.028584847 0.997677743 -0.061822820 -0.295633435 -0.975154996 -0.014240788 0.221066058 56.218288422
0.177607313 0.065664306 0.981908202 6.742184639 -0.019198246 0.997812629 -0.063255318 -0.323559880 -0.983914196 -0.007616306 0.178479403 56.281658173
0.139022127 0.067067116 0.988015532 7.278841972 -0.016226627 0.997724354 -0.065442912 -0.350548506 -0.990156412 -0.006934142 0.139794052 56.335899353
0.106587753 0.067824058 0.991987288 7.786942482 -0.007650070 0.997697234 -0.067392446 -0.384995461 -0.994273782 -0.000405563 0.106861152 56.351539612
0.077444814 0.066052735 0.994806111 8.350082397 -0.000413016 0.997805059 -0.066219687 -0.422744960 -0.996996582 0.004717500 0.077302121 56.376125336
0.052502986 0.064188674 0.996555626 8.917034149 0.006095565 0.997892916 -0.064595930 -0.459202379 -0.998602092 0.009466050 0.052001093 56.386989594
0.032595903 0.063443482 0.997452974 9.494477272 0.011412470 0.997894585 -0.063844509 -0.481658220 -0.999403417 0.013464470 0.031803235 56.387931824
0.016947733 0.065581366 0.997703314 10.072165489 0.014268866 0.997729123 -0.065825433 -0.506075799 -0.999754548 0.015351687 0.015973480 56.381855011
0.003406830 0.065240078 0.997863829 10.669337273 0.014677283 0.997758865 -0.065283321 -0.542342901 -0.999886394 0.014868340 0.002441648 56.380386353
-0.008210748 0.066105589 0.997778833 11.281641006 0.015651094 0.997698724 -0.065971486 -0.578720927 -0.999843836 0.015074654 -0.009226477 56.374210358
-0.017143356 0.068933517 0.997473955 11.895084381 0.020719212 0.997430801 -0.068574429 -0.615438521 -0.999638259 0.019491279 -0.018527556 56.350612640
-0.023588769 0.070862494 0.997207105 12.516894341 0.024931470 0.997216165 -0.070273377 -0.649337173 -0.999410748 0.023204176 -0.025289804 56.322479248
-0.028211612 0.070361733 0.997122586 13.168807030 0.025385838 0.997248232 -0.069652371 -0.686331511 -0.999279499 0.023347786 -0.029920172 56.308452606
-0.031918176 0.067661949 0.997197628 13.815690994 0.022821961 0.997495055 -0.066951677 -0.715692818 -0.999229908 0.020621028 -0.033382401 56.289894104
-0.034505785 0.060759012 0.997555852 14.512145996 0.020762555 0.997978330 -0.060066566 -0.756844282 -0.999188781 0.018639168 -0.035697538 56.272472382
-0.035706103 0.055302210 0.997831047 15.200851440 0.022096023 0.998267293 -0.054535713 -0.788818955 -0.999117970 0.020100841 -0.036866192 56.246696472
-0.036238123 0.052605595 0.997957587 15.882226944 0.024391256 0.998362541 -0.051741235 -0.824685812 -0.999045432 0.022466438 -0.037461895 56.220088959
-0.036173061 0.054713476 0.997846663 16.586862564 0.027989261 0.998163939 -0.053716216 -0.866095603 -0.998953462 0.025985913 -0.037638035 56.195301056
-0.034778271 0.062308930 0.997450769 17.295286179 0.029124521 0.997693837 -0.061308611 -0.894362926 -0.998970568 0.026918070 -0.036512781 56.161285400
-0.032771755 0.070226252 0.996992648 18.019399643 0.030076502 0.997145951 -0.069248416 -0.935038567 -0.999010146 0.027716657 -0.034790393 56.136806488
-0.031006491 0.071298055 0.996973038 18.736408234 0.030659268 0.997051060 -0.070350111 -0.966449738 -0.999048769 0.028385157 -0.033101000 56.125644684
-0.028632890 0.066768125 0.997357547 19.477262497 0.030013988 0.997374177 -0.065907560 -1.010765433 -0.999139249 0.028047552 -0.030561682 56.101650238
-0.026340852 0.060530789 0.997818708 20.219396591 0.029470470 0.997778296 -0.059750341 -1.050907850 -0.999218524 0.027832314 -0.028066194 56.086776733
-0.023061302 0.058679074 0.998010516 20.964799881 0.028353320 0.997912765 -0.058018159 -1.098106503 -0.999331892 0.026958935 -0.024676912 56.069164276
-0.020044908 0.063864551 0.997757256 21.720964432 0.035493284 0.997374177 -0.063126974 -1.150428295 -0.999168873 0.034148306 -0.022259040 56.051906586
-0.016880350 0.069285363 0.997454107 22.456932068 0.037126280 0.996951699 -0.068622157 -1.192175388 -0.999168038 0.035873391 -0.019401200 56.037349701
-0.014670043 0.069923997 0.997444391 23.196374893 0.031046860 0.997102737 -0.069443397 -1.234554172 -0.999410331 0.029948784 -0.016798463 56.045059204
-0.011285330 0.066337004 0.997733474 23.960958481 0.026874270 0.997456670 -0.066014640 -1.278162718 -0.999575138 0.026068365 -0.013039388 56.047683716
-0.006397277 0.063056879 0.997989357 24.698465347 0.030537471 0.997556686 -0.062833793 -1.323071957 -0.999513090 0.030074110 -0.008307244 56.027111053
-0.002719840 0.063875563 0.997954130 25.441711426 0.035043065 0.997350931 -0.063741453 -1.372837543 -0.999382019 0.034798007 -0.004951030 56.018314362
-0.000415511 0.068138659 0.997675717 26.174348831 0.034638550 0.997078121 -0.068083428 -1.420843124 -0.999399841 0.034529749 -0.002774521 56.027381897
0.003941502 0.068873473 0.997617483 26.924861908 0.030964991 0.997138560 -0.068962745 -1.464947343 -0.999512613 0.031163041 0.001797558 56.030479431
0.007207351 0.068955533 0.997593701 27.688711166 0.030311566 0.997146130 -0.069143578 -1.505241990 -0.999514520 0.030736970 0.005096632 56.048484802
0.011001839 0.066006370 0.997758508 28.430156708 0.033988424 0.997217715 -0.066345356 -1.552662849 -0.999361694 0.034642164 0.008727776 56.052482605
0.014512876 0.066254877 0.997697115 29.178501129 0.038710214 0.997016966 -0.066772811 -1.605901957 -0.999145150 0.039590135 0.011904843 56.062149048
0.017996283 0.067313321 0.997569501 29.928161621 0.041486215 0.996821523 -0.068011284 -1.651919603 -0.998977065 0.042609338 0.015146510 56.076900482
0.021011500 0.067106195 0.997524559 30.687620163 0.042020015 0.996803880 -0.067942813 -1.700665951 -0.998895764 0.043343585 0.018124545 56.081798553
0.024681764 0.065636285 0.997538209 31.440416336 0.043641780 0.996820271 -0.066668838 -1.747428417 -0.998742282 0.045179855 0.021738797 56.100967407
0.027921269 0.064862102 0.997503579 32.191799164 0.045376588 0.996781707 -0.066085286 -1.791308641 -0.998579741 0.047108486 0.024888190 56.127567291
0.030882152 0.064723492 0.997425258 32.942604065 0.044090919 0.996841669 -0.066050753 -1.842789650 -0.998550117 0.046017177 0.027930899 56.148803711
0.034080960 0.066775039 0.997185767 33.716865540 0.040686466 0.996845663 -0.068142794 -1.886956215 -0.998590529 0.042894334 0.031256620 56.184410095
0.036639083 0.067021459 0.997078598 34.471576691 0.042233843 0.996753216 -0.068551533 -1.931427479 -0.998435676 0.044622131 0.033689555 56.214809418
0.039745338 0.067229562 0.996945560 35.231754303 0.040118132 0.996822059 -0.068820633 -1.971056938 -0.998404145 0.042730898 0.036921911 56.246467590
0.041980006 0.067162246 0.996858478 35.993129730 0.038384926 0.996893048 -0.068781033 -2.024918556 -0.998380840 0.041151769 0.039271556 56.283889771
0.044644486 0.067242384 0.996737361 36.755180359 0.035738781 0.996986032 -0.068859912 -2.074551344 -0.998363495 0.038696386 0.042106766 56.330307007
0.047695573 0.069063284 0.996471465 37.509178162 0.034434661 0.996900201 -0.070741192 -2.122985840 -0.998268127 0.037687209 0.045169555 56.367141724
0.050664935 0.072706871 0.996065676 38.293273926 0.032737263 0.996689618 -0.074417628 -2.176564693 -0.998179018 0.036378823 0.048116997 56.419216156
0.054513033 0.074959211 0.995695412 39.066711426 0.033042118 0.996496618 -0.076828547 -2.228122473 -0.997966230 0.037088048 0.051845238 56.458869934
0.057581559 0.076957896 0.995370269 39.835250854 0.027263181 0.996531487 -0.078624830 -2.281976700 -0.997968376 0.031664304 0.055283710 56.511455536
0.059837602 0.076518141 0.995271027 40.613136292 0.023129767 0.996683657 -0.078017354 -2.334570408 -0.997940123 0.027688755 0.057869308 56.577178955
0.063575730 0.076804236 0.995017231 41.372817993 0.026287628 0.996559322 -0.078602895 -2.386107922 -0.997630715 0.031153882 0.061337993 56.626663208
0.066806644 0.077888459 0.994721293 42.163021088 0.023843698 0.996539116 -0.079632185 -2.456285477 -0.997480989 0.029037787 0.064718299 56.687126160
0.070453651 0.079434693 0.994347215 42.947406769 0.020197066 0.996506333 -0.081038222 -2.504066944 -0.997310579 0.025792338 0.068603173 56.755729675
0.074743696 0.076734252 0.994246006 43.737350464 0.019397648 0.996734381 -0.078384563 -2.566463470 -0.997014105 0.025144786 0.073011160 56.819091797
0.078583710 0.076600157 0.993960261 44.539386749 0.018879818 0.996750534 -0.078307830 -2.635546207 -0.996728659 0.024919510 0.076882169 56.905899048
0.084261030 0.080519542 0.993185103 45.321361542 0.015449150 0.996504545 -0.082099326 -2.687102079 -0.996323943 0.022261640 0.082722530 56.963859558
0.090009354 0.089050628 0.991951704 46.108249664 0.013315889 0.995797992 -0.090604186 -2.749212980 -0.995851815 0.021363944 0.088445351 57.046997070
0.097459875 0.093438782 0.990843475 46.908576965 0.012346013 0.995392799 -0.095082164 -2.817121506 -0.995162904 0.021499658 0.095857263 57.130657196
0.104885913 0.097070485 0.989735484 47.704658508 0.006689582 0.995133460 -0.098308831 -2.882363319 -0.994461775 0.016932124 0.103726126 57.220794678
0.111903079 0.094896622 0.989177585 48.514511108 0.004388691 0.995372832 -0.095987469 -2.952905893 -0.993709445 0.015082487 0.110968813 57.327396393
0.119013347 0.093385778 0.988491237 49.323097229 0.004257234 0.995509923 -0.094561420 -3.022744894 -0.992883623 0.015462310 0.118081398 57.437850952
0.126886651 0.090011112 0.987824798 50.147872925 0.003948447 0.995820463 -0.091246873 -3.090486288 -0.991909385 0.015478380 0.126000926 57.546478271
0.134084284 0.084224619 0.987384260 50.954605103 0.001854519 0.996358633 -0.085241973 -3.163562775 -0.990968227 0.013260731 0.133439824 57.664787292
0.141662225 0.077297866 0.986892581 51.771183014 -0.000495553 0.996952057 -0.078014642 -3.218838215 -0.989914894 0.010562672 0.141268790 57.781024933
0.149021536 0.074162662 0.986048877 52.581535339 -0.000951646 0.997193754 -0.074857049 -3.293019772 -0.988833487 0.010216946 0.148673981 57.910167694
0.155917272 0.075976238 0.984843850 53.382789612 -0.001363979 0.997053087 -0.076702170 -3.355056524 -0.987769186 0.010615889 0.155561462 58.049858093
0.161900222 0.082544014 0.983348846 54.163726807 -0.000514280 0.996502340 -0.083563462 -3.412847996 -0.986807108 0.013023229 0.161376387 58.177539825
0.167477965 0.086211689 0.982099175 54.940444946 -0.002002573 0.996196806 -0.087107718 -3.470558405 -0.985873878 0.012621899 0.167013645 58.307598114
0.172283486 0.089228474 0.980997860 55.712059021 -0.003348920 0.995936215 -0.089999087 -3.537921667 -0.985041738 0.012220072 0.171882167 58.456851959
0.177291915 0.088485509 0.980172396 56.493125916 -0.006025068 0.996028781 -0.088827156 -3.611742020 -0.984139800 0.009842732 0.177120984 58.609794617
0.182397053 0.085585564 0.979493022 57.263168335 -0.002133643 0.996236444 -0.086651228 -3.677262068 -0.983222663 0.013715043 0.181893200 58.756023407
0.186760858 0.079214752 0.979206562 58.021038055 -0.001250037 0.996762097 -0.080396533 -3.731547356 -0.982404530 0.013790883 0.186255172 58.906738281
0.190477267 0.073187307 0.978959680 58.772888184 -0.002801902 0.997253597 -0.074009784 -3.788138866 -0.981687546 0.011354230 0.190159187 59.053009033
0.193536073 0.069542825 0.978625298 59.511940002 -0.006758887 0.997555435 -0.069551356 -3.852131367 -0.981069744 0.006846279 0.193533003 59.211475372
0.196916223 0.069500297 0.977953792 60.248542786 -0.008034733 0.997565091 -0.069276161 -3.906369686 -0.980387390 0.005784004 0.196995199 59.359741211
0.199026138 0.071484573 0.977383494 60.961875916 -0.009983833 0.997432172 -0.070917882 -3.957251787 -0.979943275 0.004356476 0.199228778 59.510154724
0.200667202 0.076082356 0.976700604 61.664333344 -0.014338456 0.997101009 -0.074725591 -4.009373188 -0.979554474 0.000990595 0.201176375 59.664863586
0.202509508 0.079903863 0.976014972 62.356899261 -0.014962958 0.996801853 -0.078501008 -4.062108994 -0.979165912 0.001293129 0.203057408 59.821861267
0.204035535 0.085169658 0.975251615 63.035049438 -0.015651649 0.996364713 -0.083738953 -4.118412971 -0.978838265 0.001821427 0.204626858 59.980693817
0.205629855 0.087469049 0.974713027 63.712776184 -0.015158024 0.996162832 -0.086196117 -4.170022011 -0.978512406 0.002949770 0.206166685 60.127456665
0.207560018 0.087086961 0.974338055 64.405487061 -0.016960673 0.996199965 -0.085427925 -4.229413509 -0.978075147 0.001205986 0.208248362 60.273761749
0.207861930 0.084060803 0.974539459 65.067184448 -0.016875695 0.996460259 -0.082352161 -4.286164284 -0.978012562 0.000671850 0.208544776 60.421356201
0.208630905 0.081691019 0.974576712 65.725837708 -0.016929090 0.996657670 -0.079917811 -4.340719223 -0.977847874 0.000174629 0.209316567 60.565734863
0.208610609 0.080258265 0.974700153 66.373718262 -0.015288508 0.996772826 -0.078803658 -4.390286446 -0.977879167 0.001537568 0.209164470 60.703746796
0.206685513 0.079629220 0.975161672 67.005630493 -0.015909521 0.996824324 -0.078026108 -4.441029549 -0.978277922 0.000612508 0.207296014 60.848320007
0.205683514 0.080413900 0.975309134 67.619636536 -0.017564844 0.996761084 -0.078478336 -4.499434471 -0.978460848 -0.000989450 0.206429794 60.972434998
0.203284323 0.083302826 0.975569665 68.227714539 -0.018330906 0.996523380 -0.081272341 -4.550022602 -0.978948116 -0.001361682 0.204104573 61.104934692
0.201169625 0.086755238 0.975707173 68.822158813 -0.016076611 0.996228576 -0.085265271 -4.602745056 -0.979424536 0.001466717 0.201805651 61.227088928
0.199519604 0.087301672 0.975997090 69.428756714 -0.013928547 0.996175468 -0.086259209 -4.652416229 -0.979794800 0.003616183 0.199972510 61.358104706
0.197259501 0.086466245 0.976530731 70.012847900 -0.014147221 0.996250153 -0.085354552 -4.691439152 -0.980249226 0.003021801 0.197743073 61.472053528
0.194835663 0.083678715 0.977259874 70.599937439 -0.014529647 0.996491015 -0.082428627 -4.739054680 -0.980728328 0.001860791 0.195367783 61.590881348
0.192705616 0.079312027 0.978046060 71.175407410 -0.013726079 0.996848583 -0.078132287 -4.791408062 -0.981160641 0.001631794 0.193186924 61.708328247
0.190979660 0.078369342 0.978460431 71.736442566 -0.010739651 0.996914983 -0.077751242 -4.844980717 -0.981535256 0.004340582 0.191232130 61.811752319
0.189308465 0.080042601 0.978649795 72.280311584 -0.006627074 0.996753395 -0.080241360 -4.882520676 -0.981895328 0.008704780 0.189224288 61.908977509
0.186903954 0.081931755 0.978955626 72.832672119 -0.002286800 0.996549666 -0.082967654 -4.924759865 -0.982375562 0.013268306 0.186446398 62.013175964
0.184972584 0.083895534 0.979156196 73.377731323 -0.003083104 0.996394098 -0.084790088 -4.966582298 -0.982738912 0.012664999 0.184564248 62.118175507
0.183536410 0.086605191 0.979190469 73.918647766 -0.003666284 0.996164918 -0.087419309 -5.009281158 -0.983006120 0.012454634 0.183150038 62.221134186
0.182552949 0.084638193 0.979546249 74.471252441 -0.001439410 0.996309757 -0.085818402 -5.061801910 -0.983195007 0.014256430 0.182001084 62.322441101
0.183848381 0.083563864 0.979396224 75.018775940 0.004117187 0.996305704 -0.085779481 -5.099363804 -0.982945979 0.019802773 0.182825133 62.404808044
0.185936257 0.081389405 0.979185224 75.561302185 0.009623730 0.996364653 -0.084644817 -5.140205383 -0.982514620 0.025161952 0.184477091 62.498489380
0.188026026 0.080543809 0.978856027 76.112304688 0.012347843 0.996359169 -0.084355913 -5.186722279 -0.982086480 0.027947860 0.186346903 62.601306915
0.191239074 0.080161199 0.978264689 76.670143127 0.009926567 0.996450543 -0.083591923 -5.232348442 -0.981493354 0.025696851 0.189764559 62.718627930
0.196622044 0.080760241 0.977147639 77.223258972 0.008624542 0.996420920 -0.084088601 -5.278532028 -0.980441391 0.024961121 0.195221812 62.838146210
0.202894583 0.080054671 0.975922644 77.789382935 0.009691660 0.996439517 -0.083752550 -5.317199230 -0.979152620 0.026451249 0.201396331 62.969429016
0.211014122 0.080349296 0.974175036 78.360900879 0.007676838 0.996448815 -0.083849296 -5.359953880 -0.977452815 0.025171969 0.209647939 63.089950562
0.219112784 0.078216560 0.972559392 78.925102234 0.008148156 0.996600211 -0.081985742 -5.403376579 -0.975665510 0.025888685 0.217730492 63.237194061
0.227731526 0.078137547 0.970583797 79.488449097 0.004527456 0.996679366 -0.081300676 -5.444579124 -0.973713458 0.022909001 0.226621553 63.368114471
0.237114698 0.077900313 0.968353331 80.066291809 0.003411927 0.996706903 -0.081016704 -5.489019394 -0.971475720 0.022514200 0.236068070 63.520538330
0.246868104 0.081780255 0.965592086 80.656570435 -0.002208403 0.996477544 -0.083831459 -5.534774780 -0.969046652 0.018562900 0.246179104 63.687164307
0.255835176 0.083811611 0.963080525 81.257171631 -0.005407860 0.996343195 -0.085269734 -5.580461502 -0.966705322 0.016606793 0.255352914 63.870990753
0.267294794 0.086389430 0.959734619 81.849700928 -0.009367809 0.996159077 -0.087059125 -5.626219273 -0.963569283 0.014279840 0.267077416 64.038681030
0.277313203 0.088509254 0.956694067 82.460556030 -0.011216497 0.995978057 -0.088892363 -5.675995827 -0.960714102 0.013920269 0.277190626 64.231475830
0.286961049 0.089157797 0.953784168 83.081436157 -0.014238360 0.995946348 -0.088815190 -5.726872444 -0.957836449 0.011906176 0.287067264 64.435142517
0.297123075 0.089446172 0.950640440 83.710754395 -0.015148461 0.995918989 -0.088971779 -5.780131340 -0.954719067 0.012034827 0.297265440 64.640556335
0.307334125 0.090456344 0.947292686 84.353111267 -0.019231362 0.995858967 -0.088854589 -5.826066017 -0.951407373 0.009090319 0.307800978 64.863639832
0.318025440 0.086379580 0.944138944 84.997749329 -0.019445591 0.996225655 -0.084594935 -5.868309498 -0.947882712 0.008544001 0.318504870 65.083389282
0.328806579 0.078912161 0.941094637 85.658119202 -0.015281740 0.996817112 -0.078245312 -5.920187473 -0.944273651 0.011346011 0.328965932 65.316764832
0.339769661 0.074825652 0.937527418 86.327720642 -0.013929549 0.997121215 -0.074533723 -5.968548775 -0.940405488 0.012264966 0.339833796 65.564178467
0.350010902 0.071716145 0.933996379 87.004722595 -0.014847914 0.997364521 -0.071017615 -6.016228676 -0.936627984 0.010989042 0.350153238 65.826789856
0.359304637 0.069089964 0.930659354 87.692314148 -0.008144338 0.997449815 -0.070904009 -6.058328152 -0.933184743 0.017896533 0.358951092 66.094871521
0.368019938 0.063790299 0.927627146 88.393554688 -0.001841988 0.997691929 -0.067877680 -6.099189758 -0.929816067 0.023271663 0.367288113 66.368141174
0.375235558 0.054642260 0.925317526 89.116676331 0.007582998 0.998046577 -0.062012151 -6.140406609 -0.926898539 0.030285850 0.374088228 66.647567749
0.382245988 0.050024744 0.922705531 89.820884705 0.013032349 0.998142421 -0.059513438 -6.182583332 -0.923968673 0.034773786 0.380884022 66.936706543
0.389298052 0.049714305 0.919769287 90.525352478 0.014974006 0.998068869 -0.060284313 -6.234743595 -0.920990050 0.037241198 0.387801915 67.241500854
0.397017270 0.056237657 0.916086614 91.244094849 0.017467227 0.997477174 -0.068804167 -6.270813465 -0.917645037 0.043317925 0.395033300 67.547218323
0.404198080 0.060668677 0.912657261 91.949943542 0.021402407 0.996897280 -0.075747214 -6.311364174 -0.914421022 0.050149944 0.401645452 67.855285645
0.409138232 0.062834412 0.910306454 92.655609131 0.019316496 0.996806204 -0.077486925 -6.364043713 -0.912267983 0.049286794 0.406617731 68.185951233
0.413869858 0.064161025 0.908072293 93.360130310 0.012191232 0.997033060 -0.076003045 -6.425329685 -0.910254419 0.042525887 0.411859751 68.518478394
0.417819589 0.067924917 0.905987263 94.047340393 0.005590701 0.996990263 -0.077326007 -6.481626987 -0.908512831 0.037373427 0.416182280 68.852981567
0.421555579 0.070963524 0.904021561 94.724433899 0.004712294 0.996748269 -0.080439739 -6.542723656 -0.906790257 0.038169835 0.419850409 69.185157776
0.425630391 0.075592339 0.901734173 95.395202637 0.000928667 0.996467710 -0.083972171 -6.599545479 -0.904896557 0.036578529 0.424056739 69.504684448
0.429397076 0.078134619 0.899729490 96.066467285 -0.001298662 0.996302724 -0.085901476 -6.654624939 -0.903114855 0.035717394 0.427910984 69.830718994
0.433235675 0.077060454 0.897980213 96.729408264 -0.002838983 0.996449828 -0.084140942 -6.712008476 -0.901276231 0.033903509 0.431916386 70.160652161
0.437546343 0.073277280 0.896205187 97.383728027 -0.001327138 0.996725559 -0.080848277 -6.776309013 -0.899194896 0.034185492 0.436210871 70.475677490
0.440931410 0.070819214 0.894742608 98.015296936 -0.001706813 0.996946633 -0.078067578 -6.828214645 -0.897539198 0.032895286 0.439705908 70.789932251
0.444239408 0.069758914 0.893188119 98.642181396 -0.003171450 0.997080266 -0.076295629 -6.893771172 -0.895902395 0.031060824 0.443163544 71.120330811
0.447873056 0.071624383 0.891223609 99.272392273 -0.004888751 0.996967435 -0.077665836 -6.939822197 -0.894083738 0.030427467 0.446865022 71.433074951
0.450607628 0.072494335 0.889773726 99.880821228 -0.004263441 0.996860623 -0.079060122 -6.989478111 -0.892711937 0.031831600 0.449502110 71.743728638
0.452588439 0.070453525 0.888931930 100.483978271 -0.001834833 0.996945441 -0.078080088 -7.041872025 -0.891717672 0.033707101 0.451335222 72.056915283
0.454298377 0.069417514 0.888140798 101.072052002 -0.000220950 0.996968091 -0.077810481 -7.093050003 -0.890849531 0.035152949 0.452936321 72.356155396
0.456055224 0.069100901 0.887264729 101.656570435 -0.001243780 0.997029424 -0.077010170 -7.145547390 -0.889950633 0.034017332 0.454786450 72.666732788
0.457801104 0.068242140 0.886431754 102.227905273 0.000793379 0.997017980 -0.077165395 -7.192406654 -0.889054298 0.036029678 0.456381798 72.977340698
0.460851550 0.070098728 0.884704471 102.796249390 -0.000757368 0.996906340 -0.078594446 -7.247863770 -0.887476921 0.035550315 0.459478945 73.257995605
0.463629425 0.069831118 0.883273065 103.352203369 0.002670229 0.996774673 -0.080206119 -7.296113968 -0.886025190 0.039544459 0.461947650 73.552833557
0.466825724 0.069062211 0.881648421 103.905570984 0.004391884 0.996752620 -0.080404133 -7.345648766 -0.884338439 0.041406821 0.465006411 73.843032837
0.470008373 0.067271702 0.880094707 104.447830200 0.007181021 0.996767044 -0.080024742 -7.396834373 -0.882632792 0.043932285 0.468005776 74.131370544
0.473315477 0.066593274 0.878372312 104.969833374 0.008679626 0.996737480 -0.080244124 -7.439301491 -0.880850255 0.045604736 0.471193314 74.410850525
0.476653248 0.066096731 0.876603007 105.486404419 0.009714632 0.996712506 -0.080435447 -7.485344410 -0.879037678 0.046855696 0.474444151 74.690231323
0.480381489 0.065196909 0.874633074 105.987785339 0.010337050 0.996743262 -0.079976723 -7.532577515 -0.876998723 0.047460467 0.478143007 74.958290100
0.484006315 0.064967342 0.872649550 106.501602173 0.012057170 0.996650457 -0.080886386 -7.573264122 -0.874981463 0.049671210 0.481601804 75.240661621
0.487929463 0.065877028 0.870393634 107.001861572 0.011597877 0.996570647 -0.081928514 -7.621450901 -0.872806013 0.050070059 0.485492170 75.521865845
0.491895795 0.066365145 0.868121088 107.503067017 0.013624327 0.996381879 -0.083890125 -7.665212631 -0.870547414 0.053092767 0.489211887 75.817481995
0.496522784 0.069458179 0.865240276 107.992439270 0.011825739 0.996159554 -0.086754136 -7.713720322 -0.867943048 0.053307518 0.493794441 76.106811523
0.502282262 0.075198665 0.861427784 108.467819214 0.008754962 0.995718122 -0.092026435 -7.754755497 -0.864659369 0.053765021 0.499473184 76.390632629
0.507714152 0.082185343 0.857596576 108.943733215 0.002436820 0.995298445 -0.096824273 -7.816826344 -0.861521959 0.051248863 0.505126953 76.689956665
0.514040172 0.088622302 0.853175700 109.425430298 -0.002431417 0.994794965 -0.101867847 -7.861016750 -0.857762575 0.050289743 0.511580110 76.991577148
0.520012856 0.092899814 0.849091470 109.903884888 -0.006235039 0.994454205 -0.104985520 -7.920100689 -0.854135692 0.049299706 0.517708242 77.308341980
0.525555253 0.093499206 0.845606029 110.389541626 -0.010550355 0.994582415 -0.103414431 -7.970390320 -0.850693941 0.045428559 0.523694515 77.622055054
0.530988276 0.092803970 0.842281938 110.887733459 -0.017739270 0.994984269 -0.098445833 -8.024621964 -0.847193480 0.037332118 0.529971242 77.949447632
0.536786079 0.090175897 0.838885605 111.384849548 -0.023667317 0.995490074 -0.091865838 -8.077227592 -0.843386412 0.029458134 0.536499441 78.287979126
0.542787552 0.088574514 0.835186362 111.888687134 -0.030013997 0.995833814 -0.086105667 -8.129905701 -0.839333594 0.021669794 0.543184638 78.634819031
0.548870444 0.086604416 0.831408978 112.402244568 -0.032773588 0.996083200 -0.082121745 -8.182903290 -0.835264742 0.017825939 0.549558938 78.988586426
0.554895878 0.090249270 0.827010095 112.919303894 -0.038056243 0.995811343 -0.083135612 -8.228722572 -0.831048906 0.014658714 0.556006134 79.353622437
0.561125159 0.094180465 0.822355568 113.439292908 -0.041835923 0.995463014 -0.085459344 -8.274885178 -0.826673031 0.013549388 0.562519491 79.727088928
0.567008793 0.097484268 0.817923009 113.963348389 -0.044473838 0.995146871 -0.087776154 -8.321592331 -0.822510242 0.013393673 0.568592429 80.109207153
0.573079288 0.099953227 0.813381553 114.498207092 -0.047102768 0.994910657 -0.089073703 -8.367401123 -0.818145216 0.012733771 0.574870646 80.499618530
