1.000000000 0.000000000 0.000000000 0.000000000 0.000000000 1.000000000 0.000000000 0.000000000 0.000000000 0.000000000 1.000000000 0.000000000
1.000000000 -0.000057286 0.000129836 -0.014841229 0.000057098 0.999998927 0.001451303 -0.012867779 -0.000129919 -0.001451296 0.999998927 1.315635800
0.999998569 -0.001577110 -0.000629169 -0.011653500 0.001578224 0.999997199 0.001773604 -0.039503153 0.000626370 -0.001774594 0.999998212 2.616537333
0.999995947 -0.002772537 -0.000628864 -0.016149467 0.002772974 0.999995887 0.000696474 -0.054392189 0.000626930 -0.000698214 0.999999523 3.928272724
0.999995649 -0.002888619 -0.000502653 -0.027695736 0.002888994 0.999995530 0.000747154 -0.071898594 0.000500493 -0.000748603 0.999999583 5.248495579
0.999993563 -0.003536582 -0.000576156 -0.025983091 0.003537548 0.999992311 0.001684137 -0.098111331 0.000570195 -0.001686165 0.999998331 6.570193291
0.999987423 -0.004996588 -0.000278258 -0.033461198 0.004997331 0.999983668 0.002737248 -0.112186149 0.000264577 -0.002738604 0.999996185 7.895017147
0.999989271 -0.004625173 -0.000330401 -0.039406203 0.004626298 0.999983191 0.003487231 -0.136289105 0.000314266 -0.003488722 0.999993861 9.233435631
0.999993742 -0.003522521 -0.000509023 -0.050172091 0.003523319 0.999992549 0.001574483 -0.152653426 0.000503473 -0.001576266 0.999998629 10.578431129
0.999998748 -0.001338452 -0.000874928 -0.051452570 0.001338164 0.999998987 -0.000331058 -0.175105140 0.000875370 0.000329887 0.999999583 11.933414459
0.999997437 0.002276926 -0.000461487 -0.074063294 -0.002277471 0.999996722 -0.001182988 -0.205487639 0.000458792 0.001184035 0.999999166 13.243171692
0.999988556 0.004751284 -0.000585589 -0.085859172 -0.004752038 0.999987900 -0.001293616 -0.227792546 0.000579436 0.001296384 0.999998987 14.583448410
0.999982774 0.005866384 -0.000093156 -0.102434851 -0.005866415 0.999982715 -0.000343781 -0.250003427 0.000091138 0.000344321 0.999999940 15.933414459
0.999993980 0.003453803 0.000109084 -0.104871385 -0.003454068 0.999990821 0.002526415 -0.270051509 -0.000100357 -0.002526776 0.999996841 17.282499313
0.999999583 -0.000910333 0.000029098 -0.097871631 0.000910197 0.999989927 0.004386857 -0.292876571 -0.000033091 -0.004386829 0.999990404 18.657560349
0.999995053 -0.003179003 -0.000062241 -0.101300091 0.003179109 0.999993324 0.001772828 -0.303654492 0.000056604 -0.001773018 0.999998391 19.990852356
0.999992311 -0.003913076 0.000024933 -0.114907973 0.003913077 0.999992371 -0.000063332 -0.321754277 -0.000024685 0.000063429 1.000000000 21.334604263
0.999997854 -0.001569508 0.001338661 -0.136251494 0.001571737 0.999997318 -0.001666377 -0.343331069 -0.001336042 0.001668477 0.999997735 22.673698425
0.999997854 0.001391313 0.001543744 -0.126612782 -0.001391871 0.999998987 0.000360264 -0.369282544 -0.001543241 -0.000362412 0.999998748 24.047422409
0.999996066 0.001920152 0.002067659 -0.131716132 -0.001927962 0.999991059 0.003781362 -0.386236429 -0.002060380 -0.003785333 0.999990761 25.418754578
0.999995291 -0.000653538 0.002989125 -0.140240788 0.000636250 0.999983072 0.005781012 -0.401798189 -0.002992853 -0.005779083 0.999978781 26.794589996
0.999982059 -0.005713395 0.001806562 -0.119396523 0.005705907 0.999975324 0.004123620 -0.423857301 -0.001830077 -0.004113238 0.999989867 28.185188293
0.999983132 -0.005391066 0.002133998 -0.125975698 0.005387053 0.999983728 0.001882436 -0.437177479 -0.002144112 -0.001870909 0.999995947 29.557634354
0.999976993 -0.006232173 0.002679599 -0.129869998 0.006234107 0.999980271 -0.000713703 -0.460544348 -0.002675098 0.000730391 0.999996126 30.931520462
0.999990344 -0.002810765 0.003385671 -0.143969744 0.002814613 0.999995351 -0.001131991 -0.486146748 -0.003382473 0.001141509 0.999993622 32.309955597
0.999990761 -0.002491145 0.003498630 -0.133138418 0.002502881 0.999991238 -0.003354147 -0.513705432 -0.003490243 0.003362872 0.999988258 33.695400238
0.999992073 -0.001466812 0.003696153 -0.136860862 0.001476996 0.999995172 -0.002753972 -0.535689354 -0.003692095 0.002759410 0.999989390 35.081150055
0.999992907 -0.000946448 0.003652177 -0.144936457 0.000952895 0.999997973 -0.001763997 -0.560713768 -0.003650500 0.001767465 0.999991775 36.472225189
0.999994218 0.000489102 0.003391177 -0.151924983 -0.000489110 0.999999821 0.000001639 -0.584003866 -0.003391176 -0.000003297 0.999994218 37.871116638
0.999990046 0.002968589 0.003316902 -0.152268931 -0.002970126 0.999995470 0.000458265 -0.613575578 -0.003315526 -0.000468112 0.999994338 39.278949738
0.999975741 0.005767466 0.003908909 -0.167131707 -0.005767641 0.999983370 0.000033252 -0.633739412 -0.003908651 -0.000055796 0.999992311 40.667720795
0.999965191 0.007503816 0.003645773 -0.165169030 -0.007504765 0.999971807 0.000246242 -0.653217018 -0.003643822 -0.000273595 0.999993324 42.090595245
0.999959767 0.008342799 0.003285456 -0.168103367 -0.008343707 0.999965131 0.000262598 -0.675254047 -0.003283151 -0.000290000 0.999994576 43.488059998
0.999969482 0.007307936 0.002761879 -0.168004304 -0.007308420 0.999973297 0.000165467 -0.699909091 -0.002760596 -0.000185647 0.999996185 44.913700104
0.999976993 0.006459698 0.002059343 -0.167889401 -0.006459408 0.999979138 -0.000147565 -0.721286952 -0.002060253 0.000134260 0.999997854 46.307727814
0.999983490 0.005677959 0.000914398 -0.169866309 -0.005678072 0.999983788 0.000121204 -0.747221410 -0.000913695 -0.000126394 0.999999583 47.728458405
0.999981523 0.006080897 -0.000074300 -0.175407276 -0.006080801 0.999980807 0.001221786 -0.766782701 0.000081728 -0.001221312 0.999999285 49.155876160
0.999977529 0.006595853 -0.001208369 -0.182872474 -0.006594759 0.999977827 0.000906495 -0.790002108 0.001214321 -0.000898505 0.999998868 50.573902130
0.999972165 0.007090230 -0.002302731 -0.198888823 -0.007086626 0.999973655 0.001569381 -0.811152816 0.002313797 -0.001553018 0.999996185 51.982955933
0.999970794 0.006902829 -0.003310465 -0.211718261 -0.006895117 0.999973476 0.002334576 -0.833453536 0.003326492 -0.002311682 0.999991775 53.408931732
0.999977231 0.005611311 -0.003761278 -0.225171611 -0.005598722 0.999978721 0.003348762 -0.853917956 0.003779989 -0.003327627 0.999987245 54.846771240
0.999982417 0.003787182 -0.004554047 -0.233361155 -0.003771571 0.999987006 0.003431255 -0.873673439 0.004566982 -0.003414019 0.999983728 56.275981903
0.999987721 0.001029837 -0.004846471 -0.250914842 -0.001015392 0.999995053 0.002982101 -0.898738682 0.004849518 -0.002977144 0.999983728 57.679874420
0.999987125 -0.000095900 -0.005075713 -0.263716191 0.000113310 0.999994099 0.003429849 -0.919013321 0.005075355 -0.003430380 0.999981225 59.102840424
0.999988794 -0.001329709 -0.004528841 -0.272823662 0.001347269 0.999991596 0.003876561 -0.938658118 0.004523648 -0.003882620 0.999982238 60.528392792
0.999987781 -0.002854536 -0.004049924 -0.281350970 0.002874303 0.999983966 0.004883602 -0.958570480 0.004035919 -0.004895183 0.999979854 61.959789276
0.999984920 -0.004230615 -0.003497916 -0.299055070 0.004246786 0.999980211 0.004628332 -0.986843109 0.003478267 -0.004643117 0.999983191 63.358264923
0.999981225 -0.005377397 -0.002947120 -0.311315715 0.005388197 0.999978721 0.003668914 -1.002531171 0.002927328 -0.003684724 0.999988973 64.770278931
0.999979913 -0.005795323 -0.002543300 -0.314622998 0.005804476 0.999976635 0.003606443 -1.029783487 0.002522340 -0.003621133 0.999990284 66.180282593
0.999987185 -0.004832455 -0.001542068 -0.325289100 0.004837967 0.999981880 0.003590611 -1.047377229 0.001524688 -0.003598025 0.999992430 67.612991333
0.999997973 -0.001620641 -0.001193304 -0.342623830 0.001626240 0.999987602 0.004705827 -1.066625714 0.001185663 -0.004707758 0.999988198 68.990936279
0.999997973 0.002026510 -0.000063764 -0.363555700 -0.002026102 0.999980748 0.005855050 -1.084371209 0.000075628 -0.005854908 0.999982893 70.386543274
0.999983490 0.005704687 0.000600276 -0.370511800 -0.005708434 0.999962926 0.006435988 -1.104791641 -0.000563538 -0.006439309 0.999979138 71.784149170
0.999953985 0.009525369 0.001063906 -0.385633856 -0.009531626 0.999936283 0.006041104 -1.120118856 -0.001006295 -0.006050967 0.999981225 73.178039551
0.999914706 0.012937880 0.001736746 -0.395608187 -0.012947268 0.999900997 0.005507528 -1.145108461 -0.001665318 -0.005529546 0.999983311 74.583435059
0.999888897 0.014715082 0.002380373 -0.401007205 -0.014727905 0.999876618 0.005462671 -1.164192677 -0.002299696 -0.005497122 0.999982178 75.971603394
0.999892414 0.014451140 0.002552531 -0.404563010 -0.014465913 0.999878109 0.005867726 -1.179816246 -0.002467425 -0.005904019 0.999979556 77.369171143
0.999898672 0.013917949 0.002976045 -0.415312409 -0.013934076 0.999887884 0.005467816 -1.200189590 -0.002899610 -0.005508731 0.999980628 78.743835449
0.999918222 0.012483792 0.002782153 -0.419776708 -0.012496521 0.999911308 0.004604984 -1.218647242 -0.002724419 -0.004639374 0.999985516 80.133522034
0.999929368 0.011680542 0.002209095 -0.419192791 -0.011690898 0.999920368 0.004733777 -1.238597989 -0.002153626 -0.004759268 0.999986351 81.512832642
0.999929070 0.011714191 0.002139613 -0.424906969 -0.011724351 0.999919713 0.004799758 -1.256967306 -0.002083216 -0.004824503 0.999986172 82.884239197
0.999937475 0.011112684 0.001243757 -0.418796003 -0.011117806 0.999929368 0.004188136 -1.271981120 -0.001197128 -0.004201702 0.999990463 84.263481140
0.999936283 0.011268557 0.000608878 -0.433056146 -0.011271325 0.999925196 0.004750991 -1.291504979 -0.000555296 -0.004757553 0.999988496 85.636230469
0.999941111 0.010846033 -0.000359407 -0.436586559 -0.010843859 0.999925554 0.005583213 -1.313770652 0.000419936 -0.005578986 0.999984324 87.003852844
0.999960363 0.008822625 -0.001195279 -0.455837816 -0.008814907 0.999941170 0.006316429 -1.326327085 0.001250937 -0.006305643 0.999979317 88.412437439
0.999975443 0.006529140 -0.002546350 -0.452258050 -0.006510682 0.999952912 0.007190479 -1.356055260 0.002593179 -0.007173725 0.999970913 89.754249573
0.999986589 0.003808202 -0.003508529 -0.459181428 -0.003781973 0.999965072 0.007452381 -1.374601126 0.003536786 -0.007439012 0.999966085 91.113037109
0.999987721 0.002785887 -0.004080383 -0.465643138 -0.002757427 0.999971867 0.006964268 -1.399225473 0.004099671 -0.006952932 0.999967337 92.489639282
0.999988973 0.001938266 -0.004268880 -0.479354739 -0.001909975 0.999976218 0.006621309 -1.413838625 0.004281612 -0.006613083 0.999968886 93.830894470
0.999988973 0.002132970 -0.004183504 -0.498514265 -0.002108227 0.999980271 0.005910045 -1.429192066 0.004196028 -0.005901159 0.999973774 95.201881409
0.999989927 0.001975739 -0.004038485 -0.517835319 -0.001953369 0.999982715 0.005535543 -1.447531223 0.004049353 -0.005527598 0.999976516 96.557701111
0.999988973 0.002813232 -0.003754450 -0.531749785 -0.002796048 0.999985635 0.004574651 -1.463501692 0.003767266 -0.004564103 0.999982476 97.885810852
0.999987006 0.003910786 -0.003274173 -0.556268394 -0.003895110 0.999980986 0.004780652 -1.479232550 0.003292807 -0.004767837 0.999983191 99.225967407
0.999984324 0.004576906 -0.003231017 -0.555147409 -0.004556563 0.999969900 0.006275838 -1.499565601 0.003259644 -0.006261017 0.999975085 100.566558838
0.999979854 0.005336247 -0.003448295 -0.573604822 -0.005309450 0.999955952 0.007734292 -1.515597343 0.003489415 -0.007715827 0.999964178 101.895668030
0.999982893 0.004994759 -0.003045740 -0.575993419 -0.004975988 0.999968767 0.006139920 -1.537568212 0.003076313 -0.006124659 0.999976516 103.273597717
0.999983490 0.004960603 -0.002908952 -0.593078136 -0.004949332 0.999980271 0.003868935 -1.550719261 0.002928087 -0.003854474 0.999988317 104.599288940
0.999985397 0.004413089 -0.003159296 -0.599826932 -0.004404812 0.999987006 0.002621842 -1.574986696 0.003170825 -0.002607887 0.999991536 105.929679871
0.999992907 0.001939034 -0.003230172 -0.608036518 -0.001926563 0.999990761 0.003859624 -1.591922998 0.003237626 -0.003853374 0.999987364 107.259414673
0.999997675 0.000244300 -0.002141902 -0.627761245 -0.000231985 0.999983430 0.005747631 -1.608501077 0.002143271 -0.005747121 0.999981165 108.594482422
0.999997914 -0.001494922 -0.001412547 -0.636266589 0.001504197 0.999977171 0.006588667 -1.631261587 0.001402666 -0.006590778 0.999977231 109.925628662
0.999998033 -0.001939069 -0.000440788 -0.643280745 0.001941147 0.999986708 0.004763936 -1.641558290 0.000431544 -0.004764781 0.999988556 111.271644592
1.000000000 0.000095691 0.000335155 -0.653864384 -0.000096637 0.999995947 0.002825236 -1.661314487 -0.000334883 -0.002825268 0.999995947 112.601509094
0.999995947 0.002451304 0.001417036 -0.661115646 -0.002451831 0.999996901 0.000369751 -1.679400563 -0.001416125 -0.000373224 0.999998927 113.928642273
0.999982476 0.005353303 0.002564002 -0.666563094 -0.005354988 0.999985456 0.000650959 -1.701496601 -0.002560480 -0.000664678 0.999996543 115.250350952
0.999970675 0.006352007 0.004275375 -0.670162559 -0.006362863 0.999976516 0.002530470 -1.724202275 -0.004259202 -0.002557599 0.999987662 116.600425720
0.999963522 0.006644230 0.005363246 -0.668887794 -0.006669564 0.999966621 0.004719624 -1.740858555 -0.005331709 -0.004755222 0.999974489 117.926666260
0.999963582 0.005932097 0.006137182 -0.670297146 -0.005965160 0.999967635 0.005383167 -1.761296391 -0.006105049 -0.005419580 0.999966621 119.271583557
0.999953330 0.006597799 0.007056338 -0.663556039 -0.006629121 0.999968231 0.004424658 -1.773123741 -0.007026920 -0.004471228 0.999965310 120.620712280
0.999931991 0.007932813 0.008551089 -0.666584849 -0.007971980 0.999957800 0.004555890 -1.796370983 -0.008514587 -0.004623748 0.999953032 121.944282532
0.999904096 0.009780296 0.009803978 -0.658879638 -0.009824070 0.999941945 0.004426596 -1.813640833 -0.009760115 -0.004522486 0.999942124 123.283378601
0.999883056 0.010801644 0.010814299 -0.660765052 -0.010833926 0.999936998 0.002930957 -1.826962471 -0.010781956 -0.003047776 0.999937236 124.624443054
0.999852538 0.012336957 0.011940596 -0.656768680 -0.012358963 0.999921978 0.001770790 -1.840054393 -0.011917818 -0.001918102 0.999927163 125.975723267
0.999855042 0.010979085 0.013007177 -0.651286840 -0.011005421 0.999937475 0.001954891 -1.862275243 -0.012984901 -0.002097757 0.999913514 127.317161560
0.999840856 0.010948990 0.014081306 -0.646110177 -0.010991068 0.999935329 0.002914408 -1.879075766 -0.014048486 -0.003068713 0.999896646 128.655120850
0.999849856 0.009145772 0.014719828 -0.633065343 -0.009205042 0.999949872 0.003963925 -1.897039175 -0.014682835 -0.004098827 0.999883771 130.025268555
0.999851227 0.008352510 0.015091646 -0.618726492 -0.008418485 0.999955237 0.004313423 -1.913619995 -0.015054939 -0.004439831 0.999876797 131.372299194
0.999865770 0.006482746 0.015049245 -0.599743605 -0.006548278 0.999969304 0.004309321 -1.929288387 -0.015020846 -0.004407290 0.999877453 132.726135254
0.999868810 0.005184696 0.015339738 -0.605415344 -0.005261546 0.999973774 0.004973712 -1.950435877 -0.015313549 -0.005053771 0.999869883 134.057632446
0.999882936 0.003937913 0.014783713 -0.593901157 -0.004006511 0.999981284 0.004613334 -1.966231585 -0.014765270 -0.004672025 0.999880016 135.411331177
0.999904931 0.002515650 0.013559468 -0.582655191 -0.002575878 0.999986827 0.004426145 -1.980489731 -0.013548158 -0.004460652 0.999898195 136.740707397
0.999921679 0.001363013 0.012439699 -0.571535349 -0.001428183 0.999985278 0.005231488 -1.995416164 -0.012432387 -0.005248845 0.999908864 138.093734741
0.999935091 -0.000248688 0.011391302 -0.560281396 0.000184452 0.999984086 0.005639709 -2.018608332 -0.011392526 -0.005637242 0.999919176 139.433746338
0.999948204 -0.000853142 0.010140599 -0.552465081 0.000798299 0.999985099 0.005411061 -2.030928135 -0.010145064 -0.005402685 0.999933958 140.775024414
0.999958694 -0.000965377 0.009037219 -0.547821403 0.000920993 0.999987483 0.004914112 -2.049546719 -0.009041849 -0.004905586 0.999947071 142.108566284
0.999968231 -0.001189863 0.007879011 -0.546013474 0.001154431 0.999989152 0.004500052 -2.066090822 -0.007884282 -0.004490813 0.999958813 143.442214966
0.999969959 -0.003548129 0.006878995 -0.534408987 0.003532947 0.999991238 0.002218029 -2.088130713 -0.006886805 -0.002193659 0.999973893 144.778305054
0.999940217 -0.008961949 0.006256863 -0.531383336 0.008951366 0.999958396 0.001717431 -2.106392622 -0.006271994 -0.001661321 0.999978960 146.131332397
0.999851942 -0.016400043 0.005192154 -0.522933662 0.016378399 0.999857068 0.004183959 -2.128283501 -0.005260028 -0.004098300 0.999977767 147.463562012
0.999724865 -0.023180084 0.003581872 -0.512205362 0.023159731 0.999715984 0.005622664 -2.143414736 -0.003711189 -0.005538162 0.999977827 148.798553467
0.999642074 -0.026650306 0.002336449 -0.498680264 0.026645413 0.999642789 0.002101482 -2.160153151 -0.002391620 -0.002038475 0.999995053 150.146026611
0.999657035 -0.026006950 0.003068019 -0.507339716 0.026009485 0.999661386 -0.000789618 -2.186168671 -0.003046445 0.000869145 0.999994993 151.473632812
0.999742031 -0.022456972 0.003401814 -0.509304523 0.022465793 0.999744296 -0.002577877 -2.213940620 -0.003343053 0.002653637 0.999990880 152.793457031
0.999734044 -0.022511559 0.005006199 -0.518536031 0.022525793 0.999742270 -0.002805013 -2.237052441 -0.004941763 0.002917036 0.999983490 154.152313232
0.999657035 -0.025576558 0.005629053 -0.519213378 0.025573172 0.999672711 0.000672965 -2.261658907 -0.005644422 -0.000528781 0.999983907 155.494598389
0.999481916 -0.031628042 0.005950296 -0.504178345 0.031607244 0.999494016 0.003556853 -2.285984516 -0.006059782 -0.003366937 0.999975920 156.849014282
0.999343097 -0.035746261 0.005958776 -0.498081028 0.035716504 0.999349356 0.005027380 -2.304040909 -0.006134609 -0.004811251 0.999969602 158.179031372
0.999299109 -0.036924601 0.006153829 -0.492836654 0.036895446 0.999307692 0.004785912 -2.322551250 -0.006326288 -0.004555508 0.999969602 159.531265259
0.999357045 -0.035198539 0.006822719 -0.488715529 0.035160158 0.999365628 0.005664848 -2.339807987 -0.007017786 -0.005421318 0.999960661 160.873153687
0.999476492 -0.031427383 0.007680884 -0.471911669 0.031389605 0.999494731 0.004990764 -2.360561132 -0.007833851 -0.004747051 0.999958098 162.249938965
0.999574184 -0.027578982 0.009530920 -0.501568079 0.027555807 0.999616981 0.002554363 -2.374829769 -0.009597713 -0.002290643 0.999951243 163.548263550
0.999638081 -0.024878716 0.010241824 -0.493728995 0.024857312 0.999688447 0.002212091 -2.395630836 -0.010293668 -0.001956706 0.999945045 164.899536133
0.999694645 -0.022283543 0.010675929 -0.493799448 0.022251785 0.999747634 0.003084505 -2.412339449 -0.010741967 -0.002846004 0.999938250 166.243408203
0.999731719 -0.020896867 0.009987445 -0.474791408 0.020868093 0.999777794 0.002976172 -2.438415051 -0.010047419 -0.002766954 0.999945700 167.612289429
0.999785721 -0.018206095 0.009852665 -0.473683119 0.018206015 0.999834180 0.000097912 -2.449468374 -0.009852816 0.000081487 0.999951422 168.982894897
0.999856114 -0.014181124 0.009310005 -0.470846057 0.014207168 0.999895275 -0.002737345 -2.471073389 -0.009270212 0.002869220 0.999952912 170.336029053
0.999913275 -0.009108655 0.009526091 -0.476186633 0.009145556 0.999950826 -0.003837166 -2.500718355 -0.009490672 0.003923954 0.999947190 171.689468384
0.999939680 -0.004849372 0.009857336 -0.478719115 0.004874885 0.999984801 -0.002565867 -2.526484728 -0.009844744 0.002613766 0.999948144 173.059616089
0.999943972 -0.001704667 0.010449346 -0.479526997 0.001712770 0.999998152 -0.000766521 -2.548262835 -0.010448022 0.000784375 0.999945045 174.419281006
0.999944746 -0.000682476 0.010495657 -0.474968910 0.000669329 0.999998927 0.001256067 -2.566993952 -0.010496503 -0.001248972 0.999944091 175.802246094
0.999942780 -0.004461027 0.009721796 -0.470542908 0.004436046 0.999986827 0.002589570 -2.591284275 -0.009733220 -0.002546295 0.999949396 177.175399780
0.999952972 -0.006132985 0.007523029 -0.454623222 0.006115947 0.999978721 0.002285659 -2.603481293 -0.007536887 -0.002239541 0.999969065 178.564575195
0.999958158 -0.006872935 0.006038058 -0.459854603 0.006883309 0.999974847 -0.001698972 -2.633001566 -0.006026228 0.001740462 0.999980330 179.940597534
0.999976337 -0.005279096 0.004419439 -0.453635812 0.005304920 0.999968767 -0.005852024 -2.658196688 -0.004388408 0.005875329 0.999973118 181.335494995
0.999992669 0.000034680 0.003829798 -0.465364456 -0.000009523 0.999978423 -0.006568610 -2.688563347 -0.003829944 0.006568526 0.999971092 182.742797852
0.999986351 0.003669438 0.003724034 -0.473893702 -0.003648173 0.999977052 -0.005700815 -2.718215942 -0.003744868 0.005687150 0.999976814 184.141464233
0.999975801 0.005619934 0.004101470 -0.485345960 -0.005611071 0.999981999 -0.002169401 -2.747433424 -0.004113588 0.002146334 0.999989212 185.531616211
0.999969542 0.006449066 0.004377185 -0.487740099 -0.006448774 0.999979198 -0.000081013 -2.772062063 -0.004377616 0.000052783 0.999990344 186.927871704
0.999973416 0.005874160 0.004319820 -0.483683765 -0.005876749 0.999982595 0.000586883 -2.784979582 -0.004316296 -0.000612254 0.999990463 188.355957031
0.999981940 0.004056019 0.004434133 -0.486021757 -0.004061073 0.999991119 0.001131277 -2.807524204 -0.004429505 -0.001149264 0.999989510 189.781936646
0.999987602 0.001876003 0.004616676 -0.488785744 -0.001884243 0.999996662 0.001781278 -2.831604242 -0.004613319 -0.001789955 0.999987721 191.206481934
0.999987423 -0.001471597 0.004794563 -0.478241622 0.001462750 0.999997318 0.001848161 -2.851248503 -0.004797269 -0.001841124 0.999986827 192.638778687
0.999974430 -0.004640841 0.005444191 -0.480503082 0.004624615 0.999984860 0.002989274 -2.871931553 -0.005457982 -0.002964020 0.999980688 194.067245483
0.999942183 -0.009267884 0.005451357 -0.467039704 0.009243100 0.999946892 0.004554191 -2.891468048 -0.005493275 -0.004503540 0.999974787 195.517868042
0.999916017 -0.011520945 0.005919735 -0.461119413 0.011495719 0.999924719 0.004277638 -2.904625654 -0.005968573 -0.004209227 0.999973357 196.960632324
0.999931514 -0.009864155 0.006296631 -0.464673042 0.009863348 0.999951482 0.000159121 -2.931465387 -0.006297895 -0.000097004 0.999980092 198.387680054
0.999974430 -0.002616015 0.006655804 -0.470513940 0.002647683 0.999985337 -0.004753556 -2.954043388 -0.006643271 0.004771056 0.999966562 199.812377930
0.999943554 0.006632209 0.008298310 -0.486908793 -0.006591660 0.999966264 -0.004904352 -2.981145382 -0.008330557 0.004849375 0.999953568 201.255218506
0.999852598 0.014489220 0.009206561 -0.491041899 -0.014475958 0.999894083 -0.001505564 -3.002180338 -0.009227400 0.001372068 0.999956489 202.698120117
0.999842942 0.014489205 0.010205482 -0.492757320 -0.014502909 0.999893963 0.001269953 -3.036835909 -0.010186000 -0.001417762 0.999947131 204.128479004
0.999868095 0.012970937 0.009775884 -0.492162943 -0.012985457 0.999914646 0.001423109 -3.052440882 -0.009756587 -0.001549865 0.999951243 205.555007935
0.999914110 0.009879650 0.008603094 -0.475463033 -0.009891376 0.999950171 0.001321749 -3.071349621 -0.008589610 -0.001406732 0.999962032 207.015838623
0.999934077 0.008203318 0.008034106 -0.476114273 -0.008208777 0.999966145 0.000646801 -3.089655638 -0.008028530 -0.000712708 0.999967456 208.468734741
0.999936521 0.008428833 0.007476990 -0.463060021 -0.008431355 0.999964416 0.000305756 -3.114196062 -0.007474148 -0.000368778 0.999971926 209.968231201
0.999928653 0.009635740 0.007058131 -0.457944632 -0.009640661 0.999953330 0.000663789 -3.144342422 -0.007051404 -0.000731787 0.999974787 211.438690186
0.999923408 0.010155945 0.007067242 -0.455901742 -0.010167466 0.999947071 0.001596329 -3.169195175 -0.007050654 -0.001668063 0.999973714 212.899154663
0.999922633 0.010384707 0.006849156 -0.456375241 -0.010391807 0.999945521 0.001001908 -3.188376188 -0.006838378 -0.001073005 0.999976039 214.378982544
0.999927819 0.010014486 0.006636528 -0.456062078 -0.010012735 0.999949813 -0.000297180 -3.212848663 -0.006639172 0.000230709 0.999977946 215.846954346
0.999936998 0.009318268 0.006258328 -0.447791338 -0.009315325 0.999956489 -0.000498986 -3.230651140 -0.006262705 0.000440656 0.999980271 217.334442139
0.999934256 0.009717765 0.006075116 -0.450372815 -0.009714480 0.999952614 -0.000570339 -3.254466772 -0.006080371 0.000511285 0.999981403 218.809219360
0.999932349 0.010045195 0.005864247 -0.451795936 -0.010040740 0.999949217 -0.000789257 -3.277481079 -0.005871878 0.000730322 0.999982417 220.294189453
0.999934494 0.010145222 0.005303016 -0.443491101 -0.010139421 0.999947965 -0.001119849 -3.301807404 -0.005314101 0.001066006 0.999985278 221.795486450
0.999928415 0.010869556 0.004995989 -0.449949503 -0.010864357 0.999940336 -0.001066886 -3.334567308 -0.005007288 0.001012532 0.999986947 223.253036499
0.999932170 0.010640122 0.004732328 -0.452238798 -0.010635451 0.999942899 -0.001010953 -3.361388445 -0.004742816 0.000960554 0.999988258 224.731460571
0.999923766 0.011459888 0.004593241 -0.455703020 -0.011454192 0.999933600 -0.001264451 -3.384210110 -0.004607425 0.001211742 0.999988675 226.255462646
0.999934852 0.010394013 0.004712618 -0.458996892 -0.010386953 0.999944925 -0.001519995 -3.406805992 -0.004728156 0.001470946 0.999987781 227.751693726
0.999947190 0.009144048 0.004690561 -0.466006637 -0.009137305 0.999957204 -0.001457118 -3.436451674 -0.004703684 0.001414182 0.999987960 229.216644287
0.999955833 0.008044659 0.004865177 -0.469774008 -0.008039529 0.999967098 -0.001073164 -3.465032816 -0.004873651 0.001034003 0.999987602 230.711914062
0.999963284 0.006787198 0.005218852 -0.473955750 -0.006784623 0.999976873 -0.000510971 -3.485942364 -0.005222199 0.000475545 0.999986231 232.204177856
0.999962568 0.006965623 0.005128282 -0.472222328 -0.006963700 0.999975741 -0.000392672 -3.508924484 -0.005130894 0.000356946 0.999986708 233.708282471
0.999960840 0.007097113 0.005284873 -0.482093811 -0.007095233 0.999974787 -0.000374466 -3.543952227 -0.005287398 0.000336954 0.999985933 235.213058472
0.999953330 0.007791191 0.005711699 -0.484780192 -0.007786483 0.999969304 -0.000846472 -3.570956707 -0.005718120 0.000801958 0.999983311 236.717330933
0.999941111 0.008910265 0.006195906 -0.485848784 -0.008910700 0.999960303 0.000042693 -3.599707127 -0.006195279 -0.000097901 0.999980807 238.220870972
0.999925852 0.009732708 0.007313563 -0.498110771 -0.009745847 0.999950945 0.001762776 -3.618742228 -0.007296048 -0.001833922 0.999971688 239.729263306
0.999921739 0.009682408 0.007914351 -0.494305968 -0.009697635 0.999951184 0.001887670 -3.636996031 -0.007895688 -0.001964273 0.999966919 241.244628906
0.999911487 0.010215049 0.008521729 -0.492275953 -0.010219475 0.999947667 0.000476022 -3.661702394 -0.008516422 -0.000563068 0.999963522 242.740264893
0.999901950 0.010652459 0.009089563 -0.483963966 -0.010644120 0.999942780 -0.000965637 -3.683737278 -0.009099330 0.000868792 0.999958217 244.254455566
0.999904573 0.010363038 0.009127985 -0.477106810 -0.010363570 0.999946415 0.000011101 -3.717013597 -0.009127381 -0.000105699 0.999958336 245.788238525
0.999914885 0.009890647 0.008507859 -0.459406614 -0.009900408 0.999950290 0.001105904 -3.742805004 -0.008496499 -0.001190041 0.999963224 247.329421997
0.999903858 0.010734343 0.008783267 -0.463247299 -0.010746197 0.999941349 0.001303568 -3.765693903 -0.008768761 -0.001397830 0.999960601 248.847030640
0.999906659 0.010661919 0.008535182 -0.464667797 -0.010676929 0.999941528 0.001714851 -3.794755936 -0.008516399 -0.001805821 0.999962032 250.390945435
0.999891281 0.011735649 0.008913585 -0.460090399 -0.011753710 0.999928951 0.001976604 -3.816477060 -0.008889753 -0.002081157 0.999958277 251.930328369
0.999868214 0.013440058 0.009103069 -0.463412285 -0.013458119 0.999907434 0.001925737 -3.839209318 -0.009076348 -0.002047993 0.999956727 253.472015381
0.999858975 0.013920029 0.009393452 -0.458696365 -0.013939067 0.999900937 0.001964653 -3.855080128 -0.009365173 -0.002095312 0.999953926 255.019683838
0.999880791 0.012272225 0.009370746 -0.462222576 -0.012296205 0.999921203 0.002505842 -3.885903358 -0.009339254 -0.002620768 0.999952972 256.561126709
0.999896586 0.010762834 0.009535509 -0.456022263 -0.010794267 0.999936521 0.003251152 -3.905786276 -0.009499911 -0.003353745 0.999949276 258.088287354
0.999923527 0.008106013 0.009351204 -0.443435669 -0.008141287 0.999959826 0.003740313 -3.922089100 -0.009320510 -0.003816157 0.999949276 259.604492188
0.999932289 0.006230277 0.009829361 -0.457011223 -0.006263325 0.999974787 0.003334926 -3.947838545 -0.009808336 -0.003396264 0.999946117 261.148376465
0.999939740 0.005070447 0.009733878 -0.453761101 -0.005091522 0.999984741 0.002141569 -3.964946747 -0.009722871 -0.002191000 0.999950349 262.697021484
0.999944091 0.003237476 0.010065378 -0.438796997 -0.003278430 0.999986410 0.004054899 -3.989956856 -0.010052114 -0.004087672 0.999941051 264.248199463
0.999942601 0.001204281 0.010644813 -0.430012465 -0.001267930 0.999981344 0.005974646 -4.010215282 -0.010637419 -0.005987801 0.999925494 265.797668457
0.999946594 0.000243073 0.010328772 -0.412974834 -0.000293389 0.999988019 0.004870252 -4.024594784 -0.010327464 -0.004873022 0.999934793 267.381866455
0.999945462 -0.000155948 0.010451329 -0.393320084 0.000117500 0.999993145 0.003679381 -4.038886547 -0.010451832 -0.003677951 0.999938607 268.935424805
0.999936223 0.000146746 0.011288112 -0.384014845 -0.000188465 0.999993145 0.003694830 -4.065165997 -0.011287494 -0.003696722 0.999929488 270.485992432
0.999927104 0.001645631 0.011959750 -0.373139858 -0.001695185 0.999989986 0.004134451 -4.091511250 -0.011952828 -0.004154424 0.999920011 272.021667480
0.999907911 0.003259684 0.013174221 -0.370917320 -0.003302576 0.999989331 0.003235289 -4.104112148 -0.013163534 -0.003278500 0.999907970 273.554168701
0.999891102 0.004523148 0.014046018 -0.354766846 -0.004565482 0.999985099 0.002983421 -4.126512051 -0.014032315 -0.003047223 0.999896884 275.113159180
0.999874532 0.005362759 0.014905483 -0.336410046 -0.005402970 0.999981880 0.002658779 -4.148300648 -0.014890952 -0.002738980 0.999885380 276.643432617
0.999870002 0.005604521 0.015117250 -0.319717407 -0.005631570 0.999982655 0.001747301 -4.169278622 -0.015107193 -0.001832207 0.999884188 278.198730469
0.999861598 0.004230139 0.016090155 -0.302073956 -0.004257856 0.999989510 0.001688793 -4.194496632 -0.016082842 -0.001757069 0.999869108 279.756439209
0.999844134 0.004006783 0.017189994 -0.287082672 -0.004041267 0.999989867 0.001971776 -4.218089104 -0.017181924 -0.002040939 0.999850214 281.313812256
0.999838293 0.002982479 0.017734403 -0.267732620 -0.003034081 0.999991238 0.002883571 -4.237756729 -0.017725646 -0.002936913 0.999838531 282.878845215
0.999835551 0.002119469 0.018009739 -0.246693611 -0.002172339 0.999993384 0.002916569 -4.257844448 -0.018003441 -0.002955213 0.999833524 284.434631348
0.999843657 0.001526385 0.017608603 -0.212942600 -0.001538243 0.999998510 0.000659899 -4.283864975 -0.017607570 -0.000686882 0.999844730 286.006713867
0.999847293 0.000000878 0.017474500 -0.190589905 0.000025518 0.999998748 -0.001510311 -4.307601929 -0.017474482 0.001510527 0.999846160 287.567993164
0.999859810 0.000314133 0.016736204 -0.167399406 -0.000287264 0.999998629 -0.001607774 -4.333209515 -0.016736684 0.001602741 0.999858618 289.132263184
0.999874294 -0.001126913 0.015813725 -0.146833420 0.001152853 0.999998033 -0.001631344 -4.355665684 -0.015811855 0.001649370 0.999873638 290.685394287
0.999890506 -0.001364646 0.014731514 -0.139152050 0.001396991 0.999996662 -0.002185605 -4.381130219 -0.014728484 0.002205946 0.999889076 292.225982666
0.999903679 -0.000724473 0.013858651 -0.106334686 0.000763786 0.999995649 -0.002831601 -4.408513069 -0.013856540 0.002841913 0.999899924 293.802368164
0.999917567 -0.000866755 0.012810477 -0.083550692 0.000896333 0.999996960 -0.002303334 -4.439270973 -0.012808441 0.002314626 0.999915302 295.372711182
0.999930263 -0.001535790 0.011702730 -0.068670750 0.001560408 0.999996722 -0.002094837 -4.470565796 -0.011699472 0.002112952 0.999929309 296.938934326
0.999942243 -0.002055313 0.010543508 -0.055824280 0.002062135 0.999997675 -0.000636232 -4.499451160 -0.010542178 0.000657937 0.999944150 298.512512207
0.999952912 -0.000767460 0.009672190 -0.046642065 0.000761740 0.999999523 0.000595113 -4.521072388 -0.009672641 -0.000587717 0.999952972 300.090332031
0.999946654 -0.000637657 0.010305133 -0.035972595 0.000630926 0.999999523 0.000656352 -4.545928001 -0.010305545 -0.000649816 0.999946713 301.679107666
0.999938548 -0.000197274 0.011085038 -0.025665998 0.000191549 0.999999821 0.000517512 -4.570497990 -0.011085140 -0.000515357 0.999938369 303.278503418
0.999932885 -0.001677153 0.011465990 -0.018370390 0.001674740 0.999998569 0.000219972 -4.593098164 -0.011466343 -0.000200755 0.999934256 304.855102539
0.999928355 -0.003386728 0.011482798 0.000354052 0.003393529 0.999994040 -0.000572841 -4.622544289 -0.011480790 0.000611767 0.999933898 306.449157715
0.999916613 -0.005033188 0.011893618 0.020312548 0.005065300 0.999983728 -0.002671375 -4.647612095 -0.011879979 0.002731397 0.999925673 308.045684814
0.999918759 -0.005236488 0.011623667 0.032134771 0.005278306 0.999979675 -0.003569855 -4.676048279 -0.011604739 0.003630918 0.999926090 309.646911621
0.999946594 -0.004502073 0.009300714 0.044852018 0.004547654 0.999977708 -0.004885393 -4.701552868 -0.009278513 0.004927429 0.999944866 311.265777588
0.999969125 -0.003508792 0.007034993 0.048020124 0.003538010 0.999985158 -0.004145020 -4.730749130 -0.007020344 0.004169782 0.999966621 312.880340576
0.999974430 -0.002464726 0.006718577 0.047485113 0.002471659 0.999996424 -0.001023760 -4.756333351 -0.006716030 0.001040339 0.999976873 314.508636475
0.999966800 -0.004190553 0.006978931 0.064894676 0.004175049 0.999988794 0.002234600 -4.789595604 -0.006988217 -0.002205389 0.999973178 316.155090332
0.999963522 -0.005388766 0.006625101 0.076114655 0.005368256 0.999980688 0.003109567 -4.811516285 -0.006641729 -0.003073888 0.999973297 317.784332275
0.999952197 -0.006719164 0.007104111 0.077307463 0.006705158 0.999975562 0.001993419 -4.837501049 -0.007117331 -0.001945690 0.999972761 319.398895264
0.999940217 -0.008076018 0.007367207 0.078872204 0.008058689 0.999964714 0.002378872 -4.860723019 -0.007386158 -0.002319360 0.999969959 321.010070801
0.999932826 -0.007981455 0.008396805 0.066105604 0.007961226 0.999965310 0.002439995 -4.882322788 -0.008415990 -0.002372982 0.999961734 322.624633789
0.999929011 -0.007927051 0.008893037 0.074570894 0.007906183 0.999965906 0.002379276 -4.906607628 -0.008911595 -0.002308797 0.999957621 324.250305176
0.999937952 -0.006517607 0.009029537 0.083380699 0.006506932 0.999978125 0.001211042 -4.926582336 -0.009037230 -0.001152213 0.999958515 325.881896973
0.999936223 -0.005851994 0.009660964 0.088360548 0.005843466 0.999982536 0.000910578 -4.961047649 -0.009666123 -0.000854067 0.999952912 327.482360840
0.999921799 -0.007601849 0.009937027 0.103853941 0.007572126 0.999966800 0.003025249 -4.987782478 -0.009959695 -0.002949768 0.999946058 329.121398926
0.999910951 -0.008312826 0.010441826 0.105887175 0.008272708 0.999958217 0.003879475 -5.013340950 -0.010473640 -0.003792748 0.999937952 330.712310791
0.999896765 -0.009675410 0.010623822 0.115513325 0.009646698 0.999949753 0.002750450 -5.038427353 -0.010649899 -0.002647682 0.999939799 332.343048096
0.999917030 -0.007847907 0.010214962 0.134192944 0.007823475 0.999966443 0.002429655 -5.056154251 -0.010233684 -0.002349537 0.999944866 333.988525391
0.999933124 -0.006061030 0.009847453 0.136660576 0.006055699 0.999981523 0.000571059 -5.083400726 -0.009850733 -0.000511388 0.999951303 335.602020264
0.999947846 -0.004465074 0.009180221 0.145105124 0.004484616 0.999987721 -0.002109140 -5.114804268 -0.009170691 0.002150200 0.999955654 337.226379395
0.999959946 -0.003024309 0.008420249 0.149007559 0.003041149 0.999993384 -0.001987909 -5.141035557 -0.008414181 0.002013436 0.999962509 338.833251953
0.999970317 -0.002055757 0.007424112 0.147248745 0.002047120 0.999997199 0.001170774 -5.167252064 -0.007426498 -0.001155541 0.999971747 340.412506104
0.999980867 -0.001542159 0.005988129 0.160076022 0.001514760 0.999988317 0.004577401 -5.199454784 -0.005995120 -0.004568242 0.999971569 342.046936035
0.999988317 -0.000864863 0.004750904 0.159871936 0.000849474 0.999994397 0.003240188 -5.220243931 -0.004753680 -0.003236115 0.999983490 343.650299072
0.999994755 -0.001337565 0.002921200 0.156871796 0.001333040 0.999997854 0.001550355 -5.242292404 -0.002923268 -0.001546453 0.999994516 345.242004395
0.999996006 -0.002609520 0.001102924 0.156765774 0.002606496 0.999992847 0.002734537 -5.265874386 -0.001110052 -0.002731652 0.999995649 346.843139648
0.999991238 -0.004189754 0.000075095 0.153916940 0.004189486 0.999985874 0.003277775 -5.291755676 -0.000088827 -0.003277432 0.999994636 348.438659668
0.999993086 -0.003683473 0.000309902 0.129811406 0.003682689 0.999990106 0.002489609 -5.312550545 -0.000319069 -0.002488451 0.999996781 350.027801514
0.999988854 -0.004712446 -0.000106569 0.124314174 0.004712584 0.999988019 0.001334471 -5.333186626 0.000100279 -0.001334958 0.999999046 351.624328613
0.999988854 -0.004701814 -0.000214754 0.117984556 0.004702061 0.999988258 0.001167354 -5.356240273 0.000209263 -0.001168351 0.999999225 353.213531494
0.999986291 -0.005231605 -0.000116186 0.109151989 0.005231702 0.999985933 0.000854915 -5.379098892 0.000111712 -0.000855511 0.999999583 354.802703857
0.999985099 -0.005454235 -0.000284440 0.104844503 0.005454312 0.999985039 0.000268960 -5.404848576 0.000282969 -0.000270508 0.999999940 356.400665283
0.999984324 -0.005570129 -0.000511179 0.098424405 0.005569933 0.999984384 -0.000382028 -5.433943272 0.000513299 0.000379175 0.999999821 358.009765625
0.999981165 -0.006099643 -0.000564447 0.093833789 0.006099540 0.999981403 -0.000183374 -5.460941792 0.000565555 0.000179927 0.999999762 359.600860596
0.999980628 -0.006187445 -0.000651901 0.091404513 0.006186869 0.999980569 -0.000881884 -5.489685535 0.000657345 0.000877833 0.999999404 361.199340820
0.999970794 -0.007598292 -0.000736090 0.087696433 0.007596586 0.999968469 -0.002293766 -5.517778873 0.000753496 0.002288107 0.999997020 362.790588379
0.999957085 -0.009219440 -0.000880978 0.085183978 0.009219253 0.999957442 -0.000215986 -5.549571991 0.000882932 0.000207855 0.999999583 364.399353027
0.999931395 -0.011611173 -0.001532706 0.093885005 0.011612441 0.999932289 0.000821683 -5.579649448 0.001523061 -0.000839425 0.999998510 365.997650146
0.999934971 -0.011362084 -0.000924124 0.080188513 0.011361444 0.999935150 -0.000695147 -5.596129894 0.000931963 0.000684602 0.999999344 367.584960938
0.999948800 -0.010112579 -0.000233275 0.063264236 0.010112174 0.999947369 -0.001679534 -5.613667488 0.000250247 0.001677089 0.999998569 369.200134277
0.999958754 -0.009076164 -0.000136820 0.056293234 0.009076130 0.999958873 -0.000250711 -5.656159878 0.000139090 0.000249459 0.999999940 370.783355713
0.999971390 -0.007566359 0.000196046 0.048463643 0.007566298 0.999971330 0.000303462 -5.673902512 -0.000198336 -0.000301970 0.999999881 372.395141602
0.999967813 -0.008014704 0.000410113 0.047206759 0.008014468 0.999967635 0.000576149 -5.711905003 -0.000414718 -0.000572844 0.999999762 373.979125977
0.999969244 -0.007785626 0.001041798 0.024882495 0.007786345 0.999969423 -0.000688800 -5.728266716 -0.001036404 0.000696891 0.999999225 375.574188232
0.999973118 -0.007265678 0.000966177 0.032789290 0.007266024 0.999973536 -0.000353897 -5.767096519 -0.000963580 0.000360907 0.999999404 377.189361572
0.999971449 -0.007402851 0.001542818 0.031296968 0.007403218 0.999972582 -0.000231537 -5.796214104 -0.001541062 0.000242952 0.999998748 378.809265137
0.999984801 -0.005182717 0.001841237 0.015861094 0.005183562 0.999986470 -0.000454447 -5.816388607 -0.001838857 0.000463984 0.999998152 380.422576904
0.999990463 -0.003733800 0.002261215 0.009660244 0.003733230 0.999992967 0.000256410 -5.844257355 -0.002262157 -0.000247966 0.999997377 382.028289795
0.999993205 -0.002581680 0.002634751 -0.002745748 0.002583522 0.999996424 -0.000696003 -5.864816666 -0.002632945 0.000702805 0.999996305 383.671936035
