1.000000000 0.000000000 0.000000000 0.000000000 0.000000000 1.000000000 0.000000000 0.000000000 0.000000000 0.000000000 1.000000000 0.000000000
0.999997675 -0.001621431 -0.001436931 -0.002648833 0.001620113 0.999998271 -0.000918006 -0.007930607 0.001438417 0.000915676 0.999998569 0.564319015
0.999995410 -0.001819053 -0.002416390 -0.007665583 0.001812792 0.999994993 -0.002590656 -0.017592415 0.002421090 0.002586264 0.999993742 1.119569182
0.999986529 -0.002493048 -0.004552085 -0.009056334 0.002476830 0.999990582 -0.003564978 -0.035039030 0.004560930 0.003553655 0.999983311 1.684753180
0.999970317 -0.004336603 -0.006371635 -0.020286847 0.004301334 0.999975383 -0.005538633 -0.041430295 0.006395497 0.005511062 0.999964356 2.251302481
0.999944210 -0.006975917 -0.007926276 -0.022539033 0.006917939 0.999949217 -0.007318674 -0.060015514 0.007976926 0.007263433 0.999941826 2.810614109
0.999921918 -0.008203608 -0.009424309 -0.029150881 0.008128914 0.999935448 -0.007936886 -0.073035166 0.009488813 0.007859655 0.999924064 3.381229401
0.999908328 -0.008178081 -0.010791045 -0.040468056 0.008099263 0.999940395 -0.007327835 -0.084894791 0.010850329 0.007239764 0.999914825 3.964586020
0.999894142 -0.008599017 -0.011731956 -0.053228993 0.008508212 0.999933600 -0.007767980 -0.099174067 0.011797976 0.007667339 0.999900997 4.556293964
0.999882638 -0.008018357 -0.013048491 -0.061915059 0.007881097 0.999913454 -0.010536856 -0.113982171 0.013131849 0.010432784 0.999859333 5.149985313
0.999878883 -0.006390220 -0.014188034 -0.078559160 0.006188160 0.999879539 -0.014239959 -0.130451396 0.014277320 0.014150438 0.999797940 5.752289772
0.999866307 -0.005211386 -0.015501285 -0.094359413 0.004934062 0.999828041 -0.017875113 -0.143884763 0.015591773 0.017796237 0.999720037 6.366830826
0.999854505 -0.003205159 -0.016752414 -0.110071391 0.002904267 0.999834597 -0.017954573 -0.157186478 0.016807191 0.017903302 0.999698400 6.996941566
0.999836743 -0.001083643 -0.018031670 -0.122625418 0.000880950 0.999936342 -0.011245104 -0.165392399 0.018042708 0.011227382 0.999774158 7.636847973
0.999830365 0.000112650 -0.018419448 -0.143188894 -0.000123772 0.999999881 -0.000602706 -0.179778099 0.018419381 0.000604885 0.999830127 8.294288635
0.999811292 0.000664078 -0.019415434 -0.160568237 -0.000544772 0.999980986 0.006149547 -0.191740587 0.019419152 -0.006137809 0.999792635 8.980721474
0.999776185 0.003165620 -0.020923801 -0.176358417 -0.003060741 0.999982536 0.005042560 -0.206250817 0.020939399 -0.004977389 0.999768317 9.662914276
0.999757290 0.005117342 -0.021429548 -0.203535751 -0.005164543 0.999984443 -0.002147825 -0.212692127 0.021418223 0.002257977 0.999768019 10.356320381
0.999731719 0.004750027 -0.022671012 -0.222126678 -0.004931865 0.999956131 -0.007971555 -0.213148475 0.022632150 0.008081227 0.999711156 11.065217018
0.999713302 0.002291844 -0.023835279 -0.237444699 -0.002447113 0.999975920 -0.006487136 -0.213889927 0.023819838 0.006543603 0.999694824 11.800924301
0.999707401 0.001803617 -0.024122782 -0.259617329 -0.001736859 0.999994576 0.002788097 -0.226721436 0.024127681 -0.002745383 0.999705136 12.557644844
0.999701381 0.001254687 -0.024403542 -0.282249480 -0.001004347 0.999946713 0.010267907 -0.231822670 0.024415130 -0.010240333 0.999649465 13.332147598
0.999688566 0.000509195 -0.024953863 -0.307490021 -0.000191134 0.999918640 0.012746724 -0.234003052 0.024958326 -0.012737985 0.999607384 14.122373581
0.999681711 -0.001415706 -0.025190799 -0.326934367 0.001710090 0.999930441 0.011668498 -0.232546031 0.025172526 -0.011707862 0.999614656 14.926978111
0.999692380 -0.001916873 -0.024732538 -0.348151207 0.002146089 0.999954879 0.009244576 -0.234269515 0.024713708 -0.009294807 0.999651492 15.755967140
0.999709010 0.000848096 -0.024107073 -0.373972327 -0.000704280 0.999981821 0.005973543 -0.236246109 0.024111705 -0.005954824 0.999691606 16.592411041
0.999723434 -0.002432837 -0.023390245 -0.394526243 0.002435078 0.999997020 0.000067332 -0.238076791 0.023390010 -0.000124271 0.999726474 17.451200485
0.999731421 -0.005333911 -0.022552341 -0.413920999 0.005199197 0.999968350 -0.006027794 -0.249318570 0.022583777 0.005908921 0.999727547 18.317853928
0.999756217 -0.004126316 -0.021687225 -0.433680475 0.003879052 0.999927104 -0.011431125 -0.263680518 0.021732811 0.011344216 0.999699473 19.223398209
0.999768257 -0.003030108 -0.021311508 -0.460845262 0.002768876 0.999920845 -0.012276667 -0.278459311 0.021347018 0.012214814 0.999697566 20.129222870
0.999751449 -0.002832587 -0.022113314 -0.478953868 0.002572190 0.999927104 -0.011795111 -0.296347052 0.022145113 0.011735299 0.999685884 21.067871094
0.999761045 -0.001221812 -0.021825548 -0.511058271 0.000935339 0.999913394 -0.013130973 -0.320891470 0.021839699 0.013107421 0.999675572 22.005174637
0.999762774 0.001842399 -0.021703254 -0.535665393 -0.002171093 0.999883175 -0.015131103 -0.345136672 0.021672843 0.015174634 0.999649882 22.953052521
0.999743044 0.005115447 -0.022084091 -0.562225699 -0.005467553 0.999858439 -0.015913045 -0.369027913 0.021999562 0.016029702 0.999629438 23.918037415
0.999739230 0.006759800 -0.021810357 -0.595313132 -0.007107981 0.999847829 -0.015926154 -0.394225299 0.021699384 0.016077027 0.999635220 24.892066956
0.999727011 0.007943215 -0.021971118 -0.627723515 -0.008296122 0.999837279 -0.016018083 -0.421246469 0.021840308 0.016195985 0.999630213 25.875591278
0.999720693 0.007378294 -0.022452211 -0.643483162 -0.007740958 0.999840260 -0.016108897 -0.445658982 0.022329770 0.016278198 0.999618113 26.850902557
0.999703825 0.008760157 -0.022705128 -0.676417232 -0.009097785 0.999848962 -0.014809796 -0.481695265 0.022571968 0.015011976 0.999632418 27.879804611
0.999694228 0.009389708 -0.022875298 -0.705704331 -0.009677516 0.999875009 -0.012503584 -0.511328042 0.022755036 0.012721136 0.999660075 28.895692825
0.999680400 0.010028045 -0.023206597 -0.734251261 -0.010292567 0.999883056 -0.011307374 -0.539735556 0.023090491 0.011542616 0.999666691 29.916694641
0.999671400 0.010610268 -0.023333604 -0.759961188 -0.010902761 0.999863148 -0.012444071 -0.563679338 0.023198375 0.012694386 0.999650180 30.955085754
0.999662936 0.011265839 -0.023388330 -0.796179414 -0.011584898 0.999841034 -0.013551395 -0.594659567 0.023231944 0.013817781 0.999634564 31.978712082
0.999658048 0.010848712 -0.023790741 -0.825831652 -0.011149519 0.999859095 -0.012547839 -0.622355342 0.023651263 0.012808804 0.999638200 33.013790131
0.999645531 0.010740720 -0.024361270 -0.856246889 -0.010986320 0.999889851 -0.009970260 -0.646134377 0.024251500 0.010234367 0.999653459 34.069557190
0.999634981 0.010583915 -0.024859253 -0.892255247 -0.010743146 0.999922514 -0.006280390 -0.671210110 0.024790859 0.006545164 0.999671221 35.110488892
0.999624729 0.010547833 -0.025280064 -0.920110106 -0.010650424 0.999935508 -0.003926990 -0.696187615 0.025237013 0.004194760 0.999672711 36.204292297
0.999614060 0.010905283 -0.025548594 -0.955987990 -0.010997386 0.999933422 -0.003467240 -0.713818073 0.025509084 0.003746870 0.999667585 37.275806427
0.999609053 0.010211527 -0.026029291 -0.989618301 -0.010339024 0.999935150 -0.004768339 -0.737117350 0.025978915 0.005035593 0.999649823 38.365715027
0.999583125 0.010718769 -0.026808396 -1.025663137 -0.010867591 0.999926329 -0.005411755 -0.755545139 0.026748415 0.005700842 0.999625981 39.445545197
0.999569535 0.010140501 -0.027528951 -1.061106682 -0.010257209 0.999938905 -0.004101544 -0.782877803 0.027485678 0.004382147 0.999612570 40.513065338
0.999540687 0.010884235 -0.028284885 -1.099385142 -0.010958352 0.999936938 -0.002466742 -0.796771467 0.028256251 0.002775565 0.999596834 41.599697113
0.999538660 0.010160145 -0.028622257 -1.141267776 -0.010150026 0.999948323 0.000498842 -0.825934291 0.028625844 -0.000208096 0.999590158 42.690299988
0.999509752 0.011746281 -0.029023578 -1.183704972 -0.011739363 0.999930978 0.000408749 -0.848273575 0.029026382 -0.000067830 0.999578655 43.768772125
0.999470115 0.012985201 -0.029844634 -1.210260153 -0.013097581 0.999907851 -0.003573155 -0.869211674 0.029795481 0.003962155 0.999548137 44.842819214
0.999458969 0.014166345 -0.029681163 -1.251400232 -0.014398006 0.999867439 -0.007605840 -0.890524507 0.029569486 0.008029074 0.999530435 45.925228119
0.999453127 0.014588404 -0.029673586 -1.291732907 -0.014830901 0.999858260 -0.007968599 -0.914527416 0.029553130 0.008404328 0.999527872 47.004978180
0.999436378 0.015400793 -0.029826846 -1.326244950 -0.015571754 0.999863565 -0.005507985 -0.936970770 0.029737946 0.005969336 0.999539971 48.101722717
0.999444783 0.015369746 -0.029562535 -1.366040349 -0.015470296 0.999875307 -0.003175555 -0.962196171 0.029510040 0.003631133 0.999557912 49.197238922
0.999468625 0.013827155 -0.029518167 -1.402323842 -0.013886854 0.999901950 -0.001818417 -0.984850287 0.029490128 0.002227365 0.999562562 50.286518097
0.999476612 0.013783981 -0.029267276 -1.435482740 -0.013859862 0.999901116 -0.002391414 -1.010359645 0.029231420 0.002795802 0.999568701 51.374721527
0.999494553 0.013156948 -0.028942006 -1.478552461 -0.013292446 0.999901593 -0.004494361 -1.030145407 0.028880019 0.004876799 0.999571025 52.464565277
0.999502599 0.013159076 -0.028659031 -1.505411506 -0.013351850 0.999889433 -0.006545505 -1.057269573 0.028569728 0.006924900 0.999567807 53.533626556
0.999524832 0.012302606 -0.028263060 -1.541626930 -0.012567647 0.999878526 -0.009219171 -1.082029343 0.028146209 0.009569991 0.999558032 54.627830505
0.999545991 0.011093724 -0.028014915 -1.578252196 -0.011446975 0.999856591 -0.012480630 -1.116818190 0.027872439 0.012795649 0.999529600 55.711574554
0.999559820 0.009128441 -0.028229205 -1.599734426 -0.009525591 0.999857008 -0.013966458 -1.149022341 0.028097676 0.014229211 0.999503911 56.788696289
0.999576569 0.007650515 -0.028075680 -1.632825375 -0.007976337 0.999901891 -0.011511626 -1.182168007 0.027984854 0.011730691 0.999539554 57.875801086
0.999592900 0.006309790 -0.027829740 -1.665814996 -0.006468495 0.999963224 -0.005616391 -1.208458781 0.027793286 0.005794119 0.999596894 58.971107483
0.999607623 0.004724598 -0.027608819 -1.693158746 -0.004726549 0.999988854 -0.000005436 -1.227537751 0.027608486 0.000135928 0.999618828 60.074287415
0.999606311 0.003008028 -0.027892105 -1.721043468 -0.002994459 0.999995351 0.000528237 -1.244701147 0.027893564 -0.000444507 0.999610841 61.165863037
0.999616623 -0.000159064 -0.027686933 -1.749406099 0.000086629 0.999996603 -0.002617404 -1.261793613 0.027687255 0.002614002 0.999613285 62.258338928
0.999627829 -0.001465243 -0.027241085 -1.792111635 0.001310232 0.999982774 -0.005707323 -1.285779238 0.027248977 0.005669507 0.999612629 63.353652954
0.999626994 0.000627335 -0.027305812 -1.830946803 -0.000891267 0.999952912 -0.009654667 -1.312503099 0.027298467 0.009675403 0.999580562 64.441017151
0.999632180 0.000900785 -0.027106380 -1.865851760 -0.001277379 0.999902904 -0.013879113 -1.341194153 0.027091242 0.013908632 0.999536216 65.522415161
0.999647796 0.003573333 -0.026296731 -1.905587316 -0.003959585 0.999884784 -0.014650807 -1.369536042 0.026241349 0.014749773 0.999546885 66.629013062
0.999642789 0.007595439 -0.025627973 -1.943667650 -0.007876603 0.999909639 -0.010887831 -1.405066133 0.025542963 0.011085803 0.999612272 67.737174988
0.999639273 0.008949545 -0.025323313 -1.981340528 -0.009172158 0.999920130 -0.008688336 -1.432378292 0.025243532 0.008917472 0.999641538 68.828628540
0.999641955 0.008058653 -0.025515318 -2.008497715 -0.008263376 0.999934435 -0.007928265 -1.460159779 0.025449753 0.008136269 0.999642968 69.924995422
0.999650896 0.006899897 -0.025503457 -2.038825989 -0.007087497 0.999948442 -0.007272810 -1.486895084 0.025451964 0.007451027 0.999648273 71.037010193
0.999652624 0.005825718 -0.025701124 -2.069977522 -0.005970858 0.999966621 -0.005574102 -1.516759515 0.025667794 0.005725623 0.999654114 72.130584717
0.999654174 0.004221662 -0.025954146 -2.102795601 -0.004314495 0.999984503 -0.003521835 -1.543918610 0.025938876 0.003632596 0.999656916 73.221931458
0.999633551 0.003269746 -0.026872093 -2.133633614 -0.003327193 0.999992251 -0.002093388 -1.566776037 0.026865039 0.002182029 0.999636710 74.327049255
0.999627948 0.002595067 -0.027153471 -2.169545889 -0.002679663 0.999991655 -0.003079535 -1.593965650 0.027145253 0.003151152 0.999626517 75.416389465
0.999607444 0.002244166 -0.027928669 -2.196979284 -0.002440119 0.999972582 -0.006984074 -1.616331577 0.027912229 0.007049480 0.999585450 76.481376648
0.999583185 0.003368182 -0.028673293 -2.234575033 -0.003629518 0.999952257 -0.009067127 -1.647918940 0.028641386 0.009167415 0.999547720 77.584388733
0.999556303 0.005344301 -0.029302349 -2.270888567 -0.005561014 0.999957740 -0.007319287 -1.672156930 0.029261997 0.007478991 0.999543786 78.667518616
0.999536574 0.006220491 -0.029799137 -2.313212395 -0.006312090 0.999975562 -0.002980815 -1.699853539 0.029779872 0.003167527 0.999551415 79.754425049
0.999509096 0.007515221 -0.030413514 -2.352540016 -0.007490868 0.999971509 0.000914601 -1.720554352 0.030419525 -0.000686329 0.999536872 80.827148438
0.999481320 0.008826688 -0.030973097 -2.394437551 -0.008782418 0.999960184 0.001565058 -1.741753101 0.030985681 -0.001292228 0.999518991 81.908752441
0.999474347 0.007956931 -0.031428382 -2.436618805 -0.007967024 0.999968231 -0.000195919 -1.770878911 0.031425826 0.000446207 0.999505997 82.964485168
0.999467969 0.008034737 -0.031612534 -2.479734898 -0.008067291 0.999967039 -0.000902363 -1.789524436 0.031604249 0.001156910 0.999499798 84.030426025
0.999454141 0.007969675 -0.032062080 -2.521083117 -0.008014044 0.999967158 -0.001255615 -1.808738112 0.032051019 0.001511877 0.999485016 85.091751099
0.999418914 0.005953423 -0.033561122 -2.544634581 -0.005990562 0.999981523 -0.001006161 -1.830694079 0.033554520 0.001206627 0.999436140 86.116012573
0.999411106 0.004774002 -0.033980053 -2.584365129 -0.004770431 0.999988616 0.000186166 -1.847556591 0.033980552 -0.000023957 0.999422431 87.139877319
0.999395311 0.004889597 -0.034427024 -2.625468254 -0.004782777 0.999983490 0.003184456 -1.874328971 0.034442022 -0.003017874 0.999402106 88.149795532
0.999365926 0.004138317 -0.035361849 -2.663550615 -0.003994730 0.999983490 0.004130177 -1.895972848 0.035378352 -0.003986297 0.999366045 89.128669739
0.999299407 0.002922312 -0.037310284 -2.705828667 -0.002752600 0.999985635 0.004599204 -1.914422870 0.037323188 -0.004493281 0.999293149 90.082984924
0.999168336 0.002445053 -0.040702052 -2.747299671 -0.002303226 0.999991000 0.003531032 -1.936867476 0.040710319 -0.003434349 0.999165058 91.022239685
0.999011099 0.001910432 -0.044420991 -2.788965940 -0.001793286 0.999994814 0.002676887 -1.951444626 0.044425882 -0.002594580 0.999009311 91.957954407
0.998879373 0.001645180 -0.047300749 -2.838204861 -0.001504852 0.999994397 0.003002187 -1.967995763 0.047305420 -0.002927641 0.998876214 92.848686218
0.998729825 0.002928079 -0.050300904 -2.890324116 -0.002723746 0.999987721 0.004130287 -1.987594962 0.050312378 -0.003988034 0.998725593 93.720291138
0.998558223 0.003605637 -0.053557899 -2.938738585 -0.003322992 0.999980032 0.005365489 -2.007653952 0.053576179 -0.005179780 0.998550355 94.559753418
0.998367548 0.005012085 -0.056895226 -2.987585783 -0.004643746 0.999967396 0.006604353 -2.018853188 0.056926470 -0.006329364 0.998358309 95.376258850
0.998237014 0.006277257 -0.059019994 -3.050392628 -0.005837314 0.999953926 0.007623605 -2.036445141 0.059065133 -0.007265646 0.998227715 96.170585632
0.998057663 0.008332430 -0.061737008 -3.102448225 -0.007858460 0.999937832 0.007916092 -2.048194885 0.061799131 -0.007415556 0.998061061 96.934959412
0.997872889 0.009922224 -0.064430341 -3.154375792 -0.009495413 0.999930978 0.006927215 -2.064986944 0.064494632 -0.006300687 0.997898221 97.663726807
0.997694969 0.011412870 -0.066891551 -3.214999437 -0.011212553 0.999931455 0.003369341 -2.083251953 0.066925436 -0.002611549 0.997754574 98.357673645
0.997489870 0.013897041 -0.069431268 -3.271697760 -0.013942075 0.999902844 -0.000164045 -2.099158764 0.069422245 0.001131649 0.997586727 99.021865845
0.997320652 0.015663320 -0.071457155 -3.331597805 -0.015921904 0.999868572 -0.003050526 -2.111122608 0.071399979 0.004180086 0.997439027 99.673744202
0.997232080 0.017531157 -0.072255008 -3.382573843 -0.017856281 0.999833167 -0.003856155 -2.129026413 0.072175346 0.005135687 0.997378767 100.289978027
0.997249007 0.020027041 -0.071367949 -3.430428267 -0.020317445 0.999787927 -0.003345388 -2.146474838 0.071285836 0.004786199 0.997444451 100.877471924
0.997390568 0.024068898 -0.068064950 -3.480405092 -0.024243636 0.999704480 -0.001742240 -2.162652254 0.068002917 0.003387836 0.997679412 101.442710876
0.997698426 0.026540345 -0.062397774 -3.521330833 -0.026615070 0.999645650 -0.000366524 -2.175205469 0.062365945 0.002026402 0.998051286 101.985664368
0.998096645 0.027553950 -0.055171475 -3.546360731 -0.027491082 0.999620259 0.001898257 -2.192280054 0.055202823 -0.000377920 0.998475075 102.502647400
0.998587906 0.027266147 -0.045592509 -3.566121578 -0.027091188 0.999623060 0.004451034 -2.205613613 0.045696698 -0.003209594 0.998950243 103.009658813
0.999065936 0.026969582 -0.033763040 -3.576945066 -0.026803080 0.999626338 0.005374414 -2.213543653 0.033895381 -0.004464440 0.999415398 103.491706848
0.999452055 0.025849797 -0.020672001 -3.574673653 -0.025736623 0.999652386 0.005722465 -2.228099346 0.020812739 -0.005187301 0.999769926 103.957229614
0.999652863 0.025742939 -0.005594269 -3.565532923 -0.025716174 0.999657750 0.004804693 -2.237513065 0.005716041 -0.004659162 0.999972761 104.395652771
0.999629736 0.024283053 0.012270898 -3.548030376 -0.024309136 0.999702513 0.001981180 -2.249500990 -0.012219138 -0.002278741 0.999922693 104.820144653
0.999148965 0.023870386 0.033637844 -3.518137693 -0.023797017 0.999713480 -0.002579833 -2.262719631 -0.033689789 0.001777158 0.999430776 105.231849670
0.998086929 0.021671517 0.057902396 -3.472637653 -0.021279048 0.999746263 -0.007386135 -2.272475243 -0.058047786 0.006139897 0.998294950 105.638877869
0.996173263 0.019808104 0.085125051 -3.415294647 -0.018989801 0.999765456 -0.010411995 -2.279840946 -0.085311338 0.008755641 0.996315897 106.038406372
0.993236899 0.016818171 0.114880547 -3.340420723 -0.015609988 0.999813080 -0.011408491 -2.293717384 -0.115050972 0.009538051 0.993313789 106.429183960
0.988951981 0.014248968 0.147549972 -3.264948845 -0.012412912 0.999833703 -0.013356995 -2.309767723 -0.147715792 0.011377902 0.988964379 106.792343140
0.982938111 0.011792598 0.183558255 -3.168054581 -0.009219988 0.999846995 -0.014862410 -2.323009968 -0.183705449 0.012916424 0.982896507 107.166091919
0.975058317 0.008530092 0.221784800 -3.050874710 -0.005257740 0.999868453 -0.015340852 -2.336443901 -0.221886501 0.013792139 0.974974990 107.526588440
0.965074360 0.006403809 0.261897594 -2.927461624 -0.002291054 0.999869287 -0.016006010 -2.352477312 -0.261965841 0.014846968 0.964962900 107.873725891
0.952732146 0.006934708 0.303732216 -2.797845840 -0.001914504 0.999856591 -0.016823057 -2.369546890 -0.303805351 0.015446372 0.952608943 108.198089600
0.937423527 0.009037793 0.348073989 -2.654384613 -0.003171185 0.999843180 -0.017420538 -2.380909681 -0.348176837 0.015226615 0.937305212 108.525482178
0.919679105 0.009604358 0.392553270 -2.483844757 -0.003441477 0.999859571 -0.016400209 -2.390623569 -0.392655700 0.013731964 0.919583082 108.841400146
0.899097383 0.008265574 0.437670529 -2.305236816 -0.001922411 0.999886572 -0.014934067 -2.404046297 -0.437744379 0.012585798 0.899011374 109.154975891
0.876439571 0.007110788 0.481459349 -2.102657318 0.000639352 0.999872804 -0.015931226 -2.411147833 -0.481511444 0.014270580 0.876323581 109.423271179
0.851260126 0.008340989 0.524677575 -1.880939484 0.001427384 0.999833107 -0.018210558 -2.427670479 -0.524741948 0.016250843 0.851106167 109.721000671
0.823275089 0.010488504 0.567545652 -1.663349152 0.002095337 0.999766350 -0.021515610 -2.443955183 -0.567638755 0.018902469 0.823060691 109.990364075
0.792246938 0.015026544 0.610015512 -1.427505493 0.000631804 0.999675989 -0.025445618 -2.462159395 -0.610200167 0.020544624 0.791980863 110.258621216
0.758518696 0.021045148 0.651311398 -1.176288605 -0.002961453 0.999579310 -0.028849460 -2.477378845 -0.651644528 0.019954029 0.758261979 110.502189636
0.720962644 0.026206706 0.692478299 -0.899463654 -0.004264358 0.999433517 -0.033383604 -2.471796274 -0.692960799 0.021115355 0.720665991 110.758468628
0.682072759 0.026553389 0.730802178 -0.602989197 -0.002738135 0.999426305 -0.033758171 -2.493368387 -0.731279194 0.021024494 0.681754172 110.982025146
0.641083598 0.024077795 0.767093301 -0.291854858 0.000848341 0.999484837 -0.032081176 -2.510480642 -0.767470598 0.021217469 0.640733004 111.183135986
0.596338511 0.022108097 0.802428544 0.016639709 0.001987286 0.999576926 -0.029016715 -2.522887945 -0.802730620 0.018898437 0.596042335 111.372344971
0.550018311 0.020600181 0.834898353 0.360305786 0.003141799 0.999637663 -0.026734700 -2.530097008 -0.835146725 0.017327659 0.549754381 111.555931091
0.502270639 0.018182091 0.864519298 0.713649750 0.004344387 0.999713242 -0.023549428 -2.544923306 -0.864699662 0.015583989 0.502047658 111.711822510
0.451606959 0.014327976 0.892101943 1.078754425 0.007243213 0.999779165 -0.019724088 -2.557746649 -0.892187595 0.015369218 0.451403528 111.853942871
0.398343951 0.014631624 0.917119324 1.435363770 0.003360812 0.999842763 -0.017411126 -2.581359386 -0.917229950 0.010017883 0.398232102 111.994628906
0.346809000 0.019629203 0.937730312 1.814826965 -0.000512589 0.999784768 -0.020738591 -2.595009804 -0.937935710 0.006711659 0.346744388 112.106628418
0.296910226 0.024442781 0.954592466 2.199542999 -0.000788679 0.999678254 -0.025351919 -2.609626293 -0.954905033 0.006774378 0.296834022 112.187202454
0.250105768 0.026602071 0.967853010 2.598073959 0.000608740 0.999617994 -0.027632456 -2.621500492 -0.968218386 0.007500208 0.249994040 112.259872437
0.209116057 0.026381200 0.977534831 3.023456573 0.007758520 0.999559820 -0.028635317 -2.637455463 -0.977859974 0.013572328 0.208819300 112.306732178
0.173464149 0.026330637 0.984488130 3.459594727 0.015333977 0.999449134 -0.029432584 -2.648683786 -0.984720826 0.020201614 0.172964826 112.357963562
0.142905086 0.027311558 0.989359498 3.879746437 0.019868581 0.999338686 -0.030456889 -2.665719748 -0.989536881 0.024009619 0.142267913 112.392959595
0.114880711 0.025564268 0.993050218 4.351090431 0.018041410 0.999450147 -0.027816141 -2.683952332 -0.993215382 0.021111568 0.114356317 112.431411743
0.089304477 0.022079039 0.995759666 4.843254089 0.012110977 0.999656260 -0.023251614 -2.695375204 -0.995930672 0.014136096 0.089006379 112.472183228
0.065715216 0.018121235 0.997673810 5.349608898 0.007391576 0.999798775 -0.018646702 -2.710291147 -0.997811079 0.008599757 0.065568030 112.497230530
0.042981923 0.015580800 0.998954415 5.872825623 0.010797225 0.999812722 -0.016058760 -2.731936455 -0.999017477 0.011476172 0.042805642 112.505569458
0.022977896 0.016245484 0.999603927 6.412817001 0.019122444 0.999677896 -0.016686257 -2.750967741 -0.999553025 0.019498292 0.022659861 112.485618591
0.005080386 0.018963346 0.999807298 6.962857723 0.022870017 0.999556601 -0.019074796 -2.767754316 -0.999725521 0.022962516 0.004644441 112.489112854
-0.009315133 0.024397561 0.999658942 7.532750607 0.023325946 0.999435604 -0.024174754 -2.777347803 -0.999684453 0.023092801 -0.009878969 112.476890564
-0.020173043 0.029041957 0.999374628 8.133882523 0.021529695 0.999358892 -0.028606910 -2.787106752 -0.999564588 0.020939145 -0.020785369 112.467704773
-0.026897665 0.028752822 0.999224663 8.751222610 0.022156358 0.999357879 -0.028160241 -2.811509848 -0.999392569 0.021381736 -0.027517449 112.448966980
-0.029115032 0.025719579 0.999245107 9.406352997 0.029173305 0.999264896 -0.024870066 -2.827264309 -0.999150276 0.028427193 -0.029843960 112.420768738
-0.028388783 0.024042718 0.999307692 10.061544418 0.030982161 0.999251604 -0.023161206 -2.845286608 -0.999116719 0.030303201 -0.029112432 112.393806458
-0.026769780 0.023477927 0.999365807 10.735802650 0.029351436 0.999311686 -0.022690417 -2.872840166 -0.999210656 0.028725408 -0.027440459 112.385734558
-0.025177578 0.023890607 0.999397457 11.432486534 0.026124228 0.999388695 -0.023232255 -2.894950867 -0.999341607 0.025523553 -0.025786310 112.377357483
-0.024047734 0.025201257 0.999393106 12.147538185 0.025459627 0.999373436 -0.024588143 -2.910204411 -0.999386609 0.024852891 -0.024674280 112.366821289
-0.023387419 0.026006330 0.999388039 12.870358467 0.024632685 0.999373138 -0.025429487 -2.937745094 -0.999423087 0.024022883 -0.024013357 112.360305786
-0.022717306 0.025487069 0.999416947 13.620095253 0.024112675 0.999398112 -0.024938492 -2.960676432 -0.999451101 0.023532081 -0.023318198 112.352607727
-0.021689165 0.024343990 0.999468446 14.382488251 0.023013750 0.999450743 -0.023844155 -2.985718727 -0.999499798 0.022484353 -0.022237502 112.327140808
-0.021244243 0.023097385 0.999507487 15.149730682 0.023746131 0.999462724 -0.022591632 -3.010088205 -0.999492288 0.023254495 -0.021781297 112.314819336
-0.021724468 0.020802416 0.999547482 15.938241959 0.024771536 0.999487758 -0.020262778 -3.038476944 -0.999457061 0.024320126 -0.022228641 112.297027588
-0.022890244 0.018805586 0.999561012 16.727413177 0.021885196 0.999592960 -0.018305004 -3.066583872 -0.999498427 0.021456586 -0.023292486 112.286140442
-0.024138810 0.018073441 0.999545217 17.524854660 0.021800267 0.999608278 -0.017548108 -3.088159084 -0.999470890 0.021366764 -0.024523363 112.267868042
-0.025292544 0.015513433 0.999559641 18.327253342 0.023989307 0.999601126 -0.014907057 -3.109162569 -0.999392152 0.023601707 -0.025654607 112.246963501
-0.026689606 0.013928918 0.999546766 19.136032104 0.025578778 0.999585092 -0.013246452 -3.131637812 -0.999316454 0.025213638 -0.027034817 112.227470398
-0.027896225 0.012993312 0.999526322 19.971427917 0.022858629 0.999662459 -0.012357107 -3.161925793 -0.999349415 0.022503087 -0.028183814 112.200057983
-0.028696096 0.017948201 0.999427021 20.800703049 0.019542487 0.999657810 -0.017391229 -3.178974152 -0.999397159 0.019032231 -0.029037027 112.182838440
-0.029587615 0.022537984 0.999308050 21.641231537 0.021716893 0.999524295 -0.021899864 -3.205629826 -0.999326229 0.021053905 -0.030062996 112.164764404
-0.030562105 0.023999505 0.999244630 22.475662231 0.021616736 0.999493778 -0.023344329 -3.237860203 -0.999299049 0.020886956 -0.031065432 112.135391235
-0.032415859 0.021924010 0.999233902 23.324424744 0.018301776 0.999604762 -0.021338420 -3.264157295 -0.999306858 0.017596049 -0.032804292 112.119712830
-0.033594295 0.017424621 0.999283612 24.171981812 0.015169314 0.999741733 -0.016922645 -3.297847033 -0.999320447 0.014589945 -0.033849940 112.104476929
-0.033648044 0.011993164 0.999361753 25.022361755 0.013740478 0.999839067 -0.011536256 -3.326527596 -0.999339223 0.013343537 -0.033807427 112.074531555
-0.033882361 0.006518275 0.999404490 25.872341156 0.010023336 0.999930680 -0.006181889 -3.344159365 -0.999375522 0.009807912 -0.033945348 112.052940369
-0.033676054 0.004962706 0.999420345 26.722190857 0.007775217 0.999958694 -0.004703389 -3.370510101 -0.999402523 0.007612319 -0.033713244 112.033943176
-0.033056993 0.011830350 0.999383390 27.541282654 0.009813413 0.999885559 -0.011511694 -3.400944710 -0.999405324 0.009426820 -0.033169303 112.008895874
-0.031720825 0.022993196 0.999232173 28.386085510 0.012717314 0.999663711 -0.022599407 -3.427853346 -0.999415874 0.011990680 -0.032002572 111.979820251
-0.031119151 0.028249126 0.999116361 29.223028183 0.014526014 0.999507725 -0.027807754 -3.452258825 -0.999410152 0.013647825 -0.031514183 111.956871033
-0.030135943 0.022743313 0.999287009 30.064601898 0.016243052 0.999620199 -0.022261050 -3.483996868 -0.999413848 0.015560612 -0.030493915 111.938125610
-0.029243762 0.015276646 0.999455512 30.899305344 0.019205373 0.999707222 -0.014718548 -3.512019873 -0.999387801 0.018764492 -0.029528599 111.912361145
-0.028672703 0.012176735 0.999514639 31.723218918 0.020692484 0.999718785 -0.011585627 -3.543255091 -0.999374628 0.020350248 -0.028916609 111.886085510
-0.028755317 0.012818363 0.999504268 32.546577454 0.019609232 0.999732554 -0.012257141 -3.567434788 -0.999394059 0.019247053 -0.028998986 111.865768433
-0.029893810 0.013957273 0.999455631 33.369449615 0.016715530 0.999769628 -0.013461698 -3.590877533 -0.999413252 0.016304012 -0.030120229 111.851142883
-0.032409307 0.013934553 0.999377489 34.193473816 0.013672843 0.999815464 -0.013497255 -3.619309664 -0.999381185 0.013226895 -0.032593846 111.843154907
-0.034343828 0.013529527 0.999318480 35.003482819 0.013271365 0.999826372 -0.013080303 -3.648637295 -0.999321938 0.012813093 -0.034517419 111.814498901
-0.036096301 0.013662111 0.999254942 35.807826996 0.012218026 0.999837935 -0.013228728 -3.677038908 -0.999273598 0.011731415 -0.036257371 111.787895203
-0.038321976 0.014324928 0.999162734 36.607940674 0.010740555 0.999845386 -0.013922770 -3.698144197 -0.999207675 0.010198015 -0.038469911 111.763130188
-0.040587969 0.013982551 0.999078095 37.420780182 0.008941530 0.999867141 -0.013630340 -3.717700481 -0.999135911 0.008380059 -0.040707599 111.742576599
-0.042464938 0.012283750 0.999022424 38.210285187 0.008603415 0.999891818 -0.011928738 -3.746708393 -0.999060929 0.008088453 -0.042566020 111.701957703
-0.044650640 0.012506316 0.998924434 39.001152039 0.008101740 0.999893248 -0.012156309 -3.771728039 -0.998969853 0.007550238 -0.044747200 111.674865723
-0.046524283 0.013268833 0.998829007 39.783916473 0.008153765 0.999883413 -0.012903048 -3.798494101 -0.998883903 0.007543910 -0.046627056 111.641586304
-0.047889780 0.013521860 0.998761058 40.576919556 0.008686138 0.999876142 -0.013120464 -3.820994854 -0.998814881 0.008047041 -0.048001312 111.616004944
-0.049300633 0.012424270 0.998706758 41.376853943 0.010211909 0.999876678 -0.011934717 -3.842887640 -0.998731792 0.009610312 -0.049421426 111.589241028
-0.049861170 0.011365036 0.998691618 42.106063843 0.010536618 0.999885619 -0.010852568 -3.874138117 -0.998700559 0.009981710 -0.049975224 111.533241272
-0.051488545 0.011123694 0.998611629 42.873989105 0.009347451 0.999899507 -0.010656084 -3.894119740 -0.998629868 0.008785807 -0.051587347 111.504516602
-0.053003211 0.010286798 0.998541415 43.624584198 0.007902720 0.999919951 -0.009881520 -3.915223122 -0.998563051 0.007367441 -0.053080268 111.474426270
-0.053945880 0.009021773 0.998503208 44.370162964 0.006516423 0.999941051 -0.008682705 -3.939715147 -0.998522639 0.006038272 -0.054001495 111.444160461
-0.054926444 0.008617232 0.998453259 45.086631775 0.006915374 0.999942124 -0.008249656 -3.964202404 -0.998466432 0.006451555 -0.054982856 111.409004211
-0.054005638 0.011087233 0.998479068 45.784698486 0.006991338 0.999918044 -0.010725065 -3.985203266 -0.998516142 0.006401490 -0.054078728 111.360107422
-0.054104529 0.014249375 0.998433530 46.486343384 0.007329795 0.999876857 -0.013872778 -4.005998611 -0.998508453 0.006567733 -0.054202307 111.328796387
-0.054510344 0.015638888 0.998390615 47.190193176 0.005217246 0.999868095 -0.015377180 -4.028373241 -0.998499513 0.004370635 -0.054584749 111.299659729
-0.054617453 0.016332703 0.998373866 47.884719849 0.005467959 0.999856114 -0.016057817 -4.054351807 -0.998492360 0.004582030 -0.054698911 111.263122559
-0.054467287 0.015909089 0.998388827 48.582576752 0.006846419 0.999855518 -0.015558950 -4.078123569 -0.998492062 0.005987934 -0.054568335 111.226211548
-0.054886140 0.015390260 0.998373926 49.270683289 0.007241185 0.999860942 -0.015015095 -4.103630066 -0.998466313 0.006405291 -0.054989953 111.191162109
-0.054975443 0.015862562 0.998361647 49.954101562 0.003806701 0.999869823 -0.015676904 -4.120902061 -0.998480439 0.002938620 -0.055028677 111.157897949
-0.055556066 0.015681405 0.998332381 50.652603149 0.000944439 0.999876976 -0.015653109 -4.151807785 -0.998455048 0.000073239 -0.055564050 111.140945435
-0.054883696 0.014462149 0.998387992 51.313884735 0.003056290 0.999892831 -0.014315936 -4.174859524 -0.998488069 0.002265652 -0.054922018 111.097396851
-0.055855505 0.013958679 0.998341322 51.996520996 0.003715850 0.999898255 -0.013772554 -4.194190025 -0.998431921 0.002940413 -0.055901699 111.062171936
-0.059336387 0.013245473 0.998150170 52.657676697 0.000216054 0.999912143 -0.013256011 -4.218273640 -0.998237967 -0.000570910 -0.059334036 111.028244019
-0.064537920 0.012969841 0.997830987 53.340496063 -0.003323206 0.999907196 -0.013211768 -4.239614010 -0.997909725 -0.004168658 -0.064488836 110.994476318
-0.070990592 0.017269449 0.997327447 54.008495331 0.000512612 0.999850571 -0.017276654 -4.257128716 -0.997476876 -0.000715239 -0.070988849 110.949920654
-0.077135153 0.019688496 0.996826231 54.669494629 0.002547101 0.999805629 -0.019550251 -4.283087730 -0.997017384 0.001031006 -0.077170312 110.886993408
-0.084073126 0.021311289 0.996231675 55.336654663 0.001878954 0.999772906 -0.021228474 -4.305486202 -0.996457756 0.000087130 -0.084094085 110.826789856
-0.089931667 0.020110339 0.995744884 56.012348175 -0.001840827 0.999791026 -0.020358317 -4.333242893 -0.995946229 -0.003663851 -0.089875855 110.766258240
-0.096557543 0.019709235 0.995132267 56.715358734 -0.002058807 0.999797761 -0.020001406 -4.350461006 -0.995325267 -0.003980071 -0.096497461 110.721305847
-0.100733548 0.019647254 0.994719505 57.401336670 -0.004474954 0.999785900 -0.020200498 -4.379260063 -0.994903386 -0.006486192 -0.100624070 110.650375366
-0.105094254 0.019000081 0.994280756 58.100585938 -0.006364400 0.999784112 -0.019777955 -4.396228790 -0.994441867 -0.008406550 -0.104950652 110.586479187
-0.107041776 0.015623757 0.994131744 58.792037964 -0.006979654 0.999840021 -0.016464997 -4.423191547 -0.994230032 -0.008701137 -0.106915608 110.501441956
-0.108834565 0.012830141 0.993977070 59.505443573 -0.004794379 0.999898255 -0.013431529 -4.441709042 -0.994048357 -0.006227318 -0.108761966 110.425621033
-0.109975472 0.009719171 0.993886769 60.218631744 -0.005485577 0.999930918 -0.010385267 -4.466209412 -0.993919253 -0.006594168 -0.109914578 110.346168518
-0.111736625 0.009428250 0.993693113 60.951370239 -0.006557997 0.999926209 -0.010224812 -4.487086296 -0.993716240 -0.007659123 -0.111666545 110.277183533
-0.112194344 0.013059946 0.993600428 61.673995972 -0.004462879 0.999896884 -0.013646644 -4.504746437 -0.993676305 -0.005965394 -0.112124488 110.198196411
-0.112294286 0.017006999 0.993529379 62.419769287 0.001385858 0.999855161 -0.016958645 -4.529282570 -0.993674040 -0.000527469 -0.112301603 110.106521606
-0.112865470 0.022259640 0.993360877 63.162048340 0.008946959 0.999731243 -0.021385835 -4.551234245 -0.993570030 0.006473838 -0.113034271 110.015434265
-0.113537595 0.022638699 0.993275702 63.901973724 0.008711949 0.999724567 -0.021789853 -4.579198360 -0.993495524 0.006179399 -0.113703541 109.930282593
-0.114463702 0.020419311 0.993217528 64.668853760 0.007056253 0.999780178 -0.019741034 -4.606134415 -0.993402362 0.004748762 -0.114582621 109.858367920
-0.114164390 0.016040990 0.993332326 65.418899536 0.007156714 0.999856949 -0.015323832 -4.625290394 -0.993436158 0.005359560 -0.114262857 109.772087097
-0.113872670 0.014374518 0.993391275 66.165435791 0.010401236 0.999857724 -0.013275795 -4.648956299 -0.993441045 0.008820746 -0.114005968 109.671966553
-0.114535682 0.013780158 0.993323505 66.911628723 0.010310414 0.999866426 -0.012682078 -4.673706055 -0.993365705 0.008789027 -0.114662468 109.587173462
-0.116576321 0.014650276 0.993073642 67.661529541 0.008627556 0.999868393 -0.013737734 -4.697405338 -0.993144333 0.006966304 -0.116687380 109.510780334
-0.118753321 0.015353610 0.992805064 68.405914307 0.008148464 0.999861836 -0.014488076 -4.723461628 -0.992890358 0.006369330 -0.118862018 109.422195435
-0.120943688 0.015547463 0.992537618 69.147148132 0.009197742 0.999851942 -0.014541267 -4.747980118 -0.992616713 0.007370429 -0.121068783 109.334732056
-0.122927547 0.015657673 0.992292047 69.893333435 0.008915540 0.999852538 -0.014672498 -4.770005703 -0.992375612 0.007043165 -0.123049036 109.244850159
-0.124945804 0.015433280 0.992043495 70.641098022 0.008461745 0.999859154 -0.014489128 -4.791272640 -0.992127419 0.006584064 -0.125058800 109.153427124
-0.126467526 0.015619769 0.991847754 71.387802124 0.006429782 0.999867857 -0.014926231 -4.813435555 -0.991949916 0.004489681 -0.126551256 109.062187195
-0.127721056 0.017013086 0.991664112 72.141311646 0.006214546 0.999846935 -0.016353069 -4.839399338 -0.991790652 0.004074110 -0.127807260 108.972076416
-0.128465340 0.017330999 0.991562486 72.895309448 0.005112489 0.999845564 -0.016813409 -4.862451553 -0.991700768 0.002909412 -0.128534079 108.875892639
-0.129812345 0.017822053 0.991378367 73.664131165 0.004823034 0.999837935 -0.017342597 -4.883190155 -0.991526842 0.002530168 -0.129877254 108.781028748
-0.130971640 0.016273895 0.991252542 74.449783325 0.005512417 0.999861777 -0.015686896 -4.903666496 -0.991370738 0.003409659 -0.131043240 108.686576843
-0.132153556 0.013635404 0.991135418 75.224708557 0.002346294 0.999906898 -0.013443231 -4.931125641 -0.991226494 0.000548924 -0.132173240 108.589378357
-0.133689836 0.011428911 0.990957260 76.003395081 -0.000602591 0.999932349 -0.011613718 -4.953110695 -0.991023064 -0.002149778 -0.133673891 108.487663269
-0.135913521 0.011019714 0.990659356 76.791252136 0.000774553 0.999939024 -0.011016672 -4.971203804 -0.990720391 -0.000729997 -0.135913789 108.382255554
-0.137866810 0.011496008 0.990383983 77.591995239 0.001956236 0.999933779 -0.011334538 -4.996301651 -0.990448892 0.000374768 -0.137880176 108.277755737
-0.140016705 0.012679730 0.990067899 78.378364563 0.001554442 0.999919534 -0.012586067 -5.017863274 -0.990147948 -0.000223256 -0.140025154 108.169242859
-0.141383111 0.016037716 0.989825010 79.195739746 0.002800001 0.999871194 -0.015800547 -5.049084663 -0.989951015 0.000537580 -0.141409814 108.051887512
-0.141786262 0.020082364 0.989693463 80.002502441 0.004862475 0.999796271 -0.019590754 -5.070828915 -0.989885330 0.002034660 -0.141855031 107.933311462
-0.143236130 0.023835735 0.989401400 80.818908691 0.005725113 0.999713242 -0.023255330 -5.099210739 -0.989671946 0.002333432 -0.143331528 107.825622559
-0.142797306 0.025050100 0.989434898 81.644523621 0.008401924 0.999674439 -0.024096755 -5.129343510 -0.989716291 0.004872204 -0.142961264 107.708358765
-0.141979396 0.024327505 0.989570618 82.476684570 0.011007003 0.999674916 -0.022996671 -5.158780575 -0.989808321 0.007627154 -0.142201066 107.573944092
-0.142144978 0.022744223 0.989584446 83.317382812 0.011568114 0.999705911 -0.021315191 -5.185380936 -0.989778280 0.008417780 -0.142366275 107.459953308
-0.141343683 0.020859983 0.989740789 84.149291992 0.010680097 0.999751866 -0.019545767 -5.216904163 -0.989902973 0.007807856 -0.141531408 107.344238281
-0.139858350 0.017973246 0.990008295 85.002204895 0.009596876 0.999812901 -0.016795494 -5.251602650 -0.990125000 0.007151999 -0.140004650 107.236602783
-0.137991875 0.014998003 0.990319729 85.852989197 0.010507360 0.999851167 -0.013678249 -5.274497986 -0.990377545 0.008518158 -0.138128936 107.120094299
-0.136003762 0.011530335 0.990641117 86.707168579 0.010801092 0.999890089 -0.010155117 -5.299469948 -0.990649343 0.009318872 -0.136113346 107.001472473
-0.134619668 0.011415393 0.990831614 87.563232422 0.009414379 0.999903202 -0.010240821 -5.324105263 -0.990852654 0.007949446 -0.134714097 106.895767212
-0.133270800 0.015514629 0.990958154 88.424369812 0.010168545 0.999846160 -0.014286248 -5.354565144 -0.991027474 0.008172665 -0.133408025 106.781929016
-0.131531492 0.021995164 0.991067886 89.271438599 0.011469325 0.999720693 -0.020665022 -5.378365517 -0.991245568 0.008648781 -0.131747022 106.674583435
-0.130028427 0.025330136 0.991186678 90.126312256 0.008383635 0.999665916 -0.024447024 -5.404618263 -0.991474807 0.005130940 -0.130197316 106.568916321
-0.128463611 0.023020573 0.991447031 90.983909607 0.007268352 0.999725580 -0.022271022 -5.431442261 -0.991687536 0.004345171 -0.128595650 106.462448120
