1.000000000 0.000000000 0.000000000 0.000000000 0.000000000 1.000000000 0.000000000 0.000000000 0.000000000 0.000000000 1.000000000 0.000000000
0.999997377 0.001007778 0.002047630 -0.009147267 -0.001005534 0.999998868 -0.001096761 -0.016786123 -0.002048733 0.001094700 0.999997318 1.206177711
0.999994695 0.000905222 0.003113586 -0.006549712 -0.000904006 0.999999523 -0.000391693 -0.041488297 -0.003113939 0.000388877 0.999995053 2.406962395
0.999990642 0.000441824 0.004303719 -0.006937997 -0.000441446 0.999999881 -0.000088954 -0.059783176 -0.004303758 0.000087053 0.999990761 3.605921745
0.999985993 0.000240751 0.005282095 -0.005425135 -0.000239515 0.999999821 -0.000234481 -0.078984216 -0.005282151 0.000233212 0.999985993 4.801838398
0.999982893 -0.000142549 0.005846505 0.000020418 0.000142036 1.000000000 0.000088089 -0.103120543 -0.005846517 -0.000087257 0.999982893 5.997951508
0.999978721 0.000093849 0.006522015 0.005058963 -0.000088351 0.999999642 -0.000843267 -0.124627694 -0.006522092 0.000842673 0.999978423 7.196800709
0.999972343 0.000006936 0.007434919 0.006832223 0.000000182 0.999999523 -0.000957420 -0.148698345 -0.007434923 0.000957395 0.999971926 8.380395889
0.999971807 -0.000180041 0.007508878 0.012493577 0.000176686 0.999999881 0.000447506 -0.169914559 -0.007508958 -0.000446167 0.999971688 9.578481674
0.999980927 -0.000928392 0.006118445 0.014722027 0.000918696 0.999998271 0.001587235 -0.193855822 -0.006119910 -0.001581583 0.999980032 10.770692825
0.999990165 -0.002314263 0.003777912 0.015407432 0.002310234 0.999996781 0.001070452 -0.213449538 -0.003780377 -0.001061713 0.999992311 11.972012520
0.999996006 -0.001806268 0.002224275 0.001598977 0.001805040 0.999998271 0.000553861 -0.229960620 -0.002225273 -0.000549844 0.999997377 13.171866417
0.999997973 -0.001910880 0.000626263 0.004404197 0.001910580 0.999998093 0.000479025 -0.251858950 -0.000627177 -0.000477828 0.999999702 14.365053177
0.999999642 -0.000644551 -0.000555348 0.007381070 0.000644731 0.999999762 0.000323760 -0.272496372 0.000555140 -0.000324118 0.999999821 15.565778732
0.999999166 -0.000827054 -0.000934226 -0.001221861 0.000827438 0.999999583 0.000410491 -0.291844279 0.000933886 -0.000411264 0.999999523 16.766902924
0.999996543 -0.001715765 -0.001998474 -0.002340294 0.001717157 0.999998331 0.000695185 -0.310186177 0.001997278 -0.000698615 0.999997854 17.953351974
0.999996126 -0.001712183 -0.002164626 -0.011136327 0.001714722 0.999997854 0.001171970 -0.333922952 0.002162614 -0.001175678 0.999996960 19.155012131
0.999993742 -0.001334263 -0.003269915 -0.017747890 0.001335701 0.999998987 0.000437585 -0.356549859 0.003269327 -0.000441950 0.999994516 20.350076675
0.999993682 -0.001747361 -0.003100512 -0.036125939 0.001745745 0.999998331 -0.000523582 -0.380177617 0.003101422 0.000518166 0.999995053 21.556583405
0.999992549 -0.000607044 -0.003831603 -0.046041101 0.000607078 0.999999821 0.000007597 -0.398937732 0.003831598 -0.000009923 0.999992728 22.752162933
0.999989629 -0.001103934 -0.004407329 -0.063728578 0.001102918 0.999999285 -0.000232978 -0.422319263 0.004407583 0.000228115 0.999990284 23.948921204
0.999985278 -0.000947949 -0.005338016 -0.077132694 0.000944124 0.999999225 -0.000719084 -0.445201397 0.005338694 0.000714034 0.999985516 25.141601562
0.999979436 -0.000749707 -0.006359445 -0.087935738 0.000750642 0.999999702 0.000144653 -0.471414655 0.006359335 -0.000149424 0.999979734 26.338687897
0.999972224 -0.002364358 -0.007063528 -0.101784445 0.002377995 0.999995351 0.001922756 -0.491429150 0.007058948 -0.001939499 0.999973238 27.541036606
0.999964237 -0.002251784 -0.008153263 -0.110818230 0.002266856 0.999995708 0.001839830 -0.510563254 0.008149086 -0.001858247 0.999965072 28.739233017
0.999955595 -0.003033978 -0.008927776 -0.127020001 0.003043466 0.999994755 0.001049371 -0.531073987 0.008924547 -0.001076495 0.999959588 29.935308456
0.999946535 -0.003157865 -0.009839429 -0.137501895 0.003158507 0.999994993 0.000049678 -0.551098466 0.009839225 -0.000080753 0.999951541 31.132972717
0.999940038 -0.002684359 -0.010614342 -0.156355634 0.002685602 0.999996483 0.000102915 -0.569678664 0.010614029 -0.000131415 0.999943614 32.324462891
0.999931037 -0.002872368 -0.011382733 -0.174503118 0.002877972 0.999995768 0.000475933 -0.588207364 0.011381320 -0.000508659 0.999935091 33.528247833
0.999923229 -0.003448707 -0.011898107 -0.188243240 0.003460589 0.999993563 0.000978185 -0.612462640 0.011894655 -0.001019284 0.999928713 34.718711853
0.999908864 -0.004192716 -0.012830744 -0.200270623 0.004209632 0.999990404 0.001291712 -0.636909544 0.012825205 -0.001345607 0.999916792 35.918167114
0.999903321 -0.004153325 -0.013267257 -0.219994515 0.004163795 0.999991059 0.000761616 -0.652633667 0.013263975 -0.000816785 0.999911726 37.118656158
0.999898195 -0.004939305 -0.013386659 -0.237815917 0.004959312 0.999986708 0.001461779 -0.672751486 0.013379260 -0.001528019 0.999909341 38.316459656
0.999902248 -0.004712445 -0.013165623 -0.261915028 0.004750597 0.999984562 0.002868066 -0.695016742 0.013151905 -0.002930330 0.999909222 39.533977509
0.999903917 -0.003962552 -0.013291436 -0.280185938 0.004007618 0.999986291 0.003365658 -0.707116485 0.013277920 -0.003418601 0.999906003 40.733631134
0.999907851 -0.003405732 -0.013144470 -0.303568900 0.003448003 0.999988973 0.003194585 -0.728901744 0.013133446 -0.003239613 0.999908507 41.936611176
0.999914169 -0.002351640 -0.012884578 -0.324389428 0.002388252 0.999993145 0.002826876 -0.739559054 0.012877841 -0.002857405 0.999912918 43.136741638
0.999922514 0.000076908 -0.012448553 -0.346232891 -0.000017961 0.999988735 0.004735325 -0.756246686 0.012448778 -0.004734735 0.999911249 44.339080811
0.999940574 0.000297832 -0.010893259 -0.365377933 -0.000214262 0.999970555 0.007672181 -0.769221663 0.010895224 -0.007669391 0.999911189 45.544265747
0.999959350 0.000760739 -0.008983060 -0.377706796 -0.000664470 0.999942362 0.010714849 -0.782724142 0.008990695 -0.010708444 0.999902189 46.752479553
0.999966681 0.001214354 -0.008078017 -0.384984732 -0.001100341 0.999899924 0.014103550 -0.788995981 0.008094335 -0.014094192 0.999867916 47.955181122
0.999977946 0.000024047 -0.006647276 -0.402025133 0.000078221 0.999881685 0.015384206 -0.795561135 0.006646859 -0.015384387 0.999859571 49.163745880
0.999987602 -0.001053496 -0.004849885 -0.405602366 0.001119945 0.999905288 0.013718905 -0.795849383 0.004834972 -0.013724166 0.999894142 50.383255005
0.999993980 0.000031718 -0.003479596 -0.419150978 0.000011189 0.999924064 0.012330566 -0.803335130 0.003479723 -0.012330532 0.999917924 51.600334167
0.999996305 -0.000185577 -0.002683019 -0.429250896 0.000216756 0.999932408 0.011625421 -0.805680454 0.002680681 -0.011625962 0.999928832 52.799457550
0.999995887 -0.000314627 -0.002847899 -0.432776153 0.000346073 0.999938905 0.011047790 -0.814646423 0.002844248 -0.011048730 0.999934912 53.995674133
0.999993682 -0.000826835 -0.003448648 -0.448175073 0.000860476 0.999951959 0.009764550 -0.820393503 0.003440408 -0.009767456 0.999946356 55.207927704
0.999985397 -0.000881111 -0.005332297 -0.448634624 0.000937632 0.999943256 0.010606633 -0.830445588 0.005322649 -0.010611480 0.999929488 56.404968262
0.999977589 -0.000762764 -0.006652622 -0.461707532 0.000839143 0.999933660 0.011485883 -0.834266245 0.006643418 -0.011491206 0.999911845 57.612834930
0.999969304 -0.000967622 -0.007778062 -0.475419790 0.001062771 0.999924541 0.012238239 -0.849289656 0.007765633 -0.012246129 0.999894857 58.809844971
0.999963820 -0.000239103 -0.008508802 -0.493360281 0.000338483 0.999931753 0.011680144 -0.850571871 0.008505428 -0.011682601 0.999895573 60.009769440
0.999955356 0.000008133 -0.009441123 -0.508472264 0.000104430 0.999928892 0.011922072 -0.864661992 0.009440551 -0.011922525 0.999884367 61.219856262
0.999952376 -0.001001150 -0.009706842 -0.522109866 0.001109399 0.999937177 0.011152904 -0.868023098 0.009695069 -0.011163142 0.999890685 62.417423248
0.999951303 -0.001439385 -0.009762008 -0.539382875 0.001540114 0.999945581 0.010318862 -0.879316866 0.009746625 -0.010333396 0.999899030 63.633789062
0.999946177 -0.001921740 -0.010193044 -0.550830007 0.002039366 0.999931276 0.011542014 -0.886082351 0.010170163 -0.011562180 0.999881387 64.833183289
0.999942124 -0.002700975 -0.010407677 -0.571040988 0.002837023 0.999910414 0.013079311 -0.894820154 0.010371419 -0.013108081 0.999860287 66.036346436
0.999941528 -0.001859188 -0.010649820 -0.591750622 0.001981080 0.999932528 0.011446396 -0.904015660 0.010627821 -0.011466825 0.999877751 67.226531982
0.999947131 0.000069263 -0.010288361 -0.617380440 0.000037344 0.999946356 0.010361418 -0.912138700 0.010288526 -0.010361256 0.999893367 68.424026489
0.999941766 0.002132165 -0.010577437 -0.631902158 -0.002019778 0.999941468 0.010624535 -0.920302510 0.010599471 -0.010602552 0.999887526 69.615516663
0.999937296 0.004357950 -0.010312989 -0.652236164 -0.004246415 0.999932468 0.010812314 -0.927269101 0.010359415 -0.010767845 0.999888241 70.802085876
0.999932408 0.005287820 -0.010349576 -0.672574818 -0.005171664 0.999923706 0.011218099 -0.935221732 0.010408105 -0.011163815 0.999883533 72.000808716
0.999938011 0.005939978 -0.009418147 -0.691750705 -0.005825010 0.999908745 0.012187887 -0.942433476 0.009489683 -0.012132271 0.999881387 73.197700500
0.999942064 0.007640737 -0.007577729 -0.704318583 -0.007543330 0.999889553 0.012800689 -0.947988033 0.007674702 -0.012742786 0.999889314 74.389831543
0.999968290 0.006256912 -0.004924945 -0.711042285 -0.006203509 0.999922514 0.010784914 -0.961231172 0.004992044 -0.010754019 0.999929726 75.560592651
0.999990940 0.003598296 -0.002280249 -0.719358027 -0.003585491 0.999977887 0.005595123 -0.970037997 0.002300331 -0.005586897 0.999981821 76.735267639
0.999989748 0.004514652 0.000062865 -0.720046461 -0.004514921 0.999975741 0.005302582 -0.983806312 -0.000038924 -0.005302811 0.999985933 77.918640137
0.999990523 0.003450025 0.002646548 -0.719541490 -0.003474000 0.999952555 0.009108428 -0.998672903 -0.002614998 -0.009117536 0.999954998 79.101898193
0.999975920 0.003487906 0.005999025 -0.718263507 -0.003550054 0.999939740 0.010380428 -1.010803938 -0.005962459 -0.010401479 0.999928057 80.274429321
0.999940515 0.003792342 0.010221240 -0.713886559 -0.003880244 0.999955416 0.008593948 -1.019750714 -0.010188194 -0.008633097 0.999910772 81.442070007
0.999903977 0.002326471 0.013659113 -0.701411605 -0.002404565 0.999980807 0.005703723 -1.034936309 -0.013645582 -0.005736019 0.999890447 82.602645874
0.999856412 0.001023728 0.016915377 -0.683282495 -0.001061194 0.999997020 0.002206057 -1.050010920 -0.016913068 -0.002223690 0.999854505 83.764190674
0.999785006 0.000611224 0.020727731 -0.666331053 -0.000637888 0.999998987 0.001279826 -1.067009449 -0.020726925 -0.001292772 0.999784410 84.917854309
0.999715447 0.000327573 0.023846203 -0.637212038 -0.000400264 0.999995232 0.003043600 -1.087448835 -0.023845091 -0.003052280 0.999710917 86.080436707
0.999609590 0.001496318 0.027898161 -0.620296717 -0.001603347 0.999991417 0.003814442 -1.109057188 -0.027892219 -0.003857684 0.999603450 87.243713379
0.999507248 0.000869339 0.031377394 -0.579321146 -0.000915467 0.999998510 0.001455775 -1.127368927 -0.031376075 -0.001483783 0.999506474 88.384407043
0.999400496 0.000809706 0.034613665 -0.544378996 -0.000789620 0.999999464 -0.000593979 -1.147874117 -0.034614123 0.000566292 0.999400556 89.532272339
0.999286175 0.000873971 0.037767392 -0.502732754 -0.000829493 0.999998868 -0.001193324 -1.165267944 -0.037768394 0.001161144 0.999285817 90.702247620
0.999179006 -0.000191266 0.040514771 -0.457194805 0.000195498 0.999999940 -0.000100476 -1.183305740 -0.040514756 0.000108314 0.999178886 91.858467102
0.999052703 -0.001142029 0.043501876 -0.414009094 0.001075622 0.999998212 0.001549911 -1.204744577 -0.043503571 -0.001501651 0.999052167 93.020416260
0.998936236 -0.001906372 0.046072010 -0.360747814 0.001755117 0.999992967 0.003323240 -1.221842766 -0.046078008 -0.003238844 0.998932600 94.179016113
0.998825073 -0.003395205 0.048341628 -0.302616596 0.003197986 0.999986291 0.004156442 -1.235588193 -0.048355076 -0.003996964 0.998822212 95.343215942
0.998693228 -0.004464608 0.050910231 -0.256371021 0.004363091 0.999988258 0.002104992 -1.257125497 -0.050919030 -0.001880115 0.998700976 96.491584778
0.998599410 -0.006420267 0.052517071 -0.186514378 0.006498025 0.999978065 -0.001310009 -1.275569916 -0.052507516 0.001649431 0.998619139 97.647438049
0.998464704 -0.004957669 0.055169389 -0.138193607 0.005194923 0.999977887 -0.004157880 -1.295405149 -0.055147555 0.004438097 0.998468339 98.800888062
0.998369813 -0.004880092 0.056867871 -0.074067116 0.005175744 0.999973834 -0.005052821 -1.314653516 -0.056841727 0.005338916 0.998368919 99.979125977
0.998338997 -0.004834346 0.057409052 -0.015574932 0.005097491 0.999977291 -0.004438113 -1.340338588 -0.057386283 0.004723385 0.998340905 101.164680481
0.998391449 -0.004746665 0.056495778 0.047477722 0.004894220 0.999985039 -0.002473716 -1.364152312 -0.056483187 0.002746240 0.998399734 102.344581604
0.998457909 -0.005202871 0.055269748 0.108223438 0.005274531 0.999985456 -0.001150745 -1.384060144 -0.055262953 0.001440492 0.998470724 103.535774231
0.998574495 -0.004737992 0.053164981 0.167857170 0.004765073 0.999988616 -0.000382637 -1.401267052 -0.053162556 0.000635427 0.998585582 104.729690552
0.998697996 -0.004518588 0.050815236 0.222545624 0.004519333 0.999989748 0.000100247 -1.421546459 -0.050815180 0.000129535 0.998708010 105.923583984
0.998837531 -0.004003323 0.048037119 0.264726639 0.004002281 0.999992013 0.000117865 -1.438907981 -0.048037216 0.000074530 0.998845458 107.125938416
0.999022901 -0.002566469 0.044120390 0.316907883 0.002587958 0.999996543 -0.000429928 -1.458190680 -0.044119138 0.000543690 0.999026060 108.339309692
0.999190688 -0.002558829 0.040140264 0.362599850 0.002554669 0.999996722 0.000154917 -1.479213476 -0.040140525 -0.000052246 0.999194026 109.556068420
0.999345541 -0.001888618 0.036123965 0.396942616 0.001855052 0.999997795 0.000962706 -1.496257782 -0.036125705 -0.000895064 0.999346852 110.768150330
0.999491096 -0.001258794 0.031876858 0.424046755 0.001198901 0.999997497 0.001897930 -1.517874956 -0.031879164 -0.001858747 0.999489963 111.972633362
0.999621034 -0.001253614 0.027499244 0.454377890 0.001185824 0.999996245 0.002481326 -1.535312057 -0.027502250 -0.002447777 0.999618769 113.192817688
0.999748588 -0.000633672 0.022416545 0.476068974 0.000577935 0.999996662 0.002492836 -1.547366619 -0.022418048 -0.002479254 0.999745607 114.407386780
0.999842465 -0.000231621 0.017745640 0.492420435 0.000191538 0.999997437 0.002260384 -1.561916471 -0.017746117 -0.002256629 0.999839962 115.646713257
0.999915659 0.000149017 0.012983187 0.495078564 -0.000174382 0.999998093 0.001952563 -1.577033162 -0.012982875 -0.001954662 0.999913752 116.870086670
0.999966919 0.001121234 0.008050620 0.504061818 -0.001131929 0.999998510 0.001324116 -1.597052693 -0.008049121 -0.001333185 0.999966741 118.086051941
0.999985874 0.003028356 0.004368289 0.508291185 -0.003034079 0.999994576 0.001304196 -1.614154220 -0.004364314 -0.001317432 0.999989629 119.326599121
0.999987304 0.004656630 0.001928571 0.503689945 -0.004659534 0.999988079 0.001504765 -1.633655429 -0.001921541 -0.001513733 0.999997020 120.549926758
0.999979675 0.006232359 0.001287995 0.494281501 -0.006233832 0.999979913 0.001142652 -1.658961535 -0.001280848 -0.001150658 0.999998510 121.807746887
0.999964654 0.008403827 0.000046368 0.486083239 -0.008403883 0.999963760 0.001369196 -1.675088525 -0.000034859 -0.001369537 0.999999046 123.048133850
0.999952316 0.009716436 -0.000886422 0.477988839 -0.009714340 0.999950051 0.002337042 -1.695368528 0.000909085 -0.002328320 0.999996841 124.291122437
0.999956965 0.009188700 -0.001203401 0.464884996 -0.009185447 0.999954224 0.002680102 -1.708606958 0.001227972 -0.002668933 0.999995708 125.538162231
0.999909163 0.013270034 -0.002359701 0.455075949 -0.013258602 0.999900579 0.004796690 -1.729016662 0.002423119 -0.004764969 0.999985635 126.789321899
0.999894619 0.014226940 -0.002904699 0.440105110 -0.014202830 0.999865830 0.008159232 -1.742130041 0.003020389 -0.008117118 0.999962449 128.041381836
0.999906242 0.013112576 -0.003932366 0.438960612 -0.013081887 0.999884605 0.007730532 -1.756191969 0.004033279 -0.007678364 0.999962389 129.300216675
0.999913156 0.012531771 -0.004073704 0.423466742 -0.012506164 0.999902248 0.006251807 -1.769126892 0.004151652 -0.006200319 0.999972165 130.546676636
0.999937952 0.010222550 -0.004431708 0.411662102 -0.010189443 0.999920487 0.007429532 -1.777381063 0.004507305 -0.007383914 0.999962568 131.804183960
0.999955177 0.007794859 -0.005366163 0.402445614 -0.007747077 0.999930680 0.008868194 -1.783506513 0.005434918 -0.008826226 0.999946296 133.074829102
0.999972939 0.004548083 -0.005780992 0.389732182 -0.004484063 0.999928951 0.011039172 -1.799998164 0.005830787 -0.011012951 0.999922335 134.323944092
0.999978244 0.002410315 -0.006135855 0.382649720 -0.002333244 0.999918640 0.012537193 -1.810426831 0.006165574 -0.012522605 0.999902546 135.597656250
0.999981344 -0.001686124 -0.005887733 0.372356296 0.001746569 0.999945819 0.010276286 -1.813262463 0.005870087 -0.010286376 0.999929786 136.861236572
0.999971807 -0.004340236 -0.006130366 0.368530452 0.004397282 0.999946892 0.009322926 -1.820623755 0.006089576 -0.009349623 0.999937654 138.137619019
0.999967635 -0.005693678 -0.005689460 0.358576477 0.005744874 0.999942899 0.009023034 -1.829795957 0.005637760 -0.009055424 0.999943078 139.410720825
0.999972105 -0.005300866 -0.005257922 0.341630459 0.005349612 0.999942422 0.009300805 -1.836887717 0.005208317 -0.009328674 0.999942899 140.692047119
0.999974310 -0.004921937 -0.005206906 0.333818138 0.004980653 0.999923408 0.011324277 -1.845734954 0.005150769 -0.011349920 0.999922335 141.963668823
0.999987125 -0.002709564 -0.004275775 0.319270611 0.002765334 0.999910474 0.013091681 -1.859156370 0.004239920 -0.013103336 0.999905109 143.268341064
0.999989390 -0.002802659 -0.003661619 0.308987319 0.002843680 0.999932706 0.011246094 -1.863190413 0.003629853 -0.011256387 0.999930024 144.545516968
0.999991119 -0.002573998 -0.003319725 0.298228413 0.002605821 0.999950349 0.009617829 -1.877512097 0.003294803 -0.009626394 0.999948263 145.818740845
0.999991775 -0.002789806 -0.002952178 0.291080505 0.002810735 0.999970794 0.007109118 -1.886959910 0.002932259 -0.007117356 0.999970376 147.094650269
0.999989867 -0.003758650 -0.002483541 0.281656772 0.003766718 0.999987662 0.003251591 -1.905706525 0.002471288 -0.003260912 0.999991655 148.357955933
0.999992669 -0.003365936 -0.001792378 0.268299550 0.003365225 0.999994278 -0.000399747 -1.927864313 0.001793713 0.000393712 0.999998331 149.653961182
0.999990463 -0.004008949 -0.001734928 0.262431800 0.004006701 0.999991179 -0.001297077 -1.948960543 0.001740113 0.001290113 0.999997675 150.929122925
0.999991953 -0.003807544 -0.001230754 0.246947169 0.003806351 0.999992311 -0.000969908 -1.978013396 0.001234437 0.000965216 0.999998808 152.195861816
0.999991477 -0.003732739 -0.001818911 0.246291310 0.003732126 0.999992967 -0.000340755 -1.999719858 0.001820170 0.000333964 0.999998212 153.471542358
0.999991417 -0.003505026 -0.002229596 0.241489768 0.003507042 0.999993443 0.000901162 -2.023636580 0.002226423 -0.000908974 0.999997079 154.731567383
0.999995708 -0.002005508 -0.002127116 0.223900557 0.002008266 0.999997258 0.001294885 -2.044746876 0.002124513 -0.001299151 0.999996901 155.991104126
0.999994934 -0.001523052 -0.002769387 0.214646816 0.001526554 0.999998093 0.001262816 -2.066819191 0.002767458 -0.001267038 0.999995410 157.256301880
0.999991298 -0.001953250 -0.003669425 0.212221801 0.001957988 0.999997258 0.001288373 -2.090181112 0.003666898 -0.001295546 0.999992371 158.540023804
0.999987245 -0.002552052 -0.004353541 0.203625262 0.002563126 0.999993503 0.002540094 -2.109031200 0.004347031 -0.002551220 0.999987245 159.808990479
0.999987602 -0.001385399 -0.004811790 0.186115086 0.001400356 0.999994218 0.003106349 -2.134665966 0.004807459 -0.003113049 0.999983609 161.087142944
0.999983013 -0.001438405 -0.005656928 0.176288962 0.001447178 0.999997795 0.001546970 -2.147016525 0.005654690 -0.001555130 0.999982893 162.355712891
0.999979556 -0.000970150 -0.006309895 0.165129304 0.000974692 0.999999285 0.000716713 -2.168991089 0.006309196 -0.000722849 0.999979854 163.616424561
0.999974668 0.000042871 -0.007110151 0.152052760 -0.000037900 0.999999821 0.000699267 -2.188272476 0.007110179 -0.000698979 0.999974430 164.878265381
0.999970555 -0.000397786 -0.007661896 0.131973267 0.000396370 0.999999881 -0.000186267 -2.210383892 0.007661969 0.000183225 0.999970615 166.148895264
0.999962032 -0.000070181 -0.008706606 0.118371725 0.000057748 0.999998927 -0.001428206 -2.230595589 0.008706698 0.001427649 0.999961078 167.412796021
0.999958575 0.000032969 -0.009102414 0.099676967 -0.000041211 0.999999583 -0.000905290 -2.256646156 0.009102382 0.000905628 0.999958098 168.685470581
0.999948502 0.000374840 -0.010142333 0.082958341 -0.000369828 0.999999762 0.000496081 -2.279275417 0.010142516 -0.000492305 0.999948382 169.961944580
0.999944925 -0.000005242 -0.010491063 0.064590812 0.000015680 0.999999642 0.000994855 -2.304078817 0.010491052 -0.000994965 0.999944448 171.230331421
0.999937892 0.000629039 -0.011126887 0.041421771 -0.000614180 0.999998927 0.001338712 -2.322757721 0.011127719 -0.001331795 0.999937177 172.501800537
0.999931633 0.000860932 -0.011663796 0.016553640 -0.000844107 0.999998569 0.001447303 -2.342380762 0.011665025 -0.001437359 0.999930859 173.786285400
0.999922693 0.001473682 -0.012344379 -0.004655361 -0.001463460 0.999998569 0.000837078 -2.370676994 0.012345595 -0.000818947 0.999923468 175.025375366
0.999916255 0.002368057 -0.012724062 -0.033240318 -0.002369322 0.999997199 -0.000084317 -2.385671854 0.012723829 0.000114458 0.999919057 176.292907715
0.999914646 0.002537248 -0.012809274 -0.069327593 -0.002535352 0.999996781 0.000164258 -2.401843309 0.012809649 -0.000131768 0.999917924 177.551422119
0.999911487 0.002401702 -0.013086676 -0.093068361 -0.002407632 0.999997020 -0.000437426 -2.434197903 0.013085585 0.000468895 0.999914229 178.798034668
0.999913514 0.001346873 -0.013080035 -0.118145943 -0.001379171 0.999996066 -0.002460571 -2.450326443 0.013076670 0.002478398 0.999911427 180.063735962
0.999909341 -0.002011880 -0.013314024 -0.137940645 0.001979278 0.999994934 -0.002461414 -2.473355055 0.013318909 0.002434839 0.999908328 181.331710815
0.999901891 -0.001419835 -0.013929039 -0.153100491 0.001442010 0.999997735 0.001582074 -2.497059584 0.013926760 -0.001602004 0.999901712 182.604309082
0.999897957 -0.002288314 -0.014099762 -0.175285578 0.002374090 0.999978840 0.006069792 -2.518772602 0.014085571 -0.006102646 0.999882102 183.870574951
0.999901712 -0.001426786 -0.013942130 -0.199553251 0.001499443 0.999985337 0.005202269 -2.530560017 0.013934501 -0.005222663 0.999889255 185.127777100
0.999908507 0.000350272 -0.013518108 -0.229448557 -0.000324103 0.999998093 0.001938012 -2.545484543 0.013518761 -0.001933454 0.999906719 186.374923706
0.999898672 0.000372089 -0.014230358 -0.253126621 -0.000371223 0.999999881 0.000063474 -2.566838980 0.014230381 -0.000058185 0.999898732 187.620422363
0.999897063 0.000309756 -0.014344783 -0.277611494 -0.000304211 0.999999821 0.000388698 -2.588424683 0.014344901 -0.000384294 0.999897003 188.870559692
0.999900579 -0.000254807 -0.014095179 -0.303083181 0.000278355 0.999998569 0.001668717 -2.611650944 0.014094735 -0.001672474 0.999899268 190.124572754
0.999900758 -0.000014190 -0.014085200 -0.324978113 0.000070172 0.999992073 0.003974007 -2.633885145 0.014085033 -0.003974602 0.999892950 191.373825073
0.999913454 -0.000542253 -0.013141662 -0.349599838 0.000602793 0.999989212 0.004603208 -2.651052475 0.013139023 -0.004610732 0.999903023 192.620010376
0.999929845 -0.000411415 -0.011835901 -0.370437026 0.000457118 0.999992490 0.003858914 -2.667605639 0.011834224 -0.003864055 0.999922454 193.861083984
0.999945700 -0.001384614 -0.010332696 -0.390657067 0.001408280 0.999996364 0.002283538 -2.686326504 0.010329496 -0.002297966 0.999944031 195.091156006
0.999956012 -0.001953146 -0.009177081 -0.404173970 0.001962616 0.999997497 0.001023053 -2.710045099 0.009175060 -0.001041019 0.999957383 196.332946777
0.999967992 -0.002553012 -0.007582502 -0.418726563 0.002558461 0.999996424 0.000709141 -2.734477282 0.007580663 -0.000728518 0.999971092 197.547393799
0.999976754 -0.002270864 -0.006429269 -0.434183717 0.002277998 0.999996781 0.001102453 -2.753525019 0.006426745 -0.001117074 0.999978721 198.782836914
0.999982119 -0.002594713 -0.005382716 -0.439506412 0.002611674 0.999991596 0.003146478 -2.777231455 0.005374507 -0.003160479 0.999980569 199.999389648
0.999990761 -0.001627428 -0.003983973 -0.459208161 0.001641677 0.999992371 0.003575892 -2.801929712 0.003978122 -0.003582399 0.999985635 201.224594116
0.999995530 -0.001465289 -0.002606010 -0.473986477 0.001474390 0.999992788 0.003493675 -2.816961765 0.002600872 -0.003497501 0.999990523 202.432632446
0.999996603 -0.001762221 -0.001874920 -0.475322723 0.001769057 0.999991715 0.003651115 -2.840926409 0.001868471 -0.003654419 0.999991596 203.640838623
0.999997854 -0.001873553 -0.000847893 -0.481812418 0.001876885 0.999990463 0.003946088 -2.860278606 0.000840491 -0.003947671 0.999991894 204.831726074
0.999999046 -0.001240207 0.000530114 -0.499720335 0.001238100 0.999991357 0.003957774 -2.882174253 -0.000535018 -0.003957113 0.999992073 206.025268555
0.999997854 -0.001649386 0.001263025 -0.506439149 0.001644513 0.999991238 0.003849194 -2.899741888 -0.001269363 -0.003847108 0.999991715 207.184432983
0.999995768 -0.002577424 0.001343414 -0.506632268 0.002572650 0.999990404 0.003543655 -2.916427374 -0.001352535 -0.003540184 0.999992728 208.349365234
0.999993742 -0.002745776 0.002202084 -0.516413748 0.002735350 0.999985099 0.004723612 -2.939171791 -0.002215021 -0.004717560 0.999986410 209.498733521
0.999992847 -0.003299454 0.001835962 -0.519008398 0.003289295 0.999979436 0.005509197 -2.953761816 -0.001854101 -0.005503119 0.999983132 210.641387939
0.999993980 -0.003181292 0.001382293 -0.525962234 0.003173328 0.999978542 0.005725439 -2.975407839 -0.001400478 -0.005721018 0.999982655 211.757995605
0.999995947 -0.002741902 0.000727484 -0.529583216 0.002738482 0.999985337 0.004661598 -2.992321253 -0.000740255 -0.004659587 0.999988854 212.859893799
0.999997258 -0.002327603 0.000272578 -0.534414530 0.002326539 0.999989867 0.003839861 -3.009492159 -0.000281513 -0.003839216 0.999992609 213.942993164
0.999996483 -0.002649938 -0.000275514 -0.540301085 0.002650910 0.999989986 0.003588907 -3.025791645 0.000266001 -0.003589624 0.999993563 215.012054443
0.999995291 -0.002684546 -0.001463212 -0.548874319 0.002689871 0.999989748 0.003649398 -3.049021006 0.001453400 -0.003653317 0.999992251 216.081253052
0.999990106 -0.003186194 -0.003105715 -0.553965569 0.003200157 0.999984801 0.004501123 -3.066912413 0.003091326 -0.004511017 0.999985099 217.139236450
0.999979317 -0.003892051 -0.005117377 -0.564054430 0.003923009 0.999973893 0.006053621 -3.079308748 0.005093683 -0.006073572 0.999968588 218.179931641
0.999967217 -0.003704230 -0.007201248 -0.578411579 0.003760034 0.999962866 0.007751122 -3.094355583 0.007172270 -0.007777944 0.999944031 219.204925537
0.999946535 -0.003694853 -0.009667427 -0.590409160 0.003770192 0.999962509 0.007786506 -3.109933615 0.009638295 -0.007822538 0.999922931 220.211242676
0.999917448 -0.003405839 -0.012386518 -0.605079889 0.003499400 0.999965429 0.007539600 -3.128745079 0.012360411 -0.007582322 0.999894857 221.207153320
0.999877691 -0.003347550 -0.015280847 -0.623887062 0.003469542 0.999962270 0.007963819 -3.144702911 0.015253613 -0.008015861 0.999851525 222.175064087
0.999833465 -0.002984803 -0.018005537 -0.652926683 0.003131262 0.999962091 0.008111409 -3.156789780 0.017980648 -0.008166436 0.999804914 223.123275757
0.999785721 -0.002362684 -0.020564687 -0.681787014 0.002535558 0.999961615 0.008384364 -3.179865599 0.020544086 -0.008434710 0.999753296 224.049606323
0.999713123 -0.002348390 -0.023834871 -0.701585770 0.002529890 0.999967992 0.007587579 -3.189782143 0.023816291 -0.007645702 0.999687135 224.962814331
0.999634504 -0.002457248 -0.026923196 -0.730219364 0.002639201 0.999973893 0.006724781 -3.200728416 0.026905974 -0.006793378 0.999614835 225.841674805
0.999533117 -0.001306942 -0.030522410 -0.759623051 0.001509450 0.999976993 0.006612619 -3.217334747 0.030513067 -0.006655604 0.999512196 226.697067261
0.999427795 -0.001370173 -0.033794805 -0.791258812 0.001575191 0.999980509 0.006040657 -3.234627962 0.033785872 -0.006090433 0.999410510 227.529388428
0.999355614 0.000282371 -0.035891023 -0.828671932 -0.000072302 0.999982834 0.005854112 -3.246279716 0.035892066 -0.005847745 0.999338567 228.351135254
0.999340296 0.000952651 -0.036304768 -0.866898060 -0.000715884 0.999978304 0.006534088 -3.259951591 0.036310207 -0.006503787 0.999319434 229.148742676
0.999363661 0.000894774 -0.035658516 -0.903945446 -0.000634972 0.999973118 0.007296478 -3.272144318 0.035664089 -0.007269192 0.999337375 229.930526733
0.999365509 0.000576327 -0.035610907 -0.931435585 -0.000288705 0.999967277 0.008081404 -3.288954735 0.035614409 -0.008065997 0.999333024 230.698883057
0.999376118 0.000439728 -0.035315067 -0.960677624 -0.000157487 0.999968052 0.007994489 -3.301911831 0.035317454 -0.007983942 0.999344289 231.446945190
0.999392986 0.001030985 -0.034819771 -0.988694668 -0.000826519 0.999982297 0.005886022 -3.311359406 0.034825224 -0.005853671 0.999376297 232.177642822
0.999418736 0.001660454 -0.034048233 -1.013470650 -0.001536084 0.999992073 0.003678558 -3.323156118 0.034054071 -0.003624119 0.999413371 232.918197632
0.999454260 0.001982170 -0.032973669 -1.040728569 -0.001916330 0.999996126 0.002028231 -3.331404209 0.032977559 -0.001963936 0.999454141 233.645187378
0.999497175 0.002140673 -0.031635650 -1.063438416 -0.002085066 0.999996245 0.001790584 -3.347060442 0.031639360 -0.001723722 0.999497831 234.365417480
0.999554574 0.001840488 -0.029784983 -1.086003780 -0.001789653 0.999997020 0.001733289 -3.356879711 0.029788079 -0.001679213 0.999554813 235.091522217
0.999599934 0.001386097 -0.028248670 -1.100581169 -0.001341712 0.999997854 0.001590106 -3.373061180 0.028250812 -0.001551568 0.999599636 235.811752319
0.999643803 0.001846234 -0.026624002 -1.116870403 -0.001803079 0.999997020 0.001644799 -3.388070822 0.026626959 -0.001596208 0.999644160 236.520935059
0.999705613 0.001283167 -0.024232702 -1.141820431 -0.001255783 0.999998569 0.001145192 -3.397957802 0.024234140 -0.001114424 0.999705732 237.232070923
0.999772429 0.001354813 -0.021289930 -1.160681009 -0.001318571 0.999997675 0.001716243 -3.413415194 0.021292208 -0.001687780 0.999771833 237.942245483
0.999831975 0.000431658 -0.018324003 -1.169825554 -0.000382367 0.999996305 0.002693425 -3.428875446 0.018325096 -0.002685966 0.999828458 238.639434814
0.999888122 -0.000230309 -0.014956051 -1.189293146 0.000268630 0.999996662 0.002560307 -3.436511755 0.014955416 -0.002564038 0.999884844 239.344497681
0.999927759 -0.000845536 -0.011985915 -1.196759701 0.000881749 0.999995053 0.003016273 -3.452244759 0.011983308 -0.003026624 0.999923646 240.036865234
0.999957085 -0.001004711 -0.009203572 -1.200840354 0.001026872 0.999996603 0.002403428 -3.461693764 0.009201126 -0.002412775 0.999954760 240.737335205
0.999980867 -0.000986263 -0.006099107 -1.208105326 0.000996605 0.999998093 0.001692916 -3.469000816 0.006097423 -0.001698962 0.999980032 241.426666260
0.999993920 -0.000259058 -0.003497955 -1.210389376 0.000262406 0.999999523 0.000956713 -3.479439020 0.003497705 -0.000957625 0.999993384 242.122146606
1.000000000 -0.000071564 -0.000144472 -1.219312549 0.000071658 0.999999821 0.000647381 -3.494680882 0.000144426 -0.000647391 0.999999821 242.812530518
0.999997675 -0.000085764 0.002148372 -1.208328009 0.000081631 0.999998152 0.001923810 -3.508263588 -0.002148534 -0.001923630 0.999995828 243.514877319
0.999990523 0.000043657 0.004328749 -1.205104589 -0.000054284 0.999997020 0.002454797 -3.518009901 -0.004328629 -0.002455009 0.999987602 244.218414307
0.999974966 0.000134128 0.007058934 -1.206855536 -0.000147521 0.999998212 0.001896955 -3.526177883 -0.007058667 -0.001897949 0.999973297 244.922393799
0.999955475 -0.000146413 0.009436077 -1.203870773 0.000140638 0.999999762 0.000612651 -3.538547516 -0.009436162 -0.000611297 0.999955297 245.627395630
0.999935508 0.000159386 0.011362748 -1.199627638 -0.000138308 0.999998271 -0.001855792 -3.547797441 -0.011363022 0.001854100 0.999933720 246.335357666
0.999924779 -0.001059324 0.012217385 -1.192265987 0.001105351 0.999992311 -0.003761247 -3.557392597 -0.012213305 0.003774469 0.999918282 247.051956177
0.999927044 -0.001383034 0.011994957 -1.177289009 0.001427189 0.999992251 -0.003673320 -3.572892666 -0.011989783 0.003690173 0.999921262 247.779891968
0.999927580 -0.002886192 0.011682034 -1.166746855 0.002933374 0.999987602 -0.004023749 -3.587503433 -0.011670276 0.004057727 0.999923646 248.509201050
0.999925911 -0.000878567 0.012135236 -1.164645672 0.000933847 0.999989152 -0.004550451 -3.599837303 -0.012131109 0.004561446 0.999915957 249.240676880
0.999924779 -0.000615426 0.012243838 -1.156590462 0.000677515 0.999986887 -0.005067538 -3.612857819 -0.012240559 0.005075452 0.999912202 249.982467651
0.999918699 -0.001567816 0.012649298 -1.149859190 0.001657908 0.999973297 -0.007114931 -3.627191544 -0.012637805 0.007135325 0.999894619 250.730331421
0.999899983 -0.005261444 0.013128689 -1.139918089 0.005381445 0.999943852 -0.009121791 -3.644930840 -0.013079958 0.009191530 0.999872148 251.477478027
0.999870420 -0.008644842 0.013578259 -1.126766205 0.008781109 0.999911308 -0.010008222 -3.658450127 -0.013490539 0.010126160 0.999857664 252.242340088
0.999878168 -0.006161579 0.014336727 -1.121375322 0.006251587 0.999961019 -0.006241824 -3.669931650 -0.014297709 0.006330692 0.999877751 253.022140503
0.999887764 -0.002350202 0.014793910 -1.120178699 0.002350406 0.999997258 0.000003521 -3.683945656 -0.014793878 0.000031251 0.999890566 253.798233032
0.999875307 -0.003096267 0.015486209 -1.108299017 0.003043810 0.999989688 0.003409743 -3.698563337 -0.015496605 -0.003362181 0.999874294 254.582565308
0.999823928 -0.004400852 0.018242868 -1.098868370 0.004378935 0.999989629 0.001241194 -3.707125187 -0.018248143 -0.001161091 0.999832809 255.377288818
0.999748886 -0.003426765 0.022148047 -1.084913731 0.003530232 0.999983013 -0.004634167 -3.717587471 -0.022131791 0.004711190 0.999743938 256.171142578
0.999660254 -0.001198359 0.026040588 -1.072909832 0.001421845 0.999962270 -0.008565374 -3.726099014 -0.026029347 0.008599489 0.999624193 256.984741211
0.999575615 0.000819985 0.029118322 -1.051347733 -0.000577449 0.999965012 -0.008336754 -3.739770412 -0.029124137 0.008316401 0.999541342 257.807525635
0.999479353 -0.000619985 0.032257263 -1.023821831 0.000826442 0.999979198 -0.006387395 -3.751828194 -0.032252632 0.006410729 0.999459267 258.636444092
0.999366760 -0.003947766 0.035360876 -0.995934486 0.004049173 0.999987900 -0.002796644 -3.773619175 -0.035349406 0.002938056 0.999370694 259.468109131
0.999266744 -0.006895467 0.037662607 -0.951914787 0.006953144 0.999974787 -0.001400611 -3.787312984 -0.037652005 0.001661458 0.999289513 260.318542480
0.999147773 -0.006656888 0.040737901 -0.921313286 0.006683995 0.999977529 -0.000529215 -3.804649353 -0.040733464 0.000801056 0.999169767 261.157836914
0.999061286 -0.004290007 0.043106526 -0.883562088 0.004401335 0.999987185 -0.002488049 -3.820522785 -0.043095298 0.002675439 0.999067366 262.006713867
0.998945236 -0.002596460 0.045842290 -0.856410027 0.002844686 0.999981642 -0.005350386 -3.826968431 -0.045827553 0.005475150 0.998934388 262.848541260
0.998821557 -0.002253180 0.048478205 -0.822892189 0.002513264 0.999982774 -0.005304692 -3.843201160 -0.048465416 0.005420280 0.998810172 263.687103271
0.998680770 -0.001539135 0.051324449 -0.784178734 0.001704758 0.999993503 -0.003183352 -3.861943007 -0.051319223 0.003266648 0.998676896 264.535705566
0.998525560 -0.000167412 0.054283127 -0.744123459 0.000242860 0.999998987 -0.001383301 -3.886233807 -0.054282852 0.001394445 0.998524606 265.387298584
0.998358130 0.000404058 0.057279289 -0.701436043 -0.000316161 0.999998748 -0.001543581 -3.900212288 -0.057279840 0.001522937 0.998356938 266.234283447
0.998220086 0.001030559 0.059627410 -0.647835732 -0.000895997 0.999997020 -0.002283411 -3.909472942 -0.059629582 0.002225921 0.998218060 267.080139160
0.998050272 -0.001018117 0.062406715 -0.601705551 0.001187812 0.999995708 -0.002682130 -3.927559853 -0.062403701 0.002751028 0.998047173 267.929870605
0.997929692 -0.004036746 0.064186595 -0.547969818 0.004175519 0.999989271 -0.002028030 -3.940998554 -0.064177699 0.002291843 0.997935832 268.776245117
0.997883916 -0.004691876 0.064850047 -0.488586426 0.004861251 0.999985218 -0.002454238 -3.952903509 -0.064837568 0.002764296 0.997891963 269.632385254
0.997825086 -0.005634911 0.065675639 -0.445877075 0.005781462 0.999981225 -0.002041609 -3.974028826 -0.065662906 0.002416871 0.997838855 270.470886230
0.997839034 -0.005518046 0.065473780 -0.382766724 0.005658631 0.999982059 -0.001961929 -3.987588406 -0.065461792 0.002328181 0.997852325 271.322418213
0.997828603 -0.005774308 0.065609813 -0.341896057 0.005861287 0.999982178 -0.001133286 -4.008052349 -0.065602101 0.001515383 0.997844636 272.188507080
0.997864068 -0.004901140 0.065139897 -0.286003113 0.004984257 0.999986947 -0.001113530 -4.017372131 -0.065133572 0.001435826 0.997875512 273.033721924
0.997972310 -0.005181839 0.063437611 -0.228351593 0.005305820 0.999984324 -0.001786047 -4.033068180 -0.063427366 0.002119015 0.997984231 273.891174316
0.998046935 -0.005462209 0.062229667 -0.187768936 0.005627770 0.999980986 -0.002485495 -4.055573940 -0.062214922 0.002830855 0.998058736 274.751586914
0.998174846 -0.004825830 0.060197588 -0.133607864 0.005038024 0.999981582 -0.003373680 -4.069460869 -0.060180210 0.003670799 0.998180747 275.609802246
0.998246908 -0.003755828 0.059067991 -0.095994949 0.003973201 0.999985754 -0.003563033 -4.090368271 -0.059053775 0.003791476 0.998247623 276.453002930
0.998343468 -0.002510943 0.057479907 -0.053359032 0.002740680 0.999988556 -0.003918346 -4.105928898 -0.057469416 0.004069390 0.998338938 277.310363770
0.998474300 -0.001464978 0.055197485 -0.008791924 0.001648581 0.999993265 -0.003280896 -4.121506214 -0.055192303 0.003366887 0.998470068 278.161468506
0.998629034 -0.001963293 0.052308403 0.029276848 0.002063854 0.999996126 -0.001868504 -4.138567448 -0.052304532 0.001973899 0.998629212 279.013458252
0.998833776 -0.002713654 0.048204932 0.069236755 0.002702277 0.999996305 0.000301184 -4.149227619 -0.048205581 -0.000170570 0.998837411 279.863861084
0.999039650 -0.003911476 0.043640457 0.096671104 0.003826094 0.999990523 0.002039852 -4.166396141 -0.043648019 -0.001870920 0.999045253 280.699157715
0.999246001 -0.004598303 0.038551778 0.129052162 0.004475007 0.999984622 0.003283876 -4.182455540 -0.038566288 -0.003108881 0.999251246 281.530578613
0.999415219 -0.004617982 0.033881273 0.146284103 0.004484443 0.999981880 0.004016288 -4.194143295 -0.033899207 -0.003862001 0.999417782 282.352325439
0.999563396 -0.005241770 0.029076867 0.167751312 0.005115773 0.999977171 0.004405939 -4.205490112 -0.029099302 -0.004255266 0.999567449 283.162750244
0.999676347 -0.006535357 0.024586098 0.183279991 0.006419980 0.999967992 0.004768826 -4.222399712 -0.024616478 -0.004609440 0.999686360 283.968353271
0.999768198 -0.006626300 0.020485312 0.193623066 0.006531288 0.999967575 0.004701482 -4.237885952 -0.020515800 -0.004566597 0.999779105 284.748260498
0.999843001 -0.006135586 0.016621422 0.201320171 0.006067177 0.999972939 0.004162959 -4.246627808 -0.016646521 -0.004061460 0.999853134 285.513366699
0.999899149 -0.005993414 0.012877289 0.204306602 0.005940889 0.999973893 0.004113205 -4.258955002 -0.012901604 -0.004036287 0.999908566 286.260650635
