1.000000000 0.000000000 0.000000000 0.000000000 0.000000000 1.000000000 0.000000000 0.000000000 0.000000000 0.000000000 1.000000000 0.000000000
0.999978960 0.000409878 -0.006474053 -0.008236664 -0.000407340 0.999999821 0.000393336 -0.001863720 0.006474213 -0.000390690 0.999978960 0.091666654
0.999907196 0.000968683 -0.013588888 -0.016341984 -0.000966469 0.999999523 0.000169483 -0.001990350 0.013589045 -0.000156334 0.999907672 0.188577577
0.999772489 0.001392136 -0.021284841 -0.026111491 -0.001404399 0.999998868 -0.000561197 -0.002154295 0.021284034 0.000590962 0.999773324 0.285418838
0.999541819 0.001706123 -0.030220263 -0.042999908 -0.001766386 0.999996483 -0.001967558 -0.002025156 0.030216800 0.002020037 0.999541342 0.390611112
0.999125719 0.001923412 -0.041763037 -0.059096135 -0.002068006 0.999992013 -0.003419311 -0.004999758 0.041756127 0.003502687 0.999121666 0.501135170
0.998479128 0.001735139 -0.055103350 -0.084257886 -0.001960593 0.999989927 -0.004037676 -0.007953008 0.055095788 0.004139570 0.998472512 0.626088142
0.997428238 0.001861004 -0.071648322 -0.108787045 -0.002186598 0.999987662 -0.004466170 -0.003719754 0.071639121 0.004611350 0.997419953 0.761234283
0.995906532 0.000196818 -0.090389080 -0.135116085 -0.000575918 0.999991119 -0.004168030 -0.009411473 0.090387464 0.004203025 0.995897830 0.916453481
0.993914187 -0.000753830 -0.110154495 -0.176328704 0.000274712 0.999990463 -0.004364621 -0.012672314 0.110156737 0.004307798 0.993904889 1.075251698
0.991242945 -0.000835106 -0.132048160 -0.215782613 0.000209416 0.999988675 -0.004752167 -0.012576066 0.132050619 0.004682899 0.991231859 1.223211884
0.987726629 0.002755255 -0.156168357 -0.270027786 -0.003748721 0.999974489 -0.006067341 -0.017676787 0.156147674 0.006578306 0.987711787 1.390840173
0.983340740 0.007136102 -0.181631714 -0.336253434 -0.008624012 0.999935448 -0.007403440 -0.024730396 0.181567162 0.008846498 0.983338773 1.565271020
0.977949202 0.010051690 -0.208600521 -0.408821613 -0.012089425 0.999890804 -0.008495916 -0.027967691 0.208492309 0.010830435 0.977964044 1.746494770
0.971265078 0.010763352 -0.237756789 -0.488591284 -0.013244715 0.999873221 -0.008841564 -0.028726602 0.237631530 0.011736523 0.971284509 1.932926297
0.963195145 0.012529245 -0.268510938 -0.576896310 -0.015310969 0.999848664 -0.008268205 -0.033365063 0.268366754 0.012075060 0.963241041 2.129636526
0.953785419 0.014587123 -0.300134182 -0.668852210 -0.017613189 0.999817789 -0.007379174 -0.034463070 0.299971819 0.012324471 0.953868389 2.306637049
0.942514837 0.016388277 -0.333762199 -0.769552708 -0.019626385 0.999787390 -0.006331959 -0.034514330 0.333587408 0.012518511 0.942636132 2.496498108
0.929955959 0.018577283 -0.367201209 -0.870727301 -0.022174135 0.999738574 -0.005578801 -0.040448204 0.367001474 0.013330407 0.930124819 2.674782991
0.916105330 0.021365315 -0.400367975 -0.992239833 -0.025500381 0.999662280 -0.005002736 -0.040097956 0.400125831 0.014792570 0.916340828 2.855357885
0.900062025 0.022123693 -0.435199797 -1.109214067 -0.026658079 0.999635279 -0.004315945 -0.041400038 0.434945583 0.015486209 0.900323689 3.030399561
0.881638706 0.018024024 -0.471580416 -1.230731130 -0.022954307 0.999725521 -0.004704039 -0.044878319 0.471366107 0.014972065 0.881810546 3.204009533
0.860445499 0.013609751 -0.509360671 -1.367832422 -0.018630287 0.999815047 -0.004757168 -0.051122788 0.509201765 0.013582820 0.860539973 3.381047964
0.835386157 0.015242490 -0.549452066 -1.528527141 -0.019258259 0.999813259 -0.001544150 -0.055120215 0.549326003 0.011871451 0.835523784 3.560561657
0.806213439 0.020884821 -0.591256082 -1.705294490 -0.023976022 0.999709129 0.002619769 -0.061715163 0.591138721 0.012063876 0.806479633 3.724280596
0.773712397 0.024042711 -0.633080482 -1.905990243 -0.027399911 0.999614418 0.004476192 -0.063597113 0.632944107 0.013883065 0.774072886 3.895199776
0.737711847 0.022877978 -0.674727976 -2.116155148 -0.026175266 0.999643445 0.005276226 -0.066152126 0.674608111 0.013768850 0.738047659 4.065336227
0.697662532 0.018568909 -0.716185927 -2.333813667 -0.020152308 0.999777138 0.006290634 -0.064035207 0.716143072 0.010044057 0.697881222 4.233353615
0.654733121 0.014720714 -0.755716801 -2.571815729 -0.014585044 0.999870181 0.006840519 -0.062746182 0.755719364 0.006543447 0.654862940 4.397413254
0.610484600 0.014399189 -0.791897237 -2.833696365 -0.011926287 0.999888480 0.008986986 -0.062983617 0.791938365 0.003957978 0.610588253 4.538807869
0.562321842 0.015001662 -0.826782346 -3.109991789 -0.009550511 0.999886513 0.011646958 -0.060034018 0.826863348 0.001346855 0.562401295 4.674352646
0.510872483 0.015496273 -0.859516859 -3.406434536 -0.007675500 0.999879837 0.013464784 -0.054872811 0.859622240 -0.000281564 0.510930061 4.804245949
0.458615601 0.016728800 -0.888477266 -3.712428570 -0.007452576 0.999859989 0.014979103 -0.044510640 0.888603508 -0.000248205 0.458676070 4.902149200
0.403862506 0.018888967 -0.914624691 -4.043443203 -0.006060690 0.999820113 0.017972276 -0.041617781 0.914799690 -0.001715071 0.403904319 4.997786045
0.348163188 0.020865282 -0.937201738 -4.399951935 -0.005745308 0.999780893 0.020124171 -0.035551481 0.937416375 -0.001621984 0.348206878 5.086799622
0.292761743 0.023918984 -0.955886185 -4.777971268 -0.003177411 0.999705911 0.024042320 -0.029464528 0.956180215 -0.004001427 0.292751610 5.161721230
0.239217132 0.025720663 -0.970625281 -5.123891830 0.001639631 0.999636948 0.026893539 -0.031802133 0.970964730 -0.008024863 0.239088118 5.216648102
0.188303277 0.026157336 -0.981762469 -5.513889790 0.003807588 0.999618292 0.027363371 -0.027022421 0.982103586 -0.008890759 0.188131779 5.251086235
0.140552223 0.027265832 -0.989697754 -5.935659409 0.001467159 0.999613822 0.027747376 -0.019784182 0.990072191 -0.005351998 0.140457958 5.274745941
0.098259419 0.027556464 -0.994779170 -6.361843109 -0.000083867 0.999616683 0.027682187 -0.009862706 0.995160878 -0.002636606 0.098224074 5.274230957
0.060377806 0.026149357 -0.997833014 -6.803841591 -0.001600830 0.999658048 0.026100323 -0.001676202 0.998174310 0.000021483 0.060398996 5.264629364
0.025943628 0.023422474 -0.999389112 -7.264421940 -0.000282811 0.999725521 0.023423022 0.004416049 0.999663472 -0.000325039 0.025943130 5.258911133
-0.005091604 0.020702228 -0.999772727 -7.740674019 0.000211615 0.999785602 0.020701420 0.009279802 0.999987066 -0.000106163 -0.005094893 5.227502346
-0.032006580 0.018907864 -0.999308765 -8.230891228 -0.000319316 0.999820828 0.018927779 0.015568465 0.999487579 0.000924909 -0.031994805 5.190872192
-0.052365623 0.016473729 -0.998492122 -8.740058899 -0.001401185 0.999861777 0.016569816 0.026815146 0.998626947 0.002266760 -0.052335288 5.140039921
-0.069172144 0.015486357 -0.997484624 -9.252895355 -0.000262419 0.999879122 0.015541735 0.040049918 0.997604728 0.001336814 -0.069159731 5.102703571
-0.082069226 0.015790470 -0.996501505 -9.791065216 -0.000090329 0.999874294 0.015851354 0.048526734 0.996626616 0.001390922 -0.082057476 5.046462536
-0.091751471 0.017345648 -0.995630860 -10.347011566 0.000104885 0.999848366 0.017409462 0.050018862 0.995781958 0.001492917 -0.091739386 4.986743450
-0.098670810 0.018373024 -0.994950593 -10.919977188 -0.002044213 0.999823689 0.018665740 0.050251544 0.995118022 0.003875655 -0.098615870 4.922453403
-0.103041083 0.019405128 -0.994487822 -11.512541771 -0.001821730 0.999804318 0.019697621 0.056628108 0.994675398 0.003841352 -0.102985568 4.852375031
-0.104515925 0.020098401 -0.994320154 -12.119257927 0.000250560 0.999796271 0.020182759 0.068225160 0.994523227 0.001860282 -0.104499675 4.786819935
-0.103693716 0.022284573 -0.994359612 -12.738824844 0.002276167 0.999751687 0.022168048 0.073510557 0.994606614 0.000035358 -0.103718698 4.729164600
-0.102191508 0.024745772 -0.994456887 -13.375595093 0.001719482 0.999693453 0.024699381 0.080320716 0.994763255 0.000814116 -0.102202743 4.662470341
-0.100447297 0.024807923 -0.994633079 -14.027004242 -0.000549167 0.999687612 0.024989452 0.084680527 0.994942188 0.003056342 -0.100402281 4.590232372
-0.098785006 0.022197215 -0.994861245 -14.683380127 -0.001789659 0.999745607 0.022483904 0.096729144 0.995107234 0.004001534 -0.098720148 4.521731377
-0.097522430 0.022072252 -0.994988561 -15.382998466 -0.003288293 0.999741435 0.022499988 0.103947476 0.995227873 0.005466067 -0.097424649 4.444905281
-0.095826231 0.024798863 -0.995089054 -16.085662842 -0.002723565 0.999679387 0.025175534 0.119336545 0.995394230 0.005122666 -0.095727973 4.377515793
-0.093711697 0.028298454 -0.995197177 -16.802291870 -0.004061179 0.999576747 0.028805405 0.128891796 0.995591104 0.006741077 -0.093557104 4.303930283
-0.092105061 0.030296203 -0.995288253 -17.534624100 -0.004308260 0.999515533 0.030823562 0.137879431 0.995739937 0.007126968 -0.091929913 4.232203484
-0.090094224 0.029758453 -0.995488524 -18.263584137 -0.006470517 0.999514878 0.030464413 0.151712596 0.995912254 0.009185992 -0.089857958 4.160417557
-0.088457540 0.026583275 -0.995725155 -19.021688461 -0.008786432 0.999584138 0.027466858 0.168962479 0.996041179 0.011178524 -0.088187203 4.085737228
-0.086703524 0.025993858 -0.995895028 -19.795022964 -0.009859658 0.999588192 0.026948648 0.185194135 0.996185422 0.012155727 -0.086411521 4.009714127
-0.085446604 0.028252672 -0.995942056 -20.564502716 -0.007275598 0.999553502 0.028979329 0.198903590 0.996316254 0.009722260 -0.085202880 3.948193789
-0.084187701 0.030754721 -0.995975196 -21.351238251 -0.004820198 0.999499381 0.031270981 0.204262614 0.996438324 0.007433429 -0.083997287 3.880102634
-0.082834035 0.032357421 -0.996037900 -22.147132874 -0.004106094 0.999453187 0.032809854 0.220021158 0.996554911 0.006807597 -0.082655862 3.811927795
-0.082124643 0.027583761 -0.996240258 -22.952312469 -0.004062863 0.999599338 0.028011689 0.233460009 0.996613860 0.006348038 -0.081979647 3.740042925
-0.081853688 0.020743856 -0.996428490 -23.754837036 -0.002775470 0.999774754 0.021041520 0.239864171 0.996640444 0.004487884 -0.081777677 3.672622442
-0.082086422 0.016255992 -0.996492624 -24.572935104 0.000391967 0.999867380 0.016278755 0.250683904 0.996625185 0.000945673 -0.082081892 3.606729507
-0.082589537 0.017148284 -0.996436059 -25.402082443 0.001357002 0.999852955 0.017094614 0.256911874 0.996582687 0.000059671 -0.082600646 3.537199736
-0.082644187 0.024786042 -0.996270776 -26.244813919 0.000908575 0.999692142 0.024795787 0.261396378 0.996578753 0.001144041 -0.082641251 3.458773375
-0.083185256 0.031981714 -0.996020734 -27.083501816 -0.000341984 0.999483824 0.032121476 0.272208929 0.996534050 0.003012656 -0.083131403 3.391343832
-0.083443232 0.037367616 -0.995811701 -27.923606873 -0.002464025 0.999285996 0.037704453 0.282485723 0.996509492 0.005599888 -0.083291583 3.310587883
-0.083649620 0.037550598 -0.995787501 -28.762580872 -0.004427753 0.999265850 0.038053717 0.293705225 0.996485412 0.007592279 -0.083421960 3.229854107
-0.083948798 0.033750679 -0.995898366 -29.598917007 -0.004276849 0.999404848 0.034230027 0.312814713 0.996460974 0.007132877 -0.083754472 3.154934168
-0.084249318 0.031037914 -0.995961249 -30.435850143 -0.004265825 0.999494493 0.031508867 0.329340637 0.996435642 0.006903198 -0.084074311 3.078145504
-0.084375776 0.032240838 -0.995912313 -31.270011902 -0.005716621 0.999444366 0.032839507 0.344865382 0.996417642 0.008464112 -0.084144562 2.999895096
-0.084198281 0.034890387 -0.995837986 -32.104873657 -0.007066521 0.999340773 0.035610586 0.349716604 0.996423900 0.010035459 -0.083896212 2.925375700
-0.084205672 0.033385519 -0.995888948 -32.938056946 -0.007305173 0.999391019 0.034120601 0.363853037 0.996421576 0.010148287 -0.083910502 2.851116657
-0.083879463 0.028041223 -0.996081293 -33.771705627 -0.008346950 0.999549270 0.028841736 0.376875758 0.996440947 0.010733470 -0.083607569 2.773445129
-0.083661556 0.023927592 -0.996206939 -34.594715118 -0.010018802 0.999640942 0.024851453 0.385269493 0.996443808 0.012059911 -0.083391771 2.700502634
-0.083169706 0.024707906 -0.996228993 -35.432205200 -0.009255412 0.999630332 0.025564941 0.396958232 0.996492326 0.011346739 -0.082910269 2.624914169
-0.082320943 0.027135927 -0.996236384 -36.261291504 -0.008630687 0.999572337 0.027939964 0.400649428 0.996568441 0.010898249 -0.082051538 2.547956228
-0.081887700 0.032095667 -0.996124685 -37.103099823 -0.008038877 0.999427617 0.032862931 0.414192319 0.996609151 0.010698792 -0.081582807 2.475887537
-0.081171386 0.037600458 -0.995990634 -37.942649841 -0.007814742 0.999233365 0.038359761 0.430141807 0.996669531 0.010897123 -0.080815323 2.405154705
-0.081151448 0.040771171 -0.995867550 -38.797470093 -0.008062434 0.999103427 0.041560642 0.446001768 0.996669114 0.011401822 -0.080749974 2.321583033
-0.081038095 0.041004241 -0.995867193 -39.583717346 -0.007277529 0.999102533 0.041729663 0.459064126 0.996684372 0.010629145 -0.080666959 2.264005899
-0.081116706 0.036648870 -0.996030569 -40.403678894 -0.006898935 0.999279201 0.037330247 0.479312897 0.996680677 0.009899658 -0.080805406 2.196961880
-0.080624387 0.032347456 -0.996219516 -41.222179413 -0.008185554 0.999418080 0.033113770 0.492512226 0.996710956 0.010824384 -0.080312692 2.120300770
-0.080456018 0.029582221 -0.996319115 -42.030105591 -0.012493067 0.999451041 0.030684069 0.502566218 0.996679902 0.014915798 -0.080042295 2.047467232
-0.081294619 0.028005132 -0.996296585 -42.858760834 -0.015881658 0.999441862 0.029389439 0.516055226 0.996563554 0.018212043 -0.080804482 1.974550486
-0.081513315 0.025860127 -0.996336639 -43.684543610 -0.013461578 0.999543607 0.027044689 0.525768399 0.996581316 0.015616766 -0.081127994 1.894739151
-0.082885511 0.022038098 -0.996315360 -44.511924744 -0.009938440 0.999687433 0.022939488 0.535967827 0.996509492 0.011803172 -0.082640588 1.831590176
-0.083302207 0.020523645 -0.996312916 -45.335536957 -0.005460098 0.999763429 0.021051243 0.545277715 0.996509373 0.007193581 -0.083170436 1.753809929
-0.085399635 0.024155494 -0.996053934 -46.157638550 -0.005522013 0.999679208 0.024716860 0.549208522 0.996331453 0.007611031 -0.085238852 1.682197094
-0.086983286 0.030660091 -0.995737851 -46.970039368 -0.003411423 0.999511182 0.031074284 0.552260220 0.996203840 0.006099827 -0.086836182 1.606017590
-0.088693328 0.034456372 -0.995462835 -47.765815735 -0.001644298 0.999395013 0.034738984 0.560132027 0.996057630 0.004717953 -0.088583000 1.535964012
-0.090143584 0.033419903 -0.995367885 -48.575553894 -0.001567905 0.999430835 0.033698302 0.572570920 0.995927572 0.004598329 -0.090039857 1.457729340
-0.091571100 0.029518846 -0.995360911 -49.370632172 -0.004804624 0.999535739 0.030084670 0.581202269 0.995786965 0.007537223 -0.091386750 1.380231857
-0.092359342 0.026118839 -0.995383143 -50.160053253 -0.009959883 0.999581695 0.027153160 0.586663723 0.995675921 0.012421748 -0.092060544 1.287580967
-0.093837790 0.024583643 -0.995283961 -50.953598022 -0.013664204 0.999569118 0.025977787 0.595383346 0.995493710 0.016037460 -0.093461424 1.207169056
-0.094749108 0.025432844 -0.995176196 -51.751728058 -0.015391103 0.999516726 0.027009131 0.603443563 0.995382190 0.017875953 -0.094311863 1.121565342
-0.095332026 0.027306307 -0.995070994 -52.538024902 -0.015671650 0.999458611 0.028928123 0.606580973 0.995322168 0.018352179 -0.094852492 1.036584854
-0.096595913 0.026798207 -0.994962811 -53.319824219 -0.017314343 0.999440968 0.028599784 0.614507675 0.995173037 0.019989749 -0.096077934 0.961006165
-0.097329088 0.026627537 -0.994895995 -54.098758698 -0.017993467 0.999431610 0.028509200 0.622004449 0.995089650 0.020676399 -0.096794635 0.879145145
-0.097793408 0.028439587 -0.994800329 -54.879428864 -0.016401382 0.999409735 0.030183693 0.632110476 0.995071530 0.019267866 -0.097269252 0.801444530
-0.098065242 0.031238576 -0.994689524 -55.651958466 -0.015761741 0.999333084 0.032938339 0.644286871 0.995055199 0.018908143 -0.097507462 0.723341465
-0.098359764 0.035525143 -0.994516611 -56.432991028 -0.015564384 0.999185383 0.037231259 0.652658582 0.995029151 0.019141093 -0.097726710 0.642334461
-0.098901913 0.037643198 -0.994384885 -57.194957733 -0.015674675 0.999101341 0.039380748 0.665884137 0.994973719 0.019481491 -0.098222978 0.564059258
-0.099722788 0.037672997 -0.994301796 -57.950325012 -0.015343891 0.999105871 0.039393935 0.676937819 0.994896948 0.019184928 -0.099055573 0.486619473
-0.099966511 0.035937455 -0.994341552 -58.691715240 -0.014446486 0.999189675 0.037565064 0.686218739 0.994885981 0.018119987 -0.099366337 0.409958363
-0.099899769 0.032111086 -0.994479239 -59.420589447 -0.014028241 0.999334276 0.033677053 0.702598095 0.994898617 0.017315123 -0.099382803 0.329770565
-0.099739082 0.029184785 -0.994585633 -60.164207458 -0.014660034 0.999418139 0.030796733 0.711867929 0.994905651 0.017652299 -0.099253200 0.247016907
-0.098722965 0.026895553 -0.994751453 -60.872215271 -0.015222233 0.999476910 0.028534034 0.721144080 0.994998574 0.017959302 -0.098261923 0.175368309
-0.096195690 0.026322197 -0.995014369 -61.566165924 -0.018056041 0.999439657 0.028184878 0.722830653 0.995198667 0.020677283 -0.095666528 0.099230766
-0.091453806 0.027038544 -0.995442152 -62.258563995 -0.017956447 0.999424040 0.028796403 0.731456995 0.995647490 0.020508148 -0.090915598 0.024354935
-0.086146794 0.028815869 -0.995865643 -62.916351318 -0.017452719 0.999384582 0.030427434 0.734826446 0.996129513 0.020001786 -0.085590854 -0.024155140
-0.078935623 0.030212263 -0.996421754 -63.569332123 -0.016634678 0.999361575 0.031619180 0.742560625 0.996740937 0.019071033 -0.078382649 -0.074317455
-0.069948249 0.031550352 -0.997051537 -64.200538635 -0.017718449 0.999302685 0.032864630 0.746753573 0.997393191 0.019965028 -0.069340445 -0.117648602
-0.058146637 0.033392638 -0.997749329 -64.833267212 -0.019869424 0.999203682 0.034599256 0.752767920 0.998110294 0.021836534 -0.057436842 -0.159204245
-0.043561731 0.034929730 -0.998439908 -65.422851562 -0.023036467 0.999087691 0.035957467 0.758029461 0.998785138 0.024566894 -0.042717326 -0.184180498
-0.025097467 0.036048811 -0.999034822 -66.012336731 -0.024545841 0.999026060 0.036665123 0.768348694 0.999383688 0.025442353 -0.024188172 -0.195368171
-0.002661984 0.037075814 -0.999308944 -66.586814880 -0.025699163 0.998979867 0.037132062 0.774440765 0.999666274 0.025780248 -0.001706447 -0.193878025
0.022664130 0.037604883 -0.999035656 -67.130279541 -0.025001680 0.999001086 0.037036389 0.778261065 0.999430597 0.024138171 0.023581684 -0.164896131
0.052131720 0.037044149 -0.997952878 -67.647308350 -0.023609713 0.999078095 0.035852578 0.788838148 0.998361111 0.021692324 0.052958280 -0.117198229
0.086243220 0.036975373 -0.995587707 -68.123733521 -0.022591770 0.999126673 0.035149783 0.794061184 0.996017933 0.019460658 0.087003253 -0.056716442
0.124080062 0.037114695 -0.991577744 -68.600990295 -0.022184607 0.999154270 0.034622226 0.800513148 0.992024124 0.017701834 0.124798492 0.025397301
0.165104598 0.036953725 -0.985583484 -69.060768127 -0.022044096 0.999186456 0.033770937 0.804228067 0.986029744 0.016150558 0.165784895 0.123277664
0.210314482 0.038207311 -0.976886928 -69.497421265 -0.021075008 0.999180973 0.034542013 0.804970026 0.977406561 0.013323212 0.210947469 0.240296364
0.258613437 0.036611374 -0.965286791 -69.918388367 -0.017782778 0.999292612 0.033136901 0.809434414 0.965817332 0.008595835 0.259081542 0.386388779
0.308841765 0.031909913 -0.950578034 -70.312065125 -0.009864420 0.999490738 0.030346926 0.803249478 0.951062202 0.000004501 0.308999240 0.553997040
0.359225422 0.026605839 -0.932871521 -70.695007324 -0.004965410 0.999633849 0.026597871 0.804914057 0.933237612 -0.004922542 0.359225959 0.755872726
0.411559910 0.022169285 -0.911113024 -71.080566406 -0.000275180 0.999707043 0.024200663 0.810786605 0.911382675 -0.009709301 0.411445439 0.972269058
0.463012993 0.021305041 -0.886095405 -71.461532593 -0.000763047 0.999720335 0.023638289 0.824357271 0.886351168 -0.010268703 0.462899745 1.205112457
0.511393785 0.020355938 -0.859105349 -71.833557129 0.000840168 0.999707103 0.024187522 0.826830029 0.859346092 -0.013091141 0.511226892 1.461587906
0.555803716 0.015673865 -0.831165850 -72.180313110 0.008877190 0.999653339 0.024787365 0.836754143 0.831266165 -0.021155326 0.555471897 1.756591797
0.599732280 0.009340825 -0.800146103 -72.488609314 0.018966122 0.999485016 0.025883529 0.834586203 0.799975932 -0.030698860 0.599246204 2.049655914
0.642468333 0.004077028 -0.766301513 -72.804260254 0.020630345 0.999531329 0.022614416 0.838704705 0.766034663 -0.030338109 0.642083049 2.359779358
0.683670104 -0.000271114 -0.729791164 -73.104217529 0.017643481 0.999713778 0.016157065 0.837683201 0.729577899 -0.023922160 0.683479190 2.682865143
0.724147022 -0.007055216 -0.689609528 -73.386444092 0.013995191 0.999892116 0.004466467 0.842380583 0.689503670 -0.012885595 0.724167585 3.022167206
0.763382733 -0.008973417 -0.645884156 -73.630874634 0.008711667 0.999955595 -0.003596127 0.838983655 0.645887733 -0.002881506 0.763426960 3.368106842
0.800524116 -0.009728844 -0.599221528 -73.885787964 0.007327142 0.999952316 -0.006446405 0.835528374 0.599255681 0.000769921 0.800557256 3.763851166
0.834628642 -0.011154255 -0.550700247 -74.137359619 0.007776853 0.999933898 -0.008466914 0.833021879 0.550758243 0.002784014 0.834660172 4.198627472
0.864889205 -0.010228154 -0.501858711 -74.357704163 0.005491510 0.999925375 -0.010915106 0.828340888 0.501932919 0.006684395 0.864880681 4.647985458
0.891159832 -0.007991061 -0.453619093 -74.578178406 0.004154643 0.999946654 -0.009453269 0.812030435 0.453670382 0.006539747 0.891145527 5.123718262
0.912389219 -0.002133128 -0.409318089 -74.773445129 -0.001572638 0.999960840 -0.008716695 0.805541873 0.409320623 0.008596729 0.912350118 5.620317459
0.929990292 0.002334004 -0.367576540 -74.962211609 -0.006562404 0.999925852 -0.010254025 0.796227038 0.367525369 0.011948331 0.929936707 6.137817383
0.943539083 0.007417100 -0.331177950 -75.140724182 -0.010969765 0.999900639 -0.008859412 0.789050817 0.331079334 0.011992145 0.943526685 6.679071426
0.953538954 0.008670663 -0.301145256 -75.299484253 -0.011368122 0.999909401 -0.007206050 0.780292451 0.301055521 0.010294702 0.953551054 7.221780777
0.960849583 0.007934380 -0.276956618 -75.448501587 -0.009928340 0.999933839 -0.005797972 0.769966125 0.276892275 0.008320698 0.960864902 7.802703857
0.966613054 0.008192673 -0.256109208 -75.588928223 -0.009425868 0.999949098 -0.003587968 0.756963432 0.256066740 0.005882228 0.966641128 8.399633408
0.971327960 0.010879767 -0.237494364 -75.741210938 -0.011493495 0.999933183 -0.001199650 0.752819061 0.237465426 0.003894892 0.971388161 9.018169403
0.974898636 0.015519215 -0.222107381 -75.883544922 -0.015867876 0.999874115 0.000214717 0.748815477 0.222082764 0.003315045 0.975022137 9.646868706
0.977787971 0.019575287 -0.208680511 -76.030754089 -0.019649694 0.999805391 0.001716741 0.734672785 0.208673522 0.002421898 0.977982461 10.294437408
0.980498850 0.018011976 -0.195697740 -76.157226562 -0.018068397 0.999835610 0.001497072 0.727742434 0.195692524 0.002068067 0.980663061 10.959080696
0.983136833 0.018160101 -0.181967705 -76.279258728 -0.018237259 0.999832928 0.001249372 0.718364060 0.181959987 0.002090289 0.983303666 11.637809753
0.985753655 0.018248037 -0.167203158 -76.391433716 -0.018228369 0.999832571 0.001652465 0.715510547 0.167205289 0.001418918 0.985920966 12.332702637
0.987946093 0.019412685 -0.153577015 -76.494689941 -0.019283786 0.999811292 0.002329015 0.707640529 0.153593272 0.000660605 0.988133848 13.046087265
0.989856720 0.020593626 -0.140568137 -76.606468201 -0.020884708 0.999781728 -0.000595692 0.694035590 0.140525192 0.003525374 0.990070760 13.772303581
0.991365671 0.020959429 -0.129440159 -76.698310852 -0.021884991 0.999744058 -0.005732101 0.680500984 0.129286885 0.008515405 0.991570592 14.497313499
0.992590964 0.019492352 -0.119929768 -76.786407471 -0.021091990 0.999704540 -0.012083132 0.671371102 0.119658776 0.014523165 0.992708862 15.238881111
0.993532598 0.019049136 -0.111937806 -76.873397827 -0.020555533 0.999712825 -0.012318689 0.661994219 0.111670993 0.014539961 0.993638873 15.999422073
0.994259834 0.020929746 -0.104925141 -76.957435608 -0.021695692 0.999745667 -0.006163772 0.645504057 0.104769446 0.008404815 0.994460940 16.760393143
0.994626701 0.025960209 -0.100220010 -77.057479858 -0.025880082 0.999662876 0.002099797 0.621479452 0.100240760 0.000505188 0.994963109 17.587066650
0.995046079 0.026860571 -0.095717490 -77.136810303 -0.026413711 0.999633551 0.005932695 0.607725024 0.095841743 -0.003375051 0.995390892 18.353725433
0.995430171 0.025455799 -0.092037968 -77.213706970 -0.025088325 0.999671936 0.005147634 0.594426513 0.092138827 -0.002815031 0.995742202 19.125869751
0.995675385 0.025187982 -0.089421175 -77.278358459 -0.024936806 0.999681354 0.003925132 0.587773502 0.089491546 -0.001678278 0.995986164 19.899003983
0.995991409 0.024291677 -0.086087115 -77.351814270 -0.023830393 0.999695599 0.006382075 0.574686229 0.086215943 -0.004305001 0.996267140 20.664203644
0.996242285 0.022460958 -0.083646998 -77.420738220 -0.021801332 0.999723673 0.008791032 0.564230680 0.083821341 -0.006934382 0.996456683 21.442718506
0.996526301 0.020178249 -0.080796853 -77.480514526 -0.019402899 0.999757946 0.010370070 0.556671619 0.080986544 -0.008766354 0.996676683 22.208385468
0.996760905 0.019612454 -0.077993087 -77.546562195 -0.019128146 0.999792933 0.006951943 0.544639170 0.078113280 -0.005437563 0.996929705 22.968925476
0.996864676 0.022223128 -0.075939290 -77.614959717 -0.022282364 0.999751687 0.000067235 0.531819046 0.075921938 0.001625085 0.997112513 23.720985413
0.996941507 0.023354674 -0.074580871 -77.672538757 -0.024025740 0.999678433 -0.008113252 0.522372842 0.074367404 0.009880300 0.997181952 24.470888138
0.997034192 0.023507435 -0.073283449 -77.734603882 -0.024452042 0.999628723 -0.012019176 0.509022176 0.072973713 0.013775456 0.997238874 25.239086151
0.997170806 0.025086917 -0.070860349 -77.798034668 -0.025901441 0.999608278 -0.010599194 0.490845025 0.070566699 0.012404591 0.997429967 25.998497009
0.997220755 0.028878404 -0.068678409 -77.861175537 -0.029379031 0.999548495 -0.006290370 0.465733767 0.068465725 0.008290591 0.997619033 26.767789841
0.997307897 0.031882040 -0.066033214 -77.921981812 -0.032021299 0.999486625 -0.001051412 0.447727650 0.065965794 0.003163051 0.997816801 27.509204865
0.997538507 0.029601268 -0.063565850 -77.971694946 -0.029634472 0.999560595 0.000420606 0.437663972 0.063550383 0.001464170 0.997977495 28.268344879
0.997711480 0.026788639 -0.062080733 -78.025482178 -0.026794987 0.999640644 0.000730408 0.419756234 0.062077988 0.000934716 0.998070776 29.031291962
0.997845411 0.024594678 -0.060824037 -78.074455261 -0.024604036 0.999696970 0.000595154 0.405011922 0.060820259 0.000902646 0.998148382 29.784200668
0.997885823 0.024586204 -0.060160488 -78.116592407 -0.024711577 0.999693692 -0.001340766 0.393406689 0.060109098 0.002824592 0.998187780 30.530675888
0.997976959 0.022437440 -0.059486367 -78.161033630 -0.022626331 0.999740839 -0.002503614 0.381557018 0.059414778 0.003844508 0.998225987 31.287836075
0.998054206 0.021208355 -0.058634005 -78.209953308 -0.021387067 0.999768376 -0.002421999 0.368498594 0.058569051 0.003671296 0.998276651 32.048267365
0.998022139 0.025421031 -0.057494216 -78.271911621 -0.025554303 0.999672294 -0.001583916 0.356350273 0.057435110 0.003050008 0.998344600 32.829940796
0.998027742 0.025227481 -0.057480831 -78.316734314 -0.025399396 0.999674916 -0.002262097 0.343571842 0.057405073 0.003717614 0.998344004 33.602539062
0.997927606 0.024649842 -0.059438232 -78.361076355 -0.024828184 0.999689162 -0.002263678 0.329341501 0.059363961 0.003734730 0.998229444 34.376697540
0.997892916 0.022322468 -0.060921747 -78.418792725 -0.022471208 0.999745965 -0.001757403 0.316632003 0.060867045 0.003122685 0.998140991 35.165184021
0.997657657 0.023981778 -0.064063936 -78.480606079 -0.024160475 0.999705970 -0.002015978 0.306214958 0.063996755 0.003559070 0.997943819 35.967128754
0.997400880 0.027966311 -0.066403352 -78.546211243 -0.028161252 0.999601364 -0.002001301 0.285251439 0.066320933 0.003866101 0.997790873 36.757816315
0.997169375 0.029091634 -0.069331527 -78.608955383 -0.029654412 0.999534965 -0.007101676 0.279742271 0.069092691 0.009137560 0.997568369 37.553432465
0.996980727 0.029971620 -0.071632586 -78.678581238 -0.030817643 0.999467373 -0.010734497 0.268533230 0.071272716 0.012909632 0.997373223 38.359683990
0.996860623 0.029144742 -0.073616885 -78.743156433 -0.030138809 0.999468505 -0.012428473 0.252648532 0.073215537 0.014608182 0.997209191 39.170627594
0.996688783 0.029198876 -0.075886689 -78.811050415 -0.030103102 0.999488473 -0.010798806 0.232691854 0.075532556 0.013047475 0.997057974 40.003406525
0.996545374 0.027596947 -0.078331098 -78.880714417 -0.028455235 0.999546409 -0.009861998 0.211471111 0.078023419 0.012056858 0.996878624 40.824142456
0.996435165 0.026760541 -0.080004998 -78.948532104 -0.027485846 0.999590456 -0.007978110 0.195219129 0.079758726 0.010148675 0.996762514 41.632705688
0.996369541 0.026311537 -0.080965877 -79.023139954 -0.026758561 0.999632061 -0.004440885 0.180843204 0.080819242 0.006591292 0.996706903 42.470714569
0.996286631 0.025897998 -0.082110085 -79.091743469 -0.025906026 0.999663949 0.000967746 0.163313225 0.082107559 0.001162995 0.996622741 43.314331055
0.996383131 0.026371522 -0.080778047 -79.172531128 -0.026217632 0.999651849 0.002965333 0.149438143 0.080828123 -0.000836797 0.996727645 44.159637451
0.996415973 0.029646808 -0.079222806 -79.248275757 -0.029517656 0.999560356 0.002801082 0.142346293 0.079271011 -0.000452571 0.996852994 45.032653809
0.996581614 0.029591735 -0.077132635 -79.318511963 -0.029595466 0.999561369 0.001094990 0.136206508 0.077131212 0.001191529 0.997020245 45.891822815
0.996762276 0.027235717 -0.075652063 -79.386993408 -0.027399568 0.999623954 -0.001128565 0.124848932 0.075592883 0.003197744 0.997133613 46.755870819
0.996970594 0.023795547 -0.074049659 -79.452033997 -0.024041723 0.999707997 -0.002434757 0.103539959 0.073970094 0.004207663 0.997251570 47.618076324
0.997157097 0.022493189 -0.071914427 -79.520065308 -0.022778234 0.999735594 -0.003145927 0.096521378 0.071824647 0.004775066 0.997405887 48.493099213
0.997277498 0.020367630 -0.070871487 -79.584289551 -0.020441538 0.999791026 -0.000317684 0.077059947 0.070850194 0.001765541 0.997485340 49.360252380
0.997352898 0.017549884 -0.070563383 -79.640510559 -0.017449398 0.999845624 0.002040265 0.063754760 0.070588291 -0.000803575 0.997505188 50.241340637
0.997431993 0.017471625 -0.069456019 -79.704933167 -0.017353900 0.999846756 0.002297983 0.053922027 0.069485530 -0.001086748 0.997582316 51.135612488
0.997500122 0.018798513 -0.068118297 -79.771034241 -0.018885590 0.999821424 -0.000634531 0.035089701 0.068094201 0.001919399 0.997677088 52.002708435
0.997508526 0.021432169 -0.067211770 -79.848091125 -0.021920703 0.999738336 -0.006539446 0.018341869 0.067054018 0.007996482 0.997717321 52.866104126
0.997511804 0.023002213 -0.066641480 -79.907135010 -0.023849061 0.999644220 -0.011939861 -0.003629684 0.066343129 0.013499488 0.997705519 53.747917175
0.997472763 0.027877361 -0.065352537 -79.983123779 -0.029077668 0.999424160 -0.017487776 -0.032496333 0.064827383 0.019343881 0.997708976 54.597000122
0.997524261 0.028692208 -0.064203866 -80.047782898 -0.029925402 0.999384046 -0.018328706 -0.062004805 0.063638419 0.020204660 0.997768462 55.450897217
0.997622490 0.024710484 -0.064332850 -80.093765259 -0.025560567 0.999596179 -0.012424367 -0.077167928 0.063999854 0.014039212 0.997851133 56.287319183
0.997589827 0.024512975 -0.064912096 -80.153633118 -0.024790822 0.999686539 -0.003478245 -0.100134745 0.064806506 0.005079084 0.997884870 57.145484924
0.997535884 0.023407502 -0.066137657 -80.212364197 -0.023183601 0.999722600 0.004150945 -0.119903326 0.066216476 -0.002607408 0.997801840 58.000240326
0.997441888 0.020343360 -0.068525776 -80.273872375 -0.020268919 0.999792993 0.001781461 -0.130017534 0.068547845 -0.000387961 0.997647762 58.826576233
0.997406960 0.015832152 -0.070205562 -80.340202332 -0.015978422 0.999871254 -0.001522334 -0.149481982 0.070172429 0.002640163 0.997531414 59.682464600
0.997217715 0.014556799 -0.073108986 -80.395156860 -0.014800644 0.999886513 -0.002794676 -0.170323640 0.073059998 0.003868959 0.997320056 60.493747711
0.996979654 0.016459709 -0.075899370 -80.464355469 -0.016912250 0.999842763 -0.005323425 -0.187204123 0.075799823 0.006590975 0.997101247 61.316036224
0.996734858 0.018066932 -0.078696229 -80.544998169 -0.018781979 0.999788702 -0.008355421 -0.212114275 0.078528643 0.009806210 0.996863663 62.128784180
0.996425211 0.019295765 -0.082247041 -80.627044678 -0.020316975 0.999726415 -0.011597501 -0.231613100 0.082000755 0.013227055 0.996544540 62.943607330
0.996106446 0.020973373 -0.085626781 -80.698120117 -0.022370972 0.999631226 -0.015395135 -0.258820236 0.085272297 0.017250748 0.996208370 63.744178772
0.995696962 0.026386602 -0.088833071 -80.790283203 -0.027908351 0.999483526 -0.015931981 -0.278149366 0.088366814 0.018342609 0.995919108 64.546562195
0.995269001 0.030012220 -0.092406727 -80.875404358 -0.031438336 0.999407411 -0.014015903 -0.300727606 0.091931321 0.016854707 0.995622694 65.349525452
0.994833529 0.032997604 -0.096005686 -80.966697693 -0.033929471 0.999391496 -0.008089687 -0.323940814 0.095680311 0.011305312 0.995347917 66.150856018
0.994402766 0.033449281 -0.100220710 -81.053657532 -0.033840954 0.999424815 -0.002210164 -0.345495462 0.100089133 0.005589359 0.994962811 66.964187622
0.993924081 0.032785628 -0.105070807 -81.140632629 -0.032824297 0.999460220 0.001361610 -0.362964064 0.105058730 0.002095539 0.994463801 67.755531311
0.993243575 0.032213822 -0.111486822 -81.234985352 -0.032128442 0.999480486 0.002562774 -0.376164198 0.111511454 0.001036439 0.993762612 68.544990540
0.992674351 0.029890399 -0.117064938 -81.333656311 -0.029357208 0.999549270 0.006276714 -0.387935668 0.117199793 -0.002794032 0.993104458 69.324645996
0.991820872 0.031087259 -0.123793304 -81.431983948 -0.030599885 0.999514639 0.005836864 -0.398638189 0.123914666 -0.002001063 0.992290854 70.107444763
0.990912378 0.035961058 -0.129612863 -81.547653198 -0.035600092 0.999353111 0.005101571 -0.410178721 0.129712507 -0.000440980 0.991551459 70.877700806
0.990091503 0.038168080 -0.135136724 -81.672073364 -0.038272735 0.999265671 0.001824350 -0.423415065 0.135107100 0.003365779 0.990825295 71.641342163
0.989228368 0.037022993 -0.141621113 -81.783607483 -0.037600651 0.999291837 -0.001404146 -0.429182202 0.141468853 0.006714069 0.989919901 72.401275635
0.988399029 0.038371887 -0.146952257 -81.905624390 -0.039132833 0.999231339 -0.002289571 -0.445518613 0.146751463 0.008013668 0.989140928 73.166877747
0.987653613 0.040350255 -0.151367188 -82.034820557 -0.040417988 0.999179423 0.002630462 -0.452887416 0.151349097 0.003519970 0.988474131 73.936042786
0.986690462 0.040932186 -0.157373533 -82.166000366 -0.040379036 0.999161899 0.006711862 -0.462470770 0.157516375 -0.000267939 0.987516344 74.703407288
0.985679448 0.040531676 -0.163686156 -82.296875000 -0.039559036 0.999174953 0.009198696 -0.480174005 0.163923949 -0.002591701 0.986469567 75.461082458
0.984560609 0.038081802 -0.170850754 -82.432891846 -0.037671484 0.999274194 0.005644132 -0.489157021 0.170941666 0.000879208 0.985280812 76.209945679
0.983143151 0.035719991 -0.179314315 -82.576187134 -0.036629278 0.999327362 -0.001761473 -0.492015481 0.179130793 0.008299935 0.983790278 76.951942444
0.981499493 0.033098686 -0.188581705 -82.724090576 -0.034354120 0.999403954 -0.003391613 -0.502672672 0.188357055 0.009807427 0.982051671 77.694915771
0.979372740 0.032765448 -0.199387878 -82.876846313 -0.033504244 0.999438405 -0.000331428 -0.518263638 0.199265078 0.007004930 0.979920685 78.428314209
0.977031648 0.032787614 -0.210556686 -83.045051575 -0.032289956 0.999461651 0.005802019 -0.523917854 0.210633576 0.001130110 0.977564454 79.167045593
0.974470913 0.034313083 -0.221876174 -83.216934204 -0.032064471 0.999391496 0.013729800 -0.535490632 0.222212285 -0.006264951 0.974978089 79.887176514
0.971836269 0.035008699 -0.233041912 -83.401916504 -0.031860862 0.999343216 0.017259413 -0.542776346 0.233493060 -0.009348408 0.972313464 80.611495972
0.968877137 0.038295131 -0.244562224 -83.599777222 -0.036116216 0.999257863 0.013389374 -0.554709792 0.244893461 -0.004139993 0.969541132 81.328948975
0.965826869 0.038001761 -0.256386876 -83.804481506 -0.038192529 0.999261439 0.004237032 -0.560183048 0.256358504 0.005699824 0.966564953 82.027305603
0.962646604 0.035380721 -0.268439382 -84.016693115 -0.037002791 0.999314725 -0.000983965 -0.557112098 0.268220603 0.010880215 0.963295996 82.733177185
0.959125161 0.034133561 -0.280916005 -84.219337463 -0.034314383 0.999401927 0.004276598 -0.560913086 0.280894011 0.005537665 0.959722757 83.456573486
0.955742896 0.035378404 -0.292068154 -84.449684143 -0.033387709 0.999372840 0.011799088 -0.567695260 0.292302400 -0.001525405 0.956324637 84.178009033
0.952031910 0.035305776 -0.303955436 -84.687622070 -0.031596001 0.999354124 0.017116236 -0.570644617 0.304363459 -0.006691426 0.952532470 84.888610840
0.947852254 0.032813128 -0.317016512 -84.928192139 -0.029543383 0.999449253 0.015116854 -0.570701599 0.317337930 -0.004962803 0.948299527 85.600776672
0.944243491 0.031378511 -0.327749074 -85.191741943 -0.029307412 0.999507070 0.011257690 -0.578073144 0.327940762 -0.001024524 0.944697797 86.294052124
0.941072822 0.026910767 -0.337131768 -85.434494019 -0.027032875 0.999625087 0.004332961 -0.582185030 0.337121934 0.005036008 0.941447496 86.980651855
0.938191772 0.022877626 -0.345359057 -85.692886353 -0.024979180 0.999686658 -0.001635413 -0.586990476 0.345213443 0.010161118 0.938469172 87.684219360
0.935637057 0.022302452 -0.352258503 -85.968399048 -0.025214722 0.999675214 -0.003680868 -0.594365835 0.352062047 0.012326056 0.935895383 88.385879517
0.932576835 0.028070297 -0.359878659 -86.262229919 -0.031344578 0.999503195 -0.003264630 -0.612141490 0.359608263 0.014324763 0.932993412 89.089973450
0.929460824 0.028268171 -0.367836177 -86.534072876 -0.030698761 0.999528527 -0.000757020 -0.627447963 0.367641300 0.011995737 0.929890335 89.776115417
0.926354825 0.028704517 -0.375556469 -86.824630737 -0.028576734 0.999574184 0.005911499 -0.630357206 0.375566274 0.005256028 0.926780701 90.481567383
0.923462689 0.030575935 -0.382467985 -87.115631104 -0.027189085 0.999528706 0.014258500 -0.636262774 0.382723719 -0.002768240 0.923858702 91.190864563
0.920864463 0.040929481 -0.387728512 -87.441360474 -0.035514340 0.999145865 0.021124646 -0.644980907 0.388262004 -0.005683016 0.921531558 91.889564514
0.918132126 0.047464352 -0.393421620 -87.757453918 -0.043901578 0.998872638 0.018055443 -0.641011000 0.393835098 0.000694550 0.919180870 92.578857422
0.915799260 0.043862898 -0.399234086 -88.064682007 -0.043263234 0.999008417 0.010517556 -0.639717460 0.399299473 0.007640190 0.916788697 93.264770508
0.913901985 0.036255356 -0.404312551 -88.368812561 -0.038249400 0.999263346 0.003147172 -0.643491030 0.404128730 0.012588510 0.914615571 93.953201294
0.911981046 0.036544871 -0.408601433 -88.678146362 -0.038969561 0.999237537 0.002392309 -0.644100428 0.408377260 0.013741281 0.912709832 94.648818970
0.909997523 0.043327581 -0.412343472 -89.033264160 -0.044021636 0.998999953 0.007820345 -0.654190540 0.412269920 0.011035541 0.910994947 95.345802307
0.907521725 0.045871999 -0.417492568 -89.360374451 -0.044937473 0.998916805 0.012073472 -0.658645988 0.417594194 0.007804122 0.908600152 96.053421021
0.905595064 0.041875973 -0.422070891 -89.693069458 -0.041679796 0.999083996 0.009696449 -0.662467003 0.422090322 0.008810773 0.906511009 96.745300293
0.903019965 0.040506866 -0.427684575 -90.025405884 -0.042907938 0.999071002 0.004027522 -0.676454246 0.427450329 0.014714129 0.903919101 97.436592102
0.900935471 0.037873995 -0.432297200 -90.369674683 -0.043156419 0.999065459 -0.002411640 -0.681998372 0.431801826 0.020829132 0.901727974 98.128738403
