1.000000000 0.000000000 0.000000000 0.000000000 0.000000000 1.000000000 0.000000000 0.000000000 0.000000000 0.000000000 1.000000000 0.000000000
0.999995649 0.002955019 0.000148755 -0.006188231 -0.002955222 0.999994695 0.001384033 -0.012944346 -0.000144665 -0.001384466 0.999999046 0.771927059
0.999984801 0.005475921 0.000610029 -0.012658765 -0.005477097 0.999983132 0.001943519 -0.029899964 -0.000599376 -0.001946831 0.999997854 1.541457057
0.999977112 0.006673891 0.001110531 -0.019762646 -0.006675894 0.999976099 0.001810367 -0.047791082 -0.001098422 -0.001817739 0.999997735 2.278530598
0.999962032 0.008655727 0.000974405 -0.022961462 -0.008657159 0.999961436 0.001475895 -0.060957771 -0.000961592 -0.001484274 0.999998450 3.005851746
0.999958098 0.008997139 0.001705456 -0.032933503 -0.008999291 0.999958694 0.001258649 -0.074718729 -0.001694061 -0.001273944 0.999997735 3.722182274
0.999956965 0.009086313 0.001884340 -0.033749111 -0.009090239 0.999956489 0.002085374 -0.087370425 -0.001865310 -0.002102414 0.999996006 4.411347389
0.999947011 0.009901744 0.002832227 -0.044195250 -0.009915993 0.999937952 0.005061626 -0.102352709 -0.002781932 -0.005089441 0.999983132 5.093944073
0.999942183 0.009903210 0.004195740 -0.039856281 -0.009940231 0.999911010 0.008896353 -0.107173465 -0.004107264 -0.008937544 0.999951601 5.762698174
0.999943256 0.009207928 0.005362490 -0.034720294 -0.009274140 0.999879360 0.012456086 -0.117793404 -0.005247149 -0.012505112 0.999908030 6.393628597
0.999940217 0.008560920 0.006800524 -0.039944027 -0.008660070 0.999854684 0.014686546 -0.125916824 -0.006673805 -0.014744560 0.999868989 7.001852036
0.999930918 0.009093938 0.007463386 -0.022058684 -0.009201717 0.999851942 0.014535611 -0.133133233 -0.007330096 -0.014603280 0.999866486 7.589214325
0.999919891 0.009518165 0.008348538 -0.016353875 -0.009618160 0.999881387 0.012020186 -0.142665744 -0.008233138 -0.012099519 0.999892950 8.143770218
0.999909103 0.009654840 0.009410352 -0.019601643 -0.009740141 0.999911487 0.009061042 -0.146569461 -0.009322035 -0.009151876 0.999914587 8.667570114
0.999910653 0.007973317 0.010726854 -0.004825324 -0.008054950 0.999938726 0.007588310 -0.154431611 -0.010665693 -0.007674037 0.999913692 9.169221878
0.999910414 0.004012879 0.012769229 0.002515800 -0.004080055 0.999977946 0.005239028 -0.159411877 -0.012747926 -0.005290657 0.999904752 9.645677567
0.999892354 0.002306501 0.014486955 0.015354142 -0.002367831 0.999988317 0.004217714 -0.168229282 -0.014477057 -0.004251563 0.999886155 10.087616920
0.999841869 0.006260081 0.016642667 0.017076254 -0.006299322 0.999977529 0.002306462 -0.182165086 -0.016627856 -0.002410936 0.999858856 10.495637894
0.999747992 0.010608873 0.019784363 0.011583969 -0.010644325 0.999941945 0.001687464 -0.192247719 -0.019765314 -0.001897631 0.999802768 10.882852554
0.999672472 0.011212083 0.023005158 0.021590978 -0.011278806 0.999932528 0.002772685 -0.200806662 -0.022972519 -0.003031247 0.999731481 11.223257065
0.999633729 0.007084886 0.026118807 0.037986130 -0.007167897 0.999969542 0.003085947 -0.203252733 -0.026096145 -0.003272033 0.999654055 11.547039032
0.999590099 0.002220418 0.028541476 0.055189192 -0.002295821 0.999993980 0.002609405 -0.203196809 -0.028535508 -0.002673861 0.999589205 11.840598106
0.999524713 -0.001267548 0.030803286 0.075236708 0.001144252 0.999991238 0.004019973 -0.210965469 -0.030808110 -0.003982816 0.999517381 12.101764679
0.999438226 -0.001625347 0.033474900 0.081005424 0.001452204 0.999985397 0.005195959 -0.217532948 -0.033482853 -0.005144427 0.999426067 12.325842857
0.999367952 -0.001149258 0.035530489 0.089676440 0.001004401 0.999991059 0.004094562 -0.220719099 -0.035534877 -0.004056288 0.999360144 12.533154488
0.999287665 0.000097688 0.037737347 0.093589514 -0.000215891 0.999995053 0.003128250 -0.233218282 -0.037736852 -0.003134169 0.999282718 12.711922646
0.999181092 0.002207716 0.040400967 0.099602491 -0.002285639 0.999995589 0.001882607 -0.233188897 -0.040396631 -0.001973407 0.999181747 12.884630203
0.999096036 0.005216717 0.042188857 0.099095136 -0.005287852 0.999984741 0.001574705 -0.241158158 -0.042180005 -0.001796370 0.999108374 13.051939964
0.999040782 0.006394031 0.043321136 0.106547385 -0.006411305 0.999979377 0.000259837 -0.248719275 -0.043318592 -0.000537333 0.999061167 13.205960274
0.998953521 0.005624390 0.045389280 0.114250213 -0.005563799 0.999983490 -0.001461140 -0.252217799 -0.045396745 0.001207074 0.998968363 13.359743118
0.998899698 0.004296363 0.046700813 0.132245332 -0.004175591 0.999987721 -0.002683306 -0.259541422 -0.046711765 0.002485350 0.998905361 13.508114815
0.998825192 0.003678104 0.048318282 0.131949186 -0.003497328 0.999986529 -0.003825361 -0.258998811 -0.048331708 0.003651882 0.998824656 13.638668060
0.998763800 0.004370868 0.049513936 0.142546594 -0.004114424 0.999977589 -0.005279969 -0.261006176 -0.049535908 0.005069721 0.998759449 13.778583527
0.998696923 0.005264118 0.050762288 0.150458515 -0.004906470 0.999962270 -0.007167569 -0.267891288 -0.050798118 0.006909166 0.998685062 13.904247284
0.998642623 0.005561100 0.051789209 0.154345512 -0.005075149 0.999941945 -0.009509994 -0.271528065 -0.051839095 0.009234248 0.998612821 14.022569656
0.998606265 0.004710511 0.052567489 0.161532223 -0.004099680 0.999922931 -0.011721702 -0.274107873 -0.052618660 0.011489855 0.998548687 14.146162033
0.998647749 0.003598961 0.051863216 0.170388997 -0.002907726 0.999906063 -0.013397297 -0.281602591 -0.051906563 0.013228375 0.998564303 14.271577835
0.998750508 0.003386189 0.049859364 0.175493240 -0.002647691 0.999885917 -0.014870198 -0.280406475 -0.049904041 0.014719607 0.998645544 14.392843246
0.998901486 0.003292119 0.046744034 0.182945371 -0.002573560 0.999877691 -0.015424092 -0.291397244 -0.046789102 0.015286851 0.998787820 14.529455185
0.999066889 0.003607959 0.043038063 0.178111702 -0.002880217 0.999852061 -0.016959326 -0.288166523 -0.043092892 0.016819539 0.998929501 14.641057968
0.999302149 0.003544528 0.037180781 0.180295974 -0.002873458 0.999832273 -0.018086759 -0.290490568 -0.037238657 0.017967299 0.999144852 14.772033691
0.999529243 0.003728610 0.030452318 0.179935217 -0.003158444 0.999819219 -0.018749952 -0.293666929 -0.030516723 0.018644944 0.999360323 14.903388977
0.999713182 0.003640881 0.023672797 0.166983843 -0.003183321 0.999807954 -0.019337542 -0.298877060 -0.023738654 0.019256637 0.999532819 15.021500587
0.999878764 0.003780878 0.015106669 0.170241088 -0.003470944 0.999784112 -0.020490162 -0.297947615 -0.015180878 0.020435244 0.999675930 15.158659935
0.999981105 0.002927271 0.005407944 0.151465863 -0.002810122 0.999764025 -0.021544397 -0.302294105 -0.005469739 0.021528792 0.999753296 15.282770157
0.999968886 0.000849074 -0.007837154 0.146030724 -0.001029775 0.999733031 -0.023081744 -0.307769746 0.007815462 0.023089100 0.999702871 15.437520981
0.999709189 -0.000098521 -0.024112128 0.129201561 -0.000511954 0.999679565 -0.025310680 -0.307710528 0.024106905 0.025315665 0.999388814 15.591198921
0.999063492 0.000722812 -0.043262374 0.103303432 -0.001855801 0.999656200 -0.026154369 -0.314243168 0.043228589 0.026210163 0.998721361 15.766863823
0.997902751 0.001254302 -0.064718686 0.067837715 -0.002943652 0.999657214 -0.026014224 -0.316647470 0.064663872 0.026150178 0.997564435 15.932598114
0.996083379 0.001816049 -0.088401049 0.027454972 -0.004000153 0.999691010 -0.024535893 -0.324777007 0.088329166 0.024793409 0.995782852 16.132015228
0.993325531 0.002932564 -0.115307152 -0.024857044 -0.005627801 0.999718368 -0.023055822 -0.331370771 0.115207054 0.023550861 0.993062258 16.358118057
0.989437282 0.004080417 -0.144904494 -0.098582268 -0.007172750 0.999757349 -0.020824471 -0.340077937 0.144784376 0.021643870 0.989226520 16.579639435
0.983964086 0.003954787 -0.178322703 -0.167518616 -0.007164526 0.999823630 -0.017359244 -0.344541609 0.178222597 0.018358465 0.983818948 16.835714340
0.976602912 0.005006341 -0.214992434 -0.253747225 -0.008025547 0.999881029 -0.013172682 -0.354806900 0.214900881 0.014589909 0.976526856 17.076364517
0.966945052 0.006443907 -0.254903525 -0.362524033 -0.008793115 0.999928713 -0.008077612 -0.355674297 0.254833341 0.010052001 0.966932654 17.341743469
0.955162108 0.010567032 -0.295894861 -0.499760151 -0.012026249 0.999922872 -0.003111922 -0.362691939 0.295839190 0.006530895 0.955215335 17.621143341
0.941092908 0.014398094 -0.337841541 -0.635199547 -0.014755093 0.999889970 0.001511350 -0.365705848 0.337826133 0.003562562 0.941201746 17.891693115
0.924388885 0.016679335 -0.381086558 -0.781359673 -0.015109448 0.999860525 0.007111268 -0.369710177 0.381151974 -0.000815571 0.924512029 18.160526276
0.905084848 0.019990241 -0.424760878 -0.953004837 -0.015213664 0.999777198 0.014634420 -0.371472478 0.424958795 -0.006783223 0.905187309 18.448667526
0.883400977 0.024194309 -0.467992842 -1.143679619 -0.016152330 0.999645054 0.021189930 -0.372435868 0.468339324 -0.011160030 0.883478165 18.721925735
0.858546138 0.029648691 -0.511878371 -1.339000702 -0.019035509 0.999481618 0.025964096 -0.376004457 0.512382805 -0.012547513 0.858665466 18.984960556
0.830468953 0.033436216 -0.556060374 -1.566556931 -0.020540489 0.999356210 0.029414877 -0.375199825 0.556685865 -0.013006393 0.830621243 19.266273499
0.799780011 0.036793921 -0.599164546 -1.825613976 -0.022829808 0.999261975 0.030889587 -0.366398633 0.599858999 -0.011026062 0.800029874 19.534643173
0.765543401 0.039743889 -0.642155528 -2.097831726 -0.023394242 0.999149621 0.033949394 -0.359115303 0.642958701 -0.010966992 0.765822351 19.815933228
0.728497326 0.043674164 -0.683655083 -2.395022392 -0.024469083 0.998987794 0.037744615 -0.344553232 0.684611499 -0.010768438 0.728828609 20.082765579
0.690019011 0.044018246 -0.722451329 -2.739699364 -0.021767696 0.998959661 0.040075105 -0.323037624 0.723463714 -0.011926488 0.690259278 20.348978043
0.648511052 0.043778408 -0.759945214 -3.089641571 -0.019137837 0.998966932 0.041216243 -0.307972610 0.760964572 -0.012185481 0.648678958 20.617538452
0.606975377 0.042651348 -0.793575227 -3.473611832 -0.013858302 0.998975039 0.043091029 -0.295555174 0.794599771 -0.015157592 0.606944323 20.851367950
0.561370313 0.042850073 -0.826454639 -3.869963646 -0.008901600 0.998913407 0.045745302 -0.283689916 0.827516854 -0.018323289 0.561141789 21.104438782
0.514268517 0.044309728 -0.856483757 -4.304329872 -0.006814139 0.998843968 0.047583155 -0.263931811 0.857602119 -0.018634323 0.513975978 21.329868317
0.464969695 0.043718580 -0.884246528 -4.772872448 -0.005853905 0.998910010 0.046309523 -0.238623679 0.885307252 -0.016356232 0.464718759 21.526386261
0.412196130 0.042737428 -0.910092235 -5.242719650 0.000003881 0.998899102 0.046909515 -0.222721159 0.911095142 -0.019339452 0.411742210 21.713411331
0.358099520 0.041855909 -0.932744741 -5.740170002 0.005724254 0.998877525 0.047021203 -0.204864860 0.933665931 -0.022177538 0.357457995 21.878410339
0.304390401 0.040696196 -0.951677680 -6.282435894 0.008351541 0.998934567 0.045388237 -0.178129375 0.952510774 -0.021763714 0.303726256 22.017185211
0.251592815 0.046473470 -0.966716766 -6.841939926 0.008746634 0.998696446 0.050287202 -0.144366503 0.967793584 -0.021107422 0.250858396 22.123071671
0.200219169 0.051400293 -0.978401959 -7.422245026 0.011252581 0.998436451 0.054755520 -0.116240919 0.979686499 -0.021972653 0.199327737 22.204257965
0.151876718 0.052636944 -0.986996889 -8.030339241 0.016316021 0.998311460 0.055751015 -0.087383687 0.988264740 -0.024571139 0.150761411 22.275545120
0.107312553 0.054433089 -0.992734134 -8.615631104 0.020344721 0.998170853 0.056930423 -0.078353524 0.994017124 -0.026306245 0.106008828 22.323659897
0.067037739 0.052592825 -0.996363401 -9.250168800 0.020128375 0.998335242 0.054051198 -0.047637403 0.997547448 -0.023678645 0.065867536 22.335567474
0.032046795 0.048311181 -0.998318076 -9.897558212 0.016972892 0.998660862 0.048872609 -0.012454689 0.999342263 -0.018510558 0.031183906 22.320472717
0.002886808 0.048305087 -0.998828471 -10.562685013 0.015598816 0.998708904 0.048344389 0.020264685 0.999874115 -0.015720101 0.002129579 22.312135696
-0.017646635 0.052235220 -0.998478889 -11.257472992 0.013953716 0.998550057 0.051992327 0.053404987 0.999746859 -0.013015001 -0.018349921 22.272447586
-0.031076722 0.058301404 -0.997815132 -11.995174408 0.015679136 0.998202980 0.057835750 0.086482465 0.999394000 -0.013847536 -0.031934988 22.250829697
-0.039024021 0.060835946 -0.997384667 -12.738057137 0.015255894 0.998064876 0.060280539 0.120977998 0.999121785 -0.012863604 -0.039876617 22.212244034
-0.042766694 0.058070429 -0.997396052 -13.502220154 0.016444575 0.998214960 0.057413001 0.157002389 0.998949707 -0.013946388 -0.043645311 22.172832489
-0.042150300 0.054282360 -0.997635603 -14.282443047 0.024063876 0.998288453 0.053301178 0.192809701 0.998821497 -0.021760318 -0.043384407 22.148359299
-0.037825201 0.052533451 -0.997902572 -15.084705353 0.035971649 0.998041511 0.051177286 0.238997638 0.998636782 -0.033960406 -0.039640836 22.132368088
-0.032189347 0.052651152 -0.998093963 -15.915075302 0.036053214 0.998022795 0.051484659 0.278831959 0.998831451 -0.034327239 -0.034023941 22.108957291
-0.027181055 0.051545762 -0.998300672 -16.755676270 0.034147117 0.998134732 0.050607469 0.305826783 0.999047160 -0.032713521 -0.028890498 22.079530716
-0.023887133 0.045027774 -0.998700082 -17.633628845 0.037783213 0.998312235 0.044106562 0.346613884 0.999000371 -0.036680527 -0.025548110 22.067697525
-0.022004222 0.034124888 -0.999175310 -18.502445221 0.035775393 0.998804092 0.033324353 0.379571497 0.999117553 -0.035012618 -0.023198741 22.047683716
-0.021042001 0.025943724 -0.999441862 -19.401950836 0.027921733 0.999288499 0.025351886 0.403526664 0.999388635 -0.027372696 -0.021751421 22.005996704
-0.022500137 0.023122635 -0.999479353 -20.319927216 0.022419374 0.999492764 0.022618240 0.425683945 0.999495447 -0.021898793 -0.023007121 21.980491638
-0.026089543 0.029343449 -0.999228776 -21.266401291 0.013199125 0.999492109 0.029006552 0.444893807 0.999572456 -0.012432181 -0.026463604 21.933689117
-0.030823633 0.037404455 -0.998824716 -22.220846176 0.008448370 0.999273539 0.037160549 0.470341831 0.999489129 -0.007293016 -0.031117247 21.880895615
-0.035480693 0.047121689 -0.998258770 -23.235898972 0.007022109 0.998874843 0.046901178 0.498488665 0.999345720 -0.005345796 -0.035771664 21.842529297
-0.037159815 0.056775928 -0.997695148 -24.248222351 0.005514645 0.998381257 0.056609564 0.546397090 0.999294043 -0.003398335 -0.037412766 21.798736572
-0.038085643 0.064706109 -0.997177362 -25.274482727 0.007597877 0.997891247 0.064462245 0.590454042 0.999245644 -0.005121345 -0.038496960 21.758026123
-0.039826121 0.065393157 -0.997064471 -26.298456192 0.008472726 0.997842371 0.065105744 0.644855976 0.999170721 -0.005854944 -0.040294252 21.719741821
-0.041397739 0.062496644 -0.997186244 -27.317710876 0.007262417 0.998034358 0.062248293 0.698050380 0.999116421 -0.004665044 -0.041770246 21.669046402
-0.044138912 0.058024928 -0.997338951 -28.337942123 0.006792254 0.998306155 0.057780594 0.739251256 0.999002337 -0.004223806 -0.044458278 21.616725922
-0.048672765 0.052801661 -0.997418165 -29.363842010 0.007037893 0.998595059 0.052520525 0.784879684 0.998789907 -0.004463403 -0.048976008 21.560283661
-0.054392867 0.047903355 -0.997369885 -30.393054962 0.006905246 0.998842657 0.047597513 0.827944040 0.998495698 -0.004298119 -0.054660708 21.500637054
-0.060723394 0.046069253 -0.997090876 -31.417325974 0.005848258 0.998933613 0.045798231 0.867797554 0.998137474 -0.003050221 -0.060928062 21.417375565
-0.068041585 0.048578937 -0.996499062 -32.501495361 0.006675711 0.998813689 0.048235945 0.908036470 0.997660160 -0.003370289 -0.068285182 21.354154587
-0.074157342 0.053399738 -0.995815873 -33.568359375 0.005525331 0.998571992 0.053136069 0.949571908 0.997231305 -0.001561782 -0.074346498 21.263637543
-0.080550782 0.056453239 -0.995150685 -34.635917664 0.002994620 0.998404026 0.056395419 0.992056072 0.996746004 0.001562597 -0.080591276 21.172760010
-0.085219204 0.058301210 -0.994655073 -35.706367493 -0.000322051 0.998284936 0.058541570 1.043681145 0.996362209 0.005309196 -0.085054271 21.071708679
-0.087634727 0.059768721 -0.994358003 -36.781120300 -0.004738270 0.998162091 0.060414970 1.088930607 0.996141374 0.010005985 -0.087190464 20.960506439
-0.089708507 0.061132096 -0.994090140 -37.848743439 -0.008707130 0.998028219 0.062160023 1.140586495 0.995930016 0.014231956 -0.088999338 20.864423752
-0.091012083 0.060459606 -0.994012713 -38.927177429 -0.009395080 0.998058856 0.061565917 1.196634293 0.995805442 0.014942071 -0.090267390 20.751764297
-0.092166021 0.059837092 -0.993944049 -40.005069733 -0.010645280 0.998076558 0.061072987 1.241624951 0.995686889 0.016209666 -0.091351748 20.638895035
-0.093534477 0.058941539 -0.993869781 -41.095008850 -0.011170234 0.998121202 0.060244914 1.295261025 0.995553434 0.016736733 -0.092700340 20.533422470
-0.094177403 0.058256060 -0.993849516 -42.174304962 -0.013956497 0.998111129 0.059828378 1.344046474 0.995457590 0.019505143 -0.093186460 20.421136856
-0.095058933 0.055540890 -0.993920982 -43.257835388 -0.018413465 0.998173356 0.057539579 1.395940065 0.995301306 0.023771182 -0.093862571 20.307443619
-0.095434077 0.050973725 -0.994129777 -44.360477448 -0.023429060 0.998296380 0.053436499 1.433731914 0.995159984 0.028391190 -0.094077222 20.192535400
-0.094431981 0.050100867 -0.994269788 -45.464805603 -0.025181884 0.998293102 0.052695274 1.487996340 0.995212793 0.030013703 -0.093009152 20.079132080
-0.093011737 0.054569088 -0.994168460 -46.585201263 -0.025738586 0.998031437 0.057189159 1.528881669 0.995332241 0.030907756 -0.091424130 19.974483490
-0.091421537 0.057830140 -0.994131625 -47.695201874 -0.025704054 0.997842610 0.060409795 1.575057745 0.995480478 0.031075971 -0.089737840 19.874347687
-0.090055712 0.057312869 -0.994286299 -48.819427490 -0.023736613 0.997935593 0.059673134 1.633159876 0.995653868 0.028974891 -0.088509396 19.775817871
-0.087272272 0.056324340 -0.994590938 -49.940509796 -0.023717742 0.997999847 0.058598541 1.686666965 0.995902121 0.028703485 -0.085761830 19.665460587
-0.083144605 0.056714866 -0.994922280 -51.057968140 -0.028047437 0.997850478 0.059225682 1.740999222 0.996142745 0.032829318 -0.081375174 19.559091568
-0.077349879 0.057754461 -0.995329916 -52.196857452 -0.032877557 0.997630000 0.060442943 1.789642453 0.996461749 0.037399262 -0.075267747 19.455720901
-0.071797863 0.057401691 -0.995765984 -53.323165894 -0.036686640 0.997515082 0.060147729 1.841216683 0.996744215 0.040849790 -0.069513574 19.366481781
-0.065850444 0.056313429 -0.996239126 -54.464508057 -0.038510416 0.997518897 0.058931272 1.900858402 0.997086108 0.042246234 -0.063518405 19.283258438
-0.059837744 0.055292733 -0.996675551 -55.598548889 -0.038272765 0.997603416 0.057642009 1.955340624 0.997474194 0.041594699 -0.057578139 19.209320068
-0.054752525 0.054931581 -0.996987760 -56.751674652 -0.036851607 0.997694075 0.056994312 2.011096001 0.997819662 0.039861184 -0.052601952 19.143287659
-0.049340107 0.055702578 -0.997227550 -57.888313293 -0.035507649 0.997714520 0.057486609 2.060500622 0.998150706 0.038245607 -0.047249466 19.086254120
-0.043242458 0.057469223 -0.997410357 -59.047557831 -0.034809567 0.997651398 0.058992270 2.108316183 0.998458028 0.037270389 -0.041140426 19.026327133
-0.037805777 0.058762152 -0.997555792 -60.213493347 -0.035205927 0.997571468 0.060097314 2.159321308 0.998664737 0.037391905 -0.035645194 18.979312897
-0.033116341 0.057875324 -0.997774303 -61.361877441 -0.034618471 0.997656524 0.059017479 2.210666418 0.998851717 0.036495864 -0.031035181 18.948719025
-0.027980359 0.053389587 -0.998181641 -62.509609222 -0.034813333 0.997914851 0.054351173 2.260895729 0.999002099 0.036270797 -0.026063347 18.905548096
-0.023148976 0.048017468 -0.998578191 -63.673698425 -0.034969203 0.998195767 0.048809730 2.303755760 0.999120235 0.036049381 -0.021428077 18.867662430
-0.019569600 0.047663312 -0.998671770 -64.836151123 -0.034796644 0.998225451 0.048323877 2.344907284 0.999202788 0.035696108 -0.017876351 18.843139648
-0.015647301 0.050161190 -0.998618543 -65.999679565 -0.033985600 0.998137057 0.050669517 2.383152485 0.999299824 0.034731489 -0.013913393 18.806068420
-0.014158349 0.049989332 -0.998649418 -67.188362122 -0.034010045 0.998147666 0.050446380 2.419876099 0.999321222 0.034678351 -0.012431982 18.792240143
-0.013044044 0.049335539 -0.998697102 -68.360931396 -0.035754398 0.998120368 0.049774032 2.471010447 0.999275506 0.036357056 -0.011255563 18.767969131
-0.011903045 0.050667703 -0.998644650 -69.519119263 -0.036997445 0.998009205 0.051076435 2.508738279 0.999244511 0.037555262 -0.010004772 18.747482300
-0.011299869 0.050623562 -0.998654008 -70.710678101 -0.037469044 0.997994781 0.051014118 2.546397209 0.999233902 0.037995059 -0.009380396 18.733993530
-0.010088859 0.048496440 -0.998772442 -71.883537292 -0.037898030 0.998087049 0.048845980 2.590411186 0.999230683 0.038344301 -0.008231640 18.715101242
-0.009096016 0.046676036 -0.998868644 -73.060913086 -0.036372472 0.998233438 0.046977572 2.638790131 0.999296904 0.036758639 -0.007382225 18.695518494
-0.009451989 0.047026135 -0.998849034 -74.260276794 -0.032801636 0.998341382 0.047312640 2.667780399 0.999417186 0.033211082 -0.007893777 18.694488525
-0.008934590 0.047326177 -0.998839498 -75.445960999 -0.030819623 0.998391807 0.047580637 2.713494778 0.999485016 0.031208968 -0.007461646 18.678634644
-0.008980342 0.050716333 -0.998672724 -76.634857178 -0.030131858 0.998245776 0.050965611 2.745403528 0.999505579 0.030549549 -0.007436411 18.668449402
-0.007734537 0.054356664 -0.998491645 -77.815979004 -0.032547664 0.997978747 0.054580871 2.787571669 0.999440253 0.032920733 -0.005949720 18.638835907
-0.007354104 0.054354239 -0.998494625 -79.002197266 -0.035158638 0.997890174 0.054580290 2.830468893 0.999354601 0.035507098 -0.005427568 18.620651245
-0.007538728 0.052065223 -0.998615205 -80.202835083 -0.036176808 0.997975588 0.052304987 2.873680353 0.999316990 0.036521014 -0.005639914 18.613643646
-0.006818095 0.049550787 -0.998748243 -81.383186340 -0.035911582 0.998115122 0.049764529 2.920112371 0.999331713 0.036205929 -0.005025797 18.595979691
-0.006711740 0.049234666 -0.998764694 -82.570602417 -0.033559084 0.998213351 0.049433012 2.955783844 0.999414325 0.033849411 -0.005047479 18.579132080
-0.006862148 0.050314393 -0.998709857 -83.747032166 -0.032490712 0.998194873 0.050511684 2.999605656 0.999448478 0.032795418 -0.005215012 18.572454453
-0.005601916 0.052878793 -0.998585224 -84.923477173 -0.031404611 0.998098969 0.053029224 3.045565605 0.999491096 0.031657245 -0.003930629 18.549896240
-0.005945476 0.055755127 -0.998426795 -86.086212158 -0.032270607 0.997913599 0.055918638 3.078222036 0.999461472 0.032552298 -0.004133821 18.548349380
-0.005496582 0.055789612 -0.998427510 -87.252319336 -0.033677470 0.997865796 0.055943638 3.124717474 0.999417663 0.033932004 -0.003605999 18.531101227
-0.005062044 0.053699054 -0.998544335 -88.418502808 -0.033328172 0.997993350 0.053838372 3.167917013 0.999431610 0.033552192 -0.003262195 18.517213821
-0.004982349 0.052193176 -0.998624504 -89.586570740 -0.032310866 0.998107135 0.052327339 3.211836576 0.999465466 0.032527138 -0.003286512 18.510402679
-0.004994818 0.053452447 -0.998557866 -90.749244690 -0.030689521 0.998091757 0.053580996 3.252236366 0.999516547 0.030912887 -0.003344856 18.501165390
-0.004351324 0.056093849 -0.998416066 -91.922164917 -0.028672561 0.998007894 0.056195885 3.302009821 0.999579370 0.028871672 -0.002734303 18.484815598
-0.004676705 0.058505010 -0.998276293 -93.079544067 -0.026537772 0.997928143 0.058608949 3.345802307 0.999636889 0.026766120 -0.003114423 18.490680695
-0.004308254 0.060379226 -0.998166263 -94.250061035 -0.027201241 0.997798979 0.060474429 3.393329144 0.999620676 0.027411897 -0.002656381 18.479496002
-0.003772573 0.062254552 -0.998053193 -95.413711548 -0.030209564 0.997597575 0.062340330 3.445754528 0.999536395 0.030385936 -0.001882826 18.461240768
-0.003365157 0.061781123 -0.998084068 -96.567222595 -0.032136362 0.997567475 0.061857492 3.488644123 0.999477744 0.032282952 -0.001371551 18.451782227
-0.003346727 0.057228021 -0.998355448 -97.719390869 -0.034481276 0.997760832 0.057309516 3.544762850 0.999399722 0.034616370 -0.001365938 18.435865402
-0.002738281 0.055499479 -0.998454988 -98.877449036 -0.035847999 0.997811496 0.055562027 3.594117880 0.999353528 0.035944752 -0.000742743 18.420404434
-0.002733773 0.053882219 -0.998543561 -100.037170410 -0.035362806 0.997917533 0.053945251 3.633946419 0.999370813 0.035458777 -0.000822653 18.419490814
-0.002641424 0.054365393 -0.998517692 -101.205757141 -0.034127645 0.997934580 0.054423921 3.679335117 0.999413967 0.034220807 -0.000780605 18.418619156
-0.002664407 0.056435190 -0.998402655 -102.348373413 -0.034231186 0.997815967 0.056493375 3.724526644 0.999410510 0.034327026 -0.000726744 18.407958984
-0.002820973 0.058422327 -0.998287976 -103.518356323 -0.032830600 0.997748375 0.058483522 3.773222446 0.999457002 0.032939374 -0.000896581 18.405708313
-0.003461669 0.057472069 -0.998341024 -104.672218323 -0.036944274 0.997658193 0.057560854 3.822007656 0.999311328 0.037082244 -0.001330299 18.393947601
-0.003514189 0.058706149 -0.998269081 -105.839851379 -0.040394664 0.997452140 0.058800310 3.874687195 0.999177635 0.040531382 -0.001133820 18.379356384
-0.003614098 0.057986636 -0.998310685 -107.015129089 -0.044231154 0.997331023 0.058089841 3.926571846 0.999014735 0.044366378 -0.001039636 18.356643677
-0.004016903 0.053730801 -0.998547316 -108.189125061 -0.045134552 0.997528076 0.053857520 3.981079817 0.998972833 0.045285329 -0.001581857 18.350914001
-0.004378419 0.050338030 -0.998722613 -109.366531372 -0.044886429 0.997715652 0.050484065 4.018414974 0.998982489 0.045050133 -0.002108923 18.334367752
-0.005483779 0.049366988 -0.998765647 -110.561592102 -0.041431598 0.997911811 0.049552269 4.064842224 0.999126315 0.041652188 -0.003426976 18.327005386
-0.005786493 0.048832983 -0.998790205 -111.745079041 -0.036957156 0.998114109 0.049014039 4.103602886 0.999300063 0.037196070 -0.003970853 18.324537277
-0.005993868 0.050481103 -0.998707056 -112.957702637 -0.036007900 0.998066366 0.050664820 4.153888702 0.999333560 0.036265023 -0.004164559 18.310861588
-0.006786183 0.054596808 -0.998485327 -114.205955505 -0.035353601 0.997871101 0.054803487 4.190763950 0.999351919 0.035671968 -0.004841541 18.296546936
-0.007471439 0.054626320 -0.998478830 -115.410911560 -0.033586100 0.997929692 0.054847587 4.250864029 0.999407887 0.033944800 -0.005621286 18.290592194
-0.008542024 0.050155949 -0.998704851 -116.631095886 -0.033356201 0.998171151 0.050414450 4.301232815 0.999406993 0.033743642 -0.006853391 18.279733658
-0.008846070 0.046318095 -0.998887539 -117.869575500 -0.033667833 0.998346508 0.046591163 4.345693588 0.999393940 0.034042533 -0.007272013 18.258920670
-0.009388066 0.045078430 -0.998939335 -119.112434387 -0.032838799 0.998430610 0.045364100 4.386504173 0.999416590 0.033229843 -0.007893013 18.245031357
-0.010191717 0.046109531 -0.998884380 -120.353065491 -0.034846801 0.998313248 0.046438701 4.432509422 0.999340773 0.035281211 -0.008567755 18.225431442
-0.010679835 0.051039405 -0.998639464 -121.624450684 -0.039611917 0.997890949 0.051424779 4.475971222 0.999158144 0.040107232 -0.008635540 18.202842712
-0.010628324 0.054387581 -0.998463333 -122.883781433 -0.045058329 0.997479439 0.054813620 4.521143436 0.998927832 0.045571666 -0.008150920 18.163059235
-0.010490455 0.053900089 -0.998491287 -124.145767212 -0.052279793 0.997150898 0.054377008 4.577804565 0.998577416 0.052771356 -0.007642681 18.130794525
-0.010227987 0.051771887 -0.998606563 -125.404380798 -0.055635627 0.997082412 0.052262701 4.628902912 0.998398781 0.056092639 -0.007317783 18.099977493
-0.011004949 0.050514396 -0.998662651 -126.661720276 -0.058088753 0.997004271 0.051070627 4.677978516 0.998250782 0.058573101 -0.008037662 18.081327438
-0.011862032 0.049599152 -0.998698711 -127.923965454 -0.057917204 0.997058153 0.050205585 4.721294403 0.998251021 0.058437373 -0.008954492 18.062925339
-0.011754507 0.049413081 -0.998709261 -129.204940796 -0.056113265 0.997171760 0.049997441 4.759791374 0.998355210 0.056628533 -0.008948532 18.037866592
-0.012349258 0.050248481 -0.998660445 -130.459274292 -0.056209628 0.997122407 0.050866179 4.801364899 0.998342633 0.056762490 -0.009489274 18.019952774
-0.012978651 0.055099837 -0.998396516 -131.725250244 -0.056149855 0.996864915 0.055745225 4.848294735 0.998337984 0.056783326 -0.009844113 17.999437332
-0.013287901 0.059277575 -0.998153150 -133.005538940 -0.055347625 0.996667147 0.059926152 4.900206566 0.998378754 0.056041695 -0.009962744 17.974458694
-0.013201165 0.058234364 -0.998215675 -134.254501343 -0.055387169 0.996727288 0.058880027 4.947959423 0.998377621 0.056065619 -0.009932525 17.942934036
-0.012688714 0.056482680 -0.998322964 -135.526580811 -0.055141423 0.996844530 0.057099886 5.005616188 0.998397946 0.055773474 -0.009534140 17.930715561
-0.011402431 0.055883188 -0.998372197 -136.775619507 -0.053975277 0.996947110 0.056419872 5.057805538 0.998477161 0.054530744 -0.008351311 17.907892227
-0.010554325 0.054891530 -0.998436570 -138.031799316 -0.054508042 0.996976018 0.055387430 5.106848717 0.998457551 0.055007402 -0.007530379 17.888877869
-0.009854632 0.057458065 -0.998299301 -139.280212402 -0.054601736 0.996827364 0.057912353 5.152243137 0.998459518 0.055079579 -0.006686058 17.879161835
-0.009177678 0.060597211 -0.998120129 -140.527755737 -0.055598225 0.996587098 0.061015368 5.212239265 0.998411000 0.056053683 -0.005777260 17.860979080
-0.007894197 0.061885938 -0.998052001 -141.780227661 -0.057250962 0.996418059 0.062237449 5.265316486 0.998328626 0.057630751 -0.004322891 17.839962006
-0.006317020 0.059193037 -0.998226583 -143.041732788 -0.059300285 0.996467531 0.059463989 5.316525936 0.998220146 0.059570767 -0.002784542 17.819175720
-0.006422728 0.056250628 -0.998396039 -144.286163330 -0.057829555 0.996724725 0.056528486 5.368939400 0.998305857 0.058099866 -0.003148744 17.809617996
-0.006303718 0.054766979 -0.998479366 -145.529495239 -0.055216875 0.996956646 0.055032078 5.412277699 0.998454511 0.055479802 -0.003260471 17.805419922
-0.006861071 0.054083109 -0.998512805 -146.757110596 -0.053277031 0.997098327 0.054372583 5.458068848 0.998556256 0.053570852 -0.003959775 17.797960281
-0.006786067 0.054892108 -0.998469174 -147.989303589 -0.051154651 0.997165740 0.055168126 5.495839119 0.998667657 0.051450718 -0.003958848 17.786226273
-0.006897307 0.053086288 -0.998566210 -149.246688843 -0.049510166 0.997346938 0.053363461 5.555574894 0.998749912 0.049807232 -0.004250698 17.774290085
-0.006722626 0.053005047 -0.998571634 -150.487136841 -0.048580281 0.997397661 0.053269796 5.605754375 0.998796701 0.048869003 -0.004130132 17.759798050
-0.007005475 0.055607408 -0.998428047 -151.720993042 -0.046794727 0.997340560 0.055875171 5.656240463 0.998879969 0.047112610 -0.004384712 17.750328064
-0.007065594 0.057016011 -0.998348236 -152.949340820 -0.044182960 0.997380495 0.057273429 5.705312729 0.998998463 0.044514649 -0.004527949 17.742359161
-0.006882556 0.055556122 -0.998431861 -154.176147461 -0.042173088 0.997551024 0.055797823 5.753967285 0.999086618 0.042490978 -0.004522728 17.725227356
-0.008059700 0.056081422 -0.998393655 -155.410247803 -0.042719804 0.997495234 0.056375820 5.800332546 0.999054611 0.043105546 -0.005643725 17.720184326
-0.007900783 0.060655069 -0.998127460 -156.640136719 -0.043638937 0.997186840 0.060943335 5.854946613 0.999016166 0.044038720 -0.005231634 17.704620361
-0.007496874 0.067392401 -0.997698367 -157.873352051 -0.048529327 0.996526241 0.067677893 5.906379223 0.998793721 0.048924997 -0.004200323 17.689064026
-0.006280290 0.067479745 -0.997700870 -159.127685547 -0.053019397 0.996294856 0.067718394 5.965431690 0.998573661 0.053322796 -0.002679283 17.667430878
-0.004854535 0.063336909 -0.997980356 -160.356796265 -0.056856163 0.996360362 0.063510664 6.029430389 0.998370588 0.057049651 -0.001235770 17.643320084
-0.003012620 0.058470897 -0.998284578 -161.579040527 -0.058617063 0.996562243 0.058546912 6.074408531 0.998275995 0.058692887 0.000425129 17.629240036
-0.002608951 0.057003528 -0.998370528 -162.799102783 -0.061164074 0.996495605 0.057056304 6.126028061 0.998124361 0.061213266 0.000886760 17.620925903
-0.001100076 0.053889107 -0.998546302 -164.005874634 -0.056511108 0.996947885 0.053865097 6.168498039 0.998401344 0.056488212 0.001948614 17.624666214
-0.000803057 0.049046941 -0.998796105 -165.219833374 -0.053377654 0.997370541 0.049019847 6.220499039 0.998574078 0.053352758 0.001817065 17.617824554
-0.001149720 0.045603227 -0.998958886 -166.453460693 -0.047193367 0.997844040 0.045606639 6.262669563 0.998885036 0.047196656 0.001004928 17.617630005
-0.002229661 0.048758686 -0.998808086 -167.682525635 -0.045001924 0.997793734 0.048809633 6.304783821 0.998984396 0.045057110 -0.000030507 17.614814758
-0.001648958 0.054911360 -0.998489797 -168.914093018 -0.045878302 0.997435808 0.054929152 6.351717949 0.998945594 0.045899596 0.000874511 17.606258392
0.000055788 0.058418974 -0.998292148 -170.138198853 -0.047035165 0.997187376 0.058351703 6.396477699 0.998893261 0.046951577 0.002803377 17.599655151
0.001590958 0.055118408 -0.998478591 -171.351074219 -0.048018508 0.997332156 0.054978628 6.446008682 0.998845160 0.047857981 0.004233418 17.595504761
0.002231220 0.055398669 -0.998461843 -172.571914673 -0.050283328 0.997207522 0.055216707 6.496562481 0.998732448 0.050082780 0.005010619 17.593828201
0.003592846 0.056346741 -0.998404741 -173.779968262 -0.049002387 0.997221649 0.056103632 6.543484688 0.998792112 0.048722643 0.006343989 17.589416504
0.003835786 0.053786416 -0.998545110 -174.982757568 -0.048612874 0.997381866 0.053537019 6.595765114 0.998810291 0.048336778 0.006440455 17.596292496
0.006146612 0.052441142 -0.998605192 -176.183197021 -0.049509872 0.997415185 0.052073929 6.639406204 0.998754740 0.049120724 0.008727079 17.588312149
0.007247856 0.054286480 -0.998499095 -177.346725464 -0.050487094 0.997271657 0.053853285 6.679529190 0.998698413 0.050020993 0.009968847 17.602449417
0.008911689 0.056291539 -0.998374581 -178.465713501 -0.050455578 0.997167706 0.055773117 6.712454319 0.998686492 0.049876541 0.011726671 17.596452713
0.009273021 0.057751670 -0.998287916 -179.556381226 -0.051482506 0.997034431 0.057200935 6.746171951 0.998630822 0.050863940 0.012218723 17.601613998
0.009728437 0.059303321 -0.998192608 -180.638442993 -0.051785354 0.996930182 0.058723617 6.774269104 0.998610854 0.051120467 0.012769618 17.599576950
0.009308467 0.060071837 -0.998150706 -181.690490723 -0.051056173 0.996920466 0.059521668 6.813795090 0.998652399 0.050407700 0.012346841 17.611751556
0.010234130 0.059323907 -0.998186350 -182.715744019 -0.051634330 0.996938229 0.058720347 6.849328518 0.998613536 0.050939735 0.013265945 17.609613419
0.011645831 0.059502341 -0.998160243 -183.690704346 -0.052476399 0.996888697 0.058814287 6.880345345 0.998554230 0.051694918 0.014732067 17.617992401
0.012876056 0.060122214 -0.998107970 -184.658935547 -0.053197067 0.996818244 0.059358262 6.914817333 0.998501003 0.052332107 0.016033417 17.629943848
0.012441640 0.058548234 -0.998207033 -185.594940186 -0.051812749 0.996980965 0.057830531 6.944780350 0.998579264 0.051000345 0.015437623 17.637004852
0.008973500 0.055440888 -0.998421669 -186.530487061 -0.049257755 0.997274220 0.054934461 6.977337837 0.998745799 0.048687056 0.011679935 17.647235870
0.004028392 0.051860079 -0.998646200 -187.457046509 -0.049056772 0.997462213 0.051600695 7.007868767 0.998787880 0.048782498 0.006562256 17.646207809
-0.000892519 0.049002569 -0.998798251 -188.380859375 -0.050646920 0.997514665 0.048984848 7.037092686 0.998716176 0.050629783 0.001591530 17.637681961
-0.004704656 0.048072927 -0.998832703 -189.312271118 -0.052992333 0.997428477 0.048254926 7.071040630 0.998583853 0.053157508 -0.002145061 17.626571655
-0.007258479 0.049059991 -0.998769403 -190.225463867 -0.054635800 0.997284412 0.049384106 7.095319748 0.998480022 0.054927021 -0.004558336 17.604900360
-0.009215191 0.050499614 -0.998681605 -191.159271240 -0.053619020 0.997262239 0.050922610 7.129949570 0.998518944 0.054017585 -0.006482221 17.590198517
-0.011116798 0.052073199 -0.998581409 -192.079238892 -0.050405301 0.997344315 0.052569833 7.158880234 0.998666942 0.050918210 -0.008462513 17.590291977
-0.012558845 0.052198928 -0.998557746 -192.993545532 -0.048906729 0.997409225 0.052753992 7.193805695 0.998724341 0.049498726 -0.009973429 17.575813293
-0.013287472 0.051075201 -0.998606443 -193.895965576 -0.049507525 0.997436106 0.051674094 7.226911545 0.998685420 0.050125152 -0.010724797 17.556083679
-0.014098333 0.050202340 -0.998639584 -194.810958862 -0.051107563 0.997397125 0.050861400 7.251832008 0.998593628 0.051755093 -0.011495918 17.535100937
-0.014090014 0.049833495 -0.998658061 -195.715225220 -0.054629281 0.997227192 0.050532840 7.279161930 0.998407304 0.055267993 -0.011328575 17.518541336
-0.013450405 0.047829740 -0.998764873 -196.631179810 -0.057300318 0.997176945 0.048525359 7.312898636 0.998266459 0.057882246 -0.010671774 17.500675201
-0.012738103 0.045596134 -0.998878777 -197.541625977 -0.057262454 0.997287095 0.046253715 7.335639477 0.998277903 0.057787430 -0.010092600 17.489042282
-0.011770488 0.042839620 -0.999012649 -198.464813232 -0.057156365 0.997419477 0.043444727 7.366127968 0.998295844 0.057611290 -0.009291559 17.462978363
-0.010808675 0.042673964 -0.999030590 -199.373779297 -0.056912437 0.997443259 0.043221906 7.388855934 0.998320639 0.057324443 -0.008352360 17.448638916
-0.011015395 0.045376219 -0.998909295 -200.305389404 -0.054547403 0.997455060 0.045911688 7.416737556 0.998450398 0.054993641 -0.008512208 17.448024750
-0.010519265 0.046506453 -0.998862565 -201.246047974 -0.053944748 0.997436821 0.047008179 7.445334435 0.998488545 0.054377876 -0.007983522 17.427371979
-0.009727036 0.042967051 -0.999029160 -202.171966553 -0.048967440 0.997857332 0.043393429 7.472608566 0.998753011 0.049341988 -0.007602207 17.421724319
-0.008944255 0.039859857 -0.999165237 -203.110534668 -0.047556702 0.998057604 0.040241383 7.501523972 0.998828471 0.047876932 -0.007031280 17.404052734
-0.008699344 0.040420208 -0.999144852 -204.052413940 -0.052175261 0.997803271 0.040820215 7.531538010 0.998600006 0.052485753 -0.006571300 17.387380600
-0.007190785 0.044139668 -0.998999476 -204.997894287 -0.052993808 0.997604668 0.044459485 7.561411381 0.998568892 0.053260483 -0.004834433 17.374498367
-0.004962731 0.043798000 -0.999028027 -205.971984863 -0.050650503 0.997747004 0.043993436 7.593279839 0.998704135 0.050819602 -0.002733159 17.364128113
-0.002675185 0.044808220 -0.998992026 -206.934387207 -0.049508952 0.997764587 0.044885743 7.632540703 0.998770058 0.049579132 -0.000450797 17.358283997
-0.001279491 0.049197342 -0.998788297 -207.904418945 -0.050475936 0.997512758 0.049199171 7.669376373 0.998724461 0.050477717 0.001206973 17.354831696
0.000433637 0.053619925 -0.998561323 -208.914489746 -0.047658212 0.997427881 0.053538371 7.699813843 0.998863578 0.047566440 0.002987951 17.359144211
0.001672123 0.053819738 -0.998549283 -209.904815674 -0.047220141 0.997440994 0.053680938 7.743442059 0.998883069 0.047061879 0.004209220 17.357770920
0.002850820 0.054924786 -0.998486459 -210.908996582 -0.050350878 0.997231901 0.054712009 7.781526089 0.998727500 0.050118700 0.005608439 17.365465164
0.006692969 0.056726020 -0.998367369 -211.952239990 -0.052875493 0.997013032 0.056294598 7.826926708 0.998578668 0.052412387 0.009672396 17.353630066
0.009950212 0.056820750 -0.998334825 -212.980072021 -0.053949594 0.996960580 0.056204829 7.873643875 0.998494089 0.053300511 0.012985427 17.365413666
0.012965154 0.054138348 -0.998449385 -214.004104614 -0.056736220 0.996964276 0.053321097 7.915318489 0.998305082 0.055956934 0.015997401 17.366386414
