1.000000000 0.000000000 0.000000000 0.000000000 0.000000000 1.000000000 0.000000000 0.000000000 0.000000000 0.000000000 1.000000000 0.000000000
0.999933720 -0.002505910 0.011238490 0.015884815 0.002494747 0.999996364 0.001007166 -0.003801843 -0.011240973 -0.000979062 0.999936342 0.295406938
0.999828517 -0.004513553 0.017961366 0.025449038 0.004492598 0.999989152 0.001206895 -0.008904816 -0.017966619 -0.001125995 0.999837935 0.582646132
0.999777675 -0.007424104 0.019735686 0.039524302 0.007426432 0.999972403 -0.000044674 -0.012631351 -0.019734809 0.000191230 0.999805212 0.886399806
0.999818206 -0.008636144 0.016999887 0.054281957 0.008668914 0.999960721 -0.001854946 -0.008946062 -0.016983200 0.002001979 0.999853790 1.203552961
0.999883771 -0.011427458 0.010091788 0.056247938 0.011461915 0.999928653 -0.003363061 -0.010919363 -0.010052636 0.003478341 0.999943435 1.519685507
0.999911964 -0.013098492 -0.002124107 0.059469353 0.013086215 0.999898076 -0.005695013 -0.008420859 0.002198487 0.005666715 0.999981523 1.860835433
0.999747813 -0.012311023 -0.018777756 0.040557254 0.012198591 0.999906957 -0.006090384 -0.011256300 0.018850986 0.005859786 0.999805093 2.199114084
0.999223650 -0.007725096 -0.038633376 0.013455994 0.007509399 0.999955356 -0.005725170 -0.020914324 0.038675882 0.005430612 0.999237120 2.539374828
0.998300076 -0.004380426 -0.058117244 -0.032222673 0.003970777 0.999966383 -0.007162305 -0.022506431 0.058146667 0.006919360 0.998284042 2.893448114
0.996898949 -0.004040313 -0.078588434 -0.072910547 0.003446730 0.999964476 -0.007687248 -0.025750028 0.078616694 0.007392536 0.996877491 3.259419680
0.994995296 -0.005523725 -0.099768430 -0.119078577 0.004797970 0.999960244 -0.007512869 -0.024265459 0.099805966 0.006996584 0.994982243 3.631395102
0.992861092 -0.007341116 -0.119050205 -0.183130205 0.006648901 0.999958575 -0.006210622 -0.036703877 0.119090870 0.005374731 0.992868841 4.015323162
0.990607440 -0.005843838 -0.136611581 -0.259785295 0.005047709 0.999968231 -0.006173373 -0.036043651 0.136643320 0.005425815 0.990605414 4.410095692
0.988175571 -0.004889065 -0.153248772 -0.323009938 0.004172149 0.999978840 -0.004999355 -0.048992641 0.153269947 0.004300864 0.988174975 4.822513103
0.986091077 -0.003861501 -0.166160509 -0.413760513 0.003041119 0.999981880 -0.005191425 -0.054394633 0.166177526 0.004613904 0.986085057 5.240034103
0.983928084 -0.005651603 -0.178475201 -0.500474095 0.004623554 0.999970138 -0.006175589 -0.059938289 0.178504795 0.005251145 0.983925045 5.673731327
0.982059240 -0.009428362 -0.188336164 -0.587709785 0.008000841 0.999933183 -0.008338448 -0.068660669 0.188402206 0.006682004 0.982069194 6.125103951
0.980524719 -0.008420377 -0.196214661 -0.686819732 0.006550063 0.999926686 -0.010178953 -0.076527774 0.196286008 0.008695498 0.980508089 6.581198215
0.979045868 -0.007870119 -0.203487739 -0.794221759 0.005543320 0.999912620 -0.012002030 -0.081940114 0.203564420 0.010622541 0.979003847 7.047842979
0.977327764 -0.008769001 -0.211550310 -0.905069888 0.005721493 0.999870896 -0.015013430 -0.090041623 0.211654678 0.013462661 0.977251768 7.529639244
0.975571036 -0.012552342 -0.219325349 -1.020345211 0.009110264 0.999818981 -0.016698305 -0.101396710 0.219495267 0.014292270 0.975508809 8.028443336
0.973580062 -0.019021466 -0.227552086 -1.129424095 0.015266350 0.999716818 -0.018251054 -0.110505998 0.227834851 0.014294974 0.973594785 8.542511940
0.971549749 -0.019611679 -0.236021996 -1.252808094 0.015321147 0.999682605 -0.019998977 -0.134460434 0.236339331 0.015813876 0.971541822 9.052199364
0.969383359 -0.015698699 -0.245049894 -1.400058985 0.009893616 0.999640942 -0.024902508 -0.140111670 0.245352864 0.021715647 0.969190538 9.579493523
0.967226863 -0.012530984 -0.253604382 -1.558250427 0.005728188 0.999604166 -0.027545130 -0.161943719 0.253849179 0.025189694 0.966915727 10.129483223
0.964868665 -0.015077832 -0.262299627 -1.715733171 0.007467676 0.999522388 -0.029985949 -0.175292298 0.262626499 0.026973732 0.964520395 10.698135376
0.962480247 -0.018409984 -0.270726562 -1.867774248 0.010236824 0.999448955 -0.031570978 -0.198733121 0.271158636 0.027615059 0.962138474 11.252635956
0.960279107 -0.018025566 -0.278458506 -2.045041561 0.008884333 0.999380410 -0.034055196 -0.220573813 0.278899878 0.030228572 0.959844291 11.826799393
0.957960606 -0.016915075 -0.286400735 -2.237813473 0.006381237 0.999269724 -0.037673611 -0.247958213 0.286828786 0.034262244 0.957368970 12.420866013
0.955695808 -0.017394451 -0.293841511 -2.429215193 0.005072969 0.999077618 -0.042642672 -0.279875100 0.294312209 0.039262779 0.954902470 13.020091057
0.953815639 -0.019542815 -0.299756348 -2.619117498 0.004765876 0.998740435 -0.049948692 -0.316179574 0.300354868 0.046213232 0.952707350 13.624964714
0.952410281 -0.020260895 -0.304144889 -2.823864460 0.002653943 0.998301923 -0.058192164 -0.351075560 0.304807425 0.054615624 0.950846732 14.245306015
0.951153278 -0.020083729 -0.308065116 -3.037263870 -0.000545371 0.997770846 -0.066731647 -0.393955946 0.308718562 0.063640036 0.949022055 14.860453606
0.949956000 -0.019240618 -0.311790615 -3.267031193 -0.004608583 0.997129440 -0.075574219 -0.442711234 0.312349766 0.073229089 0.947140515 15.505066872
0.948799133 -0.018717099 -0.315325141 -3.501636267 -0.007768797 0.996558249 -0.082529761 -0.496076703 0.315784633 0.080753841 0.945388258 16.147853851
0.946916461 -0.017252669 -0.321016371 -3.728407383 -0.012092148 0.995940804 -0.089194484 -0.555862308 0.321252167 0.088341497 0.942864120 16.816886902
0.945476770 -0.015575865 -0.325316727 -3.977805138 -0.016321627 0.995334685 -0.095091678 -0.623780727 0.325280190 0.095216677 0.940811634 17.470928192
0.943796575 -0.014335917 -0.330215812 -4.231843948 -0.020076813 0.994727731 -0.100566842 -0.693358064 0.329916507 0.101544321 0.938532770 18.149560928
0.942072392 -0.011159711 -0.335224301 -4.488151550 -0.024998207 0.994330466 -0.103353336 -0.771829367 0.334477186 0.105746321 0.936452210 18.838516235
0.940383554 -0.009976053 -0.339969724 -4.759792328 -0.027368683 0.994108617 -0.104875043 -0.848765373 0.339013100 0.107927270 0.934570432 19.538125992
0.937931359 -0.009847499 -0.346681178 -5.022029877 -0.028050929 0.994168043 -0.104130022 -0.929972053 0.345684707 0.107391529 0.932185173 20.254035950
0.935802460 -0.009559137 -0.352395266 -5.301855087 -0.028317407 0.994363666 -0.102171525 -1.014955163 0.351385713 0.105591282 0.930257261 20.961833954
0.933294296 -0.009979820 -0.358973622 -5.590272903 -0.027920453 0.994571388 -0.100240357 -1.096524358 0.358025312 0.103576459 0.927949369 21.680610657
0.930049896 -0.009158283 -0.367319137 -5.879556656 -0.028735545 0.994814575 -0.097561710 -1.172893047 0.366307884 0.101292379 0.924963892 22.401805878
0.926676035 -0.007314293 -0.375790000 -6.190926552 -0.029363694 0.995346010 -0.091782331 -1.251264095 0.374712408 0.096087076 0.922148466 23.140619278
0.923239410 -0.003504569 -0.384209216 -6.516353607 -0.032201588 0.995734632 -0.086461753 -1.334374428 0.382873476 0.092197038 0.919188499 23.884717941
0.919574618 0.000312313 -0.392915368 -6.847182274 -0.035571270 0.995959520 -0.082458936 -1.411174178 0.391302019 0.089803658 0.915870070 24.635244370
0.915800691 0.001818887 -0.401628822 -7.190609932 -0.037465736 0.996016264 -0.080919251 -1.482026815 0.399881750 0.089153223 0.912220478 25.375354767
0.911615551 0.000740261 -0.411043137 -7.535651207 -0.037001856 0.996086180 -0.080269203 -1.552264452 0.409375042 0.088384017 0.908075035 26.137975693
0.907952964 0.001699927 -0.419068635 -7.909324169 -0.038398542 0.996122599 -0.079153471 -1.621721029 0.417309195 0.087959252 0.904497743 26.905447006
0.904125929 0.003509936 -0.427251756 -8.291486740 -0.040437825 0.996180594 -0.077388473 -1.698802948 0.425348222 0.087246053 0.900814652 27.671482086
0.900296986 0.002509253 -0.435269058 -8.678928375 -0.039165605 0.996394038 -0.075264886 -1.766870499 0.433510691 0.084808312 0.897148848 28.463779449
0.896377444 0.002784458 -0.443283200 -9.073455811 -0.038101494 0.996763647 -0.070785157 -1.841710091 0.441651523 0.080339938 0.893582404 29.242462158
0.892624021 0.004518431 -0.450779319 -9.482728958 -0.037999131 0.997145176 -0.065250106 -1.902835369 0.449197620 0.075373016 0.890247345 30.034658432
0.888841689 0.005342292 -0.458183348 -9.902833939 -0.037181545 0.997475564 -0.060499135 -1.975878119 0.456703424 0.070810109 0.886796474 30.839321136
0.885016203 0.003662650 -0.465545774 -10.328607559 -0.035099033 0.997648120 -0.058875360 -2.035351515 0.464235246 0.068445861 0.883063316 31.641929626
0.881624877 0.002924777 -0.471941650 -10.766579628 -0.034304515 0.997732818 -0.057900324 -2.091088533 0.470702291 0.067236111 0.879726529 32.463562012
0.878661752 0.003602966 -0.477431387 -11.232797623 -0.034386311 0.997852266 -0.055753995 -2.150268793 0.476205111 0.065406010 0.876898408 33.280067444
0.875471652 0.000726325 -0.483269006 -11.684385300 -0.030922089 0.998033881 -0.054517295 -2.208381176 0.482279181 0.062672026 0.873772860 34.108467102
0.873082340 -0.000145701 -0.487572908 -12.187791824 -0.030381514 0.998040497 -0.054701518 -2.268520832 0.486625433 0.062572129 0.871367037 34.958564758
0.870547593 -0.001984471 -0.492080241 -12.638782501 -0.028834650 0.998067796 -0.055036910 -2.325058699 0.491238713 0.062101208 0.868808389 35.805606842
0.869060934 -0.001676039 -0.494702190 -13.138067245 -0.029569656 0.998030305 -0.055327382 -2.384933949 0.493820459 0.062711045 0.867299676 36.673484802
0.868693888 -0.001612135 -0.495346636 -13.640012741 -0.029238885 0.998084247 -0.054524828 -2.445303440 0.494485557 0.061848771 0.866982579 37.529983521
0.868398309 -0.001681306 -0.495864332 -14.146845818 -0.028172404 0.998211741 -0.052722421 -2.509002209 0.495066226 0.059753753 0.866798162 38.415771484
0.868185520 -0.002515912 -0.496233404 -14.668588638 -0.027009869 0.998265207 -0.052316345 -2.570248842 0.495504230 0.058823492 0.866611421 39.301002502
0.867446721 -0.004867397 -0.497506231 -15.190351486 -0.024781134 0.998288274 -0.052974977 -2.632660389 0.496912509 0.058281738 0.865841329 40.209865570
0.866352558 -0.007471204 -0.499377131 -15.725461960 -0.022129869 0.998331726 -0.053328458 -2.695077419 0.498942405 0.057252400 0.864741921 41.130664825
0.864601195 -0.007910039 -0.502396584 -16.266519547 -0.020830803 0.998452187 -0.051569093 -2.752579212 0.502026796 0.055052027 0.863098204 42.070735931
0.862639248 -0.007128714 -0.505769491 -16.804347992 -0.019598927 0.998678744 -0.047504071 -2.817433119 0.505439818 0.050891422 0.861359894 42.968521118
0.859861076 -0.007034156 -0.510479569 -17.356277466 -0.017779808 0.998885930 -0.043712791 -2.876804590 0.510218322 0.046663158 0.858778119 43.888778687
0.855809033 -0.007719482 -0.517234266 -17.929201126 -0.015949804 0.999019444 -0.041300233 -2.945066452 0.517045915 0.043594904 0.854846776 44.819458008
0.850487471 -0.011261962 -0.525874794 -18.493156433 -0.013899025 0.998940468 -0.043871619 -2.999890327 0.525811732 0.044621404 0.849429786 45.728523254
0.844370842 -0.015322343 -0.535539985 -19.060829163 -0.011889240 0.998808980 -0.047322366 -3.055754423 0.535627186 0.046324786 0.843183041 46.623428345
0.838316739 -0.014737138 -0.544984281 -19.656059265 -0.012639497 0.998840511 -0.046452638 -3.119067192 0.545036912 0.045830354 0.837158501 47.529010773
0.832289338 -0.011454051 -0.554223239 -20.253486633 -0.013732720 0.999053597 -0.041270033 -3.177114487 0.554171383 0.041959606 0.831344426 48.421325684
0.827587485 -0.006239128 -0.561302066 -20.888559341 -0.017428223 0.999170601 -0.036802519 -3.235727310 0.561066151 0.040239800 0.826792359 49.307559967
0.823449492 -0.006539871 -0.567351818 -21.500068665 -0.018629285 0.999082923 -0.038554825 -3.286137104 0.567083657 0.042317312 0.822572410 50.182041168
0.819806159 -0.008747460 -0.572574377 -22.110534668 -0.018864457 0.998928070 -0.042270988 -3.349880219 0.572330415 0.045455314 0.818762302 51.064353943
0.816908598 -0.010727747 -0.576667309 -22.753711700 -0.022001432 0.998519719 -0.049742762 -3.400837421 0.576347351 0.053322800 0.815463245 51.946521759
0.813578069 -0.012223278 -0.581327140 -23.384536743 -0.021468906 0.998465836 -0.051040374 -3.465723753 0.581059098 0.054005791 0.812067389 52.825527191
0.810384691 -0.010226054 -0.585808814 -24.022823334 -0.021554777 0.998650491 -0.047250781 -3.526984692 0.585501373 0.050918296 0.809070706 53.686386108
0.807233930 -0.007759837 -0.590180516 -24.667186737 -0.021192374 0.998887777 -0.042120013 -3.585669041 0.589850962 0.046508037 0.806171656 54.554500580
0.804237604 -0.005745687 -0.594280183 -25.312915802 -0.021886228 0.998988569 -0.039277092 -3.640571117 0.593904793 0.044594668 0.803298473 55.425369263
0.801136851 -0.005480043 -0.598456144 -25.964981079 -0.022937080 0.998942256 -0.039852522 -3.691635609 0.598041534 0.045654163 0.800163805 56.282218933
0.797660828 -0.006828720 -0.603067696 -26.630460739 -0.022836022 0.998876870 -0.041515157 -3.745684147 0.602673888 0.046886675 0.796608984 57.149311066
0.793200850 -0.009642909 -0.608883679 -27.274826050 -0.021814251 0.998782933 -0.044235460 -3.804164410 0.608569264 0.048369940 0.792025030 58.005928040
0.789237857 -0.010606756 -0.613995969 -27.950393677 -0.021150487 0.998788059 -0.044441119 -3.864017010 0.613723278 0.048060916 0.788057029 58.853034973
0.784528971 -0.010715513 -0.619999588 -28.621044159 -0.020753754 0.998836756 -0.043524172 -3.923085213 0.619744778 0.047013290 0.783393979 59.693851471
0.779838026 -0.010083349 -0.625900030 -29.303173065 -0.021319496 0.998862326 -0.042654779 -3.989010334 0.625618219 0.046607692 0.778736055 60.523693085
0.774302483 -0.012364612 -0.632694840 -30.000995636 -0.019918351 0.998837531 -0.043896455 -4.040440559 0.632502079 0.046591379 0.773156106 61.374458313
0.769138098 -0.013724630 -0.638935208 -30.706836700 -0.019418117 0.998805881 -0.044829976 -4.100294113 0.638787568 0.046887361 0.767953098 62.211330414
0.763450325 -0.014956725 -0.645693421 -31.411090851 -0.018837754 0.998790860 -0.045409057 -4.162690163 0.645591795 0.046830975 0.762245476 63.048358917
0.757499456 -0.016904674 -0.652616858 -32.132850647 -0.017630106 0.998770416 -0.046334505 -4.230443001 0.652597666 0.046604063 0.756269991 63.882324219
0.751277983 -0.018552065 -0.659725070 -32.863689423 -0.017215164 0.998713970 -0.047688909 -4.290226460 0.659761369 0.047184903 0.749992371 64.716125488
0.745384932 -0.019424846 -0.666351199 -33.627090454 -0.016354080 0.998741627 -0.047408164 -4.362395287 0.666433632 0.046234895 0.744129360 65.539291382
0.738959849 -0.019213961 -0.673475444 -34.381366730 -0.015206778 0.998862982 -0.045182515 -4.431864738 0.673577845 0.043629456 0.737827480 66.365875244
0.732443631 -0.019760827 -0.680540800 -35.158248901 -0.014868149 0.998875976 -0.045006398 -4.486276150 0.680665314 0.043083034 0.731326640 67.191474915
0.725851595 -0.021419462 -0.687517762 -35.915412903 -0.013580218 0.998873889 -0.045457102 -4.553403854 0.687717259 0.042331751 0.724743485 67.993881226
0.719094455 -0.023853410 -0.694502831 -36.704883575 -0.012499368 0.998804986 -0.047246940 -4.614855766 0.694799900 0.042655855 0.717936993 68.817504883
0.713147640 -0.023309134 -0.700626135 -37.508693695 -0.013941349 0.998777807 -0.047418840 -4.673162460 0.700875103 0.043584317 0.711951077 69.618690491
0.707668722 -0.022655072 -0.706181109 -38.316539764 -0.014189078 0.998828530 -0.046262491 -4.738490105 0.706401885 0.042758577 0.706518292 70.419708252
0.702722371 -0.022413557 -0.711111128 -39.134735107 -0.014984339 0.998815775 -0.046289317 -4.800745010 0.711306334 0.043184068 0.701554239 71.218841553
0.697961211 -0.022778291 -0.715773165 -39.957550049 -0.015919568 0.998753488 -0.047307082 -4.862969875 0.715958536 0.044413306 0.696728766 72.011734009
0.692642093 -0.024979554 -0.720848799 -40.804534912 -0.016045136 0.998619139 -0.050022420 -4.937200069 0.721102953 0.046213746 0.691284895 72.806686401
0.687683821 -0.027844053 -0.725476265 -41.648075104 -0.014610564 0.998531044 -0.052173465 -5.006505489 0.725863218 0.046478461 0.686266899 73.594139099
0.682671547 -0.028028967 -0.730187714 -42.505882263 -0.015814517 0.998463273 -0.053112395 -5.075970650 0.730554342 0.047805883 0.681179166 74.385818481
0.677603722 -0.027456515 -0.734914422 -43.380828857 -0.015646584 0.998538435 -0.051731959 -5.149173737 0.735260785 0.046552669 0.676183879 75.188079834
0.672808170 -0.027562011 -0.739303410 -44.260578156 -0.014792548 0.998604894 -0.050691098 -5.220511436 0.739669144 0.045041565 0.671461761 75.972175598
0.667289555 -0.029002456 -0.744233489 -45.140441895 -0.014158828 0.998566985 -0.051608726 -5.288414478 0.744663775 0.044975441 0.665922701 76.765762329
0.662480712 -0.030304907 -0.748465657 -46.015983582 -0.013082867 0.998560846 -0.052010994 -5.355747223 0.748964608 0.044248357 0.661130846 77.537254333
0.658379197 -0.030435422 -0.752070785 -46.927417755 -0.012568872 0.998598278 -0.051415179 -5.435671329 0.752581358 0.043303363 0.657073855 78.310241699
0.654149294 -0.031340677 -0.755715907 -47.823860168 -0.011020702 0.998640239 -0.050954662 -5.510763168 0.756285131 0.041660480 0.652914345 79.088569641
0.650294244 -0.034408674 -0.758902788 -48.742515564 -0.008122005 0.998601615 -0.052236278 -5.587267399 0.759639025 0.040132757 0.649105489 79.869087219
0.646149278 -0.038679633 -0.762230158 -49.651931763 -0.006113166 0.998420596 -0.055847377 -5.655771255 0.763186514 0.040745389 0.644892395 80.626037598
0.641440451 -0.043069296 -0.765962899 -50.577667236 -0.001662622 0.998342514 -0.057528090 -5.728530884 0.767171025 0.038174350 0.640305638 81.401443481
0.634467602 -0.046469949 -0.771551192 -51.509033203 0.003495748 0.998353422 -0.057255425 -5.809644222 0.772941589 0.033629563 0.633585393 82.177093506
0.626450539 -0.050325956 -0.777834773 -52.441368103 0.008029669 0.998277307 -0.058121670 -5.889340401 0.779419720 0.030164601 0.625775456 82.924057007
0.617508173 -0.051058594 -0.784905612 -53.396072388 0.010508220 0.998337388 -0.056675341 -5.971231461 0.786494374 0.026749521 0.617017925 83.663436890
0.608790100 -0.049430206 -0.791789949 -54.361137390 0.011061214 0.998488903 -0.053829372 -6.055052757 0.793254256 0.024012623 0.608416915 84.402160645
0.599830270 -0.049630322 -0.798586547 -55.341896057 0.010604666 0.998479903 -0.054087915 -6.128897190 0.800056994 0.023974832 0.599444866 85.136032104
0.590418160 -0.050744593 -0.805500805 -56.339462280 0.010146514 0.998409271 -0.055460166 -6.213621140 0.807033658 0.024571661 0.589993894 85.843330383
0.580695868 -0.053116728 -0.812385976 -57.341400146 0.010663149 0.998279929 -0.057649102 -6.294001579 0.814050734 0.024813998 0.580263436 86.546241760
0.571095169 -0.054809794 -0.819052041 -58.371402740 0.011230894 0.998196840 -0.058967005 -6.374302387 0.820807099 0.024477085 0.570680857 87.257492065
0.560131550 -0.055297300 -0.826556087 -59.402484894 0.014082133 0.998261034 -0.057241488 -6.464524269 0.828283966 0.020423094 0.559936166 87.981124878
0.550457895 -0.055427626 -0.833020866 -60.441516876 0.015085838 0.998291135 -0.056455716 -6.546132088 0.834726632 0.018509673 0.550353348 88.645690918
0.540316045 -0.056198843 -0.839583397 -61.498565674 0.015394799 0.998260379 -0.056912787 -6.627031326 0.841321349 0.017825672 0.540241241 89.313209534
0.529864550 -0.057095449 -0.846158147 -62.572559357 0.015041590 0.998206973 -0.057936061 -6.715414047 0.847948790 0.017970702 0.529773474 89.981658936
0.519445956 -0.058008000 -0.852532089 -63.638786316 0.014187730 0.998141050 -0.059270978 -6.795396805 0.854385555 0.018692574 0.519303322 90.643051147
0.509631515 -0.058976598 -0.858369172 -64.721214294 0.013734858 0.998078406 -0.060421035 -6.886371136 0.860283315 0.019002879 0.509462178 91.278656006
0.499826938 -0.058829382 -0.864125073 -65.819496155 0.012188895 0.998069525 -0.060897995 -6.972023964 0.866039634 0.019905729 0.499579072 91.911926270
0.491391271 -0.056917708 -0.869077086 -66.940826416 0.012129231 0.998212695 -0.058516998 -7.063235283 0.870854497 0.018213505 0.491203368 92.527793884
0.483215243 -0.055523466 -0.873739183 -68.056221008 0.012815255 0.998328567 -0.056353349 -7.147769928 0.875407755 0.016033610 0.483119160 93.144882202
0.475684673 -0.055469129 -0.877865195 -69.165313721 0.012391355 0.998333275 -0.056366626 -7.236490726 0.879528642 0.015934799 0.475579113 93.741317749
0.467815727 -0.058199547 -0.881907701 -70.266738892 0.013831554 0.998189449 -0.058536243 -7.323758125 0.883717775 0.015186018 0.467773765 94.330726624
0.460709751 -0.061438110 -0.885421813 -71.399055481 0.016777541 0.998025775 -0.060521714 -7.414958000 0.887392342 0.013027743 0.460831046 94.920211792
0.454936832 -0.064485885 -0.888185799 -72.543441772 0.017850675 0.997834682 -0.063303560 -7.509924412 0.890344799 0.012944402 0.455102861 95.499557495
0.449095041 -0.068134755 -0.890882254 -73.682151794 0.020165665 0.997607172 -0.066131525 -7.608281612 0.893256426 0.011734102 0.449394375 96.079757690
0.444331527 -0.069268525 -0.893180490 -74.823135376 0.023306720 0.997562647 -0.065769218 -7.710464478 0.895559192 0.008406226 0.444862962 96.648849487
0.440047383 -0.066524044 -0.895507038 -75.971771240 0.024914447 0.997772694 -0.061878167 -7.810324669 0.897628784 0.004918265 0.440724701 97.216064453
0.436243534 -0.065043420 -0.897474766 -77.106468201 0.028727720 0.997882366 -0.058356415 -7.908193588 0.899369955 -0.000324795 0.437188327 97.768875122
0.432838172 -0.064401500 -0.899168253 -78.267646790 0.029126426 0.997923195 -0.057453912 -7.995335579 0.901000977 -0.001321310 0.433815092 98.325317383
0.430029124 -0.064416349 -0.900513947 -79.395385742 0.030843038 0.997917354 -0.056655195 -8.080950737 0.902288079 -0.003411206 0.431120336 98.860656738
0.428034335 -0.063201413 -0.901549816 -80.539566040 0.032116354 0.997985423 -0.054713756 -8.176832199 0.903191686 -0.005535130 0.429201782 99.381683350
0.425134361 -0.062472567 -0.902971745 -81.653266907 0.034445420 0.998009384 -0.052830286 -8.260246277 0.904474616 -0.008643263 0.426439911 99.926834106
0.422780037 -0.063662559 -0.903993428 -82.782363892 0.037135895 0.997908711 -0.052908666 -8.341902733 0.905471146 -0.011201876 0.424260020 100.459541321
0.420141935 -0.063642241 -0.905223966 -83.888031006 0.038552467 0.997888863 -0.052263729 -8.425806046 0.906639099 -0.012940429 0.421708584 100.982925415
0.417628258 -0.063251123 -0.906413794 -84.991409302 0.042019065 0.997851253 -0.050271593 -8.500702858 0.907645881 -0.017091824 0.419388622 101.505859375
0.415729046 -0.062323011 -0.907350659 -86.104804993 0.043917090 0.997861147 -0.048418008 -8.584738731 0.908427536 -0.019719433 0.417576909 102.008316040
0.414150119 -0.064260446 -0.907937348 -87.201065063 0.046284724 0.997700930 -0.049501091 -8.655907631 0.909031034 -0.021522745 0.416172266 102.508079529
0.412568569 -0.064335793 -0.908651710 -88.271842957 0.047659654 0.997661114 -0.048998352 -8.753206253 0.909678936 -0.023090851 0.414669812 103.001358032
0.411790818 -0.065657280 -0.908910036 -89.337631226 0.047324259 0.997595906 -0.050622985 -8.828247070 0.910048842 -0.022167418 0.413908035 103.482406616
0.412072301 -0.065904625 -0.908764482 -90.380599976 0.046949495 0.997591496 -0.051057570 -8.914294243 0.909940779 -0.021626625 0.414173990 103.971420288
0.414925903 -0.065783650 -0.907473981 -91.437202454 0.044276118 0.997661054 -0.052076947 -8.992650032 0.908777237 -0.018571349 0.416868120 104.433471680
0.419105709 -0.065902047 -0.905542552 -92.472564697 0.042113952 0.997699797 -0.053117611 -9.071077347 0.906960189 -0.015874078 0.420917153 104.912796021
0.424384326 -0.066429928 -0.903042078 -93.513572693 0.040751394 0.997695863 -0.054241795 -9.152870178 0.904564679 -0.013780856 0.426113576 105.386825562
0.429991335 -0.066365398 -0.900390506 -94.523651123 0.040393136 0.997710109 -0.054248400 -9.233128548 0.901928961 -0.013043260 0.431687415 105.872245789
0.436622232 -0.065173887 -0.897281110 -95.529342651 0.039230600 0.997803092 -0.053385459 -9.309581757 0.898789167 -0.011891598 0.438219815 106.364768982
0.445055693 -0.063466035 -0.893251121 -96.543197632 0.037769005 0.997928143 -0.052085284 -9.387731552 0.894706130 -0.010556354 0.446530610 106.855682373
0.453950703 -0.063203029 -0.888782382 -97.514724731 0.037275970 0.997954845 -0.051927589 -9.460283279 0.890246749 -0.009557650 0.455378294 107.346893311
0.463288248 -0.063044943 -0.883962333 -98.499542236 0.036220245 0.997979939 -0.052193597 -9.528043747 0.885467172 -0.007836645 0.464635909 107.857879639
0.472771466 -0.062965073 -0.878932536 -99.471252441 0.035030793 0.997998297 -0.052651905 -9.612920761 0.880488455 -0.005897386 0.474030852 108.382774353
0.483265311 -0.064680882 -0.873081326 -100.434631348 0.033511017 0.997902870 -0.055379175 -9.683430672 0.874832392 -0.002495014 0.484419316 108.912345886
0.494825423 -0.065809652 -0.866496921 -101.389884949 0.031841312 0.997831702 -0.057600979 -9.755286217 0.868408859 0.000912039 0.495848000 109.451324463
0.507633686 -0.063734390 -0.859212399 -102.343681335 0.029483056 0.997961164 -0.056607474 -9.835740089 0.861068487 0.003403646 0.508477747 109.998550415
0.520672798 -0.061258834 -0.851555705 -103.285972595 0.027648892 0.998109221 -0.054895956 -9.910160065 0.853308618 0.005038257 0.521382034 110.557586670
0.532586932 -0.058206059 -0.844371498 -104.203765869 0.027023304 0.998293221 -0.051771600 -10.000436783 0.845943749 0.004755173 0.533250868 111.138244629
0.544282436 -0.057744026 -0.836912274 -105.115333557 0.027248435 0.998318732 -0.051159594 -10.070695877 0.838459313 0.005040723 0.544940770 111.726959229
0.556084037 -0.057207603 -0.829154968 -106.008178711 0.026873427 0.998344243 -0.050857805 -10.153553009 0.830691457 0.005998974 0.556700587 112.320564270
0.567192018 -0.058258031 -0.821522474 -106.872207642 0.027262906 0.998276472 -0.051969748 -10.229867935 0.823134243 0.007079740 0.567802727 112.909439087
0.578044415 -0.060086712 -0.813790023 -107.724639893 0.029914750 0.998175263 -0.052452117 -10.302545547 0.815456808 0.005975331 0.578787088 113.516983032
0.589478314 -0.060200166 -0.805537820 -108.586196899 0.030216640 0.998164535 -0.052483711 -10.373941422 0.807218909 0.006597362 0.590215325 114.133575439
0.599035084 -0.057102904 -0.798684061 -109.396881104 0.028861012 0.998345494 -0.049731389 -10.449934006 0.800202489 0.006740017 0.599692047 114.757080078
0.608981550 -0.054535206 -0.791307330 -110.209022522 0.028899822 0.998496711 -0.046573259 -10.512620926 0.792657673 0.005493613 0.609642148 115.383125305
0.619053006 -0.053295814 -0.783538759 -111.006713867 0.028113233 0.998559058 -0.045709856 -10.575494766 0.784845948 0.006269014 0.619659245 116.005378723
0.629581869 -0.052157670 -0.775181472 -111.787208557 0.026154187 0.998601317 -0.045948628 -10.651263237 0.776493847 0.008654177 0.630065441 116.627037048
0.639215171 -0.051755022 -0.767284393 -112.555007935 0.024606820 0.998598456 -0.046858020 -10.714376450 0.768634200 0.011071925 0.639592767 117.256942749
0.648462296 -0.052377705 -0.759442747 -113.317428589 0.024707565 0.998552680 -0.047771826 -10.758371353 0.760845721 0.012214241 0.648817778 117.900039673
0.657846570 -0.049208205 -0.751542687 -114.065048218 0.023432545 0.998717487 -0.044881117 -10.833257675 0.752787352 0.011914331 0.658155918 118.546867371
0.666526854 -0.047347985 -0.743975759 -114.792671204 0.023627862 0.998821378 -0.042398643 -10.893379211 0.745106399 0.010681278 0.666859984 119.199348450
0.674745262 -0.046626519 -0.736576438 -115.507171631 0.024074545 0.998861790 -0.041175999 -10.960191727 0.737657964 0.010050567 0.675099790 119.850273132
0.682689548 -0.046211217 -0.729245842 -116.207374573 0.023120770 0.998864651 -0.041651860 -11.007717133 0.730342686 0.011574556 0.682982862 120.490493774
0.690211654 -0.045150153 -0.722197473 -116.897209167 0.022530252 0.998908460 -0.040917095 -11.062621117 0.723256648 0.011970170 0.690475643 121.146202087
0.697486281 -0.042767826 -0.715320706 -117.581695557 0.022062527 0.999025881 -0.038217615 -11.109632492 0.716258347 0.010874480 0.697750449 121.808662415
0.705020428 -0.039625384 -0.708079040 -118.245872498 0.020655353 0.999161541 -0.035348747 -11.169154167 0.708886027 0.010295965 0.705247760 122.455123901
0.712378740 -0.038120128 -0.700759172 -118.894638062 0.019875810 0.999219000 -0.034150474 -11.220717430 0.701513708 0.010399910 0.712580085 123.115264893
0.719847500 -0.037182704 -0.693135619 -119.524581909 0.018857913 0.999243259 -0.034018952 -11.265119553 0.693876028 0.011417372 0.720003963 123.762260437
0.728002548 -0.034292478 -0.684716225 -120.149101257 0.016335331 0.999332309 -0.032681309 -11.308816910 0.685379744 0.012607006 0.728076756 124.418373108
0.736979723 -0.031262726 -0.675191402 -120.750076294 0.015318122 0.999445736 -0.029556435 -11.357676506 0.675741255 0.011439827 0.737050056 125.064193726
0.746275187 -0.027480785 -0.665069997 -121.335433960 0.013388476 0.999565005 -0.026278958 -11.396965027 0.665503025 0.010707057 0.746318400 125.722068787
0.756349981 -0.025036180 -0.653687894 -121.911552429 0.011433739 0.999620676 -0.025055954 -11.442714691 0.654067278 0.011476972 0.756349325 126.382766724
0.766235530 -0.024121778 -0.642106891 -122.463012695 0.009901364 0.999619722 -0.025736881 -11.478775024 0.642483532 0.013362780 0.766183019 127.038612366
0.776327252 -0.025298852 -0.629822135 -123.010139465 0.009959108 0.999561727 -0.027874911 -11.513202667 0.630251408 0.015367581 0.776239038 127.703414917
0.786302090 -0.024267349 -0.617365479 -123.537200928 0.009419404 0.999583066 -0.027294587 -11.547814369 0.617770433 0.015646577 0.786202848 128.376724243
0.796536624 -0.022788912 -0.604160666 -124.056373596 0.009233596 0.999631226 -0.025532309 -11.584751129 0.604519784 0.014758841 0.796453416 129.057998657
0.806582630 -0.020606333 -0.590762198 -124.557594299 0.009036800 0.999705255 -0.022532476 -11.619796753 0.591052353 0.012835703 0.806531012 129.745208740
0.816265345 -0.019114047 -0.577360749 -125.047996521 0.009167231 0.999755144 -0.020137280 -11.651244164 0.577604413 0.011144564 0.816240847 130.432159424
0.825439990 -0.017745597 -0.564211011 -125.530632019 0.009769152 0.999805152 -0.017153673 -11.682498932 0.564405441 0.008647465 0.825452507 131.141662598
0.833642066 -0.016802285 -0.552049398 -125.995643616 0.010155731 0.999834478 -0.015095133 -11.710140228 0.552211642 0.006977472 0.833674729 131.836227417
0.840870857 -0.017338159 -0.540957928 -126.457923889 0.011826851 0.999836683 -0.013661832 -11.731351852 0.541106522 0.005090007 0.840938628 132.560974121
0.847516954 -0.016756132 -0.530503690 -126.902008057 0.011460584 0.999846280 -0.013271383 -11.752927780 0.530644536 0.005167841 0.847578645 133.276870728
0.854231119 -0.016022295 -0.519646466 -127.351379395 0.010674812 0.999854803 -0.013280591 -11.780367851 0.519783735 0.005797565 0.854278207 134.011825562
0.861037672 -0.013993126 -0.508348763 -127.788238525 0.009058183 0.999884784 -0.012180774 -11.804631233 0.508460581 0.005883388 0.861065269 134.740173340
0.867072523 -0.013052681 -0.498010993 -128.210769653 0.008323515 0.999896646 -0.011715091 -11.826627731 0.498112410 0.006012631 0.867091656 135.492752075
0.873184383 -0.013586371 -0.487200558 -128.640502930 0.008972723 0.999890089 -0.011802197 -11.852039337 0.487307400 0.005933980 0.873210251 136.241973877
0.878054082 -0.014925037 -0.478328586 -129.045211792 0.010062022 0.999868393 -0.012727800 -11.873681068 0.478455663 0.006362745 0.878088593 137.002944946
0.882572353 -0.015190358 -0.469931096 -129.457031250 0.010119609 0.999860168 -0.013314599 -11.894226074 0.470067650 0.006995578 0.882602572 137.770553589
0.886116326 -0.014581822 -0.463233531 -129.864700317 0.009860698 0.999871790 -0.012611840 -11.911142349 0.463358074 0.006607750 0.886146486 138.546646118
0.889243186 -0.012884746 -0.457253218 -130.265258789 0.009642463 0.999909103 -0.009423833 -11.928260803 0.457333088 0.003971031 0.889286637 139.329589844
0.892273903 -0.008937615 -0.451405942 -130.671325684 0.007288328 0.999958932 -0.005392180 -11.940297127 0.451435626 0.001521307 0.892302394 140.135131836
0.895671964 -0.005981446 -0.444675386 -131.073516846 0.005591911 0.999981999 -0.002187713 -11.962300301 0.444680452 -0.000527113 0.895689130 140.934524536
0.898908973 -0.003265850 -0.438123524 -131.477539062 0.003581596 0.999993503 -0.000105678 -11.969661713 0.438121080 -0.001474186 0.898914695 141.759918213
0.902218819 -0.001815778 -0.431274682 -131.882797241 0.003093010 0.999992609 0.002260291 -11.976620674 0.431267381 -0.003373215 0.902217865 142.600311279
0.905570924 -0.000258992 -0.424194694 -132.293029785 0.002544627 0.999985158 0.004821732 -11.980431557 0.424187034 -0.005445838 0.905558169 143.458404541
0.908927977 -0.000660866 -0.416952550 -132.689437866 0.003847629 0.999969423 0.006802624 -11.987011909 0.416935295 -0.007787375 0.908902764 144.329895020
0.912486196 -0.000836677 -0.409106582 -133.084655762 0.004515227 0.999957621 0.008025886 -11.993674278 0.409082472 -0.009170720 0.912451327 145.213531494
0.916270852 -0.000954695 -0.400557995 -133.494750977 0.004586539 0.999956667 0.008108334 -11.996712685 0.400532901 -0.009266606 0.916235447 146.124664307
0.919987500 -0.003566395 -0.391931355 -133.865188599 0.007014512 0.999948263 0.007366223 -11.995096207 0.391884774 -0.009526040 0.919965088 147.034973145
0.924145401 -0.004770317 -0.382010967 -134.254241943 0.007720599 0.999951005 0.006190593 -11.996528625 0.381962717 -0.008670362 0.924137115 147.961837769
0.928496957 -0.006105939 -0.371289819 -134.624389648 0.008232746 0.999957502 0.004143397 -12.002676964 0.371248662 -0.006903865 0.928507805 148.895446777
0.933653235 -0.003945306 -0.358156443 -134.991043091 0.005516695 0.999979079 0.003365727 -12.006096840 0.358135760 -0.005118262 0.933655500 149.852798462
0.939794004 -0.000567708 -0.341741055 -135.355651855 0.002217042 0.999987662 0.004435703 -12.007047653 0.341734380 -0.004926301 0.939783692 150.835174561
0.946284711 0.003359569 -0.323317140 -135.707885742 -0.000965504 0.999970913 0.007564798 -12.015782356 0.323333144 -0.006846289 0.946260452 151.833663940
0.952967942 0.006756025 -0.302995503 -136.050354004 -0.004121544 0.999947965 0.009333388 -12.019081116 0.303042799 -0.007645610 0.952946365 152.858322144
0.959378123 0.007997140 -0.282009780 -136.354858398 -0.005412565 0.999935925 0.009942670 -12.016413689 0.282071263 -0.008012385 0.959360003 153.888214111
0.965429425 0.009595496 -0.260487944 -136.653793335 -0.006877613 0.999912024 0.011343330 -12.014419556 0.260573864 -0.009159650 0.965410531 154.949996948
0.971046507 0.010127981 -0.238675669 -136.919113159 -0.007007265 0.999878526 0.013920023 -12.011047363 0.238787696 -0.011844529 0.970999539 156.014144897
0.976185918 0.012963570 -0.216548458 -137.171051025 -0.009389332 0.999802291 0.017526217 -12.009434700 0.216732860 -0.015075600 0.976114511 157.103591919
0.980835974 0.014926622 -0.194262430 -137.400848389 -0.010914149 0.999704778 0.021708896 -12.002961159 0.194529131 -0.019172657 0.980709374 158.214248657
0.984980345 0.017143866 -0.171813041 -137.605819702 -0.013038007 0.999602556 0.024997335 -11.991649628 0.172173291 -0.022381788 0.984812438 159.342773438
0.988609493 0.018690553 -0.149338156 -137.786682129 -0.015141657 0.999576092 0.024866013 -11.975513458 0.149739593 -0.022321546 0.988473475 160.481765747
0.991671383 0.017815668 -0.127555490 -137.936553955 -0.015035403 0.999628663 0.022726368 -11.959112167 0.127913043 -0.020619243 0.991571009 161.640975952
0.994174838 0.018281564 -0.106218860 -138.091323853 -0.016086152 0.999639809 0.021488944 -11.932941437 0.106573440 -0.019655108 0.994110644 162.842819214
0.996159732 0.017225256 -0.085843414 -138.192687988 -0.015253853 0.999605834 0.023568416 -11.922360420 0.086215548 -0.022168463 0.996029794 164.031723022
0.997676551 0.017455190 -0.065856047 -138.281005859 -0.015843377 0.999563873 0.024918284 -11.901893616 0.066262290 -0.023817001 0.997517943 165.224014282
0.998792946 0.018380988 -0.045549646 -138.344039917 -0.017214464 0.999516964 0.025871299 -11.884620667 0.046003178 -0.025055958 0.998627007 166.441101074
0.999488652 0.019524533 -0.025323311 -138.371795654 -0.018856632 0.999474883 0.026350744 -11.866892815 0.025824502 -0.025859758 0.999331892 167.658020020
0.999786913 0.020104602 -0.004687538 -138.386199951 -0.019971317 0.999437809 0.026930770 -11.846072197 0.005226334 -0.026831415 0.999626338 168.898147583
0.999633491 0.022172628 0.015530385 -138.374435425 -0.022578655 0.999394476 0.026475929 -11.828163147 -0.014933940 -0.026816880 0.999528825 170.153625488
0.999064445 0.023838900 0.036080249 -138.347045898 -0.024753893 0.999377668 0.025129467 -11.809939384 -0.035458740 -0.025999086 0.999032915 171.424331665
0.998172164 0.024068341 0.055434573 -138.282302856 -0.025358386 0.999420941 0.022686781 -11.789206505 -0.054856434 -0.024051042 0.998204529 172.711761475
0.996902645 0.026233835 0.074140877 -138.190826416 -0.027791258 0.999412596 0.020053098 -11.776214600 -0.073571265 -0.022051454 0.997046053 174.003250122
0.995283544 0.026352229 0.093360752 -138.078186035 -0.028173480 0.999436498 0.018243456 -11.767457008 -0.092827402 -0.020787708 0.995465159 175.298568726
0.993333459 0.026503006 0.112188555 -137.936676025 -0.028363608 0.999484718 0.015020866 -11.755376816 -0.111732647 -0.018102800 0.993573368 176.611343384
0.991003811 0.027537473 0.130969957 -137.775863647 -0.029055621 0.999530792 0.009694451 -11.753002167 -0.130641520 -0.013412651 0.991338968 177.926086426
0.988403201 0.029389426 0.148981273 -137.589569092 -0.030207766 0.999538422 0.003232545 -11.759844780 -0.148817524 -0.007695448 0.988834739 179.250640869
0.985527813 0.031651817 0.166532025 -137.379867554 -0.031741615 0.999493837 -0.002123029 -11.768486023 -0.166514948 -0.003193691 0.986033738 180.574157715
0.982343733 0.033944350 0.183979809 -137.139343262 -0.033360679 0.999423683 -0.006267706 -11.785374641 -0.184086516 0.000019350 0.982910037 181.917037964
0.978777826 0.036006719 0.201736137 -136.879898071 -0.034860641 0.999349475 -0.009232259 -11.808826447 -0.201937318 0.002003679 0.979396403 183.255355835
0.975036860 0.035591856 0.219172046 -136.586349487 -0.034486432 0.999365747 -0.008868597 -11.839002609 -0.219348684 0.001088749 0.975645840 184.619415283
0.971151233 0.034589112 0.235942259 -136.264434814 -0.033173162 0.999399900 -0.009969385 -11.862431526 -0.236145496 0.001854832 0.971715927 185.969802856
0.966838241 0.034693804 0.253021926 -135.918609619 -0.032016262 0.999379337 -0.014693312 -11.902068138 -0.253374696 0.006105243 0.967348874 187.332107544
0.962374032 0.035911169 0.269344836 -135.552688599 -0.031899583 0.999305546 -0.019257475 -11.932868958 -0.269849271 0.009940901 0.962851226 188.678436279
0.957528591 0.038003456 0.285822809 -135.152542114 -0.033872969 0.999238193 -0.019383200 -11.973384857 -0.286341637 0.008878301 0.958086431 190.057006836
0.952066660 0.040318310 0.303222269 -134.731353760 -0.035931390 0.999153435 -0.020035153 -12.016111374 -0.303773403 0.008179601 0.952709138 191.427322388
0.946169078 0.044011641 0.320666552 -134.290557861 -0.038614172 0.998985410 -0.023175022 -12.062493324 -0.321361154 0.009545214 0.946908593 192.803146362
0.940173566 0.044608045 0.337762684 -133.812530518 -0.037645072 0.998922646 -0.027140571 -12.113191605 -0.338609487 0.012801747 0.940839887 194.174880981
0.933781385 0.045689404 0.354915053 -133.308486938 -0.037672993 0.998855472 -0.029468376 -12.168222427 -0.355855227 0.014146303 0.934433997 195.544647217
0.927053750 0.046246942 0.372065187 -132.776718140 -0.035893638 0.998752713 -0.034708746 -12.234219551 -0.373206258 0.018822096 0.927557409 196.912872314
0.919006526 0.049538959 0.391117483 -132.218688965 -0.036466271 0.998502254 -0.040785745 -12.304845810 -0.392552197 0.023219772 0.919436514 198.288024902
0.909522951 0.053158812 0.412240267 -131.618041992 -0.038226683 0.998282611 -0.044390298 -12.381172180 -0.413892061 0.024615411 0.909993112 199.660278320
0.898229301 0.056145664 0.435926288 -131.007614136 -0.040191349 0.998144388 -0.045742679 -12.465978622 -0.437685728 0.023566954 0.898819089 200.998870850
