1.000000000 0.000000000 0.000000000 0.000000000 0.000000000 1.000000000 0.000000000 0.000000000 0.000000000 0.000000000 1.000000000 0.000000000
0.999873996 0.001477284 0.015804406 0.010770846 -0.001462774 0.999998510 -0.000929639 -0.003261377 -0.015805755 0.000906403 0.999874651 0.126395077
0.999292254 0.004332757 0.037365302 0.027251396 -0.004320909 0.999990582 -0.000397836 -0.004822274 -0.037366673 0.000236102 0.999301612 0.272614211
0.997895122 0.005950865 0.064574994 0.056523204 -0.006025372 0.999981403 0.000959124 -0.005005443 -0.064568080 -0.001346193 0.997912407 0.436621338
0.995128751 0.005754934 0.098415330 0.102288760 -0.006103922 0.999976099 0.003245339 -0.004618124 -0.098394282 -0.003830251 0.995140076 0.609748363
0.990624249 0.002590653 0.136590227 0.163338378 -0.003336401 0.999980748 0.005231090 -0.005671026 -0.136574060 -0.005637764 0.990613759 0.792764485
0.984334767 -0.000159976 0.176309571 0.236275747 -0.000808175 0.999985039 0.005419379 -0.004448684 -0.176307797 -0.005476972 0.984319806 0.988133609
0.975549877 -0.000441123 0.219777852 0.319819450 -0.001059503 0.999976933 0.006710007 -0.001863169 -0.219775721 -0.006778801 0.975526989 1.192777634
0.963380992 -0.000252280 0.268136114 0.412735790 -0.002399591 0.999951422 0.009562268 0.001643821 -0.268125504 -0.009855525 0.963333607 1.410712838
0.948908925 -0.003813975 0.315527111 0.527911782 -0.001534009 0.999859333 0.016699273 -0.003112104 -0.315546393 -0.016330110 0.948769629 1.621332765
0.931902766 -0.013224080 0.362467021 0.669618964 0.004560899 0.999683499 0.024745919 -0.007157266 -0.362679511 -0.021407614 0.931668043 1.835203767
0.910547554 -0.018336276 0.412997574 0.824525118 0.007031203 0.999558270 0.028876517 -0.003757067 -0.413344622 -0.023389570 0.910274208 2.055202484
0.885111988 -0.019726641 0.464959741 0.992251694 0.005088429 0.999451756 0.032716800 0.001057409 -0.465350181 -0.026592121 0.884727120 2.283073425
0.856731236 -0.021926776 0.515296876 1.166334033 0.003100119 0.999296784 0.037367579 0.001840524 -0.515753865 -0.030416487 0.856196702 2.486775875
0.824160337 -0.026306268 0.565745354 1.366102338 0.003465820 0.999136269 0.041409366 0.009506315 -0.566345990 -0.032167181 0.823539555 2.701250553
0.788027167 -0.032218199 0.614796817 1.597518086 0.005745266 0.998971045 0.044986606 0.009999558 -0.615613639 -0.031918500 0.787401438 2.917412758
0.749653697 -0.036105610 0.660844624 1.846376896 0.006204831 0.998850286 0.047534060 0.017924085 -0.661801159 -0.031533655 0.749015927 3.132040024
0.709525883 -0.039249782 0.703585446 2.107203484 0.007274099 0.998802364 0.048383061 0.030446872 -0.704641819 -0.029211078 0.708961666 3.331620693
0.667132258 -0.040916786 0.743814588 2.407270908 0.006000278 0.998753190 0.049559109 0.044353783 -0.744915009 -0.028599389 0.666546047 3.553403139
0.624170303 -0.040678442 0.780228496 2.720346928 0.000718562 0.998673141 0.051492553 0.062033534 -0.781287968 -0.031579480 0.623371482 3.770186901
0.582415700 -0.041215058 0.811845481 3.077507973 -0.002441776 0.998620570 0.052448817 0.078423455 -0.812887311 -0.032529358 0.581511796 3.978895426
0.541998982 -0.042562813 0.839300573 3.447328806 -0.003823354 0.998581409 0.053109325 0.097933426 -0.840370357 -0.031994145 0.541067421 4.186560631
0.502667069 -0.044543304 0.863331795 3.855129242 -0.005778235 0.998476326 0.054880358 0.117082551 -0.864460707 -0.032575086 0.501643777 4.399573326
0.465542346 -0.044381205 0.883912146 4.286805630 -0.008791668 0.998460650 0.054763108 0.132594839 -0.884981930 -0.033265606 0.464435518 4.596015930
0.428793728 -0.043275997 0.902365327 4.748363972 -0.010187060 0.998556852 0.052729968 0.156283200 -0.903344929 -0.031802721 0.427734047 4.792186260
0.395082593 -0.041901384 0.917689502 5.239015579 -0.008692753 0.998743951 0.049344696 0.180305779 -0.918604493 -0.027472476 0.394222140 4.974076271
0.366203725 -0.040012956 0.929674029 5.756795406 -0.006444055 0.998942077 0.045532588 0.204745799 -0.930512488 -0.022665074 0.365558445 5.143036842
0.341017604 -0.038338073 0.939274848 6.305505753 -0.005152880 0.999076784 0.042649824 0.225932270 -0.940042794 -0.019384312 0.340505213 5.320825577
0.320637286 -0.037812587 0.946447015 6.877547741 -0.003870984 0.999142170 0.041229289 0.251396656 -0.947193980 -0.016883330 0.320215940 5.498948574
0.305771351 -0.038287424 0.951334834 7.490398407 -0.003134055 0.999145269 0.041218925 0.274980187 -0.952099741 -0.015585106 0.305390000 5.695530891
0.294295430 -0.039572537 0.954894841 8.119010925 -0.002023343 0.999114335 0.042028662 0.299222589 -0.955712378 -0.014300925 0.293954730 5.881288528
0.283355296 -0.041037038 0.958136618 8.776808739 -0.003217077 0.999037743 0.043740243 0.330778211 -0.959009647 -0.015476429 0.282950670 6.072958469
0.272776902 -0.043161202 0.961108685 9.447714806 -0.004544789 0.998924255 0.046149295 0.352106988 -0.962066650 -0.016956499 0.272287279 6.262707710
0.262645364 -0.044930585 0.963845789 10.140015602 -0.005346801 0.998832107 0.048018504 0.379783094 -0.964877605 -0.017765326 0.262098432 6.446084976
0.252570927 -0.046409242 0.966464698 10.891038895 -0.006380360 0.998747408 0.049626864 0.413700938 -0.967557371 -0.018700697 0.251958430 6.647832394
0.242332131 -0.047582537 0.969025910 11.636440277 -0.006571136 0.998693109 0.050682623 0.450169325 -0.970171154 -0.018649625 0.241702735 6.830562592
0.231607452 -0.048890572 0.971580029 12.390572548 -0.006820381 0.998630166 0.051877625 0.480951846 -0.972785473 -0.018641789 0.230956718 7.016855240
0.221841350 -0.051327050 0.973730922 13.179176331 -0.008321354 0.998477638 0.054527313 0.522653341 -0.975047231 -0.020199172 0.221076503 7.181881428
0.209919631 -0.054871771 0.976177692 13.981966019 -0.010411129 0.998241842 0.058350854 0.555959225 -0.977663219 -0.022412103 0.208979294 7.368220329
0.198022664 -0.058797300 0.978432417 14.781217575 -0.011118183 0.998000324 0.062223390 0.591875792 -0.980134368 -0.023200030 0.196972966 7.522205353
0.184841931 -0.060883202 0.980880558 15.575874329 -0.012236745 0.997859299 0.064243019 0.628703356 -0.982692063 -0.023877591 0.183701262 7.672653675
0.170150921 -0.061192684 0.983516157 16.389047623 -0.012364600 0.997858882 0.064224161 0.672330022 -0.985340416 -0.023088586 0.169030011 7.823555470
0.155589640 -0.060339067 0.985977173 17.189846039 -0.014478971 0.997886121 0.063352674 0.701453269 -0.987715662 -0.024132956 0.154387087 7.954574585
0.138962150 -0.059526458 0.988506973 18.009893417 -0.014949303 0.997951925 0.062196754 0.736262918 -0.990184844 -0.023420487 0.137787655 8.067528725
0.118839234 -0.057871260 0.991225541 18.828147888 -0.017346777 0.998026550 0.060348049 0.773593187 -0.992761970 -0.024366284 0.117600828 8.157632828
0.093434922 -0.056522042 0.994019747 19.656499863 -0.021762196 0.998032749 0.058795813 0.807485938 -0.995387614 -0.027125634 0.092021070 8.232197762
0.062336680 -0.056084901 0.996478081 20.508491516 -0.025624186 0.998000801 0.057773568 0.840535283 -0.997726142 -0.029135352 0.060774922 8.293271065
0.028584756 -0.056074936 0.998017311 21.350744247 -0.028892487 0.997961700 0.056899343 0.873088241 -0.999173760 -0.030461660 0.026906349 8.319328308
-0.005654398 -0.055780977 0.998426974 22.184375763 -0.030096788 0.998000145 0.055586684 0.900865078 -0.999531031 -0.029735139 -0.007321909 8.304477692
-0.039767250 -0.054484043 0.997722387 23.037277222 -0.031301547 0.998090148 0.053256515 0.931328177 -0.998718560 -0.029112387 -0.041396745 8.266127586
-0.072495162 -0.052676909 0.995976686 23.871120453 -0.032933388 0.998186111 0.050396606 0.955478787 -0.996824920 -0.029147379 -0.074098498 8.194277763
-0.104996979 -0.049967602 0.993216455 24.738658905 -0.037435647 0.998227596 0.046262234 0.982456446 -0.993767679 -0.032324307 -0.106681444 8.115509033
-0.137152970 -0.045377307 0.989510000 25.579643250 -0.034521572 0.998562336 0.041007508 1.003326893 -0.989948094 -0.028535143 -0.138522297 7.981928825
-0.169070333 -0.039369553 0.984817386 26.411872864 -0.029269654 0.998961747 0.034910079 1.021060586 -0.985169291 -0.022923009 -0.170047134 7.826247215
-0.198759347 -0.032999016 0.979492605 27.241123199 -0.021948580 0.999332070 0.029213594 1.030678511 -0.979802489 -0.015691999 -0.199350893 7.633426666
-0.227995977 -0.027059017 0.973286033 28.073209763 -0.015994873 0.999582946 0.024043258 1.037423253 -0.973530710 -0.010085821 -0.228333697 7.432165623
-0.256151140 -0.020935189 0.966409981 28.892295837 -0.007318544 0.999778748 0.019718241 1.039778352 -0.966609061 -0.002021864 -0.256247669 7.197558880
-0.281502426 -0.010543476 0.959502518 29.686660767 -0.000832462 0.999941885 0.010743611 1.030744791 -0.959560156 0.002225603 -0.281494826 6.937551975
-0.307082117 0.005297797 0.951668262 30.478088379 0.003744500 0.999983430 -0.004358496 1.019878745 -0.951675653 0.002225105 -0.307096869 6.669098854
-0.331494272 0.022175731 0.943196595 31.251611710 0.004130137 0.999748230 -0.022053761 0.996969938 -0.943448186 -0.003415164 -0.331502348 6.386871338
-0.356710941 0.037032310 0.933480501 32.016937256 0.004547413 0.999271095 -0.037904594 0.963887095 -0.934203684 -0.009276062 -0.356619298 6.087075233
-0.381141305 0.047440108 0.923298836 32.780036926 0.008434667 0.998819411 -0.047838576 0.918712854 -0.924478352 -0.010445537 -0.381091416 5.761225700
-0.404373229 0.051548187 0.913140237 33.531143188 0.010850197 0.998610556 -0.051568236 0.872277617 -0.914529622 -0.010945064 -0.404370695 5.422288895
-0.427193433 0.051135369 0.902713120 34.282783508 0.014542221 0.998658955 -0.049688473 0.816081047 -0.904043317 -0.008099142 -0.427364141 5.060559273
-0.447008640 0.046963185 0.893296003 35.022621155 0.018442016 0.998892486 -0.043286256 0.759912252 -0.894339502 -0.002875148 -0.447379649 4.670898438
-0.465041280 0.045888484 0.884099007 35.746421814 0.026591336 0.998929143 -0.037861455 0.708099246 -0.884889543 0.005902235 -0.465763479 4.274376869
-0.478455335 0.045964316 0.876908243 36.458335876 0.028026268 0.998919785 -0.037068121 0.661607504 -0.877664566 0.006841021 -0.479226649 3.877204895
-0.489242196 0.050294917 0.870696545 37.155448914 0.031946033 0.998699307 -0.039738469 0.617407084 -0.871562719 0.008373564 -0.490212530 3.469665527
-0.499255657 0.052686330 0.864851415 37.848949432 0.032619324 0.998584807 -0.042003047 0.571232438 -0.865840495 0.007240608 -0.500267744 3.064486504
-0.510131657 0.051972661 0.858524621 38.537704468 0.026696749 0.998648524 -0.044592276 0.519520402 -0.859681964 0.000171886 -0.510829687 2.663526535
-0.521310449 0.050438050 0.851875246 39.237602234 0.025618773 0.998726845 -0.043455299 0.472668529 -0.852982461 -0.000829709 -0.521938920 2.244131088
-0.529747784 0.051763650 0.846574187 39.911033630 0.027795512 0.998659194 -0.043669693 0.427448153 -0.847699523 0.000397034 -0.530476272 1.811456680
-0.537130594 0.054866906 0.841712773 40.591117859 0.030779332 0.998492479 -0.045445051 0.379906535 -0.842937469 0.001497428 -0.538009703 1.376928329
-0.540371656 0.057708092 0.839445174 41.284782410 0.032353114 0.998332560 -0.047804389 0.330161095 -0.840804219 0.001326528 -0.541337669 0.923194885
-0.540103078 0.060020454 0.839455843 41.986038208 0.032100879 0.998197079 -0.050716732 0.282344818 -0.840986431 -0.000444987 -0.541056037 0.473411560
-0.536619127 0.060380582 0.841661394 42.712448120 0.034089752 0.998173535 -0.049874075 0.235538602 -0.843135655 0.001928649 -0.537697375 0.007898331
-0.531028688 0.059156291 0.845286250 43.448070526 0.032819118 0.998247445 -0.049243331 0.174073577 -0.846718013 0.001591929 -0.532039404 -0.444047928
-0.524138987 0.057560671 0.849685311 44.202053070 0.030297514 0.998341918 -0.048941802 0.124333978 -0.851093650 0.000091043 -0.525013924 -0.897056580
-0.516755641 0.057070423 0.854228735 44.973903656 0.028708590 0.998369634 -0.049333453 0.071970701 -0.855651498 -0.000969636 -0.517551482 -1.361562729
-0.511071444 0.055382855 0.857752144 45.765144348 0.025588268 0.998459995 -0.049221832 0.015864611 -0.859157264 -0.003207481 -0.511701524 -1.815189362
-0.506205440 0.053237680 0.860768139 46.579673767 0.021281416 0.998560011 -0.049244687 -0.037546992 -0.862150311 -0.006609567 -0.506609499 -2.297336578
-0.504873037 0.050602682 0.861709058 47.405155182 0.017078167 0.998670399 -0.048639499 -0.091353059 -0.863024712 -0.009840364 -0.505065918 -2.769739151
-0.505393386 0.048018340 0.861551940 48.238037109 0.014299165 0.998779356 -0.047278665 -0.151955962 -0.862770557 -0.011574851 -0.505463123 -3.244482040
-0.506431937 0.046965525 0.861000001 49.083156586 0.013281116 0.998821855 -0.046671569 -0.210782766 -0.862177730 -0.012200934 -0.506458998 -3.732507706
-0.506800115 0.046181876 0.860825598 49.948829651 0.012678350 0.998855293 -0.046122719 -0.263700247 -0.861970365 -0.012461150 -0.506805480 -4.240045547
-0.507083714 0.045674667 0.860685706 50.816871643 0.012905884 0.998885334 -0.045404945 -0.321331859 -0.861800194 -0.011916198 -0.507107913 -4.746696472
-0.507165372 0.044666421 0.860690475 51.696132660 0.012629784 0.998934031 -0.044398554 -0.379035354 -0.861756206 -0.011647073 -0.507188857 -5.259597778
-0.507189453 0.044510178 0.860684574 52.581047058 0.012643439 0.998942256 -0.044209562 -0.438102484 -0.861741841 -0.011540610 -0.507215798 -5.777484894
-0.507538140 0.042965993 0.860557437 53.478572845 0.010302358 0.998987138 -0.043801416 -0.494511247 -0.861567795 -0.013365117 -0.507466674 -6.300760269
-0.507652342 0.042025831 0.860536397 54.354103088 0.009470788 0.999021411 -0.043201942 -0.555384398 -0.861509919 -0.013781608 -0.507553637 -6.804208755
-0.507177830 0.041351438 0.860848784 55.247283936 0.008663448 0.999042392 -0.042885493 -0.618806839 -0.861797810 -0.014292658 -0.507050455 -7.322500229
-0.505606055 0.039839197 0.861844182 56.128372192 0.008427026 0.999113679 -0.041240785 -0.678612828 -0.862723291 -0.013588808 -0.505493701 -7.843942642
-0.503486753 0.037836798 0.863174081 57.014575958 0.008646045 0.999211311 -0.038756706 -0.737488031 -0.863959730 -0.012050448 -0.503416777 -8.356716156
-0.501097381 0.036196198 0.864633560 57.901462555 0.008976105 0.999288440 -0.036631178 -0.799091458 -0.865344346 -0.010594744 -0.501065791 -8.864763260
-0.498670191 0.036033459 0.866042495 58.788455963 0.009049945 0.999297500 -0.036366820 -0.853042722 -0.866744578 -0.010297414 -0.498646021 -9.370113373
-0.496702790 0.035887301 0.867178380 59.672176361 0.009272566 0.999307215 -0.036044173 -0.913531661 -0.867871106 -0.009862275 -0.496691525 -9.870870590
-0.495631039 0.036829185 0.867751956 60.554840088 0.009308768 0.999268413 -0.037094150 -0.965793848 -0.868483305 -0.010307315 -0.495611280 -10.378120422
-0.496422857 0.038383886 0.867231846 61.430095673 0.009082727 0.999196947 -0.039025530 -1.022778392 -0.868033290 -0.011496338 -0.496372849 -10.874671936
-0.499548376 0.039965291 0.865363657 62.302162170 0.007484955 0.999097109 -0.041820701 -1.083204150 -0.866253734 -0.014414252 -0.499396473 -11.366956711
-0.503857434 0.040486116 0.862837493 63.178016663 0.006129074 0.999043524 -0.043298088 -1.141311646 -0.863765061 -0.016527664 -0.503623605 -11.877265930
-0.509404480 0.039172277 0.859635174 64.040565491 0.007596295 0.999129117 -0.041027375 -1.200257659 -0.860493779 -0.014369481 -0.509258389 -12.384704590
-0.514721692 0.036717527 0.856570721 64.897132874 0.008656817 0.999254167 -0.037631787 -1.258962870 -0.857313693 -0.011954722 -0.514655590 -12.899501801
-0.520381093 0.034070499 0.853254318 65.763336182 0.005905582 0.999323428 -0.036301367 -1.320592880 -0.853913724 -0.013851585 -0.520230293 -13.409317017
-0.525588453 0.037407085 0.849916220 66.611343384 0.008708056 0.999217033 -0.038593158 -1.379022598 -0.850694418 -0.012882998 -0.525502741 -13.927518845
-0.530463934 0.039125368 0.846804142 67.447158813 0.008401643 0.999127924 -0.040900230 -1.427833915 -0.847665906 -0.014581542 -0.530330002 -14.448888779
-0.535374045 0.040021323 0.843666315 68.272140503 0.007339479 0.999059558 -0.042735267 -1.485580325 -0.844583094 -0.016687281 -0.535164237 -14.960927963
-0.538693666 0.040304530 0.841537237 69.075027466 0.006395275 0.999021888 -0.043753281 -1.544668674 -0.842477441 -0.018187756 -0.538424611 -15.480861664
-0.542220891 0.040110148 0.839278102 69.894317627 0.007682825 0.999054909 -0.042782545 -1.599563718 -0.840200841 -0.016749566 -0.542016745 -16.002286911
-0.544110179 0.033069372 0.838361859 70.708618164 0.008244917 0.999385476 -0.034069911 -1.649069309 -0.838973284 -0.011625561 -0.544048488 -16.534519196
-0.546586335 0.023334214 0.837077618 71.532943726 0.006332822 0.999698281 -0.023732260 -1.708104253 -0.837378800 -0.007670666 -0.546569169 -17.067817688
-0.548523903 0.022095250 0.835842907 72.348060608 0.007435893 0.999740183 -0.021547997 -1.748737693 -0.836101770 -0.005604354 -0.548545659 -17.594909668
-0.549350798 0.026768126 0.835163057 73.140235901 0.008016838 0.999609590 -0.026765574 -1.794485569 -0.835553408 -0.008008324 -0.549350739 -18.113340378
-0.551011503 0.032861076 0.833850384 73.941429138 0.009355894 0.999404848 -0.033202969 -1.838886738 -0.834445119 -0.010493800 -0.550990999 -18.628673553
-0.550603747 0.037022941 0.833945274 74.715362549 0.015718924 0.999298692 -0.033985533 -1.885688424 -0.834618628 -0.005603838 -0.550799608 -19.162969589
-0.550228834 0.038535766 0.834124207 75.505645752 0.019387024 0.999254763 -0.033376016 -1.935346723 -0.834788799 -0.002193261 -0.550565898 -19.697547913
-0.549860477 0.035138980 0.834517121 76.307861328 0.017517677 0.999380052 -0.030538518 -1.976340771 -0.835072875 -0.002173122 -0.550135136 -20.219129562
-0.549271703 0.030408300 0.835090339 77.100563049 0.015823761 0.999536991 -0.025988417 -2.012120724 -0.835493982 -0.001060430 -0.549498498 -20.739633560
-0.549339354 0.023054942 0.835281253 77.895523071 0.012909620 0.999734163 -0.019103806 -2.059851408 -0.835499644 0.000288691 -0.549490929 -21.233322144
-0.549322724 0.017649051 0.835423827 78.695693970 0.004583742 0.999825478 -0.018108195 -2.094284058 -0.835597694 -0.006117875 -0.549307823 -21.730169296
-0.547376931 0.012480534 0.836793125 79.491279602 -0.002856458 0.999855161 -0.016781071 -2.126085281 -0.836881280 -0.011575837 -0.547262013 -22.239028931
-0.545731962 0.012962515 0.837859571 80.283950806 0.000313327 0.999883413 -0.015265102 -2.164522886 -0.837959766 -0.008068130 -0.545672357 -22.745826721
-0.542007983 0.016654292 0.840208411 81.072219849 0.004419054 0.999846220 -0.016967902 -2.189237833 -0.840361714 -0.005483811 -0.541998327 -23.268840790
-0.536582768 0.019936128 0.843612194 81.861900330 0.006132574 0.999786675 -0.019726176 -2.215745926 -0.843825400 -0.005411211 -0.536590517 -23.771415710
-0.528819144 0.022022597 0.848448813 82.651016235 0.011287862 0.999757409 -0.018914538 -2.251526833 -0.848659515 -0.000425197 -0.528939426 -24.266033173
-0.520641267 0.025609808 0.853391349 83.453475952 0.018187897 0.999655962 -0.018902967 -2.284792185 -0.853581786 0.005679733 -0.520927787 -24.768051147
-0.511215448 0.024774592 0.859095454 84.255516052 0.016236132 0.999684572 -0.019167379 -2.316593647 -0.859299242 0.004149730 -0.511456370 -25.233434677
-0.500432432 0.022564072 0.865481615 85.063430786 0.014088005 0.999740124 -0.017918484 -2.345583916 -0.865661025 0.003225916 -0.500620246 -25.690340042
-0.488776654 0.019196091 0.872197807 85.868621826 0.014381986 0.999799311 -0.013944845 -2.379708052 -0.872290373 0.005728021 -0.488954633 -26.134630203
-0.477371007 0.018503070 0.878507018 86.680603027 0.013453917 0.999814928 -0.013747343 -2.405550480 -0.878598869 0.005256775 -0.477531642 -26.576236725
-0.466196418 0.017658930 0.884504974 87.522254944 0.013988358 0.999823034 -0.012588378 -2.431415081 -0.884570658 0.006504117 -0.466360927 -27.003852844
-0.453906715 0.018788144 0.890851140 88.342239380 0.014882821 0.999798119 -0.013502750 -2.457097292 -0.890924871 0.007129387 -0.454094678 -27.421800613
-0.441735864 0.022460429 0.896863997 89.160606384 0.014817689 0.999732852 -0.017738391 -2.495507717 -0.897022784 0.005453767 -0.441950649 -27.823230743
-0.430614173 0.031632639 0.901981592 89.983085632 0.017337536 0.999491036 -0.026775217 -2.528769732 -0.902369678 0.004108350 -0.430943489 -28.208108902
-0.417229831 0.036060881 0.908085406 90.832168579 0.016988674 0.999347329 -0.031879339 -2.566462755 -0.908642173 0.002126151 -0.417570204 -28.610744476
-0.405646741 0.032544810 0.913450301 91.673789978 0.014988323 0.999468386 -0.028953450 -2.607059956 -0.913906991 0.001946214 -0.405918956 -28.977432251
-0.394498467 0.028930333 0.918441057 92.527549744 0.013554963 0.999578774 -0.025663845 -2.650649786 -0.918796599 0.002325085 -0.394724429 -29.332008362
-0.384865016 0.028909527 0.922519982 93.370231628 0.008016671 0.999576330 -0.027979817 -2.685459375 -0.922937989 -0.003372915 -0.384933770 -29.674278259
-0.377756774 0.033114240 0.925312459 94.208511353 0.003134026 0.999400198 -0.034486163 -2.732566118 -0.925899565 -0.010127431 -0.377634048 -30.004558563
-0.373021215 0.038076192 0.927041173 95.053222656 -0.002527025 0.999112129 -0.042053167 -2.776516676 -0.927819312 -0.018029381 -0.372593850 -30.325836182
-0.369638443 0.040138204 0.928308368 95.900527954 -0.005174778 0.998962104 -0.045253653 -2.830672741 -0.929161251 -0.021531278 -0.369047016 -30.658689499
-0.365697831 0.039955877 0.929875612 96.739196777 -0.006073845 0.998954356 -0.045312829 -2.886309624 -0.930713832 -0.022218723 -0.365072787 -30.983478546
-0.361515135 0.039866112 0.931513548 97.568191528 -0.007788848 0.998921394 -0.045773789 -2.937856197 -0.932333708 -0.023803333 -0.360814720 -31.287113190
-0.355487883 0.035608176 0.934002340 98.418540955 -0.010123080 0.999068856 -0.041941699 -2.990884066 -0.934626162 -0.024364751 -0.354796410 -31.608869553
-0.350100011 0.032040443 0.936164320 99.269805908 -0.010095847 0.999227703 -0.037974384 -3.043078661 -0.936657906 -0.022746202 -0.349506170 -31.920574188
-0.344598532 0.029001459 0.938302100 100.108734131 -0.012285648 0.999297678 -0.035398740 -3.091967106 -0.938669801 -0.023726000 -0.344000161 -32.216556549
-0.338933647 0.027016221 0.940422297 100.970161438 -0.020725546 0.999130607 -0.036172379 -3.143488884 -0.940581918 -0.031750802 -0.338079035 -32.506576538
-0.332599819 0.027249485 0.942674339 101.819946289 -0.027310947 0.998884916 -0.038510345 -3.190804005 -0.942672670 -0.038553856 -0.331484646 -32.790920258
-0.325978935 0.031261258 0.944860041 102.662185669 -0.025103493 0.998814523 -0.041707139 -3.242930889 -0.945043743 -0.037314937 -0.324807733 -33.074890137
-0.319202214 0.034414299 0.947061598 103.512420654 -0.023623141 0.998740911 -0.044254288 -3.292431831 -0.947392285 -0.036498625 -0.317987382 -33.354873657
-0.312552869 0.032768697 0.949335039 104.375160217 -0.024899090 0.998778760 -0.042672995 -3.340816498 -0.949574053 -0.036975142 -0.311355293 -33.630908966
-0.305276632 0.027997857 0.951852024 105.222618103 -0.025965326 0.998951256 -0.037710801 -3.389130116 -0.951909781 -0.036227375 -0.304229498 -33.900932312
-0.298380494 0.025187688 0.954114497 106.083129883 -0.026738850 0.999038756 -0.034735691 -3.441461086 -0.954072356 -0.035876382 -0.297420204 -34.160972595
-0.291928619 0.028588489 0.956012726 106.942878723 -0.029110981 0.998824477 -0.038758077 -3.483205080 -0.955996990 -0.039145067 -0.290753275 -34.411380768
-0.285623431 0.031250123 0.957832277 107.797798157 -0.028644830 0.998743236 -0.041126702 -3.534234285 -0.957913756 -0.039183684 -0.284369320 -34.659042358
-0.278788805 0.031807818 0.959825575 108.653846741 -0.030940000 0.998635054 -0.042080693 -3.581590652 -0.959853888 -0.041428626 -0.277424127 -34.896949768
-0.271975517 0.031197511 0.961798370 109.516250610 -0.031089585 0.998667717 -0.041184891 -3.636299372 -0.961801827 -0.041103184 -0.270643204 -35.135490417
-0.263593525 0.031031117 0.964134514 110.376777649 -0.027067183 0.998851001 -0.039548624 -3.686836720 -0.964254022 -0.036521170 -0.262450695 -35.373100281
-0.256174982 0.032211564 0.966093540 111.231178284 -0.024219213 0.998916924 -0.039728072 -3.736442327 -0.966326892 -0.033575363 -0.255117387 -35.598171234
-0.249509305 0.032791600 0.967817068 112.096755981 -0.023090087 0.998941004 -0.039798904 -3.784616232 -0.968097210 -0.032277185 -0.248487890 -35.813892365
-0.242833391 0.031608187 0.969552994 112.964500427 -0.029155515 0.998779714 -0.039863266 -3.831784487 -0.969629765 -0.037947942 -0.241615549 -36.015178680
-0.237188041 0.029732967 0.971008658 113.830963135 -0.034084775 0.998661518 -0.038905591 -3.880393028 -0.970865607 -0.042324554 -0.235857129 -36.213386536
-0.232772127 0.029843219 0.972073317 114.706832886 -0.031603273 0.998769104 -0.038230501 -3.929157495 -0.972017765 -0.039619688 -0.231542468 -36.415950775
-0.228322297 0.029659025 0.973133743 115.574432373 -0.029992975 0.998847127 -0.037479844 -3.981973410 -0.973123550 -0.037744656 -0.227169499 -36.610023499
-0.223199666 0.031498671 0.974263668 116.447448730 -0.028737452 0.998830736 -0.038876567 -4.030018330 -0.974349082 -0.036675092 -0.222033516 -36.812789917
-0.217250615 0.030285867 0.975645900 117.299934387 -0.022810478 0.999088049 -0.036092848 -4.076704025 -0.975849450 -0.030096140 -0.216361642 -37.003452301
-0.212117493 0.029374450 0.976802588 118.176124573 -0.015788641 0.999314606 -0.033480011 -4.117875099 -0.977116704 -0.022524079 -0.211508319 -37.199138641
-0.207161635 0.028907293 0.977879524 119.042282104 -0.014188473 0.999369502 -0.032548357 -4.162049770 -0.978203833 -0.020617390 -0.206620887 -37.375930786
-0.202821285 0.030223031 0.978749216 119.919418335 -0.016083555 0.999285877 -0.034190103 -4.207340240 -0.979083657 -0.022676248 -0.202190369 -37.556430817
-0.199339584 0.031850010 0.979412735 120.795822144 -0.017678289 0.999192059 -0.036091287 -4.251872063 -0.979771137 -0.024508759 -0.198615447 -37.727279663
-0.197448760 0.031366963 0.979811251 121.665573120 -0.020419825 0.999139428 -0.036100667 -4.296302795 -0.980100572 -0.027135609 -0.196638331 -37.893424988
-0.196958140 0.030176468 0.979947329 122.536445618 -0.020660236 0.999176502 -0.034921072 -4.340913296 -0.980194211 -0.027123934 -0.196172506 -38.054832458
-0.195653006 0.025360521 0.980345249 123.408584595 -0.019570308 0.999365449 -0.029758319 -4.386285782 -0.980477929 -0.025007959 -0.195032552 -38.230819702
-0.194909588 0.020834640 0.980599880 124.287574768 -0.020449445 0.999470711 -0.025300235 -4.426026344 -0.980607986 -0.024983982 -0.194380373 -38.398517609
-0.194166765 0.019098489 0.980782568 125.156974792 -0.020002065 0.999525487 -0.023423295 -4.464221001 -0.980764627 -0.024165701 -0.193692654 -38.565498352
-0.192796588 0.023375154 0.980960250 126.009963989 -0.020462016 0.999403000 -0.027836200 -4.507453918 -0.981025398 -0.025439149 -0.192203194 -38.730152130
-0.192837149 0.027136549 0.980855405 126.891990662 -0.020114794 0.999298215 -0.031601377 -4.547597885 -0.981024683 -0.025823627 -0.192155942 -38.898609161
-0.192783564 0.026429350 0.980885327 127.721977234 -0.022978710 0.999241471 -0.031440191 -4.582920074 -0.980972230 -0.028600629 -0.192030028 -39.053798676
-0.192574963 0.025128186 0.980960488 128.573501587 -0.024928315 0.999224186 -0.030489767 -4.629446507 -0.980965614 -0.030325253 -0.191799164 -39.210174561
-0.191713884 0.026436739 0.981094718 129.413879395 -0.020336227 0.999315560 -0.030901581 -4.670131683 -0.981240094 -0.025876027 -0.191045091 -39.377212524
-0.190100536 0.028158896 0.981360793 130.266143799 -0.022262497 0.999207914 -0.032983493 -4.715672493 -0.981512129 -0.028117720 -0.189323083 -39.547546387
-0.190881759 0.029597845 0.981166720 131.103057861 -0.029407704 0.998924255 -0.035854660 -4.757948875 -0.981172442 -0.035697859 -0.189806044 -39.689201355
-0.189985499 0.030736038 0.981305599 131.938995361 -0.035352845 0.998647392 -0.038123693 -4.805209160 -0.981150270 -0.041934893 -0.188641936 -39.839569092
-0.189624131 0.034738477 0.981242001 132.764511108 -0.031619135 0.998639524 -0.041464765 -4.851585388 -0.981347561 -0.038888745 -0.188267753 -39.995353699
-0.189440995 0.035737585 0.981241643 133.580657959 -0.030043660 0.998658478 -0.042172238 -4.902284622 -0.981432378 -0.037469234 -0.188113213 -40.147834778
-0.187538490 0.036728803 0.981570363 134.400772095 -0.031405631 0.998565495 -0.043365087 -4.948644638 -0.981755078 -0.038959451 -0.186115980 -40.300132751
-0.185648620 0.036429308 0.981940687 135.228927612 -0.022283239 0.998899460 -0.041271400 -4.996696472 -0.982363522 -0.029542791 -0.184632510 -40.461387634
-0.181843549 0.033179104 0.982767582 136.046981812 -0.015958540 0.999199331 -0.036686704 -5.046732903 -0.983197987 -0.022354774 -0.181168512 -40.623535156
-0.179845288 0.028077576 0.983294129 136.861831665 -0.012615012 0.999444544 -0.030846041 -5.093535900 -0.983613968 -0.017951779 -0.179391205 -40.773990631
-0.176170751 0.027977245 0.983961940 137.673278809 -0.010397511 0.999487340 -0.030280281 -5.133553028 -0.984304845 -0.015565253 -0.175789535 -40.918319702
-0.171073616 0.032895833 0.984708965 138.474014282 -0.009182665 0.999345839 -0.034980111 -5.179263115 -0.985215425 -0.015026423 -0.170659661 -41.059471130
-0.164713025 0.035909981 0.985687733 139.269409180 -0.008775327 0.999244153 -0.037870266 -5.221337318 -0.986302495 -0.014887458 -0.164273396 -41.187263489
-0.156690821 0.036900457 0.986958146 140.067886353 -0.008610640 0.999212801 -0.038725667 -5.257208824 -0.987610221 -0.014566297 -0.156249747 -41.306594849
-0.147202387 0.032558873 0.988570392 140.866333008 -0.007352346 0.999394357 -0.034010161 -5.298027992 -0.989079058 -0.012274689 -0.146873906 -41.420783997
-0.135263652 0.031117890 0.990320921 141.659149170 -0.003768413 0.999483228 -0.031920508 -5.341107845 -0.990802526 -0.008049620 -0.135076508 -41.527973175
-0.121253863 0.033785187 0.992046416 142.451477051 0.000535446 0.999422610 -0.033970945 -5.379650593 -0.992621362 -0.003587921 -0.121201962 -41.627159119
-0.107119478 0.034874268 0.993634403 143.238586426 -0.000066873 0.999384344 -0.035083290 -5.418385983 -0.994246185 -0.003824552 -0.107051194 -41.707050323
-0.093359403 0.034845617 0.995022476 144.023101807 0.000589739 0.999389052 -0.034943201 -5.458164692 -0.995632410 -0.002675473 -0.093322925 -41.775737762
-0.079790272 0.036607094 0.996139288 144.803924561 0.001512879 0.999328732 -0.036603127 -5.500790119 -0.996810615 -0.001413536 -0.079792097 -41.833885193
-0.066262774 0.042656563 0.996889949 145.574554443 -0.001476524 0.999080479 -0.042848427 -5.551967621 -0.997801244 -0.004311187 -0.066138849 -41.874294281
-0.053444132 0.051861055 0.997223198 146.338302612 -0.008547219 0.998590112 -0.052390210 -5.596865654 -0.998534322 -0.011323435 -0.052925520 -41.899745941
-0.039896138 0.059745722 0.997416019 147.106552124 -0.012823271 0.998097956 -0.060299501 -5.645490646 -0.999121487 -0.015195854 -0.039054122 -41.915035248
-0.026695561 0.060520805 0.997809827 147.871276855 -0.013589656 0.998051465 -0.060899034 -5.696476936 -0.999551177 -0.015185628 -0.025821086 -41.927989960
-0.014576571 0.056851726 0.998276234 148.649200439 -0.017278839 0.998218834 -0.057100765 -5.750454903 -0.999744475 -0.018081386 -0.013568277 -41.932346344
-0.003886644 0.054115597 0.998527110 149.412353516 -0.021015014 0.998309672 -0.054185618 -5.810831070 -0.999771595 -0.021194665 -0.002742835 -41.921314240
0.004650660 0.060743235 0.998142600 150.168594360 -0.025217159 0.997843087 -0.060607508 -5.869800091 -0.999671161 -0.024888452 0.006172400 -41.902313232
0.011463452 0.068806499 0.997564197 150.914901733 -0.028421056 0.997249126 -0.068458162 -5.924068451 -0.999530256 -0.027567059 0.013387470 -41.883731842
0.014753541 0.071390338 0.997339308 151.664001465 -0.031034626 0.997000039 -0.070906974 -5.980538368 -0.999409437 -0.029905925 0.016924851 -41.868812561
0.014609477 0.066944078 0.997649729 152.418182373 -0.033463761 0.997230113 -0.066425875 -6.039893150 -0.999333203 -0.032414667 0.016809210 -41.849189758
0.012812419 0.062424764 0.997967422 153.176757812 -0.035125244 0.997461498 -0.061942160 -6.107416153 -0.999300897 -0.034260217 0.014972578 -41.833496094
0.009924363 0.059515763 0.998177946 153.926132202 -0.033502802 0.997686565 -0.059153356 -6.162523746 -0.999389350 -0.032854695 0.011895346 -41.824954987
0.007037770 0.060024094 0.998172104 154.672134399 -0.032213613 0.997692347 -0.059768118 -6.212029457 -0.999456286 -0.031734094 0.008955122 -41.816177368
0.003304552 0.060246889 0.998178184 155.416778564 -0.030940404 0.997711718 -0.060116313 -6.267626286 -0.999515772 -0.030685375 0.005161054 -41.813110352
-0.001368968 0.058895078 0.998263299 156.156707764 -0.031784661 0.997757196 -0.058908805 -6.323332787 -0.999493897 -0.031810097 0.000506063 -41.808330536
-0.007101672 0.059264798 0.998217106 156.891174316 -0.032588169 0.997698307 -0.059465833 -6.372721672 -0.999443650 -0.032952372 -0.005153995 -41.805408478
-0.012504240 0.057290915 0.998279154 157.646789551 -0.034084644 0.997752666 -0.057687629 -6.427350998 -0.999340713 -0.034747340 -0.010523396 -41.820083618
-0.018210847 0.054610237 0.998341680 158.383148193 -0.031935882 0.997966051 -0.055172227 -6.484605312 -0.999324024 -0.032887656 -0.016429780 -41.833980560
-0.023921823 0.054568902 0.998223424 159.124053955 -0.033098530 0.997918487 -0.055345424 -6.536592007 -0.999165773 -0.034363691 -0.022065878 -41.845577240
-0.029084025 0.056179728 0.997997046 159.850158691 -0.034837283 0.997755826 -0.057181392 -6.583517075 -0.998969793 -0.036430568 -0.027061606 -41.861518860
-0.032282598 0.058438726 0.997768879 160.587692261 -0.033950321 0.997649014 -0.059530161 -6.641977787 -0.998901963 -0.035796355 -0.030222686 -41.892448425
-0.034945954 0.060585406 0.997551143 161.306289673 -0.033885356 0.997515082 -0.061770283 -6.697143078 -0.998814583 -0.035960998 -0.032806158 -41.915977478
-0.036333181 0.062293444 0.997396350 162.021514893 -0.030855829 0.997509480 -0.063424535 -6.750463486 -0.998863280 -0.033079900 -0.034320574 -41.944526672
-0.035989963 0.061085835 0.997483432 162.747726440 -0.028016904 0.997676075 -0.062108502 -6.801905632 -0.998959243 -0.030181678 -0.034194887 -41.967071533
-0.030911550 0.056898724 0.997901261 163.478485107 -0.024636431 0.998031735 -0.057669315 -6.861916542 -0.999218464 -0.026367377 -0.029448928 -42.004779816
-0.023240227 0.056660786 0.998122931 164.180328369 -0.023897726 0.998075902 -0.057214547 -6.917782784 -0.999444246 -0.025182549 -0.021841450 -42.018795013
-0.012255566 0.057735555 0.998256743 164.875259399 -0.021440882 0.998086989 -0.057988971 -6.967636585 -0.999694943 -0.022114195 -0.010994224 -42.018543243
0.001857355 0.057690278 0.998332918 165.567825317 -0.019383902 0.998149037 -0.057643600 -7.018854618 -0.999810398 -0.019244520 0.002972180 -42.010799408
0.017281683 0.055394962 0.998314977 166.244995117 -0.020207047 0.998279452 -0.055043194 -7.068163872 -0.999646366 -0.019221760 0.018371316 -41.994411469
0.033336326 0.050471328 0.998169065 166.928268433 -0.025278058 0.998447239 -0.049641170 -7.115556717 -0.999124467 -0.023576915 0.034560375 -41.953945160
0.049639151 0.043661017 0.997812569 167.611877441 -0.026487336 0.998750150 -0.042384367 -7.159788609 -0.998415947 -0.024325470 0.050733574 -41.906520844
0.066654369 0.036764823 0.997098505 168.288497925 -0.026833173 0.999025524 -0.035042118 -7.194807529 -0.997415185 -0.024419606 0.067575932 -41.851814270
0.084252879 0.029534712 0.996006608 168.960372925 -0.027181335 0.999256730 -0.027331805 -7.227574348 -0.996073544 -0.024770003 0.084993050 -41.784622192
0.101263270 0.023940921 0.994571567 169.621734619 -0.029071830 0.999354661 -0.021096082 -7.258467197 -0.994434774 -0.026777754 0.101893924 -41.702621460
0.119085319 0.021198671 0.992657721 170.263000488 -0.030504063 0.999378145 -0.017682737 -7.291316032 -0.992415249 -0.028174335 0.119657896 -41.612998962
0.136786893 0.019739550 0.990403831 170.907424927 -0.029198876 0.999447286 -0.015887070 -7.314712524 -0.990170002 -0.026745537 0.137287647 -41.512695312
0.154239699 0.019367546 0.987843633 171.549392700 -0.030049246 0.999437273 -0.014903029 -7.332715034 -0.987576425 -0.027385315 0.154734880 -41.399005890
0.170210153 0.018569006 0.985232711 172.162078857 -0.035947468 0.999274075 -0.012623307 -7.354145527 -0.984751880 -0.033268008 0.170754075 -41.278533936
0.185111046 0.014913736 0.982604504 172.790908813 -0.038129624 0.999240935 -0.007983068 -7.373334408 -0.981977642 -0.035988588 0.185539231 -41.147472382
0.196601778 0.011238007 0.980419159 173.411529541 -0.034507155 0.999394178 -0.004535848 -7.388158798 -0.979875982 -0.032939713 0.196870446 -41.014205933
0.207578257 0.010085334 0.978166521 174.028762817 -0.032575659 0.999463499 -0.003391982 -7.403155804 -0.977675855 -0.031160323 0.207795486 -40.879714966
0.217436329 0.013908595 0.975975394 174.629776001 -0.037113816 0.999293208 -0.005972357 -7.421924591 -0.975368679 -0.034923565 0.217798844 -40.732566833
0.226627231 0.020824939 0.973758936 175.221801758 -0.040946648 0.999091208 -0.011837006 -7.440451622 -0.973120570 -0.037189581 0.227273971 -40.580039978
0.235506281 0.030681120 0.971388400 175.806152344 -0.040753920 0.998934269 -0.021670651 -7.459143639 -0.971018016 -0.034484308 0.236505643 -40.431072235
0.243822426 0.036065754 0.969149053 176.403121948 -0.035041958 0.998983383 -0.028360004 -7.480396271 -0.969186544 -0.027046075 0.244838372 -40.283596039
0.249861822 0.034125000 0.967680037 177.003585815 -0.035009470 0.999043763 -0.026191339 -7.499326706 -0.967648387 -0.027333748 0.250817597 -40.118305206
0.256016701 0.027009029 0.966294944 177.607543945 -0.038010318 0.999117851 -0.017855750 -7.512713909 -0.965924859 -0.032157809 0.256817430 -39.949668884
0.260319591 0.016733889 0.965377450 178.221817017 -0.042115483 0.999094963 -0.005961671 -7.531804562 -0.964603484 -0.039105397 0.260788679 -39.771324158
0.262181520 0.008666316 0.964979589 178.828002930 -0.042148203 0.999108434 0.002478698 -7.550621986 -0.964097619 -0.041322026 0.262313008 -39.598793030
0.263603449 0.007906326 0.964598656 179.433776855 -0.039081316 0.999232948 0.002489853 -7.566049099 -0.963839114 -0.038354121 0.263710231 -39.438735962
0.264432877 0.009971628 0.964352548 180.037063599 -0.035494898 0.999369681 -0.000600740 -7.574853420 -0.963750660 -0.034070734 0.264620125 -39.269569397
0.266196012 0.008792380 0.963878810 180.643554688 -0.030626180 0.999530673 -0.000659509 -7.584757328 -0.963432252 -0.029344367 0.266340315 -39.105049133
0.267625570 0.006450410 0.963501453 181.252822876 -0.032894187 0.999455810 0.002445687 -7.589259148 -0.962961316 -0.032348119 0.267692059 -38.924774170
0.270162523 0.003044001 0.962809920 181.861801147 -0.033270601 0.999427319 0.006175893 -7.594995975 -0.962239742 -0.033701759 0.270109057 -38.744052887
0.273670942 -0.001995306 0.961821318 182.477340698 -0.032611545 0.999403656 0.011352366 -7.604229927 -0.961270332 -0.034473296 0.273442626 -38.570896149
0.278884977 -0.005302968 0.960309923 183.106262207 -0.030157149 0.999443173 0.014277049 -7.607241631 -0.959850848 -0.032941855 0.278569758 -38.401557922
0.284574538 -0.007415589 0.958625197 183.709213257 -0.028683154 0.999456525 0.016246241 -7.606217384 -0.958224714 -0.032119662 0.284207165 -38.215122223
0.292163581 -0.010582104 0.956309855 184.328720093 -0.027250025 0.999440610 0.019384567 -7.605813026 -0.955980062 -0.031722933 0.291711807 -38.017940521
0.301790774 -0.012072837 0.953297734 184.946563721 -0.024852762 0.999480307 0.020525485 -7.602253914 -0.953050196 -0.029886479 0.301333934 -37.817276001
0.313094914 -0.010122373 0.949667871 185.559326172 -0.026201397 0.999470472 0.019291522 -7.607533455 -0.949360371 -0.030922703 0.312663913 -37.609176636
0.324608207 -0.006365291 0.945827127 186.174774170 -0.027374266 0.999495268 0.016121328 -7.604634285 -0.945452452 -0.031124443 0.324270099 -37.385772705
0.336712927 -0.003538545 0.941600621 186.792648315 -0.027731670 0.999521911 0.013672957 -7.602121353 -0.941198885 -0.030716022 0.336453855 -37.161026001
0.347971320 -0.003387180 0.937499046 187.400695801 -0.026733806 0.999551058 0.013534153 -7.602692604 -0.937123895 -0.029772418 0.347724557 -36.924194336
0.359864920 -0.006104551 0.932984412 188.024841309 -0.025947999 0.999526262 0.016548438 -7.597588539 -0.932643473 -0.030164279 0.359536111 -36.688720703
