1.000000000 0.000000000 0.000000000 0.000000000 0.000000000 1.000000000 0.000000000 0.000000000 0.000000000 0.000000000 1.000000000 0.000000000
0.999760270 -0.002827386 -0.021711932 -0.017457910 0.002836063 0.999995887 0.000368854 -0.003046770 0.021710802 -0.000430342 0.999764204 0.269977868
0.999051154 -0.004302810 -0.043338835 -0.046563670 0.004309302 0.999990702 0.000056352 -0.006251145 0.043338191 -0.000243059 0.999060452 0.544108093
0.997811854 -0.007242647 -0.065719672 -0.080140367 0.007293129 0.999973238 0.000528257 -0.011875272 0.065714091 -0.001006403 0.997837961 0.821770072
0.996014953 -0.009456300 -0.088683635 -0.128260255 0.009352515 0.999954939 -0.001585745 -0.006481972 0.088694640 0.000750011 0.996058524 1.101254582
0.993475258 -0.016833371 -0.112798914 -0.167550758 0.016539369 0.999856949 -0.003541745 -0.011244934 0.112842381 0.001653012 0.993611515 1.395150423
0.990626752 -0.023155756 -0.134619594 -0.217510089 0.022692781 0.999730110 -0.004972772 -0.013712166 0.134698406 0.001871269 0.990884840 1.696210504
0.987416863 -0.020718038 -0.156775624 -0.294230163 0.020520641 0.999785304 -0.002877769 -0.024143808 0.156801566 -0.000375578 0.987630010 1.994255900
0.983381569 -0.018211480 -0.180634633 -0.371728420 0.018117232 0.999833465 -0.002171756 -0.036163781 0.180644095 -0.001136935 0.983547866 2.292244911
0.978925407 -0.020823183 -0.203153268 -0.454279035 0.020394843 0.999783158 -0.004201931 -0.044642024 0.203196675 -0.000029902 0.979137957 2.601576567
0.974043667 -0.026579969 -0.224794164 -0.532983780 0.025421564 0.999644458 -0.008046490 -0.050972149 0.224928096 0.002123014 0.974373043 2.907810926
0.968636155 -0.033648010 -0.246194676 -0.618418753 0.031096974 0.999414861 -0.014243466 -0.052704431 0.246529892 0.006140826 0.969115734 3.226872683
0.963058710 -0.037581556 -0.266656280 -0.715178132 0.033572469 0.999244452 -0.019579139 -0.059355110 0.267190665 0.009903549 0.963592827 3.541801929
0.957937419 -0.040931683 -0.284043312 -0.826548696 0.035404056 0.999071062 -0.024569457 -0.065994307 0.284785151 0.013479719 0.958496571 3.851666212
0.952245891 -0.042053636 -0.302422464 -0.946383119 0.035292484 0.998990595 -0.027789170 -0.075979412 0.303285807 0.015788885 0.952768803 4.177042961
0.945516646 -0.047608502 -0.322074026 -1.064717412 0.039837275 0.998735011 -0.030680755 -0.084573604 0.323127270 0.016178615 0.946217239 4.521414280
0.938543260 -0.055842534 -0.340614408 -1.193132877 0.047702152 0.998341441 -0.032234058 -0.098864898 0.341849446 0.014005026 0.939650416 4.871671677
0.930394828 -0.065587662 -0.360643387 -1.326000452 0.057253931 0.997788846 -0.033755995 -0.111038007 0.362059951 0.010758158 0.932092726 5.221261978
0.921943128 -0.071004085 -0.380761474 -1.485287905 0.062031791 0.997431815 -0.035801850 -0.134368718 0.382325709 0.009387956 0.923980057 5.579128265
0.912809670 -0.076221101 -0.401209205 -1.646932125 0.066098377 0.997049332 -0.039034389 -0.148119748 0.403000653 0.009111687 0.915154397 5.944128990
0.903422773 -0.078556001 -0.421492934 -1.818016291 0.067355812 0.996868730 -0.041422430 -0.178120792 0.423427105 0.009031968 0.905885160 6.281406879
0.893292665 -0.081669994 -0.441993743 -2.012991905 0.067968972 0.996590197 -0.046777461 -0.205495328 0.444306970 0.011744098 0.895797670 6.644134521
0.883004189 -0.080830723 -0.462352753 -2.228624821 0.063303776 0.996568561 -0.053326931 -0.227173954 0.465076566 0.017819224 0.885091126 7.005744934
0.871109068 -0.084382765 -0.483785570 -2.454756737 0.063314721 0.996203125 -0.059754469 -0.254388720 0.486990929 0.021421911 0.873144329 7.377379894
0.857884169 -0.093847558 -0.505200386 -2.672590256 0.069376446 0.995332241 -0.067087345 -0.290587723 0.509138107 0.022504171 0.860390604 7.742484093
0.844446719 -0.103468001 -0.525551021 -2.902136803 0.075398713 0.994358003 -0.074615054 -0.320844173 0.530306101 0.023382559 0.847483814 8.116313934
0.831377029 -0.108414881 -0.545030653 -3.171795607 0.076393209 0.993770182 -0.081147626 -0.356147170 0.550432682 0.025827641 0.834479928 8.495827675
0.819146633 -0.109266989 -0.563080251 -3.459721565 0.073493853 0.993589997 -0.085892439 -0.398119569 0.568855941 0.028975561 0.821926594 8.895244598
0.809046268 -0.105690464 -0.578164041 -3.764931679 0.066129908 0.993821740 -0.089136153 -0.445783854 0.584012747 0.033881348 0.811037123 9.289358139
0.800179958 -0.104306713 -0.590620220 -4.098778248 0.061917722 0.993865848 -0.091635123 -0.501707733 0.596555293 0.036754735 0.801729918 9.705588341
0.791135848 -0.106070943 -0.602372766 -4.424941063 0.061317917 0.993640780 -0.094435856 -0.552758217 0.608559072 0.037775356 0.792608798 10.115698814
0.782300830 -0.109463587 -0.613207161 -4.779674053 0.063121609 0.993301570 -0.096786626 -0.605394900 0.619694293 0.037009645 0.783970177 10.552984238
0.772282422 -0.114033870 -0.624960959 -5.150942326 0.067022733 0.992892623 -0.098346815 -0.668975055 0.631734014 0.034064930 0.774436414 11.008474350
0.762726784 -0.114030480 -0.636588514 -5.539835930 0.065962568 0.992916107 -0.098825656 -0.730979919 0.643348157 0.033385970 0.764845490 11.458407402
0.753932178 -0.114286922 -0.646934927 -5.960747719 0.062997073 0.992790878 -0.101969257 -0.798358798 0.653924882 0.036122896 0.755696714 11.915925980
0.743619919 -0.117671974 -0.658166230 -6.385509491 0.062498331 0.992314279 -0.106800668 -0.869394898 0.665675223 0.038284820 0.745258868 12.402742386
0.733531892 -0.122106142 -0.668596268 -6.835180283 0.064780310 0.991811275 -0.110063165 -0.938866615 0.676560760 0.037422974 0.735435247 12.886871338
0.723950922 -0.124045916 -0.678607225 -7.307962418 0.064614438 0.991568923 -0.112321809 -1.015563011 0.686818719 0.037467647 0.725862324 13.378129959
0.715496898 -0.124369293 -0.687456489 -7.793023109 0.063456818 0.991528392 -0.113334462 -1.100868702 0.695727944 0.037466649 0.717327535 13.882292747
0.708535731 -0.128008753 -0.693967521 -8.305309296 0.065210640 0.991078913 -0.116234101 -1.192003846 0.702655554 0.037101936 0.710562170 14.411454201
0.705160737 -0.131886378 -0.696673810 -8.822793961 0.065337628 0.990454853 -0.121368080 -1.280727863 0.706030726 0.040064987 0.707046866 14.906749725
0.703957558 -0.132587001 -0.697756648 -9.329624176 0.060409188 0.990038395 -0.127180055 -1.374977589 0.707668364 0.047378425 0.704954386 15.434357643
0.705557823 -0.131325528 -0.696377575 -9.884642601 0.055308953 0.989886105 -0.130638421 -1.472544193 0.706490636 0.053657040 0.705685437 15.969341278
0.708194792 -0.132774442 -0.693419814 -10.439526558 0.056277201 0.989648342 -0.132019296 -1.578128576 0.703770518 0.054471664 0.708335996 16.523817062
0.711318135 -0.132638857 -0.690241575 -10.994463921 0.055544160 0.989569426 -0.132918388 -1.690294981 0.700672030 0.056208387 0.711265981 17.097503662
0.715102613 -0.129532769 -0.686913073 -11.563673973 0.051801808 0.989798784 -0.132720977 -1.802297115 0.697097421 0.059325781 0.714517832 17.677431107
0.720176339 -0.125919491 -0.682268500 -12.143360138 0.048633549 0.990135252 -0.131403685 -1.917976618 0.692084491 0.061452679 0.719195843 18.252349854
0.723993003 -0.120891385 -0.679131269 -12.729974747 0.043213841 0.990538180 -0.130256131 -2.044524431 0.688452363 0.064956643 0.722366869 18.895677567
0.729564369 -0.118397489 -0.673585773 -13.323400497 0.041342437 0.990734875 -0.129365161 -2.161017418 0.682661533 0.066532522 0.727699637 19.519506454
0.734348714 -0.116417542 -0.668714345 -13.919904709 0.039246492 0.990816295 -0.129394248 -2.280296087 0.677636683 0.068775788 0.732173800 20.151813507
0.737817526 -0.115633465 -0.665021956 -14.511726379 0.039676696 0.990943372 -0.128284574 -2.399997234 0.673833132 0.068264723 0.735723376 20.815855026
0.741195261 -0.115696490 -0.661244333 -15.105123520 0.041940514 0.991092622 -0.126397818 -2.520010233 0.669978201 0.065952517 0.739445508 21.475645065
0.743185341 -0.115544036 -0.659033597 -15.704756737 0.041624580 0.991052747 -0.126815185 -2.640029907 0.667789578 0.066815175 0.741345346 22.147033691
0.745382071 -0.117968395 -0.656116664 -16.304882050 0.041254614 0.990494430 -0.131221414 -2.764756680 0.665359795 0.070742242 0.743163407 22.809513092
0.747532248 -0.115842462 -0.654045999 -16.921293259 0.035689808 0.990257084 -0.134599909 -2.885755062 0.663266003 0.077275023 0.744383514 23.479394913
0.749380052 -0.113328218 -0.652369797 -17.537200928 0.033866253 0.990514755 -0.133167684 -3.014968395 0.661273539 0.077699892 0.746110022 24.178750992
0.751267970 -0.114441462 -0.649999559 -18.169506073 0.037243653 0.990633667 -0.131368712 -3.146153450 0.658945620 0.074484743 0.748493731 24.895933151
0.752949834 -0.111840308 -0.648504555 -18.811052322 0.035212528 0.990888000 -0.130003661 -3.276251078 0.657135129 0.075050749 0.750027299 25.624069214
0.754005373 -0.116185017 -0.646511495 -19.451108932 0.039415509 0.990462124 -0.132027626 -3.411186218 0.655684710 0.074066944 0.751393139 26.361824036
0.754442811 -0.119895637 -0.645322442 -20.089326859 0.043920916 0.990193009 -0.132622063 -3.549842596 0.654894650 0.071712621 0.752309978 27.115264893
0.754855812 -0.121399418 -0.644557893 -20.747112274 0.045095827 0.990002036 -0.133649498 -3.689109802 0.654338717 0.071819223 0.752783418 27.883430481
0.755586684 -0.117516607 -0.644421101 -21.430488586 0.042302463 0.990476310 -0.131023377 -3.828044176 0.653681278 0.071738899 0.753361881 28.654418945
0.756148517 -0.113852806 -0.644419849 -22.101819992 0.040788878 0.991034210 -0.127230033 -3.967026711 0.653127611 0.069919653 0.754012942 29.428930283
0.756311059 -0.109470576 -0.644988179 -22.779491425 0.037142970 0.991495490 -0.124727800 -4.104414463 0.653156996 0.070376247 0.753945112 30.203298569
0.756221652 -0.107983574 -0.645343602 -23.450315475 0.035766222 0.991635382 -0.124016345 -4.247704029 0.653337300 0.070702329 0.753758192 30.966602325
0.754706740 -0.110219367 -0.646737456 -24.108997345 0.038667221 0.991545975 -0.123860389 -4.392953396 0.654921770 0.068470724 0.752588272 31.727685928
0.752132475 -0.111161180 -0.649569035 -24.761962891 0.039981779 0.991552472 -0.123390347 -4.534635544 0.657797992 0.066834956 0.750223219 32.494449615
0.749340236 -0.108475350 -0.653239727 -25.419614792 0.038981549 0.992006660 -0.120013833 -4.669138908 0.661036789 0.064466894 0.747579038 33.234943390
0.746666908 -0.107901454 -0.656388402 -26.075393677 0.037947271 0.992058694 -0.119914651 -4.806051731 0.664114892 0.064628154 0.744831979 33.977764130
0.745267153 -0.106961340 -0.658130825 -26.730869293 0.035969526 0.992061496 -0.120500818 -4.945653915 0.665795088 0.066132642 0.743198097 34.716304779
0.744571447 -0.105400018 -0.659169436 -27.385122299 0.033255495 0.992086887 -0.121068865 -5.077260971 0.666713953 0.068223424 0.742184699 35.440261841
0.744076431 -0.100739002 -0.660455823 -28.031810760 0.029416403 0.992547810 -0.118251987 -5.213234425 0.667446494 0.068560272 0.741494834 36.158157349
0.744238734 -0.099293031 -0.660491943 -28.667415619 0.029226435 0.992782295 -0.116314687 -5.349022865 0.667273939 0.067262068 0.741769016 36.855529785
0.744593918 -0.099147953 -0.660113335 -29.294696808 0.030419679 0.992920160 -0.114822254 -5.474931717 0.666824222 0.065415502 0.742338359 37.565208435
0.745648921 -0.098799422 -0.658973813 -29.908527374 0.031041456 0.993023276 -0.113758892 -5.596155167 0.665615618 0.064368665 0.743513703 38.248439789
0.746057749 -0.099188283 -0.658452332 -30.501127243 0.033410374 0.993174076 -0.111754730 -5.716975689 0.665042460 0.061376363 0.744279206 38.917724609
0.745718241 -0.102463968 -0.658335447 -31.075582504 0.036948547 0.992942989 -0.112689793 -5.829637051 0.665236294 0.059710287 0.744241536 39.566875458
0.745328724 -0.103699066 -0.658583164 -31.634437561 0.038886666 0.992909431 -0.112332746 -5.937013626 0.665562332 0.058114715 0.744076371 40.192096710
0.744794846 -0.102268688 -0.659410298 -32.166309357 0.038341902 0.993112147 -0.110716268 -6.049078465 0.666191041 0.057177853 0.743585885 40.788059235
0.743968666 -0.100376233 -0.660632432 -32.674072266 0.037456024 0.993363261 -0.108750261 -6.156569958 0.667163789 0.056162123 0.742790759 41.354255676
0.743274510 -0.102772720 -0.661045313 -33.150371552 0.040687352 0.993244827 -0.108671211 -6.252070904 0.667748094 0.053876348 0.742434978 41.884948730
0.742885828 -0.103356719 -0.661390960 -33.611469269 0.038785990 0.992994666 -0.111611895 -6.340648174 0.668293595 0.057262190 0.741690397 42.390636444
0.742427111 -0.102393270 -0.662055612 -34.049346924 0.036633607 0.992977023 -0.112492643 -6.432937622 0.668924451 0.059264120 0.740964234 42.871791840
0.742033899 -0.100376323 -0.662804842 -34.484775543 0.032635067 0.992962956 -0.113839917 -6.520784378 0.669567466 0.062842384 0.740087986 43.337852478
0.741081774 -0.102947585 -0.663475335 -34.898624420 0.033434033 0.992607534 -0.116672285 -6.604392052 0.670581758 0.064281054 0.739045382 43.796287537
0.739761710 -0.104735896 -0.664667606 -35.301925659 0.035191230 0.992481709 -0.117224522 -6.687738895 0.671948016 0.063327752 0.737885714 44.246910095
0.739635348 -0.103113070 -0.665061891 -35.694412231 0.034625247 0.992714822 -0.115405515 -6.763454914 0.672116637 0.062330067 0.737817228 44.673473358
0.739669919 -0.098808497 -0.665676594 -36.119445801 0.030025050 0.993022919 -0.114035055 -6.846559048 0.672299743 0.064361334 0.737475872 45.126087189
0.739505351 -0.096536152 -0.666192710 -36.512279510 0.027466958 0.993166447 -0.113427438 -6.923745155 0.672590077 0.065581903 0.737103462 45.541614532
0.739315808 -0.096851930 -0.666357338 -36.898689270 0.027321566 0.993101537 -0.114029780 -6.993600845 0.672804475 0.066098072 0.736861765 45.962024689
0.740212977 -0.094771333 -0.665659964 -37.280574799 0.025592061 0.993270397 -0.112955548 -7.068505764 0.671885252 0.066575542 0.737657011 46.367786407
0.741142154 -0.093411960 -0.664817750 -37.650733948 0.024624644 0.993388772 -0.112127028 -7.143271446 0.670896471 0.066731155 0.738542438 46.771972656
0.741657019 -0.089741550 -0.664749205 -38.017501831 0.023378426 0.993866205 -0.108089395 -7.216584682 0.670371830 0.064624451 0.739205837 47.183616638
0.742202759 -0.086829513 -0.664526641 -38.380771637 0.024088673 0.994386911 -0.103025913 -7.278958797 0.669742227 0.060458548 0.740128458 47.576286316
0.742305696 -0.085456498 -0.664589703 -38.730983734 0.026654862 0.994814932 -0.098146826 -7.349672318 0.669531047 0.055140398 0.740734577 47.975025177
0.742812157 -0.079739615 -0.664734364 -39.083644867 0.020369602 0.995113969 -0.096608870 -7.410311222 0.669189930 0.058221873 0.740806997 48.352626801
0.743919849 -0.074539080 -0.664098859 -39.442871094 0.014298165 0.995307744 -0.095697574 -7.474521637 0.668115973 0.061695911 0.741494894 48.722904205
0.743809581 -0.075150974 -0.664153278 -39.790390015 0.013632258 0.995157957 -0.097337909 -7.536214828 0.668252647 0.063346960 0.741232514 49.105781555
0.742493510 -0.082104020 -0.664802492 -40.131599426 0.018440420 0.994589150 -0.102237701 -7.587316990 0.669599473 0.063651584 0.739989996 49.501045227
0.741757751 -0.087170005 -0.664978862 -40.467483521 0.024817590 0.994405806 -0.102670513 -7.649744987 0.670208633 0.059653468 0.739771485 49.896892548
0.744589806 -0.083100900 -0.662329376 -40.839649200 0.021438314 0.994685829 -0.100699954 -7.708588600 0.667178035 0.060780931 0.742414474 50.285053253
0.747470856 -0.076148450 -0.659915686 -41.214164734 0.014957706 0.995085657 -0.097881876 -7.764839172 0.664126158 0.063293040 0.744936526 50.683906555
0.750583947 -0.071287416 -0.656918406 -41.579895020 0.013815353 0.995639145 -0.092259489 -7.822427750 0.660630584 0.060172949 0.748295665 51.092597961
0.754935443 -0.070291229 -0.652021170 -41.938972473 0.018396305 0.996117830 -0.086086661 -7.883579254 0.655541003 0.052995078 0.753297806 51.513984680
0.758562922 -0.071069427 -0.647712409 -42.290191650 0.022153931 0.996272504 -0.083369344 -7.940155983 0.651223063 0.048891526 0.757309854 51.946327209
0.761414826 -0.074833944 -0.643931150 -42.650691986 0.027231244 0.996130228 -0.083564974 -7.996738434 0.647692740 0.046092562 0.760506153 52.383350372
0.764457762 -0.078708060 -0.639851034 -43.015087128 0.032037579 0.995930851 -0.084232770 -8.050232887 0.643877208 0.043893117 0.763868809 52.824356079
0.768369079 -0.078039363 -0.635231197 -43.389839172 0.033013538 0.996049523 -0.082433745 -8.103108406 0.639154792 0.042368326 0.767910123 53.273685455
0.771634221 -0.078131631 -0.631249487 -43.763114929 0.033496015 0.996041477 -0.082337745 -8.153977394 0.635183871 0.042390294 0.771196842 53.734146118
0.774872005 -0.077544399 -0.627343774 -44.149528503 0.032486770 0.996020794 -0.082989171 -8.216529846 0.631282806 0.043925609 0.774307787 54.201133728
0.777634025 -0.079774030 -0.623635590 -44.533779144 0.034723721 0.995853066 -0.084088944 -8.273289680 0.627757490 0.043735478 0.777179360 54.676990509
0.779460967 -0.083990015 -0.620794773 -44.913707733 0.039235417 0.995571196 -0.085431688 -8.330987930 0.625220716 0.042233534 0.779304385 55.166446686
0.780880392 -0.085530132 -0.618797600 -45.307659149 0.041560438 0.995500803 -0.085151576 -8.386434555 0.623296559 0.040775701 0.780921757 55.658847809
0.781916976 -0.083749011 -0.617731273 -45.712219238 0.041663490 0.995739639 -0.082260385 -8.448455811 0.621988714 0.038583942 0.782074988 56.181701660
0.782817304 -0.081249930 -0.616924226 -46.118247986 0.042253468 0.996091068 -0.077571258 -8.510252953 0.620815456 0.034656927 0.783190370 56.694950104
0.783252597 -0.080457717 -0.616475344 -46.532192230 0.044006504 0.996278226 -0.074114978 -8.572627068 0.620144129 0.030921832 0.783878148 57.212558746
0.783309877 -0.080102541 -0.616448879 -46.949054718 0.044264045 0.996333063 -0.073219925 -8.628803253 0.620053470 0.030067384 0.783983171 57.737159729
0.782610357 -0.080932654 -0.617228448 -47.369743347 0.045272168 0.996286750 -0.073233269 -8.684516907 0.620863497 0.029369853 0.783368349 58.264713287
0.780630946 -0.081398249 -0.619668841 -47.790187836 0.045862984 0.996270120 -0.073091567 -8.748631477 0.623307109 0.028637690 0.781452537 58.798007965
0.778207183 -0.083731748 -0.622400582 -48.229995728 0.047344837 0.996073604 -0.074805312 -8.804614067 0.626220405 0.028746581 0.779115915 59.330718994
0.774342895 -0.085024416 -0.627027810 -48.656333923 0.049182754 0.996020734 -0.074321665 -8.865993500 0.630851865 0.026711494 0.775443375 59.869262695
0.770325422 -0.084127791 -0.632076919 -49.101314545 0.049282700 0.996148407 -0.072522871 -8.921699524 0.635743678 0.024715751 0.771504462 60.405696869
0.766452312 -0.078848340 -0.637443125 -49.559417725 0.046766508 0.996652961 -0.067049339 -8.983392715 0.640596390 0.021579126 0.767574430 60.935863495
0.761823773 -0.074854508 -0.643444896 -50.020652771 0.044805482 0.997011185 -0.062937632 -9.048448563 0.646232903 0.019117529 0.762900710 61.462436676
0.755053461 -0.076523416 -0.651182175 -50.463340759 0.047337115 0.996936321 -0.062266611 -9.110128403 0.653952003 0.016189540 0.756362736 61.980983734
0.747256398 -0.079396360 -0.659775734 -50.907535553 0.049818505 0.996736228 -0.063521616 -9.166625977 0.662665844 0.014597896 0.748772860 62.479358673
0.738527834 -0.082182318 -0.669195592 -51.367092133 0.049527802 0.996474504 -0.067715526 -9.219671249 0.672401428 0.016866000 0.739994526 62.974990845
0.728800058 -0.081010498 -0.679917514 -51.836540222 0.046306841 0.996534526 -0.069098584 -9.281579018 0.683158994 0.018874219 0.730025768 63.462135315
0.718438864 -0.080926672 -0.690866530 -52.320602417 0.045685567 0.996554375 -0.069225460 -9.334866524 0.694088280 0.018171625 0.719660521 63.933963776
0.706986785 -0.078075439 -0.702903926 -52.808284760 0.045220263 0.996844351 -0.065242104 -9.389172554 0.705779612 0.014339803 0.708286345 64.409530640
0.695633769 -0.073100425 -0.714667678 -53.295082092 0.042989668 0.997262537 -0.060161155 -9.449680328 0.717109084 0.011126818 0.696872115 64.864776611
0.684070051 -0.068695523 -0.726174355 -53.776924133 0.039861783 0.997588277 -0.056820534 -9.499734879 0.728326440 0.009922614 0.685158551 65.309341431
0.671542645 -0.066674970 -0.737959981 -54.282836914 0.036765084 0.997714758 -0.056687757 -9.549488068 0.740053296 0.010937084 0.672459304 65.743598938
0.657951236 -0.070695139 -0.749734879 -54.786136627 0.038676485 0.997442186 -0.060110681 -9.597923279 0.752066672 0.010552796 0.659002602 66.169311523
0.645207226 -0.073392466 -0.760474265 -55.305644989 0.036680810 0.997203231 -0.065117881 -9.651189804 0.763126493 0.014119729 0.646094859 66.586059570
0.633875191 -0.075616583 -0.769730091 -55.826316833 0.034453880 0.996982038 -0.069568418 -9.700743675 0.772667646 0.017577499 0.634567320 66.990440369
0.624508619 -0.072188139 -0.777674675 -56.345462799 0.027611686 0.997137606 -0.070386454 -9.759131432 0.780529737 0.022484045 0.624714255 67.393058777
0.617291689 -0.066549398 -0.783914506 -56.873077393 0.023550168 0.997532368 -0.066139683 -9.807632446 0.786381781 0.022366166 0.617335856 67.804138184
0.614557326 -0.056812420 -0.786823750 -57.423583984 0.018181903 0.998158514 -0.057870612 -9.854082108 0.788662553 0.021258857 0.614458621 68.206665039
0.615123749 -0.051501043 -0.786746621 -57.972190857 0.017964913 0.998520792 -0.051317923 -9.908243179 0.788225770 0.017433045 0.615139186 68.626602173
0.617494106 -0.050447900 -0.784955978 -58.501472473 0.016929952 0.998562455 -0.050857909 -9.960029602 0.786393225 0.018115206 0.617460430 69.043815613
0.623023152 -0.052935123 -0.780410111 -59.045173645 0.015736656 0.998353839 -0.055155195 -10.013698578 0.782045066 0.022081919 0.622830570 69.467567444
0.630470991 -0.056921091 -0.774122953 -59.583827972 0.017481223 0.998095870 -0.059152491 -10.061334610 0.776015937 0.023761310 0.630265534 69.913581848
0.640329421 -0.057088457 -0.765976071 -60.113529205 0.017500170 0.998059630 -0.059756193 -10.106143951 0.767901003 0.024858931 0.640085936 70.360313416
0.651973486 -0.055343367 -0.756219327 -60.642269135 0.018759536 0.998204827 -0.056879379 -10.158962250 0.758009672 0.022897519 0.651841342 70.818717957
0.663503051 -0.053862717 -0.746232271 -61.167518616 0.021956528 0.998377383 -0.052540079 -10.208818436 0.747851253 0.018475832 0.663609087 71.297813416
0.675115943 -0.054054666 -0.735728621 -61.680522919 0.025383096 0.998423398 -0.050063182 -10.252277374 0.737274766 0.015123376 0.675423563 71.776115417
0.686481595 -0.053684838 -0.725162864 -62.221450806 0.029115058 0.998500466 -0.046358399 -10.289115906 0.726564169 0.010711029 0.687015235 72.288528442
0.698282003 -0.048944384 -0.714147568 -62.720344543 0.029432962 0.998779058 -0.039672654 -10.333579063 0.715217412 0.006683227 0.698870182 72.787322998
0.709225476 -0.041326571 -0.703769326 -63.245803833 0.027484788 0.999142230 -0.030973505 -10.368268967 0.704445720 0.002624252 0.709753036 73.315246582
0.718887627 -0.039651450 -0.693994343 -63.761882782 0.031878807 0.999201894 -0.024067232 -10.403318405 0.694394827 -0.004822075 0.719578028 73.857986450
0.725825906 -0.039393026 -0.686749518 -64.273666382 0.035351973 0.999175727 -0.019950764 -10.433191299 0.686969459 -0.009797169 0.726620257 74.411575317
0.731041014 -0.043477952 -0.680946887 -64.783706665 0.040363804 0.998975635 -0.020450678 -10.459859848 0.681138635 -0.012535324 0.732047141 74.972610474
0.735276997 -0.044027369 -0.676335156 -65.299736023 0.040296838 0.998962343 -0.021220764 -10.479237556 0.676567614 -0.011651030 0.736288249 75.523757935
0.738399327 -0.039982729 -0.673177481 -65.826354980 0.039734654 0.999086082 -0.015755355 -10.498191833 0.673192084 -0.015114727 0.739313185 76.099746704
0.741022229 -0.032549873 -0.670691133 -66.368415833 0.038131326 0.999252439 -0.006365634 -10.520761490 0.670396924 -0.020857271 0.741709471 76.684333801
0.743525147 -0.031249776 -0.667977452 -66.905014038 0.042771365 0.999084473 0.000868909 -10.540400505 0.667338789 -0.029216358 0.744181037 77.279129028
0.745267153 -0.032887448 -0.665954530 -67.440582275 0.044573814 0.999005973 0.000547541 -10.555601120 0.665274441 -0.030092195 0.745992124 77.888900757
0.748218477 -0.035368953 -0.662508905 -67.978263855 0.046421252 0.998921573 -0.000901993 -10.564031601 0.661826432 -0.030079613 0.749053419 78.495048523
0.750993967 -0.033199422 -0.659473956 -68.529609680 0.045933653 0.998942494 0.002019158 -10.570638657 0.658709466 -0.031808421 0.751724720 79.110015869
0.753935516 -0.027803807 -0.656359792 -69.087409973 0.045610733 0.998908460 0.010076940 -10.577346802 0.655363142 -0.037534412 0.754380763 79.741874695
0.757202208 -0.020301126 -0.652864933 -69.637733459 0.044774313 0.998778999 0.020872425 -10.580873489 0.651643991 -0.045036219 0.757186711 80.381866455
0.761019766 -0.016421493 -0.648520887 -70.195373535 0.042695452 0.998780012 0.024811262 -10.576012611 0.647322237 -0.046570756 0.760792434 81.026893616
0.765435815 -0.016706344 -0.643295288 -70.752098083 0.043894131 0.998690069 0.026292253 -10.571618080 0.642013371 -0.048361912 0.765166581 81.672637939
0.769344151 -0.014954839 -0.638659298 -71.300476074 0.042596500 0.998701930 0.027927164 -10.555074692 0.637412786 -0.048690252 0.768982708 82.330070496
0.773607850 -0.011426130 -0.633561552 -71.850509644 0.041310277 0.998619854 0.032431878 -10.540979385 0.632316709 -0.051262163 0.773012221 82.998321533
0.777244747 -0.009909660 -0.629120350 -72.405059814 0.044000611 0.998284221 0.038635828 -10.525062561 0.627658010 -0.057711177 0.776347220 83.673995972
0.780414879 -0.012191124 -0.625143111 -72.941650391 0.048012335 0.998026371 0.040474709 -10.510320663 0.623415828 -0.061601657 0.779460013 84.361358643
0.783661246 -0.016566724 -0.620967448 -73.472335815 0.052186005 0.997866273 0.039236803 -10.485467911 0.618992448 -0.063154168 0.782853723 85.042083740
0.786267281 -0.017742572 -0.617631614 -74.014358521 0.053372327 0.997801721 0.039281275 -10.462487221 0.615576923 -0.063850023 0.785485923 85.737274170
0.788311839 -0.016777854 -0.615047216 -74.570037842 0.053636823 0.997696400 0.041530684 -10.442895889 0.612933576 -0.065728299 0.787395895 86.444168091
0.789645255 -0.012928694 -0.613427281 -75.120117188 0.053412117 0.997430921 0.047733702 -10.422677994 0.611234248 -0.070457146 0.788307369 87.146202087
0.790803969 -0.010406651 -0.611981034 -75.668838501 0.053643305 0.997186422 0.052361049 -10.391228676 0.609714270 -0.074236013 0.789137185 87.848030090
0.791529775 -0.012784171 -0.610996902 -76.220306396 0.057100989 0.996954620 0.053113032 -10.363523483 0.608457148 -0.076929070 0.789849222 88.561355591
0.791482806 -0.014183242 -0.611026764 -76.776191711 0.058268402 0.996928155 0.052336127 -10.336648941 0.608407497 -0.077026702 0.789878011 89.274963379
0.790979087 -0.015390778 -0.611649454 -77.338233948 0.058136396 0.997051120 0.050092883 -10.295726776 0.609074831 -0.075181529 0.789541364 89.995407104
0.789980233 -0.015969688 -0.612924278 -77.887832642 0.061318133 0.996706784 0.053062055 -10.264978409 0.610058427 -0.079501346 0.788357913 90.705162048
0.788492680 -0.015619274 -0.614845872 -78.452629089 0.065443546 0.996132851 0.058621000 -10.231738091 0.611552477 -0.086459935 0.786465585 91.430328369
0.786366403 -0.014717598 -0.617585003 -79.029479980 0.068106793 0.995687485 0.062991753 -10.191551208 0.613994479 -0.091596335 0.783977509 92.156669617
0.783750534 -0.015588256 -0.620880127 -79.610786438 0.071067668 0.995369732 0.064719833 -10.150383949 0.616996288 -0.094848707 0.781229317 92.881744385
0.780092537 -0.017530905 -0.625418484 -80.186309814 0.073644623 0.995231330 0.063960873 -10.102773666 0.621314824 -0.095954075 0.777663648 93.609237671
0.775630116 -0.019575905 -0.630884111 -80.784812927 0.077253424 0.994948328 0.064105377 -10.056385040 0.626442313 -0.098460004 0.773224294 94.344657898
0.770558238 -0.016647594 -0.637152135 -81.399658203 0.077298202 0.994720936 0.067492604 -10.011820793 0.632664979 -0.101257697 0.767777205 95.077041626
0.766027927 -0.016029757 -0.642607391 -82.026145935 0.077931799 0.994630933 0.068088613 -9.969734192 0.638065636 -0.102237336 0.763164341 95.809135437
0.760765493 -0.018373648 -0.648766696 -82.651000977 0.082087480 0.994295835 0.068099178 -9.913144112 0.643814802 -0.105063111 0.757934213 96.554588318
0.756351471 -0.015662007 -0.653977990 -83.294639587 0.080538258 0.994337320 0.069332466 -9.863633156 0.649188757 -0.105109975 0.753329694 97.285507202
0.752014399 -0.014018538 -0.658997536 -83.951805115 0.081281014 0.994115651 0.071606405 -9.814773560 0.654115915 -0.107413054 0.748728812 98.026649475
0.747443914 -0.018375561 -0.664070785 -84.598976135 0.087813027 0.993578792 0.071344405 -9.766502380 0.658495665 -0.111639991 0.744258046 98.759963989
0.742962539 -0.021744790 -0.668979764 -85.264770508 0.089897588 0.993658304 0.067541130 -9.711129189 0.663268507 -0.110320188 0.740205646 99.500358582
0.739623845 -0.025266144 -0.672546148 -85.934196472 0.092497043 0.993628621 0.064393900 -9.656469345 0.666634142 -0.109835789 0.737248361 100.234367371
0.736926258 -0.026487930 -0.675453961 -86.630401611 0.093234949 0.993664563 0.062753603 -9.610959053 0.669512391 -0.109220684 0.734727144 100.980636597
0.734859347 -0.027312512 -0.677669287 -87.324867249 0.096348017 0.993259013 0.064447142 -9.571522713 0.671341002 -0.112651683 0.732537210 101.734054565
0.732673407 -0.028492346 -0.679983675 -88.026153564 0.102164701 0.992406428 0.068497807 -9.516384125 0.672868371 -0.119656861 0.730020702 102.498237610
0.730347574 -0.030191058 -0.682408214 -88.729843140 0.105459549 0.992028356 0.068978839 -9.470626831 0.674885750 -0.122344971 0.727709413 103.266365051
0.728896618 -0.033072203 -0.683824420 -89.454750061 0.103670925 0.992646217 0.062496141 -9.421517372 0.676728845 -0.116445966 0.726965129 104.018516541
0.728638649 -0.035226062 -0.683991849 -90.166725159 0.101121262 0.993264616 0.056568015 -9.372562408 0.677392185 -0.110383764 0.727293074 104.766525269
0.729496956 -0.032120351 -0.683229387 -90.896629333 0.097459041 0.993586004 0.057347883 -9.330461502 0.677004933 -0.108421996 0.727948427 105.525466919
0.730023265 -0.025379933 -0.682950914 -91.632286072 0.091576517 0.993930876 0.060951807 -9.286083221 0.677259028 -0.107038505 0.727916777 106.293266296
0.731001377 -0.022745706 -0.681996763 -92.372024536 0.090086825 0.993913233 0.063411362 -9.246104240 0.676403224 -0.107792713 0.728601038 107.075935364
0.732191384 -0.025976298 -0.680603266 -93.095603943 0.093465574 0.993650854 0.062625788 -9.201042175 0.674655318 -0.109467052 0.729970574 107.858192444
0.733287334 -0.031606473 -0.679183841 -93.825508118 0.092655569 0.994245350 0.053768318 -9.158014297 0.673575878 -0.102357805 0.731996119 108.642456055
0.734230876 -0.035117112 -0.677991033 -94.563011169 0.088181116 0.995134234 0.043952003 -9.120426178 0.673148692 -0.092056923 0.733755112 109.432052612
0.735857844 -0.039136499 -0.676004112 -95.314788818 0.088534929 0.995318949 0.038750973 -9.095098495 0.671323180 -0.088365197 0.735878229 110.228736877
0.737217665 -0.039617620 -0.674492776 -96.041969299 0.088526927 0.995337248 0.038296502 -9.071514130 0.669830561 -0.087943628 0.737287521 111.025848389
0.738577843 -0.041882303 -0.672866046 -96.788520813 0.091953523 0.994999170 0.039000284 -9.044761658 0.667867780 -0.090677150 0.738735616 111.847679138
0.738768458 -0.044806771 -0.672468185 -97.529830933 0.097040221 0.994462371 0.040346302 -9.021264076 0.666936576 -0.095063031 0.739025533 112.676719666
0.739758193 -0.050749484 -0.670956194 -98.285354614 0.100476176 0.994303346 0.035572659 -8.998565674 0.665328801 -0.093730293 0.740643263 113.491432190
0.740384698 -0.054760676 -0.669948995 -99.028472900 0.101123869 0.994406998 0.030474221 -8.978492737 0.664533257 -0.090310492 0.741781414 114.313377380
0.741107047 -0.052237757 -0.669351518 -99.777366638 0.098262675 0.994672358 0.031170070 -8.966504097 0.664157093 -0.088872626 0.742291629 115.134490967
0.742049694 -0.047835492 -0.668635905 -100.529739380 0.095508493 0.994819343 0.034823727 -8.951858521 0.663506091 -0.089701355 0.742774129 115.955642700
0.742520571 -0.045908399 -0.668248296 -101.286376953 0.092834100 0.995073497 0.034790963 -8.932741165 0.663358867 -0.087869212 0.743124366 116.784027100
0.743291855 -0.041062530 -0.667706013 -102.041885376 0.088331640 0.995399296 0.037115980 -8.909791946 0.663110077 -0.086567566 0.743499279 117.614913940
0.743827939 -0.039664239 -0.667193174 -102.784805298 0.088295713 0.995320082 0.039266292 -8.892915726 0.662513316 -0.088117659 0.743849039 118.436523438
0.743841290 -0.042876072 -0.666979671 -103.527359009 0.089166686 0.995385528 0.035454791 -8.872570038 0.662381768 -0.085845083 0.744231939 119.263168335
0.743795097 -0.048314516 -0.666659296 -104.280937195 0.089912415 0.995551348 0.028165570 -8.859363556 0.662332714 -0.080890357 0.744830251 120.102081299
0.743801236 -0.052858867 -0.666307509 -105.036483765 0.090947263 0.995600581 0.022542717 -8.845508575 0.662184417 -0.077366143 0.745336294 120.945571899
0.743508220 -0.053644415 -0.666571796 -105.800132751 0.092833892 0.995405614 0.023440557 -8.837896347 0.662251770 -0.079308711 0.745072186 121.798637390
0.743586063 -0.051730085 -0.666636169 -106.564781189 0.089747474 0.995702565 0.022841828 -8.836210251 0.662589788 -0.076813772 0.745033205 122.643836975
0.744206965 -0.054845214 -0.665693581 -107.323364258 0.087597899 0.996029556 0.015868440 -8.835524559 0.662180185 -0.070122764 0.746056437 123.479362488
0.744502187 -0.060541637 -0.664869308 -108.073883057 0.086192332 0.996261656 0.005798230 -8.844542503 0.662032783 -0.061623439 0.746937156 124.314117432
0.745159924 -0.064757913 -0.663734198 -108.837554932 0.085910060 0.996302605 -0.000755943 -8.849295616 0.661329091 -0.056458153 0.747968137 125.162780762
0.745903313 -0.065378591 -0.662837684 -109.597450256 0.087982275 0.996121824 0.000756176 -8.866754532 0.660217643 -0.058882006 0.748762727 126.011886597
0.745885253 -0.068173580 -0.662576497 -110.348976135 0.094196804 0.995547116 0.003607133 -8.877607346 0.659380198 -0.065103091 0.748985529 126.869010925
0.745803833 -0.069581978 -0.662521541 -111.096923828 0.097436212 0.995228350 0.005159619 -8.893467903 0.659001350 -0.068401657 0.749024987 127.727127075
0.745664060 -0.073847525 -0.662217200 -111.833061218 0.101815037 0.994796395 0.003709614 -8.914733887 0.658497393 -0.070189804 0.749302745 128.576278687
0.746735275 -0.074042000 -0.660987258 -112.588180542 0.099399574 0.995047271 0.000831926 -8.932779312 0.657652080 -0.066323094 0.750396550 129.424697876
0.747794867 -0.072945505 -0.659910560 -113.346244812 0.095334962 0.995443165 -0.002003481 -8.957867622 0.657049656 -0.061414361 0.751341462 130.272994995
0.748725355 -0.068916716 -0.659288108 -114.076438904 0.091158591 0.995836198 -0.000571847 -8.976462364 0.656582355 -0.059671622 0.751890182 131.105316162
0.749660730 -0.063936561 -0.658726811 -114.825485229 0.089846678 0.995939910 0.005582807 -8.998233795 0.655695319 -0.063369624 0.752361536 131.952301025
0.751431942 -0.062686712 -0.656826019 -115.567535400 0.090883054 0.995821476 0.008933364 -9.014040947 0.653521419 -0.066407174 0.753989339 132.791107178
0.753510177 -0.063327946 -0.654379010 -116.313865662 0.089415133 0.995972693 0.006574627 -9.025227547 0.651327312 -0.063465431 0.756138027 133.646408081
0.755198658 -0.068687491 -0.651887357 -117.049957275 0.092473090 0.995712698 0.002212866 -9.035156250 0.648940444 -0.061953168 0.758312643 134.496887207
0.756472051 -0.071984969 -0.650052428 -117.789093018 0.094305798 0.995543122 -0.000499101 -9.049590111 0.647191167 -0.060926151 0.759889126 135.360336304
0.757649124 -0.073250517 -0.648538470 -118.505096436 0.096457638 0.995337069 0.000265347 -9.079813957 0.645494938 -0.062757529 0.761181831 136.209182739
0.759290040 -0.072373196 -0.646715343 -119.235504150 0.095837697 0.995396316 0.001126611 -9.099431038 0.643656552 -0.062835120 0.762730658 137.062774658
0.761990249 -0.069726214 -0.643823862 -119.964813232 0.093285181 0.995636106 0.002579044 -9.120193481 0.640834510 -0.062024426 0.765169263 137.917037964
0.764806688 -0.066694938 -0.640798390 -120.694152832 0.092025392 0.995737433 0.006196952 -9.137543678 0.637653589 -0.063709192 0.767684221 138.775817871
0.766343474 -0.063811451 -0.639253974 -121.426330566 0.090186849 0.995886922 0.008705674 -9.145234108 0.636069179 -0.064323850 0.768946409 139.653961182
0.767889857 -0.067628004 -0.637002110 -122.140342712 0.093770407 0.995566785 0.007342444 -9.158587456 0.633681536 -0.065370142 0.770827055 140.517517090
0.769134164 -0.068904147 -0.635362029 -122.845085144 0.092228048 0.995731115 0.003660465 -9.176196098 0.632397532 -0.061413579 0.772205770 141.376922607
0.770438850 -0.072258048 -0.633405685 -123.551658630 0.093005046 0.995665491 -0.000458064 -9.191069603 0.630693257 -0.058557011 0.773819804 142.228912354
0.770571470 -0.072977491 -0.633161783 -124.258171082 0.093859509 0.995585263 -0.000521002 -9.206407547 0.630404592 -0.059026770 0.774019301 143.086425781
0.770940602 -0.070681050 -0.632972896 -124.960296631 0.092277490 0.995732665 0.001202330 -9.229781151 0.630186796 -0.059336077 0.774173021 143.943008423
0.770713985 -0.070578232 -0.633260369 -125.643173218 0.092078887 0.995751023 0.001086640 -9.250966072 0.630493045 -0.059147391 0.773938060 144.772842407
0.770354271 -0.067656733 -0.634016573 -126.337417603 0.089469850 0.995986581 0.002426239 -9.268427849 0.631307721 -0.058594428 0.773315609 145.608078003
0.769905031 -0.066944785 -0.634637356 -127.022254944 0.089572303 0.995973766 0.003603526 -9.287900925 0.631840885 -0.059620310 0.772801578 146.435623169
0.768901348 -0.065484531 -0.636005104 -127.696563721 0.089203417 0.995999277 0.005292524 -9.306387901 0.633114040 -0.060803261 0.771666706 147.252441406
0.767179191 -0.066696323 -0.637955844 -128.357482910 0.088602133 0.996064186 0.002413803 -9.326323509 0.635284007 -0.058376063 0.770069122 148.046569824
0.765646279 -0.069466986 -0.639499843 -129.032241821 0.089047857 0.996026099 -0.001582120 -9.344202042 0.637068450 -0.055734746 0.768789589 148.843795776
0.763718665 -0.072527073 -0.641462147 -129.679397583 0.090046473 0.995922863 -0.005395820 -9.366137505 0.639238179 -0.053640507 0.767135739 149.629928589
0.762520492 -0.071971931 -0.642948329 -130.349151611 0.088701412 0.996038258 -0.006299357 -9.390215874 0.640854478 -0.052227035 0.765883625 150.415557861
0.761677504 -0.069855765 -0.644179702 -131.019989014 0.086121991 0.996265352 -0.006205851 -9.420616150 0.642207444 -0.050751168 0.764848948 151.198638916
0.760833979 -0.069724530 -0.645190001 -131.683288574 0.085246943 0.996334195 -0.007145425 -9.446063995 0.643323123 -0.049564000 0.763988733 151.973083496
0.759852469 -0.070462227 -0.646265805 -132.347930908 0.085683562 0.996291280 -0.007882268 -9.479010582 0.644424379 -0.049384996 0.763071775 152.752731323
0.759575307 -0.070408963 -0.646597147 -133.016571045 0.086326994 0.996241748 -0.007071625 -9.505990028 0.644665062 -0.050447356 0.762798905 153.526092529
0.759121537 -0.070468672 -0.647123396 -133.690963745 0.086358480 0.996238232 -0.007181013 -9.523983002 0.645195127 -0.050433330 0.762351453 154.323715210
0.760110378 -0.070688173 -0.645937681 -134.359451294 0.087192565 0.996170759 -0.006411656 -9.551023483 0.643917501 -0.051447395 0.763363242 155.109176636
0.762090266 -0.067706987 -0.643920898 -135.016418457 0.083455011 0.996493399 -0.006008959 -9.576702118 0.642069757 -0.049159065 0.765068412 155.885742188
0.764439344 -0.065320939 -0.641377985 -135.686050415 0.081761479 0.996643603 -0.004053781 -9.607305527 0.639490128 -0.049341146 0.767214358 156.672058105
0.765543580 -0.069352865 -0.639635205 -136.314056396 0.083755508 0.996455789 -0.007799084 -9.623581886 0.637909114 -0.047602430 0.768639028 157.451705933
0.766944468 -0.077642150 -0.636999190 -136.955551147 0.089868382 0.995866358 -0.013182361 -9.645949364 0.635389447 -0.047135938 0.770751774 158.236770630
0.768330932 -0.083669476 -0.634560466 -137.591079712 0.092984177 0.995492399 -0.018673901 -9.684177399 0.633262575 -0.044656344 0.772647619 159.021835327
0.769698501 -0.087573551 -0.632372558 -138.231262207 0.096814208 0.995102167 -0.019967463 -9.720775604 0.631023943 -0.045853723 0.774407029 159.811843872
0.770747781 -0.089071713 -0.630883515 -138.863052368 0.100472137 0.994782388 -0.017702602 -9.754805565 0.629168630 -0.049741972 0.775675595 160.601638794
