1.000000000 0.000000000 0.000000000 0.000000000 0.000000000 1.000000000 0.000000000 0.000000000 0.000000000 0.000000000 1.000000000 0.000000000
0.999967694 0.000140917 -0.008040432 0.359690964 -0.000133894 0.999999523 0.000873946 -0.056607231 0.008040550 -0.000872841 0.999967277 1.578747272
0.999899685 0.001723816 -0.014059441 0.312167913 -0.001675396 0.999992609 0.003455036 -0.095151365 0.014065295 -0.003431135 0.999895215 3.971484423
0.999796033 0.002713995 -0.020014420 0.262323499 -0.002609387 0.999982834 0.005250867 -0.124617070 0.020028327 -0.005197571 0.999785900 6.378124237
0.999667346 0.002832263 -0.025634659 0.199559078 -0.002709354 0.999984682 0.004828104 -0.149917290 0.025647938 -0.004757045 0.999659657 8.782717705
0.999514818 0.002189653 -0.031069959 0.127186567 -0.002079500 0.999991417 0.003577216 -0.174735129 0.031077528 -0.003510870 0.999510825 11.203387260
0.999343872 0.001836818 -0.036172975 0.032895535 -0.001745779 0.999995232 0.002548175 -0.215894476 0.036177482 -0.002483353 0.999342322 13.628499985
0.999142706 0.002045297 -0.041344639 -0.075971246 -0.001960232 0.999995887 0.002097874 -0.252984524 0.041348755 -0.002015031 0.999142766 16.055217743
0.998904824 0.003011948 -0.046691559 -0.191653788 -0.002934672 0.999994218 0.001723500 -0.284926832 0.046696480 -0.001584588 0.998907864 18.512495041
0.998655140 0.005136867 -0.051588446 -0.324512362 -0.005091551 0.999986529 0.001009779 -0.329288930 0.051592939 -0.000745756 0.998667836 20.958127975
0.998356760 0.006592236 -0.056923658 -0.470113218 -0.006625998 0.999977887 -0.000404368 -0.372221142 0.056919739 0.000780880 0.998378456 23.426353455
0.998035669 0.007962747 -0.062140103 -0.632293403 -0.008014668 0.999967694 -0.000586334 -0.417186677 0.062133420 0.001083214 0.998067260 25.864778519
0.997673869 0.009269495 -0.067534395 -0.797193527 -0.009263991 0.999957025 0.000394702 -0.459228754 0.067535155 0.000231854 0.997716784 28.237524033
0.997292280 0.009958734 -0.072862394 -0.984327078 -0.009817046 0.999949157 0.002302464 -0.506936550 0.072881617 -0.001580936 0.997339368 30.632562637
0.996909916 0.009730754 -0.077948079 -1.187192440 -0.009479657 0.999948621 0.003590728 -0.547056675 0.077979021 -0.002840711 0.996950865 33.014896393
0.996482670 0.007536475 -0.083459653 -1.386952162 -0.007231380 0.999966025 0.003957295 -0.581445992 0.083486646 -0.003339847 0.996503294 35.422748566
0.995962799 0.005693109 -0.089585595 -1.595757723 -0.005284169 0.999974430 0.004801307 -0.619297743 0.089610659 -0.004308538 0.995967567 37.825363159
0.995516419 0.004494319 -0.094481885 -1.826445341 -0.003941056 0.999974132 0.006041532 -0.652189136 0.094506577 -0.005642087 0.995508254 40.187408447
0.994985759 0.002583185 -0.099983603 -2.078204632 -0.002046939 0.999982953 0.005465559 -0.687270939 0.099996001 -0.005233493 0.994974077 42.588115692
0.994444609 0.003541026 -0.105201490 -2.341404200 -0.003163527 0.999987960 0.003754993 -0.728899717 0.105213538 -0.003401325 0.994443834 44.961746216
0.993907869 0.003462177 -0.110159680 -2.613306761 -0.003246247 0.999992371 0.002139451 -0.769716680 0.110166274 -0.001768812 0.993911624 47.353103638
0.993338168 0.004556136 -0.115145430 -2.893648624 -0.004387593 0.999988914 0.001717148 -0.813360989 0.115152009 -0.001200497 0.993347168 49.725032806
0.992823124 0.006131478 -0.119434722 -3.179335356 -0.005898209 0.999980092 0.002306505 -0.848377585 0.119446471 -0.001585500 0.992839396 52.032608032
0.992374480 0.006451606 -0.123090409 -3.475385427 -0.006016484 0.999974191 0.003906350 -0.880551577 0.123112455 -0.003135990 0.992387772 54.374061584
0.991876900 0.006730599 -0.127023324 -3.778497696 -0.006145333 0.999968648 0.004998876 -0.917533457 0.127052948 -0.004177670 0.991887152 56.755596161
0.991448522 0.006257418 -0.130348191 -4.092764854 -0.005795542 0.999975502 0.003922441 -0.955558598 0.130369529 -0.003133459 0.991460443 59.111911774
0.990956545 0.005977490 -0.134050071 -4.420572281 -0.005531078 0.999977767 0.003702347 -1.001643062 0.134069234 -0.002927424 0.990967631 61.455081940
0.990485609 0.004591582 -0.137539625 -4.748793125 -0.004083671 0.999983907 0.003974776 -1.036970019 0.137555644 -0.003375293 0.990488291 63.763145447
0.989968240 0.002549503 -0.141266629 -5.088759422 -0.001851143 0.999985397 0.005074748 -1.072002530 0.141277522 -0.004762335 0.989958584 66.111862183
0.989386797 0.000406993 -0.145305231 -5.420053482 0.000370329 0.999985754 0.005322490 -1.113141537 0.145305291 -0.005319812 0.989372551 68.434707642
0.988842130 -0.000595153 -0.148966238 -5.787192822 0.001099430 0.999993861 0.003302850 -1.148221493 0.148963362 -0.003429775 0.988836765 70.773666382
0.988318801 -0.000902516 -0.152397856 -6.149815083 0.001284190 0.999996424 0.002406054 -1.189801812 0.152395114 -0.002573657 0.988316298 73.099693298
0.987758279 -0.001492197 -0.155984595 -6.517286301 0.002005651 0.999993086 0.003134364 -1.225545049 0.155978858 -0.003408845 0.987754524 75.402427673
0.987267196 -0.001037664 -0.159066841 -6.907723904 0.001827879 0.999986708 0.004821594 -1.274570823 0.159059674 -0.005050958 0.987256050 77.686180115
0.986683786 -0.002030897 -0.162637591 -7.279950142 0.002995323 0.999979377 0.005684915 -1.313302875 0.162622705 -0.006096366 0.986669421 79.953948975
0.986132920 -0.003112676 -0.165928155 -7.676280022 0.004031827 0.999978483 0.005202910 -1.349633455 0.165908381 -0.005799755 0.986124039 82.282226562
0.985682189 -0.003777291 -0.168571621 -8.080476761 0.004402679 0.999984741 0.003336321 -1.385436535 0.168556452 -0.004030719 0.985683739 84.561531067
0.985254765 -0.003971795 -0.171047106 -8.490158081 0.004101756 0.999991417 0.000406398 -1.425190210 0.171044022 -0.001101999 0.985262752 86.833534241
0.984822989 -0.004775017 -0.173495635 -8.904724121 0.004887684 0.999988019 0.000222156 -1.472328544 0.173492476 -0.001066776 0.984834611 89.106674194
0.984368622 -0.007541271 -0.175959021 -9.316568375 0.008099312 0.999964118 0.002453464 -1.513612032 0.175934255 -0.003840260 0.984394431 91.379257202
0.983817279 -0.011345599 -0.178814963 -9.733451843 0.012156893 0.999920189 0.003441918 -1.554955482 0.178761676 -0.005560054 0.983876705 93.650161743
0.983255804 -0.015440550 -0.181575328 -10.161359787 0.015888667 0.999873281 0.001013530 -1.589022398 0.181536674 -0.003881549 0.983376443 95.943901062
0.982730627 -0.016907331 -0.184268013 -10.592088699 0.016771769 0.999856710 -0.002294359 -1.629881144 0.184280396 -0.000835763 0.982873380 98.190902710
0.982427239 -0.014476814 -0.186083734 -11.032282829 0.014117179 0.999895036 -0.003257629 -1.684504509 0.186111361 0.000573406 0.982528508 100.420921326
0.982077062 -0.009874368 -0.188221067 -11.486457825 0.009602678 0.999951124 -0.002355296 -1.739267230 0.188235104 0.000505656 0.982123792 102.673721313
0.981925607 -0.004832428 -0.189205721 -11.942466736 0.004588462 0.999987960 -0.001727442 -1.781061888 0.189211771 0.000828057 0.981936097 104.917465210
0.981645405 -0.000528391 -0.190714136 -12.394525528 0.000440407 0.999999762 -0.000503722 -1.830627084 0.190714359 0.000410485 0.981645405 107.138320923
0.981343865 0.002248384 -0.192247286 -12.855017662 -0.002223786 0.999997497 0.000343718 -1.863566637 0.192247525 0.000090211 0.981346607 109.343719482
0.980997860 0.002476055 -0.194003463 -13.306874275 -0.002461236 0.999996841 0.000317420 -1.911049247 0.194003686 0.000166100 0.981000781 111.557655334
0.980631173 0.001105489 -0.195860326 -13.767606735 -0.000847702 0.999998808 0.001399999 -1.953009963 0.195861578 -0.001206852 0.980630815 113.810668945
0.980300069 -0.001550883 -0.197507799 -14.229329109 0.002138406 0.999993920 0.002761439 -1.989960432 0.197502315 -0.003129390 0.980297446 116.033798218
0.979984283 -0.004849425 -0.199015453 -14.687853813 0.005583107 0.999979675 0.003125553 -2.027083874 0.198996246 -0.004174119 0.979991376 118.251258850
0.979768395 -0.007166351 -0.200006410 -15.152260780 0.007685498 0.999968827 0.001819342 -2.069477320 0.199987099 -0.003319683 0.979792893 120.438606262
0.979605615 -0.009050220 -0.200725645 -15.614081383 0.009296887 0.999956667 0.000286232 -2.112248898 0.200714350 -0.002146518 0.979647458 122.641441345
0.979623735 -0.010942728 -0.200543150 -16.065677643 0.011007014 0.999939024 -0.000794499 -2.156112432 0.200539649 -0.001429072 0.979684472 124.828269958
0.979651928 -0.013028599 -0.200280666 -16.537534714 0.013214459 0.999912620 -0.000408867 -2.199491978 0.200268462 -0.002246053 0.979738474 127.044189453
0.979874194 -0.014956218 -0.199054882 -16.996643066 0.015522211 0.999878705 0.001283115 -2.245464563 0.199011579 -0.004347064 0.979987502 129.249755859
0.980102479 -0.017545447 -0.197715163 -17.451112747 0.018520124 0.999823868 0.003081541 -2.281522512 0.197626218 -0.006681936 0.980254591 131.472991943
0.980386496 -0.021312248 -0.195928946 -17.910419464 0.022525467 0.999738336 0.003965681 -2.318235397 0.195793167 -0.008301290 0.980610073 133.677856445
0.980685174 -0.025670251 -0.193900615 -18.360876083 0.026864789 0.999632835 0.003533146 -2.343922615 0.193738729 -0.008674006 0.981014729 135.853561401
0.981133461 -0.029759420 -0.191027507 -18.805402756 0.030852176 0.999520183 0.002748088 -2.382493496 0.190854102 -0.008589855 0.981580853 138.054901123
0.981656015 -0.033144116 -0.187757656 -19.234203339 0.033949330 0.999422967 0.001073677 -2.422001123 0.187613726 -0.007428231 0.982214808 140.239425659
0.982253134 -0.035796031 -0.184112534 -19.662534714 0.036393762 0.999337435 -0.000132714 -2.467522144 0.183995306 -0.006570188 0.982905149 142.427124023
0.982879043 -0.036986057 -0.180501416 -20.083734512 0.037418585 0.999299169 -0.001009352 -2.506449938 0.180412248 -0.005762038 0.983574212 144.610641479
0.983415306 -0.038071260 -0.177326664 -20.491714478 0.038328789 0.999263167 -0.001974256 -2.551064491 0.177271158 -0.004855201 0.984150052 146.785797119
0.983762562 -0.039932948 -0.174976036 -20.898113251 0.039861783 0.999197483 -0.003922666 -2.607585907 0.174992263 -0.003115884 0.984564900 148.977676392
0.983872771 -0.041720938 -0.173936084 -21.282609940 0.041499104 0.999126375 -0.004913636 -2.662400723 0.173989162 -0.002383799 0.984744608 151.175964355
0.984129369 -0.042860243 -0.172198236 -21.683101654 0.042808332 0.999075234 -0.004016682 -2.718837261 0.172211125 -0.003418583 0.985054135 153.325515747
0.984321535 -0.043873366 -0.170839429 -22.081464767 0.044278573 0.999018192 -0.001439491 -2.775572300 0.170734838 -0.006147607 0.985297859 155.490951538
0.984385014 -0.046244692 -0.169845745 -22.461553574 0.046986353 0.998895407 0.000347639 -2.817128897 0.169642031 -0.008322639 0.985470593 157.680313110
0.984364212 -0.050046872 -0.168886527 -22.833839417 0.050918106 0.998702407 0.000829053 -2.851968527 0.168625921 -0.009415473 0.985635161 159.845916748
0.984362602 -0.053043857 -0.167978048 -23.217361450 0.053938407 0.998543978 0.000763960 -2.888668299 0.167692944 -0.009812483 0.985790431 162.041503906
0.984461188 -0.054543596 -0.166916505 -23.597856522 0.055558350 0.998454452 0.001412316 -2.924827337 0.166581526 -0.010663976 0.985970020 164.252883911
0.984618783 -0.055643942 -0.165618911 -23.972215652 0.056562845 0.998398721 0.000833169 -2.963258982 0.165307373 -0.010188228 0.986189485 166.413284302
0.984834373 -0.055936716 -0.164233476 -24.345298767 0.056633729 0.998394907 -0.000439041 -3.001204729 0.163994402 -0.008868771 0.986421406 168.591293335
0.985289693 -0.055614840 -0.161589831 -24.725828171 0.055916313 0.998431861 -0.002684897 -3.043465614 0.161485717 -0.006390106 0.986854374 170.753540039
0.985652447 -0.054496117 -0.159747958 -25.081077576 0.054475892 0.998504817 -0.004509219 -3.091364861 0.159754872 -0.004257891 0.987147450 172.931381226
0.986155808 -0.052588090 -0.157262400 -25.444524765 0.052432641 0.998611152 -0.005139911 -3.143890381 0.157314330 -0.003176931 0.987543404 175.107894897
0.986719906 -0.051337618 -0.154104829 -25.817975998 0.051120814 0.998677969 -0.005371863 -3.192134857 0.154176846 -0.002577439 0.988039911 177.238769531
0.987155080 -0.050250791 -0.151656538 -26.167976379 0.050116204 0.998732269 -0.004712060 -3.236820221 0.151701063 -0.002948917 0.988422036 179.404693604
0.987452090 -0.050242990 -0.149713993 -26.509111404 0.050299227 0.998728275 -0.003413449 -3.285778046 0.149695128 -0.004159883 0.988723457 181.574645996
0.987646997 -0.051897246 -0.147851095 -26.838125229 0.052111480 0.998638332 -0.002426924 -3.338816166 0.147775710 -0.005307796 0.989006639 183.745361328
0.987654030 -0.056874450 -0.145961195 -27.168104172 0.057073224 0.998365998 -0.002828902 -3.380108118 0.145883590 -0.005536499 0.989286184 185.928970337
0.987605095 -0.061715484 -0.144316360 -27.483005524 0.061945584 0.998075306 -0.002902766 -3.424256325 0.144217759 -0.006072976 0.989527345 188.088073730
0.987509668 -0.066138007 -0.143004984 -27.804969788 0.066470817 0.997785270 -0.002454235 -3.469145775 0.142850652 -0.007082079 0.989718854 190.282669067
0.987641215 -0.069159321 -0.140647650 -28.116754532 0.069514386 0.997578084 -0.002392862 -3.512300014 0.140472502 -0.007413744 0.990056813 192.422637939
0.987955630 -0.070326298 -0.137832642 -28.416046143 0.070740484 0.997492969 -0.001897386 -3.560829401 0.137620553 -0.007875818 0.990453720 194.568664551
0.988335967 -0.071035117 -0.134707332 -28.719423294 0.071302161 0.997450709 -0.002847071 -3.602908373 0.134566203 -0.006791066 0.990881324 196.735229492
0.988864243 -0.070456721 -0.131085470 -29.016633987 0.070593975 0.997498631 -0.003605585 -3.646581173 0.131011650 -0.005688408 0.991364539 198.896530151
0.989534557 -0.068307340 -0.127105251 -29.307659149 0.068327628 0.997654080 -0.004205657 -3.699520350 0.127094388 -0.004523159 0.991880238 201.063201904
0.990302742 -0.065775357 -0.122367911 -29.595846176 0.065747254 0.997827172 -0.004271869 -3.745861053 0.122382998 -0.003814911 0.992475629 203.225708008
0.990901828 -0.064644590 -0.118045144 -29.843143463 0.064627424 0.997901678 -0.003977424 -3.770855904 0.118054532 -0.003687716 0.993000269 205.448593140
0.991257787 -0.066680372 -0.113849603 -30.095531464 0.066639498 0.997768402 -0.004169068 -3.824813128 0.113873549 -0.003454259 0.993489265 207.621795654
0.991570592 -0.068789922 -0.109798498 -30.340560913 0.068715706 0.997626424 -0.004464143 -3.866744041 0.109844975 -0.003118369 0.993943870 209.780136108
0.991758227 -0.071744226 -0.106152825 -30.572755814 0.071640305 0.997419000 -0.004796773 -3.915139675 0.106222987 -0.002847582 0.994338274 211.917724609
0.992054403 -0.072967425 -0.102488108 -30.809627533 0.072807953 0.997331917 -0.005300832 -3.960834980 0.102601446 -0.002203236 0.994720101 214.059860229
0.992333233 -0.074766248 -0.098411322 -31.034168243 0.074476466 0.997200787 -0.006620095 -4.014107227 0.098630808 -0.000759986 0.995123804 216.171798706
0.992608964 -0.075594582 -0.094935685 -31.246616364 0.075286865 0.997138500 -0.006824104 -4.068204880 0.095179908 -0.000373745 0.995460033 218.313522339
0.993001461 -0.075830989 -0.090541393 -31.459598541 0.075634584 0.997119844 -0.005603316 -4.121370792 0.090705536 -0.001283960 0.995876849 220.467300415
0.993293822 -0.076147653 -0.086999528 -31.656438828 0.076065704 0.997093618 -0.004261665 -4.165527344 0.087071195 -0.002384596 0.996199250 222.619369507
0.993641555 -0.075597696 -0.083434418 -31.846227646 0.075657323 0.997130871 -0.002451302 -4.217142105 0.083380356 -0.003876710 0.996510267 224.755630493
0.994031727 -0.074868485 -0.079343975 -32.021278381 0.074938685 0.997185886 -0.002096697 -4.258088589 0.079277664 -0.003861749 0.996845007 226.897613525
0.994375646 -0.074847512 -0.074933067 -32.195442200 0.074830413 0.997191668 -0.003039922 -4.306439400 0.074950159 -0.002584447 0.997183919 229.051467896
0.994681835 -0.075585887 -0.069961771 -32.353454590 0.075455524 0.997138977 -0.004508086 -4.354402542 0.070102341 -0.000794890 0.997539401 231.178543091
0.995033145 -0.075763643 -0.064567067 -32.517028809 0.075613193 0.997125745 -0.004773926 -4.402927399 0.064743169 -0.000131908 0.997901917 233.293136597
0.995225966 -0.077455230 -0.059380200 -32.649902344 0.077292852 0.996995747 -0.005030029 -4.447380066 0.059591409 0.000416352 0.998222768 235.438491821
0.995484829 -0.077948511 -0.054166805 -32.772502899 0.077727348 0.996955633 -0.006180791 -4.498491287 0.054483674 0.001942641 0.998512685 237.582107544
0.995817423 -0.077555038 -0.048302900 -32.894416809 0.077304982 0.996982753 -0.007026585 -4.556764603 0.048702121 0.003263140 0.998808026 239.714950562
0.996160030 -0.076279141 -0.042975280 -33.006362915 0.076041460 0.997079074 -0.007141011 -4.616790771 0.043394465 0.003845686 0.999050617 241.809188843
0.996450126 -0.075664215 -0.036904767 -33.105934143 0.075462393 0.997125208 -0.006833566 -4.671276093 0.037315734 0.004024387 0.999295413 243.923721313
0.996702909 -0.074858785 -0.031297203 -33.193298340 0.074692331 0.997185707 -0.006455870 -4.721733093 0.031692412 0.004096923 0.999489248 246.032241821
0.996905863 -0.074420914 -0.025303872 -33.270843506 0.074269168 0.997214437 -0.006885553 -4.779499054 0.025745818 0.004984951 0.999656022 248.111328125
0.997054994 -0.073997334 -0.020144280 -33.313205719 0.073874742 0.997244596 -0.006764522 -4.823544979 0.020589331 0.005256447 0.999774218 250.389114380
0.997198999 -0.073339269 -0.014681917 -33.368896484 0.073260397 0.997295678 -0.005839981 -4.878587246 0.015070513 0.004748020 0.999875188 252.425811768
0.997239709 -0.073645189 -0.009463483 -33.397624969 0.073602386 0.997276068 -0.004796394 -4.931300163 0.009790938 0.004086619 0.999943733 254.561859131
0.997322738 -0.073004983 -0.004197911 -33.418102264 0.072986029 0.997322917 -0.004502091 -4.981802940 0.004515348 0.004183649 0.999981046 256.733367920
0.997302890 -0.073379770 0.001539454 -33.443340302 0.073386841 0.997289956 -0.005208028 -5.030288696 -0.001153118 0.005306956 0.999985278 258.799316406
0.997246087 -0.073860183 0.006694228 -33.444660187 0.073899202 0.997248948 -0.005782518 -5.082127571 -0.006248714 0.006261292 0.999960899 260.892089844
0.997179866 -0.074047759 0.012210355 -33.436019897 0.074132808 0.997226119 -0.006665104 -5.135197639 -0.011682949 0.007551495 0.999903202 263.021362305
0.997077048 -0.074402720 0.017364325 -33.418376923 0.074523777 0.997198522 -0.006431496 -5.183393478 -0.016837155 0.007706752 0.999828517 265.130462646
0.996919274 -0.075098887 0.022626201 -33.391475677 0.075264223 0.997142136 -0.006545053 -5.242023945 -0.022070011 0.008227833 0.999722481 267.197387695
0.996698737 -0.076434188 0.027376888 -33.336517334 0.076650530 0.997034013 -0.006940337 -5.291678905 -0.026765205 0.009015879 0.999601066 269.282135010
0.996453404 -0.077813543 0.032024220 -33.263664246 0.078072287 0.996923745 -0.006908455 -5.338674068 -0.031388126 0.009384157 0.999463320 271.411041260
0.996255636 -0.078073353 0.037138637 -33.203350067 0.078336149 0.996910870 -0.005672719 -5.386749744 -0.036581025 0.008560775 0.999293983 273.492553711
0.996101975 -0.077501930 0.042121425 -33.128963470 0.077762380 0.996961415 -0.004577829 -5.440987110 -0.041638643 0.007835447 0.999101996 275.582519531
0.995949745 -0.076653711 0.046993099 -33.048992157 0.076941535 0.997026145 -0.004343968 -5.491298676 -0.046520356 0.007942095 0.998885751 277.664764404
0.995775223 -0.075861149 0.051737785 -32.950271606 0.076195359 0.997082710 -0.004515326 -5.545095444 -0.051244315 0.008438429 0.998650491 279.749938965
0.995545447 -0.075269312 0.056778040 -32.848281860 0.075656712 0.997122824 -0.004701593 -5.593926430 -0.056260798 0.008976290 0.998375714 281.839202881
0.995293260 -0.074943952 0.061438154 -32.729377747 0.075375706 0.997143924 -0.004737040 -5.638828754 -0.060907666 0.009345692 0.998099566 283.911407471
0.994968772 -0.074665442 0.066799171 -32.608749390 0.075110219 0.997166514 -0.004168814 -5.690532207 -0.066298634 0.009165140 0.997757673 285.991180420
0.994608879 -0.074893996 0.071722373 -32.469352722 0.075354531 0.997149825 -0.003733637 -5.732234478 -0.071238324 0.009118116 0.997417629 288.065612793
0.994108438 -0.076470360 0.076815873 -32.316436768 0.076892830 0.997036099 -0.002552900 -5.773824692 -0.076392978 0.008444449 0.997042000 290.153839111
0.993415833 -0.080014221 0.081991903 -32.158882141 0.080474801 0.996753931 -0.002322858 -5.816938400 -0.081539892 0.008905848 0.996630311 292.203582764
0.992743611 -0.082645841 0.087348081 -31.983253479 0.083475292 0.996492505 -0.005879953 -5.853621006 -0.086555742 0.013128690 0.996160567 294.265197754
0.992383897 -0.081463218 0.092400633 -31.791898727 0.082588218 0.996548176 -0.008411163 -5.905720711 -0.091396481 0.015978303 0.995686531 296.325531006
0.992067754 -0.078465439 0.098207869 -31.609127045 0.079779379 0.996767163 -0.009518595 -5.958191395 -0.097143501 0.017278055 0.995120406 298.389617920
0.991587996 -0.076930389 0.104090907 -31.407072067 0.078455575 0.996860862 -0.010632096 -6.019161224 -0.102946237 0.018709170 0.994510949 300.432128906
0.991169930 -0.074774966 0.109502137 -31.193290710 0.076547161 0.996992946 -0.012064927 -6.068498135 -0.108270727 0.020340474 0.993913293 302.510070801
0.990698397 -0.072234035 0.115320928 -30.976257324 0.074110106 0.997177184 -0.012058731 -6.135595322 -0.114124335 0.020493010 0.993255019 304.554382324
0.990130246 -0.070615225 0.121061027 -30.744213104 0.072487205 0.997307301 -0.011123932 -6.191817284 -0.119949557 0.019789519 0.992582738 306.607452393
0.989411175 -0.070571072 0.126828477 -30.501678467 0.072511218 0.997309744 -0.010740288 -6.245412827 -0.125729337 0.019823046 0.991866529 308.661743164
0.988627434 -0.072137602 0.131953984 -30.241275787 0.074063025 0.997206032 -0.009736056 -6.296675682 -0.130882934 0.019398242 0.991208017 310.703918457
0.987884283 -0.073590077 0.136635125 -29.958999634 0.075372860 0.997124016 -0.007913236 -6.352362156 -0.135659829 0.018115936 0.990589857 312.743743896
0.987061918 -0.073562592 0.142468780 -29.686214447 0.075500727 0.997111738 -0.008238780 -6.402023315 -0.141451254 0.018888682 0.989764988 314.787597656
0.986225843 -0.073647313 0.148103118 -29.392646790 0.075815544 0.997080863 -0.009040428 -6.459161758 -0.147004977 0.020144422 0.988930583 316.836273193
0.985273719 -0.075296849 0.153512403 -29.079864502 0.077821642 0.996912062 -0.010496240 -6.503231525 -0.152248025 0.022288257 0.988090932 318.878448486
0.984325945 -0.076943159 0.158688813 -28.756500244 0.079531878 0.996781945 -0.010017986 -6.556083679 -0.157407343 0.022481786 0.987277806 320.934143066
0.983513296 -0.077076852 0.163586900 -28.430824280 0.079587936 0.996788621 -0.008842253 -6.607041359 -0.162380010 0.021716023 0.986489296 322.968017578
0.982781231 -0.076441891 0.168219760 -28.078731537 0.078906365 0.996849895 -0.008005012 -6.662155151 -0.167077914 0.021140786 0.985716999 325.020294189
0.981824994 -0.076507285 0.173684537 -27.729854584 0.078982376 0.996848702 -0.007373619 -6.710409641 -0.172573060 0.020957621 0.984773695 327.085510254
0.980991721 -0.075243548 0.178867623 -27.397655487 0.077687755 0.996955276 -0.006689814 -6.750287056 -0.177819684 0.020458473 0.983850420 329.085113525
0.980144382 -0.074864700 0.183608904 -27.019905090 0.077400729 0.996977687 -0.006674212 -6.796959400 -0.182554320 0.020753153 0.982976735 331.130798340
0.979065776 -0.073967189 0.189628467 -26.687648773 0.076607846 0.997039318 -0.006623147 -6.846102715 -0.188577086 0.021011522 0.981833577 333.160614014
0.978120029 -0.073909029 0.194470271 -26.296604156 0.076734930 0.997026742 -0.007027782 -6.895619392 -0.193372622 0.021796674 0.980883300 335.205780029
0.977191687 -0.073321976 0.199299440 -25.889328003 0.076349802 0.997052550 -0.007539083 -6.951861382 -0.198159248 0.022583606 0.979909658 337.223114014
0.976414502 -0.072136953 0.203496829 -25.467185974 0.075432561 0.997114897 -0.008474890 -6.996543884 -0.202298343 0.023625296 0.979038894 339.265289307
0.975237846 -0.072152853 0.209057361 -25.058128357 0.075345218 0.997130454 -0.007336269 -7.055599213 -0.207928136 0.022906082 0.977875888 341.285064697
0.974215209 -0.072845928 0.213537306 -24.627731323 0.075685710 0.997118473 -0.005142662 -7.109568596 -0.212547377 0.021171784 0.976921380 343.304107666
0.973050416 -0.072984070 0.218737841 -24.211715698 0.075726643 0.997119904 -0.004169258 -7.150943279 -0.217803568 0.020621179 0.975774884 345.271392822
0.971921444 -0.072100319 0.223987058 -23.771125793 0.074720286 0.997199297 -0.003231728 -7.195729256 -0.223126724 0.019877363 0.974586785 347.282928467
0.970755517 -0.070276886 0.229553729 -23.319747925 0.072901979 0.997334659 -0.002964085 -7.237255096 -0.228733569 0.019612318 0.973291457 349.287902832
0.969357550 -0.069683403 0.235563487 -22.851104736 0.072799161 0.997336268 -0.004544964 -7.276358128 -0.234619305 0.021554518 0.971848309 351.288879395
0.967914402 -0.068140425 0.241864845 -22.362075806 0.072083682 0.997370541 -0.007481740 -7.324934959 -0.240719035 0.024676191 0.970281065 353.302154541
0.966356874 -0.066971287 0.248332828 -21.867515564 0.071760587 0.997368932 -0.010273515 -7.377635956 -0.246991411 0.027748393 0.968620241 355.307556152
0.964732349 -0.066109233 0.254796028 -21.361289978 0.071458399 0.997373879 -0.011784253 -7.438304901 -0.253347874 0.029575959 0.966922998 357.306732178
0.962960601 -0.067253336 0.261120319 -20.837043762 0.073083028 0.997245371 -0.012668493 -7.499201775 -0.259549022 0.031282727 0.965223074 359.312103271
0.961243987 -0.067207865 0.267381996 -20.297805786 0.073506035 0.997201979 -0.013603747 -7.565362453 -0.265719593 0.032730710 0.963494539 361.308135986
0.959453523 -0.068447359 0.273429811 -19.744216919 0.074674368 0.997130573 -0.012418668 -7.630646229 -0.271795213 0.032333333 0.961811781 363.295989990
0.957614601 -0.069097809 0.279642224 -19.181076050 0.074598238 0.997172475 -0.009061303 -7.690793037 -0.278225362 0.029538050 0.960061550 365.285980225
0.955797791 -0.070588499 0.285425574 -18.605751038 0.075302668 0.997145236 -0.005560578 -7.742943287 -0.284218282 0.026808094 0.958384752 367.263610840
0.954032421 -0.070387028 0.291320801 -18.022369385 0.075125158 0.997161090 -0.005096213 -7.787273407 -0.290135026 0.026747474 0.956611812 369.233642578
0.952275097 -0.070467830 0.296995521 -17.434196472 0.075551525 0.997125983 -0.005658549 -7.833815575 -0.295743197 0.027826967 0.954862118 371.189849854
0.950737834 -0.070316285 0.301915735 -16.827598572 0.075282864 0.997150481 -0.004830269 -7.881933689 -0.300715744 0.027321393 0.953322351 373.141784668
0.949024975 -0.071150318 0.307065547 -16.212753296 0.076087937 0.997092605 -0.004122527 -7.931564331 -0.305879503 0.027276365 0.951679409 375.105621338
0.947770357 -0.072539955 0.310595095 -15.581863403 0.077583253 0.996978283 -0.003896937 -7.969554424 -0.309373826 0.027790381 0.950534344 377.073028564
0.946915030 -0.074609905 0.312706292 -14.928848267 0.079905525 0.996793926 -0.004135067 -8.013763428 -0.311395198 0.028902519 0.949840844 379.034545898
0.945826411 -0.076168090 0.315611631 -14.324333191 0.081515722 0.996664941 -0.003756709 -8.060673714 -0.314272940 0.029280502 0.948881030 380.956512451
0.944823205 -0.076694213 0.318476200 -13.670372009 0.082453988 0.996584177 -0.004622646 -8.107089043 -0.317033798 0.030627223 0.947919607 382.909576416
0.943636656 -0.074382558 0.322516799 -13.027893066 0.080313399 0.996756613 -0.005101602 -8.150256157 -0.321091354 0.030716486 0.946550012 384.828918457
0.941671968 -0.073238477 0.328466266 -12.375610352 0.079186827 0.996848464 -0.004750399 -8.200069427 -0.327083141 0.030483514 0.944503784 386.782775879
0.939767301 -0.072050624 0.334134787 -11.710502625 0.077866569 0.996955574 -0.004025835 -8.240406990 -0.332827538 0.029801277 0.942516625 388.718139648
0.937845707 -0.071065471 0.339698583 -11.030525208 0.076460458 0.997069478 -0.002504866 -8.281978607 -0.338525116 0.028322682 0.940530956 390.653930664
0.935907960 -0.070199274 0.345178694 -10.341896057 0.075547740 0.997140229 -0.002048837 -8.323020935 -0.344047666 0.027994998 0.938534677 392.582336426
0.934014976 -0.068879291 0.350530446 -9.630996704 0.074546106 0.997213900 -0.002681036 -8.362788200 -0.349369287 0.028634809 0.936547399 394.511566162
0.931994200 -0.067686729 0.356097400 -8.924819946 0.074005298 0.997249305 -0.004133653 -8.406579971 -0.354838043 0.030205641 0.934439659 396.431976318
0.929842710 -0.067693390 0.361676842 -8.195877075 0.074804120 0.997182071 -0.005677516 -8.454692841 -0.360273302 0.032334115 0.932286203 398.348602295
0.927654088 -0.067589939 0.367272973 -7.473876953 0.075006016 0.997165322 -0.005939170 -8.495532036 -0.365830481 0.033057179 0.930094242 400.257293701
0.925681591 -0.066199027 0.372466505 -6.722366333 0.073549658 0.997276068 -0.005543693 -8.553677559 -0.371084958 0.032526474 0.928029060 402.153320312
0.923505545 -0.065816604 0.377896309 -5.960235596 0.073374569 0.997288644 -0.005619683 -8.596688271 -0.376501858 0.032917783 0.925830841 404.061950684
0.921181977 -0.067049444 0.383312374 -5.189880371 0.074596472 0.997202039 -0.004839581 -8.646418571 -0.381915420 0.033051882 0.923606098 405.958953857
0.918908834 -0.067243010 0.388696432 -4.406326294 0.075271845 0.997148156 -0.005445683 -8.691848755 -0.387221843 0.034261987 0.921349704 407.852966309
0.916700006 -0.066879705 0.393939346 -3.607894897 0.075798690 0.997097850 -0.007105281 -8.735277176 -0.392320812 0.036373496 0.919108987 409.747314453
0.914290845 -0.066811591 0.399510145 -2.808776855 0.076270491 0.997056603 -0.007805733 -8.786359787 -0.397812635 0.037607536 0.916695535 411.625518799
0.911893308 -0.066880688 0.404941410 -2.001846313 0.076667674 0.997024715 -0.007979009 -8.835248947 -0.403202921 0.038321912 0.914307773 413.486785889
0.909445286 -0.068363711 0.410165399 -1.169769287 0.077910461 0.996938586 -0.006584862 -8.883481979 -0.408459544 0.037944738 0.911987364 415.355590820
0.907130301 -0.068752483 0.415196002 -0.339385986 0.077715136 0.996964514 -0.004706144 -8.932126045 -0.413612098 0.036536098 0.909719825 417.202758789
0.904625177 -0.068861388 0.420608431 0.511718750 0.077927321 0.996949375 -0.004383387 -8.977417946 -0.419023484 0.036742199 0.907231808 419.059356689
0.902199626 -0.067548536 0.425996482 1.368301392 0.076986216 0.997019887 -0.004952419 -9.014692307 -0.424392462 0.037263922 0.904711246 420.913665771
0.899825037 -0.066513337 0.431150556 2.235931396 0.076044679 0.997092426 -0.004886840 -9.061233521 -0.429571956 0.037184011 0.902266741 422.757385254
0.897870302 -0.065444887 0.435368687 3.126617432 0.075112678 0.997162461 -0.005012445 -9.111489296 -0.433805287 0.037202235 0.900238276 424.600616455
0.895937026 -0.064651735 0.439450741 4.021499634 0.074637763 0.997195780 -0.005462005 -9.154733658 -0.437865347 0.037693232 0.898250103 426.437530518
0.894268394 -0.063102938 0.443059802 4.918121338 0.072952844 0.997321784 -0.005203531 -9.199182510 -0.441544920 0.036975823 0.896476865 428.271972656
0.892620027 -0.062665902 0.446432948 5.812469482 0.072736122 0.997336388 -0.005435851 -9.244099617 -0.444903165 0.037323955 0.894800603 430.090393066
0.890563309 -0.063435994 0.450414121 6.696121216 0.072779015 0.997342169 -0.003434452 -9.289444923 -0.448999196 0.035839293 0.892813146 431.898254395
0.888593674 -0.065714307 0.453963429 7.610687256 0.074506775 0.997219384 -0.001486188 -9.326786041 -0.452603459 0.035143971 0.891019106 433.721862793
0.886999369 -0.066008069 0.457028538 8.544677734 0.075190797 0.997167349 -0.001910367 -9.360910416 -0.455607831 0.036058839 0.889449954 435.541046143
0.885194838 -0.065698639 0.460557997 9.471755981 0.075756274 0.997120738 -0.003364592 -9.405370712 -0.459010869 0.037868470 0.887623250 437.353363037
0.883379996 -0.065560535 0.464049131 10.415267944 0.076033860 0.997097731 -0.003871456 -9.451109886 -0.462448567 0.038703416 0.885800898 439.184509277
0.881434560 -0.064639792 0.467861921 11.353363037 0.075305842 0.997152030 -0.004106911 -9.491769791 -0.466264039 0.038852714 0.883792043 440.998687744
0.879717648 -0.064627804 0.471083969 12.308593750 0.075381041 0.997146904 -0.003970870 -9.535371780 -0.469483286 0.039004043 0.882079422 442.800048828
0.877525508 -0.063486204 0.475308776 13.251098633 0.074952595 0.997173607 -0.005188302 -9.581439972 -0.473636001 0.040178496 0.879803717 444.577026367
0.875494063 -0.062770121 0.479134738 14.211791992 0.075387888 0.997128844 -0.007120683 -9.631265640 -0.477312118 0.042355075 0.877712488 446.350402832
0.873222411 -0.062130816 0.483345062 15.171936035 0.075316153 0.997128606 -0.007893640 -9.682909966 -0.481466621 0.043296594 0.875394344 448.130432129
0.870806038 -0.062906802 0.487585485 16.139556885 0.076167554 0.997067571 -0.007393201 -9.733809471 -0.485690564 0.043576233 0.873043954 449.895843506
0.868669271 -0.063500308 0.491305828 17.129852295 0.076945379 0.997009456 -0.007184252 -9.781251907 -0.489380389 0.044044450 0.870957494 451.670623779
0.866191745 -0.063393138 0.495674461 18.101318359 0.076362997 0.997062445 -0.005927439 -9.827832222 -0.493842691 0.042985480 0.868488133 453.425170898
0.863939345 -0.062124472 0.499749452 19.086929321 0.075142123 0.997155130 -0.005943947 -9.878936768 -0.497958571 0.042687435 0.866149545 455.172180176
0.861677647 -0.059777007 0.503922999 20.084579468 0.073318712 0.997283459 -0.007069469 -9.934652328 -0.502131522 0.043038592 0.863719642 456.932922363
0.859465122 -0.057586890 0.507940292 21.103698730 0.071849391 0.997379303 -0.008497234 -9.987437248 -0.506119788 0.043798283 0.861350358 458.695861816
0.857042670 -0.055459674 0.512252033 22.124923706 0.069677569 0.997532666 -0.008577432 -10.040057182 -0.510512412 0.043043699 0.858792365 460.447601318
0.854612172 -0.054472409 0.516402006 23.163925171 0.068348311 0.997630417 -0.007877479 -10.090627670 -0.514749229 0.042027391 0.856310129 462.197265625
0.851836681 -0.055478774 0.520861208 24.210601807 0.069018357 0.997593403 -0.006618101 -10.134841919 -0.519240558 0.041586529 0.853615761 463.945556641
0.848996639 -0.058577087 0.525141358 25.273330688 0.071327925 0.997444689 -0.004055603 -10.182689667 -0.523561895 0.040900439 0.851005375 465.687316895
0.845789909 -0.061679367 0.529938638 26.342758179 0.074078381 0.997250021 -0.002160597 -10.219144821 -0.528348148 0.041084416 0.848033130 467.426513672
0.842792332 -0.063491032 0.534480810 27.430252075 0.076458983 0.997070432 -0.002121722 -10.256978989 -0.532780409 0.042654037 0.845177889 469.156799316
0.839717448 -0.064926192 0.539128184 28.517852783 0.079333797 0.996841908 -0.003518327 -10.295495987 -0.537197113 0.045725483 0.842216372 470.851989746
0.836629331 -0.063961513 0.544022262 29.618759155 0.079782218 0.996797144 -0.005498850 -10.333342552 -0.541928053 0.048003819 0.839052737 472.563659668
0.833283842 -0.062313054 0.549322188 30.730316162 0.079758979 0.996782839 -0.007917585 -10.380233765 -0.547061503 0.050410986 0.835573018 474.274169922
0.830031216 -0.059826806 0.554498732 31.847732544 0.078235209 0.996889174 -0.009552731 -10.431873322 -0.552202165 0.051310394 0.832129776 475.986541748
0.826561570 -0.058332529 0.559815466 32.986938477 0.076294385 0.997046828 -0.008755997 -10.481987000 -0.557651460 0.049948141 0.828571200 477.697784424
0.823040366 -0.057923425 0.565021455 34.135604858 0.074749790 0.997180104 -0.006658175 -10.528572083 -0.563042462 0.047715195 0.825049222 479.400177002
0.819669366 -0.058219757 0.569870710 35.291503906 0.073207170 0.997310936 -0.003408634 -10.573825836 -0.568139851 0.044512574 0.821727276 481.092712402
0.815909147 -0.058179010 0.575245559 36.452484131 0.071387477 0.997448564 -0.000373948 -10.616159439 -0.573756099 0.041370425 0.817980707 482.781738281
0.812489748 -0.058328442 0.580050230 37.639617920 0.070560254 0.997506440 0.001471455 -10.649377823 -0.578689635 0.039732955 0.814579248 484.463470459
0.808803320 -0.058079306 0.585204184 38.820449829 0.070983149 0.997477114 0.000890932 -10.683632851 -0.583779514 0.040819038 0.810885489 486.129028320
0.805295706 -0.056923445 0.590134442 40.007904053 0.071419634 0.997445583 -0.001246980 -10.715590477 -0.588556111 0.043151379 0.807304025 487.786193848
0.801885307 -0.055006709 0.594940484 41.210800171 0.071383223 0.997440994 -0.003992373 -10.761652946 -0.593198299 0.045670200 0.803759873 489.459411621
0.799216866 -0.054441653 0.598572075 42.432296753 0.072652236 0.997337401 -0.006295290 -10.801847458 -0.596635640 0.048518900 0.801044226 491.109191895
0.797032118 -0.054424793 0.601479530 43.661102295 0.073484257 0.997270823 -0.007137504 -10.843032837 -0.599449635 0.049888097 0.798856378 492.768554688
0.795107245 -0.054305531 0.604032576 44.896545410 0.073454395 0.997273803 -0.007030486 -10.888627052 -0.602004051 0.049958840 0.796928585 494.410858154
0.792739511 -0.053904448 0.607172430 46.132400513 0.072093181 0.997382402 -0.005579588 -10.942686081 -0.605282247 0.048196167 0.794550478 496.063568115
0.790374875 -0.054276958 0.610214293 47.399337769 0.071273588 0.997450352 -0.003595911 -10.989858627 -0.608463347 0.046334274 0.792228222 497.707397461
0.786835492 -0.053634789 0.614827812 48.610580444 0.070315614 0.997520387 -0.002968331 -11.032747269 -0.613144040 0.045567568 0.788655818 499.332153320
0.783578932 -0.053172201 0.619012654 49.881805420 0.070623212 0.997496128 -0.003715266 -11.070510864 -0.617265224 0.046627857 0.785372138 500.962921143
0.780114710 -0.052845959 0.623400569 51.153121948 0.071757890 0.997408211 -0.005246054 -11.116558075 -0.621507704 0.048826445 0.781885028 502.591247559
0.776529789 -0.052798837 0.627864420 52.437011719 0.073249467 0.997290909 -0.006728503 -11.163067818 -0.625808239 0.051215619 0.778293610 504.214538574
0.773030221 -0.051839005 0.632247567 53.730102539 0.074236892 0.997199953 -0.009005185 -11.211794853 -0.630010426 0.053897377 0.774714112 505.829406738
0.769451261 -0.050785556 0.636683166 55.029342651 0.074217841 0.997190356 -0.010152852 -11.265649796 -0.634378791 0.055065379 0.771058559 507.430480957
0.765995562 -0.049610939 0.640928566 56.346313477 0.072630800 0.997312546 -0.009606788 -11.322793007 -0.638729453 0.053909913 0.767540455 509.038879395
0.762286842 -0.048468541 0.645422161 57.675292969 0.069859266 0.997527838 -0.007598242 -11.370041847 -0.643458426 0.050880753 0.763788283 510.647369385
0.758643210 -0.048952729 0.649664640 59.019149780 0.068743236 0.997621298 -0.005103106 -11.411774635 -0.647869408 0.048531495 0.760203779 512.243957520
0.755283177 -0.050100721 0.653480887 60.351943970 0.067730643 0.997702062 -0.001790759 -11.463479996 -0.651889503 0.045613218 0.756940901 513.808105469
0.751567364 -0.051565982 0.657637894 61.710617065 0.068256482 0.997667730 0.000222599 -11.502334595 -0.656115472 0.044720728 0.753334165 515.386901855
0.747957468 -0.051797967 0.661722422 63.077453613 0.070019789 0.997545063 -0.001059379 -11.536214828 -0.660043001 0.047126029 0.749748170 516.958984375
0.744553864 -0.051008891 0.665610731 64.457275391 0.071798824 0.997411609 -0.003878002 -11.583015442 -0.663690031 0.050677441 0.746289015 518.525573730
0.741249382 -0.050581418 0.669321239 65.848068237 0.073734850 0.997257948 -0.006294719 -11.625518799 -0.667167544 0.054018255 0.742946386 520.074523926
0.737556398 -0.049483899 0.673470199 67.256820679 0.073910542 0.997235477 -0.007670884 -11.673512459 -0.671228588 0.055434264 0.739174545 521.660034180
0.734116852 -0.048498988 0.677288949 68.664718628 0.072267391 0.997361302 -0.006912401 -11.722776413 -0.675166547 0.054020416 0.735684574 523.211669922
0.730403423 -0.048034489 0.681324840 70.071929932 0.070573613 0.997492254 -0.005332510 -11.772882462 -0.679360151 0.051978432 0.731961787 524.753906250
0.726709783 -0.047269214 0.685316384 71.491653442 0.068308569 0.997657657 -0.003621700 -11.816118240 -0.683539927 0.049444906 0.728236496 526.293518066
0.723367214 -0.048177861 0.688780487 72.924911499 0.066830605 0.997764230 -0.000396251 -11.853473663 -0.687221467 0.046318259 0.724969685 527.818176270
0.719279170 -0.050357405 0.692893624 74.358947754 0.066809259 0.997760713 0.003160851 -11.885912895 -0.691501260 0.044018172 0.721032917 529.349792480
0.715850770 -0.051456921 0.696354628 75.797958374 0.067649238 0.997700334 0.004181541 -11.915903091 -0.694968522 0.044114500 0.717685580 530.865478516
