1.000000000 0.000000000 0.000000000 0.000000000 0.000000000 1.000000000 0.000000000 0.000000000 0.000000000 0.000000000 1.000000000 0.000000000
0.999984801 0.000236042 -0.005513254 -0.007519762 -0.000387462 0.999622285 -0.027479870 0.002272889 0.005504685 0.027481588 0.999607146 0.753433645
0.999957383 -0.001608286 -0.009091265 -0.013964178 0.001264502 0.999288440 -0.037694812 -0.007916931 0.009145419 0.037681706 0.999247968 1.524187565
0.999924779 -0.001667703 -0.012145231 -0.025484134 0.001336216 0.999627650 -0.027250798 -0.032851502 0.012186157 0.027232522 0.999554873 2.324763775
0.999879777 -0.000150736 -0.015504934 -0.041737463 -0.000074182 0.999894857 -0.014504561 -0.061398163 0.015505491 0.014503963 0.999774694 3.135378838
0.999834418 0.001231998 -0.018155390 -0.056205008 -0.001418387 0.999946415 -0.010257027 -0.088011473 0.018141780 0.010281080 0.999782562 3.945453882
0.999827266 0.000759257 -0.018571142 -0.069638170 -0.001005328 0.999911785 -0.013244413 -0.105257697 0.018559447 0.013260795 0.999739766 4.753255367
0.999835968 0.000879447 -0.018087562 -0.083374321 -0.001178347 0.999862850 -0.016521173 -0.121908069 0.018070554 0.016539779 0.999699831 5.564865589
0.999843419 0.000998981 -0.017668273 -0.093422644 -0.001302350 0.999851763 -0.017167095 -0.142034650 0.017648501 0.017187418 0.999696493 6.386744976
0.999843419 0.000790915 -0.017680984 -0.102493212 -0.001085203 0.999861002 -0.016640933 -0.156536579 0.017665362 0.016657514 0.999705195 7.214978218
0.999849141 0.000170947 -0.017369473 -0.117709540 -0.000445967 0.999874592 -0.015830904 -0.181659713 0.017364591 0.015836261 0.999723792 8.052405357
0.999853730 0.000167242 -0.017096696 -0.134545445 -0.000446305 0.999866724 -0.016320130 -0.205089301 0.017091693 0.016325369 0.999720514 8.905693054
0.999849439 -0.000674911 -0.017335607 -0.149844944 0.000376244 0.999851525 -0.017226016 -0.224947333 0.017344657 0.017216897 0.999701321 9.761711121
0.999842644 -0.001014638 -0.017708007 -0.165418312 0.000700305 0.999842167 -0.017748062 -0.245132804 0.017723219 0.017732862 0.999685705 10.625222206
0.999832749 -0.001005206 -0.018254377 -0.177649647 0.000693494 0.999853909 -0.017074309 -0.269308329 0.018268874 0.017058792 0.999687612 11.496392250
0.999838471 -0.000071280 -0.017971668 -0.199893743 -0.000223147 0.999865770 -0.016380327 -0.287450492 0.017970430 0.016381690 0.999704242 12.386860847
0.999839783 0.000115144 -0.017899068 -0.198065490 -0.000409323 0.999864876 -0.016432624 -0.312068164 0.017894758 0.016437320 0.999704719 13.274945259
0.999844790 -0.000026853 -0.017617417 -0.209447548 -0.000282805 0.999845505 -0.017574094 -0.332246274 0.017615166 0.017576350 0.999690413 14.173837662
0.999849379 -0.000250119 -0.017353121 -0.225125968 -0.000074655 0.999824882 -0.018712403 -0.353861243 0.017354762 0.018710876 0.999674380 15.077041626
0.999853611 0.000260089 -0.017106991 -0.246286482 -0.000586330 0.999817967 -0.019068433 -0.378706157 0.017098917 0.019075667 0.999671876 15.985033989
0.999847591 -0.000200775 -0.017453585 -0.262703568 -0.000128534 0.999821961 -0.018864537 -0.404780060 0.017454261 0.018863903 0.999669671 16.912477493
0.999824703 -0.002703280 -0.018525481 -0.272366494 0.002358515 0.999824047 -0.018606989 -0.433579177 0.018572524 0.018560037 0.999655247 17.841873169
0.999805033 -0.002652579 -0.019568253 -0.296317339 0.002292061 0.999827623 -0.018423123 -0.456642628 0.019613748 0.018374678 0.999638677 18.776876450
0.999775708 -0.004558579 -0.020681320 -0.309876859 0.004172675 0.999817073 -0.018664455 -0.480633020 0.020762620 0.018573973 0.999611914 19.740701675
0.999749959 -0.005263402 -0.021729892 -0.334546536 0.004858590 0.999814451 -0.018640177 -0.506891072 0.021823972 0.018529942 0.999590158 20.700948715
0.999708235 -0.006556032 -0.023247311 -0.353783727 0.006130978 0.999813557 -0.018308328 -0.529211164 0.023363009 0.018160459 0.999562144 21.677879333
0.999653876 -0.006965064 -0.025367392 -0.368192732 0.006507628 0.999815464 -0.018070573 -0.550986707 0.025488574 0.017899236 0.999514878 22.656782150
0.999596596 -0.006351265 -0.027680224 -0.397066504 0.005898954 0.999848187 -0.016391732 -0.574449420 0.027780131 0.016221834 0.999482393 23.656763077
0.999506772 -0.004458238 -0.031084875 -0.428518623 0.003971404 0.999868751 -0.015705649 -0.596470773 0.031150816 0.015574454 0.999393404 24.668376923
0.999378324 -0.004934905 -0.034912605 -0.462026566 0.004350141 0.999849260 -0.016805544 -0.619135737 0.034990285 0.016643219 0.999249041 25.699583054
0.999192417 -0.003870496 -0.039995074 -0.503219604 0.003022237 0.999769747 -0.021247797 -0.641450465 0.040068109 0.021109762 0.998973906 26.736810684
0.998948216 -0.003944541 -0.045682564 -0.555432856 0.002867526 0.999717057 -0.023617642 -0.665956557 0.045762800 0.023461809 0.998676777 27.791126251
0.998645246 -0.004805184 -0.051812593 -0.606856644 0.003713477 0.999769509 -0.021146003 -0.691865921 0.051902261 0.020924952 0.998432934 28.856012344
0.998313427 -0.004732942 -0.057860032 -0.657889128 0.003728082 0.999840617 -0.017462708 -0.720536590 0.057933457 0.017217558 0.998171926 29.933385849
0.998120248 -0.004304118 -0.061133329 -0.730426908 0.003299034 0.999857903 -0.016532268 -0.744507968 0.061195802 0.016299514 0.997992814 31.019439697
0.997964859 -0.001952444 -0.063735925 -0.798792601 0.000903369 0.999863684 -0.016484395 -0.772530317 0.063759416 0.016393268 0.997830629 32.108299255
0.997912824 -0.001116853 -0.064565517 -0.871659040 0.000095475 0.999874830 -0.015820162 -0.795271873 0.064575098 0.015780976 0.997788012 33.207954407
0.997925937 0.000649239 -0.064368598 -0.946623802 -0.001574724 0.999896109 -0.014328191 -0.821897566 0.064352602 0.014399836 0.997823298 34.298477173
0.997955859 0.001708064 -0.063883997 -1.008265734 -0.002599779 0.999900341 -0.013877814 -0.856290042 0.063853934 0.014015531 0.997860849 35.428905487
0.998025835 0.001695423 -0.062782556 -1.078578234 -0.002558367 0.999903321 -0.013667128 -0.885806680 0.062753312 0.013800765 0.997933626 36.530071259
0.998092294 0.000922985 -0.061732847 -1.144366503 -0.001786553 0.999901354 -0.013935046 -0.917600393 0.061713897 0.014018752 0.997995436 37.629951477
0.998151839 -0.000031204 -0.060769759 -1.197048664 -0.000879642 0.999887586 -0.014961668 -0.944728136 0.060763385 0.014987471 0.998039782 38.724723816
0.998232424 -0.000254701 -0.059431300 -1.259157419 -0.000655671 0.999882758 -0.015298040 -0.974685848 0.059428234 0.015309967 0.998115242 39.819164276
0.998320997 -0.001015305 -0.057914265 -1.322276831 0.000158357 0.999890327 -0.014799502 -1.006120205 0.057922944 0.014765481 0.998211861 40.917629242
0.998409569 -0.000766496 -0.056371268 -1.382269144 -0.000057901 0.999893069 -0.014621326 -1.034186363 0.056376446 0.014601335 0.998302817 42.011051178
0.998471856 -0.000937221 -0.055253789 -1.439715147 0.000125749 0.999892116 -0.014687921 -1.068491220 0.055261593 0.014658531 0.998364270 43.104370117
0.998510838 -0.001233416 -0.054540560 -1.494002819 0.000412696 0.999886453 -0.015056588 -1.094185948 0.054552946 0.015011659 0.998398006 44.194175720
0.998562872 -0.001832095 -0.053561278 -1.552757263 0.001047703 0.999891877 -0.014669146 -1.127895474 0.053582359 0.014591950 0.998456776 45.278362274
0.998574317 -0.002246353 -0.053332284 -1.604188919 0.001465951 0.999891341 -0.014667440 -1.160284281 0.053359445 0.014568346 0.998469114 46.365276337
0.998606741 -0.001816725 -0.052737392 -1.664243460 0.001007064 0.999881268 -0.015375205 -1.186517119 0.052759066 0.015300673 0.998490036 47.437191010
0.998634338 -0.001992056 -0.052205492 -1.718771935 0.001202281 0.999884427 -0.015155240 -1.215262532 0.052229647 0.015071778 0.998521328 48.516799927
0.998633444 -0.002186805 -0.052214339 -1.765903115 0.001402850 0.999885798 -0.015046094 -1.243473053 0.052241288 0.014952283 0.998522580 49.608200073
0.998686671 -0.001502926 -0.051214516 -1.821200013 0.000735673 0.999887288 -0.014996721 -1.280256748 0.051231287 0.014939344 0.998575032 50.700599670
0.998692751 -0.002138788 -0.051070273 -1.876798153 0.001320477 0.999870360 -0.016051587 -1.308097839 0.051097982 0.015963169 0.998565972 51.775886536
0.998690724 -0.002570037 -0.051090989 -1.934919119 0.001790702 0.999881446 -0.015293793 -1.342588902 0.051124241 0.015182279 0.998576880 52.853572845
0.998614609 -0.003814965 -0.052481707 -1.989347696 0.003067118 0.999892771 -0.014322837 -1.372534752 0.052530728 0.014142027 0.998519182 53.935428619
0.998427093 -0.005408675 -0.055803992 -2.031541348 0.004618546 0.999887407 -0.014278272 -1.405995369 0.055874933 0.013998082 0.998339593 54.992561340
0.998136163 -0.008691236 -0.060403768 -2.091320515 0.007761554 0.999848127 -0.015608762 -1.436035395 0.060530238 0.015110844 0.998051941 56.054611206
0.997680783 -0.011272341 -0.067127123 -2.153159857 0.010102630 0.999791682 -0.017739374 -1.467504859 0.067313105 0.017020073 0.997586727 57.114574432
0.997136354 -0.013972052 -0.074322835 -2.228196383 0.012636586 0.999750733 -0.018408444 -1.504584074 0.074561507 0.017416544 0.997064233 58.164245605
0.996605337 -0.014506607 -0.081039220 -2.309951544 0.013074813 0.999749422 -0.018170742 -1.530794382 0.081282511 0.017049488 0.996545255 59.233680725
0.996092498 -0.012880869 -0.087371349 -2.397382498 0.011533464 0.999807000 -0.015908927 -1.560696125 0.087559402 0.014839071 0.996048748 60.279899597
0.995736480 -0.009895995 -0.091711208 -2.500450611 0.008492782 0.999841094 -0.015678007 -1.589749336 0.091851778 0.014832281 0.995662212 61.343410492
0.995500684 -0.008125888 -0.094405532 -2.596440077 0.006593577 0.999841571 -0.016531778 -1.619828939 0.094524927 0.015834926 0.995396554 62.389652252
0.995417297 -0.005884605 -0.095445298 -2.697258711 0.004105383 0.999814332 -0.018826948 -1.654766917 0.095538363 0.018348830 0.995256603 63.430038452
0.995475590 -0.004137003 -0.094928369 -2.797786474 0.002259398 0.999799848 -0.019878160 -1.689331055 0.094991602 0.019573739 0.995285571 64.469055176
0.995668471 -0.005094629 -0.092834949 -2.886099100 0.003283263 0.999801457 -0.019653985 -1.719708800 0.092916630 0.019264052 0.995487511 65.506393433
0.995985270 -0.004558338 -0.089401521 -2.978032589 0.002934483 0.999828577 -0.018286632 -1.750484943 0.089469545 0.017950872 0.995827794 66.537620544
0.996440411 -0.004864749 -0.084159702 -3.058022976 0.003466170 0.999853551 -0.016756302 -1.788746238 0.084228888 0.016404944 0.996311307 67.573188782
0.996921420 -0.002411862 -0.078371122 -3.134527922 0.001153568 0.999869764 -0.016096894 -1.826846361 0.078399733 0.015956929 0.996794224 68.601448059
0.997544229 -0.002477776 -0.069995739 -3.211988926 0.001300656 0.999857008 -0.016857600 -1.855767488 0.070027500 0.016725158 0.997404814 69.633766174
0.998113692 -0.000751610 -0.061388977 -3.270007610 -0.000294078 0.999854982 -0.017022999 -1.883021593 0.061392862 0.017008938 0.997968733 70.658355713
0.998716891 0.001975289 -0.050604001 -3.324553013 -0.002848509 0.999848187 -0.017189641 -1.912721276 0.050562374 0.017311729 0.998570859 71.686485291
0.999228179 0.002162339 -0.039221410 -3.364490509 -0.002819589 0.999856293 -0.016709870 -1.945931554 0.039179645 0.016807564 0.999090791 72.703361511
0.999612093 0.003006918 -0.027686711 -3.394192457 -0.003467372 0.999856234 -0.016597912 -1.972778320 0.027632825 0.016687475 0.999478757 73.726211548
0.999852717 0.003858563 -0.016723940 -3.412873030 -0.004139434 0.999850392 -0.016792571 -2.006966591 0.016656643 0.016859328 0.999719083 74.767227173
0.999975264 0.003660989 -0.005993996 -3.421642065 -0.003764559 0.999842227 -0.017359678 -2.040492535 0.005929496 0.017381815 0.999831259 75.790084839
0.999996722 0.001373802 0.002161198 -3.396841764 -0.001331709 0.999811709 -0.019359417 -2.064672947 -0.002187388 0.019356474 0.999810398 76.823974609
0.999960661 -0.000514716 0.008852526 -3.378252983 0.000689906 0.999803782 -0.019798093 -2.097111702 -0.008840599 0.019803425 0.999764860 77.861259460
0.999898791 -0.004406501 0.013521660 -3.363375187 0.004677788 0.999787092 -0.020097492 -2.123958588 -0.013430222 0.020158714 0.999706566 78.906463623
0.999854505 -0.007058629 0.015522121 -3.339509249 0.007354796 0.999790430 -0.019106761 -2.158817768 -0.015384001 0.019218143 0.999696970 79.945037842
0.999825597 -0.009767887 0.015917841 -3.313563824 0.010074148 0.999763489 -0.019274881 -2.186464548 -0.015725799 0.019431878 0.999687493 80.988143921
0.999833524 -0.010118635 0.015179479 -3.295585632 0.010398777 0.999774992 -0.018491294 -2.211829185 -0.014988959 0.018646061 0.999713778 82.041587830
0.999857843 -0.010780837 0.012960071 -3.271398067 0.011015998 0.999773502 -0.018212764 -2.244681835 -0.012760787 0.018352943 0.999750078 83.104324341
0.999887168 -0.010331691 0.010899424 -3.263213634 0.010537170 0.999764681 -0.018966444 -2.277803898 -0.010700900 0.019079154 0.999760687 84.146759033
0.999917984 -0.010135404 0.007822406 -3.250739098 0.010295271 0.999733269 -0.020674698 -2.299550056 -0.007610772 0.020753538 0.999755681 85.208908081
0.999940753 -0.010103996 0.004046066 -3.243006945 0.010187748 0.999722481 -0.021243827 -2.332986355 -0.003830295 0.021283790 0.999766171 86.261466980
0.999938250 -0.011110492 0.000054575 -3.244418144 0.011109101 0.999707460 -0.021485602 -2.363503456 0.000184156 0.021484880 0.999769151 87.355049133
0.999903023 -0.013190204 -0.004462273 -3.236310005 0.013091399 0.999683261 -0.021490457 -2.395779133 0.004744325 0.021429956 0.999759078 88.412803650
0.999876797 -0.012876202 -0.008974502 -3.242503166 0.012688681 0.999706328 -0.020647712 -2.428597450 0.009237729 0.020531293 0.999746561 89.487983704
0.999845743 -0.012154387 -0.012680460 -3.261939049 0.011895131 0.999722600 -0.020324269 -2.460922956 0.012923971 0.020170297 0.999713063 90.571006775
0.999812365 -0.011141936 -0.015845772 -3.282353640 0.010832917 0.999751985 -0.019455515 -2.490050077 0.016058614 0.019280203 0.999685168 91.657844543
0.999775290 -0.009443059 -0.018980224 -3.302125931 0.009099334 0.999794543 -0.018115019 -2.520186901 0.019147383 0.017938239 0.999655783 92.740409851
0.999756634 -0.008081290 -0.020526797 -3.329113245 0.007708555 0.999805152 -0.018173177 -2.546658039 0.020669658 0.018010521 0.999624133 93.830162048
0.999725580 -0.006652954 -0.022459850 -3.344661951 0.006236652 0.999808371 -0.018554837 -2.582751751 0.022578990 0.018409675 0.999575555 94.911285400
0.999691665 -0.006893517 -0.023856800 -3.374500275 0.006419489 0.999781549 -0.019889563 -2.612735987 0.023988694 0.019730281 0.999517560 95.992347717
0.999648929 -0.007628184 -0.025373211 -3.393617630 0.007137461 0.999786794 -0.019374842 -2.651827574 0.025515597 0.019186940 0.999490321 97.082756042
0.999613583 -0.008788016 -0.026371622 -3.415446997 0.008300796 0.999793828 -0.018528048 -2.693675995 0.026529010 0.018301981 0.999480486 98.162605286
0.999595463 -0.008470716 -0.027153235 -3.443413734 0.007997117 0.999814808 -0.017503114 -2.726741314 0.027296467 0.017278882 0.999478102 99.237983704
0.999584556 -0.009212740 -0.027308835 -3.475983620 0.008749878 0.999816835 -0.017020494 -2.759798050 0.027460638 0.016774474 0.999482155 100.319320679
0.999587536 -0.007481730 -0.027726488 -3.499078751 0.007036108 0.999845088 -0.016134916 -2.794955730 0.027842913 0.015933175 0.999485314 101.392753601
0.999601185 -0.005806233 -0.027636440 -3.528251648 0.005402083 0.999877751 -0.014676028 -2.827639103 0.027718272 0.014520882 0.999510348 102.468070984
0.999610305 -0.004993693 -0.027462447 -3.561302900 0.004577415 0.999874055 -0.015200110 -2.859940529 0.027534893 0.015068480 0.999507248 103.526535034
0.999605358 -0.005858896 -0.027474552 -3.580881357 0.005384032 0.999835372 -0.017326029 -2.893867254 0.027571540 0.017171267 0.999472260 104.582084656
0.999602973 -0.006585422 -0.027394371 -3.609412193 0.006089211 0.999816597 -0.018157769 -2.923504114 0.027508924 0.017983750 0.999459684 105.630584717
0.999583304 -0.009070367 -0.027402146 -3.627058506 0.008577656 0.999800444 -0.018045051 -2.958802938 0.027560353 0.017802488 0.999461472 106.699386597
0.999559343 -0.011255310 -0.027469316 -3.651721001 0.010779056 0.999790132 -0.017424576 -2.983791828 0.027659673 0.017120801 0.999470711 107.753532410
0.999549627 -0.011729432 -0.027619474 -3.669217587 0.011305048 0.999816418 -0.015471713 -3.022097111 0.027795875 0.015152510 0.999498785 108.792297363
0.999532878 -0.013153599 -0.027585322 -3.695574760 0.012757945 0.999814034 -0.014470232 -3.056526423 0.027770525 0.014111545 0.999514759 109.834266663
0.999527514 -0.013615288 -0.027554858 -3.720184565 0.013244754 0.999819994 -0.013585273 -3.083615780 0.027734866 0.013213901 0.999527991 110.866683960
0.999519229 -0.013603831 -0.027861571 -3.744419575 0.013234469 0.999822676 -0.013398782 -3.109970570 0.028038902 0.013023607 0.999522030 111.902984619
0.999483705 -0.014685097 -0.028577929 -3.762937784 0.014317328 0.999812603 -0.013031343 -3.142436266 0.028763942 0.012615454 0.999506533 112.919319153
0.999447227 -0.015218410 -0.029557308 -3.792566299 0.014848012 0.999809027 -0.012710770 -3.169435024 0.029745098 0.012264877 0.999482214 113.917053223
0.999395967 -0.015631298 -0.031036831 -3.820014477 0.015268498 0.999812782 -0.011892090 -3.203924179 0.031216906 0.011411024 0.999447405 114.908195496
0.999346375 -0.015510657 -0.032655016 -3.854490280 0.015124205 0.999813020 -0.012048372 -3.224473000 0.032835789 0.011546616 0.999394059 115.893798828
0.999288023 -0.015486027 -0.034401741 -3.877416611 0.015065535 0.999809027 -0.012448730 -3.253037930 0.034587946 0.011921589 0.999330580 116.868118286
0.999216974 -0.016284408 -0.036058430 -3.909752846 0.015816469 0.999787509 -0.013224695 -3.276259422 0.036266118 0.012644022 0.999262214 117.804534912
0.999127448 -0.015927944 -0.038608059 -3.937424183 0.015463332 0.999804735 -0.012302988 -3.309186459 0.038796481 0.011695245 0.999178708 118.729713440
0.999072969 -0.015247340 -0.040260833 -3.974175215 0.014780444 0.999820232 -0.011869174 -3.337364197 0.040434569 0.011263098 0.999118626 119.644096375
0.998990774 -0.014615164 -0.042473823 -4.013060093 0.014146406 0.999835789 -0.011316128 -3.365263462 0.042632237 0.010703856 0.999033451 120.532272339
0.998904765 -0.013839641 -0.044696685 -4.050907612 0.013326308 0.999841928 -0.011762497 -3.389697313 0.044852410 0.011153972 0.998931289 121.396896362
0.998862207 -0.012286327 -0.046078499 -4.089018822 0.011753656 0.999861062 -0.011813260 -3.415190458 0.046217244 0.011258229 0.998867929 122.261764526
0.998802006 -0.011797731 -0.047490258 -4.124641418 0.011208284 0.999857008 -0.012659188 -3.439218760 0.047632821 0.012111737 0.998791456 123.093276978
0.998766005 -0.010340597 -0.048575327 -4.167337894 0.009663065 0.999853015 -0.014162226 -3.468043804 0.048714634 0.013675363 0.998719096 123.915344238
0.998761952 -0.009237750 -0.048879705 -4.209959030 0.008525511 0.999854743 -0.014759716 -3.491473198 0.049008951 0.014324720 0.998695552 124.724853516
0.998771548 -0.007958658 -0.048906881 -4.251044273 0.007263801 0.999870360 -0.014369108 -3.518328190 0.049014896 0.013996207 0.998699963 125.529243469
0.998786271 -0.007870786 -0.048620891 -4.291951180 0.007267617 0.999894559 -0.012569910 -3.543708801 0.048714701 0.012201296 0.998738110 126.317016602
0.998827219 -0.005615517 -0.048090264 -4.324818611 0.005101891 0.999928713 -0.010796567 -3.566422462 0.048147455 0.010538556 0.998784661 127.078445435
0.998955846 -0.002573193 -0.045613594 -4.365246773 0.002165049 0.999957204 -0.008995014 -3.588110924 0.045634799 0.008886866 0.998918653 127.811805725
0.999093652 -0.001171013 -0.042550601 -4.392847538 0.000896611 0.999978662 -0.006467364 -3.605979919 0.042557266 0.006423350 0.999073386 128.526184082
0.999257147 0.000166254 -0.038538791 -4.415876865 -0.000332605 0.999990582 -0.004310109 -3.624032021 0.038537718 0.004319726 0.999247789 129.208511353
0.999427557 0.002284967 -0.033754453 -4.434911728 -0.002379389 0.999993384 -0.002757415 -3.639372110 0.033747934 0.002836153 0.999426365 129.865997314
0.999611855 0.003608657 -0.027624967 -4.451105118 -0.003702169 0.999987543 -0.003334699 -3.658807755 0.027612591 0.003435677 0.999612868 130.485366821
0.999779761 0.005157259 -0.020342074 -4.469490051 -0.005250313 0.999975979 -0.004523680 -3.674560547 0.020318253 0.004629485 0.999782979 131.087387085
0.999911308 0.004390378 -0.012574236 -4.466661930 -0.004454104 0.999977350 -0.005044370 -3.687436819 0.012551803 0.005099928 0.999908268 131.645187378
0.999985158 0.003993426 -0.003708892 -4.465425491 -0.004017900 0.999970019 -0.006614790 -3.701277971 0.003682360 0.006629594 0.999971271 132.174102783
0.999966502 0.005101204 0.006387372 -4.457490921 -0.005052441 0.999958217 -0.007627171 -3.712897301 -0.006426014 0.007594644 0.999950469 132.669998169
0.999851108 0.004066548 0.016770702 -4.436064720 -0.003952765 0.999969006 -0.006812233 -3.731436968 -0.016797883 0.006744928 0.999836266 133.126876831
0.999600351 0.005838440 0.027657198 -4.422648907 -0.005677150 0.999966443 -0.005906720 -3.741713524 -0.027690761 0.005747345 0.999599993 133.588073730
0.999210298 0.005536488 0.039347805 -4.392162323 -0.005288818 0.999965608 -0.006395681 -3.755061150 -0.039381869 0.006182525 0.999205112 134.015487671
0.998603582 0.007323070 0.052318808 -4.367352962 -0.006952284 0.999949455 -0.007265519 -3.769050837 -0.052369371 0.006891638 0.998603940 134.404235840
0.997705519 0.005782477 0.067455344 -4.326990128 -0.005388748 0.999967337 -0.006017365 -3.777933359 -0.067487940 0.005640058 0.997704148 134.780761719
0.996354222 0.005154245 0.085156798 -4.281822205 -0.004822511 0.999979973 -0.004100787 -3.784333706 -0.085176229 0.003675168 0.996359050 135.154602051
0.994413972 0.004901836 0.105436377 -4.231133461 -0.004538777 0.999982893 -0.003683061 -3.791116953 -0.105452642 0.003183935 0.994419217 135.522293091
0.991636097 0.006315906 0.128910303 -4.167947769 -0.005609754 0.999967217 -0.005840207 -3.800945759 -0.128942966 0.005068205 0.991638958 135.883010864
0.987637877 0.014113760 0.156115651 -4.106882095 -0.013073915 0.999885023 -0.007685607 -3.808208942 -0.156206176 0.005549554 0.987708926 136.246810913
0.982543945 0.019986328 0.184953839 -4.031000137 -0.017804986 0.999751031 -0.013447514 -3.828710556 -0.185176551 0.009919674 0.982655108 136.599090576
0.976394594 0.023175167 0.214747369 -3.933416367 -0.018058108 0.999505043 -0.025759839 -3.849595547 -0.215238079 0.021273838 0.976329863 136.936508179
0.968623579 0.022088714 0.247548848 -3.819034576 -0.012389581 0.999095798 -0.040670361 -3.868967056 -0.248223379 0.036327247 0.968021452 137.245513916
0.959283590 0.021974426 0.281588554 -3.699367523 -0.006493360 0.998421252 -0.055793285 -3.886139870 -0.282370061 0.051693130 0.957911849 137.542526245
0.948189318 0.022645161 0.316897631 -3.565811157 -0.002313525 0.997922301 -0.064388141 -3.896386147 -0.317697257 0.060319006 0.946271718 137.840988159
0.934346318 0.026678292 0.355366290 -3.432270050 -0.002955070 0.997739613 -0.067133352 -3.896957397 -0.356354058 0.061675675 0.932313204 138.140838623
0.917805076 0.031711325 0.395762801 -3.283294678 -0.005294526 0.997694194 -0.067663908 -3.909887314 -0.396995932 0.060006909 0.915856719 138.433410645
0.898996890 0.033199143 0.436694980 -3.121868134 -0.003183560 0.997591674 -0.069286749 -3.930325508 -0.437943518 0.060898326 0.896937430 138.700347900
0.877748132 0.027046049 0.478358299 -2.933334351 0.005402358 0.997783244 -0.066326872 -3.948791027 -0.479091883 0.060802542 0.875656307 138.963607788
0.852702975 0.016559260 0.522133470 -2.717910767 0.015812123 0.998221278 -0.057481207 -3.974203110 -0.522156537 0.057270434 0.850924551 139.211486816
0.823883891 0.009123258 0.566685081 -2.495803833 0.021300280 0.998665631 -0.047045596 -4.007709503 -0.566358149 0.050830659 0.822590292 139.453689575
0.789823890 0.008521642 0.613274455 -2.260787964 0.020732565 0.998961151 -0.040581927 -4.024232388 -0.612983227 0.044767324 0.788826644 139.682556152
0.748826742 0.009696114 0.662694871 -2.012702942 0.018114224 0.999219954 -0.035088502 -4.050347805 -0.662518144 0.038279407 0.748067081 139.900512695
0.702011824 0.007697154 0.712123692 -1.742263794 0.017232314 0.999465287 -0.027790565 -4.060184479 -0.711956859 0.031780846 0.701503634 140.080718994
0.649392724 0.000003254 0.760453105 -1.453369141 0.019389657 0.999674857 -0.016562175 -4.053000927 -0.760205865 0.025500283 0.649181545 140.248199463
0.589435399 -0.011651965 0.807731509 -1.176719666 0.023721050 0.999714434 -0.002888816 -4.063141823 -0.807467163 0.020863006 0.589543462 140.414718628
0.528138161 -0.021294918 0.848891497 -0.859699249 0.028472371 0.999567389 0.007360614 -4.058948994 -0.848680854 0.020282529 0.528516054 140.538421631
0.463206768 -0.025289930 0.885889292 -0.547107697 0.028619593 0.999498188 0.013568796 -4.060439110 -0.885788023 0.019068634 0.463698179 140.637298584
0.394958258 -0.029065430 0.918239176 -0.219543457 0.027417067 0.999427140 0.019842528 -4.058024406 -0.918289900 0.017338451 0.395528913 140.717300415
0.324955732 -0.033316664 0.945142269 0.120899200 0.025365716 0.999326706 0.026505539 -4.052044868 -0.945388973 0.015361080 0.325582087 140.774841309
0.253392279 -0.038935088 0.966579676 0.448860168 0.023277577 0.999145746 0.034144584 -4.061943531 -0.967083514 0.013847655 0.254082173 140.811538696
0.184345633 -0.040833037 0.982012928 0.778247833 0.019250402 0.999094963 0.037929598 -4.052236557 -0.982672930 0.011911992 0.184964836 140.812835693
0.117915511 -0.040117282 0.992212951 1.131782532 0.016741183 0.999121904 0.038407091 -4.034658909 -0.992882431 0.012082025 0.118483543 140.823135376
0.058804460 -0.039437503 0.997490168 1.460948944 0.013839137 0.999155521 0.038687490 -4.031081200 -0.998173594 0.011529406 0.059300583 140.776870728
0.000858314 -0.040123031 0.999194443 1.819017053 0.014248414 0.999093711 0.040106751 -4.018088341 -0.999898136 0.014202511 0.001429226 140.734085083
-0.054432996 -0.042580057 0.997609138 2.184353828 0.016642388 0.998912811 0.043543767 -3.998747110 -0.998378694 0.018972818 -0.053665191 140.679458618
-0.103485666 -0.047760747 0.993483603 2.565193176 0.018872980 0.998572350 0.049971275 -3.975744486 -0.994451940 0.023921303 -0.102436520 140.599395752
-0.147122025 -0.056443952 0.987506509 2.950099945 0.014806568 0.998132885 0.059257269 -3.959934235 -0.989007533 0.023339633 -0.146011606 140.512680054
-0.184879497 -0.064422198 0.980647445 3.335731506 0.010810633 0.997655392 0.067577615 -3.933131456 -0.982701719 0.023095133 -0.183749586 140.394638062
-0.219397575 -0.072652146 0.972926736 3.737401962 0.001836740 0.997191012 0.074878238 -3.914240837 -0.975633800 0.018215112 -0.218647808 140.286422729
-0.249242038 -0.071420170 0.965804160 4.140766144 0.000315970 0.997270823 0.073828653 -3.900016308 -0.968441188 0.018706365 -0.248539254 140.157241821
-0.274891913 -0.062213551 0.959460258 4.538703918 0.002163038 0.997861803 0.065323316 -3.885105610 -0.961472690 0.020032201 -0.274169564 140.014663696
-0.297092021 -0.048108235 0.953636229 4.956993103 0.007492950 0.998581767 0.052709930 -3.867197990 -0.954819500 0.022805247 -0.296310186 139.868667603
-0.314582288 -0.034049004 0.948619366 5.388290405 0.007610492 0.999233902 0.038389511 -3.838134766 -0.949199677 0.019296123 -0.314082146 139.707534790
-0.329017967 -0.022924049 0.944045246 5.790958405 0.006149859 0.999632061 0.026417190 -3.813503742 -0.944303572 0.014497478 -0.328755945 139.551300049
-0.340923369 -0.017694848 0.939924538 6.233566284 0.000238582 0.999821126 0.018908989 -3.783706427 -0.940091074 0.006670764 -0.340858102 139.391189575
-0.350872755 -0.020626556 0.936195970 6.693683624 -0.001813101 0.999770403 0.021347724 -3.771956921 -0.936421335 0.005792919 -0.350829601 139.212692261
-0.359535307 -0.027227251 0.932734251 7.165992737 0.000722058 0.999565780 0.029456446 -3.772623539 -0.933131158 0.011264121 -0.359359503 139.017379761
-0.367225111 -0.029650927 0.929659367 7.643054962 0.004367947 0.999425709 0.033601463 -3.766083717 -0.930121839 0.016400004 -0.366884708 138.814605713
-0.373655885 -0.028213341 0.927138269 8.131286621 0.006153909 0.999439955 0.032893673 -3.755919456 -0.927546978 0.017996443 -0.373272985 138.609375000
-0.378353536 -0.024455849 0.925338089 8.623641968 0.005585048 0.999572456 0.028701413 -3.741249084 -0.925644338 0.016027339 -0.378055096 138.401290894
-0.382616550 -0.022356354 0.923636794 9.127746582 0.004366552 0.999652267 0.026005128 -3.725237846 -0.923896968 0.013983101 -0.382385790 138.193283081
-0.385645747 -0.022184819 0.922380149 9.636287689 0.003842120 0.999663591 0.025650004 -3.711908817 -0.922638953 0.013435711 -0.385430753 137.982162476
-0.387736589 -0.021398308 0.921521842 10.157341003 0.005533587 0.999658465 0.025540985 -3.699127674 -0.921753585 0.015002494 -0.387485653 137.754882812
-0.389044225 -0.020480989 0.920991480 10.675884247 0.008727750 0.999626100 0.025916431 -3.692926645 -0.921177745 0.018120818 -0.388720006 137.533554077
-0.389275908 -0.020307019 0.920897365 11.219253540 0.009241329 0.999620557 0.025949407 -3.681695938 -0.921074867 0.018611794 -0.388940424 137.295989990
-0.389087200 -0.021005388 0.920961440 11.763885498 0.007597209 0.999632895 0.026009396 -3.667116642 -0.921169639 0.017116666 -0.388784736 137.067230225
-0.388251096 -0.021534376 0.921302021 12.307788849 0.007279230 0.999624133 0.026432648 -3.657922268 -0.921524882 0.016968871 -0.387948424 136.838928223
-0.387019008 -0.021618845 0.921818256 12.853473663 0.007870070 0.999611259 0.026747474 -3.649182320 -0.922038078 0.017606556 -0.386698455 136.608169556
-0.385575533 -0.021578064 0.922423959 13.397399902 0.009166648 0.999587595 0.027214823 -3.642594576 -0.922630727 0.018948903 -0.385218769 136.375091553
-0.384320468 -0.021748886 0.922943532 13.946334839 0.009103885 0.999584675 0.027345838 -3.628015995 -0.923154891 0.018911935 -0.383962750 136.149047852
-0.382603943 -0.022990366 0.923626423 14.487102509 0.008675820 0.999556839 0.028474268 -3.617666721 -0.923871696 0.018907586 -0.382234931 135.923599243
-0.380989403 -0.026024619 0.924213052 15.014461517 0.008329527 0.999466598 0.031577345 -3.610319138 -0.924541891 0.019728893 -0.380569398 135.703903198
-0.379722655 -0.028156769 0.924671769 15.538478851 0.008975739 0.999377489 0.034117546 -3.599256992 -0.925056756 0.021254815 -0.379233569 135.497772217
-0.377213985 -0.028506052 0.925687313 16.037525177 0.010721394 0.999324799 0.035142601 -3.586627483 -0.926064074 0.023180939 -0.376653671 135.289001465
-0.374497592 -0.028746471 0.926782191 16.515705109 0.011119889 0.999308228 0.035489410 -3.583748102 -0.927161217 0.023596415 -0.373918831 135.100448608
-0.372211665 -0.028147399 0.927721083 16.963016510 0.011388599 0.999326289 0.034889165 -3.573378563 -0.928077996 0.023551594 -0.371640444 134.921875000
-0.369844824 -0.027039953 0.928699970 17.404947281 0.010231474 0.999397218 0.033172950 -3.564321041 -0.929037213 0.021770813 -0.369345337 134.748001099
-0.367859900 -0.025055127 0.929543614 17.840114594 0.010034448 0.999471784 0.030911045 -3.553900719 -0.929827094 0.020698387 -0.367414206 134.582611084
-0.365606844 -0.024296137 0.930452168 18.261734009 0.011278368 0.999470294 0.030530004 -3.552726507 -0.930700958 0.021655962 -0.365139097 134.414871216
-0.363288850 -0.025735110 0.931321144 18.675313950 0.012790350 0.999386430 0.032605205 -3.542444706 -0.931588769 0.023757031 -0.362736821 134.265518188
-0.360222369 -0.027480967 0.932461679 19.068279266 0.013662471 0.999303281 0.034728888 -3.534749031 -0.932766378 0.025249850 -0.359596044 134.110809326
-0.357503116 -0.028761446 0.933468997 19.443492889 0.013042422 0.999274373 0.035784032 -3.527094364 -0.933820903 0.024967602 -0.356868595 133.974685669
-0.353022575 -0.028972350 0.935166061 19.777368546 0.013115254 0.999269009 0.035909288 -3.524595976 -0.935522795 0.024941729 -0.352384537 133.837249756
-0.347899169 -0.028661823 0.937093675 20.099843979 0.012841860 0.999293149 0.035331830 -3.517489672 -0.937443912 0.024325939 -0.347285151 133.722671509
-0.342996687 -0.027944122 0.938920796 20.393833160 0.012471551 0.999333739 0.034298103 -3.510667324 -0.939253747 0.023473935 -0.342419714 133.619400024
-0.339447647 -0.028692938 0.940187275 20.670398712 0.011458166 0.999334276 0.034634896 -3.510088444 -0.940555096 0.022529555 -0.338892877 133.524200439
-0.336856276 -0.028770117 0.941116452 20.923686981 0.011686577 0.999328256 0.034732673 -3.501765728 -0.941483557 0.022698347 -0.336293727 133.433181763
-0.334613591 -0.028074058 0.941937149 21.150075912 0.012389017 0.999338746 0.034185957 -3.496595383 -0.942273915 0.023108760 -0.334044486 133.350509644
-0.332924306 -0.027045630 0.942565620 21.364015579 0.012515190 0.999373734 0.033096161 -3.493502617 -0.942870438 0.022814903 -0.332377315 133.276458740
-0.331375211 -0.026838616 0.943117261 21.554647446 0.011805487 0.999399126 0.032588240 -3.492779970 -0.943425119 0.021932893 -0.330859214 133.212600708
-0.330905735 -0.024594985 0.943343282 21.750341415 0.009823348 0.999516428 0.029505368 -3.480394363 -0.943612695 0.019030282 -0.330504060 133.145065308
-0.333238095 -0.022952542 0.942563236 21.930076599 0.008222972 0.999594867 0.027248517 -3.484904289 -0.942806840 0.016830916 -0.332914323 133.080505371
-0.336351067 -0.021763422 0.941485167 22.118108749 0.008910437 0.999614596 0.026290452 -3.480407953 -0.941694498 0.017231863 -0.336027503 133.006927490
-0.339849263 -0.021711132 0.940229297 22.304409027 0.010626571 0.999581039 0.026922652 -3.478484869 -0.940419793 0.019141056 -0.339476198 132.934371948
-0.342691094 -0.021587145 0.939200163 22.489435196 0.012720459 0.999537706 0.027615365 -3.475131989 -0.939362049 0.021410597 -0.342258036 132.857711792
-0.344236016 -0.021336086 0.938640714 22.673627853 0.013998451 0.999513984 0.027853565 -3.471417904 -0.938778818 0.022727717 -0.343770027 132.787414551
-0.343798727 -0.021547368 0.938796103 22.856821060 0.014965398 0.999484003 0.028420795 -3.476120710 -0.938924134 0.023820490 -0.343298852 132.721038818
-0.341620088 -0.021435184 0.939593613 23.040824890 0.014328365 0.999504864 0.028011503 -3.468985081 -0.939728856 0.023032131 -0.341143817 132.658294678
-0.338161230 -0.020636396 0.940862000 23.219184875 0.013061712 0.999560356 0.026618451 -3.466765642 -0.940997601 0.021290593 -0.337742954 132.600708008
-0.333143622 -0.017731000 0.942709386 23.403562546 0.012756649 0.999646902 0.023309978 -3.464580059 -0.942789793 0.019791380 -0.332799762 132.535873413
-0.327623963 -0.012135346 0.944730282 23.608049393 0.012927264 0.999766290 0.017325360 -3.458221912 -0.944719791 0.017888982 -0.327390492 132.472640991
-0.320306838 -0.007253078 0.947286069 23.832677841 0.014328188 0.999819219 0.012500113 -3.453864098 -0.947205424 0.017576763 -0.320145011 132.404357910
-0.311543584 -0.005517643 0.950215876 24.081455231 0.014464342 0.999839723 0.010548165 -3.451117039 -0.950121760 0.017030461 -0.311413854 132.333541870
-0.301481038 -0.006228640 0.953451812 24.357749939 0.014834403 0.999826908 0.011222228 -3.445131302 -0.953356683 0.017527182 -0.301336497 132.253097534
-0.290472031 -0.006967388 0.956858158 24.668617249 0.014044430 0.999834657 0.011543771 -3.437675476 -0.956780374 0.016791670 -0.290326178 132.166854858
-0.279495418 -0.007897435 0.960114539 25.000850677 0.013513487 0.999834716 0.012158016 -3.434468985 -0.960051835 0.016372604 -0.279342502 132.079544067
-0.268431276 -0.008424598 0.963262022 25.358364105 0.013513552 0.999830365 0.012510231 -3.429453373 -0.963203967 0.016375229 -0.268271893 131.988281250
-0.258122087 -0.009184675 0.966068625 25.741313934 0.013105138 0.999829531 0.013007187 -3.430085659 -0.966023386 0.016017905 -0.257957727 131.897048950
-0.249048784 -0.009818378 0.968441129 26.134508133 0.012487723 0.999832869 0.013348037 -3.421223640 -0.968410373 0.015417939 -0.248884574 131.804443359
-0.241626889 -0.010993834 0.970306933 26.557167053 0.011953792 0.999826193 0.014305039 -3.419569492 -0.970295668 0.015055328 -0.241453469 131.700973511
-0.236652017 -0.010967483 0.971532524 27.019321442 0.011607212 0.999832988 0.014114319 -3.404231787 -0.971525133 0.014616968 -0.236485183 131.603332520
-0.233208239 -0.012144600 0.972350895 27.485229492 0.009781376 0.999842107 0.014833924 -3.398386717 -0.972377598 0.012970325 -0.233052596 131.490692139
-0.231889844 -0.013001774 0.972655177 27.998573303 0.007873170 0.999852836 0.015242370 -3.388786793 -0.972710133 0.011192432 -0.231753334 131.364883423
-0.232320502 -0.014820654 0.972526431 28.520412445 0.007773333 0.999823630 0.017093571 -3.384872675 -0.972608149 0.011530959 -0.232164338 131.240753174
-0.233675674 -0.016641116 0.972172260 29.060867310 0.007465780 0.999793291 0.018908430 -3.372575998 -0.972285867 0.011676466 -0.233503148 131.112075806
-0.235631868 -0.016272133 0.971706152 29.612951279 0.007951059 0.999794006 0.018670568 -3.364318371 -0.971809745 0.012125474 -0.235453963 130.971191406
-0.238148019 -0.015001763 0.971112967 30.182825089 0.007629345 0.999820888 0.017316202 -3.354657650 -0.971198857 0.011532777 -0.237990901 130.832870483
-0.240076765 -0.013752489 0.970656455 30.777666092 0.008030473 0.999837279 0.016152143 -3.345375061 -0.970720708 0.011672585 -0.239927292 130.683868408
-0.242031083 -0.013464171 0.970175087 31.384403229 0.008083953 0.999840975 0.015892593 -3.334419250 -0.970234871 0.011689351 -0.241883770 130.526535034
-0.244306073 -0.013226481 0.969607949 32.014118195 0.008286814 0.999841928 0.015726887 -3.325274706 -0.969662786 0.011877134 -0.244157881 130.367095947
-0.245993212 -0.013715330 0.969174445 32.657649994 0.008116665 0.999835610 0.016209386 -3.313187361 -0.969237626 0.011853861 -0.245841473 130.200302124
-0.247984260 -0.013947455 0.968663633 33.317195892 0.008054023 0.999832034 0.016458128 -3.303031445 -0.968730569 0.011882994 -0.247830272 130.036087036
-0.249403939 -0.013169467 0.968309999 33.995998383 0.008062139 0.999844611 0.015674889 -3.296472788 -0.968365967 0.011716031 -0.249259025 129.849777222
-0.251226902 -0.012606055 0.967846096 34.689823151 0.008051931 0.999853313 0.015113010 -3.286751509 -0.967894673 0.011589825 -0.251088589 129.671432495
-0.252373099 -0.011966743 0.967556119 35.403831482 0.007933342 0.999864280 0.014435632 -3.274643660 -0.967597425 0.011319119 -0.252243966 129.482177734
-0.253503799 -0.013375676 0.967241943 36.131065369 0.008299303 0.999837458 0.016001591 -3.263706207 -0.967298687 0.012083897 -0.253351599 129.292694092
-0.254064679 -0.016370464 0.967048645 36.881439209 0.009061856 0.999772549 0.019305168 -3.254901648 -0.967144787 0.013668017 -0.253858536 129.084762573
-0.255504131 -0.021146564 0.966576636 37.647525787 0.008150931 0.999678075 0.024025362 -3.241350174 -0.966773570 0.014017079 -0.255249530 128.881652832
-0.256419808 -0.022041798 0.966314197 38.424739838 0.009457296 0.999634922 0.025311425 -3.225186348 -0.966519356 0.015629068 -0.256117672 128.671234131
-0.256473750 -0.022266701 0.966294646 39.218273163 0.010768341 0.999606609 0.025892455 -3.208759069 -0.966491222 0.017046126 -0.256133139 128.454360962
-0.255740225 -0.019408112 0.966550708 40.035781860 0.009908065 0.999693274 0.022695186 -3.182602167 -0.966694772 0.015380721 -0.255469531 128.236633301
-0.254998565 -0.018600676 0.966762483 40.829696655 0.010783352 0.999698102 0.022078639 -3.167959690 -0.966881275 0.016054962 -0.254721016 128.026031494
-0.253848612 -0.017125705 0.967092335 41.659496307 0.010987659 0.999727666 0.020587742 -3.147350311 -0.967181563 0.015852250 -0.253591329 127.804206848
-0.252752990 -0.019544711 0.967333436 42.507186890 0.009752422 0.999693751 0.022746736 -3.133817196 -0.967481613 0.015183150 -0.252484977 127.585815430
-0.251028836 -0.019275323 0.967787683 43.370315552 0.009980880 0.999697089 0.022499742 -3.117372990 -0.967928112 0.015307460 -0.250760406 127.360275269
-0.248004898 -0.018028254 0.968591034 44.255622864 0.009921013 0.999727130 0.021148037 -3.099182367 -0.968707979 0.014854219 -0.247758374 127.127304077
-0.244563490 -0.016390441 0.969494760 45.143413544 0.011201864 0.999742568 0.019727588 -3.082435608 -0.969568670 0.015684793 -0.244316950 126.901931763
-0.240967095 -0.016956797 0.970385134 46.041957855 0.012961838 0.999701917 0.020687792 -3.065813065 -0.970446706 0.017563052 -0.240675509 126.678459167
