1.000000000 0.000000000 0.000000000 0.000000000 0.000000000 1.000000000 0.000000000 0.000000000 0.000000000 0.000000000 1.000000000 0.000000000
0.999999285 -0.000215795 0.001173236 0.002919100 0.000216282 0.999999881 -0.000415143 -0.001272094 -0.001173147 0.000415396 0.999999225 0.435183644
0.999996245 0.001861953 0.002015104 0.002591284 -0.001856467 0.999994576 -0.002720692 -0.003592305 -0.002020159 0.002716941 0.999994278 0.861039102
0.999993145 0.003076440 0.002057879 -0.003434729 -0.003065790 0.999981999 -0.005158635 -0.005079890 -0.002073712 0.005152291 0.999984562 1.281448007
0.999998152 0.001869272 -0.000219549 -0.000010488 -0.001870435 0.999983549 -0.005424928 -0.014253655 0.000209404 0.005425329 0.999985278 1.713099003
0.999993324 -0.001218547 -0.003437117 0.001452065 0.001196894 0.999979436 -0.006294746 -0.016411491 0.003444717 0.006290589 0.999974310 2.131175280
0.999959648 -0.004525261 -0.007748163 0.005385978 0.004485706 0.999976993 -0.005114823 -0.022927221 0.007771130 0.005079861 0.999956965 2.546161890
0.999908864 -0.006425174 -0.011873628 0.000302009 0.006374576 0.999970376 -0.004294332 -0.028912522 0.011900868 0.004218251 0.999920249 2.965867758
0.999859095 -0.004975152 -0.016032839 -0.010778476 0.004914959 0.999980688 -0.003791546 -0.037589159 0.016051393 0.003712210 0.999864280 3.373252392
0.999787450 -0.003924384 -0.020235941 -0.021373816 0.003847892 0.999985337 -0.003817529 -0.041298762 0.020250624 0.003738852 0.999787927 3.784843206
0.999696732 -0.003531903 -0.024370987 -0.034115732 0.003433715 0.999985814 -0.004069557 -0.050662652 0.024385011 0.003984641 0.999694705 4.186596394
0.999584794 -0.003103931 -0.028645201 -0.045128845 0.002992007 0.999987662 -0.003949277 -0.054557405 0.028657107 0.003861930 0.999581814 4.580661297
0.999441922 -0.004110568 -0.033149648 -0.057442859 0.003989228 0.999985099 -0.003725729 -0.062835544 0.033164471 0.003591408 0.999443412 4.970748901
0.999258876 -0.004374128 -0.038244221 -0.070709348 0.004174099 0.999977171 -0.005308602 -0.064901143 0.038266569 0.005145032 0.999254286 5.352719784
0.999088407 -0.004842327 -0.042412754 -0.088614255 0.004596137 0.999972045 -0.005900225 -0.069300838 0.042440135 0.005699912 0.999082744 5.730116844
0.998921216 -0.003973491 -0.046266884 -0.108313665 0.003741597 0.999980092 -0.005097606 -0.076272950 0.046286214 0.004918995 0.998916090 6.094115257
0.998752296 -0.002984906 -0.049848251 -0.127659231 0.002783118 0.999987662 -0.004116958 -0.085892677 0.049859926 0.003973088 0.998748302 6.448152542
0.998618066 -0.002141684 -0.052510947 -0.153161496 0.001955816 0.999991655 -0.003590727 -0.090563402 0.052518200 0.003483063 0.998613894 6.790001392
0.998474598 -0.001608038 -0.055188607 -0.170478150 0.001426837 0.999993503 -0.003322556 -0.097596526 0.055193588 0.003238743 0.998470426 7.117016792
0.998381793 -0.000324502 -0.056865480 -0.193327636 0.000111758 0.999992967 -0.003744310 -0.102938965 0.056866296 0.003731895 0.998374820 7.433586597
0.998286247 -0.000338976 -0.058518499 -0.209746227 0.000081787 0.999990344 -0.004397351 -0.107786305 0.058519427 0.004385029 0.998276651 7.733708382
0.998184443 -0.000135145 -0.060230501 -0.226889551 -0.000185044 0.999985874 -0.005310453 -0.113647245 0.060230367 0.005311958 0.998170376 8.020547867
0.998098850 0.000087935 -0.061632972 -0.246735901 -0.000457396 0.999981999 -0.005980439 -0.119412988 0.061631341 0.005997261 0.998080969 8.293892860
0.997995794 0.000994631 -0.063272871 -0.264740288 -0.001463437 0.999971807 -0.007363365 -0.126480415 0.063263759 0.007441203 0.997969091 8.562009811
0.997931361 0.002179327 -0.064250812 -0.282975227 -0.002740141 0.999958873 -0.008641686 -0.131229877 0.064229347 0.008799867 0.997896373 8.821539879
0.997881711 0.002407380 -0.065009117 -0.297368169 -0.003042050 0.999948680 -0.009665568 -0.136623994 0.064982511 0.009842856 0.997837901 9.075465202
0.997871280 0.001039734 -0.065205291 -0.313856363 -0.001716198 0.999945283 -0.010319233 -0.143817514 0.065190986 0.010409170 0.997818530 9.319413185
0.997839034 -0.000475757 -0.065703839 -0.329513252 -0.000281128 0.999933720 -0.011509916 -0.150460139 0.065704972 0.011503514 0.997772872 9.562899590
0.997770548 0.000366560 -0.066737652 -0.344776303 -0.001255067 0.999911070 -0.013271980 -0.155850977 0.066726848 0.013326151 0.997682214 9.806273460
0.997719646 0.002361228 -0.067453101 -0.364871114 -0.003283023 0.999902666 -0.013558139 -0.160062134 0.067414515 0.013748673 0.997630239 10.045351982
0.997624338 0.004842974 -0.068718731 -0.383572966 -0.005650158 0.999917269 -0.011556705 -0.164051861 0.068657070 0.011917523 0.997569084 10.288568497
0.997612953 0.004166855 -0.068927944 -0.400671601 -0.004760636 0.999952972 -0.008452501 -0.162525713 0.068889491 0.008760465 0.997585833 10.533088684
0.997618616 0.002222852 -0.068936169 -0.416015118 -0.002686852 0.999974370 -0.006638875 -0.167954743 0.068919644 0.006808286 0.997598946 10.772114754
0.997614026 0.001188672 -0.069027469 -0.427779406 -0.001759883 0.999964774 -0.008214901 -0.174805552 0.069015265 0.008316780 0.997580945 11.010757446
0.997597098 0.002140575 -0.069249131 -0.443053454 -0.002891458 0.999938071 -0.010744804 -0.183841392 0.069221832 0.010919216 0.997541547 11.241244316
0.997607410 0.002871957 -0.069074489 -0.459863275 -0.003712216 0.999920607 -0.012039246 -0.191159070 0.069034427 0.012266859 0.997538865 11.471594810
0.997616053 0.004012673 -0.068892509 -0.476687670 -0.004899546 0.999907196 -0.012709148 -0.197295427 0.068835147 0.013016392 0.997543097 11.699510574
0.997623324 0.003229485 -0.068827100 -0.489340872 -0.004132732 0.999907196 -0.012985071 -0.206176013 0.068778776 0.013238655 0.997544110 11.932588577
0.997639894 0.002253319 -0.068626344 -0.499885678 -0.003160287 0.999909043 -0.013110339 -0.207219005 0.068590574 0.013296276 0.997556329 12.164940834
0.997708797 0.001572953 -0.067636602 -0.517194271 -0.002386387 0.999925792 -0.011947417 -0.212754011 0.067612775 0.012081453 0.997638404 12.389819145
0.997792363 0.003625779 -0.066310257 -0.536470592 -0.004625591 0.999877810 -0.014930482 -0.216399610 0.066248015 0.015204246 0.997687280 12.625354767
0.997827590 0.006897640 -0.065518156 -0.555958152 -0.008433782 0.999695301 -0.023198482 -0.218355656 0.065338172 0.023700647 0.997581661 12.875461578
0.997910738 0.006117049 -0.064319588 -0.575062037 -0.008115663 0.999490857 -0.030857988 -0.220481768 0.064098075 0.031315506 0.997452140 13.139224052
0.997999072 0.002924357 -0.063161388 -0.582353592 -0.005062607 0.999418557 -0.033720292 -0.224188328 0.063026041 0.033972580 0.997433424 13.425433159
0.998104751 0.000638418 -0.061534975 -0.599284768 -0.002510811 0.999536037 -0.030355595 -0.237005338 0.061487038 0.030452564 0.997643113 13.733542442
0.998197436 0.000362854 -0.060013335 -0.612611711 -0.002045325 0.999606431 -0.027975908 -0.249418050 0.059979573 0.028048230 0.997805476 14.059438705
0.998317242 0.002270286 -0.057943918 -0.630769491 -0.003781965 0.999654949 -0.025992334 -0.261457324 0.057864919 0.026167739 0.997981429 14.394876480
0.998401344 0.002102241 -0.056481063 -0.644596636 -0.003517736 0.999681890 -0.024973677 -0.273018420 0.056410596 0.025132440 0.998091280 14.746841431
0.998522997 0.001692697 -0.054304417 -0.663891017 -0.003145529 0.999639034 -0.026679182 -0.279788673 0.054239657 0.026810592 0.998167932 15.102191925
0.998622775 -0.000637234 -0.052459948 -0.670358479 -0.000827705 0.999610484 -0.027898436 -0.292149365 0.052457288 0.027903439 0.998233259 15.475439072
0.998753428 -0.000674570 -0.049911164 -0.694052577 -0.000723719 0.999607980 -0.027992187 -0.305019915 0.049910471 0.027993420 0.998361230 15.848987579
0.998805821 -0.000902986 -0.048848096 -0.705327451 -0.000374823 0.999658167 -0.026143339 -0.322785974 0.048854999 0.026130427 0.998463929 16.241680145
0.998865962 -0.000673028 -0.047605332 -0.720857143 -0.000520493 0.999686003 -0.025054336 -0.326305747 0.047607228 0.025050703 0.998551965 16.644639969
0.998915076 -0.000304720 -0.046567198 -0.739830136 -0.000803766 0.999716818 -0.023783434 -0.335383326 0.046561252 0.023795065 0.998631954 17.053821564
0.998934388 0.000710058 -0.046147615 -0.764499962 -0.001777007 0.999731958 -0.023083454 -0.349386334 0.046118852 0.023140859 0.998667896 17.460897446
0.998888254 0.001224374 -0.047124587 -0.782852829 -0.002300808 0.999737561 -0.022794854 -0.358880907 0.047084309 0.022877939 0.998628855 17.893220901
0.998813987 0.001570167 -0.048664045 -0.797205865 -0.002574586 0.999784827 -0.020584058 -0.373515397 0.048621252 0.020684935 0.998603106 18.348457336
0.998774529 0.001922205 -0.049454078 -0.823079050 -0.002855384 0.999819100 -0.018805884 -0.388010085 0.049408983 0.018924050 0.998599350 18.790544510
0.998744965 0.004285675 -0.049901184 -0.853870451 -0.005225747 0.999810994 -0.018723475 -0.394615531 0.049811512 0.018960746 0.998578727 19.243574142
0.998655021 0.006033232 -0.051494379 -0.873206079 -0.007050201 0.999783218 -0.019590417 -0.410987377 0.051365018 0.019927114 0.998481154 19.725210190
0.998601496 0.009169593 -0.052069377 -0.902513266 -0.010194221 0.999759018 -0.019446770 -0.421309382 0.051878512 0.019950375 0.998454094 20.183765411
0.998559475 0.009516753 -0.052805301 -0.925356746 -0.010401664 0.999809682 -0.016508568 -0.427768826 0.052638140 0.017034046 0.998468339 20.660850525
0.998566151 0.008326981 -0.052880056 -0.951852918 -0.008955576 0.999891818 -0.011661410 -0.436607271 0.052777231 0.012118259 0.998532832 21.135627747
0.998502851 0.007850811 -0.054133691 -0.969241977 -0.008264856 0.999938190 -0.007428966 -0.449166238 0.054072030 0.007865247 0.998506129 21.621126175
0.998471916 0.009960650 -0.054356650 -0.996978521 -0.010301403 0.999928892 -0.005992257 -0.455602914 0.054293096 0.006543045 0.998503566 22.112407684
0.998306930 0.017623000 -0.055432469 -1.027050614 -0.017883165 0.999831259 -0.004200783 -0.466218054 0.055349085 0.005184978 0.998453617 22.590240479
0.998239696 0.018324554 -0.056407362 -1.057624936 -0.018644573 0.999812901 -0.005152276 -0.471551627 0.056302398 0.006194897 0.998394549 23.072320938
0.998201847 0.018031277 -0.057167049 -1.087621689 -0.018439513 0.999808013 -0.006621608 -0.478108585 0.057036687 0.007663833 0.998342633 23.557695389
0.998174250 0.015736083 -0.058315750 -1.106178522 -0.016289914 0.999826431 -0.009033838 -0.478548765 0.058163472 0.009967302 0.998257339 24.055294037
0.998162925 0.014490165 -0.058829203 -1.128970385 -0.015102105 0.999836206 -0.009970695 -0.485566407 0.058675095 0.010840822 0.998218358 24.552799225
0.998145819 0.016035872 -0.058717921 -1.160289884 -0.016581969 0.999823511 -0.008824890 -0.501824737 0.058566056 0.009782185 0.998235583 25.053842545
0.998148561 0.018808322 -0.057841621 -1.193367720 -0.019304402 0.999781370 -0.008029722 -0.510170996 0.057677958 0.009131454 0.998293459 25.554603577
0.998177052 0.020355301 -0.056818038 -1.221706033 -0.020821927 0.999754071 -0.007632631 -0.517921686 0.056648701 0.008801779 0.998355329 26.058595657
0.998285294 0.018312005 -0.055598084 -1.247233152 -0.018770808 0.999793828 -0.007741144 -0.526881099 0.055444859 0.008771491 0.998423219 26.565402985
0.998341858 0.017663212 -0.054787140 -1.267332315 -0.018119510 0.999805033 -0.007843019 -0.536936581 0.054637928 0.008822730 0.998467267 27.080392838
0.998425066 0.016627612 -0.053579662 -1.292544127 -0.017063364 0.999824882 -0.007685670 -0.546106040 0.053442482 0.008587817 0.998533964 27.598167419
0.998497248 0.015483089 -0.052568592 -1.314821959 -0.015908308 0.999843895 -0.007680026 -0.559606254 0.052441485 0.008504764 0.998587668 28.116363525
0.998574018 0.014313542 -0.051429283 -1.339116693 -0.014774709 0.999853790 -0.008598027 -0.563789606 0.051298689 0.009345617 0.998639762 28.647497177
0.998631179 0.014427752 -0.050276265 -1.364133596 -0.014912144 0.999845803 -0.009272828 -0.566864192 0.050134722 0.010009863 0.998692334 29.172241211
0.998660922 0.014371830 -0.049697820 -1.385207415 -0.014853023 0.999846220 -0.009326636 -0.579218268 0.049556136 0.010052307 0.998720825 29.710168839
0.998700857 0.014742797 -0.048778042 -1.410645127 -0.015247012 0.999833941 -0.009981052 -0.586142659 0.048622791 0.010711806 0.998759806 30.242626190
0.998769701 0.012963505 -0.047863401 -1.434240818 -0.013450872 0.999860764 -0.009874432 -0.597160399 0.047728729 0.010506089 0.998805106 30.782743454
0.998779655 0.012587779 -0.047756229 -1.453383446 -0.013097458 0.999860287 -0.010374628 -0.605973423 0.047618963 0.010987450 0.998805165 31.328014374
0.998807251 0.012668164 -0.047155052 -1.478627324 -0.013197629 0.999853075 -0.010933818 -0.615281880 0.047009617 0.011543110 0.998827815 31.871086121
0.998850524 0.011285522 -0.046586726 -1.507810593 -0.011846939 0.999860227 -0.011792524 -0.625351310 0.046447136 0.012330879 0.998844683 32.424293518
0.998838902 0.011060528 -0.046888132 -1.528433204 -0.011646569 0.999857187 -0.012244031 -0.636540473 0.046746004 0.012775901 0.998825133 32.990028381
0.998865843 0.010785988 -0.046375033 -1.555078149 -0.011409864 0.999847591 -0.013209252 -0.644963205 0.046225499 0.013723406 0.998836815 33.552825928
0.998864710 0.010495052 -0.046466496 -1.580722690 -0.011144508 0.999843538 -0.013739919 -0.655754924 0.046315026 0.014242168 0.998825371 34.126350403
0.998821914 0.010665856 -0.047341578 -1.603360653 -0.011318686 0.999844134 -0.013543153 -0.670397460 0.047189757 0.014063041 0.998786926 34.691967010
0.998820305 0.009606854 -0.047598530 -1.620712280 -0.010272964 0.999852359 -0.013769527 -0.680948794 0.047459222 0.014242261 0.998771608 35.290756226
0.998805344 0.009330231 -0.047966283 -1.647866845 -0.010007167 0.999853373 -0.013892044 -0.694101751 0.047829639 0.014355455 0.998752356 35.875869751
0.998744428 0.009199895 -0.049243342 -1.662605762 -0.009878678 0.999859273 -0.013558741 -0.707473874 0.049111672 0.014028175 0.998694837 36.470790863
0.998729110 0.008679647 -0.049647193 -1.693819761 -0.009312075 0.999878168 -0.012521327 -0.721040130 0.049532466 0.012967731 0.998688400 37.053752899
0.998736203 0.008633056 -0.049513672 -1.726221681 -0.009184441 0.999898136 -0.010919333 -0.744478941 0.049414366 0.011360289 0.998713732 37.641510010
0.998701513 0.010347937 -0.049881913 -1.750324965 -0.010937162 0.999873459 -0.011553901 -0.743810296 0.049756043 0.012084465 0.998688281 38.250286102
0.998628020 0.010775104 -0.051245395 -1.775800705 -0.011347258 0.999876320 -0.010887158 -0.755524397 0.051121749 0.011453715 0.998626769 38.849262238
0.998597920 0.010697361 -0.051843721 -1.808976531 -0.011272882 0.999877870 -0.010821432 -0.766980290 0.051721636 0.011390686 0.998596489 39.440761566
0.998519123 0.010453364 -0.053387042 -1.832985163 -0.011082349 0.999872506 -0.011499185 -0.776144207 0.053260025 0.012073809 0.998507619 40.050201416
0.998475790 0.010475703 -0.054189201 -1.868800998 -0.011142750 0.999865651 -0.012022153 -0.788114667 0.054055981 0.012607643 0.998458266 40.639446259
0.998421311 0.011654950 -0.054946039 -1.903322697 -0.012316841 0.999855340 -0.011722961 -0.808612466 0.054801464 0.012381213 0.998420477 41.194038391
0.998341143 0.011859967 -0.056340802 -1.933728933 -0.012624109 0.999832749 -0.013226334 -0.814350903 0.056174520 0.013915642 0.998323977 41.791721344
0.998306632 0.011254984 -0.057073269 -1.970473528 -0.012039131 0.999837518 -0.013414072 -0.821214318 0.056913026 0.014078468 0.998279810 42.393726349
0.998195350 0.008868208 -0.059392773 -1.986196041 -0.009584425 0.999884546 -0.011784970 -0.844736397 0.059281409 0.012332946 0.998165071 43.003192902
0.998164356 0.011158628 -0.059528381 -2.027296782 -0.011845335 0.999867141 -0.011195373 -0.856820583 0.059395548 0.011879954 0.998163819 43.557365417
0.998072565 0.012332523 -0.060820956 -2.059738159 -0.013045881 0.999850512 -0.011345658 -0.869100392 0.060671944 0.012117253 0.998084128 44.160617828
0.998011470 0.013440699 -0.061582241 -2.103133202 -0.014252950 0.999816895 -0.012769443 -0.887298346 0.061399326 0.013621779 0.998020411 44.761409760
0.997956038 0.012870970 -0.062593885 -2.142115116 -0.013938388 0.999764264 -0.016646380 -0.895537615 0.062364865 0.017484816 0.997900307 45.366294861
0.997931063 0.009741629 -0.063551113 -2.175735235 -0.010988491 0.999753237 -0.019299872 -0.917798817 0.063347422 0.019958273 0.997791946 45.966968536
0.997919440 0.006300133 -0.064164281 -2.211958647 -0.007681215 0.999743640 -0.021300256 -0.936360180 0.064013623 0.021748800 0.997712016 46.532978058
0.997887850 0.007056026 -0.064575978 -2.255362988 -0.008555085 0.999699652 -0.022966897 -0.949847162 0.064394519 0.023470838 0.997648537 47.127742767
0.997801721 0.009636254 -0.065565422 -2.298557997 -0.011022992 0.999722481 -0.020821650 -0.967802823 0.065346569 0.021498606 0.997631073 47.727268219
0.997749627 0.010665603 -0.066194721 -2.339226723 -0.011735620 0.999806404 -0.015796959 -0.984437168 0.066013418 0.016538247 0.997681737 48.330913544
0.997705221 0.009433847 -0.067047358 -2.375305891 -0.010110760 0.999901235 -0.009763895 -0.990100443 0.066948608 0.010419388 0.997702003 48.935489655
0.997703493 0.008566885 -0.067189530 -2.410813808 -0.008717773 0.999960065 -0.001952835 -1.002329350 0.067170121 0.002534093 0.997738361 49.546188354
0.997691631 0.009836318 -0.067192517 -2.445717335 -0.009571279 0.999945104 0.004265266 -1.008360744 0.067230783 -0.003612300 0.997730911 50.145839691
0.997773111 0.010771620 -0.065823153 -2.488151789 -0.010287567 0.999917448 0.007688398 -1.020761013 0.065900527 -0.006994116 0.997801661 50.750297546
0.997822642 0.011042633 -0.065023035 -2.521309137 -0.010571977 0.999915421 0.007577939 -1.024203300 0.065101214 -0.006874018 0.997855008 51.383037567
0.997958064 0.011838760 -0.062765129 -2.558249235 -0.011598817 0.999924064 0.004185896 -1.027207375 0.062809914 -0.003449350 0.998019516 51.981975555
0.998049736 0.012852029 -0.061085727 -2.593345642 -0.012853280 0.999917388 0.000372497 -1.031055212 0.061085474 0.000413381 0.998132467 52.582733154
0.998127937 0.010422098 -0.060265306 -2.624474049 -0.010640836 0.999937952 -0.003309792 -1.033943534 0.060227074 0.003944868 0.998176992 53.190254211
0.998238683 0.008360383 -0.058733400 -2.657549143 -0.008743266 0.999942124 -0.006265030 -1.038713694 0.058677614 0.006767516 0.998254061 53.792675018
0.998359621 0.007689478 -0.056736719 -2.694130898 -0.008109299 0.999941289 -0.007172924 -1.052627325 0.056678243 0.007621250 0.998363435 54.390846252
0.998376906 0.010786344 -0.055920675 -2.731434822 -0.011182538 0.999914527 -0.006776833 -1.061145306 0.055842798 0.007391169 0.998412192 54.984001160
0.998394191 0.012997639 -0.055136953 -2.770561218 -0.013393145 0.999887049 -0.006809682 -1.071645737 0.055042215 0.007537203 0.998455524 55.576210022
0.998410165 0.014723989 -0.054409366 -2.806564569 -0.015149014 0.999857783 -0.007407430 -1.078732371 0.054292560 0.008219901 0.998491228 56.185012817
0.998374104 0.012647009 -0.055580679 -2.822851896 -0.013058860 0.999889851 -0.007053015 -1.094367743 0.055485360 0.007767368 0.998429239 56.761287689
0.998309731 0.013034204 -0.056637730 -2.848911047 -0.013469330 0.999882579 -0.007307640 -1.109738588 0.056535844 0.008058161 0.998368084 57.362354279
0.998263299 0.013811659 -0.057265610 -2.877029657 -0.014326630 0.999860466 -0.008591875 -1.118432164 0.057138953 0.009397377 0.998322010 57.964893341
0.998222828 0.015332467 -0.057584241 -2.915204525 -0.015813526 0.999843717 -0.007907588 -1.133378983 0.057453997 0.008804144 0.998309314 58.564086914
0.998142898 0.016482553 -0.058643360 -2.942539930 -0.016989363 0.999822438 -0.008154139 -1.144073248 0.058498539 0.009135309 0.998245716 59.161342621
0.998174250 0.015589449 -0.058353268 -2.984827042 -0.016039385 0.999845028 -0.007250111 -1.157219291 0.058231205 0.008172827 0.998269677 59.762439728
0.998146713 0.016544633 -0.058561463 -3.024213314 -0.016985632 0.999830961 -0.007040774 -1.168216825 0.058435071 0.008022428 0.998258889 60.338569641
0.998107135 0.016136080 -0.059344731 -3.051556349 -0.016557705 0.999840915 -0.006619810 -1.180887341 0.059228476 0.007589892 0.998215616 60.926918030
0.998096347 0.016691558 -0.059372630 -3.088351727 -0.017074443 0.999836564 -0.005947344 -1.195178032 0.059263658 0.006949777 0.998218119 61.510513306
0.998071969 0.016569262 -0.059815537 -3.122496605 -0.016927492 0.999841750 -0.005487164 -1.207356691 0.059715156 0.006489110 0.998194277 62.088577271
0.998038948 0.017585771 -0.060074568 -3.163402319 -0.017957421 0.999822855 -0.005652186 -1.217257380 0.059964526 0.006719886 0.998177826 62.669631958
0.997976720 0.018631982 -0.060789198 -3.192088127 -0.019007867 0.999803603 -0.005610959 -1.224129677 0.060672719 0.006755079 0.998134851 63.255149841
0.997922599 0.018962527 -0.061569605 -3.228723526 -0.019321268 0.999799609 -0.005236438 -1.234612942 0.061457969 0.006415163 0.998089075 63.830081940
0.997840345 0.018713534 -0.062964149 -3.261451006 -0.019045619 0.999807656 -0.004678038 -1.248326063 0.062864497 0.005867127 0.998004794 64.411888123
0.997739375 0.019769477 -0.064228557 -3.302087545 -0.020098319 0.999787927 -0.004477732 -1.251711965 0.064126410 0.005758496 0.997925103 64.975006104
0.997593760 0.020547269 -0.066215813 -3.335109949 -0.020825597 0.999776900 -0.003515765 -1.261439204 0.066128798 0.004886289 0.997799158 65.545783997
0.997409284 0.021737620 -0.068572707 -3.375304222 -0.021964358 0.999755561 -0.002554212 -1.274711370 0.068500414 0.004053750 0.997642815 66.105674744
0.997271419 0.021850493 -0.070516422 -3.413793564 -0.022106649 0.999751568 -0.002854153 -1.277364016 0.070436545 0.004405247 0.997506559 66.679748535
0.997070074 0.022877101 -0.072992474 -3.457333565 -0.023117904 0.999729753 -0.002455838 -1.284483910 0.072916552 0.004136075 0.997329533 67.241645813
0.996871233 0.024109721 -0.075276844 -3.508237839 -0.024383409 0.999698997 -0.002718675 -1.295989513 0.075188637 0.004545674 0.997159004 67.800621033
0.996599674 0.024501450 -0.078669578 -3.551082134 -0.024801452 0.999688327 -0.002838421 -1.304988503 0.078575507 0.004779888 0.996896684 68.365753174
0.996288598 0.025223605 -0.082295820 -3.603419304 -0.025641995 0.999663055 -0.004030854 -1.309052229 0.082166411 0.006126123 0.996599793 68.927421570
0.996013820 0.024999512 -0.085624292 -3.653514862 -0.025459856 0.999666691 -0.004288354 -1.323541403 0.085488550 0.006451242 0.996318221 69.472557068
0.995699465 0.025130371 -0.089169778 -3.696184158 -0.025782404 0.999648571 -0.006167807 -1.328801513 0.088983417 0.008440292 0.995997369 70.051666260
0.995355666 0.024983298 -0.092968419 -3.745026112 -0.025728095 0.999645770 -0.006821203 -1.338386297 0.092765078 0.009181423 0.995645702 70.594650269
0.995006680 0.024811614 -0.096675627 -3.794612646 -0.025627596 0.999645531 -0.007207676 -1.349740028 0.096462533 0.009649250 0.995289862 71.124610901
0.994712591 0.023456559 -0.099983081 -3.849733114 -0.024371032 0.999671519 -0.007934500 -1.356488585 0.099764131 0.010329238 0.994957447 71.654922485
0.994490385 0.023366705 -0.102189951 -3.901891708 -0.024285646 0.999674976 -0.007757428 -1.366471887 0.101975478 0.010196437 0.994734645 72.173927307
0.994362950 0.024742639 -0.103102401 -3.955597878 -0.025616730 0.999646306 -0.007162228 -1.373973608 0.102888696 0.009763002 0.994645059 72.679893494
0.994432926 0.026344087 -0.102026157 -4.009282589 -0.027157212 0.999609470 -0.006588716 -1.378119707 0.101812758 0.009322781 0.994759917 73.171798706
0.994656980 0.028633308 -0.099184684 -4.057011604 -0.029369816 0.999550700 -0.005973173 -1.389530063 0.098969094 0.008854293 0.995051086 73.652343750
0.995132089 0.030254042 -0.093792006 -4.099227905 -0.030917274 0.999506056 -0.005625939 -1.399236441 0.093575485 0.008498344 0.995575845 74.109733582
0.995846689 0.031697467 -0.085349843 -4.130373001 -0.032299995 0.999462008 -0.005687517 -1.412317276 0.085123658 0.008420695 0.996334791 74.563407898
0.996852040 0.034534678 -0.071368232 -4.152050495 -0.035032924 0.999369621 -0.005741045 -1.418642998 0.071125001 0.008223210 0.997433484 75.007919312
0.997978389 0.037692275 -0.051168598 -4.165019035 -0.038013030 0.999263227 -0.005309577 -1.428156137 0.050930753 0.007243916 0.998675883 75.439926147
0.998904526 0.039557233 -0.024999080 -4.168506622 -0.039711230 0.999194980 -0.005693439 -1.434897423 0.024753738 0.006679947 0.999671280 75.866355896
0.999178588 0.040037908 0.006246854 -4.145220280 -0.039998032 0.999179363 -0.006383220 -1.443700314 -0.006497301 0.006128114 0.999960124 76.282737732
0.998317063 0.038327366 0.043520767 -4.105161667 -0.038025219 0.999246716 -0.007749883 -1.457301140 -0.043785013 0.006081956 0.999022424 76.691139221
0.995648146 0.036446225 0.085769609 -4.040233135 -0.035817243 0.999319136 -0.008861428 -1.469532013 -0.086034164 0.005750834 0.996275604 77.091629028
0.990574419 0.034157913 0.132648215 -3.948837280 -0.033032667 0.999397218 -0.010674958 -1.476639390 -0.132932901 0.006192617 0.991105676 77.496391296
0.982560635 0.031220822 0.183302969 -3.838126183 -0.029435355 0.999489129 -0.012453997 -1.486271858 -0.183598131 0.006841218 0.982977569 77.888542175
0.971202135 0.027648026 0.236647457 -3.702623367 -0.024972200 0.999585867 -0.014297731 -1.493474483 -0.236944765 0.007976376 0.971490443 78.267601013
0.956134021 0.023945844 0.291949272 -3.534561157 -0.020389684 0.999676406 -0.015217773 -1.509443283 -0.292219222 0.008597480 0.956312716 78.615837097
0.936628640 0.019726325 0.349768221 -3.357360840 -0.015609445 0.999771833 -0.014585582 -1.517188072 -0.349976122 0.008201585 0.936722696 78.958679199
0.913162112 0.016249185 0.407272756 -3.156101227 -0.011559086 0.999835491 -0.013973916 -1.525451183 -0.407432824 0.008052749 0.913199723 79.278610229
0.885465980 0.010537192 0.464584738 -2.928737640 -0.005558109 0.999911487 -0.012085507 -1.537734270 -0.464670956 0.008119091 0.885446250 79.584442139
0.854393303 0.007003652 0.519579589 -2.685443878 -0.001462798 0.999937594 -0.011073201 -1.549456596 -0.519624829 0.008700828 0.854350209 79.876296997
0.819022298 0.007713319 0.573709905 -2.426624298 -0.000430447 0.999917626 -0.012829023 -1.552229643 -0.573761523 0.010260304 0.818958163 80.158767700
0.779273748 0.011010909 0.626586854 -2.155082703 -0.002889756 0.999898136 -0.013977112 -1.559550762 -0.626677036 0.009081314 0.779226243 80.423156738
0.735069394 0.013636089 0.677854598 -1.861904144 -0.006524012 0.999893665 -0.013039722 -1.570938826 -0.677960396 0.005162771 0.735080242 80.685813904
0.686681330 0.014905268 0.726805687 -1.538578033 -0.009059155 0.999887586 -0.011946579 -1.580783010 -0.726902127 0.001619248 0.686739087 80.936706543
0.634382308 0.012990435 0.772910297 -1.201862335 -0.006362152 0.999912620 -0.011583834 -1.584248781 -0.772993267 0.002431206 0.634409487 81.149757385
0.578826189 0.011895604 0.815364182 -0.845603943 -0.005093038 0.999926865 -0.010972705 -1.594425678 -0.815434933 0.002198610 0.578844428 81.340797424
0.519091904 0.014322138 0.854598343 -0.458839417 -0.008682618 0.999896288 -0.011483259 -1.600846767 -0.854674339 -0.001459282 0.519162595 81.532363892
0.458162665 0.015287234 0.888736904 -0.086894989 -0.009208033 0.999879956 -0.012452079 -1.607325673 -0.888820648 -0.002478440 0.458248556 81.678207397
0.400082588 0.014624110 0.916362345 0.297094345 -0.007456236 0.999891460 -0.012701756 -1.618575335 -0.916448712 -0.001750861 0.400148332 81.797355652
0.346647739 0.013667259 0.937895775 0.710042953 -0.001802951 0.999901712 -0.013904451 -1.627265215 -0.937993646 0.003128966 0.346638352 81.889236450
0.297088921 0.013925726 0.954748273 1.113502502 0.002311572 0.999880195 -0.015303300 -1.631954074 -0.954846978 0.006753410 0.297021151 81.963127136
0.251569718 0.014509581 0.967730403 1.522304535 0.004361817 0.999860466 -0.016125211 -1.642823100 -0.967829347 0.008277678 0.251471341 82.037940979
0.210703760 0.014824063 0.977437556 1.948749542 0.005096638 0.999854803 -0.016262718 -1.648402214 -0.977536678 0.008408261 0.210597590 82.103492737
0.174812287 0.014832456 0.984490037 2.367750168 0.006360577 0.999848604 -0.016193276 -1.665884018 -0.984581232 0.009092710 0.174691454 82.129936218
0.142442465 0.015711214 0.989678323 2.795136452 0.008862905 0.999813616 -0.017147733 -1.674122214 -0.989763379 0.011213993 0.142276675 82.165832520
0.114207402 0.016732477 0.993315935 3.229554176 0.010941331 0.999776363 -0.018099289 -1.680496335 -0.993396759 0.012935271 0.113998771 82.192878723
0.089117505 0.017612055 0.995865464 3.666323662 0.011772638 0.999755263 -0.018734349 -1.693129420 -0.995951533 0.013393522 0.088888370 82.214599609
0.067144372 0.017959885 0.997581661 4.122569561 0.012890978 0.999738872 -0.018866377 -1.702804208 -0.997660041 0.014126573 0.066895328 82.225128174
0.048320618 0.019000953 0.998651147 4.574316025 0.014966025 0.999693036 -0.019744921 -1.710734248 -0.998719752 0.015899925 0.048021421 82.225463867
0.032278679 0.020989735 0.999258459 5.038130760 0.017641660 0.999611795 -0.021567024 -1.720614314 -0.999323249 0.018324735 0.031895857 82.222061157
0.018743189 0.022418166 0.999572933 5.520977974 0.019519901 0.999549806 -0.022783671 -1.734308362 -0.999633789 0.019938603 0.018297149 82.215682983
0.008374237 0.022812974 0.999704719 6.013881683 0.020318666 0.999529481 -0.022979181 -1.748667598 -0.999758422 0.020505099 0.007906761 82.214981079
0.002063837 0.022711877 0.999739945 6.510257244 0.021104213 0.999518394 -0.022750413 -1.760741591 -0.999775171 0.021145677 0.001583524 82.207832336
-0.002069720 0.022938605 0.999734700 7.045745373 0.021929478 0.999497414 -0.022887763 -1.773265719 -0.999757349 0.021876292 -0.002571711 82.198425293
-0.004897486 0.023351125 0.999715269 7.576066494 0.021824772 0.999491632 -0.023238981 -1.783769608 -0.999749780 0.021704745 -0.005404630 82.192321777
-0.005590716 0.022188744 0.999738157 8.123950958 0.021296246 0.999529660 -0.022065021 -1.799209952 -0.999757588 0.021167308 -0.006060623 82.187484741
-0.004228484 0.021129763 0.999767840 8.692545891 0.021246072 0.999552906 -0.021035362 -1.812069416 -0.999765337 0.021152189 -0.004675517 82.188629150
-0.001651732 0.020801125 0.999782264 9.280200958 0.021269787 0.999558210 -0.020761328 -1.824054837 -0.999772549 0.021230862 -0.002093439 82.179412842
0.001206500 0.019881183 0.999801636 9.863904953 0.020822242 0.999585032 -0.019902010 -1.839464664 -0.999782562 0.020842120 0.000792028 82.180641174
0.004480409 0.019918056 0.999791563 10.472748756 0.019982617 0.999600232 -0.020003794 -1.850822687 -0.999790311 0.020068076 0.004080604 82.186027527
0.008075428 0.019859534 0.999770105 11.088153839 0.019662751 0.999606252 -0.020015102 -1.867320895 -0.999774158 0.019819861 0.007681756 82.197547913
0.012187376 0.019144235 0.999742448 11.722534180 0.020162627 0.999608696 -0.019387469 -1.873465180 -0.999722481 0.020393716 0.011796611 82.202583313
0.016804673 0.017278075 0.999709427 12.364468575 0.020348450 0.999637663 -0.017618883 -1.896808863 -0.999651849 0.020638617 0.016447002 82.212135315
0.021960920 0.016573433 0.999621451 13.018183708 0.021075031 0.999632716 -0.017036622 -1.906891942 -0.999536693 0.021441195 0.021603571 82.222572327
0.026264872 0.014971837 0.999542773 13.676130295 0.022328112 0.999629498 -0.015559850 -1.919826150 -0.999405622 0.022726586 0.025920853 82.242530823
0.031442385 0.014260450 0.999403834 14.337940216 0.022970174 0.999623835 -0.014986258 -1.934735298 -0.999241650 0.023427684 0.031102993 82.254486084
0.035918713 0.012239130 0.999279678 15.010581017 0.023915667 0.999628127 -0.013103036 -1.956574202 -0.999068439 0.024369089 0.035612658 82.278305054
0.040667288 0.011269526 0.999109149 15.675817490 0.023610292 0.999646306 -0.012236608 -1.966404915 -0.998893678 0.024086887 0.040386833 82.305435181
0.045523681 0.011301139 0.998899341 16.349487305 0.023707811 0.999642193 -0.012389999 -1.979381800 -0.998681843 0.024245759 0.045239471 82.334762573
0.049246326 0.011125932 0.998724759 17.028360367 0.024062973 0.999634504 -0.012322594 -1.997313023 -0.998496771 0.024639130 0.048960607 82.359352112
0.049290009 0.011196372 0.998721898 17.734703064 0.022899562 0.999661565 -0.012337075 -2.009293795 -0.998521984 0.023478387 0.049016956 82.402015686
0.049283452 0.012063265 0.998712003 18.431818008 0.022658642 0.999656260 -0.013192805 -2.022527933 -0.998527825 0.023279639 0.048993174 82.431243896
0.048456103 0.012520825 0.998746812 19.124486923 0.022812493 0.999646783 -0.013638898 -2.037869692 -0.998564780 0.023444790 0.048153356 82.464424133
0.047799930 0.013331848 0.998767972 19.834894180 0.024579549 0.999592364 -0.014519203 -2.050010204 -0.998554468 0.025243284 0.047452759 82.490249634
0.047301546 0.013622668 0.998787761 20.548255920 0.025523197 0.999563992 -0.014842009 -2.066435814 -0.998554528 0.026194306 0.046933234 82.521270752
0.046891566 0.012777630 0.998818278 21.282550812 0.026502857 0.999550223 -0.014031227 -2.082840919 -0.998548329 0.027129484 0.046531841 82.550292969
0.046151239 0.012158160 0.998860478 21.994590759 0.026253490 0.999565780 -0.013379758 -2.099555969 -0.998589396 0.026841065 0.045812003 82.574737549
0.045838956 0.011436901 0.998883307 22.721817017 0.027191631 0.999549568 -0.012692358 -2.116516829 -0.998578668 0.027743071 0.045507323 82.599899292
0.045222215 0.012055631 0.998904228 23.444707870 0.027359720 0.999537170 -0.013301897 -2.130135536 -0.998602152 0.027931282 0.044871449 82.631134033
0.045474220 0.013194024 0.998878360 24.167640686 0.027570717 0.999515295 -0.014457602 -2.148254395 -0.998584986 0.028197242 0.045088407 82.657043457
0.045655716 0.014908454 0.998845994 24.889041901 0.028062355 0.999474823 -0.016200526 -2.166926384 -0.998562992 0.028769612 0.045213375 82.686935425
0.046193484 0.015366543 0.998814285 25.618127823 0.029632980 0.999420702 -0.016746340 -2.185214043 -0.998492897 0.030371420 0.045711368 82.714454651
0.046721064 0.015570909 0.998786628 26.338701248 0.031208627 0.999367654 -0.017039841 -2.203825712 -0.998420298 0.031966873 0.046205577 82.742652893
0.046974905 0.014310035 0.998793662 27.065650940 0.032010574 0.999362290 -0.015823692 -2.219845295 -0.998383045 0.032715265 0.046486869 82.772674561
0.047436371 0.011905462 0.998803198 27.787977219 0.031350922 0.999418557 -0.013401750 -2.239167452 -0.998382092 0.031949133 0.047035545 82.808090210
0.047927704 0.010943378 0.998790860 28.519750595 0.031322833 0.999431789 -0.012453449 -2.252472162 -0.998359501 0.031881828 0.047557682 82.842666626
0.048379000 0.010324706 0.998775661 29.240957260 0.032109674 0.999413669 -0.011886638 -2.272068262 -0.998312771 0.032645423 0.048019111 82.867271423
0.048638549 0.011307215 0.998752415 29.962457657 0.031331599 0.999426603 -0.012840671 -2.286641598 -0.998324871 0.031917058 0.048256386 82.901893616
0.047186907 0.012243800 0.998811066 30.696332932 0.029811874 0.999462187 -0.013660185 -2.304646492 -0.998441041 0.030421004 0.046796527 82.933914185
0.044678312 0.012640351 0.998921394 31.416610718 0.027421568 0.999527693 -0.013874494 -2.323728800 -0.998625040 0.028011875 0.044310596 82.972244263
0.042203706 0.012406093 0.999032021 32.133125305 0.026232317 0.999564409 -0.013520877 -2.340280533 -0.998764575 0.026777556 0.041859884 82.995773315
0.040052902 0.012638390 0.999117672 32.855918884 0.025390679 0.999584198 -0.013662162 -2.354969263 -0.998874843 0.025915483 0.039715350 83.024360657
0.038208112 0.012600492 0.999190450 33.576923370 0.025289480 0.999588013 -0.013572552 -2.370486021 -0.998949707 0.025787588 0.037873715 83.050537109
0.035928123 0.012478979 0.999276400 34.302814484 0.025275694 0.999590814 -0.013391671 -2.393098831 -0.999034643 0.025738547 0.035598014 83.073501587
0.034167234 0.012882240 0.999333084 35.017585754 0.024019197 0.999617517 -0.013707126 -2.406667471 -0.999127448 0.024471514 0.033844754 83.102737427
0.033072297 0.012144212 0.999379158 35.738105774 0.023967424 0.999628961 -0.012940399 -2.427303553 -0.999165595 0.024380509 0.032768965 83.123207092
0.032124724 0.011559233 0.999417007 36.465873718 0.024984278 0.999611437 -0.012364561 -2.445662975 -0.999171555 0.025366921 0.031823441 83.145637512
0.032306552 0.011235202 0.999414861 37.193397522 0.025467403 0.999602914 -0.012060561 -2.459052801 -0.999153435 0.025842136 0.032007586 83.159652710
0.032403141 0.010814611 0.999416411 37.913459778 0.026170492 0.999589562 -0.011664984 -2.475552797 -0.999132216 0.026533201 0.032106806 83.182151794
0.032543093 0.011341618 0.999406040 38.637229919 0.026260708 0.999580801 -0.012198712 -2.493332624 -0.999125302 0.026642097 0.032231610 83.204475403
0.032993454 0.011631208 0.999387920 39.365821838 0.026220011 0.999578059 -0.012499037 -2.507797003 -0.999111593 0.026616350 0.032674558 83.226737976
0.033601675 0.011853907 0.999364972 40.071708679 0.026316961 0.999572396 -0.012741224 -2.525017023 -0.999088764 0.026728379 0.033275351 83.234237671
0.034090664 0.011620523 0.999351263 40.790000916 0.026357794 0.999574065 -0.012522255 -2.539481163 -0.999071181 0.026767584 0.033769846 83.255111694
0.034285102 0.011430844 0.999346733 41.502853394 0.026137467 0.999582350 -0.012330250 -2.557899714 -0.999070287 0.026543135 0.033972006 83.285018921
0.034445856 0.010754958 0.999348700 42.242359161 0.025989164 0.999594271 -0.011653404 -2.576307297 -0.999068618 0.026373647 0.034152370 83.298171997
0.034255259 0.011474474 0.999347270 42.970108032 0.025056563 0.999609888 -0.012336371 -2.588680267 -0.999099076 0.025462793 0.033954389 83.322746277
0.033619855 0.010931163 0.999374866 43.689853668 0.024130354 0.999639750 -0.011745827 -2.607657909 -0.999143362 0.024510162 0.033343982 83.348579407
0.032963276 0.011400148 0.999391496 44.412803650 0.023328898 0.999653697 -0.012172605 -2.621683121 -0.999184310 0.023715952 0.032685917 83.370910645
0.032434139 0.011542824 0.999407232 45.133850098 0.023678800 0.999643803 -0.012314013 -2.637747765 -0.999193370 0.024064159 0.032149255 83.390594482
0.031867627 0.011178410 0.999429584 45.854187012 0.024329865 0.999632478 -0.011956457 -2.654023170 -0.999195993 0.024697009 0.031583946 83.405967712
0.030911399 0.011661023 0.999454021 46.577732086 0.024544086 0.999621511 -0.012422081 -2.669131517 -0.999220729 0.024914669 0.030613489 83.428588867
0.030226415 0.011967647 0.999471426 47.301078796 0.025265990 0.999599636 -0.012733285 -2.685261011 -0.999223709 0.025637517 0.029911937 83.446166992
0.029761817 0.012758875 0.999475479 48.018093109 0.024349058 0.999612510 -0.013485677 -2.699153662 -0.999260366 0.024737645 0.029439619 83.465827942
0.029247681 0.012871870 0.999489427 48.751758575 0.023807298 0.999624431 -0.013570277 -2.715018749 -0.999288559 0.024192037 0.028930254 83.485031128
0.029030778 0.012358095 0.999502122 49.476055145 0.023459624 0.999639690 -0.013041187 -2.731538296 -0.999303102 0.023826541 0.028730402 83.506858826
0.028714661 0.011909139 0.999516666 50.194885254 0.023378104 0.999647439 -0.012582317 -2.751848936 -0.999314189 0.023728099 0.028426128 83.524971008
0.028665885 0.011824341 0.999519110 50.932468414 0.022689562 0.999664664 -0.012476793 -2.768924475 -0.999331415 0.023036309 0.028387984 83.542137146
0.027927693 0.012119070 0.999536514 51.662158966 0.021175962 0.999694943 -0.012712662 -2.782706499 -0.999385536 0.021521183 0.027662538 83.570510864
0.027657341 0.012244610 0.999542475 52.392063141 0.020601470 0.999705613 -0.012816649 -2.805300474 -0.999405146 0.020946521 0.027396942 83.585449219
0.027145727 0.012456553 0.999553978 53.115638733 0.020120598 0.999712944 -0.013004966 -2.818184376 -0.999429047 0.020464649 0.026887301 83.608207703
0.026671404 0.012296521 0.999568582 53.843864441 0.020614197 0.999704957 -0.012848244 -2.838181496 -0.999431729 0.020947985 0.026410049 83.625633240
0.026838206 0.012038797 0.999567330 54.563537598 0.020471858 0.999711096 -0.012590195 -2.856483936 -0.999430180 0.020800892 0.026583994 83.642097473
0.026478436 0.011890593 0.999578655 55.294513702 0.019349108 0.999735773 -0.012405012 -2.867097378 -0.999462128 0.019669417 0.026241368 83.656944275
0.026418295 0.011397918 0.999585986 56.015335083 0.019027693 0.999748111 -0.011902653 -2.882120609 -0.999469936 0.019334260 0.026194762 83.673713684
0.026158435 0.011362601 0.999593198 56.737556458 0.020485925 0.999719262 -0.011900134 -2.896991253 -0.999447942 0.020788878 0.025918318 83.692947388
