1.000000000 0.000000000 0.000000000 0.000000000 0.000000000 1.000000000 0.000000000 0.000000000 0.000000000 0.000000000 1.000000000 0.000000000
0.999994695 -0.001998106 0.002570268 0.007417663 0.001986007 0.999986947 0.004701479 -0.003290537 -0.002579628 -0.004696350 0.999985635 0.752935410
0.999963462 -0.006138613 0.005950347 0.018447034 0.006130419 0.999980211 0.001394418 -0.014582585 -0.005958789 -0.001357888 0.999981344 1.506369233
0.999943376 -0.004955362 0.009414447 0.029439319 0.005015037 0.999967396 -0.006325620 -0.016834226 -0.009382794 0.006372476 0.999935687 2.261878967
0.999912798 0.002394252 0.012988871 0.034402709 -0.002252398 0.999937773 -0.010924874 -0.019449346 -0.013014221 0.010894664 0.999855876 3.055455446
0.999880493 -0.001309994 0.015402110 0.052629028 0.001454007 0.999955416 -0.009342719 -0.024518870 -0.015389183 0.009363996 0.999837756 3.850421429
0.999798775 -0.011114321 0.016693305 0.085964806 0.011189512 0.999927640 -0.004417672 -0.038612779 -0.016642997 0.004603574 0.999850869 4.650740147
0.999666750 -0.017747212 0.018746441 0.115835413 0.017793190 0.999839067 -0.002288670 -0.051539160 -0.018702807 0.002621467 0.999821663 5.448237419
0.999655485 -0.017566929 0.019504828 0.134823039 0.017573001 0.999845564 -0.000139972 -0.052624237 -0.019499356 0.000482682 0.999809802 6.249890804
0.999721229 -0.013228702 0.019556787 0.145414978 0.013097803 0.999891043 0.006806389 -0.060388867 -0.019644693 -0.006548341 0.999785602 7.053908348
0.999708295 -0.013201118 0.020222871 0.163644403 0.012971638 0.999850452 0.011437069 -0.066312306 -0.020370826 -0.011171408 0.999730051 7.860462189
0.999713898 -0.012024811 0.020674324 0.180705160 0.011870028 0.999900699 0.007593110 -0.069048338 -0.020763582 -0.007345533 0.999757409 8.657409668
0.999717772 -0.010328542 0.021394143 0.198118567 0.010354801 0.999945700 -0.001116931 -0.070417754 -0.021381445 0.001338148 0.999770522 9.451879501
0.999712586 -0.008519085 0.022405013 0.209765717 0.008628616 0.999951243 -0.004796643 -0.074823126 -0.022363059 0.004988589 0.999737442 10.250951767
0.999733746 -0.006132614 0.022245292 0.230718076 0.006063851 0.999976575 0.003157262 -0.077388197 -0.022264132 -0.003021528 0.999747515 11.077486038
0.999673069 -0.009025962 0.023921238 0.253021449 0.008730997 0.999884903 0.012406513 -0.083676189 -0.024030464 -0.012193603 0.999636829 11.900172234
0.999591291 -0.012565438 0.025677513 0.284840345 0.012223227 0.999835074 0.013440995 -0.084972113 -0.025842166 -0.013121638 0.999579906 12.714020729
0.999472320 -0.015038880 0.028791996 0.311866045 0.014912940 0.999878347 0.004583911 -0.086841494 -0.028857429 -0.004152118 0.999574959 13.533398628
0.999413967 -0.014093484 0.031193886 0.337320089 0.014183477 0.999895871 -0.002665581 -0.084512562 -0.031153074 0.003106457 0.999509811 14.324276924
0.999352157 -0.013101966 0.033518452 0.367629051 0.013316914 0.999892116 -0.006197594 -0.092411712 -0.033433635 0.006639942 0.999418974 15.131481171
0.999192953 -0.016887287 0.036445722 0.402988315 0.017059438 0.999844730 -0.004417687 -0.108164951 -0.036365457 0.005035865 0.999325812 15.942843437
0.999105513 -0.016140902 0.039082222 0.442625076 0.016237443 0.999865830 -0.002154067 -0.112144873 -0.039042212 0.002786735 0.999233782 16.741451263
0.999034822 -0.012499600 0.042107265 0.473482311 0.012388256 0.999918938 0.002904211 -0.115676820 -0.042140160 -0.002379772 0.999108851 17.549278259
0.998914897 -0.010404197 0.045395594 0.497985601 0.009901840 0.999887288 0.011277167 -0.120547935 -0.045507807 -0.010815431 0.998905420 18.365026474
0.998813093 -0.010283560 0.047611699 0.538508594 0.009458966 0.999801815 0.017512282 -0.121938765 -0.047782354 -0.017041139 0.998712301 19.175556183
0.998674154 -0.011284825 0.050225779 0.585411668 0.010471965 0.999810517 0.016417941 -0.123306781 -0.050401539 -0.015870208 0.998602927 19.960361481
0.998573303 -0.010508837 0.052354589 0.631189346 0.010014834 0.999902904 0.009689167 -0.119287238 -0.052451342 -0.009151019 0.998581588 20.742036819
0.998503923 -0.008907128 0.053950388 0.680999041 0.008861141 0.999960065 0.001091524 -0.126653105 -0.053957961 -0.000611831 0.998542964 21.524267197
0.998369157 -0.006981765 0.056659643 0.719521821 0.007066770 0.999974251 -0.001300050 -0.126105443 -0.056649104 0.001698328 0.998392642 22.304117203
0.998221338 -0.005163155 0.059391778 0.768823981 0.004975997 0.999982178 0.003298719 -0.135325834 -0.059407756 -0.002997319 0.998229325 23.091632843
0.998036265 -0.002036762 0.062605090 0.810845494 0.001370400 0.999941945 0.010685006 -0.139776081 -0.062623233 -0.010578229 0.997981191 23.877580643
0.997790813 0.003214878 0.066356860 0.855344772 -0.004195009 0.999884069 0.014636582 -0.141349703 -0.066302128 -0.014882613 0.997688651 24.648881912
0.997509420 0.007403845 0.070141919 0.905778408 -0.008293448 0.999888718 0.012400178 -0.143843055 -0.070042297 -0.012951015 0.997459948 25.416788101
0.997207880 0.009450085 0.074075431 0.962984383 -0.009927838 0.999932230 0.006083991 -0.144027054 -0.074012905 -0.006802413 0.997234046 26.181991577
0.996850431 0.006718919 0.079019643 1.027782559 -0.006455225 0.999972701 -0.003592036 -0.149789184 -0.079041615 0.003070632 0.996866584 26.936103821
0.996396601 0.005348771 0.084647618 1.099425435 -0.004652753 0.999953806 -0.008417682 -0.151822239 -0.084688723 0.007993504 0.996375442 27.694406509
0.995824397 0.002887555 0.091244139 1.182090282 -0.002629807 0.999992251 -0.002944902 -0.164651662 -0.091251940 0.002692651 0.995824218 28.459608078
0.995051742 -0.000668429 0.099355869 1.255002141 -0.000176413 0.999963880 0.008494166 -0.167086914 -0.099357955 -0.008469662 0.995015681 29.227066040
0.994200051 -0.003739069 0.107481718 1.345735431 0.002159853 0.999888003 0.014805537 -0.175852776 -0.107525036 -0.014487518 0.994096696 29.977344513
0.993143201 -0.008282262 0.116610676 1.442365170 0.006889370 0.999900103 0.012342799 -0.179984838 -0.116701245 -0.011454791 0.993101001 30.713920593
0.992073417 -0.008752894 0.125355095 1.539883614 0.008291496 0.999956727 0.004202006 -0.178914458 -0.125386462 -0.003129315 0.992102981 31.437559128
0.990881801 -0.010365269 0.134334072 1.641654491 0.010484048 0.999945045 -0.000176830 -0.195511982 -0.134324849 0.001583582 0.990936100 32.154338837
0.989732146 -0.013232076 0.142320648 1.754096270 0.013370749 0.999910593 -0.000018032 -0.201920837 -0.142307684 0.001920780 0.989820600 32.869533539
0.988508344 -0.019731376 0.149872720 1.872632504 0.019510342 0.999805272 0.002945169 -0.205232978 -0.149901658 0.000012743 0.988700926 33.578639984
0.987570345 -0.023510272 0.155409381 1.999199629 0.022943592 0.999721885 0.005439355 -0.206805885 -0.155494049 -0.001806096 0.987835169 34.302425385
0.986741841 -0.029518582 0.159590855 2.127823114 0.028816359 0.999562144 0.006713098 -0.211509272 -0.159719124 -0.002025267 0.987160444 34.994251251
0.986328840 -0.030835532 0.161878422 2.245159388 0.030452989 0.999524355 0.004844426 -0.215905696 -0.161950856 0.000151485 0.986798763 35.673316956
0.986247957 -0.032757495 0.161993086 2.358505011 0.032707751 0.999460518 0.002974636 -0.219634145 -0.162003174 0.002364701 0.986787319 36.347019196
0.986401141 -0.035061322 0.160572574 2.471840382 0.035370767 0.999373794 0.000931707 -0.222605467 -0.160504714 0.004760538 0.987023592 37.017616272
0.986884296 -0.034967072 0.157596737 2.578038692 0.035215896 0.999378979 0.001214143 -0.230665743 -0.157541320 0.004351692 0.987502754 37.680881500
0.987464607 -0.037009325 0.153440148 2.694390774 0.036935676 0.999312043 0.003331572 -0.235401198 -0.153457925 0.002377606 0.988152325 38.335308075
0.988300979 -0.033934213 0.148694038 2.777100086 0.033858303 0.999422014 0.003042576 -0.237645969 -0.148711368 0.002027548 0.988878489 38.985816956
0.989238143 -0.035577346 0.141923577 2.877013445 0.035525542 0.999364555 0.002899593 -0.245141476 -0.141936585 0.002173524 0.989873350 39.628112793
0.990211427 -0.036393769 0.134747744 2.957292795 0.036238678 0.999336720 0.003604267 -0.248730987 -0.134789512 0.001314095 0.990873337 40.267681122
0.991023302 -0.042940315 0.126605570 3.048330545 0.042632453 0.999077499 0.005141457 -0.246626139 -0.126709551 0.000302203 0.991939783 40.905811310
0.991961420 -0.045737460 0.117985919 3.136477709 0.044839162 0.998941422 0.010258220 -0.249990940 -0.118330210 -0.004885369 0.992962182 41.548381805
0.992702425 -0.048571240 0.110376269 3.210410118 0.047306094 0.998781562 0.014053612 -0.242072761 -0.110924378 -0.008729583 0.993790507 42.203548431
0.993534684 -0.049146239 0.102339894 3.276648521 0.047598127 0.998712897 0.017516105 -0.263672769 -0.103069045 -0.012531672 0.994595289 42.836769104
0.994216621 -0.051364984 0.094312996 3.336784840 0.050199494 0.998631179 0.014690446 -0.258175135 -0.094938464 -0.009871021 0.995434225 43.471260071
0.994947374 -0.051388964 0.086248398 3.387482166 0.050678045 0.998660743 0.010413466 -0.262614131 -0.086668015 -0.005989952 0.996219218 44.095222473
0.995765984 -0.051153712 0.076376781 3.447317600 0.050914232 0.998690069 0.005080591 -0.269155920 -0.076536626 -0.001170411 0.997066140 44.718776703
0.996602893 -0.048440922 0.066604726 3.481338978 0.048483018 0.998823404 0.000985252 -0.270139217 -0.066574097 0.002247296 0.997779012 45.341373444
0.997325778 -0.045145046 0.057474151 3.500511885 0.045373898 0.998966515 -0.002682403 -0.271265030 -0.057293657 0.005283058 0.998343349 45.981956482
0.997984052 -0.041903798 0.047664814 3.530085802 0.042172980 0.999099493 -0.004655573 -0.272155881 -0.047426801 0.006656358 0.998852491 46.621219635
0.998522460 -0.038508590 0.038340699 3.540956974 0.038699754 0.999241829 -0.004256094 -0.283149332 -0.038147729 0.005733581 0.999255657 47.264053345
0.999003112 -0.033548824 0.029447850 3.544223785 0.033665039 0.999427259 -0.003459533 -0.294691920 -0.029314913 0.004447448 0.999560356 47.908935547
0.999294937 -0.030909985 0.021314744 3.551469803 0.030999480 0.999511838 -0.003881051 -0.303216845 -0.021184379 0.004539061 0.999765277 48.562831879
0.999494970 -0.028873367 0.013271715 3.552151203 0.028933395 0.999571919 -0.004353111 -0.305160522 -0.013140351 0.004734908 0.999902427 49.214271545
0.999653280 -0.025775099 0.005368410 3.570747375 0.025794867 0.999660611 -0.003646599 -0.310895979 -0.005272597 0.003783813 0.999978900 49.903076172
0.999696910 -0.024615234 -0.000354256 3.565680027 0.024613496 0.999687910 -0.004270450 -0.313879609 0.000459263 0.004260437 0.999990821 50.563514709
0.999697506 -0.023742080 -0.006412402 3.558048725 0.023718139 0.999711633 -0.003783688 -0.322261781 0.006500386 0.003630454 0.999972284 51.228179932
0.999619961 -0.025104582 -0.011382602 3.549608469 0.025068074 0.999680221 -0.003338601 -0.323968023 0.011462775 0.003051992 0.999929607 51.900714874
0.999618948 -0.023125248 -0.015072115 3.538617611 0.023107583 0.999732196 -0.001344719 -0.324834824 0.015099176 0.000995927 0.999885499 52.578029633
0.999555647 -0.023289861 -0.018602656 3.522829771 0.023321114 0.999727070 0.001464992 -0.343314737 0.018563457 -0.001898175 0.999825895 53.256065369
0.999471068 -0.023696218 -0.022273272 3.514277220 0.023754841 0.999715030 0.002370867 -0.345964074 0.022210743 -0.002898711 0.999749124 53.942878723
0.999306619 -0.027160849 -0.025469821 3.503375530 0.027187187 0.999630153 0.000688166 -0.351954043 0.025441708 -0.001380141 0.999675393 54.618534088
0.999171257 -0.029867519 -0.027655533 3.482565880 0.029881909 0.999553502 0.000107137 -0.357285589 0.027639985 -0.000933449 0.999617517 55.295921326
0.999109566 -0.028861552 -0.030774774 3.463001251 0.028840201 0.999583423 -0.001137674 -0.360532045 0.030794784 0.000249110 0.999525726 55.981529236
0.999035716 -0.028682576 -0.033241626 3.448045492 0.028707338 0.999587834 0.000267766 -0.365086317 0.033220254 -0.001221786 0.999447286 56.669551849
0.998963654 -0.029085567 -0.035010137 3.423345089 0.029137380 0.999575019 0.000970413 -0.368858188 0.034967039 -0.001989511 0.999386489 57.351276398
0.998891950 -0.029324817 -0.036811247 3.403406858 0.029402651 0.999566436 0.001574606 -0.375637740 0.036749121 -0.002655209 0.999320924 58.036525726
0.998875499 -0.028241567 -0.038082294 3.382716179 0.028317669 0.999597907 0.001460323 -0.384153962 0.038025744 -0.002537082 0.999273479 58.713745117
0.998948932 -0.026230719 -0.037589498 3.351510048 0.026271375 0.999654770 0.000588049 -0.392600298 0.037561100 -0.001574958 0.999293089 59.383670807
0.999047399 -0.024306230 -0.036240593 3.323247433 0.024278305 0.999704480 -0.001210431 -0.398638904 0.036259301 0.000329418 0.999342382 60.055255890
0.999124348 -0.024484931 -0.033925425 3.302064896 0.024365624 0.999695420 -0.003925819 -0.408800840 0.034011222 0.003095768 0.999416649 60.720310211
0.999289572 -0.021574780 -0.030898809 3.284651518 0.021386443 0.999750733 -0.006412837 -0.417415082 0.031029461 0.005747466 0.999501944 61.391597748
0.999449670 -0.019752450 -0.026646106 3.264908791 0.019560132 0.999780893 -0.007458899 -0.428864002 0.026787601 0.006933594 0.999617100 62.052349091
0.999572039 -0.019189483 -0.022076614 3.253280401 0.019034786 0.999792993 -0.007196200 -0.439082563 0.022210132 0.006772896 0.999730408 62.707939148
0.999659359 -0.019604597 -0.017227925 3.244410992 0.019514725 0.999795198 -0.005369379 -0.455433607 0.017329657 0.005031351 0.999837220 63.365730286
0.999763429 -0.018075103 -0.012107896 3.240511417 0.018039066 0.999832511 -0.003079195 -0.462125123 0.012161529 0.002860052 0.999921978 64.015937805
0.999825716 -0.017479215 -0.006569281 3.240323305 0.017469576 0.999846220 -0.001521949 -0.473286092 0.006594874 0.001406921 0.999977291 64.661094666
0.999866724 -0.016322525 -0.000206189 3.242963314 0.016322190 0.999865651 -0.001540752 -0.481493294 0.000231311 0.001537182 0.999998868 65.305686951
0.999860406 -0.015037159 0.007275688 3.249404669 0.015053754 0.999884188 -0.002231897 -0.487739325 -0.007241284 0.002341112 0.999970973 65.935348511
0.999761701 -0.016354900 0.014457709 3.266810894 0.016385417 0.999863684 -0.001994917 -0.498118520 -0.014423113 0.002231337 0.999893427 66.553237915
0.999632537 -0.016788023 0.021282604 3.284397602 0.016841667 0.999855399 -0.002343976 -0.505990267 -0.021240178 0.002701549 0.999770761 67.156517029
0.999436915 -0.018704571 0.027855948 3.310070992 0.018780848 0.999820530 -0.002479003 -0.517364383 -0.027804583 0.003000766 0.999608874 67.738845825
0.999212563 -0.019843992 0.034357816 3.337496281 0.019956701 0.999796510 -0.002940488 -0.525700450 -0.034292471 0.003623840 0.999405324 68.315345764
0.998972178 -0.020522799 0.040417071 3.371353388 0.020703917 0.999777377 -0.004067828 -0.536420643 -0.040324595 0.004900438 0.999174654 68.876945496
0.998724818 -0.020377701 0.046188165 3.400782347 0.020643694 0.999772906 -0.005289145 -0.542639375 -0.046069883 0.006235895 0.998918772 69.444038391
0.998497486 -0.020992447 0.050615925 3.434232712 0.021285795 0.999759614 -0.005263375 -0.549819231 -0.050493263 0.006332867 0.998704374 69.999000549
0.998323441 -0.021891510 0.053583387 3.467959404 0.022134973 0.999747217 -0.003954250 -0.559252262 -0.053483278 0.005133688 0.998555601 70.554916382
0.998172581 -0.024569331 0.055207737 3.506518602 0.024734218 0.999691427 -0.002305281 -0.565252900 -0.055134065 0.003666588 0.998472154 71.110488892
0.998106956 -0.025425442 0.056000937 3.540271521 0.025598669 0.999669492 -0.002378029 -0.571854353 -0.055921964 0.003807077 0.998427808 71.663421631
0.998047113 -0.027877096 0.055901345 3.573868275 0.028124036 0.999597907 -0.003635457 -0.584038496 -0.055777520 0.005200528 0.998429716 72.201278687
0.998122275 -0.028105181 0.054424610 3.608043194 0.028417984 0.999583721 -0.004982033 -0.592694938 -0.054261934 0.006519316 0.998505414 72.747360229
0.998263121 -0.025137987 0.053281665 3.634586573 0.025379017 0.999670446 -0.003851830 -0.596972942 -0.053167276 0.005197376 0.998572111 73.289604187
0.998357892 -0.023828644 0.052092619 3.655229330 0.024027675 0.999706149 -0.003197649 -0.605940878 -0.052001122 0.004444063 0.998637140 73.825546265
0.998429120 -0.026468841 0.049384464 3.686860085 0.026652934 0.999640048 -0.003072818 -0.614495039 -0.049285352 0.004384231 0.998775125 74.358474731
0.998418748 -0.031346828 0.046660587 3.726212263 0.031478968 0.999502122 -0.002099656 -0.624638915 -0.046571542 0.003565164 0.998908579 74.901382446
0.998465717 -0.033670288 0.043959454 3.754834890 0.033755764 0.999429286 -0.001203339 -0.632391274 -0.043893859 0.002685377 0.999032617 75.434783936
0.998667061 -0.032650769 0.039976731 3.769956589 0.032778051 0.999459445 -0.002532408 -0.636613786 -0.039872438 0.003839391 0.999197364 75.949279785
0.998927236 -0.032153167 0.033325780 3.787852287 0.032254208 0.999476552 -0.002498645 -0.639812589 -0.033227995 0.003570861 0.999441445 76.473075867
0.999077320 -0.034453854 0.025640268 3.802232265 0.034473367 0.999405622 -0.000319355 -0.649611413 -0.025614023 0.001202967 0.999671221 76.982902527
0.999161661 -0.037574165 0.016251780 3.809885025 0.037562966 0.999293745 0.000994178 -0.656683624 -0.016277652 -0.000382880 0.999867439 77.484863281
0.999192059 -0.039920129 0.004657133 3.808373928 0.039920621 0.999202847 -0.000011221 -0.664579988 -0.004652968 0.000197128 0.999989212 77.982749939
0.999170899 -0.040017720 -0.007488210 3.799771070 0.040016055 0.999198973 -0.000371849 -0.671503961 0.007497098 0.000071891 0.999971926 78.478729248
0.999079525 -0.038548522 -0.018815681 3.786140442 0.038553279 0.999256492 -0.000110045 -0.675589442 0.018805936 -0.000615463 0.999823093 78.960464478
0.998954356 -0.035332978 -0.029013205 3.762803793 0.035336383 0.999375343 -0.000395617 -0.682695508 0.029009063 -0.000630018 0.999578953 79.452789307
0.998794675 -0.032615114 -0.036681287 3.740020275 0.032609001 0.999467909 -0.000765186 -0.691803813 0.036686733 -0.000431877 0.999326706 79.933128357
0.998668671 -0.031413421 -0.040916421 3.713243961 0.031393658 0.999506474 -0.001125615 -0.695898056 0.040931582 -0.000160399 0.999161959 80.413757324
0.998539746 -0.032189101 -0.043384023 3.688351154 0.032140795 0.999481678 -0.001810652 -0.701295555 0.043419816 0.000413610 0.999056876 80.903816223
0.998416543 -0.032271389 -0.046075676 3.668751240 0.032182965 0.999478459 -0.002659942 -0.708228469 0.046137489 0.001172878 0.998934388 81.385368347
0.998304844 -0.033342607 -0.047704820 3.657094717 0.033219229 0.999442339 -0.003377023 -0.714256167 0.047790825 0.001786580 0.998855770 81.859802246
0.998277366 -0.032813884 -0.048637617 3.636774540 0.032618333 0.999456346 -0.004809006 -0.718371630 0.048768971 0.003214243 0.998804927 82.346893311
0.998345435 -0.031889092 -0.047846969 3.609518290 0.031647425 0.999482274 -0.005799992 -0.725413442 0.048007160 0.004276162 0.998837829 82.840232849
0.998426437 -0.031624433 -0.046309222 3.584183693 0.031378131 0.999489367 -0.006036117 -0.730190575 0.046476457 0.004573522 0.998908877 83.342910767
0.998507380 -0.031908453 -0.044328023 3.561717749 0.031687248 0.999481738 -0.005683834 -0.737987638 0.044486411 0.004270716 0.999000847 83.854652405
0.998631418 -0.031684909 -0.041610945 3.545027494 0.031484887 0.999489427 -0.005453579 -0.744392693 0.041762494 0.004135999 0.999118984 84.371948242
0.998732090 -0.032048885 -0.038820714 3.531028032 0.031885926 0.999480009 -0.004809562 -0.751902223 0.038954671 0.003565629 0.999234676 84.891754150
0.998867035 -0.031800702 -0.035406440 3.521201611 0.031648085 0.999487221 -0.004862845 -0.752787650 0.035542931 0.003736789 0.999361157 85.436927795
0.999004543 -0.031641252 -0.031444822 3.506317139 0.031531837 0.999494791 -0.003969595 -0.757892668 0.031554531 0.002974131 0.999497652 85.987312317
0.999184787 -0.030755352 -0.026152471 3.491986752 0.030676549 0.999523461 -0.003409009 -0.764908612 0.026244858 0.002603962 0.999652088 86.548042297
0.999312878 -0.030889232 -0.020486895 3.488003731 0.030824475 0.999518752 -0.003469111 -0.769584656 0.020584200 0.002835229 0.999784112 87.111686707
0.999439657 -0.030387482 -0.014037361 3.486797333 0.030358700 0.999536395 -0.002259105 -0.771410286 0.014099505 0.001831683 0.999898851 87.690193176
0.999541819 -0.029570965 -0.006459530 3.483046532 0.029568305 0.999562621 -0.000506648 -0.779634058 0.006471686 0.000315419 0.999979019 88.284889221
0.999607623 -0.027996255 0.000840714 3.490453959 0.027996318 0.999608040 -0.000068585 -0.781615853 -0.000838465 0.000092095 0.999999642 88.865341187
0.999578595 -0.027674714 0.008760370 3.499830484 0.027665190 0.999616563 0.001205963 -0.785283923 -0.008790387 -0.000963098 0.999960899 89.444183350
0.999446511 -0.028174285 0.017684236 3.510968208 0.028135316 0.999601126 0.002448612 -0.791558444 -0.017746175 -0.001949705 0.999840558 90.028991699
0.999205530 -0.028560672 0.027797054 3.529032230 0.028484734 0.999589384 0.003123973 -0.791358471 -0.027874867 -0.002329699 0.999608696 90.610038757
0.998890758 -0.027343530 0.038337637 3.560382843 0.027165409 0.999617577 0.005159507 -0.799608827 -0.038464062 -0.004112324 0.999251544 91.177513123
0.998412728 -0.026942139 0.049457956 3.594355583 0.026607892 0.999618471 0.007404354 -0.801421523 -0.049638581 -0.006076629 0.998748839 91.739196777
0.997757614 -0.025773069 0.061769430 3.634778261 0.025184290 0.999629796 0.010291658 -0.805973887 -0.062011816 -0.008712962 0.998037457 92.292335510
0.996804476 -0.025610279 0.075663790 3.688723803 0.024880504 0.999634564 0.010572083 -0.800393403 -0.075906888 -0.008655747 0.997077346 92.834182739
0.995430350 -0.025335817 0.092068262 3.746647358 0.024434246 0.999641895 0.010906659 -0.808807015 -0.092311621 -0.008607201 0.995692968 93.374092102
0.993402541 -0.024058999 0.112127222 3.815957069 0.022958450 0.999674857 0.011096284 -0.812780857 -0.112357728 -0.008448809 0.993631959 93.893623352
0.990683198 -0.025113773 0.133851007 3.908982277 0.023788074 0.999650896 0.011494558 -0.807340503 -0.134092972 -0.008203408 0.990934849 94.439079285
0.987403214 -0.028194925 0.155691743 4.004158020 0.026630044 0.999571800 0.012128194 -0.806978226 -0.155967027 -0.007829339 0.987731218 94.952919006
0.983806491 -0.032060128 0.176342815 4.120705605 0.030052938 0.999449670 0.014041994 -0.808420181 -0.176695943 -0.008514985 0.984228671 95.473999023
0.979627788 -0.035920825 0.197582766 4.243248940 0.033476509 0.999316275 0.015698442 -0.802766204 -0.198011577 -0.008764248 0.980160475 95.993728638
0.975084186 -0.039337195 0.218319297 4.374387741 0.036471769 0.999187589 0.017140910 -0.800321698 -0.218816251 -0.008751336 0.975726843 96.505928040
0.970446348 -0.043636829 0.237338603 4.512247086 0.040525518 0.999016762 0.017974664 -0.797041297 -0.237889618 -0.007825177 0.971260667 97.010116577
0.966317534 -0.049822394 0.252483904 4.661315918 0.046588127 0.998737693 0.018775763 -0.790568948 -0.253100634 -0.006380597 0.967418909 97.515289307
0.963735878 -0.057279438 0.260638118 4.835872650 0.054134771 0.998348355 0.019234374 -0.777815700 -0.261309385 -0.004427270 0.965244889 98.035644531
0.962927401 -0.065241255 0.261752158 4.996780396 0.062300730 0.997866392 0.019525979 -0.770807385 -0.262467593 -0.002494749 0.964937568 98.544242859
0.963903010 -0.071595468 0.256446868 5.119012833 0.068449087 0.997429729 0.021186242 -0.781625271 -0.257304519 -0.002867925 0.966326118 98.994819641
0.966578543 -0.074583732 0.245282188 5.247938156 0.071788281 0.997212589 0.020331014 -0.775223255 -0.246114835 -0.002043134 0.969238579 99.473747253
0.970473468 -0.075195603 0.229187578 5.348155975 0.072675191 0.997166336 0.019430328 -0.772515416 -0.229999214 -0.002200365 0.973188341 99.948150635
0.975207508 -0.076785460 0.207543775 5.442027092 0.074660331 0.997045338 0.018064933 -0.771413803 -0.208317727 -0.002121767 0.978058934 100.419967651
0.980173051 -0.077000976 0.182569548 5.524344444 0.075268932 0.997028232 0.016407751 -0.769567490 -0.183290392 -0.002340620 0.983056009 100.883079529
0.984729946 -0.077279955 0.155995905 5.586958885 0.075888723 0.997005522 0.014863466 -0.771238685 -0.156677395 -0.002798173 0.987645864 101.336280823
0.988637447 -0.077625819 0.128726199 5.627716541 0.076471172 0.996974885 0.013895726 -0.771523356 -0.129415467 -0.003893991 0.991582811 101.788993835
0.992086172 -0.078428872 0.098049805 5.643009186 0.077452727 0.996901512 0.013728404 -0.773418665 -0.098822691 -0.006025535 0.995086789 102.207702637
0.994993448 -0.077540927 0.063050255 5.648434639 0.076987810 0.996969581 0.011159001 -0.776915669 -0.063724473 -0.006249032 0.997947931 102.649948120
0.996880293 -0.074733913 0.025383182 5.633554459 0.074551232 0.997184575 0.008069845 -0.781580389 -0.025914788 -0.006152323 0.999645233 103.082298279
0.997393727 -0.071037598 -0.012622707 5.601031780 0.071107827 0.997455060 0.005204062 -0.786088347 0.012220897 -0.006088073 0.999906719 103.518669128
0.996728361 -0.065340362 -0.047572806 5.542755127 0.065579385 0.997841299 0.003479420 -0.789489865 0.047242783 -0.006587833 0.998861670 103.943901062
0.995143652 -0.059277784 -0.078583054 5.478465080 0.059574865 0.998222828 0.001439389 -0.791853905 0.078358084 -0.006113974 0.996906459 104.362571716
0.993072927 -0.052927651 -0.104904056 5.403943062 0.053234279 0.998582065 0.000123154 -0.796878994 0.104748800 -0.005706793 0.994482279 104.785430908
0.990699530 -0.047261443 -0.127596691 5.324872971 0.047629163 0.998865068 -0.000169441 -0.804703712 0.127459884 -0.005909459 0.991826117 105.206245422
0.988188326 -0.041980654 -0.147382140 5.239344597 0.042392392 0.999100924 -0.000347693 -0.811151266 0.147264242 -0.005904295 0.989079535 105.624198914
0.985882878 -0.037543036 -0.163172990 5.161979675 0.037859377 0.999282539 -0.001171624 -0.817652166 0.163099870 -0.005022544 0.986596763 106.030738831
0.984170973 -0.033943087 -0.173940808 5.076513290 0.033726979 0.999422371 -0.004198906 -0.822102964 0.173982829 -0.001734056 0.984747171 106.455223083
0.983364105 -0.029383635 -0.179252699 4.984846115 0.028543290 0.999566197 -0.007265922 -0.826508224 0.179388434 0.002028585 0.983776271 106.892341614
0.983315647 -0.024071647 -0.180307284 4.886392593 0.022932759 0.999701798 -0.008398560 -0.833783329 0.180455640 0.004123491 0.983574510 107.360656738
0.983897865 -0.018971171 -0.177721545 4.799873352 0.017798271 0.999808013 -0.008191744 -0.836104155 0.177842841 0.004896705 0.984046698 107.834663391
0.985173285 -0.015497490 -0.170860916 4.714351654 0.014363936 0.999865890 -0.007868662 -0.842355013 0.170959905 0.005297760 0.985263765 108.334487915
0.986985743 -0.012819907 -0.160295531 4.633487701 0.011651574 0.999898255 -0.008226454 -0.844846666 0.160384655 0.006251698 0.987034798 108.851867676
0.989107966 -0.009672553 -0.146873266 4.557911873 0.008412370 0.999922276 -0.009198800 -0.850256324 0.146950811 0.007863053 0.989112496 109.386749268
0.991300523 -0.005896046 -0.131485984 4.483535767 0.004672972 0.999942958 -0.009608551 -0.853875339 0.131535113 0.008910532 0.991271436 109.947563171
0.993289411 -0.003540914 -0.115601704 4.431413651 0.002654884 0.999965906 -0.007817589 -0.858394623 0.115625449 0.007458218 0.993264854 110.528442383
0.995097518 -0.004945204 -0.098775156 4.374662399 0.004226624 0.999963045 -0.007482836 -0.865942895 0.098808497 0.007028666 0.995081663 111.135124207
0.996568263 -0.006660006 -0.082506172 4.342376709 0.006017108 0.999949515 -0.008038315 -0.870221138 0.082555540 0.007514282 0.996558189 111.753684998
0.997750163 -0.009187737 -0.066410497 4.310620308 0.008582192 0.999918938 -0.009397764 -0.875297427 0.066491455 0.008806670 0.997748196 112.391891479
0.998670936 -0.007518596 -0.050991565 4.272687435 0.006952627 0.999912381 -0.011267585 -0.884916544 0.051071811 0.010898083 0.998635530 113.051597595
0.999288440 -0.007422735 -0.036982678 4.262356758 0.006931509 0.999886215 -0.013393149 -0.888804436 0.037077885 0.013127273 0.999226213 113.723571777
0.999701381 -0.008631254 -0.022860687 4.254161358 0.008310263 0.999866009 -0.014099097 -0.901903331 0.022979323 0.013904909 0.999639213 114.427482605
0.999898195 -0.010680173 -0.009453762 4.262783051 0.010542351 0.999839127 -0.014510271 -0.909057856 0.009607211 0.014409128 0.999850094 115.151626587
0.999917626 -0.012495279 0.002931554 4.274511814 0.012534378 0.999827206 -0.013720918 -0.922302306 -0.002759604 0.013756530 0.999901593 115.898262024
0.999820530 -0.013442827 0.013346771 4.291934967 0.013605458 0.999833345 -0.012169822 -0.938255310 -0.013180954 0.012349227 0.999836862 116.650741577
0.999667287 -0.013889178 0.021735424 4.303225994 0.014130100 0.999840021 -0.010970207 -0.940891385 -0.021579579 0.011273680 0.999703586 117.432975769
0.999515235 -0.016796013 0.026215170 4.346754551 0.017049331 0.999809802 -0.009469773 -0.962885439 -0.026051130 0.009912133 0.999611497 118.203910828
0.999393821 -0.018907566 0.029231338 4.378664970 0.019170901 0.999777913 -0.008754842 -0.972300053 -0.029059313 0.009309927 0.999534309 118.990043640
0.999322057 -0.018895857 0.031597994 4.402552128 0.019167854 0.999781609 -0.008327425 -0.978750348 -0.031433739 0.008927446 0.999466002 119.785942078
0.999293923 -0.018741453 0.032563183 4.436122894 0.018980728 0.999794900 -0.007054628 -0.992681086 -0.032424293 0.007667721 0.999444842 120.577278137
0.999248207 -0.018562339 0.034039214 4.461298466 0.018771496 0.999806762 -0.005835496 -1.005969048 -0.033924319 0.006470075 0.999403477 121.351501465
0.999228656 -0.017682496 0.035064586 4.490447998 0.017823409 0.999834180 -0.003710094 -1.013659596 -0.034993179 0.004332202 0.999378204 122.140258789
0.999211967 -0.017619656 0.035568297 4.528433323 0.017633088 0.999844491 -0.000063954 -1.021729350 -0.035561640 0.000691082 0.999367237 122.928352356
0.999173820 -0.018769324 0.036046110 4.553805828 0.018638605 0.999818444 0.003958977 -1.032191277 -0.036113866 -0.003283857 0.999342322 123.718490601
0.999184370 -0.019366508 0.035431765 4.585779190 0.019155269 0.999796748 0.006291579 -1.040955544 -0.035546407 -0.005607743 0.999352217 124.495368958
0.999196351 -0.020288391 0.034569629 4.612318516 0.020086404 0.999779165 0.006180193 -1.045424700 -0.034687378 -0.005480846 0.999383152 125.280456543
0.999234378 -0.020999838 0.033010822 4.643973827 0.020893916 0.999775410 0.003550314 -1.047686577 -0.033077959 -0.002857870 0.999448657 126.061569214
0.999242306 -0.021638682 0.032351624 4.664712429 0.021584159 0.999764919 0.002033662 -1.054053545 -0.032388020 -0.001333838 0.999474525 126.838500977
0.999261558 -0.022088185 0.031438693 4.697025776 0.022055440 0.999755740 0.001387991 -1.059113264 -0.031461675 -0.000693572 0.999504685 127.615653992
0.999257982 -0.022055060 0.031575929 4.720252514 0.022023419 0.999756575 0.001349542 -1.064394712 -0.031598005 -0.000653130 0.999500394 128.393600464
0.999293864 -0.020229811 0.031662699 4.746766567 0.020171275 0.999794245 0.002167065 -1.072548389 -0.031700019 -0.001526857 0.999496281 129.174636841
0.999251664 -0.019784324 0.033237733 4.775498390 0.019719176 0.999802947 0.002286757 -1.077991724 -0.033276424 -0.001629625 0.999444842 129.954513550
0.999159276 -0.019576166 0.036021199 4.804320335 0.019513650 0.999807417 0.002086387 -1.081251621 -0.036055103 -0.001381728 0.999348819 130.728332520
0.999082565 -0.016669495 0.039447144 4.839393616 0.016565466 0.999858320 0.002962655 -1.087880850 -0.039490938 -0.002306477 0.999217272 131.500747681
0.998857856 -0.015706243 0.045125090 4.876630306 0.015539494 0.999871016 0.004043782 -1.093617797 -0.045182779 -0.003337943 0.998973191 132.276260376
0.998549581 -0.014644636 0.051810432 4.923545837 0.014368612 0.999880493 0.005696065 -1.106433749 -0.051887654 -0.004943359 0.998640656 133.040145874
0.998039782 -0.013893883 0.061021328 4.967595100 0.013513045 0.999886513 0.006649332 -1.102881908 -0.061106790 -0.005811714 0.998114228 133.827774048
0.997372448 -0.011445369 0.071535401 5.028913498 0.010929691 0.999911368 0.007596001 -1.106040001 -0.071616001 -0.006794181 0.997409046 134.587203979
0.996384203 -0.011262885 0.084213182 5.094465256 0.010641354 0.999912739 0.007825692 -1.106919527 -0.084293976 -0.006901253 0.996417046 135.350189209
0.995059788 -0.011342945 0.098628029 5.177022934 0.010527503 0.999906003 0.008784358 -1.110198021 -0.098718390 -0.007702655 0.995085597 136.098632812
0.993312657 -0.010815614 0.114948519 5.264433861 0.009831231 0.999909937 0.009127179 -1.118929744 -0.115036905 -0.007936055 0.993329465 136.873352051
0.991133988 -0.012076018 0.132316262 5.377187729 0.010978316 0.999899030 0.009022443 -1.120589256 -0.132411823 -0.007489841 0.991166472 137.609268188
0.988530993 -0.013136717 0.150445744 5.499324799 0.011936152 0.999889374 0.008880336 -1.121003747 -0.150545731 -0.006982746 0.988578320 138.353424072
0.985644221 -0.015927618 0.168082476 5.642866135 0.014685662 0.999854922 0.008629513 -1.118081331 -0.168195531 -0.006037227 0.985735118 139.094558716
0.982587576 -0.020777881 0.184634522 5.791210175 0.019308498 0.999765933 0.009752940 -1.117721438 -0.184793964 -0.006018103 0.982758820 139.825424194
0.979840279 -0.026700273 0.197990328 5.957593918 0.025101159 0.999628901 0.010582535 -1.121363759 -0.198199421 -0.005399409 0.980146825 140.560211182
0.977893293 -0.033995297 0.206322342 6.121643066 0.032201417 0.999408722 0.012047444 -1.121816158 -0.206609905 -0.005137245 0.978409886 141.277145386
0.977079928 -0.039428387 0.209189326 6.291471481 0.037764408 0.999215245 0.011944228 -1.117704272 -0.209496081 -0.003770555 0.977802217 141.994064331
0.977166355 -0.045541056 0.207537860 6.453264236 0.044030953 0.998959363 0.011892275 -1.121245861 -0.207863495 -0.002482641 0.978154600 142.709106445
0.978067338 -0.050307453 0.202122360 6.611822128 0.048814368 0.998731256 0.012368231 -1.121992826 -0.202488154 -0.002230488 0.979282141 143.431716919
0.979668140 -0.055288613 0.192855820 6.754154205 0.054064333 0.998469949 0.011609263 -1.118045688 -0.193202615 -0.000946604 0.981158435 144.139541626
0.981810451 -0.058660723 0.180574298 6.889387131 0.057752613 0.998277962 0.010287047 -1.116240382 -0.180866778 0.000328706 0.983507574 144.845352173
0.983768284 -0.060957674 0.168772310 7.008220673 0.060176644 0.998140097 0.009743473 -1.119748592 -0.169052348 0.000570832 0.985606909 145.550354004
0.985647082 -0.060820293 0.157482564 7.132537842 0.060127195 0.998148620 0.009166055 -1.114007354 -0.157748461 0.000434490 0.987479210 146.260467529
0.987015247 -0.060646281 0.148738235 7.236235619 0.059835758 0.998158991 0.009922293 -1.113806605 -0.149066165 -0.000893589 0.988826752 146.963012695
0.988049567 -0.063468702 0.140462980 7.341935158 0.062516473 0.997981191 0.011185926 -1.121026993 -0.140889391 -0.002271000 0.990022779 147.669876099
0.989175200 -0.064167127 0.131966084 7.440408707 0.063274369 0.997936010 0.010951703 -1.124820828 -0.132396460 -0.002483081 0.991193712 148.367446899
0.990197539 -0.064544410 0.123866603 7.529550552 0.063649885 0.997909725 0.011169652 -1.125165820 -0.124328636 -0.003176065 0.992236018 149.062332153
0.991101086 -0.064687096 0.116336510 7.604840279 0.063800186 0.997898340 0.011335299 -1.124449730 -0.116825260 -0.003812137 0.993145168 149.749450684
0.991933167 -0.066596828 0.107858360 7.685014725 0.065700911 0.997769058 0.011842579 -1.127937675 -0.108406410 -0.004660652 0.994095683 150.439666748
0.992755771 -0.066485085 0.100078546 7.756828308 0.065617137 0.997773409 0.011943188 -1.128685951 -0.100649774 -0.005289799 0.994907856 151.116287231
0.993616104 -0.064209886 0.092759661 7.810894966 0.063567251 0.997928739 0.009869197 -1.129568458 -0.093201242 -0.003909715 0.995639622 151.780029297
0.994309247 -0.064180993 0.085029043 7.865466595 0.063704707 0.997934163 0.008305858 -1.130143404 -0.085386485 -0.002841841 0.996343851 152.431472778
0.994753242 -0.066637985 0.077622481 7.920217514 0.066329442 0.997776270 0.006549282 -1.136919022 -0.077886298 -0.001366265 0.996961236 153.079925537
0.995197773 -0.067482926 0.070904143 7.970949173 0.067149088 0.997717798 0.007084148 -1.140452862 -0.071220376 -0.002288980 0.997457922 153.714248657
0.995654047 -0.065775827 0.065928295 8.007902145 0.065436035 0.997830033 0.007302746 -1.144192576 -0.066265576 -0.002956924 0.997797668 154.331298828
0.996048093 -0.064058058 0.061520778 8.042421341 0.063755818 0.997941852 0.006865412 -1.148241758 -0.061833948 -0.002915972 0.998082221 154.925674438
0.996197939 -0.064695321 0.058345649 8.079196930 0.064460583 0.997902811 0.005898633 -1.157405615 -0.058604904 -0.002115212 0.998279035 155.505783081
0.996314168 -0.064744897 0.056270469 8.114770889 0.064544715 0.997900367 0.005369660 -1.161794782 -0.056499977 -0.001717906 0.998401165 156.063644409
0.996413946 -0.063906148 0.055455402 8.146183014 0.063798115 0.997955918 0.003718100 -1.166552067 -0.055579647 -0.000166817 0.998454332 156.618148804
0.996504307 -0.062396422 0.055550631 8.175497055 0.062313847 0.998051405 0.003219264 -1.178099632 -0.055643260 0.000253563 0.998450637 157.140319824
0.996556938 -0.060131863 0.057082064 8.207486153 0.060078155 0.998190105 0.002658019 -1.178195953 -0.057138588 0.000780517 0.998365879 157.652801514
0.996352255 -0.059362307 0.061305884 8.237776756 0.059343558 0.998235404 0.002128162 -1.176810026 -0.061324034 0.001517709 0.998116791 158.161972046
0.996186137 -0.056478988 0.066509850 8.282030106 0.056468178 0.998402297 0.002044013 -1.187260151 -0.066519037 0.001719473 0.997783780 158.653305054
0.995742738 -0.054935738 0.074017100 8.321234703 0.055160377 0.998476923 -0.000992526 -1.195687532 -0.073849849 0.005071111 0.997256458 159.125778198
0.995148718 -0.051146071 0.084042706 8.358179092 0.051700547 0.998652756 -0.004433105 -1.203132629 -0.083702751 0.008756652 0.996452391 159.572097778
0.994111538 -0.046684165 0.097790450 8.402964592 0.047810480 0.998814046 -0.009204835 -1.210734487 -0.097244769 0.013826041 0.995164514 160.016586304
0.992382228 -0.043012191 0.115444288 8.457509041 0.044671759 0.998931766 -0.011825690 -1.220913172 -0.114812300 0.016892705 0.993243575 160.465545654
0.989986897 -0.038706612 0.135748729 8.522868156 0.040689126 0.999101460 -0.011859193 -1.222562909 -0.135167703 0.017263943 0.990672290 160.916305542
0.986423790 -0.038855478 0.159556612 8.611427307 0.041107088 0.999095976 -0.010834149 -1.224129796 -0.158991367 0.017245971 0.987129271 161.355209351
0.981662691 -0.042824790 0.185753390 8.715005875 0.044932783 0.998964369 -0.007151387 -1.232822657 -0.185254753 0.015366664 0.982570350 161.782531738
0.975539923 -0.048217285 0.214468956 8.836189270 0.050389510 0.998718739 -0.004669547 -1.243963957 -0.213968992 0.015362315 0.976719677 162.208862305
0.968183041 -0.049529377 0.245292351 8.968965530 0.051425844 0.998675883 -0.001328370 -1.253115773 -0.244901761 0.013900473 0.969448209 162.613494873
0.959096253 -0.044926245 0.279492021 9.099891663 0.046583284 0.998914123 0.000714199 -1.256196260 -0.279220581 0.012334669 0.960147738 163.025344849
0.948676527 -0.033180851 0.314502388 9.236877441 0.034873154 0.999391735 0.000245849 -1.253776431 -0.314319253 0.010734459 0.949256599 163.414428711
0.936483264 -0.024833452 0.349832118 9.389884949 0.026577096 0.999646723 -0.000183858 -1.259951711 -0.349703997 0.009469703 0.936812341 163.794799805
0.922645628 -0.022286810 0.385004312 9.573410034 0.025064912 0.999683440 -0.002198097 -1.262423396 -0.384833425 0.011678167 0.922912180 164.181915283
0.906202137 -0.031528804 0.421667635 9.794479370 0.035931077 0.999351203 -0.002495965 -1.271697879 -0.421315372 0.017412823 0.906746984 164.536911011
0.886085272 -0.037971228 0.461964369 10.026565552 0.045226179 0.998966157 -0.004637361 -1.276580811 -0.461310625 0.025001988 0.886886358 164.884979248
0.862958312 -0.037102535 0.503910959 10.270919800 0.044459756 0.999007821 -0.002582198 -1.270612717 -0.503315210 0.024632093 0.863751709 165.241989136
0.837162673 -0.031832196 0.546026886 10.528327942 0.035755277 0.999354720 0.003440623 -1.268288016 -0.545784116 0.016642986 0.837760568 165.602050781
0.808265686 -0.028769806 0.588114738 10.805625916 0.026269397 0.999572992 0.012794912 -1.258861184 -0.588231742 0.005107729 0.808676362 165.966079712
0.776696920 -0.027821615 0.629259884 11.117874146 0.020738216 0.999611855 0.018598858 -1.255148172 -0.629533172 -0.001395948 0.776972413 166.315536499
