1.000000000 0.000000000 0.000000000 0.000000000 0.000000000 1.000000000 0.000000000 0.000000000 0.000000000 0.000000000 1.000000000 0.000000000
0.999970853 -0.000499113 0.007622315 0.012580350 0.000501768 0.999999821 -0.000346355 -0.000001821 -0.007622140 0.000350170 0.999970913 0.594692409
0.999907017 -0.001439573 0.013558870 0.032653198 0.001448280 0.999998748 -0.000632356 0.000346754 -0.013557944 0.000651935 0.999907851 1.214111924
0.999833882 -0.002182262 0.018094692 0.044650964 0.002189722 0.999997497 -0.000392479 -0.005329608 -0.018093791 0.000432036 0.999836206 1.838722944
0.999780297 -0.003162794 0.020721121 0.064183332 0.003165173 0.999994993 -0.000082006 -0.005411379 -0.020720758 0.000147574 0.999785304 2.493792772
0.999732733 -0.002735300 0.022956667 0.085787833 0.002716137 0.999995947 0.000865867 -0.007484970 -0.022958945 -0.000803282 0.999736071 3.146435976
0.999696732 -0.002706780 0.024474584 0.104473099 0.002679495 0.999995708 0.001147564 -0.008091437 -0.024477586 -0.001081637 0.999699771 3.812414408
0.999667525 -0.001658630 0.025730459 0.122534171 0.001623235 0.999997675 0.001396407 -0.009556290 -0.025732711 -0.001354177 0.999667943 4.502378464
0.999636471 -0.001967442 0.026890766 0.141329497 0.001927653 0.999997139 0.001505520 -0.010077328 -0.026893647 -0.001453136 0.999637246 5.212448120
0.999616861 -0.004003223 0.027389519 0.168439150 0.003964929 0.999991059 0.001452293 -0.009227771 -0.027395092 -0.001343139 0.999623775 5.934227467
0.999615192 -0.005109932 0.027267035 0.193474889 0.005039771 0.999983788 0.002641217 -0.012108520 -0.027280092 -0.002502781 0.999624670 6.674692631
0.999604225 -0.006365484 0.027402893 0.219995633 0.006284262 0.999975562 0.003049059 -0.006982872 -0.027421631 -0.002875646 0.999619782 7.437130928
0.999644518 -0.006011091 0.025976922 0.245843038 0.005927326 0.999976993 0.003300381 -0.003527798 -0.025996162 -0.003145234 0.999657094 8.208307266
0.999680281 -0.005605863 0.024659496 0.261898816 0.005517292 0.999978065 0.003658340 -0.004617516 -0.024679463 -0.003521117 0.999689281 8.996800423
0.999708772 -0.005021284 0.023602974 0.283980191 0.004936814 0.999981225 0.003635659 -0.003842115 -0.023620786 -0.003518077 0.999714732 9.811810493
0.999737859 -0.003941117 0.022553952 0.301141709 0.003875013 0.999988079 0.002973850 0.000263017 -0.022565400 -0.002885674 0.999741197 10.631873131
0.999774754 -0.000634797 0.021214770 0.321331799 0.000628993 0.999999821 0.000280226 -0.003054722 -0.021214942 -0.000266819 0.999774933 11.464283943
0.999780893 0.003715576 0.020595973 0.330958962 -0.003691844 0.999992490 -0.001190176 -0.003272488 -0.020600239 0.001113878 0.999787152 12.307216644
0.999801219 0.005345613 0.019208986 0.347561479 -0.005319322 0.999984801 -0.001419496 -0.005301720 -0.019216286 0.001317035 0.999814510 13.160568237
0.999801993 0.007990255 0.018219242 0.355020106 -0.008002425 0.999967813 0.000595094 -0.009472955 -0.018213898 -0.000740774 0.999833882 14.016973495
0.999792755 0.010642749 0.017354853 0.369850278 -0.010670837 0.999941945 0.001526541 -0.017128911 -0.017337598 -0.001711415 0.999848247 14.874135971
0.999794364 0.012392270 0.016050644 0.384344578 -0.012422814 0.999921203 0.001804779 -0.028833782 -0.016027017 -0.002003802 0.999869466 15.728114128
0.999788761 0.014793013 0.014263271 0.395922422 -0.014813523 0.999889314 0.001333418 -0.033554778 -0.014241969 -0.001544426 0.999897301 16.574174881
0.999814034 0.014283349 0.012952906 0.407621443 -0.014297212 0.999897301 0.000978117 -0.045368198 -0.012937608 -0.001163126 0.999915540 17.418720245
0.999819517 0.015217372 0.011374694 0.418404281 -0.015229902 0.999883473 0.001015711 -0.053879451 -0.011357915 -0.001188764 0.999934733 18.260740280
0.999858320 0.013187878 0.010459832 0.439718395 -0.013209313 0.999910772 0.001983033 -0.053769737 -0.010432744 -0.002120920 0.999943316 19.124212265
0.999920845 0.009276022 0.008500505 0.458757102 -0.009311277 0.999948204 0.004117362 -0.055917397 -0.008461872 -0.004196187 0.999955356 19.961565018
0.999936163 0.009042569 0.006770789 0.466266036 -0.009080087 0.999943495 0.005530921 -0.060247749 -0.006720391 -0.005592047 0.999961734 20.799222946
0.999963343 0.006682212 0.005341224 0.469201565 -0.006716487 0.999956787 0.006424845 -0.068762809 -0.005298060 -0.006460484 0.999965012 21.625875473
0.999985099 0.003273027 0.004399988 0.492538214 -0.003309741 0.999959469 0.008362805 -0.072619513 -0.004372439 -0.008377242 0.999955356 22.455968857
0.999992907 0.001592109 0.003433884 0.501458585 -0.001627443 0.999945521 0.010311529 -0.071912766 -0.003417280 -0.010317044 0.999940991 23.287822723
0.999995232 0.001866775 0.002488196 0.506494641 -0.001897129 0.999923110 0.012253176 -0.075753868 -0.002465132 -0.012257838 0.999921799 24.110990524
0.999999583 -0.000023149 0.000931747 0.515225589 0.000011279 0.999918818 0.012737263 -0.075105518 -0.000931966 -0.012737248 0.999918461 24.930702209
0.999991775 -0.004051180 0.000051302 0.510353804 0.004050113 0.999899983 0.013546678 -0.072666764 -0.000106176 -0.013546359 0.999908268 25.746631622
0.999954939 -0.009419038 -0.001113596 0.529817104 0.009435452 0.999830782 0.015790846 -0.068479955 0.000964673 -0.015800646 0.999874651 26.574398041
0.999908507 -0.013211841 -0.002867130 0.538075626 0.013256707 0.999780297 0.016239572 -0.061135828 0.002651946 -0.016276097 0.999863982 27.398656845
0.999857843 -0.016202344 -0.004650474 0.535703599 0.016271733 0.999750674 0.015292716 -0.055359811 0.004401537 -0.015366214 0.999872208 28.216732025
0.999751687 -0.021123471 -0.007093376 0.540721416 0.021217167 0.999684989 0.013404639 -0.059818923 0.006807990 -0.013551813 0.999884963 29.028810501
0.999705851 -0.022408960 -0.009270666 0.541031599 0.022516087 0.999678910 0.011617256 -0.051095426 0.009007359 -0.011822579 0.999889553 29.852729797
0.999690294 -0.022297634 -0.011052269 0.534738243 0.022420185 0.999687135 0.011091159 -0.051560193 0.010801506 -0.011335517 0.999877393 30.619272232
0.999695599 -0.020742288 -0.013360089 0.523968875 0.020895747 0.999716163 0.011450861 -0.052271336 0.013118780 -0.011726543 0.999845147 31.424566269
0.999674201 -0.020370753 -0.015380802 0.511303782 0.020550724 0.999721110 0.011634830 -0.054337144 0.015139500 -0.011947126 0.999814034 32.225940704
0.999659300 -0.019646997 -0.017182309 0.495441139 0.019845804 0.999737203 0.011477348 -0.053515017 0.016952297 -0.011814434 0.999786496 33.017974854
0.999651432 -0.018422710 -0.018911442 0.484941363 0.018628223 0.999768674 0.010748919 -0.055809557 0.018709043 -0.011097458 0.999763370 33.798797607
0.999624789 -0.017645814 -0.020951763 0.470325172 0.017830068 0.999803722 0.008640282 -0.056562781 0.020795189 -0.009010611 0.999743104 34.581672668
0.999608159 -0.016918737 -0.022298589 0.447834492 0.017045775 0.999839544 0.005519565 -0.060865790 0.022201624 -0.005897499 0.999736071 35.356105804
0.999592066 -0.016538406 -0.023285951 0.434369147 0.016600801 0.999859035 0.002488771 -0.067116566 0.023241507 -0.002874321 0.999725759 36.121337891
0.999576867 -0.016701339 -0.023812221 0.425233364 0.016717538 0.999860108 0.000481447 -0.070010751 0.023800854 -0.000879325 0.999716341 36.919330597
0.999564826 -0.017701913 -0.023594126 0.412186027 0.017680731 0.999843001 -0.001106153 -0.077470683 0.023610005 0.000688511 0.999720991 37.693485260
0.999579191 -0.018165259 -0.022612771 0.398503423 0.018135715 0.999834359 -0.001510769 -0.084516704 0.022636471 0.001100035 0.999743104 38.461090088
0.999589443 -0.019177696 -0.021288415 0.384668291 0.019146647 0.999815285 -0.001661373 -0.099094309 0.021316344 0.001253089 0.999772012 39.227748871
0.999607921 -0.019397713 -0.020192651 0.373980701 0.019369276 0.999811113 -0.001602850 -0.104843572 0.020219928 0.001211104 0.999794900 39.996292114
0.999618530 -0.019953189 -0.019099815 0.365663230 0.019934447 0.999800622 -0.001171125 -0.110613599 0.019119376 0.000789934 0.999816954 40.772941589
0.999654233 -0.019614901 -0.017511595 0.349448025 0.019612405 0.999807596 -0.000314228 -0.123186544 0.017514389 -0.000029325 0.999846637 41.543285370
0.999664307 -0.019806769 -0.016702350 0.345351219 0.019799490 0.999803782 -0.000601228 -0.128001586 0.016710980 0.000270328 0.999860346 42.316650391
0.999684691 -0.019900303 -0.015306663 0.334460616 0.019891709 0.999801934 -0.000713380 -0.137532920 0.015317828 0.000408679 0.999882579 43.080310822
0.999719560 -0.019195355 -0.013868955 0.327217877 0.019191602 0.999815702 -0.000403532 -0.141238511 0.013874144 0.000137252 0.999903679 43.860446930
0.999734461 -0.019058704 -0.012954505 0.324202299 0.019074207 0.999817491 0.001074471 -0.143159270 0.012931664 -0.001321283 0.999915481 44.637519836
0.999748945 -0.019062463 -0.011778198 0.319434524 0.019099576 0.999812961 0.003047165 -0.151448637 0.011717907 -0.003271358 0.999925911 45.413803101
0.999755383 -0.019776577 -0.009899311 0.311963171 0.019821847 0.999793410 0.004496190 -0.157785609 0.009808346 -0.004691314 0.999940813 46.208225250
0.999784946 -0.018917782 -0.008492644 0.312088102 0.018952494 0.999812305 0.004026091 -0.160435423 0.008414885 -0.004186183 0.999955773 46.994152069
0.999821663 -0.017538823 -0.006996030 0.305698425 0.017554386 0.999843538 0.002169142 -0.162612587 0.006956891 -0.002291568 0.999973178 47.784950256
0.999851882 -0.016421940 -0.005134240 0.302541524 0.016427474 0.999864459 0.001037705 -0.168291464 0.005116504 -0.001121894 0.999986291 48.567081451
0.999873638 -0.015481320 -0.003592075 0.302859813 0.015483911 0.999879837 0.000695230 -0.171112522 0.003580880 -0.000750761 0.999993324 49.370094299
0.999900281 -0.013989979 -0.001881856 0.302803457 0.013993410 0.999900341 0.001824023 -0.172255576 0.001856150 -0.001850174 0.999996543 50.174278259
0.999916434 -0.012923302 0.000190067 0.306550980 0.012922651 0.999911726 0.003096881 -0.180210307 -0.000230072 -0.003094166 0.999995172 50.983299255
0.999912679 -0.013128086 0.001589855 0.313271910 0.013121725 0.999906182 0.003947647 -0.185528070 -0.001641531 -0.003926440 0.999990880 51.793865204
0.999934554 -0.010809618 0.003762260 0.312097341 0.010795921 0.999935091 0.003642016 -0.189453900 -0.003801384 -0.003601160 0.999986231 52.604755402
0.999951422 -0.008122304 0.005570166 0.316068739 0.008100813 0.999959707 0.003869750 -0.188410133 -0.005601374 -0.003824440 0.999976933 53.447895050
0.999948680 -0.007862015 0.006374064 0.324863464 0.007830894 0.999957383 0.004892746 -0.185845315 -0.006412260 -0.004842581 0.999967635 54.277442932
0.999914527 -0.010520346 0.007760234 0.334271610 0.010468653 0.999922931 0.006671918 -0.188493133 -0.007829828 -0.006590108 0.999947608 55.106098175
0.999826789 -0.016385769 0.008828358 0.355503887 0.016339179 0.999852300 0.005324165 -0.190358371 -0.008914295 -0.005178994 0.999946833 55.962436676
0.999814034 -0.017295746 0.008533600 0.369158328 0.017303187 0.999849916 -0.000798812 -0.194449916 -0.008518505 0.000946322 0.999963284 56.804222107
0.999825835 -0.016785905 0.008158744 0.371225238 0.016866248 0.999808848 -0.009880579 -0.202662617 -0.007991333 0.010016465 0.999917865 57.633876801
0.999800742 -0.018880425 0.006484793 0.388619870 0.018983342 0.999688625 -0.016193602 -0.212667644 -0.006177033 0.016313480 0.999847770 58.479972839
0.999732733 -0.022395942 0.005745848 0.405569345 0.022475662 0.999646366 -0.014206417 -0.224891961 -0.005425651 0.014331762 0.999882519 59.332546234
0.999837756 -0.016927570 0.006161205 0.402304947 0.016962688 0.999839783 -0.005692516 -0.244112074 -0.006063859 0.005796102 0.999964774 60.189613342
0.999910712 -0.012256747 0.005319158 0.407690346 0.012237892 0.999918759 0.003562638 -0.261951447 -0.005362392 -0.003497225 0.999979436 61.055652618
0.999938488 -0.010072746 0.004634918 0.411568046 0.010030060 0.999907851 0.009142853 -0.265351534 -0.004726585 -0.009095804 0.999947429 61.916885376
0.999943495 -0.009823053 0.004058423 0.416677088 0.009775110 0.999884129 0.011668814 -0.266415834 -0.004172577 -0.011628484 0.999923646 62.767498016
0.999917865 -0.012300753 0.003589955 0.419954062 0.012263151 0.999871552 0.010314234 -0.271513641 -0.003716367 -0.010269361 0.999940276 63.610454559
0.999872744 -0.015776865 0.002332986 0.438180268 0.015761655 0.999855340 0.006399179 -0.266591996 -0.002433607 -0.006361593 0.999976754 64.463195801
0.999828875 -0.018443083 0.001445169 0.441004992 0.018438194 0.999824464 0.003326865 -0.277291745 -0.001506273 -0.003299649 0.999993384 65.309951782
0.999829650 -0.018456651 0.000219684 0.438462973 0.018456167 0.999827564 0.002051007 -0.280933678 -0.000257501 -0.002046603 0.999997854 66.147140503
0.999804735 -0.019705113 -0.001505325 0.446019918 0.019708445 0.999803305 0.002231034 -0.284741461 0.001461066 -0.002260266 0.999996305 66.997207642
0.999822199 -0.018714460 -0.002326212 0.433691740 0.018722598 0.999818444 0.003526434 -0.290999204 0.002259794 -0.003569359 0.999991059 67.829162598
0.999805570 -0.019335907 -0.003860427 0.438316941 0.019352425 0.999803543 0.004288831 -0.299838573 0.003776740 -0.004362705 0.999983311 68.671943665
0.999800742 -0.019325409 -0.004997201 0.438692331 0.019351881 0.999798596 0.005303755 -0.307389706 0.004893697 -0.005399403 0.999973476 69.508193970
0.999809325 -0.018577985 -0.006022958 0.436928898 0.018609202 0.999813437 0.005168919 -0.306964844 0.005925807 -0.005280016 0.999968529 70.347747803
0.999806404 -0.018414512 -0.006932382 0.434294581 0.018449146 0.999817431 0.004966190 -0.316621393 0.006839667 -0.005093126 0.999963701 71.184768677
0.999835372 -0.016521309 -0.007502583 0.429384351 0.016551163 0.999855220 0.003934956 -0.316825241 0.007436485 -0.004058484 0.999964118 72.032791138
0.999844015 -0.015712280 -0.008062080 0.423412204 0.015741332 0.999869764 0.003552810 -0.316340357 0.008005206 -0.003679163 0.999961257 72.873062134
0.999860168 -0.014641247 -0.008074558 0.413179755 0.014683829 0.999878347 0.005239659 -0.324195564 0.007996861 -0.005357491 0.999953687 73.718269348
0.999885321 -0.013024487 -0.007722619 0.410240948 0.013070048 0.999897301 0.005878578 -0.332948059 0.007645259 -0.005978839 0.999952912 74.565872192
0.999921322 -0.010559114 -0.006781829 0.399323940 0.010592807 0.999931633 0.004951617 -0.334726095 0.006729081 -0.005023066 0.999964714 75.423339844
0.999931991 -0.009882819 -0.006193792 0.392598063 0.009898617 0.999947786 0.002524959 -0.339759290 0.006168515 -0.002586096 0.999977648 76.272468567
0.999939680 -0.009401219 -0.005679898 0.398013920 0.009401863 0.999955773 0.000086782 -0.343106925 0.005678832 -0.000140179 0.999983788 77.130340576
0.999937236 -0.009971113 -0.005097792 0.396799326 0.009965276 0.999949574 -0.001168866 -0.346801251 0.005109190 0.001117992 0.999986291 77.996772766
0.999939382 -0.010065118 -0.004448191 0.391933352 0.010058081 0.999948144 -0.001601270 -0.352130741 0.004464078 0.001556434 0.999988794 78.882614136
0.999929547 -0.011193900 -0.003950055 0.388875753 0.011186005 0.999935508 -0.002015172 -0.358884156 0.003972359 0.001970845 0.999990225 79.763969421
0.999924242 -0.011553068 -0.004226280 0.395751506 0.011540580 0.999928951 -0.002967566 -0.368090957 0.004260264 0.002918568 0.999986649 80.648094177
0.999921381 -0.011837984 -0.004126091 0.392595440 0.011820637 0.999921262 -0.004204290 -0.375135750 0.004175536 0.004155186 0.999982655 81.541656494
0.999924481 -0.011488130 -0.004367298 0.393776983 0.011465678 0.999921024 -0.005131390 -0.382769614 0.004425903 0.005080928 0.999977231 82.439895630
0.999925196 -0.011208766 -0.004895699 0.395344049 0.011183891 0.999924541 -0.005078710 -0.391570628 0.004952256 0.005023577 0.999975085 83.343719482
0.999926746 -0.011001882 -0.005057850 0.383488744 0.010984360 0.999933600 -0.003478794 -0.403597236 0.005095787 0.003422981 0.999981165 84.256042480
0.999939382 -0.009607448 -0.005381746 0.384470701 0.009600814 0.999953091 -0.001257163 -0.412098229 0.005393573 0.001205418 0.999984741 85.180122375
0.999942064 -0.009248115 -0.005514766 0.377054036 0.009252629 0.999956787 0.000793444 -0.420909494 0.005507190 -0.000844424 0.999984503 86.108871460
0.999947071 -0.008411849 -0.005923433 0.378134072 0.008421892 0.999963105 0.001672720 -0.429724932 0.005909145 -0.001722519 0.999981105 87.045433044
0.999953628 -0.007792157 -0.005660295 0.365276426 0.007801294 0.999968231 0.001593771 -0.434784740 0.005647698 -0.001637855 0.999982774 87.997261047
0.999953508 -0.007671096 -0.005844945 0.370681942 0.007678343 0.999969721 0.001218337 -0.435491651 0.005835422 -0.001263160 0.999982178 88.898727417
0.999955356 -0.007214495 -0.006115990 0.369831979 0.007214550 0.999973953 -0.000013032 -0.438370198 0.006115925 -0.000031092 0.999981344 89.851470947
0.999956310 -0.007498879 -0.005582037 0.363499641 0.007490233 0.999970615 -0.001568442 -0.450871229 0.005593634 0.001526563 0.999983191 90.805183411
0.999950171 -0.008284456 -0.005569309 0.362924576 0.008266376 0.999960423 -0.003261768 -0.450156033 0.005596112 0.003215568 0.999979198 91.774505615
0.999959886 -0.007693162 -0.004580845 0.353968292 0.007675291 0.999962866 -0.003906460 -0.457578361 0.004610728 0.003871144 0.999981880 92.752464294
0.999968886 -0.006572222 -0.004369158 0.349288881 0.006553589 0.999969423 -0.004265277 -0.463075310 0.004397057 0.004236511 0.999981403 93.732559204
0.999980509 -0.004615698 -0.004202542 0.353581518 0.004604169 0.999985695 -0.002749182 -0.474706769 0.004215171 0.002729780 0.999987423 94.729537964
0.999995172 -0.001481129 -0.002722480 0.329086900 0.001480021 0.999998808 -0.000408453 -0.485761732 0.002723082 0.000404421 0.999996245 95.708747864
0.999991298 0.003514921 -0.002235929 0.331863552 -0.003515686 0.999993682 -0.000338310 -0.493878961 0.002234726 0.000346168 0.999997437 96.714782715
0.999971390 0.007407002 -0.001554896 0.325846642 -0.007406909 0.999972463 0.000064700 -0.497787148 0.001555333 -0.000053181 0.999998808 97.718185425
0.999989271 0.004642478 -0.000199366 0.324229002 -0.004641904 0.999985337 0.002791453 -0.503663003 0.000212323 -0.002790497 0.999996066 98.723121643
0.999979734 0.006352220 0.000427756 0.330066204 -0.006355103 0.999954402 0.007116187 -0.505096793 -0.000382533 -0.007118762 0.999974608 99.747657776
0.999989212 0.004638421 0.000333730 0.336204469 -0.004641881 0.999925971 0.011242248 -0.500564575 -0.000281559 -0.011243675 0.999936819 100.767578125
0.999998868 0.000927022 0.001165771 0.334511578 -0.000945207 0.999876320 0.015696693 -0.493268967 -0.001151076 -0.015697777 0.999876142 101.785545349
0.999999225 -0.000630466 0.001060326 0.351661861 0.000610395 0.999822617 0.018824197 -0.492585778 -0.001072006 -0.018823542 0.999822199 102.800018311
0.999997318 -0.002130021 0.000896682 0.351246536 0.002113642 0.999837816 0.017887302 -0.483945489 -0.000934637 -0.017885357 0.999839664 103.818489075
0.999990344 -0.004349863 0.000568203 0.355929971 0.004339844 0.999853075 0.016581988 -0.476955056 -0.000640249 -0.016579365 0.999862313 104.840393066
0.999975085 -0.007043734 -0.000442006 0.375848532 0.007050001 0.999842405 0.016292877 -0.459816098 0.000327174 -0.016295584 0.999867141 105.908027649
0.999949396 -0.009948024 -0.001468059 0.379325509 0.009972017 0.999799609 0.017359147 -0.452057719 0.001295075 -0.017372908 0.999848187 106.951698303
0.999909520 -0.013268705 -0.002212629 0.380819619 0.013306230 0.999751151 0.017907966 -0.444225073 0.001974463 -0.017935788 0.999837101 107.982925415
0.999853313 -0.016826674 -0.003157110 0.393672079 0.016887212 0.999652445 0.020241767 -0.431442022 0.002815411 -0.020292113 0.999790132 109.026542664
0.999796331 -0.019717552 -0.004312723 0.400000244 0.019808900 0.999555588 0.022276353 -0.421036959 0.003871572 -0.022357246 0.999742568 110.074569702
0.999710321 -0.023599934 -0.004725167 0.402945518 0.023694634 0.999496460 0.021103319 -0.412444830 0.004224751 -0.021209164 0.999766111 111.117057800
0.999656498 -0.025690025 -0.005183508 0.406573236 0.025778886 0.999507844 0.017874289 -0.405267000 0.004721765 -0.018001772 0.999826908 112.130332947
0.999644220 -0.026262058 -0.004659562 0.408315897 0.026331216 0.999533713 0.015460132 -0.395659447 0.004251375 -0.015577324 0.999869645 113.169143677
0.999678075 -0.025177231 -0.003172198 0.399688780 0.025221171 0.999574184 0.014669459 -0.391792297 0.002801512 -0.014744742 0.999887288 114.192199707
0.999729991 -0.023194028 -0.001376680 0.404891908 0.023211626 0.999624550 0.014556843 -0.390643120 0.001038531 -0.014584866 0.999893069 115.233772278
0.999751568 -0.022287425 0.000160579 0.407553136 0.022282805 0.999648154 0.014389115 -0.386575937 -0.000481218 -0.014381962 0.999896407 116.266906738
0.999750018 -0.022304958 0.001525044 0.414045274 0.022276588 0.999613941 0.016605569 -0.380336165 -0.001894843 -0.016567446 0.999860942 117.296325684
0.999753475 -0.022004459 0.002969344 0.424825847 0.021943403 0.999574244 0.019228604 -0.371370316 -0.003391195 -0.019158702 0.999810696 118.311500549
0.999747813 -0.021996392 0.004524340 0.432805955 0.021903470 0.999566853 0.019653488 -0.365628242 -0.004954687 -0.019549435 0.999796629 119.338836670
0.999746263 -0.021752708 0.005835583 0.446332753 0.021651387 0.999622703 0.016897423 -0.357479334 -0.006200946 -0.016766790 0.999840200 120.346076965
0.999725163 -0.022390589 0.006937465 0.459274679 0.022289779 0.999649525 0.014282494 -0.350130320 -0.007254826 -0.014123936 0.999873996 121.356277466
0.999717236 -0.022400344 0.007971299 0.472533882 0.022299770 0.999673307 0.012489379 -0.346591711 -0.008248462 -0.012308092 0.999890208 122.371772766
0.999675512 -0.024254467 0.007786669 0.496615022 0.024153303 0.999625862 0.012833405 -0.343087673 -0.008095026 -0.012641166 0.999887288 123.388450623
0.999625564 -0.026314855 0.007509087 0.512407899 0.026208049 0.999558628 0.013984267 -0.338013768 -0.007873769 -0.013782231 0.999873996 124.410942078
0.999594808 -0.027361138 0.007846214 0.515207529 0.027240336 0.999514818 0.015110415 -0.342760086 -0.008255843 -0.014890564 0.999855042 125.398101807
0.999541640 -0.029374475 0.007328792 0.528057992 0.029267620 0.999469697 0.014284252 -0.338828087 -0.007744497 -0.014063210 0.999871135 126.403205872
0.999486983 -0.031192495 0.007281540 0.535799801 0.031097861 0.999434829 0.012766674 -0.334812164 -0.007675650 -0.012533684 0.999891996 127.400955200
0.999506652 -0.030677892 0.006722996 0.555730343 0.030589296 0.999448717 0.012907718 -0.332947612 -0.007115271 -0.012695702 0.999894083 128.387496948
0.999527931 -0.030145429 0.005933378 0.566739857 0.030060543 0.999451339 0.013910991 -0.327614307 -0.006349475 -0.013726065 0.999885678 129.383544922
0.999590278 -0.028009195 0.005897902 0.563868463 0.027909707 0.999477148 0.016324544 -0.324616432 -0.006352056 -0.016153248 0.999849319 130.373275757
0.999640107 -0.026240041 0.005578304 0.585157633 0.026134040 0.999491036 0.018294359 -0.316790104 -0.006055509 -0.018141992 0.999817193 131.366165161
0.999694705 -0.024166159 0.005135532 0.597269297 0.024063297 0.999525487 0.019227112 -0.306306124 -0.005597741 -0.019097665 0.999801993 132.357238770
0.999764025 -0.021079157 0.005246076 0.593977988 0.020975981 0.999599397 0.019000748 -0.305169106 -0.005644495 -0.018886225 0.999805748 133.346694946
0.999793768 -0.019621825 0.005224207 0.600675583 0.019523716 0.999643445 0.018211143 -0.298821688 -0.005579681 -0.018105390 0.999820530 134.304092407
0.999882936 -0.014600849 0.004568808 0.608512521 0.014524117 0.999759972 0.016399579 -0.295778751 -0.004807159 -0.016331300 0.999855101 135.291351318
0.999894917 -0.013544206 0.005161037 0.609690547 0.013475341 0.999822736 0.013151947 -0.290810823 -0.005338255 -0.013081020 0.999900162 136.253677368
0.999915898 -0.012052489 0.004787422 0.616195261 0.012002024 0.999873459 0.010433819 -0.289648175 -0.004912569 -0.010375483 0.999934137 137.214477539
0.999940336 -0.009808288 0.004801296 0.617312193 0.009748569 0.999876738 0.012307413 -0.291055441 -0.004921418 -0.012259873 0.999912739 138.178405762
0.999911070 -0.012700213 0.004074418 0.627783298 0.012628642 0.999773443 0.017135421 -0.282089233 -0.004291118 -0.017082438 0.999844849 139.155578613
0.999893427 -0.014213768 0.003341920 0.638283193 0.014143543 0.999696553 0.020172847 -0.279899597 -0.003627638 -0.020123430 0.999790907 140.109924316
0.999861062 -0.016336430 0.003310333 0.643648863 0.016271457 0.999691129 0.018785752 -0.272875786 -0.003616203 -0.018729277 0.999818027 141.052230835
0.999802768 -0.019678280 0.002736179 0.661515355 0.019627584 0.999654830 0.017462639 -0.272053719 -0.003078870 -0.017405493 0.999843776 141.970230103
0.999790728 -0.020335345 0.002288088 0.666148186 0.020292711 0.999643922 0.017325532 -0.268899679 -0.002639594 -0.017275479 0.999847293 142.881256104
0.999769449 -0.021373862 0.002092986 0.672740161 0.021334948 0.999625802 0.017122019 -0.268667459 -0.002458167 -0.017073419 0.999851167 143.785400391
0.999746263 -0.022470405 0.001589049 0.682581365 0.022442751 0.999625087 0.015685590 -0.262997866 -0.001940915 -0.015645947 0.999875724 144.706253052
0.999755800 -0.022061292 0.001310653 0.688324332 0.022038743 0.999640644 0.015262281 -0.256131887 -0.001646888 -0.015229668 0.999882698 145.594985962
0.999774575 -0.021198180 0.001175506 0.687916279 0.021175120 0.999630928 0.017022241 -0.251882076 -0.001535912 -0.016993517 0.999854386 146.477325439
0.999755979 -0.022047386 0.001394410 0.696840107 0.022015322 0.999559820 0.019886715 -0.252830029 -0.001832247 -0.019851165 0.999801278 147.355102539
0.999745905 -0.022513783 0.001153615 0.704167485 0.022484144 0.999520481 0.021287790 -0.247935057 -0.001632331 -0.021256443 0.999772668 148.205627441
0.999717414 -0.023731617 0.001338523 0.708283544 0.023694353 0.999451816 0.023121119 -0.245088100 -0.001886491 -0.023082873 0.999731719 149.053955078
0.999729216 -0.023244765 0.001060380 0.715010881 0.023213331 0.999452531 0.023572676 -0.235216618 -0.001607741 -0.023541680 0.999721527 149.870895386
0.999727130 -0.023336943 0.001037536 0.712992609 0.023306850 0.999462664 0.023046132 -0.235209703 -0.001574805 -0.023015663 0.999733865 150.664077759
0.999657273 -0.026173346 0.000577316 0.724194229 0.026155636 0.999440551 0.020843847 -0.231329203 -0.001122546 -0.020821607 0.999782562 151.457794189
0.999678016 -0.025368204 -0.000690895 0.728031218 0.025376851 0.999488533 0.019457683 -0.224503756 0.000196935 -0.019468950 0.999810457 152.218292236
0.999628961 -0.027197931 -0.001567292 0.728174269 0.027221667 0.999468803 0.017913295 -0.221992016 0.001079255 -0.017949309 0.999838293 152.959335327
0.999696016 -0.024383677 -0.003627884 0.727076054 0.024441190 0.999560773 0.016757971 -0.219997644 0.003217669 -0.016841548 0.999852955 153.676620483
0.999723434 -0.022805864 -0.005734866 0.723004222 0.022881595 0.999646962 0.013506294 -0.222365379 0.005424817 -0.013633784 0.999892354 154.364944458
0.999734879 -0.021833025 -0.007314597 0.714707136 0.021905992 0.999709547 0.010049034 -0.221157551 0.007093072 -0.010206606 0.999922752 155.030395508
0.999676943 -0.023777956 -0.008980415 0.719360471 0.023839066 0.999692917 0.006759978 -0.229572535 0.008816918 -0.006971879 0.999936759 155.673461914
0.999719739 -0.021351624 -0.010227095 0.710980535 0.021407345 0.999756396 0.005370516 -0.234579444 0.010109936 -0.005587946 0.999933302 156.290100098
0.999762952 -0.018983368 -0.010658905 0.700405002 0.019027419 0.999810815 0.004046834 -0.239558280 0.010580065 -0.004248686 0.999935031 156.894989014
0.999772608 -0.017919248 -0.011560349 0.691372871 0.017985327 0.999822378 0.005637313 -0.246638775 0.011457278 -0.005843946 0.999917269 157.474884033
0.999738097 -0.019739211 -0.011579087 0.694042802 0.019836828 0.999768138 0.008377217 -0.249480128 0.011411044 -0.008604715 0.999897838 158.048065186
0.999747336 -0.020412760 -0.009409085 0.695436358 0.020487687 0.999758661 0.007936699 -0.256777406 0.009244804 -0.008127463 0.999924242 158.599899292
0.999776304 -0.020532230 -0.005071888 0.694285214 0.020566585 0.999765277 0.006816248 -0.265502810 0.004930745 -0.006919035 0.999963880 159.133773804
0.999813080 -0.019333092 -0.000152410 0.697347999 0.019333614 0.999800384 0.005057954 -0.272171259 0.000054595 -0.005059958 0.999987185 159.651123047
0.999807954 -0.018485673 0.006504807 0.703758717 0.018475540 0.999828100 0.001614492 -0.273265243 -0.006533532 -0.001494003 0.999977529 160.144760132
0.999745250 -0.017149461 0.014674097 0.718203306 0.017183244 0.999849916 -0.002179408 -0.277607352 -0.014634519 0.002431002 0.999889970 160.613449097
0.999576032 -0.016480582 0.024002390 0.738455296 0.016574778 0.999855638 -0.003730667 -0.284482896 -0.023937441 0.004126919 0.999704957 161.086151123
0.999291062 -0.016535040 0.033820994 0.761926174 0.016645541 0.999856949 -0.002988236 -0.292719126 -0.033766747 0.003549086 0.999423444 161.528610229
0.998851538 -0.016168021 0.045100760 0.781150341 0.016279809 0.999865234 -0.002112366 -0.296482891 -0.045060527 0.002844172 0.998980224 161.948822021
0.998236656 -0.015666397 0.057255667 0.819540977 0.015871575 0.999869108 -0.003130456 -0.307333946 -0.057199132 0.004033674 0.998354673 162.357376099
0.997422218 -0.013761999 0.070424125 0.845013618 0.014123060 0.999889612 -0.004631548 -0.311417520 -0.070352614 0.005614212 0.997506440 162.753768921
0.996377170 -0.012679901 0.084092960 0.898024559 0.013131817 0.999902129 -0.004823055 -0.321355700 -0.084023587 0.005909876 0.996446252 163.135467529
0.994992733 -0.011553352 0.099276811 0.945521355 0.011952541 0.999922693 -0.003427140 -0.326842517 -0.099229544 0.004596591 0.995053947 163.504104614
0.993322134 -0.011698644 0.114779502 1.003486633 0.012025140 0.999925375 -0.002152533 -0.334376633 -0.114745758 0.003518398 0.993388712 163.853134155
0.991264760 -0.011063659 0.131422192 1.053148270 0.011516394 0.999930024 -0.002685317 -0.341110408 -0.131383285 0.004175369 0.991322935 164.189559937
0.988839149 -0.010804624 0.148594499 1.115516663 0.011616857 0.999921918 -0.004599257 -0.346909940 -0.148533225 0.006274127 0.988887548 164.523651123
0.985942602 -0.009974238 0.166786090 1.188114166 0.011188336 0.999917328 -0.006341322 -0.352148116 -0.166709036 0.008118239 0.985972703 164.837173462
0.982416511 -0.009065681 0.186482057 1.260992050 0.010428725 0.999925554 -0.006329536 -0.361227512 -0.186410829 0.008163010 0.982437968 165.161041260
0.978176534 -0.007308827 0.207646742 1.342147827 0.008536208 0.999950945 -0.005015498 -0.366830051 -0.207599893 0.006678557 0.978191018 165.477722168
0.973166823 -0.007226971 0.229986787 1.431388855 0.008199624 0.999961019 -0.003273731 -0.369599700 -0.229954198 0.005071692 0.973188221 165.782943726
0.967198312 -0.008554195 0.253878266 1.532974243 0.009316536 0.999954939 -0.001800571 -0.372568011 -0.253851414 0.004106775 0.967234492 166.079833984
0.960323870 -0.006888261 0.278801978 1.633014679 0.007773649 0.999967694 -0.002070223 -0.378461808 -0.278778702 0.004155393 0.960346401 166.383544922
0.952608287 -0.005009213 0.304158390 1.747352600 0.006161414 0.999977052 -0.002828513 -0.387612581 -0.304137230 0.004568512 0.952617288 166.664321899
0.943641126 -0.001223149 0.330968350 1.861473083 0.002586930 0.999989927 -0.003680099 -0.388949752 -0.330960542 0.004328884 0.943634748 166.952331543
0.933301628 0.000856014 0.359092414 1.994865417 0.001056418 0.999986410 -0.005129485 -0.395408720 -0.359091908 0.005166708 0.933287919 167.255065918
0.921546757 0.000807698 0.388266563 2.143115997 0.001618095 0.999981225 -0.005920758 -0.398477495 -0.388264030 0.006084508 0.921528041 167.540466309
0.908612490 -0.001130879 0.417638600 2.306091309 0.004528592 0.999964237 -0.007144684 -0.401415944 -0.417615592 0.008383065 0.908585191 167.815902710
0.894018352 -0.002646298 0.448022485 2.481864929 0.007488524 0.999931157 -0.009036963 -0.404375374 -0.447967678 0.011434238 0.893976569 168.098403931
0.877744913 -0.002146733 0.479123473 2.659294128 0.008140366 0.999912441 -0.010432841 -0.406480193 -0.479059190 0.013057615 0.877685547 168.386917114
0.860665083 -0.000751097 0.509170949 2.861297607 0.008061913 0.999893665 -0.012152284 -0.410588384 -0.509107709 0.014563940 0.860579610 168.668731689
0.841777503 0.000579191 0.539824367 3.081542969 0.007997139 0.999876320 -0.013543166 -0.412694812 -0.539765418 0.015717383 0.841668725 168.965377808
0.821232915 0.001864266 0.570590079 3.298744202 0.006997438 0.999886632 -0.013338087 -0.420691729 -0.570550263 0.014946344 0.821126759 169.245086670
0.799912333 0.002826339 0.600110114 3.547721863 0.006006742 0.999901175 -0.012715878 -0.426793694 -0.600086689 0.013776296 0.799816370 169.534942627
0.777514517 0.003532845 0.628855109 3.802459717 0.005820351 0.999900937 -0.012813608 -0.438205600 -0.628838062 0.013622923 0.777416945 169.813964844
0.753968477 0.002809952 0.656904697 4.079238892 0.008012547 0.999877095 -0.013473511 -0.443944216 -0.656861901 0.015422080 0.753853142 170.093566895
0.729003727 0.002654257 0.684504628 4.378044128 0.010464950 0.999832392 -0.015022249 -0.447624683 -0.684429765 0.018114578 0.728853703 170.370147705
0.703462303 0.002316408 0.710728705 4.706169128 0.013409184 0.999773443 -0.016530553 -0.453510642 -0.710606039 0.021158915 0.703271866 170.640258789
0.677098632 0.001807950 0.735890031 5.036666870 0.015447704 0.999741673 -0.016669748 -0.459323525 -0.735730171 0.022654876 0.676895916 170.901138306
0.649643838 0.000932496 0.760238051 5.391273499 0.015669944 0.999770403 -0.014616693 -0.466580391 -0.760077119 0.021408536 0.649480104 171.166992188
0.620695353 0.000512577 0.784051597 5.756500244 0.014203067 0.999828279 -0.011897517 -0.471859932 -0.783923209 0.018520670 0.620581627 171.435546875
0.591513276 0.000290426 0.806295156 6.152473450 0.012666203 0.999873102 -0.009652319 -0.479701877 -0.806195736 0.015922172 0.591434717 171.696441650
0.562091470 -0.001267976 0.827074051 6.576408386 0.013328502 0.999882877 -0.007525333 -0.481491029 -0.826967657 0.015253583 0.562042475 171.950500488
0.532565832 -0.001704153 0.846386850 7.009368896 0.012602471 0.999903083 -0.005916510 -0.489599109 -0.846294761 0.013817497 0.532535672 172.197052002
0.502298832 -0.000942460 0.864693642 7.462760925 0.011590381 0.999916911 -0.005642985 -0.493110895 -0.864616394 0.012856593 0.502268076 172.440567017
0.472111642 0.004609234 0.881526649 7.931053162 0.005571125 0.999950826 -0.008212116 -0.491968989 -0.881521165 0.008788130 0.472062826 172.681518555
0.442826360 0.007894581 0.896572649 8.425376892 0.001994727 0.999950111 -0.009790065 -0.498321176 -0.896605074 0.006123718 0.442788541 172.914932251
0.414110839 0.008042842 0.910190940 8.947925568 0.002153091 0.999949515 -0.009815584 -0.502309442 -0.910223901 0.006024463 0.414072543 173.119415283
0.383815795 0.007421874 0.923379838 9.484741211 -0.000581590 0.999969482 -0.007795734 -0.509164155 -0.923409522 0.002455099 0.383808345 173.328811646
0.353709102 0.007583260 0.935324788 10.038543701 -0.003920989 0.999970436 -0.006624592 -0.512203097 -0.935347319 -0.001324219 0.353728384 173.530471802
0.324743450 0.008572550 0.945763290 10.615188599 -0.010923787 0.999926209 -0.005312630 -0.513034463 -0.945739031 -0.008606074 0.324813098 173.717727661
0.295339406 0.006660026 0.955369174 11.214027405 -0.014254323 0.999895096 -0.002563891 -0.524236023 -0.955286086 -0.012860924 0.295403361 173.893280029
0.266493320 0.006830713 0.963812590 11.821838379 -0.018046290 0.999834895 -0.002096227 -0.528671205 -0.963667870 -0.016834609 0.266572565 174.053085327
0.238080323 0.007400837 0.971217334 12.450157166 -0.021166151 0.999772966 -0.002429851 -0.533696651 -0.971014857 -0.019978430 0.238182917 174.198028564
0.210607529 0.010346401 0.977515996 13.101119995 -0.023298088 0.999713123 -0.005561730 -0.536529779 -0.977293015 -0.021602912 0.210788101 174.333984375
0.186687097 0.013748169 0.982323229 13.759872437 -0.023000538 0.999689162 -0.009620042 -0.544713259 -0.982150137 -0.020798033 0.186945304 174.441116333
0.165502936 0.016226776 0.986075819 14.430664062 -0.022221169 0.999672115 -0.012720916 -0.551518142 -0.985958993 -0.019806407 0.165809229 174.541946411
0.147020280 0.016334726 0.988998592 15.120006561 -0.020524776 0.999698699 -0.013460328 -0.559421480 -0.988920450 -0.018320035 0.147311240 174.635299683
0.131391615 0.014962598 0.991217554 15.838098526 -0.018989678 0.999740720 -0.012574061 -0.567513466 -0.991148591 -0.017170781 0.131641671 174.713684082
0.116972417 0.011398563 0.993069708 16.564201355 -0.018044220 0.999793530 -0.009350334 -0.578812778 -0.992971182 -0.016825436 0.117153950 174.791091919
0.103004724 0.006787765 0.994657755 17.298053741 -0.014606128 0.999879181 -0.005310819 -0.588992834 -0.994573653 -0.013981058 0.103091441 174.855361938
0.090815492 0.003773648 0.995860517 18.047527313 -0.014896115 0.999886096 -0.002430480 -0.595841408 -0.995756328 -0.014613731 0.090861343 174.915100098
0.079746723 0.004346234 0.996805608 18.800689697 -0.017012252 0.999850810 -0.002998492 -0.603605986 -0.996670008 -0.016718790 0.079808742 174.969802856
0.068966225 0.008593153 0.997581899 19.567974091 -0.019475318 0.999783874 -0.007265725 -0.611903667 -0.997428954 -0.018927138 0.069118679 175.025924683
0.059352674 0.012221251 0.998162270 20.364967346 -0.020026866 0.999738336 -0.011049711 -0.617271781 -0.998036146 -0.019334231 0.059581902 175.069778442
0.048214529 0.014107552 0.998737454 21.164260864 -0.020170188 0.999710083 -0.013147568 -0.622252226 -0.998633325 -0.019510817 0.048485100 175.104782104
0.036814608 0.012057573 0.999249339 21.978107452 -0.023656094 0.999657512 -0.011190954 -0.634896815 -0.999042094 -0.023226347 0.037087236 175.131652832
0.023947546 0.011066902 0.999651909 22.806587219 -0.024595447 0.999642551 -0.010477594 -0.649252415 -0.999410570 -0.024335971 0.024211176 175.152755737
0.010941423 0.010787259 0.999881923 23.651449203 -0.024830757 0.999636352 -0.010512896 -0.662761211 -0.999631763 -0.024712801 0.011205302 175.162582397
-0.002084119 0.010294042 0.999944866 24.502159119 -0.021995530 0.999704599 -0.010337413 -0.669118285 -0.999755859 -0.022015860 -0.001857080 175.156463623
-0.014289325 0.006865670 0.999874294 25.355262756 -0.020433942 0.999765575 -0.007156948 -0.682009339 -0.999689043 -0.020533640 -0.014145681 175.136260986
-0.026279526 0.003104977 0.999649823 26.222328186 -0.018729912 0.999818087 -0.003597886 -0.690894604 -0.999479115 -0.018817905 -0.026216589 175.108612061
-0.037311658 0.001127530 0.999303043 27.072631836 -0.017113669 0.999852061 -0.001767133 -0.701415598 -0.999157071 -0.017167678 -0.037286833 175.077636719
-0.046316247 0.002075564 0.998924613 27.924659729 -0.015770029 0.999871671 -0.002808727 -0.713357329 -0.998802364 -0.015883161 -0.046277571 175.010284424
-0.054574050 0.006195929 0.998490453 28.794902802 -0.011837951 0.999906480 -0.006851736 -0.721414089 -0.998439670 -0.012194007 -0.054495603 174.956268311
-0.061038427 0.010259362 0.998082638 29.650407791 -0.007589328 0.999913514 -0.010742310 -0.734813213 -0.998106539 -0.008230473 -0.060955282 174.885513306
-0.065960512 0.012494315 0.997744024 30.535652161 -0.003157257 0.999914050 -0.012730215 -0.741356313 -0.997817278 -0.003989826 -0.065915383 174.810729980
-0.069545358 0.010102237 0.997527659 31.414459229 -0.001580370 0.999946296 -0.010236912 -0.758669496 -0.997577548 -0.002288392 -0.069525667 174.748336792
-0.072801359 0.006737061 0.997323692 32.308296204 0.000795238 0.999977291 -0.006696938 -0.771198750 -0.997346103 0.000305563 -0.072805054 174.671417236
-0.075742170 0.004876911 0.997115612 33.205642700 0.002145531 0.999986529 -0.004727976 -0.790611148 -0.997125149 0.001781235 -0.075751625 174.596801758
-0.078211151 0.004704369 0.996925712 34.090286255 0.003156229 0.999985039 -0.004471192 -0.804655612 -0.996931851 0.002796829 -0.078224823 174.520324707
-0.079089694 0.005524099 0.996852219 34.998474121 0.004812698 0.999975085 -0.005159568 -0.814943790 -0.996855855 0.004389479 -0.079114318 174.445373535
-0.078867562 0.005461306 0.996870100 35.907173157 0.007307822 0.999961257 -0.004900081 -0.818746686 -0.996858299 0.006898493 -0.078904413 174.359878540
-0.078125395 0.005388656 0.996928930 36.800601959 0.009573311 0.999943376 -0.004654726 -0.837117374 -0.996897519 0.009180259 -0.078172550 174.285644531
-0.076201104 0.005452290 0.997077584 37.709220886 0.011971741 0.999917924 -0.004552888 -0.848578215 -0.997020543 0.011589820 -0.076260120 174.205780029
