1.000000000 0.000000000 0.000000000 0.000000000 0.000000000 1.000000000 0.000000000 0.000000000 0.000000000 0.000000000 1.000000000 0.000000000
0.999993324 -0.000356817 -0.003618759 0.002781746 0.000361523 0.999999106 0.001299937 -0.020845965 0.003618293 -0.001301236 0.999992549 1.902644992
0.999978781 -0.000384793 -0.006499553 0.001972545 0.000390279 0.999999583 0.000842790 -0.036936399 0.006499226 -0.000845309 0.999978542 3.800643921
0.999959707 0.000530278 -0.008961526 -0.006053425 -0.000526048 0.999999702 0.000474297 -0.059314221 0.008961773 -0.000469564 0.999959707 5.693443298
0.999933362 0.002458992 -0.011281025 -0.019899510 -0.002459801 0.999996960 -0.000057897 -0.077623203 0.011280848 0.000085643 0.999936342 7.588179111
0.999906063 0.004361299 -0.012994274 -0.042561270 -0.004349023 0.999990046 0.000972762 -0.089760110 0.012998387 -0.000916158 0.999915123 9.460800171
0.999865592 0.006151131 -0.015197337 -0.058664612 -0.006148112 0.999981046 0.000245306 -0.106634334 0.015198559 -0.000151838 0.999884546 11.361787796
0.999828100 0.006464100 -0.017378716 -0.082866445 -0.006483569 0.999978364 -0.001064156 -0.123222999 0.017371465 0.001176649 0.999848366 13.236414909
0.999799907 0.006014802 -0.019077811 -0.122757554 -0.006031269 0.999981463 -0.000805827 -0.146639302 0.019072613 0.000920729 0.999817789 15.117313385
0.999764085 0.003831933 -0.021382039 -0.154167652 -0.003834173 0.999992609 -0.000063767 -0.170407876 0.021381639 0.000145734 0.999771416 17.012296677
0.999704480 0.001858078 -0.024234289 -0.193832666 -0.001859626 0.999998271 -0.000041389 -0.185453340 0.024234168 0.000086444 0.999706328 18.856931686
0.999616683 -0.000154378 -0.027686123 -0.232925564 0.000152198 1.000000000 -0.000080820 -0.204470441 0.027686140 0.000076576 0.999616683 20.739850998
0.999526262 -0.000275296 -0.030775489 -0.285458416 0.000305592 0.999999464 0.000979744 -0.223219782 0.030775201 -0.000988685 0.999525785 22.622129440
0.999413311 0.001124554 -0.034231540 -0.338621795 -0.001096421 0.999998987 0.000840596 -0.232148945 0.034232453 -0.000802571 0.999413550 24.515100479
0.999353230 0.002134242 -0.035894856 -0.431825519 -0.002139476 0.999997675 -0.000107401 -0.251620620 0.035894539 0.000184127 0.999355555 26.374876022
0.999238729 0.003105235 -0.038891666 -0.499279976 -0.003209553 0.999991417 -0.002620111 -0.266288817 0.038883202 0.002742941 0.999239981 28.271316528
0.999111235 0.003968158 -0.041962635 -0.572258651 -0.004200718 0.999976218 -0.005455339 -0.285732955 0.041939981 0.005626764 0.999104261 30.181743622
0.998970807 0.005457886 -0.045027547 -0.647955358 -0.005680327 0.999972284 -0.004813646 -0.306111455 0.045000024 0.005064462 0.998974264 32.062011719
0.998848855 0.007459931 -0.047383234 -0.739990771 -0.007514726 0.999971271 -0.000978394 -0.325812489 0.047374576 0.001333340 0.998876274 33.946220398
0.998744965 0.006635272 -0.049642373 -0.817710936 -0.006456401 0.999972224 0.003762641 -0.346798062 0.049665958 -0.003437408 0.998759985 35.817760468
0.998622656 0.005948083 -0.052129038 -0.913270831 -0.005630635 0.999964714 0.006234359 -0.348774523 0.052164275 -0.005932252 0.998620808 37.690284729
0.998475790 0.006501672 -0.054806869 -1.007512212 -0.006198429 0.999964535 0.005701124 -0.350633144 0.054841984 -0.005352717 0.998480678 39.598976135
0.998284578 0.007490166 -0.058065716 -1.099312186 -0.007481090 0.999971867 0.000373691 -0.350738108 0.058066890 0.000061345 0.998312712 41.495567322
0.998090506 0.006510781 -0.061424464 -1.210155368 -0.006856048 0.999961853 -0.005411915 -0.371049583 0.061386894 0.005822708 0.998097062 43.409873962
0.997856617 0.005254729 -0.065226711 -1.325657725 -0.005878415 0.999938786 -0.009373591 -0.389140069 0.065173484 0.009736927 0.997826457 45.321258545
0.997608006 -0.000469700 -0.069123276 -1.445674658 -0.000235308 0.999948025 -0.010190801 -0.430218697 0.069124468 0.010182690 0.997556090 47.222557068
0.997289062 -0.006263579 -0.073315375 -1.570554256 0.005696520 0.999952257 -0.007941070 -0.466111362 0.073361605 0.007501898 0.997277200 49.107776642
0.996934354 -0.009726420 -0.077635333 -1.703475952 0.009317592 0.999940753 -0.005626512 -0.488750070 0.077685453 0.004885890 0.996965945 51.011604309
0.996630251 -0.011611229 -0.081201024 -1.839350224 0.011083656 0.999914467 -0.006944880 -0.500558019 0.081274725 0.006021471 0.996673524 52.931217194
0.996425927 -0.007638337 -0.084124260 -1.999280214 0.007143860 0.999955416 -0.006177385 -0.523484945 0.084167704 0.005554334 0.996436119 54.825298309
0.996217906 -0.004677655 -0.086763173 -2.156747580 0.004437108 0.999985754 -0.002965080 -0.551732063 0.086775780 0.002568889 0.996224582 56.749038696
0.996028960 -0.002641325 -0.088990532 -2.321576595 0.002522076 0.999995768 -0.001452439 -0.565880716 0.088993996 0.001222230 0.996031344 58.666305542
0.995914936 0.000784743 -0.090292260 -2.513304710 -0.000924661 0.999998450 -0.001507794 -0.582828939 0.090290934 0.001585125 0.995914161 60.551643372
0.995692432 0.003517126 -0.092651121 -2.681471109 -0.003848156 0.999986827 -0.003394456 -0.602330506 0.092637949 0.003736370 0.995692849 62.454246521
0.995507479 0.006163619 -0.094482146 -2.866552830 -0.006696879 0.999963403 -0.005327997 -0.627680123 0.094445847 0.005936797 0.995512307 64.350837708
0.995308042 0.007172218 -0.096489944 -3.052958012 -0.007636733 0.999960959 -0.004445682 -0.652031243 0.096454263 0.005161691 0.995324016 66.248199463
0.995153129 0.005662342 -0.098174579 -3.240037918 -0.005950342 0.999978721 -0.002641016 -0.672368228 0.098157525 0.003212388 0.995165706 68.143402100
0.994835138 0.002670019 -0.101470217 -3.411916971 -0.002789671 0.999995708 -0.001037307 -0.690980554 0.101466998 0.001315018 0.994838059 70.053474426
0.994573951 -0.000017223 -0.104031958 -3.599231958 -0.000119980 0.999999046 -0.001312598 -0.708648086 0.104031906 0.001317958 0.994573116 71.957443237
0.994336903 -0.001971761 -0.106256843 -3.787477493 0.001718028 0.999995470 -0.002479407 -0.727606833 0.106261268 0.002282813 0.994335651 73.878967285
0.994150460 -0.000959483 -0.107998997 -4.004929543 0.000491910 0.999990404 -0.004355977 -0.746738553 0.108002134 0.004277371 0.994141459 75.808517456
0.993956625 0.000137648 -0.109774753 -4.213594913 -0.000683687 0.999987602 -0.004936559 -0.770746529 0.109772727 0.004981776 0.993944228 77.692695618
0.993782103 0.001275714 -0.111336350 -4.432276249 -0.001936399 0.999981165 -0.005826204 -0.789939165 0.111326836 0.006005567 0.993765712 79.610137939
0.993576407 0.001137125 -0.113157660 -4.649272442 -0.001883479 0.999977171 -0.006489011 -0.821739554 0.113147683 0.006660460 0.993555844 81.541549683
0.993285775 0.000692769 -0.115683801 -4.856340885 -0.001744012 0.999958098 -0.008986243 -0.844910145 0.115672730 0.009127661 0.993245363 83.436676025
0.993139327 0.001389461 -0.116928138 -5.087861538 -0.002468403 0.999955714 -0.009083090 -0.880778551 0.116910331 0.009309401 0.993098855 85.348457336
0.992936492 0.002276771 -0.118625075 -5.314301968 -0.003200625 0.999966025 -0.007598085 -0.905825138 0.118603751 0.007924089 0.992909968 87.273223877
0.992686749 0.002154061 -0.120698869 -5.538040638 -0.002853874 0.999980092 -0.005625444 -0.931496620 0.120684333 0.005928764 0.992673218 89.187400818
0.992322087 0.003449446 -0.123632595 -5.762959957 -0.004065971 0.999980509 -0.004734788 -0.949602008 0.123613857 0.005201122 0.992316782 91.129829407
0.992075562 0.003443389 -0.125595346 -6.002505779 -0.004114112 0.999978542 -0.005081361 -0.977490902 0.125575170 0.005557807 0.992068470 93.050163269
0.991751492 0.002024596 -0.128158912 -6.240021229 -0.002708467 0.999983013 -0.005162070 -1.004194617 0.128146306 0.005466606 0.991740227 94.973724365
0.991357148 0.000799649 -0.131188378 -6.486635685 -0.001394136 0.999989092 -0.004439766 -1.036933661 0.131183416 0.004584289 0.991347492 96.907188416
0.991016924 -0.000767641 -0.133734494 -6.743275166 0.000191196 0.999990761 -0.004323160 -1.056019187 0.133736521 0.004258755 0.991007745 98.858039856
0.990603805 -0.002216633 -0.136745110 -6.999769688 0.001794640 0.999993265 -0.003209195 -1.076676726 0.136751309 0.002933633 0.990601063 100.803604126
0.990097761 -0.003876409 -0.140325472 -7.260555267 0.003654951 0.999991655 -0.001835863 -1.102564335 0.140331432 0.001304802 0.990103722 102.737854004
0.989550352 -0.005483299 -0.144083083 -7.529395580 0.005127971 0.999982834 -0.002837391 -1.126223922 0.144096136 0.002068888 0.989561439 104.685379028
0.989015520 -0.004465431 -0.147743776 -7.806427479 0.003730219 0.999979258 -0.005252966 -1.143441677 0.147764146 0.004644148 0.989011645 106.626525879
0.988580585 -0.002352015 -0.150674865 -8.083400726 0.001301838 0.999974191 -0.007068082 -1.173027754 0.150687620 0.006791214 0.988558114 108.596710205
0.988184094 -0.000206682 -0.153271288 -8.384090424 -0.000480831 0.999989986 -0.004448513 -1.200947285 0.153270692 0.004469647 0.988174140 110.517311096
0.987699866 -0.001565341 -0.156354010 -8.677470207 0.001507872 0.999998689 -0.000486166 -1.226748586 0.156354576 0.000244424 0.987700939 112.426345825
0.987177372 -0.005562620 -0.159530178 -8.968238831 0.005681846 0.999983788 0.000291231 -1.249335289 0.159525946 -0.001193923 0.987192988 114.354675293
0.986746490 -0.007173422 -0.162110686 -9.273879051 0.006839980 0.999973178 -0.002614900 -1.267124295 0.162125111 0.001471409 0.986769259 116.271484375
0.986358047 -0.010154193 -0.164300457 -9.578106880 0.009731241 0.999946952 -0.003378987 -1.295508862 0.164326057 0.001734044 0.986404538 118.167396545
0.985878289 -0.012015518 -0.167031839 -9.899344444 0.011389617 0.999924064 -0.004704673 -1.317707419 0.167075679 0.002735807 0.985940278 120.073844910
0.985433042 -0.013901735 -0.169494793 -10.217170715 0.012898048 0.999892175 -0.007021296 -1.345745087 0.169574127 0.004732864 0.985506058 122.002876282
0.984997094 -0.007135028 -0.172423348 -10.542122841 0.005875051 0.999952197 -0.007816684 -1.379271984 0.172470912 0.006686414 0.984991908 123.899291992
0.984687805 0.003768300 -0.174286216 -10.888257980 -0.004385787 0.999985397 -0.003157941 -1.405583382 0.174271777 0.003873969 0.984689951 125.823730469
0.984291971 0.012415187 -0.176111355 -11.232566833 -0.012236841 0.999922931 0.002098706 -1.426270723 0.176123872 0.000089307 0.984368026 127.743011475
0.984052122 0.011717062 -0.177494168 -11.572950363 -0.011436596 0.999931216 0.002603180 -1.442210913 0.177512452 -0.000531736 0.984118402 129.651809692
0.983767688 0.006039993 -0.179345116 -11.915729523 -0.005849387 0.999981642 0.001591587 -1.451041818 0.179351464 -0.000516693 0.983784914 131.568557739
0.983445406 0.000065444 -0.181204692 -12.250885963 -0.000180144 0.999999940 -0.000616527 -1.470954180 0.181204617 0.000638964 0.983445227 133.493377686
0.983446121 -0.000757788 -0.181198940 -12.602610588 0.000176424 0.999994934 -0.003224522 -1.489115715 0.181200430 0.003139177 0.983441174 135.416198730
0.983495116 0.002037059 -0.180923223 -12.956316948 -0.002755155 0.999989212 -0.003717845 -1.511098146 0.180913717 0.004154955 0.983490169 137.339248657
0.983524024 0.006158129 -0.180672392 -13.319128036 -0.006607125 0.999976516 -0.001883424 -1.534196019 0.180656552 0.003046118 0.983541548 139.275009155
0.983597517 0.006704373 -0.180252641 -13.672393799 -0.006853120 0.999976516 -0.000202465 -1.551234245 0.180247054 0.001434437 0.983620346 141.206253052
0.983404458 0.005356431 -0.181347445 -14.023198128 -0.005739954 0.999982297 -0.001590097 -1.562348843 0.181335732 0.002604635 0.983417749 143.142288208
0.983076394 0.004336148 -0.183144704 -14.374955177 -0.005049312 0.999981403 -0.003427849 -1.583672762 0.183126435 0.004294592 0.983079970 145.046615601
0.982954264 0.008204831 -0.183666915 -14.747157097 -0.008390849 0.999964774 -0.000235645 -1.609739542 0.183658525 0.001772750 0.982988536 146.953445435
0.982529581 0.010269484 -0.185822994 -15.105629921 -0.010406828 0.999945819 0.000236304 -1.618656516 0.185815379 0.001701653 0.982583225 148.884674072
0.982341528 0.012609798 -0.186671510 -15.476339340 -0.013430534 0.999904871 -0.003132622 -1.629612327 0.186614275 0.005584403 0.982417464 150.800079346
0.982133329 0.011639576 -0.187826023 -15.831605911 -0.012881265 0.999902427 -0.005391579 -1.651690245 0.187744930 0.007714687 0.982187510 152.713577271
0.981863379 0.010167343 -0.189317361 -16.198238373 -0.011446170 0.999918461 -0.005662776 -1.677723408 0.189244345 0.007727031 0.981899619 154.626190186
0.981643260 0.007977827 -0.190559208 -16.548744202 -0.008954953 0.999950767 -0.004267098 -1.710152149 0.190515801 0.005895216 0.981666446 156.533096313
0.981400967 0.006486904 -0.191859469 -16.930700302 -0.007142104 0.999970794 -0.002723619 -1.734078646 0.191836238 0.004043243 0.981418669 158.460601807
0.981235802 0.005592039 -0.192730561 -17.288591385 -0.006206044 0.999977410 -0.002582249 -1.762061000 0.192711756 0.003729889 0.981248260 160.357208252
0.980898023 0.005992881 -0.194430426 -17.657457352 -0.006556212 0.999976039 -0.002253952 -1.780872583 0.194412246 0.003485624 0.980913699 162.280715942
0.980853379 0.006218167 -0.194648907 -18.040004730 -0.006767030 0.999974787 -0.002154921 -1.805741787 0.194630638 0.003430856 0.980870605 164.183990479
0.980600536 0.007058916 -0.195889592 -18.425064087 -0.007583186 0.999969423 -0.001926478 -1.828579187 0.195870012 0.003374573 0.980624020 166.100845337
0.980436981 0.008307938 -0.196657881 -18.808151245 -0.008935017 0.999957442 -0.002301649 -1.848259211 0.196630388 0.004013763 0.980469465 168.009826660
0.980056822 0.008299892 -0.198544428 -19.191061020 -0.008877991 0.999958515 -0.002021648 -1.868921518 0.198519424 0.003744004 0.980089843 169.929183960
0.979883015 0.008164500 -0.199405357 -19.566143036 -0.008754107 0.999959528 -0.002075335 -1.888486624 0.199380323 0.003779202 0.979914904 171.841140747
0.979517817 0.006240273 -0.201260522 -19.951383591 -0.007230003 0.999965191 -0.004182955 -1.907181263 0.201227382 0.005552394 0.979528844 173.774383545
0.979358852 0.006972805 -0.202008262 -20.355602264 -0.007992517 0.999959111 -0.004232630 -1.934783578 0.201970473 0.005759819 0.979374588 175.709457397
0.979158401 0.006633964 -0.202988908 -20.759193420 -0.007634757 0.999962270 -0.004147640 -1.951208234 0.202953711 0.005610968 0.979172230 177.644058228
0.978907108 0.006931292 -0.204188168 -21.144912720 -0.007909609 0.999960840 -0.003975518 -1.986148834 0.204152584 0.005506712 0.978923500 179.557830811
0.978550732 0.006207679 -0.205912650 -21.539297104 -0.007274900 0.999963760 -0.004426177 -2.009491444 0.205877677 0.005829232 0.978560328 181.493301392
0.978429914 0.006088839 -0.206489310 -21.945730209 -0.007219315 0.999962807 -0.004721702 -2.043637753 0.206452876 0.006110565 0.978437483 183.396820068
0.978202403 0.004268625 -0.207610503 -22.349903107 -0.005179434 0.999979198 -0.003843724 -2.069427013 0.207589835 0.004835245 0.978204012 185.336563110
0.977886081 0.005315514 -0.209070459 -22.757089615 -0.005925060 0.999979854 -0.002289313 -2.094967842 0.209054083 0.003477443 0.977897882 187.262069702
0.977565765 0.006405195 -0.210532933 -23.166713715 -0.006794932 0.999976277 -0.001127853 -2.115490913 0.210520715 0.002533108 0.977586150 189.194259644
0.977403104 0.007509578 -0.211250260 -23.572902679 -0.008141351 0.999964595 -0.002121041 -2.136161089 0.211226881 0.003792974 0.977429628 191.086791992
0.977228403 0.006927028 -0.212076843 -23.990535736 -0.007515295 0.999969780 -0.001967872 -2.167159557 0.212056816 0.003516880 0.977250934 193.014709473
0.977075279 0.007134166 -0.212774441 -24.397811890 -0.007690319 0.999968767 -0.001786295 -2.188240290 0.212755039 0.003381648 0.977099657 194.912872314
0.976949394 0.008407170 -0.213305399 -24.810638428 -0.008838313 0.999960303 -0.001067704 -2.213656425 0.213287950 0.002928352 0.976984978 196.828170776
0.976821721 0.008728292 -0.213876486 -25.211988449 -0.009432527 0.999952912 -0.002272415 -2.228443146 0.213846564 0.004237141 0.976858020 198.741073608
0.976729691 0.010080776 -0.214236841 -25.623493195 -0.011082793 0.999932528 -0.003476513 -2.252025843 0.214187339 0.005769955 0.976775527 200.657531738
0.976814926 0.010075007 -0.213848174 -26.041820526 -0.011035315 0.999933779 -0.003297298 -2.278186560 0.213800758 0.005580732 0.976861358 202.551116943
0.976807475 0.009504550 -0.213908359 -26.463214874 -0.010531049 0.999937832 -0.003659738 -2.297196388 0.213860273 0.005827538 0.976846874 204.480606079
0.976600587 0.009026278 -0.214871332 -26.859764099 -0.009885701 0.999946773 -0.002925400 -2.325812578 0.214833498 0.004981101 0.976637959 206.389709473
0.976260424 0.009265938 -0.216401711 -27.275817871 -0.010311698 0.999939919 -0.003703856 -2.349797726 0.216354400 0.005847398 0.976297438 208.306045532
0.976361156 0.009999802 -0.215913892 -27.684690475 -0.010817855 0.999938071 -0.002607294 -2.381227493 0.215874448 0.004881386 0.976408899 210.145065308
0.976172328 0.010137299 -0.216760099 -28.108343124 -0.010887156 0.999938190 -0.002265485 -2.397847176 0.216723755 0.004571405 0.976222277 212.041564941
0.975931704 0.009517802 -0.217868581 -28.514652252 -0.010520694 0.999938667 -0.003443626 -2.427175045 0.217822492 0.005652872 0.975971997 213.926681519
0.975753665 0.009996403 -0.218643025 -28.943490982 -0.011325541 0.999924242 -0.004826556 -2.451904058 0.218578190 0.007185780 0.975793004 215.836196899
0.975748420 0.008990931 -0.218710244 -29.372568130 -0.010768888 0.999917924 -0.006938541 -2.475449085 0.218629941 0.009125536 0.975765169 217.749542236
0.975676060 0.008259600 -0.219061777 -29.797269821 -0.009750104 0.999936104 -0.005723820 -2.504665375 0.219000489 0.007720469 0.975694180 219.677963257
0.975711286 0.008587828 -0.218892157 -30.223001480 -0.009938852 0.999937773 -0.005071701 -2.530452251 0.218834966 0.007124054 0.975735903 221.577697754
0.975678384 0.009410744 -0.219004869 -30.655071259 -0.010561986 0.999935865 -0.004086487 -2.551716566 0.218952373 0.006300223 0.975715160 223.505874634
0.975653470 0.010346469 -0.219073743 -31.058790207 -0.011496060 0.999926031 -0.003973392 -2.588157654 0.219016448 0.006395140 0.975700200 225.399734497
0.975570321 0.009974599 -0.219460726 -31.486087799 -0.011158765 0.999929070 -0.004156860 -2.612066746 0.219403684 0.006504220 0.975612462 227.316101074
0.975622952 0.008675915 -0.219281942 -31.918655396 -0.010232301 0.999929845 -0.005962925 -2.637021780 0.219214827 0.008061323 0.975643337 229.241928101
0.975590467 0.007788859 -0.219459862 -32.351467133 -0.009369023 0.999937117 -0.006160397 -2.661988735 0.219398066 0.008066148 0.975602150 231.172256470
0.975455999 0.007257697 -0.220074773 -32.777191162 -0.008438781 0.999954522 -0.004427101 -2.694388866 0.220032632 0.006175606 0.975472927 233.070007324
0.975193441 0.006512572 -0.221258670 -33.206268311 -0.007529833 0.999964476 -0.003754443 -2.717684746 0.221226409 0.005327349 0.975207865 234.989990234
0.975029171 0.005226910 -0.222015381 -33.624397278 -0.006319262 0.999971151 -0.004210095 -2.737203121 0.221986994 0.005507939 0.975034058 236.894744873
0.974770546 0.003843765 -0.223176137 -34.055862427 -0.005259678 0.999969661 -0.005750308 -2.759050369 0.223147258 0.006779065 0.974761248 238.814086914
0.974478960 0.004756350 -0.224428564 -34.484813690 -0.006356784 0.999959350 -0.006409153 -2.800354004 0.224388912 0.007672228 0.974469483 240.739929199
0.974003613 0.004553037 -0.226486728 -34.914611816 -0.006169918 0.999960244 -0.006431576 -2.823541880 0.226448461 0.007661784 0.973992944 242.692291260
0.974026382 0.005791401 -0.226360381 -35.369194031 -0.007389155 0.999953389 -0.006211787 -2.858171940 0.226313829 0.007723056 0.974023819 244.603363037
0.973848283 0.005599916 -0.227130249 -35.813796997 -0.007466647 0.999945104 -0.007360423 -2.888039112 0.227076501 0.008863838 0.973836601 246.530426025
0.973573387 0.006616295 -0.228278235 -36.252906799 -0.008647004 0.999931395 -0.007896733 -2.918948412 0.228210315 0.009661973 0.973564029 248.448623657
0.973287702 0.007367733 -0.229470715 -36.696182251 -0.009070987 0.999938548 -0.006368573 -2.941808701 0.229409695 0.008279980 0.973294735 250.380676270
0.973051488 0.008565550 -0.230428904 -37.147193909 -0.010135403 0.999932826 -0.005629919 -2.969153166 0.230365202 0.007813692 0.973072827 252.304077148
0.972933888 0.008370982 -0.230931982 -37.590896606 -0.009953600 0.999934256 -0.005688957 -2.989474535 0.230869189 0.007833583 0.972953260 254.233245850
0.972738683 0.007825905 -0.231771797 -38.043296814 -0.009764630 0.999926269 -0.007218757 -3.025207043 0.231698230 0.009285130 0.972743332 256.146392822
0.972615898 0.005783144 -0.232346445 -38.485031128 -0.007967758 0.999932408 -0.008465009 -3.046208858 0.232281759 0.010084483 0.972596228 258.072021484
0.972569942 0.006016023 -0.232532963 -38.942676544 -0.008203084 0.999930680 -0.008439521 -3.076810837 0.232466087 0.010115512 0.972551882 260.015838623
0.972720027 0.006610322 -0.231887788 -39.397880554 -0.008120187 0.999951601 -0.005557288 -3.120330811 0.231839836 0.007288659 0.972726643 261.939758301
0.972898006 0.006382669 -0.231146395 -39.864891052 -0.007629398 0.999960780 -0.004500216 -3.147714853 0.231108606 0.006141761 0.972908497 263.868255615
0.973115563 0.006144240 -0.230235413 -40.306251526 -0.007204677 0.999966979 -0.003765477 -3.179013729 0.230204657 0.005323017 0.973127663 265.797485352
0.973229825 0.004403714 -0.229792118 -40.753036499 -0.005411492 0.999978364 -0.003755597 -3.205046177 0.229770601 0.004898577 0.973232508 267.724151611
0.973304451 0.002249826 -0.229506746 -41.196105957 -0.003089106 0.999989808 -0.003297670 -3.231048346 0.229496971 0.003918607 0.973301470 269.639770508
0.973273218 0.003768622 -0.229619071 -41.652881622 -0.004778163 0.999981165 -0.003840739 -3.260862589 0.229600281 0.004835246 0.973272979 271.561584473
0.973062158 0.003727429 -0.230513200 -42.091484070 -0.005246687 0.999968290 -0.005978144 -3.279844761 0.230483621 0.007026535 0.973050833 273.475830078
0.972936451 0.004209617 -0.231034845 -42.543960571 -0.005605110 0.999969721 -0.005384145 -3.315297365 0.231005266 0.006533407 0.972930551 275.376068115
0.972565234 0.003954926 -0.232596800 -42.975807190 -0.005350115 0.999971271 -0.005367755 -3.341979980 0.232568830 0.006464911 0.972558558 277.287414551
0.972425997 0.004713257 -0.233163744 -43.432792664 -0.006253692 0.999963284 -0.005867849 -3.372285366 0.233127519 0.007164183 0.972419739 279.207916260
0.972282648 0.005243996 -0.233749196 -43.871856689 -0.006537271 0.999967337 -0.004758315 -3.404531956 0.233716562 0.006154509 0.972285211 281.093261719
0.972154915 0.006873053 -0.234238341 -44.333541870 -0.008066879 0.999958873 -0.004138889 -3.427714348 0.234200254 0.005913213 0.972170413 283.013458252
0.972200632 0.006875276 -0.234048277 -44.781799316 -0.008134291 0.999957144 -0.004414384 -3.457469463 0.234007925 0.006195484 0.972214878 284.915161133
0.972313881 0.006121885 -0.233598039 -45.232406616 -0.007913916 0.999945998 -0.006734889 -3.483364582 0.233544201 0.008397100 0.972309828 286.827331543
0.972391188 0.006821442 -0.233257517 -45.697090149 -0.008592405 0.999941468 -0.006576998 -3.516682148 0.233198985 0.008399657 0.972392738 288.765991211
0.972464144 0.007634401 -0.232927904 -46.153488159 -0.009133834 0.999943912 -0.005359394 -3.546224117 0.232873976 0.007339343 0.972479224 290.696441650
0.972618282 0.008482511 -0.232253596 -46.611289978 -0.010013151 0.999935210 -0.005412244 -3.569304228 0.232192650 0.007589637 0.972640276 292.612487793
0.972661734 0.008145858 -0.232083306 -47.062850952 -0.009812812 0.999933600 -0.006029001 -3.594587326 0.232018799 0.008141569 0.972677171 294.550201416
0.972781599 0.005858883 -0.231649965 -47.525650024 -0.007933907 0.999936283 -0.008026972 -3.625049829 0.231588155 0.009646380 0.972766101 296.482086182
0.972871184 0.004698534 -0.231299341 -47.989906311 -0.006710001 0.999946177 -0.007910471 -3.655814171 0.231249690 0.009247889 0.972850502 298.413696289
0.972819865 0.002949126 -0.231544182 -48.408416748 -0.004851356 0.999958992 -0.007646448 -3.671542406 0.231512144 0.008561920 0.972794354 300.339813232
0.972948968 0.002872756 -0.231002495 -48.864967346 -0.005102873 0.999945939 -0.009057192 -3.706299067 0.230964020 0.009990960 0.972911000 302.267913818
0.973010898 0.003329400 -0.230735064 -49.302963257 -0.004740514 0.999973297 -0.005561613 -3.732370615 0.230710417 0.006505314 0.973000705 304.183837891
0.973037899 0.002355451 -0.230633020 -49.744789124 -0.003430572 0.999985039 -0.004260716 -3.758897305 0.230619550 0.004937042 0.973031461 306.115509033
0.973035991 0.002701543 -0.230637312 -50.201549530 -0.004169445 0.999973953 -0.005877398 -3.788059473 0.230615452 0.006680551 0.973021984 308.065765381
0.973152816 0.004458182 -0.230116740 -50.657508850 -0.005975430 0.999964774 -0.005896926 -3.815553188 0.230082378 0.007113656 0.973145187 309.999053955
0.973211169 0.005491856 -0.229847521 -51.098274231 -0.006655253 0.999968648 -0.004286675 -3.846030951 0.229816765 0.005701533 0.973217130 311.917388916
0.973129630 0.006769478 -0.230158925 -51.542144775 -0.008496743 0.999942660 -0.006514367 -3.877592564 0.230101675 0.008294923 0.973131239 313.840820312
0.973073483 0.008021764 -0.230355576 -51.990886688 -0.010624377 0.999892950 -0.010060063 -3.910181046 0.230250224 0.012236564 0.973054528 315.763549805
0.973149061 0.008771292 -0.230008632 -52.441642761 -0.011555424 0.999875247 -0.010760263 -3.953989506 0.229885578 0.013129185 0.973129213 317.682647705
0.973113477 0.009405731 -0.230134115 -52.891334534 -0.011956828 0.999881506 -0.009693196 -3.989508152 0.230015710 0.012184256 0.973110616 319.608673096
0.973121583 0.009611156 -0.230091274 -53.348403931 -0.011896222 0.999892712 -0.008545946 -4.019031525 0.229984418 0.011053462 0.973131537 321.546020508
0.973198056 0.008632589 -0.229806274 -53.794715881 -0.010807854 0.999907851 -0.008208605 -4.058775425 0.229714230 0.010472310 0.973201752 323.482391357
0.973273098 0.008527503 -0.229492113 -54.247398376 -0.010806049 0.999903977 -0.008673728 -4.098637104 0.229396075 0.010921807 0.973271847 325.415924072
0.973375738 0.008893730 -0.229042739 -54.695037842 -0.011485003 0.999884129 -0.009982949 -4.132310390 0.228927433 0.012347716 0.973365188 327.325531006
0.973508358 0.008619926 -0.228488654 -55.142265320 -0.011381481 0.999877214 -0.010771207 -4.169770241 0.228367761 0.013086400 0.973486900 329.248474121
0.973590016 0.007818073 -0.228169307 -55.589084625 -0.010760191 0.999874175 -0.011653296 -4.209049702 0.228049472 0.013800679 0.973551750 331.177429199
0.973621309 0.006852832 -0.228067085 -56.040611267 -0.009837665 0.999880135 -0.011953277 -4.244838715 0.227957860 0.013881612 0.973571956 333.107299805
0.973590314 0.005940004 -0.228224844 -56.486389160 -0.008835209 0.999892890 -0.011666149 -4.286737442 0.228131101 0.013374466 0.973538518 335.036071777
0.973559916 0.005254814 -0.228371426 -56.926757812 -0.007868197 0.999913573 -0.010534604 -4.327416420 0.228296325 0.012052938 0.973517060 336.940399170
0.973450959 0.004990785 -0.228841290 -57.375087738 -0.007659322 0.999912560 -0.010774390 -4.361787796 0.228767499 0.012241108 0.973404109 338.855926514
0.973371327 0.004203175 -0.229195729 -57.823806763 -0.007293690 0.999893546 -0.012638722 -4.394993782 0.229118198 0.013973850 0.973298252 340.795471191
0.973320961 0.003769244 -0.229416564 -58.267295837 -0.006818959 0.999898553 -0.012502032 -4.440591335 0.229346201 0.013732874 0.973247945 342.733825684
0.973308623 0.004788134 -0.229450062 -58.722965240 -0.007557524 0.999908805 -0.011192439 -4.476819038 0.229375526 0.012627772 0.973256111 344.662750244
0.973357320 0.004745427 -0.229244396 -59.172325134 -0.007422844 0.999913931 -0.010818414 -4.517657280 0.229173303 0.012231831 0.973308802 346.600677490
0.973401487 0.003912473 -0.229072437 -59.617591858 -0.006690926 0.999913096 -0.011353717 -4.556706905 0.229008108 0.012584432 0.973343074 348.532806396
0.973428547 0.003085874 -0.228970066 -60.065116882 -0.006144820 0.999901116 -0.012647827 -4.594639778 0.228908405 0.013718738 0.973351300 350.459777832
0.973434687 0.002844900 -0.228947237 -60.515190125 -0.005805489 0.999908149 -0.012258835 -4.637753487 0.228891239 0.013262326 0.973361671 352.392547607
0.973536968 0.003278997 -0.228506178 -60.973815918 -0.006100101 0.999913752 -0.011640649 -4.676180840 0.228448272 0.012726517 0.973472893 354.363647461
0.973670423 0.003901656 -0.227926895 -61.429119110 -0.006843382 0.999903083 -0.012117576 -4.713525295 0.227857560 0.013358316 0.973602772 356.312591553
0.973626673 0.002998721 -0.228127420 -61.874755859 -0.006152752 0.999895036 -0.013115818 -4.758905888 0.228064150 0.014173522 0.973542869 358.255645752
0.973761976 0.002424493 -0.227555946 -62.329067230 -0.005615187 0.999894798 -0.013375250 -4.804739952 0.227499545 0.014302078 0.973673165 360.221466064
0.973766029 0.000938507 -0.227549642 -62.777137756 -0.004013598 0.999906719 -0.013051596 -4.843568802 0.227516174 0.013622493 0.973679006 362.163360596
0.973560512 -0.000069193 -0.228429303 -63.217041016 -0.002746429 0.999924123 -0.012008105 -4.886337757 0.228412792 0.012317983 0.973486423 364.102203369
0.973479211 -0.000315438 -0.228775159 -63.670696259 -0.002720781 0.999912381 -0.012956099 -4.919148922 0.228759199 0.013234940 0.973393023 366.043304443
0.973313630 -0.000693305 -0.229477897 -64.118606567 -0.002734995 0.999889374 -0.014621177 -4.958350182 0.229462594 0.014858610 0.973204017 367.988677979
0.973232627 -0.002114159 -0.229812354 -64.571243286 -0.001403159 0.999884367 -0.015140676 -5.006663799 0.229817793 0.015057864 0.973117173 369.918945312
0.973025858 -0.001817948 -0.230689034 -65.017211914 -0.001506641 0.999897540 -0.014234585 -5.049517155 0.230691239 0.014198184 0.972923398 371.854339600
0.972851992 -0.000715272 -0.231427595 -65.473937988 -0.002161498 0.999923468 -0.012176741 -5.090199947 0.231418639 0.012346396 0.972775936 373.801147461
0.972753465 0.000502396 -0.231841460 -65.937332153 -0.002948660 0.999943495 -0.010205043 -5.131501198 0.231823266 0.010610613 0.972700000 375.733032227
0.972415745 0.000419446 -0.233253852 -66.385635376 -0.002904874 0.999942601 -0.010312040 -5.170529366 0.233236134 0.010705166 0.972361207 377.679016113
0.972167194 -0.000044777 -0.234287977 -66.844696045 -0.002987773 0.999916315 -0.012588733 -5.214353085 0.234268948 0.012938351 0.972085714 379.584228516
0.971690238 -0.000971140 -0.236256376 -67.296279907 -0.002429386 0.999897718 -0.014101847 -5.259491920 0.236245871 0.014276587 0.971588433 381.529235840
0.971292675 -0.001775694 -0.237880781 -67.761650085 -0.001490279 0.999907076 -0.013548915 -5.302543640 0.237882748 0.013514469 0.971199870 383.462341309
0.971121490 -0.002672188 -0.238570228 -68.240386963 -0.000476839 0.999913514 -0.013140888 -5.350065231 0.238584712 0.012875159 0.971036255 385.392791748
0.970656931 -0.003017741 -0.240450114 -68.704589844 -0.000224899 0.999909401 -0.013457123 -5.394120693 0.240468964 0.013116327 0.970568240 387.311950684
0.970302224 -0.004028800 -0.241862178 -69.178245544 0.000378204 0.999885321 -0.015138236 -5.438107014 0.241895407 0.014597193 0.970192492 389.222320557
0.969986558 -0.003181025 -0.243137822 -69.660713196 -0.000344992 0.999895334 -0.014458179 -5.478475571 0.243158385 0.014108118 0.969883978 391.147766113
0.969678581 -0.002578255 -0.244370133 -70.148574829 -0.000778815 0.999906600 -0.013640024 -5.526255608 0.244382501 0.013416759 0.969586015 393.101501465
0.969351709 -0.001394770 -0.245673180 -70.626701355 -0.002291785 0.999889016 -0.014719394 -5.564336777 0.245666459 0.014831298 0.969240963 395.024169922
0.969048977 -0.001491679 -0.246864587 -71.116058350 -0.002465978 0.999873340 -0.015721746 -5.609735012 0.246856809 0.015843902 0.968922436 396.951965332
0.968723297 -0.001750103 -0.248137116 -71.606010437 -0.001940658 0.999891102 -0.014628500 -5.661902428 0.248135686 0.014652519 0.968614459 398.871795654
0.968469858 -0.001678660 -0.249125049 -72.101379395 -0.002044066 0.999890029 -0.014683760 -5.702177048 0.249122262 0.014730006 0.968360126 400.782653809
0.968150079 -0.001338457 -0.250366986 -72.595870972 -0.002027806 0.999910951 -0.013186876 -5.741123676 0.250362366 0.013274569 0.968061209 402.701385498
0.967904210 -0.000765442 -0.251317799 -73.094825745 -0.002321708 0.999925435 -0.011987119 -5.784459114 0.251308233 0.012185871 0.967830479 404.620483398
0.967674673 -0.000523171 -0.252201229 -73.598953247 -0.003107857 0.999897182 -0.013998790 -5.825941563 0.252182633 0.014330080 0.967573524 406.536712646
0.967232466 -0.000788623 -0.253891140 -74.095489502 -0.003498262 0.999858856 -0.016432805 -5.872101307 0.253868252 0.016782520 0.967093170 408.459106445
0.966856003 -0.001297092 -0.255319446 -74.592315674 -0.002926741 0.999865055 -0.016162714 -5.922460079 0.255305976 0.016374268 0.966721654 410.384521484
0.966468334 -0.000066771 -0.256785721 -75.102615356 -0.004279389 0.999856830 -0.016366387 -5.965410709 0.256750077 0.016916480 0.966329753 412.292694092
0.966088116 0.000814424 -0.258210957 -75.612991333 -0.005156584 0.999856472 -0.016139546 -6.012706280 0.258160770 0.016923714 0.965953648 414.208984375
0.965605140 0.003442061 -0.259989887 -76.118850708 -0.007005818 0.999893785 -0.012781873 -6.059807777 0.259918243 0.014163685 0.965526760 416.119750977
0.965232193 0.004621177 -0.261353135 -76.633972168 -0.008086766 0.999893069 -0.012186289 -6.102077007 0.261268884 0.013876098 0.965166330 418.030029297
0.964798570 0.005010593 -0.262942225 -77.147079468 -0.008808820 0.999873161 -0.013268233 -6.147063732 0.262842476 0.015117383 0.964720309 419.945373535
0.964485466 0.005337898 -0.264081925 -77.669326782 -0.009136286 0.999871671 -0.013157289 -6.184137821 0.263977915 0.015102740 0.964410484 421.866302490
0.964153469 0.004260986 -0.265310913 -78.188644409 -0.007456945 0.999911249 -0.011040000 -6.232268333 0.265240252 0.012622663 0.964099824 423.771575928
0.963976979 0.003019511 -0.265968680 -78.713348389 -0.006611054 0.999898672 -0.012609379 -6.268733978 0.265903592 0.013913484 0.963899195 425.689483643
0.963779747 0.002496117 -0.266687512 -79.226173401 -0.007224450 0.999833524 -0.016750228 -6.313246727 0.266601324 0.018070202 0.963637412 427.604309082
0.963881493 0.004067434 -0.266300470 -79.746452332 -0.009305052 0.999787331 -0.018409269 -6.362836361 0.266169041 0.020222297 0.963714182 429.500793457
0.964050174 0.005826925 -0.265656382 -80.270446777 -0.010598757 0.999807179 -0.016532375 -6.412712097 0.265508860 0.018753668 0.963925958 431.391845703
0.964273036 0.006068777 -0.264840990 -80.796447754 -0.010524717 0.999825895 -0.015409169 -6.458856583 0.264701307 0.017646022 0.964168966 433.291168213
0.964331567 0.005045076 -0.264649212 -81.314483643 -0.009494235 0.999834180 -0.015535094 -6.503293991 0.264526904 0.017493621 0.964219630 435.175445557
0.964438856 0.003745135 -0.264279515 -81.833007812 -0.008244213 0.999839246 -0.015916873 -6.545931816 0.264177442 0.017529625 0.964314759 437.060791016
0.964497745 0.001908127 -0.264084131 -82.352569580 -0.006725417 0.999826968 -0.017338609 -6.593416214 0.264005393 0.018499125 0.964343786 438.973205566
0.964481354 0.000929481 -0.264149189 -82.883850098 -0.005607897 0.999840438 -0.016957762 -6.643204689 0.264091313 0.017836770 0.964332700 440.889099121
0.964138806 -0.000649338 -0.265397757 -83.397155762 -0.003774206 0.999862254 -0.016157283 -6.711826801 0.265371710 0.016579527 0.964003623 442.885589600
0.963715434 0.000190509 -0.266931623 -83.918472290 -0.004528973 0.999867439 -0.015637551 -6.759223938 0.266893238 0.016279077 0.963588536 444.803802490
0.963414252 0.001750393 -0.268010676 -84.450828552 -0.005748905 0.999883533 -0.014135211 -6.806613922 0.267954797 0.015158831 0.963312149 446.695098877
0.962902308 0.002490316 -0.269838840 -84.970550537 -0.006521655 0.999880075 -0.014044307 -6.850783825 0.269771457 0.015283088 0.962803066 448.584655762
0.962489784 0.002398652 -0.271307349 -85.498863220 -0.007138005 0.999838650 -0.016483122 -6.895369530 0.271223992 0.017801432 0.962351561 450.482940674
0.962013483 0.002634677 -0.272989333 -86.035987854 -0.007978557 0.999797761 -0.018467156 -6.947007656 0.272885382 0.019943716 0.961839795 452.352081299
0.961697459 0.004307655 -0.274079174 -86.581130981 -0.009560079 0.999795318 -0.017831089 -6.994355202 0.273946345 0.019768331 0.961541772 454.233398438
0.961200476 0.005296418 -0.275799543 -87.118392944 -0.010153879 0.999817431 -0.016187349 -7.045566082 0.275663465 0.018359728 0.961078763 456.150512695
0.960813999 0.005895672 -0.277131230 -87.667472839 -0.010532482 0.999828279 -0.015245829 -7.098982811 0.276993841 0.017567286 0.960711062 458.093872070
0.960344613 0.005544502 -0.278760672 -88.209014893 -0.010553461 0.999808788 -0.016471189 -7.142697811 0.278615952 0.018759910 0.960219264 459.994018555
0.959807754 0.006004500 -0.280593783 -88.763771057 -0.011176832 0.999795794 -0.016836926 -7.187756538 0.280435413 0.019296363 0.959678948 461.891265869
0.959466875 0.006297921 -0.281751007 -89.318664551 -0.011106860 0.999818563 -0.015474253 -7.234823704 0.281602502 0.017976400 0.959362745 463.771514893
0.959016442 0.006161516 -0.283283412 -89.875747681 -0.010846232 0.999829054 -0.014971769 -7.282052040 0.283142745 0.017430728 0.958919346 465.658905029
0.958541751 0.005353134 -0.284901857 -90.427459717 -0.010397949 0.999814868 -0.016197598 -7.331216335 0.284762383 0.018488472 0.958419740 467.529266357
0.958087683 0.005015037 -0.286431521 -90.989181519 -0.010257638 0.999806166 -0.016805593 -7.376655579 0.286291748 0.019039337 0.957953334 469.411376953
0.957551181 0.004743645 -0.288224220 -91.546783447 -0.009819499 0.999821007 -0.016167540 -7.427649021 0.288095951 0.018311463 0.957426429 471.291381836
0.957166433 0.003988292 -0.289510846 -92.113250732 -0.009416996 0.999804914 -0.017360719 -7.470684052 0.289385110 0.019343423 0.957017303 473.190948486
0.956794322 0.003938050 -0.290738940 -92.677429199 -0.009453774 0.999800980 -0.017569203 -7.517681122 0.290611893 0.019558694 0.956641078 475.065673828
0.956596553 0.004114177 -0.291386515 -93.251091003 -0.009826381 0.999787092 -0.018142851 -7.574574947 0.291249841 0.020218659 0.956433356 476.948944092
0.956308126 0.005248535 -0.292313367 -93.821632385 -0.011226551 0.999760687 -0.018776981 -7.625052452 0.292144835 0.021238256 0.956138253 478.825500488
0.956091046 0.005315116 -0.293021500 -94.397476196 -0.011005254 0.999781489 -0.017773679 -7.678411961 0.292863011 0.020218033 0.955940545 480.705627441
0.956070423 0.005454239 -0.293086231 -94.984291077 -0.010654074 0.999812841 -0.016148243 -7.723975182 0.292943269 0.018561421 0.955949605 482.599975586
0.955990136 0.004364146 -0.293366283 -95.548034668 -0.009548944 0.999822438 -0.016243611 -7.776943207 0.293243378 0.018330066 0.955862105 484.556762695
0.956039011 0.003854931 -0.293213934 -96.129455566 -0.009300711 0.999809146 -0.017180799 -7.826420784 0.293091714 0.019152610 0.955892444 486.442413330
0.956011713 0.003330301 -0.293309540 -96.707656860 -0.008939741 0.999801993 -0.017786173 -7.874635696 0.293192267 0.019625908 0.955852032 488.337280273
0.956172943 0.003868204 -0.292776883 -97.294479370 -0.009133423 0.999820292 -0.016618872 -7.926785469 0.292659998 0.018564573 0.956036270 490.214416504
0.956331909 0.004167581 -0.292253137 -97.870300293 -0.008870099 0.999851465 -0.014767326 -7.976188660 0.292148232 0.016714778 0.956227005 492.090484619
0.956291735 0.004697204 -0.292376548 -98.439651489 -0.008998559 0.999870002 -0.013368562 -8.023242950 0.292275816 0.015415209 0.956209898 493.963562012
0.956295788 0.005170927 -0.292355835 -99.011444092 -0.009731312 0.999852598 -0.014146620 -8.079518318 0.292239517 0.016373355 0.956205130 495.814758301
0.956350207 0.005737313 -0.292166650 -99.582862854 -0.010715557 0.999823332 -0.015441625 -8.130292892 0.292026401 0.017898327 0.956242681 497.683166504
0.956011772 0.005932320 -0.293268383 -100.148544312 -0.011021881 0.999815941 -0.015705144 -8.177664757 0.293121159 0.018246667 0.955901146 499.528167725
0.955908835 0.006140653 -0.293599069 -100.712852478 -0.011025661 0.999826908 -0.014986211 -8.229893684 0.293456227 0.017562578 0.955811083 501.363708496
