1.000000000 0.000000000 0.000000000 0.000000000 0.000000000 1.000000000 0.000000000 0.000000000 0.000000000 0.000000000 1.000000000 0.000000000
0.999988914 0.000522749 0.004677658 0.002950034 -0.000523331 0.999999881 0.000123156 -0.007558096 -0.004677593 -0.000125603 0.999989033 0.798432529
0.999943376 0.002484120 0.010349545 0.000658417 -0.002495079 0.999996364 0.001046058 -0.013278749 -0.010346908 -0.001071822 0.999945879 1.607441425
0.999885321 0.002100552 0.014997643 0.027757306 -0.002106752 0.999997675 0.000397607 -0.022126535 -0.014996776 -0.000429157 0.999887466 2.413941860
0.999795616 0.001593272 0.020154329 0.050717905 -0.001566559 0.999997854 -0.001341156 -0.030070778 -0.020156423 0.001309309 0.999795973 3.225864410
0.999647975 0.000775228 0.026521180 0.078024514 -0.000664115 0.999991000 -0.004198180 -0.033660915 -0.026524194 0.004179088 0.999639392 4.026268959
0.999484539 0.000346218 0.032101512 0.112824157 -0.000160764 0.999983311 -0.005779505 -0.044199556 -0.032102976 0.005771365 0.999467909 4.839528084
0.999268711 -0.001823451 0.038193833 0.148371071 0.002056336 0.999979556 -0.006059036 -0.059515856 -0.038182005 0.006133144 0.999252021 5.653970718
0.999047279 -0.002135131 0.043589268 0.183624297 0.002396171 0.999979496 -0.005937265 -0.074827082 -0.043575693 0.006036055 0.999031842 6.467976093
0.998775542 -0.003068813 0.049374335 0.228059143 0.003413949 0.999970317 -0.006907366 -0.084666818 -0.049351659 0.007067472 0.998756468 7.287786007
0.998508036 -0.003635861 0.054481540 0.277094781 0.004101617 0.999956012 -0.008439502 -0.097992443 -0.054448448 0.008650374 0.998479187 8.105999947
0.998200238 -0.003743056 0.059850980 0.327791452 0.004361159 0.999938488 -0.010200083 -0.116240859 -0.059809119 0.010442747 0.998155177 8.915509224
0.997854710 0.000052496 0.065467730 0.377438337 0.000769524 0.999921203 -0.012530822 -0.133702725 -0.065463230 0.012554320 0.997776031 9.726209641
0.997501612 -0.000244334 0.070645139 0.446931571 0.001111606 0.999924481 -0.012237404 -0.150218308 -0.070636831 0.012285358 0.997426391 10.552918434
0.997149646 -0.002416177 0.075411536 0.517581820 0.003305180 0.999926448 -0.011666120 -0.167209655 -0.075377800 0.011882117 0.997084260 11.373576164
0.996809244 0.000341428 0.079820454 0.579488218 0.000604163 0.999929845 -0.011822026 -0.184871227 -0.079818897 0.011832528 0.996739209 12.196286201
0.996457338 0.004001772 0.084004283 0.647431910 -0.002868174 0.999903202 -0.013610880 -0.201928899 -0.084050626 0.013321722 0.996372402 13.033648491
0.996175706 0.005910117 0.087172732 0.718473434 -0.004409615 0.999838829 -0.017395526 -0.220218822 -0.087261505 0.016944600 0.996041298 13.827761650
0.995928228 0.002700713 0.090109475 0.793717861 -0.000847152 0.999787390 -0.020602016 -0.242064714 -0.090145953 0.020441793 0.995718777 14.632653236
0.995618761 0.002876161 0.093460999 0.875307262 -0.000595917 0.999701679 -0.024416570 -0.262052327 -0.093503341 0.024253901 0.995323539 15.452083588
0.995353520 0.001282627 0.096279420 0.960330963 0.000810005 0.999764383 -0.021692757 -0.292779803 -0.096284561 0.021669950 0.995117843 16.283538818
0.995218635 -0.001285092 0.097664125 1.040350914 0.003372104 0.999769449 -0.021207225 -0.313919336 -0.097614370 0.021435158 0.994993389 17.099020004
0.995133877 -0.002884845 0.098490722 1.135777116 0.004873428 0.999788940 -0.019955948 -0.344011754 -0.098412387 0.020338828 0.994937778 17.927289963
0.995010972 -0.006185332 0.099574000 1.227894187 0.008275214 0.999753773 -0.020588906 -0.365343302 -0.099422127 0.021310184 0.994817078 18.748229980
0.994929194 -0.007913566 0.100267455 1.302819610 0.009927178 0.999758601 -0.019599384 -0.395631552 -0.100088157 0.020495372 0.994767427 19.566751480
0.994986951 -0.004937656 0.099882767 1.369665027 0.006762105 0.999816179 -0.017935602 -0.418111026 -0.099775843 0.018521108 0.994837523 20.373695374
0.995015740 -0.005182490 0.099583112 1.459105730 0.007046512 0.999806404 -0.018375659 -0.444942355 -0.099468596 0.018985784 0.994859636 21.200275421
0.995103121 -0.006403506 0.098635018 1.555223227 0.008217561 0.999804318 -0.017996304 -0.472126335 -0.098500468 0.018718721 0.994960964 22.027662277
0.995127439 -0.006495617 0.098382406 1.633790493 0.008524408 0.999759316 -0.020215195 -0.485055566 -0.098227412 0.020955345 0.994943321 22.850498199
0.995156288 -0.008774344 0.097912855 1.719142675 0.010725611 0.999753892 -0.019420071 -0.505517781 -0.097718358 0.020376181 0.995005488 23.669406891
0.995145023 -0.009678850 0.097942524 1.795829773 0.011405177 0.999789059 -0.017081425 -0.534316123 -0.097756527 0.018115548 0.995045424 24.478958130
0.995094717 -0.009552795 0.098465100 1.885295391 0.011123853 0.999819279 -0.015418855 -0.554090559 -0.098300010 0.016438533 0.995021045 25.323297501
0.995123625 -0.007149591 0.098375797 1.968943357 0.008639839 0.999854147 -0.014730845 -0.581907868 -0.098256119 0.015508963 0.995040298 26.159271240
0.995058954 -0.006114087 0.099097446 2.050214529 0.007748137 0.999840081 -0.016112847 -0.597563326 -0.098983094 0.016801052 0.994947314 26.993385315
0.995036840 -0.004662569 0.099397391 2.134869814 0.006546928 0.999804854 -0.018640077 -0.620844126 -0.099291071 0.019198313 0.994873226 27.820749283
0.994882166 -0.002153082 0.101018593 2.204660654 0.004434011 0.999740124 -0.022360202 -0.648056746 -0.100944214 0.022693688 0.994633257 28.623588562
0.994831204 0.002060754 0.101521134 2.291489363 0.000171425 0.999758482 -0.021973703 -0.670932829 -0.101541907 0.021877531 0.994590700 29.460861206
0.994804621 0.002445866 0.101774134 2.380707741 -0.000181063 0.999752283 -0.022256522 -0.696436286 -0.101803362 0.022122463 0.994558573 30.292255402
0.994803488 -0.002384742 0.101786770 2.477718830 0.004242902 0.999828160 -0.018042833 -0.722037554 -0.101726264 0.018380940 0.994642735 31.133119583
0.994802356 -0.005224566 0.101690859 2.574005842 0.006998825 0.999829352 -0.017098611 -0.739358366 -0.101584159 0.017721459 0.994669080 31.964967728
0.994648755 -0.008735928 0.102944352 2.654378653 0.010394820 0.999824524 -0.015589006 -0.765581489 -0.102790087 0.016575674 0.994564950 32.782913208
0.994592369 -0.011491131 0.103217676 2.758643389 0.013270441 0.999774635 -0.016568257 -0.785524487 -0.103004038 0.017848412 0.994520783 33.603328705
0.994562805 -0.011711938 0.103478193 2.844453573 0.013948802 0.999683857 -0.020919608 -0.811555028 -0.103200473 0.022249263 0.994411707 34.410034180
0.994445145 -0.013194762 0.104426078 2.929716110 0.015732324 0.999599814 -0.023513801 -0.835822701 -0.104074016 0.025026053 0.994254589 35.220325470
0.994314909 -0.013578299 0.105611049 3.029497623 0.016207056 0.999578893 -0.024072628 -0.857815027 -0.105239719 0.025647420 0.994116068 36.033195496
0.994142294 -0.011686111 0.107445657 3.116224289 0.014170963 0.999648750 -0.022392236 -0.882566214 -0.107146241 0.023783673 0.993958712 36.845306396
0.993973434 -0.008627099 0.109281085 3.205571651 0.010904617 0.999735296 -0.020260466 -0.907787502 -0.109077387 0.021330036 0.993804336 37.705059052
0.993776262 -0.005272659 0.111268960 3.291859150 0.007779788 0.999725223 -0.022110030 -0.935515642 -0.111121818 0.022838073 0.993544221 38.536231995
0.993671119 -0.005148649 0.112210818 3.390154362 0.007774620 0.999705791 -0.022977134 -0.954043627 -0.112059511 0.023704110 0.993418694 39.367996216
0.993434668 -0.003299447 0.114352874 3.482961416 0.005810271 0.999749184 -0.021630475 -0.980293989 -0.114252836 0.022152886 0.993204594 40.192802429
0.993203044 -0.003507485 0.116341241 3.583752155 0.005632286 0.999823213 -0.017939802 -1.003156066 -0.116257742 0.018473137 0.993047297 41.013950348
0.992964387 -0.003588008 0.118359089 3.682854652 0.005722280 0.999827087 -0.017697273 -1.028630972 -0.118275106 0.018250046 0.992813230 41.839012146
0.992803216 -0.002880808 0.119722337 3.786337852 0.005269171 0.999793410 -0.019637421 -1.051990271 -0.119641013 0.020126931 0.992613196 42.664348602
0.992582083 -0.002933809 0.121541187 3.890547276 0.005699403 0.999732494 -0.022412989 -1.071284890 -0.121442929 0.022939442 0.992333293 43.480358124
0.992350996 -0.005067721 0.123344511 4.004402161 0.008072402 0.999682367 -0.023872508 -1.096608162 -0.123184368 0.024685591 0.992076755 44.314624786
0.992099226 -0.004584473 0.125372186 4.116952896 0.007597805 0.999693334 -0.023567513 -1.116754055 -0.125225693 0.024333861 0.991829753 45.151107788
0.991726518 -0.003960187 0.128307551 4.202278137 0.007045450 0.999696612 -0.023600908 -1.154422998 -0.128175169 0.024309631 0.991453588 45.949157715
0.991473496 -0.001449928 0.130300000 4.318246841 0.004591769 0.999705851 -0.023815149 -1.177841187 -0.130227134 0.024210405 0.991188586 46.788257599
0.991010904 -0.002772360 0.133752733 4.426145554 0.006185194 0.999665618 -0.025107233 -1.208612442 -0.133638427 0.025708830 0.990696669 47.619312286
0.990656495 -0.002209929 0.136363566 4.536081314 0.005894992 0.999628067 -0.026625903 -1.234186649 -0.136254027 0.027180979 0.990301013 48.435962677
0.990162253 -0.002376540 0.139903575 4.659526825 0.006366352 0.999585390 -0.028077664 -1.264112473 -0.139778852 0.028692123 0.989767015 49.273624420
0.989800751 0.002095303 0.142443374 4.773419380 0.001817658 0.999624670 -0.027334623 -1.292173386 -0.142447174 0.027314741 0.989425421 50.114906311
0.989272773 0.000072994 0.146080062 4.903046131 0.003763927 0.999655128 -0.025989303 -1.327978134 -0.146031603 0.026260342 0.988931239 50.944274902
0.988878608 0.001378051 0.148718670 5.035399437 0.002466568 0.999667585 -0.025664087 -1.357084155 -0.148704603 0.025745492 0.988546431 51.776165009
0.988257289 0.003131233 0.152767047 5.150280952 0.001092731 0.999619722 -0.027557923 -1.392023563 -0.152795225 0.027401246 0.987877905 52.592906952
0.987669885 0.005170681 0.156465814 5.281671047 -0.000403868 0.999535203 -0.030481994 -1.422463775 -0.156550705 0.030042950 0.987212837 53.422431946
0.987115860 0.001904060 0.159995452 5.424701691 0.003049782 0.999523640 -0.030711137 -1.451346040 -0.159977704 0.030803405 0.986639857 54.250164032
0.986578465 -0.001085829 0.163284317 5.574637890 0.006033648 0.999537468 -0.029808989 -1.483449578 -0.163176402 0.030394111 0.986128628 55.080677032
0.985907078 -0.001967334 0.167282060 5.710938931 0.006665838 0.999598742 -0.027530471 -1.517539859 -0.167160749 0.028257564 0.985524654 55.915889740
0.985287964 -0.003791000 0.170860022 5.858860970 0.008855123 0.999543488 -0.028886681 -1.545986414 -0.170672491 0.029974688 0.984871864 56.740818024
0.984745204 -0.003138826 0.173973843 6.010951996 0.008252791 0.999554694 -0.028679421 -1.581197739 -0.173806325 0.029677698 0.984332561 57.577869415
0.983979642 -0.002827866 0.178257927 6.155329704 0.008090456 0.999552429 -0.028802333 -1.613477468 -0.178096697 0.029783102 0.983562112 58.400585175
0.983357131 -0.000544349 0.181681901 6.299805641 0.005790435 0.999581397 -0.028345946 -1.642408729 -0.181590423 0.028926205 0.982948661 59.211563110
0.982662797 0.000107364 0.185401872 6.460412502 0.005245017 0.999583483 -0.028378366 -1.674093127 -0.185327694 0.028858796 0.982252955 60.038978577
0.981970072 0.000286576 0.189036041 6.619311333 0.005358069 0.999554813 -0.029348442 -1.703708529 -0.188960299 0.029832156 0.981531620 60.855911255
0.981315076 -0.000039433 0.192407832 6.787316799 0.005886979 0.999537945 -0.029819816 -1.736334682 -0.192317784 0.030395331 0.980861962 61.678081512
0.980752468 0.000772591 0.195253357 6.949407578 0.004896198 0.999580383 -0.028548686 -1.767596960 -0.195193470 0.028955195 0.980337381 62.496791840
0.980275869 0.000250709 0.197633967 7.127376080 0.004695854 0.999687254 -0.024559855 -1.797802210 -0.197578356 0.025003495 0.979968250 63.320194244
0.979646325 -0.002055611 0.200720683 7.296621799 0.006798857 0.999713540 -0.022944577 -1.826351047 -0.200616062 0.023842247 0.979379773 64.134414673
0.979052663 -0.001730952 0.203599557 7.475483418 0.006969774 0.999662697 -0.025016798 -1.855463386 -0.203487575 0.025911804 0.978734553 64.950439453
0.978317380 -0.001291936 0.207107410 7.637309551 0.007476531 0.999549091 -0.029081846 -1.885667086 -0.206976473 0.029999724 0.977885842 65.744277954
0.977814972 -0.000254250 0.209470496 7.815153122 0.007276053 0.999437034 -0.032751746 -1.914959669 -0.209344253 0.033549272 0.977266312 66.549537659
0.977052033 -0.000645091 0.213000089 7.984469891 0.007725886 0.999444723 -0.032412466 -1.948897958 -0.212860867 0.033314284 0.976514399 67.356407166
0.976411700 -0.002617139 0.215901300 8.161388397 0.009621868 0.999460697 -0.031399429 -1.986762762 -0.215702698 0.032736138 0.975910187 68.143463135
0.975785077 -0.006568666 0.218632981 8.348012924 0.013344612 0.999474823 -0.029530112 -2.023036957 -0.218324184 0.031732615 0.975360155 68.937004089
0.975232840 -0.002980569 0.221160769 8.532703400 0.009865730 0.999500215 -0.030033827 -2.051902533 -0.220960751 0.031471886 0.974774718 69.732971191
0.974437714 -0.000262277 0.224657536 8.718044281 0.007068126 0.999540091 -0.029490625 -2.088711739 -0.224546492 0.030324684 0.973991334 70.555351257
0.973935366 -0.001859307 0.226817906 8.913152695 0.009374084 0.999442101 -0.032058679 -2.118424416 -0.226631746 0.033349294 0.973409355 71.345733643
0.973360062 -0.002068168 0.229272380 9.102422714 0.010066018 0.999380648 -0.033719607 -2.159699678 -0.229060590 0.035129178 0.972778022 72.131332397
0.972514808 -0.002476804 0.232827678 9.293571472 0.011081948 0.999302506 -0.035658494 -2.190715075 -0.232576996 0.037258595 0.971864045 72.917312622
0.972068965 -0.002633572 0.234680459 9.487468719 0.011050487 0.999341488 -0.034557614 -2.224332333 -0.234434962 0.036185723 0.971458137 73.699874878
0.971536338 -0.003684425 0.236862153 9.689338684 0.011651538 0.999412060 -0.032245066 -2.264099598 -0.236604109 0.034087062 0.971008062 74.490585327
0.970857561 -0.005301107 0.239598647 9.883180618 0.013321047 0.999403417 -0.031865336 -2.299209356 -0.239286810 0.034128405 0.970348954 75.273979187
0.970375240 -0.005405228 0.241542190 10.084057808 0.013723006 0.999368906 -0.032767158 -2.329429865 -0.241212621 0.035111114 0.969836950 76.053016663
0.969698608 -0.004352644 0.244265571 10.282973289 0.012955174 0.999350727 -0.033622406 -2.365494013 -0.243960619 0.035768103 0.969125330 76.827598572
0.969039619 -0.004561567 0.246863097 10.487165451 0.013168226 0.999361157 -0.033224408 -2.394599915 -0.246553823 0.035446513 0.968480587 77.617401123
0.968490422 -0.002412237 0.249038935 10.687016487 0.010677354 0.999435842 -0.031842567 -2.432390213 -0.248821631 0.033498298 0.967969894 78.396667480
0.967659712 -0.000303282 0.252258897 10.888480186 0.008859785 0.999423146 -0.032784376 -2.467457533 -0.252103478 0.033959076 0.967104197 79.185401917
0.966757298 -0.002652372 0.255681723 11.106168747 0.011605299 0.999370992 -0.033513561 -2.505513668 -0.255431950 0.035366740 0.966179967 79.975524902
0.965826213 -0.004556329 0.259150207 11.319538116 0.014333755 0.999254346 -0.035851754 -2.538222075 -0.258793533 0.038341153 0.965171397 80.751884460
0.965034664 -0.004622434 0.262081236 11.536204338 0.014848486 0.999203026 -0.037051704 -2.576806545 -0.261701047 0.039647687 0.964334309 81.520896912
0.964132845 -0.006209776 0.265347362 11.760582924 0.016709819 0.999163210 -0.037331838 -2.608691931 -0.264893472 0.040426761 0.963429868 82.307426453
0.963348091 -0.003652852 0.268229634 11.972801208 0.014018354 0.999226511 -0.036739144 -2.647671938 -0.267887980 0.039152719 0.962654173 83.068206787
0.962342262 -0.002559908 0.271828741 12.194466591 0.012740736 0.999281466 -0.035694815 -2.689843655 -0.271542102 0.037813924 0.961683393 83.837913513
0.961141944 -0.004960208 0.276010066 12.418363571 0.015239581 0.999267280 -0.035110395 -2.722215176 -0.275633693 0.037952356 0.960513175 84.601440430
0.960023999 -0.003291700 0.279898226 12.641515732 0.013595941 0.999298930 -0.034880668 -2.757500887 -0.279587179 0.037291758 0.959395707 85.364593506
0.958616376 -0.000923933 0.284699410 12.875640869 0.010563107 0.999421656 -0.032323811 -2.789518833 -0.284504890 0.033993449 0.958071709 86.134689331
0.957413554 0.000499755 0.288719743 13.104537964 0.008782537 0.999485373 -0.030853508 -2.817311049 -0.288586617 0.032075260 0.956916451 86.893249512
0.956107557 -0.003875061 0.292990267 13.335578918 0.012830731 0.999507129 -0.028650800 -2.859035254 -0.292734772 0.031152533 0.955686033 87.632003784
0.954764009 -0.004330387 0.297333211 13.577056885 0.014363975 0.999398291 -0.031568702 -2.885344744 -0.297017604 0.034411546 0.954251707 88.384132385
0.953271985 -0.002252652 0.302105039 13.825879097 0.013001562 0.999351680 -0.033573866 -2.920960188 -0.301833570 0.035932865 0.952683210 89.140052795
0.952051461 -0.000842984 0.305936933 14.074622154 0.011768372 0.999356985 -0.033868585 -2.947914839 -0.305711687 0.035845015 0.951449096 89.886451721
0.950718164 -0.001796019 0.310051501 14.320626259 0.011916972 0.999456048 -0.030751783 -2.984755516 -0.309827626 0.032931156 0.950222313 90.632843018
0.949273825 -0.002014421 0.314444214 14.566118240 0.011716573 0.999511659 -0.028967928 -3.015412807 -0.314232379 0.031182706 0.948833823 91.379211426
0.947857857 -0.002331665 0.318684727 14.830323219 0.012328941 0.999492943 -0.029356917 -3.052329063 -0.318454623 0.031755231 0.947405994 92.101112366
0.946504891 -0.002761295 0.322677433 15.091326714 0.013748739 0.999400377 -0.031776663 -3.084765196 -0.322396189 0.034513168 0.945975482 92.832145691
0.944945574 -0.004306026 0.327199221 15.354609489 0.016219493 0.999300718 -0.033690546 -3.115003109 -0.326825351 0.037142739 0.944354594 93.558036804
0.943096757 -0.006523713 0.332454622 15.599981308 0.018455090 0.999293387 -0.032743819 -3.147744894 -0.332006037 0.037016064 0.942550719 94.284744263
0.941831708 -0.007334431 0.336004943 15.882636070 0.018455002 0.999382019 -0.029915053 -3.173004627 -0.335577905 0.034375921 0.941385031 95.018630981
0.939962268 -0.007195988 0.341202468 16.132093430 0.017236928 0.999502718 -0.026405599 -3.210960865 -0.340842783 0.030701548 0.939618826 95.707397461
0.938175976 -0.004507693 0.346129477 16.397645950 0.015113839 0.999495089 -0.027949147 -3.235368013 -0.345828772 0.031452559 0.937770367 96.420204163
0.935879588 -0.005981269 0.352269202 16.670604706 0.018465726 0.999314427 -0.032090601 -3.264516592 -0.351835698 0.036537845 0.935348451 97.134155273
0.933954954 -0.003101694 0.357377261 16.939619064 0.016925139 0.999224246 -0.035559140 -3.300260067 -0.356989801 0.039259292 0.933282971 97.842552185
0.932116985 0.001277081 0.362155020 17.216764450 0.012580385 0.999276042 -0.035903275 -3.334296942 -0.361938685 0.038022093 0.931426167 98.548263550
0.930575013 0.003276828 0.366086572 17.505100250 0.009994013 0.999359906 -0.034349542 -3.370537758 -0.365964800 0.035623517 0.929946661 99.269142151
0.928950250 -0.001147345 0.370202690 17.803148270 0.013611305 0.999424934 -0.031057417 -3.400890589 -0.369954139 0.033889741 0.928431749 99.981132507
0.926987112 -0.003477844 0.375076920 18.098957062 0.015693475 0.999440968 -0.029518608 -3.431588411 -0.374764591 0.033249635 0.926523626 100.703208923
0.925324857 -0.000982995 0.379173905 18.399265289 0.012933694 0.999496520 -0.028971851 -3.462626457 -0.378954500 0.031712495 0.924871862 101.414138794
0.923418820 -0.000235035 0.383794039 18.678863525 0.012706170 0.999470353 -0.029959314 -3.492746830 -0.383583724 0.032541540 0.922932625 102.087753296
0.922059357 0.000047515 0.387048483 18.974229813 0.012961354 0.999435365 -0.031000324 -3.518865347 -0.386831433 0.033600807 0.921538115 102.780517578
0.920491159 0.001887195 0.390759051 19.262878418 0.010694121 0.999492168 -0.030018706 -3.552623272 -0.390617251 0.031810772 0.920003414 103.469291687
0.919032753 0.001535214 0.394178361 19.568134308 0.010712733 0.999525785 -0.028869769 -3.577210665 -0.394035727 0.030754985 0.918580413 104.168090820
0.917663634 0.003203916 0.397345066 19.865617752 0.009746528 0.999485135 -0.030568643 -3.600519419 -0.397238433 0.031924471 0.917159975 104.857177734
0.916009843 0.002329140 0.401148826 20.167808533 0.010209190 0.999523938 -0.029115750 -3.637877703 -0.401025683 0.030765716 0.915550053 105.515777588
0.914700389 0.003858533 0.404114038 20.466783524 0.009803426 0.999448359 -0.031732630 -3.667704582 -0.404013515 0.032987557 0.914157987 106.190460205
0.913566113 0.006915166 0.406631589 20.764583588 0.007167110 0.999426425 -0.033098336 -3.698298931 -0.406627238 0.033151887 0.912992477 106.864761353
0.912223697 0.007122456 0.409630537 21.076971054 0.007717545 0.999372721 -0.034563120 -3.728221893 -0.409619808 0.034690645 0.911596477 107.541259766
0.911306202 0.004656921 0.411702782 21.388254166 0.010156373 0.999377489 -0.033785507 -3.755203485 -0.411603808 0.034970354 0.910691738 108.209068298
0.909960926 0.006638718 0.414640903 21.688228607 0.007776077 0.999422848 -0.033066723 -3.788418531 -0.414621025 0.033313707 0.909384072 108.874435425
0.909102380 0.008274970 0.416490793 21.985921860 0.005146476 0.999503195 -0.031092007 -3.818467140 -0.416541159 0.030409276 0.908608019 109.539466858
0.909049571 0.009984890 0.416568398 22.294153214 0.003664768 0.999482632 -0.031954374 -3.852147579 -0.416671932 0.030574733 0.908542633 110.200073242
0.908292532 0.010212983 0.418210864 22.595907211 0.003635943 0.999471486 -0.032304481 -3.881078482 -0.418319762 0.030862510 0.907775342 110.854637146
0.907968819 0.009982849 0.418918788 22.898000717 0.003838002 0.999476135 -0.032136071 -3.911699295 -0.419020146 0.030786363 0.907454848 111.510437012
0.908409178 0.008283514 0.418000072 23.209806442 0.005224661 0.999500751 -0.031161498 -3.938929558 -0.418049484 0.030491300 0.907912433 112.168792725
0.909221649 0.010144014 0.416188806 23.506017685 0.003924229 0.999449849 -0.032933202 -3.968077421 -0.416293859 0.031576801 0.908681631 112.812210083
0.910073638 0.010720241 0.414307833 23.809776306 0.003788763 0.999408424 -0.034182202 -3.997090101 -0.414429128 0.032678034 0.909494698 113.464347839
0.911096573 0.005403822 0.412157565 24.115884781 0.010008187 0.999329269 -0.035225909 -4.023534775 -0.412071407 0.036219157 0.910431385 114.125892639
0.911305606 0.001840341 0.411726475 24.415666580 0.013392462 0.999328375 -0.034109369 -4.063629150 -0.411512703 0.036598090 0.910668910 114.779327393
0.911295772 0.005452719 0.411716253 24.710145950 0.009223581 0.999391019 -0.033651352 -4.097717762 -0.411649019 0.034463834 0.910690546 115.439704895
0.911520541 0.006757499 0.411199003 24.998769760 0.008060954 0.999379277 -0.034292474 -4.131146908 -0.411175460 0.034572951 0.910900295 116.086456299
0.911839247 0.007403451 0.410480440 25.309087753 0.008438950 0.999288142 -0.036769468 -4.155728817 -0.410460472 0.036991868 0.911127746 116.755683899
0.912062645 0.008028074 0.409972221 25.608066559 0.008350399 0.999237359 -0.038144145 -4.190642357 -0.409965813 0.038213287 0.911300004 117.413040161
0.911700845 0.008320226 0.410770386 25.907463074 0.007858675 0.999258876 -0.037682414 -4.221971989 -0.410779476 0.037583202 0.910959780 118.086425781
0.911999583 0.007681783 0.410119325 26.214992523 0.007443137 0.999350131 -0.035270050 -4.258814812 -0.410123676 0.035218850 0.911349595 118.763504028
0.911829352 0.008469965 0.410482109 26.521041870 0.005702664 0.999429464 -0.033290096 -4.285423756 -0.410529882 0.032695722 0.911260784 119.444168091
0.911496103 0.004587034 0.411283076 26.822969437 0.009346897 0.999448657 -0.031861667 -4.314061165 -0.411202431 0.032886006 0.910950541 120.110015869
0.911538005 0.001259885 0.411213785 27.122919083 0.011433235 0.999531031 -0.028406456 -4.351170540 -0.411056727 0.030595068 0.911096215 120.741432190
0.911318481 -0.000847453 0.411701232 27.423435211 0.013563862 0.999516845 -0.027966779 -4.381162167 -0.411478549 0.031070903 0.910889745 121.383125305
0.910937667 0.000392951 0.412543803 27.711322784 0.013041064 0.999472380 -0.029747976 -4.408138752 -0.412337780 0.032478560 0.910451949 122.017494202
0.910471857 0.002444658 0.413563848 28.006999969 0.012922107 0.999326169 -0.034355581 -4.444431782 -0.413369119 0.036623903 0.909826815 122.652343750
0.909734488 0.001195552 0.415188879 28.311231613 0.015429110 0.999207795 -0.036684506 -4.465294838 -0.414903820 0.039779149 0.908995330 123.310089111
0.909450829 0.001889867 0.415807217 28.613536835 0.014538401 0.999233723 -0.036339860 -4.503030300 -0.415557325 0.039094489 0.908726454 123.955154419
0.908493042 0.004032338 0.417880505 28.913339615 0.010746438 0.999397397 -0.033006970 -4.532256603 -0.417761773 0.034477334 0.907902300 124.604743958
0.907081306 0.008456330 0.420870513 29.209148407 0.005350959 0.999485850 -0.031614792 -4.565448761 -0.420921445 0.030929253 0.906569719 125.258895874
0.905701220 0.006228042 0.423871011 29.506752014 0.007856552 0.999473631 -0.031472906 -4.598976135 -0.423843920 0.031835213 0.905175626 125.894302368
0.904256344 0.007173507 0.426929772 29.807308197 0.009570071 0.999267220 -0.037060063 -4.628716946 -0.426882714 0.037597556 0.903525114 126.537261963
0.902493596 0.010607056 0.430572778 30.105962753 0.008033917 0.999108195 -0.041452117 -4.662902355 -0.430628449 0.040869456 0.901603460 127.178215027
0.901351094 0.014637588 0.432841688 30.409643173 0.004576208 0.999050915 -0.043314837 -4.698688507 -0.433064997 0.041022651 0.900428653 127.777854919
0.900510311 0.013244281 0.434632808 30.723205566 0.005875857 0.999074161 -0.042618245 -4.727547169 -0.434794843 0.040932015 0.899598718 128.408554077
0.899752617 0.011642113 0.436245114 31.037031174 0.006479114 0.999177516 -0.040028278 -4.762709141 -0.436352313 0.038842030 0.898937106 129.038604736
0.898356020 0.008578467 0.439184308 31.350675583 0.009066344 0.999234319 -0.038063068 -4.800386906 -0.439174533 0.038175985 0.897590280 129.673095703
0.897528648 0.007820361 0.440886796 31.668334961 0.010789609 0.999153912 -0.039687570 -4.833047390 -0.440824121 0.040377732 0.896684825 130.304916382
0.896427274 0.005210941 0.443160176 31.990034103 0.013645676 0.999132276 -0.039350942 -4.863984585 -0.442980707 0.041322481 0.895578265 130.936111450
0.895856559 0.006472003 0.444296330 32.310142517 0.012184211 0.999160171 -0.039122250 -4.899132729 -0.444176346 0.040461324 0.895025253 131.565277100
0.895219147 0.004199001 0.445606381 32.631835938 0.015356737 0.999071121 -0.040265910 -4.936846733 -0.445361495 0.042889874 0.894322932 132.201812744
0.894966960 0.003577740 0.446118176 32.957553864 0.017923273 0.998872221 -0.043966923 -4.971022606 -0.445772290 0.047344845 0.893893480 132.834808350
0.894433916 0.001731099 0.447196811 33.279258728 0.022044549 0.998606026 -0.047956701 -5.007207394 -0.446656436 0.052752346 0.893149018 133.459609985
0.893634439 0.004025586 0.448777616 33.606300354 0.020033047 0.998605251 -0.048848674 -5.044159889 -0.448348343 0.052643232 0.892307341 134.100387573
0.892783165 0.004913360 0.450459868 33.927875519 0.018423751 0.998705685 -0.047408041 -5.084840775 -0.450109750 0.050624259 0.891537070 134.751052856
0.892185748 0.007009685 0.451614261 34.255928040 0.015645536 0.998799860 -0.046411280 -5.127983093 -0.451397538 0.048473239 0.891005397 135.402359009
0.891737938 0.008332054 0.452475280 34.592197418 0.015236744 0.998710871 -0.048419207 -5.169599056 -0.452295393 0.050071504 0.890461504 136.051818848
0.891292632 0.009341393 0.453332245 34.927330017 0.015320977 0.998596430 -0.050699573 -5.208550453 -0.453169584 0.052133657 0.889898539 136.700241089
0.890877604 0.009358107 0.454146951 35.264526367 0.016122444 0.998506546 -0.052201718 -5.246067524 -0.453957111 0.053827312 0.889396131 137.353897095
0.890613317 0.008492625 0.454682171 35.609245300 0.016501650 0.998563707 -0.050974097 -5.288212776 -0.454462022 0.052901220 0.889193892 138.011123657
0.890322745 0.007749510 0.455263853 35.950393677 0.016894102 0.998604476 -0.050036710 -5.333892822 -0.455016166 0.052240103 0.888949454 138.680084229
0.890118301 0.007016968 0.455675542 36.300430298 0.017547540 0.998612285 -0.049655110 -5.377095222 -0.455391556 0.052194908 0.888759851 139.342071533
0.889745176 0.007756772 0.456391633 36.643306732 0.016279597 0.998680234 -0.048710857 -5.424973488 -0.456167161 0.050770119 0.888444662 140.020095825
0.889144182 0.006728093 0.457577616 36.995239258 0.016153255 0.998807430 -0.046074469 -5.464780807 -0.457341909 0.048358206 0.887975156 140.695846558
0.888471544 0.005893256 0.458893836 37.349517822 0.016103672 0.998901367 -0.044006769 -5.506295204 -0.458649099 0.046488639 0.887400627 141.372940063
0.887483120 0.007322531 0.460782021 37.710681915 0.014738174 0.998911321 -0.044260498 -5.550120354 -0.460604429 0.046071541 0.886409044 142.063690186
0.886734843 0.008794948 0.462194651 38.072280884 0.013697359 0.998880208 -0.045286164 -5.591187477 -0.462075382 0.046487678 0.885621369 142.750427246
0.886008561 0.012320580 0.463505119 38.434047699 0.011400476 0.998765826 -0.048340987 -5.629771233 -0.463528693 0.048114710 0.884774625 143.441146851
0.885379910 0.013082840 0.464683890 38.806457520 0.011542141 0.998677015 -0.050108708 -5.673741341 -0.464724749 0.049728699 0.884057581 144.142074585
0.884504855 0.013571463 0.466333598 39.154624939 0.010986405 0.998693645 -0.049902607 -5.715610504 -0.466401666 0.049262419 0.883200288 144.813385010
0.883929789 0.012721267 0.467446715 39.531600952 0.010661933 0.998821795 -0.047343738 -5.763732910 -0.467498243 0.046832427 0.882752657 145.513610840
0.883465707 0.013246364 0.468308687 39.905925751 0.009549451 0.998883426 -0.046269011 -5.804176331 -0.468398660 0.045349173 0.882352650 146.213668823
0.882878661 0.014220227 0.469385833 40.282012939 0.008806522 0.998864412 -0.046825353 -5.849620819 -0.469518661 0.045474764 0.881750703 146.926071167
0.882815003 0.016719669 0.469423205 40.660049438 0.007287615 0.998758554 -0.049278624 -5.893776894 -0.469664335 0.046924882 0.881597102 147.632614136
0.883163452 0.017317064 0.468745738 41.037162781 0.007795148 0.998638451 -0.051579934 -5.936758995 -0.469000727 0.049207449 0.881826043 148.341491699
0.883695781 0.017934479 0.467718005 41.424308777 0.007302861 0.998615742 -0.052089415 -5.985414982 -0.468004793 0.049446873 0.882341504 149.067016602
0.884385407 0.018455200 0.466392368 41.802947998 0.006234085 0.998661876 -0.051338404 -6.033415794 -0.466715664 0.048310466 0.883086920 149.769165039
0.885459065 0.018432014 0.464351654 42.178215027 0.005759224 0.998701096 -0.050624620 -6.077907562 -0.464681655 0.047500338 0.884202838 150.480331421
0.886552811 0.017808760 0.462284386 42.556121826 0.005143092 0.998817623 -0.048341081 -6.127379894 -0.462598711 0.045234494 0.885412991 151.204940796
0.887982547 0.017975178 0.459525764 42.922569275 0.003675533 0.998926520 -0.046177357 -6.176727295 -0.459862560 0.042693689 0.886963069 151.910934448
0.889297247 0.018625801 0.456950396 43.286643982 0.002424796 0.998964250 -0.045437913 -6.216279507 -0.457323432 0.041515823 0.888330817 152.622589111
0.891137242 0.017481053 0.453397185 43.653533936 0.003203927 0.998990238 -0.044814005 -6.259494781 -0.453722745 0.041388072 0.890181243 153.323226929
0.892785192 0.017904287 0.450126767 44.012012482 0.002266592 0.999018729 -0.044232637 -6.304796696 -0.450477004 0.040510498 0.891868412 154.040344238
0.894562721 0.018265620 0.446568817 44.360504150 0.001704254 0.999017894 -0.044275902 -6.344936371 -0.446938992 0.040368646 0.893653095 154.757324219
0.897104621 0.015613585 0.441542149 44.715152740 0.004117806 0.999036491 -0.043693785 -6.388606548 -0.441798866 0.041016091 0.896175921 155.460464478
0.899584651 0.014233991 0.436514527 45.066009521 0.005500241 0.999020219 -0.043911442 -6.425691605 -0.436711848 0.041902989 0.898624957 156.169036865
0.901553512 0.014541198 0.432423264 45.413536072 0.005099447 0.999008477 -0.044225667 -6.470889091 -0.432637632 0.042076923 0.900585532 156.887252808
0.903478503 0.016521327 0.428314984 45.748058319 0.003230228 0.998966098 -0.045346729 -6.513796329 -0.428621382 0.042353351 0.902490914 157.618423462
0.905496418 0.016688956 0.424025595 46.096298218 0.003923203 0.998854399 -0.047691181 -6.558481216 -0.424335718 0.044847742 0.904393613 158.325927734
0.907050610 0.017686708 0.420650125 46.433258057 0.003302546 0.998787522 -0.049116462 -6.600181580 -0.421008795 0.045940321 0.905892432 159.048004150
0.908608079 0.018365923 0.417245567 46.766078949 0.002705282 0.998752832 -0.049853276 -6.649618149 -0.417640865 0.046425860 0.907425344 159.778793335
0.910076618 0.020597620 0.413927853 47.095394135 -0.000320991 0.998798907 -0.048995856 -6.693997860 -0.414439917 0.044457123 0.908990145 160.511398315
0.911653876 0.018101370 0.410559833 47.431724548 0.001062544 0.998922288 -0.046401355 -6.737255096 -0.410957277 0.042738210 0.910652280 161.246994019
0.913232923 0.016172612 0.407116920 47.765625000 0.002192060 0.999002337 -0.044602282 -6.782335758 -0.407432139 0.041624688 0.912286341 161.989776611
0.914818704 0.018222608 0.403453410 48.087684631 -0.000291201 0.999011099 -0.044461604 -6.828628063 -0.403864622 0.040556829 0.913919330 162.737670898
0.916309774 0.018365743 0.400048912 48.410545349 -0.000117932 0.998960197 -0.045590885 -6.874708176 -0.400470287 0.041728187 0.915359139 163.489990234
0.918112338 0.017804528 0.395920128 48.745529175 0.001004340 0.998882651 -0.047248762 -6.914833546 -0.396318942 0.043777313 0.917068720 164.235961914
0.919849336 0.017512176 0.391880840 49.063888550 0.000986483 0.998896599 -0.046953738 -6.953780174 -0.392270684 0.043576948 0.918817103 164.981948853
0.921693742 0.018557198 0.387474239 49.376136780 -0.000177205 0.998875260 -0.047417339 -7.003469467 -0.387918293 0.043635607 0.920660317 165.746307373
0.923458159 0.021169668 0.383114576 49.673179626 -0.003030318 0.998848021 -0.047888827 -7.042878628 -0.383687049 0.043062374 0.922458589 166.496337891
0.925648093 0.019194275 0.377898455 50.000595093 -0.000945109 0.998826683 -0.048417568 -7.093594551 -0.378384292 0.044460472 0.924580336 167.237487793
0.927587628 0.019455096 0.373098761 50.307304382 -0.001822570 0.998866975 -0.047554333 -7.138105869 -0.373601139 0.043430816 0.926572144 167.997451782
0.929152071 0.020467911 0.369130731 50.606216431 -0.003955891 0.998959541 -0.045433745 -7.188443184 -0.369676590 0.040754616 0.928266346 168.758697510
0.930781722 0.018887751 0.365087032 50.903190613 -0.002975296 0.999022782 -0.044098902 -7.228149414 -0.365563184 0.039960213 0.929928303 169.518493652
0.932670712 0.019588618 0.360196739 51.214305878 -0.004215147 0.999048173 -0.043416910 -7.271728516 -0.360704362 0.038975399 0.931865513 170.289031982
0.934150219 0.017594116 0.356446117 51.507301331 -0.002547640 0.999087334 -0.042638082 -7.311949730 -0.356871039 0.038922288 0.933342457 171.060073853
0.935257554 0.018045107 0.353507638 51.792327881 -0.003146908 0.999084055 -0.042673498 -7.359444618 -0.353953987 0.038798258 0.934457779 171.831024170
0.936655045 0.018845500 0.349745959 52.086631775 -0.004200242 0.999083996 -0.042585369 -7.399006844 -0.350228101 0.038418788 0.935876250 172.613067627
0.938235521 0.018412644 0.345506966 52.387172699 -0.003730700 0.999063313 -0.043110903 -7.443080902 -0.345977187 0.039159205 0.937425375 173.391403198
0.940095246 0.017539226 0.340460658 52.674682617 -0.003158531 0.999080896 -0.042747337 -7.485005379 -0.340897560 0.039111208 0.939286470 174.171707153
0.941960573 0.016327446 0.335326195 52.962074280 -0.001816259 0.999049902 -0.043542933 -7.525323868 -0.335718602 0.040406689 0.941095293 174.957931519
0.943379104 0.017045237 0.331278265 53.235813141 -0.002575595 0.999025166 -0.044068273 -7.573922157 -0.331706405 0.040719852 0.942503452 175.749618530
0.944851160 0.017697953 0.327021420 53.508209229 -0.003120004 0.998979926 -0.045048922 -7.614634037 -0.327485114 0.041544214 0.943942547 176.523101807
0.946114540 0.019445309 0.323247999 53.771980286 -0.005107123 0.998967409 -0.045145843 -7.655555248 -0.323792100 0.041062273 0.945236742 177.319595337
0.947526276 0.019307740 0.319093972 54.045646667 -0.005252529 0.998979986 -0.044849265 -7.703098297 -0.319634497 0.040819805 0.946661234 178.109252930
0.948849499 0.019122029 0.315149069 54.311157227 -0.005615157 0.999028444 -0.043711100 -7.750010967 -0.315678716 0.039705645 0.948035002 178.904861450
0.950171411 0.018540688 0.311175883 54.576698303 -0.005660322 0.999091327 -0.042244792 -7.795088291 -0.311676353 0.038378440 0.949412942 179.689224243
0.951017380 0.017417973 0.308646381 54.832168579 -0.004671711 0.999107182 -0.041988324 -7.837026119 -0.309102207 0.038489714 0.950249672 180.489273071
0.951776981 0.017446859 0.306294382 55.083541870 -0.004725283 0.999096930 -0.042226322 -7.884819031 -0.306754470 0.038742717 0.950999796 181.276962280
0.952319860 0.018447084 0.304543197 55.342864990 -0.005438833 0.999038279 -0.043507244 -7.920153141 -0.305052906 0.039776452 0.951504350 182.068740845
0.952680171 0.018137058 0.303433210 55.598960876 -0.005206082 0.999045551 -0.043370385 -7.965127945 -0.303930193 0.039738402 0.951865137 182.852203369
0.952804565 0.016238365 0.303149730 55.857372284 -0.003199726 0.999050140 -0.043457814 -8.012184143 -0.303567529 0.040436815 0.951951504 183.643402100
0.952553749 0.016345114 0.303930908 56.107513428 -0.003835383 0.999122322 -0.041711316 -8.064908981 -0.304345995 0.038566582 0.951780558 184.427734375
0.952265620 0.016047642 0.304848433 56.370117188 -0.003789260 0.999161780 -0.040760603 -8.100311279 -0.305247039 0.037659772 0.951528251 185.210998535
0.952254415 0.013908149 0.304988563 56.626075745 -0.001972534 0.999221325 -0.039407916 -8.141239166 -0.305299133 0.036924768 0.951540411 185.990951538
0.952241719 0.011020184 0.305146337 56.878780365 0.000941444 0.999237776 -0.039024767 -8.186252594 -0.305343866 0.037448291 0.951505542 186.763412476
0.952191830 0.010284864 0.305327475 57.125579834 0.001872320 0.999217927 -0.039497353 -8.228994370 -0.305494905 0.038180735 0.951427937 187.521697998
0.952163279 0.008894005 0.305460036 57.380043030 0.003672327 0.999171197 -0.040539801 -8.275189400 -0.305567384 0.039722268 0.951341510 188.293472290
0.952162385 0.008413395 0.305476636 57.624366760 0.004319412 0.999150515 -0.040981960 -8.315502167 -0.305561930 0.040340960 0.951317191 189.055740356
0.952122927 0.007388503 0.305626273 57.869800568 0.005317574 0.999156415 -0.040720511 -8.352015495 -0.305669278 0.040396117 0.951280415 189.808227539
0.952273726 0.005639911 0.305193454 58.117828369 0.006563369 0.999219716 -0.038944606 -8.394875526 -0.305175006 0.039089009 0.951493680 190.555023193
0.952319860 0.007032304 0.305020362 58.365062714 0.004774713 0.999268413 -0.037945699 -8.440393448 -0.305064112 0.037592836 0.951589584 191.293395996
0.952023506 0.007264290 0.305938572 58.601581573 0.004955589 0.999221265 -0.039146654 -8.478367805 -0.305984646 0.038784649 0.951246202 192.022155762
0.952063620 0.009225531 0.305760860 58.838653564 0.003899076 0.999097943 -0.042285912 -8.517554283 -0.305875152 0.041451067 0.951168835 192.743759155
0.951785922 0.009788605 0.306606740 59.064296722 0.004273313 0.998970687 -0.045158189 -8.558187485 -0.306733191 0.044291157 0.950764477 193.457870483
0.951470256 0.007998740 0.307636768 59.298789978 0.006828648 0.998867154 -0.047091041 -8.597550392 -0.307664901 0.046906475 0.950337946 194.173828125
0.951195419 0.007892082 0.308488220 59.535709381 0.006858870 0.998885274 -0.046703275 -8.639608383 -0.308512926 0.046539824 0.950080991 194.877029419
0.950853825 0.008749097 0.309516490 59.767459869 0.005725826 0.998932958 -0.045826912 -8.684720039 -0.309587151 0.045346927 0.949789107 195.582748413
0.950287461 0.006470468 0.311306685 59.999771118 0.007833948 0.998970747 -0.044677202 -8.720711708 -0.311275333 0.044894934 0.949258745 196.279312134
0.949616671 0.008161408 0.313307613 60.226726532 0.005939082 0.999012768 -0.044024471 -8.765754700 -0.313357562 0.043667130 0.948630691 196.960128784
0.948913813 0.007907878 0.315436095 60.458202362 0.006270942 0.999015808 -0.043909602 -8.806538582 -0.315472931 0.043644518 0.947930396 197.642150879
0.948232055 0.008828015 0.317455530 60.683937073 0.005262718 0.999039471 -0.043501578 -8.847703934 -0.317534566 0.042920269 0.947274864 198.316223145
0.947434843 0.008063869 0.319847196 60.907711029 0.005603432 0.999110758 -0.041787416 -8.882870674 -0.319899708 0.041383091 0.946547210 198.966506958
