1.000000000 0.000000000 0.000000000 0.000000000 0.000000000 1.000000000 0.000000000 0.000000000 0.000000000 0.000000000 1.000000000 0.000000000
0.999999881 0.000478833 -0.000259561 0.002582571 -0.000478778 0.999999881 0.000213289 0.002205965 0.000259663 -0.000213164 0.999999940 0.608657420
0.999998987 0.001423641 -0.000016906 -0.000993302 -0.001423626 0.999998629 0.000859550 0.004396182 0.000018130 -0.000859525 0.999999642 1.235922456
0.999997616 0.002177665 -0.000086347 -0.001286093 -0.002177447 0.999994576 0.002448773 0.008234147 0.000091679 -0.002448579 0.999997020 1.884588003
0.999995291 0.003062738 -0.000144352 -0.000620450 -0.003062027 0.999984324 0.004693927 0.007473303 0.000158726 -0.004693463 0.999988973 2.547666550
0.999995410 0.003012957 -0.000234711 0.004320029 -0.003011488 0.999977350 0.006022371 0.009069439 0.000252851 -0.006021637 0.999981761 3.235136509
0.999998271 0.001850611 -0.000026836 0.006456126 -0.001850357 0.999969959 0.007515932 0.011757433 0.000040744 -0.007515870 0.999971747 3.924011946
0.999999166 0.001174915 -0.000601426 0.015227540 -0.001170171 0.999968648 0.007827799 0.016875207 0.000610604 -0.007827089 0.999969125 4.631461620
0.999999940 -0.000288701 0.000242630 0.017762069 0.000286503 0.999959350 0.009011313 0.019092420 -0.000245222 -0.009011247 0.999959350 5.354008675
0.999999821 -0.000456051 0.000135332 0.021280758 0.000454653 0.999948323 0.010157102 0.023416083 -0.000139957 -0.010157039 0.999948323 6.096459866
0.999999046 -0.001354412 0.000104428 0.023462247 0.001353374 0.999955237 0.009367533 0.028585620 -0.000117111 -0.009367382 0.999956071 6.843077660
0.999999523 0.000942574 -0.000025836 0.027741902 -0.000942404 0.999981761 0.005960872 0.031962685 0.000031454 -0.005960844 0.999982238 7.611359119
0.999998808 0.001600397 0.000014948 0.031804565 -0.001600413 0.999998152 0.001109920 0.036472298 -0.000013172 -0.001109942 0.999999404 8.401122093
0.999982655 0.005885410 -0.000015097 0.028312905 -0.005885408 0.999982655 0.000110927 0.038917664 0.000015749 -0.000110836 1.000000000 9.194776535
0.999964714 0.008401205 0.000193187 0.029222168 -0.008401609 0.999962330 0.002197477 0.036598612 -0.000174718 -0.002199022 0.999997616 9.996276855
0.999913871 0.013094048 0.000907430 0.022985518 -0.013099481 0.999894559 0.006262398 0.039893776 -0.000825334 -0.006273745 0.999979913 10.840676308
0.999851525 0.017191691 0.001151786 0.019190151 -0.017199568 0.999825954 0.007216473 0.041440360 -0.001027522 -0.007235211 0.999973297 11.679168701
0.999829888 0.018388685 0.001424359 0.017943209 -0.018399371 0.999799550 0.007893519 0.048777867 -0.001278922 -0.007918385 0.999967813 12.507181168
0.999801934 0.019841980 0.001517257 0.023317885 -0.019851699 0.999780595 0.006685988 0.049797758 -0.001384261 -0.006714785 0.999976456 13.364547729
0.999771893 0.021314945 0.001325567 0.021750025 -0.021322666 0.999753952 0.006115912 0.048418488 -0.001194881 -0.006142782 0.999980450 14.230210304
0.999810517 0.019408949 0.001485170 0.031553857 -0.019417316 0.999794424 0.005842409 0.052529942 -0.001371469 -0.005870140 0.999981821 15.092840195
0.999766231 0.021558283 0.001607058 0.029501069 -0.021568783 0.999744058 0.006830922 0.058423832 -0.001459384 -0.006863988 0.999975383 15.968724251
0.999738872 0.022788150 0.001694229 0.034384873 -0.022799261 0.999716520 0.006856803 0.058590259 -0.001537495 -0.006893640 0.999974966 16.860795975
0.999765992 0.021568509 0.001653949 0.038688429 -0.021575512 0.999757826 0.004339746 0.058149654 -0.001559947 -0.004374415 0.999989152 17.754377365
0.999758244 0.021951623 0.001240107 0.043994825 -0.021954341 0.999756575 0.002218965 0.059497342 -0.001191095 -0.002245655 0.999996781 18.643430710
0.999692440 0.024784956 0.000847182 0.048065841 -0.024787236 0.999688804 0.002794065 0.055432994 -0.000777668 -0.002814204 0.999995708 19.519096375
0.999708056 0.024119498 0.001397081 0.052463170 -0.024126014 0.999697089 0.004850809 0.055666745 -0.001279659 -0.004883098 0.999987245 20.453809738
0.999674082 0.025485722 0.001494081 0.055591468 -0.025494678 0.999655128 0.006319248 0.055108860 -0.001332515 -0.006355279 0.999978900 21.374923706
0.999641657 0.026692985 0.002015276 0.052866489 -0.026709266 0.999606788 0.008537086 0.054815635 -0.001786603 -0.008587854 0.999961555 22.279449463
0.999659359 0.026028415 0.001916821 0.057837255 -0.026045214 0.999617279 0.009331756 0.058696240 -0.001673197 -0.009378500 0.999954581 23.202810287
0.999704838 0.024207026 0.002043943 0.064768031 -0.024228282 0.999644637 0.011109693 0.059810370 -0.001774284 -0.011155935 0.999936223 24.123294830
0.999731064 0.023114882 0.001848931 0.073301144 -0.023134558 0.999666870 0.011443100 0.066177011 -0.001583809 -0.011482797 0.999932826 25.040727615
0.999739170 0.022764562 0.001838741 0.077499829 -0.022782007 0.999689400 0.010103807 0.067178607 -0.001608161 -0.010143061 0.999947250 25.959440231
0.999759316 0.021880606 0.001578173 0.084051639 -0.021889621 0.999742746 0.005941338 0.065939695 -0.001447767 -0.005974453 0.999981046 26.869487762
0.999812543 0.019306622 0.001477896 0.091592811 -0.019311469 0.999808013 0.003339221 0.066413172 -0.001413143 -0.003367135 0.999993324 27.775808334
0.999856949 0.016854210 0.001396489 0.099394292 -0.016861210 0.999844491 0.005163641 0.062581390 -0.001309242 -0.005186448 0.999985695 28.685451508
0.999913990 0.013053912 0.001224789 0.109490648 -0.013067684 0.999842405 0.012007456 0.064414978 -0.001067851 -0.012022428 0.999927163 29.602859497
0.999974191 0.007184368 -0.000081526 0.121940382 -0.007181805 0.999818146 0.017667107 0.063910574 0.000208439 -0.017666066 0.999843895 30.528409958
0.999995947 0.000316028 -0.002835255 0.133536458 -0.000264193 0.999833167 0.018264307 0.071712255 0.002840555 -0.018263485 0.999829113 31.438978195
0.999976814 -0.002742988 -0.006219911 0.138358042 0.002845618 0.999858916 0.016551765 0.075500846 0.006173634 -0.016569082 0.999843597 32.355346680
0.999923170 -0.005961727 -0.010868892 0.134400427 0.006135401 0.999852896 0.016016286 0.085093677 0.010771807 -0.016081735 0.999812663 33.270305634
0.999817073 -0.006847539 -0.017855821 0.126502275 0.007151524 0.999829590 0.017016485 0.092316717 0.017736258 -0.017141070 0.999695718 34.168014526
0.999664366 -0.005785394 -0.025253180 0.103935599 0.006291985 0.999779642 0.020027323 0.101081073 0.025131749 -0.020179490 0.999480486 35.095733643
0.999394596 -0.005951875 -0.034278076 0.073071361 0.006766561 0.999696136 0.023700196 0.110315740 0.034126598 -0.023917792 0.999131322 36.002429962
0.998951316 -0.005309484 -0.045475796 0.035303950 0.006509941 0.999633133 0.026290428 0.122338057 0.045319516 -0.026558902 0.998619437 36.923355103
0.998276174 -0.005660750 -0.058418095 -0.009493351 0.007314553 0.999577403 0.028134892 0.137675226 0.058234144 -0.028513694 0.997895658 37.838378906
0.997342587 -0.004835036 -0.072693601 -0.080556154 0.007004083 0.999536872 0.029612975 0.156088352 0.072516754 -0.030043434 0.996914625 38.741199493
0.996067405 -0.004928220 -0.088461861 -0.151726961 0.007715764 0.999483466 0.031197006 0.169443727 0.088262439 -0.031756870 0.995590925 39.631843567
0.994547725 -0.004482764 -0.104185231 -0.250882149 0.007677493 0.999511838 0.030283161 0.189679146 0.103998601 -0.030917931 0.994096756 40.538585663
0.992607534 -0.004313906 -0.121290877 -0.353954792 0.007913828 0.999541879 0.029214038 0.209223032 0.121109270 -0.029957954 0.992187083 41.456077576
0.990427792 -0.003949498 -0.137975395 -0.480315208 0.008152814 0.999519289 0.029912381 0.226460695 0.137790948 -0.030750943 0.989983797 42.349620819
0.987830698 -0.004112391 -0.155478388 -0.620450497 0.009221877 0.999440312 0.032156002 0.248449922 0.155259147 -0.033198491 0.987315774 43.261600494
0.985020459 -0.006079077 -0.172330305 -0.775166512 0.011983974 0.999375343 0.033245340 0.267520905 0.172020584 -0.034812544 0.984478056 44.160160065
0.981885135 -0.007636440 -0.189323157 -0.944618225 0.014293460 0.999325573 0.033821777 0.286993623 0.188937187 -0.035915181 0.981332183 45.063289642
0.978386164 -0.008256925 -0.206621319 -1.122136116 0.015797123 0.999267042 0.034869652 0.304443479 0.206181943 -0.037380006 0.977799475 45.936290741
0.974718809 -0.008660106 -0.223267302 -1.331833839 0.017302226 0.999173462 0.036780369 0.326301575 0.222764298 -0.039713543 0.974063158 46.845657349
0.970797241 -0.007527773 -0.239783302 -1.558746338 0.016933175 0.999164820 0.037188549 0.345774055 0.239303052 -0.040162835 0.970113933 47.753044128
0.966387510 -0.008179431 -0.256959647 -1.795534134 0.018251646 0.999154627 0.036837090 0.375648022 0.256441087 -0.040288839 0.965719879 48.649456024
0.961537838 -0.009366099 -0.274512678 -2.048363686 0.020407973 0.999092221 0.037395138 0.396318078 0.273913234 -0.041559096 0.960856020 49.531555176
0.956482530 -0.007617102 -0.291690409 -2.322373390 0.020019639 0.999016702 0.039558440 0.422227621 0.291102290 -0.043676484 0.955694437 50.410408020
0.950880527 -0.006536039 -0.309489101 -2.588027000 0.019474611 0.999059677 0.038735241 0.444979787 0.308944911 -0.042859759 0.950113714 51.278465271
0.945223093 -0.006034199 -0.326369613 -2.891061783 0.018805996 0.999175131 0.035991807 0.465967894 0.325883240 -0.040157989 0.944556773 52.138275146
0.939147770 -0.005859794 -0.343463451 -3.199970245 0.018363601 0.999281168 0.033163793 0.497781277 0.343022197 -0.037452925 0.938580334 53.010372162
0.933098495 -0.003042092 -0.359607965 -3.534777641 0.016622294 0.999260187 0.034677751 0.515438557 0.359236419 -0.038335264 0.932458937 53.861099243
0.926921427 0.000604773 -0.375255018 -3.870129585 0.014107990 0.999235570 0.036458693 0.539535403 0.374990135 -0.039088439 0.926204324 54.696395874
0.920764267 0.002719951 -0.390109837 -4.228439331 0.013096553 0.999196529 0.037878059 0.562013745 0.389899403 -0.039985854 0.919988811 55.532032013
0.914505363 0.003449257 -0.404559195 -4.599735260 0.012909684 0.999205709 0.037701502 0.590875745 0.404367834 -0.039700959 0.913734376 56.353584290
0.908144295 0.006420679 -0.418608129 -4.985385895 0.009983107 0.999265850 0.036984637 0.616022825 0.418538332 -0.037766397 0.907413542 57.176155090
0.902074277 0.009144928 -0.431483835 -5.373315811 0.008164704 0.999234974 0.038247313 0.641611934 0.431503564 -0.038024858 0.901309431 57.983070374
0.896214664 0.011725118 -0.443465561 -5.772991180 0.007172114 0.999137104 0.040911302 0.663783908 0.443562567 -0.039845899 0.895357251 58.783897400
0.891017735 0.016629692 -0.453663856 -6.188213348 0.003165255 0.999076962 0.042839296 0.692900896 0.453957528 -0.039606523 0.890142620 59.575103760
0.886358738 0.022030488 -0.462474644 -6.603668213 -0.002638013 0.999091506 0.042536918 0.723925233 0.462991506 -0.036482956 0.885611475 60.360736847
0.881975591 0.022480745 -0.470758557 -7.015661240 -0.004102379 0.999190092 0.040029719 0.750722766 0.471277237 -0.033374008 0.881353498 61.161045074
0.878475785 0.025092540 -0.477127522 -7.437208176 -0.007329452 0.999210238 0.039054502 0.778801441 0.477730632 -0.030811347 0.877965927 61.929653168
0.875641882 0.028994881 -0.482089788 -7.867507935 -0.010950834 0.999131620 0.040201407 0.802654743 0.482836783 -0.029922754 0.875199020 62.673110962
0.872795582 0.032528445 -0.487000793 -8.285188675 -0.012999180 0.998972118 0.043427795 0.828695655 0.487912774 -0.031572979 0.872321188 63.432910919
0.870234013 0.035301320 -0.491372168 -8.709690094 -0.014959511 0.998862922 0.045266934 0.850571513 0.492411405 -0.032042138 0.869772553 64.173187256
0.867637336 0.036373824 -0.495865434 -9.118238449 -0.016391614 0.998870909 0.044590272 0.873860478 0.496927410 -0.030560151 0.867253780 64.882804871
0.865171731 0.036171168 -0.500169575 -9.525793076 -0.017382847 0.998959005 0.042174429 0.895353198 0.501174450 -0.027793750 0.864899874 65.584213257
0.862571299 0.035309918 -0.504701972 -9.927577972 -0.017740421 0.999058962 0.039576463 0.916308522 0.505624533 -0.025183897 0.862385988 66.272590637
0.860253692 0.035894539 -0.508601189 -10.345293045 -0.019186225 0.999091268 0.038059097 0.943163991 0.509505153 -0.022982344 0.860160649 66.966308594
0.857940137 0.036610004 -0.512443662 -10.755643845 -0.019603098 0.999064147 0.038555373 0.966801643 0.513375580 -0.023032721 0.857854784 67.650856018
0.855697989 0.035238307 -0.516274333 -11.159502029 -0.017695211 0.999087751 0.038863856 0.989733696 0.517172873 -0.024120139 0.855541050 68.321357727
0.853315234 0.036208000 -0.520136654 -11.561262131 -0.019083872 0.999086261 0.038240653 1.009011388 0.521046102 -0.022705110 0.853226542 68.990737915
0.851381361 0.035610445 -0.523337066 -11.963623047 -0.018565113 0.999113560 0.037782319 1.032862067 0.524218619 -0.022451350 0.851287663 69.643386841
0.849507272 0.034586851 -0.526441932 -12.352998734 -0.016718322 0.999112427 0.038662989 1.046580195 0.527311981 -0.024043264 0.849331439 70.275329590
0.847618103 0.035470042 -0.529419899 -12.754943848 -0.018110419 0.999115705 0.037943348 1.068644404 0.530297577 -0.022573451 0.847511053 70.921142578
0.846411765 0.039332356 -0.531074286 -13.165618896 -0.020997165 0.998958111 0.040519979 1.090649843 0.532114744 -0.023145538 0.846355796 71.563766479
0.845324337 0.041166443 -0.532665193 -13.564067841 -0.018781368 0.998700500 0.047377974 1.112906933 0.533923388 -0.030045573 0.844998837 72.201354980
0.844182074 0.040814299 -0.534500599 -13.967361450 -0.014324175 0.998458683 0.053618610 1.141824245 0.535865068 -0.037607588 0.843465507 72.851783752
0.843496621 0.041642252 -0.535517871 -14.363441467 -0.014701354 0.998406589 0.054480650 1.167757750 0.536933243 -0.038081400 0.842764795 73.482101440
0.842721701 0.039195500 -0.536920726 -14.764034271 -0.016843587 0.998777449 0.046474513 1.193208933 0.538085818 -0.030121405 0.842351735 74.092628479
0.841955602 0.033247780 -0.538521469 -15.151987076 -0.016482137 0.999218762 0.035921644 1.221985936 0.539294958 -0.021368446 0.841845751 74.705337524
0.841391027 0.029251229 -0.539634645 -15.543521881 -0.014886611 0.999409616 0.030962626 1.246630192 0.540221751 -0.018018339 0.841329753 75.330619812
0.841281652 0.027971528 -0.539872885 -15.927921295 -0.013907850 0.999449849 0.030110277 1.262034059 0.540418088 -0.017822750 0.841207862 75.937896729
0.841467321 0.030019632 -0.539473355 -16.328414917 -0.016771128 0.999425411 0.029454701 1.279085994 0.540047586 -0.015737593 0.841487348 76.553367615
0.842049360 0.029926723 -0.538569748 -16.720483780 -0.017147433 0.999440253 0.028726060 1.291379690 0.539127946 -0.014953673 0.842091203 77.166923523
0.842590451 0.030701693 -0.537679017 -17.111101151 -0.016443161 0.999374807 0.031296834 1.308156013 0.538303733 -0.017529272 0.842568576 77.783782959
0.843309224 0.033088487 -0.536409080 -17.502979279 -0.015928153 0.999203146 0.036594763 1.324737191 0.537192464 -0.022316700 0.843164384 78.393775940
0.843565941 0.035345614 -0.535861135 -17.879222870 -0.015834711 0.999034941 0.040969338 1.345957994 0.536792099 -0.026075140 0.843311608 79.006156921
0.843471587 0.036853865 -0.535907865 -18.263420105 -0.016929112 0.998971939 0.042053409 1.360175014 0.536906719 -0.026398411 0.843228459 79.607673645
0.843275309 0.036339939 -0.536251903 -18.661745071 -0.018549208 0.999085009 0.038535267 1.384441614 0.537161589 -0.022548787 0.843177855 80.218132019
0.842266858 0.033246923 -0.538034499 -19.058778763 -0.018154355 0.999279559 0.033329014 1.404559374 0.538754940 -0.018304259 0.842263639 80.859580994
0.841422081 0.029981412 -0.539546013 -19.461629868 -0.017907180 0.999458313 0.027611496 1.428089142 0.540081501 -0.013571178 0.841503263 81.492477417
0.840357184 0.030534727 -0.541172206 -19.870992661 -0.020068672 0.999480188 0.025230419 1.450305223 0.541661322 -0.010341957 0.840533197 82.122848511
0.839123428 0.035600841 -0.542774677 -20.299921036 -0.024471115 0.999316275 0.027713552 1.470696211 0.543390214 -0.009972794 0.839420974 82.769409180
0.837495804 0.042031594 -0.544824660 -20.736463547 -0.028449440 0.999039114 0.033340842 1.491298795 0.545702517 -0.012422860 0.837886810 83.439483643
0.836053610 0.045821615 -0.546730936 -21.179985046 -0.029749261 0.998826444 0.038219642 1.510355711 0.547840595 -0.015688827 0.836435616 84.114837646
0.834774911 0.046727125 -0.548604965 -21.625738144 -0.030880827 0.998797238 0.038082749 1.536305189 0.549724638 -0.014849146 0.835214019 84.791885376
0.833471179 0.046482321 -0.550604343 -22.081735611 -0.032459438 0.998853326 0.035188645 1.564592600 0.551608682 -0.011456409 0.834024310 85.472480774
0.831956923 0.045685545 -0.552956283 -22.541215897 -0.033598647 0.998923659 0.031980373 1.589717865 0.553822041 -0.008027701 0.832596421 86.164390564
0.830276608 0.045872670 -0.555460572 -23.005540848 -0.035031468 0.998931825 0.030133303 1.619192839 0.556249559 -0.005560377 0.830996692 86.857307434
0.828620911 0.043036386 -0.558153391 -23.477586746 -0.032345250 0.999055564 0.029013161 1.648402691 0.558874905 -0.005987303 0.829230368 87.581855774
0.827151597 0.039391160 -0.560596645 -23.955957413 -0.028435759 0.999196172 0.028253505 1.664218664 0.561259091 -0.007428942 0.827606857 88.285301208
0.825553656 0.036895808 -0.563116133 -24.440189362 -0.026969107 0.999299765 0.025936974 1.685626507 0.563678861 -0.006225626 0.825970590 88.990425110
0.823522329 0.033162147 -0.566313684 -24.931776047 -0.024212362 0.999434888 0.023315672 1.701735258 0.566766918 -0.005489186 0.823859811 89.728981018
0.821226716 0.032546386 -0.569673002 -25.437433243 -0.024548320 0.999462783 0.021712745 1.721348047 0.570073605 -0.003846571 0.821584523 90.455406189
0.818674386 0.032218061 -0.573353469 -25.945962906 -0.024675244 0.999476373 0.020929845 1.735536814 0.573727608 -0.002987090 0.819040716 91.190979004
0.816609383 0.032197148 -0.576292038 -26.473073959 -0.024517143 0.999476671 0.021099325 1.756265402 0.576669812 -0.003100875 0.816971421 91.922653198
0.814235091 0.033394128 -0.579573989 -26.995180130 -0.025454694 0.999437690 0.021825073 1.769186735 0.579976916 -0.003017866 0.814627290 92.675994873
0.812870026 0.035075992 -0.581387937 -27.535797119 -0.027318392 0.999382496 0.022098899 1.781921387 0.581803977 -0.002080952 0.813326359 93.426269531
0.812424958 0.035600167 -0.581977844 -28.073289871 -0.029258844 0.999365866 0.020287676 1.794873714 0.582331061 0.000545783 0.812951505 94.178192139
0.812495053 0.035348613 -0.581895292 -28.627296448 -0.031466916 0.999363959 0.016771775 1.815007925 0.582118154 0.004683467 0.813090682 94.948509216
0.812865376 0.037181433 -0.581263542 -29.192222595 -0.034326952 0.999283910 0.015916381 1.830727696 0.581439078 0.007015132 0.813559651 95.730796814
0.813371837 0.037994996 -0.580502093 -29.750860214 -0.033725727 0.999266326 0.018149059 1.843648434 0.580765784 0.004815924 0.814056456 96.520713806
0.814432561 0.038438920 -0.578983545 -30.318424225 -0.033483744 0.999253929 0.019240603 1.852540374 0.579291284 0.003716363 0.815112114 97.314422607
0.815647542 0.036879066 -0.577372432 -30.880470276 -0.032931842 0.999307752 0.017307300 1.867331505 0.577611089 0.004897282 0.816297352 98.099853516
0.816180050 0.032520726 -0.576881647 -31.431804657 -0.030110264 0.999452114 0.013742007 1.883039117 0.577012539 0.006154109 0.816712022 98.923645020
0.816792965 0.030064069 -0.576146841 -31.995365143 -0.028344093 0.999526501 0.011973646 1.892062306 0.576234043 0.006550371 0.817258358 99.728698730
0.817704380 0.026171412 -0.575042963 -32.557151794 -0.025575299 0.999631166 0.009127537 1.890856624 0.575069845 0.007243270 0.818072319 100.534744263
0.818327487 0.020220401 -0.574396431 -33.117370605 -0.021411829 0.999759734 0.004689541 1.890292048 0.574353278 0.008461300 0.818563819 101.355026245
0.818740606 0.022844434 -0.573708773 -33.684356689 -0.025290066 0.999673188 0.003714357 1.890704870 0.573606133 0.011468040 0.819050968 102.169433594
0.819471657 0.027802791 -0.572444916 -34.258445740 -0.027319593 0.999582171 0.009439408 1.894831061 0.572468221 0.007903638 0.819888830 102.990653992
0.819981158 0.038555712 -0.571090460 -34.850936890 -0.031021794 0.999255896 0.022920586 1.899268746 0.571549237 -0.001078192 0.820567012 103.828666687
0.821379602 0.046116449 -0.568514645 -35.432643890 -0.033619992 0.998907626 0.032455266 1.910561562 0.569390297 -0.007544630 0.822032690 104.648033142
0.822103262 0.052071001 -0.566952288 -36.003257751 -0.038201895 0.998609722 0.036321767 1.935444355 0.568055332 -0.008201590 0.822949469 105.470375061
0.822632670 0.052703921 -0.566125274 -36.584762573 -0.040571619 0.998597622 0.034010991 1.963491082 0.567123890 -0.005009931 0.823617280 106.310394287
0.823891163 0.044528522 -0.564996004 -37.146694183 -0.032150719 0.998975456 0.031848397 1.990946770 0.565835416 -0.008074584 0.824478745 107.146537781
0.823828340 0.041717485 -0.565302074 -37.706153870 -0.031805411 0.999118984 0.027380986 2.007339478 0.565946341 -0.004577563 0.824429393 107.980339050
0.824130416 0.038412426 -0.565096021 -38.265907288 -0.032181956 0.999261677 0.020990994 2.023205042 0.565485060 0.000886575 0.824758053 108.813362122
0.825142145 0.035441887 -0.563812315 -38.847152710 -0.032856770 0.999351442 0.014734333 2.036545277 0.563968897 0.006367131 0.825771511 109.660636902
0.825545728 0.039436493 -0.562955678 -39.422233582 -0.037575204 0.999182761 0.014893208 2.049902439 0.563083053 0.008858154 0.826352954 110.507186890
0.826169729 0.045173850 -0.561607480 -40.000358582 -0.040725037 0.998961151 0.020443335 2.057570457 0.561947584 0.005981811 0.827151239 111.350570679
0.827103913 0.046805613 -0.560096800 -40.575996399 -0.035811942 0.998890281 0.030590184 2.072695255 0.560907006 -0.005243108 0.827862263 112.210250854
0.827492833 0.050236542 -0.559224546 -41.149116516 -0.033348266 0.998628318 0.040363379 2.098373175 0.560485303 -0.014751239 0.828033090 113.076423645
0.827609599 0.048761968 -0.559182107 -41.716632843 -0.029770089 0.998630464 0.043022078 2.130653143 0.560514092 -0.018958585 0.827927828 113.936851501
0.827603459 0.043476675 -0.559626997 -42.279514313 -0.026067339 0.998897016 0.039053332 2.161482096 0.560707629 -0.017732687 0.827823937 114.785964966
0.827781200 0.036548350 -0.559859335 -42.834877014 -0.023023691 0.999248207 0.031190500 2.188910723 0.560578406 -0.012928885 0.828000426 115.627754211
0.827373266 0.036553495 -0.560461640 -43.409446716 -0.026897462 0.999313712 0.025468603 2.210513115 0.561007917 -0.005997042 0.827788711 116.468475342
0.827671111 0.036004107 -0.560057282 -43.991256714 -0.029175492 0.999350905 0.021128245 2.233428955 0.560454547 -0.001147293 0.828184247 117.319824219
0.827467442 0.036428489 -0.560330749 -44.567024231 -0.031708583 0.999332428 0.018143484 2.250526905 0.560617685 0.002754148 0.828070164 118.162597656
0.827123404 0.038881101 -0.560673833 -45.139965057 -0.032896303 0.999242902 0.020764956 2.261854649 0.561056793 0.001268914 0.827776313 119.016555786
0.827310860 0.041767966 -0.560189605 -45.718429565 -0.030914370 0.999105930 0.028838150 2.281171799 0.560893238 -0.006540205 0.827862263 119.873924255
0.826812327 0.044466481 -0.560717523 -46.291961670 -0.030039791 0.998938382 0.034923133 2.299189329 0.561675191 -0.012031037 0.827270389 120.743804932
0.826700687 0.043600488 -0.560950100 -46.863056183 -0.027174043 0.998923481 0.037594721 2.323781252 0.561985373 -0.015836302 0.826995611 121.596374512
0.826402605 0.042041987 -0.561507940 -47.437446594 -0.027130391 0.999023497 0.034870930 2.348934174 0.562425673 -0.013583497 0.826736331 122.435379028
0.826330483 0.037066266 -0.561964393 -48.007637024 -0.023247391 0.999226213 0.031723645 2.378534555 0.562705517 -0.013150007 0.826552689 123.290100098
0.825904906 0.034444783 -0.562756360 -48.578918457 -0.021096714 0.999321043 0.030204037 2.401888847 0.563414693 -0.013073348 0.826070726 124.135246277
0.825287938 0.037443705 -0.563469410 -49.156898499 -0.022291778 0.999181747 0.033747941 2.426597595 0.564271986 -0.015291031 0.825447381 124.983772278
0.824755192 0.039652612 -0.564097881 -49.734893799 -0.022048702 0.999034882 0.037989084 2.452051878 0.565059841 -0.018894069 0.824833572 125.836509705
0.824091673 0.042108238 -0.564889133 -50.319099426 -0.024957795 0.998963892 0.038055427 2.480215549 0.565906286 -0.017262774 0.824288845 126.685813904
0.823752403 0.043605536 -0.565270185 -50.902809143 -0.030341374 0.998999715 0.032848258 2.509737968 0.566137075 -0.009907763 0.824251533 127.507308960
0.823490858 0.043434527 -0.565664470 -51.478397369 -0.032454267 0.999038875 0.029464429 2.535759211 0.566400468 -0.005905463 0.824108899 128.343505859
0.823096752 0.044838548 -0.566128194 -52.055740356 -0.033134922 0.998971701 0.030945631 2.554459095 0.566933453 -0.006712636 0.823736250 129.200531006
0.822972953 0.046800785 -0.566149473 -52.638160706 -0.032802768 0.998852789 0.034887083 2.577023506 0.567132711 -0.010139852 0.823563993 130.028305054
0.822425842 0.046091646 -0.567002177 -53.203819275 -0.032430287 0.998890162 0.034160335 2.600328207 0.567947328 -0.009706296 0.823007703 130.860992432
0.822719157 0.041624043 -0.566921949 -53.771675110 -0.027848393 0.999069393 0.032939095 2.627804518 0.567765236 -0.011311763 0.823112726 131.691772461
0.822384775 0.042171545 -0.567366481 -54.339721680 -0.027897593 0.999038517 0.033820186 2.654065609 0.568247139 -0.011985049 0.822770596 132.509170532
0.822118402 0.044223849 -0.567596376 -54.910652161 -0.029936120 0.998957217 0.034472901 2.677830935 0.568528950 -0.011349171 0.822584987 133.337814331
0.821346402 0.044946022 -0.568656147 -55.479431152 -0.031462234 0.998942912 0.033512563 2.700040817 0.569561243 -0.009634230 0.821892440 134.160247803
0.821153998 0.045215197 -0.568912685 -56.047142029 -0.031785317 0.998932719 0.033513572 2.720576048 0.569820821 -0.009436736 0.821714759 134.969451904
0.821040452 0.048855465 -0.568775713 -56.612575531 -0.033121839 0.998729646 0.037974603 2.745054722 0.569908321 -0.012339786 0.821615636 135.780487061
0.820927858 0.051387530 -0.568714976 -57.171989441 -0.035234150 0.998603225 0.039371327 2.769142151 0.569943845 -0.012282827 0.821591794 136.586532593
0.820614755 0.049837474 -0.569304466 -57.730426788 -0.035208412 0.998706758 0.036677163 2.794230938 0.570396125 -0.010053517 0.821308196 137.393905640
0.819772780 0.047491077 -0.570716381 -58.275398254 -0.034838278 0.998845458 0.033075612 2.818802595 0.571628273 -0.007231707 0.820480824 138.217178345
0.819595993 0.048100647 -0.570919275 -58.829246521 -0.035416827 0.998817384 0.033308171 2.848658323 0.571846247 -0.007079090 0.820330203 139.016586304
0.819080472 0.054068655 -0.571124971 -59.373573303 -0.040171828 0.998510540 0.036916923 2.862676144 0.572270334 -0.007294796 0.820032656 139.800537109
0.819448590 0.054153718 -0.570588648 -59.946926117 -0.040052839 0.998503208 0.037244719 2.896297455 0.571751535 -0.007666442 0.820390999 140.604110718
0.819371939 0.051446475 -0.570949197 -60.496784210 -0.039023321 0.998660266 0.033983648 2.918860912 0.571932554 -0.005564913 0.820281744 141.389892578
0.819059134 0.048114363 -0.571687877 -61.035747528 -0.037095916 0.998833418 0.030916296 2.938226700 0.572508454 -0.004114986 0.819888532 142.171218872
0.819102645 0.045674600 -0.571825862 -61.561614990 -0.035165928 0.998948514 0.029418163 2.958533287 0.572568059 -0.003987712 0.819847405 142.938766479
0.818950057 0.043616623 -0.572204828 -62.087440491 -0.031634867 0.999022603 0.030874632 2.973301888 0.572992086 -0.007183163 0.819529414 143.710861206
0.818943739 0.042255539 -0.572315991 -62.617118835 -0.029089447 0.999059975 0.032138195 2.993580341 0.573136032 -0.009671019 0.819403231 144.475662231
0.819440186 0.041513249 -0.571659327 -63.147911072 -0.026984265 0.999061882 0.033870365 3.002968311 0.572529078 -0.012328940 0.819791615 145.230667114
0.820161343 0.039426159 -0.570772231 -63.661315918 -0.022919193 0.999086082 0.036078665 3.034174919 0.571673036 -0.016508691 0.820315421 145.985183716
0.820460379 0.040662587 -0.570255578 -64.175628662 -0.023374589 0.999019265 0.037605569 3.054644346 0.571225405 -0.017524390 0.820606172 146.723083496
0.820808649 0.038542759 -0.569901526 -64.684471130 -0.022655455 0.999132454 0.034942072 3.070822954 0.570753872 -0.015769377 0.820969820 147.455154419
0.821314692 0.034704767 -0.569418788 -65.177062988 -0.021249799 0.999316275 0.030255880 3.090445518 0.570079505 -0.012749566 0.821490645 148.184539795
0.822400808 0.036293462 -0.567749798 -65.673835754 -0.023294095 0.999274313 0.030136598 3.112787247 0.568431616 -0.011559143 0.822649360 148.928176880
0.824034035 0.041694861 -0.565003872 -66.177917480 -0.027013170 0.999045432 0.034327716 3.132284164 0.565895915 -0.013024660 0.824373841 149.649734497
0.826280713 0.043279801 -0.561593235 -66.650329590 -0.027537759 0.998955250 0.036468860 3.142777681 0.562584877 -0.014668500 0.826609373 150.342636108
0.828631759 0.042389631 -0.558186710 -67.123695374 -0.028167924 0.999023020 0.034052007 3.165203094 0.559084892 -0.012493616 0.829016209 151.055755615
0.831994593 0.042479862 -0.553154945 -67.578742981 -0.028587392 0.999022305 0.033722516 3.188242912 0.554046631 -0.012243692 0.832395613 151.749938965
0.835943639 0.045389205 -0.546935141 -68.031066895 -0.028807916 0.998829305 0.038860679 3.198606491 0.548058629 -0.016729278 0.836272597 152.425262451
0.839784384 0.044183094 -0.541119277 -68.447441101 -0.025869660 0.998807430 0.041405786 3.215138435 0.542303383 -0.020773361 0.839925885 153.103530884
0.844384074 0.039730437 -0.534263134 -68.851448059 -0.022494482 0.998996258 0.038738549 3.235258579 0.535265863 -0.020692240 0.844430149 153.757904053
0.848722875 0.036042731 -0.527608156 -69.236305237 -0.021266220 0.999193907 0.034049027 3.249444008 0.528410077 -0.017677963 0.848805189 154.397720337
0.853912711 0.031119186 -0.519484878 -69.606872559 -0.017113904 0.999349892 0.031733677 3.270452738 0.520134747 -0.018207386 0.853890061 155.029953003
0.858861387 0.027754992 -0.511455476 -69.956977844 -0.013353695 0.999404788 0.031810191 3.282575607 0.512033939 -0.020490728 0.858720720 155.650192261
0.864325285 0.024505509 -0.502335787 -70.296951294 -0.009242573 0.999417484 0.032851815 3.285272598 0.502848268 -0.023751782 0.864048302 156.248046875
0.869744480 0.022014143 -0.493011177 -70.615982056 -0.006119868 0.999408960 0.033829678 3.298007250 0.493464500 -0.026406009 0.869365036 156.836975098
0.874721825 0.019074040 -0.484249830 -70.917198181 -0.003279805 0.999435246 0.033442143 3.309573650 0.484614283 -0.027664324 0.874290347 157.418426514
0.879828691 0.015311344 -0.475044310 -71.210609436 -0.001177519 0.999548078 0.030035963 3.315642357 0.475289494 -0.025867127 0.879449129 157.986572266
0.885240793 0.013815655 -0.464927912 -71.495346069 -0.001163335 0.999621391 0.027489409 3.322492123 0.465131730 -0.023793880 0.884921730 158.545867920
0.889924705 0.010482268 -0.455987006 -71.764793396 0.000286564 0.999722779 0.023540987 3.334018707 0.456107348 -0.021080378 0.889675021 159.087280273
0.894133687 0.007297711 -0.447740644 -72.018157959 0.002297113 0.999779284 0.020882681 3.333923340 0.447794199 -0.019700419 0.893919647 159.620117188
0.898289680 0.008654431 -0.439318508 -72.269241333 0.000031115 0.999804735 0.019759450 3.335605621 0.439403802 -0.017763380 0.898114026 160.153137207
0.901926994 0.015639385 -0.431605458 -72.520179749 -0.008586029 0.999795854 0.018285736 3.336262941 0.431803375 -0.012786621 0.901877165 160.664932251
0.904787898 0.015536921 -0.425579131 -72.765144348 -0.009954629 0.999832749 0.015337911 3.344023228 0.425746262 -0.009641074 0.904791176 161.185531616
0.906411886 0.015417945 -0.422113687 -72.999481201 -0.009363500 0.999821365 0.016412642 3.352942467 0.422291398 -0.010924152 0.906394243 161.697814941
0.906968594 0.014187859 -0.420959204 -73.231002808 -0.006165894 0.999772608 0.020411383 3.358436584 0.421153128 -0.015916891 0.906849802 162.220291138
0.906096518 0.017515440 -0.422708422 -73.468086243 -0.008569037 0.999697506 0.023055525 3.363890648 0.422984362 -0.017268324 0.905972362 162.724304199
0.903973758 0.020977445 -0.427073300 -73.719345093 -0.011954747 0.999645293 0.023797384 3.369638920 0.427421033 -0.016406653 0.903903782 163.226165771
0.899695933 0.019594416 -0.436077178 -73.960975647 -0.011156155 0.999697864 0.021902885 3.368273258 0.436374575 -0.014840988 0.899642646 163.716766357
0.892751396 0.014108179 -0.450328588 -74.211608887 -0.006745200 0.999816060 0.017950889 3.372341871 0.450499028 -0.012988124 0.892682374 164.200988770
0.882858455 0.004704065 -0.469615668 -74.452247620 0.002571685 0.999886394 0.014850366 3.379996300 0.469632179 -0.014318476 0.882746041 164.672286987
0.869924068 0.001151239 -0.493184358 -74.720977783 0.006570447 0.999881446 0.013923584 3.385819435 0.493141919 -0.015352904 0.869813442 165.133850098
0.853912830 0.005703575 -0.520384848 -75.024932861 0.002956717 0.999870539 0.015810633 3.393016338 0.520407736 -0.015039535 0.853785455 165.583251953
0.835529864 0.010759398 -0.549339712 -75.346954346 -0.000612599 0.999825835 0.018650901 3.400781155 0.549444735 -0.015246857 0.835390985 166.024536133
0.815879524 0.017463090 -0.577958047 -75.691658020 -0.004919429 0.999717295 0.023262050 3.410072803 0.578200877 -0.016135812 0.815734744 166.451721191
0.793975532 0.021993199 -0.607551813 -76.026329041 -0.004301235 0.999523640 0.030561423 3.421761274 0.607934535 -0.021651797 0.793691874 166.862747192
0.769753218 0.028633570 -0.637699008 -76.400047302 -0.003857998 0.999183834 0.040207833 3.432946920 0.638329923 -0.028489862 0.769235551 167.287963867
0.743960023 0.033757593 -0.667370915 -76.801406860 -0.006964635 0.999060631 0.042771522 3.446944237 0.668187916 -0.027172308 0.743496180 167.686187744
0.716383696 0.034386281 -0.696858704 -77.221420288 -0.009204192 0.999163568 0.039841346 3.461956501 0.697645783 -0.022127666 0.716100991 168.076126099
0.686438918 0.030557852 -0.726545155 -77.628097534 -0.009994719 0.999418795 0.032591674 3.474899769 0.727118790 -0.015110579 0.686345339 168.434539795
0.654610217 0.024220504 -0.755578458 -78.074035645 -0.006642969 0.999632359 0.026288522 3.497763634 0.755937278 -0.012189453 0.654530525 168.804931641
0.622045517 0.028661467 -0.782456338 -78.569038391 -0.011419800 0.999555528 0.027535204 3.531788349 0.782897830 -0.008192657 0.622096419 169.160217285
0.588624775 0.037710313 -0.807526350 -79.083633423 -0.015152209 0.999250591 0.035618756 3.550194740 0.808264315 -0.008730275 0.588755012 169.490173340
0.554278791 0.042849198 -0.831227422 -79.602676392 -0.015118357 0.999027491 0.041417968 3.556253433 0.832193732 -0.010390308 0.554387569 169.810394287
0.517933965 0.042777106 -0.854350388 -80.125625610 -0.015738029 0.999056339 0.040481608 3.571630239 0.855275810 -0.007521012 0.518118441 170.120269775
0.479896575 0.038120691 -0.876496494 -80.686302185 -0.012833940 0.999253690 0.036432862 3.597855091 0.877231181 -0.006235102 0.480027556 170.413360596
0.441206217 0.035256587 -0.896713018 -81.279983521 -0.010910052 0.999364793 0.033924591 3.627664089 0.897339404 -0.005184554 0.441310674 170.678176880
0.399938971 0.035608377 -0.915849805 -81.880897522 -0.009350788 0.999351561 0.034771569 3.643734217 0.916494012 -0.005342591 0.400012583 170.934371948
0.358010292 0.038296282 -0.932931900 -82.488708496 -0.008560764 0.999251187 0.037733480 3.672863722 0.933678389 -0.005522363 0.358070076 171.160369873
0.315365970 0.039882373 -0.948131680 -83.135116577 -0.007014482 0.999187171 0.039696835 3.699237823 0.948944330 -0.005868374 0.315389305 171.352386475
0.273303181 0.041864101 -0.961016536 -83.782501221 -0.007741923 0.999115884 0.041322079 3.714129448 0.961896777 -0.003853338 0.273385644 171.510513306
0.230944127 0.045169208 -0.971918046 -84.489440918 -0.009898309 0.998979270 0.044074852 3.742496490 0.972916603 -0.000558484 0.231155455 171.680252075
0.191948071 0.044167254 -0.980410755 -85.161346436 -0.011521406 0.999019384 0.042749874 3.773461580 0.981337428 0.003089956 0.192268714 171.790115356
0.153236255 0.042267095 -0.987285256 -85.857887268 -0.009054231 0.999102890 0.041367721 3.795296669 0.988148093 0.002600074 0.153481498 171.889678955
0.117463917 0.041146521 -0.992224336 -86.562850952 -0.007724690 0.999148846 0.040519182 3.820296764 0.993047059 0.002905083 0.117681779 171.954986572
0.084794208 0.038536239 -0.995653093 -87.295867920 -0.002092643 0.999256492 0.038497493 3.855233908 0.996396244 -0.001180817 0.084811822 172.006591797
0.051989980 0.036774293 -0.997970283 -88.034255981 0.000212790 0.999321342 0.036835164 3.873744488 0.998647571 -0.002127419 0.051946871 172.051635742
0.021896405 0.031193759 -0.999273479 -88.781837463 0.007529171 0.999479651 0.031365179 3.896792650 0.999731839 -0.008210486 0.021650150 172.067398071
-0.007505003 0.026199637 -0.999628603 -89.519203186 0.013309554 0.999570727 0.026098207 3.912595510 0.999883175 -0.013108745 -0.007850476 172.060409546
-0.036228500 0.025425714 -0.999020040 -90.290740967 0.022435002 0.999445021 0.024622945 3.929775953 0.999091625 -0.021520967 -0.036778819 172.044479370
-0.061858684 0.026311796 -0.997738063 -91.056434631 0.025978332 0.999356210 0.024743838 3.948263645 0.997746885 -0.024388950 -0.062502392 171.992187500
-0.085233174 0.028610274 -0.995950222 -91.831954956 0.029982273 0.999208629 0.026138004 3.964351177 0.995909870 -0.027633026 -0.086023517 171.922180176
-0.104858741 0.030482467 -0.994019866 -92.623535156 0.034795795 0.999030530 0.026965529 3.977473736 0.993878245 -0.031760145 -0.105817743 171.838668823
-0.120158002 0.034565017 -0.992152929 -93.434326172 0.036250506 0.998879969 0.030409142 4.004998207 0.992092788 -0.032312140 -0.121276423 171.740524292
-0.133557796 0.038330995 -0.990299582 -94.216476440 0.035897568 0.998783052 0.033818010 4.018361092 0.990390599 -0.031032687 -0.134771287 171.640579224
-0.145274639 0.039067559 -0.988619745 -95.029937744 0.038799673 0.998676479 0.033763483 4.039802551 0.988630235 -0.033453144 -0.146598190 171.524551392
-0.156238630 0.033707961 -0.987143993 -95.845672607 0.040758874 0.998786151 0.027654471 4.062854767 0.986877978 -0.035914183 -0.157422885 171.399551392
-0.165201470 0.029182537 -0.985827982 -96.667053223 0.038512509 0.998990595 0.023118401 4.081593990 0.985507667 -0.034147520 -0.166158602 171.260070801
-0.173365518 0.029683011 -0.984410286 -97.485740662 0.034116756 0.999126732 0.024118425 4.103525639 0.984266460 -0.029403577 -0.174226806 171.107925415
-0.179409772 0.032409951 -0.983240485 -98.323745728 0.031447057 0.999135375 0.027195809 4.118050575 0.983271718 -0.026040819 -0.180273816 170.945419312
-0.183883637 0.033140574 -0.982389212 -99.180534363 0.030878222 0.999132931 0.027925637 4.133051872 0.982462883 -0.025199363 -0.184747487 170.790344238
-0.187230051 0.031724185 -0.981803715 -100.035079956 0.029520197 0.999208629 0.026657077 4.160645962 0.981872439 -0.023992028 -0.188018382 170.628921509
-0.190620691 0.028791510 -0.981241465 -100.911918640 0.026826488 0.999349236 0.024111386 4.176478863 0.981297135 -0.021727135 -0.191269025 170.456115723
-0.192921191 0.026186150 -0.980864823 -101.786483765 0.027893875 0.999386191 0.021194315 4.196199417 0.980817676 -0.023271285 -0.193533227 170.288574219
-0.195618227 0.024783276 -0.980366886 -102.666976929 0.027419260 0.999428034 0.019794010 4.210102081 0.980296671 -0.023008868 -0.196185902 170.113769531
-0.195830524 0.023287222 -0.980361223 -103.560119629 0.027185835 0.999462783 0.018310489 4.219613075 0.980260909 -0.023066187 -0.196358383 169.926925659
-0.197298229 0.020011561 -0.980139256 -104.482223511 0.026216960 0.999541700 0.015130336 4.228421211 0.979992926 -0.022711081 -0.197732434 169.757751465
-0.196825743 0.018372729 -0.980266273 -105.390357971 0.024847751 0.999596715 0.013745900 4.247694492 0.980123639 -0.021651864 -0.197202861 169.567733765
-0.197292745 0.024377536 -0.980041444 -106.311752319 0.028270934 0.999416411 0.019168235 4.259582520 0.979936957 -0.023924932 -0.197866783 169.391494751
-0.197129354 0.029381217 -0.979937136 -107.220794678 0.028895060 0.999290705 0.024148809 4.266767502 0.979951501 -0.023554906 -0.197838485 169.217025757
-0.196097776 0.031542137 -0.980076969 -108.149078369 0.029519502 0.999219418 0.026251826 4.288137436 0.980139852 -0.023783458 -0.196875811 169.035385132
