1.000000000 0.000000000 0.000000000 0.000000000 0.000000000 1.000000000 0.000000000 0.000000000 0.000000000 0.000000000 1.000000000 0.000000000
0.999999940 0.000287773 0.000278094 -0.013123717 -0.000287882 0.999999881 0.000391533 -0.006694979 -0.000277981 -0.000391613 0.999999881 0.300592899
0.999999702 0.000731283 0.000338311 -0.022297349 -0.000731481 0.999999583 0.000584362 -0.008099225 -0.000337884 -0.000584609 0.999999762 0.649422288
0.999999821 0.000577736 0.000101156 0.002908550 -0.000577737 0.999999762 0.000012301 -0.012567470 -0.000101149 -0.000012359 1.000000000 0.972295523
0.999999762 0.000627970 0.000308724 -0.007120923 -0.000627957 0.999999821 -0.000042082 -0.015645167 -0.000308751 0.000041888 0.999999940 1.276568890
0.999998927 0.000509208 0.001366851 -0.042116482 -0.000509660 0.999999821 0.000329790 -0.019564377 -0.001366683 -0.000330486 0.999998987 1.545828700
0.999998033 0.000274409 0.001946914 -0.068999708 -0.000274134 0.999999940 -0.000141315 -0.013299573 -0.001946952 0.000140781 0.999998033 1.800848484
0.999997437 0.000245293 0.002266447 -0.080985069 -0.000244972 0.999999940 -0.000141805 -0.009758327 -0.002266482 0.000141250 0.999997437 2.055471182
0.999997735 0.000857557 0.001938174 -0.098897777 -0.000857186 0.999999583 -0.000192155 -0.014791860 -0.001938338 0.000190493 0.999998033 2.375343323
0.999997437 0.001066923 0.001986749 -0.106542006 -0.001067025 0.999999464 0.000050303 -0.015571637 -0.001986694 -0.000052423 0.999998033 2.629416943
0.999998987 0.000894800 0.001047759 -0.095234126 -0.000894779 0.999999523 -0.000020855 -0.020973137 -0.001047777 0.000019917 0.999999464 3.011674404
0.999999046 0.000675766 0.001157423 -0.112964928 -0.000675904 0.999999762 0.000118710 -0.022160321 -0.001157342 -0.000119492 0.999999285 3.306043386
0.999999821 0.000533161 0.000349841 -0.087914161 -0.000533312 0.999999702 0.000431025 -0.030789573 -0.000349611 -0.000431211 0.999999821 3.608762264
1.000000000 0.000199810 -0.000193937 -0.080477387 -0.000199775 1.000000000 0.000180833 -0.028346276 0.000193973 -0.000180794 1.000000000 3.895016432
0.999999702 0.000431662 -0.000599620 -0.086677395 -0.000431934 0.999999821 -0.000452936 -0.036103893 0.000599424 0.000453194 0.999999702 4.194578648
0.999999642 0.000353117 -0.000757012 -0.083350599 -0.000353459 0.999999881 -0.000451747 -0.026045276 0.000756853 0.000452014 0.999999583 4.417045116
0.999998033 0.001387250 -0.001421160 -0.087396719 -0.001387832 0.999998927 -0.000408612 -0.040892877 0.001420591 0.000410584 0.999998927 4.772470474
0.999997795 0.001543677 -0.001409237 -0.089835443 -0.001544151 0.999998748 -0.000334796 -0.036802031 0.001408719 0.000336971 0.999998987 5.002664089
0.999996722 0.001585572 -0.002023526 -0.079557277 -0.001585816 0.999998748 -0.000118749 -0.050496995 0.002023335 0.000121957 0.999997914 5.320659637
0.999997675 0.000990636 -0.001947583 -0.069987975 -0.000991301 0.999999523 -0.000340775 -0.040334009 0.001947245 0.000342705 0.999998033 5.534453392
0.999996424 0.001347704 -0.002312370 -0.085742168 -0.001349128 0.999998927 -0.000614062 -0.052012056 0.002311540 0.000617179 0.999997139 5.877630234
0.999996483 0.001747666 -0.002009666 -0.106868245 -0.001748787 0.999998391 -0.000556220 -0.058579106 0.002008691 0.000559733 0.999997795 6.101149559
0.999995708 0.001493712 -0.002516124 -0.087629668 -0.001495936 0.999998450 -0.000882139 -0.059206031 0.002514803 0.000885899 0.999996424 6.417519569
0.999996245 0.001342860 -0.002369985 -0.082724221 -0.001344874 0.999998748 -0.000848342 -0.065227471 0.002368842 0.000851526 0.999996841 6.667064190
0.999995887 0.001368850 -0.002504964 -0.091408193 -0.001370162 0.999998868 -0.000522309 -0.067393027 0.002504246 0.000525739 0.999996722 6.960381508
0.999995649 0.001733347 -0.002420015 -0.099725902 -0.001733367 0.999998569 -0.000006025 -0.069363527 0.002420001 0.000010220 0.999997079 7.220088959
0.999993563 0.002491692 -0.002570451 -0.097139120 -0.002492129 0.999996841 -0.000166840 -0.076053947 0.002570027 0.000173245 0.999996662 7.484312057
0.999994218 0.002219720 -0.002579353 -0.076262832 -0.002220491 0.999997497 -0.000296246 -0.071552470 0.002578688 0.000301972 0.999996603 7.664832115
0.999993384 0.002469969 -0.002654311 -0.088369168 -0.002469582 0.999996901 0.000149192 -0.080422014 0.002654672 -0.000142636 0.999996483 7.967824936
0.999993742 0.002431694 -0.002561035 -0.096465319 -0.002430827 0.999997020 0.000341648 -0.083773583 0.002561858 -0.000335420 0.999996722 8.213233948
0.999994516 0.002104871 -0.002564445 -0.089115299 -0.002104538 0.999997795 0.000132673 -0.086733028 0.002564719 -0.000127275 0.999996722 8.464844704
0.999995828 0.002011760 -0.002104799 -0.100292228 -0.002011661 0.999997973 0.000048774 -0.090749167 0.002104893 -0.000044540 0.999997854 8.707305908
0.999995172 0.002186938 -0.002195344 -0.091597006 -0.002186505 0.999997616 0.000199661 -0.091164008 0.002195774 -0.000194860 0.999997556 8.934783936
0.999995351 0.002259839 -0.002037769 -0.097481877 -0.002259159 0.999997437 0.000335809 -0.097891979 0.002038523 -0.000331204 0.999997795 9.174647331
0.999993801 0.002926372 -0.001952394 -0.107410975 -0.002927746 0.999995530 -0.000701079 -0.100889556 0.001950333 0.000706790 0.999997854 9.422677994
0.999993384 0.002942175 -0.002145206 -0.103428841 -0.002945869 0.999994099 -0.001720789 -0.102014616 0.002140131 0.001727097 0.999996245 9.658825874
0.999996245 0.002435466 -0.001216031 -0.140857175 -0.002437941 0.999994934 -0.002038043 -0.106618769 0.001211061 0.002041000 0.999997258 9.836425781
0.999997616 0.002066478 -0.000699716 -0.236340359 -0.002068578 0.999993265 -0.003014501 -0.069002613 0.000693482 0.003015941 0.999995232 10.129399300
0.999997258 0.002148328 -0.000866981 -0.248904452 -0.002151198 0.999992073 -0.003323928 -0.067742527 0.000859834 0.003325784 0.999994099 10.377727509
0.999996841 0.002114680 -0.001361804 -0.242299855 -0.002119181 0.999992251 -0.003312674 -0.080743223 0.001354788 0.003315550 0.999993503 10.633867264
0.999996185 0.001897609 -0.002024185 -0.242859766 -0.001904710 0.999992073 -0.003511853 -0.087012500 0.002017505 0.003515695 0.999991775 10.886635780
0.999993443 0.002260335 -0.002823619 -0.252192557 -0.002271461 0.999989629 -0.003943407 -0.093889892 0.002814677 0.003949795 0.999988258 11.169005394
0.999994040 0.001939309 -0.002876176 -0.310301155 -0.001952082 0.999988198 -0.004444478 -0.077644676 0.002867522 0.004450066 0.999985993 11.429237366
0.999992669 0.002628211 -0.002757703 -0.362285972 -0.002641158 0.999985397 -0.004702000 -0.071590081 0.002745306 0.004709248 0.999985099 11.660476685
0.999991894 0.003023147 -0.002669779 -0.396357685 -0.003036977 0.999981880 -0.005191335 -0.071763866 0.002654037 0.005199400 0.999982953 11.849947929
0.999993145 0.002261825 -0.002935399 -0.457847357 -0.002278822 0.999980509 -0.005800127 -0.055394087 0.002922224 0.005806775 0.999978900 12.147900581
0.999992609 0.002042953 -0.003287489 -0.489182651 -0.002063040 0.999979079 -0.006118398 -0.052796587 0.003274921 0.006125134 0.999975920 12.457684517
0.999991000 0.002700085 -0.003273894 -0.527948618 -0.002722065 0.999973655 -0.006727821 -0.047116093 0.003255642 0.006736672 0.999971986 12.775540352
0.999992251 0.002662033 -0.002895415 -0.563587606 -0.002681491 0.999973714 -0.006737296 -0.044658806 0.002877404 0.006745008 0.999973118 13.051943779
0.999995530 0.002114625 -0.002120497 -0.630428910 -0.002129945 0.999971569 -0.007248105 -0.033975035 0.002105110 0.007252591 0.999971509 13.403134346
0.999996841 0.002374633 -0.000824969 -0.661360145 -0.002380677 0.999969780 -0.007404046 -0.034022674 0.000807362 0.007405987 0.999972284 13.679783821
0.999994695 0.003250266 -0.000216734 -0.702777624 -0.003251804 0.999966383 -0.007517043 -0.026440218 0.000192294 0.007517708 0.999971688 13.986233711
0.999993622 0.003548804 0.000369835 -0.721111596 -0.003545787 0.999962807 -0.007859690 -0.029544123 -0.000397714 0.007858329 0.999969065 14.268190384
0.999992311 0.003697275 0.001317274 -0.759286702 -0.003686139 0.999958217 -0.008358379 -0.024309017 -0.001348122 0.008353458 0.999964178 14.588067055
0.999991357 0.003700520 0.001931282 -0.747826159 -0.003684190 0.999958038 -0.008391743 -0.032941252 -0.001962255 0.008384555 0.999962866 14.838950157
0.999989390 0.004126353 0.002049465 -0.729072213 -0.004108800 0.999955475 -0.008496188 -0.038422339 -0.002084432 0.008487676 0.999961734 15.105394363
0.999982417 0.005312088 0.002637873 -0.747215927 -0.005288665 0.999947190 -0.008808407 -0.042507268 -0.002684525 0.008794299 0.999957740 15.438855171
0.999978244 0.005865728 0.003026397 -0.747524500 -0.005837923 0.999941409 -0.009115709 -0.048298232 -0.003079690 0.009097842 0.999953866 15.765557289
0.999981999 0.005009438 0.003288224 -0.778330564 -0.004977795 0.999941826 -0.009562171 -0.040749602 -0.003335934 0.009545634 0.999948800 16.164138794
0.999987543 0.004605461 0.001905546 -0.742657423 -0.004588077 0.999948800 -0.009028778 -0.054997221 -0.001947030 0.009019925 0.999957383 16.488985062
0.999987483 0.004513725 0.002157514 -0.773065984 -0.004495586 0.999955058 -0.008339955 -0.051858664 -0.002195061 0.008330150 0.999962866 16.909946442
0.999988079 0.004305277 0.002286646 -0.775257885 -0.004286610 0.999957919 -0.008106587 -0.054796286 -0.002321451 0.008096690 0.999964535 17.303974152
0.999986589 0.004549790 0.002482689 -0.808591008 -0.004529099 0.999955475 -0.008277278 -0.051481076 -0.002520239 0.008265922 0.999962628 17.760265350
0.999987483 0.004676057 0.001776800 -0.796748579 -0.004664246 0.999967337 -0.006594167 -0.058364552 -0.001807576 0.006585797 0.999976635 18.163393021
0.999989450 0.003938423 0.002331516 -0.820153594 -0.003927704 0.999981761 -0.004583627 -0.056423467 -0.002349525 0.004574421 0.999986708 18.602096558
0.999995470 0.002520764 0.001632708 -0.790884793 -0.002517620 0.999994934 -0.001924461 -0.066656999 -0.001637551 0.001920342 0.999996781 18.986112595
0.999987602 0.004212548 0.002648147 -0.858789921 -0.004211266 0.999991000 -0.000489191 -0.061678782 -0.002650184 0.000478033 0.999996364 19.406013489
0.999990702 0.003576774 0.002409695 -0.826254725 -0.003578846 0.999993205 0.000856338 -0.067412749 -0.002406616 -0.000864954 0.999996781 19.696065903
0.999983907 0.004525458 0.003405221 -0.820089400 -0.004529258 0.999989092 0.001109084 -0.073927119 -0.003400165 -0.001124489 0.999993503 20.001972198
0.999980211 0.005847925 0.002321051 -0.799807727 -0.005849753 0.999982536 0.000781574 -0.084457532 -0.002316440 -0.000795136 0.999997020 20.336225510
0.999976873 0.006626227 0.001584038 -0.813634813 -0.006627653 0.999977648 0.000895848 -0.089681715 -0.001578066 -0.000906325 0.999998391 20.765302658
0.999973774 0.006927609 0.002120925 -0.804382503 -0.006929505 0.999975622 0.000887644 -0.096975587 -0.002114724 -0.000902318 0.999997377 21.081432343
0.999969602 0.007795890 0.000201375 -0.758086741 -0.007796162 0.999968767 0.001390197 -0.111822464 -0.000190531 -0.001391725 0.999998987 21.360958099
0.999970853 0.007577982 0.000954270 -0.731634915 -0.007579903 0.999969184 0.002024409 -0.116031721 -0.000938900 -0.002031583 0.999997497 21.626798630
0.999975622 0.006897360 -0.001181726 -0.675765574 -0.006895455 0.999975026 0.001607926 -0.123255312 0.001192787 -0.001599738 0.999997973 21.933170319
0.999964356 0.008399471 -0.000807552 -0.656336188 -0.008397914 0.999962926 0.001911322 -0.144928992 0.000823576 -0.001904472 0.999997854 22.227130890
0.999952912 0.009592219 -0.001496234 -0.606744111 -0.009587860 0.999949872 0.002894802 -0.164389357 0.001523926 -0.002880319 0.999994695 22.511182785
0.999957383 0.008970506 -0.002207396 -0.563128352 -0.008965444 0.999957204 0.002292010 -0.159240335 0.002227862 -0.002272122 0.999994934 22.755800247
0.999946713 0.009615416 -0.003733621 -0.513064146 -0.009606977 0.999951184 0.002272190 -0.176272511 0.003755287 -0.002236200 0.999990463 23.039340973
0.999925554 0.011580334 -0.003869041 -0.532537282 -0.011573353 0.999931395 0.001822054 -0.172327861 0.003889876 -0.001777140 0.999990880 23.453174591
0.999940872 0.009961711 -0.004366032 -0.549419165 -0.009948918 0.999946117 0.002942096 -0.184638172 0.004395105 -0.002898484 0.999986112 23.895793915
0.999942601 0.009846220 -0.004227527 -0.583110332 -0.009839040 0.999950051 0.001715683 -0.181308061 0.004244209 -0.001673989 0.999989569 24.352521896
0.999949932 0.009148730 -0.004055572 -0.626372635 -0.009144453 0.999957621 0.001071804 -0.169275165 0.004065205 -0.001034664 0.999991179 24.825414658
0.999938369 0.010591773 -0.003323204 -0.684817433 -0.010590268 0.999943733 0.000470141 -0.160888359 0.003327997 -0.000434918 0.999994338 25.295457840
0.999951839 0.009103695 -0.003669282 -0.706548095 -0.009103982 0.999958515 -0.000061228 -0.159333363 0.003668573 0.000094630 0.999993265 25.742641449
0.999944627 0.010001997 -0.003303777 -0.738850176 -0.010003637 0.999949872 -0.000479297 -0.159618601 0.003298818 0.000512321 0.999994457 26.178195953
0.999946475 0.009858901 -0.003130239 -0.714978456 -0.009859920 0.999951363 -0.000310461 -0.168304324 0.003127027 0.000341308 0.999994993 26.512102127
0.999937296 0.010848630 -0.002778091 -0.732029557 -0.010849731 0.999941051 -0.000381437 -0.170408577 0.002773789 0.000411555 0.999996066 26.918243408
0.999950707 0.009457411 -0.002993909 -0.714372158 -0.009458816 0.999955177 -0.000455638 -0.178857908 0.002989465 0.000483934 0.999995410 27.287023544
0.999943554 0.010251403 -0.002771070 -0.724433184 -0.010253566 0.999947190 -0.000768073 -0.183892176 0.002763050 0.000796444 0.999995887 27.693920135
0.999949813 0.009649749 -0.002692249 -0.734549761 -0.009651769 0.999953270 -0.000738826 -0.184593484 0.002684993 0.000764774 0.999996126 28.106842041
0.999948621 0.009840528 -0.002395873 -0.749237478 -0.009842228 0.999951363 -0.000698652 -0.187484235 0.002388881 0.000722197 0.999996901 28.522066116
0.999949396 0.009948749 -0.001496956 -0.767403662 -0.009949901 0.999950230 -0.000764911 -0.188569143 0.001489271 0.000779766 0.999998569 28.941270828
0.999944627 0.010447387 -0.001292327 -0.787055194 -0.010447852 0.999945343 -0.000353457 -0.188305557 0.001288564 0.000366940 0.999999046 29.358892441
0.999946594 0.010303181 -0.000752521 -0.789780438 -0.010303151 0.999946892 0.000042204 -0.189928353 0.000752916 -0.000034448 0.999999642 29.737148285
0.999949098 0.010078369 0.000260433 -0.802949786 -0.010078340 0.999949276 -0.000111670 -0.193397537 -0.000261545 0.000109039 0.999999940 30.124732971
0.999955177 0.009444424 0.000519541 -0.817619085 -0.009444391 0.999955297 -0.000066973 -0.193199188 -0.000520150 0.000062064 0.999999821 30.529514313
0.999947906 0.010163356 0.000893269 -0.829866171 -0.010163147 0.999948323 -0.000236481 -0.201812416 -0.000895626 0.000227391 0.999999583 30.919462204
0.999945462 0.010314668 0.001639365 -0.832825124 -0.010313591 0.999946475 -0.000664282 -0.202288494 -0.001646130 0.000647338 0.999998450 31.271612167
0.999943852 0.010472511 0.001624724 -0.829491556 -0.010471600 0.999944925 -0.000568625 -0.207092822 -0.001630589 0.000551579 0.999998510 31.640909195
0.999944389 0.010437503 0.001509887 -0.823884487 -0.010437186 0.999945462 -0.000218967 -0.214021415 -0.001512090 0.000203195 0.999998808 31.992429733
0.999939024 0.010906594 0.001770412 -0.840827823 -0.010905772 0.999940395 -0.000472841 -0.210701898 -0.001775464 0.000453504 0.999998271 32.374336243
0.999946058 0.010249686 0.001626967 -0.823370337 -0.010249341 0.999947429 -0.000221240 -0.222065434 -0.001629149 0.000204553 0.999998629 32.705516815
0.999937117 0.011114851 0.001482230 -0.812097609 -0.011114602 0.999938130 -0.000176142 -0.227630228 -0.001484096 0.000159657 0.999998868 33.033836365
0.999947071 0.010214046 0.001252910 -0.816930830 -0.010214951 0.999947488 0.000717789 -0.231422633 -0.001245512 -0.000730550 0.999998987 33.386714935
0.999938488 0.011039346 0.001164837 -0.832418323 -0.011039818 0.999938965 0.000398449 -0.234615177 -0.001160367 -0.000411284 0.999999225 33.754184723
0.999946892 0.010254990 0.000984603 -0.856203735 -0.010255406 0.999947309 0.000419373 -0.232440636 -0.000980251 -0.000429448 0.999999404 34.133056641
0.999948144 0.010179020 0.000303214 -0.860424221 -0.010179246 0.999947846 0.000756746 -0.236365020 -0.000295495 -0.000759793 0.999999702 34.468521118
0.999951780 0.009814003 -0.000253662 -0.907891512 -0.009813590 0.999950528 0.001591924 -0.233111769 0.000269273 -0.001589357 0.999998689 34.880016327
0.999949396 0.010008202 -0.001024986 -0.933841407 -0.010006891 0.999949157 0.001276021 -0.231115848 0.001037705 -0.001265699 0.999998629 35.238380432
0.999951839 0.009768817 -0.000913324 -0.984497726 -0.009767976 0.999951839 0.000920902 -0.223724663 0.000922277 -0.000911936 0.999999166 35.616283417
0.999945879 0.010213534 -0.001950148 -1.008216381 -0.010211268 0.999947250 0.001168799 -0.232099935 0.001961982 -0.001148822 0.999997377 35.969528198
0.999952078 0.009502388 -0.002325302 -1.034014940 -0.009498643 0.999953568 0.001615741 -0.222829640 0.002340547 -0.001593576 0.999996006 36.331005096
0.999940217 0.010635545 -0.002502288 -1.072269082 -0.010631503 0.999942124 0.001622770 -0.224984199 0.002519402 -0.001596069 0.999995589 36.686706543
0.999957681 0.008709001 -0.002941723 -1.122661471 -0.008704779 0.999961078 0.001445510 -0.212285995 0.002954198 -0.001419842 0.999994636 37.060394287
0.999945104 0.010011214 -0.003074650 -1.154955149 -0.010006706 0.999948859 0.001478090 -0.220804974 0.003089290 -0.001447242 0.999994218 37.398494720
0.999953985 0.008982923 -0.003367339 -1.225885272 -0.008976326 0.999957800 0.001968832 -0.219164491 0.003384882 -0.001938514 0.999992371 37.746917725
0.999953747 0.009035234 -0.003288510 -1.276159167 -0.009029916 0.999957919 0.001628082 -0.214500338 0.003303081 -0.001598311 0.999993265 38.069030762
0.999957681 0.008298997 -0.003971908 -1.310452938 -0.008292157 0.999964058 0.001735639 -0.214584172 0.003986169 -0.001702630 0.999990582 38.421611786
0.999953687 0.008726486 -0.004071117 -1.355177164 -0.008718065 0.999959826 0.002081696 -0.218266815 0.004089120 -0.002046108 0.999989510 38.758529663
0.999956965 0.008448817 -0.003839866 -1.427307606 -0.008442339 0.999962926 0.001699803 -0.206226900 0.003854085 -0.001667312 0.999991179 39.072967529
0.999959350 0.008681645 -0.002449139 -1.527167201 -0.008676616 0.999960184 0.002056663 -0.204923689 0.002466897 -0.002035329 0.999994874 39.383872986
0.999955893 0.009074762 -0.002395372 -1.569231987 -0.009071335 0.999957919 0.001437911 -0.189214632 0.002408320 -0.001416119 0.999996066 39.706363678
0.999950707 0.009703220 -0.002082453 -1.622635126 -0.009698802 0.999950767 0.002121632 -0.195356756 0.002102938 -0.002101330 0.999995589 40.071594238
0.999956012 0.009111951 -0.002236321 -1.659887195 -0.009107060 0.999956191 0.002187945 -0.177215189 0.002256159 -0.002167482 0.999995112 40.369041443
0.999947786 0.010137638 -0.001221309 -1.690768600 -0.010134823 0.999945998 0.002289143 -0.181582108 0.001244450 -0.002276646 0.999996662 40.551940918
0.999942482 0.010619836 -0.001495470 -1.716719866 -0.010617036 0.999941826 0.001868675 -0.187859982 0.001515228 -0.001852690 0.999997139 40.850490570
0.999951363 0.009831249 0.000751862 -1.813895226 -0.009832599 0.999949932 0.001813838 -0.179365188 -0.000733992 -0.001821142 0.999998093 41.149200439
0.999949515 0.009972244 0.001258026 -1.848015308 -0.009975220 0.999947369 0.002382729 -0.186538294 -0.001234199 -0.002395157 0.999996364 41.466880798
0.999935448 0.010962510 0.002988306 -1.930785060 -0.010968276 0.999938011 0.001919721 -0.177065730 -0.002967076 -0.001952373 0.999993682 41.781486511
0.999925792 0.011643045 0.003587804 -1.975137591 -0.011648647 0.999930978 0.001544479 -0.174132228 -0.003569573 -0.001586158 0.999992371 42.072360992
0.999927402 0.011083428 0.004710884 -2.024301767 -0.011089285 0.999937773 0.001219534 -0.169800594 -0.004697074 -0.001271686 0.999988139 42.334445953
0.999924123 0.011387384 0.004674907 -2.051424026 -0.011394463 0.999933958 0.001490710 -0.172456831 -0.004657622 -0.001543865 0.999987900 42.592720032
0.999933183 0.010821532 0.004064186 -2.022746563 -0.010828068 0.999940097 0.001589534 -0.169896215 -0.004046743 -0.001633435 0.999990463 42.753368378
0.999913514 0.012434503 0.004274779 -2.067752600 -0.012441887 0.999921143 0.001704965 -0.176510766 -0.004253241 -0.001758004 0.999989390 43.027214050
0.999933541 0.011075273 0.003201159 -2.037930012 -0.011082530 0.999936163 0.002257956 -0.170482159 -0.003175946 -0.002293283 0.999992311 43.169887543
0.999926686 0.011533136 0.003693667 -2.090888500 -0.011541862 0.999930561 0.002349674 -0.165161222 -0.003666312 -0.002392133 0.999990404 43.421535492
0.999924779 0.011962391 0.002714368 -2.075669765 -0.011968167 0.999926150 0.002121288 -0.178285584 -0.002688792 -0.002153615 0.999994040 43.590499878
0.999925435 0.011888162 0.002799978 -2.127318382 -0.011893348 0.999927640 0.001842677 -0.172734663 -0.002777869 -0.001875841 0.999994397 43.854827881
0.999931872 0.011386571 0.002538671 -2.180774212 -0.011391196 0.999933600 0.001815254 -0.162717491 -0.002517833 -0.001844050 0.999995112 44.132694244
0.999922991 0.012168874 0.002397507 -2.217753887 -0.012173770 0.999923825 0.002038211 -0.168583870 -0.002372522 -0.002067241 0.999994993 44.373451233
0.999928653 0.011563165 0.002971267 -2.252025127 -0.011568825 0.999931276 0.001894275 -0.172338486 -0.002949159 -0.001928514 0.999993801 44.554134369
0.999921858 0.011838587 0.004013650 -2.327905416 -0.011845498 0.999928415 0.001702877 -0.166858375 -0.003993202 -0.001750288 0.999990463 44.814693451
0.999922454 0.011529569 0.004711489 -2.388682842 -0.011537991 0.999931872 0.001764320 -0.163634866 -0.004690827 -0.001818544 0.999987364 45.109176636
0.999918818 0.011420568 0.005639878 -2.467256308 -0.011426417 0.999934196 0.001005870 -0.157649115 -0.005628020 -0.001070232 0.999983609 45.371376038
0.999912202 0.011284857 0.006937039 -2.552063942 -0.011292141 0.999935687 0.001011746 -0.160226390 -0.006925175 -0.001089991 0.999975443 45.631267548
0.999907315 0.010786106 0.008308510 -2.625563145 -0.010789997 0.999941647 0.000423598 -0.148748800 -0.008303456 -0.000513207 0.999965370 45.898880005
0.999889433 0.011131268 0.009855244 -2.695080996 -0.011133676 0.999937952 0.000189706 -0.142047584 -0.009852524 -0.000299410 0.999951363 46.192169189
0.999872148 0.011319228 0.011290802 -2.749445438 -0.011317788 0.999935925 -0.000191417 -0.132260680 -0.011292245 0.000063606 0.999936223 46.412933350
0.999867558 0.011206494 0.011799290 -2.777888775 -0.011206827 0.999937236 -0.000037773 -0.134604588 -0.011798974 -0.000094465 0.999930382 46.607410431
0.999851704 0.011210156 0.013073517 -2.814296246 -0.011205176 0.999937117 -0.000454126 -0.130208462 -0.013077783 0.000307568 0.999914408 46.808471680
0.999828219 0.012274709 0.013885733 -2.838219404 -0.012260277 0.999924242 -0.001123971 -0.132237613 -0.013898477 0.000953535 0.999902964 46.993389130
0.999815881 0.011813473 0.015120915 -2.891447067 -0.011793870 0.999929488 -0.001384887 -0.137059927 -0.015136209 0.001206298 0.999884725 47.230033875
0.999802470 0.011473716 0.016229142 -2.929465771 -0.011454500 0.999933600 -0.001276510 -0.136930466 -0.016242713 0.001090361 0.999867439 47.440753937
0.999782026 0.011970176 0.017104426 -2.994712830 -0.011939705 0.999926925 -0.001882484 -0.126082495 -0.017125711 0.001677853 0.999851942 47.709339142
0.999739945 0.013532006 0.018355008 -3.030942202 -0.013494159 0.999906600 -0.002184253 -0.148246720 -0.018382853 0.001935999 0.999829173 47.933620453
0.999736786 0.011331909 0.019948235 -3.086658239 -0.011236151 0.999924779 -0.004905959 -0.116672873 -0.020002330 0.004680526 0.999789000 48.191394806
0.999675393 0.012636145 0.022125835 -3.126688004 -0.012498118 0.999901593 -0.006365410 -0.127682716 -0.022204094 0.006086811 0.999734938 48.422863007
0.999630094 0.011444467 0.024670843 -3.189510822 -0.011268500 0.999910176 -0.007259853 -0.100364327 -0.024751712 0.006979163 0.999669254 48.714714050
0.999484241 0.013210468 0.029271668 -3.244234562 -0.013031993 0.999895453 -0.006279666 -0.100539878 -0.029351564 0.005894959 0.999551713 48.990531921
0.999417305 0.013583926 0.031313594 -3.247045994 -0.013420847 0.999895215 -0.005412249 -0.103272498 -0.031383835 0.004988840 0.999494970 49.307113647
0.999241352 0.014310359 0.036218375 -3.297660589 -0.014111985 0.999884009 -0.005726866 -0.093567878 -0.036296114 0.005211409 0.999327481 49.624813080
0.999014795 0.013893793 0.042147495 -3.336100101 -0.013642767 0.999887466 -0.006237759 -0.084673434 -0.042229425 0.005656604 0.999091923 49.962383270
0.998731971 0.012591165 0.048743758 -3.385396481 -0.012315202 0.999906361 -0.005957687 -0.073521972 -0.048814204 0.005349843 0.998793542 50.297832489
0.998433411 0.011513048 0.054755233 -3.421806574 -0.011220270 0.999921083 -0.005651462 -0.066817150 -0.054815974 0.005028241 0.998483777 50.633968353
0.998067081 0.011948364 0.060987353 -3.447589874 -0.011587138 0.999913156 -0.006273197 -0.055632323 -0.061057013 0.005554401 0.998118877 50.968105316
0.997651577 0.012920793 0.067263447 -3.493307829 -0.012408770 0.999890804 -0.008024435 -0.037465006 -0.067359783 0.007170933 0.997702956 51.351852417
0.997163713 0.013510094 0.074040473 -3.514484167 -0.012817151 0.999869525 -0.009826177 -0.035049677 -0.074163564 0.008849319 0.997206807 51.682132721
0.996747255 0.013400886 0.079468526 -3.470504284 -0.012634834 0.999868751 -0.010134719 -0.034494758 -0.079593904 0.009097681 0.996785879 51.964683533
0.996246219 0.013676984 0.085476920 -3.448906422 -0.012958752 0.999875903 -0.008951871 -0.040512413 -0.085588761 0.007810595 0.996299922 52.302139282
0.995659590 0.013582177 0.092073418 -3.392416954 -0.012828658 0.999879181 -0.008770861 -0.044808000 -0.092181414 0.007551613 0.995713592 52.591033936
0.995021343 0.014157835 0.098651730 -3.335326195 -0.013372046 0.999873400 -0.008621984 -0.057708263 -0.098761320 0.007259883 0.995084643 52.918472290
0.994458377 0.014035752 0.104189865 -3.288189888 -0.013190670 0.999874294 -0.008795630 -0.054608732 -0.104300223 0.007372554 0.994518518 53.306026459
0.993816078 0.014160772 0.110131919 -3.267873764 -0.013183706 0.999867082 -0.009594951 -0.049135059 -0.110253140 0.008083670 0.993870676 53.781539917
0.992958248 0.013555159 0.117687821 -3.269515991 -0.012553266 0.999878407 -0.009250275 -0.044161677 -0.117798902 0.007707770 0.993007660 54.290466309
0.992239058 0.015515377 0.123372614 -3.246380806 -0.014443646 0.999849737 -0.009576658 -0.047117651 -0.123502679 0.007720383 0.992314160 54.786899567
0.991354346 0.014290243 0.130431399 -3.219679832 -0.013202264 0.999870420 -0.009202316 -0.046767473 -0.130545974 0.007400765 0.991414607 55.322303772
0.990568459 0.013461500 0.136356145 -3.129491806 -0.012334186 0.999882340 -0.009108959 -0.058648318 -0.136462748 0.007341204 0.990617990 55.939491272
0.989846706 0.013657497 0.141481683 -3.032928467 -0.012590373 0.999885082 -0.008434956 -0.069125414 -0.141580611 0.006568006 0.989904881 56.564182281
0.989030600 0.013256415 0.147114486 -2.937088013 -0.012226539 0.999893963 -0.007902607 -0.080780834 -0.147203624 0.006017221 0.989087880 57.181972504
0.988159835 0.013678688 0.152817145 -2.835363388 -0.012617689 0.999889076 -0.007910619 -0.086604536 -0.152908385 0.005888755 0.988222837 57.816894531
0.987364590 0.013913093 0.157853186 -2.731498718 -0.012812566 0.999885976 -0.007987400 -0.085821748 -0.157946333 0.005863972 0.987430394 58.471843719
0.986666203 0.012675697 0.162262559 -2.609795570 -0.011697929 0.999907255 -0.006979858 -0.101805776 -0.162335962 0.004988654 0.986722946 59.123199463
0.985906124 0.011431571 0.166908607 -2.496743202 -0.010343565 0.999919176 -0.007386464 -0.105534971 -0.166979566 0.005555930 0.985944748 59.784297943
0.985615134 0.010585134 0.168673456 -2.373740196 -0.009662122 0.999933541 -0.006292024 -0.115465760 -0.168728858 0.004571771 0.985651910 60.462299347
0.985296547 0.010471869 0.170531720 -2.269596100 -0.009368568 0.999929607 -0.007273231 -0.118553877 -0.170595884 0.005568650 0.985325336 61.136146545
0.985187352 0.010548159 0.171156913 -2.147360802 -0.009323136 0.999924779 -0.007959547 -0.123526573 -0.171228006 0.006245925 0.985211611 61.827789307
0.985354483 0.010796528 0.170176476 -2.014609337 -0.009474754 0.999918282 -0.008577301 -0.131924778 -0.170255184 0.006839301 0.985376298 62.530284882
0.985542893 0.010966274 0.169070587 -1.886076927 -0.009644706 0.999916196 -0.008635941 -0.142609954 -0.169151112 0.006880456 0.985566080 63.240337372
0.985624313 0.011409125 0.168565810 -1.781773567 -0.010020982 0.999908447 -0.009083441 -0.151527762 -0.168654025 0.007263669 0.985648513 63.968605042
0.986008048 0.010657298 0.166356593 -1.645444870 -0.009179320 0.999911249 -0.009650782 -0.159476876 -0.166444659 0.007988711 0.986018419 64.700408936
0.986375093 0.010198748 0.164195314 -1.520645142 -0.008812423 0.999919057 -0.009169369 -0.170787096 -0.164275542 0.007597480 0.986385167 65.444053650
0.986760199 0.010517184 0.161844298 -1.413129807 -0.009192361 0.999917746 -0.008932432 -0.185957044 -0.161924958 0.007326439 0.986775875 66.165565491
0.987172723 0.011210383 0.159262016 -1.305932999 -0.009806347 0.999905765 -0.009599075 -0.184464395 -0.159354642 0.007914166 0.987189710 66.905715942
0.987898052 0.010999105 0.154714048 -1.200454712 -0.009805956 0.999915957 -0.008473047 -0.210620046 -0.154794246 0.006853387 0.987922966 67.651473999
0.988756359 0.010419514 0.149172261 -1.075759888 -0.009491895 0.999930918 -0.006929059 -0.220940202 -0.149234146 0.005435222 0.988786995 68.415405273
0.989448011 0.009562423 0.144572780 -0.968526840 -0.008875117 0.999945998 -0.005398274 -0.236643031 -0.144616589 0.004058211 0.989479482 69.189178467
0.990158916 0.009378606 0.139632180 -0.869425774 -0.008836525 0.999950826 -0.004501687 -0.243237853 -0.139667511 0.003223524 0.990193188 69.941932678
0.990625679 0.009766814 0.136254698 -0.793570518 -0.009287934 0.999948263 -0.004149906 -0.253113687 -0.136288181 0.002845479 0.990665138 70.702613831
0.991491616 0.009698373 0.129808083 -0.686835289 -0.009239018 0.999948740 -0.004140469 -0.260804564 -0.129841611 0.002905942 0.991530538 71.469200134
0.992162466 0.009961762 0.124556482 -0.596613884 -0.009547450 0.999946773 -0.003922780 -0.273351997 -0.124588922 0.002702838 0.992204726 72.236778259
0.992833197 0.010404029 0.119054407 -0.509222031 -0.010008380 0.999942243 -0.003920695 -0.281877577 -0.119088337 0.002701055 0.992879987 72.998664856
0.993608475 0.011402916 0.112304009 -0.418851852 -0.011001142 0.999930739 -0.004196631 -0.289101899 -0.112344079 0.002934336 0.993665040 73.760856628
0.994166255 0.011162139 0.107279472 -0.339035988 -0.010782174 0.999933362 -0.004121228 -0.301041037 -0.107318327 0.002940480 0.994220376 74.531303406
0.994769216 0.011172782 0.101535194 -0.262144089 -0.010819407 0.999933302 -0.004030376 -0.312770993 -0.101573423 0.002910743 0.994823933 75.293334961
0.995346904 0.011441631 0.095674954 -0.189338207 -0.011137292 0.999931037 -0.003714398 -0.322895825 -0.095710844 0.002631555 0.995405793 76.043151855
0.995842099 0.012587977 0.090222701 -0.122114182 -0.012310410 0.999917567 -0.003632325 -0.331276685 -0.090260990 0.002506544 0.995915055 76.805725098
0.996276975 0.013152935 0.085201062 -0.073020458 -0.012882653 0.999910057 -0.003721331 -0.335603595 -0.085242338 0.002609861 0.996356785 77.525009155
0.996742845 0.012825800 0.079619616 -0.017177582 -0.012564301 0.999913931 -0.003784487 -0.344658405 -0.079661295 0.002771795 0.996818125 78.259750366
0.997147322 0.012839327 0.074379832 0.038190365 -0.012602213 0.999913931 -0.003656372 -0.348454028 -0.074420393 0.002708591 0.997223258 78.995979309
0.997514665 0.012789491 0.069288522 0.088238716 -0.012581316 0.999914944 -0.003440050 -0.362176508 -0.069326624 0.002559759 0.997590661 79.730506897
0.997791350 0.013745566 0.064987615 0.130560398 -0.013512843 0.999900579 -0.004019243 -0.368495613 -0.065036416 0.003132199 0.997877955 80.473159790
0.998062611 0.014055134 0.060607918 0.174275875 -0.013889370 0.999898612 -0.003155436 -0.379890829 -0.060646117 0.002307518 0.998156607 81.192909241
0.998276532 0.014211087 0.056938805 0.217065334 -0.014041972 0.999895692 -0.003369179 -0.385837406 -0.056980751 0.002563839 0.998371899 81.937805176
0.998454571 0.014439727 0.053665806 0.252759933 -0.014325206 0.999894142 -0.002518044 -0.392058551 -0.053696487 0.001745378 0.998555779 82.671684265
0.998630643 0.013515646 0.050540593 0.294762373 -0.013420334 0.999907494 -0.002224771 -0.406660289 -0.050565992 0.001543453 0.998719513 83.402160645
0.998767197 0.013729210 0.047702543 0.334365129 -0.013593527 0.999902606 -0.003167645 -0.414013803 -0.047741391 0.002515294 0.998856544 84.137260437
0.998854399 0.014158224 0.045710385 0.365373135 -0.013990472 0.999894142 -0.003987721 -0.428359628 -0.045762006 0.003343643 0.998946786 84.845779419
0.998907149 0.014728664 0.044356588 0.386445761 -0.014531386 0.999883056 -0.004766723 -0.431246638 -0.044421613 0.004116951 0.999004364 85.566627502
0.998989761 0.014357414 0.042581446 0.416529417 -0.014189264 0.999890268 -0.004248533 -0.441022605 -0.042637780 0.003640042 0.999083877 86.293151855
0.999021530 0.014276685 0.041858740 0.418417215 -0.014100972 0.999890447 -0.004490014 -0.454569072 -0.041918267 0.003895373 0.999113441 86.984207153
0.999070704 0.013374256 0.040973514 0.417634964 -0.013214133 0.999903917 -0.004176333 -0.476868868 -0.041025437 0.003631022 0.999151528 87.689064026
0.999054015 0.014808680 0.040885560 0.381248951 -0.014630810 0.999882162 -0.004646251 -0.471984804 -0.040949542 0.004043667 0.999153018 88.355583191
0.999044240 0.015171598 0.040991079 0.339307070 -0.014967375 0.999873996 -0.005284459 -0.459929794 -0.041066088 0.004665880 0.999145567 88.998359680
0.999041975 0.015491747 0.040928502 0.338175774 -0.015285711 0.999868810 -0.005342254 -0.461815298 -0.041005902 0.004711515 0.999147713 89.589782715
0.999048769 0.016149560 0.040505454 0.355887651 -0.015949326 0.999858975 -0.005261593 -0.469212800 -0.040584706 0.004610555 0.999165475 90.140663147
0.999019563 0.017121544 0.040825527 0.340873480 -0.016877493 0.999837577 -0.006315099 -0.464869022 -0.040927015 0.005619874 0.999146342 90.776847839
0.999014616 0.018911872 0.040150672 0.326905727 -0.018646285 0.999801755 -0.006979036 -0.466633052 -0.040274698 0.006223498 0.999169290 91.437507629
0.998995423 0.019551104 0.040321875 0.293925047 -0.019253360 0.999784529 -0.007759275 -0.457882583 -0.040464886 0.006975147 0.999156535 92.119209290
0.998986900 0.020030728 0.040297892 0.261968374 -0.019709598 0.999770880 -0.008350420 -0.452619910 -0.040455926 0.007547707 0.999152839 92.793235779
0.998987615 0.020384226 0.040103137 0.239143848 -0.020040462 0.999759197 -0.008955513 -0.446705550 -0.040276024 0.008142761 0.999155402 93.477157593
0.999007821 0.020102754 0.039739098 0.203608990 -0.019758990 0.999763966 -0.009024521 -0.441492558 -0.039911132 0.008230362 0.999169350 94.174209595
0.999003828 0.021235175 0.039248254 0.167652369 -0.020888714 0.999739349 -0.009216543 -0.439262182 -0.039433740 0.008387516 0.999186993 94.840614319
0.999039292 0.020728741 0.038610306 0.162904501 -0.020360563 0.999743640 -0.009904641 -0.438186944 -0.038805716 0.009108997 0.999205351 95.440879822
0.999052465 0.021686999 0.037734341 0.150543451 -0.021328853 0.999723792 -0.009867903 -0.443161845 -0.037937917 0.009053722 0.999239087 96.066482544
0.999069393 0.021540618 0.037367135 0.097393036 -0.021123182 0.999710381 -0.011530309 -0.433469176 -0.037604678 0.010730268 0.999235034 96.754776001
0.999064565 0.022198616 0.037114564 0.068439245 -0.021764128 0.999690235 -0.012069917 -0.436940610 -0.037371006 0.011250860 0.999238133 97.396972656
0.999096990 0.023068720 0.035679806 0.081170321 -0.022622963 0.999661505 -0.012846978 -0.444609582 -0.035964094 0.012028194 0.999280691 98.034629822
0.999030352 0.025798313 0.035675701 0.061556578 -0.025307326 0.999579608 -0.014146331 -0.449768722 -0.036025655 0.013229758 0.999263287 98.687950134
0.999095917 0.024383202 0.034826137 0.043184042 -0.023943333 0.999629021 -0.012992174 -0.453820467 -0.035130002 0.012146576 0.999308944 99.411254883
0.999156177 0.024462517 0.032992989 0.053950310 -0.024032535 0.999621928 -0.013366778 -0.456499696 -0.033307489 0.012562593 0.999366283 100.248565674
0.999255419 0.024704015 0.029639153 0.117646456 -0.024351187 0.999629021 -0.012206496 -0.480278730 -0.029929705 0.011475657 0.999486208 101.187843323
0.999362886 0.023881521 0.026522016 0.167609215 -0.023592055 0.999659240 -0.011173958 -0.504640937 -0.026779819 0.010541133 0.999585748 102.095657349
0.999400437 0.024664784 0.024303731 0.195875645 -0.024405992 0.999642789 -0.010888061 -0.525616467 -0.024563603 0.010288372 0.999645352 103.025466919
0.999500096 0.023905240 0.020692959 0.234699726 -0.023678496 0.999657571 -0.011134062 -0.541799307 -0.020952038 0.010638515 0.999723911 103.931549072
0.999587059 0.022925071 0.017326640 0.275890231 -0.022739658 0.999682903 -0.010823317 -0.559847653 -0.017569270 0.010424844 0.999791324 104.847549438
0.999652088 0.022028882 0.014512188 0.298430920 -0.021859540 0.999692261 -0.011725817 -0.567997634 -0.014766029 0.011404507 0.999825954 105.753532410
0.999633074 0.023057295 0.014222948 0.313822150 -0.022905091 0.999679625 -0.010772849 -0.591035724 -0.014466784 0.010443117 0.999840736 106.658782959
0.999692678 0.022187136 0.011056863 0.339836180 -0.022066146 0.999696672 -0.010946479 -0.608258247 -0.011296377 0.010699132 0.999878883 107.588668823
0.999717057 0.021928830 0.009220070 0.356221557 -0.021830566 0.999705255 -0.010626676 -0.622510731 -0.009450383 0.010422389 0.999900937 108.517204285
0.999699712 0.022908593 0.008694602 0.365708649 -0.022824695 0.999693096 -0.009628700 -0.642863572 -0.008912513 0.009427356 0.999915838 109.404670715
0.999668717 0.023465050 0.010574162 0.298773885 -0.023367368 0.999683976 -0.009268438 -0.653214574 -0.010788306 0.009018278 0.999901116 110.252876282
0.999655724 0.024209669 0.010116656 0.244131386 -0.024117783 0.999667645 -0.009107798 -0.663288653 -0.010333790 0.008860672 0.999907374 111.067176819
0.999606550 0.026263913 0.009842343 0.225961149 -0.026181225 0.999621570 -0.008438127 -0.681772590 -0.010060238 0.008177124 0.999915898 111.861930847
0.999596179 0.025331730 0.012874174 0.147097588 -0.025222931 0.999645352 -0.008544179 -0.694590032 -0.013086047 0.008216004 0.999880552 112.686325073
0.999558985 0.026751421 0.012885983 0.163120508 -0.026640223 0.999607146 -0.008724603 -0.715449095 -0.013114315 0.008377471 0.999878883 113.343933105
0.999552429 0.026746528 0.013400825 0.169435620 -0.026627768 0.999605238 -0.008963426 -0.728197038 -0.013635277 0.008602581 0.999870002 114.010879517
0.999575973 0.026470983 0.012127778 0.209077835 -0.026357336 0.999608159 -0.009436347 -0.737019420 -0.012372812 0.009112690 0.999881923 114.636421204
0.999542952 0.027766827 0.011949467 0.210662842 -0.027657475 0.999574959 -0.009221225 -0.752055883 -0.012200433 0.008886517 0.999886096 115.313812256
0.999425054 0.031847905 0.011632687 0.225727320 -0.031740993 0.999453127 -0.009261802 -0.774635315 -0.011921294 0.008887243 0.999889433 115.975723267
0.999442577 0.031264801 0.011712304 0.231737018 -0.031160001 0.999473572 -0.009026299 -0.785759926 -0.011988344 0.008656313 0.999890685 116.645423889
0.999416530 0.032055490 0.011793225 0.242703795 -0.031964831 0.999458492 -0.007797398 -0.803366661 -0.012036787 0.007415880 0.999900043 117.302177429
0.999494314 0.029740252 0.011245447 0.272401333 -0.029646255 0.999524891 -0.008434485 -0.811556578 -0.011490948 0.008096835 0.999901175 117.925399780
0.999381721 0.033189546 0.011596769 0.274963498 -0.033103086 0.999423265 -0.007569617 -0.831197143 -0.011841313 0.007181048 0.999904096 118.588615417
0.999455452 0.030856956 0.011690621 0.292344093 -0.030774757 0.999500811 -0.007147237 -0.840074599 -0.011905327 0.006783568 0.999906123 119.233200073
0.999511480 0.028481232 0.012864751 0.283913136 -0.028383343 0.999567211 -0.007728518 -0.849335849 -0.013079304 0.007359599 0.999887407 119.906799316
0.999449193 0.030236298 0.013673057 0.299993396 -0.030125603 0.999512196 -0.008230879 -0.867212296 -0.013915261 0.007814437 0.999872684 120.541679382
