1.000000000 0.000000000 0.000000000 0.000000000 0.000000000 1.000000000 0.000000000 0.000000000 0.000000000 0.000000000 1.000000000 0.000000000
0.999998927 0.000965896 -0.001079395 0.007405861 -0.000965820 0.999999523 0.000071498 -0.024407458 0.001079464 -0.000070456 0.999999404 1.575551033
0.999997318 0.002044716 -0.001103585 0.002859939 -0.002045244 0.999997795 -0.000477651 -0.050759412 0.001102606 0.000479907 0.999999285 3.123695135
0.999991238 0.003915734 -0.001477060 -0.000706497 -0.003918037 0.999991119 -0.001559468 -0.075355574 0.001470940 0.001565241 0.999997675 4.643468380
0.999982417 0.005859039 -0.000928369 0.015049001 -0.005861341 0.999979675 -0.002496610 -0.101228490 0.000913722 0.002502007 0.999996424 6.179538727
0.999964535 0.008407574 0.000474069 0.016218813 -0.008406001 0.999959469 -0.003228462 -0.131685525 -0.000501193 0.003224362 0.999994695 7.672122002
0.999936581 0.010813973 0.003153789 0.017160269 -0.010805257 0.999937773 -0.002768297 -0.159598306 -0.003183529 0.002734044 0.999991179 9.152038574
0.999909043 0.011390108 0.007220397 0.029161416 -0.011361191 0.999927342 -0.004033030 -0.185373783 -0.007265809 0.003950631 0.999965787 10.606650352
0.999859691 0.011723370 0.011959333 0.051726721 -0.011690550 0.999927640 -0.002810362 -0.215259433 -0.011991417 0.002670157 0.999924481 12.041252136
0.999777496 0.011667047 0.017569529 0.083272919 -0.011627377 0.999929547 -0.002358195 -0.243990630 -0.017595800 0.002153383 0.999842882 13.459233284
0.999617755 0.011944867 0.024932850 0.122930974 -0.011880822 0.999925673 -0.002715243 -0.270439625 -0.024963427 0.002417982 0.999685585 14.863105774
0.999297440 0.013270072 0.035050344 0.171163410 -0.013158021 0.999907553 -0.003425572 -0.298619777 -0.035092562 0.002961972 0.999379694 16.235574722
0.998731494 0.015482033 0.047913961 0.225232840 -0.015325041 0.999875903 -0.003642140 -0.324568361 -0.047964409 0.002903236 0.998844743 17.584199905
0.997910261 0.017581306 0.062177308 0.309406638 -0.017391402 0.999842286 -0.003594155 -0.357359290 -0.062230691 0.002505293 0.998058796 18.908874512
0.996725798 0.019655483 0.078430198 0.412345052 -0.019458171 0.999805272 -0.003279316 -0.385229021 -0.078479394 0.001742471 0.996914208 20.217237473
0.995051086 0.021044035 0.097110122 0.533129454 -0.020666705 0.999774516 -0.004889882 -0.413041115 -0.097191125 0.002858736 0.995261669 21.486204147
0.992736340 0.023337413 0.118024938 0.672423840 -0.023149708 0.999727607 -0.002961198 -0.443260789 -0.118061900 0.000207446 0.993006229 22.747026443
0.989821196 0.021540662 0.140677005 0.849281788 -0.021273276 0.999767900 -0.003404394 -0.469566554 -0.140717700 0.000377080 0.990049720 23.976144791
0.986319065 0.022675838 0.163280487 1.049495220 -0.021709224 0.999734581 -0.007702088 -0.495106816 -0.163411826 0.004052023 0.986549675 25.180133820
0.982291758 0.017875696 0.186502963 1.277524233 -0.015907457 0.999800920 -0.012044701 -0.523733854 -0.186681136 0.008864623 0.982380569 26.371263504
0.977575958 0.013437556 0.210153788 1.531538010 -0.011565429 0.999881744 -0.010134858 -0.550016224 -0.210265085 0.007477075 0.977615952 27.548328400
0.972345233 0.005296141 0.233488381 1.822460175 -0.003606485 0.999964118 -0.007662919 -0.581309617 -0.233520582 0.006608930 0.972329438 28.704887390
0.966524839 0.003732062 0.256545991 2.126487255 -0.001462215 0.999958098 -0.009037908 -0.606104255 -0.256568998 0.008360236 0.966489673 29.865451813
0.960103512 -0.000386390 0.279644817 2.476012707 0.003836862 0.999923110 -0.011791471 -0.625670969 -0.279618770 0.012393989 0.960031092 31.002281189
0.952499568 -0.000244932 0.304539859 2.841266155 0.004748252 0.999890029 -0.014046778 -0.658660889 -0.304502934 0.014825581 0.952395976 32.151180267
0.944114745 -0.000226479 0.329616815 3.225478649 0.005918385 0.999850154 -0.016264915 -0.689294279 -0.329563767 0.017306743 0.943974674 33.253952026
0.935203314 -0.000708734 0.354110509 3.646496773 0.006625146 0.999857962 -0.015495799 -0.719434679 -0.354049236 0.016837757 0.935075164 34.367530823
0.925552845 -0.002486789 0.378610313 4.105195045 0.008299339 0.999871433 -0.013721251 -0.755369782 -0.378527492 0.015841957 0.925454438 35.472232819
0.915009499 -0.002907420 0.403421789 4.579696655 0.009236175 0.999862909 -0.013742857 -0.785841763 -0.403326511 0.016300917 0.914910913 36.545886993
0.903195024 -0.000807850 0.429229617 5.075816154 0.008769455 0.999824226 -0.016571131 -0.817417622 -0.429140747 0.018731074 0.903043330 37.614463806
0.890920937 0.001676210 0.454155326 5.628956795 0.008130456 0.999774039 -0.019639596 -0.854799211 -0.454085618 0.021189814 0.890706062 38.677967072
0.877364099 0.004931239 0.479799837 6.187913895 0.006892384 0.999714494 -0.022878215 -0.888461590 -0.479775578 0.023379492 0.877079725 39.701061249
0.862720728 0.007418092 0.505626082 6.779973984 0.005547541 0.999693394 -0.024132054 -0.932173967 -0.505650043 0.023624208 0.862415135 40.718688965
0.847378612 0.009647313 0.530901313 7.394176483 0.004517266 0.999667764 -0.025375597 -0.974027991 -0.530969739 0.023900969 0.847053528 41.712493896
0.831099093 0.012525841 0.555983305 8.042770386 0.003555809 0.999606133 -0.027835617 -1.020733595 -0.556112945 0.025111124 0.830727220 42.681015015
0.814305842 0.015007296 0.580241859 8.718977928 0.004267825 0.999483883 -0.031839937 -1.070278049 -0.580420196 0.028403822 0.813821614 43.629653931
0.796592057 0.019096658 0.604215443 9.415425301 0.002561207 0.999385238 -0.034962956 -1.119638920 -0.604511797 0.029398736 0.796053708 44.565902710
0.778241754 0.021150822 0.627608478 10.143899918 0.002975280 0.999297202 -0.037366360 -1.171586871 -0.627957702 0.030947374 0.777631879 45.467788696
0.758888006 0.022770561 0.650822878 10.894027710 0.004260597 0.999193490 -0.039927162 -1.231401443 -0.651207149 0.033073146 0.758178949 46.343925476
0.739428699 0.024658965 0.672783136 11.666473389 0.005336716 0.999083042 -0.042483922 -1.294566870 -0.673213720 0.035004288 0.738618970 47.195720673
0.718924046 0.026292806 0.694591165 12.481422424 0.007310259 0.998943031 -0.045379981 -1.352071047 -0.695050180 0.037702404 0.717971981 48.032558441
0.697374225 0.028648546 0.716134429 13.314966202 0.008789431 0.998783708 -0.048514947 -1.419477224 -0.716653407 0.040127482 0.696274221 48.846210480
0.675029695 0.031653199 0.737111151 14.165983200 0.009389769 0.998629689 -0.051482338 -1.486391902 -0.737730801 0.041673414 0.673807681 49.625476837
0.651854455 0.034853432 0.757542729 15.040058136 0.009520476 0.998488367 -0.054131225 -1.559519529 -0.758284330 0.042497844 0.650537312 50.391014099
0.628454089 0.036893517 0.776971221 15.933210373 0.010016718 0.998407900 -0.055510197 -1.632733822 -0.777782261 0.042668317 0.627083957 51.113067627
0.604110241 0.039959103 0.795898199 16.848939896 0.009423711 0.998313963 -0.057274509 -1.706750751 -0.796845078 0.042100437 0.602715075 51.820438385
0.578919649 0.041755334 0.814314723 17.802066803 0.010577911 0.998219252 -0.058705471 -1.784973979 -0.815316021 0.042599499 0.577446997 52.497512817
0.553549051 0.044866450 0.831607103 18.778980255 0.011532734 0.998039007 -0.061522324 -1.864322305 -0.832736731 0.043646328 0.551946104 53.156848907
0.527975321 0.047811233 0.847912788 19.764652252 0.012216864 0.997883141 -0.063874751 -1.947341681 -0.849171817 0.044083126 0.526273549 53.784633636
0.503012002 0.050928958 0.862777591 20.799739838 0.014023298 0.997649908 -0.067066133 -2.025798321 -0.864165664 0.045834053 0.501115680 54.375308990
0.478002310 0.052799579 0.876770258 21.832910538 0.015617508 0.997522891 -0.068585813 -2.110790730 -0.878219783 0.046477135 0.475993633 54.934787750
0.452828616 0.055919513 0.889842212 22.897621155 0.016189700 0.997350991 -0.070914313 -2.203832865 -0.891450584 0.046518307 0.450723827 55.485664368
0.426970094 0.057162352 0.902457178 23.974706650 0.017366843 0.997297525 -0.071386218 -2.290932417 -0.904098928 0.046152614 0.424823463 56.006061554
0.401473194 0.057760116 0.914047599 25.072820663 0.017602794 0.997338414 -0.070754990 -2.387408733 -0.915701568 0.044496026 0.399387896 56.475883484
0.375459880 0.059183113 0.924947143 26.169511795 0.017043121 0.997349620 -0.070734054 -2.479623556 -0.926681936 0.042321790 0.373456120 56.928482056
0.350042790 0.062500127 0.934646308 27.281303406 0.017462516 0.997162879 -0.073220663 -2.576488495 -0.936570942 0.041951653 0.347958237 57.346118927
0.325112939 0.065282471 0.943419218 28.397697449 0.018721977 0.996974528 -0.075440191 -2.673850060 -0.945489883 0.042189255 0.322907150 57.735599518
0.302801132 0.066799402 0.950709999 29.545200348 0.021277515 0.996818244 -0.076816000 -2.777266026 -0.952816188 0.043488719 0.300416470 58.087142944
0.281047255 0.068445124 0.957250059 30.690496445 0.025268160 0.996580005 -0.078675993 -2.879124403 -0.959361315 0.046299618 0.278356612 58.419876099
0.261202574 0.070644520 0.962695479 31.822010040 0.029967701 0.996244133 -0.081237353 -2.982294083 -0.964818716 0.050069183 0.258104533 58.715095520
0.243464440 0.073700011 0.967105746 32.975902557 0.034727208 0.995807052 -0.084629692 -3.079091072 -0.969287932 0.054189201 0.239884287 58.995639801
0.228067920 0.077276729 0.970573723 34.151542664 0.039211616 0.995307624 -0.088460080 -3.189097881 -0.972855330 0.058232665 0.223967597 59.255638123
0.214587063 0.080787450 0.973357975 35.338405609 0.042360775 0.994865716 -0.091911450 -3.290504694 -0.975785851 0.060955200 0.210063085 59.510009766
0.203952774 0.081643671 0.975570381 36.537132263 0.045086544 0.994675696 -0.092668369 -3.406223059 -0.977941930 0.062885061 0.199185878 59.740066528
0.193854794 0.081800781 0.977613807 37.748367310 0.046947952 0.994602323 -0.092531756 -3.516508579 -0.979906201 0.063834690 0.188968047 59.970005035
0.185034230 0.082758024 0.979241252 38.975429535 0.048449196 0.994467974 -0.093199655 -3.634909153 -0.981536984 0.064688601 0.180001065 60.190628052
0.176582262 0.083238550 0.980759919 40.223232269 0.050047524 0.994369626 -0.093404479 -3.748234987 -0.983012617 0.065578178 0.171422139 60.404308319
0.168553025 0.082713313 0.982216060 41.499435425 0.052942459 0.994274914 -0.092814006 -3.871846437 -0.984269679 0.067645013 0.163209021 60.597557068
0.161165178 0.082628138 0.983462453 42.783294678 0.055673771 0.994141161 -0.092648901 -3.989018679 -0.985355794 0.069684841 0.155620724 60.794773102
0.155364096 0.081172697 0.984516561 44.075595856 0.059027702 0.994074702 -0.091275774 -4.105751991 -0.986092269 0.072294727 0.149652079 60.978096008
0.149989665 0.079212181 0.985509276 45.382534027 0.061145615 0.994134128 -0.089211464 -4.228434563 -0.986794949 0.073640361 0.144266337 61.155441284
0.144028902 0.078358106 0.986466348 46.708816528 0.062377084 0.994158745 -0.088076510 -4.344847679 -0.987605631 0.074218452 0.138299853 61.338813782
0.138182983 0.081139579 0.987077415 48.033596039 0.061344657 0.994023621 -0.090298347 -4.463223457 -0.988505065 0.073029615 0.132379681 61.512031555
0.132280678 0.084395953 0.987612844 49.385585785 0.058460459 0.993969977 -0.092769369 -4.579512596 -0.989486873 0.070007898 0.126549184 61.684207916
0.125876710 0.084081829 0.988476276 50.760963440 0.057375915 0.994116843 -0.091868117 -4.708395481 -0.990385294 0.068278790 0.120311894 61.849609375
0.119473442 0.083539583 0.989316583 52.151000977 0.054641690 0.994390249 -0.090566747 -4.830000877 -0.991332650 0.064878248 0.114238471 62.010540009
0.113179624 0.080908418 0.990274727 53.527233124 0.056046035 0.994572222 -0.087665066 -4.963775635 -0.991992474 0.065422878 0.108030699 62.158088684
0.107148424 0.080982745 0.990939438 54.931243896 0.057012048 0.994536877 -0.087441348 -5.087970734 -0.992607117 0.065864682 0.101946078 62.301246643
0.101746619 0.081070930 0.991501391 56.339115143 0.059137702 0.994418263 -0.087378047 -5.213293552 -0.993051052 0.067525536 0.096384346 62.430889130
0.098005392 0.080742605 0.991904974 57.758857727 0.060674589 0.994364321 -0.086937740 -5.334618568 -0.993334591 0.068703808 0.092554033 62.556266785
0.095360875 0.078377053 0.992352366 59.189460754 0.062409747 0.994463563 -0.084541105 -5.458209991 -0.993484378 0.069994383 0.089941420 62.681892395
0.093844928 0.076530546 0.992641032 60.626033783 0.062808797 0.994599938 -0.082619570 -5.585443020 -0.993603647 0.070100017 0.088531345 62.797046661
0.091873236 0.076011531 0.992865264 62.061218262 0.062836617 0.994652510 -0.081962831 -5.704273701 -0.993786156 0.069918491 0.086605631 62.912048340
0.090026155 0.076682359 0.992982924 63.507106781 0.061688799 0.994687557 -0.082406871 -5.832030296 -0.994027019 0.068674713 0.084817484 63.030620575
0.088659421 0.078378715 0.992973447 64.956481934 0.061146230 0.994590700 -0.083965935 -5.947232246 -0.994183421 0.068160951 0.083387278 63.140930176
0.086981282 0.079129472 0.993062317 66.388168335 0.060914695 0.994552672 -0.084583677 -6.074156761 -0.994345844 0.067849301 0.081687316 63.242576599
0.085804798 0.078802243 0.993190646 67.857910156 0.060143713 0.994639575 -0.084113196 -6.204647064 -0.994495034 0.066951498 0.080605388 63.359199524
0.084480926 0.078100279 0.993359625 69.326492310 0.060234096 0.994700015 -0.083328329 -6.333274841 -0.994602859 0.066873766 0.079328895 63.464824677
0.083357461 0.077389248 0.993510187 70.814552307 0.060480487 0.994749248 -0.082560197 -6.460838318 -0.994682729 0.066969991 0.078239232 63.582767487
0.082600132 0.076554693 0.993638039 72.313682556 0.061403304 0.994759858 -0.081745513 -6.590937614 -0.994689286 0.067764848 0.077466592 63.688091278
0.082601406 0.075824834 0.993693948 73.827117920 0.063623369 0.994666040 -0.081187740 -6.717122078 -0.994549692 0.069928370 0.077336580 63.792503357
0.081551224 0.074505769 0.993880391 75.324775696 0.066070363 0.994604290 -0.079981327 -6.845364571 -0.994476795 0.072188616 0.076188572 63.902168274
0.081136607 0.074442446 0.993919075 76.834114075 0.067481995 0.994508386 -0.079995357 -6.971086502 -0.994415939 0.073562205 0.075667523 64.013633728
0.081114225 0.074143857 0.993943214 78.329727173 0.068695970 0.994441986 -0.079787225 -7.100747108 -0.994334638 0.074751772 0.075570010 64.115852356
0.080631122 0.074667051 0.993943334 79.830924988 0.068507895 0.994416893 -0.080260150 -7.229505539 -0.994386911 0.074564435 0.075065687 64.230522156
0.080723152 0.074548222 0.993944824 81.335769653 0.069251791 0.994369984 -0.080204360 -7.359761238 -0.994327903 0.075306825 0.075106084 64.332763672
0.079971924 0.076134719 0.993885338 82.850036621 0.068747275 0.994283438 -0.081696890 -7.486872673 -0.994423687 0.074860364 0.074280702 64.449424744
0.079527982 0.076894380 0.993862569 84.350273132 0.068531252 0.994239628 -0.082407385 -7.623185158 -0.994474113 0.074664332 0.073800206 64.550827026
0.079130739 0.076707177 0.993908703 85.877960205 0.068248622 0.994278789 -0.082169421 -7.757246971 -0.994525254 0.074334994 0.073442861 64.661125183
0.078756012 0.074755929 0.994086981 87.390815735 0.067867465 0.994468749 -0.080161400 -7.887057304 -0.994581163 0.073779359 0.073246896 64.759994507
0.078249745 0.073232248 0.994240344 88.911132812 0.066726349 0.994677305 -0.078515984 -8.017544746 -0.994698286 0.072485894 0.072946712 64.875503540
0.077784933 0.072608881 0.994322598 90.418052673 0.065214828 0.994837761 -0.077748194 -8.156822205 -0.994835019 0.070892200 0.072648212 64.974990845
0.076828256 0.073889807 0.994302630 91.936248779 0.063200273 0.994883776 -0.078816399 -8.280593872 -0.995039284 0.068895519 0.071765326 65.089065552
0.076301858 0.074644648 0.994286895 93.434005737 0.061508745 0.994942248 -0.079414055 -8.416296005 -0.995185792 0.067216754 0.071324632 65.188796997
0.075669438 0.075348482 0.994282067 94.954353333 0.059444010 0.995026588 -0.079928838 -8.538430214 -0.995359540 0.065152287 0.070814081 65.303756714
0.075448282 0.074347727 0.994374156 96.477653503 0.057455927 0.995235562 -0.078771614 -8.674318314 -0.995493054 0.063075855 0.070817083 65.392013550
0.074734583 0.074964151 0.994381726 98.014266968 0.056275144 0.995264292 -0.079260148 -8.805534363 -0.995614350 0.061882447 0.070162043 65.496597290
0.073447801 0.076174974 0.994385660 99.513214111 0.056135908 0.995182097 -0.080382340 -8.938602448 -0.995717943 0.061724655 0.068817794 65.591362000
0.072462551 0.076101698 0.994463503 101.037971497 0.055966936 0.995203376 -0.080236427 -9.073774338 -0.995799720 0.061471209 0.067855805 65.686851501
0.070323780 0.076024346 0.994622946 102.558189392 0.056591846 0.995181561 -0.080068335 -9.198425293 -0.995917559 0.061918251 0.065682597 65.786071777
0.068144932 0.076178558 0.994762778 104.106567383 0.056429375 0.995190144 -0.080076903 -9.332869530 -0.996078253 0.061590672 0.063518472 65.882766724
0.065695643 0.076373547 0.994912624 105.625030518 0.056181345 0.995201826 -0.080105498 -9.470314026 -0.996256888 0.061158109 0.061089654 65.968505859
0.063246056 0.076594241 0.995054364 107.163978577 0.057313606 0.995126247 -0.080242649 -9.606708527 -0.996350884 0.062105186 0.058547925 66.053222656
0.061395742 0.076923378 0.995144904 108.727653503 0.057751518 0.995081663 -0.080481477 -9.744793892 -0.996441364 0.062412348 0.056651335 66.136566162
0.058939397 0.075003691 0.995439887 110.261299133 0.059241958 0.995153129 -0.078489751 -9.871893883 -0.996502101 0.063597940 0.054210357 66.208984375
0.057147376 0.074597172 0.995574951 111.825912476 0.058859974 0.995218277 -0.077949084 -10.004397392 -0.996629119 0.063054107 0.052483331 66.290130615
0.055312827 0.075446010 0.995614529 113.365692139 0.059620243 0.995112360 -0.078720234 -10.125380516 -0.996687472 0.063713022 0.050544370 66.354118347
0.053627133 0.075625017 0.995693207 114.940979004 0.060056023 0.995078802 -0.078812920 -10.258552551 -0.996753454 0.064023890 0.048821483 66.431266785
0.052692115 0.075506516 0.995752156 116.502174377 0.059771832 0.995111108 -0.078620844 -10.390480042 -0.996820390 0.063660629 0.047921341 66.494583130
0.051602989 0.075021744 0.995845914 118.074371338 0.060152560 0.995130360 -0.078084849 -10.522630692 -0.996854484 0.063932091 0.046838962 66.566070557
0.050579324 0.074448921 0.995941281 119.635635376 0.059646830 0.995212376 -0.077423625 -10.652806282 -0.996937215 0.063320771 0.045896534 66.633316040
0.049681988 0.072993845 0.996094167 121.225601196 0.059516147 0.995337069 -0.075906843 -10.780031204 -0.996990204 0.063054882 0.045106016 66.701164246
0.048661307 0.072882086 0.996152878 122.786239624 0.060103729 0.995313227 -0.075756684 -10.905563354 -0.997005343 0.063558914 0.044052754 66.763053894
0.047922421 0.073941521 0.996110559 124.371406555 0.060155377 0.995232463 -0.076770402 -11.037511826 -0.997038007 0.063600421 0.043245967 66.824638367
0.046801697 0.075704962 0.996031284 125.930229187 0.060352139 0.995088041 -0.078469120 -11.168811798 -0.997079372 0.063785091 0.042002853 66.891761780
0.046022967 0.076883450 0.995977283 127.527343750 0.060946912 0.994960189 -0.079621233 -11.297262192 -0.997079432 0.064366139 0.041105215 66.952705383
0.045481663 0.077315435 0.995968759 129.114990234 0.060517669 0.994956076 -0.080000415 -11.434858322 -0.997130394 0.063912258 0.040573306 67.009407043
0.043975741 0.077271171 0.996039867 130.708801270 0.059862789 0.995009124 -0.079834163 -11.574266434 -0.997237444 0.063136496 0.039130595 67.082130432
0.043948274 0.075816207 0.996152759 132.298202515 0.060852408 0.995061636 -0.078417838 -11.716248512 -0.997178733 0.064064629 0.039117634 67.124252319
0.043828342 0.074264340 0.996275008 133.908187866 0.062114261 0.995101392 -0.076909386 -11.850737572 -0.997106194 0.065253697 0.039000764 67.179840088
0.043801058 0.072133124 0.996432781 135.482391357 0.063306883 0.995185077 -0.074825644 -11.989651680 -0.997032404 0.066358507 0.039023649 67.233345032
0.044272140 0.070784636 0.996508658 137.067947388 0.064305469 0.995216191 -0.073549747 -12.122566223 -0.996947706 0.067337178 0.039508518 67.287002563
0.044525273 0.070384033 0.996525705 138.642852783 0.064227164 0.995249689 -0.073163621 -12.256881714 -0.996941507 0.067261644 0.039793201 67.346504211
0.046198417 0.070621952 0.996432722 140.216979980 0.065426171 0.995142102 -0.073563881 -12.387269974 -0.996787429 0.068591319 0.041353460 67.398078918
0.048364151 0.071063004 0.996298671 141.793975830 0.065650843 0.995082855 -0.074163236 -12.518778801 -0.996669948 0.068994693 0.043460995 67.451316833
0.050001811 0.071730353 0.996169925 143.334411621 0.067103021 0.994922459 -0.075008698 -12.646784782 -0.996492326 0.070596598 0.044934601 67.515975952
0.051625479 0.072631076 0.996021926 144.898468018 0.065839805 0.994934320 -0.075964369 -12.781219482 -0.996493816 0.069499590 0.046581954 67.582054138
0.052094880 0.072902210 0.995977521 146.437271118 0.065093875 0.994963109 -0.076232702 -12.917134285 -0.996518314 0.068803363 0.047086984 67.654495239
0.052495655 0.072412193 0.995992184 147.991027832 0.063836351 0.995084286 -0.075710796 -13.043348312 -0.996578634 0.067555010 0.047615062 67.720756531
0.051096596 0.070348322 0.996212959 149.530471802 0.063586928 0.995262861 -0.073542662 -13.180647850 -0.996667385 0.067103900 0.046381310 67.817169189
0.050356701 0.068611175 0.996371746 151.064147949 0.064107120 0.995358109 -0.071781352 -13.311668396 -0.996671677 0.067489177 0.045724478 67.870689392
0.047636494 0.067959592 0.996550143 152.579605103 0.063866414 0.995434165 -0.070936389 -13.437269211 -0.996820867 0.067025229 0.043078646 67.940498352
0.043133333 0.067595117 0.996780038 154.125473022 0.063227974 0.995523870 -0.070245974 -13.564104080 -0.997066557 0.066054329 0.038666341 68.000076294
0.036793951 0.066415273 0.997113466 155.621322632 0.061732709 0.995732427 -0.068601243 -13.690679550 -0.997414291 0.064078629 0.032536924 68.043075562
0.027762258 0.066208906 0.997419477 157.130981445 0.060505223 0.995863259 -0.067789704 -13.816440582 -0.997781754 0.062231082 0.023641428 68.092414856
0.017455500 0.066278704 0.997648418 158.635360718 0.059013106 0.995992780 -0.067201242 -13.930733681 -0.998104632 0.060047366 0.013474236 68.115623474
0.004656991 0.065818436 0.997820735 160.132049561 0.057530239 0.996161222 -0.065977499 -14.050873756 -0.998332858 0.057712130 0.000852563 68.126815796
-0.009961315 0.064828612 0.997846663 161.625564575 0.056951616 0.996313155 -0.064160459 -14.167821884 -0.998327255 0.056189854 -0.013616685 68.112693787
-0.025195183 0.064884953 0.997574568 163.076675415 0.056359962 0.996396482 -0.063384861 -14.275125504 -0.998092473 0.054626279 -0.028761303 68.061386108
-0.041025274 0.065395042 0.997015655 164.560333252 0.055382438 0.996470571 -0.063080415 -14.389633179 -0.997621894 0.052629270 -0.044502217 67.995223999
-0.058467217 0.066227540 0.996090114 166.003402710 0.054217149 0.996535182 -0.063074745 -14.499385834 -0.996815979 0.050317369 -0.061855294 67.919326782
-0.075999632 0.065989941 0.994921803 167.445861816 0.053931955 0.996619046 -0.061982770 -14.603796959 -0.995648205 0.048947413 -0.079301640 67.814270020
-0.094652511 0.064801872 0.993399143 168.857086182 0.053841274 0.996751845 -0.059890520 -14.713039398 -0.994053304 0.047817074 -0.097834095 67.690048218
-0.113511562 0.063862391 0.991482079 170.265060425 0.055693951 0.996771932 -0.057826906 -14.810695648 -0.991974473 0.048655540 -0.116701886 67.528053284
-0.132781297 0.061756037 0.989219546 171.646316528 0.056708295 0.996895432 -0.054623373 -14.910567284 -0.989521742 0.048843995 -0.135871142 67.340805054
-0.153102770 0.060221817 0.986373603 173.021682739 0.059683464 0.996882856 -0.051599506 -15.000044823 -0.986406326 0.050970167 -0.156219766 67.129882812
-0.173692673 0.061076604 0.982904136 174.389801025 0.063275032 0.996704817 -0.050752595 -15.084620476 -0.982765019 0.053377934 -0.176984966 66.883193970
-0.193780631 0.061012004 0.979145765 175.713790894 0.065225013 0.996657133 -0.049194630 -15.176745415 -0.978874207 0.054331828 -0.197112352 66.607604980
-0.215263039 0.064437099 0.974427879 177.024658203 0.067278698 0.996428311 -0.051029276 -15.253850937 -0.974235773 0.054573528 -0.218829438 66.304718018
-0.238109723 0.066024564 0.968991458 178.340591431 0.067907132 0.996376812 -0.051203739 -15.333965302 -0.968861401 0.053609326 -0.241730511 65.986984253
-0.262781590 0.067342594 0.962502420 179.632080078 0.066782042 0.996438444 -0.051484194 -15.414658546 -0.962541461 0.050748777 -0.266342998 65.637702942
-0.288634717 0.066224329 0.955146253 180.884002686 0.066730946 0.996570408 -0.048931099 -15.502218246 -0.955111086 0.049614593 -0.292064011 65.261123657
-0.315559000 0.064478897 0.946712732 182.146881104 0.064726368 0.996827483 -0.046317492 -15.580574036 -0.946695864 0.046661388 -0.318731368 64.851814270
-0.342740059 0.064355843 0.937223315 183.366683960 0.065596066 0.996855199 -0.044462241 -15.657919884 -0.937137306 0.046239194 -0.345883727 64.406509399
-0.370394796 0.064061761 0.926662683 184.567871094 0.065641396 0.996930003 -0.042682040 -15.731651306 -0.926552117 0.045018233 -0.373462737 63.934570312
-0.398097217 0.065419406 0.915007591 185.771255493 0.066801667 0.996873081 -0.042208709 -15.801528931 -0.914907753 0.044320878 -0.401222527 63.418190002
-0.426165134 0.067159265 0.902149081 186.947921753 0.069008932 0.996748090 -0.041602541 -15.869125366 -0.902009487 0.044526789 -0.429413885 62.862739563
-0.454540938 0.068540968 0.888084829 188.089187622 0.069500186 0.996724427 -0.041353904 -15.941017151 -0.888010263 0.042925015 -0.457815647 62.290248871
-0.483105779 0.071086712 0.872671485 189.219497681 0.071145028 0.996589899 -0.041795485 -16.005937576 -0.872666717 0.041894592 -0.486515760 61.667808533
-0.511253178 0.072787188 0.856342375 190.310180664 0.071222410 0.996568024 -0.042184874 -16.079742432 -0.856473923 0.039423607 -0.514682651 61.028701782
-0.538515985 0.074230455 0.839339316 191.378417969 0.072135404 0.996516585 -0.041849338 -16.143295288 -0.839522004 0.038009547 -0.541994691 60.347312927
-0.565244675 0.075693592 0.821443319 192.407379150 0.073555000 0.996439517 -0.041204944 -16.206645966 -0.821637452 0.037130382 -0.568799913 59.641914368
-0.591797054 0.076074384 0.802489221 193.431365967 0.074636251 0.996431410 -0.039419089 -16.273433685 -0.802624226 0.036566686 -0.595363081 58.903533936
-0.617792308 0.075883418 0.782671332 194.416046143 0.074502662 0.996503890 -0.037807636 -16.335361481 -0.782803893 0.034953836 -0.621285915 58.138221741
-0.643120944 0.075648360 0.762018800 195.381713867 0.072791710 0.996641755 -0.037506197 -16.398511887 -0.762297034 0.031347636 -0.646467745 57.337112427
-0.667506635 0.077965476 0.740510762 196.282958984 0.073103413 0.996560395 -0.039027505 -16.459449768 -0.741006613 0.028082764 -0.670910180 56.516716003
-0.691778600 0.079275683 0.717744887 197.187713623 0.072934560 0.996543229 -0.039773315 -16.513484955 -0.718416929 0.024834083 -0.695169210 55.659698486
-0.714816511 0.080386363 0.694676459 198.060333252 0.073859245 0.996493578 -0.039311372 -16.569679260 -0.695400894 0.023207868 -0.718247175 54.776824951
-0.735710263 0.082240187 0.672284842 198.867645264 0.076822884 0.996327579 -0.037809540 -16.629768372 -0.672925413 0.023829998 -0.739326298 53.877555847
-0.755866408 0.084213540 0.649287283 199.668395996 0.080260694 0.996132076 -0.035764497 -16.685695648 -0.649787784 0.025079072 -0.759701848 52.940345764
-0.775426269 0.084490895 0.625759959 200.435791016 0.081247397 0.996120036 -0.033817630 -16.737754822 -0.626189232 0.024618289 -0.779282331 51.990692139
-0.794146478 0.084173270 0.601868927 201.171539307 0.081413276 0.996169806 -0.031895351 -16.784694672 -0.602248490 0.023670524 -0.797957718 51.017990112
-0.811817169 0.083290294 0.577940762 201.891189575 0.080683284 0.996280730 -0.030246068 -16.830680847 -0.578310430 0.022075873 -0.815518141 50.005649567
-0.828896284 0.085175328 0.552879810 202.560989380 0.081702225 0.996175170 -0.030977622 -16.876760483 -0.553403795 0.019494269 -0.832684994 49.004783630
-0.844885468 0.085390717 0.528088272 203.198394775 0.080806732 0.996222198 -0.031804793 -16.923614502 -0.528809190 0.015801674 -0.848593652 47.976608276
-0.859810948 0.085913941 0.503332913 203.818420410 0.082089573 0.996179044 -0.029809633 -16.965435028 -0.503970861 0.015687743 -0.863578200 46.910186768
-0.874217808 0.086109124 0.477837294 204.407775879 0.083027124 0.996164680 -0.027614158 -17.017009735 -0.478382468 0.015532671 -0.878014207 45.827362061
-0.888243914 0.085704617 0.451306373 204.948120117 0.083040975 0.996213615 -0.025746247 -17.055198669 -0.451804012 0.014607967 -0.891997576 44.766006470
-0.901271105 0.084330618 0.424969196 205.475875854 0.082458347 0.996332884 -0.022834703 -17.090522766 -0.425336421 0.014461990 -0.904919684 43.649753571
-0.913611054 0.083195023 0.397986710 205.961883545 0.081606485 0.996444285 -0.020962015 -17.129756927 -0.398315489 0.013327170 -0.917151570 42.534267426
-0.925095141 0.083073869 0.370537013 206.416687012 0.081135385 0.996485114 -0.020845229 -17.162265778 -0.370966285 0.010779842 -0.928583682 41.395240784
-0.935911894 0.081270769 0.342730582 206.836929321 0.079076059 0.996659875 -0.020398181 -17.197389603 -0.343243629 0.008010890 -0.939212263 40.256084442
-0.945821643 0.080731988 0.314489692 207.224716187 0.078314796 0.996721268 -0.020336051 -17.230215073 -0.315100342 0.005394912 -0.949043036 39.092960358
-0.955000699 0.078886040 0.285920680 207.583999634 0.076604262 0.996877193 -0.019175101 -17.259014130 -0.286540449 0.003590508 -0.958061397 37.902061462
-0.963280022 0.077454239 0.257084548 207.908126831 0.075718194 0.996989965 -0.016660966 -17.286273956 -0.257601202 0.003416800 -0.966245294 36.715812683
-0.970717967 0.075728193 0.227973789 208.196472168 0.074531280 0.997122169 -0.013867530 -17.310127258 -0.228367910 0.003529713 -0.973568499 35.490676880
-0.976911128 0.076286517 0.199562088 208.447616577 0.075390503 0.997080684 -0.012096370 -17.329763412 -0.199902266 0.003228010 -0.979810536 34.250213623
-0.982495964 0.075110957 0.170470402 208.660797119 0.074194036 0.997174501 -0.011752193 -17.347597122 -0.170871451 0.001101406 -0.985292733 33.013103485
-0.987408996 0.073662147 0.139990002 208.841140747 0.072685979 0.997281671 -0.012080302 -17.372316360 -0.140499324 -0.001752888 -0.990079224 31.756647110
-0.991711617 0.067627259 0.109245136 208.990280151 0.067039125 0.997709274 -0.009051928 -17.385810852 -0.109607056 -0.001653207 -0.993973672 30.464704514
-0.994756639 0.064840063 0.079088345 209.097610474 0.064562559 0.997895181 -0.006063857 -17.399719238 -0.079315074 -0.000925916 -0.996849120 29.185626984
-0.996766567 0.063452527 0.049297355 209.163665771 0.063391238 0.997984767 -0.002807423 -17.413951874 -0.049376141 0.000326675 -0.998780191 27.916444778
-0.997850478 0.062836967 0.018600060 209.189727783 0.062826887 0.998023927 -0.001125955 -17.428215027 -0.018634053 0.000045049 -0.999826372 26.651754379
-0.998002768 0.061941743 -0.012399280 209.178588867 0.061940152 0.998079658 0.000512800 -17.436813354 0.012407236 -0.000256238 -0.999922931 25.386487961
-0.997177482 0.060716543 -0.044165801 209.135635376 0.060724728 0.998153806 0.001157591 -17.443719864 0.044154555 -0.001527632 -0.999023497 24.119129181
-0.995302320 0.061615653 -0.074676849 209.031585693 0.061478101 0.998099864 0.004141551 -17.452081680 0.074790128 -0.000468894 -0.997199178 22.849391937
-0.992412806 0.061953429 -0.106200866 208.899841309 0.061520562 0.998078763 0.007350323 -17.456077576 0.106452189 0.000761018 -0.994317532 21.571134567
-0.988399804 0.062310245 -0.138503537 208.731689453 0.061552469 0.998056233 0.009751887 -17.458250046 0.138841957 0.001113530 -0.990313947 20.297382355
-0.983226538 0.062508851 -0.171342567 208.515411377 0.061662953 0.998044252 0.010259890 -17.452854156 0.171648771 -0.000477693 -0.985158145 19.029804230
-0.976824701 0.062427044 -0.204734817 208.261779785 0.061208468 0.998049378 0.012285798 -17.450513840 0.205102399 -0.000530434 -0.978740394 17.765991211
-0.969213128 0.062087066 -0.238266960 207.951965332 0.059933808 0.998069644 0.016278334 -17.442384720 0.238817677 0.001496932 -0.971063197 16.497909546
-0.960142195 0.061391927 -0.272686392 207.614074707 0.057918858 0.998105228 0.020775700 -17.433526993 0.273445100 0.004153944 -0.961878657 15.265903473
-0.949894845 0.060750946 -0.306608737 207.204772949 0.056169011 0.998138607 0.023754109 -17.414907455 0.307481200 0.005341997 -0.951539099 14.017726898
-0.938294828 0.059411079 -0.340695083 206.764358521 0.054134037 0.998221099 0.024983346 -17.394670486 0.341573298 0.004998549 -0.939841866 12.796653748
-0.925438225 0.058165170 -0.374407381 206.275115967 0.052658949 0.998301327 0.024929414 -17.369981766 0.375221491 0.003354731 -0.926929116 11.587142944
-0.911407113 0.056542132 -0.407602668 205.750030518 0.049997173 0.998392403 0.026701145 -17.339319229 0.408457071 0.003956635 -0.912768960 10.392456055
-0.896211624 0.055241361 -0.440173984 205.182907104 0.047300346 0.998459578 0.029000245 -17.314001083 0.441097975 0.005169973 -0.897444069 9.216529846
-0.880063176 0.054010779 -0.471774787 204.573074341 0.044915814 0.998524189 0.030527933 -17.280366898 0.472727418 0.005676361 -0.881190419 8.055335999
-0.863352656 0.053058550 -0.501803696 203.922683716 0.043628242 0.998581469 0.030523349 -17.243162155 0.502711356 0.004459606 -0.864442825 6.914138794
-0.846244812 0.052695096 -0.530181885 203.233718872 0.043099146 0.998606503 0.030459758 -17.216411591 0.531048000 0.002926029 -0.847336650 5.797737122
-0.828907669 0.052564386 -0.556910276 202.500732422 0.042161550 0.998614013 0.031501506 -17.185205460 0.557794333 0.002631645 -0.829975069 4.693969727
-0.811316609 0.053393401 -0.582163572 201.724792480 0.041788176 0.998569846 0.033347324 -17.152568817 0.583111465 0.002727692 -0.812387526 3.608871460
-0.793886304 0.054051083 -0.605659068 200.914215088 0.041035384 0.998533130 0.035324097 -17.112646103 0.606679916 0.003189865 -0.794939697 2.540870667
-0.776652873 0.055939768 -0.627439976 200.078094482 0.042003602 0.998431265 0.037023127 -17.081666946 0.628526866 0.002399381 -0.777784288 1.498802185
-0.759956062 0.057996683 -0.647381723 199.206085205 0.045705959 0.998313904 0.035781629 -17.039628983 0.648365378 -0.002396729 -0.761325538 0.490051270
-0.743236661 0.061175466 -0.666225791 198.287322998 0.048998721 0.998113871 0.036988102 -17.006811142 0.667231858 -0.005153298 -0.744832218 -0.504669189
-0.725909650 0.064460784 -0.684762776 197.366699219 0.049771104 0.997911513 0.041177522 -16.962900162 0.685986936 -0.004190238 -0.727601707 -1.469642639
-0.707948446 0.065709494 -0.703200758 196.392410278 0.048966631 0.997833371 0.043943729 -16.926774979 0.704564631 -0.003323484 -0.709632099 -2.427986145
-0.689816773 0.061169758 -0.721395254 195.414276123 0.045382410 0.998118103 0.041238278 -16.878314972 0.722560227 -0.004291805 -0.691294670 -3.354438782
-0.671785414 0.055951163 -0.738629758 194.430267334 0.044053748 0.998396039 0.035561472 -16.830289841 0.739434719 -0.008649736 -0.673172772 -4.263946533
-0.654578984 0.050823428 -0.754283130 193.365142822 0.043279786 0.998620749 0.029727915 -16.779859543 0.754753590 -0.013185949 -0.655875683 -5.171424866
-0.637654662 0.047925152 -0.768830061 192.304794312 0.041746546 0.998745978 0.027633123 -16.736972809 0.769190311 -0.014475610 -0.638855755 -6.055183411
-0.620074749 0.045180462 -0.783240676 191.218765259 0.038204622 0.998894870 0.027374478 -16.696746826 0.783611894 -0.012949200 -0.621115625 -6.927215576
-0.601292670 0.040090635 -0.798022509 190.127868652 0.031436395 0.999154150 0.026508344 -16.658016205 0.798410356 -0.009147677 -0.602044344 -7.795234680
-0.582751155 0.037053403 -0.811805487 188.956817627 0.025610231 0.999301136 0.027227111 -16.613145828 0.812247038 -0.004923893 -0.583292842 -8.644340515
-0.563859046 0.036787473 -0.825051308 187.773925781 0.020533497 0.999323070 0.030524855 -16.578355789 0.825615764 0.000270525 -0.564232707 -9.490303040
-0.544998586 0.036247060 -0.837653100 186.531478882 0.016529847 0.999335349 0.032488663 -16.526931763 0.838274002 0.003859996 -0.545235515 -10.300880432
-0.525752008 0.036618326 -0.849849343 185.295959473 0.013568534 0.999306917 0.034664102 -16.481916428 0.850529671 0.006693507 -0.525884390 -11.097259521
-0.508052647 0.035327945 -0.860601187 183.955581665 0.010325759 0.999336541 0.034927301 -16.425346375 0.861264110 0.008858548 -0.508080363 -11.890899658
-0.492222786 0.034865323 -0.869770706 182.611480713 0.008530456 0.999342799 0.035231728 -16.367967606 0.870427430 0.009922318 -0.492196739 -12.652534485
-0.476649374 0.034645692 -0.878410518 181.249938965 0.007047199 0.999341547 0.035591375 -16.317251205 0.879065275 0.010774269 -0.476579696 -13.424667358
-0.462790608 0.035110697 -0.885772049 179.870635986 0.007097325 0.999330044 0.035903830 -16.262809753 0.886439204 0.010329342 -0.462729752 -14.158859253
-0.450103551 0.036844496 -0.892215967 178.443725586 0.008001307 0.999274731 0.037229046 -16.211923599 0.892940521 0.009618036 -0.450071871 -14.878425598
-0.437209487 0.037083186 -0.898594856 177.002487183 0.007089322 0.999260604 0.037788171 -16.140392303 0.899331748 0.010150914 -0.437149048 -15.600654602
-0.424549222 0.038657997 -0.904579163 175.539978027 0.007926680 0.999208450 0.038981806 -16.079450607 0.905370176 0.009379384 -0.424519598 -16.302131653
-0.412858993 0.041063670 -0.909868777 174.000183105 0.008580551 0.999114037 0.041197971 -16.010524750 0.910754561 0.009201772 -0.412845612 -16.982212067
-0.402589202 0.042424895 -0.914397061 172.463851929 0.009354942 0.999063909 0.042234369 -15.939311028 0.915332913 0.008448971 -0.402609199 -17.649547577
-0.392108619 0.042755984 -0.918924689 170.842926025 0.012198471 0.999073148 0.041280005 -15.870395660 0.919838011 0.004976774 -0.392266780 -18.323684692
-0.385138363 0.043661788 -0.921825349 169.243942261 0.013829390 0.999041080 0.041541152 -15.788148880 0.922755182 0.003250810 -0.385372877 -18.983165741
-0.379129589 0.044930749 -0.924252152 167.662643433 0.015957197 0.998989403 0.042018298 -15.719655037 0.925206006 0.001181904 -0.379463345 -19.634178162
-0.374198973 0.044948231 -0.926258564 166.028549194 0.017528528 0.998988986 0.041396249 -15.646296501 0.927182734 -0.000745513 -0.374608576 -20.280429840
-0.370955318 0.045431837 -0.927538753 164.379211426 0.019471377 0.998963535 0.041143004 -15.569789886 0.928446591 -0.002798241 -0.371455461 -20.938560486
-0.368242711 0.045735322 -0.928604186 162.687911987 0.021922823 0.998938739 0.040505812 -15.493470192 0.929471195 -0.005441654 -0.368854612 -21.588779449
-0.365606278 0.045834638 -0.929640412 160.982833862 0.022528378 0.998929977 0.040390968 -15.425851822 0.930496931 -0.006176096 -0.366247594 -22.269531250
-0.363911361 0.046451513 -0.930274606 159.242874146 0.023473391 0.998895824 0.040695503 -15.347206116 0.931137800 -0.007027143 -0.364599854 -22.918014526
-0.361417949 0.045886680 -0.931274116 157.480056763 0.023567278 0.998918772 0.040073518 -15.268337250 0.932106018 -0.007464310 -0.362108558 -23.586223602
-0.359635770 0.045847978 -0.931965709 155.710845947 0.022539899 0.998927534 0.040444247 -15.185457230 0.932820559 -0.006461215 -0.360283464 -24.255596161
-0.357315958 0.046585612 -0.932821035 153.910324097 0.021749148 0.998899460 0.041554619 -15.107528687 0.933730304 -0.005439934 -0.357935846 -24.929576874
-0.355316937 0.047050733 -0.933560967 152.153366089 0.022539444 0.998873174 0.041763816 -15.031043053 0.934474051 -0.006202555 -0.355977058 -25.589061737
-0.352842748 0.048525140 -0.934423387 150.289382935 0.022814278 0.998803616 0.043253656 -14.951608658 0.935404480 -0.006056460 -0.353527635 -26.267780304
-0.351091146 0.048551559 -0.935081661 148.476913452 0.022806482 0.998801947 0.043297004 -14.870805740 0.936063528 -0.006124732 -0.351777762 -26.928413391
-0.347936243 0.045764960 -0.936400533 146.646057129 0.021225130 0.998936296 0.040934715 -14.782175064 0.937277913 -0.005632549 -0.348537534 -27.611694336
-0.345776618 0.044149309 -0.937277675 144.791580200 0.020554023 0.999009132 0.039474394 -14.698717117 0.938091755 -0.005615503 -0.346341431 -28.283924103
-0.343059868 0.043554459 -0.938303232 142.937988281 0.020077869 0.999036193 0.039032765 -14.623964310 0.939098835 -0.005448550 -0.343603730 -28.957283020
