1.000000000 0.000000000 0.000000000 0.000000000 0.000000000 1.000000000 0.000000000 0.000000000 0.000000000 0.000000000 1.000000000 0.000000000
0.999973416 -0.001293298 -0.007172661 -0.000675584 0.001266960 0.999992549 -0.003675269 -0.000385665 0.007177360 0.003666084 0.999967456 0.059407838
0.999937952 -0.001233299 -0.011064655 -0.001312831 0.001176470 0.999986053 -0.005141124 -0.000556186 0.011070844 0.005127788 0.999925494 0.090119019
0.999873102 0.000075146 -0.015931493 -0.002058798 -0.000169919 0.999982238 -0.005947467 -0.000638286 0.015930764 0.005949420 0.999855399 0.121754497
0.999800205 -0.000954350 -0.019961851 -0.003192361 0.000836878 0.999982297 -0.005892312 -0.001066668 0.019967118 0.005874429 0.999783397 0.153917968
0.999696851 0.000807694 -0.024609040 -0.004047472 -0.000981901 0.999974549 -0.007067760 -0.001624943 0.024602700 0.007089780 0.999672294 0.186565280
0.999557555 0.003703242 -0.029512344 -0.005395589 -0.003939393 0.999960661 -0.007947674 -0.001832087 0.029481750 0.008060418 0.999532819 0.219998240
0.999425232 0.004127956 -0.033648022 -0.006945585 -0.004348232 0.999969602 -0.006475967 -0.001998667 0.033620268 0.006618554 0.999412775 0.254241884
0.999263525 0.003206549 -0.038238171 -0.008151639 -0.003341576 0.999988377 -0.003467827 -0.002568359 0.038226608 0.003593049 0.999262631 0.288900942
0.999136865 0.003181814 -0.041416902 -0.009947706 -0.003222315 0.999994397 -0.000911172 -0.002795348 0.041413769 0.001043844 0.999141514 0.323490500
0.999033451 0.004550871 -0.043718174 -0.012023421 -0.004616828 0.999988377 -0.001407831 -0.003484061 0.043711253 0.001608310 0.999042928 0.359111458
0.998956859 0.003782211 -0.045505218 -0.014127720 -0.003860106 0.999991238 -0.001624064 -0.003720927 0.045498680 0.001798025 0.998962760 0.394644171
0.998848677 0.001025513 -0.047961559 -0.015329104 -0.001128775 0.999997199 -0.002125977 -0.004021040 0.047959246 0.002177667 0.998846889 0.431068361
0.998751044 0.000694816 -0.049959697 -0.017163403 -0.000769994 0.999998629 -0.001485556 -0.004163230 0.049958598 0.001522170 0.998750091 0.467500001
0.998699069 -0.001209515 -0.050977740 -0.019193746 0.001116034 0.999997675 -0.001862186 -0.004486398 0.050979879 0.001802871 0.998698056 0.504194319
0.998569071 0.001630718 -0.053451229 -0.021365900 -0.001838117 0.999991000 -0.003831216 -0.005185056 0.053444505 0.003923983 0.998563111 0.541927814
0.998508155 0.002034236 -0.054563645 -0.023668567 -0.002413110 0.999973476 -0.006878727 -0.005294564 0.054548208 0.007000133 0.998486638 0.579703808
0.998381555 0.005715617 -0.056582764 -0.026107563 -0.006179704 0.999948680 -0.008030348 -0.006207947 0.056533962 0.008367016 0.998365641 0.617110550
0.998259366 0.006475905 -0.058620106 -0.027897734 -0.006939660 0.999946237 -0.007711072 -0.006724376 0.058567025 0.008104452 0.998250663 0.655852735
0.998225093 0.005560675 -0.059292860 -0.030824054 -0.005935993 0.999963462 -0.006155659 -0.007346494 0.059256468 0.006496695 0.998221636 0.694166183
0.998141706 0.006091937 -0.060630012 -0.033442404 -0.006388240 0.999968648 -0.004694432 -0.007791501 0.060599502 0.005073028 0.998149276 0.733260453
0.998114169 0.005834959 -0.061107028 -0.036355138 -0.006113055 0.999971807 -0.004364998 -0.008606617 0.061079837 0.004730317 0.998121679 0.771894634
0.998012304 0.005622322 -0.062766574 -0.038820021 -0.006003759 0.999964595 -0.005890116 -0.008755486 0.062731244 0.006255244 0.998010755 0.810944676
0.997945964 0.004361881 -0.063914143 -0.041353535 -0.004769083 0.999969244 -0.006219903 -0.009561729 0.063885055 0.006511937 0.997936010 0.850469053
0.997930825 0.004105160 -0.064165719 -0.044180900 -0.004378037 0.999981940 -0.004112686 -0.010187445 0.064147666 0.004385096 0.997930825 0.890274525
0.997903585 0.005698882 -0.064466901 -0.046701029 -0.005783523 0.999982595 -0.001126406 -0.010627858 0.064459354 0.001496890 0.997919321 0.930379510
0.997979879 0.006468855 -0.063200176 -0.049810719 -0.006312541 0.999976456 0.002672665 -0.010980345 0.063215993 -0.002268312 0.997997224 0.970495880
0.998075485 0.005039388 -0.061804168 -0.052140027 -0.004703517 0.999973357 0.005578740 -0.011440251 0.061830647 -0.005277306 0.998072684 1.010904670
0.998132765 0.005848924 -0.060801674 -0.054554619 -0.005470631 0.999964654 0.006386358 -0.011601159 0.060836874 -0.006041809 0.998129427 1.051743388
0.998226047 0.005583127 -0.059275091 -0.056818925 -0.005371585 0.999978602 0.003727551 -0.011944708 0.059294634 -0.003402537 0.998234749 1.092031717
0.998261273 0.006080875 -0.058629587 -0.059281368 -0.006158209 0.999980330 -0.001138430 -0.012243678 0.058621515 0.001497503 0.998279154 1.132898688
0.998353362 0.006371186 -0.057008728 -0.061948437 -0.006626094 0.999968886 -0.004283473 -0.012552682 0.056979671 0.004654166 0.998364508 1.173788071
0.998419404 0.003806581 -0.056073129 -0.064335771 -0.003991543 0.999987006 -0.003186953 -0.013049563 0.056060273 0.003405733 0.998421669 1.214796066
0.998399138 0.002606194 -0.056501385 -0.066507541 -0.002504465 0.999995112 0.001871192 -0.013620613 0.056505993 -0.001726691 0.998400748 1.256933451
0.998354375 -0.001155078 -0.057335112 -0.068600446 0.001451653 0.999985754 0.005131272 -0.013856718 0.057328373 -0.005206058 0.998341799 1.298268795
0.998263896 -0.008379932 -0.058300119 -0.070722595 0.008648826 0.999953091 0.004361401 -0.014262991 0.058260832 -0.004858057 0.998289585 1.340261579
0.998156786 -0.010915367 -0.059698123 -0.073038146 0.010969523 0.999939680 0.000579514 -0.014668047 0.059688192 -0.001233306 0.998216331 1.381684422
0.998097360 -0.010119962 -0.060821220 -0.076075211 0.009927569 0.999944746 -0.003464595 -0.014933676 0.060852919 0.002854196 0.998142660 1.424036622
0.997977316 -0.009124706 -0.062912986 -0.078899764 0.008862114 0.999950886 -0.004451683 -0.015198886 0.062950507 0.003885136 0.998009086 1.466474533
0.997927129 -0.008856974 -0.063740268 -0.081750304 0.008697178 0.999958277 -0.002783963 -0.015940763 0.063762240 0.002223832 0.997962654 1.509207368
0.997889042 -0.005604676 -0.064698227 -0.085036516 0.005625149 0.999984205 0.000134295 -0.016524898 0.064696439 -0.000497948 0.997904897 1.552113295
0.997774899 -0.005930498 -0.066407613 -0.087565422 0.006037002 0.999980748 0.001403217 -0.017009368 0.066398025 -0.001800998 0.997791588 1.595226049
0.997704208 -0.004971239 -0.067538790 -0.090473033 0.005224111 0.999979973 0.003568006 -0.017031075 0.067519709 -0.003912644 0.997710347 1.638160229
0.997734845 -0.004521183 -0.067116357 -0.093603581 0.004996814 0.999963582 0.006920483 -0.017782083 0.067082606 -0.007240175 0.997721255 1.680411458
0.997718513 0.001950450 -0.067483328 -0.097015627 -0.001352568 0.999959469 0.008904247 -0.017872196 0.067497954 -0.008792656 0.997680664 1.722769856
0.997702181 0.001688465 -0.067731023 -0.099902004 -0.001102147 0.999961555 0.008692994 -0.018270493 0.067743115 -0.008598369 0.997665763 1.765433192
0.997674882 0.001209756 -0.068143047 -0.102477357 -0.000703925 0.999972045 0.007446590 -0.018470710 0.068150148 -0.007381309 0.997647762 1.807955027
0.997698903 0.003705595 -0.067698158 -0.106061146 -0.003394629 0.999983251 0.004707867 -0.018574215 0.067714468 -0.004467224 0.997694731 1.850258708
0.997593403 0.003039010 -0.069269016 -0.108580977 -0.002689713 0.999983311 0.005135324 -0.019149182 0.069283463 -0.004936652 0.997584879 1.892806292
0.997546434 0.001522161 -0.069991708 -0.111964762 -0.001124008 0.999982893 0.005727604 -0.019243937 0.069999225 -0.005634880 0.997531056 1.935495019
0.997468829 0.002520178 -0.071061268 -0.114910647 -0.002064010 0.999976814 0.006492047 -0.019417599 0.071075961 -0.006328943 0.997450769 1.977851868
0.997452378 0.004336101 -0.071203128 -0.118232623 -0.004088813 0.999985099 0.003618367 -0.020216532 0.071217753 -0.003318013 0.997455239 2.019437075
0.997358263 0.004722403 -0.072485723 -0.120992273 -0.004792836 0.999988139 -0.000797774 -0.020389847 0.072481103 0.001143079 0.997369111 2.061108112
0.997332811 0.006052195 -0.072736882 -0.124518193 -0.006226746 0.999978244 -0.002173245 -0.020820446 0.072722152 0.002620363 0.997348785 2.102576733
0.997306287 0.004531079 -0.073210649 -0.127320737 -0.004409797 0.999988616 0.001818181 -0.021744121 0.073218055 -0.001490438 0.997314811 2.144305944
0.997348547 0.003229110 -0.072700687 -0.130870834 -0.002904492 0.999985337 0.004570401 -0.021969441 0.072714396 -0.004347125 0.997343302 2.185685635
0.997301936 0.000613231 -0.073404834 -0.133651718 -0.000200681 0.999984145 0.005627441 -0.022574779 0.073407128 -0.005597528 0.997286379 2.226724625
0.997303486 -0.002007160 -0.073359802 -0.136529356 0.002301559 0.999989629 0.003928758 -0.022769094 0.073351160 -0.004087007 0.997297823 2.266695261
0.997287095 -0.004440915 -0.073475979 -0.139702231 0.004651438 0.999985576 0.002694311 -0.023362806 0.073462956 -0.003028771 0.997293293 2.309042215
0.997172236 -0.006320592 -0.074883327 -0.142508030 0.006651917 0.999969184 0.004175945 -0.023997489 0.074854620 -0.004662254 0.997183502 2.349533319
0.997104347 -0.009620714 -0.075434163 -0.145737022 0.010252178 0.999915540 0.007988309 -0.023775391 0.075350948 -0.008738544 0.997118711 2.390584230
0.997077882 -0.009924565 -0.075743735 -0.149065077 0.010923199 0.999858618 0.012781511 -0.023861311 0.075606182 -0.013571526 0.997045398 2.430880785
0.997024775 -0.008043818 -0.076660089 -0.151959255 0.009197550 0.999849439 0.014708783 -0.023889653 0.076530240 -0.015370108 0.996948719 2.471782446
0.996914148 -0.007389039 -0.078150414 -0.155437753 0.008286634 0.999903262 0.011167433 -0.024259889 0.078060322 -0.011780578 0.996879041 2.512480497
0.996833563 -0.005679026 -0.079314224 -0.158780620 0.005972755 0.999976158 0.003466606 -0.024711266 0.079292640 -0.003929352 0.996843636 2.551317453
0.996738017 -0.004506377 -0.080579452 -0.162014425 0.004407228 0.999989271 -0.001408269 -0.024714768 0.080584943 0.001048543 0.996747315 2.591461420
0.996696949 0.000803290 -0.081207067 -0.165575817 -0.000857221 0.999999404 -0.000629257 -0.025297634 0.081206515 0.000696791 0.996697068 2.629782677
0.996593893 0.002945315 -0.082413010 -0.169103861 -0.002817320 0.999994636 0.001669337 -0.025747875 0.082417481 -0.001431467 0.996596873 2.668823481
0.996464133 0.006189253 -0.083790652 -0.172243163 -0.005937916 0.999977052 0.003248462 -0.026517754 0.083808839 -0.002739435 0.996478081 2.706309795
0.996381283 0.006572286 -0.084741436 -0.175620496 -0.006336069 0.999975264 0.003056147 -0.026867036 0.084759429 -0.002508160 0.996398270 2.743032217
0.996282995 0.008881438 -0.085681722 -0.179627582 -0.008550677 0.999954522 0.004226575 -0.027850144 0.085715361 -0.003478229 0.996313572 2.779359341
0.996165633 0.008877802 -0.087036282 -0.182613671 -0.008497778 0.999952734 0.004735796 -0.028082423 0.087074213 -0.003978022 0.996193886 2.813804388
0.996039927 0.008943084 -0.088456452 -0.185988083 -0.008526736 0.999950647 0.005083548 -0.028506082 0.088497549 -0.004309172 0.996067047 2.850039959
0.995929241 0.009080415 -0.089680023 -0.189518914 -0.008521895 0.999941826 0.006608857 -0.029332791 0.089734823 -0.005817711 0.995948672 2.885532141
0.995784700 0.012000389 -0.090933077 -0.192763939 -0.011201284 0.999894083 0.009293114 -0.029605890 0.091034979 -0.008235374 0.995813608 2.919574738
0.995639324 0.013787987 -0.092262201 -0.195919260 -0.012623818 0.999833286 0.013189800 -0.029779300 0.092428677 -0.011967581 0.995647371 2.952865601
0.995420039 0.016675876 -0.094131783 -0.199529648 -0.015316297 0.999767959 0.015147434 -0.029993504 0.094362549 -0.013636309 0.995444477 2.987101555
0.995306969 0.019467410 -0.094789520 -0.203613073 -0.018508520 0.999768376 0.010984741 -0.030270714 0.094981410 -0.009178776 0.995436728 3.019059896
0.995161295 0.019584414 -0.096283697 -0.206651270 -0.019389864 0.999807656 0.002955909 -0.030068588 0.096323065 -0.001074679 0.995349526 3.049163342
0.995029092 0.018808156 -0.097792476 -0.209716797 -0.019118384 0.999814868 -0.002236172 -0.030755972 0.097732283 0.004094690 0.995204329 3.080211401
0.995001912 0.019266402 -0.097979486 -0.213031158 -0.019674229 0.999801457 -0.003197841 -0.031298507 0.097898416 0.005109529 0.995183289 3.109520674
0.994857430 0.022219973 -0.098817520 -0.216073185 -0.022310989 0.999751091 0.000184076 -0.031451937 0.098797016 0.002021587 0.995105505 3.138406515
0.994741201 0.022422353 -0.099935926 -0.219397932 -0.022284381 0.999748528 0.002496879 -0.032288365 0.099966772 -0.000256738 0.994990706 3.166835785
0.994724214 0.018989952 -0.100811169 -0.222196043 -0.019156152 0.999816298 -0.000680737 -0.032854788 0.100779705 0.002608299 0.994905353 3.192912579
0.994874716 0.010827832 -0.100534566 -0.224698305 -0.011487522 0.999916077 -0.005985179 -0.033213951 0.100461312 0.007109396 0.994915605 3.219097614
0.995015025 0.006964722 -0.099481300 -0.227040678 -0.008099423 0.999906719 -0.011006850 -0.033534650 0.099395350 0.011757724 0.994978607 3.244649887
0.995233536 0.009574790 -0.097048916 -0.229182631 -0.010709313 0.999880135 -0.011176053 -0.034063313 0.096930280 0.012162109 0.995216846 3.270656347
0.995576024 0.014634896 -0.092812300 -0.231703907 -0.015438919 0.999849141 -0.007950762 -0.034805719 0.092681937 0.009348510 0.995651841 3.294895887
0.996024370 0.012678374 -0.088173300 -0.233804554 -0.013196557 0.999898851 -0.005296391 -0.034915164 0.088097245 0.006438919 0.996091008 3.318273783
0.996536851 0.009507382 -0.082607165 -0.235348627 -0.009629536 0.999953032 -0.001080442 -0.035506167 0.082593016 0.001872168 0.996581614 3.341832399
0.997185886 0.004964856 -0.074803814 -0.236097187 -0.004773780 0.999984860 0.002732943 -0.036363330 0.074816249 -0.002368155 0.997194529 3.364450455
0.997881234 0.008586552 -0.064493798 -0.237031102 -0.008454172 0.999961555 0.002325218 -0.036514744 0.064511277 -0.001775050 0.997915447 3.386419296
0.998723984 0.013933553 -0.048541464 -0.239197314 -0.013874385 0.999902487 0.001555713 -0.036669482 0.048558418 -0.000880244 0.998819947 3.407973289
0.999376237 0.018994907 -0.029769052 -0.240154713 -0.018947540 0.999818683 0.001872592 -0.036758117 0.029799230 -0.001307374 0.999555051 3.428819418
0.999813020 0.017732803 -0.007715646 -0.239346951 -0.017713673 0.999839783 0.002541170 -0.037047025 0.007759478 -0.002404023 0.999966979 3.449702978
0.999743402 0.013835466 0.017936427 -0.238065839 -0.013898900 0.999897659 0.003416775 -0.037509412 -0.017887319 -0.003665196 0.999833286 3.468869209
0.998776197 0.012824115 0.047764938 -0.236276060 -0.013084071 0.999901175 0.005133695 -0.038051665 -0.047694385 -0.005752373 0.998845398 3.488417625
0.996678472 0.012208131 0.080517046 -0.233806878 -0.012772557 0.999897301 0.006498708 -0.038292389 -0.080429450 -0.007505531 0.996731997 3.507296801
0.992965579 0.012311584 0.117761493 -0.230273217 -0.013181613 0.999891222 0.006612030 -0.038419239 -0.117667288 -0.008117805 0.993019819 3.526047230
0.987126768 0.012289379 0.159466103 -0.226657033 -0.013496548 0.999887824 0.006489190 -0.038673870 -0.159368485 -0.008557898 0.987182081 3.543591499
0.978755713 0.012212460 0.204665408 -0.221943676 -0.013827205 0.999883592 0.006461369 -0.038958199 -0.204562709 -0.009154053 0.978810608 3.560970068
0.967341959 0.014356950 0.253068060 -0.216116190 -0.015956575 0.999863565 0.004269498 -0.039364904 -0.252972275 -0.008168166 0.967438996 3.577860117
0.951785743 0.015519289 0.306370854 -0.209643602 -0.016633131 0.999861062 0.001025032 -0.039656747 -0.306312472 -0.006071517 0.951911688 3.594145060
0.932080746 0.015737040 0.361908644 -0.202114463 -0.016401082 0.999864757 -0.001237271 -0.039917916 -0.361879081 -0.004782456 0.932212770 3.609618664
0.907813251 0.016110951 0.419064850 -0.194049001 -0.016371911 0.999861538 -0.002973476 -0.040331129 -0.419054717 -0.004161532 0.907951474 3.623838186
0.878334224 0.016363414 0.477766991 -0.184875727 -0.015639387 0.999862611 -0.005493386 -0.040513087 -0.477791250 -0.002646953 0.878469408 3.638282537
0.845331252 0.015319741 0.534022808 -0.174047947 -0.013085688 0.999882579 -0.007970075 -0.040740188 -0.534082234 -0.000250703 0.845432520 3.651373148
0.808527470 0.015399559 0.588256955 -0.162714481 -0.012065371 0.999881268 -0.009591973 -0.041148387 -0.588334739 0.000657835 0.808617175 3.663756847
0.768428385 0.013776397 0.639787376 -0.150813937 -0.010746176 0.999905109 -0.008623837 -0.041610658 -0.639845610 -0.000248466 0.768503606 3.675665855
0.726803660 0.013468114 0.686713099 -0.138205290 -0.012097348 0.999903679 -0.006806942 -0.041954473 -0.686738670 -0.003360098 0.726896524 3.685455322
0.682031095 0.012401417 0.731217980 -0.125083566 -0.010966167 0.999917209 -0.006730036 -0.042237565 -0.731240928 -0.003428565 0.682110667 3.694982052
0.635605991 0.010999707 0.771935344 -0.111033320 -0.006806346 0.999939501 -0.008644360 -0.042472988 -0.771983683 0.000240348 0.635642290 3.704010963
0.588198662 0.008696643 0.808669686 -0.097124100 -0.002087005 0.999955118 -0.009235759 -0.043086007 -0.808713794 0.003744765 0.588190436 3.712065697
0.542174280 0.010553264 0.840199828 -0.082527280 -0.004557334 0.999943376 -0.009618899 -0.043841701 -0.840253770 0.001386049 0.542191565 3.719150066
0.493903607 0.013732820 0.869408250 -0.068127275 -0.007530293 0.999905348 -0.011516203 -0.044055220 -0.869484067 -0.000859004 0.493960202 3.726473093
0.448659748 0.015929380 0.893560708 -0.053274155 -0.008219300 0.999872386 -0.013697647 -0.044509437 -0.893664837 -0.001198859 0.448733449 3.732219219
0.405837804 0.013648631 0.913843215 -0.037907481 -0.001141330 0.999895394 -0.014426988 -0.044756237 -0.913944423 0.004812020 0.405810893 3.737394094
0.366819561 0.005708016 0.930274665 -0.021671414 0.014555932 0.999823570 -0.011874354 -0.045069456 -0.930178285 0.017896757 0.366671830 3.741282225
0.331054956 0.002093886 0.943609178 -0.005658388 0.018551629 0.999789834 -0.008727189 -0.045363817 -0.943429112 0.020394666 0.330946535 3.745371580
0.297412604 0.006174401 0.954729140 0.010244250 0.015770087 0.999810934 -0.011378577 -0.045845747 -0.954618812 0.018440293 0.297259033 3.749742985
0.266617924 0.013903172 0.963702023 0.027172089 0.005049195 0.999862075 -0.015821761 -0.046445474 -0.963789046 0.009084282 0.266511023 3.754267931
0.238204286 0.017694931 0.971053898 0.044052720 0.001140665 0.999828219 -0.018499080 -0.047253732 -0.971214414 0.005514206 0.238143206 3.758042574
0.212706298 0.019911150 0.976913214 0.061879933 0.002020055 0.999781251 -0.020817073 -0.047933668 -0.977114081 0.006401341 0.212619543 3.761022568
0.188860029 0.021824010 0.981761456 0.080066442 0.008646403 0.999677241 -0.023885567 -0.048446771 -0.981965959 0.012999732 0.188610390 3.763562441
0.169488326 0.027546212 0.985147297 0.098778129 0.016319096 0.999393821 -0.030752167 -0.048566118 -0.985397100 0.021288848 0.168936074 3.765276432
0.149591327 0.034341007 0.988151312 0.117608309 0.018777693 0.999117732 -0.037564781 -0.048533827 -0.988569498 0.024174565 0.148814499 3.767596960
0.132071346 0.035189971 0.990615308 0.137772530 0.016316488 0.999157012 -0.037668746 -0.049225025 -0.991105855 0.021138327 0.131385818 3.770087242
0.116405070 0.030848967 0.992722631 0.158231854 0.013888677 0.999369204 -0.032684069 -0.050379619 -0.993104696 0.017592194 0.115903206 3.772214174
0.102028236 0.027450696 0.994402707 0.179599553 0.014184404 0.999477386 -0.029046142 -0.051460773 -0.994680345 0.017068533 0.101585545 3.774128437
0.088312671 0.025310526 0.995771110 0.201325089 0.016792638 0.999497235 -0.026894536 -0.052151389 -0.995951295 0.019096754 0.087843232 3.775810957
0.077185147 0.024145052 0.996724308 0.223998755 0.020179989 0.999464095 -0.025774136 -0.053036474 -0.996812522 0.022103269 0.076656543 3.776741505
0.067084670 0.025286222 0.997426808 0.247816145 0.023554226 0.999360025 -0.026919439 -0.053511743 -0.997469246 0.025299499 0.066446140 3.777921200
0.059133478 0.025452165 0.997925580 0.271935970 0.025166305 0.999319136 -0.026978973 -0.054428365 -0.997932792 0.026709460 0.058452681 3.778971434
0.053789243 0.025858512 0.998217523 0.296882033 0.027636513 0.999243081 -0.027374282 -0.055140227 -0.998169839 0.029059689 0.053033888 3.779800653
0.047981344 0.026789613 0.998488903 0.323344767 0.028591145 0.999193847 -0.028182445 -0.056025751 -0.998438954 0.029900173 0.047176719 3.781348228
0.042238437 0.027090788 0.998740137 0.349881828 0.029614327 0.999159217 -0.028354594 -0.056996021 -0.998668551 0.030774675 0.041400652 3.782169580
0.037737403 0.027466731 0.998910129 0.377385080 0.031444360 0.999094546 -0.028659724 -0.057742048 -0.998792946 0.032491628 0.036839556 3.783052444
0.034442082 0.027651366 0.999024093 0.405715764 0.032894816 0.999044180 -0.028785996 -0.058593955 -0.998865187 0.033854172 0.033499587 3.784197569
0.031951804 0.026998833 0.999124646 0.435433686 0.033833675 0.999032915 -0.028078349 -0.059705298 -0.998916566 0.034701210 0.031007428 3.784419060
0.029640472 0.026078090 0.999220312 0.464163363 0.036714472 0.998956561 -0.027160291 -0.060765296 -0.998886108 0.037490893 0.028652092 3.785167217
0.028930003 0.026055448 0.999241710 0.496580273 0.040331427 0.998815715 -0.027212011 -0.061611466 -0.998767436 0.041088086 0.027844887 3.785731554
0.029840125 0.025542699 0.999228239 0.526986718 0.044583358 0.998644531 -0.026859179 -0.062570035 -0.998559892 0.045350436 0.028660899 3.786954403
0.032313444 0.025496371 0.999152660 0.560769200 0.045467995 0.998602152 -0.026952803 -0.063826308 -0.998443067 0.046300407 0.031109009 3.787465096
0.036018111 0.025457419 0.999026895 0.593980491 0.047850437 0.998484969 -0.027168769 -0.064878538 -0.998205006 0.048782438 0.034745395 3.788842440
0.040615361 0.024893809 0.998864651 0.627533197 0.048565712 0.998458803 -0.026858449 -0.065891437 -0.997994006 0.049601432 0.039343782 3.790049553
0.044512488 0.023163488 0.998740196 0.663008928 0.049913716 0.998430967 -0.025380900 -0.067201659 -0.997761130 0.050980605 0.043286461 3.791611195
0.048295476 0.021776110 0.998595655 0.698164105 0.049681351 0.998472393 -0.024176184 -0.068143584 -0.997596800 0.050779182 0.047139842 3.793621540
0.052751064 0.019203149 0.998423100 0.733560503 0.046911418 0.998663545 -0.021686312 -0.069543928 -0.997505128 0.047981407 0.051779725 3.795347214
0.056509033 0.018376157 0.998232901 0.771023870 0.045654129 0.998737156 -0.020969875 -0.070475049 -0.997357726 0.046758443 0.055598728 3.797943354
0.060419057 0.019217674 0.997988045 0.807147384 0.043147463 0.998829782 -0.021846071 -0.071581773 -0.997240007 0.044380575 0.059519161 3.800687790
0.063749366 0.023265427 0.997694731 0.845209479 0.040761210 0.998833179 -0.025896480 -0.073059194 -0.997133136 0.042318132 0.062726662 3.803105116
0.064959779 0.028481372 0.997481346 0.881519556 0.035011899 0.998912156 -0.030802328 -0.074454539 -0.997273445 0.036924634 0.063891940 3.806133747
0.064887926 0.031248361 0.997403204 0.918652534 0.032262199 0.998921335 -0.033394802 -0.076148257 -0.997370839 0.034345344 0.063809797 3.808706760
0.065376438 0.031348959 0.997368038 0.957679510 0.030000165 0.998992741 -0.033366505 -0.077187151 -0.997409523 0.032102589 0.064370103 3.811187506
0.065463759 0.029263791 0.997425795 0.994648993 0.027147634 0.999147654 -0.031096086 -0.079014301 -0.997485578 0.029113412 0.064613529 3.813866138
0.064943127 0.027921814 0.997498214 1.031995296 0.028139468 0.999159634 -0.029800372 -0.080668375 -0.997492075 0.030004397 0.064102843 3.816889286
0.065330461 0.027420631 0.997486830 1.070379734 0.025430329 0.999251902 -0.029134713 -0.082343966 -0.997539580 0.027269801 0.064584285 3.819494963
0.065741085 0.027823251 0.997448742 1.107842684 0.024100676 0.999275267 -0.029462660 -0.083831102 -0.997545660 0.025976093 0.065022878 3.822195053
0.065900750 0.028267911 0.997425735 1.144771099 0.020857111 0.999341249 -0.029700244 -0.085654318 -0.997608125 0.022760682 0.065267764 3.824652195
0.063928954 0.029590826 0.997515678 1.182304740 0.017760342 0.999368191 -0.030784013 -0.087190896 -0.997796416 0.019684207 0.063363031 3.827931404
0.060787112 0.029301187 0.997720599 1.219627261 0.014195195 0.999442518 -0.030216614 -0.088655122 -0.998049796 0.015999619 0.060337286 3.830801249
0.056599148 0.028225008 0.997997999 1.256436467 0.011469477 0.999515891 -0.028918404 -0.089926332 -0.998331130 0.013083267 0.056248035 3.833680391
0.052727554 0.025739305 0.998277187 1.294137478 0.011087926 0.999591053 -0.026358830 -0.091812469 -0.998547375 0.012458660 0.052420601 3.834758759
0.046649940 0.023651376 0.998631299 1.329978585 0.009329865 0.999665618 -0.024111710 -0.093070686 -0.998867691 0.010441904 0.046413679 3.836469889
0.039171256 0.023354189 0.998959601 1.367271423 0.008739321 0.999680579 -0.023713738 -0.095118925 -0.999194264 0.009659125 0.038954638 3.838010311
0.030665157 0.024648396 0.999225676 1.405535340 0.008248233 0.999655545 -0.024912128 -0.096313789 -0.999495685 0.009005780 0.030451290 3.839069366
0.020264678 0.025050988 0.999480784 1.441046238 0.008255107 0.999647737 -0.025222549 -0.097620323 -0.999760568 0.008761948 0.020050745 3.839838743
0.010268813 0.024288837 0.999652267 1.479253769 0.010502529 0.999647200 -0.024396600 -0.098761454 -0.999892056 0.010749403 0.010010095 3.840016603
0.000008783 0.023373678 0.999726892 1.515591025 0.009760668 0.999679208 -0.023372652 -0.100367188 -0.999952376 0.009758206 -0.000219360 3.839666605
-0.011777708 0.022511469 0.999677241 1.552235484 0.011000560 0.999688983 -0.022382131 -0.101786084 -0.999870062 0.010733399 -0.012021684 3.839568615
-0.022748694 0.022923565 0.999478340 1.588599086 0.010784010 0.999684572 -0.022682847 -0.102945447 -0.999682963 0.010262381 -0.022988727 3.838712454
-0.032949518 0.023772808 0.999174178 1.624183536 0.010957744 0.999665618 -0.023423148 -0.104057305 -0.999396920 0.010176914 -0.033198997 3.836625099
-0.044310093 0.024770346 0.998710692 1.661013722 0.010142439 0.999652147 -0.024343705 -0.105629861 -0.998966336 0.009050690 -0.044545915 3.835926771
-0.054625072 0.025554419 0.998179853 1.696079493 0.010658221 0.999630451 -0.025008285 -0.107056580 -0.998450041 0.009272743 -0.054877240 3.833651543
-0.064157538 0.025759622 0.997607172 1.731033564 0.011383023 0.999620616 -0.025079548 -0.108894989 -0.997874796 0.009746745 -0.064426422 3.831329823
-0.073968776 0.026691183 0.996903300 1.766205668 0.012106623 0.999592125 -0.025864881 -0.109960690 -0.997187078 0.010155939 -0.074261762 3.828887224
-0.083420575 0.027269583 0.996141195 1.800032258 0.012576152 0.999574602 -0.026310399 -0.111089468 -0.996435106 0.010332793 -0.083728053 3.826346874
-0.091840230 0.026690856 0.995415986 1.834671021 0.014389993 0.999572039 -0.025474621 -0.112465769 -0.995669723 0.011984437 -0.092185006 3.822629929
-0.099326558 0.025681298 0.994723439 1.867904663 0.015774431 0.999581993 -0.024231602 -0.113860123 -0.994929850 0.013284354 -0.099690124 3.819167614
-0.104694180 0.024142843 0.994211376 1.901359677 0.018761240 0.999575377 -0.022297474 -0.115004689 -0.994327486 0.016318221 -0.105102658 3.816018581
-0.108103968 0.022314295 0.993889093 1.933644891 0.021748487 0.999561906 -0.020076102 -0.116287954 -0.993901670 0.019445278 -0.108541913 3.811611891
-0.111233845 0.021403259 0.993563771 1.966715097 0.023410246 0.999547064 -0.018911265 -0.117377572 -0.993518531 0.021156004 -0.111684538 3.808509111
-0.112849846 0.020443803 0.993401587 1.997562289 0.023257442 0.999568760 -0.017928680 -0.118471287 -0.993339837 0.021080729 -0.113276616 3.804565430
-0.113272697 0.021116061 0.993339479 2.028371811 0.024044370 0.999539614 -0.018506026 -0.119378462 -0.993272901 0.021787994 -0.113728255 3.800883293
-0.112407312 0.021727804 0.993424535 2.059334040 0.024378380 0.999520302 -0.019102676 -0.120958135 -0.993363142 0.022070797 -0.112883069 3.797656059
-0.109551936 0.023781246 0.993696570 2.087530136 0.026434634 0.999429882 -0.021004120 -0.121405929 -0.993629456 0.023966959 -0.110118136 3.794518709
-0.104584470 0.023815652 0.994230807 2.114815950 0.025489526 0.999449074 -0.021259371 -0.122834690 -0.994189322 0.023119073 -0.105133899 3.791768074
-0.096412793 0.024471981 0.995040596 2.142577648 0.025444401 0.999431729 -0.022114579 -0.124101914 -0.995016158 0.023186084 -0.096980669 3.789267540
-0.085395403 0.024937248 0.996034980 2.168870687 0.024063390 0.999446750 -0.022959584 -0.124613702 -0.996056437 0.022007337 -0.085948236 3.787451744
-0.071812704 0.025178295 0.997100294 2.194049358 0.023100395 0.999455214 -0.023574034 -0.125855058 -0.997150540 0.021340497 -0.072355218 3.786306858
-0.054900147 0.027009320 0.998126566 2.217689514 0.022896517 0.999405265 -0.025784545 -0.126563966 -0.998229265 0.021438044 -0.055485919 3.785809755
-0.033489645 0.028878704 0.999021888 2.242660761 0.020461900 0.999392688 -0.028203500 -0.127929464 -0.999229491 0.019497359 -0.034060236 3.785420895
-0.008574411 0.031729970 0.999459743 2.265926361 0.018701887 0.999326706 -0.031565301 -0.129155263 -0.999788344 0.018421130 -0.009162053 3.785814285
0.019479757 0.033717185 0.999241531 2.289873123 0.016828163 0.999278545 -0.034046490 -0.130116001 -0.999668598 0.017478617 0.018898305 3.787255764
0.052390695 0.033027746 0.998080313 2.313380957 0.014035352 0.999329925 -0.033805825 -0.131443292 -0.998528004 0.015779519 0.051892027 3.789697886
0.091778100 0.030748896 0.995304644 2.334197998 0.014042888 0.999383688 -0.032169826 -0.132140249 -0.995680511 0.016929435 0.091289729 3.791262388
0.133276060 0.027088819 0.990708649 2.358697414 0.011459284 0.999517441 -0.028871248 -0.133387566 -0.991012692 0.015200659 0.132901341 3.796167374
0.178837895 0.022583641 0.983619332 2.380266666 0.009117099 0.999655604 -0.024609467 -0.134383693 -0.983836293 0.013368859 0.178570390 3.800777197
0.227405012 0.019499425 0.973605037 2.401797533 0.004494234 0.999767840 -0.021073136 -0.135389626 -0.973789871 0.009167746 0.227264598 3.807207584
0.278520405 0.018058600 0.960260510 2.424715281 0.000016714 0.999823093 -0.018807461 -0.136165738 -0.960430324 0.005254310 0.278470814 3.815277100
0.333096504 0.017385798 0.942732453 2.444877148 -0.001836638 0.999840021 -0.017790031 -0.137121201 -0.942891002 0.004194339 0.333075136 3.824234486
0.390050679 0.018180076 0.920613825 2.465158463 0.000885382 0.999797225 -0.020118894 -0.137776077 -0.920792878 0.008662486 0.389955491 3.834418774
0.449004591 0.021679122 0.893266499 2.483238459 0.002556208 0.999670446 -0.025546385 -0.138208836 -0.893525720 0.013753819 0.448801219 3.845610619
0.508421063 0.024292544 0.860765874 2.502068520 0.003468281 0.999536097 -0.030257501 -0.139307544 -0.861101627 0.018368931 0.508100927 3.858693123
0.564255416 0.031880487 0.824984491 2.517307997 -0.001579183 0.999293983 -0.037536360 -0.138464823 -0.825598836 0.019877290 0.563907385 3.872757435
0.621793687 0.032393001 0.782510877 2.534044504 -0.005279232 0.999294877 -0.037172101 -0.140330449 -0.783163249 0.018982319 0.621526301 3.887316465
0.674409568 0.034339488 0.737558484 2.548590899 -0.007618641 0.999188423 -0.039554194 -0.140702501 -0.738318205 0.021056533 0.674123764 3.903182983
0.723258913 0.031663358 0.689850688 2.562498808 -0.007954489 0.999264002 -0.037525363 -0.141960442 -0.690531135 0.021653144 0.722978473 3.920191765
0.768637002 0.027099144 0.639110863 2.575176716 -0.009820611 0.999484420 -0.030568533 -0.143423334 -0.639609814 0.017219646 0.768506765 3.938391447
0.809764862 0.022177214 0.586335182 2.586351395 -0.009903301 0.999659717 -0.024133494 -0.143727362 -0.586670756 0.013735802 0.809709013 3.957398891
0.846181333 0.020366225 0.532505631 2.596991539 -0.012666391 0.999755800 -0.018109079 -0.144033521 -0.532744348 0.008578642 0.846232772 3.978030920
0.877226651 0.015277163 0.479833424 2.605980396 -0.011699346 0.999877095 -0.010445936 -0.144763976 -0.479933888 0.003549716 0.877297521 3.998854160
0.903250098 0.016337682 0.428803355 2.613408089 -0.015963497 0.999862611 -0.004469195 -0.145541623 -0.428817481 -0.002808401 0.903386712 4.018489838
0.923161089 0.019948313 0.383895427 2.619786739 -0.020811722 0.999781609 -0.001905161 -0.145489022 -0.383849561 -0.006230755 0.923374593 4.040276051
0.938852251 0.023488021 0.343518078 2.626666546 -0.025525063 0.999673128 0.001408717 -0.145959288 -0.343372673 -0.010090897 0.939145088 4.062952518
0.950885534 0.027637864 0.308306247 2.632242203 -0.029445753 0.999565601 0.001212049 -0.146389872 -0.308138847 -0.010230829 0.951286376 4.085285187
0.960210741 0.030737225 0.277579874 2.637970209 -0.032236669 0.999479949 0.000838536 -0.146151394 -0.277409703 -0.009753422 0.960702240 4.108122826
0.966456234 0.024874764 0.255623877 2.644069433 -0.026007781 0.999661207 0.001052503 -0.146242842 -0.255511016 -0.007665407 0.966775715 4.131778717
0.970467925 0.021333583 0.240284935 2.649636269 -0.022310290 0.999750197 0.001344949 -0.146328866 -0.240196168 -0.006666058 0.970701456 4.155784130
0.973405361 0.025253089 0.227693126 2.654699802 -0.026144903 0.999657810 0.000900960 -0.146423474 -0.227592409 -0.006830013 0.973732531 4.181328773
0.975641787 0.030338790 0.217261806 2.659437656 -0.031671789 0.999494910 0.002655166 -0.146972016 -0.217071488 -0.009471561 0.976109743 4.205791473
0.976583183 0.038037710 0.211750761 2.663843632 -0.039126549 0.999233842 0.000952826 -0.146831483 -0.211552233 -0.009215591 0.977323174 4.231573105
0.977038801 0.044354983 0.208393469 2.669021368 -0.044917725 0.998988628 -0.002033486 -0.147566199 -0.208272934 -0.007373767 0.978042960 4.257761478
0.977041900 0.045616433 0.208106503 2.674284935 -0.045681551 0.998945892 -0.004495616 -0.148079559 -0.208092228 -0.005114221 0.978095829 4.284202576
0.976563990 0.045264658 0.210413188 2.680522442 -0.044631761 0.998973370 -0.007758107 -0.148941427 -0.210548326 -0.001814823 0.977581799 4.310966015
0.975832939 0.042843748 0.214276552 2.686433315 -0.040616151 0.999065340 -0.014789832 -0.148676246 -0.214709952 0.005729315 0.976660967 4.340246201
0.974655032 0.043311685 0.219480246 2.692089558 -0.039976627 0.999008000 -0.019615857 -0.149045989 -0.220112145 0.010344614 0.975419641 4.369042873
0.973704636 0.047859892 0.222730011 2.699256420 -0.044663142 0.998814225 -0.019370673 -0.149437994 -0.223393008 0.008913488 0.974687636 4.397893906
0.972078562 0.051170815 0.229008064 2.705503941 -0.048869587 0.998681545 -0.015712377 -0.149830103 -0.229510143 0.004082136 0.973297715 4.428156853
0.971249044 0.048119504 0.233151942 2.713264227 -0.046897367 0.998841465 -0.010785830 -0.150774375 -0.233400851 -0.000458486 0.972380519 4.458445549
0.970480680 0.043698214 0.237186998 2.721246243 -0.043716598 0.999030530 -0.005184680 -0.151316717 -0.237183630 -0.005337377 0.971450210 4.489957333
0.969740093 0.041348759 0.240612701 2.729154587 -0.042471461 0.999097645 -0.000520216 -0.151953757 -0.240417093 -0.009714699 0.970621049 4.521379948
0.969180167 0.036521420 0.243630797 2.737261057 -0.037474114 0.999297321 -0.000724809 -0.151818395 -0.243486047 -0.008427378 0.969867766 4.553278923
0.969214082 0.033400133 0.243943676 2.745662212 -0.033684243 0.999427974 -0.003008029 -0.152708665 -0.243904620 -0.005301633 0.969784737 4.585781097
0.969265342 0.032921318 0.243805274 2.753782749 -0.031475622 0.999456227 -0.009824220 -0.153280616 -0.243996188 0.001848352 0.969774425 4.618557930
0.969438851 0.035170484 0.242799029 2.761841297 -0.032100350 0.999346912 -0.016590614 -0.153815389 -0.243223935 0.008289648 0.969934881 4.651947975
0.970027924 0.038234547 0.239966705 2.770084858 -0.034305513 0.999200463 -0.020530637 -0.154229358 -0.240559816 0.011683108 0.970564067 4.686315536
0.970706046 0.036281619 0.237515211 2.778501511 -0.033407733 0.999311864 -0.016115027 -0.154809535 -0.237936437 0.007708111 0.971250057 4.720984459
0.971143603 0.032198042 0.236312136 2.787081003 -0.031074340 0.999481082 -0.008479005 -0.155619398 -0.236462548 0.000891087 0.971640110 4.756336689
0.971681654 0.032960296 0.233983472 2.795625210 -0.033301525 0.999442220 -0.002493447 -0.156356439 -0.233935133 -0.005369170 0.972237349 4.793197632
0.971999645 0.036513153 0.232128352 2.803861618 -0.036794558 0.999318063 -0.003118769 -0.157146901 -0.232083917 -0.005509618 0.972680211 4.829324722
0.972265720 0.041595820 0.230150267 2.811823606 -0.040845834 0.999133229 -0.008024156 -0.157289147 -0.230284587 -0.001599067 0.973121941 4.866698265
0.973096013 0.042467512 0.226452112 2.820270538 -0.040448546 0.999089658 -0.013550505 -0.157750517 -0.226821452 0.004026284 0.973928034 4.904604435
0.974072993 0.041536588 0.222387955 2.828675747 -0.038904727 0.999111533 -0.016204307 -0.158483669 -0.222863451 0.007132237 0.974823594 4.942228317
0.974997461 0.039186478 0.218733415 2.837049961 -0.036896311 0.999213219 -0.014546638 -0.159195185 -0.219131336 0.006112480 0.975676298 4.981242657
0.975909770 0.035410833 0.215281546 2.845800877 -0.033518359 0.999360740 -0.012436241 -0.160236999 -0.215584308 0.004920763 0.976472795 5.020241737
0.976278067 0.034275591 0.213790283 2.854198456 -0.033007219 0.999409974 -0.009500627 -0.161142275 -0.213989750 0.002218631 0.976833344 5.059832573
0.976627231 0.030758802 0.212727502 2.862840176 -0.029829208 0.999526322 -0.007578750 -0.161521494 -0.212859839 0.001056121 0.977082253 5.100441933
0.976968110 0.025952170 0.211801440 2.872145891 -0.025265222 0.999663055 -0.005949484 -0.162404209 -0.211884484 0.000461247 0.977294624 5.139949322
0.977084577 0.026620844 0.211180434 2.880870819 -0.026241373 0.999644995 -0.004599650 -0.162930489 -0.211227939 -0.001047417 0.977436244 5.180803299
0.976780951 0.031773210 0.211871445 2.889012814 -0.031038769 0.999495029 -0.006792273 -0.163321391 -0.211980253 0.000058335 0.977273941 5.221474648
0.976577878 0.037839498 0.211810812 2.897679806 -0.036594845 0.999282181 -0.009794678 -0.164184645 -0.212029368 0.001814083 0.977261603 5.262524605
0.975956559 0.046731912 0.212896496 2.906084061 -0.045273069 0.998905838 -0.011725086 -0.164434835 -0.213211477 0.001804697 0.977004409 5.304249287
0.974988759 0.053210333 0.215790674 2.914937735 -0.052032631 0.998583198 -0.011139118 -0.165429413 -0.216077670 -0.000367639 0.976376176 5.346354485
0.974141121 0.055570792 0.218999833 2.923162460 -0.054981101 0.998448670 -0.008791055 -0.166698307 -0.219148621 -0.003477120 0.975685298 5.388099670
0.973658621 0.055943225 0.221041173 2.933059454 -0.055191282 0.998429775 -0.009581495 -0.167493314 -0.221230134 -0.002870440 0.975217342 5.429975986
0.973388910 0.053662702 0.222787291 2.942781687 -0.052130051 0.998558760 -0.012759011 -0.168005437 -0.223150879 0.000805570 0.974783599 5.471669674
0.973350227 0.047978830 0.224248543 2.952111721 -0.046676200 0.998848438 -0.011109437 -0.169331431 -0.224523261 0.000346304 0.974468648 5.513653278
0.973588705 0.041478727 0.224509358 2.962411165 -0.039545428 0.999131918 -0.013102934 -0.169775933 -0.224857926 0.003878548 0.974383771 5.555685043
0.973363936 0.040613476 0.225639701 2.972709656 -0.038724590 0.999168158 -0.012792803 -0.171411455 -0.225971520 0.003714247 0.974126816 5.597599030
0.972903371 0.042825665 0.227211311 2.981671333 -0.041682817 0.999082565 -0.009827952 -0.172292337 -0.227423772 0.000090839 0.973795891 5.639101505
0.972400665 0.045100108 0.228917122 2.990742207 -0.045355540 0.998962283 -0.004148050 -0.172987163 -0.228866681 -0.006349092 0.973437130 5.681296349
0.971973658 0.048806883 0.229967609 3.000535488 -0.050031155 0.998747528 -0.000507873 -0.173637912 -0.229704365 -0.011011905 0.973198175 5.722774982
0.971943200 0.047537800 0.230361834 3.011007547 -0.047250926 0.998860180 -0.006764976 -0.174628437 -0.230420843 -0.004309637 0.973081589 5.763671875
0.972108424 0.043937083 0.230379671 3.019664764 -0.040249195 0.998975515 -0.020685365 -0.176061764 -0.231052533 0.010835818 0.972880900 5.805173397
0.972454667 0.041991625 0.229278535 3.030262470 -0.036163095 0.998908460 -0.029565880 -0.177186862 -0.230269790 0.020460052 0.972911656 5.846148491
0.972707689 0.039471135 0.228652358 3.040042400 -0.035719171 0.999150991 -0.020525983 -0.178127676 -0.229268461 0.011798506 0.973291755 5.887748241
0.973121881 0.031910017 0.228069142 3.050071716 -0.032907929 0.999458134 0.000573065 -0.179367676 -0.227927297 -0.008062946 0.973644733 5.930617332
0.973380566 0.028129136 0.227462023 3.058987141 -0.032440994 0.999357402 0.015239360 -0.180121318 -0.226887196 -0.022212790 0.973667681 5.971290112
