1.000000000 0.000000000 0.000000000 0.000000000 0.000000000 1.000000000 0.000000000 0.000000000 0.000000000 0.000000000 1.000000000 0.000000000
1.000000000 0.000000000 0.000000000 0.000000000 0.000000000 1.000000000 0.000000000 0.000000000 0.000000000 0.000000000 1.000000000 0.000000000
1.000000000 0.000000000 0.000000000 0.000000000 0.000000000 1.000000000 0.000000000 0.000000000 0.000000000 0.000000000 1.000000000 0.000000000
1.000000000 0.000000000 0.000000000 0.000000000 0.000000000 1.000000000 0.000000000 0.000000000 0.000000000 0.000000000 1.000000000 0.000000000
1.000000000 0.000000000 0.000000000 0.000000000 0.000000000 1.000000000 0.000000000 0.000000000 0.000000000 0.000000000 1.000000000 0.000000000
1.000000000 0.000000000 0.000000000 0.000000000 0.000000000 1.000000000 0.000000000 0.000000000 0.000000000 0.000000000 1.000000000 0.000000000
1.000000000 0.000000000 0.000000000 0.000000000 0.000000000 1.000000000 0.000000000 0.000000000 0.000000000 0.000000000 1.000000000 0.000000000
1.000000000 0.000000000 0.000000000 0.000000000 0.000000000 1.000000000 0.000000000 0.000000000 0.000000000 0.000000000 1.000000000 0.000000000
1.000000000 0.000000000 0.000000000 0.000000000 0.000000000 1.000000000 0.000000000 0.000000000 0.000000000 0.000000000 1.000000000 0.000000000
1.000000000 0.000000000 0.000000000 0.000000000 0.000000000 1.000000000 0.000000000 0.000000000 0.000000000 0.000000000 1.000000000 0.000000000
1.000000000 0.000000000 0.000000000 0.000000000 0.000000000 1.000000000 0.000000000 0.000000000 0.000000000 0.000000000 1.000000000 0.000000000
1.000000000 0.000000000 0.000000000 0.000000000 0.000000000 1.000000000 0.000000000 0.000000000 0.000000000 0.000000000 1.000000000 0.000000000
1.000000000 0.000000000 0.000000000 0.000000000 0.000000000 1.000000000 0.000000000 0.000000000 0.000000000 0.000000000 1.000000000 0.000000000
0.998884678 -0.001200576 0.047200903 0.000262950 0.001269232 0.999998093 -0.001424597 0.000063656 -0.047199111 0.001482917 0.998884380 0.009811401
0.995567620 -0.004058721 0.093960792 0.000981353 0.004309268 0.999987662 -0.002463763 0.000080571 -0.093949616 0.002857745 0.995572865 0.019717602
0.990179479 -0.004153315 0.139740437 0.002486243 0.004842302 0.999977767 -0.004590828 0.000244616 -0.139718294 0.005222416 0.990177512 0.029981246
0.982508004 -0.007762820 0.186058462 0.004068345 0.008596996 0.999956310 -0.003676995 -0.000391072 -0.186021790 0.005212221 0.982531786 0.039413426
0.972823441 -0.007233411 0.231435746 0.006398825 0.008428548 0.999955893 -0.004175658 -0.000604494 -0.231395304 0.006012845 0.972841263 0.049179129
0.960835636 -0.007054521 0.277029037 0.009121919 0.009116102 0.999939442 -0.006154526 -0.000830120 -0.276968896 0.008438913 0.960841775 0.058851551
0.946753085 -0.010332823 0.321794510 0.012370690 0.013436674 0.999882162 -0.007425884 -0.001052571 -0.321679831 0.011354327 0.946780443 0.068418041
0.930715799 -0.009115553 0.365629613 0.016087081 0.013217225 0.999874592 -0.008716653 -0.001239237 -0.365504384 0.012945335 0.930719614 0.077980496
0.912763417 -0.010249320 0.408359975 0.020238969 0.016089344 0.999811411 -0.010868778 -0.001543358 -0.408171654 0.016490867 0.912756205 0.087060057
0.893034220 -0.011462599 0.449842930 0.024746232 0.020227812 0.999687552 -0.014683137 -0.001858216 -0.449534208 0.022211879 0.892986953 0.095867746
0.871713936 -0.011270849 0.489885509 0.029748891 0.021696087 0.999642670 -0.015607634 -0.001986976 -0.489534676 0.024233984 0.871647000 0.104929313
0.849721313 -0.015080607 0.527016282 0.035331607 0.026847387 0.999531686 -0.014685037 -0.002376829 -0.526547909 0.026627198 0.849728346 0.113724753
0.827311575 -0.017302535 0.561476827 0.041186482 0.030710362 0.999423862 -0.014452019 -0.002615443 -0.560903192 0.029199475 0.827366352 0.122219071
0.805237889 -0.016157273 0.592731714 0.047489636 0.032376092 0.999335468 -0.016742678 -0.002772681 -0.592067361 0.032672171 0.805225849 0.130905658
0.783318639 -0.016207144 0.621409178 0.053985488 0.032360744 0.999367714 -0.014727617 -0.003010362 -0.620777488 0.031645674 0.783347785 0.139185727
0.760901213 -0.019015901 0.648589194 0.061034255 0.035596970 0.999288619 -0.012463060 -0.003336332 -0.647890627 0.032570969 0.761036634 0.147577703
0.738138735 -0.018950131 0.674382865 0.068245247 0.036296554 0.999273181 -0.011648475 -0.003511641 -0.673671901 0.033075962 0.738290071 0.155445352
0.715051353 -0.015351413 0.698903203 0.076093271 0.033787318 0.999349415 -0.012617264 -0.003817890 -0.698254824 0.032636061 0.715104818 0.163641259
0.692295730 -0.014050644 0.721477032 0.084135443 0.034060482 0.999332309 -0.013221019 -0.004024810 -0.720809579 0.033726711 0.692312002 0.171473414
0.669613898 -0.014532467 0.742567182 0.092484772 0.036116470 0.999262869 -0.013012071 -0.004225771 -0.741830647 0.035531964 0.669645190 0.178987369
0.646047354 -0.015159458 0.763146818 0.100836262 0.037353780 0.999232709 -0.011772952 -0.004467296 -0.762382686 0.036112297 0.646118045 0.186211288
0.622441411 -0.015110234 0.782520592 0.110232696 0.036589149 0.999282241 -0.009808321 -0.004710392 -0.781810820 0.034736872 0.622547448 0.193624258
0.598841727 -0.015597489 0.800715566 0.119723611 0.037242856 0.999271035 -0.008388065 -0.004922487 -0.800001085 0.034844052 0.598985970 0.200747922
0.576696455 -0.016566217 0.816790462 0.129355878 0.040136974 0.999161541 -0.008073696 -0.005065823 -0.815971971 0.037439574 0.576877773 0.207626462
0.555657208 -0.018602971 0.831203401 0.139159098 0.044878274 0.998963237 -0.007643434 -0.005331459 -0.830199480 0.041550107 0.555915952 0.214288026
0.536463737 -0.020292955 0.843679368 0.149752468 0.048975982 0.998774588 -0.007118523 -0.005506803 -0.842501044 0.045138851 0.536800206 0.220910668
0.518939376 -0.023270460 0.854494214 0.160453975 0.055219255 0.998454094 -0.006344051 -0.005563170 -0.853025675 0.050476704 0.519422054 0.227405712
0.503821731 -0.026500450 0.863401055 0.171447963 0.059667785 0.998209536 -0.004179890 -0.005866567 -0.861744404 0.053623147 0.504500926 0.233614296
0.489991933 -0.027887465 0.871280789 0.182483599 0.062866397 0.998016119 -0.003410947 -0.005952984 -0.869457185 0.056445625 0.490773141 0.239907652
0.477696985 -0.029979249 0.878012955 0.193958730 0.065692812 0.997838497 -0.001670606 -0.006145684 -0.876065075 0.058477186 0.478633881 0.245866507
0.465815395 -0.030909922 0.884341955 0.205536142 0.065505609 0.997852087 0.000373172 -0.006247211 -0.882453918 0.057755530 0.466839641 0.252008379
0.454999447 -0.030646991 0.889964163 0.216886878 0.065736443 0.997836709 0.000753569 -0.006341571 -0.888062060 0.058160204 0.456029803 0.257884592
0.445120364 -0.027926786 0.895035088 0.228728279 0.066106960 0.997810960 -0.001742836 -0.006346163 -0.893027365 0.059943818 0.445992172 0.263765126
0.435736358 -0.025816539 0.899703979 0.240785077 0.066791475 0.997760057 -0.003717621 -0.006690282 -0.897592843 0.061712448 0.436484754 0.269739687
0.427216262 -0.023850892 0.903834820 0.253291130 0.068169490 0.997656345 -0.005895016 -0.006687617 -0.901575923 0.064132407 0.427840918 0.275549233
0.420372456 -0.022704307 0.907067478 0.266055495 0.067630857 0.997690082 -0.006370298 -0.006862518 -0.904827654 0.064023659 0.420936972 0.281543136
0.415070474 -0.021879843 0.909526169 0.278937370 0.067519933 0.997694612 -0.006812483 -0.006916394 -0.907280266 0.064238816 0.415590942 0.287456870
0.410445035 -0.021318389 0.911636114 0.292255312 0.069388382 0.997558296 -0.007913004 -0.007155505 -0.909241498 0.066504806 0.410922050 0.293456912
0.406002671 -0.018630689 0.913681984 0.305454135 0.067494944 0.997672975 -0.009648644 -0.007088327 -0.911376059 0.065586291 0.406315356 0.299531341
0.402468264 -0.018550489 0.915245950 0.319521010 0.068789780 0.997580886 -0.010030198 -0.007413594 -0.912845671 0.066996418 0.402770668 0.305453509
0.399782151 -0.018843742 0.916416407 0.333291441 0.068075635 0.997637928 -0.009183818 -0.007556084 -0.914078712 0.066057175 0.400120676 0.311683387
0.397276759 -0.021317007 0.917451322 0.347540617 0.068914331 0.997600257 -0.006662162 -0.007793131 -0.915107608 0.065872267 0.397792578 0.317854047
0.395180106 -0.022042979 0.918339074 0.361757755 0.068443365 0.997639775 -0.005506127 -0.007901533 -0.916050375 0.065030135 0.395756066 0.324147940
0.393305868 -0.022974001 0.919120610 0.376897007 0.071627505 0.997415066 -0.005719492 -0.008132582 -0.916613340 0.068083830 0.393934757 0.330426812
0.392322630 -0.022940889 0.919541538 0.391626954 0.071405835 0.997431695 -0.005581210 -0.008242475 -0.917051911 0.067850277 0.392953157 0.336855024
0.391395003 -0.022788607 0.919940472 0.406726509 0.073579259 0.997267485 -0.006600663 -0.008359535 -0.917276442 0.070272006 0.392002225 0.343375742
0.391170233 -0.022190154 0.920050740 0.421933800 0.072455794 0.997348785 -0.006750954 -0.008512180 -0.917461753 0.069303781 0.391740888 0.349940836
0.391717792 -0.021099523 0.919843435 0.437983781 0.072981462 0.997299552 -0.008203130 -0.008730770 -0.917186379 0.070344828 0.392199904 0.356690228
0.392677218 -0.021542089 0.919423997 0.453491569 0.073595092 0.997255564 -0.008066087 -0.008995798 -0.916726828 0.070832469 0.393184960 0.363336742
0.394191891 -0.021861482 0.918768108 0.469648600 0.072619818 0.997332096 -0.007426232 -0.009018967 -0.916154563 0.069648132 0.394727737 0.370108455
0.395471275 -0.021780510 0.918219924 0.486049175 0.074173182 0.997210920 -0.008291702 -0.009203440 -0.915478408 0.071386442 0.395983785 0.377195746
0.396619290 -0.021072308 0.917741179 0.502551198 0.073490769 0.997256517 -0.008862370 -0.009459874 -0.915036738 0.070960499 0.397079825 0.384289473
0.397092044 -0.021265250 0.917532384 0.519502223 0.074403033 0.997186780 -0.009088974 -0.009850386 -0.914757967 0.071876347 0.397557169 0.391599834
0.397922695 -0.020718535 0.917184949 0.536217093 0.074222237 0.997194767 -0.009675576 -0.009873217 -0.914411545 0.071925648 0.398344249 0.399012506
0.398681670 -0.022000447 0.916825473 0.553474307 0.073886223 0.997232854 -0.008199498 -0.009879341 -0.914108276 0.071009755 0.399204075 0.406493425
0.399133623 -0.025617925 0.916534781 0.570165753 0.077039041 0.997011900 -0.005681728 -0.010364166 -0.913650572 0.072876744 0.399914563 0.413781643
0.399413019 -0.025736552 0.916409731 0.587657690 0.079593875 0.996804893 -0.006696244 -0.010602983 -0.913309395 0.075615168 0.400185287 0.421568751
0.400055557 -0.024498841 0.916163385 0.604713798 0.080770552 0.996695518 -0.008617264 -0.010672235 -0.912924767 0.077446401 0.400712371 0.429175824
0.400808603 -0.025456909 0.915808201 0.622821808 0.080839872 0.996697605 -0.007674621 -0.011443034 -0.912588298 0.077109873 0.401542872 0.436900079
0.401271313 -0.025850078 0.915594399 0.640514433 0.081561901 0.996639252 -0.007607353 -0.011563558 -0.912320673 0.077730231 0.402031124 0.444617689
0.401240200 -0.026341144 0.915594101 0.658548951 0.080556527 0.996728063 -0.006626914 -0.011807408 -0.912423730 0.076416075 0.402049273 0.452570319
0.401745468 -0.027877649 0.915326893 0.676242530 0.083697297 0.996470749 -0.006386506 -0.012262716 -0.911918521 0.079176128 0.402660847 0.460388452
0.401314378 -0.026332512 0.915561736 0.695721924 0.081848964 0.996618569 -0.007212731 -0.011722386 -0.912275910 0.077832371 0.402112722 0.468796760
0.401184648 -0.025837850 0.915632725 0.713566959 0.083121821 0.996504784 -0.008299903 -0.012168446 -0.912217915 0.079438865 0.401930153 0.476848364
0.401707083 -0.024886655 0.915429950 0.732828200 0.082381800 0.996559680 -0.009058383 -0.012396457 -0.912055194 0.079053588 0.402375281 0.484363943
0.399435908 -0.024607902 0.916430771 0.751712620 0.082303606 0.996565640 -0.009113209 -0.012808106 -0.913059175 0.079065703 0.400089413 0.493483961
0.398669600 -0.023074398 0.916804194 0.770855606 0.080142118 0.996735573 -0.009763426 -0.012980112 -0.913586259 0.077367023 0.399217397 0.501518726
0.398279786 -0.024002256 0.916949809 0.789817572 0.080679454 0.996699870 -0.008953531 -0.013431620 -0.913708866 0.077545002 0.398901910 0.509432912
0.396398425 -0.023766309 0.917770922 0.809262693 0.080096349 0.996748447 -0.008783266 -0.013650090 -0.914577961 0.076991759 0.397013038 0.518564880
0.395181030 -0.024589622 0.918274045 0.827332675 0.078346856 0.996901453 -0.007021612 -0.014326135 -0.915256143 0.074718699 0.395883054 0.527142167
0.394498378 -0.023534039 0.918595135 0.847434103 0.078108013 0.996912837 -0.008003630 -0.014569001 -0.915570855 0.074907057 0.395118684 0.535292268
0.392164558 -0.020813132 0.919659555 0.868358672 0.075902775 0.997066975 -0.009801770 -0.014462659 -0.916758239 0.073648609 0.392594188 0.544243991
0.388311177 -0.020451516 0.921301365 0.888478398 0.076249830 0.997038484 -0.010005099 -0.014815668 -0.918368280 0.074134156 0.388720661 0.552425981
0.383265167 -0.019844979 0.923425138 0.908606529 0.073720008 0.997236848 -0.009166048 -0.015134720 -0.920691669 0.071587935 0.383669078 0.561523199
0.378972232 -0.019027822 0.925212443 0.929175854 0.071656547 0.997390151 -0.008838701 -0.015330612 -0.922629535 0.069647148 0.379346669 0.569900274
0.375236481 -0.018720424 0.926740050 0.949422419 0.071057431 0.997434974 -0.008622630 -0.016001089 -0.924201548 0.069087297 0.375604153 0.578134537
0.369560927 -0.016917275 0.929052472 0.969093263 0.071809776 0.997364104 -0.010403505 -0.016199112 -0.926427543 0.070559777 0.369801581 0.586908519
0.366275311 -0.015318349 0.930380464 0.990733862 0.070602775 0.997439682 -0.011372681 -0.016692244 -0.927824140 0.069852971 0.366419017 0.594797552
0.362413138 -0.016017176 0.931879938 1.011661649 0.070478514 0.997460544 -0.010265097 -0.017415285 -0.929348946 0.069397718 0.362621605 0.602823079
0.357318312 -0.014313000 0.933872998 1.032583356 0.067805171 0.997641802 -0.010653249 -0.017618556 -0.931518137 0.067128025 0.357446104 0.611170053
0.352808923 -0.015037353 0.935574591 1.053602576 0.066742174 0.997728467 -0.009132397 -0.018273121 -0.933311880 0.065664276 0.353011101 0.619134903
0.346301526 -0.013356132 0.938028097 1.074928284 0.064719155 0.997856438 -0.009685031 -0.018171199 -0.935888171 0.064062312 0.346423596 0.627502143
0.340903282 -0.013704744 0.939998388 1.096338868 0.065460965 0.997812688 -0.009192664 -0.018400420 -0.937816560 0.064667009 0.341054767 0.635547996
0.334995687 -0.011491662 0.942149580 1.117433786 0.065316848 0.997803211 -0.011053924 -0.018626697 -0.939952970 0.065241262 0.335010380 0.643523216
0.329064518 -0.011235639 0.944240570 1.139561296 0.064748600 0.997844338 -0.010691185 -0.019286271 -0.942084908 0.064656354 0.329082698 0.651499689
0.319933414 -0.010594573 0.947380781 1.159929872 0.065476663 0.997793972 -0.010953334 -0.019373154 -0.945174634 0.065535679 0.319921404 0.660688818
0.317115158 -0.010265676 0.948331475 1.184000731 0.064946711 0.997829020 -0.010916215 -0.019825757 -0.946160734 0.065052703 0.317093343 0.667109430
0.312077582 -0.009604959 0.950008035 1.205933809 0.064512402 0.997855186 -0.011103604 -0.020361854 -0.947863698 0.064752482 0.312027872 0.674631655
0.303279519 -0.006551699 0.952879190 1.227696180 0.064360306 0.997833610 -0.013623610 -0.020125547 -0.950725615 0.065459363 0.303044170 0.683885455
0.301087022 -0.009494421 0.953549325 1.250220060 0.064799428 0.997842789 -0.010525227 -0.021093264 -0.951392412 0.064958461 0.301052719 0.690259576
0.298249722 -0.011915851 0.954413474 1.273704529 0.068261199 0.997627974 -0.008875922 -0.021707226 -0.952043831 0.067796648 0.298355728 0.696223736
0.295616776 -0.010429501 0.955249667 1.295843005 0.067492068 0.997669697 -0.009993820 -0.021745579 -0.952919424 0.067426123 0.295631796 0.703044832
0.296613574 -0.009664898 0.954948664 1.318110824 0.068378881 0.997597218 -0.011142411 -0.021984473 -0.952546418 0.068603322 0.296561748 0.708817363
0.296420813 -0.007519935 0.955027819 1.340049028 0.068660468 0.997549355 -0.013456034 -0.021981111 -0.952586174 0.069561325 0.296210706 0.715411186
0.287350953 -0.007599151 0.957795084 1.363751411 0.066090360 0.997742474 -0.011911866 -0.022841044 -0.955542505 0.066723906 0.287204444 0.723487854
0.283258975 -0.005730375 0.959026337 1.386699080 0.064463370 0.997834325 -0.013077700 -0.023105029 -0.956874490 0.065526433 0.283014894 0.730370343
0.278154314 -0.006280074 0.960515976 1.405052423 0.063049093 0.997941554 -0.011733520 -0.023820553 -0.958464921 0.063823387 0.277977705 0.736144602
0.273013651 -0.005851011 0.961992383 1.426393390 0.063418888 0.997915804 -0.011928794 -0.024278343 -0.959917426 0.064265221 0.272815704 0.742626071
0.268732339 -0.005203935 0.963200867 1.446856141 0.063352093 0.997915566 -0.012283694 -0.024633570 -0.961129248 0.064321809 0.268501818 0.748516917
0.264052063 -0.004796321 0.964496493 1.467465639 0.062739640 0.997955203 -0.012213646 -0.025042715 -0.962465644 0.063737206 0.263813078 0.754308045
0.260674059 -0.005145475 0.965413213 1.487832308 0.062681459 0.997966170 -0.011605832 -0.025417116 -0.963389993 0.063538834 0.260466367 0.759749174
0.255896091 -0.005873081 0.966686428 1.508891463 0.063554123 0.997920334 -0.010760870 -0.025981266 -0.964612901 0.064190581 0.255737156 0.765553832
0.251623362 -0.005701814 0.967808425 1.529696941 0.064366415 0.997867286 -0.010855909 -0.026412267 -0.965682447 0.065025955 0.251453727 0.771135330
0.247926608 -0.004572531 0.968768001 1.550652027 0.064860679 0.997823477 -0.011889443 -0.026778566 -0.966605127 0.065782674 0.247683570 0.776658416
0.243953630 -0.003310562 0.969781280 1.571587920 0.064762495 0.997817516 -0.012885078 -0.027331339 -0.967622101 0.065948807 0.243635580 0.782207012
0.240675449 -0.002334428 0.970602870 1.593095183 0.065975957 0.997723579 -0.013960064 -0.027717326 -0.968360722 0.067396298 0.240281567 0.787540197
0.238367036 -0.001764295 0.971173525 1.614091873 0.066172175 0.997703969 -0.014428958 -0.028273145 -0.968918145 0.067704059 0.237936467 0.792475939
0.233997375 -0.002019047 0.972235143 1.635654807 0.065799095 0.997738063 -0.013764505 -0.028880214 -0.970008075 0.067193054 0.233600914 0.798053622
0.229682252 -0.001417358 0.973264694 1.657513857 0.065855317 0.997729719 -0.014088313 -0.029282590 -0.971035063 0.067330480 0.229254171 0.803340316
0.225881770 -0.001854524 0.974152982 1.679056644 0.067958444 0.997591853 -0.013858724 -0.029694729 -0.971781373 0.069332361 0.225463837 0.808397830
0.225018397 -0.002440642 0.974351525 1.701218009 0.069900848 0.997460723 -0.013644496 -0.029872781 -0.971843958 0.071178265 0.224617600 0.812344670
0.219881743 -0.003653156 0.975519836 1.722494364 0.070912465 0.997407258 -0.012248524 -0.030614516 -0.972945750 0.071869723 0.219570726 0.818291068
0.217386812 -0.003967324 0.976077497 1.744010925 0.070424795 0.997449279 -0.011630448 -0.031005068 -0.973541677 0.071268372 0.217111707 0.823144495
0.214012727 -0.002619600 0.976827323 1.765910268 0.069292314 0.997517943 -0.012506138 -0.031410690 -0.974370122 0.070363097 0.213663042 0.828102887
0.211332709 -0.000251451 0.977414191 1.787888050 0.068202674 0.997566104 -0.014489884 -0.031854745 -0.975031734 0.069724455 0.210835561 0.832915783
0.207666874 0.001715712 0.978198111 1.809819698 0.068189546 0.997540414 -0.016225958 -0.032421436 -0.975820005 0.070072480 0.207039103 0.837723851
0.204412952 0.003168419 0.978879571 1.831753850 0.066626467 0.997630775 -0.017142273 -0.032944903 -0.976614773 0.068723395 0.203717515 0.842436194
0.201378480 0.004879914 0.979501367 1.854040980 0.065746270 0.997665107 -0.018487372 -0.033541650 -0.977304518 0.068121523 0.200587437 0.846984208
0.196891233 0.005105104 0.980412126 1.876449466 0.066551730 0.997610390 -0.018559907 -0.034047611 -0.978164017 0.068902411 0.196080953 0.851794899
0.193116322 0.004180486 0.981166959 1.898293138 0.065897644 0.997677743 -0.017221013 -0.034592208 -0.978960574 0.067982242 0.192392379 0.856392503
0.189448759 0.003301735 0.981885016 1.920456767 0.066282280 0.997670293 -0.016143579 -0.035218351 -0.979650795 0.068139955 0.188788563 0.860891402
0.185339674 0.003644898 0.982667685 1.943048954 0.065688044 0.997710407 -0.016090022 -0.035678312 -0.980476558 0.067531653 0.184675857 0.865039706
0.181644514 0.004283207 0.983354867 1.964995384 0.065520436 0.997715592 -0.016448639 -0.036113240 -0.981178999 0.067417666 0.180948928 0.869218111
0.177472025 0.005215481 0.984111965 1.987973452 0.064226992 0.997792661 -0.016870502 -0.036780074 -0.982027709 0.066200599 0.176745310 0.873464465
0.174166709 0.005910778 0.984698474 2.010531425 0.063650467 0.997823119 -0.017247623 -0.037370063 -0.982656777 0.065680467 0.173411354 0.877541065
0.171015456 0.006256471 0.985248506 2.032813311 0.064646959 0.997753739 -0.017557038 -0.037919648 -0.983145177 0.066695824 0.170226857 0.881479502
0.168209925 0.005460421 0.985736072 2.055732250 0.066208601 0.997663975 -0.016824594 -0.038612146 -0.983525097 0.068094268 0.167455450 0.885412097
0.165967241 0.004135394 0.986122608 2.077865124 0.067749061 0.997580588 -0.015585806 -0.039064720 -0.983801246 0.069395602 0.165285528 0.888949096
0.162802994 0.003965547 0.986650646 2.100582838 0.068959087 0.997500837 -0.015387799 -0.039723221 -0.984245837 0.070543706 0.162122637 0.892980516
0.160257861 0.005367450 0.987060606 2.123158693 0.067907050 0.997555971 -0.016449822 -0.040145017 -0.984736502 0.069664575 0.159501716 0.896507859
0.157305270 0.005599430 0.987534225 2.145684004 0.067875110 0.997557938 -0.016468154 -0.040835604 -0.985214770 0.069619514 0.156541035 0.900300741
0.154512629 0.007351238 0.987963438 2.168307066 0.067796931 0.997536242 -0.018025579 -0.041247368 -0.985661924 0.069766060 0.153633595 0.903786004
0.151061565 0.008509510 0.988487720 2.190634966 0.067497276 0.997540355 -0.018902432 -0.041956902 -0.986217260 0.069575645 0.150115654 0.907575130
0.148842722 0.009889877 0.988811374 2.213886738 0.065471321 0.997657299 -0.019833548 -0.042481616 -0.986691117 0.067690887 0.147846505 0.910951257
0.144914493 0.011022445 0.989382803 2.236373425 0.066733561 0.997552156 -0.020887893 -0.042935461 -0.987191081 0.069051996 0.143824190 0.914826572
0.142355934 0.009550384 0.989769459 2.259334326 0.068068206 0.997491658 -0.019414969 -0.043637589 -0.987472296 0.070135660 0.141348779 0.917999029
0.139589250 0.008230727 0.990175307 2.281913757 0.068690993 0.997475982 -0.017975079 -0.044303246 -0.987824082 0.070525244 0.138671547 0.921330333
0.136116460 0.008351162 0.990657568 2.305445671 0.067934282 0.997532010 -0.017743286 -0.044984613 -0.988360882 0.069714785 0.135213181 0.924622476
0.132284299 0.009409075 0.991167068 2.328226566 0.066759869 0.997599781 -0.018380119 -0.045665607 -0.988961101 0.068601586 0.131338656 0.928366184
0.129088491 0.009477790 0.991587698 2.350883961 0.065372773 0.997697711 -0.018046655 -0.046312675 -0.989475846 0.067152463 0.128171712 0.930874825
0.125500739 0.009699313 0.992046058 2.373700619 0.064859055 0.997732699 -0.017960038 -0.046849154 -0.989971101 0.066597179 0.124587156 0.933879137
0.121981703 0.009668659 0.992485285 2.396063566 0.063892737 0.997802019 -0.017573213 -0.047649726 -0.990473747 0.065556221 0.121095851 0.936667025
0.117972113 0.009567658 0.992970824 2.419540405 0.063788377 0.997815192 -0.017192859 -0.048296124 -0.990966022 0.065368265 0.117104083 0.939360738
0.113979220 0.009678151 0.993435979 2.442302465 0.062453777 0.997904956 -0.016887158 -0.048818484 -0.991518259 0.063968629 0.113136001 0.941986144
0.109879911 0.010370741 0.993890822 2.465309143 0.062434550 0.997898817 -0.017315036 -0.049204137 -0.991981983 0.063955687 0.109001547 0.944369793
0.105368517 0.010848745 0.994374037 2.488748312 0.063251771 0.997842610 -0.017589040 -0.050111286 -0.992419600 0.064749248 0.104454987 0.947436571
0.100343287 0.011777591 0.994883060 2.511005163 0.063258566 0.997831285 -0.018192710 -0.050308678 -0.992939830 0.064760387 0.099380635 0.950497270
0.094574861 0.011842655 0.995447338 2.534672976 0.063474476 0.997822940 -0.017901460 -0.051202152 -0.993492067 0.064878523 0.093617260 0.954404712
0.093855955 0.012734974 0.995504320 2.558301926 0.062310502 0.997882724 -0.018640019 -0.051968481 -0.993633986 0.063779853 0.092863716 0.954320312
0.088745154 0.012774435 0.995972455 2.581386805 0.063145533 0.997834206 -0.018424835 -0.052500330 -0.994050682 0.064526327 0.087746315 0.957321405
0.082942963 0.013575451 0.996461868 2.604357004 0.063838169 0.997781157 -0.018907154 -0.053159960 -0.994507551 0.065180510 0.081892312 0.960979462
0.079529792 0.013779344 0.996737361 2.626973867 0.065461211 0.997673929 -0.019015454 -0.053836152 -0.994680762 0.066759922 0.078442797 0.962907553
0.073021919 0.013934131 0.997232974 2.649742603 0.069706388 0.997385800 -0.019040484 -0.055210944 -0.994891346 0.070903897 0.071859732 0.967040539
0.065701649 0.014397952 0.997735381 2.672838449 0.070993103 0.997294664 -0.019066539 -0.055871949 -0.995310664 0.072085023 0.064501747 0.972002983
0.069181204 0.016313912 0.997470677 2.696891308 0.071408175 0.997220516 -0.021262454 -0.055780027 -0.995045066 0.072698526 0.067823984 0.968606949
0.065363035 0.020090841 0.997659385 2.720503807 0.073400334 0.996991992 -0.024886329 -0.055461437 -0.995158315 0.074855156 0.063691728 0.971357763
0.062919907 0.018816153 0.997841179 2.743525743 0.074744940 0.996925592 -0.023512004 -0.056908701 -0.995215714 0.076062977 0.061320059 0.971973896
0.058914430 0.018944278 0.998083234 2.766555786 0.076051451 0.996829033 -0.023409605 -0.057911240 -0.995361984 0.077284850 0.057286873 0.973921061
0.055638023 0.019916719 0.998252332 2.790814161 0.074356645 0.996942043 -0.024034875 -0.058439102 -0.995678365 0.075563952 0.053986941 0.974879265
0.051362485 0.021042479 0.998458385 2.814749479 0.075463623 0.996837914 -0.024890311 -0.058981746 -0.995824873 0.076625712 0.049612127 0.976541519
0.047621738 0.021793423 0.998627663 2.838550568 0.074477911 0.996901631 -0.025307393 -0.059717789 -0.996084869 0.075580880 0.045851059 0.977778196
0.044842165 0.023083592 0.998727322 2.862848043 0.072562970 0.997017026 -0.026302086 -0.060262300 -0.996355236 0.073650055 0.043033380 0.979113102
0.041790850 0.022846615 0.998865068 2.886619806 0.075259343 0.996826291 -0.025948709 -0.061065987 -0.996287882 0.076258346 0.039938804 0.980170548
0.040125024 0.022057950 0.998951137 2.911064625 0.076432869 0.996759236 -0.025079641 -0.061729625 -0.996267021 0.077359028 0.038309038 0.980738103
0.037041120 0.021209646 0.999088585 2.935449123 0.077803910 0.996678710 -0.024043057 -0.062691517 -0.996280253 0.078623578 0.035267904 0.982085943
0.034399845 0.020905413 0.999189496 2.960062027 0.077496417 0.996715009 -0.023521673 -0.063364342 -0.996398985 0.078242749 0.032666750 0.983389735
0.032363113 0.020504091 0.999265850 2.985165596 0.076952904 0.996770620 -0.022945160 -0.064103775 -0.996509314 0.077638984 0.030680764 0.983625889
0.030165937 0.020150095 0.999341846 3.010058880 0.078973114 0.996623278 -0.022479150 -0.064713076 -0.996420264 0.079599224 0.028472768 0.984166622
0.027437625 0.019733014 0.999428749 3.033965588 0.079111092 0.996626318 -0.021849543 -0.065400384 -0.996488154 0.079665408 0.025783956 0.985097587
0.023243470 0.020853229 0.999512374 3.058231115 0.078890540 0.996626437 -0.022627603 -0.066071600 -0.996612370 0.079378009 0.021519933 0.986961067
0.021919634 0.023417076 0.999485433 3.083541870 0.078372613 0.996608913 -0.025068467 -0.067001261 -0.996683121 0.078881778 0.020010045 0.986755252
0.020418467 0.023426114 0.999516964 3.109590769 0.077743068 0.996661246 -0.024947347 -0.067963995 -0.996764243 0.078214906 0.018529080 0.986201346
0.013025507 0.021990824 0.999673307 3.133938074 0.076807775 0.996782184 -0.022928014 -0.068905167 -0.996960819 0.077081323 0.011294529 0.987838566
0.005872376 0.020693706 0.999768615 3.158566236 0.073379166 0.997081518 -0.021069093 -0.069440663 -0.997286737 0.073485933 0.004336751 0.988967776
-0.004893457 0.020318547 0.999781609 3.182113409 0.072746724 0.997151673 -0.019909039 -0.069996774 -0.997338414 0.072633408 -0.006357626 0.992068172
-0.004092332 0.020381730 0.999783874 3.210208893 0.072296806 0.997181952 -0.020032763 -0.070714504 -0.997374713 0.072199188 -0.005554335 0.988817394
-0.008235066 0.021038745 0.999744713 3.235985518 0.076477595 0.996863604 -0.020348154 -0.071289457 -0.997037292 0.076290488 -0.009818230 0.988381624
-0.013909481 0.020875609 0.999685287 3.261847019 0.076392487 0.996882081 -0.019754156 -0.072097741 -0.996980906 0.076093659 -0.015460851 0.988558829
-0.018214064 0.020200541 0.999630034 3.287657976 0.075875178 0.996940732 -0.018763689 -0.072834283 -0.996950865 0.075505339 -0.019691059 0.988168001
-0.023721537 0.018503884 0.999547362 3.313911200 0.075350955 0.997017741 -0.016668806 -0.073526010 -0.996874869 0.074921437 -0.025045075 0.987841368
-0.028098995 0.017754586 0.999447405 3.339940548 0.073884532 0.997144222 -0.015636440 -0.074106082 -0.996870875 0.073404349 -0.029330533 0.987135291
-0.032350983 0.017822720 0.999317646 3.365893841 0.073551565 0.997172475 -0.015403374 -0.074782901 -0.996766508 0.073003054 -0.033570401 0.986406684
-0.035098262 0.017140992 0.999236882 3.392511368 0.075049043 0.997074902 -0.014467803 -0.075527713 -0.996561885 0.074483983 -0.036282010 0.984718859
-0.042279981 0.017160632 0.998958409 3.419442177 0.074855834 0.997096598 -0.013960449 -0.076066002 -0.996297777 0.074187607 -0.043441802 0.984543085
-0.047034115 0.016157024 0.998762548 3.446307421 0.075518645 0.997065067 -0.012573210 -0.076745421 -0.996034443 0.074833840 -0.048116233 0.983392656
-0.051564518 0.016308142 0.998536527 3.473633289 0.074643634 0.997132778 -0.012430612 -0.077256098 -0.995876193 0.073893428 -0.052633971 0.982328117
-0.054481935 0.015515942 0.998394310 3.501039267 0.074613929 0.997146964 -0.011424914 -0.077870794 -0.995723069 0.073871642 -0.055484205 0.980638146
-0.056542363 0.014194274 0.998299241 3.528176546 0.075244665 0.997115731 -0.009915686 -0.078564018 -0.995560706 0.074556045 -0.057447322 0.978932261
-0.059613034 0.014390101 0.998117864 3.556714058 0.074420281 0.997177482 -0.009931759 -0.079261020 -0.995443583 0.073688149 -0.060515691 0.976865828
-0.060491018 0.016254799 0.998036385 3.585154772 0.070611730 0.997432113 -0.011965178 -0.079716876 -0.995668054 0.069749281 -0.061483458 0.974978387
-0.065683983 0.016997011 0.997695684 3.612835884 0.067819454 0.997618914 -0.012530763 -0.080390774 -0.995533049 0.066840112 -0.066680320 0.973242402
-0.067999989 0.015327875 0.997567594 3.640864611 0.066931367 0.997699499 -0.010767472 -0.080944948 -0.995437801 0.066036366 -0.068869464 0.971192300
-0.071067028 0.014000146 0.997373402 3.668357611 0.068747573 0.997592509 -0.009104671 -0.081498474 -0.995099545 0.067919947 -0.071858428 0.969198644
-0.073441394 0.015298707 0.997182131 3.696191072 0.067978978 0.997633576 -0.010299055 -0.081941821 -0.994979978 0.067031056 -0.074307583 0.967145860
-0.077915825 0.015271639 0.996842980 3.721905708 0.066131204 0.997759640 -0.010116695 -0.082380652 -0.994764209 0.065134190 -0.078751184 0.965362191
-0.081124805 0.012361531 0.996627212 3.749412060 0.063443631 0.997959256 -0.007213784 -0.082926072 -0.994682729 0.062644430 -0.081743509 0.963319898
-0.084962048 0.010367163 0.996330202 3.775588751 0.063381620 0.997977078 -0.004979430 -0.083403021 -0.994366229 0.062725954 -0.085447259 0.961281419
-0.088362597 0.010246812 0.996035695 3.801407337 0.062666111 0.998023510 -0.004707882 -0.083807230 -0.994115174 0.062001679 -0.088830069 0.959026098
-0.092007287 0.010030732 0.995707810 3.827590942 0.062954120 0.998007357 -0.004236691 -0.084408909 -0.993766308 0.062294118 -0.092455432 0.957060516
-0.094531976 0.010615726 0.995465159 3.855543375 0.062079653 0.998059869 -0.004748150 -0.084840000 -0.993584335 0.061349291 -0.095007583 0.955150068
-0.099255234 0.008556510 0.995025218 3.880101681 0.062475882 0.998043716 -0.002350408 -0.085342236 -0.993098736 0.061931778 -0.099595644 0.952924848
-0.101833180 0.009098929 0.994759798 3.905847549 0.059717406 0.998210728 -0.003017248 -0.085755378 -0.993007481 0.059097219 -0.102194332 0.950132132
-0.107828803 0.011703076 0.994100511 3.931005955 0.050580882 0.998700261 -0.006270783 -0.086304329 -0.992881894 0.049606308 -0.108280607 0.949049473
-0.111192420 0.019944731 0.993598878 3.956589222 0.042611517 0.998974741 -0.015284046 -0.086875178 -0.992884934 0.040639266 -0.111928307 0.946422338
-0.110517979 0.025287908 0.993552446 3.977149010 0.051911283 0.998458564 -0.019638421 -0.087456934 -0.992517471 0.049406175 -0.111660354 0.941552579
-0.111789577 0.022606801 0.993474841 3.999666214 0.059637889 0.998091817 -0.016001187 -0.087480336 -0.991940737 0.057459969 -0.112924501 0.937121987
-0.111438654 0.010922308 0.993711233 4.024353981 0.058524471 0.998276174 -0.004409323 -0.087876387 -0.992046595 0.057665054 -0.111885779 0.932579756
-0.117935352 0.002354583 0.993018508 4.049305916 0.052595325 0.998608351 0.003878620 -0.088182099 -0.991627455 0.052685544 -0.117895074 0.931284428
-0.122015417 -0.001856110 0.992526472 4.073549271 0.046929706 0.998868942 0.007637236 -0.088339515 -0.991418123 0.047510833 -0.121790312 0.928331435
-0.122745581 -0.001068535 0.992437661 4.096668720 0.046738602 0.998883665 0.006856149 -0.088222787 -0.991337001 0.047226708 -0.122558616 0.924088359
-0.127402112 0.001440523 0.991850019 4.120679379 0.052191637 0.998623252 0.005253602 -0.088604406 -0.990477026 0.052435607 -0.127301887 0.922276735
-0.128987268 0.005613266 0.991630316 4.145418167 0.055271626 0.998470128 0.001537525 -0.089046136 -0.990104675 0.055007339 -0.129100204 0.919645190
-0.132975876 0.009347761 0.991075218 4.168294430 0.057871871 0.998322666 -0.001651254 -0.089117445 -0.989428222 0.057135805 -0.133293808 0.916118026
-0.135093570 0.009658110 0.990785837 4.190737247 0.057087041 0.998367250 -0.001948199 -0.089265406 -0.989186883 0.056297850 -0.135424361 0.912941635
-0.139717951 0.008330650 0.990156293 4.217361450 0.058048293 0.998313725 -0.000208265 -0.089710914 -0.988488317 0.057447784 -0.139965922 0.909138262
-0.141859651 0.007379200 0.989859283 4.241702557 0.058577184 0.998282433 0.000952874 -0.089754567 -0.988152087 0.058118347 -0.142048240 0.906008184
-0.144579828 0.007206066 0.989466906 4.266119957 0.058961850 0.998259246 0.001345342 -0.090002127 -0.987734854 0.058535311 -0.144753039 0.902299702
-0.145341650 0.007472880 0.989353299 4.289083004 0.059294917 0.998239875 0.001170759 -0.089820743 -0.987603128 0.058833785 -0.145528898 0.898996830
-0.147646666 0.007029771 0.989015162 4.312055588 0.059820633 0.998207569 0.001835309 -0.090337820 -0.987229407 0.059434500 -0.147802517 0.895309389
-0.149068579 0.005346943 0.988812447 4.334068775 0.060846023 0.998140097 0.003775471 -0.090884358 -0.986953020 0.060728114 -0.149116635 0.892281175
-0.150107503 0.003698989 0.988662779 4.357084274 0.061732486 0.998076737 0.005638557 -0.090277225 -0.986740649 0.061878994 -0.150047153 0.888446212
-0.151859254 0.001941049 0.988400280 4.376014709 0.063611954 0.997944117 0.007813642 -0.090490468 -0.986352980 0.064060636 -0.151670530 0.885496557
-0.156443462 0.003204420 0.987681687 4.392989159 0.061990041 0.998055041 0.006580815 -0.090452492 -0.985739648 0.062255953 -0.156337857 0.883097649
-0.161594674 0.005987053 0.986838996 4.403964996 0.056140453 0.998417914 0.003135684 -0.090515286 -0.985258996 0.055908307 -0.161675096 0.882299185
-0.165083319 0.007281993 0.986252666 4.418199539 0.054393493 0.998518050 0.001732070 -0.090569571 -0.984778523 0.053931672 -0.165234774 0.879332423
-0.171086222 0.007029539 0.985230863 4.429569244 0.050131526 0.998741329 0.001579448 -0.090571702 -0.983979821 0.049661353 -0.171223253 0.877538621
-0.175847888 0.005781997 0.984400332 4.439644337 0.049994495 0.998744786 0.003064488 -0.090853922 -0.983147144 0.049753468 -0.175916210 0.876681864
-0.182767540 0.005272237 0.983141959 4.447373390 0.048510112 0.998816013 0.003661813 -0.091355428 -0.981958747 0.048361592 -0.182806909 0.876551926
-0.187909618 0.005335861 0.982171834 4.457287312 0.045749396 0.998947382 0.003325803 -0.091562122 -0.981120288 0.045558721 -0.187955976 0.875250638
-0.190012753 0.003731718 0.981774509 4.472402573 0.047166929 0.998872817 0.005331984 -0.091219611 -0.980648041 0.047320437 -0.189974561 0.871458113
-0.191167474 0.000551661 0.981557310 4.484576225 0.049816366 0.998716593 0.009140899 -0.091468856 -0.980292499 0.050645065 -0.190949604 0.869770527
-0.193874076 -0.004972438 0.981013834 4.495674133 0.054598536 0.998382628 0.015850581 -0.091568857 -0.979505897 0.056634936 -0.193289027 0.867792785
-0.193727598 -0.007900855 0.981023490 4.508445263 0.057203352 0.998175263 0.019335221 -0.091596968 -0.979386151 0.059863601 -0.192922145 0.865541577
-0.195922107 -0.007528572 0.980590522 4.519835949 0.049831383 0.998602152 0.017623171 -0.091477528 -0.979352534 0.052316949 -0.195273057 0.863610089
-0.197794080 -0.003930382 0.980235636 4.532198906 0.041805573 0.999048293 0.012441432 -0.091535658 -0.979351699 0.043440148 -0.197441518 0.861562490
-0.199053481 -0.003817331 0.979981124 4.543259144 0.038379833 0.999194860 0.011687873 -0.091540270 -0.979236782 0.039938021 -0.198746726 0.859461069
-0.198351637 -0.002767760 0.980127037 4.555823803 0.034445073 0.999358594 0.009792835 -0.091604099 -0.979525506 0.035702970 -0.198129073 0.857144773
-0.196991265 -0.002244577 0.980402708 4.567420483 0.036672458 0.999280691 0.009656357 -0.091357008 -0.979719102 0.037855998 -0.196767271 0.854382992
-0.196129709 -0.001974074 0.980576038 4.578554630 0.038720340 0.999202430 0.009756214 -0.091253415 -0.979813218 0.039881721 -0.195896834 0.851891816
-0.197479501 -0.000022367 0.980307043 4.592330456 0.035729073 0.999335349 0.007220302 -0.091446474 -0.979655683 0.036451329 -0.197347462 0.849380076
-0.198637679 -0.001205507 0.980072260 4.601656437 0.030777419 0.999498248 0.007467265 -0.091278613 -0.979589581 0.031647377 -0.198500946 0.847164214
-0.200453803 -0.004890064 0.979690969 4.612927437 0.019028464 0.999779522 0.008883735 -0.091318846 -0.979518354 0.020422801 -0.200316563 0.844494283
-0.202934951 -0.004984277 0.979179561 4.623234749 0.013253216 0.999881446 0.007836384 -0.091470093 -0.979102552 0.014567556 -0.202844799 0.842983365
-0.203155667 -0.004138432 0.979137719 4.630570889 0.011701180 0.999909401 0.006654036 -0.091478780 -0.979076505 0.012808871 -0.203088850 0.841060340
-0.201443329 -0.005607184 0.979484141 4.632562160 0.015436916 0.999841154 0.008898516 -0.091588423 -0.979378462 0.016912760 -0.201324776 0.840321124
-0.199383482 -0.007341707 0.979894042 4.631198883 0.016750086 0.999800265 0.010899067 -0.091826782 -0.979778290 0.018586401 -0.199220732 0.840824723
-0.197863787 -0.007646004 0.980199635 4.632396698 0.016397165 0.999803841 0.011108866 -0.091663800 -0.980092287 0.018270537 -0.197699606 0.840348482
-0.196875528 -0.009410329 0.980383277 4.637235641 0.010803033 0.999872446 0.011766806 -0.091649383 -0.980368912 0.012907711 -0.196748748 0.839108288
-0.196885273 -0.006871371 0.980402470 4.641718388 0.010133658 0.999907732 0.009043128 -0.091727763 -0.980374157 0.011715520 -0.196797475 0.838054657
-0.196887001 -0.005116669 0.980412841 4.645694733 0.012307259 0.999894619 0.007689894 -0.091742411 -0.980348885 0.013580235 -0.196803302 0.837338924
-0.194015205 -0.006293461 0.980978251 4.648817539 0.013460226 0.999868155 0.009076775 -0.091676779 -0.980906069 0.014965224 -0.193904936 0.836042464
-0.193267018 -0.006135860 0.981127024 4.652707100 0.014135530 0.999859214 0.009037495 -0.091561973 -0.981044352 0.015615399 -0.193153098 0.835149288
-0.191844761 -0.006310376 0.981404960 4.656169891 0.015436338 0.999836266 0.009446380 -0.091357604 -0.981303871 0.016961539 -0.191715941 0.833977818
-0.191534117 -0.006849742 0.981462121 4.659517765 0.014475997 0.999847114 0.009803073 -0.091436386 -0.981379211 0.016085263 -0.191405669 0.833338976
-0.192484349 -0.007988151 0.981267452 4.660336494 0.016096622 0.999806643 0.011296565 -0.091657043 -0.981168032 0.017969497 -0.192318529 0.833500862
-0.190902233 -0.008534061 0.981571913 4.662679672 0.015852237 0.999804974 0.011775627 -0.091744363 -0.981481075 0.017808102 -0.190729722 0.832920313
-0.190479159 -0.007071674 0.981665730 4.664572239 0.014018030 0.999852479 0.009922701 -0.091527976 -0.981591105 0.015651088 -0.190351948 0.832517028
