1.000000000 0.000000000 0.000000000 0.000000000 0.000000000 1.000000000 0.000000000 0.000000000 0.000000000 0.000000000 1.000000000 0.000000000
1.000000000 0.000000000 0.000000000 0.000000000 0.000000000 1.000000000 0.000000000 0.000000000 0.000000000 0.000000000 1.000000000 0.000000000
1.000000000 0.000000000 0.000000000 0.000000000 0.000000000 1.000000000 0.000000000 0.000000000 0.000000000 0.000000000 1.000000000 0.000000000
1.000000000 0.000000000 0.000000000 0.000000000 0.000000000 1.000000000 0.000000000 0.000000000 0.000000000 0.000000000 1.000000000 0.000000000
1.000000000 0.000000000 0.000000000 0.000000000 0.000000000 1.000000000 0.000000000 0.000000000 0.000000000 0.000000000 1.000000000 0.000000000
1.000000000 0.000000000 0.000000000 0.000000000 0.000000000 1.000000000 0.000000000 0.000000000 0.000000000 0.000000000 1.000000000 0.000000000
1.000000000 0.000000000 0.000000000 0.000000000 0.000000000 1.000000000 0.000000000 0.000000000 0.000000000 0.000000000 1.000000000 0.000000000
1.000000000 0.000000000 0.000000000 0.000000000 0.000000000 1.000000000 0.000000000 0.000000000 0.000000000 0.000000000 1.000000000 0.000000000
1.000000000 0.000000000 0.000000000 0.000000000 0.000000000 1.000000000 0.000000000 0.000000000 0.000000000 0.000000000 1.000000000 0.000000000
1.000000000 0.000000000 0.000000000 0.000000000 0.000000000 1.000000000 0.000000000 0.000000000 0.000000000 0.000000000 1.000000000 0.000000000
1.000000000 0.000000000 0.000000000 0.000000000 0.000000000 1.000000000 0.000000000 0.000000000 0.000000000 0.000000000 1.000000000 0.000000000
1.000000000 0.000000000 0.000000000 0.000000000 0.000000000 1.000000000 0.000000000 0.000000000 0.000000000 0.000000000 1.000000000 0.000000000
1.000000000 0.000000000 0.000000000 0.000000000 0.000000000 1.000000000 0.000000000 0.000000000 0.000000000 0.000000000 1.000000000 0.000000000
1.000000000 0.000000000 0.000000000 0.000000000 0.000000000 1.000000000 0.000000000 0.000000000 0.000000000 0.000000000 1.000000000 0.000000000
1.000000000 0.000000000 0.000000000 0.000000000 0.000000000 1.000000000 0.000000000 0.000000000 0.000000000 0.000000000 1.000000000 0.000000000
1.000000000 0.000000000 0.000000000 0.000000000 0.000000000 1.000000000 0.000000000 0.000000000 0.000000000 0.000000000 1.000000000 0.000000000
1.000000000 0.000000000 0.000000000 0.000000000 0.000000000 1.000000000 0.000000000 0.000000000 0.000000000 0.000000000 1.000000000 0.000000000
1.000000000 0.000000000 0.000000000 0.000000000 0.000000000 1.000000000 0.000000000 0.000000000 0.000000000 0.000000000 1.000000000 0.000000000
1.000000000 0.000000000 0.000000000 0.000000000 0.000000000 1.000000000 0.000000000 0.000000000 0.000000000 0.000000000 1.000000000 0.000000000
1.000000000 0.000000000 0.000000000 0.000000000 0.000000000 1.000000000 0.000000000 0.000000000 0.000000000 0.000000000 1.000000000 0.000000000
1.000000000 0.000000000 0.000000000 0.000000000 0.000000000 1.000000000 0.000000000 0.000000000 0.000000000 0.000000000 1.000000000 0.000000000
1.000000000 0.000000000 0.000000000 0.000000000 0.000000000 1.000000000 0.000000000 0.000000000 0.000000000 0.000000000 1.000000000 0.000000000
1.000000000 0.000000000 0.000000000 0.000000000 0.000000000 1.000000000 0.000000000 0.000000000 0.000000000 0.000000000 1.000000000 0.000000000
1.000000000 0.000000000 0.000000000 0.000000000 0.000000000 1.000000000 0.000000000 0.000000000 0.000000000 0.000000000 1.000000000 0.000000000
1.000000000 0.000000000 0.000000000 0.000000000 0.000000000 1.000000000 0.000000000 0.000000000 0.000000000 0.000000000 1.000000000 0.000000000
1.000000000 0.000000000 0.000000000 0.000000000 0.000000000 1.000000000 0.000000000 0.000000000 0.000000000 0.000000000 1.000000000 0.000000000
1.000000000 0.000000000 0.000000000 0.000000000 0.000000000 1.000000000 0.000000000 0.000000000 0.000000000 0.000000000 1.000000000 0.000000000
1.000000000 0.000000000 0.000000000 0.000000000 0.000000000 1.000000000 0.000000000 0.000000000 0.000000000 0.000000000 1.000000000 0.000000000
1.000000000 0.000000000 0.000000000 0.000000000 0.000000000 1.000000000 0.000000000 0.000000000 0.000000000 0.000000000 1.000000000 0.000000000
1.000000000 0.000000000 0.000000000 0.000000000 0.000000000 1.000000000 0.000000000 0.000000000 0.000000000 0.000000000 1.000000000 0.000000000
1.000000000 0.000000000 0.000000000 0.000000000 0.000000000 1.000000000 0.000000000 0.000000000 0.000000000 0.000000000 1.000000000 0.000000000
1.000000000 0.000000000 0.000000000 0.000000000 0.000000000 1.000000000 0.000000000 0.000000000 0.000000000 0.000000000 1.000000000 0.000000000
1.000000000 0.000000000 0.000000000 0.000000000 0.000000000 1.000000000 0.000000000 0.000000000 0.000000000 0.000000000 1.000000000 0.000000000
1.000000000 0.000000000 0.000000000 0.000000000 0.000000000 1.000000000 0.000000000 0.000000000 0.000000000 0.000000000 1.000000000 0.000000000
1.000000000 0.000000000 0.000000000 0.000000000 0.000000000 1.000000000 0.000000000 0.000000000 0.000000000 0.000000000 1.000000000 0.000000000
1.000000000 0.000000000 0.000000000 0.000000000 0.000000000 1.000000000 0.000000000 0.000000000 0.000000000 0.000000000 1.000000000 0.000000000
1.000000000 0.000000000 0.000000000 0.000000000 0.000000000 1.000000000 0.000000000 0.000000000 0.000000000 0.000000000 1.000000000 0.000000000
1.000000000 0.000000000 0.000000000 0.000000000 0.000000000 1.000000000 0.000000000 0.000000000 0.000000000 0.000000000 1.000000000 0.000000000
1.000000000 0.000000000 0.000000000 0.000000000 0.000000000 1.000000000 0.000000000 0.000000000 0.000000000 0.000000000 1.000000000 0.000000000
1.000000000 0.000000000 0.000000000 0.000000000 0.000000000 1.000000000 0.000000000 0.000000000 0.000000000 0.000000000 1.000000000 0.000000000
1.000000000 0.000000000 0.000000000 0.000000000 0.000000000 1.000000000 0.000000000 0.000000000 0.000000000 0.000000000 1.000000000 0.000000000
1.000000000 0.000000000 0.000000000 0.000000000 0.000000000 1.000000000 0.000000000 0.000000000 0.000000000 0.000000000 1.000000000 0.000000000
1.000000000 0.000000000 0.000000000 0.000000000 0.000000000 1.000000000 0.000000000 0.000000000 0.000000000 0.000000000 1.000000000 0.000000000
1.000000000 0.000000000 0.000000000 0.000000000 0.000000000 1.000000000 0.000000000 0.000000000 0.000000000 0.000000000 1.000000000 0.000000000
1.000000000 0.000000000 0.000000000 0.000000000 0.000000000 1.000000000 0.000000000 0.000000000 0.000000000 0.000000000 1.000000000 0.000000000
1.000000000 0.000000000 0.000000000 0.000000000 0.000000000 1.000000000 0.000000000 0.000000000 0.000000000 0.000000000 1.000000000 0.000000000
1.000000000 0.000000000 0.000000000 0.000000000 0.000000000 1.000000000 0.000000000 0.000000000 0.000000000 0.000000000 1.000000000 0.000000000
1.000000000 0.000000000 0.000000000 0.000000000 0.000000000 1.000000000 0.000000000 0.000000000 0.000000000 0.000000000 1.000000000 0.000000000
1.000000000 0.000000000 0.000000000 0.000000000 0.000000000 1.000000000 0.000000000 0.000000000 0.000000000 0.000000000 1.000000000 0.000000000
1.000000000 0.000000000 0.000000000 0.000000000 0.000000000 1.000000000 0.000000000 0.000000000 0.000000000 0.000000000 1.000000000 0.000000000
1.000000000 0.000000000 0.000000000 0.000000000 0.000000000 1.000000000 0.000000000 0.000000000 0.000000000 0.000000000 1.000000000 0.000000000
0.998553157 -0.010181894 0.052799277 0.002302259 0.010277141 0.999945998 -0.001532739 -0.000776453 -0.052780818 0.002073147 0.998604059 0.050492138
0.996621072 -0.012514818 0.081177704 0.004321099 0.012476997 0.999921679 0.000973178 -0.001289636 -0.081183515 0.000042964 0.996699154 0.075150035
0.993778348 -0.016431000 0.110156916 0.007248998 0.016128961 0.999863327 0.003632448 -0.001611046 -0.110201553 -0.001833131 0.993907511 0.100176975
0.989879966 -0.020047082 0.140485093 0.010575706 0.019799022 0.999798954 0.003163335 -0.001969288 -0.140520275 -0.000349854 0.990077734 0.123853676
0.984977245 -0.020527938 0.171459407 0.014691692 0.020992968 0.999779224 -0.000899297 -0.002256922 -0.171403065 0.004485229 0.985190749 0.147430077
0.979027510 -0.023317903 0.202389345 0.019646496 0.025110491 0.999664843 -0.006293672 -0.002604851 -0.202174723 0.011243774 0.979284942 0.170800924
0.972005129 -0.026359579 0.233476251 0.025263790 0.029107949 0.999541521 -0.008333123 -0.003258145 -0.233149529 0.014895854 0.972326756 0.193469137
0.963778138 -0.026540637 0.265381336 0.031597968 0.028908731 0.999569476 -0.005020675 -0.003869645 -0.265133739 0.012510655 0.964130402 0.216391847
0.953909338 -0.023946010 0.299137950 0.038886294 0.025101891 0.999684930 -0.000021602 -0.003751115 -0.299043238 0.007529534 0.954209864 0.239156380
0.942218542 -0.023409327 0.334179908 0.046589676 0.023320744 0.999718845 0.004277671 -0.004733666 -0.334186137 0.003762824 0.942499518 0.261396170
0.928954482 -0.018048007 0.369753778 0.054995388 0.019714560 0.999805391 -0.000728684 -0.004990101 -0.369668722 0.007966449 0.929129541 0.283287287
0.914793134 -0.012598069 0.403726101 0.064381935 0.017261561 0.999819696 -0.007913682 -0.005320502 -0.403553605 0.014208323 0.914845645 0.304744840
0.899632156 -0.010930475 0.436511666 0.074434936 0.016974701 0.999806464 -0.009948483 -0.005732561 -0.436318427 0.016359635 0.899643540 0.325680792
0.883410990 -0.012712638 0.468426436 0.085420504 0.018047243 0.999813318 -0.006901556 -0.006060471 -0.468251228 0.014550716 0.883475542 0.346401006
0.865890265 -0.013202938 0.500059545 0.096949607 0.018668571 0.999808133 -0.005928356 -0.006849740 -0.499885350 0.014468704 0.865970731 0.366315037
0.847127974 -0.011946552 0.531254590 0.108942337 0.019725006 0.999765217 -0.008970952 -0.007159764 -0.531022668 0.018078545 0.847164750 0.385959327
0.827557325 -0.009958381 0.561293006 0.121873640 0.019766383 0.999739647 -0.011405851 -0.007572055 -0.561033249 0.020533726 0.827538550 0.404730409
0.806802869 -0.007585011 0.590772033 0.135217473 0.018523192 0.999750733 -0.012460726 -0.007923166 -0.590530276 0.020996330 0.806742311 0.423434198
0.785154581 -0.005960192 0.619271159 0.149581760 0.018430386 0.999735653 -0.013745329 -0.008495382 -0.619025588 0.022205614 0.785056889 0.441490918
0.762048364 -0.000786801 0.647519767 0.164274842 0.017745821 0.999649167 -0.019669900 -0.009193370 -0.647276938 0.026480183 0.761794746 0.459283054
0.737971723 0.007232605 0.674792826 0.179775909 0.016974065 0.999427259 -0.029275414 -0.009753792 -0.674618125 0.033058405 0.737426281 0.476044714
0.712601006 0.014941416 0.701410413 0.196176857 0.015976045 0.999168336 -0.037515175 -0.010595458 -0.701387644 0.037939113 0.711769640 0.493118376
0.686298013 0.020090176 0.727042913 0.213334382 0.013705246 0.999083698 -0.040544584 -0.011443850 -0.727191329 0.037789967 0.685393870 0.509304345
0.658945858 0.020294651 0.751916528 0.231016144 0.012318164 0.999210775 -0.037764352 -0.012628378 -0.752089500 0.034146886 0.658175766 0.525068521
0.630751312 0.021017775 0.775700271 0.249616995 0.007966291 0.999405086 -0.033556800 -0.013466423 -0.775944173 0.027345451 0.630208552 0.540267766
0.600903630 0.023041779 0.798989296 0.268604279 0.004364081 0.999474943 -0.032105654 -0.014661562 -0.799309552 0.022779260 0.600487590 0.555026412
0.570319653 0.027776621 0.820953071 0.288350940 -0.002589928 0.999483943 -0.032017909 -0.015581231 -0.821418643 0.016134238 0.570097327 0.568761826
0.538078666 0.030729787 0.842334270 0.308367670 -0.006955028 0.999463081 -0.032019276 -0.016680839 -0.842865944 0.011370430 0.538003445 0.582571149
0.505826592 0.031063756 0.862075686 0.329459369 -0.009584927 0.999492168 -0.030391380 -0.017715933 -0.862581909 0.007109834 0.505867422 0.595140815
0.472717315 0.031297363 0.880658090 0.351078153 -0.010011580 0.999495327 -0.030146681 -0.018526383 -0.881157219 0.005434078 0.472792119 0.607120991
0.440006286 0.030399451 0.897479951 0.373506129 -0.008646781 0.999523878 -0.029616637 -0.019558422 -0.897953033 0.005271195 0.440059632 0.618161321
0.407498270 0.029061398 0.912743390 0.396176279 -0.006336756 0.999559402 -0.028996510 -0.020426691 -0.913183987 0.006032197 0.407502919 0.628115594
0.375820220 0.026375569 0.926317155 0.419687688 0.001914592 0.999570608 -0.029238138 -0.021374645 -0.926690638 0.012761803 0.375608444 0.637234926
0.343441069 0.029353844 0.938715339 0.443005621 0.004443778 0.999449611 -0.032878816 -0.022473706 -0.939163744 0.015463383 0.343121529 0.646008432
0.312773168 0.033912271 0.949222267 0.467389703 0.005478194 0.999281466 -0.037505791 -0.023614950 -0.949812055 0.016930832 0.312362641 0.654291272
0.284763485 0.036161594 0.957915485 0.491483688 0.012679271 0.999058723 -0.041483972 -0.024670286 -0.958513916 0.023958791 0.284036905 0.661067426
0.260554671 0.034401454 0.964846075 0.516353726 0.014650807 0.999109030 -0.039579514 -0.025746221 -0.965347886 0.024448400 0.259818465 0.667435288
0.238873094 0.030904425 0.970558882 0.541405201 0.016612705 0.999217093 -0.035905659 -0.026998539 -0.970908701 0.024700504 0.238172665 0.673863709
0.219822392 0.028293494 0.975129545 0.566335440 0.016698938 0.999323726 -0.032759916 -0.028115431 -0.975396991 0.023484988 0.219201237 0.679939032
0.203754544 0.031151427 0.978526294 0.592050254 0.019075582 0.999177516 -0.035780888 -0.029322419 -0.978836179 0.025956476 0.202992707 0.685159743
0.189203888 0.035203129 0.981306672 0.617975414 0.021453802 0.998970389 -0.039973263 -0.030314580 -0.981703401 0.028615858 0.188253850 0.690016091
0.177970797 0.039532375 0.983241379 0.643673897 0.025793003 0.998661995 -0.044821020 -0.031512447 -0.983697653 0.033337582 0.176713020 0.694289446
0.169205427 0.040916219 0.984731197 0.669141352 0.031510204 0.998402536 -0.046898641 -0.033021674 -0.985076964 0.038964588 0.167645872 0.698403120
0.163092002 0.046035569 0.985536277 0.695375443 0.034727361 0.998023987 -0.052365761 -0.034422174 -0.985999525 0.042765502 0.161171064 0.702854216
0.159161896 0.050148107 0.985978067 0.720489383 0.036944333 0.997706950 -0.056708410 -0.036194876 -0.986561060 0.045452122 0.156944290 0.707146585
0.156936973 0.054259077 0.986117005 0.747609079 0.038383085 0.997400224 -0.060988437 -0.037631571 -0.986862481 0.047421552 0.154446304 0.710971236
0.154657573 0.056790337 0.986334562 0.773404717 0.039165556 0.997209311 -0.063557647 -0.039548047 -0.987191558 0.048460003 0.152001724 0.714935780
0.151924834 0.059961461 0.986571550 0.800217807 0.040541589 0.996940076 -0.066834740 -0.041629918 -0.987560213 0.050151039 0.149029016 0.719212532
0.150036335 0.063271664 0.986653864 0.826587200 0.040857438 0.996700883 -0.070128977 -0.043777600 -0.987835884 0.050834045 0.146956205 0.722881317
0.147724688 0.064106211 0.986948729 0.852506936 0.044609617 0.996449590 -0.071400434 -0.045556918 -0.988021910 0.054575007 0.144340456 0.726919413
0.145399585 0.062870711 0.987373412 0.879416347 0.044400390 0.996558785 -0.069993950 -0.047887318 -0.988376200 0.054016855 0.142107725 0.731070936
0.142624527 0.062600680 0.987795234 0.905598342 0.043702275 0.996626318 -0.069470383 -0.049929000 -0.988811612 0.053077083 0.139407560 0.735578895
0.141532153 0.063438982 0.987898767 0.933155715 0.045008384 0.996500075 -0.070439488 -0.052347824 -0.988909960 0.054433174 0.138181537 0.738345981
0.138654545 0.066217571 0.988124490 0.959241033 0.043264732 0.996404409 -0.072843395 -0.054374777 -0.989395380 0.052851010 0.135291144 0.742317796
0.136116177 0.068450771 0.988325298 0.986784697 0.042054135 0.996311724 -0.074795768 -0.056656480 -0.989799917 0.051744085 0.132735506 0.746199846
0.134081960 0.072698370 0.988300025 1.013823271 0.039764408 0.996107578 -0.078667499 -0.058825776 -0.990172148 0.049847055 0.130669266 0.749525011
0.131400004 0.077866949 0.988266468 1.041328311 0.036210470 0.995868027 -0.083280429 -0.060970753 -0.990667880 0.046728652 0.128037423 0.753541827
0.129169732 0.081570111 0.988261759 1.068543911 0.033203319 0.995696366 -0.086523548 -0.063067123 -0.991066456 0.043989796 0.125905439 0.756923378
0.126045555 0.080058992 0.988788664 1.096698761 0.031895727 0.995895803 -0.084700353 -0.065744512 -0.991511583 0.042214241 0.122974694 0.760708451
0.122603863 0.076566480 0.989497781 1.123958230 0.029050753 0.996315539 -0.080693580 -0.068217151 -0.992030382 0.038639002 0.119927809 0.764412403
0.120687820 0.074948728 0.989857137 1.152127862 0.029537106 0.996433139 -0.079047956 -0.070543677 -0.992250979 0.038777638 0.118043572 0.767784059
0.118622087 0.075651608 0.990053296 1.179803848 0.028823871 0.996410847 -0.079590887 -0.072938308 -0.992520988 0.037978414 0.116015762 0.771207035
0.117386945 0.078284502 0.989995897 1.207919836 0.029378830 0.996177971 -0.082256891 -0.075321756 -0.992651582 0.038740810 0.114638403 0.774561286
0.116976246 0.080991082 0.989826798 1.236123800 0.030275339 0.995915115 -0.085067160 -0.077744588 -0.992673218 0.039918177 0.114046402 0.777742267
0.116424270 0.082017154 0.989807367 1.264249921 0.028883833 0.995883405 -0.085918032 -0.080349319 -0.992779493 0.038592376 0.113576032 0.781314611
0.116602942 0.081399187 0.989837468 1.292774200 0.026170528 0.996037900 -0.084991977 -0.083068892 -0.992833734 0.035814881 0.114010692 0.784664690
0.116781086 0.081241652 0.989829242 1.321385860 0.022289144 0.996183217 -0.084392861 -0.085765727 -0.992907524 0.031917937 0.114524543 0.788009882
0.116507009 0.082939662 0.989720762 1.349767923 0.018986939 0.996138930 -0.085712612 -0.088453293 -0.993008375 0.028777890 0.114482418 0.791831255
0.116108947 0.084933504 0.989598393 1.378611207 0.014503648 0.996085942 -0.087192006 -0.090777613 -0.993130565 0.024476562 0.114422642 0.795233130
0.114956804 0.084466606 0.989772856 1.406958699 0.010419585 0.996221125 -0.086227059 -0.093803637 -0.993315876 0.020225409 0.113642283 0.799231529
0.115369409 0.079450846 0.990140140 1.436755180 0.011454241 0.996623397 -0.081305720 -0.096188396 -0.993256629 0.020721495 0.114069805 0.802485645
0.114778243 0.069527455 0.990954995 1.465335608 0.014550539 0.997323096 -0.071659565 -0.098767698 -0.993284643 0.022643892 0.113459319 0.805992246
0.115355350 0.063004643 0.991324127 1.495342612 0.020222398 0.997630537 -0.065758631 -0.101065636 -0.993118346 0.027632557 0.113807924 0.809215426
0.115617342 0.063748777 0.991245985 1.524531007 0.028262937 0.997323155 -0.067436151 -0.103012413 -0.992891610 0.035812315 0.113506131 0.812520087
0.117147505 0.067787297 0.990798354 1.554234982 0.034533575 0.996786296 -0.072280064 -0.105232880 -0.992514074 0.042683236 0.114430077 0.815683484
0.118058987 0.073026419 0.990317881 1.583370805 0.037637416 0.996246576 -0.077950485 -0.107500419 -0.992293119 0.046475753 0.114867330 0.818972647
0.118775941 0.077079527 0.989924729 1.612950444 0.039092638 0.995846272 -0.082231134 -0.109762691 -0.992151201 0.048465855 0.115269333 0.822438717
0.117839888 0.074644864 0.990223110 1.642175436 0.035916615 0.996197999 -0.079369448 -0.112400129 -0.992382944 0.044918347 0.114710867 0.826421499
0.118898734 0.069823883 0.990448356 1.672808170 0.035367232 0.996593356 -0.074502788 -0.115059763 -0.992276311 0.043887693 0.116024233 0.829637587
0.118431427 0.068254746 0.990613580 1.702990413 0.033576500 0.996788859 -0.072694436 -0.117559016 -0.992394388 0.041870642 0.115759365 0.833431363
0.118360639 0.069262013 0.990552127 1.732421398 0.031043809 0.996818542 -0.073409602 -0.119804531 -0.992485225 0.039439324 0.115833923 0.837480605
0.119194031 0.074371651 0.990081608 1.762281537 0.032058857 0.996382356 -0.078704454 -0.122269154 -0.992353261 0.041121986 0.116378561 0.840727568
0.119805150 0.077798434 0.989744484 1.793727636 0.030945249 0.996147871 -0.082047582 -0.124465019 -0.992314994 0.040457614 0.116936177 0.844376683
0.119999081 0.076492183 0.989822924 1.824004173 0.031328186 0.996239007 -0.080786020 -0.127044022 -0.992279530 0.040703606 0.117151424 0.848338544
0.120671637 0.069318190 0.990269363 1.854909897 0.032762025 0.996737540 -0.073763266 -0.129605204 -0.992151737 0.041344363 0.118006945 0.851813316
0.120364949 0.067955419 0.990401089 1.885640264 0.032818109 0.996836662 -0.072385430 -0.132008553 -0.992187023 0.041215766 0.117754042 0.855581164
0.119216792 0.072589636 0.990211129 1.915883780 0.029109133 0.996639490 -0.076565497 -0.134141028 -0.992441416 0.037952092 0.116703138 0.860294521
0.121432774 0.074334599 0.989812255 1.947430968 0.029377820 0.996485889 -0.078439921 -0.137238741 -0.992164791 0.038603704 0.118822247 0.862965763
0.121186018 0.074172966 0.989854693 1.978512287 0.028877892 0.996518791 -0.078207791 -0.139485329 -0.992209613 0.038062610 0.118622184 0.867061973
0.121336922 0.071603529 0.990025401 2.010075092 0.027458854 0.996770859 -0.075456738 -0.141925097 -0.992231488 0.036340650 0.118978962 0.871031046
0.122120313 0.070597693 0.990001321 2.041178703 0.027917944 0.996828020 -0.074528307 -0.144323349 -0.992122531 0.036740217 0.119762003 0.874779046
0.123581752 0.070220627 0.989846766 2.073013544 0.029647762 0.996786594 -0.074414462 -0.147067592 -0.991891325 0.038543019 0.121102743 0.878659964
0.125005037 0.069597706 0.989712000 2.104184866 0.032433797 0.996716738 -0.074186824 -0.149516076 -0.991625786 0.041373841 0.122337297 0.882274449
0.125378400 0.069522500 0.989670098 2.136401176 0.031296555 0.996768057 -0.073985986 -0.151999116 -0.991615236 0.040249500 0.122797363 0.886791289
0.127092481 0.069264099 0.989469469 2.167923212 0.032873966 0.996716619 -0.073993906 -0.154715136 -0.991345882 0.041931871 0.124398224 0.890306830
0.128085509 0.067792960 0.989443243 2.200083971 0.033179414 0.996809483 -0.072592817 -0.157103360 -0.991207957 0.042127229 0.125427529 0.894725084
0.129337266 0.066408888 0.989374280 2.232268333 0.031600263 0.996972144 -0.071049854 -0.159963310 -0.991096914 0.040453888 0.126847103 0.898794413
0.130675703 0.066019937 0.989224553 2.264688969 0.032651160 0.996952534 -0.070848882 -0.162288710 -0.990887344 0.041557558 0.128121838 0.903121352
0.132456690 0.067355014 0.988897562 2.297121525 0.030787114 0.996927500 -0.072025679 -0.164832443 -0.990710557 0.039985586 0.129976034 0.907441020
0.133599699 0.070526943 0.988522589 2.329439878 0.030860297 0.996684790 -0.075280063 -0.167105243 -0.990554750 0.040563498 0.130980298 0.911971867
0.134936154 0.069794260 0.988393128 2.362189293 0.029213905 0.996802211 -0.074376345 -0.169601798 -0.990423501 0.038910884 0.132465705 0.916422844
0.135269046 0.069173299 0.988391280 2.394739866 0.025740167 0.996977866 -0.073296994 -0.172333732 -0.990474522 0.035356168 0.133079723 0.921040416
0.135829806 0.071472540 0.988150775 2.427234650 0.022774890 0.996905625 -0.075236373 -0.174569055 -0.990470469 0.032724366 0.133781701 0.925288260
0.135579810 0.071412183 0.988189459 2.460293293 0.020555738 0.996981621 -0.074867800 -0.177162573 -0.990553141 0.030463532 0.133702651 0.929909229
0.134729892 0.069280662 0.988457322 2.492334843 0.017917005 0.997219324 -0.072336935 -0.179903492 -0.990720391 0.027456140 0.133113921 0.934157014
0.133020073 0.067827702 0.988789737 2.525499344 0.015285777 0.997396469 -0.070474461 -0.182746440 -0.990995526 0.024488937 0.131636918 0.938939571
0.132198632 0.067801163 0.988901556 2.558340788 0.013443108 0.997443497 -0.070183903 -0.185152188 -0.991132081 0.022572128 0.130949199 0.943175435
0.130183920 0.067770444 0.989170969 2.591146469 0.014249699 0.997430384 -0.070211686 -0.187683448 -0.991387427 0.023235822 0.128883690 0.947585642
0.127741352 0.067006022 0.989541471 2.624248505 0.011683627 0.997544348 -0.069056168 -0.190191910 -0.991738617 0.020382760 0.126644805 0.952191830
0.124627329 0.062381327 0.990240633 2.657507420 0.009735223 0.997896731 -0.064088851 -0.192689553 -0.992155910 0.017627437 0.123757876 0.956648588
0.120560713 0.063214540 0.990691185 2.690225363 0.010376076 0.997835696 -0.064933106 -0.194628552 -0.992651701 0.018107869 0.119643882 0.960676193
0.114693105 0.071352370 0.990835249 2.722857237 0.004573806 0.997368693 -0.072352313 -0.196742445 -0.993390501 0.012830197 0.114064962 0.965038061
0.108162053 0.073257521 0.991430402 2.755390167 0.007329376 0.997195303 -0.074483089 -0.199618831 -0.994106233 0.015322807 0.107321754 0.968178809
0.099307522 0.069058686 0.992657423 2.788744450 0.009194026 0.997482538 -0.070314147 -0.202211112 -0.995014310 0.016109241 0.098422594 0.971554995
0.087826177 0.066889599 0.993887484 2.821699619 0.011251987 0.997612715 -0.068134613 -0.204826206 -0.996072233 0.017167211 0.086863860 0.974851131
0.074952058 0.067332149 0.994911313 2.854051352 0.011343054 0.997595668 -0.068368345 -0.207511351 -0.997122586 0.016409682 0.074008100 0.977440476
0.060841687 0.067052551 0.995892644 2.886833668 0.013569981 0.997593284 -0.067996070 -0.210121572 -0.998055160 0.017651241 0.059785370 0.979442000
0.046206385 0.065184861 0.996802926 2.918994904 0.014106942 0.997726560 -0.065899186 -0.212473989 -0.998832405 0.017106805 0.045181781 0.980885625
0.030383017 0.067357711 0.997266173 2.951958895 0.018545622 0.997517049 -0.067939691 -0.214618176 -0.999366283 0.020559134 0.029058388 0.982218027
0.014529159 0.071184024 0.997357488 2.984178543 0.020455703 0.997232735 -0.071473122 -0.216831535 -0.999685168 0.021440094 0.013032834 0.983117759
0.001085160 0.074966855 0.997185409 3.015223980 0.020906623 0.996966302 -0.074973129 -0.219192237 -0.999780774 0.020929141 -0.000485435 0.981788635
-0.016559128 0.074416481 0.997089684 3.048401833 0.016585983 0.997109830 -0.074142486 -0.222115353 -0.999725461 0.015309979 -0.017745534 0.982215226
-0.033809729 0.070428684 0.996943653 3.081534863 0.010486454 0.997484088 -0.070111215 -0.224694565 -0.999373376 0.008083962 -0.034463208 0.981927156
-0.050453104 0.067321353 0.996454895 3.113393307 0.006743565 0.997725785 -0.067065775 -0.227108687 -0.998703718 0.003335982 -0.050792351 0.980706036
-0.066385664 0.069743834 0.995353520 3.145785093 0.004406876 0.997564852 -0.069604866 -0.229641527 -0.997784317 -0.000234365 -0.066531353 0.979223609
-0.081246249 0.071783297 0.994105756 3.177629471 0.004855078 0.997419775 -0.071625821 -0.232245162 -0.996682227 -0.000992867 -0.081385128 0.976842642
-0.095851518 0.074011244 0.992640376 3.209180593 0.006326642 0.997257173 -0.073744558 -0.234779745 -0.995375514 -0.000788448 -0.096056849 0.974072635
-0.110955179 0.073368348 0.991113544 3.240734339 0.008643574 0.997304797 -0.072859034 -0.237517059 -0.993787825 0.000482676 -0.111290306 0.970550418
-0.125843197 0.071504906 0.989469826 3.272125721 0.008152558 0.997439861 -0.071044005 -0.240125179 -0.992016673 -0.000873694 -0.126103982 0.966901720
-0.141346917 0.070575178 0.987441242 3.304194689 0.008223790 0.997504771 -0.070117265 -0.242553636 -0.989925921 -0.001790351 -0.141574651 0.962480187
-0.156885698 0.072616667 0.984943509 3.335208416 0.006607615 0.997348011 -0.072478719 -0.245043650 -0.987594724 -0.004862747 -0.156949461 0.957578421
-0.173104241 0.074729048 0.982064426 3.366285801 0.007721202 0.997189641 -0.074519031 -0.247730106 -0.984873235 -0.005316840 -0.173194766 0.952627897
-0.189040005 0.076857775 0.978957057 3.397166729 0.009399630 0.997028232 -0.076461457 -0.250206172 -0.981924415 -0.005252438 -0.189200640 0.946867049
-0.204410508 0.078885607 0.975701511 3.427816391 0.012354021 0.996876061 -0.078009374 -0.253069550 -0.978807271 -0.003892099 -0.204746470 0.940558851
-0.220966429 0.082895406 0.971752107 3.458532810 0.010717148 0.996527493 -0.082571879 -0.255622298 -0.975222409 -0.007831206 -0.221087530 0.934098423
-0.236815691 0.085243158 0.967807770 3.489633560 0.012620523 0.996329367 -0.084667146 -0.258554369 -0.971472561 -0.007836266 -0.237022236 0.926306784
-0.253792346 0.083466657 0.963650763 3.520752907 0.010938465 0.996453822 -0.083427079 -0.261272222 -0.967196882 -0.010632295 -0.253805399 0.918509722
-0.271439642 0.079922393 0.959131360 3.551889181 0.009139651 0.996715307 -0.080467612 -0.263840199 -0.962412059 -0.013075977 -0.271278501 0.910166442
-0.289573669 0.079952799 0.953810632 3.582710266 0.008400293 0.996679068 -0.080995932 -0.266841501 -0.957118869 -0.015442004 -0.289283633 0.901129365
-0.307432890 0.080456004 0.948162436 3.614529848 0.007285991 0.996589005 -0.082202822 -0.269238263 -0.951541781 -0.018363548 -0.306970537 0.891805530
-0.325629711 0.079628579 0.942138314 3.645123959 0.006115731 0.996603906 -0.082118168 -0.271868348 -0.945477545 -0.020978253 -0.325010806 0.881722093
-0.342744917 0.080425583 0.935979545 3.675718784 0.006257585 0.996501982 -0.083334625 -0.274762928 -0.939407647 -0.022705542 -0.342049241 0.870559335
-0.360463321 0.080069289 0.929330409 3.706669807 0.005756376 0.996480882 -0.083622091 -0.277651399 -0.932755470 -0.024793116 -0.359655708 0.858707786
-0.377333939 0.078028537 0.922784090 3.736899137 0.005521701 0.996615887 -0.082013726 -0.280166060 -0.926060736 -0.025851220 -0.376487851 0.846773982
-0.394314438 0.074604496 0.915942311 3.767614365 0.005782484 0.996880949 -0.078707680 -0.283120126 -0.918957293 -0.025739152 -0.393516004 0.833862782
-0.411943257 0.072848864 0.908292770 3.798981667 0.006709526 0.997014582 -0.076921724 -0.285621166 -0.911184788 -0.025593171 -0.411202192 0.820242524
-0.428866088 0.071913525 0.900501251 3.828144550 0.006363154 0.997042179 -0.076592773 -0.288434565 -0.903345644 -0.027118005 -0.428055227 0.806424499
-0.445984274 0.073824465 0.891990960 3.857232809 0.005145904 0.996787548 -0.079924941 -0.291316926 -0.895025909 -0.031055164 -0.444931567 0.791999221
-0.464205772 0.074112177 0.882621229 3.886710167 0.002619069 0.996603668 -0.082305580 -0.293965638 -0.885723472 -0.035895094 -0.462823272 0.777507663
-0.482769400 0.071342438 0.872836649 3.916251659 0.000639059 0.996704638 -0.081113480 -0.296559215 -0.875747323 -0.038601313 -0.481224060 0.761622787
-0.502512991 0.063913129 0.862204075 3.944830418 -0.003346787 0.997112513 -0.075864173 -0.299384117 -0.864563167 -0.041008346 -0.500848055 0.745824099
-0.523010671 0.061716080 0.850088716 3.973525047 -0.004819266 0.997144938 -0.075357296 -0.302022815 -0.852312505 -0.043509487 -0.521219969 0.728913426
-0.543772519 0.060199857 0.837070704 4.001465321 -0.005542432 0.997144520 -0.075312376 -0.304640740 -0.839214265 -0.045592207 -0.541886210 0.711248398
-0.565043628 0.057315208 0.823067904 4.029400826 -0.009153278 0.997087359 -0.075717039 -0.307349712 -0.825010121 -0.050317202 -0.562873185 0.692558527
-0.584843397 0.055497147 0.809245527 4.055741310 -0.008907386 0.997157216 -0.074821301 -0.309707433 -0.811097324 -0.050967008 -0.582686365 0.673106194
-0.605419278 0.057533920 0.793824494 4.083846569 -0.007009751 0.996959865 -0.077602588 -0.313044786 -0.795875847 -0.052546620 -0.603175342 0.652920604
-0.624832213 0.056251548 0.778730094 4.109561443 -0.003629885 0.997181118 -0.074943878 -0.315834105 -0.780750632 -0.049654055 -0.622866690 0.632811308
-0.643463969 0.056751128 0.763369799 4.136915207 -0.000085144 0.997242570 -0.074209698 -0.318817407 -0.765476406 -0.047816269 -0.641684890 0.610564351
-0.662175477 0.058605939 0.747053444 4.161928177 0.002210889 0.997085333 -0.076261111 -0.321607858 -0.749345422 -0.048846584 -0.660375059 0.588886142
-0.680344224 0.060749497 0.730370581 4.187604904 0.002265674 0.996728301 -0.080793642 -0.324424833 -0.732889175 -0.053312704 -0.678255975 0.565680504
-0.697941124 0.060970716 0.713555038 4.211600780 0.004787552 0.996744394 -0.080485433 -0.327203989 -0.716139138 -0.052757908 -0.695960701 0.543332219
-0.713296592 0.059141662 0.698362529 4.236268044 0.006225466 0.996928632 -0.078067489 -0.329849422 -0.700834632 -0.051337633 -0.711474001 0.517933369
-0.727946460 0.061459176 0.682873785 4.259256363 0.008293592 0.996690750 -0.080861948 -0.331430495 -0.685583711 -0.053199679 -0.726047277 0.494043827
-0.740534723 0.064913690 0.668875694 4.282446861 0.012241703 0.996461570 -0.083152384 -0.335666031 -0.671906710 -0.053389039 -0.738709033 0.467867851
-0.753594398 0.063858159 0.654230535 4.304443359 0.010810156 0.996339381 -0.084798746 -0.338113666 -0.657250702 -0.056831531 -0.751526177 0.443785429
-0.765095592 0.060777526 0.641041994 4.327545166 0.009214933 0.996467054 -0.083477370 -0.341902643 -0.643850803 -0.057961006 -0.762952626 0.416611791
-0.775119483 0.059025407 0.629051566 4.348601341 0.008245610 0.996486783 -0.083342470 -0.345088601 -0.631761014 -0.059413448 -0.772882998 0.389547229
-0.785110593 0.057086907 0.616719067 4.370343208 0.007580560 0.996554196 -0.082596160 -0.348132849 -0.619309187 -0.060172040 -0.782838106 0.363515854
-0.794110596 0.054745819 0.605302393 4.390991211 0.006610289 0.996653914 -0.081468917 -0.351432979 -0.607737124 -0.060694121 -0.791815579 0.336177707
-0.803187549 0.049720824 0.593647718 4.412586212 0.004205953 0.996959388 -0.077809580 -0.354235649 -0.595711410 -0.059998814 -0.800954461 0.308928728
-0.811138928 0.045782216 0.583058834 4.432989120 0.002523007 0.997196019 -0.074790619 -0.356736481 -0.584848046 -0.059194516 -0.808979988 0.281348228
-0.817901790 0.045764841 0.573534727 4.453101158 0.005995578 0.997455299 -0.071041167 -0.359862030 -0.575326622 -0.054666039 -0.816094995 0.253243327
-0.823322475 0.048977818 0.565456688 4.472699642 0.009623270 0.997331142 -0.072373435 -0.362683594 -0.567492247 -0.054145146 -0.821596503 0.225742221
-0.826453626 0.054312386 0.560378909 4.491929054 0.015295132 0.997134566 -0.074085638 -0.365368336 -0.562797010 -0.052657291 -0.824916244 0.196842194
-0.829308510 0.057518113 0.555822849 4.511395454 0.017678158 0.996890962 -0.076784603 -0.368065715 -0.558511257 -0.053852208 -0.827747047 0.167538524
-0.832353354 0.056080371 0.551400781 4.530516148 0.017428795 0.997024179 -0.075093418 -0.371015489 -0.553971171 -0.052894011 -0.830853879 0.139679432
-0.835125029 0.048667397 0.547902942 4.549422741 0.011465396 0.997401953 -0.071118280 -0.373937845 -0.549940705 -0.053110737 -0.833513319 0.111041069
-0.838807166 0.042410254 0.542774141 4.569077015 0.005577344 0.997578382 -0.069327623 -0.376494050 -0.544399858 -0.055125270 -0.837012470 0.082605600
-0.841155946 0.037100669 0.539518416 4.588051796 -0.001431089 0.997487783 -0.070824705 -0.379065752 -0.540790677 -0.060346730 -0.838989735 0.053243160
-0.843865097 0.034705717 0.535431802 4.607232094 -0.005668364 0.997273505 -0.073575057 -0.381693840 -0.536525488 -0.065122455 -0.841367662 0.024705648
-0.845145166 0.036078267 0.533317983 4.625722885 -0.005316182 0.997102916 -0.075877242 -0.384230107 -0.534510374 -0.066962495 -0.842505038 -0.003974915
-0.845655680 0.036653280 0.532468855 4.644559383 -0.005749318 0.996955693 -0.077757873 -0.387448132 -0.533697903 -0.068817705 -0.842870474 -0.033224106
-0.845501423 0.038975604 0.532549024 4.663010597 -0.004338285 0.996798277 -0.079840243 -0.390206814 -0.533955693 -0.069815382 -0.842625201 -0.062108755
-0.844625831 0.039809704 0.533874750 4.681466103 -0.004088094 0.996722639 -0.080790758 -0.393511355 -0.535341442 -0.070420489 -0.841695070 -0.091565847
-0.843767226 0.041049637 0.535137177 4.700267792 -0.003683260 0.996604383 -0.082255661 -0.396667212 -0.536696732 -0.071375683 -0.840750873 -0.121371269
-0.843171358 0.041709200 0.536024511 4.718564034 -0.003018853 0.996603251 -0.082296491 -0.399381340 -0.537636399 -0.071008220 -0.840181589 -0.148466349
-0.842105448 0.041608643 0.537705362 4.736761570 -0.003221953 0.996613443 -0.082165755 -0.402607620 -0.539303184 -0.070924692 -0.839119613 -0.175635099
-0.840129316 0.039818082 0.540922582 4.756038189 -0.006311214 0.996516466 -0.083157197 -0.405419320 -0.542349398 -0.073276676 -0.836951375 -0.205344915
-0.837345123 0.038048644 0.545348704 4.774298668 -0.006928607 0.996756196 -0.080181442 -0.408623159 -0.546630621 -0.070918053 -0.834365368 -0.233196974
-0.834354460 0.034922216 0.550120831 4.793573380 -0.009690968 0.996907532 -0.077982768 -0.411416411 -0.551142931 -0.070396461 -0.831435978 -0.261617661
-0.830772758 0.032237470 0.555677354 4.812713623 -0.011408454 0.997125387 -0.074904330 -0.414319277 -0.556494772 -0.068567894 -0.828016937 -0.289175272
-0.825994313 0.034688119 0.562609911 4.831892967 -0.008780641 0.997191906 -0.074373834 -0.417527795 -0.563609838 -0.066372454 -0.823370278 -0.317664385
-0.821099699 0.034441516 0.569744885 4.851338863 -0.010094202 0.997145534 -0.074825682 -0.420134634 -0.570695698 -0.067190461 -0.818408191 -0.345553160
-0.814886749 0.038120978 0.578365207 4.870932102 -0.008024517 0.996997297 -0.077019773 -0.423043519 -0.579564691 -0.067403503 -0.812133908 -0.372971535
-0.809412360 0.038066927 0.586005628 4.890512466 -0.008201318 0.997066617 -0.076097414 -0.425941527 -0.587183416 -0.066400200 -0.806725860 -0.398897171
-0.800875247 0.041239135 0.597409725 4.911556244 -0.006457102 0.996973217 -0.077477202 -0.428653479 -0.598796427 -0.065907121 -0.798184752 -0.427866220
-0.791996837 0.043602634 0.608966231 4.932270050 -0.005627332 0.996882737 -0.078696549 -0.431442440 -0.610499322 -0.065754272 -0.789282560 -0.454913616
-0.782969415 0.045168139 0.620418191 4.953756332 -0.004936530 0.996877789 -0.078805342 -0.434493005 -0.622040629 -0.064764880 -0.780301869 -0.481941700
-0.773780525 0.043882865 0.631931782 4.975296021 -0.005487885 0.997095704 -0.075960480 -0.437450856 -0.633429766 -0.062244721 -0.771292567 -0.508321047
-0.764616668 0.046236940 0.642824531 4.997292519 -0.003846901 0.997077882 -0.076293349 -0.440343201 -0.644473791 -0.060808055 -0.762204647 -0.533873796
-0.754197478 0.048484370 0.654855192 5.019572258 -0.001809129 0.997113168 -0.075908139 -0.442964613 -0.656645179 -0.058434445 -0.751932442 -0.560220718
-0.743943572 0.050094649 0.666362107 5.042036057 0.000579130 0.997234106 -0.074321821 -0.445394933 -0.668242276 -0.054905325 -0.741914928 -0.585243940
-0.733126879 0.050260738 0.678232133 5.064270973 0.002364965 0.997447848 -0.071360007 -0.448264718 -0.680087745 -0.050711952 -0.731374681 -0.609387636
-0.722068787 0.052190464 0.689849854 5.087184906 0.005077111 0.997523367 -0.070153192 -0.450830817 -0.691802621 -0.047152992 -0.720545530 -0.633279085
-0.709368229 0.054483347 0.702729166 5.109435081 0.009875375 0.997678339 -0.067382395 -0.453868747 -0.704768896 -0.040859215 -0.708259344 -0.656273127
-0.695371568 0.056385089 0.716435015 5.132592678 0.012145564 0.997696936 -0.066732563 -0.456475377 -0.718547642 -0.037702419 -0.694454968 -0.679220676
-0.680253863 0.058587082 0.730631411 5.156555176 0.016250959 0.997760952 -0.064876929 -0.459176004 -0.732796431 -0.032259319 -0.679682851 -0.702164888
-0.667077005 0.058742028 0.742669225 5.179566383 0.015915778 0.997782767 -0.064624630 -0.461582720 -0.744818687 -0.031289455 -0.666532755 -0.721819162
-0.650950432 0.060896434 0.756673753 5.205568314 0.018132618 0.997740090 -0.064698122 -0.464041412 -0.758903623 -0.028394803 -0.650583565 -0.744671583
-0.634296238 0.062996864 0.770519197 5.230542183 0.020309810 0.997688293 -0.064850837 -0.466312945 -0.772823274 -0.025485540 -0.634109318 -0.765734911
-0.616662860 0.062835321 0.784715652 5.255914211 0.021297835 0.997776210 -0.063159190 -0.468589723 -0.786939204 -0.022235181 -0.616629779 -0.785869598
-0.598204911 0.064704634 0.798726618 5.281558514 0.024972906 0.997756004 -0.062124547 -0.470591247 -0.800953865 -0.017216673 -0.598478317 -0.804768085
-0.578159571 0.066131435 0.813239276 5.306962013 0.024144311 0.997660160 -0.063963257 -0.472691745 -0.815566301 -0.017345876 -0.578403473 -0.822641373
-0.557034791 0.068234712 0.827681243 5.332396984 0.025157612 0.997547984 -0.065307431 -0.475535333 -0.830108047 -0.015556027 -0.557385504 -0.840315461
-0.535873473 0.069557361 0.841428161 5.359960556 0.023836058 0.997449696 -0.067274742 -0.477333188 -0.843961656 -0.015994417 -0.536164880 -0.857237697
-0.513303638 0.069284916 0.855405688 5.386387825 0.023257561 0.997492731 -0.066837318 -0.479782343 -0.857891738 -0.014413194 -0.513628125 -0.872704506
-0.489137560 0.068694010 0.869497240 5.413965702 0.020912010 0.997530878 -0.067045093 -0.482113868 -0.871955931 -0.014611345 -0.489366323 -0.888865590
-0.465427697 0.069244042 0.882373035 5.441256523 0.019116752 0.997488916 -0.068194151 -0.484613419 -0.884879470 -0.014871344 -0.465582699 -0.903070569
-0.441973358 0.069009751 0.894369781 5.469136238 0.015784100 0.997480333 -0.069165714 -0.486769557 -0.896889269 -0.016452579 -0.441948950 -0.916400313
