1.000000000 0.000000000 0.000000000 0.000000000 0.000000000 1.000000000 0.000000000 0.000000000 0.000000000 0.000000000 1.000000000 0.000000000
0.999998569 0.000796979 0.001501984 -0.000368618 -0.000790193 0.999989510 -0.004513102 -0.000220519 -0.001505565 0.004511907 0.999988675 0.079261430
0.999996662 -0.001391916 0.002171739 -0.000170274 0.001403556 0.999984622 -0.005367503 -0.000048102 -0.002164234 0.005370533 0.999983191 0.157910690
0.999992371 -0.003020257 0.002515722 -0.000410434 0.003023581 0.999994695 -0.001318659 -0.000142863 -0.002511725 0.001326255 0.999995947 0.236718312
0.999984205 -0.005376164 0.001642707 -0.000064321 0.005368210 0.999974012 0.004808229 -0.000331495 -0.001668514 -0.004799335 0.999987066 0.315387815
0.999960601 -0.008871663 0.000340452 -0.000070794 0.008869903 0.999948859 0.004856886 -0.000199717 -0.000383523 -0.004853675 0.999988139 0.393076330
0.999934971 -0.011391534 -0.000488578 -0.000110405 0.011392442 0.999933302 0.001902289 0.000188052 0.000466875 -0.001907731 0.999998093 0.470259517
0.999927163 -0.011991028 -0.001328311 -0.000172134 0.011988948 0.999926925 -0.001563419 0.000364773 0.001346961 0.001547380 0.999997914 0.546794653
0.999930084 -0.011639573 -0.002084188 -0.000613110 0.011635185 0.999930084 -0.002106030 0.000357997 0.002108556 0.002081633 0.999995589 0.623711109
0.999931931 -0.011286886 -0.002963644 -0.001393598 0.011286307 0.999936223 -0.000212435 0.000262246 0.002965852 0.000178972 0.999995530 0.700101495
0.999931872 -0.011015524 -0.003857357 -0.001667501 0.011025405 0.999935985 0.002550171 0.000382166 0.003829019 -0.002592527 0.999989331 0.776107848
0.999925494 -0.011257688 -0.004717832 -0.002186589 0.011277718 0.999927342 0.004241244 0.000423707 0.004669742 -0.004294135 0.999979854 0.852096260
0.999907315 -0.012549618 -0.005283727 -0.002906420 0.012576380 0.999908090 0.005062771 0.000763831 0.005219705 -0.005128752 0.999973238 0.928034186
0.999898612 -0.012672702 -0.006497723 -0.002822974 0.012705161 0.999906838 0.004978895 0.000900301 0.006434021 -0.005060945 0.999966502 1.003018022
0.999882877 -0.012911684 -0.008215947 -0.001897575 0.012942648 0.999909282 0.003726655 0.000960065 0.008167084 -0.003832554 0.999959290 1.077913761
0.999874413 -0.013260593 -0.008680148 -0.004425222 0.013275571 0.999910414 0.001670382 0.001407904 0.008657222 -0.001785407 0.999960899 1.152161956
0.999822855 -0.014984487 -0.011386693 -0.003834207 0.014981164 0.999887645 -0.000377064 0.002603393 0.011391065 0.000206412 0.999935091 1.227185965
0.999829531 -0.014097757 -0.011924023 -0.006262451 0.014098584 0.999900758 -0.000014522 0.001507814 0.011923044 -0.000153593 0.999928892 1.300318599
0.999838233 -0.012173214 -0.013240465 -0.007963241 0.012162342 0.999925733 -0.000901213 0.001548760 0.013250451 0.000740032 0.999911904 1.373295546
0.999825478 -0.011412887 -0.014790508 -0.009868858 0.011394765 0.999934196 -0.001308887 0.001897697 0.014804475 0.001140124 0.999889731 1.447848678
0.999780416 -0.011940470 -0.017222518 -0.010002431 0.011928216 0.999928653 -0.000814019 0.002238584 0.017231008 0.000608407 0.999851286 1.521518230
0.999773443 -0.011452219 -0.017938014 -0.012856415 0.011472126 0.999933779 0.001007241 0.001741654 0.017925285 -0.001212800 0.999838710 1.594479084
0.999749780 -0.011306621 -0.019296426 -0.014809104 0.011340519 0.999934375 0.001648195 0.001551362 0.019276520 -0.001866614 0.999812484 1.667722106
0.999713540 -0.012240794 -0.020565908 -0.016486911 0.012273279 0.999923646 0.001453989 0.001875386 0.020546537 -0.001705984 0.999787390 1.738638759
0.999667943 -0.012121483 -0.022740563 -0.018015292 0.012135871 0.999926329 0.000494770 0.002429504 0.022732887 -0.000770582 0.999741256 1.810247660
0.999650598 -0.012289250 -0.023399657 -0.020204868 0.012321668 0.999923289 0.001241629 0.002101052 0.023382604 -0.001529518 0.999725521 1.881576419
0.999610841 -0.011913339 -0.025223907 -0.021423968 0.011992791 0.999923587 0.003000895 0.002549211 0.025186233 -0.003302231 0.999677360 1.952075243
0.999595702 -0.012943359 -0.025315581 -0.023996655 0.013099681 0.999896109 0.006018761 0.002519066 0.025235046 -0.006347954 0.999661326 2.022321701
0.999554157 -0.013276151 -0.026744133 -0.025578069 0.013491348 0.999877930 0.007882128 0.002391837 0.026636224 -0.008239427 0.999611199 2.091830015
0.999562263 -0.012459570 -0.026833439 -0.028003678 0.012637908 0.999899089 0.006486871 0.002848838 0.026749907 -0.006823150 0.999618828 2.159371853
0.999539614 -0.011021630 -0.028268348 -0.029734813 0.011129336 0.999931395 0.003655629 0.003492406 0.028226120 -0.003968555 0.999593675 2.226115227
0.999543548 -0.010814249 -0.028208191 -0.032742441 0.010876820 0.999938667 0.002065718 0.003385961 0.028184120 -0.002371591 0.999599934 2.291373491
0.999535143 -0.009510159 -0.028965326 -0.035399187 0.009561882 0.999952912 0.001647708 0.003695963 0.028948290 -0.001923905 0.999579012 2.356964827
0.999496043 -0.009441459 -0.030307045 -0.037666421 0.009480794 0.999954402 0.001154454 0.003722235 0.030294761 -0.001441207 0.999539971 2.421453714
0.999435782 -0.009369299 -0.032254990 -0.040410016 0.009373518 0.999956012 -0.000020426 0.003802742 0.032253768 -0.000281928 0.999479711 2.486335754
0.999353766 -0.009711853 -0.034605850 -0.041973200 0.009729305 0.999952614 0.000335920 0.003256495 0.034600947 -0.000672394 0.999400973 2.549825191
0.999293566 -0.009822871 -0.036273878 -0.044964384 0.009884631 0.999949932 0.001523695 0.003415732 0.036257096 -0.001881173 0.999340713 2.611805201
0.999206305 -0.009858007 -0.038593054 -0.047041692 0.009999015 0.999944031 0.003462427 0.004047030 0.038556762 -0.003845572 0.999249041 2.675078869
0.999147236 -0.008886522 -0.040321995 -0.050342824 0.009095635 0.999946058 0.005005564 0.003914221 0.040275339 -0.005368049 0.999174297 2.735296488
0.999072254 -0.007653019 -0.042378780 -0.053127721 0.007887355 0.999954522 0.005365163 0.003894123 0.042335797 -0.005694441 0.999087214 2.796608210
0.998998046 -0.005505382 -0.044413790 -0.056375615 0.005713352 0.999973357 0.004556948 0.003919872 0.044387516 -0.004806132 0.999002874 2.854549646
0.998924673 -0.003692711 -0.046215199 -0.059203215 0.003859491 0.999986351 0.003520076 0.004743527 0.046201568 -0.003694659 0.998925328 2.914739132
0.998843312 -0.003527691 -0.047954127 -0.062170684 0.003757698 0.999981880 0.004707104 0.004898934 0.047936652 -0.004881856 0.998838425 2.973984718
0.998807430 -0.001817999 -0.048789605 -0.065777898 0.002151983 0.999974608 0.006793728 0.004993159 0.048776016 -0.006890621 0.998785973 3.030089378
0.998796165 0.000554248 -0.049050231 -0.069198027 -0.000184626 0.999971569 0.007539795 0.004825436 0.049053013 -0.007521662 0.998767853 3.086975813
0.998845220 0.003991868 -0.047878262 -0.072122939 -0.003733586 0.999978006 0.005482772 0.004788215 0.047899086 -0.005297684 0.998838127 3.142112255
0.998912513 0.005821047 -0.046258427 -0.074587829 -0.005707202 0.999980450 0.002592752 0.004761645 0.046272606 -0.002325927 0.998926163 3.195093870
0.999017358 0.006197044 -0.043887604 -0.077588633 -0.006190366 0.999980807 0.000288068 0.005768447 0.043888543 -0.000016104 0.999036431 3.249050379
0.999139845 0.006708904 -0.040921502 -0.080278799 -0.006687284 0.999977469 0.000665204 0.006534287 0.040925037 -0.000390978 0.999162138 3.301452875
0.999218047 0.012252782 -0.037592653 -0.082772486 -0.012112138 0.999918759 0.003966695 0.005600403 0.037638210 -0.003508266 0.999285281 3.354543924
0.999309540 0.016581643 -0.033249371 -0.085922197 -0.016340345 0.999838173 0.007515846 0.005718647 0.033368617 -0.006967350 0.999418914 3.405723333
0.999331474 0.021689754 -0.029429719 -0.087213427 -0.021446677 0.999733567 0.008550221 0.005423402 0.029607326 -0.007913337 0.999530256 3.455382586
0.999390185 0.025207866 -0.024160396 -0.088944435 -0.025001014 0.999648571 0.008825858 0.005999094 0.024374386 -0.008216443 0.999669135 3.504045963
0.999398410 0.029522244 -0.018200545 -0.090300545 -0.029326402 0.999509990 0.010934796 0.005937040 0.018514443 -0.010394459 0.999774575 3.551446915
0.999327600 0.034776948 -0.011612497 -0.091236986 -0.034634221 0.999324679 0.012273499 0.005968403 0.012031484 -0.011863058 0.999857306 3.596473694
0.999284744 0.037566885 -0.004326227 -0.092334069 -0.037512381 0.999223530 0.012056145 0.005818088 0.004775779 -0.011885237 0.999917984 3.640579939
0.999146044 0.041193828 0.003200073 -0.092803404 -0.041229494 0.999077320 0.012019174 0.006250422 -0.002702005 -0.012140850 0.999922693 3.682517767
0.998922944 0.045238480 0.010309497 -0.092293426 -0.045356330 0.998904705 0.011498835 0.006471891 -0.009778014 -0.011954053 0.999880731 3.722996473
0.998632133 0.049167629 0.017787924 -0.091699146 -0.049326826 0.998745501 0.008624062 0.006947886 -0.017341584 -0.009489687 0.999804616 3.761218786
0.998301566 0.051956538 0.026353301 -0.092126608 -0.052131142 0.998622358 0.005982122 0.006529480 -0.026006185 -0.007345788 0.999634802 3.797279119
0.998042941 0.052157555 0.034495562 -0.091034159 -0.052379131 0.998611808 0.005550355 0.006991277 -0.034158185 -0.007346339 0.999389410 3.832105160
0.997791409 0.051421758 0.042048071 -0.089006051 -0.051758189 0.998635471 0.006951394 0.006938055 -0.041633248 -0.009112372 0.999091387 3.864624739
0.997315645 0.053299181 0.050206702 -0.087549388 -0.053740487 0.998526931 0.007480331 0.007257381 -0.049734049 -0.010158384 0.998710871 3.895046711
0.996678412 0.056214388 0.058924817 -0.085721046 -0.056762200 0.998358309 0.007663382 0.007402537 -0.058397293 -0.010982630 0.998233020 3.925341368
0.995803535 0.061294060 0.067959554 -0.084433079 -0.061932027 0.998053491 0.007318727 0.007141918 -0.067378692 -0.011496887 0.997661233 3.951199770
0.994945824 0.064772248 0.076729305 -0.082546711 -0.065510735 0.997826219 0.007144044 0.007242937 -0.076099798 -0.012134532 0.997026384 3.976576328
0.994200528 0.064128302 0.086329937 -0.080749899 -0.065044329 0.997851551 0.007837055 0.007017052 -0.085641906 -0.013406878 0.996235788 3.999649763
0.993279457 0.063165821 0.096983887 -0.077981323 -0.064071774 0.997925699 0.006252359 0.006439235 -0.096387781 -0.012424271 0.995266259 4.021110535
0.992135942 0.062023167 0.108716741 -0.074843526 -0.062589936 0.998037636 0.001805238 0.006422813 -0.108391434 -0.008595615 0.994071066 4.041821480
0.990549862 0.062691487 0.121986046 -0.071368992 -0.062862337 0.998019218 -0.002451241 0.006568800 -0.121898085 -0.005240253 0.992528796 4.064525127
0.988374412 0.064410247 0.137722015 -0.068234622 -0.064379178 0.997914493 -0.004684718 0.006571487 -0.137736544 -0.004236175 0.990459919 4.085576534
0.985873103 0.066070512 0.153911859 -0.064368308 -0.065910339 0.997806668 -0.006148675 0.006608535 -0.153980538 -0.004082572 0.988065481 4.107081413
0.983126044 0.066560797 0.170390978 -0.059245646 -0.066279277 0.997774065 -0.007346470 0.006349094 -0.170500696 -0.004070884 0.985349178 4.126749992
0.979874313 0.065433860 0.188586339 -0.054627717 -0.064963892 0.997849882 -0.008678862 0.006235309 -0.188748747 -0.003747109 0.982018292 4.145996571
0.976064682 0.064436413 0.207715541 -0.048639596 -0.063970327 0.997911572 -0.008967413 0.006246302 -0.207859576 -0.004534855 0.978148162 4.166865349
0.971461058 0.065156914 0.228074402 -0.043340981 -0.064591497 0.997862160 -0.009950699 0.005359039 -0.228235185 -0.005064951 0.973592877 4.186294079
0.966183543 0.067351967 0.248903662 -0.037049770 -0.066370524 0.997718632 -0.012342970 0.005344216 -0.249167189 -0.004594292 0.968449593 4.205834389
0.959899187 0.068280041 0.271903038 -0.030512214 -0.066906855 0.997656345 -0.014329243 0.004681196 -0.272244185 -0.004437549 0.962217987 4.225461483
0.952539504 0.069679074 0.296332955 -0.023115039 -0.068101339 0.997555614 -0.015656456 0.004596621 -0.296699494 -0.005267276 0.954956353 4.245176792
0.944090426 0.072504275 0.321615189 -0.014749169 -0.070939027 0.997342527 -0.016599758 0.004030377 -0.321964025 -0.007143394 0.946724951 4.265106678
0.934222817 0.074325621 0.348860264 -0.006046414 -0.072677702 0.997196078 -0.017829692 0.003479004 -0.349207342 -0.008697457 0.937005162 4.284703255
0.923011124 0.074934788 0.377406001 0.003709912 -0.073149979 0.997138381 -0.019083213 0.002677090 -0.377756000 -0.009993220 0.925851285 4.304603100
0.910355628 0.073517300 0.407244176 0.014664054 -0.070953436 0.997249782 -0.021417713 0.002062999 -0.407698750 -0.009397638 0.913068175 4.323369503
0.895472705 0.070734955 0.439459980 0.027044654 -0.066976547 0.997464061 -0.024074774 0.001239732 -0.440048456 -0.007875205 0.897939444 4.341806889
0.878148913 0.069994114 0.473239064 0.039795399 -0.064257026 0.997531950 -0.028303109 0.000324778 -0.474052131 -0.005554581 0.880479276 4.359492779
0.858868241 0.071741134 0.507147431 0.053632259 -0.063467219 0.997417748 -0.033611331 -0.000060335 -0.508249164 -0.003319537 0.861203671 4.377830982
0.836830795 0.073680989 0.542480648 0.068171024 -0.063103013 0.997279048 -0.038110055 -0.000910312 -0.543812633 -0.002340496 0.839203477 4.397240639
0.812338889 0.076553129 0.578139424 0.084406376 -0.064159572 0.997060776 -0.041873664 -0.001806214 -0.579645574 -0.003077556 0.814862847 4.415307045
0.785234809 0.080485933 0.613944829 0.102131367 -0.066951878 0.996739209 -0.045037471 -0.002746671 -0.615567863 -0.005739782 0.788062930 4.433929443
0.755365193 0.084701799 0.649807036 0.121412754 -0.070398547 0.996361494 -0.048040409 -0.003897905 -0.651511908 -0.009457417 0.758579493 4.453371048
0.722409129 0.086009718 0.686095774 0.142752886 -0.070164762 0.996230364 -0.051010124 -0.005237073 -0.687896967 -0.011289569 0.725720584 4.472249985
0.685622334 0.083276629 0.723178506 0.166126013 -0.066417247 0.996447623 -0.051776517 -0.007105902 -0.724921227 -0.012532386 0.688717663 4.491955757
0.646429241 0.082290657 0.758523285 0.191675186 -0.063852511 0.996513903 -0.053693336 -0.008517697 -0.760297418 -0.013724671 0.649430037 4.510587692
0.603896022 0.081961565 0.792837858 0.219592333 -0.061971463 0.996515989 -0.055814296 -0.010039136 -0.794650316 -0.015427295 0.606871426 4.528929710
0.558434665 0.081430458 0.825542033 0.250768661 -0.058042388 0.996567070 -0.059037570 -0.011805698 -0.827515304 -0.014947808 0.561243951 4.546256065
0.509829998 0.080436915 0.856506348 0.282882810 -0.054909583 0.996631742 -0.060911886 -0.013583288 -0.858520985 -0.015975701 0.512529492 4.563494205
0.460499853 0.077952027 0.884230375 0.315428019 -0.052400205 0.996786594 -0.060585186 -0.016030341 -0.886111736 -0.018434383 0.463104844 4.579082489
0.411940157 0.076162547 0.908022344 0.355716348 -0.052337561 0.996833265 -0.059867926 -0.017964266 -0.909706593 -0.022861680 0.414621770 4.593156815
0.361094803 0.076374061 0.929396331 0.395030737 -0.055654384 0.996628940 -0.060275786 -0.019306757 -0.930866897 -0.029959712 0.364128143 4.607921600
0.312307864 0.076246418 0.946916163 0.435223222 -0.053215470 0.996612906 -0.062696725 -0.021983512 -0.948489308 -0.030809918 0.315307587 4.618545532
0.265661985 0.072976306 0.961300254 0.476876020 -0.042443544 0.997049451 -0.063960619 -0.024671450 -0.963131428 -0.023809090 0.267975599 4.625754356
0.222302675 0.066937737 0.972677171 0.519678891 -0.028170690 0.997664928 -0.062219013 -0.026886821 -0.974570692 -0.013569543 0.223669276 4.630815506
0.179447696 0.066179596 0.981539011 0.565412700 -0.019653164 0.997776747 -0.063681372 -0.029412068 -0.983571172 -0.007862873 0.180349365 4.637213230
0.140244216 0.068021134 0.987777770 0.611127079 -0.015920669 0.997663260 -0.066441484 -0.030860376 -0.989988923 -0.006408049 0.140999436 4.642488480
0.108467072 0.068426393 0.991742253 0.659588814 -0.007483157 0.997656167 -0.068015993 -0.034622274 -0.994072020 -0.000043869 0.108724877 4.644673824
0.079910755 0.067071401 0.994543016 0.708231986 -0.000658141 0.997736990 -0.067233920 -0.037672535 -0.996801913 0.004718164 0.079774067 4.646057606
0.054406349 0.065249115 0.996384740 0.759905100 0.006621857 0.997817159 -0.065704495 -0.040683210 -0.998496950 0.010172657 0.053855516 4.647936821
0.034517530 0.064259179 0.997336090 0.810657322 0.011502818 0.997839034 -0.064689703 -0.043147907 -0.999337971 0.013705104 0.033703778 4.648431778
0.018599896 0.066145994 0.997636557 0.864336073 0.014266775 0.997689962 -0.066415519 -0.045791984 -0.999725223 0.015468376 0.017613243 4.648299694
0.005349507 0.065550424 0.997834861 0.917027891 0.014298086 0.997742116 -0.065620989 -0.049526379 -0.999883533 0.014618169 0.004400178 4.647857666
-0.006786522 0.066758052 0.997746050 0.973703086 0.015997544 0.997648597 -0.066642731 -0.052448280 -0.999848962 0.015509215 -0.007838529 4.647690296
-0.015334423 0.069601610 0.997457027 1.028579712 0.020631250 0.997383893 -0.069279335 -0.055547968 -0.999669671 0.019516425 -0.016730275 4.645630360
-0.021968307 0.071581237 0.997192740 1.087062478 0.024818333 0.997165322 -0.071032494 -0.058906630 -0.999450564 0.023188198 -0.023682557 4.643303871
-0.026437094 0.071131408 0.997116446 1.143930674 0.025328727 0.997192621 -0.070465282 -0.061717741 -0.999329507 0.023392797 -0.028164543 4.641562462
-0.030260084 0.068324946 0.997204065 1.205736637 0.023002122 0.997444391 -0.067643404 -0.065239847 -0.999277294 0.020890916 -0.031754360 4.640035629
-0.033054102 0.061234314 0.997575879 1.266525626 0.020924022 0.997945011 -0.060563657 -0.069043785 -0.999234498 0.018871425 -0.034267437 4.639491081
-0.033985112 0.055774219 0.997864783 1.329082131 0.022211444 0.998237133 -0.055038553 -0.072185040 -0.999175489 0.020293528 -0.035164021 4.636061668
-0.034026727 0.053420823 0.997992158 1.391355157 0.024601184 0.998312593 -0.052599203 -0.075124107 -0.999118090 0.022762014 -0.035283525 4.633194923
-0.034344759 0.055327322 0.997877419 1.455811381 0.027770240 0.998133659 -0.054385755 -0.079210833 -0.999024153 0.025843428 -0.035817116 4.631115913
-0.033357028 0.062886797 0.997463167 1.519500613 0.028980464 0.997659743 -0.061930038 -0.081897318 -0.999023259 0.026841143 -0.035101455 4.628993511
-0.031328537 0.070887260 0.996992230 1.584246397 0.029963648 0.997100174 -0.069953397 -0.085108519 -0.999059856 0.027681990 -0.033361733 4.627341270
-0.028591581 0.071871340 0.997004032 1.649871349 0.030908374 0.996998370 -0.070984580 -0.088066310 -0.999113142 0.028786214 -0.030727189 4.624881268
-0.026900845 0.067447364 0.997360051 1.717923403 0.029925784 0.997328341 -0.066638067 -0.092021860 -0.999190092 0.028054163 -0.028847389 4.623572350
-0.024038047 0.060907371 0.997853875 1.786494136 0.029164787 0.997760296 -0.060199086 -0.096289784 -0.999285579 0.027655128 -0.025760559 4.621749878
-0.022008190 0.059074376 0.998010933 1.853407025 0.027290951 0.997916222 -0.058466937 -0.100848004 -0.999385238 0.025949918 -0.023574524 4.621708870
-0.018801408 0.064871706 0.997716486 1.920999885 0.034973025 0.997324884 -0.064187199 -0.104466215 -0.999211431 0.033686355 -0.021019869 4.620251656
-0.015231464 0.070077538 0.997425258 1.987209558 0.036698956 0.996908009 -0.069480762 -0.108473048 -0.999210298 0.035546176 -0.017756142 4.618444920
-0.012430275 0.070610456 0.997426569 2.055945396 0.030767063 0.997058272 -0.070200957 -0.112566173 -0.999449313 0.029815266 -0.014566183 4.617987633
-0.009717028 0.067108199 0.997698367 2.122930288 0.026050616 0.997423768 -0.066836022 -0.116673537 -0.999613404 0.025341207 -0.011440204 4.619200230
-0.005072906 0.063326739 0.997979999 2.190964937 0.029686296 0.997562468 -0.063149333 -0.121555001 -0.999546409 0.029305980 -0.006940477 4.618943214
-0.001314004 0.064238861 0.997933626 2.259229422 0.034678031 0.997337282 -0.064154811 -0.126161337 -0.999397695 0.034522068 -0.003538182 4.617637157
0.001409336 0.069112033 0.997607946 2.326130629 0.034646232 0.997006655 -0.069119327 -0.129693061 -0.999398708 0.034660764 -0.000989354 4.618270397
0.005051738 0.069512777 0.997568250 2.395181179 0.030666413 0.997100949 -0.069635525 -0.134569213 -0.999516904 0.030943619 0.002905386 4.619179726
0.008916494 0.069213539 0.997561991 2.462986231 0.030005418 0.997133851 -0.069452055 -0.138525784 -0.999509990 0.030551536 0.006814158 4.619668961
0.012598859 0.066050164 0.997736692 2.532259941 0.034064364 0.997208416 -0.066445328 -0.143011332 -0.999340236 0.034824409 0.010313731 4.620317936
0.016341049 0.066357672 0.997662008 2.599461317 0.038595095 0.997009814 -0.066946462 -0.147795439 -0.999121368 0.039598837 0.013731105 4.620760441
0.019936772 0.067201488 0.997540176 2.669121981 0.041592043 0.996819079 -0.067984164 -0.152364001 -0.998935759 0.042845123 0.017078307 4.621618271
0.022120798 0.067265607 0.997489870 2.737225294 0.041743770 0.996801734 -0.068144917 -0.156421274 -0.998883426 0.043146398 0.019242126 4.623888969
0.025686853 0.065977596 0.997490466 2.805924654 0.042975146 0.996824324 -0.067040205 -0.160906538 -0.998745859 0.044589348 0.022769885 4.625991344
0.029574834 0.064844593 0.997457027 2.875293732 0.045403317 0.996776402 -0.066146567 -0.165711373 -0.998530805 0.047244124 0.026535332 4.627639771
0.032477286 0.065129749 0.997348070 2.944015026 0.043466531 0.996838391 -0.066511884 -0.169275790 -0.998526812 0.045511395 0.029543651 4.628989697
0.035250366 0.067240216 0.997113883 3.013324022 0.040712703 0.996809125 -0.068658940 -0.172985271 -0.998548925 0.043015458 0.032400358 4.632818222
0.038383905 0.067119889 0.997006357 3.082430601 0.042342179 0.996736228 -0.068731859 -0.177501038 -0.998365521 0.044853617 0.035416629 4.635283947
0.040730871 0.066670209 0.996943355 3.152141094 0.040264070 0.996851325 -0.068309084 -0.182230532 -0.998358548 0.042923275 0.037918214 4.638700008
0.043279465 0.066880211 0.996821880 3.221630096 0.038347136 0.996910334 -0.068551078 -0.186651900 -0.998326838 0.041192126 0.040581085 4.642228603
0.046173006 0.066993386 0.996684432 3.290920973 0.035452195 0.997010112 -0.068657666 -0.191173539 -0.998304129 0.038504779 0.043659899 4.645883560
0.048889209 0.069130272 0.996408999 3.361097813 0.033873443 0.996913254 -0.070827261 -0.195436016 -0.998229742 0.037214495 0.046396613 4.650144100
0.052077953 0.072600305 0.996000588 3.431773424 0.032231316 0.996712089 -0.074337453 -0.200143248 -0.998122692 0.035973754 0.049566716 4.653873920
0.055469144 0.074668035 0.995664537 3.501705408 0.032847531 0.996523559 -0.076562412 -0.204993084 -0.997919977 0.036951985 0.052823648 4.658252239
0.058757193 0.076503448 0.995336533 3.573503017 0.026964182 0.996573746 -0.078190289 -0.210398763 -0.997908056 0.031432677 0.056493018 4.663246155
0.061765507 0.075797394 0.995208383 3.645227671 0.023510026 0.996725082 -0.077372007 -0.214924574 -0.997813702 0.028176297 0.059781231 4.668657780
0.064722046 0.076040745 0.995001972 3.717865705 0.025362017 0.996645153 -0.077816039 -0.220911026 -0.997581005 0.030271670 0.062576368 4.675101280
0.068779171 0.077475630 0.994619012 3.790605307 0.024689777 0.996542513 -0.079332769 -0.226125702 -0.997326374 0.030013364 0.066628501 4.679105759
0.071930699 0.079065777 0.994270921 3.862552166 0.020302482 0.996530473 -0.080714248 -0.230399817 -0.997203052 0.025991997 0.070075907 4.686126232
0.076702669 0.076776743 0.994093597 3.936069965 0.019724695 0.996718943 -0.078501418 -0.235564530 -0.996858895 0.025629465 0.074936591 4.691578388
0.080931321 0.076599605 0.993771911 4.009633541 0.019660322 0.996725976 -0.078428395 -0.241675630 -0.996525764 0.025885189 0.079160355 4.698224545
0.086005025 0.080404215 0.993044972 4.083115101 0.016398815 0.996488929 -0.082103312 -0.246989846 -0.996159732 0.023346055 0.084384523 4.705548763
0.092108071 0.088766277 0.991784573 4.156312943 0.014228652 0.995799661 -0.090447053 -0.252671957 -0.995647311 0.022442665 0.090458170 4.712512493
0.099401027 0.093786150 0.990617812 4.232102394 0.012617584 0.995349586 -0.095500201 -0.258585274 -0.994967461 0.021992022 0.097755402 4.720640182
0.106204510 0.096503139 0.989650428 4.305543423 0.008255465 0.995159388 -0.097926296 -0.265426695 -0.994310081 0.018570233 0.104893729 4.730430126
0.113482639 0.094494574 0.989036202 4.381680965 0.004699725 0.995404780 -0.095642291 -0.272772759 -0.993528843 0.015501940 0.112517066 4.739718437
0.121175244 0.093134053 0.988252282 4.457757473 0.004493361 0.995526910 -0.094370581 -0.278734446 -0.992621064 0.015875950 0.120214708 4.749095917
0.128822386 0.089616433 0.987610102 4.534589767 0.004555901 0.995844126 -0.090957887 -0.285191596 -0.991657257 0.016216865 0.127878755 4.759278297
0.136092931 0.083765537 0.987148464 4.609127045 0.001151898 0.996405005 -0.084709831 -0.292415082 -0.990695477 0.012665503 0.135507166 4.769906044
0.143219948 0.076618873 0.986720622 4.685301781 -0.000978496 0.997009277 -0.077275760 -0.298077434 -0.989690423 0.010101928 0.142866597 4.781933308
0.150618702 0.073598325 0.985848546 4.760180950 -0.000396389 0.997229338 -0.074387394 -0.304208994 -0.988591909 0.010813355 0.150230557 4.793660641
0.158003002 0.075960368 0.984512627 4.834012032 -0.000618990 0.997044206 -0.076827906 -0.308989704 -0.987438440 0.011529638 0.157582968 4.805542946
0.163886219 0.082352012 0.983035803 4.907208443 -0.000198980 0.996512055 -0.083447792 -0.315087318 -0.986479163 0.013480340 0.163330987 4.818568707
0.168797389 0.086158134 0.981877983 4.978389263 -0.002281036 0.996203661 -0.087023050 -0.320394337 -0.985648155 0.012449565 0.168353096 4.831159115
0.173836485 0.089187540 0.980727434 5.051580429 -0.003107887 0.995935142 -0.090019636 -0.326719135 -0.984769762 0.012600707 0.173407018 4.845172405
0.178798288 0.088457815 0.979901254 5.122313499 -0.006328526 0.996032953 -0.088759333 -0.333692074 -0.983865440 0.009668683 0.178648770 4.858922958
0.184180140 0.085278124 0.979186058 5.193485260 -0.002392202 0.996264994 -0.086315565 -0.340397239 -0.982889473 0.013555206 0.183696240 4.872282982
0.188807696 0.078891501 0.978839993 5.264410973 -0.000933674 0.996781766 -0.080157444 -0.345188648 -0.982013643 0.014220425 0.188273728 4.886559486
0.191586897 0.072635643 0.978784144 5.334212780 -0.003342966 0.997300208 -0.073355362 -0.351165503 -0.981470048 0.010781883 0.191312477 4.901525974
0.195306137 0.069524437 0.978274882 5.402128220 -0.006535037 0.997554302 -0.069589891 -0.356006265 -0.980720520 0.007198273 0.195282817 4.915421009
0.198384047 0.069578469 0.977651536 5.470142841 -0.008490462 0.997561634 -0.069272563 -0.360944301 -0.980087519 0.005441857 0.198491082 4.930023670
0.200050056 0.071571283 0.977168083 5.536252975 -0.010524720 0.997427821 -0.070900522 -0.366105199 -0.979729056 0.003899231 0.200288758 4.944837093
0.201969489 0.076009855 0.976437926 5.601665020 -0.014284095 0.997106314 -0.074664213 -0.370437801 -0.979287624 0.001132364 0.202470839 4.958903313
0.204040587 0.079977512 0.975690067 5.665823460 -0.015249334 0.996795952 -0.078518562 -0.375449479 -0.978843570 0.001142351 0.204606444 4.972595692
0.205819309 0.085513532 0.974846601 5.729116917 -0.015566678 0.996334672 -0.084111892 -0.380289674 -0.978466213 0.002136728 0.206396088 4.987723351
0.207487807 0.087538846 0.974313021 5.793060303 -0.015007484 0.996155679 -0.086305380 -0.385565042 -0.978122532 0.003285328 0.208003923 5.001519680
0.208582342 0.087034218 0.974124432 5.853642941 -0.017344667 0.996204853 -0.085293129 -0.390906900 -0.977850974 0.000894781 0.209300354 5.016200066
0.209546626 0.084440127 0.974145830 5.916385651 -0.017137794 0.996428311 -0.082685113 -0.395825893 -0.977648437 0.000631677 0.210245341 5.029977322
0.210471973 0.082031190 0.974152207 5.976110458 -0.017368220 0.996629715 -0.080171451 -0.400825828 -0.977445602 -0.000045441 0.211187378 5.042395592
0.210291028 0.080910146 0.974284947 6.036352158 -0.015626051 0.996720314 -0.079400539 -0.405117571 -0.977513909 0.001472994 0.210865632 5.055757046
0.208359107 0.079874583 0.974785388 6.094847679 -0.016222382 0.996804714 -0.078211382 -0.410621345 -0.977917850 0.000482715 0.208989114 5.069594383
0.206426591 0.080315955 0.975160182 6.152827263 -0.017516855 0.996769011 -0.078387670 -0.416109443 -0.978305340 -0.000900442 0.207166508 5.083099365
0.204184443 0.083315082 0.975380599 6.209600449 -0.018312084 0.996522546 -0.081287548 -0.420635432 -0.978761137 -0.001263593 0.205000058 5.095534325
0.202064022 0.087499537 0.975455821 6.265443325 -0.016484683 0.996163726 -0.085942291 -0.425214499 -0.979233503 0.001285768 0.202731267 5.107146263
0.200171977 0.088059820 0.975795448 6.320876598 -0.014126853 0.996108532 -0.086995021 -0.429603338 -0.979658782 0.003629048 0.200637057 5.118610382
0.198818550 0.086794168 0.976185441 6.374368668 -0.014367064 0.996221721 -0.085649520 -0.433720052 -0.979930997 0.003003793 0.199314341 5.127731323
0.195849672 0.084076881 0.977023125 6.428511143 -0.015393522 0.996458650 -0.082663663 -0.438387662 -0.980513096 0.001149824 0.196450323 5.140035152
0.194031894 0.079470292 0.977771103 6.481049538 -0.014206809 0.996836483 -0.078200623 -0.443281233 -0.980892301 0.001282408 0.194547102 5.149628639
0.192323223 0.078918085 0.978153229 6.532949924 -0.010497382 0.996869504 -0.078364149 -0.447431505 -0.981275499 0.004803200 0.192549631 5.159201145
0.190837711 0.080679394 0.978300512 6.584008217 -0.006375527 0.996697485 -0.080952898 -0.451013029 -0.981600881 0.009211688 0.190721869 5.168742180
0.188404202 0.082045346 0.978658438 6.633876324 -0.002215011 0.996537268 -0.083117783 -0.455779582 -0.982089043 0.013492002 0.187933549 5.177515030
0.186211348 0.084217623 0.978893578 6.684083462 -0.003070662 0.996364474 -0.085136592 -0.459445894 -0.982504964 0.012847549 0.185793012 5.188110352
0.185263842 0.086655125 0.978860676 6.733700752 -0.003431543 0.996155322 -0.087536685 -0.463290364 -0.982682824 0.012858382 0.184848934 5.196483135
0.184518337 0.085562497 0.979097545 6.784513950 -0.001850784 0.996231794 -0.086711034 -0.466802359 -0.982827306 0.014187679 0.183981374 5.205394745
0.185314283 0.083680496 0.979109943 6.834816933 0.004295939 0.996289253 -0.085961811 -0.471090138 -0.982669890 0.020136153 0.184267104 5.214366913
0.186897606 0.081935748 0.978956521 6.885211945 0.008953513 0.996332228 -0.085099407 -0.475227863 -0.982338607 0.024669975 0.185478494 5.223581791
0.189574271 0.080944240 0.978524208 6.936362267 0.011420036 0.996346891 -0.084631003 -0.479914665 -0.981800020 0.027218638 0.187957332 5.232835293
0.192388073 0.080920316 0.977976918 6.985891819 0.008641575 0.996415913 -0.084145993 -0.483402252 -0.981280863 0.024639944 0.190999269 5.243713379
0.197666824 0.081678197 0.976860464 7.039264679 0.007475592 0.996367991 -0.084821962 -0.487812340 -0.980240762 0.024069102 0.196338311 5.255273819
0.204620451 0.080607116 0.975516737 7.090701580 0.008803738 0.996411622 -0.084180281 -0.491661280 -0.978801847 0.025813205 0.203176558 5.266053677
0.211317390 0.081105143 0.974046707 7.142516136 0.007020405 0.996399641 -0.084489457 -0.494820267 -0.977392256 0.024692299 0.209987193 5.279755116
0.220024839 0.078721203 0.972312748 7.195963860 0.007368346 0.996576011 -0.082353011 -0.499492019 -0.975466371 0.025284041 0.218691438 5.291516304
0.228668585 0.078799382 0.970309854 7.249155045 0.003779893 0.996639311 -0.081828400 -0.503889918 -0.973496974 0.022379249 0.227602214 5.305628777
0.238280490 0.078453563 0.968022466 7.302944660 0.002301909 0.996683538 -0.081343025 -0.508218408 -0.971193671 0.021610754 0.237309650 5.319610596
0.248491973 0.081988402 0.965157866 7.357792377 -0.002477569 0.996461868 -0.084009729 -0.512458742 -0.968630731 0.018484492 0.247815892 5.334373474
0.257653356 0.084410876 0.962543309 7.411798000 -0.006120420 0.996299386 -0.085732825 -0.515756428 -0.966218174 0.016198175 0.257216483 5.350086212
0.268331796 0.087516457 0.959343016 7.467287064 -0.010519388 0.996071637 -0.087924726 -0.519466817 -0.963269174 0.013501300 0.268198371 5.367148399
0.278696120 0.089135192 0.956234038 7.524684906 -0.011574160 0.995923042 -0.089461498 -0.524530768 -0.960309625 0.013864969 0.278591573 5.385043144
0.288310140 0.089642920 0.953331769 7.581315041 -0.014950491 0.995908201 -0.089125052 -0.529538929 -0.957420349 0.011442879 0.288470596 5.402755737
0.298678041 0.090220563 0.950079858 7.639843941 -0.016014893 0.995855153 -0.089532807 -0.533841252 -0.954219460 0.011526057 0.298884928 5.422083855
0.308793634 0.091436088 0.946723878 7.698127270 -0.020294204 0.995775163 -0.089554183 -0.538203716 -0.950912476 0.008440754 0.309344679 5.442373276
0.319498450 0.086459354 0.943634212 7.757977009 -0.019511640 0.996217906 -0.084670983 -0.542862058 -0.947385907 0.008640394 0.319976985 5.463246822
0.329876214 0.079884320 0.940638244 7.818032742 -0.016508151 0.996748984 -0.078860275 -0.546934187 -0.943879902 0.010485926 0.330122560 5.485311508
0.340993673 0.074915074 0.937075794 7.881280899 -0.014456123 0.997119606 -0.074454859 -0.552583039 -0.939954460 0.011842153 0.341094404 5.508354187
0.351376563 0.071692064 0.933485270 7.945332527 -0.015265760 0.997370005 -0.070852198 -0.557192981 -0.936109722 0.010645440 0.351546913 5.532895088
0.360362232 0.069312647 0.930233777 8.007849693 -0.009460315 0.997455835 -0.070656605 -0.561233521 -0.932764411 0.016661670 0.360101163 5.557772636
0.369325459 0.064219028 0.927078545 8.074384689 -0.002616587 0.997677267 -0.068067029 -0.564594746 -0.929296434 0.022713106 0.368635684 5.583795547
0.376402020 0.054567397 0.924848020 8.141033173 0.007243098 0.998060107 -0.061834864 -0.568207502 -0.926428139 0.029973531 0.375276566 5.609897614
0.383511990 0.050402701 0.922159493 8.207901001 0.011631447 0.998166740 -0.059394393 -0.572629929 -0.923462689 0.033504508 0.382222712 5.636651993
0.390883684 0.050195448 0.919070363 8.274941444 0.014067780 0.998069465 -0.060493097 -0.577021241 -0.920332611 0.036575042 0.389422923 5.664988995
0.398177862 0.056696661 0.915554464 8.339188576 0.015919171 0.997510731 -0.068695188 -0.580952048 -0.917170107 0.041927766 0.396284103 5.693868637
0.405165285 0.060844380 0.912216544 8.404770851 0.019974278 0.996955633 -0.075368106 -0.585275173 -0.914025247 0.048757412 0.402716517 5.723143578
0.410526574 0.063598655 0.909628034 8.471584320 0.017776605 0.996816874 -0.077717468 -0.588890254 -0.911675334 0.048075184 0.408089340 5.753844738
0.414565444 0.065061674 0.907690704 8.535034180 0.010281131 0.997042477 -0.076161899 -0.595512569 -0.909961462 0.040906172 0.412670404 5.784512043
0.418725222 0.068596676 0.905518413 8.599132538 0.003854831 0.996999741 -0.077309273 -0.600517392 -0.908104837 0.035861962 0.417204499 5.814936161
0.423182517 0.071253479 0.903238356 8.663014412 0.003717282 0.996758103 -0.080372535 -0.605919778 -0.906036794 0.037369855 0.421545714 5.845062256
0.426449865 0.075854696 0.901324928 8.725091934 0.000106280 0.996473253 -0.083912581 -0.611333728 -0.904511154 0.035880309 0.424937785 5.876037598
0.430545270 0.078406237 0.899156928 8.785588264 -0.002715369 0.996327639 -0.085579298 -0.616847456 -0.902564824 0.034404222 0.429177046 5.904839516
0.433832616 0.077096164 0.897688985 8.844776154 -0.004186197 0.996494055 -0.083558761 -0.622265458 -0.900983870 0.032492608 0.432634324 5.934589863
0.438848704 0.073542267 0.895546317 8.907694817 -0.002416329 0.996738017 -0.080668055 -0.627595663 -0.898557723 0.033237133 0.437594980 5.964871407
0.442176193 0.070756130 0.894132972 8.967167854 -0.002736039 0.996985316 -0.077542149 -0.633124530 -0.896924019 0.031840917 0.441036761 5.994779587
0.445668072 0.069736272 0.892477930 9.023817062 -0.003598977 0.997092664 -0.076113455 -0.638489246 -0.895191014 0.030709332 0.444623381 6.023668289
0.449055970 0.071721211 0.890620470 9.082245827 -0.005988539 0.996992350 -0.077267841 -0.642981172 -0.893483460 0.029364074 0.448134929 6.053692341
0.451624721 0.072472677 0.889259756 9.138091087 -0.005316081 0.996896386 -0.078544967 -0.647496879 -0.892192066 0.030745473 0.450608373 6.082546234
0.454076976 0.070820503 0.888143361 9.194171906 -0.003128005 0.996956468 -0.077898011 -0.652206182 -0.890956938 0.032593574 0.452916533 6.110714912
0.455637693 0.069550075 0.887444139 9.250773430 -0.000972780 0.996981323 -0.077635199 -0.656949699 -0.890164793 0.034510225 0.454329908 6.140619278
0.457002729 0.069026992 0.886782706 9.304243088 -0.002311890 0.997072995 -0.076420523 -0.662293196 -0.889462173 0.032874253 0.455824703 6.169367790
0.459188968 0.068466350 0.885696292 9.357840538 -0.000833320 0.997058332 -0.076642863 -0.666773200 -0.888338208 0.034455489 0.457895279 6.197277069
0.461913586 0.070314728 0.884133220 9.410422325 -0.001223943 0.996902049 -0.078643724 -0.670964956 -0.886924088 0.035244480 0.460568637 6.224340916
0.464862227 0.070195287 0.882596016 9.460615158 0.001794979 0.996775329 -0.080221713 -0.675646067 -0.885381162 0.038876284 0.463237256 6.249944210
0.467338085 0.069622263 0.881333113 9.511955261 0.003067798 0.996760666 -0.080367386 -0.680746078 -0.884073317 0.040262487 0.465610564 6.279724598
0.471394122 0.067606412 0.879327536 9.562586784 0.006957699 0.996741474 -0.080363579 -0.684127867 -0.881895185 0.044001020 0.469387680 6.303756237
0.474637359 0.066631190 0.877655745 9.610895157 0.008066069 0.996759474 -0.080035605 -0.688614726 -0.880144536 0.045067124 0.472561836 6.330145359
0.477784395 0.066142671 0.875983536 9.658245087 0.009312220 0.996724248 -0.080338515 -0.693012357 -0.878427863 0.046541840 0.475603282 6.355913639
0.481582552 0.065530606 0.873947322 9.706586838 0.009505994 0.996751308 -0.079976954 -0.697397470 -0.876349151 0.046823241 0.479395181 6.381997585
0.484831661 0.065076344 0.872183144 9.753229141 0.011037371 0.996693254 -0.080501929 -0.701537013 -0.874537885 0.048656497 0.482510179 6.408987522
0.488737226 0.065790191 0.869946837 9.799404144 0.011097318 0.996603012 -0.081603117 -0.705851972 -0.872360468 0.049536560 0.486346960 6.434695244
0.492822766 0.066252224 0.867603779 9.843731880 0.012855547 0.996433794 -0.083392285 -0.710021377 -0.870034754 0.052251138 0.490213543 6.460433006
0.498088181 0.069654755 0.864324152 9.891475677 0.010961697 0.996182978 -0.086598031 -0.714290261 -0.867057085 0.052607916 0.495423436 6.486975193
0.503479481 0.075892344 0.860667646 9.936139107 0.007122136 0.995736420 -0.091968857 -0.718479037 -0.863977790 0.052434228 0.500792325 6.514298439
0.508761346 0.082035214 0.856990039 9.976734161 0.001906918 0.995339811 -0.096410774 -0.724463105 -0.860905468 0.050684288 0.506233990 6.541810989
0.514860392 0.088702463 0.852672637 10.025200844 -0.002991621 0.994812310 -0.101682685 -0.728307784 -0.857268810 0.049801506 0.512454867 6.571014404
0.521627843 0.093433373 0.848041654 10.070014954 -0.006952115 0.994417846 -0.105284214 -0.732393444 -0.853144825 0.049023494 0.519365609 6.598783016
0.527145207 0.093844466 0.844577432 10.113745689 -0.010374260 0.994520068 -0.104030080 -0.736700475 -0.849711835 0.046077099 0.525230050 6.628053665
0.532414794 0.092928469 0.841367245 10.160663605 -0.017608039 0.994956493 -0.098749973 -0.742657721 -0.846300602 0.037761126 0.531365812 6.658593655
0.537386477 0.090343654 0.838483036 10.205786705 -0.024240626 0.995489359 -0.091724634 -0.748053074 -0.842987716 0.028966222 0.537152529 6.691934109
0.543799460 0.088503905 0.834535360 10.251206398 -0.030215595 0.995843589 -0.085921854 -0.753310561 -0.838671088 0.021508273 0.544213355 6.722100735
0.550078869 0.087174736 0.830550373 10.299638748 -0.032902047 0.996026874 -0.082751974 -0.756363869 -0.834464312 0.018193295 0.550761461 6.754019260
0.556322873 0.090674713 0.826004267 10.346404076 -0.037824184 0.995761573 -0.083834842 -0.760206938 -0.830105007 0.015396289 0.557394564 6.786736012
0.562070072 0.094598167 0.821661890 10.394095421 -0.041599322 0.995413721 -0.086145602 -0.764562726 -0.826042771 0.014239298 0.563427508 6.822628021
0.568777680 0.097775012 0.816659033 10.443000793 -0.044315141 0.995109737 -0.088276021 -0.769399643 -0.821296573 0.014019070 0.570329189 6.856087208
0.575444520 0.099830702 0.811725020 10.491357803 -0.046216819 0.994905293 -0.089595467 -0.773920894 -0.816533804 0.014041875 0.577126682 6.890274525
0.581444383 0.100946464 0.807299256 10.542312622 -0.049422376 0.994822681 -0.088799119 -0.778254032 -0.812083721 0.011733095 0.583422959 6.929607868
0.587735236 0.103637256 0.802388072 10.593206406 -0.056061942 0.994594693 -0.087398477 -0.782813072 -0.807108641 0.006383723 0.590368450 6.968549728
0.595248699 0.101207316 0.797142386 10.644529343 -0.056638688 0.994853437 -0.084015548 -0.788400173 -0.801542997 0.004861047 0.597917378 7.007325172
