1.000000000 0.000000000 0.000000000 0.000000000 0.000000000 1.000000000 0.000000000 0.000000000 0.000000000 0.000000000 1.000000000 0.000000000
0.999999821 -0.000537416 -0.000292530 -0.000187310 0.000537914 0.999998331 0.001706746 -0.000785311 0.000291612 -0.001706903 0.999998450 0.047084305
0.999998212 -0.001731577 -0.000670235 -0.000427483 0.001732646 0.999997139 0.001596721 -0.001366421 0.000667469 -0.001597879 0.999998510 0.094048053
0.999994934 -0.003176534 -0.000128634 -0.000869678 0.003176651 0.999994576 0.000913700 -0.002164798 0.000125731 -0.000914104 0.999999642 0.142821029
0.999993801 -0.003479851 -0.000534874 -0.000729650 0.003480384 0.999993384 0.001000248 -0.002974774 0.000531390 -0.001002104 0.999999285 0.187444106
0.999992490 -0.003799472 -0.000763919 -0.000736601 0.003800865 0.999991119 0.001830744 -0.003688464 0.000756956 -0.001833634 0.999998033 0.235051379
0.999985635 -0.005342844 -0.000483815 -0.000974250 0.005344327 0.999980867 0.003118361 -0.004410280 0.000467145 -0.003120902 0.999994934 0.282359868
0.999988139 -0.004830523 -0.000630910 -0.001241276 0.004832674 0.999982357 0.003452899 -0.005005690 0.000614220 -0.003455907 0.999993801 0.329890639
0.999991775 -0.003957915 -0.000878703 -0.001495959 0.003959452 0.999990642 0.001753479 -0.005788851 0.000871755 -0.001756944 0.999998093 0.377599448
0.999998391 -0.001289137 -0.001252537 -0.001919769 0.001288223 0.999998927 -0.000730059 -0.006317596 0.001253476 0.000728444 0.999998987 0.426209748
0.999997616 0.001978168 -0.000885110 -0.002235340 -0.001979296 0.999997258 -0.001274485 -0.007247371 0.000882586 0.001276234 0.999998808 0.472625941
0.999989927 0.004384328 -0.000924341 -0.002614850 -0.004385611 0.999989331 -0.001390401 -0.008073648 0.000918235 0.001394441 0.999998629 0.520692348
0.999982178 0.005901213 -0.000871527 -0.002951179 -0.005901959 0.999982119 -0.000853954 -0.008609005 0.000866473 0.000859083 0.999999285 0.569488406
0.999995470 0.002984595 -0.000359083 -0.003048878 -0.002983741 0.999992907 0.002354150 -0.009676959 0.000366107 -0.002353068 0.999997139 0.616903007
0.999999285 -0.001167245 -0.000150673 -0.003224020 0.001167856 0.999990761 0.004122177 -0.010367263 0.000145860 -0.004122350 0.999991477 0.665207922
0.999992669 -0.003727271 -0.000850801 -0.003023778 0.003728584 0.999991834 0.001547108 -0.010842239 0.000845028 -0.001550269 0.999998391 0.713961780
0.999988556 -0.004769271 -0.000441545 -0.003432644 0.004769186 0.999988735 -0.000192623 -0.011689273 0.000442458 0.000190515 0.999999881 0.761736274
0.999997079 -0.002394697 0.000442213 -0.004072837 0.002395537 0.999995291 -0.001909640 -0.012378448 -0.000437638 0.001910693 0.999998093 0.810796976
0.999999702 0.000218185 0.000829764 -0.004002642 -0.000218045 1.000000000 -0.000168878 -0.013050932 -0.000829801 0.000168697 0.999999642 0.860268772
0.999999344 0.000234935 0.001141100 -0.004360793 -0.000239963 0.999990284 0.004407426 -0.014277315 -0.001140054 -0.004407697 0.999989629 0.907996535
0.999996483 -0.002182920 0.001530091 -0.004194202 0.002174471 0.999982536 0.005501967 -0.014455461 -0.001542075 -0.005498620 0.999983728 0.957309365
0.999979615 -0.006258674 0.001263887 -0.004151930 0.006253609 0.999972522 0.003971850 -0.015089815 -0.001288711 -0.003963864 0.999991298 1.006405711
0.999978662 -0.006465059 0.000939884 -0.004028610 0.006463446 0.999977708 0.001707209 -0.015539310 -0.000950900 -0.001701098 0.999998152 1.056952834
0.999974847 -0.006836804 0.001902171 -0.004400815 0.006838407 0.999976218 -0.000838185 -0.016491417 -0.001896396 0.000851172 0.999997854 1.105026484
0.999992788 -0.003236931 0.002029881 -0.004211763 0.003239892 0.999993682 -0.001457033 -0.017375724 -0.002025152 0.001463598 0.999996841 1.155345559
0.999992549 -0.002443779 0.002981579 -0.004755005 0.002454685 0.999990284 -0.003659431 -0.018295180 -0.002972608 0.003666722 0.999988854 1.204130769
0.999995649 -0.001244305 0.002657026 -0.004151919 0.001253566 0.999993145 -0.003486400 -0.019086841 -0.002652670 0.003489715 0.999990404 1.254062057
0.999995828 -0.001407779 0.002521875 -0.004745341 0.001412877 0.999996960 -0.002021010 -0.019840408 -0.002519022 0.002024565 0.999994755 1.304062963
0.999996722 0.000151163 0.002568168 -0.005016681 -0.000149971 0.999999881 -0.000464238 -0.020825390 -0.002568237 0.000463851 0.999996603 1.354576349
0.999994099 0.002310426 0.002525874 -0.005442091 -0.002310400 0.999997318 -0.000013430 -0.021571737 -0.002525898 0.000007595 0.999996781 1.404547930
0.999984801 0.004780738 0.002741497 -0.005794867 -0.004777856 0.999987960 -0.001056905 -0.021910438 -0.002746516 0.001043791 0.999995708 1.455394030
0.999968469 0.007257737 0.003244773 -0.006778972 -0.007258645 0.999973536 0.000268141 -0.023511102 -0.003242742 -0.000291685 0.999994695 1.505659699
0.999969065 0.007432975 0.002576746 -0.006456836 -0.007433114 0.999972284 0.000044175 -0.023828788 -0.002576347 -0.000063327 0.999996603 1.555650234
0.999976516 0.006486555 0.002195189 -0.006632294 -0.006487002 0.999978900 0.000197235 -0.024793107 -0.002193863 -0.000211471 0.999997497 1.606333494
0.999983668 0.005625482 0.001030178 -0.006090455 -0.005624995 0.999983966 -0.000474567 -0.025287893 -0.001032832 0.000468765 0.999999285 1.656991243
0.999990225 0.004401541 0.000215624 -0.006671562 -0.004401470 0.999990404 -0.000331944 -0.026336405 -0.000217083 0.000330992 0.999999881 1.706873775
0.999988019 0.004818830 -0.000853356 -0.007050392 -0.004818348 0.999988317 0.000566111 -0.027180387 0.000856074 -0.000561993 0.999999464 1.756395102
0.999986351 0.005002490 -0.001521468 -0.007552991 -0.005001649 0.999987483 0.000555529 -0.027943393 0.001524228 -0.000547911 0.999998689 1.808282256
0.999980509 0.005370292 -0.003191594 -0.007719644 -0.005367682 0.999985337 0.000825725 -0.028619736 0.003195981 -0.000808577 0.999994576 1.858873844
0.999976814 0.005685554 -0.003735501 -0.008208151 -0.005679702 0.999982655 0.001575617 -0.029288558 0.003744394 -0.001554364 0.999991775 1.909886718
0.999980569 0.003879828 -0.004887723 -0.008342877 -0.003866458 0.999988794 0.002741958 -0.030325739 0.004898306 -0.002723006 0.999984324 1.960337520
0.999983549 0.002565916 -0.005133015 -0.009345484 -0.002552187 0.999993086 0.002679348 -0.030786298 0.005139855 -0.002666203 0.999983251 2.011359453
0.999988139 0.000602383 -0.004838003 -0.009834845 -0.000593889 0.999998271 0.001756720 -0.031348526 0.004839052 -0.001753826 0.999986768 2.062411308
0.999983788 -0.001205210 -0.005567546 -0.010346922 0.001219655 0.999995887 0.002591794 -0.032400653 0.005564400 -0.002598542 0.999981165 2.112441778
0.999987662 -0.000798434 -0.004906213 -0.011123349 0.000813357 0.999995053 0.003040362 -0.033163209 0.004903762 -0.003044315 0.999983370 2.161437273
0.999983490 -0.003676494 -0.004410897 -0.011182128 0.003693215 0.999985993 0.003788647 -0.033774413 0.004396907 -0.003804875 0.999983072 2.214856386
0.999984860 -0.004287272 -0.003432842 -0.011736369 0.004298097 0.999985754 0.003152295 -0.034672517 0.003419279 -0.003167002 0.999989152 2.264767885
0.999959767 -0.008049218 -0.003959882 -0.011791851 0.008060570 0.999963343 0.002858943 -0.035553947 0.003936725 -0.002890746 0.999988079 2.316559315
0.999965787 -0.007537204 -0.003394190 -0.012186185 0.007546151 0.999967992 0.002630880 -0.036558688 0.003374253 -0.002656404 0.999990821 2.368205786
0.999979615 -0.005763732 -0.002792145 -0.012487607 0.005769845 0.999980986 0.002185698 -0.036991231 0.002779495 -0.002201763 0.999993742 2.418002367
0.999994755 -0.002636087 -0.001858532 -0.013176663 0.002642262 0.999991000 0.003328092 -0.037991047 0.001849742 -0.003332986 0.999992788 2.467559338
0.999998450 0.001214197 -0.001273939 -0.013813493 -0.001208404 0.999988973 0.004539090 -0.038365498 0.001279436 -0.004537543 0.999988914 2.518393517
0.999983013 0.005795422 -0.000633322 -0.014308572 -0.005792154 0.999970555 0.005045031 -0.039298385 0.000662541 -0.005041278 0.999987066 2.568520546
0.999946594 0.010325368 0.000281108 -0.015604033 -0.010326588 0.999935329 0.004752899 -0.040202148 -0.000232014 -0.004755549 0.999988616 2.618578434
0.999920726 0.012562895 0.000669950 -0.015203109 -0.012565336 0.999913871 0.003774839 -0.040382221 -0.000622470 -0.003782959 0.999992669 2.665980577
0.999883056 0.015208874 0.001612303 -0.015250593 -0.015214984 0.999876797 0.003847424 -0.041447282 -0.001553590 -0.003871505 0.999991298 2.715308666
0.999902010 0.013922107 0.001460277 -0.016437251 -0.013928498 0.999893010 0.004462749 -0.042583779 -0.001397989 -0.004482651 0.999988973 2.768763781
0.999884546 0.014992952 0.002468958 -0.016857652 -0.015002321 0.999880135 0.003820658 -0.043373134 -0.002411379 -0.003857258 0.999989629 2.815611601
0.999893725 0.014267775 0.002975276 -0.018057715 -0.014275797 0.999894440 0.002692448 -0.043966625 -0.002936547 -0.002734636 0.999991894 2.865206003
0.999924183 0.012223382 0.001455522 -0.016365623 -0.012228228 0.999919474 0.003369812 -0.044855691 -0.001414214 -0.003387355 0.999993265 2.913245201
0.999912977 0.013119727 0.001375601 -0.016845996 -0.013123878 0.999909163 0.003052719 -0.045665666 -0.001335425 -0.003070507 0.999994397 2.963032007
0.999929786 0.011831471 0.000629738 -0.016911656 -0.011833210 0.999925911 0.002830927 -0.046228163 -0.000596198 -0.002838180 0.999995768 3.011479139
0.999935210 0.011380087 -0.000047498 -0.017131874 -0.011379835 0.999928474 0.003681030 -0.047260638 0.000089385 -0.003680251 0.999993145 3.059576273
0.999934733 0.011390581 -0.000805200 -0.017804218 -0.011387101 0.999926329 0.004202278 -0.047810439 0.000853007 -0.004192835 0.999990821 3.108714342
0.999946713 0.010032896 -0.002408563 -0.017540088 -0.010021073 0.999937892 0.004872469 -0.048563749 0.002457298 -0.004848073 0.999985218 3.157879353
0.999962986 0.007712409 -0.003802350 -0.017037248 -0.007691425 0.999955297 0.005502746 -0.049526066 0.003844619 -0.005473296 0.999977589 3.206387043
0.999979436 0.004977808 -0.004043936 -0.018796533 -0.004954146 0.999970675 0.005840167 -0.050243691 0.004072889 -0.005820013 0.999974728 3.254974842
0.999980390 0.004304586 -0.004555143 -0.018604919 -0.004281857 0.999978423 0.004987921 -0.050788380 0.004576516 -0.004968318 0.999977171 3.302684069
0.999983847 0.002669131 -0.005000624 -0.019390494 -0.002645259 0.999985039 0.004774257 -0.051535435 0.005013294 -0.004760952 0.999976099 3.351344585
0.999981940 0.003391719 -0.004937858 -0.020087358 -0.003371678 0.999986053 0.004061381 -0.052298959 0.004951565 -0.004044659 0.999979496 3.400173426
0.999982834 0.002704295 -0.005202343 -0.020197980 -0.002684868 0.999989390 0.003737740 -0.052914158 0.005212395 -0.003723708 0.999979496 3.447896481
0.999981999 0.003758373 -0.004692631 -0.021146215 -0.003744508 0.999988675 0.002959717 -0.053560160 0.004703701 -0.002942092 0.999984622 3.495932817
0.999982357 0.003828427 -0.004569380 -0.021504536 -0.003812221 0.999986410 0.003550014 -0.054565169 0.004582909 -0.003532531 0.999983251 3.541357040
0.999979615 0.005119799 -0.003819357 -0.022453392 -0.005101996 0.999976158 0.004656361 -0.055006467 0.003843104 -0.004636779 0.999981880 3.589202166
0.999976933 0.005903442 -0.003366154 -0.023334114 -0.005881158 0.999960899 0.006592167 -0.056283403 0.003404939 -0.006572218 0.999972641 3.636242867
0.999977708 0.005406376 -0.003925460 -0.022715900 -0.005387388 0.999973834 0.004831871 -0.056486089 0.003951480 -0.004810615 0.999980628 3.682874680
0.999970436 0.006329544 -0.004361095 -0.022799054 -0.006319757 0.999977529 0.002254416 -0.057290461 0.004375266 -0.002226789 0.999987900 3.731520176
0.999973536 0.005892348 -0.004269188 -0.022857554 -0.005887947 0.999982119 0.001042734 -0.057892859 0.004275255 -0.001017569 0.999990344 3.776434183
0.999989450 0.002633483 -0.003792951 -0.023646656 -0.002623072 0.999992907 0.002747019 -0.058878731 0.003800157 -0.002737040 0.999988973 3.823642015
0.999992490 0.001028966 -0.003728096 -0.022915669 -0.001013340 0.999990702 0.004190689 -0.059770767 0.003732374 -0.004186880 0.999984324 3.868883371
0.999995947 -0.000899407 -0.002683945 -0.023523880 0.000912234 0.999988139 0.004781300 -0.059757382 0.002679613 -0.004783729 0.999984980 3.917057753
0.999995291 -0.002482814 -0.001762601 -0.024282478 0.002489387 0.999989927 0.003736971 -0.060684979 0.001753306 -0.003741342 0.999991477 3.963368416
0.999998629 -0.001486560 -0.000645537 -0.025035067 0.001487726 0.999997258 0.001809913 -0.061594673 0.000642845 -0.001810871 0.999998212 4.009595871
0.999997795 0.002077323 0.000053324 -0.024767047 -0.002077275 0.999997556 -0.000903207 -0.062047355 -0.000055200 0.000903094 0.999999642 4.055313110
0.999989450 0.004310789 0.001578415 -0.025469527 -0.004309788 0.999990523 -0.000637207 -0.062948652 -0.001581147 0.000630397 0.999998510 4.103085041
0.999980807 0.005488396 0.002856533 -0.025808128 -0.005491234 0.999984443 0.000986646 -0.063413337 -0.002851073 -0.001002313 0.999995470 4.150676727
0.999975860 0.005702384 0.003996983 -0.025781857 -0.005715823 0.999977946 0.003358784 -0.064350747 -0.003977742 -0.003381549 0.999986351 4.196777344
0.999971509 0.005774511 0.004862721 -0.025918117 -0.005791555 0.999977052 0.003498078 -0.064615339 -0.004842410 -0.003526140 0.999981999 4.243512630
0.999958515 0.006438558 0.006448248 -0.026028419 -0.006456812 0.999975204 0.002814135 -0.065166406 -0.006429969 -0.002855654 0.999975204 4.289874554
0.999946177 0.007575364 0.007085633 -0.025753118 -0.007596082 0.999966860 0.002901481 -0.066187613 -0.007063420 -0.002955148 0.999970675 4.337309361
0.999920845 0.009496054 0.008252677 -0.025383200 -0.009521085 0.999950171 0.002999021 -0.067546934 -0.008223786 -0.003077358 0.999961495 4.384078503
0.999900520 0.010752085 0.009128486 -0.025060322 -0.010765471 0.999941051 0.001418586 -0.067508146 -0.009112697 -0.001516717 0.999957323 4.430487156
0.999872386 0.012217366 0.010294110 -0.024872415 -0.012223581 0.999925196 0.000540798 -0.068214506 -0.010286734 -0.000666559 0.999946892 4.476613522
0.999859631 0.011817244 0.011880626 -0.025870968 -0.011815678 0.999930143 -0.000202089 -0.068683036 -0.011882184 0.000061683 0.999929368 4.524409771
0.999866247 0.010801010 0.012281901 -0.024753921 -0.010822257 0.999939978 0.001664884 -0.069794752 -0.012263183 -0.001797579 0.999923170 4.570759773
0.999873161 0.009136039 0.013044327 -0.024102543 -0.009167132 0.999955237 0.002325936 -0.070349902 -0.013022494 -0.002445220 0.999912202 4.617785931
0.999875963 0.008806430 0.013056957 -0.023722593 -0.008840224 0.999957681 0.002532766 -0.071203873 -0.013034099 -0.002647878 0.999911547 4.665351391
0.999889255 0.006547555 0.013361346 -0.023369558 -0.006584806 0.999974549 0.002745888 -0.071944289 -0.013343028 -0.002833566 0.999906898 4.711545467
0.999893010 0.005774052 0.013436905 -0.023379348 -0.005815869 0.999978364 0.003075120 -0.072130516 -0.013418861 -0.003152939 0.999904990 4.758956432
0.999905109 0.004208783 0.013121037 -0.023133241 -0.004240923 0.999988079 0.002422654 -0.072316624 -0.013110685 -0.002478069 0.999910951 4.804628372
0.999928653 0.002642848 0.011651452 -0.022668485 -0.002676102 0.999992371 0.002839358 -0.073647693 -0.011643859 -0.002870336 0.999928057 4.851433754
0.999942839 0.000830645 0.010663904 -0.022612408 -0.000872560 0.999991894 0.003926493 -0.074336678 -0.010660559 -0.003935574 0.999935389 4.897179604
0.999951422 0.000362100 0.009850537 -0.022782061 -0.000395477 0.999994159 0.003386541 -0.074416526 -0.009849253 -0.003390272 0.999945760 4.945775986
0.999965847 -0.001199834 0.008180514 -0.021646235 0.001163515 0.999989390 0.004442953 -0.076291248 -0.008185760 -0.004433283 0.999956667 4.992087841
0.999973416 -0.001228905 0.007190990 -0.021827631 0.001201455 0.999991953 0.003820337 -0.076881550 -0.007195627 -0.003811596 0.999966800 5.038326740
0.999980986 -0.001415369 0.006010257 -0.021692853 0.001389956 0.999990165 0.004230286 -0.078226596 -0.006016186 -0.004221851 0.999972999 5.085118771
0.999981999 -0.003248265 0.005041268 -0.021070868 0.003243289 0.999994218 0.000994874 -0.078206778 -0.005044471 -0.000978506 0.999986827 5.132436275
0.999955177 -0.008487905 0.004185688 -0.021237671 0.008486009 0.999963939 0.000470681 -0.078917138 -0.004189531 -0.000435140 0.999991238 5.179018497
0.999863446 -0.016208395 0.003209252 -0.020984871 0.016198916 0.999864340 0.002957730 -0.079975225 -0.003256757 -0.002905340 0.999990523 5.226160049
0.999735832 -0.022927120 0.001610059 -0.020309802 0.022919811 0.999727488 0.004418937 -0.080296725 -0.001710933 -0.004380867 0.999988914 5.272861004
0.999644995 -0.026635181 0.000627526 -0.020260548 0.026634580 0.999644876 0.000941627 -0.080749914 -0.000652383 -0.000924579 0.999999344 5.318823338
0.999669373 -0.025701543 0.000746656 -0.019945422 0.025703123 0.999667168 -0.002180375 -0.081865482 -0.000690368 0.002198846 0.999997318 5.367084503
0.999753237 -0.022107223 0.002149714 -0.020692322 0.022116456 0.999745786 -0.004369740 -0.082775161 -0.002052565 0.004416206 0.999988079 5.413354397
0.999758959 -0.021746323 0.003010791 -0.020843660 0.021760274 0.999752223 -0.004680611 -0.083368346 -0.002908259 0.004744999 0.999984443 5.460219860
0.999654591 -0.026129140 0.002823175 -0.020039504 0.026130894 0.999658346 -0.000587743 -0.084925346 -0.002806853 0.000661312 0.999995828 5.508413792
0.999513865 -0.030960072 0.003676917 -0.019513695 0.030953486 0.999519110 0.001834939 -0.085510932 -0.003731958 -0.001720234 0.999991536 5.555599689
0.999404311 -0.034347229 0.003353138 -0.019128064 0.034336455 0.999405086 0.003219649 -0.086009353 -0.003461730 -0.003102596 0.999989092 5.602609634
0.999350190 -0.035887901 0.003345806 -0.019028464 0.035878003 0.999351740 0.002976094 -0.086751737 -0.003450443 -0.002854120 0.999989986 5.650632858
0.999399662 -0.034351856 0.004493470 -0.019212130 0.034335498 0.999403536 0.003669256 -0.087712809 -0.004616837 -0.003512767 0.999983191 5.697034836
0.999537349 -0.029836783 0.005898620 -0.019304030 0.029822212 0.999551952 0.002542887 -0.088132218 -0.005971849 -0.002365801 0.999979377 5.743672848
0.999631882 -0.026378345 0.006355878 -0.019517854 0.026371883 0.999651670 0.001098637 -0.089623630 -0.006382645 -0.000930616 0.999979198 5.793172836
0.999687254 -0.023994628 0.007044822 -0.019459099 0.023992801 0.999711990 0.000344033 -0.089749426 -0.007051049 -0.000174900 0.999975145 5.841467857
0.999752045 -0.020874638 0.007748187 -0.019937787 0.020866251 0.999781549 0.001161785 -0.090432882 -0.007770746 -0.000999822 0.999969363 5.888387203
0.999751568 -0.021215191 0.006834506 -0.019727550 0.021208264 0.999774516 0.001084109 -0.091080904 -0.006855965 -0.000938892 0.999976099 5.936335564
0.999816597 -0.017916700 0.006785852 -0.019391902 0.017926430 0.999838352 -0.001375718 -0.092455067 -0.006760108 0.001497112 0.999976039 5.985472202
0.999862909 -0.015537787 0.005711276 -0.018642038 0.015555766 0.999874115 -0.003117201 -0.093536295 -0.005662123 0.003205617 0.999978840 6.032969952
0.999938428 -0.009083643 0.006369204 -0.020490393 0.009117011 0.999944687 -0.005229930 -0.093882680 -0.006321345 0.005287676 0.999966025 6.081795692
0.999967873 -0.004424340 0.006685210 -0.020169854 0.004450718 0.999982357 -0.003936084 -0.095392615 -0.006667678 0.003965712 0.999969840 6.129586697
0.999971628 -0.001575976 0.007368845 -0.020379130 0.001593502 0.999995887 -0.002372962 -0.096211232 -0.007365075 0.002384638 0.999970019 6.178090572
0.999967098 0.000797839 0.008078876 -0.021510534 -0.000790150 0.999999225 -0.000954808 -0.096418113 -0.008079631 0.000948394 0.999966919 6.225725651
0.999972999 -0.003925498 0.006208322 -0.019303504 0.003922710 0.999992192 0.000461190 -0.097497284 -0.006210083 -0.000436824 0.999980628 6.273941994
0.999965370 -0.006801279 0.004790870 -0.019135473 0.006797857 0.999976635 0.000730360 -0.098363042 -0.004795726 -0.000697767 0.999988258 6.322451115
0.999973297 -0.006861283 0.002513458 -0.018961726 0.006870554 0.999969542 -0.003698886 -0.099261172 -0.002488003 0.003716057 0.999989986 6.371663094
0.999984801 -0.005491750 0.000519073 -0.018796647 0.005495492 0.999956727 -0.007505357 -0.100502238 -0.000477833 0.007508097 0.999971688 6.421631336
0.999999523 -0.000810708 -0.000496647 -0.017935429 0.000806877 0.999970317 -0.007664592 -0.102409557 0.000502846 0.007664187 0.999970496 6.469430447
0.999996305 0.002729343 -0.000126775 -0.019406328 -0.002730211 0.999968529 -0.007448404 -0.102618746 0.000106442 0.007448722 0.999972284 6.517270565
0.999985993 0.005252814 0.000631938 -0.021269483 -0.005250375 0.999979019 -0.003800536 -0.103912145 -0.000651889 0.003797164 0.999992490 6.568278790
0.999981821 0.005990988 0.000753094 -0.021313181 -0.005989448 0.999980032 -0.002027654 -0.104393721 -0.000765227 0.002023107 0.999997675 6.616261005
0.999984443 0.005439179 0.001233815 -0.023340257 -0.005438031 0.999984741 -0.000931239 -0.105752267 -0.001238862 0.000924515 0.999998748 6.666754246
0.999993384 0.003559140 0.000766210 -0.021829326 -0.003558691 0.999993443 -0.000586062 -0.106065877 -0.000768291 0.000583331 0.999999523 6.716529846
0.999998331 0.001239426 0.001354396 -0.022305695 -0.001239798 0.999999166 0.000274200 -0.107250288 -0.001354055 -0.000275879 0.999999046 6.766069889
0.999998808 -0.001214471 0.001034048 -0.021715114 0.001215577 0.999998629 -0.001069820 -0.106799848 -0.001032747 0.001071076 0.999998927 6.816179752
0.999984562 -0.005359998 0.001457631 -0.021822624 0.005358386 0.999984980 0.001107754 -0.108556010 -0.001463547 -0.001099927 0.999998271 6.865646362
0.999955416 -0.009253011 0.001891765 -0.021637578 0.009248004 0.999953806 0.002638037 -0.109198958 -0.001916087 -0.002620424 0.999994695 6.914146900
0.999927044 -0.011780486 0.002660428 -0.022030808 0.011773730 0.999927521 0.002541383 -0.109772645 -0.002690174 -0.002509875 0.999993205 6.962882519
0.999949276 -0.009650948 0.002857971 -0.021942832 0.009656866 0.999951243 -0.002064606 -0.110619485 -0.002837907 0.002092101 0.999993801 7.014879704
0.999992430 -0.002595169 0.002887842 -0.021958668 0.002616811 0.999968350 -0.007515742 -0.111004248 -0.002868246 0.007523242 0.999967635 7.064647198
0.999964714 0.007289689 0.004148586 -0.022240808 -0.007259106 0.999946713 -0.007339881 -0.112555087 -0.004201870 0.007309508 0.999964476 7.115458488
0.999887109 0.013934147 0.005611265 -0.023114774 -0.013916615 0.999898195 -0.003151499 -0.113924697 -0.005654608 0.003073053 0.999979258 7.166163445
0.999860406 0.015228737 0.006858503 -0.023792103 -0.015220549 0.999883413 -0.001244370 -0.114814088 -0.006876654 0.001139806 0.999975681 7.217074394
0.999874532 0.014398487 0.006595812 -0.024439212 -0.014391175 0.999895811 -0.001154827 -0.115128018 -0.006611751 0.001059761 0.999977589 7.269165993
0.999937296 0.010148716 0.004727036 -0.022904556 -0.010145346 0.999948263 -0.000735971 -0.116347224 -0.004734260 0.000687968 0.999988556 7.318601131
0.999956369 0.008367058 0.004167843 -0.023192294 -0.008360424 0.999963701 -0.001606708 -0.116992570 -0.004181135 0.001571793 0.999990046 7.370420456
0.999954224 0.008957769 0.003384260 -0.023069782 -0.008951497 0.999958277 -0.001863961 -0.118020378 -0.003400816 0.001833582 0.999992609 7.421129227
0.999942958 0.010210090 0.003175552 -0.023025811 -0.010204198 0.999946117 -0.001866280 -0.118857533 -0.003194437 0.001833769 0.999993205 7.472388744
0.999927878 0.011669662 0.002875142 -0.023266688 -0.011666907 0.999931455 -0.000972710 -0.120172940 -0.002886296 0.000939096 0.999995410 7.523471832
0.999938369 0.010787010 0.002596486 -0.023184519 -0.010783272 0.999940813 -0.001449240 -0.120709173 -0.002611965 0.001421152 0.999995589 7.575457096
0.999947548 0.010072625 0.001865857 -0.023153014 -0.010068627 0.999947011 -0.002139649 -0.121847332 -0.001887309 0.002120750 0.999996006 7.627754211
0.999947548 0.010001609 0.002203595 -0.023741703 -0.009995097 0.999945700 -0.002945473 -0.122430302 -0.002232935 0.002923294 0.999993205 7.678139210
0.999942422 0.010583896 0.001797786 -0.023839347 -0.010578033 0.999938726 -0.003240991 -0.123415746 -0.001831979 0.003221788 0.999993086 7.730360985
0.999940813 0.010764512 0.001596339 -0.024314117 -0.010758972 0.999936163 -0.003440336 -0.124149881 -0.001633271 0.003422957 0.999992788 7.781822681
0.999939203 0.010933976 0.001415459 -0.024395011 -0.010929082 0.999934375 -0.003421302 -0.125351965 -0.001452774 0.003405624 0.999993145 7.833101273
0.999936104 0.011264439 0.000858613 -0.024737580 -0.011261136 0.999929547 -0.003758531 -0.126413971 -0.000900891 0.003748621 0.999992549 7.885110855
0.999939919 0.010936623 0.000638010 -0.024932681 -0.010934332 0.999934196 -0.003489692 -0.127736464 -0.000676133 0.003482506 0.999993682 7.936446667
0.999934673 0.011427104 0.000323986 -0.025141155 -0.011425729 0.999926865 -0.003963119 -0.128321797 -0.000369249 0.003959158 0.999992073 7.989063740
0.999944091 0.010573424 -0.000098656 -0.024956994 -0.010573738 0.999935806 -0.004084279 -0.129214779 0.000055464 0.004085094 0.999991655 8.041451454
0.999959707 0.008976182 0.000126108 -0.025716119 -0.008975543 0.999950111 -0.004383406 -0.130199879 -0.000165448 0.004382096 0.999990404 8.093688011
0.999969661 0.007763342 0.000619381 -0.026110481 -0.007760867 0.999962389 -0.003900945 -0.131443292 -0.000649642 0.003896020 0.999992192 8.145895004
0.999980271 0.006271607 0.000332196 -0.026052391 -0.006270470 0.999974847 -0.003319385 -0.132296085 -0.000353005 0.003317236 0.999994457 8.198200226
0.999978662 0.006513452 0.000577601 -0.026569076 -0.006511547 0.999973595 -0.003241071 -0.133416489 -0.000598697 0.003237240 0.999994576 8.250828743
0.999976933 0.006771492 0.000549653 -0.026743194 -0.006769705 0.999971986 -0.003194105 -0.134722635 -0.000571266 0.003190310 0.999994695 8.302647591
0.999969721 0.007750871 0.000671625 -0.026915383 -0.007748184 0.999962330 -0.003915330 -0.135808811 -0.000701947 0.003910007 0.999992073 8.356041908
0.999961495 0.008711279 0.001079582 -0.027166884 -0.008707478 0.999956071 -0.003477381 -0.136460349 -0.001109827 0.003467845 0.999993384 8.408440590
0.999957144 0.009106901 0.001700790 -0.026959473 -0.009104839 0.999957860 -0.001217271 -0.137621403 -0.001711804 0.001201733 0.999997854 8.460352898
0.999957085 0.008959519 0.002377403 -0.027417392 -0.008957987 0.999959648 -0.000654015 -0.138962731 -0.002383167 0.000632689 0.999996960 8.515483856
0.999954283 0.009121839 0.002901450 -0.027730247 -0.009114273 0.999955058 -0.002610030 -0.139355108 -0.002925129 0.002583466 0.999992371 8.566553116
0.999949396 0.009240927 0.003967651 -0.028389908 -0.009223488 0.999947786 -0.004391224 -0.140188932 -0.004008023 0.004354406 0.999982476 8.620371819
0.999941945 0.009975630 0.004078917 -0.028219830 -0.009960297 0.999943316 -0.003762153 -0.141475648 -0.004116216 0.003721307 0.999984562 8.673845291
0.999952197 0.009215644 0.003267869 -0.027898017 -0.009208919 0.999955475 -0.002066534 -0.142689049 -0.003286768 0.002036342 0.999992549 8.724773407
0.999954104 0.009359218 0.002080911 -0.027185420 -0.009353429 0.999952316 -0.002775869 -0.142889500 -0.002106792 0.002756278 0.999993980 8.779079437
0.999947429 0.010145250 0.001466054 -0.027095336 -0.010142508 0.999946833 -0.001865602 -0.144670650 -0.001484903 0.001850635 0.999997199 8.831575394
0.999929070 0.011519157 0.003006599 -0.028209122 -0.011514471 0.999932468 -0.001571546 -0.145627216 -0.003024499 0.001536815 0.999994218 8.883572578
0.999920249 0.012214131 0.003207272 -0.028503129 -0.012209846 0.999924600 -0.001351950 -0.146701485 -0.003223543 0.001312682 0.999993920 8.936197281
0.999900162 0.013793546 0.003048876 -0.028613737 -0.013789650 0.999903977 -0.001294783 -0.147617117 -0.003066443 0.001252611 0.999994457 8.990329742
0.999929488 0.011428988 0.003222738 -0.029037287 -0.011425637 0.999934137 -0.001056665 -0.148636401 -0.003234602 0.001019769 0.999994278 9.043745041
0.999949455 0.009600194 0.002966428 -0.028938789 -0.009599879 0.999953926 -0.000120856 -0.149732441 -0.002967452 0.000092372 0.999995589 9.097535133
0.999967635 0.007144078 0.003718710 -0.029987805 -0.007144341 0.999974549 0.000056821 -0.150251076 -0.003718209 -0.000083387 0.999993145 9.150786400
0.999984682 0.004399351 0.003347129 -0.029848054 -0.004399510 0.999990344 0.000039865 -0.151337624 -0.003346921 -0.000054590 0.999994397 9.205115318
0.999988675 0.003650569 0.003047443 -0.029485518 -0.003647750 0.999993026 -0.000930248 -0.152304262 -0.003050818 0.000919121 0.999994874 9.258622169
0.999990821 0.002657177 0.003369219 -0.029173143 -0.002660600 0.999995947 0.001011836 -0.153614521 -0.003366517 -0.001020791 0.999993801 9.311914444
0.999991596 -0.001867375 0.003653993 -0.029895484 0.001857850 0.999994814 0.002608110 -0.153621435 -0.003658844 -0.002601299 0.999989927 9.363986969
0.999987900 -0.002474539 0.004258583 -0.029802069 0.002469393 0.999996185 0.001213226 -0.154214188 -0.004261569 -0.001202695 0.999990165 9.416830063
0.999987543 -0.001793309 0.004650043 -0.029942520 0.001790809 0.999998212 0.000541764 -0.155403912 -0.004651007 -0.000533430 0.999989033 9.471570969
0.999978602 -0.002534118 0.006039845 -0.030739117 0.002533101 0.999996781 0.000175895 -0.155387297 -0.006040271 -0.000160591 0.999981761 9.522067070
0.999979615 -0.000926957 0.006320950 -0.031359132 0.000925559 0.999999523 0.000223947 -0.156266451 -0.006321155 -0.000218092 0.999979973 9.576504707
0.999982655 0.000398409 0.005882815 -0.026322506 -0.000399917 0.999999881 0.000255205 -0.157507256 -0.005882713 -0.000257553 0.999982655 9.623040199
0.999955297 0.004538120 0.008286419 -0.030667469 -0.004539157 0.999989688 0.000106339 -0.159333512 -0.008285851 -0.000143947 0.999965608 9.678236008
0.999947309 0.003644306 0.009598266 -0.032903157 -0.003636893 0.999993145 -0.000789693 -0.159007579 -0.009601079 0.000754744 0.999953568 9.734740257
0.999907196 0.008854778 0.010355963 -0.029971428 -0.008844198 0.999960303 -0.001067062 -0.162278742 -0.010365004 0.000975372 0.999945760 9.782711983
0.999925852 0.005324569 0.010951222 -0.030003347 -0.005305983 0.999984562 -0.001725447 -0.161453798 -0.010960240 0.001667212 0.999938488 9.835066795
0.999899447 0.008052078 0.011670847 -0.027957059 -0.008037925 0.999966979 -0.001259125 -0.163247839 -0.011680600 0.001165189 0.999931037 9.886506081
0.999910116 0.004134687 0.012751372 -0.029363677 -0.004129452 0.999991298 -0.000436820 -0.163144737 -0.012753069 0.000384124 0.999918580 9.939670563
0.999910474 0.003557572 0.012898407 -0.028312445 -0.003562117 0.999993563 0.000329333 -0.164417252 -0.012897153 -0.000375249 0.999916732 9.991965294
0.999906778 0.003676001 0.013144391 -0.027899966 -0.003643155 0.999990106 -0.002521996 -0.165454507 -0.013153532 0.002473873 0.999910414 10.044232368
0.999919176 0.003122925 0.012324464 -0.026595235 -0.003064883 0.999984145 -0.004725555 -0.166801125 -0.012339026 0.004687400 0.999912918 10.096270561
0.999932528 0.002607695 0.011311618 -0.025945403 -0.002554305 0.999985516 -0.004731754 -0.167914510 -0.011323792 0.004702542 0.999924839 10.149358749
0.999940038 0.001579935 0.010832676 -0.026319370 -0.001528636 0.999987543 -0.004742180 -0.168666378 -0.010840032 0.004725337 0.999930084 10.203202248
0.999951065 0.001312179 0.009800706 -0.025971368 -0.001255589 0.999982476 -0.005777979 -0.169897601 -0.009808117 0.005765391 0.999935269 10.256740570
0.999954522 0.001486293 0.009420483 -0.026085734 -0.001429832 0.999981046 -0.005997372 -0.171052754 -0.009429218 0.005983629 0.999937654 10.308140755
0.999956131 0.003560534 0.008665478 -0.025669321 -0.003515129 0.999980032 -0.005249233 -0.171732485 -0.008683995 0.005218543 0.999948680 10.361443520
0.999968290 0.001602452 0.007806186 -0.025065944 -0.001563521 0.999986351 -0.004990595 -0.172696456 -0.007814075 0.004978233 0.999957085 10.413884163
0.999979079 0.001305810 0.006336331 -0.024590887 -0.001284041 0.999993265 -0.003438465 -0.174484596 -0.006340778 0.003430256 0.999974012 10.467750549
0.999969006 0.004066975 0.006741539 -0.026662380 -0.004054536 0.999989986 -0.001857751 -0.176375851 -0.006749028 0.001830359 0.999975562 10.520072937
0.999966145 0.004023359 0.007181981 -0.025561184 -0.004008584 0.999989748 -0.002070440 -0.176440552 -0.007190238 0.002041580 0.999972045 10.575488091
0.999959707 0.004924314 0.007503211 -0.024584219 -0.004910200 0.999986053 -0.001898227 -0.177433148 -0.007512455 0.001861309 0.999970019 10.628699303
0.999959230 0.003228419 0.008428636 -0.025024571 -0.003203195 0.999990463 -0.003004370 -0.177584872 -0.008438255 0.002977250 0.999959886 10.681920052
0.999965727 0.000956301 0.008231144 -0.024257086 -0.000923073 0.999991477 -0.004039649 -0.178402513 -0.008234938 0.004031912 0.999957919 10.736044884
0.999957442 -0.000547418 0.009201990 -0.024773926 0.000601316 0.999982655 -0.005855475 -0.179976225 -0.009198626 0.005860759 0.999940515 10.790495872
0.999957740 -0.000399964 0.009175810 -0.024408422 0.000464308 0.999975204 -0.007011288 -0.180941075 -0.009172778 0.007015252 0.999933302 10.845499992
0.999975860 -0.000143459 0.006957227 -0.023712836 0.000197174 0.999970198 -0.007720725 -0.182395443 -0.006955914 0.007721910 0.999945939 10.900158882
0.999985874 0.000948808 0.005226719 -0.024663012 -0.000911850 0.999974608 -0.007068663 -0.183494508 -0.005233293 0.007063798 0.999961317 10.954412460
0.999984086 0.002503799 0.005047563 -0.024773460 -0.002485299 0.999990165 -0.003668127 -0.184836268 -0.005056699 0.003655524 0.999980569 11.008985519
0.999986112 0.000343885 0.005255910 -0.024460539 -0.000340533 0.999999762 -0.000638633 -0.185810208 -0.005256129 0.000636834 0.999985993 11.064116478
0.999985039 -0.000486481 0.005450943 -0.024320915 0.000488171 0.999999881 -0.000308532 -0.186406806 -0.005450792 0.000311188 0.999985099 11.119479179
0.999982715 -0.001180259 0.005763021 -0.024442501 0.001189124 0.999998093 -0.001535049 -0.187228963 -0.005761199 0.001541875 0.999982238 11.174161911
0.999979377 -0.001362371 0.006272648 -0.024279661 0.001372311 0.999997795 -0.001580645 -0.188334480 -0.006270480 0.001589220 0.999979138 11.228049278
0.999978304 -0.002393168 0.006134671 -0.024042130 0.002399844 0.999996483 -0.001081119 -0.189306393 -0.006132063 0.001095817 0.999980569 11.284652710
0.999973536 -0.002161112 0.006940987 -0.024377234 0.002169178 0.999997020 -0.001154894 -0.190265939 -0.006938469 0.001169919 0.999975264 11.338382721
0.999972463 -0.000156563 0.007420469 -0.024306461 0.000173261 0.999997437 -0.002249761 -0.191483423 -0.007420097 0.002250984 0.999969959 11.395125389
0.999965191 0.000739128 0.008314237 -0.024396189 -0.000714364 0.999995291 -0.002981091 -0.192471951 -0.008316401 0.002975048 0.999961019 11.450096130
0.999955893 -0.000139733 0.009388548 -0.024224073 0.000151908 0.999999166 -0.001296104 -0.193432540 -0.009388360 0.001297473 0.999955118 11.505029678
0.999956071 -0.001784167 0.009196942 -0.023735091 0.001784135 0.999998391 0.000011687 -0.194703817 -0.009196948 0.000004722 0.999957621 11.559553146
0.999957860 -0.001379870 0.009072912 -0.023357913 0.001402446 0.999995887 -0.002482368 -0.195309862 -0.009069449 0.002494987 0.999955714 11.614006042
0.999957085 -0.001135621 0.009190581 -0.023103490 0.001147930 0.999998391 -0.001334166 -0.196824491 -0.009189053 0.001344659 0.999956846 11.668672562
0.999957561 0.000736694 0.009175045 -0.022732519 -0.000706222 0.999994218 -0.003324066 -0.197836459 -0.009177444 0.003317445 0.999952376 11.722663879
0.999963820 0.002563508 0.008112890 -0.022682734 -0.002510760 0.999975801 -0.006505354 -0.198904246 -0.008129369 0.006484750 0.999945939 11.777948380
0.999962330 0.004349757 0.007513181 -0.022765696 -0.004303211 0.999971569 -0.006200261 -0.199985117 -0.007539935 0.006167697 0.999952555 11.833044052
0.999968112 0.004555156 0.006551664 -0.022542134 -0.004539638 0.999986827 -0.002381575 -0.201542467 -0.006562427 0.002351758 0.999975622 11.886850357
0.999975085 0.004776130 0.005194708 -0.022331696 -0.004781610 0.999988019 0.001042935 -0.202781588 -0.005189665 -0.001067748 0.999985933 11.941347122
0.999972463 0.006270661 0.003966061 -0.022436801 -0.006267523 0.999979973 -0.000803113 -0.203594550 -0.003971017 0.000778234 0.999991834 11.996705055
0.999978364 0.005936942 0.002832946 -0.023084220 -0.005929547 0.999979019 -0.002611642 -0.204580069 -0.002848391 0.002594787 0.999992609 12.050365448
0.999990940 0.004223592 0.000574076 -0.022737827 -0.004223129 0.999990761 -0.000805505 -0.205926463 -0.000577473 0.000803073 0.999999523 12.104722023
0.999996185 0.002753875 -0.000249032 -0.022999479 -0.002753929 0.999996185 -0.000212803 -0.207120925 0.000248445 0.000213488 0.999999940 12.158748627
0.999996305 0.002591763 -0.000793764 -0.023176754 -0.002592481 0.999996185 -0.000904185 -0.207963407 0.000791417 0.000906239 0.999999285 12.213215828
0.999997556 0.002082801 -0.000827362 -0.023561014 -0.002084351 0.999996066 -0.001876410 -0.208868831 0.000823451 0.001878130 0.999997914 12.267933846
0.999997318 0.001827303 -0.001427885 -0.023635950 -0.001830657 0.999995589 -0.002350737 -0.209741861 0.001423583 0.002353344 0.999996185 12.321941376
0.999998212 0.001212450 -0.001457717 -0.023987571 -0.001216287 0.999995828 -0.002634156 -0.210685134 0.001454517 0.002635924 0.999995410 12.375673294
0.999999046 0.000726306 -0.001283265 -0.024166796 -0.000730215 0.999995112 -0.003048353 -0.211860746 0.001281045 0.003049287 0.999994457 12.430467606
0.999999046 0.001268595 -0.000489863 -0.025270289 -0.001270455 0.999991953 -0.003816599 -0.213029608 0.000485017 0.003817218 0.999992549 12.484670639
0.999999404 0.000208633 -0.001174751 -0.024767799 -0.000212590 0.999994278 -0.003369442 -0.214279458 0.001174041 0.003369689 0.999993563 12.538645744
0.999999523 0.000629759 -0.000885119 -0.025248617 -0.000633439 0.999991119 -0.004163308 -0.215407625 0.000882490 0.004163867 0.999990940 12.592642784
0.999999166 -0.000640168 -0.001100639 -0.025356680 0.000633787 0.999983072 -0.005787590 -0.216509819 0.001104326 0.005786887 0.999982655 12.647184372
0.999998868 -0.001127390 -0.000927603 -0.025293920 0.001123823 0.999992013 -0.003837575 -0.217834949 0.000931922 0.003836528 0.999992251 12.699999809
0.999990284 -0.004130826 -0.001549948 -0.025346395 0.004126183 0.999987006 -0.002987111 -0.218852997 0.001562267 0.002980687 0.999994338 12.755777359
0.999990582 -0.004024047 -0.001620119 -0.025462907 0.004017623 0.999984086 -0.003948586 -0.220112994 0.001635982 0.003942038 0.999990880 12.809402466
0.999993682 -0.003472484 -0.000748531 -0.026352948 0.003468802 0.999982059 -0.004865764 -0.220822096 0.000765414 0.004863138 0.999987900 12.864854813
0.999997675 -0.002148415 -0.000031359 -0.027119739 0.002148282 0.999990582 -0.003767079 -0.222078353 0.000039453 0.003767003 0.999992907 12.919181824
0.999998987 -0.001354263 -0.000157840 -0.027205477 0.001353824 0.999995232 -0.002743887 -0.223208472 0.000161555 0.002743671 0.999996245 12.973999977
0.999997854 -0.002046199 0.000012058 -0.027613860 0.002046226 0.999993205 -0.003053242 -0.224284261 -0.000005810 0.003053260 0.999995291 13.029606819
0.999996066 -0.002790885 0.000276864 -0.027802601 0.002791843 0.999989927 -0.003520654 -0.225509733 -0.000267035 0.003521414 0.999993742 13.084369659
0.999997675 -0.001922545 0.001041490 -0.028740168 0.001926947 0.999989212 -0.004241867 -0.226262778 -0.001033323 0.004243863 0.999990463 13.139821053
0.999998152 -0.001925980 0.000163214 -0.028115809 0.001926552 0.999991655 -0.003580539 -0.228096247 -0.000156317 0.003580846 0.999993563 13.195317268
0.999999940 0.000087952 0.000461909 -0.028786510 -0.000086404 0.999994397 -0.003350572 -0.229359299 -0.000462201 0.003350531 0.999994218 13.251384735
0.999999821 0.000279037 0.000570247 -0.028656181 -0.000277287 0.999995232 -0.003066344 -0.229951933 -0.000571099 0.003066185 0.999995112 13.306187630
0.999995649 0.002769796 0.000952606 -0.029139973 -0.002765629 0.999986708 -0.004348826 -0.231042176 -0.000964639 0.004346173 0.999990046 13.361910820
0.999995649 0.002566482 0.001442388 -0.029072460 -0.002560216 0.999987483 -0.004329165 -0.232464314 -0.001453481 0.004325454 0.999989510 13.417177200
0.999994278 0.003080703 0.001339449 -0.029296996 -0.003074173 0.999983549 -0.004849782 -0.233062521 -0.001354368 0.004845637 0.999987364 13.473037720
0.999990940 0.003956494 0.001584492 -0.028994041 -0.003951144 0.999986529 -0.003366040 -0.234709799 -0.001597788 0.003359749 0.999993086 13.528019905
