1.000000000 0.000000000 0.000000000 0.000000000 0.000000000 1.000000000 0.000000000 0.000000000 0.000000000 0.000000000 1.000000000 0.000000000
0.999993145 -0.002426089 -0.002795857 -0.000190420 0.002419389 0.999994159 -0.002397451 -0.000833457 0.002801657 0.002390671 0.999993145 0.046744630
0.999983490 -0.002727610 -0.005054922 -0.000082881 0.002709435 0.999989867 -0.003598809 -0.001418205 0.005064687 0.003585054 0.999980748 0.070392445
0.999964297 -0.004776777 -0.006986010 -0.000266870 0.004738547 0.999973774 -0.005478609 -0.001791519 0.007011998 0.005445309 0.999960601 0.093614802
0.999938309 -0.007156396 -0.008489782 -0.000477185 0.007091339 0.999945462 -0.007668551 -0.002214598 0.008544197 0.007607874 0.999934554 0.116953157
0.999913752 -0.008382875 -0.010111575 -0.000605984 0.008300619 0.999932289 -0.008149696 -0.002803935 0.010179210 0.008065061 0.999915659 0.140688777
0.999900222 -0.008275405 -0.011450139 -0.001226767 0.008186569 0.999936163 -0.007783717 -0.003233110 0.011513819 0.007689203 0.999904096 0.164994106
0.999879718 -0.008929331 -0.012682800 -0.001577720 0.008828631 0.999929368 -0.007973927 -0.004010755 0.012753105 0.007860995 0.999887764 0.189454168
0.999869704 -0.008276026 -0.013857722 -0.002052860 0.008127944 0.999909639 -0.010708368 -0.004663726 0.013945092 0.010594339 0.999846578 0.214076996
0.999864340 -0.006691229 -0.015049567 -0.002580917 0.006471592 0.999872565 -0.014595885 -0.005262709 0.015145313 0.014496509 0.999780178 0.239177302
0.999852061 -0.005666448 -0.016240083 -0.003435840 0.005374124 0.999823749 -0.017987648 -0.006025471 0.016339149 0.017897708 0.999706268 0.264550775
0.999838471 -0.003803281 -0.017564442 -0.004046237 0.003489135 0.999834001 -0.017881474 -0.006667637 0.017629532 0.017817298 0.999685824 0.290850937
0.999826849 -0.001214862 -0.018566521 -0.004871228 0.001004593 0.999935329 -0.011330310 -0.007010423 0.018579083 0.011309697 0.999763429 0.317713112
0.999817669 -0.000521454 -0.019089689 -0.005614715 0.000521494 0.999999821 -0.000002924 -0.008059130 0.019089689 -0.000007032 0.999817729 0.345163822
0.999793351 0.000215867 -0.020327626 -0.006177553 -0.000102964 0.999984562 0.005555021 -0.007760171 0.020328516 -0.005551779 0.999777913 0.373604417
0.999770999 0.002856361 -0.021208573 -0.007249082 -0.002752920 0.999984205 0.004904925 -0.008628863 0.021222251 -0.004845417 0.999763012 0.401822627
0.999745190 0.004789329 -0.022065725 -0.008045533 -0.004842758 0.999985456 -0.002368520 -0.008793030 0.022054059 0.002474775 0.999753714 0.430607587
0.999713898 0.004894131 -0.023414338 -0.008872040 -0.005090744 0.999952197 -0.008344879 -0.008914711 0.023372380 0.008461690 0.999691010 0.460579455
0.999693096 0.002032369 -0.024686793 -0.009431021 -0.002193245 0.999976516 -0.006491367 -0.009155188 0.024673019 0.006543519 0.999674261 0.490939766
0.999695837 0.001484265 -0.024617249 -0.010529218 -0.001428350 0.999996364 0.002288801 -0.009237757 0.024620557 -0.002252943 0.999694288 0.522834361
0.999664307 0.000871803 -0.025892945 -0.010991454 -0.000613003 0.999949753 0.010001250 -0.009704933 0.025900366 -0.009982020 0.999614716 0.555597663
0.999669373 -0.000177340 -0.025713028 -0.012547472 0.000498739 0.999921739 0.012493582 -0.009837724 0.025708798 -0.012502275 0.999591291 0.588313401
0.999654293 -0.001137116 -0.026269093 -0.012592308 0.001435835 0.999934435 0.011355473 -0.010040191 0.026254458 -0.011389265 0.999590456 0.621303737
0.999673545 -0.002307809 -0.025445281 -0.014324512 0.002540729 0.999955118 0.009125181 -0.009936030 0.025423078 -0.009186851 0.999634504 0.656134963
0.999689758 0.000677155 -0.024895601 -0.015293690 -0.000551657 0.999987066 0.005047502 -0.009644224 0.024898699 -0.005032202 0.999677300 0.691248298
0.999707222 -0.002995247 -0.024010619 -0.016295221 0.002996750 0.999995530 0.000026618 -0.010123256 0.024010431 -0.000098564 0.999711692 0.726959229
0.999709547 -0.005607837 -0.023440311 -0.016906951 0.005467102 0.999966681 -0.006063676 -0.010596726 0.023473533 0.005933763 0.999706805 0.763554633
0.999749303 -0.004458090 -0.021941889 -0.018288895 0.004200527 0.999921858 -0.011770629 -0.011097090 0.021992652 0.011675511 0.999689937 0.800901532
0.999747157 -0.003185034 -0.022257427 -0.019007761 0.002901517 0.999914348 -0.012758777 -0.011560927 0.022296159 0.012690972 0.999670863 0.839253664
0.999743700 -0.002711797 -0.022475135 -0.020076005 0.002439460 0.999923408 -0.012135834 -0.012602927 0.022506323 0.012077897 0.999673665 0.877715468
0.999758840 -0.001274899 -0.021919467 -0.021525728 0.000984814 0.999911904 -0.013239842 -0.013720241 0.021934411 0.013215063 0.999672055 0.917059243
0.999747932 0.001789062 -0.022378199 -0.022382168 -0.002131982 0.999880493 -0.015309400 -0.014615128 0.022348139 0.015353252 0.999632299 0.957098722
0.999741137 0.004892427 -0.022219570 -0.023762362 -0.005257069 0.999852002 -0.016382188 -0.015394006 0.022136131 0.016494760 0.999618828 0.997611105
0.999741673 0.007043323 -0.021609761 -0.025653061 -0.007389636 0.999844849 -0.015988033 -0.016851615 0.021493802 0.016143590 0.999638617 1.038399100
0.999714077 0.007864359 -0.022578565 -0.026145644 -0.008232674 0.999833822 -0.016266286 -0.017941181 0.022446882 0.016447514 0.999612749 1.079119086
0.999726236 0.007948850 -0.022006160 -0.027806617 -0.008300690 0.999838412 -0.015943307 -0.019308513 0.021875873 0.016121604 0.999630690 1.120529294
0.999702990 0.008793105 -0.022727448 -0.028905170 -0.009131117 0.999848604 -0.014811639 -0.020400986 0.022593761 0.015014763 0.999632001 1.163276792
0.999679506 0.009661557 -0.023404958 -0.029781753 -0.009961705 0.999869168 -0.012741553 -0.021848593 0.023278797 0.012970619 0.999644816 1.205173969
0.999670744 0.010281634 -0.023513183 -0.031162206 -0.010556127 0.999877274 -0.011579781 -0.022854600 0.023391241 0.011824176 0.999656439 1.247725368
0.999652267 0.010283355 -0.024281185 -0.031977698 -0.010592152 0.999864161 -0.012623427 -0.024126966 0.024148079 0.012876227 0.999625444 1.291164994
0.999651551 0.012001095 -0.023506932 -0.034047332 -0.012328943 0.999828041 -0.013852050 -0.024967438 0.023336651 0.014137039 0.999627709 1.334078789
0.999647737 0.011343349 -0.023992779 -0.035225868 -0.011643901 0.999854982 -0.012424428 -0.026418518 0.023848368 0.012699420 0.999634922 1.377867699
0.999639690 0.010892481 -0.024534123 -0.036516551 -0.011144352 0.999886334 -0.010152885 -0.027317997 0.024420742 0.010422642 0.999647439 1.421905756
0.999623656 0.010255641 -0.025442779 -0.037428223 -0.010418475 0.999926031 -0.006275693 -0.028420940 0.025376538 0.006538407 0.999656498 1.466621757
0.999604046 0.010335634 -0.026171776 -0.038371287 -0.010437000 0.999938488 -0.003739498 -0.029518684 0.026131522 0.004011172 0.999650419 1.511259437
0.999605417 0.010737861 -0.025954701 -0.040708128 -0.010825328 0.999936163 -0.003231838 -0.030450033 0.025918342 0.003511531 0.999657810 1.555997968
0.999610543 0.009861823 -0.026106339 -0.042462200 -0.009997598 0.999937177 -0.005075402 -0.031090785 0.026054643 0.005334426 0.999646246 1.601244211
0.999561965 0.010509140 -0.027667301 -0.043049615 -0.010670346 0.999926925 -0.005685485 -0.031975552 0.027605528 0.005978214 0.999601007 1.646397114
0.999542415 0.010618941 -0.028323103 -0.044582520 -0.010740186 0.999933779 -0.004132114 -0.032980088 0.028277345 0.004434419 0.999590337 1.691626906
0.999512315 0.010392064 -0.029448606 -0.045911890 -0.010481422 0.999940991 -0.002881518 -0.033548180 0.029416921 0.003188776 0.999562144 1.737082481
0.999513268 0.010351771 -0.029427417 -0.047848105 -0.010359712 0.999946356 -0.000117466 -0.034599412 0.029424621 0.000422269 0.999566913 1.782063961
0.999498606 0.012305603 -0.029173808 -0.049950667 -0.012334731 0.999923646 -0.000818759 -0.035029825 0.029161504 0.001178200 0.999574065 1.826947689
0.999472618 0.012895490 -0.029800650 -0.051577084 -0.013019488 0.999907374 -0.003970678 -0.036423855 0.029746687 0.004356574 0.999547958 1.871955633
0.999435186 0.013901591 -0.030595405 -0.052566923 -0.014146013 0.999869645 -0.007786931 -0.037315350 0.030483164 0.008215333 0.999501526 1.917705774
0.999455512 0.013758036 -0.029989835 -0.054675803 -0.013995290 0.999872267 -0.007715619 -0.038771719 0.029879855 0.008131134 0.999520421 1.962962627
0.999421775 0.014807915 -0.030609714 -0.055746894 -0.014987999 0.999871671 -0.005662092 -0.039311469 0.030521937 0.006117595 0.999515414 2.009174585
0.999436796 0.014777678 -0.030128870 -0.057798613 -0.014883640 0.999883771 -0.003295709 -0.040490828 0.030076666 0.003742280 0.999540567 2.054859400
0.999472857 0.013262540 -0.029632840 -0.059981681 -0.013332327 0.999908805 -0.002158714 -0.041447062 0.029601512 0.002552650 0.999558568 2.100752831
0.999467492 0.012886712 -0.029977467 -0.060749903 -0.012978680 0.999911666 -0.002875389 -0.042316005 0.029937765 0.003262926 0.999546468 2.145715237
0.999486506 0.011932041 -0.029735161 -0.061919294 -0.012081556 0.999915183 -0.004853608 -0.043130912 0.029674726 0.005210362 0.999546051 2.191051006
0.999493122 0.012604722 -0.029232383 -0.063172922 -0.012829435 0.999889493 -0.007512276 -0.044057138 0.029134460 0.007883503 0.999544442 2.235270023
0.999501348 0.011514388 -0.029398410 -0.064389870 -0.011803447 0.999883473 -0.009677920 -0.045236804 0.029283548 0.010020099 0.999520957 2.281005621
0.999525309 0.009503054 -0.029303873 -0.066344880 -0.009873046 0.999872983 -0.012507386 -0.046887878 0.029181292 0.012790767 0.999492288 2.327762365
0.999536991 0.007570790 -0.029469488 -0.067474715 -0.008004637 0.999860883 -0.014631884 -0.047914200 0.029354613 0.014861001 0.999458551 2.373546839
0.999566436 0.005973606 -0.028828835 -0.069119833 -0.006321109 0.999908209 -0.011977967 -0.049498878 0.028754640 0.012155005 0.999512553 2.420310020
0.999569297 0.003769109 -0.029104253 -0.070134193 -0.003959284 0.999971211 -0.006479380 -0.050413534 0.029078998 0.006591821 0.999555349 2.466253042
0.999572456 0.002938408 -0.029089896 -0.071044832 -0.002950377 0.999995530 -0.000368535 -0.051203173 0.029088687 0.000454204 0.999576747 2.511827946
0.999597430 0.001437180 -0.028336722 -0.073007494 -0.001423957 0.999998868 0.000486819 -0.052455872 0.028337389 -0.000446273 0.999598324 2.557506800
0.999602258 -0.001985349 -0.028132528 -0.074313521 0.001920514 0.999995410 -0.002331478 -0.053394113 0.028137030 0.002276522 0.999601424 2.603563547
0.999591887 -0.003705177 -0.028323125 -0.075483456 0.003546291 0.999977648 -0.005657929 -0.054082308 0.028343456 0.005555178 0.999582827 2.648545504
0.999599278 -0.001152191 -0.028280107 -0.077171408 0.000881072 0.999953508 -0.009597517 -0.055196583 0.028289853 0.009568755 0.999553978 2.694430828
0.999618471 -0.000884138 -0.027607204 -0.079257041 0.000500502 0.999903321 -0.013900048 -0.056710038 0.027616827 0.013880927 0.999522150 2.739653587
0.999615908 0.001682727 -0.027667165 -0.080088682 -0.002095436 0.999886811 -0.014894700 -0.057530288 0.027638970 0.014946951 0.999506235 2.785041094
0.999633729 0.005617981 -0.026474439 -0.082080580 -0.005915677 0.999919951 -0.011179760 -0.058815829 0.026409509 0.011332279 0.999587059 2.831016064
0.999616504 0.007142942 -0.026752833 -0.083083667 -0.007388500 0.999931335 -0.009091230 -0.060137853 0.026686054 0.009285407 0.999600708 2.876605511
0.999610007 0.006317728 -0.027201159 -0.083989993 -0.006548307 0.999943316 -0.008396120 -0.061233398 0.027146572 0.008570968 0.999594688 2.921815634
0.999638438 0.005291102 -0.026360247 -0.086123697 -0.005499387 0.999954224 -0.007835287 -0.062338088 0.026317583 0.007977420 0.999621749 2.967718601
0.999625802 0.004225708 -0.027021030 -0.087264925 -0.004393097 0.999971509 -0.006138485 -0.063596360 0.026994320 0.006254895 0.999616027 3.014084816
0.999624133 0.002680658 -0.027284063 -0.088798262 -0.002792958 0.999987781 -0.004078668 -0.064665027 0.027272798 0.004153338 0.999619365 3.060088396
0.999611437 0.001296622 -0.027842697 -0.090184741 -0.001370465 0.999995589 -0.002633255 -0.065662630 0.027839160 0.002670388 0.999608815 3.105749130
0.999596894 0.000764761 -0.028381687 -0.091563895 -0.000865565 0.999993324 -0.003539598 -0.066862255 0.028378794 0.003562736 0.999590814 3.151780367
0.999572933 0.001140484 -0.029203719 -0.092676878 -0.001358206 0.999971449 -0.007436565 -0.068061203 0.029194403 0.007473052 0.999545753 3.196688652
0.999564707 0.002113464 -0.029424315 -0.094886646 -0.002390723 0.999953151 -0.009390837 -0.069120720 0.029403089 0.009457098 0.999522924 3.242535353
0.999540508 0.004159655 -0.030022187 -0.096453838 -0.004392106 0.999960840 -0.007680836 -0.070091382 0.029989060 0.007809168 0.999519765 3.287676811
0.999516428 0.005268269 -0.030643031 -0.097953081 -0.005378419 0.999979377 -0.003513312 -0.071236402 0.030623892 0.003676425 0.999524236 3.333505869
0.999490976 0.006272803 -0.031278402 -0.099845909 -0.006262764 0.999980330 0.000418872 -0.072314873 0.031280410 -0.000222770 0.999510705 3.377511263
0.999475598 0.008093446 -0.031352412 -0.101790234 -0.008063774 0.999966919 0.001072741 -0.073051997 0.031360060 -0.000819360 0.999507844 3.423240185
0.999456942 0.007447669 -0.032101698 -0.103470087 -0.007484514 0.999971449 -0.001027696 -0.073965557 0.032093134 0.001267403 0.999484122 3.467426538
0.999438107 0.007331782 -0.032706935 -0.104830645 -0.007401812 0.999970555 -0.002020570 -0.074621946 0.032691158 0.002261525 0.999462962 3.512146711
0.999418020 0.006986387 -0.033388872 -0.106285639 -0.007055382 0.999973178 -0.001949031 -0.075685441 0.033374365 0.002183467 0.999440610 3.556508064
0.999393821 0.005214640 -0.034420133 -0.107660763 -0.005276766 0.999984622 -0.001714336 -0.076624282 0.034410667 0.001894923 0.999406099 3.599766493
0.999362826 0.003937117 -0.035471030 -0.108820945 -0.003974157 0.999991655 -0.000973843 -0.077210121 0.035466895 0.001114190 0.999370277 3.642909288
0.999350488 0.003997485 -0.035814408 -0.110671282 -0.003914002 0.999989450 0.002400795 -0.078574337 0.035823636 -0.002259058 0.999355555 3.685064554
0.999320686 0.003739929 -0.036662214 -0.112248838 -0.003619498 0.999987841 0.003350664 -0.079477608 0.036674298 -0.003215690 0.999322116 3.726696730
0.999248147 0.001856024 -0.038725853 -0.114153989 -0.001728003 0.999992907 0.003339034 -0.080120124 0.038731780 -0.003269605 0.999244213 3.766308308
0.999112606 0.001712461 -0.042083353 -0.115498915 -0.001615941 0.999996006 0.002327457 -0.081004441 0.042087164 -0.002257387 0.999111354 3.805752039
0.998963237 0.001321300 -0.045504492 -0.117829129 -0.001247854 0.999997854 0.001642418 -0.081908755 0.045506559 -0.001583932 0.998962700 3.844208241
0.998803318 0.000656564 -0.048902448 -0.119648211 -0.000535851 0.999996841 0.002481514 -0.082810849 0.048903916 -0.002452340 0.998800397 3.881823778
0.998654604 0.002331120 -0.051803377 -0.122124478 -0.002166801 0.999992371 0.003227909 -0.083474852 0.051810507 -0.003111318 0.998652101 3.918195724
0.998503685 0.003500422 -0.054573748 -0.124427170 -0.003306298 0.999987841 0.003646989 -0.083838195 0.054585855 -0.003461094 0.998503089 3.954048634
0.998362243 0.004411353 -0.057037741 -0.127322063 -0.004091662 0.999975264 0.005720457 -0.084953040 0.057061575 -0.005477708 0.998355627 3.987843752
0.998241365 0.005567947 -0.059018034 -0.130414337 -0.005195877 0.999965608 0.006455946 -0.085517809 0.059051961 -0.006137941 0.998236001 4.020970821
0.998008430 0.007908534 -0.062582873 -0.131715596 -0.007498621 0.999948859 0.006782094 -0.085993253 0.062633313 -0.006299300 0.998016834 4.053241253
0.997825146 0.009876651 -0.065172113 -0.134319857 -0.009522231 0.999938190 0.005746588 -0.086786672 0.065224841 -0.005113507 0.997857511 4.083974361
0.997671664 0.011040557 -0.067300238 -0.137002259 -0.010953965 0.999938607 0.001655563 -0.087213300 0.067314386 -0.000914505 0.997731328 4.113162518
0.997437656 0.013287039 -0.070296220 -0.139080465 -0.013433360 0.999908447 -0.001609153 -0.088052839 0.070268407 0.002549344 0.997524798 4.141362190
0.997240126 0.015134772 -0.072684400 -0.141011462 -0.015532574 0.999867320 -0.004910881 -0.088223003 0.072600439 0.006026303 0.997342885 4.168598175
0.997175813 0.017079709 -0.073134758 -0.143509015 -0.017562903 0.999827981 -0.005968902 -0.088780753 0.073020205 0.007236503 0.997304261 4.193910599
0.997162163 0.019460337 -0.072725184 -0.145496786 -0.019816620 0.999794841 -0.004180694 -0.090488985 0.072628893 0.005609998 0.997343242 4.218850613
0.997300446 0.023599844 -0.069532745 -0.147638097 -0.023889702 0.999709010 -0.003339884 -0.090735659 0.069433689 0.004991984 0.997574091 4.242992401
0.997584224 0.026002700 -0.064417064 -0.148904338 -0.026184943 0.999655187 -0.001986345 -0.091276176 0.064343192 0.003668304 0.997921109 4.265515804
0.998046339 0.026722759 -0.056475684 -0.150514990 -0.026766151 0.999641776 -0.000011964 -0.091867156 0.056455135 0.001523577 0.998403966 4.287018299
0.998564661 0.026773443 -0.046389233 -0.151594952 -0.026690587 0.999640822 0.002404738 -0.092339121 0.046436958 -0.001163130 0.998920619 4.307806969
0.999034107 0.026436957 -0.035099503 -0.151846930 -0.026327498 0.999646962 0.003577200 -0.092895813 0.035181675 -0.002649663 0.999377370 4.329281807
0.999434054 0.025345981 -0.022112936 -0.151649594 -0.025264457 0.999672949 0.003958485 -0.093535326 0.022206027 -0.003397573 0.999747694 4.348247528
0.999655604 0.025506917 -0.006191101 -0.151875928 -0.025492301 0.999672055 0.002429030 -0.093600087 0.006251030 -0.002270368 0.999977827 4.366568565
0.999654591 0.024014547 0.010677224 -0.150460526 -0.024014829 0.999711573 -0.000101758 -0.094384983 -0.010676587 -0.000154689 0.999943018 4.384437084
0.999219835 0.023422563 0.031798333 -0.149219856 -0.023275280 0.999716520 -0.004994133 -0.094800763 -0.031906299 0.004250121 0.999481857 4.401840687
0.998179138 0.021572603 0.056329120 -0.147654802 -0.021041289 0.999728441 -0.010008570 -0.095070049 -0.056529734 0.008805107 0.998362184 4.419010639
0.996322095 0.019205023 0.083507046 -0.145236760 -0.018222308 0.999755561 -0.012514411 -0.095711052 -0.083726987 0.010946693 0.996428549 4.435600281
0.993418932 0.016404757 0.113357157 -0.142233044 -0.014927111 0.999792337 -0.013871887 -0.096108392 -0.113561176 0.012088499 0.993457437 4.452014923
0.989149213 0.014033099 0.146242931 -0.138722599 -0.011939703 0.999813378 -0.015182521 -0.097041294 -0.146428704 0.013271683 0.989132166 4.468398571
0.983317733 0.011425494 0.181536362 -0.135088027 -0.008512597 0.999822378 -0.016816869 -0.097475812 -0.181696251 0.014990984 0.983240366 4.483213902
0.975373030 0.008726009 0.220388904 -0.130365968 -0.004829916 0.999822497 -0.018210934 -0.097522490 -0.220508695 0.016697992 0.975242019 4.498959541
0.965392947 0.005774875 0.260735571 -0.125408649 -0.001111555 0.999836922 -0.018029170 -0.098725811 -0.260797143 0.017115410 0.965241969 4.513141632
0.953293622 0.007414046 0.301954061 -0.119351506 -0.001645113 0.999811411 -0.019355156 -0.099189714 -0.302040607 0.017954402 0.953125894 4.527701378
0.937896729 0.009811645 0.346775830 -0.113499761 -0.003226919 0.999803483 -0.019560767 -0.099860124 -0.346899509 0.017226961 0.937744021 4.541319370
0.920181692 0.009672078 0.391372025 -0.106480122 -0.002681429 0.999826968 -0.018404493 -0.100292340 -0.391482294 0.015886042 0.920048475 4.554759979
0.900029063 0.008691959 0.435743213 -0.098433852 -0.001360660 0.999852300 -0.017134039 -0.100921012 -0.435827821 0.014828235 0.899907887 4.568087101
0.876872063 0.007662737 0.480662793 -0.090095401 0.000815866 0.999847829 -0.017427981 -0.101515561 -0.480723202 0.015674263 0.876732290 4.580398560
0.851705551 0.008226765 0.523956120 -0.081207752 0.002145246 0.999813676 -0.019185478 -0.102330446 -0.524016380 0.017464394 0.851529062 4.592211723
0.824377179 0.010148504 0.565949857 -0.071609974 0.003186623 0.999740124 -0.022568867 -0.103045478 -0.566031873 0.020408725 0.824130714 4.603573322
0.793373346 0.014559457 0.608561277 -0.061666250 0.002462603 0.999628842 -0.027125979 -0.103562787 -0.608730376 0.023019671 0.793043077 4.615139484
0.759896934 0.021086063 0.649701416 -0.050765276 -0.001266628 0.999520004 -0.030957960 -0.104086109 -0.650042236 0.022701932 0.759558856 4.625735283
0.722383857 0.025628658 0.691017210 -0.039262772 -0.003089678 0.999422550 -0.033836968 -0.104493275 -0.691485405 0.022308256 0.722045839 4.636430264
0.683700204 0.026034299 0.729298353 -0.026519775 -0.001684105 0.999417067 -0.034098100 -0.105413362 -0.729761004 0.022084672 0.683345497 4.645759583
0.642627120 0.023408400 0.765821278 -0.013096571 0.002106355 0.999475420 -0.032317877 -0.106157348 -0.766176164 0.022381440 0.642240822 4.654743195
0.598665118 0.021581834 0.800708652 0.000838757 0.003803723 0.999549091 -0.029785186 -0.106501438 -0.800990403 0.020877022 0.598313093 4.663181782
0.553090930 0.020067319 0.832879186 0.015950680 0.005059599 0.999610543 -0.027444465 -0.106859900 -0.833105624 0.019393317 0.552774012 4.671155930
0.504357517 0.017779537 0.863312006 0.030714035 0.006111305 0.999689460 -0.024158480 -0.107424892 -0.863473296 0.017460471 0.504092276 4.678250313
0.453588009 0.013564660 0.891108215 0.046566486 0.008554977 0.999771893 -0.019573379 -0.108366445 -0.891170323 0.016501660 0.453368485 4.684742928
0.401920706 0.014053440 0.915566623 0.063083768 0.005738291 0.999823868 -0.017865770 -0.108992435 -0.915656447 0.012434413 0.401769340 4.690342426
0.351404935 0.018726340 0.936036229 0.080115199 0.002198504 0.999780715 -0.020826966 -0.109671816 -0.936221063 0.009376577 0.351286650 4.695057869
0.300079972 0.024000963 0.953612030 0.097598076 0.001687760 0.999668479 -0.025691237 -0.110220879 -0.953912497 0.009318892 0.299940020 4.699827671
0.252813756 0.025971148 0.967166245 0.116595626 0.003396206 0.999609649 -0.027730102 -0.110726900 -0.967508972 0.010295246 0.252626836 4.703970909
0.212406397 0.025691219 0.976843655 0.135330856 0.010441209 0.999537587 -0.028558433 -0.111501962 -0.977125764 0.016265420 0.212039933 4.705729961
0.176749945 0.025895182 0.983915091 0.155159712 0.018861685 0.999381125 -0.029690534 -0.111822583 -0.984075069 0.023806095 0.176152155 4.708057404
0.146858796 0.026961194 0.988789916 0.176028132 0.022037353 0.999291182 -0.030520601 -0.112675406 -0.988912046 0.026272530 0.146160528 4.709506512
0.118522070 0.025201809 0.992631495 0.197595358 0.020207919 0.999409616 -0.027786762 -0.113595568 -0.992745757 0.023352362 0.117942810 4.711597443
0.093328886 0.021854425 0.995395362 0.220643878 0.013934742 0.999632597 -0.023253977 -0.114182562 -0.995537817 0.016040849 0.092990056 4.713586330
0.069538295 0.018153312 0.997413993 0.244091988 0.008274901 0.999789536 -0.018773461 -0.114908129 -0.997545004 0.009558980 0.069373429 4.714900970
0.046863068 0.015451698 0.998781800 0.268563747 0.012861280 0.999788165 -0.016070724 -0.115766063 -0.998818457 0.013598735 0.046654407 4.715445042
0.026536116 0.016096877 0.999518275 0.293691456 0.021126991 0.999637961 -0.016659707 -0.116748020 -0.999424517 0.021558898 0.026186436 4.715301037
0.008973836 0.018278971 0.999792635 0.319747210 0.025135554 0.999512792 -0.018499468 -0.117700942 -0.999643743 0.025296353 0.008510013 4.714804173
-0.005683403 0.023465917 0.999708474 0.346535504 0.024046473 0.999438763 -0.023322880 -0.118680090 -0.999694705 0.023906911 -0.006244488 4.714703560
-0.015970321 0.028190082 0.999474943 0.375058472 0.023158163 0.999344766 -0.027816370 -0.119017802 -0.999604225 0.022701768 -0.016612686 4.713849545
-0.022428822 0.027757002 0.999363005 0.403297514 0.024737440 0.999323845 -0.027200729 -0.120007083 -0.999442339 0.024111599 -0.023100298 4.712802410
-0.025026489 0.024964433 0.999374986 0.434575737 0.031352203 0.999215961 -0.024175337 -0.120666564 -0.999195158 0.030727584 -0.025789551 4.711950302
-0.024284210 0.023111278 0.999437928 0.465089291 0.032956988 0.999207854 -0.022305178 -0.121865407 -0.999161720 0.032396805 -0.025026651 4.710887432
-0.022455737 0.022917207 0.999485075 0.497344136 0.031804509 0.999247551 -0.022197200 -0.122689202 -0.999241829 0.031289671 -0.023167711 4.710541248
-0.020902868 0.023200873 0.999512255 0.529377639 0.028762247 0.999330878 -0.022595160 -0.123794906 -0.999367714 0.028275918 -0.021556191 4.710165501
-0.019626686 0.024371268 0.999510288 0.563162029 0.027352873 0.999341786 -0.023830052 -0.124768503 -0.999433160 0.026871778 -0.020280395 4.709487915
-0.018917199 0.025079081 0.999506474 0.595875502 0.026643291 0.999342978 -0.024570717 -0.125973344 -0.999465942 0.026165331 -0.019572958 4.709100246
-0.018080801 0.024770672 0.999529660 0.632710636 0.026485052 0.999354124 -0.024287226 -0.126964867 -0.999485672 0.026033463 -0.018725175 4.708891392
-0.017479297 0.023764774 0.999564826 0.667801321 0.025294347 0.999408007 -0.023318730 -0.127739713 -0.999527276 0.024875743 -0.018070064 4.708227634
-0.016969958 0.022193659 0.999609768 0.704842031 0.025942268 0.999426782 -0.021749191 -0.129381284 -0.999519408 0.025563058 -0.017535986 4.707822800
-0.017299192 0.019726714 0.999655724 0.741334796 0.026438842 0.999464810 -0.019265417 -0.130961537 -0.999500751 0.026096463 -0.017811483 4.707033157
-0.018550891 0.018037569 0.999665201 0.779234290 0.024254989 0.999551117 -0.017585412 -0.132048637 -0.999533653 0.023920642 -0.018980062 4.706735134
-0.019641615 0.017146226 0.999660015 0.816697896 0.023462243 0.999585509 -0.016683953 -0.132857680 -0.999531746 0.023126563 -0.020035762 4.706136227
-0.021008177 0.014616920 0.999672592 0.854917884 0.025529230 0.999574959 -0.014078996 -0.134021759 -0.999453306 0.025225090 -0.021372408 4.705430984
-0.021845344 0.013049995 0.999676228 0.892982125 0.027116034 0.999554753 -0.012455858 -0.134989575 -0.999393582 0.026835149 -0.022189479 4.704400539
-0.023305796 0.012028106 0.999656081 0.931866765 0.024594916 0.999631941 -0.011454415 -0.136397630 -0.999425828 0.024319503 -0.023593048 4.703521729
-0.024505261 0.016596623 0.999561846 0.971114159 0.021533778 0.999638915 -0.016069980 -0.137616634 -0.999467731 0.021130547 -0.024853801 4.703149319
-0.025232099 0.021266852 0.999455333 1.010586500 0.022668384 0.999528825 -0.020696130 -0.138670668 -0.999424577 0.022133831 -0.025702298 4.702176571
-0.026296746 0.023261093 0.999383509 1.050405502 0.022951508 0.999479830 -0.022659410 -0.139727250 -0.999390662 0.022341492 -0.026816947 4.701446533
-0.027987538 0.021143764 0.999384642 1.090169907 0.019273026 0.999601781 -0.020608626 -0.141145319 -0.999422550 0.018684380 -0.028383896 4.700734615
-0.029188700 0.017268753 0.999424756 1.130824566 0.016037185 0.999730170 -0.016805656 -0.142392442 -0.999445200 0.015537427 -0.029457768 4.700089455
-0.029579703 0.011851753 0.999492168 1.171114802 0.014403862 0.999830902 -0.011429494 -0.143681586 -0.999458671 0.014058466 -0.029745415 4.699299335
-0.029912954 0.005851801 0.999535501 1.211039543 0.010915162 0.999925137 -0.005527426 -0.145063609 -0.999492884 0.010744750 -0.029974589 4.698466301
-0.029547796 0.003863600 0.999555945 1.251814961 0.008730358 0.999955297 -0.003607067 -0.146697447 -0.999525189 0.008619898 -0.029580208 4.697467327
-0.028902335 0.011762444 0.999513030 1.290390491 0.011368154 0.999869943 -0.011437918 -0.147248372 -0.999517620 0.011032036 -0.029032290 4.696581841
-0.026537431 0.022470742 0.999395192 1.329324245 0.014478015 0.999651134 -0.022092052 -0.148492575 -0.999542952 0.013882992 -0.026853500 4.694653511
-0.026724763 0.028547574 0.999235094 1.369394422 0.015319889 0.999486446 -0.028145019 -0.149222225 -0.999525428 0.014556001 -0.027148386 4.693892479
-0.025997179 0.022524826 0.999408185 1.408523202 0.017043334 0.999610722 -0.022086048 -0.151040256 -0.999516726 0.016459066 -0.026370963 4.693798065
-0.024685292 0.014568759 0.999589086 1.447756767 0.019788327 0.999704957 -0.014081769 -0.152544290 -0.999499440 0.019432580 -0.024966301 4.692615986
-0.024182074 0.012323337 0.999631643 1.486476183 0.021430740 0.999700546 -0.011805756 -0.153768018 -0.999477804 0.021137355 -0.024438931 4.691834927
-0.024714183 0.012592546 0.999615371 1.526249051 0.020371206 0.999719381 -0.012090205 -0.154909745 -0.999486983 0.020064570 -0.024963778 4.691053391
-0.025751207 0.013048487 0.999583244 1.565910816 0.016956428 0.999776721 -0.012614180 -0.156505764 -0.999524593 0.016624533 -0.025966711 4.690428734
-0.028120439 0.013611831 0.999511838 1.603676081 0.014441926 0.999808431 -0.013209558 -0.157554477 -0.999500215 0.014063418 -0.028311634 4.690248966
-0.029862786 0.013712740 0.999459803 1.642078757 0.014826052 0.999801993 -0.013274443 -0.158854946 -0.999444187 0.014421635 -0.030060170 4.688835144
-0.032299589 0.014024490 0.999379754 1.680747986 0.013705509 0.999813795 -0.013587623 -0.160166398 -0.999384284 0.013258138 -0.032485783 4.688133717
-0.034358338 0.014527459 0.999303997 1.718499184 0.011719073 0.999831498 -0.014132198 -0.161213174 -0.999340892 0.011225360 -0.034522794 4.687258720
-0.036512516 0.013814650 0.999237716 1.755809784 0.010072477 0.999858856 -0.013455180 -0.162130579 -0.999282420 0.009573517 -0.036646500 4.686129570
-0.038633313 0.012038230 0.999180973 1.793062091 0.008498589 0.999895155 -0.011718238 -0.163318351 -0.999217272 0.008038912 -0.038731568 4.684895992
-0.041731168 0.012447368 0.999051332 1.831924677 0.009160681 0.999885082 -0.012075108 -0.164533302 -0.999086857 0.008648080 -0.041840412 4.683997154
-0.042407393 0.013766757 0.999005497 1.867551446 0.009278383 0.999867380 -0.013384771 -0.165653408 -0.999057293 0.008701541 -0.042529501 4.681981564
-0.043390922 0.013628258 0.998965204 1.904518604 0.009575935 0.999866724 -0.013224619 -0.166930795 -0.999012232 0.008992195 -0.043515641 4.680626392
-0.045223475 0.012427757 0.998899579 1.942099094 0.012232300 0.999854445 -0.011885840 -0.168122768 -0.998901963 0.011681319 -0.045368917 4.679454327
-0.045784723 0.012018611 0.998879015 1.976945519 0.012010444 0.999861956 -0.011479924 -0.169241920 -0.998879135 0.011471375 -0.045922752 4.677247524
-0.046782825 0.011103651 0.998843372 2.012729883 0.010545639 0.999887943 -0.010621336 -0.170608625 -0.998849452 0.010036545 -0.046894677 4.675507069
-0.047945496 0.010987273 0.998789489 2.048059940 0.009244327 0.999901533 -0.010555745 -0.171326712 -0.998807132 0.008727035 -0.048042346 4.674009323
-0.049284719 0.009645636 0.998738170 2.083250284 0.007921098 0.999925673 -0.009266223 -0.172379538 -0.998753309 0.007454420 -0.049357455 4.673077583
-0.049763635 0.009289994 0.998717844 2.116880655 0.008129242 0.999927342 -0.008896187 -0.173700184 -0.998727918 0.007676112 -0.049835533 4.671341419
-0.050150767 0.011680056 0.998673379 2.150342941 0.008055938 0.999903798 -0.011289899 -0.174716920 -0.998709083 0.007479053 -0.050240044 4.670005322
-0.050643485 0.014687411 0.998608828 2.183803320 0.008174047 0.999864459 -0.014291340 -0.175697416 -0.998683333 0.007438910 -0.050756678 4.668696880
-0.051004119 0.016249314 0.998566389 2.216827393 0.005970031 0.999854684 -0.015965346 -0.176782385 -0.998680532 0.005147174 -0.051093727 4.667551994
-0.051416449 0.016863020 0.998534977 2.249855042 0.006367255 0.999842703 -0.016557245 -0.177955613 -0.998656988 0.005506611 -0.051515725 4.666267872
-0.050951909 0.016678585 0.998561859 2.282297850 0.007374056 0.999839544 -0.016323665 -0.179103166 -0.998673856 0.006531729 -0.051066730 4.664429188
-0.051251475 0.016234731 0.998553813 2.315021276 0.008469120 0.999838948 -0.015820939 -0.180258885 -0.998649895 0.007646025 -0.051380709 4.662908077
-0.051871542 0.016249675 0.998521566 2.347025394 0.003963753 0.999863088 -0.016065599 -0.181325957 -0.998645902 0.003124546 -0.051928848 4.661816120
-0.051277786 0.016698226 0.998544872 2.378903866 0.002395312 0.999859393 -0.016597206 -0.182552963 -0.998681545 0.001540759 -0.051310576 4.660120964
-0.051883563 0.015015027 0.998540282 2.411510468 0.003223335 0.999884248 -0.014867754 -0.183683157 -0.998647928 0.002447237 -0.051925965 4.659255981
-0.052905921 0.014224445 0.998498201 2.443952084 0.003215181 0.999895692 -0.014073996 -0.184744224 -0.998594284 0.002465755 -0.052946143 4.657635689
-0.056360714 0.014278215 0.998308361 2.474551201 0.000335351 0.999897897 -0.014282019 -0.185459003 -0.998410404 -0.000470161 -0.056359749 4.656180382
-0.061460163 0.014034784 0.998010874 2.506144524 -0.002895224 0.999894440 -0.014239567 -0.186717808 -0.998105288 -0.003764631 -0.061413046 4.654427528
-0.067652024 0.017203301 0.997560620 2.537662029 -0.000141456 0.999851167 -0.017252399 -0.187955692 -0.997708917 -0.001308271 -0.067639530 4.652507305
-0.074273132 0.021108493 0.997014523 2.568903923 0.003166806 0.999775946 -0.020931046 -0.188282475 -0.997232854 0.001602737 -0.074323349 4.650274277
-0.081169412 0.021349013 0.996471643 2.600140810 0.001402966 0.999771953 -0.021305442 -0.190160275 -0.996699333 -0.000331335 -0.081180871 4.647251129
-0.087913886 0.020537544 0.995916307 2.631818295 -0.002704402 0.999778807 -0.020855926 -0.191137403 -0.996124387 -0.004526884 -0.087838903 4.645034313
-0.093026809 0.019668262 0.995469451 2.664459944 -0.002354343 0.999797761 -0.019973798 -0.192245722 -0.995660782 -0.004201775 -0.092961706 4.641994953
-0.097538091 0.021230582 0.995005429 2.696542978 -0.004034764 0.999755800 -0.021727465 -0.192616761 -0.995223641 -0.006133867 -0.097428627 4.639154434
-0.101299420 0.019651111 0.994661808 2.729149103 -0.006998241 0.999766111 -0.020464677 -0.194259793 -0.994831383 -0.009033945 -0.101138182 4.635793686
-0.104501724 0.016688194 0.994384706 2.762829781 -0.006232156 0.999828637 -0.017434506 -0.195169926 -0.994505227 -0.008019097 -0.104379803 4.632828236
-0.105566069 0.013337815 0.994322836 2.795266867 -0.004096550 0.999895692 -0.013847496 -0.196395010 -0.994403839 -0.005535118 -0.105500445 4.628845215
-0.107626855 0.010414526 0.994136810 2.829609156 -0.004699481 0.999928713 -0.010983974 -0.197405040 -0.994180262 -0.005854097 -0.107570231 4.625627995
-0.108638249 0.010418016 0.994026780 2.863142967 -0.005431525 0.999923944 -0.011073440 -0.198200583 -0.994066536 -0.006602081 -0.108573399 4.622113228
-0.108488873 0.013935523 0.994000018 2.896382809 -0.003589519 0.999889731 -0.014409869 -0.199235529 -0.994091272 -0.005131293 -0.108426869 4.618125916
-0.109232888 0.018147456 0.993850470 2.931616783 0.002556460 0.999835134 -0.017975759 -0.200222820 -0.994012892 0.000577196 -0.109261282 4.614523888
-0.109634973 0.023755493 0.993687987 2.966228485 0.010260519 0.999688148 -0.022766881 -0.201146528 -0.993918896 0.007699708 -0.109844550 4.610284805
-0.110688746 0.023957469 0.993566453 3.001502991 0.010260126 0.999683678 -0.022961941 -0.202591687 -0.993802130 0.007652487 -0.110899545 4.606558800
-0.111234538 0.021189544 0.993568242 3.036782265 0.007515511 0.999761939 -0.020480240 -0.204015583 -0.993765771 0.005189062 -0.111367315 4.603060246
-0.110678487 0.017014125 0.993710637 3.071881294 0.008838952 0.999830723 -0.016134441 -0.204955608 -0.993816972 0.006997625 -0.110810138 4.598986149
-0.111178823 0.014733056 0.993691146 3.107085705 0.010625871 0.999850571 -0.013635507 -0.206267148 -0.993743658 0.009042854 -0.111318760 4.595244408
-0.111680306 0.014921876 0.993632078 3.142130375 0.010967414 0.999844790 -0.013782482 -0.207288370 -0.993683755 0.009358344 -0.111826614 4.591170311
-0.112878785 0.015615560 0.993486047 3.176937103 0.009390839 0.999848485 -0.014648592 -0.208404824 -0.993564427 0.007676154 -0.113008320 4.587282658
-0.115554906 0.016458977 0.993164659 3.211333036 0.009236650 0.999837279 -0.015494869 -0.209624708 -0.993258059 0.007383007 -0.115688138 4.583849907
-0.117967606 0.016225552 0.992884874 3.246604919 0.009728966 0.999837399 -0.015183243 -0.210832387 -0.992969751 0.007868611 -0.118106276 4.579707146
-0.119838193 0.016741186 0.992652297 3.281630754 0.010500891 0.999823272 -0.015594407 -0.211707368 -0.992737889 0.008554928 -0.119992808 4.575801373
-0.121293560 0.016746031 0.992475331 3.316607714 0.011773527 0.999811709 -0.015430934 -0.212894768 -0.992546856 0.009813264 -0.121467873 4.571315289
-0.123595215 0.016236005 0.992199838 3.352396965 0.007134949 0.999854803 -0.015472491 -0.214445516 -0.992307067 0.005166970 -0.123693109 4.567428589
-0.124755718 0.018164383 0.992021143 3.387737513 0.007965870 0.999818623 -0.017305372 -0.215327740 -0.992155492 0.005743368 -0.124877781 4.563450336
-0.125444174 0.018628784 0.991925776 3.423552990 0.005837582 0.999820173 -0.018038796 -0.216119871 -0.992083609 0.003527585 -0.125530362 4.558455467
-0.126983523 0.019104075 0.991720915 3.460113049 0.005752846 0.999811828 -0.018523321 -0.217128903 -0.991888165 0.003353059 -0.127069533 4.554200649
-0.127606541 0.017699730 0.991666913 3.496375799 0.006119117 0.999835789 -0.017058132 -0.218056172 -0.991805971 0.003891396 -0.127693921 4.549126148
-0.128345788 0.015200208 0.991612971 3.531484127 0.004347665 0.999881506 -0.014764232 -0.219304919 -0.991719902 0.002416274 -0.128396720 4.545428753
-0.130483642 0.013172980 0.991362989 3.568798304 0.001836611 0.999913156 -0.013044859 -0.220385849 -0.991448760 0.000118608 -0.130496502 4.541263103
-0.132956773 0.012727021 0.991040111 3.605265856 0.003265621 0.999917746 -0.012402918 -0.221390396 -0.991116464 0.001587311 -0.132987395 4.536725521
-0.134672716 0.013583114 0.990796983 3.642184734 0.003365686 0.999906540 -0.013250522 -0.222192705 -0.990884364 0.001550228 -0.134705856 4.531568050
-0.137112603 0.014789432 0.990445137 3.678663254 0.003395644 0.999889672 -0.014460384 -0.223531902 -0.990549684 0.001380498 -0.137147695 4.526937962
-0.138516799 0.017690856 0.990202069 3.717920303 0.004596333 0.999841154 -0.017220099 -0.224922970 -0.990349412 0.002166026 -0.138576105 4.521472931
-0.138720870 0.021945225 0.990088344 3.755500078 0.006963211 0.999751389 -0.021183791 -0.225804597 -0.990306973 0.003955560 -0.138839200 4.516268730
-0.140835509 0.025542401 0.989703476 3.793393612 0.007465893 0.999666095 -0.024737114 -0.227492020 -0.990004778 0.003905155 -0.140979186 4.511342525
-0.139245287 0.026571583 0.989901364 3.831871271 0.009676554 0.999628723 -0.025471527 -0.228832215 -0.990210652 0.006032041 -0.139450714 4.504965782
-0.138850346 0.025848215 0.989975989 3.870586872 0.012837387 0.999622345 -0.024299553 -0.230232805 -0.990230143 0.009334702 -0.139129758 4.499277592
-0.138509959 0.024001757 0.990070164 3.909271479 0.013434157 0.999659777 -0.022354806 -0.231604040 -0.990269899 0.010204392 -0.138785318 4.494024754
-0.137567788 0.022354512 0.990239978 3.949318409 0.012792802 0.999702096 -0.020790886 -0.233314425 -0.990409732 0.009807790 -0.137812749 4.488350868
-0.135923386 0.019448424 0.990528405 3.989127159 0.011751602 0.999768615 -0.018017257 -0.234885678 -0.990649641 0.009191330 -0.136120483 4.483644962
-0.134233549 0.016636768 0.990810037 4.029250622 0.012279348 0.999810338 -0.015124301 -0.236009270 -0.990873635 0.010136311 -0.134412333 4.477913857
-0.132074177 0.013318013 0.991150320 4.069077015 0.012403704 0.999853671 -0.011782124 -0.237193763 -0.991162181 0.010737821 -0.132220030 4.472648621
-0.130893156 0.013078991 0.991310179 4.109709740 0.011174359 0.999868929 -0.011716443 -0.238524109 -0.991333425 0.009543653 -0.131022185 4.467704296
-0.129518524 0.017275469 0.991426468 4.149909973 0.012202855 0.999800265 -0.015827218 -0.239877760 -0.991501927 0.010048315 -0.129703447 4.462666035
-0.127654150 0.023501167 0.991540194 4.189914703 0.012693204 0.999676049 -0.022059835 -0.241135359 -0.991737485 0.009769794 -0.127911121 4.457649708
-0.126325250 0.027355852 0.991611540 4.230620861 0.010209367 0.999602497 -0.026275689 -0.242239371 -0.991936326 0.006804446 -0.126554355 4.452873707
-0.124882497 0.024611548 0.991866171 4.270038605 0.008893658 0.999679923 -0.023685662 -0.243757576 -0.992131591 0.005863396 -0.125061408 4.448242188
-0.123644687 0.022088474 0.992080629 4.310086250 0.009579997 0.999732137 -0.021064863 -0.245446086 -0.992280304 0.006899572 -0.123823173 4.443012238
-0.123076744 0.020512348 0.992185056 4.351734638 0.010715760 0.999755502 -0.019339610 -0.246920675 -0.992339313 0.008251761 -0.123266451 4.438422203
-0.122550741 0.019898375 0.992262721 4.392107964 0.010102780 0.999772191 -0.018801209 -0.248540610 -0.992410839 0.007720510 -0.122723848 4.433852673
-0.122011997 0.019891780 0.992329299 4.433093548 0.008764744 0.999781728 -0.018963501 -0.250042349 -0.992489874 0.006383736 -0.122159712 4.428895950
