1.000000000 0.000000000 0.000000000 0.000000000 0.000000000 1.000000000 0.000000000 0.000000000 0.000000000 0.000000000 1.000000000 0.000000000
0.999998271 0.000880123 0.001592591 -0.000194065 -0.000878731 0.999999225 -0.000874120 -0.000999640 -0.001593359 0.000872719 0.999998331 0.054215174
0.999994099 0.001246092 0.003203109 -0.000498612 -0.001244499 0.999999046 -0.000499040 -0.001864460 -0.003203729 0.000495051 0.999994755 0.108585753
0.999989986 0.000589461 0.004416679 -0.000596706 -0.000588843 0.999999821 -0.000141254 -0.002733492 -0.004416762 0.000138652 0.999990225 0.162529200
0.999987543 0.000166821 0.004983412 -0.000193878 -0.000165309 0.999999940 -0.000303969 -0.003613816 -0.004983462 0.000303142 0.999987543 0.216840550
0.999981403 0.000125673 0.006099118 -0.000205798 -0.000124174 0.999999881 -0.000246156 -0.004513789 -0.006099149 0.000245394 0.999981284 0.271205395
0.999976397 0.000492692 0.006845454 0.000121354 -0.000484953 0.999999225 -0.001132211 -0.005487258 -0.006846007 0.001128865 0.999975920 0.325518519
0.999970257 0.000426124 0.007696185 -0.000037296 -0.000416550 0.999999166 -0.001245655 -0.006564009 -0.007696707 0.001242412 0.999969602 0.379095137
0.999969125 -0.000307510 0.007852292 0.000222587 0.000306659 0.999999940 0.000109637 -0.007489210 -0.007852325 -0.000107226 0.999969184 0.433359981
0.999978781 -0.001291343 0.006384865 0.000489648 0.001284528 0.999998569 0.001071529 -0.008558773 -0.006386240 -0.001063304 0.999979019 0.487900466
0.999988735 -0.002483013 0.004041648 0.000370723 0.002480001 0.999996603 0.000750150 -0.009514004 -0.004043497 -0.000740118 0.999991536 0.541936576
0.999995232 -0.002389053 0.001977277 0.000142107 0.002387872 0.999997020 0.000599630 -0.010840983 -0.001978704 -0.000594906 0.999997795 0.596862793
0.999997735 -0.002039224 0.000596481 0.000215959 0.002039090 0.999997914 0.000224752 -0.011418143 -0.000596938 -0.000223535 0.999999821 0.650371313
0.999999821 -0.000459063 -0.000382655 0.000102168 0.000459090 0.999999881 0.000070293 -0.012287731 0.000382623 -0.000070469 0.999999881 0.704561949
0.999999642 -0.000646369 -0.000645294 -0.000337919 0.000646176 0.999999702 -0.000299303 -0.012809805 0.000645488 0.000298886 0.999999762 0.758819818
0.999998331 -0.001376934 -0.001168428 -0.000736545 0.001377643 0.999998868 0.000605543 -0.014054840 0.001167593 -0.000607152 0.999999106 0.812319338
0.999996483 -0.002025686 -0.001716248 -0.001103299 0.002027923 0.999997139 0.001302728 -0.015465245 0.001713604 -0.001306204 0.999997675 0.866459250
0.999996305 -0.001253691 -0.002420760 -0.001461194 0.001253525 0.999999225 -0.000069744 -0.016036641 0.002420846 0.000066709 0.999997079 0.920251369
0.999992490 -0.002427852 -0.003004405 -0.002478069 0.002425539 0.999996722 -0.000773275 -0.017204577 0.003006273 0.000765982 0.999995172 0.973657846
0.999994516 -0.000181649 -0.003309610 -0.002748601 0.000180034 0.999999821 -0.000488374 -0.017883493 0.003309699 0.000487776 0.999994338 1.027909994
0.999988258 -0.001212122 -0.004704804 -0.002768840 0.001210796 0.999999225 -0.000284825 -0.019270927 0.004705145 0.000279125 0.999988854 1.082684875
0.999987483 -0.000763079 -0.004941796 -0.003655612 0.000757299 0.999998987 -0.001171372 -0.019976648 0.004942686 0.001167615 0.999987125 1.136492491
0.999981880 -0.000540619 -0.005990786 -0.003950757 0.000537309 0.999999702 -0.000554111 -0.020776330 0.005991085 0.000550882 0.999981940 1.190965652
0.999974251 -0.002305744 -0.006797797 -0.004698342 0.002315221 0.999996364 0.001386520 -0.022095531 0.006794577 -0.001402222 0.999975920 1.244743466
0.999970019 -0.001669100 -0.007557921 -0.005347671 0.001680550 0.999997497 0.001508798 -0.023057045 0.007555384 -0.001521454 0.999970257 1.298420072
0.999961615 -0.003082491 -0.008201404 -0.006291626 0.003087102 0.999995112 0.000549612 -0.023771072 0.008199671 -0.000574910 0.999966204 1.352881432
0.999956667 -0.002597427 -0.008933787 -0.006921564 0.002595686 0.999996603 -0.000206561 -0.024835099 0.008934294 0.000183362 0.999960005 1.407044172
0.999944985 -0.002625261 -0.010153434 -0.007835802 0.002624115 0.999996483 -0.000126192 -0.025976473 0.010153733 0.000099541 0.999948382 1.461575389
0.999934614 -0.003448908 -0.010903395 -0.008332179 0.003450711 0.999994040 0.000146543 -0.026672481 0.010902827 -0.000184158 0.999940515 1.515281916
0.999930382 -0.003506459 -0.011262080 -0.009914804 0.003515895 0.999993443 0.000818191 -0.028012082 0.011259140 -0.000857730 0.999936163 1.570114493
0.999913514 -0.004358172 -0.012407186 -0.010606369 0.004376611 0.999989331 0.001459394 -0.029567398 0.012400695 -0.001513569 0.999921918 1.622457385
0.999910593 -0.004150243 -0.012713701 -0.011030923 0.004163546 0.999990761 0.001020020 -0.030387530 0.012709350 -0.001072863 0.999918640 1.679271817
0.999908924 -0.005322363 -0.012406595 -0.013243675 0.005341340 0.999984682 0.001496949 -0.031010628 0.012398436 -0.001563080 0.999921858 1.731516123
0.999906659 -0.004671487 -0.012834449 -0.012755906 0.004700766 0.999986351 0.002251959 -0.031339645 0.012823758 -0.002312081 0.999915123 1.788818121
0.999914765 -0.003963081 -0.012444887 -0.013835804 0.004002937 0.999986887 0.003179346 -0.032370578 0.012432124 -0.003228891 0.999917567 1.843478322
0.999912620 -0.003579401 -0.012721807 -0.014761279 0.003612478 0.999990165 0.002577960 -0.033031546 0.012712453 -0.002623692 0.999915719 1.897855520
0.999916017 -0.003178503 -0.012558484 -0.015860809 0.003207000 0.999992311 0.002249676 -0.033762231 0.012551236 -0.002289762 0.999918640 1.952225685
0.999921560 -0.000072522 -0.012522656 -0.016431011 0.000116973 0.999993742 0.003548963 -0.033867702 0.012522318 -0.003550149 0.999915302 2.007437468
0.999941885 0.000159934 -0.010777410 -0.017054657 -0.000080220 0.999972582 0.007396400 -0.035153292 0.010778298 -0.007395108 0.999914527 2.063362837
0.999961019 0.000515700 -0.008807300 -0.018140266 -0.000427446 0.999949694 0.010019525 -0.035608776 0.008812023 -0.010015370 0.999911070 2.117738247
0.999971986 0.001818582 -0.007253945 -0.018683003 -0.001719035 0.999904513 0.013705862 -0.035975121 0.007278179 -0.013693009 0.999879718 2.173668861
0.999980748 0.000419117 -0.006182329 -0.018970754 -0.000326555 0.999887943 0.014965466 -0.036400300 0.006187909 -0.014963158 0.999868870 2.228499889
0.999989867 -0.000503835 -0.004456303 -0.019380668 0.000562086 0.999914289 0.013080014 -0.036173701 0.004449331 -0.013082390 0.999904513 2.282943726
0.999992728 0.000428607 -0.003784014 -0.019664342 -0.000387386 0.999940574 0.010887525 -0.036116652 0.003788456 -0.010885982 0.999933541 2.337080956
0.999996006 0.000834513 -0.002709503 -0.020270262 -0.000805486 0.999942482 0.010696720 -0.036604680 0.002718274 -0.010694496 0.999939084 2.391717196
0.999995947 0.000197358 -0.002850229 -0.020455027 -0.000168004 0.999947011 0.010295316 -0.036938213 0.002852109 -0.010294795 0.999942958 2.447864532
0.999992490 -0.001053282 -0.003736345 -0.020956196 0.001084959 0.999963462 0.008486278 -0.037075646 0.003727270 -0.008490266 0.999957025 2.502336025
0.999989033 -0.000356674 -0.004693895 -0.022086062 0.000405052 0.999946833 0.010309666 -0.038154580 0.004689969 -0.010311453 0.999935865 2.556994200
0.999984622 -0.000584733 -0.005511893 -0.022746045 0.000646245 0.999937415 0.011164860 -0.038330987 0.005505019 -0.011168251 0.999922454 2.612937450
0.999972939 -0.000615495 -0.007318601 -0.023052767 0.000701758 0.999930263 0.011790209 -0.038832493 0.007310833 -0.011795025 0.999903738 2.667404175
0.999959409 0.000564019 -0.008992827 -0.023730723 -0.000455528 0.999927163 0.012061607 -0.039156694 0.008998975 -0.012057020 0.999886751 2.723064184
0.999949276 -0.000057717 -0.010071446 -0.024078563 0.000170894 0.999936819 0.011236960 -0.039633401 0.010070160 -0.011238110 0.999886096 2.775008917
0.999947369 -0.001145846 -0.010198512 -0.024982108 0.001258859 0.999937773 0.011081843 -0.040365897 0.010185180 -0.011094097 0.999886572 2.829660177
0.999948800 -0.002030649 -0.009909617 -0.026851442 0.002126199 0.999951243 0.009641125 -0.040289152 0.009889556 -0.009661701 0.999904335 2.883716822
0.999935687 -0.002790232 -0.010995535 -0.026429197 0.002906685 0.999939680 0.010589168 -0.040807791 0.010965327 -0.010620448 0.999883413 2.940179110
0.999941170 -0.002261458 -0.010604710 -0.028446577 0.002390963 0.999922514 0.012215186 -0.040749442 0.010576264 -0.012239825 0.999869168 2.993741274
0.999940813 -0.001644166 -0.010748637 -0.029901175 0.001755093 0.999945223 0.010318806 -0.041141637 0.010731083 -0.010337061 0.999888957 3.048531771
0.999932051 0.001228199 -0.011591582 -0.029805873 -0.001134214 0.999966443 0.008111062 -0.040405728 0.011601156 -0.008097364 0.999899924 3.104028225
0.999928176 0.002867906 -0.011634389 -0.030834764 -0.002757582 0.999951184 0.009487522 -0.042013943 0.011661031 -0.009454757 0.999887228 3.159125805
0.999916375 0.004793378 -0.012011782 -0.031380441 -0.004684112 0.999947548 0.009108194 -0.042016596 0.012054812 -0.009051167 0.999886394 3.214852571
0.999913275 0.006077668 -0.011680640 -0.032883525 -0.005953959 0.999926031 0.010596688 -0.043612465 0.011744181 -0.010526224 0.999875546 3.268856764
0.999903440 0.006768744 -0.012130330 -0.032693900 -0.006635495 0.999917507 0.010991521 -0.043475926 0.012203729 -0.010909969 0.999866068 3.325395823
0.999930918 0.007621643 -0.008948613 -0.034232631 -0.007511788 0.999896765 0.012246391 -0.043977547 0.009041029 -0.012178326 0.999884963 3.378734827
0.999962866 0.005336317 -0.006766988 -0.034692273 -0.005262524 0.999926925 0.010876236 -0.045225594 0.006824535 -0.010840221 0.999917924 3.433635950
0.999985278 0.003703983 -0.003947822 -0.035196766 -0.003684212 0.999980688 0.005003602 -0.044988077 0.003966280 -0.004988984 0.999979615 3.486848354
0.999988675 0.004497692 -0.001598768 -0.035334390 -0.004491184 0.999981701 0.004051532 -0.045480456 0.001616962 -0.004044306 0.999990523 3.541704416
0.999993205 0.003399236 0.001438783 -0.035819508 -0.003410926 0.999960542 0.008201794 -0.046289064 -0.001410846 -0.008206648 0.999965310 3.595198631
0.999983847 0.003680397 0.004341115 -0.035959221 -0.003722324 0.999946177 0.009689942 -0.047108516 -0.004305218 -0.009705944 0.999943614 3.649170399
0.999954402 0.004066521 0.008647895 -0.036319561 -0.004135490 0.999959648 0.007972411 -0.047551192 -0.008615126 -0.008007810 0.999930859 3.702612162
0.999919832 0.003421896 0.012190573 -0.036307987 -0.003477849 0.999983430 0.004571680 -0.048498459 -0.012174729 -0.004613712 0.999915183 3.757763386
0.999862254 0.002877190 0.016346337 -0.034394525 -0.002887871 0.999995649 0.000629899 -0.048695303 -0.016344454 -0.000677018 0.999866188 3.803689718
0.999819875 0.001423753 0.018918999 -0.033737503 -0.001430729 0.999998868 0.000355231 -0.050069351 -0.018918471 -0.000382235 0.999820888 3.858320475
0.999735713 0.001152414 0.022960678 -0.031914972 -0.001193519 0.999997735 0.001776600 -0.050342854 -0.022958577 -0.001803535 0.999734759 3.906918049
0.999657810 0.001982650 0.026080498 -0.031202905 -0.002049983 0.999994576 0.002555287 -0.051593460 -0.026075291 -0.002607877 0.999656558 3.961918831
0.999545693 0.001270045 0.030114889 -0.029674552 -0.001278148 0.999999225 0.000249832 -0.052105155 -0.030114545 -0.000288210 0.999546349 4.011883736
0.999451280 0.001589327 0.033085518 -0.028294176 -0.001526665 0.999997020 -0.001919136 -0.053379990 -0.033088468 0.001867573 0.999450684 4.065440178
0.999344349 0.001264689 0.036183529 -0.026376650 -0.001185132 0.999996841 -0.002220074 -0.054550920 -0.036186222 0.002175736 0.999342680 4.117319107
0.999237955 0.000517433 0.039028808 -0.024335727 -0.000467539 0.999999046 -0.001287501 -0.055284552 -0.039029438 0.001268272 0.999237239 4.168590069
0.999128103 -0.000102554 0.041749876 -0.022157505 0.000091748 0.999999881 0.000260741 -0.056095708 -0.041749902 -0.000256683 0.999128044 4.220307827
0.998998165 -0.000655440 0.044746052 -0.020299971 0.000579964 0.999998391 0.001699738 -0.056770496 -0.044747096 -0.001672084 0.998996973 4.272226334
0.998883426 -0.002297441 0.047186200 -0.018127546 0.002175885 0.999994099 0.002627316 -0.057403803 -0.047191970 -0.002521711 0.998882651 4.324010849
0.998773575 -0.003875987 0.049360026 -0.015454561 0.003882860 0.999992430 -0.000043362 -0.058147725 -0.049359489 0.000234967 0.998781085 4.375765800
0.998639762 -0.004976291 0.051902834 -0.013535142 0.005119242 0.999983490 -0.002621642 -0.060190786 -0.051888920 0.002883779 0.998648703 4.425553322
0.998527884 -0.004250701 0.054074902 -0.011461347 0.004530615 0.999976993 -0.005054881 -0.061253458 -0.054052178 0.005292432 0.998524070 4.476413727
0.998435616 -0.003923533 0.055777114 -0.008343279 0.004291539 0.999969840 -0.006479520 -0.061643668 -0.055750012 0.006708753 0.998422265 4.530172348
0.998437047 -0.004182472 0.055731647 -0.005578578 0.004518558 0.999972403 -0.005905777 -0.062845707 -0.055705406 0.006148373 0.998428285 4.582302094
0.998484075 -0.003564209 0.054928113 -0.002250731 0.003805216 0.999983728 -0.004283728 -0.063591525 -0.054911949 0.004486247 0.998481095 4.634799004
0.998551786 -0.004250972 0.053629868 -0.000113964 0.004396297 0.999986947 -0.002592080 -0.064728737 -0.053618144 0.002824100 0.998557508 4.687439442
0.998666286 -0.003465372 0.051513739 0.002966180 0.003573853 0.999991596 -0.002013890 -0.065426886 -0.051506329 0.002195307 0.998670220 4.742111206
0.998788774 -0.003568929 0.049073555 0.004953474 0.003640664 0.999992430 -0.001372495 -0.066480651 -0.049068283 0.001549493 0.998794138 4.793883801
0.998927236 -0.003084510 0.046204261 0.006970897 0.003157988 0.999993801 -0.001517379 -0.067316838 -0.046199307 0.001661663 0.998930812 4.846710205
0.999118328 -0.001874554 0.041942798 0.009332985 0.001950995 0.999996424 -0.001781639 -0.068546407 -0.041939318 0.001861898 0.999118388 4.901252747
0.999277234 -0.002338932 0.037941545 0.010677963 0.002374055 0.999996781 -0.000880651 -0.069867350 -0.037939362 0.000970090 0.999279499 4.954150677
0.999420643 -0.001267454 0.034012076 0.012806743 0.001271752 0.999999166 -0.000104728 -0.070563719 -0.034011908 0.000147922 0.999421418 5.008196354
0.999545217 -0.001010954 0.030139012 0.013381466 0.000989274 0.999999166 0.000734216 -0.071030207 -0.030139729 -0.000704067 0.999545515 5.060663223
0.999673963 -0.000818812 0.025519377 0.014893904 0.000788457 0.999998987 0.001199540 -0.072214447 -0.025520334 -0.001179028 0.999673545 5.115568161
0.999781430 -0.000201012 0.020905096 0.015478998 0.000176528 0.999999344 0.001173035 -0.072824731 -0.020905316 -0.001169088 0.999780774 5.169751644
0.999881744 0.000474901 0.015368597 0.016446568 -0.000494045 0.999999106 0.001241814 -0.073733248 -0.015367992 -0.001249260 0.999881089 5.226037025
0.999942064 0.000271892 0.010770028 0.016785178 -0.000281262 0.999999583 0.000868501 -0.074536286 -0.010769788 -0.000871480 0.999941587 5.278729439
0.999982178 0.001428889 0.005797197 0.016633146 -0.001431917 0.999998868 0.000518327 -0.075541094 -0.005796450 -0.000526619 0.999983132 5.332672119
0.999990642 0.003555115 0.002458808 0.016875982 -0.003555130 0.999993682 0.000001947 -0.075754523 -0.002458785 -0.000010689 0.999996960 5.388839722
0.999987543 0.004983204 -0.000112788 0.017311646 -0.004983175 0.999987543 0.000260942 -0.076836884 0.000114087 -0.000260377 0.999999940 5.443751812
0.999976456 0.006832087 -0.000673499 0.016284706 -0.006832147 0.999976635 -0.000088182 -0.077880345 0.000672881 0.000092782 0.999999762 5.498732567
0.999958992 0.008831054 -0.001999985 0.016128836 -0.008829522 0.999960721 0.000773039 -0.079070114 0.002006733 -0.000755348 0.999997735 5.553763866
0.999943733 0.010173335 -0.002979846 0.015492918 -0.010170528 0.999947846 0.000955338 -0.079469837 0.002989409 -0.000924977 0.999995112 5.610420227
0.999943316 0.010092591 -0.003402198 0.014761837 -0.010088139 0.999948323 0.001322984 -0.080577880 0.003415375 -0.001288587 0.999993384 5.666200161
0.999896646 0.013727315 -0.004267649 0.013891026 -0.013712849 0.999900162 0.003400847 -0.081096143 0.004313906 -0.003341974 0.999985099 5.722257614
0.999876797 0.014911377 -0.004906376 0.013087749 -0.014878275 0.999866664 0.006715459 -0.081759468 0.005005858 -0.006641633 0.999965429 5.777867317
0.999893188 0.013624432 -0.005282319 0.012690457 -0.013591533 0.999888301 0.006215137 -0.082301229 0.005366406 -0.006142679 0.999966741 5.833843231
0.999893129 0.013444330 -0.005742505 0.012007698 -0.013417639 0.999899149 0.004661730 -0.082921907 0.005804600 -0.004584182 0.999972641 5.890223980
0.999921858 0.010618742 -0.006587728 0.011837233 -0.010582022 0.999928355 0.005583602 -0.083357424 0.006646547 -0.005513453 0.999962687 5.945720196
0.999931872 0.008615694 -0.007872842 0.011957660 -0.008554996 0.999933660 0.007711376 -0.084095567 0.007938758 -0.007643498 0.999939263 6.001698017
0.999955237 0.005011118 -0.008022676 0.011110589 -0.004936728 0.999944866 0.009265566 -0.084377736 0.008068665 -0.009225546 0.999924898 6.058696747
0.999961317 0.002691848 -0.008377592 0.010814682 -0.002606303 0.999944508 0.010205382 -0.084661990 0.008404600 -0.010183152 0.999912798 6.115203381
0.999965489 -0.001221170 -0.008217543 0.010095488 0.001289084 0.999965012 0.008264293 -0.085113794 0.008207163 -0.008274599 0.999932110 6.172527313
0.999960184 -0.003623790 -0.008165217 0.009848453 0.003682203 0.999967575 0.007150336 -0.085414484 0.008139040 -0.007180116 0.999941170 6.228582382
0.999951541 -0.005185202 -0.008369300 0.009520467 0.005248051 0.999958038 0.007505098 -0.086450517 0.008330033 -0.007548656 0.999936759 6.286460876
0.999955118 -0.005113609 -0.007979825 0.009024370 0.005173028 0.999958873 0.007443391 -0.086493075 0.007941433 -0.007484336 0.999940395 6.342557907
0.999964535 -0.004707105 -0.006980246 0.007896293 0.004774197 0.999942243 0.009626243 -0.087068737 0.006934531 -0.009659227 0.999929309 6.400910854
0.999969423 -0.002791607 -0.007303653 0.008395400 0.002865695 0.999944389 0.010153295 -0.086789489 0.007274903 -0.010173914 0.999921799 6.457670689
0.999981225 -0.002236028 -0.005690295 0.006684024 0.002290016 0.999952197 0.009499012 -0.088066541 0.005668782 -0.009511863 0.999938607 6.516284943
0.999983311 -0.001568541 -0.005552399 0.006496944 0.001615071 0.999963462 0.008385611 -0.089352682 0.005539043 -0.008394438 0.999949396 6.572439671
0.999986589 -0.001868018 -0.004833044 0.005737014 0.001893570 0.999984205 0.005287869 -0.089412257 0.004823090 -0.005296949 0.999974310 6.631405830
0.999982953 -0.003445680 -0.004705558 0.005395308 0.003451257 0.999993324 0.001177745 -0.090358511 0.004701467 -0.001193964 0.999988258 6.689154148
0.999985874 -0.003235958 -0.004216694 0.005062131 0.003225754 0.999991834 -0.002424263 -0.091054708 0.004224505 0.002410627 0.999988139 6.745204926
0.999988079 -0.003066972 -0.003801584 0.004769446 0.003055942 0.999991119 -0.002903898 -0.092526801 0.003810456 0.002892246 0.999988616 6.802262306
0.999985814 -0.003386005 -0.004104977 0.004298771 0.003373925 0.999989927 -0.002946060 -0.093431100 0.004114911 0.002932168 0.999987245 6.859500885
0.999985695 -0.002676677 -0.004614063 0.004493646 0.002666684 0.999994040 -0.002170651 -0.094688341 0.004619846 0.002158315 0.999987006 6.915443897
0.999988854 -0.001894652 -0.004316331 0.003209524 0.001890637 0.999997795 -0.000934050 -0.096128426 0.004318091 0.000925879 0.999990165 6.973117352
0.999989927 -0.000835521 -0.004409336 0.002578747 0.000832548 0.999999464 -0.000676006 -0.096629351 0.004409898 0.000672328 0.999989986 7.030237198
0.999983668 -0.001753304 -0.005440917 0.002512574 0.001747323 0.999997854 -0.001103888 -0.098088130 0.005442841 0.001094363 0.999984562 7.086576939
0.999981999 -0.001157070 -0.005894967 0.001736328 0.001149540 0.999998569 -0.001280602 -0.098586954 0.005896440 0.001273803 0.999981761 7.144393444
0.999978542 -0.001148137 -0.006438603 0.000920456 0.001150178 0.999999225 0.000313206 -0.100169584 0.006438238 -0.000320605 0.999979198 7.200565338
0.999971628 -0.000310615 -0.007532681 0.000800192 0.000317743 0.999999464 0.000944983 -0.101420969 0.007532384 -0.000947349 0.999971092 7.257174015
0.999969244 -0.000281005 -0.007840177 -0.000420876 0.000277709 0.999999881 -0.000421438 -0.101921603 0.007840294 0.000419248 0.999969184 7.313843727
0.999963939 0.001121398 -0.008420998 -0.001048356 -0.001134620 0.999998212 -0.001565530 -0.103233971 0.008419227 0.001575028 0.999963343 7.371440887
0.999959707 0.001230461 -0.008892744 -0.002279878 -0.001243110 0.999998152 -0.001417113 -0.104216494 0.008890985 0.001428110 0.999959469 7.426998138
0.999953032 0.000781396 -0.009657476 -0.002969980 -0.000805102 0.999996603 -0.002450940 -0.104993686 0.009655530 0.002458600 0.999950349 7.484864235
0.999941468 0.001057916 -0.010766887 -0.003699593 -0.001094444 0.999993622 -0.003387325 -0.106372125 0.010763234 0.003398909 0.999936223 7.539893150
0.999941111 0.001968555 -0.010672836 -0.004978180 -0.002003137 0.999992788 -0.003230456 -0.107383549 0.010666397 0.003251645 0.999937832 7.597951412
0.999927938 0.001058063 -0.011953298 -0.005811594 -0.001076686 0.999998212 -0.001551664 -0.108950324 0.011951636 0.001564422 0.999927342 7.654256821
0.999923170 0.000941184 -0.012359351 -0.007270508 -0.000950586 0.999999344 -0.000754931 -0.110519245 0.012358632 0.000766623 0.999923289 7.711026669
0.999903262 0.002097834 -0.013744246 -0.007653706 -0.002111955 0.999997258 -0.001013023 -0.111022189 0.013742086 0.001041952 0.999905050 7.768122673
0.999900997 0.002790957 -0.013792109 -0.009239882 -0.002798809 0.999995947 -0.000550044 -0.112074360 0.013790519 0.000588592 0.999904811 7.825438499
0.999884784 0.002617975 -0.014952162 -0.010029189 -0.002635707 0.999995828 -0.001166385 -0.113535091 0.014949046 0.001205660 0.999887586 7.882317543
0.999881387 0.003359226 -0.015028018 -0.011305258 -0.003389511 0.999992251 -0.001990187 -0.114137866 0.015021216 0.002040889 0.999885082 7.939928055
0.999872386 0.003756349 -0.015522192 -0.012659281 -0.003779855 0.999991775 -0.001485251 -0.115602680 0.015516486 0.001543733 0.999878407 7.995325565
0.999875784 0.003315017 -0.015401715 -0.014605500 -0.003361090 0.999989986 -0.002966543 -0.116986565 0.015391727 0.003017942 0.999876916 8.050960541
0.999876142 0.001626955 -0.015653472 -0.014846154 -0.001699458 0.999987841 -0.004619531 -0.117749721 0.015645768 0.004645561 0.999866784 8.108654022
0.999866962 -0.001298201 -0.016260069 -0.015769765 0.001235915 0.999991834 -0.003840089 -0.119195715 0.016264923 0.003819483 0.999860406 8.165971756
0.999863863 -0.001847798 -0.016394371 -0.016885236 0.001847717 0.999998331 -0.000020106 -0.120571740 0.016394380 -0.000010189 0.999865592 8.222761154
0.999863923 -0.002072298 -0.016360726 -0.018365137 0.002143628 0.999988198 0.004343520 -0.121734105 0.016351534 -0.004378001 0.999856651 8.278735161
0.999856472 -0.002145171 -0.016803917 -0.019663982 0.002206030 0.999991059 0.003604012 -0.122639991 0.016796038 -0.003640565 0.999852300 8.335294724
0.999863684 0.000855294 -0.016484113 -0.020249933 -0.000845909 0.999999464 0.000576309 -0.123313874 0.016484598 -0.000562286 0.999863923 8.390803337
0.999859989 0.000669201 -0.016715309 -0.021738276 -0.000693291 0.999998689 -0.001435385 -0.124558516 0.016714325 0.001446773 0.999859214 8.447582245
0.999850750 0.000918488 -0.017252548 -0.022479393 -0.000932187 0.999999225 -0.000785997 -0.125759482 0.017251810 0.000801962 0.999850869 8.502158165
0.999862313 0.001245836 -0.016545894 -0.024050266 -0.001245770 0.999999166 0.000014303 -0.127056435 0.016545899 0.000006311 0.999863029 8.560147285
0.999862373 0.000770453 -0.016572734 -0.025274284 -0.000731944 0.999996960 0.002329535 -0.127697408 0.016574476 -0.002317084 0.999859929 8.614814758
0.999876916 -0.000054290 -0.015686706 -0.026408993 0.000104788 0.999994755 0.003218320 -0.128474817 0.015686449 -0.003219568 0.999871790 8.668855667
0.999906659 0.000266538 -0.013663706 -0.029222719 -0.000228393 0.999996066 0.002793129 -0.129851490 0.013664395 -0.002789747 0.999902785 8.724636078
0.999908030 -0.000730136 -0.013539285 -0.027054615 0.000745629 0.999999046 0.001139317 -0.130913079 0.013538442 -0.001149307 0.999907672 8.780762672
0.999931514 -0.000601621 -0.011689533 -0.029262394 0.000598251 0.999999762 -0.000291731 -0.131965190 0.011689706 0.000284718 0.999931633 8.835909843
0.999944210 -0.001058387 -0.010514722 -0.029995933 0.001049281 0.999999046 -0.000871485 -0.133212864 0.010515636 0.000860404 0.999944270 8.890583038
0.999961257 -0.000390591 -0.008794073 -0.031296745 0.000389612 0.999999881 -0.000113013 -0.134706914 0.008794117 0.000109583 0.999961317 8.942987442
0.999960780 -0.002300819 -0.008549077 -0.029956870 0.002315500 0.999995887 0.001707689 -0.135412127 0.008545113 -0.001727418 0.999961972 9.003328323
0.999978542 -0.000305388 -0.006537031 -0.031539299 0.000320196 0.999997377 0.002264270 -0.136986226 0.006536323 -0.002266314 0.999976099 9.057533264
0.999981225 -0.000865317 -0.006064517 -0.030818649 0.000879010 0.999997079 0.002255576 -0.137312368 0.006062549 -0.002260864 0.999979079 9.113583565
0.999985635 -0.000488222 -0.005347517 -0.031206053 0.000500817 0.999997139 0.002354165 -0.138199300 0.005346351 -0.002356809 0.999982893 9.167428017
0.999988317 -0.000780135 -0.004765953 -0.031156417 0.000790998 0.999997079 0.002277829 -0.139118731 0.004764162 -0.002281572 0.999986053 9.222500801
0.999993503 -0.000481942 -0.003590940 -0.031730384 0.000491693 0.999996305 0.002714839 -0.140420899 0.003589618 -0.002716586 0.999989808 9.277415276
0.999997079 -0.000844962 -0.002268681 -0.033084337 0.000849873 0.999997318 0.002165011 -0.140676305 0.002266845 -0.002166933 0.999995112 9.328690529
0.999996364 -0.001407136 -0.002293935 -0.032287709 0.001412462 0.999996245 0.002322165 -0.141775206 0.002290659 -0.002325397 0.999994695 9.380675316
0.999998212 -0.000663111 -0.001764102 -0.033149045 0.000668814 0.999994457 0.003233843 -0.142756358 0.001761948 -0.003235016 0.999993265 9.432481766
0.999996424 -0.001773639 -0.001995533 -0.033578075 0.001782451 0.999988616 0.004422978 -0.143836439 0.001987666 -0.004426520 0.999988198 9.481263161
0.999995589 -0.001584115 -0.002489973 -0.033850506 0.001595276 0.999988675 0.004486441 -0.144827038 0.002482837 -0.004490393 0.999986827 9.530286789
0.999995530 -0.000584144 -0.002919015 -0.034405135 0.000594371 0.999993682 0.003503895 -0.145945221 0.002916950 -0.003505615 0.999989569 9.579482079
0.999992490 -0.001016935 -0.003732313 -0.034475915 0.001027795 0.999995172 0.002909061 -0.146801591 0.003729338 -0.002912875 0.999988794 9.627597809
0.999990344 -0.001140399 -0.004236643 -0.034864642 0.001151397 0.999995947 0.002594286 -0.147667930 0.004233668 -0.002599139 0.999987721 9.674799919
0.999984920 -0.001626207 -0.005242363 -0.035729438 0.001641017 0.999994695 0.002822037 -0.148598775 0.005237748 -0.002830597 0.999982297 9.722496986
0.999973297 -0.001764433 -0.007086851 -0.036132596 0.001790968 0.999991417 0.003739613 -0.149415821 0.007080192 -0.003752206 0.999967873 9.768781662
0.999954224 -0.003045085 -0.009078122 -0.036764186 0.003092232 0.999981821 0.005183989 -0.150179848 0.009062171 -0.005211823 0.999945402 9.814021111
0.999933660 -0.002670790 -0.011206805 -0.037385881 0.002748935 0.999971986 0.006963389 -0.151044279 0.011187894 -0.006993734 0.999912918 9.861063004
0.999910831 -0.001845244 -0.013228392 -0.038517028 0.001942785 0.999971032 0.007364587 -0.151837870 0.013214421 -0.007389630 0.999885380 9.906339645
0.999863565 -0.002188029 -0.016368814 -0.039101243 0.002295194 0.999976039 0.006530937 -0.152260721 0.016354129 -0.006567617 0.999844670 9.950329781
0.999813199 -0.002172291 -0.019205585 -0.040140852 0.002298284 0.999975920 0.006540574 -0.152836025 0.019190913 -0.006583492 0.999794245 9.993977547
0.999737144 -0.001972098 -0.022841005 -0.040897459 0.002136881 0.999971926 0.007192194 -0.153790593 0.022826172 -0.007239112 0.999713242 10.035825729
0.999676228 -0.001144141 -0.025417307 -0.042322010 0.001313943 0.999976933 0.006664917 -0.154137298 0.025409097 -0.006696157 0.999654710 10.077472687
0.999599755 -0.000682637 -0.028281070 -0.043747783 0.000849817 0.999982238 0.005899791 -0.154461175 0.028276540 -0.005921463 0.999582589 10.118112564
0.999507487 -0.001043516 -0.031365287 -0.045526832 0.001198621 0.999987125 0.004926710 -0.154988378 0.031359743 -0.004961880 0.999495804 10.156796455
0.999383926 -0.000209914 -0.035095703 -0.046611726 0.000392304 0.999986470 0.005190102 -0.156030178 0.035094138 -0.005200673 0.999370456 10.195816040
0.999270439 0.000163838 -0.038191728 -0.048288375 0.000014992 0.999989092 0.004682096 -0.156856522 0.038192086 -0.004679252 0.999259412 10.233269691
0.999173164 0.001695761 -0.040619865 -0.049897909 -0.001528909 0.999990225 0.004138355 -0.157179788 0.040626489 -0.004072830 0.999166071 10.270068169
0.999119222 0.001885085 -0.041919667 -0.051246822 -0.001687100 0.999987245 0.004757839 -0.157959297 0.041928113 -0.004682926 0.999109626 10.306027412
0.999146342 0.002297283 -0.041245248 -0.053173244 -0.002064168 0.999981642 0.005693630 -0.158502638 0.041257568 -0.005603632 0.999132812 10.341006279
0.999154866 0.002232665 -0.041041881 -0.054571152 -0.001969711 0.999977231 0.006446293 -0.159129381 0.041055329 -0.006360004 0.999136627 10.375152588
0.999161124 0.002323352 -0.040886246 -0.055815101 -0.002081499 0.999980092 0.005956866 -0.159657180 0.040899273 -0.005866764 0.999146044 10.408588409
0.999155104 0.002457157 -0.041026860 -0.056960523 -0.002288364 0.999988794 0.004160658 -0.160241589 0.041036621 -0.004063259 0.999149442 10.441621780
0.999226272 0.002903881 -0.039223250 -0.059049398 -0.002825390 0.999993920 0.002056430 -0.160959750 0.039228987 -0.001944017 0.999228299 10.474274635
0.999281704 0.002877891 -0.037787944 -0.060660213 -0.002848103 0.999995649 0.000842100 -0.161714807 0.037790194 -0.000733871 0.999285400 10.506841660
0.999317050 0.003714222 -0.036764521 -0.061599910 -0.003711213 0.999993086 0.000150095 -0.162058026 0.036764830 -0.000013552 0.999323964 10.539967537
0.999380946 0.003362632 -0.035021927 -0.063078970 -0.003362127 0.999994338 0.000073313 -0.162698478 0.035021976 0.000044481 0.999386609 10.571843147
0.999447644 0.003017189 -0.033094950 -0.064271808 -0.003019798 0.999995410 -0.000028817 -0.163251668 0.033094719 0.000128742 0.999452174 10.604401588
0.999506176 0.002935071 -0.031285491 -0.065285265 -0.002940098 0.999995649 -0.000114674 -0.164041072 0.031285029 0.000206600 0.999510467 10.636871338
0.999570668 0.002411720 -0.029199615 -0.066305608 -0.002425768 0.999996960 -0.000445704 -0.164618984 0.029198455 0.000516344 0.999573469 10.668773651
0.999655128 0.002205899 -0.026166331 -0.067346573 -0.002201693 0.999997556 0.000189520 -0.165396839 0.026166689 -0.000131844 0.999657571 10.700239182
0.999723792 0.001107361 -0.023479830 -0.067905307 -0.001081006 0.999998748 0.001135114 -0.166069388 0.023481060 -0.001109418 0.999723673 10.732243538
0.999781966 0.000144440 -0.020879650 -0.068303689 -0.000116361 0.999999106 0.001346002 -0.166634396 0.020879827 -0.001343279 0.999781132 10.763801575
0.999846280 0.000090818 -0.017532447 -0.069153376 -0.000068085 0.999999106 0.001297179 -0.167160764 0.017532550 -0.001295786 0.999845445 10.795244217
0.999892652 -0.000149786 -0.014644875 -0.069593728 0.000160969 0.999999642 0.000762471 -0.167548209 0.014644756 -0.000764746 0.999892414 10.826302528
0.999935329 -0.000539194 -0.011358154 -0.070239842 0.000549062 0.999999464 0.000865683 -0.168330342 0.011357683 -0.000871863 0.999935031 10.857405663
0.999964297 -0.000013117 -0.008452266 -0.070715025 0.000016461 0.999999940 0.000395632 -0.169100001 0.008452259 -0.000395757 0.999964178 10.887941360
0.999984145 0.000404634 -0.005610195 -0.070846364 -0.000406957 0.999999821 -0.000413037 -0.169414610 0.005610028 0.000415313 0.999984205 10.919390678
0.999996066 0.000869354 -0.002690279 -0.071167544 -0.000868995 0.999999702 0.000134787 -0.169795573 0.002690395 -0.000132449 0.999996424 10.951043129
0.999999523 0.000910306 -0.000330092 -0.071106032 -0.000910010 0.999999106 0.000898425 -0.170400128 0.000330909 -0.000898124 0.999999464 10.982748985
0.999997675 0.000430746 0.002124858 -0.071293488 -0.000432627 0.999999464 0.000884914 -0.170914367 -0.002124475 -0.000885831 0.999997318 11.014317513
0.999991655 0.001124197 0.003919152 -0.071025789 -0.001121274 0.999999225 -0.000747946 -0.171571240 -0.003919988 0.000743545 0.999992013 11.046571732
0.999982238 0.000962724 0.005875988 -0.071085066 -0.000944985 0.999995053 -0.003020895 -0.172084570 -0.005878868 0.003015289 0.999978185 11.078734398
0.999974906 -0.000728985 0.007048833 -0.071129158 0.000763924 0.999987423 -0.004955356 -0.172673419 -0.007045132 0.004960616 0.999962866 11.110699654
0.999976516 -0.000590098 0.006841162 -0.070989445 0.000624227 0.999987364 -0.004987801 -0.173354834 -0.006838132 0.004991954 0.999964178 11.143684387
0.999969482 -0.001397413 0.007690152 -0.071189694 0.001441625 0.999982476 -0.005746640 -0.174011186 -0.007681987 0.005757551 0.999953866 11.176310539
0.999976039 0.000103738 0.006922214 -0.070799015 -0.000062302 0.999982119 -0.005985940 -0.174774081 -0.006922710 0.005985364 0.999958098 11.210771561
0.999969184 0.000228973 0.007847968 -0.070851177 -0.000176806 0.999978006 -0.006647253 -0.175237507 -0.007849315 0.006645660 0.999947071 11.243607521
0.999966919 -0.000735034 0.008100872 -0.070898809 0.000803700 0.999963760 -0.008476337 -0.176100105 -0.008094347 0.008482568 0.999931276 11.277601242
0.999954700 -0.004745969 0.008252945 -0.070260793 0.004834191 0.999931037 -0.010702840 -0.176744968 -0.008201578 0.010742253 0.999908686 11.312011719
0.999939322 -0.007092157 0.008425656 -0.069940493 0.007190895 0.999905169 -0.011746754 -0.177555531 -0.008341549 0.011806630 0.999895453 11.347710609
0.999936759 -0.005229124 0.009949910 -0.070896804 0.005312409 0.999950886 -0.008362530 -0.177681863 -0.009905692 0.008414859 0.999915540 11.381680489
0.999947608 -0.001591638 0.010106064 -0.070132062 0.001609348 0.999997199 -0.001744536 -0.178359568 -0.010103261 0.001760708 0.999947369 11.416327477
0.999936879 -0.003111782 0.010792743 -0.069930986 0.003083491 0.999991775 0.002637001 -0.179815918 -0.010800861 -0.002603555 0.999938250 11.451914787
0.999914706 -0.003529373 0.012578158 -0.068570241 0.003532966 0.999993742 -0.000263392 -0.179747462 -0.012577149 0.000307808 0.999920905 11.489332199
0.999861479 -0.002801628 0.016406141 -0.068465158 0.002899814 0.999978006 -0.005964011 -0.180603296 -0.016389070 0.006010759 0.999847591 11.524467468
0.999777496 -0.000630063 0.021091588 -0.068436623 0.000842598 0.999948859 -0.010069402 -0.180631995 -0.021084169 0.010084932 0.999726772 11.560092926
0.999720633 0.001156852 0.023609810 -0.067444563 -0.000926443 0.999951720 -0.009767621 -0.181507528 -0.023619974 0.009743019 0.999673545 11.597898483
0.999621451 -0.000760171 0.027502535 -0.066648960 0.000958434 0.999973595 -0.007196458 -0.182610601 -0.027496338 0.007220092 0.999595881 11.634612083
0.999541163 -0.003397755 0.030097963 -0.065247238 0.003538621 0.999983013 -0.004628217 -0.182813257 -0.030081725 0.004732599 0.999536157 11.672072411
0.999450684 -0.005215736 0.032727432 -0.063826233 0.005325589 0.999980450 -0.003270316 -0.183165640 -0.032709733 0.003442813 0.999458909 11.709680557
0.999320924 -0.004641064 0.036553189 -0.063440889 0.004726559 0.999986291 -0.002252911 -0.184423178 -0.036542222 0.002424153 0.999329150 11.747373581
0.999197483 -0.003064992 0.039939374 -0.062259436 0.003236903 0.999985754 -0.004240358 -0.185403079 -0.039925799 0.004366235 0.999193132 11.786722183
0.999124229 -0.002374432 0.041775621 -0.060976893 0.002636519 0.999977171 -0.006219702 -0.186433017 -0.041759904 0.006324397 0.999107599 11.823719978
0.999013484 -0.001734394 0.044372030 -0.059772313 0.002023836 0.999976993 -0.006478972 -0.187019140 -0.044359766 0.006562382 0.998994052 11.861352921
0.998910189 -0.000690564 0.046666682 -0.057910979 0.000911775 0.999988496 -0.004719113 -0.187610433 -0.046662875 0.004756520 0.998899341 11.899629593
0.998739362 0.001157459 0.050181698 -0.056535721 -0.001005170 0.999994814 -0.003059875 -0.188306689 -0.050184980 0.003005577 0.998735368 11.937964439
0.998600125 0.001689344 0.052865732 -0.054545701 -0.001519452 0.999993563 -0.003253672 -0.189010397 -0.052870888 0.003168791 0.998596311 11.976450920
0.998435795 0.001892955 0.055877842 -0.052965641 -0.001686767 0.999991596 -0.003736915 -0.189663455 -0.055884454 0.003636817 0.998430610 12.014341354
0.998300672 0.000438628 0.058272000 -0.050500453 -0.000174650 0.999989688 -0.004535118 -0.190188676 -0.058273394 0.004517234 0.998290479 12.053017616
0.998173833 -0.003072541 0.060328875 -0.048582971 0.003265645 0.999989867 -0.003102525 -0.191475123 -0.060318723 0.003293872 0.998173833 12.090175629
0.998120546 -0.003088319 0.061202392 -0.046402037 0.003341934 0.999986231 -0.004041957 -0.191635668 -0.061189063 0.004238894 0.998117208 12.128492355
0.998071611 -0.004101905 0.061936863 -0.044296622 0.004342612 0.999983490 -0.003752218 -0.192639798 -0.061920453 0.004013950 0.998073041 12.166399956
0.998022079 -0.004798123 0.062680908 -0.042193413 0.005001626 0.999982715 -0.003090160 -0.193813503 -0.062664993 0.003397554 0.998028874 12.204940796
0.998058975 -0.004846795 0.062087093 -0.039735138 0.005017711 0.999984026 -0.002597208 -0.194481909 -0.062073529 0.002903701 0.998067379 12.243955612
0.998085737 -0.003781105 0.061729241 -0.037398458 0.003942918 0.999989092 -0.002499729 -0.195023298 -0.061719134 0.002738337 0.998089850 12.283057213
0.998187006 -0.004242917 0.060039282 -0.035195827 0.004466185 0.999983609 -0.003584999 -0.195610479 -0.060023095 0.003846647 0.998189569 12.320994377
0.998262703 -0.004223507 0.058769803 -0.033221543 0.004465851 0.999982119 -0.003992865 -0.196803242 -0.058751889 0.004248385 0.998263597 12.359788895
0.998377740 -0.003605654 0.056823127 -0.031195343 0.003880298 0.999981344 -0.004723736 -0.197604924 -0.056805044 0.004936563 0.998373032 12.397952080
0.998442054 -0.001245230 0.055784073 -0.029483318 0.001561507 0.999983013 -0.005626453 -0.197958648 -0.055776119 0.005704795 0.998426974 12.436388969
0.998552859 -0.000507772 0.053776521 -0.027683318 0.000819651 0.999982953 -0.005777646 -0.199052483 -0.053772666 0.005813363 0.998536289 12.474369049
0.998686075 0.000566901 0.051242821 -0.025561690 -0.000288201 0.999985099 -0.005446050 -0.199657068 -0.051245149 0.005424126 0.998671412 12.513155937
0.998811841 -0.000019712 0.048732661 -0.024303973 0.000206009 0.999992669 -0.003817815 -0.200628683 -0.048732225 0.003823318 0.998804510 12.550953865
0.998998702 -0.000815414 0.044730861 -0.023047328 0.000889464 0.999998271 -0.001635564 -0.201405004 -0.044729445 0.001673713 0.998997688 12.588990211
0.999207556 -0.002627662 0.039714500 -0.021440685 0.002607793 0.999996424 0.000552108 -0.202425197 -0.039715797 -0.000448103 0.999210894 12.626735687
0.999394953 -0.003105346 0.034640420 -0.019994527 0.003052147 0.999994040 0.001588519 -0.203038961 -0.034645144 -0.001481830 0.999398530 12.665349960
0.999538779 -0.003345880 0.030180758 -0.019507229 0.003274155 0.999991715 0.002425612 -0.203712672 -0.030188624 -0.002325677 0.999541521 12.700848579
0.999677718 -0.004428402 0.024995582 -0.018410683 0.004346455 0.999984980 0.003331817 -0.204574838 -0.025009960 -0.003222101 0.999682069 12.737677574
0.999779105 -0.004945314 0.020432089 -0.017863929 0.004890484 0.999984264 0.002732617 -0.204785094 -0.020445278 -0.002632090 0.999787509 12.774512291
0.999841332 -0.005291328 0.017005911 -0.018224552 0.005245530 0.999982417 0.002736481 -0.205662325 -0.017020091 -0.002646841 0.999851644 12.807649612
0.999902070 -0.005656266 0.012800034 -0.017803922 0.005619670 0.999979913 0.002893133 -0.206526607 -0.012816140 -0.002820917 0.999913871 12.841767311
0.999949574 -0.004663321 0.008885831 -0.017829947 0.004640929 0.999985993 0.002538858 -0.207087517 -0.008897545 -0.002497491 0.999957323 12.875353813
0.999969840 -0.005388925 0.005585136 -0.018683456 0.005374613 0.999982297 0.002574140 -0.207679093 -0.005598908 -0.002544045 0.999981105 12.907375336
0.999978721 -0.006490365 0.000691629 -0.017819630 0.006489299 0.999977767 0.001531658 -0.208110750 -0.000701554 -0.001527137 0.999998569 12.940979958
