1.000000000 0.000000000 0.000000000 0.000000000 0.000000000 1.000000000 0.000000000 0.000000000 0.000000000 0.000000000 1.000000000 0.000000000
0.999788821 -0.003984326 -0.020160049 0.005135769 0.003339491 0.999484837 -0.031918965 0.032036565 0.020276841 0.031844903 0.999287128 0.014686730
0.999534726 -0.004415527 -0.030179136 0.006706575 0.003105588 0.999056697 -0.043315284 0.041964412 0.030341925 0.043201406 0.998605490 0.023743467
0.998961091 -0.009343007 -0.044603210 0.010536336 0.006135461 0.997420549 -0.071515530 0.068286076 0.045156319 0.071167558 0.996441841 0.033212487
0.998264790 -0.007965903 -0.058344483 0.011217003 0.002945230 0.996321976 -0.085637644 0.078932688 0.058812082 0.085317202 0.994616568 0.044661716
0.996613920 -0.015962208 -0.080658823 0.018040851 0.006482442 0.993175268 -0.116450667 0.107187271 0.081967160 0.115533516 0.989915848 0.056962628
0.994259775 -0.021271888 -0.104856327 0.023273140 0.006030827 0.989620805 -0.143576384 0.131845832 0.106822155 0.142119884 0.984068573 0.073290341
0.991338313 -0.025561601 -0.128821373 0.025274271 0.004438088 0.986836255 -0.161661625 0.146358803 0.131257921 0.159689650 0.978402138 0.089217544
0.987107396 -0.033380326 -0.156539798 0.029490523 0.002055192 0.980574369 -0.196136713 0.176143572 0.160046026 0.193286270 0.968000889 0.109223604
0.981563926 -0.035375655 -0.187832028 0.032454018 -0.004598356 0.978067815 -0.208235905 0.183174759 0.191078916 0.205260590 0.959873438 0.128689691
0.977461696 -0.038759481 -0.207524225 0.025905032 -0.011168485 0.972131371 -0.234170616 0.203825355 0.210817173 0.231210500 0.949788332 0.141052440
0.972022593 -0.037060864 -0.231944844 0.020715969 -0.021345749 0.969450474 -0.244356513 0.208918229 0.233915105 0.242471069 0.941536844 0.153607875
0.966117024 -0.037500184 -0.255365461 0.013730858 -0.029000791 0.967351794 -0.251772642 0.212298542 0.256469727 0.250647664 0.933487594 0.163026512
0.958253980 -0.037634376 -0.283430845 0.008219860 -0.037342362 0.966335058 -0.254562527 0.212504774 0.283469439 0.254519552 0.924589038 0.172575682
0.947584629 -0.036894988 -0.317367554 0.005267493 -0.047501408 0.966003180 -0.254128933 0.209418818 0.315954179 0.255884111 0.913617074 0.185877889
0.938258588 -0.036386382 -0.344015598 -0.004240997 -0.055777457 0.965528965 -0.254249454 0.208788082 0.341408283 0.257740080 0.903886259 0.193761438
0.923409283 -0.038143594 -0.381916791 -0.006913535 -0.067008086 0.963746786 -0.258267492 0.210704103 0.377922267 0.264078051 0.887376785 0.208729878
0.909556210 -0.039427057 -0.413706630 -0.015349511 -0.076220840 0.962776363 -0.259330064 0.209738076 0.408531547 0.267408371 0.872693956 0.220726892
0.894566536 -0.035455707 -0.445526242 -0.022712048 -0.088801667 0.962873042 -0.254930735 0.205706015 0.438024044 0.267616004 0.858205497 0.229131520
0.877603590 -0.038390290 -0.477847487 -0.031925827 -0.096247621 0.962381303 -0.254083902 0.204288512 0.469625860 0.268976629 0.840894282 0.239501074
0.857700229 -0.042928543 -0.512355030 -0.040407266 -0.102490075 0.962233901 -0.252194285 0.201603502 0.503831685 0.268818378 0.820908248 0.248988479
0.836067796 -0.047889750 -0.546532154 -0.051662140 -0.107698068 0.962473691 -0.249089599 0.198374391 0.537951648 0.267116249 0.799535453 0.258342028
0.809335768 -0.047661308 -0.585409224 -0.059558116 -0.118968397 0.962739408 -0.242857084 0.196317151 0.575171351 0.266198069 0.773509204 0.266741633
0.782582104 -0.043381993 -0.621033907 -0.076237932 -0.132826805 0.962963343 -0.234646022 0.192605913 0.608212233 0.266119778 0.747835517 0.275259793
0.753199637 -0.038090352 -0.656688154 -0.090911575 -0.148722261 0.962610006 -0.226414502 0.189903364 0.640758872 0.268199414 0.719372749 0.279843897
0.710286796 -0.037936252 -0.702889442 -0.094558299 -0.163218111 0.962456405 -0.216881424 0.186818048 0.684728086 0.268772274 0.677428186 0.288714290
0.673982263 -0.040587418 -0.737631798 -0.111575961 -0.169266775 0.963442028 -0.207673311 0.183612466 0.719094396 0.264824688 0.642472744 0.294560432
0.635700524 -0.046702936 -0.770521700 -0.130021855 -0.174025446 0.963801682 -0.201993614 0.182036296 0.752063751 0.262497842 0.604561865 0.300946683
0.579868913 -0.046198759 -0.813398838 -0.136599183 -0.185607895 0.964645088 -0.187108323 0.178561896 0.793285310 0.259471565 0.550792933 0.311358899
0.539805055 -0.046892632 -0.840482950 -0.160369456 -0.190528437 0.965730488 -0.176248521 0.175913677 0.819944739 0.255275726 0.512371838 0.315984607
0.479395449 -0.044702291 -0.876459777 -0.170108393 -0.203237042 0.965897202 -0.160428047 0.173365384 0.853741586 0.255037546 0.453961551 0.323528439
0.435962081 -0.045435876 -0.898817420 -0.195468754 -0.203076884 0.967999578 -0.147433430 0.169516996 0.876753628 0.246804416 0.412784159 0.325807363
0.370401919 -0.041035313 -0.927964747 -0.209119588 -0.220306396 0.966637075 -0.130681857 0.168632507 0.902367711 0.252841353 0.349003911 0.333734632
0.314227194 -0.039059743 -0.948543847 -0.230171606 -0.228469506 0.966676295 -0.115492247 0.166587904 0.921446025 0.253004164 0.294832021 0.337620884
0.258345425 -0.035772670 -0.965390205 -0.252735734 -0.233331844 0.967416883 -0.098289058 0.164358124 0.937450886 0.250648737 0.241580769 0.340831220
0.203815594 -0.033864107 -0.978423357 -0.276147246 -0.235378042 0.968391895 -0.082548566 0.162431046 0.950292766 0.247124076 0.189402550 0.343439430
0.152673721 -0.033423964 -0.987711251 -0.300977945 -0.238741174 0.968580186 -0.069679551 0.160866112 0.959006429 0.246445566 0.139897034 0.344582379
0.110806175 -0.034393314 -0.993246675 -0.328888416 -0.244919792 0.967633188 -0.060829543 0.161092073 0.963190675 0.250006080 0.098796099 0.343344122
0.062207691 -0.032108810 -0.997546613 -0.354287416 -0.249542624 0.967237294 -0.046694890 0.158544540 0.966363668 0.251835138 0.052157097 0.344045877
0.024368428 -0.033645403 -0.999136686 -0.382214367 -0.253006458 0.966689289 -0.038723450 0.157846943 0.967157662 0.253731668 0.015044195 0.342486888
-0.010282247 -0.036343452 -0.999286473 -0.411210418 -0.254275739 0.966584384 -0.032537695 0.157061964 0.967077076 0.253759772 -0.019179918 0.340601891
-0.041278154 -0.039809696 -0.998354375 -0.440836668 -0.255181670 0.966488004 -0.027988225 0.156658471 0.966011584 0.253606439 -0.050053544 0.337777644
-0.067980997 -0.041185301 -0.996836126 -0.472695768 -0.257337183 0.966062844 -0.022364298 0.155927688 0.963927388 0.255002677 -0.076272435 0.333948135
-0.087910220 -0.043989036 -0.995156765 -0.504132986 -0.258820772 0.965721846 -0.019824205 0.156095207 0.961916625 0.255824447 -0.096282110 0.329627872
-0.105001725 -0.044627573 -0.993470192 -0.538464367 -0.258273900 0.965937674 -0.016093336 0.155768111 0.960348427 0.254897624 -0.112951271 0.325260818
-0.117468104 -0.043899447 -0.992105901 -0.571405768 -0.257330984 0.966245234 -0.012286441 0.155385613 0.959156871 0.253856331 -0.124799676 0.320259631
-0.127329677 -0.043180112 -0.990920007 -0.608533084 -0.259318709 0.965752065 -0.008761873 0.154948592 0.957361460 0.255848467 -0.134166300 0.314514220
-0.133730218 -0.041691348 -0.990140378 -0.644664705 -0.261559010 0.965172887 -0.005313399 0.154193968 0.955878139 0.258269608 -0.139977530 0.308490068
-0.138448954 -0.040603302 -0.989536881 -0.681493759 -0.261154711 0.965292037 -0.003069564 0.153451607 0.955316782 0.257997215 -0.144247413 0.302849293
-0.139665112 -0.039499689 -0.989410639 -0.719307899 -0.259328365 0.965787172 -0.001949820 0.153146759 0.955637276 0.256309956 -0.145130172 0.297025084
-0.138972044 -0.037445139 -0.989588082 -0.759569526 -0.256822318 0.966458440 -0.000503278 0.152771786 0.956414700 0.254078418 -0.143927485 0.291188002
-0.137503967 -0.034912229 -0.989885747 -0.799449146 -0.256972998 0.966417253 0.001611328 0.152014896 0.956586480 0.254595518 -0.141857713 0.285211235
-0.135528013 -0.035324235 -0.990143597 -0.842352629 -0.259561032 0.965726078 0.001074862 0.152010977 0.956169486 0.257148415 -0.140051752 0.278512090
-0.133345366 -0.037927039 -0.990343690 -0.884393215 -0.261312485 0.965252638 -0.001781564 0.151658222 0.955999374 0.258551568 -0.138622776 0.272135884
-0.132670581 -0.038038239 -0.990429997 -0.928725004 -0.261613101 0.965170681 -0.002024396 0.151353791 0.956010997 0.258840948 -0.138001084 0.265945256
-0.130396262 -0.035145059 -0.990838826 -0.973476291 -0.261365771 0.965239763 0.000159172 0.151065856 0.956391513 0.258992195 -0.135049388 0.259537131
-0.129011005 -0.032099262 -0.991123497 -1.019453287 -0.261805683 0.965116441 0.002821326 0.151004180 0.956459045 0.259845704 -0.132914379 0.253074467
-0.127127305 -0.029693248 -0.991441905 -1.066876292 -0.262373358 0.964954793 0.004742769 0.150363982 0.956555605 0.260730863 -0.130462810 0.245979354
-0.125246599 -0.030679723 -0.991651177 -1.113156676 -0.264530092 0.964370787 0.003574712 0.149841905 0.956209719 0.262769341 -0.128899887 0.239795849
-0.123289734 -0.033839688 -0.991793633 -1.161925197 -0.266283512 0.963894784 0.000213889 0.149865538 0.955977380 0.264124691 -0.127849281 0.232927203
-0.121857800 -0.034457512 -0.991949260 -1.210553288 -0.267322272 0.963606894 -0.000633301 0.149299398 0.955871046 0.265092939 -0.126634315 0.226564258
-0.121286921 -0.032153778 -0.992096543 -1.260457277 -0.264808089 0.964300394 0.001120719 0.148708001 0.956643164 0.262851179 -0.125471622 0.220866889
-0.119688332 -0.029771563 -0.992364943 -1.310542583 -0.262518108 0.964923263 0.002713806 0.148105770 0.957475305 0.260838598 -0.123305626 0.213907540
-0.118651338 -0.027974790 -0.992541730 -1.361531734 -0.261420012 0.965216637 0.004046277 0.147566721 0.957904756 0.259950429 -0.121837407 0.207572863
-0.117778257 -0.032610845 -0.992504299 -1.412646532 -0.261604637 0.965174794 -0.000668834 0.147015303 0.957962036 0.259564996 -0.122207776 0.200552329
-0.117480621 -0.039407365 -0.992293000 -1.463781714 -0.260554850 0.965429902 -0.007492645 0.146104783 0.958284616 0.257666528 -0.123687081 0.193587378
-0.117871664 -0.043794986 -0.992062628 -1.515446544 -0.256884694 0.966365755 -0.012138899 0.145399347 0.959227026 0.253414869 -0.125157401 0.187311962
-0.118590072 -0.043240301 -0.992001355 -1.568800926 -0.256390721 0.966505051 -0.011478381 0.144563764 0.959270597 0.252978742 -0.125704333 0.180661157
-0.118476301 -0.035368845 -0.992326796 -1.622705460 -0.256382644 0.966567755 -0.003840586 0.143300578 0.959286869 0.253960311 -0.123583339 0.172957227
-0.118781179 -0.028681006 -0.992506146 -1.677623630 -0.257791758 0.966196060 0.002931290 0.142984331 0.958871424 0.256208003 -0.122159645 0.165668428
-0.119080842 -0.023441339 -0.992607772 -1.729382992 -0.260178983 0.965523779 0.008411351 0.141987324 0.958189189 0.259257376 -0.121074326 0.158992335
-0.119383000 -0.023274524 -0.992575467 -1.782656431 -0.261356771 0.965202153 0.008802282 0.141553029 0.957831085 0.260467142 -0.121311687 0.151602343
-0.119781569 -0.027227281 -0.992426872 -1.836997151 -0.260636955 0.965424120 0.004971285 0.141736493 0.957977355 0.259258628 -0.122736439 0.144576117
-0.119908735 -0.029408256 -0.992349267 -1.889213562 -0.261593610 0.965173423 0.003006292 0.140648484 0.957700729 0.259952694 -0.123425722 0.137218803
-0.119400054 -0.028202932 -0.992445588 -1.943810105 -0.263653278 0.964607835 0.004307990 0.140152171 0.957199335 0.262175918 -0.122610025 0.129100904
-0.119373187 -0.025945518 -0.992510378 -1.997814655 -0.263684511 0.964587092 0.006498821 0.139914781 0.957194209 0.262485385 -0.121987276 0.121391416
-0.119450130 -0.027358243 -0.992463171 -2.049200296 -0.265142292 0.964194536 0.005332800 0.138511464 0.956781685 0.263780951 -0.122426979 0.115224764
-0.119133472 -0.032388698 -0.992349863 -2.101356983 -0.265974045 0.963980079 0.000467930 0.137869492 0.956590295 0.263995051 -0.123456843 0.108358651
-0.118539795 -0.036855578 -0.992265105 -2.155251980 -0.267232209 0.963624358 -0.003867191 0.137639523 0.956313312 0.264706761 -0.124076828 0.100398034
-0.118079923 -0.036028158 -0.992350280 -2.206187248 -0.266773373 0.963753819 -0.003246548 0.136577606 0.956498384 0.264349222 -0.123411320 0.094156682
-0.117888898 -0.033607554 -0.992457986 -2.259113789 -0.266189963 0.963920116 -0.001021863 0.135615841 0.956684411 0.264061809 -0.122581474 0.087506801
-0.117505036 -0.028652057 -0.992658794 -2.312016964 -0.265456229 0.964116216 0.003594921 0.134962916 0.956935525 0.263929844 -0.120894380 0.080522656
-0.116611883 -0.022954341 -0.992912292 -2.366300344 -0.265266091 0.964134455 0.008864939 0.134135619 0.957097471 0.264419734 -0.118518546 0.073408961
-0.116605140 -0.019997817 -0.992977083 -2.419750214 -0.265370697 0.964074969 0.011746684 0.133698940 0.957069337 0.264876693 -0.117722914 0.065663368
-0.116615400 -0.020015348 -0.992975473 -2.473024130 -0.265283316 0.964099228 0.011721689 0.133350462 0.957092285 0.264786810 -0.117738567 0.059073448
-0.116689995 -0.024648272 -0.992862463 -2.525381088 -0.264821559 0.964270592 0.007185697 0.133305833 0.957211077 0.263769805 -0.119048119 0.053217560
-0.115792364 -0.028946735 -0.992851496 -2.577430487 -0.266305536 0.963884115 0.002955977 0.132913351 0.956908286 0.264744133 -0.119319081 0.046025902
-0.115510412 -0.031689290 -0.992800653 -2.629410028 -0.269599587 0.962972283 0.000630185 0.132423818 0.956019521 0.267731428 -0.119776733 0.038522243
-0.116042651 -0.033322223 -0.992685080 -2.683090687 -0.273044258 0.962001383 -0.000373979 0.131288603 0.954976916 0.271003574 -0.120731637 0.031670541
-0.116925374 -0.035578579 -0.992503166 -2.734354258 -0.270546854 0.962703168 -0.002637593 0.130675495 0.955579817 0.268210232 -0.122190118 0.025205165
-0.118754521 -0.039050281 -0.992155433 -2.786267519 -0.267038673 0.963667452 -0.005966236 0.129627928 0.956340730 0.264235377 -0.124867789 0.018651128
-0.119470946 -0.040287793 -0.992019951 -2.839876175 -0.262839586 0.964810193 -0.007528465 0.128478110 0.957414389 0.259842634 -0.125855997 0.011493474
-0.120862678 -0.036161974 -0.992010415 -2.891242266 -0.263195872 0.964737535 -0.003101026 0.126991495 0.957141697 0.260718197 -0.126118422 0.004188478
-0.122683242 -0.030681338 -0.991971552 -2.944141865 -0.260733008 0.965408027 0.002386719 0.126853496 0.957584023 0.258932501 -0.126439035 -0.003008485
-0.124910437 -0.026632249 -0.991810501 -2.996361494 -0.259013861 0.965850413 0.006685513 0.125651687 0.957762599 0.257727712 -0.127542928 -0.009809673
-0.126520321 -0.027565844 -0.991580904 -3.047855616 -0.258935064 0.965874970 0.006187485 0.124941416 0.957572520 0.257537961 -0.129340574 -0.016939700
-0.126750097 -0.031508185 -0.991434216 -3.098965883 -0.262619019 0.964895248 0.002909813 0.124263324 0.956538320 0.260738313 -0.130575195 -0.025298595
-0.128193989 -0.035390984 -0.991117418 -3.149577856 -0.266909391 0.963721573 0.000110098 0.123751238 0.955157399 0.264552623 -0.132989541 -0.032657743
-0.129438505 -0.037159588 -0.990890920 -3.200468779 -0.270699114 0.962663710 -0.000740043 0.123279229 0.953922212 0.268137515 -0.134664834 -0.040538996
-0.129852161 -0.036031287 -0.990878403 -3.251027107 -0.272499323 0.962155759 0.000723521 0.122508846 0.953353345 0.270107687 -0.134756505 -0.048950911
-0.131042734 -0.034400187 -0.990779698 -3.301601410 -0.272486567 0.962155998 0.002633324 0.121543206 0.953194022 0.270319223 -0.135457143 -0.055983245
-0.131702200 -0.034879010 -0.990675449 -3.351156235 -0.274105191 0.961696267 0.002581307 0.120950036 0.952638805 0.271889240 -0.136218026 -0.063415021
-0.131871715 -0.035313018 -0.990637541 -3.402220249 -0.275284678 0.961359918 0.002375991 0.120825104 0.952275217 0.273020655 -0.136497304 -0.071958542
-0.133526400 -0.033139400 -0.990491033 -3.448554039 -0.273135781 0.961964309 0.004636001 0.119235963 0.952663422 0.271157503 -0.137499213 -0.076893926
-0.133879989 -0.030979577 -0.990513206 -3.499536276 -0.271724522 0.962352335 0.006628084 0.119577534 0.953017354 0.270034075 -0.137257606 -0.084321052
-0.134582564 -0.026433855 -0.990549743 -3.547677279 -0.272026688 0.962223530 0.011281381 0.118923873 0.952832103 0.270974189 -0.136689231 -0.090876132
-0.135009989 -0.024247212 -0.990547478 -3.594959021 -0.271534711 0.962334633 0.013453132 0.118537426 0.952911973 0.270784318 -0.136508748 -0.098154247
-0.135640323 -0.024328902 -0.990459383 -3.644085646 -0.271917552 0.962224424 0.013602903 0.118052594 0.952713192 0.271168411 -0.137131885 -0.105419189
-0.135791585 -0.026592774 -0.990380526 -3.690906286 -0.271098346 0.962485075 0.011326683 0.118171707 0.952925205 0.270028532 -0.137906626 -0.112665653
-0.135982364 -0.029432064 -0.990274072 -3.737876415 -0.270761937 0.962608218 0.008570673 0.117068678 0.952993512 0.269294024 -0.138866842 -0.120345771
-0.135820791 -0.033216830 -0.990176439 -3.784075737 -0.271461099 0.962436616 0.004949584 0.117552325 0.952817857 0.269466579 -0.139735982 -0.126080364
-0.134833455 -0.035766836 -0.990222573 -3.828873634 -0.272403777 0.962180257 0.002337875 0.117021620 0.952688932 0.270055622 -0.139477104 -0.132365912
-0.131749019 -0.036660917 -0.990604937 -3.873737335 -0.274136871 0.961690247 0.000868990 0.116584487 0.952623248 0.271675855 -0.136751875 -0.140205801
-0.127496645 -0.035527442 -0.991202533 -3.916970015 -0.274571329 0.961566329 0.000852431 0.115432113 0.953076661 0.272264481 -0.132351324 -0.146533817
-0.122379571 -0.033831611 -0.991906583 -3.958092690 -0.273234874 0.961946905 0.000901446 0.114527464 0.954130948 0.271133810 -0.126966611 -0.151390940
-0.115569606 -0.032089755 -0.992780924 -3.999132633 -0.271874696 0.962332487 0.000543349 0.113190681 0.955367923 0.269974738 -0.119940780 -0.156519234
-0.107190154 -0.031206688 -0.993748665 -4.038058281 -0.272746623 0.962085545 -0.000792701 0.112328723 0.956096053 0.270956665 -0.111637622 -0.160442114
-0.095329896 -0.029329453 -0.995013595 -4.077933788 -0.274508536 0.961582541 -0.002044013 0.111092806 0.956847668 0.272944868 -0.099718757 -0.164673671
-0.080721587 -0.027628509 -0.996353686 -4.115495682 -0.276590258 0.960978627 -0.004239056 0.109295473 0.957591712 0.275239617 -0.085213490 -0.168094367
-0.061099716 -0.027337881 -0.997757196 -4.152863503 -0.277636915 0.960640848 -0.009319246 0.110165924 0.958741128 0.276444823 -0.066284902 -0.171514183
-0.038998477 -0.026270799 -0.998893797 -4.188678741 -0.277732790 0.960550189 -0.014419213 0.108689561 0.959866405 0.276863277 -0.044756256 -0.173077404
-0.013667196 -0.026185630 -0.999563694 -4.222039223 -0.275649428 0.961019874 -0.021406896 0.107000843 0.961161077 0.275236577 -0.020352494 -0.172752455
0.015002687 -0.027040003 -0.999521732 -4.254663467 -0.272897005 0.961571872 -0.030109499 0.105485827 0.961926281 0.273218185 0.007047027 -0.170506835
0.049140275 -0.026854681 -0.998430729 -4.286673069 -0.269286364 0.962264657 -0.039135523 0.103089646 0.961805582 0.270786911 0.040054351 -0.168685138
0.087025344 -0.026069826 -0.995864868 -4.316723824 -0.265932083 0.962773919 -0.048442487 0.100285202 0.960055590 0.269048154 0.076852925 -0.165443182
0.128413260 -0.025882760 -0.991382957 -4.345392704 -0.262094259 0.963231146 -0.059096694 0.097221226 0.956460416 0.267424524 0.116907939 -0.161283135
0.173991174 -0.024985887 -0.984430194 -4.373599529 -0.256684542 0.963969052 -0.069833763 0.094449073 0.950705051 0.264838457 0.161308601 -0.155482531
0.221535534 -0.026473572 -0.974792898 -4.400042534 -0.247794956 0.965290844 -0.082530424 0.090941876 0.943143487 0.259832174 0.207286179 -0.147766948
0.271905810 -0.031001527 -0.961824417 -4.425750732 -0.234235883 0.967288792 -0.097395658 0.086998731 0.933381379 0.251776218 0.255749762 -0.139027715
0.323666841 -0.036258969 -0.945476174 -4.451313019 -0.221997082 0.968461275 -0.113137186 0.082954466 0.919759214 0.246511713 0.305409431 -0.128350854
0.375381291 -0.040799215 -0.925972044 -4.475579739 -0.208884925 0.969605923 -0.127402008 0.078361332 0.903025925 0.241245970 0.355449706 -0.115867734
0.426751584 -0.041109439 -0.903434038 -4.498730659 -0.199983686 0.969946384 -0.138601512 0.073619187 0.881980479 0.239820510 0.405705005 -0.102845430
0.475804776 -0.042348690 -0.878530860 -4.523312569 -0.189819708 0.970357776 -0.149579808 0.069051564 0.858823836 0.237933218 0.453662157 -0.087904453
0.521828651 -0.046449095 -0.851784825 -4.546440601 -0.172857925 0.972043931 -0.158904910 0.063839912 0.835353136 0.230158895 0.499211311 -0.071802974
0.565424204 -0.052475125 -0.823129237 -4.566756725 -0.152523637 0.974110007 -0.166871861 0.057798266 0.810575128 0.219900042 0.542781770 -0.054164171
0.609122932 -0.058220711 -0.790935934 -4.587524414 -0.140052080 0.973731339 -0.179534480 0.052447438 0.780611813 0.220130786 0.584968090 -0.036118984
0.651530206 -0.062205404 -0.756067991 -4.606410503 -0.132341012 0.972030580 -0.194016531 0.045964658 0.746990144 0.226466388 0.625074863 -0.017593145
0.693847597 -0.069901988 -0.716721237 -4.625784397 -0.123268098 0.969058633 -0.213846564 0.040005744 0.709493220 0.236725777 0.663762212 0.002754688
0.734845281 -0.072085515 -0.674393117 -4.643707275 -0.115109757 0.966654897 -0.228753284 0.032896101 0.668395221 0.245727494 0.702044070 0.024173737
0.773628056 -0.072842650 -0.629438937 -4.661116123 -0.103170335 0.965633571 -0.238553345 0.025354266 0.625184178 0.249490991 0.739526153 0.047826052
0.809532106 -0.074349947 -0.582348526 -4.678397179 -0.088671386 0.965083361 -0.246478274 0.017316639 0.580340505 0.251169741 0.774673223 0.073871613
0.842217445 -0.073221885 -0.534142494 -4.694560528 -0.077077918 0.964204550 -0.253709882 0.008781731 0.533599734 0.254849523 0.806426048 0.101697683
0.870147824 -0.071769208 -0.487536579 -4.710109711 -0.064293601 0.964347601 -0.256709814 -0.000666022 0.488578558 0.254720926 0.834510744 0.130618334
0.893471837 -0.065349415 -0.444339305 -4.725183487 -0.058138654 0.964203656 -0.258710861 -0.010568321 0.445340157 0.256984174 0.857689559 0.162281871
0.913175523 -0.060712248 -0.403019220 -4.739413261 -0.051943384 0.963442504 -0.262831628 -0.020071387 0.404242933 0.260945588 0.876638472 0.194292188
0.928395152 -0.056221370 -0.367316812 -4.753351688 -0.045788739 0.963646829 -0.263226599 -0.030258954 0.368762672 0.261197299 0.892070651 0.229048848
0.939598918 -0.055358876 -0.337771028 -4.765763760 -0.037472911 0.964264274 -0.262278616 -0.041476816 0.340219945 0.259093940 0.903947294 0.264866948
0.947819889 -0.055722725 -0.313898891 -4.777770996 -0.029957300 0.964682996 -0.261704922 -0.052569389 0.317395777 0.257452726 0.912676275 0.302261114
0.954519808 -0.055004731 -0.293029755 -4.789880753 -0.024244534 0.965260029 -0.260163873 -0.064241618 0.297160149 0.255435944 0.920026243 0.342158675
0.960015893 -0.052938730 -0.274894327 -4.802174091 -0.020677177 0.965865850 -0.258216083 -0.075777382 0.279180676 0.253575593 0.926151931 0.382876039
0.964411557 -0.047506548 -0.260102838 -4.813441753 -0.021610547 0.966272652 -0.256612897 -0.087851882 0.263521045 0.253101408 0.930857837 0.424059629
0.968169868 -0.043248534 -0.246529400 -4.825416088 -0.021867268 0.966576755 -0.255443245 -0.100110471 0.249337122 0.252703369 0.934864759 0.466462851
0.971126974 -0.045163780 -0.234248698 -4.835106850 -0.016724264 0.966611743 -0.255699217 -0.112650126 0.237975895 0.252234071 0.937947452 0.509960890
0.974165976 -0.045616504 -0.221177697 -4.844819069 -0.012811256 0.966647148 -0.255791366 -0.125446320 0.225469083 0.252016872 0.941090405 0.554532290
0.977466106 -0.044718169 -0.206301466 -4.855147362 -0.009711221 0.966743171 -0.255564630 -0.138002753 0.210868940 0.251809210 0.944524467 0.600310922
0.980467498 -0.043405391 -0.191832244 -4.865091801 -0.007129550 0.966859758 -0.255208492 -0.150856555 0.196552262 0.251591325 0.947665036 0.647252381
0.982856929 -0.042957149 -0.179295734 -4.874122620 -0.004737918 0.966272116 -0.257479578 -0.164957792 0.184309065 0.253915071 0.949503720 0.695043325
0.984873772 -0.042451274 -0.167993188 -4.882745743 -0.003208283 0.964890420 -0.262633175 -0.178636760 0.173244148 0.259199440 0.950159013 0.743116260
0.986388206 -0.044453844 -0.158310205 -4.890639782 0.000389343 0.963391960 -0.268096566 -0.193104327 0.164432719 0.264385730 0.950295746 0.793009460
0.987494051 -0.045148194 -0.151053548 -4.897759438 0.003019245 0.963358760 -0.268199086 -0.207269907 0.157627463 0.264388919 0.951447427 0.843148530
0.988690317 -0.042473014 -0.143831566 -4.907048702 0.003279836 0.964952946 -0.262402385 -0.222029895 0.149935648 0.258962959 0.954178929 0.895053327
0.989602447 -0.037584580 -0.138832062 -4.915957928 0.000966009 0.966969132 -0.254891843 -0.236933365 0.143826291 0.252107531 0.956951261 0.946890831
0.990115821 -0.036881447 -0.135315821 -4.922718048 0.001826828 0.968114734 -0.250500619 -0.251958191 0.140240058 0.247777417 0.958613098 0.998217523
0.990597010 -0.037850846 -0.131471798 -4.930711746 0.003628506 0.967897594 -0.251318932 -0.266689539 0.136763871 0.248478711 0.958933771 1.049712658
0.990958631 -0.038055453 -0.128657728 -4.937128067 0.004411733 0.967654526 -0.252240419 -0.280853450 0.134095371 0.249392211 0.959073365 1.100421429
0.991238773 -0.039364446 -0.126079634 -4.943805218 0.006654689 0.968228221 -0.249979973 -0.295197308 0.131914154 0.246950835 0.960007250 1.151527643
0.991490602 -0.040752869 -0.123635173 -4.950535297 0.008925462 0.968781888 -0.247754127 -0.309706151 0.129872188 0.244542405 0.960901856 1.202835321
0.991676152 -0.043774620 -0.121087708 -4.956752777 0.012756595 0.969209373 -0.245907366 -0.323875755 0.128123850 0.242315814 0.961700141 1.254967213
0.991966426 -0.045105271 -0.118187241 -4.963771343 0.014297681 0.968262315 -0.249527067 -0.338031948 0.125691235 0.245832682 0.961128473 1.305876017
0.992316544 -0.042521890 -0.116188630 -4.969588280 0.011402633 0.966520548 -0.256335407 -0.352137476 0.123198584 0.253040999 0.959579170 1.356157541
0.992582917 -0.041766420 -0.114169784 -4.976148129 0.010251922 0.964542866 -0.263726711 -0.366751671 0.121136591 0.260600179 0.957817018 1.406664371
0.992792904 -0.041489832 -0.112431265 -4.982420444 0.009942308 0.963440001 -0.267739743 -0.381044030 0.119429253 0.264692217 0.956908882 1.457123041
0.993126750 -0.039951731 -0.110014170 -4.989063263 0.009322138 0.963953674 -0.265907079 -0.396061301 0.116671994 0.263053864 0.957700551 1.507647276
0.993451595 -0.036334544 -0.108322248 -4.994762897 0.006731481 0.965052068 -0.261971474 -0.411048204 0.114055216 0.259526789 0.958977163 1.558189511
0.993800938 -0.032611664 -0.106283881 -5.000886917 0.004243684 0.966439843 -0.256857723 -0.425826907 0.111093536 0.254814386 0.960587204 1.608573079
0.993996382 -0.034823906 -0.103722736 -5.006718636 0.007225575 0.966820002 -0.255356371 -0.440197527 0.109173715 0.253073841 0.961267233 1.659496546
0.994005561 -0.037545063 -0.102680512 -5.012080193 0.010152198 0.966824532 -0.255239725 -0.454830974 0.108857021 0.252667278 0.961410105 1.709946394
0.994123518 -0.039136857 -0.100928985 -5.018116951 0.012150303 0.966807246 -0.255218029 -0.469769806 0.107567281 0.252491921 0.961601377 1.760733485
0.994124472 -0.039955743 -0.100597821 -5.022670746 0.012855547 0.966381788 -0.256789774 -0.483483672 0.107476123 0.253987789 0.961217523 1.809895515
0.994085252 -0.042117205 -0.100102276 -5.027955532 0.014946728 0.966025174 -0.258015662 -0.497584432 0.107568190 0.254993409 0.960940957 1.860604882
0.994175971 -0.042860176 -0.098879091 -5.033795834 0.015964154 0.965960920 -0.258194894 -0.512303650 0.106579609 0.255112708 0.961019516 1.911651015
0.994366288 -0.039183944 -0.098489754 -5.038968563 0.012650448 0.966393232 -0.256756842 -0.527081549 0.105240569 0.254064411 0.961444557 1.963452101
0.994392157 -0.039528694 -0.098090194 -5.045300961 0.013016146 0.966212988 -0.257415950 -0.541512012 0.104951337 0.254695624 0.961309075 2.014100313
0.994224012 -0.039919071 -0.099624433 -5.050693512 0.012995268 0.966200709 -0.257463187 -0.556314051 0.106534898 0.254681408 0.961138725 2.065422773
0.993978143 -0.041298792 -0.101498105 -5.056723595 0.013842897 0.966163218 -0.257559806 -0.571141720 0.108700663 0.254603773 0.960916817 2.120782852
0.993663788 -0.040796552 -0.104727946 -5.063116550 0.012506618 0.966145039 -0.257696390 -0.586345136 0.111695506 0.254753739 0.960533559 2.173414707
0.993584156 -0.036631282 -0.106998704 -5.070537090 0.007827861 0.966097951 -0.258056968 -0.601867557 0.112824202 0.255563766 0.960186422 2.227151871
0.993314087 -0.035937715 -0.109707050 -5.076426983 0.005862802 0.964788616 -0.262961179 -0.617027640 0.115294337 0.260559857 0.958548784 2.281669140
0.993122041 -0.035183877 -0.111672066 -5.083981514 0.004162169 0.963787258 -0.266639888 -0.632447600 0.117009550 0.264341205 0.957304835 2.336028576
0.992982447 -0.035155650 -0.112914987 -5.091624260 0.003655707 0.963461578 -0.267821491 -0.647856832 0.118204698 0.265529305 0.956829071 2.389170647
0.992616057 -0.035751041 -0.115909845 -5.097533703 0.003586603 0.963811159 -0.266561747 -0.664875805 0.121245064 0.264177680 0.956822753 2.446489334
0.992274046 -0.037314169 -0.118320473 -5.104162693 0.004526838 0.963953078 -0.266033769 -0.680836260 0.123982199 0.263442785 0.956674576 2.500644445
0.992027640 -0.038105302 -0.120121464 -5.111643791 0.005035683 0.964414477 -0.264347166 -0.697022200 0.125919893 0.261634767 0.956917644 2.555739880
0.991903901 -0.037265234 -0.121400133 -5.118793011 0.004343428 0.965371132 -0.260844141 -0.713020444 0.126916602 0.258205026 0.957717240 2.613701820
0.991713524 -0.037660670 -0.122824669 -5.125859261 0.004972099 0.966601729 -0.256234884 -0.729178488 0.128372520 0.253500968 0.958779275 2.669859886
0.991764188 -0.038277917 -0.122222908 -5.133055210 0.006008285 0.967148960 -0.254139304 -0.745588005 0.127935693 0.251311958 0.959413707 2.726840019
0.992148876 -0.034829751 -0.120114356 -5.141558170 0.003260858 0.967314363 -0.253558964 -0.762365460 0.125019744 0.251176536 0.959833503 2.785987616
0.992476761 -0.034551669 -0.117456183 -5.149471283 0.003502464 0.966972649 -0.254855990 -0.778319836 0.122382604 0.252527207 0.959818959 2.843462467
0.992473245 -0.037892099 -0.116451316 -5.155953407 0.006703699 0.966309905 -0.257294387 -0.794309139 0.122277468 0.254577130 0.959290743 2.900729179
0.992549896 -0.040972192 -0.114744022 -5.162938595 0.009985653 0.965949237 -0.258538961 -0.811434746 0.121429823 0.255466998 0.959161818 2.959938049
0.992721319 -0.042188101 -0.112803005 -5.170094013 0.011595416 0.965767562 -0.259149879 -0.827391863 0.119874507 0.255955607 0.959227145 3.018009186
0.992762387 -0.044411488 -0.111581683 -5.177408218 0.014398762 0.966424882 -0.256545812 -0.844140470 0.119228899 0.253082365 0.960069656 3.075954199
0.992648959 -0.046904664 -0.111570641 -5.183676243 0.017157402 0.967075229 -0.253911495 -0.861625433 0.119806841 0.250130683 0.960771024 3.137326002
0.992729962 -0.048182044 -0.110298596 -5.191741943 0.018678812 0.966950417 -0.254279137 -0.877188802 0.118904963 0.250370294 0.960820675 3.194254637
0.993049443 -0.045742124 -0.108445816 -5.199832916 0.016493157 0.966380417 -0.256586879 -0.895051420 0.116536736 0.253014803 0.960417986 3.252556086
0.993160129 -0.043426260 -0.108383894 -5.204926491 0.013556653 0.964871705 -0.262371480 -0.911594748 0.115970366 0.259107590 0.958860874 3.312046528
0.993293464 -0.042591035 -0.107489899 -5.211775780 0.012387119 0.963529527 -0.267315090 -0.928692937 0.114954941 0.264190853 0.957595170 3.369581223
0.993588924 -0.037842654 -0.106530949 -5.218272686 0.007357637 0.961959958 -0.273091137 -0.945653260 0.112812996 0.270556509 0.956071377 3.426313162
0.993723810 -0.037726115 -0.105307937 -5.225441456 0.007517568 0.961807072 -0.273624808 -0.963332534 0.111608736 0.271115750 0.956054151 3.484218836
0.993644536 -0.040275682 -0.105112456 -5.231951714 0.010641451 0.963225961 -0.268481672 -0.979683161 0.112060338 0.265656710 0.957532704 3.541664839
0.993478298 -0.040598430 -0.106548272 -5.238032341 0.011622269 0.965652466 -0.259577155 -0.996635914 0.113427028 0.256645918 0.959826589 3.598709345
0.993346214 -0.041279078 -0.107514195 -5.245745182 0.012969354 0.967713594 -0.251718163 -1.014322400 0.114433639 0.248648867 0.961810112 3.656345367
0.993027985 -0.043767750 -0.109452389 -5.252998352 0.014545229 0.966914713 -0.254684836 -1.030384421 0.116978109 0.251317143 0.960809946 3.714173317
0.992564619 -0.048049852 -0.111832976 -5.258054256 0.017732121 0.966063261 -0.257696092 -1.046181321 0.120419987 0.253796965 0.959732354 3.768792629
0.992130756 -0.050371811 -0.114626363 -5.264832497 0.019119961 0.965718031 -0.258888572 -1.062413216 0.123737432 0.254659683 0.959081590 3.824039698
0.991961360 -0.048460327 -0.116894528 -5.272121429 0.016369401 0.965144515 -0.261204809 -1.078505158 0.125478178 0.257191539 0.958179355 3.878997326
0.991663635 -0.046618793 -0.120124839 -5.279604435 0.013280675 0.964271009 -0.264584571 -1.094375134 0.128167525 0.260783553 0.956851542 3.933282852
0.991277814 -0.045785770 -0.123580180 -5.287211418 0.011115541 0.963416278 -0.267778903 -1.110444665 0.131319627 0.264069617 0.955521941 3.987718821
0.991021097 -0.043782957 -0.126334190 -5.295197964 0.007882331 0.962353826 -0.271685272 -1.126894236 0.133473411 0.268250018 0.954058051 4.041782379
0.990743041 -0.039438885 -0.129895523 -5.302769184 0.002666705 0.962337255 -0.271845400 -1.143103719 0.135724574 0.268982470 0.953534067 4.094964504
0.990357578 -0.036126468 -0.133741975 -5.310980320 -0.001390756 0.962758482 -0.270359516 -1.159162760 0.138528347 0.267938524 0.953424811 4.149088383
0.989917874 -0.033078246 -0.137726009 -5.319551945 -0.004579642 0.964365900 -0.264532477 -1.175341606 0.141568542 0.262496114 0.954491556 4.202499866
0.989436686 -0.031557892 -0.141488895 -5.328300476 -0.006303998 0.965727508 -0.259481341 -1.191049814 0.144828409 0.257632315 0.955327272 4.256374359
0.988566935 -0.033032682 -0.147119731 -5.336503983 -0.005773155 0.966700554 -0.255845100 -1.206896782 0.150671974 0.253769308 0.955457509 4.309231281
0.987619042 -0.033380914 -0.153278619 -5.345769882 -0.006887101 0.966929018 -0.254952788 -1.222155333 0.156720102 0.252851874 0.954727590 4.361895561
0.986583769 -0.035257645 -0.159402654 -5.354561329 -0.006043807 0.967843592 -0.251480132 -1.237068653 0.163143411 0.249069631 0.954645753 4.414071083
0.985597551 -0.033598766 -0.165736303 -5.363873005 -0.009411550 0.967646599 -0.252133787 -1.251731873 0.168845564 0.250062287 0.953393877 4.466267109
0.984673142 -0.030159842 -0.171782285 -5.374213696 -0.014480484 0.967397213 -0.252849698 -1.266499639 0.173807606 0.251461774 0.952133477 4.517209053
0.983801663 -0.028555151 -0.176971480 -5.384799957 -0.018071707 0.966402888 -0.256395876 -1.281078339 0.178347185 0.255440831 0.950232685 4.567524910
0.982631564 -0.029482653 -0.183210343 -5.394937992 -0.019408129 0.965555191 -0.259473234 -1.295705080 0.184549674 0.258522302 0.948212862 4.619200230
0.981595457 -0.029034417 -0.188752502 -5.405084133 -0.021489963 0.965304017 -0.260242850 -1.310572863 0.189759538 0.259509444 0.946914077 4.669237137
0.980782390 -0.026180413 -0.193340480 -5.416801453 -0.024608264 0.966442823 -0.255700320 -1.325616002 0.193546847 0.255544126 0.947225869 4.721764088
0.979534745 -0.024579104 -0.199768931 -5.427710533 -0.027090250 0.967385113 -0.251857460 -1.340244412 0.199443907 0.252114922 0.946921408 4.772380829
0.978281021 -0.025874486 -0.205661640 -5.439772129 -0.026847711 0.968004286 -0.249493361 -1.354912281 0.205536872 0.249596193 0.946285486 4.822688103
0.976705372 -0.028677808 -0.212659374 -5.450906277 -0.026759427 0.967015922 -0.253306389 -1.369132519 0.212909281 0.253096402 0.943722367 4.872311592
0.974902928 -0.030988446 -0.220463708 -5.463402271 -0.028190898 0.965111315 -0.260318011 -1.383125424 0.220838919 0.259999812 0.940016091 4.922082424
0.972796023 -0.033056375 -0.229293227 -5.475937843 -0.028894797 0.964724958 -0.261669546 -1.397854328 0.229854733 0.261176437 0.937525272 4.970950603
0.970191419 -0.033610817 -0.239998296 -5.488820076 -0.030638391 0.965377152 -0.259052634 -1.412371874 0.240395859 0.258683830 0.935570717 5.020226955
0.967373133 -0.033897746 -0.251078099 -5.503113747 -0.031827185 0.966899157 -0.253166080 -1.426468372 0.251348972 0.252897173 0.934273422 5.069269180
0.964184880 -0.031214332 -0.263387859 -5.517085075 -0.035699096 0.968741596 -0.245490268 -1.440574646 0.262817591 0.246100724 0.932931542 5.118360043
0.961066961 -0.030790778 -0.274594426 -5.532295704 -0.038099829 0.969512761 -0.242060781 -1.454619884 0.273676038 0.243098602 0.930593610 5.167245865
0.957924128 -0.027543303 -0.285696536 -5.547566414 -0.045495059 0.968230188 -0.245887101 -1.468717337 0.283392489 0.248538986 0.926238060 5.213837147
0.954623163 -0.027934730 -0.296503246 -5.564331055 -0.050879307 0.965656996 -0.254789621 -1.482141376 0.293437898 0.258313924 0.920417368 5.260565281
0.950605214 -0.031088784 -0.308842152 -5.580342770 -0.052603889 0.964444757 -0.258996159 -1.495724916 0.305913121 0.262449324 0.915170729 5.308132648
0.946488321 -0.032346971 -0.321113080 -5.597322464 -0.053101718 0.965796173 -0.253806949 -1.509577036 0.318339646 0.257276952 0.912397087 5.355245590
0.942530096 -0.030516006 -0.332724810 -5.615424633 -0.055662859 0.967563331 -0.246420100 -1.523602486 0.329452157 0.250778764 0.910258949 5.403947830
0.938229978 -0.029958809 -0.344712883 -5.633862495 -0.057621405 0.968805373 -0.241030693 -1.537044287 0.341180712 0.246005073 0.907236040 5.451132298
0.933515191 -0.032777593 -0.357036471 -5.653121471 -0.058563877 0.968498528 -0.242034957 -1.551529884 0.353722602 0.246852770 0.902188480 5.498663425
0.928945243 -0.035125718 -0.368547201 -5.672217369 -0.060889225 0.967436790 -0.245679945 -1.565152645 0.365175813 0.250663757 0.896557033 5.545074940
0.925653577 -0.038898267 -0.376367509 -5.693264484 -0.061764672 0.965825558 -0.251726329 -1.579374433 0.373297095 0.256257564 0.891617239 5.591624260
0.922358871 -0.043436699 -0.383884400 -5.712776184 -0.061662968 0.964368463 -0.257276326 -1.593051910 0.381381273 0.260972530 0.886815488 5.638038635
0.919465721 -0.043241631 -0.390785009 -5.733950615 -0.064820088 0.963660777 -0.259145349 -1.606872916 0.387789994 0.263606012 0.883250177 5.684713364
0.916317344 -0.038721900 -0.398576409 -5.755999565 -0.071722202 0.963351071 -0.258477598 -1.621570945 0.393977672 0.265434325 0.879958034 5.731007576
0.912851810 -0.038442831 -0.406477273 -5.777891636 -0.073323697 0.963936388 -0.255832523 -1.636062026 0.401653141 0.263341635 0.877112269 5.777018547
0.909354866 -0.037247576 -0.414350390 -5.800415993 -0.073945247 0.965653241 -0.249090314 -1.649882317 0.409396857 0.257150769 0.875367165 5.823920250
0.906073451 -0.035282508 -0.421646833 -5.823493958 -0.074366912 0.967725575 -0.240783677 -1.663945675 0.416533858 0.249524266 0.874206603 5.871536255
0.903674960 -0.025602624 -0.427453130 -5.847846031 -0.083128512 0.968733191 -0.233764291 -1.677922964 0.420072943 0.246780470 0.873291492 5.917260647
0.901240826 -0.018759741 -0.432912260 -5.872110367 -0.093287893 0.967235208 -0.236121595 -1.691965461 0.423157573 0.253187895 0.869961798 5.963471889
0.898670554 -0.022621728 -0.438040674 -5.896148205 -0.094066367 0.965493679 -0.242844522 -1.705683231 0.428419083 0.259442091 0.865532637 6.009210587
0.896148622 -0.030845050 -0.442680627 -5.919305325 -0.090446636 0.963943899 -0.250262976 -1.718786359 0.434438527 0.264311820 0.861047268 6.055280209
0.894452453 -0.030317931 -0.446134061 -5.944379330 -0.092557281 0.963539600 -0.251046985 -1.732370496 0.437479049 0.265842557 0.859034240 6.101450920
0.892365217 -0.023163153 -0.450719208 -5.969738960 -0.098699175 0.964491665 -0.244978145 -1.747286558 0.440389395 0.263095647 0.858392596 6.147433281
0.889759600 -0.020475877 -0.455970079 -5.995065689 -0.100843966 0.965486288 -0.240138784 -1.761565685 0.445149869 0.259647638 0.856985867 6.193021774
0.886830986 -0.024161108 -0.461462080 -6.019270897 -0.099591866 0.965169370 -0.241928279 -1.775429726 0.451234281 0.260507315 0.853535831 6.238958359
0.884624183 -0.026472388 -0.465552688 -6.045510769 -0.101465575 0.963537276 -0.247589633 -1.789851785 0.455131650 0.266261369 0.849682331 6.284977913
0.882370412 -0.029762592 -0.469613433 -6.071773052 -0.102630563 0.961798787 -0.253791302 -1.803685427 0.459227115 0.272134632 0.845608175 6.330416679
0.879863143 -0.029198680 -0.474329293 -6.097923279 -0.105374232 0.961277723 -0.254639417 -1.818174839 0.463397413 0.274029911 0.842716038 6.375945568
