1.000000000 0.000000000 0.000000000 0.000000000 0.000000000 1.000000000 0.000000000 0.000000000 0.000000000 0.000000000 1.000000000 0.000000000
0.999987185 0.005057520 0.000089570 -0.000345137 -0.005057693 0.999985099 0.002048671 -0.001186572 -0.000079207 -0.002049098 0.999997854 0.054338697
0.999980271 0.006236952 0.000721267 -0.000704940 -0.006238286 0.999978781 0.001862968 -0.001807784 -0.000709633 -0.001867430 0.999998033 0.080363087
0.999965072 0.008319977 0.000767906 -0.000885874 -0.008321043 0.999964416 0.001398341 -0.002224195 -0.000756244 -0.001404682 0.999998689 0.106527582
0.999965191 0.008280376 0.001043541 -0.000763064 -0.008281634 0.999964893 0.001204259 -0.002710195 -0.001033533 -0.001212860 0.999998689 0.131707013
0.999964774 0.008309910 0.001174824 -0.000680149 -0.008312322 0.999963284 0.002062543 -0.003230905 -0.001157642 -0.002072235 0.999997139 0.156364292
0.999953628 0.009309320 0.002462386 -0.001356197 -0.009321421 0.999944329 0.004948786 -0.003610679 -0.002416179 -0.004971510 0.999984741 0.180181727
0.999953508 0.009022112 0.003399726 -0.000855900 -0.009052179 0.999919057 0.008933904 -0.003993168 -0.003318848 -0.008964262 0.999954224 0.203243509
0.999951839 0.008413483 0.005050249 -0.001065734 -0.008475820 0.999886513 0.012451588 -0.004297514 -0.004944914 -0.012493791 0.999909699 0.225297824
0.999948144 0.007640763 0.006732332 -0.001437630 -0.007743883 0.999850988 0.015426718 -0.005006603 -0.006613457 -0.015478051 0.999858320 0.246879622
0.999942303 0.008105083 0.007050091 -0.000692872 -0.008206741 0.999861002 0.014511979 -0.004856366 -0.006931490 -0.014569000 0.999869764 0.267011166
0.999929011 0.009124161 0.007655824 -0.000445272 -0.009213610 0.999888718 0.011731057 -0.005097095 -0.007547935 -0.011800763 0.999901831 0.286382258
0.999915183 0.009052053 0.009366645 -0.000684515 -0.009135420 0.999918640 0.008896139 -0.005239705 -0.009285356 -0.008980953 0.999916553 0.304921955
0.999921143 0.006781643 0.010566449 -0.000182068 -0.006862035 0.999947608 0.007590542 -0.005611597 -0.010514419 -0.007662451 0.999915302 0.322370231
0.999912381 0.003556529 0.012750181 0.000012364 -0.003622083 0.999980330 0.005122073 -0.005685300 -0.012731714 -0.005167807 0.999905586 0.338941008
0.999891520 0.001520794 0.014652980 0.000241201 -0.001581869 0.999990106 0.004157388 -0.006024388 -0.014646512 -0.004180115 0.999884009 0.354495525
0.999841511 0.005845888 0.016814293 0.000357997 -0.005883957 0.999980211 0.002215542 -0.006409651 -0.016801009 -0.002314125 0.999856174 0.368568063
0.999750435 0.010157615 0.019896926 0.000358481 -0.010183510 0.999947429 0.001200483 -0.006605063 -0.019883689 -0.001402803 0.999801338 0.382101893
0.999674559 0.010495041 0.023252247 0.000650637 -0.010554227 0.999941349 0.002424150 -0.006997908 -0.023225443 -0.002668771 0.999726653 0.394061685
0.999636173 0.006197238 0.026253166 0.001393292 -0.006263903 0.999977350 0.002457805 -0.007021157 -0.026237343 -0.002621357 0.999652386 0.405342311
0.999583066 0.001587308 0.028828463 0.001787062 -0.001659813 0.999995470 0.002491346 -0.007247332 -0.028824378 -0.002538157 0.999581277 0.415371180
0.999515474 -0.002031483 0.031057196 0.002295635 0.001908253 0.999990165 0.003997030 -0.007437621 -0.031065011 -0.003935830 0.999509633 0.424140066
0.999426365 -0.002261635 0.033790603 0.002769278 0.002089983 0.999984741 0.005114328 -0.007753880 -0.033801656 -0.005040772 0.999415994 0.432263166
0.999357224 -0.001577801 0.035812795 0.002963956 0.001417655 0.999988854 0.004496715 -0.008047946 -0.035819493 -0.004443055 0.999348402 0.439343631
0.999289215 -0.000449253 0.037694849 0.003421280 0.000343803 0.999996006 0.002803916 -0.008123436 -0.037695959 -0.002788963 0.999285340 0.445897847
0.999167144 0.001754275 0.040770032 0.003331722 -0.001832346 0.999996543 0.001877606 -0.008204480 -0.040766589 -0.001950747 0.999166906 0.451817870
0.999091029 0.004712446 0.042368121 0.003392804 -0.004772676 0.999987721 0.001320563 -0.008354874 -0.042361375 -0.001521572 0.999101162 0.457623214
0.999021828 0.005914940 0.043824449 0.003539395 -0.005922766 0.999982417 0.000048749 -0.008709953 -0.043823384 -0.000308263 0.999039233 0.462933332
0.998935759 0.005051677 0.045846034 0.003925484 -0.004976193 0.999985993 -0.001760434 -0.008882117 -0.045854297 0.001530421 0.998946965 0.468418658
0.998882055 0.003298267 0.047157183 0.004506826 -0.003160971 0.999990463 -0.002985741 -0.009065432 -0.047166582 0.002833340 0.998883009 0.473625332
0.998821974 0.002796721 0.048445247 0.004675424 -0.002581860 0.999986470 -0.004497136 -0.008957300 -0.048457175 0.004366760 0.998815656 0.478288382
0.998730481 0.003835570 0.050225537 0.004782792 -0.003559028 0.999978006 -0.005594293 -0.009194752 -0.050245889 0.005408438 0.998722255 0.482779384
0.998659968 0.004941866 0.051514473 0.004868776 -0.004555206 0.999960482 -0.007620546 -0.009345053 -0.051550101 0.007375677 0.998643160 0.487116903
0.998602629 0.005076151 0.052601073 0.005165504 -0.004557205 0.999939740 -0.009980923 -0.009384166 -0.052648570 0.009727264 0.998565733 0.491409928
0.998573124 0.004008038 0.053249903 0.005418690 -0.003363093 0.999919832 -0.012195751 -0.009508668 -0.053294517 0.011999264 0.998506784 0.495625526
0.998611152 0.003249302 0.052584879 0.005755099 -0.002540622 0.999904990 -0.013538120 -0.009889349 -0.052623872 0.013385720 0.998524785 0.500224769
0.998715043 0.002505936 0.050614320 0.006001242 -0.001760669 0.999889374 -0.014763650 -0.010020962 -0.050645716 0.014655566 0.998609245 0.504637480
0.998862982 0.002636028 0.047597513 0.006018015 -0.001878376 0.999870837 -0.015955590 -0.009968608 -0.047633432 0.015848044 0.998739123 0.508911192
0.999034762 0.003318612 0.043798499 0.005971313 -0.002551345 0.999842405 -0.017562402 -0.009857316 -0.043849889 0.017433709 0.998885989 0.513140261
0.999280453 0.002951546 0.037811857 0.005935885 -0.002255007 0.999827147 -0.018450586 -0.010151902 -0.037859783 0.018352048 0.999114513 0.517697871
0.999516368 0.003044664 0.030947471 0.006105668 -0.002451668 0.999813020 -0.019181259 -0.010200300 -0.031000083 0.019096112 0.999336898 0.522192776
0.999713182 0.003268730 0.023723155 0.005798495 -0.002799641 0.999800563 -0.019779814 -0.010318635 -0.023783080 0.019707730 0.999522805 0.526338577
0.999868095 0.003340467 0.015893627 0.005568480 -0.003008814 0.999778211 -0.020845396 -0.010372713 -0.015959732 0.020794826 0.999656379 0.531075001
0.999980450 0.002389256 0.005771760 0.005356232 -0.002260218 0.999749660 -0.022260750 -0.010481263 -0.005823501 0.022247270 0.999735534 0.535623431
0.999972045 0.000499452 -0.007460379 0.005121942 -0.000678395 0.999711633 -0.024002478 -0.010559297 0.007446240 0.024006864 0.999684036 0.540663719
0.999717116 -0.000395149 -0.023781750 0.004388886 -0.000223031 0.999662280 -0.025985606 -0.010662527 0.023783989 0.025983559 0.999379396 0.546054304
0.999086976 0.000026850 -0.042722080 0.003428524 -0.001165966 0.999644458 -0.026638702 -0.010928333 0.042706184 0.026664197 0.998731792 0.551843464
0.997916758 0.000716080 -0.064510174 0.002018429 -0.002411531 0.999653578 -0.026207888 -0.011071689 0.064469069 0.026308861 0.997572839 0.558405101
0.996131837 0.001338151 -0.087860644 0.000521090 -0.003507367 0.999692678 -0.024539549 -0.011450326 0.087800808 0.024752788 0.995830476 0.565296113
0.993389666 0.002680934 -0.114759848 -0.000943974 -0.005406085 0.999710560 -0.023441916 -0.011526883 0.114663772 0.023907360 0.993116736 0.572489738
0.989430666 0.003820062 -0.144956648 -0.003141887 -0.006949560 0.999753475 -0.021088973 -0.011767414 0.144840345 0.021873463 0.989213228 0.580353081
0.984057724 0.003219987 -0.177819908 -0.006107286 -0.006522870 0.999816835 -0.017992824 -0.011900051 0.177729398 0.018865878 0.983898580 0.589018226
0.976681769 0.004291131 -0.214649171 -0.008640230 -0.007427996 0.999877036 -0.013809439 -0.012207707 0.214563549 0.015081841 0.976593554 0.597442627
0.967088997 0.005733069 -0.254373580 -0.012299418 -0.008160378 0.999930680 -0.008488066 -0.012380523 0.254307300 0.010284500 0.967068672 0.606432080
0.955113053 0.009242157 -0.296097308 -0.016202018 -0.010939721 0.999931812 -0.004076848 -0.012278844 0.296039432 0.007133072 0.955148995 0.615618110
0.940966785 0.013561244 -0.338227183 -0.020715013 -0.014073244 0.999900520 0.000938542 -0.012805331 0.338206202 0.003876816 0.941064060 0.624636233
0.924248576 0.016326170 -0.381441981 -0.026309580 -0.014887617 0.999866545 0.006722216 -0.012914391 0.381500840 -0.000534236 0.924368382 0.634622335
0.905090690 0.019323075 -0.424779356 -0.031632572 -0.014767580 0.999792695 0.014014505 -0.012944259 0.424962103 -0.006411434 0.905188382 0.643773258
0.883087873 0.024280941 -0.468578726 -0.038196325 -0.016309921 0.999645114 0.021062046 -0.013241354 0.468923837 -0.010957157 0.883170605 0.653927624
0.858288765 0.029319860 -0.512328744 -0.045594573 -0.018831426 0.999493599 0.025651904 -0.013141737 0.512821436 -0.012368861 0.858406186 0.663576484
0.830233932 0.032720704 -0.556454062 -0.053199083 -0.020106871 0.999383867 0.028766327 -0.013032898 0.557052374 -0.012694230 0.830380321 0.672854662
0.799559474 0.035633553 -0.599528909 -0.062610984 -0.021545051 0.999297619 0.030660700 -0.013039691 0.600200355 -0.011598167 0.799765587 0.682711661
0.765839696 0.038271975 -0.641891599 -0.072077066 -0.021718498 0.999197185 0.033663571 -0.012707543 0.642664790 -0.011839970 0.766056061 0.691987514
0.728862703 0.041109618 -0.683424592 -0.083429009 -0.022342265 0.999092162 0.036270075 -0.011723097 0.684295237 -0.011166650 0.729119539 0.702120423
0.689974785 0.042870719 -0.722562730 -0.095259488 -0.020824928 0.999006987 0.039386861 -0.011402348 0.723533750 -0.012128620 0.690182447 0.711725950
0.649714291 0.042303998 -0.759000480 -0.107759625 -0.018447418 0.999033630 0.039891373 -0.010678660 0.759954631 -0.011916399 0.649866879 0.720401227
0.607613206 0.040803947 -0.793184280 -0.121524811 -0.012903587 0.999054730 0.041509882 -0.010163719 0.794128180 -0.014987029 0.607565403 0.729291201
0.562511265 0.041400861 -0.825752437 -0.136313677 -0.007793802 0.998966634 0.044776104 -0.009932976 0.826752901 -0.018751310 0.562252641 0.738599539
0.515610516 0.041445896 -0.855820060 -0.151892006 -0.005753122 0.998974442 0.044912495 -0.008753169 0.856803834 -0.018233720 0.515320063 0.746654630
0.466429830 0.042237196 -0.883549154 -0.168677866 -0.004747315 0.998964489 0.045248382 -0.008410126 0.884545445 -0.016910708 0.466147304 0.753859997
0.414007962 0.041252647 -0.909337997 -0.186051339 0.001327293 0.998944163 0.045921985 -0.007855847 0.910272241 -0.020219026 0.413516045 0.760871470
0.360664755 0.039914355 -0.931841075 -0.204921424 0.006384030 0.998954833 0.045260005 -0.006998233 0.932673693 -0.022272591 0.360033005 0.766898155
0.306314379 0.038763814 -0.951140821 -0.224710718 0.008901254 0.999010205 0.043581385 -0.006095443 0.951888800 -0.021815952 0.305666238 0.772354066
0.253234923 0.044337217 -0.966388226 -0.245466262 0.010074306 0.998774230 0.048462957 -0.005004164 0.967352331 -0.022008207 0.252477854 0.776475668
0.203328907 0.049805157 -0.977842927 -0.267358065 0.012565256 0.998490393 0.053469580 -0.004257759 0.979029834 -0.023158759 0.202396154 0.779142261
0.155132845 0.050278351 -0.986613393 -0.289699823 0.017651381 0.998403490 0.053654645 -0.003061842 0.987735868 -0.025738683 0.153997675 0.781757057
0.109961659 0.052525260 -0.992546976 -0.314076215 0.021324946 0.998248100 0.055189509 -0.002655702 0.993707001 -0.027234741 0.108648919 0.784079969
0.069338158 0.050365753 -0.996320844 -0.338517427 0.020774521 0.998435259 0.051918406 -0.001453066 0.997376859 -0.024298014 0.068183333 0.784996092
0.033969667 0.046425000 -0.998344004 -0.363902777 0.018824954 0.998713553 0.047082726 -0.000244351 0.999245584 -0.020393167 0.033052024 0.784894347
0.005533969 0.045930911 -0.998929262 -0.389555305 0.016824644 0.998798966 0.046018124 0.001129914 0.999843121 -0.017061295 0.004754549 0.784163296
-0.015297472 0.049799822 -0.998642087 -0.417265743 0.015126085 0.998656213 0.049568828 0.002468828 0.999768555 -0.014347268 -0.016030200 0.783157110
-0.029015327 0.056714226 -0.997968733 -0.446883023 0.017471496 0.998265445 0.056223102 0.003430240 0.999426246 -0.015804673 -0.029955881 0.782512605
-0.036925845 0.058994129 -0.997575104 -0.475588739 0.017719151 0.998137593 0.058371510 0.004744356 0.999160826 -0.015520765 -0.037902400 0.781299710
-0.041024894 0.056460481 -0.997561574 -0.507488787 0.018231662 0.998278201 0.055751264 0.006028347 0.998991787 -0.015900016 -0.041983619 0.779949427
-0.039343383 0.052365240 -0.997852683 -0.537842631 0.025101338 0.998362541 0.051402297 0.007501204 0.998910427 -0.023025092 -0.040593389 0.778416812
-0.034024343 0.050729711 -0.998132706 -0.568469048 0.037252847 0.998081267 0.049457222 0.009157162 0.998726487 -0.035500534 -0.035848875 0.777050138
-0.030488919 0.051263623 -0.998219669 -0.602820694 0.037938893 0.998023570 0.050094783 0.010475267 0.998814821 -0.036344018 -0.032373548 0.777755201
-0.024262819 0.049905784 -0.998459220 -0.636052966 0.035723653 0.998158634 0.049022667 0.011597535 0.999067068 -0.034479186 -0.026000958 0.775865138
-0.021979511 0.043419816 -0.998815238 -0.670233309 0.039737087 0.998304963 0.042523205 0.013169311 0.998968422 -0.038755365 -0.023667630 0.775590003
-0.019840011 0.032499462 -0.999274790 -0.705910444 0.037190843 0.998803735 0.031745747 0.014579704 0.999111176 -0.036534030 -0.021024959 0.774965644
-0.018744191 0.024145234 -0.999532759 -0.741041660 0.029486183 0.999286771 0.023586342 0.015530432 0.999389470 -0.029030295 -0.019442776 0.773545265
-0.020492986 0.021290550 -0.999563217 -0.777747393 0.024061657 0.999494135 0.020795766 0.016424324 0.999500394 -0.023624977 -0.020994904 0.772357941
-0.023436172 0.027393170 -0.999350011 -0.815590739 0.014471251 0.999529123 0.027058709 0.017128244 0.999620497 -0.013827693 -0.023821546 0.770277917
-0.028751682 0.035805292 -0.998945057 -0.854762733 0.010131112 0.999317288 0.035527050 0.017943446 0.999535263 -0.009098960 -0.029094800 0.768982232
-0.033081610 0.044780098 -0.998448968 -0.893986344 0.008435469 0.998972654 0.044524100 0.019676203 0.999417007 -0.006949456 -0.033425365 0.767189682
-0.035064563 0.055308085 -0.997853458 -0.934585810 0.007354605 0.998454690 0.055082973 0.020777004 0.999357998 -0.005407358 -0.035417147 0.765772939
-0.035953492 0.062927581 -0.997370303 -0.974987030 0.009065778 0.997994959 0.062640198 0.022565752 0.999312282 -0.006789804 -0.036451899 0.764238298
-0.037646227 0.063760787 -0.997254908 -1.015686989 0.009957545 0.997936726 0.063428484 0.024614990 0.999241471 -0.007542367 -0.038203456 0.762540340
-0.039458647 0.060783841 -0.997370720 -1.055650949 0.008665067 0.998131394 0.060487371 0.026739907 0.999183655 -0.006255533 -0.039911613 0.760843396
-0.042062122 0.056217611 -0.997532129 -1.096809268 0.008497069 0.998399675 0.055908222 0.028320260 0.999078870 -0.006124480 -0.042472497 0.758549571
-0.046791177 0.050968163 -0.997603536 -1.137541890 0.008534721 0.998681307 0.050622914 0.030107964 0.998868287 -0.006145561 -0.047164477 0.756653428
-0.052443095 0.046433479 -0.997543812 -1.178688407 0.008713719 0.998901665 0.046038590 0.031645797 0.998585999 -0.006277910 -0.052790109 0.754102409
-0.059033897 0.044419281 -0.997267246 -1.219956994 0.007999434 0.998998523 0.044022866 0.033211172 0.998223960 -0.005378733 -0.059330106 0.751504540
-0.065732814 0.046767134 -0.996740639 -1.262990117 0.007755642 0.998894811 0.046356745 0.034723431 0.997807145 -0.004683205 -0.066022858 0.748456717
-0.071986303 0.051399454 -0.996080339 -1.305153251 0.006423791 0.998674452 0.051069073 0.036331281 0.997384965 -0.002722337 -0.072221048 0.745032072
-0.077886939 0.054180846 -0.995488882 -1.347430110 0.003422812 0.998530805 0.054078609 0.038175184 0.996956289 0.000804647 -0.077957973 0.741276860
-0.082816750 0.056496948 -0.994962037 -1.390845776 0.000286438 0.998393059 0.056667935 0.040046174 0.996564746 0.004408058 -0.082699850 0.737148881
-0.085181199 0.057464514 -0.994706988 -1.433256269 -0.005216739 0.998296082 0.058118593 0.042251654 0.996351838 0.010139737 -0.084736273 0.732998013
-0.086951703 0.058780786 -0.994476914 -1.476548910 -0.008725733 0.998174489 0.059762284 0.044151120 0.996174276 0.013873974 -0.086280078 0.729191363
-0.088536792 0.058615129 -0.994346797 -1.520029187 -0.009340637 0.998174310 0.059672456 0.046004210 0.996029139 0.014571042 -0.087827623 0.724694788
-0.089854635 0.057670914 -0.994283795 -1.563037753 -0.009798562 0.998222589 0.058784880 0.047806431 0.995906770 0.015024646 -0.089129828 0.720838547
-0.091007672 0.057091575 -0.994212389 -1.606444597 -0.010761922 0.998240650 0.058308017 0.049566492 0.995792031 0.016006116 -0.090233147 0.716743886
-0.092078060 0.055888217 -0.994182169 -1.650777578 -0.013767459 0.998256862 0.057392374 0.052043706 0.995656610 0.018971946 -0.091148108 0.712260008
-0.093031801 0.053421021 -0.994229019 -1.695015073 -0.017870275 0.998309135 0.055312406 0.053882968 0.995502770 0.022912962 -0.091919854 0.707970142
-0.092735156 0.048426867 -0.994512498 -1.737994790 -0.023192484 0.998440504 0.050780769 0.055501554 0.995420635 0.027774379 -0.091467403 0.703197956
-0.092437364 0.047305558 -0.994594216 -1.783123851 -0.025147270 0.998441219 0.049825720 0.057937391 0.995400906 0.029617086 -0.091103673 0.699577928
-0.090944648 0.052252635 -0.994484067 -1.828403115 -0.025063774 0.998186052 0.054739200 0.058903806 0.995540440 0.029903766 -0.089470029 0.695034742
-0.088950761 0.055708669 -0.994476914 -1.871988773 -0.025629323 0.997976065 0.058197096 0.060231123 0.995706201 0.030664444 -0.087342955 0.691010952
-0.086685017 0.054774147 -0.994728863 -1.916528225 -0.023774594 0.998089254 0.057031006 0.062978201 0.995952010 0.028593007 -0.085217148 0.685545146
-0.084775947 0.054217316 -0.994923890 -1.962050796 -0.023183752 0.998140872 0.056368072 0.064684749 0.996130407 0.027844727 -0.083361380 0.682330251
-0.081150495 0.055128749 -0.995176017 -2.008102655 -0.026898738 0.997984350 0.057477742 0.066297337 0.996338844 0.031433329 -0.079504028 0.679114580
-0.074439369 0.055918891 -0.995656431 -2.050560713 -0.031944197 0.997780502 0.058426455 0.068250172 0.996713817 0.036154669 -0.072487861 0.674046874
-0.069212727 0.054913215 -0.996089399 -2.098864794 -0.036091615 0.997692347 0.057509392 0.070840910 0.996948838 0.039930854 -0.067071088 0.670624971
-0.062909044 0.054544628 -0.996527553 -2.144047499 -0.037576236 0.997667968 0.056979164 0.072631791 0.997311652 0.041030265 -0.060712744 0.666682720
-0.057828911 0.053215627 -0.996907115 -2.190479040 -0.037853103 0.997743309 0.055456053 0.074796841 0.997608602 0.040942989 -0.055684038 0.664712608
-0.052079063 0.053396627 -0.997214317 -2.236010313 -0.036357421 0.997806072 0.055327065 0.076193571 0.997980893 0.039137520 -0.050023451 0.661658645
-0.046319887 0.052913349 -0.997524321 -2.282106161 -0.034945354 0.997898996 0.054555919 0.079457521 0.998315215 0.037385870 -0.044373501 0.659543335
-0.041381042 0.053779610 -0.997695148 -2.329111814 -0.034796946 0.997866988 0.055232141 0.082104042 0.998537302 0.037002295 -0.039421406 0.658252001
-0.035761014 0.054187719 -0.997890234 -2.375390530 -0.035504874 0.997829616 0.055456802 0.084779724 0.998729408 0.037413154 -0.033759467 0.656299651
-0.030647663 0.053888839 -0.998076499 -2.421810389 -0.035374276 0.997861505 0.054963458 0.086149521 0.998904109 0.036990732 -0.028675847 0.654838443
-0.025113903 0.049411487 -0.998462737 -2.468351364 -0.035790764 0.998092890 0.050293427 0.087975949 0.999043643 0.036998801 -0.023297537 0.652794003
-0.021417495 0.044317864 -0.998787880 -2.515094042 -0.035330724 0.998359501 0.045056473 0.089407369 0.999146163 0.036252905 -0.019816577 0.652298748
-0.017471580 0.043467943 -0.998902023 -2.561675310 -0.035729535 0.998389304 0.044070572 0.091224328 0.999208868 0.036460288 -0.015890349 0.650951326
-0.014394686 0.046113003 -0.998832464 -2.609203815 -0.034531131 0.998317361 0.046586856 0.092438534 0.999299943 0.035161424 -0.012778129 0.650296330
-0.012153096 0.045475479 -0.998891473 -2.655619621 -0.035203081 0.998326600 0.045878053 0.094089508 0.999306321 0.035721622 -0.010531882 0.649445415
-0.011567060 0.045838710 -0.998881757 -2.703634739 -0.036878828 0.998249471 0.046236750 0.095181219 0.999252796 0.037372414 -0.009856335 0.648778915
-0.010751363 0.047565486 -0.998810232 -2.750317097 -0.037135273 0.998160005 0.047934242 0.096231692 0.999252439 0.037606459 -0.008965223 0.648006022
-0.008999107 0.046506025 -0.998877466 -2.798232317 -0.038432956 0.998163760 0.046819050 0.098096907 0.999220610 0.038811143 -0.007195220 0.646885216
-0.007892255 0.044343788 -0.998985171 -2.846572161 -0.039475933 0.998223722 0.044621859 0.099483036 0.999189317 0.039788052 -0.006127723 0.646070302
-0.006634482 0.041931678 -0.999098361 -2.893549204 -0.038801346 0.998357296 0.042158231 0.101704963 0.999224901 0.039046071 -0.004996577 0.645101488
-0.007683697 0.042622838 -0.999061704 -2.943809748 -0.034299530 0.998492002 0.042862337 0.102465317 0.999382079 0.034596689 -0.006210167 0.645510256
-0.007710679 0.043080572 -0.999041915 -2.992434502 -0.031786703 0.998556137 0.043304957 0.103969671 0.999464869 0.032090157 -0.006330158 0.645320714
-0.006589405 0.045919877 -0.998923421 -3.039910555 -0.031444885 0.998441517 0.046105150 0.105584487 0.999483764 0.031714831 -0.005135192 0.643790841
-0.006343852 0.049242668 -0.998766720 -3.088581800 -0.033857793 0.998203516 0.049429961 0.107246637 0.999406576 0.034129612 -0.004665208 0.642819464
-0.006024866 0.049113307 -0.998775065 -3.136429548 -0.035194110 0.998163939 0.049295563 0.109227508 0.999362290 0.035448004 -0.004285305 0.642556846
-0.005188322 0.048346717 -0.998817086 -3.183311224 -0.035625253 0.998187661 0.048501298 0.110081151 0.999351740 0.035834752 -0.003456553 0.641878426
-0.005645443 0.044487316 -0.998993933 -3.231707573 -0.035797805 0.998360574 0.044661403 0.112321757 0.999343038 0.036013927 -0.004043640 0.641758144
-0.005585927 0.043819033 -0.999023736 -3.279092073 -0.033287566 0.998477638 0.043981191 0.113816708 0.999430299 0.033500746 -0.004118793 0.641364574
-0.006223063 0.045000538 -0.998967707 -3.327152252 -0.031399138 0.998485565 0.045174427 0.115489855 0.999487579 0.031647846 -0.004800660 0.641419291
-0.005635865 0.047901697 -0.998836160 -3.374613047 -0.031150769 0.998358786 0.048054576 0.116717681 0.999498785 0.031385332 -0.004134442 0.640707433
-0.005258077 0.050412256 -0.998714626 -3.422080278 -0.031370625 0.998228550 0.050552882 0.118072629 0.999494135 0.031596109 -0.003667299 0.640362203
-0.004363934 0.052064952 -0.998634160 -3.469290733 -0.032729007 0.998101234 0.052180193 0.118905745 0.999454737 0.032912016 -0.002651614 0.639306247
-0.004394700 0.048836458 -0.998797059 -3.516606808 -0.032857269 0.998260379 0.048954781 0.120871440 0.999450386 0.033032887 -0.002782422 0.639003158
-0.004276748 0.047032714 -0.998884201 -3.563312769 -0.030964360 0.998408139 0.047142882 0.122585475 0.999511361 0.031131428 -0.002813602 0.638841152
-0.004002645 0.048597001 -0.998810470 -3.610482931 -0.029694900 0.998372197 0.048694685 0.123872705 0.999550939 0.029854486 -0.002553047 0.638279974
-0.003774905 0.051417153 -0.998670042 -3.657855272 -0.027204866 0.998302341 0.051501039 0.125382349 0.999622703 0.027363099 -0.002369700 0.638109565
-0.004587942 0.053760026 -0.998543322 -3.704668283 -0.025849488 0.998213828 0.053861052 0.127076477 0.999655306 0.026058942 -0.003190078 0.638656199
-0.003947444 0.055239387 -0.998465359 -3.751843929 -0.026670571 0.998112142 0.055325288 0.129106894 0.999636471 0.026848035 -0.002466725 0.638098359
-0.003021939 0.057119895 -0.998362780 -3.798764467 -0.029396698 0.997930706 0.057184163 0.130974934 0.999563277 0.029521374 -0.001336549 0.637219548
-0.003016290 0.056873228 -0.998376846 -3.845545530 -0.030786801 0.997902811 0.056939237 0.132157862 0.999521434 0.030908572 -0.001259020 0.636968493
-0.002989424 0.052614145 -0.998610377 -3.892244577 -0.033046622 0.998064220 0.052684303 0.133854538 0.999449313 0.033158191 -0.001244917 0.636660874
-0.002483998 0.051281773 -0.998681128 -3.939173698 -0.034799181 0.998074889 0.051337197 0.135347545 0.999391198 0.034880813 -0.000694652 0.635857880
-0.001891086 0.049608618 -0.998766959 -3.985752106 -0.035528589 0.998134792 0.049644493 0.137119308 0.999366820 0.035578661 -0.000125034 0.634911597
-0.002232246 0.049850825 -0.998754203 -4.033350468 -0.033651218 0.998187363 0.049897734 0.138667852 0.999431074 0.033720687 -0.000550659 0.635201633
-0.001893717 0.052083924 -0.998640954 -4.080341339 -0.033607956 0.998075187 0.052118156 0.140231103 0.999433279 0.033660978 -0.000139638 0.634820819
-0.002528183 0.054102562 -0.998532116 -4.126463413 -0.032023318 0.998018861 0.054155827 0.141756579 0.999483943 0.032113228 -0.000790631 0.635067701
-0.002987071 0.053055715 -0.998587191 -4.173569679 -0.036261857 0.997928977 0.053129222 0.143878698 0.999337852 0.036369316 -0.001056987 0.634428859
-0.003296618 0.054602969 -0.998502851 -4.219545364 -0.038802475 0.997749090 0.054689873 0.144890115 0.999241471 0.038924664 -0.001170468 0.633883655
-0.003690495 0.053896692 -0.998539746 -4.266530514 -0.042163935 0.997650087 0.054004505 0.146591574 0.999103963 0.042301666 -0.001409325 0.633495331
-0.003867717 0.050397947 -0.998721719 -4.314028263 -0.043548875 0.997773170 0.050518733 0.148046970 0.999043822 0.043688606 -0.001664331 0.632976234
-0.004489163 0.046607088 -0.998903215 -4.362771988 -0.043697033 0.997950017 0.046758994 0.149693623 0.999034703 0.043859020 -0.002443369 0.632072568
-0.005699096 0.045556653 -0.998945415 -4.410552502 -0.040240947 0.998142123 0.045749590 0.151308417 0.999173701 0.040459249 -0.003855265 0.632442117
-0.006569611 0.045434661 -0.998945594 -4.458669186 -0.036909577 0.998275518 0.045646921 0.152820542 0.999297082 0.037170541 -0.004881307 0.632571459
-0.007435271 0.046588607 -0.998886466 -4.506684780 -0.034560975 0.998305380 0.046818759 0.154846907 0.999374926 0.034870606 -0.005812522 0.632482052
-0.007231575 0.050712463 -0.998687029 -4.558547974 -0.034061875 0.998121142 0.050930370 0.156304345 0.999393582 0.034385465 -0.005490626 0.630991697
-0.006876695 0.050316647 -0.998709738 -4.609226704 -0.032387991 0.998198032 0.050513890 0.158567876 0.999451697 0.032693561 -0.005234649 0.629814625
-0.008605096 0.046308044 -0.998890162 -4.657597542 -0.032325648 0.998392105 0.046563432 0.160069123 0.999440491 0.032690447 -0.007094320 0.630064666
-0.010034893 0.042901177 -0.999028981 -4.706696033 -0.032883916 0.998524666 0.043209840 0.161647156 0.999408782 0.033285588 -0.008609329 0.629551053
-0.010101324 0.041457750 -0.999089181 -4.757465839 -0.032194126 0.998608649 0.041763313 0.163218021 0.999430537 0.032586675 -0.008752575 0.628704786
-0.010874242 0.042685721 -0.999029338 -4.807811260 -0.033725470 0.998504341 0.043030377 0.164755628 0.999372005 0.034160655 -0.009418382 0.627809465
-0.010877240 0.047447603 -0.998814464 -4.859540939 -0.038476605 0.998113990 0.047833342 0.166234374 0.999200284 0.038951285 -0.009031105 0.626551628
-0.011421266 0.050710760 -0.998648047 -4.911019802 -0.044062614 0.997717619 0.051167443 0.167973503 0.998963475 0.044587437 -0.009160750 0.625475585
-0.011444047 0.050644569 -0.998651147 -4.962124348 -0.051319402 0.997370601 0.051167730 0.170012385 0.998616695 0.051835749 -0.008814908 0.624153674
-0.011199752 0.048736386 -0.998748899 -5.013620853 -0.054269757 0.997309744 0.049274731 0.171699643 0.998463511 0.054753724 -0.008524711 0.623023212
-0.011528439 0.046872526 -0.998834372 -5.064805984 -0.056922629 0.997250080 0.047455180 0.174075752 0.998312056 0.057403360 -0.008828632 0.621964276
-0.012216312 0.047031298 -0.998818696 -5.116448879 -0.057061657 0.997232735 0.047654521 0.175102204 0.998295903 0.057576425 -0.009498824 0.620857537
-0.012295890 0.045720384 -0.998878598 -5.167624474 -0.054768562 0.997423708 0.046327978 0.177054256 0.998423278 0.055276789 -0.009760172 0.619734824
-0.013211555 0.046452396 -0.998833120 -5.218539715 -0.054865330 0.997381806 0.047110599 0.178511322 0.998406351 0.055423718 -0.010628339 0.619119883
-0.013698546 0.051343400 -0.998587251 -5.270133495 -0.054504249 0.997157633 0.052017603 0.180403396 0.998419523 0.055139799 -0.010861175 0.618336082
-0.014457016 0.055506364 -0.998353779 -5.321692944 -0.053217839 0.997000039 0.056201752 0.182316259 0.998478293 0.053942736 -0.011459718 0.617536902
-0.013912800 0.054052137 -0.998441100 -5.372912407 -0.054164898 0.997030973 0.054730542 0.184251383 0.998435080 0.054841921 -0.010943764 0.616241932
-0.013290376 0.052634839 -0.998525500 -5.423984528 -0.053594701 0.997140706 0.053275194 0.186029434 0.998474419 0.054223716 -0.010431423 0.615516961
-0.012730780 0.052118227 -0.998559773 -5.474754333 -0.052598506 0.997223198 0.052719049 0.187698185 0.998534560 0.053193904 -0.009954087 0.615016401
-0.011579409 0.051391516 -0.998611450 -5.525311947 -0.052902877 0.997248232 0.051934797 0.189687863 0.998532534 0.053430799 -0.008828788 0.614242971
-0.010780847 0.053522289 -0.998508453 -5.576515198 -0.053062603 0.997128963 0.054021250 0.191487670 0.998533010 0.053565845 -0.007909863 0.613333464
-0.009522896 0.057410046 -0.998305261 -5.627285004 -0.054132547 0.996856987 0.057843134 0.193364531 0.998488307 0.054591637 -0.006385214 0.612542868
-0.008142561 0.058443300 -0.998257518 -5.677777290 -0.055687413 0.996714950 0.058807220 0.195374832 0.998415053 0.056069214 -0.004861256 0.611658990
-0.007087407 0.055518471 -0.998432457 -5.728986740 -0.058086090 0.996748805 0.055837162 0.197610825 0.998286545 0.058390781 -0.003839514 0.610931575
-0.006731119 0.051845632 -0.998632431 -5.780266762 -0.056301121 0.997051299 0.052143030 0.199937150 0.998391092 0.056575108 -0.003792304 0.610140562
-0.007057677 0.050688718 -0.998689592 -5.830022335 -0.054228496 0.997225404 0.050997633 0.201374114 0.998503625 0.054517351 -0.004289322 0.610306680
-0.007088743 0.050110806 -0.998718560 -5.880516529 -0.052162834 0.997365296 0.050413154 0.202849463 0.998613417 0.052453350 -0.004456145 0.610342860
-0.007287295 0.050930519 -0.998675585 -5.930816174 -0.050093610 0.997429550 0.051232517 0.204168513 0.998717964 0.050400600 -0.004717270 0.609205604
-0.007689798 0.048856318 -0.998776197 -5.980276108 -0.048151016 0.997629046 0.049170926 0.206604570 0.998810470 0.048470199 -0.005319085 0.609050691
-0.007116226 0.049590018 -0.998744309 -6.030371666 -0.047012057 0.997648656 0.049870584 0.207603946 0.998869002 0.047307920 -0.004768163 0.607790411
-0.007334549 0.052527849 -0.998592556 -6.080755711 -0.044671897 0.997605145 0.052804023 0.209072143 0.998974741 0.044996317 -0.004970465 0.607482553
-0.007251562 0.053485680 -0.998542309 -6.131513119 -0.042654205 0.997643173 0.053747270 0.211474895 0.999063551 0.042981777 -0.004953082 0.606573224
-0.007357387 0.051941592 -0.998623013 -6.181293011 -0.040564530 0.997812569 0.052198291 0.213505909 0.999149859 0.040892716 -0.005234307 0.606216550
-0.007870789 0.052145079 -0.998608470 -6.231927395 -0.041718230 0.997752964 0.052429203 0.215403527 0.999098361 0.042072836 -0.005677702 0.605532110
-0.007483949 0.056233726 -0.998389602 -6.282252789 -0.042315505 0.997505426 0.056501120 0.217999861 0.999076307 0.042670213 -0.005085722 0.605190635
-0.007426212 0.063195594 -0.997973442 -6.332287788 -0.047412455 0.996856391 0.063477665 0.219676644 0.998847723 0.047787778 -0.004406607 0.604194820
-0.005497934 0.063100405 -0.997992039 -6.382429123 -0.052091192 0.996634007 0.063301511 0.222193971 0.998627245 0.052334618 -0.002192454 0.602969944
-0.004629549 0.059748169 -0.998202741 -6.432050705 -0.055628769 0.996652424 0.059913360 0.223761559 0.998440921 0.055806153 -0.001290334 0.602356017
-0.002909048 0.054783210 -0.998494029 -6.481407166 -0.057261102 0.996850908 0.054859880 0.225341409 0.998355031 0.057334453 0.000237060 0.602061629
-0.002056549 0.052664295 -0.998610139 -6.531187057 -0.059786681 0.996819437 0.052692983 0.227681890 0.998209000 0.059811953 0.001098615 0.601153374
-0.001278409 0.049910329 -0.998752892 -6.580689430 -0.055071022 0.997234523 0.049904939 0.229150951 0.998481512 0.055066142 0.001473740 0.601446211
-0.000654838 0.044780038 -0.998996675 -6.629652023 -0.051358089 0.997676969 0.044754557 0.231113777 0.998680115 0.051335875 0.001646501 0.600873947
-0.001000214 0.041214556 -0.999149799 -6.678153515 -0.045683458 0.998105288 0.041217204 0.232562423 0.998955548 0.045685850 0.000884504 0.600773931
-0.002095132 0.044504646 -0.999006927 -6.728835583 -0.042781871 0.998090506 0.044553548 0.233804181 0.999082208 0.042832736 -0.000187139 0.601015627
-0.001230452 0.051082518 -0.998693645 -6.778138638 -0.043631561 0.997740626 0.051087528 0.235173374 0.999046981 0.043637421 0.001001138 0.600592732
-0.000059641 0.054410640 -0.998518646 -6.828114986 -0.044411708 0.997533262 0.054359607 0.236833721 0.999013305 0.044349167 0.002356976 0.600589514
0.002041969 0.051060483 -0.998693466 -6.877462864 -0.045717731 0.997656047 0.050913967 0.238694787 0.998952270 0.045554038 0.004371553 0.600136042
0.002729126 0.050932985 -0.998698354 -6.927064419 -0.047705647 0.997571588 0.050745156 0.240550503 0.998857737 0.047505062 0.005152291 0.600097895
0.003814244 0.051934570 -0.998643219 -6.976139069 -0.045952868 0.997604549 0.051705044 0.242239773 0.998936355 0.045693304 0.006191649 0.599982679
0.004001657 0.050225805 -0.998729825 -7.025561333 -0.045814786 0.997698307 0.049990360 0.243831962 0.998941958 0.045556545 0.006293530 0.600180984
0.006025747 0.048369687 -0.998811364 -7.073429585 -0.046585243 0.997758567 0.048037663 0.245956570 0.998896122 0.046240404 0.008265555 0.599943697
0.007855684 0.050644100 -0.998685896 -7.120422840 -0.047294091 0.997617900 0.050217915 0.246706009 0.998850107 0.046837453 0.010232138 0.599840343
0.009478393 0.052492898 -0.998576283 -7.166119576 -0.047654342 0.997510254 0.051984522 0.247965217 0.998818934 0.047093768 0.011956308 0.599644303
0.009972360 0.054076664 -0.998486996 -7.210224152 -0.048266340 0.997398734 0.053535670 0.249139488 0.998784721 0.047659434 0.012556502 0.599665880
0.009964704 0.055168383 -0.998427331 -7.253373623 -0.048117086 0.997346640 0.054628447 0.250223279 0.998791993 0.047497060 0.012592806 0.599985719
0.010391912 0.056108087 -0.998370647 -7.296553135 -0.047969781 0.997303009 0.055548761 0.251951009 0.998794734 0.047314372 0.013055378 0.599858999
0.010948454 0.054790568 -0.998437881 -7.337045670 -0.048020329 0.997374475 0.054205641 0.253561437 0.998786330 0.047351845 0.013550767 0.599829376
0.012654213 0.055393212 -0.998384416 -7.377193928 -0.049381882 0.997280657 0.054706071 0.254186332 0.998699784 0.048609842 0.015355223 0.599783242
0.013707365 0.056217413 -0.998324454 -7.415788651 -0.050217938 0.997196972 0.055464413 0.255403161 0.998644173 0.049373526 0.016492067 0.600810766
0.013086272 0.054567397 -0.998424351 -7.454776287 -0.048345946 0.997376502 0.053876460 0.256497145 0.998744905 0.047564730 0.015690053 0.600800753
0.010238005 0.051445093 -0.998623371 -7.492031097 -0.045730826 0.997654796 0.050926358 0.257574379 0.998901248 0.045146484 0.012566620 0.600806832
0.005147478 0.047900490 -0.998838961 -7.529830456 -0.045524999 0.997827590 0.047617391 0.258663476 0.998949885 0.045227036 0.007316967 0.601171911
0.000225652 0.044911399 -0.998990953 -7.567596912 -0.046863157 0.997893870 0.044851501 0.259536088 0.998901308 0.046805758 0.002329868 0.601062477
-0.003734066 0.044206448 -0.999015391 -7.604958534 -0.049494900 0.997789800 0.044337217 0.260770202 0.998767376 0.049611736 -0.001537818 0.600510299
-0.006010171 0.045075238 -0.998965502 -7.642659187 -0.051577646 0.997639894 0.045325737 0.261786640 0.998650968 0.051796716 -0.003671111 0.599484682
-0.008821459 0.046483140 -0.998880088 -7.680034637 -0.049965121 0.997650743 0.046867184 0.262959063 0.998712122 0.050322603 -0.006478197 0.599655688
-0.009200639 0.047525458 -0.998827696 -7.717689991 -0.047654901 0.997714102 0.047911447 0.264445126 0.998821497 0.048039854 -0.006914787 0.598544776
-0.011659701 0.048392344 -0.998760283 -7.754667759 -0.045080751 0.997787178 0.048871472 0.265158534 0.998915315 0.045594692 -0.009452338 0.598587215
-0.012404116 0.046910144 -0.998822093 -7.791672230 -0.046090838 0.997810304 0.047435023 0.266441584 0.998860300 0.046624936 -0.010214828 0.597813845
-0.012964102 0.046395909 -0.998839021 -7.828406811 -0.047826089 0.997750998 0.046966106 0.267192841 0.998771548 0.048379451 -0.010716010 0.597038388
-0.012978217 0.045203470 -0.998893499 -7.865077972 -0.051673353 0.997612476 0.045816872 0.268636316 0.998579741 0.052210800 -0.010611417 0.596286297
-0.011955867 0.044879373 -0.998920858 -7.902173042 -0.053843189 0.997514009 0.045460604 0.268870234 0.998477757 0.054328609 -0.009509697 0.595283687
-0.011062028 0.041599836 -0.999073088 -7.939302444 -0.053858221 0.997659147 0.042137291 0.270225972 0.998487294 0.054274429 -0.008795640 0.594940424
-0.010491351 0.039481867 -0.999165237 -7.976555824 -0.053885173 0.997745931 0.039991595 0.271075398 0.998492002 0.054259758 -0.008340217 0.594066978
-0.009779649 0.039300226 -0.999179602 -8.014348030 -0.053768493 0.997761011 0.039770707 0.271957010 0.998505533 0.054113325 -0.007644639 0.593526661
-0.009347402 0.042064771 -0.999071181 -8.052548409 -0.051300839 0.997779071 0.042490337 0.272875130 0.998639464 0.051650364 -0.007168682 0.593098879
-0.009466260 0.043458831 -0.999010384 -8.090915680 -0.050398238 0.997764707 0.043882199 0.273854166 0.998684287 0.050763760 -0.007254851 0.592684925
-0.008417230 0.040042039 -0.999162555 -8.129009247 -0.045604128 0.998142898 0.040385362 0.274830163 0.998924136 0.045905877 -0.006575516 0.592393339
-0.008795935 0.037149839 -0.999270976 -8.167495728 -0.043940481 0.998330057 0.037501641 0.275765955 0.998995423 0.044238310 -0.007148863 0.592215896
-0.007974328 0.036895465 -0.999287307 -8.206567764 -0.048758205 0.998116076 0.037241314 0.277224779 0.998778760 0.049020428 -0.006160349 0.591272235
-0.006696495 0.041016247 -0.999136150 -8.245848656 -0.050192371 0.997885227 0.041301314 0.278171152 0.998717129 0.050425585 -0.004623631 0.590833485
-0.004753648 0.040325768 -0.999175251 -8.285335541 -0.047895573 0.998030603 0.040507451 0.279360175 0.998840988 0.048048630 -0.002812861 0.590542912
-0.002333764 0.041248348 -0.999146223 -8.325113297 -0.046514153 0.998062849 0.041312270 0.280831635 0.998914838 0.046570852 -0.000410612 0.590270519
-0.000793295 0.046313539 -0.998926640 -8.365303993 -0.047395580 0.997802734 0.046299055 0.281910419 0.998875856 0.047381435 0.001403505 0.590030968
0.000960433 0.050191332 -0.998739183 -8.405898094 -0.044892929 0.997734845 0.050097689 0.283349514 0.998991311 0.044788215 0.003211494 0.589943826
0.001004103 0.050899591 -0.998703241 -8.446710587 -0.044098143 0.997734427 0.050805882 0.284841537 0.999026775 0.043989945 0.003246406 0.590758860
0.004605882 0.051171932 -0.998679221 -8.487738609 -0.047657356 0.997566402 0.050895095 0.286623657 0.998853147 0.047359999 0.007033390 0.589646161
0.008112065 0.053156842 -0.998553216 -8.529587746 -0.050345391 0.997341335 0.052683339 0.288209617 0.998699069 0.049845170 0.010766698 0.589312434
0.012836542 0.053261366 -0.998498082 -8.571257591 -0.051950950 0.997267187 0.052527845 0.289943486 0.998567104 0.051198643 0.015568443 0.588967919
0.014353450 0.050885979 -0.998601317 -8.613393784 -0.054742604 0.997246265 0.050030086 0.291356742 0.998397291 0.053947922 0.017099554 0.589888692
0.017774299 0.047901992 -0.998693824 -8.655713081 -0.054711912 0.997401655 0.046866283 0.292848140 0.998343945 0.053807441 0.020348925 0.590158820
0.019193444 0.046766140 -0.998721480 -8.698138237 -0.053680561 0.997512996 0.045677915 0.294397831 0.998373687 0.052735209 0.021656139 0.591074467
0.020532181 0.049075335 -0.998584032 -8.741024971 -0.054343224 0.997372806 0.047898442 0.295836627 0.998311222 0.053282816 0.023145152 0.591815054
0.022306884 0.052311301 -0.998381793 -8.784249306 -0.055932626 0.997131348 0.050996087 0.297356129 0.998185337 0.054704547 0.025168804 0.592339098
0.023473058 0.051890705 -0.998376846 -8.828036308 -0.055617318 0.997173190 0.050520506 0.299054563 0.998176157 0.054341167 0.026292726 0.593344688
