1.000000000 0.000000000 0.000000000 0.000000000 0.000000000 1.000000000 0.000000000 0.000000000 0.000000000 0.000000000 1.000000000 0.000000000
0.999790013 -0.008939872 0.018439591 0.001771806 0.008971587 0.999958336 -0.001637904 -0.000747674 -0.018424185 0.001802992 0.999828637 0.055828054
0.999863029 -0.011587447 0.011812554 0.001779668 0.011623906 0.999927819 -0.003022429 -0.000854820 -0.011776678 0.003159324 0.999925673 0.070522681
0.999912381 -0.013233884 -0.000350251 0.001402648 0.013231824 0.999898195 -0.005339276 -0.000807485 0.000420875 0.005334174 0.999985695 0.085290052
0.999778807 -0.012402392 -0.016985008 0.000551224 0.012315989 0.999910712 -0.005182324 -0.001335099 0.017047767 0.004971989 0.999842286 0.104186863
0.999315202 -0.008018280 -0.036120165 -0.000964798 0.007835415 0.999955893 -0.005201467 -0.001539656 0.036160283 0.004914891 0.999334037 0.116811022
0.998412371 -0.004523114 -0.056147508 -0.002638998 0.004153421 0.999968946 -0.006699269 -0.001644861 0.056176078 0.006455427 0.998399973 0.133021489
0.997073174 -0.004310867 -0.076331228 -0.004539266 0.003793089 0.999968827 -0.006926985 -0.001980910 0.076358721 0.006617179 0.997058392 0.149803728
0.995232105 -0.005862612 -0.097357772 -0.006768290 0.005264722 0.999965668 -0.006396930 -0.002143232 0.097391941 0.005853869 0.995228887 0.167213872
0.993067026 -0.006978252 -0.117342055 -0.009607243 0.006436200 0.999966800 -0.004997704 -0.002645936 0.117373049 0.004207818 0.993079007 0.185849324
0.990901530 -0.005960746 -0.134456992 -0.012819723 0.005342013 0.999973416 -0.004962024 -0.002588910 0.134482980 0.004198605 0.990907013 0.203313768
0.988665760 -0.004588857 -0.150063217 -0.016377188 0.003997103 0.999983013 -0.004244746 -0.002952338 0.150080130 0.003596817 0.988667428 0.222139910
0.986393690 -0.003918978 -0.164353713 -0.019693496 0.003167944 0.999983370 -0.004831489 -0.003053441 0.164369881 0.004245088 0.986389697 0.242163271
0.984459937 -0.005712485 -0.175516561 -0.024260761 0.004884726 0.999974847 -0.005147803 -0.003644695 0.175541520 0.004210454 0.984463036 0.261582285
0.982600927 -0.009889854 -0.185465887 -0.028164199 0.008698436 0.999935985 -0.007236540 -0.004152364 0.185525596 0.005497367 0.982624054 0.282821715
0.981111825 -0.008519603 -0.193253860 -0.032684419 0.006828579 0.999932349 -0.009414706 -0.004325810 0.193320990 0.007917229 0.981103599 0.303892553
0.979685843 -0.008382666 -0.200362712 -0.038054224 0.006379035 0.999922991 -0.010643543 -0.004811260 0.200436518 0.009149209 0.979663968 0.325907052
0.977875412 -0.009613370 -0.208966762 -0.042383488 0.006971649 0.999886215 -0.013374718 -0.005299422 0.209071547 0.011621967 0.977831304 0.348405391
0.976089239 -0.013477759 -0.216951981 -0.047587965 0.010372491 0.999826849 -0.015445592 -0.005591244 0.217122585 0.012825944 0.976060092 0.372318417
0.974216104 -0.019634316 -0.224761367 -0.052776214 0.016357139 0.999731183 -0.016433660 -0.006264609 0.225023612 0.012333484 0.974275172 0.395403981
0.972207546 -0.019184969 -0.233333081 -0.058567796 0.015300954 0.999712765 -0.018444674 -0.007389490 0.233619913 0.014361832 0.972221851 0.419574678
0.970136225 -0.016548384 -0.241995633 -0.066176131 0.011304065 0.999670625 -0.023043603 -0.007524277 0.242297217 0.019619899 0.970003545 0.445879906
0.967993915 -0.013478149 -0.250611901 -0.072778530 0.007180225 0.999635458 -0.026027592 -0.008480472 0.250871360 0.023395095 0.967737675 0.469377786
0.965751052 -0.015712567 -0.258994341 -0.080044791 0.008799701 0.999574065 -0.027828988 -0.009471027 0.259321302 0.024596801 0.965477765 0.495803207
0.963247776 -0.019361380 -0.267915785 -0.087000079 0.011757006 0.999482095 -0.029958814 -0.010310091 0.268357068 0.025707876 0.962976277 0.521954775
0.960956633 -0.019277519 -0.276026696 -0.094949767 0.010765039 0.999419630 -0.032321475 -0.011199607 0.276489526 0.028088100 0.960606277 0.548553288
0.958742499 -0.017655889 -0.283726960 -0.103753656 0.007747584 0.999321520 -0.036006358 -0.012532736 0.284170151 0.032322630 0.958228886 0.576530278
0.956578076 -0.018763563 -0.290871710 -0.112835698 0.007141926 0.999135077 -0.040964883 -0.014015614 0.291388750 0.037108727 0.955884635 0.604453623
0.954662502 -0.020266477 -0.296999395 -0.121494658 0.006047911 0.998794377 -0.048715018 -0.015520725 0.297628582 0.044710174 0.953634202 0.632686436
0.953457355 -0.021195473 -0.300782144 -0.131146848 0.004287961 0.998378575 -0.056761071 -0.017162159 0.301497579 0.052829515 0.952002227 0.661402404
0.952272773 -0.021086659 -0.304519266 -0.141040057 0.001212110 0.997864485 -0.065307423 -0.019053517 0.305246055 0.061821368 0.950264633 0.691073418
0.950885236 -0.019739142 -0.308913559 -0.152053654 -0.003347818 0.997250497 -0.074028045 -0.021509353 0.309525371 0.071426354 0.948204756 0.722079515
0.949734569 -0.018838676 -0.312489063 -0.163760275 -0.006894398 0.996686995 -0.081039995 -0.024040677 0.312980443 0.079120904 0.946458161 0.752921522
0.947875500 -0.017808830 -0.318143159 -0.174123734 -0.010656361 0.996106744 -0.087509036 -0.027073868 0.318462938 0.086337909 0.943995297 0.784896076
0.946195483 -0.017020144 -0.323147655 -0.185143128 -0.014118987 0.995493412 -0.093773730 -0.029600028 0.323287398 0.093290813 0.941691101 0.816846669
0.944481015 -0.015859900 -0.328182936 -0.197149932 -0.017613471 0.994954109 -0.098772548 -0.033533327 0.328093439 0.099069253 0.939435899 0.848562121
0.943254709 -0.010782061 -0.331895143 -0.211242378 -0.024327779 0.994543254 -0.101449274 -0.037358981 0.331177920 0.103766754 0.937845230 0.881695211
0.941247880 -0.011386772 -0.337524384 -0.221845895 -0.025042696 0.994326472 -0.103380822 -0.040278401 0.336786687 0.105759494 0.935622633 0.914294541
0.939001203 -0.012000169 -0.343704313 -0.235384554 -0.024825601 0.994418681 -0.102542982 -0.043822937 0.343016505 0.104820654 0.933462560 0.949309111
0.936786950 -0.011088324 -0.349724650 -0.247981280 -0.025806984 0.994585812 -0.100661881 -0.048247345 0.348947406 0.103324063 0.931428969 0.982357979
0.934193790 -0.010027543 -0.356624931 -0.260910273 -0.027231835 0.994684458 -0.099303365 -0.051693480 0.355724990 0.102480151 0.928955078 1.015600562
0.930978715 -0.009074048 -0.364960819 -0.274356842 -0.028102892 0.994943380 -0.096425034 -0.055444282 0.363990337 0.100026093 0.926016152 1.049112320
0.927812159 -0.006758468 -0.372986466 -0.289433777 -0.029232576 0.995444238 -0.090753995 -0.059079845 0.371900618 0.095106021 0.923387706 1.084700704
0.924288034 -0.003868771 -0.381675959 -0.304898918 -0.030935753 0.995899677 -0.085010484 -0.063222364 0.380439907 0.090381600 0.920378566 1.120660186
0.920893431 0.000564259 -0.389813960 -0.320494711 -0.035070784 0.996063530 -0.081409119 -0.066684753 0.388233602 0.088640220 0.917288184 1.154626131
0.917008340 0.001033740 -0.398866773 -0.336360097 -0.035753217 0.996184170 -0.079616077 -0.069851041 0.397262454 0.087269381 0.913546205 1.189598799
0.912995458 0.000377611 -0.407969505 -0.352548301 -0.035499789 0.996280015 -0.078522868 -0.073781021 0.406422228 0.086173870 0.909612596 1.225437760
0.909122288 0.000664907 -0.416528612 -0.368612826 -0.036162250 0.996348798 -0.077337861 -0.076805495 0.414956391 0.085372180 0.905827165 1.260116816
0.905108213 0.000871354 -0.425180435 -0.386305362 -0.036402307 0.996484876 -0.075449720 -0.080541074 0.423620105 0.083767697 0.901958525 1.297702789
0.901261926 0.001640162 -0.433271527 -0.403600454 -0.036964726 0.996638000 -0.073118709 -0.083835930 0.431694955 0.081914879 0.898292542 1.333496451
0.897514284 0.001169539 -0.440983713 -0.423710704 -0.035155453 0.997003555 -0.068906136 -0.087100975 0.439581782 0.077347226 0.894866049 1.372153282
0.894001245 0.003911379 -0.448047161 -0.442363203 -0.036029905 0.997351348 -0.063184775 -0.090372391 0.446613282 0.072630368 0.891774237 1.408058763
0.889779568 0.003410513 -0.456377745 -0.462439626 -0.034306418 0.997642696 -0.059430312 -0.092761889 0.455099344 0.068536557 0.887799144 1.447044969
0.885848045 0.001786044 -0.463971972 -0.481375784 -0.032228932 0.997814000 -0.057692703 -0.095636830 0.462854773 0.066060290 0.883969188 1.484777451
0.882806599 0.001600666 -0.469733894 -0.502794266 -0.031984139 0.997878253 -0.056709845 -0.098146901 0.468646526 0.065087855 0.880984724 1.523136854
0.879723132 0.003192049 -0.475475550 -0.523795843 -0.032842647 0.997997105 -0.054065403 -0.101342298 0.474350691 0.063178457 0.878066003 1.560577989
0.876929462 0.000643710 -0.480618536 -0.545134068 -0.029997377 0.998122752 -0.053395942 -0.103518397 0.479681909 0.061241779 0.875302613 1.598967910
0.874124587 -0.001345091 -0.485699922 -0.566489339 -0.027944226 0.998200476 -0.053056229 -0.106090039 0.484897226 0.059950266 0.872513890 1.637610912
0.871635318 -0.003395180 -0.490143150 -0.588549018 -0.026297325 0.998211861 -0.053679802 -0.108907215 0.489449024 0.059678666 0.869987428 1.678492546
0.870726347 -0.000181622 -0.491767913 -0.612076163 -0.030283697 0.998082221 -0.053989049 -0.111834422 0.490834594 0.061902240 0.869050920 1.716449976
0.869775832 -0.002461810 -0.493440777 -0.635667264 -0.027248401 0.998222113 -0.053010281 -0.114472717 0.492693990 0.059552539 0.868162394 1.759881973
0.869664967 -0.002488409 -0.493636101 -0.658543587 -0.026108121 0.998355806 -0.051028766 -0.117150463 0.492951453 0.057265844 0.868170083 1.799427271
0.869575560 -0.002741309 -0.493792295 -0.683847070 -0.025785346 0.998368204 -0.050950844 -0.120196402 0.493126184 0.057038225 0.868085861 1.842022657
0.869008005 -0.004855858 -0.494774014 -0.707654715 -0.023853885 0.998377919 -0.051694706 -0.122894496 0.494222552 0.056725398 0.867482722 1.883130431
0.867553949 -0.008353845 -0.497273058 -0.730881929 -0.019708114 0.998496175 -0.051157270 -0.125875160 0.496952564 0.054182004 0.866084516 1.924316645
0.866378546 -0.006382692 -0.499346942 -0.757445157 -0.021726912 0.998489738 -0.050459471 -0.128220469 0.498914838 0.054566283 0.864931464 1.968979359
0.864085972 -0.007954853 -0.503281415 -0.782134414 -0.017941531 0.998752892 -0.046590157 -0.130694464 0.503024399 0.049287535 0.862865746 2.011072636
0.861489475 -0.006215464 -0.507737339 -0.808280110 -0.017807696 0.998940110 -0.042443246 -0.133971915 0.507462978 0.045606039 0.860465765 2.054187775
0.857262373 -0.007636017 -0.514823198 -0.832898140 -0.015294399 0.999071121 -0.040286127 -0.136734694 0.514652669 0.042409692 0.856349289 2.095710039
0.852324724 -0.009472701 -0.522927165 -0.859758258 -0.015000999 0.998981774 -0.042546596 -0.139511928 0.522797823 0.044107944 0.851314783 2.138139486
0.846328855 -0.013000051 -0.532502115 -0.886215329 -0.013591795 0.998849452 -0.045987099 -0.142329425 0.532487273 0.046157863 0.845178545 2.179580688
0.840143442 -0.013003656 -0.542208314 -0.913743734 -0.013689880 0.998885572 -0.045168296 -0.145077765 0.542191446 0.045370620 0.839029074 2.222168207
0.834825277 -0.008102230 -0.550455332 -0.942190170 -0.016612364 0.999065578 -0.039899848 -0.147997886 0.550264180 0.042453770 0.833910704 2.262619019
0.829284608 -0.004460768 -0.558808684 -0.970441461 -0.018492950 0.999201357 -0.035420213 -0.150386885 0.558520436 0.039707452 0.828539848 2.305394173
0.825013876 -0.005892565 -0.565081716 -0.998609424 -0.018291835 0.999143124 -0.037124779 -0.152594790 0.564816356 0.040964834 0.824199319 2.346515656
0.821761847 -0.006667170 -0.569792092 -1.028231502 -0.020578550 0.998932064 -0.041367229 -0.155177057 0.569459438 0.045719497 0.820747018 2.388297081
0.818794012 -0.009281225 -0.574012399 -1.056307077 -0.022614159 0.998571813 -0.048403669 -0.157867610 0.573641896 0.052613437 0.817414641 2.427608490
0.815309227 -0.010382419 -0.578932583 -1.086456299 -0.022870835 0.998481512 -0.050115429 -0.160657167 0.578573883 0.054100242 0.813833714 2.470112562
0.811943531 -0.010029916 -0.583649635 -1.115516782 -0.020863114 0.998714983 -0.046186440 -0.163234368 0.583362877 0.049677532 0.810690939 2.509815216
0.809036970 -0.006306039 -0.587723970 -1.146746516 -0.021853141 0.998928249 -0.040800244 -0.166308522 0.587351382 0.045852516 0.808032095 2.552390575
0.806075037 -0.003828153 -0.591800988 -1.175829053 -0.022992907 0.999021471 -0.037780296 -0.168976396 0.591366529 0.044060979 0.805198252 2.591050625
0.802776873 -0.003837157 -0.596266985 -1.207025290 -0.023966005 0.998963654 -0.038694978 -0.171029150 0.595797479 0.045353577 0.801853061 2.633642912
0.799381614 -0.005546834 -0.600797892 -1.236922622 -0.023538250 0.998900592 -0.040540729 -0.173452452 0.600362301 0.046549249 0.798372328 2.671836853
0.795154095 -0.008113597 -0.606353164 -1.267351627 -0.022499846 0.998827219 -0.042870935 -0.176156655 0.605989873 0.047731858 0.794039011 2.712055922
0.790974021 -0.009061145 -0.611782789 -1.297833204 -0.021624379 0.998851657 -0.042752199 -0.179494932 0.611467600 0.047045302 0.789869606 2.749998808
0.786480308 -0.009863755 -0.617536724 -1.329889774 -0.020472823 0.998906553 -0.042028986 -0.181798637 0.617276192 0.045697682 0.785418332 2.791311741
0.781905174 -0.008959704 -0.623333037 -1.361509204 -0.021519247 0.998912871 -0.041351855 -0.184339941 0.623025954 0.045746882 0.780862391 2.829290390
0.776099801 -0.010993185 -0.630514324 -1.393923283 -0.020333081 0.998891950 -0.042443939 -0.187174454 0.630282223 0.045761026 0.775016308 2.869946957
0.770583391 -0.013261721 -0.637201130 -1.426761389 -0.018659156 0.998885453 -0.043354254 -0.189669773 0.637066007 0.045297701 0.769477129 2.910171509
0.764746070 -0.013876079 -0.644182324 -1.459661245 -0.018927269 0.998852849 -0.043985553 -0.192533657 0.644053698 0.045830391 0.763606191 2.949146271
0.759344101 -0.015509312 -0.650504291 -1.493641853 -0.018440226 0.998801470 -0.045338977 -0.195422798 0.650427759 0.046423342 0.758148074 2.987755537
0.753115058 -0.018392395 -0.657631636 -1.526914358 -0.015704179 0.998821676 -0.045918986 -0.198298663 0.657701313 0.044909842 0.751938879 3.025699139
0.747132540 -0.018027063 -0.664430678 -1.560646772 -0.016161133 0.998843968 -0.045272946 -0.202261835 0.664478600 0.044562843 0.745977521 3.063323498
0.740253270 -0.019638328 -0.672041178 -1.595826149 -0.013612473 0.998930633 -0.044184808 -0.204166174 0.672190189 0.041856088 0.739194393 3.103038073
0.733991325 -0.020526445 -0.678848505 -1.630684614 -0.012086604 0.998990119 -0.043275010 -0.207142189 0.679051220 0.039968453 0.733001947 3.139910460
0.727456987 -0.021593714 -0.685813367 -1.666533709 -0.012007032 0.998950958 -0.044189367 -0.210149482 0.686048269 0.040380444 0.726434529 3.177809954
0.720789969 -0.022789439 -0.692778766 -1.701918364 -0.012047048 0.998896420 -0.045393538 -0.213161647 0.693048894 0.041065134 0.719720006 3.214420557
0.715140283 -0.022469411 -0.698619723 -1.738223791 -0.012765157 0.998896718 -0.045194104 -0.215902686 0.698864520 0.041238107 0.714064360 3.250316620
0.708978951 -0.022672566 -0.704865098 -1.777110100 -0.012762867 0.998906910 -0.044968009 -0.218632162 0.705114126 0.040877473 0.707914591 3.290607214
0.704486370 -0.022284791 -0.709367454 -1.817354679 -0.013177688 0.998923898 -0.044468220 -0.222386464 0.709595025 0.040675089 0.703434706 3.327283859
0.699368179 -0.022576071 -0.714405060 -1.854649425 -0.014474533 0.998848736 -0.045734715 -0.224887788 0.714615166 0.042326082 0.698236167 3.364881277
0.694531441 -0.025025973 -0.719027042 -1.892969370 -0.014730615 0.998690724 -0.048988543 -0.227565885 0.719311535 0.044615790 0.693253458 3.401211739
0.689524889 -0.027227795 -0.723750055 -1.932144523 -0.014252743 0.998589456 -0.051146120 -0.231245950 0.724121749 0.045581952 0.688164115 3.437788248
0.684315026 -0.027996391 -0.728648841 -1.971743822 -0.014050753 0.998570859 -0.051563267 -0.234092921 0.729051113 0.045523588 0.682943702 3.474400520
0.679304361 -0.027180128 -0.733353138 -2.011536121 -0.014572705 0.998617232 -0.050510239 -0.237286195 0.733712018 0.044998761 0.677968919 3.510973692
0.674059808 -0.027676439 -0.738158047 -2.051843166 -0.013143917 0.998690248 -0.049447373 -0.240388438 0.738559783 0.043032788 0.672813118 3.548105240
0.669444025 -0.028953807 -0.742297947 -2.092562199 -0.013211377 0.998618126 -0.050866462 -0.243029833 0.742744923 0.043859031 0.668136358 3.583679676
0.664290369 -0.029456446 -0.746894002 -2.134122372 -0.012064215 0.998670459 -0.050116114 -0.246935010 0.747377276 0.042302337 0.663051844 3.620824814
0.659491241 -0.030258948 -0.751102984 -2.174583673 -0.010816710 0.998704016 -0.049731214 -0.250198990 0.751634359 0.040921759 0.658309340 3.656689167
0.656141520 -0.030953510 -0.754002750 -2.217876911 -0.010319801 0.998696923 -0.049979161 -0.253248870 0.754567266 0.040574562 0.654967129 3.692798138
0.651635051 -0.034407239 -0.757751822 -2.258635521 -0.006679033 0.998671651 -0.051090382 -0.256801426 0.758503199 0.038353328 0.650539696 3.728780270
0.648042321 -0.038023241 -0.760654569 -2.300624609 -0.005314681 0.998502791 -0.054440565 -0.260045767 0.761585772 0.039322421 0.646870077 3.762823582
0.643891692 -0.041891173 -0.763969004 -2.342293262 -0.001976886 0.998405576 -0.056412339 -0.263201058 0.765114129 0.037833717 0.642782271 3.796474457
0.636850655 -0.045788050 -0.769626260 -2.385185719 0.002974559 0.998373389 -0.056935705 -0.266643763 0.770981431 0.033970252 0.635951042 3.832749605
0.628133893 -0.049785662 -0.776510954 -2.426046848 0.008675559 0.998337030 -0.056990121 -0.270333648 0.778056920 0.029060764 0.627521217 3.867063046
0.619109690 -0.050130822 -0.783702970 -2.469482660 0.011173554 0.998421669 -0.055038776 -0.274215668 0.785225153 0.025318284 0.618692577 3.901436806
0.610744655 -0.048791569 -0.790322959 -2.512797117 0.011616550 0.998544455 -0.052669361 -0.277781606 0.791742384 0.022986708 0.610422492 3.933449984
0.601306975 -0.048801526 -0.797526300 -2.556985140 0.011136392 0.998548031 -0.052705821 -0.280983806 0.798940420 0.022810813 0.600977421 3.966567755
0.592476428 -0.049576826 -0.804060936 -2.601241112 0.009538213 0.998466253 -0.054535210 -0.284771532 0.805531323 0.024641521 0.592040598 3.998496056
0.582462609 -0.052101765 -0.811186016 -2.646542788 0.010774103 0.998350799 -0.056386981 -0.288187146 0.812786102 0.024103509 0.582063377 4.030419350
0.572706223 -0.054306645 -0.817959845 -2.693276882 0.010806664 0.998216629 -0.058707960 -0.291218519 0.819689453 0.024782998 0.572271705 4.062359810
0.562723815 -0.053699274 -0.824899018 -2.738800049 0.012692013 0.998331368 -0.056331243 -0.295750529 0.826547503 0.021229301 0.562466502 4.093346119
0.552478313 -0.054465916 -0.831745863 -2.785113811 0.015271755 0.998356760 -0.055232137 -0.299417198 0.833387315 0.017812345 0.552402258 4.124053001
0.542888999 -0.054715328 -0.838020146 -2.832644224 0.015408828 0.998356342 -0.055201668 -0.303651243 0.839663029 0.017055469 0.542839706 4.153100014
0.531889915 -0.055995170 -0.844960153 -2.879698753 0.015236664 0.998282611 -0.056564540 -0.306871206 0.846676409 0.017211728 0.531829655 4.183481693
0.521987319 -0.056434616 -0.851084232 -2.927057981 0.013926375 0.998239636 -0.057651028 -0.310447395 0.852839470 0.018240588 0.521854341 4.212071419
0.512479603 -0.057046063 -0.856802285 -2.976691723 0.011731914 0.998162925 -0.059440654 -0.314365983 0.858619094 0.020410197 0.512207568 4.241271019
0.502773762 -0.057156064 -0.862526357 -3.025430441 0.011428038 0.998163939 -0.059482709 -0.318351805 0.864342511 0.020049362 0.502503753 4.269541740
0.494202465 -0.054654844 -0.867627084 -3.076267242 0.010276248 0.998319328 -0.057034224 -0.322577804 0.869286120 0.019270500 0.493933499 4.297669411
0.485618830 -0.054082453 -0.872496188 -3.126806736 0.011985621 0.998402536 -0.055215847 -0.325973570 0.874088466 0.016356448 0.485491246 4.326098442
0.478318393 -0.053602133 -0.876549125 -3.177011967 0.011475814 0.998431802 -0.054793250 -0.330178291 0.878111541 0.016149510 0.478183359 4.352938652
0.470721334 -0.056539129 -0.880468488 -3.228584528 0.012057631 0.998263657 -0.057656996 -0.334035188 0.882199585 0.016524019 0.470585734 4.380316734
0.463685274 -0.060235336 -0.883950055 -3.279418945 0.015950678 0.998092055 -0.059646260 -0.337770104 0.885856390 0.013557489 0.463761359 4.407060146
0.457931161 -0.062428340 -0.886793017 -3.329065323 0.015866525 0.997946262 -0.062059976 -0.342095345 0.888846040 0.014348874 0.457981229 4.432395935
0.451881826 -0.066290185 -0.889611363 -3.381755114 0.019323092 0.997728586 -0.064531393 -0.346903265 0.891868532 0.011970523 0.452136338 4.459438324
0.447017848 -0.067076035 -0.892006636 -3.432604313 0.022407630 0.997711420 -0.063795395 -0.351392806 0.894244373 0.008529931 0.447497845 4.484972954
0.442749828 -0.064436212 -0.894326806 -3.486497879 0.023259481 0.997904181 -0.060383994 -0.355843306 0.896343470 0.005933424 0.443320632 4.511709690
0.438146323 -0.062230904 -0.896746993 -3.538021564 0.026089767 0.998060763 -0.056514379 -0.360233665 0.898525000 0.001365646 0.438920289 4.537690163
0.435999304 -0.062085882 -0.897802770 -3.588602543 0.027274515 0.998070657 -0.055774428 -0.363832653 0.899533570 -0.000169525 0.436851621 4.560851097
0.432876438 -0.061723556 -0.899337649 -3.639838219 0.029026866 0.998090148 -0.054529715 -0.368097484 0.900985777 -0.002500326 0.433841407 4.585791588
0.429957539 -0.060789324 -0.900800407 -3.690851927 0.030959250 0.998136640 -0.052580904 -0.372002542 0.902318120 -0.005280547 0.431038380 4.610433578
0.427510291 -0.059916731 -0.902022660 -3.741265297 0.032620586 0.998173892 -0.050843135 -0.375779927 0.903421700 -0.007688554 0.428684115 4.634580612
0.425602466 -0.059916742 -0.902924418 -3.791210175 0.033787653 0.998161972 -0.050310411 -0.380097181 0.904279292 -0.009095460 0.426844627 4.657931805
0.422911495 -0.063428417 -0.903948426 -3.844036579 0.039221942 0.997893631 -0.051670440 -0.381231755 0.905321777 -0.013602595 0.424508423 4.682111263
0.420350313 -0.061642483 -0.905265629 -3.891546249 0.041650157 0.997948885 -0.048613779 -0.385533899 0.906405509 -0.017269645 0.422055453 4.704832554
0.418713272 -0.061975289 -0.906001210 -3.943320274 0.044458378 0.997871220 -0.047713004 -0.388662040 0.907029569 -0.020301264 0.420577317 4.728019238
0.417439580 -0.063269950 -0.906499326 -3.991708279 0.046892118 0.997743845 -0.048044797 -0.391971827 0.907494009 -0.022451866 0.419464707 4.749950886
0.415954411 -0.064405352 -0.907102048 -4.041403770 0.048454747 0.997641563 -0.048614722 -0.395605624 0.908093631 -0.023731891 0.418094158 4.772548676
0.415619582 -0.065031819 -0.907210708 -4.089191437 0.047636822 0.997628033 -0.049689408 -0.399353057 0.908290207 -0.022564739 0.417731643 4.793683052
0.415729731 -0.066409715 -0.907060385 -4.135576248 0.048328154 0.997534573 -0.050883640 -0.402897000 0.908203244 -0.022682710 0.417914242 4.815491676
0.418827504 -0.065572195 -0.905695140 -4.182772636 0.044746239 0.997667968 -0.051538672 -0.406249404 0.906962633 -0.018940635 0.420784920 4.836280823
0.422005355 -0.065733604 -0.904207170 -4.227520943 0.043112520 0.997694612 -0.052408736 -0.410083055 0.905567646 -0.016865887 0.423866451 4.858045578
0.427631825 -0.065483086 -0.901578128 -4.274522305 0.041846037 0.997737467 -0.052619122 -0.414222568 0.902983904 -0.015225861 0.429404497 4.879310608
0.432031095 -0.067369998 -0.899338901 -4.318895340 0.043051813 0.997609675 -0.054049972 -0.416656703 0.900830567 -0.015366899 0.433898777 4.902051449
0.439915538 -0.064790338 -0.895698905 -4.364802361 0.040814146 0.997805893 -0.052130684 -0.421047240 0.897111237 -0.013624085 0.441594660 4.923724174
0.447279543 -0.064720176 -0.892049491 -4.408264160 0.039526816 0.997834325 -0.052576095 -0.423261106 0.893520355 -0.011743664 0.448869079 4.945825577
0.456046164 -0.064902306 -0.887586355 -4.453627586 0.039107509 0.997835279 -0.052870333 -0.426398605 0.889096439 -0.010599978 0.457597166 4.968579292
0.466318011 -0.062311452 -0.882419765 -4.495387077 0.037138674 0.998015642 -0.050848093 -0.430572331 0.883837223 -0.009060522 0.467706800 4.989732742
0.475831747 -0.062417429 -0.877318740 -4.538090706 0.035858005 0.998026073 -0.051556908 -0.433943421 0.878805041 -0.006926481 0.477130651 5.013179779
0.486101329 -0.064893544 -0.871489644 -4.582476616 0.034653928 0.997886181 -0.054976039 -0.436671615 0.873215139 -0.003476619 0.487322599 5.037012577
0.498137057 -0.065335475 -0.864633322 -4.624651909 0.032478992 0.997863352 -0.056690950 -0.440441906 0.866489828 0.000157448 0.499194741 5.060800076
0.510189235 -0.062462583 -0.857791007 -4.664918900 0.028712366 0.998040318 -0.055597972 -0.443849921 0.859582782 0.003736280 0.510982871 5.084683418
0.523999333 -0.061118059 -0.849522948 -4.708152771 0.028744886 0.998122871 -0.054078620 -0.447087914 0.851233482 0.003917719 0.524772584 5.109696865
0.535908461 -0.058010709 -0.842280746 -4.747428417 0.027514951 0.998306751 -0.051250111 -0.450856477 0.843827665 0.004290057 0.536597192 5.134781837
0.549013972 -0.057858989 -0.833808005 -4.788641930 0.027976092 0.998314202 -0.050853651 -0.453903884 0.835344732 0.004592679 0.549707115 5.160443783
0.560929120 -0.057676222 -0.825852275 -4.828488350 0.027930098 0.998320758 -0.050750669 -0.457362771 0.827392519 0.005401397 0.561598063 5.187139988
0.572013974 -0.058528069 -0.818153083 -4.866596699 0.028103212 0.998263836 -0.051764175 -0.460664093 0.819762290 0.006617108 0.572665691 5.213571072
0.582416475 -0.061123330 -0.810589314 -4.903851509 0.030591076 0.998110712 -0.053283598 -0.463280618 0.812314808 0.006236445 0.583186030 5.240677357
0.594208419 -0.059528586 -0.802105010 -4.941529274 0.030235529 0.998205721 -0.051683456 -0.467229366 0.803742588 0.006458666 0.594942093 5.267664433
0.605105758 -0.056466445 -0.794140220 -4.977997303 0.029016497 0.998383105 -0.048879411 -0.470693290 0.795616150 0.006534046 0.605765700 5.294663429
0.615202248 -0.053749580 -0.786534905 -5.013811111 0.029086459 0.998541355 -0.045487013 -0.473485827 0.787832618 0.005106197 0.615868270 5.322344303
0.625437737 -0.052284144 -0.778520405 -5.048978329 0.028101383 0.998614550 -0.044489559 -0.476206958 0.779767871 0.005947958 0.626040518 5.349795818
0.635553956 -0.051524531 -0.770335376 -5.083284378 0.025713902 0.998629749 -0.045579322 -0.478899449 0.771628141 0.009159791 0.636008024 5.377469540
0.644930482 -0.051354568 -0.762513876 -5.116846085 0.024271136 0.998612761 -0.046727207 -0.481522501 0.763855755 0.011628718 0.645282209 5.405765533
0.654804647 -0.051316638 -0.754054070 -5.149719238 0.024042603 0.998601735 -0.047081076 -0.484022319 0.755415618 0.012699484 0.655122817 5.433267593
0.663227916 -0.048238140 -0.746861279 -5.182261467 0.023330398 0.998768270 -0.043790400 -0.487175077 0.748053730 0.011618448 0.663536429 5.462574482
0.671719491 -0.046780631 -0.739327013 -5.214032173 0.023778457 0.998851418 -0.041597892 -0.489721477 0.740423858 0.010362060 0.672060370 5.491583347
0.679964364 -0.045951303 -0.731803834 -5.245254993 0.023636118 0.998889327 -0.040760297 -0.492188066 0.732864022 0.010418549 0.680295289 5.520294666
0.688439429 -0.045529936 -0.723863244 -5.274540424 0.022517988 0.998888314 -0.041412584 -0.494180053 0.724944115 0.012210111 0.688699484 5.547184944
0.695225835 -0.044229347 -0.717429221 -5.306102276 0.021916140 0.998945355 -0.040346872 -0.496834815 0.718457043 0.012326917 0.695462048 5.578099251
0.702778161 -0.042569481 -0.710134208 -5.335378170 0.022043163 0.999031901 -0.038072817 -0.498773634 0.711067319 0.011103142 0.703036249 5.606576443
0.709768176 -0.039034367 -0.703352928 -5.365050316 0.020468308 0.999184728 -0.034797318 -0.501551867 0.704137743 0.010301587 0.709988594 5.636752129
0.717312634 -0.037468001 -0.695743263 -5.392889977 0.019306567 0.999238491 -0.033907086 -0.503379345 0.696483910 0.010889571 0.717489898 5.665430546
0.724580109 -0.036424901 -0.688227296 -5.421109200 0.018629821 0.999272645 -0.033273321 -0.505778790 0.688938737 0.011287637 0.724731624 5.694535255
0.732452571 -0.033170868 -0.680009484 -5.448634624 0.015510363 0.999366164 -0.032042552 -0.507934332 0.680641353 0.012922458 0.732502818 5.723757744
0.741564870 -0.030815795 -0.670173049 -5.475335121 0.015332474 0.999461949 -0.028991316 -0.509693742 0.670705914 0.011223529 0.741638422 5.752668381
0.751006305 -0.027262885 -0.659731984 -5.500728607 0.013560593 0.999573231 -0.025869854 -0.511317909 0.660155773 0.010482064 0.751055598 5.781278610
0.761005342 -0.024931824 -0.648266315 -5.526565552 0.011721183 0.999626577 -0.024685267 -0.513218641 0.648639739 0.011187172 0.761013329 5.811061382
0.771008492 -0.024096077 -0.636368930 -5.550889969 0.009792108 0.999614298 -0.025986485 -0.514627814 0.636749625 0.013804405 0.770946980 5.839472771
0.780822635 -0.024985354 -0.624252915 -5.574995518 0.009912044 0.999569654 -0.027609089 -0.516295075 0.624674082 0.015370183 0.780734301 5.869898319
0.790894151 -0.024307661 -0.611469984 -5.598322392 0.009558521 0.999579608 -0.027372828 -0.517690897 0.611878157 0.015804257 0.790794075 5.899405003
0.800910354 -0.022424676 -0.598364055 -5.620694160 0.009130205 0.999639690 -0.025242353 -0.519684017 0.598714590 0.014753676 0.800826609 5.929497242
0.810996294 -0.019895006 -0.584712803 -5.642518520 0.008809702 0.999723613 -0.021796800 -0.521438479 0.584984958 0.012525979 0.810947418 5.959489822
0.820387483 -0.018952230 -0.571493864 -5.663940430 0.009162152 0.999757886 -0.020002192 -0.522398591 0.571734607 0.011173433 0.820362508 5.990674496
0.829572558 -0.017368209 -0.558128715 -5.684870243 0.009532684 0.999810994 -0.016943889 -0.523484647 0.558317661 0.008735720 0.829581261 6.020704269
0.837641239 -0.016679795 -0.545965970 -5.705327034 0.010147901 0.999836206 -0.014976691 -0.524703860 0.546126544 0.007004685 0.837673545 6.052354336
0.844786465 -0.017246839 -0.534825742 -5.725040436 0.012032609 0.999839962 -0.013236264 -0.526083052 0.534968495 0.004746465 0.844858706 6.083890438
0.851311028 -0.016661977 -0.524396718 -5.745053768 0.011494339 0.999848008 -0.013108755 -0.526751161 0.524535418 0.005132034 0.851373196 6.116376877
0.858168066 -0.015499512 -0.513134837 -5.764757156 0.010373302 0.999863565 -0.012853074 -0.528325379 0.513264120 0.005707196 0.858211815 6.148506165
0.864992678 -0.013539400 -0.501601875 -5.783708572 0.008598425 0.999889076 -0.012161687 -0.528843164 0.501710951 0.006206783 0.865013123 6.180277348
0.870924294 -0.012598117 -0.491255701 -5.802148342 0.008029326 0.999902725 -0.011407416 -0.529850125 0.491351545 0.005990544 0.870940745 6.213835716
0.876676261 -0.013956165 -0.480878294 -5.820652962 0.009508657 0.999886572 -0.011683967 -0.530746698 0.480986714 0.005670550 0.876709580 6.247668743
0.881612957 -0.014913599 -0.471737385 -5.838216305 0.010277592 0.999870241 -0.012402676 -0.531906068 0.471861124 0.006086035 0.881651878 6.281286240
0.885938287 -0.015172076 -0.463554919 -5.856316566 0.010360628 0.999862790 -0.012924294 -0.532778203 0.463687390 0.006647408 0.885973930 6.314911366
0.889581561 -0.014567703 -0.456544161 -5.874372482 0.010034172 0.999873340 -0.012352910 -0.533469081 0.456666261 0.006407878 0.889614999 6.349295139
0.892607987 -0.013613433 -0.450628072 -5.892389297 0.010522301 0.999900758 -0.009364245 -0.533915043 0.450710803 0.003616956 0.892662704 6.384657383
0.895793259 -0.007937783 -0.444400042 -5.909264565 0.006536897 0.999967575 -0.004684563 -0.535046756 0.444422960 0.001291403 0.895816088 6.418707371
0.899105549 -0.005382310 -0.437698811 -5.927061081 0.005128943 0.999985278 -0.001760960 -0.535777807 0.437701851 -0.000661643 0.899119914 6.454939842
0.902222455 -0.002020172 -0.431266218 -5.944042683 0.002604048 0.999996245 0.000763484 -0.536887228 0.431263059 -0.001811870 0.902224422 6.490688324
0.905468285 -0.001465196 -0.424411386 -5.962156773 0.002875935 0.999992192 0.002683440 -0.536335468 0.424404174 -0.003650349 0.905465484 6.528451920
0.908763587 0.000531689 -0.417311072 -5.979712486 0.001927765 0.999983132 0.005472086 -0.536602378 0.417307019 -0.005777311 0.908747196 6.566075325
0.911899209 0.000176177 -0.410414159 -5.996298790 0.003190417 0.999966681 0.007518038 -0.536708891 0.410401821 -0.008165086 0.911868155 6.604907513
0.915534198 0.000551725 -0.402239829 -6.014108658 0.003213932 0.999957085 0.008686773 -0.537285328 0.402227312 -0.009245807 0.915493131 6.644507408
0.919043660 -0.000347478 -0.394155532 -6.031616211 0.004126654 0.999953330 0.008740495 -0.537185669 0.394134134 -0.009659439 0.919002116 6.684967518
0.922885060 -0.003311337 -0.385061353 -6.048752785 0.006840036 0.999946177 0.007794624 -0.536929488 0.385014832 -0.009827374 0.922858000 6.726056099
0.926859379 -0.004212296 -0.375385016 -6.064764977 0.007222001 0.999952018 0.006611039 -0.537181616 0.375339180 -0.008838533 0.926845372 6.766415119
0.931232691 -0.005176102 -0.364388347 -6.081513405 0.007445869 0.999960661 0.004824356 -0.537599325 0.364349037 -0.007205785 0.931234539 6.808728218
0.936155736 -0.004147000 -0.351561129 -6.096670151 0.005781858 0.999976814 0.003600561 -0.537317097 0.351537973 -0.005403361 0.936157942 6.850595474
0.942256093 -0.000019526 -0.334893256 -6.113578320 0.001779884 0.999986112 0.004949579 -0.537858427 0.334888548 -0.005259841 0.942243099 6.894915104
0.948606014 0.003636469 -0.316438526 -6.127604485 -0.001229486 0.999968767 0.007805802 -0.538390517 0.316457093 -0.007015575 0.948580921 6.938356876
0.955081105 0.006222900 -0.296279401 -6.141511440 -0.003693459 0.999951720 0.009096305 -0.538173199 0.296321750 -0.007593412 0.955058038 6.980663300
0.961357355 0.008043448 -0.275185794 -6.155807972 -0.005394437 0.999931574 0.010381764 -0.538517356 0.275250494 -0.008496115 0.961335003 7.029459953
0.967146754 0.009716981 -0.254032373 -6.168459892 -0.006928934 0.999905586 0.011867647 -0.538088202 0.254123688 -0.009717585 0.967122912 7.077146053
0.972615600 0.010779225 -0.232169598 -6.179053307 -0.007536334 0.999861419 0.014850238 -0.538573742 0.232297555 -0.012693867 0.972561896 7.122931004
0.977658927 0.013000775 -0.209794998 -6.191356659 -0.009357205 0.999787807 0.018350592 -0.538532853 0.209989071 -0.015977528 0.977573097 7.172943115
0.982143223 0.015462259 -0.187497854 -6.201459885 -0.011464758 0.999683619 0.022386026 -0.538042426 0.187784657 -0.019836666 0.982009888 7.223070145
0.986222446 0.017368840 -0.164509505 -6.210972309 -0.013348242 0.999585271 0.025514033 -0.536878705 0.164884388 -0.022966599 0.986045420 7.274818897
0.989658654 0.019552324 -0.142104313 -6.218919277 -0.016070770 0.999542892 0.025606608 -0.536405325 0.142540023 -0.023058079 0.989520371 7.323849678
0.992571354 0.018758677 -0.120209351 -6.224368095 -0.016023954 0.999591231 0.023676120 -0.536242008 0.120604359 -0.021574009 0.992466211 7.372758865
0.994909286 0.018414877 -0.099076986 -6.231826305 -0.016297149 0.999621928 0.022141669 -0.534896374 0.099447265 -0.020414282 0.994833291 7.427856445
0.996781588 0.017513964 -0.078229941 -6.238583565 -0.015677433 0.999588311 0.024028907 -0.533556342 0.078618601 -0.022725130 0.996645689 7.484369278
0.998135984 0.018643735 -0.058113463 -6.241896629 -0.017174538 0.999522686 0.025679275 -0.532667577 0.058564492 -0.024633335 0.997979641 7.537715912
0.999117911 0.019937802 -0.036957424 -6.245834351 -0.018950539 0.999459207 0.026874024 -0.532401919 0.037473239 -0.026149957 0.998955369 7.592262268
0.999652267 0.020436576 -0.016663503 -6.247615814 -0.019981805 0.999435365 0.027015934 -0.530710220 0.017206205 -0.026673576 0.999496102 7.651057720
0.999773562 0.020928502 0.003834894 -6.248043537 -0.021026343 0.999399185 0.027549412 -0.530163884 -0.003256023 -0.027623806 0.999613106 7.704916477
0.999424994 0.023189826 0.024735343 -6.248003006 -0.023854751 0.999352515 0.026934031 -0.528861523 -0.024094742 -0.027508596 0.999331117 7.761448383
0.998691499 0.024798354 0.044722009 -6.245774746 -0.025964120 0.999333024 0.025677275 -0.528155804 -0.044055425 -0.026804848 0.998669446 7.821101189
0.997663677 0.024693742 0.063696355 -6.241995811 -0.026195154 0.999395728 0.022844855 -0.527219176 -0.063093744 -0.024460023 0.997707844 7.878283024
0.996217251 0.027365986 0.082476482 -6.237075806 -0.029190071 0.999353409 0.020992121 -0.527465820 -0.081848696 -0.023320206 0.996371865 7.931755066
0.994409621 0.027313491 0.101997651 -6.232777119 -0.029378479 0.999391556 0.018798202 -0.526339114 -0.101422131 -0.021689646 0.994607151 7.991917133
0.992270529 0.026760526 0.121174172 -6.227419376 -0.028795345 0.999471605 0.015072362 -0.524704039 -0.120706797 -0.018445112 0.992516816 8.056329727
0.989733577 0.028610196 0.140032500 -6.220624447 -0.030352928 0.999485850 0.010324888 -0.525888622 -0.139665112 -0.014469281 0.990093172 8.106523514
0.987090170 0.030534381 0.157228068 -6.210069656 -0.031473376 0.999498487 0.003485322 -0.526222527 -0.157042786 -0.008388825 0.987556159 8.170871735
0.984090149 0.033148713 0.174549833 -6.199960709 -0.033379350 0.999441445 -0.001615047 -0.527245462 -0.174505860 -0.004237008 0.984647036 8.228668213
0.980748355 0.035216596 0.192074403 -6.189617157 -0.034850653 0.999378502 -0.005284390 -0.529029131 -0.192141116 -0.001511260 0.981366098 8.288584709
0.976993203 0.037445068 0.209957555 -6.176853657 -0.036458623 0.999298453 -0.008568234 -0.529313684 -0.210131094 0.000716341 0.977672935 8.353723526
0.973051786 0.036537524 0.227673873 -6.163681507 -0.035534926 0.999332368 -0.008502529 -0.530366719 -0.227832511 0.000183025 0.973700345 8.412874222
0.968841434 0.036445383 0.244986013 -6.147880554 -0.035311673 0.999335647 -0.009019955 -0.532338500 -0.245151967 0.000088041 0.969484687 8.472639084
0.964608431 0.036304135 0.261175424 -6.131278992 -0.033723116 0.999328017 -0.014358721 -0.533614576 -0.261521250 0.005042892 0.965184510 8.540334702
0.960031569 0.037611257 0.277353346 -6.113727093 -0.033635173 0.999252021 -0.019081419 -0.534766734 -0.277863532 0.008989936 0.960578561 8.600749969
0.954856217 0.039929651 0.294372678 -6.095693111 -0.035942122 0.999174297 -0.018945780 -0.536951482 -0.294886172 0.007510114 0.955502868 8.663530350
0.949314415 0.041363530 0.311594605 -6.075266361 -0.036975391 0.999116421 -0.019980161 -0.539344192 -0.312145680 0.007446120 0.950005054 8.730751038
0.943090975 0.046057530 0.329329640 -6.054968834 -0.040911078 0.998908460 -0.022543918 -0.542129517 -0.330008477 0.007787734 0.943945885 8.794425011
0.936762929 0.046974681 0.346797496 -6.032585144 -0.040180251 0.998834014 -0.026760679 -0.544101596 -0.347650230 0.011133998 0.937558174 8.856843948
0.930342019 0.047495436 0.363604099 -6.007973671 -0.039405830 0.998783648 -0.029638711 -0.546550155 -0.364569485 0.013246013 0.931081891 8.923274040
0.923289835 0.048043862 0.381087542 -5.982784271 -0.037481923 0.998680949 -0.035093803 -0.549435019 -0.382270873 0.018117860 0.923872650 8.986528397
0.915060699 0.051554874 0.400007516 -5.955547333 -0.038283288 0.998421192 -0.041104078 -0.553426027 -0.401495099 0.022299120 0.915589571 9.051177025
0.905512810 0.055113632 0.420724452 -5.928259850 -0.039928678 0.998196661 -0.044823430 -0.556705713 -0.422436118 0.023789216 0.906080484 9.112220764
0.893957436 0.057773586 0.444412261 -5.899003029 -0.041652661 0.998074412 -0.045963246 -0.561046362 -0.446211964 0.022578232 0.894642413 9.174928665
0.880691230 0.062960573 0.469487906 -5.868472576 -0.045032579 0.997766852 -0.049330682 -0.563723207 -0.471545339 0.022302847 0.881559730 9.234817505
0.867042959 0.067019604 0.493705302 -5.834550381 -0.047116246 0.997500122 -0.052663531 -0.568919897 -0.496000558 0.022400001 0.868033230 9.297687531
0.852466404 0.070866220 0.517956555 -5.799361229 -0.048995066 0.997238815 -0.055803735 -0.573698163 -0.520481050 0.022193493 0.853584707 9.361211777
0.837508500 0.072186530 0.541635156 -5.762277603 -0.048092499 0.997126639 -0.058528762 -0.578382015 -0.544303775 0.022969753 0.838573635 9.419818878
0.821941853 0.073756605 0.564775705 -5.722869873 -0.047441430 0.997000039 -0.061159194 -0.583639503 -0.567592144 0.023475539 0.822974920 9.481724739
0.805914223 0.076325439 0.587091804 -5.682394505 -0.046087652 0.996733785 -0.066315770 -0.588599145 -0.590235710 0.026387148 0.806799471 9.539285660
0.789684653 0.078587919 0.608458757 -5.640316486 -0.043908890 0.996458352 -0.071714640 -0.594744503 -0.611939669 0.029915193 0.790338337 9.597569466
0.773804069 0.080400623 0.628301799 -5.596521378 -0.042500954 0.996266603 -0.075143911 -0.600227714 -0.631997526 0.031443223 0.774332225 9.652238846
