1.000000000 0.000000000 0.000000000 0.000000000 0.000000000 1.000000000 0.000000000 0.000000000 0.000000000 0.000000000 1.000000000 0.000000000
0.999840140 0.001057796 0.017848063 -0.001600257 -0.001031956 0.999998391 -0.001456938 0.000260015 -0.017849578 0.001438291 0.999839604 0.003717530
0.999089241 0.011120991 0.041195001 -0.003088567 -0.009963964 0.999553025 -0.028186208 0.026603300 -0.041490048 0.027750071 0.998753488 0.011927718
0.997364104 0.005589367 0.072343513 -0.005513434 -0.005648241 0.999983788 0.000609255 -0.000220979 -0.072338939 -0.001016267 0.997379601 0.012888866
0.993913531 0.005446037 0.110029571 -0.007588832 -0.005846348 0.999977410 0.003315925 -0.000616651 -0.110009044 -0.003939013 0.993922770 0.017784916
0.987985194 0.002481910 0.154528633 -0.011713675 -0.003488958 0.999974430 0.006246037 -0.001315562 -0.154509172 -0.006710136 0.987968564 0.024876105
0.980124354 -0.000988137 0.198381528 -0.014084868 -0.000237938 0.999980986 0.006156456 -0.001120372 -0.198383853 -0.006081294 0.980105519 0.030502334
0.970086515 -0.002633707 0.242745638 -0.013753891 0.001164888 0.999980152 0.006194191 -0.000305172 -0.242757142 -0.005726129 0.970070124 0.032905161
0.955199897 -0.002410072 0.295951605 -0.016704943 -0.000649819 0.999947369 0.010240363 -0.001143442 -0.295960724 -0.009973911 0.955147922 0.040032189
0.937307775 -0.007203982 0.348428100 -0.019244973 0.001322557 0.999852657 0.017114803 -0.000946043 -0.348500073 -0.015581020 0.937179327 0.046203561
0.918667555 -0.018449703 0.394600719 -0.018049560 0.009556571 0.999654353 0.024490617 -0.000410181 -0.394916207 -0.018727703 0.918526351 0.046839885
0.893228769 -0.025148971 0.448898464 -0.020344205 0.015069094 0.999548018 0.026013577 0.002022916 -0.449349761 -0.016471583 0.893204033 0.051666923
0.862232566 -0.027983315 0.505738914 -0.023322599 0.013632736 0.999393106 0.032055557 0.001151201 -0.506329060 -0.020744737 0.862090707 0.057983041
0.830846488 -0.031080205 0.555633307 -0.022712154 0.012967759 0.999249339 0.036503691 0.001742799 -0.556350827 -0.023123639 0.830625772 0.059016567
0.793098092 -0.036306232 0.608010828 -0.024137395 0.015411993 0.999098539 0.039555665 0.003076063 -0.608898818 -0.022000866 0.792942643 0.063306078
0.753965914 -0.043610200 0.655464232 -0.023081066 0.019025248 0.998825073 0.044570804 0.002745730 -0.656637967 -0.021134501 0.753909647 0.065270454
0.710936427 -0.050736085 0.701423764 -0.024490466 0.020381035 0.998461664 0.051564295 0.000486605 -0.702960968 -0.022363190 0.710876822 0.065951720
0.663236201 -0.060786765 0.745937467 -0.028325349 0.024908207 0.997936785 0.059175640 -0.002058381 -0.747995496 -0.020667464 0.663381934 0.067822695
0.618033826 -0.063370019 0.783593178 -0.025868854 0.023973688 0.997801542 0.061784800 -0.002186664 -0.785785615 -0.019399485 0.618194520 0.069910437
0.572810829 -0.064669944 0.817132473 -0.022574669 0.018872257 0.997659087 0.065727793 -0.002314393 -0.819470227 -0.022228466 0.572690487 0.072068200
0.527187347 -0.065674476 0.847207427 -0.018802807 0.014698409 0.997564435 0.068183683 -0.002201758 -0.849621952 -0.023492970 0.526868641 0.074708730
0.484017164 -0.067006014 0.872489274 -0.014621226 0.011176288 0.997456014 0.070403203 -0.002036975 -0.874987125 -0.024325173 0.483534694 0.077051386
0.443271577 -0.069277905 0.893706262 -0.009951372 0.008688472 0.997294128 0.072998382 -0.001797040 -0.896345258 -0.024593169 0.442674100 0.079165429
0.400795519 -0.069703944 0.913512111 -0.006268458 0.004862313 0.997249305 0.073960066 -0.001725498 -0.916154683 -0.025201080 0.400031894 0.081226334
0.366010159 -0.067994714 0.928123534 -0.000027714 0.002959184 0.997407198 0.071903490 -0.001168672 -0.930606127 -0.023570916 0.365262359 0.083158478
0.329106212 -0.065822005 0.941996098 0.004293084 0.002569973 0.997626364 0.068811297 -0.000816646 -0.944289386 -0.020225322 0.328494161 0.085054740
0.300684720 -0.063984089 0.951574802 0.011357887 0.004866636 0.997836947 0.065556981 -0.000392215 -0.953711152 -0.015081011 0.300345689 0.086580895
0.278419375 -0.059656177 0.958605111 0.015866198 0.008452965 0.998182774 0.059664082 0.000522533 -0.960422397 -0.008508579 0.278417647 0.086800650
0.253720164 -0.060964681 0.965354562 0.023837194 0.006749925 0.998099089 0.061258525 0.000489557 -0.967254102 -0.009026452 0.253649384 0.089755252
0.239204422 -0.061325856 0.969030678 0.029217061 0.006853194 0.998085201 0.061472896 0.000757673 -0.970945120 -0.008063630 0.239166647 0.090865582
0.227637559 -0.062719844 0.971723914 0.037582733 0.008174656 0.998011529 0.062501550 0.001292079 -0.973711610 -0.006284192 0.227697551 0.092734382
0.216294199 -0.064395495 0.974202275 0.044197038 0.005977422 0.997891247 0.064634219 0.001645053 -0.976309955 -0.008156789 0.216222972 0.094277054
0.205620527 -0.066265382 0.976385653 0.052342117 0.004907019 0.997762144 0.066682763 0.002193054 -0.978619516 -0.008920205 0.205485538 0.095943823
0.195811316 -0.068634413 0.978236794 0.059372820 0.003375143 0.997588992 0.069316588 0.002512011 -0.980635762 -0.010271286 0.195570871 0.097297087
0.185771331 -0.069949262 0.980099976 0.068201445 0.002828082 0.997496843 0.070654795 0.003168995 -0.982588947 -0.010353833 0.185504153 0.098855622
0.174642503 -0.071723484 0.982016146 0.076124132 0.002109311 0.997368336 0.072469652 0.003649330 -0.984629631 -0.010584904 0.174334213 0.100299671
0.164791524 -0.072487935 0.983661175 0.085011140 0.001876661 0.997316957 0.073179871 0.004278786 -0.986326635 -0.010213422 0.164485425 0.101752564
0.154221773 -0.074831985 0.985198379 0.093401298 0.001330695 0.997142613 0.075530909 0.004991624 -0.988035381 -0.010337513 0.153880656 0.102965266
0.142891690 -0.078907654 0.986587822 0.102542661 -0.001157086 0.996802807 0.079892240 0.005455073 -0.989737630 -0.012557505 0.142343566 0.104377747
0.130723491 -0.082298733 0.987997115 0.111168645 -0.002539234 0.996517539 0.083344437 0.006146898 -0.991415560 -0.013403832 0.130059287 0.105494529
0.117109932 -0.085110337 0.989465237 0.120411672 -0.003893165 0.996273994 0.086156771 0.006611156 -0.993111312 -0.013941964 0.116342209 0.106724083
0.103602193 -0.085877091 0.990904450 0.129291996 -0.004371944 0.996216595 0.086794563 0.007181421 -0.994609237 -0.013324284 0.102834769 0.107495189
0.088039294 -0.084601156 0.992517889 0.138509110 -0.006284353 0.996319830 0.085482672 0.007849744 -0.996097147 -0.013763165 0.087183625 0.108514942
0.072129451 -0.083886161 0.993861377 0.147453487 -0.005830912 0.996404409 0.084523968 0.008443967 -0.997378230 -0.011891787 0.071380973 0.108992018
0.051154099 -0.082180575 0.995303750 0.156858891 -0.009805793 0.996519208 0.082784906 0.009038931 -0.998642623 -0.013994531 0.050170202 0.109545305
0.026309693 -0.081148408 0.996354759 0.165891796 -0.014860312 0.996557891 0.081557356 0.009625347 -0.999543369 -0.016951893 0.025013242 0.109661758
-0.004533419 -0.080638632 0.996733069 0.175502151 -0.018977966 0.996570706 0.080539189 0.010238876 -0.999809623 -0.018550847 -0.006048230 0.109701313
-0.037941620 -0.080130525 0.996061981 0.184634760 -0.022761017 0.996590436 0.079306036 0.010868085 -0.999020815 -0.019662382 -0.039636116 0.109376423
-0.072323486 -0.079959638 0.994170904 0.194215178 -0.025187742 0.996609747 0.078323446 0.011364358 -0.997063160 -0.019376295 -0.074092299 0.108608522
-0.106091037 -0.078547716 0.991249144 0.203591093 -0.027853359 0.996718705 0.076000050 0.011944477 -0.993966341 -0.019546695 -0.107930735 0.107527144
-0.138530567 -0.077094458 0.987352788 0.212897480 -0.030266361 0.996829331 0.073587872 0.012401261 -0.989895582 -0.019689409 -0.140424684 0.106168136
-0.170220315 -0.074379310 0.982594848 0.222047910 -0.033663396 0.997004211 0.069638349 0.012866463 -0.984830916 -0.021223620 -0.172214240 0.104472086
-0.202769399 -0.069378622 0.976765633 0.231787696 -0.031341840 0.997435689 0.064340450 0.013377882 -0.978724837 -0.017567357 -0.204423875 0.102432631
-0.233678028 -0.062546082 0.970300317 0.240973651 -0.026459018 0.997968376 0.057957441 0.013811698 -0.971953928 -0.012129808 -0.234858185 0.100075021
-0.263938546 -0.056077402 0.962907970 0.250094801 -0.021038093 0.998405695 0.052378047 0.014154721 -0.964310050 -0.006433163 -0.264697582 0.097346015
-0.292484075 -0.050285738 0.954947293 0.259096771 -0.015435356 0.998734653 0.047863904 0.014376606 -0.956145823 -0.000740523 -0.292890161 0.094411746
-0.319744140 -0.043547723 0.946502686 0.268263787 -0.007897411 0.999031067 0.043296628 0.014703653 -0.947471023 0.006368923 -0.319778234 0.091088869
-0.345787913 -0.032880567 0.937736452 0.277175069 -0.002908559 0.999418676 0.033970851 0.014876532 -0.938308179 0.009019251 -0.345682502 0.087734886
-0.370434761 -0.017706811 0.928689718 0.285899848 0.000425345 0.999814868 0.019232579 0.014930412 -0.928858399 0.007519429 -0.370358616 0.084074818
-0.394462079 -0.000801947 0.918911874 0.294588149 0.001870803 0.999996781 0.001675792 0.014855868 -0.918910325 0.002380140 -0.394459307 0.080303937
-0.419019163 0.013408355 0.907878399 0.303191543 0.000636875 0.999895036 -0.014473398 0.014712753 -0.907977164 -0.005486427 -0.418983728 0.076301955
-0.443117261 0.023502316 0.896155536 0.311497360 0.003738700 0.999696076 -0.024369087 0.014388489 -0.896455884 -0.007447906 -0.443070441 0.072126999
-0.465578198 0.027892536 0.884567082 0.320099711 0.006397352 0.999583185 -0.028152119 0.014031179 -0.884983659 -0.007448128 -0.465562522 0.067462668
-0.487910956 0.027460320 0.872461259 0.328237057 0.008327032 0.999605954 -0.026805365 0.013782928 -0.872853756 -0.005813620 -0.487947345 0.063100129
-0.506653845 0.023999339 0.861815453 0.336625665 0.012823737 0.999711633 -0.020300433 0.013208266 -0.862054169 0.000766399 -0.506815553 0.057692856
-0.524172246 0.023320274 0.851292789 0.344551593 0.019807719 0.999688387 -0.015189076 0.012843847 -0.851381838 0.008900476 -0.524470866 0.052728042
-0.537405431 0.023779895 0.842988670 0.352537274 0.021793831 0.999660134 -0.014305873 0.012510885 -0.843042374 0.010683897 -0.537741065 0.047536150
-0.547765255 0.028146835 0.836158454 0.360384941 0.025027543 0.999537945 -0.017251050 0.012238543 -0.836257696 0.011477464 -0.548216641 0.042294979
-0.557528675 0.030262884 0.829605877 0.368144006 0.025206301 0.999491811 -0.019520426 0.011875385 -0.829774916 0.010028101 -0.558008075 0.037035123
-0.567725003 0.029205197 0.822700083 0.375751138 0.018755473 0.999569952 -0.022541251 0.011582067 -0.823004544 0.002632902 -0.568028688 0.031941012
-0.577897072 0.027643600 0.815641403 0.383342296 0.018808234 0.999611855 -0.020552723 0.011067026 -0.815892875 0.003463417 -0.578192592 0.026325792
-0.586041331 0.028950661 0.809763789 0.390751898 0.020929249 0.999568939 -0.020589683 0.010662432 -0.810010910 0.004881343 -0.586394548 0.020887122
-0.592743576 0.032099031 0.804751337 0.398168743 0.023513874 0.999469221 -0.022546465 0.010369072 -0.805047870 0.005558549 -0.593183756 0.015274271
-0.596663475 0.034849603 0.801734507 0.405800015 0.023663497 0.999386191 -0.025830343 0.010187177 -0.802142560 0.003559817 -0.597121954 0.009775057
-0.596212626 0.037161879 0.801965952 0.413386703 0.023726564 0.999307454 -0.028667128 0.009842398 -0.802475810 0.001936192 -0.596681476 0.004114941
-0.593100548 0.037426770 0.804258168 0.421384931 0.025573796 0.999290586 -0.027643364 0.009527225 -0.804722130 0.004172640 -0.593637049 -0.001742378
-0.587619305 0.036189143 0.808327913 0.429588228 0.024471786 0.999337137 -0.026950778 0.008990058 -0.808767319 0.003944427 -0.588115513 -0.007523790
-0.580839574 0.034951594 0.813267291 0.437873960 0.022755498 0.999384522 -0.026698215 0.008695215 -0.813699901 0.002998924 -0.581277370 -0.013433740
-0.573908746 0.034309465 0.818200231 0.446561038 0.020917265 0.999410152 -0.027236158 0.008307344 -0.818652093 0.001483444 -0.574287832 -0.019504517
-0.567636669 0.032764606 0.822626889 0.455352753 0.017795485 0.999462605 -0.027528442 0.008024268 -0.823086739 -0.000987111 -0.567914724 -0.025526524
-0.563219190 0.030051105 0.825760901 0.464472324 0.013696131 0.999540746 -0.027033707 0.007596400 -0.826194048 -0.003916172 -0.563371956 -0.031703010
-0.562106371 0.027054919 0.826622248 0.473335654 0.009482825 0.999609947 -0.026268359 0.007192052 -0.827010572 -0.006926898 -0.562143624 -0.037462145
-0.562645674 0.024267286 0.826341867 0.482612669 0.007084697 0.999673903 -0.024533667 0.006717104 -0.826667786 -0.007949380 -0.562634110 -0.043529376
-0.563076794 0.023308458 0.826075912 0.491943657 0.005742765 0.999688387 -0.024292657 0.006332637 -0.826384604 -0.008934672 -0.563035071 -0.050103068
-0.563652217 0.022715652 0.825699866 0.501318753 0.006076874 0.999708772 -0.023354486 0.005961199 -0.825989902 -0.008146132 -0.563626111 -0.056414977
-0.563900948 0.021624941 0.825559258 0.510984182 0.005222203 0.999730468 -0.022620190 0.005522903 -0.825825930 -0.008444309 -0.563861907 -0.062886164
-0.564341307 0.020910038 0.825276792 0.520493269 0.005800797 0.999754906 -0.021364084 0.005100358 -0.825521231 -0.007269373 -0.564324379 -0.069213778
-0.563846946 0.020909386 0.825614691 0.530471504 0.005820906 0.999755263 -0.021344308 0.004691549 -0.825858772 -0.007229094 -0.563830495 -0.076249272
-0.564144671 0.019284524 0.825450718 0.540191531 0.003160513 0.999770343 -0.021197032 0.004373698 -0.825669885 -0.009349343 -0.564075947 -0.082812205
-0.564076602 0.018428782 0.825516760 0.550122380 0.002935009 0.999789357 -0.020313736 0.003872561 -0.825717270 -0.009035604 -0.564011872 -0.089539513
-0.563657641 0.017568151 0.825821638 0.560103357 0.002140523 0.999801576 -0.019808320 0.003409891 -0.826005638 -0.009397425 -0.563583493 -0.096257731
-0.562614381 0.016175959 0.826561153 0.569609642 0.001812615 0.999830306 -0.018333076 0.003007373 -0.826717496 -0.008816216 -0.562548161 -0.102454305
-0.560283959 0.014099280 0.828180552 0.579632282 0.002684355 0.999880791 -0.015206343 0.002488552 -0.828296304 -0.006296740 -0.560254991 -0.109293163
-0.558193564 0.012743051 0.829613030 0.589106977 0.002598975 0.999903977 -0.013610078 0.002173683 -0.829706669 -0.005440915 -0.558173180 -0.115650013
-0.555800676 0.012601431 0.831220090 0.599128783 0.003284008 0.999910533 -0.012962933 0.001863215 -0.831309080 -0.004475075 -0.555792451 -0.122169450
-0.553766489 0.013078699 0.832569301 0.608812094 0.003261420 0.999903023 -0.013538051 0.001507376 -0.832665622 -0.004781561 -0.553755462 -0.128699794
-0.552829921 0.013395480 0.833186448 0.618531406 0.003918528 0.999901474 -0.013475832 0.000994881 -0.833284855 -0.004184979 -0.552827954 -0.135096267
-0.553892851 0.014719917 0.832457900 0.628121912 0.002097109 0.999865174 -0.016284741 0.000747425 -0.832585275 -0.007274246 -0.553849101 -0.141416177
-0.556490481 0.016268576 0.830694675 0.637962282 0.001175698 0.999822795 -0.018793222 0.000241328 -0.830853045 -0.009481604 -0.556410968 -0.147845417
-0.560871422 0.016463196 0.827739239 0.647631228 0.000505887 0.999808908 -0.019542765 -0.000300270 -0.827902794 -0.010542234 -0.560772538 -0.154244110
-0.565750122 0.015711231 0.824427128 0.657322526 0.001329355 0.999834538 -0.018141752 -0.000584883 -0.824575603 -0.009167743 -0.565677524 -0.161051303
-0.571212113 0.013312662 0.820694506 0.666718185 0.002114803 0.999889016 -0.014747489 -0.001061905 -0.820799708 -0.006688337 -0.571176887 -0.167594865
-0.576023161 0.010607725 0.817364514 0.676354289 -0.000689036 0.999909163 -0.013462367 -0.001447032 -0.817433059 -0.008317830 -0.575963557 -0.174256638
-0.580605268 0.013583876 0.814071834 0.685604751 0.001176893 0.999873757 -0.015844857 -0.001916233 -0.814184308 -0.008241532 -0.580548048 -0.180902600
-0.585611999 0.015794449 0.810437620 0.695013762 0.001614564 0.999830842 -0.018318838 -0.002158096 -0.810589910 -0.009419225 -0.585538447 -0.187546238
-0.590166152 0.016706405 0.807108939 0.704158008 0.000472966 0.999792814 -0.020348940 -0.002568899 -0.807281673 -0.011627521 -0.590051770 -0.194131523
-0.594042063 0.016837405 0.804257810 0.713154495 -0.000614277 0.999771118 -0.021384254 -0.002955507 -0.804433763 -0.013197184 -0.593895614 -0.200648233
-0.596688092 0.016196813 0.802309752 0.722343624 0.000629579 0.999805450 -0.019715572 -0.003475400 -0.802472889 -0.011258932 -0.596582234 -0.207538947
-0.598676443 0.010169382 0.800926387 0.731182277 0.001796835 0.999933958 -0.011353084 -0.003741054 -0.800988972 -0.005357692 -0.598655105 -0.214197055
-0.601015091 0.001265372 0.799236596 0.740574479 0.000818100 0.999999225 -0.000968024 -0.004193716 -0.799237311 0.000072058 -0.601015747 -0.221171960
-0.603230119 -0.000015477 0.797567248 0.749615610 0.001005162 0.999999166 0.000779647 -0.004350193 -0.797566712 0.001271991 -0.603229582 -0.227844507
-0.603916883 0.004595164 0.797034025 0.758393466 0.002168485 0.999989152 -0.004122195 -0.004678506 -0.797044218 -0.000761107 -0.603920341 -0.234434053
-0.604826987 0.010424487 0.796288669 0.767109394 0.003922615 0.999941170 -0.010111120 -0.005023176 -0.796347141 -0.002991945 -0.604832351 -0.241138607
-0.605792344 0.014655907 0.795487821 0.775945544 0.009344811 0.999892414 -0.011305408 -0.005283639 -0.795567930 0.000584953 -0.605864108 -0.247738943
-0.605209172 0.017085101 0.795883238 0.784866095 0.012998091 0.999848425 -0.011579528 -0.005467623 -0.795960426 0.003336928 -0.605339468 -0.254776657
-0.605307281 0.012806948 0.795888722 0.793599844 0.011600561 0.999906301 -0.007267152 -0.005912379 -0.795907378 0.004833896 -0.605399251 -0.261221647
-0.605077028 0.008249102 0.796124220 0.802282453 0.010469081 0.999942303 -0.002404177 -0.006152514 -0.796098113 0.006879975 -0.605128527 -0.267625660
-0.604413331 0.001431603 0.796669602 0.811221898 0.006315724 0.999975562 0.002994641 -0.006239214 -0.796645880 0.006841547 -0.604407609 -0.274223566
-0.603184104 -0.004892323 0.797586977 0.820031524 -0.001996397 0.999987304 0.004624030 -0.006481604 -0.797599494 0.001196840 -0.603186250 -0.280846834
-0.602054238 -0.010285554 0.798388958 0.828914464 -0.009370783 0.999939203 0.005815722 -0.006561700 -0.798400223 -0.003980150 -0.602114022 -0.287218809
-0.600549579 -0.009116989 0.799535632 0.837643445 -0.006063012 0.999958158 0.006848312 -0.006657942 -0.799564600 -0.000734843 -0.600579619 -0.293620169
-0.596938670 -0.005624217 0.802267253 0.846351743 -0.001530233 0.999981523 0.005871683 -0.006867926 -0.802285314 0.002277379 -0.596936405 -0.300420731
-0.591536283 -0.002741020 0.806273818 0.855044305 0.001133774 0.999990404 0.004231393 -0.007093499 -0.806277692 0.003417155 -0.591527402 -0.306840718
-0.584501028 0.000138733 0.811392963 0.863899946 0.005813596 0.999974966 0.004016948 -0.007113636 -0.811372161 0.007065021 -0.584487200 -0.313199878
-0.577065408 0.004121535 0.816687584 0.872759402 0.013668545 0.999895990 0.004611969 -0.007271985 -0.816583633 0.013824338 -0.577061653 -0.319504023
-0.567362666 0.002836437 0.823463142 0.881621659 0.011012237 0.999930918 0.004143102 -0.007427151 -0.823394299 0.011418812 -0.567354679 -0.325608373
-0.557099283 0.000762623 0.830445588 0.890634000 0.009552911 0.999939322 0.005490237 -0.007494733 -0.830390990 0.010991779 -0.557072699 -0.331467420
-0.546387494 -0.003095583 0.837526739 0.899842858 0.009039382 0.999913096 0.009592910 -0.007667603 -0.837483764 0.012812171 -0.546311975 -0.337377787
-0.535825610 -0.003980698 0.844319284 0.909030020 0.008489707 0.999912977 0.010102048 -0.007710272 -0.844286025 0.012580958 -0.535745144 -0.343059540
-0.524934769 -0.004537174 0.851130366 0.918326020 0.010036699 0.999883294 0.011520277 -0.007842405 -0.851083279 0.014589935 -0.524827957 -0.348662227
-0.513953447 -0.003325063 0.857811570 0.927547812 0.011333028 0.999878943 0.010665873 -0.007916721 -0.857743144 0.015203364 -0.513853610 -0.354061961
-0.501468301 0.000366391 0.865176022 0.936795950 0.012407248 0.999900103 0.006767971 -0.008148042 -0.865087032 0.014128376 -0.501422644 -0.359534860
-0.490552545 0.009247790 0.871362567 0.945950568 0.015431266 0.999879062 -0.001924369 -0.008299519 -0.871274948 0.012502223 -0.490635931 -0.364602834
-0.477970809 0.014146924 0.878261745 0.955431938 0.016081044 0.999843657 -0.007353665 -0.008411775 -0.878228545 0.010608529 -0.478123486 -0.369842142
-0.466843873 0.010960580 0.884271801 0.964791059 0.015058963 0.999876797 -0.004443255 -0.008614020 -0.884211540 0.011241910 -0.466951400 -0.374670267
-0.456089735 0.006399755 0.889910758 0.974213600 0.011247797 0.999935746 -0.001426368 -0.008797086 -0.889862716 0.009358983 -0.456132412 -0.379336447
-0.445726573 0.006326964 0.895146728 0.983635128 0.007028613 0.999968946 -0.003568050 -0.008946824 -0.895141542 0.004701266 -0.445757210 -0.384022236
-0.439141929 0.010559422 0.898355663 0.993221283 0.003534698 0.999943495 -0.010025644 -0.009318588 -0.898410738 -0.001227265 -0.439154476 -0.388542652
-0.435016572 0.014764460 0.900301456 1.002778411 -0.002840946 0.999838054 -0.017769525 -0.009532684 -0.900418043 -0.010287745 -0.434904158 -0.392883062
-0.431466848 0.016661128 0.901974916 1.012244105 -0.005430072 0.999763310 -0.021064976 -0.009869879 -0.902112424 -0.013986630 -0.431274354 -0.397327363
-0.427787751 0.016335186 0.903731585 1.021860600 -0.006467693 0.999755800 -0.021132378 -0.010259967 -0.903856099 -0.014885232 -0.427577615 -0.401748627
-0.423439026 0.016108287 0.905781329 1.031302691 -0.007844278 0.999739230 -0.021446303 -0.010644870 -0.905890644 -0.016186399 -0.423202276 -0.406014353
-0.417277008 0.011582358 0.908705473 1.040890455 -0.011070970 0.999779761 -0.017826974 -0.011003696 -0.908711910 -0.017499037 -0.417056948 -0.410371661
-0.412321508 0.008211152 0.911001384 1.050223231 -0.010449604 0.999850929 -0.013741501 -0.011344484 -0.910978436 -0.015185521 -0.412174314 -0.414525032
-0.406328797 0.004963897 0.913713455 1.059859395 -0.013269372 0.999847710 -0.011332733 -0.011658386 -0.913630486 -0.016729219 -0.406201124 -0.418724239
-0.401318133 0.002546653 0.915935159 1.069164991 -0.021187082 0.999702871 -0.012062709 -0.011983924 -0.915693641 -0.024246981 -0.401144952 -0.422511011
-0.395741314 0.002752784 0.918357849 1.078464985 -0.028573778 0.999474466 -0.015309022 -0.012221189 -0.917917371 -0.032299366 -0.395454735 -0.426103383
-0.388141513 0.006571020 0.921576381 1.088275790 -0.025658492 0.999509871 -0.017933320 -0.012640351 -0.921242535 -0.030606924 -0.387782693 -0.430417985
-0.381997287 0.009975768 0.924109578 1.098079205 -0.024113519 0.999493718 -0.020757293 -0.012955191 -0.923848808 -0.030212766 -0.381563336 -0.434295684
-0.374936938 0.008123268 0.927014768 1.107651234 -0.024608810 0.999522030 -0.018711828 -0.013327764 -0.926723659 -0.029828483 -0.374557763 -0.438271552
-0.368154347 0.003921438 0.929756403 1.117528081 -0.024457846 0.999604166 -0.013900578 -0.013601171 -0.929442942 -0.027857395 -0.367912799 -0.442096233
-0.361126810 0.000672460 0.932516456 1.127038956 -0.025244053 0.999626219 -0.010496879 -0.013977043 -0.932174981 -0.027331198 -0.360974848 -0.445726782
-0.354664534 0.003746638 0.934986115 1.136734962 -0.027338304 0.999522746 -0.014375378 -0.014221627 -0.934593916 -0.030659368 -0.354392856 -0.449288249
-0.348941207 0.005713853 0.937127173 1.146225572 -0.028225238 0.999463677 -0.016603652 -0.014707584 -0.936719477 -0.032244336 -0.348592848 -0.452782482
-0.342337847 0.006111818 0.939557135 1.156176567 -0.030341186 0.999385357 -0.017556144 -0.014995014 -0.939086914 -0.034517407 -0.341942042 -0.456279278
-0.335145503 0.005955283 0.942147672 1.165572882 -0.029076485 0.999438286 -0.016660649 -0.015323212 -0.941717565 -0.032978080 -0.334784120 -0.459651351
-0.326785833 0.005767857 0.945080817 1.175076842 -0.025253676 0.999570966 -0.014832516 -0.015759295 -0.944761038 -0.028713826 -0.326499969 -0.463175178
-0.319611013 0.007564057 0.947518647 1.185060740 -0.021709414 0.999647200 -0.015303083 -0.015999535 -0.947300136 -0.025461109 -0.319333971 -0.466464281
-0.312380046 0.008114185 0.949922562 1.194638371 -0.019254977 0.999704003 -0.014871374 -0.016441086 -0.949761987 -0.022936258 -0.312131315 -0.469747424
-0.306213528 0.006385759 0.951941431 1.204465985 -0.025957283 0.999549627 -0.015054871 -0.016746216 -0.951608896 -0.029319819 -0.305909872 -0.472568750
-0.301082671 0.003973396 0.953589737 1.214024067 -0.030691128 0.999432802 -0.013854710 -0.017040327 -0.953104019 -0.033438157 -0.300789982 -0.475302666
-0.295327812 0.004938812 0.955383241 1.223628998 -0.026653528 0.999554813 -0.013406283 -0.017334823 -0.955024123 -0.029423574 -0.295064628 -0.478611767
-0.291684896 0.005045464 0.956501126 1.233601570 -0.026143795 0.999570370 -0.013245198 -0.017610524 -0.956157088 -0.028869992 -0.291427732 -0.481394112
-0.286400110 0.006232414 0.958089828 1.243233562 -0.025470836 0.999575913 -0.014116234 -0.017907191 -0.957771361 -0.028446240 -0.286119878 -0.484298110
-0.281487316 0.006188333 0.959544957 1.253162980 -0.018788366 0.999751925 -0.011959300 -0.018147683 -0.959380925 -0.021394674 -0.281301260 -0.487147689
-0.276502103 0.005206749 0.960999191 1.262768984 -0.011321461 0.999898255 -0.008674956 -0.018483676 -0.960946679 -0.013278554 -0.276415020 -0.489941657
-0.271695822 0.004590626 0.962372184 1.272751212 -0.009876554 0.999922693 -0.007558084 -0.018708196 -0.962332547 -0.011558424 -0.271629453 -0.492794812
-0.267520875 0.005899610 0.963533938 1.282591581 -0.012406847 0.999877274 -0.009566841 -0.018932102 -0.963472128 -0.014513748 -0.267414868 -0.495480955
-0.263755798 0.007646637 0.964559197 1.292460442 -0.014160972 0.999830067 -0.011798527 -0.019151153 -0.964485526 -0.016771028 -0.263602763 -0.498168409
-0.261525929 0.007438122 0.965167820 1.302160740 -0.016949404 0.999780715 -0.012297551 -0.019334884 -0.965047598 -0.019575149 -0.261342555 -0.500790238
-0.260947347 0.005778534 0.965335727 1.312036633 -0.017130621 0.999797046 -0.010615529 -0.019675974 -0.965201020 -0.019306900 -0.260795355 -0.503295183
-0.259823084 0.001816335 0.965654492 1.321970224 -0.016577959 0.999842525 -0.006341174 -0.019835483 -0.965513885 -0.017656164 -0.259752005 -0.506029606
-0.259151399 -0.003766367 0.965829372 1.331603646 -0.017317357 0.999849737 -0.000747559 -0.020139690 -0.965681434 -0.016919339 -0.259177655 -0.508417189
-0.258011132 -0.005627713 0.966125548 1.341283917 -0.015622806 0.999876559 0.001652126 -0.020437602 -0.966015518 -0.014667324 -0.258067220 -0.511019945
-0.256947845 -0.000788683 0.966424942 1.350858092 -0.016374674 0.999859691 -0.003537642 -0.020541742 -0.966286480 -0.016733879 -0.256924748 -0.513513803
-0.256454557 0.003040307 0.966551483 1.360569477 -0.016408810 0.999837220 -0.007498749 -0.020753279 -0.966417015 -0.017783046 -0.256362915 -0.516192675
-0.257619023 0.001960858 0.966244578 1.369849086 -0.020162838 0.999769270 -0.007404683 -0.020851215 -0.966036201 -0.021389820 -0.257520050 -0.518262267
-0.257456511 0.000857045 0.966289520 1.379514933 -0.022023473 0.999734581 -0.006754605 -0.021129468 -0.966038942 -0.023020066 -0.257369339 -0.520654678
-0.255941391 0.002428514 0.966689229 1.388928652 -0.015472700 0.999858439 -0.006608406 -0.021483082 -0.966568410 -0.016648659 -0.255867600 -0.523259699
-0.254975230 0.004696208 0.966936231 1.398501515 -0.017860726 0.999794662 -0.009565562 -0.021648848 -0.966782629 -0.019709166 -0.254839033 -0.525777698
-0.255282819 0.005006664 0.966853440 1.408084631 -0.026100162 0.999586582 -0.012067514 -0.021925854 -0.966514051 -0.028315669 -0.255046576 -0.528131664
-0.254605204 0.005666584 0.967028499 1.417436838 -0.032937139 0.999351799 -0.014527885 -0.022173312 -0.966484010 -0.035550032 -0.254253477 -0.530412734
-0.254630268 0.009956757 0.966987252 1.427053213 -0.028479470 0.999436080 -0.017790180 -0.022524230 -0.966619015 -0.032069195 -0.254203051 -0.532869220
-0.254880458 0.010803330 0.966912329 1.436396122 -0.027579984 0.999449611 -0.018437020 -0.022880778 -0.966579139 -0.031366661 -0.254442185 -0.535214841
-0.252643108 0.011853593 0.967486918 1.445850372 -0.028573237 0.999397457 -0.019705985 -0.023188967 -0.967137456 -0.032622810 -0.252152205 -0.537656069
-0.251437545 0.011706004 0.967802703 1.455019951 -0.021780575 0.999605179 -0.017749317 -0.023443904 -0.967628419 -0.025542146 -0.251083285 -0.539982796
-0.248428166 0.008751797 0.968610883 1.464261651 -0.016060866 0.999784410 -0.013152741 -0.023836683 -0.968517184 -0.018824246 -0.248234093 -0.542375088
-0.245565861 0.004430468 0.969369888 1.473425508 -0.011396260 0.999907255 -0.007457001 -0.024115013 -0.969312906 -0.012878372 -0.245492637 -0.544926763
-0.242327914 0.004001742 0.970186174 1.482623100 -0.009968366 0.999928415 -0.006614266 -0.024398964 -0.970143199 -0.011273991 -0.242270693 -0.547168016
-0.237175599 0.008849167 0.971426487 1.491795897 -0.008360059 0.999902844 -0.011149695 -0.024693372 -0.971430898 -0.010765618 -0.237078607 -0.549302936
-0.230661035 0.012272061 0.972956777 1.500436664 -0.006891282 0.999874771 -0.014245313 -0.024949964 -0.973009765 -0.009990755 -0.230547577 -0.551451147
-0.222711489 0.012917941 0.974798799 1.509401679 -0.007539426 0.999859452 -0.014972570 -0.025170866 -0.974855244 -0.010683985 -0.222582832 -0.553413868
-0.212987870 0.009156927 0.977011979 1.518484712 -0.005613278 0.999928057 -0.010595398 -0.025409903 -0.977038741 -0.007740930 -0.212921157 -0.555395603
-0.201333493 0.007795274 0.979491711 1.527267337 -0.000906812 0.999966383 -0.008144616 -0.025729429 -0.979522347 -0.002527999 -0.201319695 -0.557194233
-0.187894166 0.010481898 0.982133329 1.536122561 0.003750633 0.999943435 -0.009954435 -0.025981016 -0.982182145 0.001813242 -0.187922850 -0.558871269
-0.173313767 0.011378029 0.984800935 1.544914484 0.003125138 0.999934614 -0.011002891 -0.026202805 -0.984861732 0.001170687 -0.173337996 -0.560307443
-0.159769982 0.011976114 0.987081587 1.553628802 0.008029864 0.999909103 -0.010832027 -0.026508536 -0.987121522 0.006195499 -0.159851640 -0.561782062
-0.146490902 0.013183418 0.989124179 1.562422991 0.008366528 0.999891937 -0.012087839 -0.026815211 -0.989176631 0.006504777 -0.146585375 -0.563000202
-0.133287951 0.019272083 0.990889966 1.571196675 0.005087464 0.999811053 -0.018761262 -0.027156176 -0.991064250 0.002540467 -0.133360803 -0.564018667
-0.119765721 0.028106339 0.992404282 1.579767108 -0.001511744 0.999592841 -0.028492372 -0.027460003 -0.992801011 -0.004912671 -0.119674474 -0.564994633
-0.106892727 0.035945617 0.993620574 1.588338375 -0.006535402 0.999299228 -0.036854122 -0.027738225 -0.994249046 -0.010433146 -0.106582910 -0.565632880
-0.092712782 0.036741525 0.995014787 1.597001553 -0.004981022 0.999289274 -0.037363488 -0.028157819 -0.995680451 -0.008420262 -0.092463896 -0.566623032
-0.080792636 0.032884762 0.996188283 1.605839968 -0.008062359 0.999401331 -0.033644699 -0.028602634 -0.996698320 -0.010749872 -0.080479145 -0.567211866
-0.070638418 0.029882289 0.997054279 1.614378691 -0.013235777 0.999435127 -0.030891361 -0.029041437 -0.997414112 -0.015378903 -0.070203006 -0.567572296
-0.061835259 0.037043493 0.997398674 1.623154402 -0.017038012 0.999126196 -0.038163945 -0.029472034 -0.997940958 -0.019353570 -0.061150081 -0.567963004
-0.055000730 0.044135094 0.997510374 1.631536603 -0.020253254 0.998767734 -0.045307443 -0.029899862 -0.998280883 -0.022694770 -0.054039065 -0.568309367
-0.051629655 0.046707433 0.997573435 1.640156388 -0.021859661 0.998613536 -0.047887474 -0.030411024 -0.998427093 -0.024279030 -0.050537057 -0.568641543
-0.051088728 0.042268656 0.997799337 1.648849726 -0.024170320 0.998758912 -0.043546859 -0.030805159 -0.998401701 -0.026341876 -0.050003678 -0.569202602
-0.053124800 0.037906121 0.997868061 1.657328367 -0.025091149 0.998913109 -0.039281622 -0.031339355 -0.998272598 -0.027124489 -0.052115947 -0.569525421
-0.055587798 0.035266496 0.997830808 1.665674686 -0.024023846 0.999039471 -0.036647551 -0.031779531 -0.998164713 -0.026008889 -0.054687176 -0.570082307
-0.058467865 0.035760798 0.997648597 1.674192905 -0.023093658 0.999042392 -0.037164178 -0.032176539 -0.998022199 -0.025212260 -0.057586025 -0.570647478
-0.061875235 0.035647929 0.997447073 1.682589889 -0.022136742 0.999067187 -0.037079051 -0.032601021 -0.997838378 -0.024374504 -0.061028387 -0.571156025
-0.066617399 0.034057543 0.997197151 1.690429211 -0.022201281 0.999119401 -0.035606340 -0.033074759 -0.997531533 -0.024511058 -0.065802611 -0.571593940
-0.071585268 0.033972099 0.996855795 1.698432803 -0.022837743 0.999102056 -0.035688657 -0.033506405 -0.997173011 -0.025320718 -0.070745133 -0.572043657
-0.077734232 0.031894423 0.996463835 1.706747413 -0.024065115 0.999136925 -0.033857297 -0.033942249 -0.996683657 -0.026611887 -0.076899610 -0.572719812
-0.083479077 0.029212074 0.996081293 1.714956760 -0.021980973 0.999273002 -0.031147854 -0.034382191 -0.996267140 -0.024495028 -0.082776263 -0.573355675
-0.089350000 0.029068887 0.995576024 1.722867370 -0.022699762 0.999254942 -0.031213544 -0.034766931 -0.995741606 -0.025388263 -0.088623568 -0.574013710
-0.095126837 0.030454999 0.994999170 1.731022596 -0.025257757 0.999136209 -0.032996390 -0.035097979 -0.995144665 -0.028270287 -0.094275437 -0.574689031
-0.098271906 0.032697979 0.994622231 1.738883853 -0.025347805 0.999053538 -0.035348106 -0.035539210 -0.994836748 -0.028685214 -0.097350068 -0.575507879
-0.100963034 0.034963571 0.994275689 1.746741176 -0.025600359 0.998960018 -0.037727866 -0.035949957 -0.994560719 -0.029262930 -0.099962965 -0.576252282
-0.102054775 0.036553159 0.994107008 1.754806757 -0.021965271 0.998998225 -0.038987961 -0.036383379 -0.994536161 -0.025814738 -0.101149648 -0.577167809
-0.102382287 0.034941033 0.994131267 1.762672782 -0.019124854 0.999128997 -0.037086293 -0.036798090 -0.994561195 -0.022809595 -0.101624869 -0.577830970
-0.096884131 0.031782236 0.994788110 1.770624161 -0.015182651 0.999326527 -0.033405896 -0.037205454 -0.995179772 -0.018340020 -0.096336335 -0.578840077
-0.089652844 0.031512197 0.995474458 1.778398037 -0.014675501 0.999349058 -0.032956533 -0.037646353 -0.995864928 -0.017563732 -0.089132026 -0.579446077
-0.078464180 0.032477073 0.996387720 1.786034942 -0.011572483 0.999372303 -0.033485662 -0.038056113 -0.996849775 -0.014158108 -0.078039087 -0.580114007
-0.064512253 0.033163391 0.997365594 1.793775678 -0.009106580 0.999386489 -0.033819620 -0.038410656 -0.997875333 -0.011264371 -0.064170666 -0.580406666
-0.048217412 0.030759001 0.998363137 1.801314831 -0.008828961 0.999473572 -0.031219618 -0.038777895 -0.998797834 -0.010319839 -0.047920465 -0.580894887
-0.032864481 0.025754835 0.999127984 1.808996916 -0.013760272 0.999561608 -0.026218627 -0.039113428 -0.999365091 -0.014609934 -0.032495685 -0.580910861
-0.015397379 0.018695112 0.999706686 1.816507936 -0.013933725 0.999724030 -0.018910045 -0.039450120 -0.999784350 -0.014220802 -0.015132638 -0.580992043
0.000945471 0.011484218 0.999933541 1.824039817 -0.013676796 0.999840796 -0.011470218 -0.039700054 -0.999906003 -0.013665045 0.001102388 -0.580795646
0.018169202 0.004329472 0.999825478 1.831497669 -0.013691835 0.999897957 -0.004080971 -0.039883565 -0.999741137 -0.013615295 0.018226624 -0.580521405
0.035949126 -0.001869343 0.999351799 1.839026690 -0.014655979 0.999889731 0.002397560 -0.040062256 -0.999246061 -0.014732672 0.035917766 -0.580156565
0.054185260 -0.004241847 0.998521984 1.846254110 -0.014964509 0.999875247 0.005059652 -0.040217169 -0.998418748 -0.015216552 0.054115031 -0.579688191
0.072486021 -0.005245174 0.997355640 1.853438139 -0.013431764 0.999890327 0.006234701 -0.040299036 -0.997278929 -0.013848173 0.072407626 -0.579145074
0.089135855 -0.006185115 0.996000230 1.860518456 -0.014098930 0.999872684 0.007470930 -0.040343575 -0.995919645 -0.014708468 0.089037307 -0.578207135
0.104591444 -0.006941222 0.994491041 1.867431760 -0.018825810 0.999782622 0.008958081 -0.040361807 -0.994337022 -0.019659040 0.104438044 -0.577216625
0.119639575 -0.011011331 0.992756307 1.874428034 -0.020348182 0.999701262 0.013540574 -0.040433038 -0.992608786 -0.021820778 0.119379781 -0.576211452
0.131541774 -0.014511090 0.991204381 1.881632090 -0.017492795 0.999703228 0.016956959 -0.040521797 -0.991156220 -0.019569485 0.131248891 -0.575127482
0.142864659 -0.015498485 0.989620864 1.888102293 -0.015340850 0.999722600 0.017871337 -0.040512681 -0.989623368 -0.017734809 0.142587245 -0.574220657
0.152803287 -0.012092466 0.988182604 1.894805431 -0.019884085 0.999685109 0.015307910 -0.040571544 -0.988056600 -0.021988209 0.152514726 -0.573051214
0.162081674 -0.005030614 0.986764550 1.901363850 -0.023302037 0.999688745 0.008923993 -0.040644787 -0.986502171 -0.024440039 0.161913946 -0.571807921
0.170980275 0.005097851 0.985261321 1.907791734 -0.023664037 0.999719322 -0.001066049 -0.040711973 -0.984990239 -0.023132985 0.171052903 -0.570543766
0.179076850 0.011412817 0.983768821 1.914572477 -0.017700337 0.999808252 -0.008376873 -0.040720988 -0.983675838 -0.015912941 0.179244503 -0.569297016
0.186284184 0.009412711 0.982450783 1.921067595 -0.016064560 0.999849677 -0.006533376 -0.040791411 -0.982364535 -0.014565580 0.186407357 -0.568104148
0.191422179 0.001662854 0.981506288 1.928089142 -0.019642737 0.999804795 0.002137048 -0.040867899 -0.981311202 -0.019688554 0.191417500 -0.566489637
0.195333496 -0.009116575 0.980694473 1.934811354 -0.024061769 0.999611139 0.014085018 -0.040927090 -0.980441689 -0.026348518 0.195038199 -0.564901829
0.197486445 -0.017526641 0.980148852 1.941807270 -0.024330759 0.999444544 0.022773992 -0.041034393 -0.980003655 -0.028345326 0.196950302 -0.563417435
0.198557004 -0.017823003 0.979927242 1.948525548 -0.021537501 0.999513924 0.022543266 -0.041032180 -0.979852736 -0.025581310 0.198076606 -0.562030315
0.199391276 -0.015488811 0.979797661 1.955426335 -0.017901309 0.999650657 0.019445615 -0.040972076 -0.979756415 -0.021416945 0.199044377 -0.560640574
0.200967357 -0.015572717 0.979474187 1.962064981 -0.014636478 0.999714315 0.018897612 -0.040890653 -0.979488552 -0.018133858 0.200682014 -0.559277534
0.202914625 -0.017687520 0.979036808 1.969068885 -0.016996689 0.999622583 0.021582153 -0.040760472 -0.979048908 -0.021019718 0.202537447 -0.557789922
0.206260622 -0.021297842 0.978265405 1.976024747 -0.017650682 0.999519408 0.025482096 -0.040683113 -0.978337824 -0.022523003 0.205785587 -0.556385934
0.208382547 -0.026151523 0.977697730 1.982786417 -0.017317768 0.999387085 0.030422710 -0.040639814 -0.977894008 -0.023271102 0.207801953 -0.554729939
0.212819159 -0.029089671 0.976658523 1.989570856 -0.015760725 0.999324560 0.033199113 -0.040586706 -0.976964474 -0.022458257 0.212216929 -0.553228617
0.218760401 -0.031395555 0.975273371 1.996507049 -0.013749800 0.999283850 0.035252661 -0.040405534 -0.975681722 -0.021121699 0.218172058 -0.551597238
0.226685509 -0.034520719 0.973356009 2.003533602 -0.011662543 0.999203861 0.038153525 -0.040264741 -0.973898172 -0.020000659 0.226102412 -0.549909592
0.236338302 -0.035674863 0.971015692 2.010432243 -0.009901213 0.999185503 0.039119698 -0.040116139 -0.971620321 -0.018859722 0.235792592 -0.548159480
0.247651443 -0.033694677 0.968263030 2.017295837 -0.011768421 0.999216795 0.037781827 -0.040002890 -0.968777716 -0.020751657 0.247060940 -0.546269536
0.259526819 -0.030163893 0.965264738 2.024314880 -0.011819146 0.999338150 0.034406424 -0.039853483 -0.965663552 -0.020338001 0.258998513 -0.544218600
0.271945089 -0.027097924 0.961931169 2.031332254 -0.012655061 0.999416292 0.031731572 -0.039713971 -0.962229550 -0.020802544 0.271443427 -0.542174101
0.283189535 -0.026611837 0.958694696 2.038210154 -0.011313900 0.999452651 0.031085236 -0.039528608 -0.958997250 -0.019649589 0.282733411 -0.539905965
0.294749200 -0.029999563 0.955103636 2.045287132 -0.010308628 0.999349058 0.034570590 -0.039443526 -0.955519080 -0.020035462 0.294248044 -0.537788212
0.306660950 -0.031217743 0.951306760 2.052154541 -0.011152405 0.999275506 0.036386929 -0.039270304 -0.951753557 -0.021767806 0.306090653 -0.535591722
0.317845732 -0.032028433 0.947601318 2.059339523 -0.012339021 0.999204934 0.037911370 -0.039100461 -0.948062122 -0.023742443 0.317197770 -0.532979786
0.327606887 -0.033304833 0.944226921 2.066551685 -0.015918190 0.999042094 0.040761217 -0.038865380 -0.944679976 -0.028384039 0.326762915 -0.530292571
0.334733486 -0.032363325 0.941756904 2.073495388 -0.019280428 0.998965621 0.041182235 -0.038653761 -0.942115486 -0.031942550 0.333763301 -0.527664602
