1.000000000 0.000000000 0.000000000 0.000000000 0.000000000 1.000000000 0.000000000 0.000000000 0.000000000 0.000000000 1.000000000 0.000000000
0.998690665 -0.009613494 -0.050242364 -0.004351257 0.009071251 0.999898255 -0.011009441 -0.000997422 0.050343085 0.010539266 0.998676300 0.075816348
0.997062445 -0.017340064 -0.074603610 -0.007522678 0.016132114 0.999729335 -0.016763885 -0.001497934 0.074874081 0.015511127 0.997072339 0.115567945
0.994852364 -0.020869307 -0.099162519 -0.012290760 0.018789394 0.999584436 -0.021862708 -0.001919236 0.099577561 0.019886963 0.994831026 0.157961801
0.992571950 -0.019747147 -0.120045617 -0.019318568 0.016819479 0.999537051 -0.025352579 -0.003012154 0.120490693 0.023145158 0.992444634 0.199024171
0.990239501 -0.014418885 -0.138628110 -0.027409963 0.010689660 0.999561667 -0.027607962 -0.004393497 0.138965428 0.025856610 0.989959538 0.243232444
0.987933517 -0.011786455 -0.154429302 -0.036351871 0.007307265 0.999536872 -0.029540410 -0.006015461 0.154705986 0.028055506 0.987562120 0.288882792
0.985480487 -0.012664400 -0.169315726 -0.045138635 0.007449986 0.999479353 -0.031396896 -0.007611723 0.169625148 0.029679634 0.985061646 0.336687088
0.982901752 -0.016354240 -0.183402821 -0.054887943 0.010444992 0.999396265 -0.033139952 -0.009053720 0.183834046 0.030657681 0.982479036 0.385838032
0.979885638 -0.021872325 -0.198357627 -0.065278746 0.015472596 0.999310315 -0.033756528 -0.011323845 0.198959157 0.030008432 0.979548216 0.437285542
0.976784110 -0.022075262 -0.213085741 -0.077589393 0.015306783 0.999326050 -0.033361975 -0.013693072 0.213678643 0.029325793 0.976463675 0.489540547
0.973782718 -0.021014553 -0.226507619 -0.091704555 0.013166009 0.999261200 -0.036105614 -0.015492010 0.227099031 0.032176822 0.973339975 0.541840315
0.970112920 -0.023021845 -0.241559431 -0.105853885 0.013797187 0.999111950 -0.039810374 -0.018284731 0.242261469 0.035287712 0.969569087 0.598892927
0.966426373 -0.027565464 -0.255460829 -0.121375285 0.017285705 0.998951197 -0.042398643 -0.020707304 0.256361663 0.036559343 0.965889335 0.654569566
0.962492585 -0.029500486 -0.269699812 -0.137364835 0.018339949 0.998871565 -0.043808449 -0.023387074 0.270687908 0.037219025 0.961947441 0.714395285
0.959495783 -0.029121945 -0.280213922 -0.156534985 0.017227164 0.998846591 -0.044819191 -0.026305314 0.281195939 0.038176525 0.958890736 0.772860706
0.956548989 -0.032749601 -0.289726943 -0.174145699 0.019861603 0.998682618 -0.047313057 -0.029603550 0.290894777 0.039502811 0.955939233 0.834756434
0.954922020 -0.033856533 -0.294919789 -0.194162428 0.019006884 0.998409629 -0.053074114 -0.032323930 0.296247602 0.045076124 0.954046965 0.898111463
0.954414248 -0.032588188 -0.296700835 -0.213814422 0.016087731 0.998193562 -0.057886437 -0.036690783 0.298051298 0.050474405 0.953214347 0.961349547
0.954946220 -0.028418962 -0.295414805 -0.234907985 0.010747272 0.998063207 -0.061272666 -0.040755093 0.296583951 0.055337202 0.953402102 1.025911093
0.955840468 -0.029300636 -0.292421848 -0.256030977 0.011320273 0.997949839 -0.062991850 -0.045341067 0.293668002 0.056899853 0.954212606 1.094182730
0.957306981 -0.028293692 -0.287685454 -0.276341319 0.010217638 0.997888446 -0.064141370 -0.050200596 0.288892835 0.058463506 0.955574632 1.161261082
0.958678007 -0.024648875 -0.283423603 -0.298879653 0.006820009 0.997944474 -0.063720919 -0.055576675 0.284411669 0.059154898 0.956875443 1.234279871
0.960271120 -0.019762432 -0.278368145 -0.320808142 0.002317228 0.998019576 -0.062859669 -0.060859628 0.279059112 0.059717271 0.958415329 1.306138039
0.961989820 -0.014264304 -0.272712857 -0.342418611 -0.002908602 0.998043180 -0.062462874 -0.065800838 0.273070276 0.060881857 0.960065603 1.379900455
0.964024782 -0.012118246 -0.265535921 -0.364801019 -0.004435628 0.998087823 -0.061653163 -0.070828654 0.265775293 0.060613003 0.962127686 1.455665827
0.965738654 -0.009378619 -0.259346932 -0.385607243 -0.006979858 0.998046577 -0.062082916 -0.076391965 0.259422630 0.061766077 0.963786721 1.530827999
0.967247367 -0.008202511 -0.253703117 -0.406823814 -0.007522095 0.998112559 -0.060948230 -0.082177155 0.253724217 0.060860392 0.965360045 1.609001637
0.968583047 -0.009989757 -0.248489588 -0.427333206 -0.005131760 0.998177290 -0.060131639 -0.086297132 0.248637378 0.059517667 0.966766238 1.686256766
0.969395339 -0.008131026 -0.245370194 -0.447612792 -0.006952253 0.998141468 -0.060542796 -0.092191242 0.245406434 0.060395781 0.967537105 1.764014721
0.970016718 -0.009180332 -0.242864698 -0.469176173 -0.006903579 0.997842312 -0.065291949 -0.097638331 0.242940068 0.065010928 0.967860281 1.846000791
0.970565438 -0.004780866 -0.240790397 -0.490711391 -0.012205199 0.997541845 -0.069002151 -0.102924772 0.240528405 0.069909990 0.968121111 1.926174521
0.971079469 -0.002453908 -0.238744289 -0.510798931 -0.014095956 0.997613728 -0.067588389 -0.108935148 0.238340467 0.068999022 0.968727529 2.010792732
0.971751153 -0.003434802 -0.235982656 -0.530086100 -0.012605655 0.997711420 -0.066430718 -0.115131989 0.235670775 0.067528874 0.969483972 2.093009710
0.972368360 -0.000701058 -0.233450562 -0.553265631 -0.014798918 0.997799098 -0.064636871 -0.122035533 0.232982069 0.066305682 0.970217943 2.179718733
0.972855985 -0.006171161 -0.231329203 -0.573896766 -0.009492748 0.997738719 -0.066538438 -0.127856076 0.231216714 0.066928267 0.970597446 2.265349627
0.973150313 -0.010589673 -0.229927093 -0.594761550 -0.005040322 0.997721076 -0.067284517 -0.134954348 0.230115637 0.066636845 0.970879078 2.356870651
0.973573923 -0.011609312 -0.228076726 -0.615676463 -0.004129866 0.997648656 -0.068410099 -0.141228050 0.228334621 0.067544214 0.971236885 2.440557241
0.974223375 -0.005671539 -0.225513861 -0.639424264 -0.009508383 0.997763097 -0.066169508 -0.148111507 0.225384653 0.066608168 0.971990287 2.521541834
0.974071145 -0.005101132 -0.226184428 -0.661348701 -0.009081617 0.998058379 -0.061619483 -0.155166209 0.226059586 0.062075883 0.972133577 2.619272232
0.973625004 -0.002315380 -0.228142351 -0.682012141 -0.011323448 0.998225808 -0.058454987 -0.161887556 0.227872983 0.059496608 0.971871436 2.711944818
0.973760426 -0.000586002 -0.227574959 -0.705355167 -0.013021324 0.998214900 -0.058286753 -0.167849690 0.227202892 0.059720654 0.972014606 2.801628113
0.973123848 -0.002973208 -0.230263382 -0.726601899 -0.010821219 0.998221636 -0.058621157 -0.175317824 0.230028212 0.059537373 0.971361041 2.894078970
0.972261488 -0.005230254 -0.233838126 -0.747650385 -0.008453128 0.998311102 -0.057475951 -0.181416497 0.233743846 0.057858318 0.970575213 2.981338501
0.971161485 -0.003138012 -0.238402486 -0.770244479 -0.010082697 0.998478353 -0.054215718 -0.187415928 0.238209873 0.055055961 0.969651937 3.069613695
0.970101357 -0.001922951 -0.242692918 -0.792163968 -0.011474753 0.998486876 -0.053778712 -0.194270551 0.242429137 0.054955635 0.968611419 3.157339573
0.969582856 -0.003263742 -0.244741648 -0.813187957 -0.010162729 0.998512030 -0.053576879 -0.200643152 0.244552314 0.054434467 0.968106866 3.241273880
0.969411373 -0.000842813 -0.245440066 -0.836877882 -0.012761435 0.998468459 -0.053832300 -0.206233323 0.245109528 0.055317804 0.967915833 3.327657938
0.969069064 0.004079640 -0.246755630 -0.860037923 -0.017414499 0.998501360 -0.051882625 -0.211774126 0.246174157 0.054574981 0.967687845 3.412544012
0.969111800 0.004513890 -0.246580303 -0.883210540 -0.017605631 0.998547852 -0.050914403 -0.217575133 0.245992407 0.053682961 0.967783988 3.497469425
0.969154954 0.001655990 -0.246446177 -0.904928148 -0.014343018 0.998661458 -0.049693763 -0.222179428 0.246033996 0.051695742 0.967881560 3.582352638
0.969605863 0.002871556 -0.244655296 -0.925062954 -0.014844703 0.998779416 -0.047108967 -0.229180858 0.244221419 0.049308963 0.968465030 3.659657955
0.969853222 0.001840732 -0.243682876 -0.945824385 -0.013209311 0.998898447 -0.045027338 -0.234552175 0.243331552 0.046888787 0.968809128 3.738544703
0.969789445 -0.003233096 -0.243921876 -0.963862062 -0.008275679 0.998900592 -0.046142675 -0.238847822 0.243802905 0.046767298 0.968696535 3.813840866
0.969652176 -0.005337906 -0.244430318 -0.982061863 -0.006088819 0.998924315 -0.045968931 -0.243281439 0.244412795 0.046062160 0.968576610 3.886544228
0.969562471 -0.004109584 -0.244809926 -1.000650644 -0.006858105 0.999010980 -0.043931551 -0.248772115 0.244748384 0.044273309 0.968575299 3.955023766
0.969364464 -0.001900536 -0.245619327 -1.018566608 -0.008744340 0.999069273 -0.042241070 -0.253730446 0.245470956 0.043094773 0.968445599 4.020493507
0.969256401 -0.004165407 -0.246017486 -1.033645749 -0.006272172 0.999113441 -0.041627359 -0.258790523 0.245972767 0.041890644 0.968371093 4.079753399
0.968719423 -0.005869016 -0.248088971 -1.048103094 -0.005457582 0.998974562 -0.044943009 -0.261320293 0.248098359 0.044891138 0.967694163 4.141256809
0.968478560 -0.004319288 -0.249059498 -1.063451529 -0.007374725 0.998914182 -0.046000496 -0.265569925 0.248987764 0.046387244 0.967395127 4.198168278
0.968186855 -0.000019607 -0.250228375 -1.078868389 -0.012255427 0.998796225 -0.047497116 -0.269333303 0.249928087 0.049052741 0.967021167 4.252507210
0.967733502 -0.002275998 -0.251965523 -1.092509508 -0.010761536 0.998673379 -0.050353229 -0.272884756 0.251745909 0.051440049 0.966425300 4.307577610
0.967295051 -0.003484015 -0.253629774 -1.104558825 -0.009692867 0.998667538 -0.050685037 -0.277067423 0.253468424 0.051485788 0.965972543 4.358406544
0.967175245 -0.003822750 -0.254081488 -1.117515683 -0.008931467 0.998757601 -0.049024805 -0.279827058 0.253953218 0.049684901 0.965939581 4.407072067
0.967168033 0.002121687 -0.254128814 -1.135971546 -0.014524000 0.998792231 -0.046936914 -0.284688890 0.253722310 0.049086850 0.966030777 4.464881420
0.966992855 0.004947163 -0.254755169 -1.150036454 -0.017352326 0.998768926 -0.046470124 -0.286750704 0.254211664 0.049356874 0.965888381 4.514275551
0.966834903 0.005284010 -0.255347520 -1.163841009 -0.017578164 0.998791933 -0.045888662 -0.292577207 0.254796565 0.048855305 0.965759754 4.563514233
0.967017055 0.008023500 -0.254584849 -1.176751494 -0.020321704 0.998747885 -0.045713570 -0.295000792 0.253899246 0.049379408 0.965969384 4.612941265
0.967465878 0.007654266 -0.252885759 -1.190154433 -0.019631568 0.998799801 -0.044873208 -0.297654420 0.252238721 0.048377842 0.966454983 4.658610344
0.967628717 0.009843658 -0.252186209 -1.202268839 -0.020929936 0.998926938 -0.041315943 -0.300002664 0.251508921 0.045256738 0.966796339 4.705824852
0.967901468 0.010565798 -0.251107812 -1.215055346 -0.020278865 0.999141574 -0.036124803 -0.302200586 0.250510603 0.040057436 0.967284858 4.751495361
0.968060613 0.010976972 -0.250475913 -1.225601673 -0.019491585 0.999312520 -0.031538405 -0.305739582 0.249957517 0.035413265 0.967609048 4.795518875
0.967994452 0.017232006 -0.250379264 -1.238038182 -0.025521966 0.999227047 -0.029900391 -0.307979554 0.249670506 0.035333581 0.967686057 4.840105057
0.968048930 0.023051996 -0.249699369 -1.251068950 -0.031212205 0.999098599 -0.028769504 -0.310819149 0.248811111 0.035643954 0.967895985 4.884819508
0.968049943 0.022193458 -0.249773383 -1.264499307 -0.030830489 0.999052346 -0.030719934 -0.312635660 0.248854980 0.037439063 0.967816889 4.930543423
0.967817426 0.016546959 -0.251108527 -1.275316000 -0.026170658 0.999043286 -0.035033800 -0.315061897 0.250288635 0.040477999 0.967324853 4.975156307
0.967975914 0.010602374 -0.250818968 -1.286949396 -0.020313794 0.999139488 -0.036161594 -0.316606551 0.250219673 0.040098637 0.967358351 5.022096157
0.968644261 0.014264124 -0.248042107 -1.299746752 -0.023528676 0.999130309 -0.034426399 -0.317855120 0.247335315 0.039183032 0.968137324 5.069720745
0.969467998 0.021267926 -0.244293675 -1.312747240 -0.029859938 0.999056935 -0.031521007 -0.319878697 0.243392885 0.037853204 0.969188869 5.115415573
0.970449924 0.023865741 -0.240119874 -1.324488521 -0.031106910 0.999167085 -0.026411105 -0.321327388 0.239289537 0.033100042 0.970383942 5.163270950
0.972141623 0.021722551 -0.233385026 -1.335229039 -0.027111132 0.999434173 -0.019905303 -0.324217141 0.232820600 0.025678111 0.972180605 5.212587357
0.973672628 0.019317407 -0.227130771 -1.346859932 -0.024024980 0.999549687 -0.017979758 -0.325842470 0.226681128 0.022963209 0.973698199 5.261694431
0.974806070 0.014852132 -0.222559214 -1.357033014 -0.019378757 0.999647021 -0.018168803 -0.327677727 0.222210810 0.022023978 0.974749863 5.311567307
0.976072013 0.010314947 -0.217202529 -1.368263960 -0.014766047 0.999712706 -0.018879812 -0.329345077 0.216945380 0.021635279 0.975943983 5.362238407
0.977316320 0.010186070 -0.211539790 -1.379335761 -0.014176500 0.999748826 -0.017355662 -0.330705017 0.211309835 0.019960862 0.977215290 5.414008141
0.978424728 0.010846296 -0.206318736 -1.390488148 -0.014751135 0.999739826 -0.017397346 -0.331860185 0.206076398 0.020065429 0.978330135 5.466193676
0.979452431 0.010705924 -0.201390669 -1.401633978 -0.014805027 0.999712527 -0.018858748 -0.333107293 0.201130882 0.021452839 0.979329467 5.518840790
0.980338812 0.009239674 -0.197105050 -1.412024856 -0.013401521 0.999714315 -0.019791463 -0.335036606 0.196865857 0.022043850 0.980182528 5.572866917
0.981012285 0.004804966 -0.193886623 -1.421874285 -0.009089133 0.999733686 -0.021212727 -0.336716682 0.193733096 0.022572204 0.980794489 5.627201080
0.981415153 0.002770133 -0.191876367 -1.432025075 -0.006949537 0.999752939 -0.021112209 -0.337910205 0.191770479 0.022053290 0.981191993 5.682580948
0.981868267 0.002698996 -0.189545602 -1.443714619 -0.006328152 0.999807954 -0.018543987 -0.339708686 0.189459190 0.019407224 0.981696784 5.740380764
0.982235014 0.004264070 -0.187607005 -1.455535293 -0.007013817 0.999877393 -0.013995573 -0.341202408 0.187524363 0.015062782 0.982144475 5.797152996
0.982370913 0.003106824 -0.186916575 -1.467235684 -0.005267586 0.999924898 -0.011064468 -0.342413217 0.186868131 0.011854010 0.982313514 5.855792999
0.982332587 0.003315740 -0.187114254 -1.478041768 -0.005219229 0.999939442 -0.009681136 -0.344179749 0.187070802 0.010486687 0.982290447 5.914651871
0.982079864 0.001942835 -0.188455880 -1.489625454 -0.003728822 0.999951422 -0.009122880 -0.345747828 0.188428983 0.009662116 0.982039213 5.974833965
0.981546760 0.001137535 -0.191218674 -1.501734734 -0.003016745 0.999949932 -0.009536711 -0.346702069 0.191198245 0.009937586 0.981501102 6.035108089
0.980823576 -0.000692112 -0.194896564 -1.514912128 -0.001540733 0.999934912 -0.011304736 -0.347516298 0.194891676 0.011388235 0.980758667 6.096021175
0.979715109 -0.002389865 -0.200380743 -1.526746869 0.000329767 0.999946713 -0.010313665 -0.349291325 0.200394765 0.010038374 0.979663789 6.156304359
0.978416443 -0.002468867 -0.206627786 -1.539403677 0.000858366 0.999968529 -0.007883500 -0.350748539 0.206640750 0.007535985 0.978387892 6.215738773
0.977043688 0.001010083 -0.213036522 -1.554348230 -0.001457814 0.999997020 -0.001944587 -0.352381259 0.213033929 0.002210514 0.977042317 6.277658939
0.975523293 0.003152481 -0.219873190 -1.569867611 -0.002800327 0.999994218 0.001913275 -0.352930129 0.219877914 -0.001250728 0.975526631 6.337767124
0.973199546 -0.000729603 -0.229960993 -1.582963705 0.001448394 0.999994576 0.002956928 -0.354367375 0.229957595 -0.003210756 0.973195374 6.397587299
0.970465302 -0.003183749 -0.241219506 -1.597810030 0.003815621 0.999990404 0.002152438 -0.355387598 0.241210356 -0.003009268 0.970468223 6.455841541
0.967233539 -0.004641455 -0.253845870 -1.614194393 0.004417040 0.999989212 -0.001454013 -0.356183618 0.253849894 0.000285122 0.967243552 6.514795780
0.963460684 -0.002888233 -0.267834425 -1.632012367 0.002315635 0.999994338 -0.002453731 -0.357380182 0.267839938 0.001743867 0.963461876 6.572753906
0.959185958 -0.003021968 -0.282759786 -1.649971485 0.002652604 0.999995053 -0.001689109 -0.358034790 0.282763571 0.000870119 0.959189236 6.629617691
0.954474986 -0.002118334 -0.298283428 -1.668463469 0.003120550 0.999990940 0.002883739 -0.358799934 0.298274577 -0.003683265 0.954472899 6.687323570
0.949619353 0.000643216 -0.313404918 -1.688730955 0.002102824 0.999962330 0.008423842 -0.359810233 0.313398540 -0.008658479 0.949582160 6.743887901
0.944304705 0.004536259 -0.329041123 -1.709582090 -0.000560437 0.999925673 0.012176895 -0.359904766 0.329071909 -0.011314290 0.944237053 6.800021648
0.938461483 0.007130136 -0.345310152 -1.731904507 -0.002482829 0.999900281 0.013898769 -0.361169428 0.345374882 -0.012186113 0.938385725 6.855947971
0.932143331 0.004036438 -0.362067014 -1.755282640 0.000122332 0.999934256 0.011462528 -0.361692131 0.362089515 -0.010729011 0.932081580 6.911086082
0.925949156 0.002972301 -0.377636582 -1.779601336 -0.000280906 0.999974132 0.007181822 -0.362105519 0.377648205 -0.006543922 0.925925970 6.965348721
0.920077085 0.003185458 -0.391724497 -1.803990602 -0.002348592 0.999993801 0.002615493 -0.362125397 0.391730338 -0.001486454 0.920078874 7.019837856
0.915069461 0.007528469 -0.403225839 -1.829288840 -0.007152614 0.999971509 0.002438124 -0.362695754 0.403232664 0.000653066 0.915097177 7.074244499
0.911621630 0.012601478 -0.410837233 -1.856652737 -0.010858596 0.999919415 0.006575677 -0.362619549 0.410887003 -0.001533414 0.911685050 7.129552841
0.909554780 0.021029867 -0.415051460 -1.882754326 -0.015980208 0.999749959 0.015635975 -0.362965882 0.415276587 -0.007589168 0.909663558 7.184140682
0.909835994 0.023814056 -0.414283901 -1.909514785 -0.015937191 0.999620676 0.022459932 -0.363375574 0.414661616 -0.013832334 0.909870565 7.240725517
0.911089778 0.024927853 -0.411453545 -1.934408545 -0.017000908 0.999592841 0.022914737 -0.363612026 0.411857247 -0.013882301 0.911142647 7.295621395
0.913912535 0.023610057 -0.405223966 -1.958928108 -0.017827524 0.999678373 0.018038582 -0.363500178 0.405519545 -0.009261547 0.914039493 7.350570202
0.918012500 0.022723489 -0.395899832 -1.983880877 -0.019104749 0.999731898 0.013081589 -0.362747461 0.396090955 -0.004445496 0.918200552 7.407074451
0.922815025 0.022038771 -0.384612232 -2.007517338 -0.018909290 0.999750137 0.011917172 -0.362146020 0.384778798 -0.003724602 0.923001289 7.465047359
0.928722918 0.022631580 -0.370083243 -2.030833721 -0.018773835 0.999725401 0.014023002 -0.362076551 0.370299011 -0.006075601 0.928892732 7.523172855
0.934442699 0.021844694 -0.355442882 -2.052075863 -0.016897602 0.999712408 0.017017005 -0.361262023 0.355712324 -0.009895280 0.934543073 7.581369877
0.940110862 0.019367253 -0.340318352 -2.074263573 -0.013714224 0.999725282 0.019008799 -0.360543489 0.340592921 -0.013203173 0.940118134 7.642220020
0.945351720 0.019769574 -0.325452119 -2.094736338 -0.012878555 0.999645233 0.023314621 -0.361080945 0.325797617 -0.017849170 0.945270956 7.702796936
0.950396240 0.021741444 -0.310281098 -2.113658428 -0.013441356 0.999493003 0.028863532 -0.360424429 0.310751259 -0.023261193 0.950206578 7.763897419
0.955040991 0.027285863 -0.295215726 -2.134040833 -0.017082686 0.999166071 0.037086245 -0.359653592 0.295981437 -0.030375808 0.954710603 7.826914310
0.958891928 0.024276800 -0.282731324 -2.150220871 -0.012591964 0.998992622 0.043072745 -0.357798725 0.283492148 -0.037741963 0.958231509 7.890226841
0.962162673 0.023265256 -0.271480680 -2.170571327 -0.010935933 0.998842537 0.046840105 -0.356170088 0.272256136 -0.042098906 0.961303413 7.955028057
0.964343369 0.018073307 -0.264036417 -2.187885761 -0.006211109 0.998936176 0.045692354 -0.353845030 0.264581352 -0.042423151 0.963429868 8.020609856
0.965744615 0.017985199 -0.258870333 -2.204435825 -0.006618446 0.998977840 0.044713847 -0.351258487 0.259409875 -0.041468840 0.964876533 8.085913658
0.967135727 0.019616919 -0.253502876 -2.223537207 -0.007052205 0.998705328 0.050378446 -0.348922610 0.254162937 -0.046935041 0.966021895 8.152446747
0.967949331 0.022797983 -0.250108838 -2.241553068 -0.008103609 0.998188019 0.059625201 -0.346338034 0.251014948 -0.055687387 0.966380060 8.220937729
0.969095528 0.021112682 -0.245780751 -2.260310650 -0.004941139 0.997792244 0.066228271 -0.342990696 0.246636391 -0.062967084 0.967060268 8.290632248
0.969760835 0.019165810 -0.243303329 -2.276660442 -0.003172047 0.997817338 0.065958217 -0.339577198 0.244036406 -0.063191935 0.967705011 8.360754967
0.970717430 0.017217385 -0.239606455 -2.293572187 -0.001786188 0.997917950 0.064470947 -0.336061001 0.240217611 -0.062155087 0.968727171 8.430584908
0.971923053 0.018385179 -0.234579578 -2.313363075 -0.002697628 0.997747898 0.067021564 -0.331627548 0.235283509 -0.064506978 0.969783723 8.503016472
0.972932935 0.020339822 -0.230190903 -2.331497908 -0.003406817 0.997273088 0.073720373 -0.326309800 0.231062651 -0.070940755 0.970349133 8.575569153
0.974115491 0.023332039 -0.224843621 -2.348988295 -0.004127452 0.996329010 0.085507333 -0.323002398 0.226013243 -0.082365990 0.970635772 8.649727821
0.975288808 0.026116868 -0.219384730 -2.365955830 -0.006600168 0.995989501 0.089227073 -0.317776203 0.220835179 -0.085574202 0.971549690 8.722653389
0.976921737 0.025167743 -0.212109715 -2.383690357 -0.006106930 0.995919049 0.090043232 -0.312109709 0.213510305 -0.086669855 0.973088741 8.798818588
0.978319705 0.026619744 -0.205382377 -2.401157856 -0.007909313 0.995783806 0.091388918 -0.305688143 0.206949204 -0.087783150 0.974405587 8.874765396
0.979570925 0.028092163 -0.199127108 -2.416341066 -0.009100012 0.995372772 0.095657855 -0.299696565 0.200892881 -0.091891579 0.975293934 8.950675011
0.980572045 0.026469961 -0.194365114 -2.430961132 -0.006754027 0.994822085 0.101407528 -0.293017566 0.196042955 -0.098124661 0.975673497 9.028143883
0.981998086 0.022059789 -0.187598437 -2.447315931 -0.002597179 0.994640052 0.103365056 -0.287074625 0.188873142 -0.101017065 0.976791918 9.105914116
0.983126521 0.017992191 -0.182039663 -2.462275028 0.000608217 0.994824171 0.101609848 -0.279879987 0.182925627 -0.100006044 0.978027105 9.184144020
0.983784854 0.015465061 -0.178684652 -2.475495815 0.002798045 0.994830847 0.101507291 -0.272697866 0.179330811 -0.100361310 0.978656173 9.262948036
0.984261215 0.016065449 -0.175987527 -2.489789486 0.002292477 0.994614542 0.103617147 -0.265638649 0.176704437 -0.102389798 0.978923798 9.342671394
0.984707415 0.017221326 -0.173362970 -2.504201889 0.001879694 0.993994117 0.109416917 -0.258608818 0.174206093 -0.108069532 0.978761077 9.421020508
0.985094130 0.018029090 -0.171068937 -2.519080639 0.001687900 0.993431330 0.114418201 -0.251249909 0.172008097 -0.113001443 0.978592753 9.500402451
0.985244751 0.014856043 -0.170504764 -2.532235384 0.004937503 0.993344009 0.115080692 -0.243752718 0.171079487 -0.114224546 0.978613615 9.579717636
0.985178173 0.013350707 -0.171014041 -2.545917988 0.006302795 0.993475914 0.113867737 -0.236015916 0.171418533 -0.113257878 0.978666604 9.658806801
0.985097468 0.013157282 -0.171492919 -2.560122490 0.006306949 0.993635952 0.112462446 -0.228223562 0.171881184 -0.111868069 0.978745461 9.738366127
0.984896600 0.011140029 -0.172784403 -2.574718475 0.009115966 0.993207633 0.115997978 -0.220583677 0.172903016 -0.115821131 0.978105307 9.818994522
0.984586358 0.008567893 -0.174689114 -2.589748621 0.012849649 0.992556512 0.121104911 -0.212217093 0.174426422 -0.121482939 0.977147639 9.901978493
0.984038115 0.007255626 -0.177809611 -2.605600357 0.015454237 0.991909564 0.126002625 -0.203632951 0.177285269 -0.126739323 0.975964665 9.983792305
0.983133197 0.004114200 -0.182844386 -2.619433880 0.019587366 0.991628170 0.127631783 -0.194266319 0.181838736 -0.129060462 0.974822044 10.066638947
0.982202709 0.002235934 -0.187810779 -2.635831833 0.022106921 0.991602659 0.127418891 -0.185003519 0.186518550 -0.129303083 0.973905325 10.149444580
0.980855107 -0.000221834 -0.194739372 -2.653028727 0.025613101 0.991459131 0.127877578 -0.175457835 0.193047777 -0.130417228 0.972483337 10.233162880
0.979277492 0.002160664 -0.202511504 -2.670838833 0.024987480 0.991013885 0.131404534 -0.165893435 0.200975642 -0.133741722 0.970423579 10.316449165
0.977776468 0.001352641 -0.209645897 -2.689904928 0.026998125 0.990840554 0.132310614 -0.156312585 0.207904652 -0.135030240 0.968784034 10.400964737
0.976092279 -0.001548153 -0.217350945 -2.707499981 0.031224445 0.990601420 0.133168653 -0.146116853 0.215101987 -0.136771575 0.966966748 10.483807564
0.974743485 0.000422169 -0.223326907 -2.729636908 0.030314889 0.990492284 0.134186223 -0.135298967 0.221260265 -0.137567282 0.965463161 10.569152832
0.973113894 -0.000073496 -0.230324209 -2.749365568 0.032566532 0.989997149 0.137276888 -0.125888228 0.228010222 -0.141086921 0.963382483 10.654582024
0.971582234 -0.004165041 -0.236665502 -2.770836115 0.037809227 0.989738107 0.137799859 -0.115654111 0.233662948 -0.142832026 0.961769521 10.740756035
0.969958127 -0.007088268 -0.243168503 -2.792047739 0.040844485 0.990131140 0.134059817 -0.104715943 0.239818454 -0.139964521 0.960675240 10.826905251
0.968677461 -0.009472093 -0.248141751 -2.814250469 0.043400999 0.990349531 0.131621912 -0.094236255 0.244500309 -0.138268769 0.959740222 10.912903786
0.967632294 -0.010767029 -0.252134442 -2.837477922 0.044850659 0.990521729 0.129827425 -0.083686471 0.248346791 -0.136933640 0.958943725 11.001517296
0.966842949 -0.013841366 -0.254996091 -2.860916376 0.048961882 0.990052700 0.131903112 -0.074022055 0.250633836 -0.140014693 0.957903266 11.090229034
0.965903997 -0.018610748 -0.258230746 -2.884546041 0.055290643 0.989230812 0.135518804 -0.062239170 0.252927691 -0.145175919 0.956530988 11.180365562
0.965000749 -0.021627989 -0.261353523 -2.908783913 0.058831900 0.989045739 0.135378972 -0.050854206 0.255562574 -0.146016717 0.955702305 11.270569801
0.964460790 -0.021242347 -0.263370782 -2.934451103 0.057147715 0.989940345 0.129429922 -0.040213585 0.257972062 -0.139881134 0.955972672 11.360258102
0.964271605 -0.019819034 -0.264173239 -2.959615231 0.054270320 0.990826964 0.123760037 -0.029745817 0.259297222 -0.133675069 0.956501961 11.450493813
0.964548826 -0.015761152 -0.263433278 -2.985639334 0.050078161 0.991009474 0.124067001 -0.019353747 0.259109467 -0.132860944 0.956666231 11.541423798
0.964700997 -0.010697735 -0.263129890 -3.011837721 0.045925152 0.990697920 0.128095761 -0.008722067 0.259311885 -0.135658398 0.956218719 11.633890152
0.965226412 -0.007764689 -0.261300087 -3.038589954 0.043249309 0.990527451 0.130326122 0.001582026 0.257812947 -0.137095287 0.956419051 11.727144241
0.965778470 -0.011190395 -0.259127110 -3.064382553 0.046211764 0.990507424 0.129458308 0.012157202 0.255218625 -0.137002751 0.957127869 11.820874214
0.966239214 -0.012571136 -0.257339776 -3.089452028 0.044988215 0.991696596 0.120473497 0.022435904 0.253688514 -0.127983466 0.958781719 11.913882256
0.966564357 -0.011486061 -0.256166786 -3.114415646 0.040989134 0.993071437 0.110131979 0.033211708 0.253126949 -0.116949677 0.960338235 12.008642197
0.967139065 -0.012638631 -0.253933638 -3.141161203 0.040557507 0.993643403 0.105013475 0.042035460 0.250992268 -0.111861534 0.961503983 12.103880882
0.967525661 -0.013650723 -0.252404153 -3.163696766 0.041198064 0.993704855 0.104179703 0.050081730 0.249393091 -0.111195117 0.961997271 12.194162369
0.968059421 -0.017690308 -0.250096053 -3.191075325 0.045320764 0.993422389 0.105156556 0.059823275 0.246590763 -0.113132343 0.962493658 12.295679092
0.968422472 -0.020237174 -0.248492271 -3.216630220 0.048081037 0.993149638 0.106499158 0.068818331 0.244634748 -0.115083948 0.962761402 12.392250061
0.968514383 -0.025615001 -0.247636259 -3.240987301 0.052304484 0.993428230 0.101806499 0.076392889 0.243401080 -0.111553542 0.963489354 12.489583015
0.968881547 -0.027559176 -0.245985597 -3.266709566 0.052743241 0.993945599 0.096386299 0.085244417 0.241839960 -0.106360987 0.964469194 12.586675644
0.968911290 -0.026237292 -0.246013030 -3.290240288 0.051566649 0.993938804 0.097089350 0.092838764 0.241974592 -0.106757030 0.964391589 12.680907249
0.969095767 -0.022183564 -0.245685309 -3.314774036 0.048317250 0.993726730 0.100859299 0.100404382 0.241906643 -0.109613143 0.964088202 12.780287743
0.969538093 -0.019353192 -0.244174406 -3.342099428 0.045175109 0.993901014 0.100599565 0.109316349 0.240738258 -0.108565733 0.964499116 12.876893044
0.969756484 -0.014236323 -0.243659228 -3.367166519 0.040519897 0.993834913 0.103200994 0.117068052 0.240687847 -0.109952874 0.964354575 12.974772453
0.970025957 -0.013931595 -0.242601469 -3.392699957 0.040537786 0.993642747 0.105026893 0.126567483 0.239595994 -0.111713335 0.964424133 13.071193695
0.969922662 -0.016150821 -0.242876872 -3.416302443 0.041940589 0.993962109 0.101392217 0.134394526 0.239772826 -0.108528994 0.964743733 13.168009758
0.969875336 -0.018940751 -0.242864236 -3.440604925 0.042959105 0.994646311 0.093985178 0.142934442 0.239783823 -0.101587132 0.965496719 13.264439583
0.969938219 -0.021201305 -0.242426008 -3.466888666 0.043920361 0.995089650 0.088698536 0.150014520 0.239355102 -0.096679524 0.966106713 13.363503456
0.969897091 -0.022113957 -0.242509082 -3.491320610 0.045045756 0.994974077 0.089427277 0.157483935 0.239312679 -0.097659253 0.966018677 13.460255623
0.969997764 -0.019694915 -0.242314681 -3.515977383 0.042512190 0.995097220 0.089298643 0.163959503 0.239367947 -0.096920803 0.966079354 13.557121277
0.970114589 -0.019371424 -0.241872758 -3.541308165 0.040281627 0.995833755 0.081807829 0.171500087 0.239280313 -0.089106001 0.966853142 13.657126427
0.970252931 -0.019774776 -0.241284341 -3.566097260 0.038209341 0.996675134 0.071963675 0.176390409 0.239059031 -0.079042301 0.967782557 13.754400253
0.970415592 -0.021751804 -0.240458891 -3.590892792 0.038583737 0.997105360 0.065513991 0.182772219 0.238337815 -0.072853573 0.968446016 13.853187561
0.970613480 -0.023477362 -0.239495903 -3.615414619 0.040725771 0.996899426 0.067326449 0.187353611 0.237172693 -0.075101621 0.968560278 13.951183319
0.970576346 -0.028342826 -0.239119649 -3.639617920 0.046372306 0.996460617 0.070112832 0.193077028 0.236286148 -0.079138391 0.968455434 14.052561760
0.970583081 -0.031232012 -0.238732129 -3.662984371 0.049635034 0.996207178 0.071466640 0.198694170 0.235594586 -0.081213795 0.968452156 14.150677681
0.970613241 -0.035150021 -0.238063946 -3.687541962 0.053120170 0.996167123 0.069493271 0.204066098 0.234708786 -0.080097087 0.968760133 14.250163078
0.971076190 -0.032488782 -0.236549214 -3.711857080 0.049612649 0.996532261 0.066800259 0.208597243 0.233558670 -0.076603994 0.969320416 14.346861839
0.971587241 -0.029829422 -0.234794706 -3.737074614 0.045949847 0.996924281 0.063487805 0.213632703 0.232178748 -0.072472721 0.969969392 14.446044922
0.971804619 -0.026141239 -0.234333917 -3.761785507 0.042416990 0.997003794 0.064685963 0.219060361 0.231940836 -0.072801858 0.970001698 14.544866562
0.972170651 -0.023663037 -0.233075857 -3.785351276 0.041305210 0.996613324 0.071104832 0.223581672 0.230603948 -0.078753278 0.969855607 14.642042160
0.972819269 -0.021740487 -0.230542883 -3.810558796 0.039621539 0.996528685 0.073216639 0.229659617 0.228150874 -0.080361031 0.970303714 14.743138313
0.973498344 -0.022384886 -0.227595761 -3.834430218 0.039519176 0.996692538 0.071007520 0.235835254 0.225253537 -0.078120090 0.971163392 14.841380119
0.974027693 -0.025934488 -0.224938750 -3.856975794 0.041852608 0.996922433 0.066288866 0.241587818 0.222527340 -0.073981456 0.972115397 14.939906120
0.974401593 -0.028526351 -0.222996995 -3.879518509 0.043793317 0.997000098 0.063819237 0.245981991 0.220507517 -0.071951352 0.972727835 15.039217949
0.974936962 -0.030252635 -0.220414579 -3.903129578 0.045328945 0.996941209 0.063665293 0.250091255 0.217814371 -0.072060816 0.973326385 15.137397766
0.975550056 -0.029052310 -0.217848763 -3.924513340 0.044259883 0.996886551 0.065255739 0.253449142 0.215274662 -0.073302202 0.973798573 15.235002518
0.976476848 -0.025998294 -0.214049235 -3.946996450 0.041003950 0.996979058 0.065964520 0.258362532 0.211687639 -0.073189691 0.974593103 15.332663536
0.977335811 -0.024066292 -0.210322380 -3.969176292 0.039516781 0.996794164 0.069569513 0.263451993 0.207973808 -0.076304048 0.975153625 15.432470322
0.977975607 -0.021963464 -0.207561061 -3.991234064 0.037760738 0.996656477 0.072455950 0.268318117 0.205275774 -0.078697801 0.975534916 15.530839920
0.978456080 -0.025759351 -0.204842150 -4.012958527 0.041045070 0.996650875 0.070726216 0.273926497 0.202334270 -0.077610254 0.976236343 15.630038261
0.978939056 -0.024411473 -0.202687904 -4.032715797 0.038723178 0.997004867 0.066946656 0.278299153 0.200446561 -0.073385403 0.976952255 15.726495743
0.979200184 -0.027019804 -0.201089501 -4.052724361 0.040339280 0.997233450 0.062435754 0.283741057 0.198846191 -0.069248900 0.977581084 15.824246407
0.979430020 -0.026857024 -0.199988961 -4.073861599 0.040144615 0.997225583 0.062685072 0.287980378 0.197750613 -0.069424123 0.977790833 15.920495033
0.979592025 -0.024777377 -0.199463338 -4.094065189 0.038384344 0.997170031 0.064642176 0.291880310 0.197297215 -0.070979238 0.977770805 16.016881943
0.979485691 -0.024067082 -0.200072095 -4.113636971 0.037525207 0.997260273 0.063748263 0.296750903 0.197989717 -0.069948249 0.977705121 16.111282349
0.979464054 -0.022017404 -0.200413212 -4.134247303 0.035863634 0.997193277 0.065721855 0.300895154 0.198403686 -0.071559727 0.977504551 16.205167770
0.979182482 -0.021498898 -0.201840788 -4.153243065 0.035709590 0.997111738 0.067030028 0.305237532 0.199816763 -0.072842263 0.977121890 16.297832489
0.979194045 -0.020330604 -0.201905102 -4.174578667 0.034789160 0.997056603 0.068322092 0.310016751 0.199921772 -0.073924698 0.977019131 16.389167786
0.978505850 -0.020492675 -0.205198199 -4.192793846 0.034710992 0.997220159 0.065932356 0.313328624 0.203276649 -0.071637824 0.976497114 16.478658676
0.977896273 -0.022235805 -0.207904980 -4.212000370 0.035882354 0.997424722 0.062098935 0.317605793 0.205988750 -0.068186432 0.976175845 16.567508698
0.977340281 -0.024013015 -0.210307598 -4.231959343 0.037198048 0.997566760 0.058963966 0.321268499 0.208379999 -0.065450907 0.975855410 16.657564163
0.977049291 -0.022417981 -0.211830229 -4.252082348 0.035418775 0.997700870 0.057779565 0.324961603 0.210047886 -0.063956231 0.975597084 16.745677948
0.976796865 -0.019924473 -0.213239700 -4.272988319 0.032920592 0.997798502 0.057569560 0.328503788 0.211623222 -0.063253723 0.975302279 16.834985733
0.976485908 -0.017992305 -0.214829132 -4.293365479 0.030881057 0.997908413 0.056790467 0.331870377 0.213357970 -0.062089235 0.974999130 16.924085617
0.976042867 -0.019571016 -0.216696411 -4.312935352 0.032526031 0.997879386 0.056379728 0.335068166 0.215133473 -0.062077302 0.974609613 17.013408661
0.975847602 -0.019870041 -0.217546850 -4.333256721 0.032968979 0.997843981 0.056748692 0.338574231 0.215950221 -0.062550373 0.974398792 17.101631165
0.975872338 -0.018874180 -0.217524469 -4.353919506 0.032087814 0.997836947 0.057374053 0.342041016 0.215971053 -0.062969640 0.974367201 17.192392349
0.976286769 -0.016984543 -0.215813980 -4.374586105 0.030192357 0.997856975 0.058051180 0.345036566 0.214365497 -0.063190527 0.974707305 17.279977798
0.976947427 -0.014932303 -0.212957188 -4.394939423 0.027989408 0.997898996 0.058430769 0.348785877 0.211637229 -0.063044332 0.975312829 17.369474411
0.977632880 -0.014008208 -0.209851310 -4.414240837 0.027094712 0.997853577 0.059616234 0.352597177 0.208565757 -0.063968658 0.975914061 17.456529617
0.978007019 -0.016536346 -0.207915261 -4.431818962 0.028682634 0.998044372 0.055540964 0.356754184 0.206590205 -0.060283013 0.976568699 17.545112610
0.978687286 -0.021502810 -0.204227403 -4.451325417 0.032472257 0.998195350 0.050513200 0.359939814 0.202772677 -0.056068361 0.977619350 17.633081436
0.978886187 -0.030384900 -0.202134833 -4.468850136 0.040082153 0.998224795 0.044054281 0.363619924 0.200437412 -0.051226124 0.978366375 17.722087860
0.979558408 -0.031408299 -0.198693469 -4.487751961 0.040692244 0.998253942 0.042814437 0.365711272 0.197001830 -0.050024513 0.979126036 17.811191559
0.979978561 -0.033976696 -0.196182400 -4.504917622 0.043660238 0.998021305 0.045246854 0.367943376 0.194256887 -0.052906312 0.979522943 17.898427963
0.980642140 -0.032599594 -0.193076059 -4.520353317 0.043363832 0.997716129 0.051789168 0.370023906 0.190946832 -0.059159152 0.979816079 17.983055115
0.981611788 -0.030329740 -0.188463256 -4.537735939 0.041611884 0.997552156 0.056197796 0.372783542 0.186297432 -0.063006721 0.980471015 18.067066193
0.982418001 -0.028804835 -0.184459105 -4.552541733 0.040241785 0.997472405 0.058561627 0.375505567 0.182306007 -0.064954951 0.981093943 18.146907806
0.983400166 -0.025238782 -0.179685757 -4.567659378 0.036599219 0.997515619 0.060191780 0.378717542 0.177720174 -0.065768987 0.981880844 18.225191116
0.984632134 -0.024844406 -0.172864780 -4.581386566 0.035848077 0.997504413 0.060826544 0.380324781 0.170922175 -0.066088654 0.983065486 18.297048569
0.986112356 -0.025655773 -0.164086118 -4.593793869 0.036250774 0.997423530 0.061904442 0.383233547 0.162075147 -0.066992983 0.984501719 18.368078232
0.987766862 -0.021644611 -0.154428288 -4.605014801 0.031142814 0.997751117 0.059353821 0.386183918 0.152796254 -0.063437089 0.986219525 18.435138702
0.989345729 -0.015823599 -0.144722924 -4.615429401 0.024237433 0.998104930 0.056560427 0.388489246 0.143553689 -0.059465539 0.987854362 18.501403809
0.990785420 -0.022372117 -0.133580774 -4.624329567 0.029771699 0.998115480 0.053655989 0.389236093 0.132128656 -0.057138495 0.989584327 18.566080093
0.991721988 -0.030050531 -0.124837138 -4.630837917 0.036292017 0.998186529 0.048027098 0.391792357 0.123167485 -0.052160125 0.991014302 18.637197495
0.992875755 -0.028505176 -0.115694158 -4.638850212 0.033541188 0.998562157 0.041817538 0.393385381 0.114335783 -0.045400143 0.992404282 18.701360703
0.993846416 -0.026573585 -0.107531860 -4.645771027 0.030406725 0.998953640 0.034165114 0.396195263 0.106511444 -0.037224572 0.993614495 18.768699646
0.994746447 -0.022501854 -0.099865563 -4.653013706 0.026199846 0.999012768 0.035873875 0.397357464 0.098959751 -0.038301874 0.994354010 18.837463379
0.995703280 -0.021982701 -0.089954078 -4.659057140 0.025719829 0.998844385 0.040598728 0.398482770 0.088957682 -0.042737890 0.995118082 18.903593063
0.996475041 -0.020322476 -0.081390135 -4.665082455 0.024008913 0.998717546 0.044573806 0.399797797 0.080379911 -0.046370778 0.995685041 18.971494675
0.997053564 -0.017857727 -0.074600935 -4.669960022 0.021268824 0.998752296 0.045183271 0.401325196 0.073700987 -0.046636809 0.996189356 19.036741257
0.997591913 -0.016046695 -0.067475200 -4.675549984 0.019065851 0.998834431 0.044341393 0.403670073 0.066685013 -0.045521088 0.996735275 19.104146957
0.997871339 -0.013325653 -0.063837349 -4.679204941 0.016413191 0.998708248 0.048088066 0.405449927 0.063114084 -0.049033478 0.996801138 19.168601990
0.998211145 -0.013879544 -0.058155335 -4.683388710 0.017098742 0.998327315 0.055228408 0.407335877 0.057291515 -0.056123994 0.996778727 19.236570358
0.998508632 -0.013870518 -0.052802704 -4.688072205 0.017117841 0.997956991 0.061552372 0.410559416 0.051841076 -0.062364440 0.996706128 19.305395126
0.998713851 -0.015725572 -0.048200347 -4.690543175 0.018907664 0.997621238 0.066289708 0.414719284 0.047043249 -0.067115799 0.996635497 19.373744965
0.998867214 -0.020079644 -0.043138754 -4.693840981 0.022971222 0.997447014 0.067614943 0.417535186 0.041670933 -0.068529308 0.996778429 19.442932129
0.998802960 -0.028007945 -0.040104236 -4.695951939 0.030619986 0.997344971 0.066071570 0.419944584 0.038147233 -0.067220479 0.997008622 19.510190964
0.998796046 -0.031036913 -0.037989259 -4.698364735 0.033195030 0.997789919 0.057562217 0.424008250 0.036118753 -0.058753971 0.997618854 19.579694748
0.998753607 -0.034747850 -0.035831820 -4.700178146 0.036476452 0.998143613 0.048773505 0.426176488 0.034070529 -0.050019726 0.998166919 19.648529053
0.998748004 -0.037000164 -0.033664018 -4.703146935 0.038473088 0.998281062 0.044212103 0.429188967 0.031970289 -0.045451909 0.998454809 19.717441559
0.998758733 -0.037630148 -0.032632504 -4.704938412 0.039024070 0.998304546 0.043186504 0.431941748 0.030952066 -0.044406351 0.998533905 19.787279129
