1.000000000 0.000000000 0.000000000 0.000000000 0.000000000 1.000000000 0.000000000 0.000000000 0.000000000 0.000000000 1.000000000 0.000000000
0.999987423 0.000801315 -0.004953576 -0.000254772 -0.000805168 0.999999404 -0.000775728 0.000145104 0.004952952 0.000779706 0.999987423 0.006748179
0.999949932 0.002837426 -0.009587951 -0.000557907 -0.002859478 0.999993265 -0.002286912 0.000464256 0.009581397 0.002314221 0.999951363 0.013656837
0.999811769 -0.004786938 -0.018799884 0.002633180 0.003911715 0.998919070 -0.046318587 0.041420493 0.019001286 0.046236333 0.998749793 0.027023442
0.999799311 0.006004204 -0.019113585 -0.001755159 -0.006211748 0.999922156 -0.010817613 0.005949934 0.019047149 0.010934186 0.999758720 0.026158566
0.999661028 0.006866877 -0.025112743 -0.001228796 -0.007058627 0.999946535 -0.007554905 0.004107867 0.025059529 0.007729599 0.999656081 0.031843223
0.999439478 0.005989778 -0.032935683 0.000745715 -0.006386090 0.999908268 -0.011940883 0.009073266 0.032861140 0.012144519 0.999386132 0.039330311
0.999230981 0.006159944 -0.038723506 0.000789669 -0.006519502 0.999936759 -0.009165885 0.007756662 0.038664591 0.009411293 0.999207854 0.046067078
0.999086797 0.005283451 -0.042401072 -0.000789678 -0.005461475 0.999976754 -0.004083837 0.003881693 0.042378511 0.004311683 0.999092460 0.049960013
0.998665452 0.005190928 -0.051387258 0.002181286 -0.005296279 0.999984205 -0.001914174 0.002793758 0.051376514 0.002183781 0.998677015 0.055103920
0.998525739 0.001527588 -0.054258242 -0.000454834 -0.001629394 0.999996960 -0.001832126 0.003581256 0.054255288 0.001917835 0.998525262 0.062011119
0.998250484 0.000185426 -0.059125494 -0.001062592 -0.000318611 0.999997377 -0.002243167 0.003605521 0.059124921 0.002258081 0.998248041 0.067801423
0.997829199 0.000819114 -0.065850273 -0.000249605 -0.001112422 0.999989629 -0.004417612 0.003445904 0.065845966 0.004481277 0.997819722 0.073912531
0.997402549 0.001210412 -0.072019354 0.000328179 -0.001624751 0.999982476 -0.005694858 0.003158823 0.072011180 0.005797077 0.997386992 0.080194496
0.997072518 0.003465933 -0.076382875 -0.000241896 -0.003958663 0.999972284 -0.006300334 0.003070893 0.076358914 0.006584267 0.997058630 0.086210668
0.996627092 0.004274428 -0.081952915 0.000449053 -0.004766402 0.999971807 -0.005808426 0.003042742 0.081925780 0.006179458 0.996619284 0.092407994
0.996303141 0.005540614 -0.085727662 -0.000089527 -0.005913718 0.999974132 -0.004098854 0.002801776 0.085702747 0.004590669 0.996310115 0.098148629
0.995861590 0.005411827 -0.090721406 0.000567844 -0.005708763 0.999979198 -0.003013874 0.002740612 0.090703219 0.003519308 0.995871663 0.103983350
0.995497704 0.005551478 -0.094623037 0.000245119 -0.005945648 0.999974787 -0.003884247 0.002549589 0.094599098 0.004429357 0.995505512 0.110057868
0.995008588 0.005552081 -0.099635325 0.000970266 -0.006001893 0.999973118 -0.004215403 0.002391056 0.099609241 0.004792363 0.995015025 0.115759619
0.994649649 0.003785008 -0.103235893 0.000364649 -0.004192785 0.999984264 -0.003733238 0.002231430 0.103220150 0.004146112 0.994649887 0.121606752
0.994288445 0.002659450 -0.106692463 -0.000234641 -0.002974137 0.999991715 -0.002790482 0.002356809 0.106684156 0.003091862 0.994288206 0.126502693
0.993778527 0.000763108 -0.111371152 -0.000646059 -0.001037184 0.999996603 -0.002403008 0.001970409 0.111368939 0.002503569 0.993775904 0.133765668
0.993297517 -0.000151099 -0.115585409 -0.000906136 -0.000427736 0.999987543 -0.004983037 0.002009311 0.115584731 0.004999078 0.993285000 0.140181884
0.992810547 -0.000787110 -0.119693771 -0.001293596 0.000134923 0.999985099 -0.005456805 0.001759226 0.119696289 0.005401425 0.992795885 0.145579591
0.992284656 -0.000520655 -0.123978794 -0.001608880 0.000016911 0.999991775 -0.004064161 0.001377035 0.123979896 0.004030710 0.992276549 0.151938453
0.991863608 -0.001696849 -0.127293929 -0.002545496 0.001284365 0.999993682 -0.003322411 0.001546766 0.127298787 0.003131888 0.991859496 0.157883063
0.991538048 -0.002887894 -0.129784539 -0.004024388 0.002540639 0.999992728 -0.002841110 0.001629499 0.129791781 0.002487333 0.991538227 0.164303422
0.991075277 -0.004298647 -0.133234411 -0.004678667 0.003866333 0.999986410 -0.003503316 0.001568492 0.133247674 0.002956921 0.991078317 0.168826550
0.990571737 -0.003398541 -0.136952981 -0.004600629 0.002780393 0.999985039 -0.004704616 0.001299653 0.136966929 0.004279477 0.990566373 0.174660578
0.990171969 -0.003863790 -0.139801860 -0.004987549 0.002862595 0.999968767 -0.007361906 0.001010439 0.139825925 0.006889357 0.990152121 0.180130109
0.989822149 -0.004525576 -0.142237455 -0.005542299 0.003487973 0.999965429 -0.007543345 0.000879087 0.142266691 0.006970448 0.989803851 0.185941920
0.989462078 -0.007440121 -0.144601062 -0.006685682 0.006703443 0.999961913 -0.005581114 0.000837977 0.144637123 0.004552975 0.989474297 0.191366017
0.988924503 -0.011895477 -0.147942081 -0.007285379 0.011300752 0.999924302 -0.004859908 0.000724329 0.147988722 0.003134225 0.988984108 0.197214842
0.988578200 -0.015529287 -0.149906412 -0.008822478 0.014617287 0.999867320 -0.007183797 0.000484883 0.149998099 0.004910520 0.988674104 0.204407454
0.988070190 -0.016440574 -0.153124526 -0.009086665 0.015000155 0.999831915 -0.010557445 0.000538592 0.153272361 0.008134604 0.988150537 0.209492400
0.987762570 -0.014239484 -0.155313373 -0.009960286 0.012643199 0.999856710 -0.011260874 0.000273642 0.155451477 0.009159411 0.987801075 0.215043157
0.987492323 -0.009047518 -0.157406390 -0.010841424 0.007494093 0.999917209 -0.010459605 0.000200986 0.157488003 0.009149159 0.987478554 0.219377190
0.987345040 -0.003547118 -0.158546582 -0.011614455 0.002109112 0.999955177 -0.009237256 -0.000370976 0.158572271 0.008785968 0.987308264 0.226253062
0.986949503 0.000248783 -0.161029115 -0.011868414 -0.001475959 0.999970794 -0.007501250 -0.000624542 0.161022589 0.007641026 0.986921132 0.231260866
0.986544192 0.002353564 -0.163477302 -0.012289375 -0.003518827 0.999970496 -0.006838757 -0.000839885 0.163456410 0.007321984 0.986523390 0.237422526
0.986511528 0.003152792 -0.163661048 -0.014705816 -0.004479852 0.999960005 -0.007740140 -0.000527418 0.163630098 0.008368916 0.986486197 0.243335783
0.986123800 0.001788648 -0.166001409 -0.015240496 -0.002959131 0.999972522 -0.006803989 -0.000641019 0.165984631 0.007200796 0.986102045 0.248818040
0.985641301 -0.001186626 -0.168848038 -0.015364224 0.000182487 0.999982238 -0.005962390 -0.000536858 0.168852106 0.005845966 0.985624075 0.254651129
0.985555947 -0.004432332 -0.169291630 -0.017167319 0.003687673 0.999982119 -0.004712839 -0.000847266 0.169309482 0.004020474 0.985554695 0.260008544
0.985233903 -0.007395545 -0.171053678 -0.017782986 0.006388727 0.999958873 -0.006435701 -0.000827537 0.171094209 0.005247856 0.985240698 0.265661508
0.985106349 -0.009212195 -0.171699002 -0.018620567 0.007828875 0.999931276 -0.008732067 -0.000645526 0.171767637 0.007257804 0.985110760 0.271145523
0.985166609 -0.010335368 -0.171288759 -0.019977301 0.008890895 0.999918163 -0.009197967 -0.001156612 0.171369791 0.007538622 0.985177934 0.276591182
0.985125303 -0.012329008 -0.171394348 -0.020511465 0.011015171 0.999902248 -0.008614510 -0.001234356 0.171483785 0.006598435 0.985164881 0.280965388
0.985321403 -0.014099042 -0.170126155 -0.021790460 0.013091321 0.999889553 -0.007043751 -0.001364130 0.170206651 0.004713182 0.985397160 0.286733806
0.985451400 -0.016938748 -0.169111237 -0.022979416 0.016307525 0.999853849 -0.005120888 -0.001557453 0.169173270 0.002288600 0.985583663 0.292770475
0.985486269 -0.021081772 -0.168440431 -0.023439324 0.020677585 0.999777555 -0.004153416 -0.001767582 0.168490514 0.000610194 0.985703051 0.298790216
0.985801578 -0.025450796 -0.165974602 -0.024410527 0.025042465 0.999676108 -0.004552774 -0.001638329 0.166036725 0.000331718 0.986119449 0.303471357
0.986214578 -0.029272147 -0.162861302 -0.025195347 0.028736027 0.999571025 -0.005647116 -0.001629854 0.162956774 0.000889281 0.986632824 0.308879256
0.986646712 -0.032831542 -0.159531653 -0.026671603 0.032095324 0.999458969 -0.007189995 -0.001900336 0.159681395 0.001973765 0.987166643 0.314959437
0.987115085 -0.034892526 -0.156161234 -0.027447198 0.034018438 0.999387085 -0.008267230 -0.002124665 0.156353965 0.002848345 0.987696946 0.320375264
0.987602413 -0.035746437 -0.152851328 -0.027944421 0.034767460 0.999354303 -0.009073669 -0.002168962 0.153076962 0.003646925 0.988207519 0.326022267
0.988144100 -0.037389342 -0.148907423 -0.029229900 0.036266204 0.999289632 -0.010251658 -0.002271855 0.149184957 0.004729806 0.988797963 0.330941647
0.988422930 -0.039424770 -0.146512985 -0.030338787 0.038042828 0.999201357 -0.012223402 -0.002529086 0.146877900 0.006508122 0.989133239 0.336754590
0.988483489 -0.040979501 -0.145674422 -0.030808892 0.039472144 0.999133110 -0.013224102 -0.002744797 0.146090060 0.007321726 0.989244163 0.342273951
0.988686800 -0.041839719 -0.144041315 -0.031561051 0.040457036 0.999102831 -0.012516214 -0.002887914 0.144435763 0.006547131 0.989492536 0.348004520
0.988902509 -0.042690739 -0.142299905 -0.032484941 0.041761324 0.999082327 -0.009512872 -0.003132849 0.142575458 0.003464669 0.989777863 0.353205323
0.988903880 -0.045072131 -0.141554281 -0.033246536 0.044360556 0.998982072 -0.008180021 -0.003119289 0.141778916 0.001809825 0.989896715 0.358603150
0.988824248 -0.048596516 -0.140942633 -0.033775300 0.048019040 0.998818338 -0.007497321 -0.003163289 0.141140416 0.000645602 0.989989460 0.364176005
0.988847852 -0.051565215 -0.139717013 -0.034681045 0.051064976 0.998669624 -0.007165321 -0.003496021 0.139900610 -0.000049234 0.990165532 0.369526029
0.988829613 -0.053534064 -0.139104247 -0.035249189 0.053089108 0.998565853 -0.006910004 -0.003559338 0.139274687 -0.000552103 0.990253568 0.374952525
0.989069998 -0.054091938 -0.137167051 -0.036163162 0.053563088 0.998535872 -0.007546324 -0.003597329 0.137374431 0.000116750 0.990519166 0.380225897
0.989155650 -0.054335054 -0.136450663 -0.036490969 0.053591911 0.998521328 -0.009116618 -0.003675621 0.136744261 0.001705102 0.990604877 0.385993034
0.989497900 -0.053735390 -0.134188086 -0.037625130 0.052779730 0.998549163 -0.010671517 -0.003971527 0.134566814 0.003477032 0.990898371 0.391328603
0.989760935 -0.053198058 -0.132451132 -0.038072392 0.051877223 0.998563468 -0.013405614 -0.003962679 0.132974029 0.006397153 0.991098881 0.396522254
0.990193486 -0.050218895 -0.130364582 -0.038555447 0.048880521 0.998714149 -0.013447927 -0.004395754 0.130872279 0.006943761 0.991374969 0.402268231
0.990614414 -0.048793439 -0.127680898 -0.039192639 0.047444806 0.998781443 -0.013584476 -0.004399701 0.128188133 0.007399183 0.991722226 0.407439083
0.990954876 -0.048076715 -0.125287890 -0.040065754 0.046817388 0.998819172 -0.012978246 -0.004529116 0.125763893 0.006995203 0.992035568 0.413011581
0.991240501 -0.047821704 -0.123107217 -0.040613838 0.046798605 0.998841643 -0.011190569 -0.004774611 0.123499759 0.005331299 0.992330372 0.418075800
0.991301000 -0.050328016 -0.121611983 -0.041169006 0.049366158 0.998721123 -0.010911184 -0.004881777 0.122005597 0.004812750 0.992517769 0.423393935
0.991373658 -0.054515254 -0.119190566 -0.042094059 0.053568836 0.998502195 -0.011132217 -0.004960475 0.119618922 0.004651286 0.992808998 0.428705066
0.991267979 -0.059246246 -0.117804393 -0.042736631 0.058372665 0.998235762 -0.010855060 -0.005124944 0.118239701 0.003883715 0.992977500 0.433840275
0.991075933 -0.063100658 -0.117417447 -0.043144707 0.062337402 0.998003364 -0.010165170 -0.005288870 0.117824428 0.002754956 0.993030608 0.438680530
0.991162658 -0.066435404 -0.114816874 -0.043767072 0.065693550 0.997787356 -0.010237226 -0.005394543 0.115242943 0.002604029 0.993333936 0.444283545
0.991607785 -0.066143021 -0.111080825 -0.044449832 0.065473668 0.997807443 -0.009666718 -0.005500542 0.111476660 0.002312723 0.993764281 0.449882329
0.991736472 -0.068831548 -0.108263135 -0.045347482 0.068235122 0.997626722 -0.009208427 -0.006124874 0.108640030 0.001744984 0.994079530 0.453564703
0.992194891 -0.066227004 -0.105655521 -0.045104902 0.065434657 0.997796774 -0.010952081 -0.005843548 0.106148057 0.003953066 0.994342446 0.459807396
0.992940605 -0.064370349 -0.099626169 -0.046315722 0.063572034 0.997914732 -0.011170434 -0.006259677 0.100137465 0.004758138 0.994962335 0.465977371
0.993500710 -0.061319787 -0.095896818 -0.046639103 0.060489025 0.998102069 -0.011549016 -0.006173471 0.096422985 0.005673250 0.995324314 0.471002758
0.994063437 -0.059722662 -0.090945512 -0.047380101 0.058964193 0.998199403 -0.011006330 -0.006214035 0.091439076 0.005578461 0.995795071 0.475966215
0.994322121 -0.062422361 -0.086179510 -0.047809817 0.061686736 0.998032987 -0.011175366 -0.006577362 0.086707607 0.005795781 0.996216953 0.482019842
0.994463384 -0.064193591 -0.083195746 -0.047706805 0.063233279 0.997898698 -0.014129504 -0.005772984 0.083927952 0.008790535 0.996433079 0.487592936
0.994769692 -0.063937657 -0.079656392 -0.047755856 0.063006468 0.997912765 -0.014151822 -0.005459266 0.080394976 0.009058936 0.996721923 0.492970258
0.994843483 -0.067604713 -0.075602978 -0.048487682 0.066847615 0.997684896 -0.012503164 -0.006795296 0.076273210 0.007384814 0.997059643 0.498261422
0.995012224 -0.069735870 -0.071327239 -0.049378328 0.068980731 0.997533321 -0.012999174 -0.007253958 0.072057791 0.008014130 0.997368276 0.503206193
0.995231867 -0.070002533 -0.067920879 -0.049563222 0.069254607 0.997510314 -0.013307475 -0.007380140 0.068683334 0.008540191 0.997601986 0.508672535
0.995508313 -0.070024841 -0.063717090 -0.049927752 0.069396839 0.997516811 -0.012019178 -0.007642124 0.064400502 0.007543426 0.997895658 0.514035583
0.995691955 -0.070193253 -0.060584672 -0.050173812 0.069665402 0.997512162 -0.010784123 -0.007654625 0.061190937 0.006517009 0.998104811 0.519151568
0.996042907 -0.068950810 -0.056074653 -0.050786596 0.068587959 0.997609854 -0.008372486 -0.007936052 0.056517918 0.004493309 0.998391390 0.524244070
0.996335685 -0.068038687 -0.051825799 -0.051135533 0.067720003 0.997673213 -0.007882503 -0.008030182 0.052241534 0.004343976 0.998624980 0.529335737
0.996677876 -0.066694029 -0.046747722 -0.051408917 0.066351205 0.997757077 -0.008848995 -0.008087318 0.047233041 0.005717827 0.998867452 0.534503698
0.996700943 -0.068748221 -0.043139692 -0.051192686 0.068335146 0.997601926 -0.010979552 -0.008222266 0.043791071 0.007995371 0.999008656 0.540151775
0.996928930 -0.069301724 -0.036467150 -0.051986076 0.068951286 0.997561753 -0.010782421 -0.008487357 0.037125479 0.008234850 0.999276698 0.545118034
0.997010887 -0.070714369 -0.031126082 -0.052048057 0.070391297 0.997454762 -0.011356886 -0.008536622 0.031849958 0.009131934 0.999450982 0.550469339
0.997097492 -0.071337163 -0.026599396 -0.051972628 0.071020074 0.997394204 -0.012682309 -0.008626188 0.027434807 0.010756408 0.999565721 0.555244088
0.997255504 -0.070944838 -0.021174774 -0.051954780 0.070665076 0.997406304 -0.013680605 -0.008818579 0.022090418 0.012146741 0.999682128 0.560879171
0.997509181 -0.069069661 -0.014311020 -0.052632570 0.068871908 0.997528970 -0.013880365 -0.009050841 0.015234369 0.012860164 0.999801219 0.566108942
0.997593522 -0.068669558 -0.009568178 -0.052436229 0.068536468 0.997555792 -0.013605732 -0.009181403 0.010479092 0.012917220 0.999861658 0.571304262
0.997723818 -0.067284472 -0.004477796 -0.052236702 0.067217633 0.997644305 -0.013701781 -0.009233178 0.005389168 0.013369603 0.999896049 0.576745689
0.997720122 -0.067475408 0.001259745 -0.052304968 0.067486145 0.997633934 -0.013117897 -0.009513250 -0.000371627 0.013173006 0.999913096 0.581727207
0.997712970 -0.067237049 0.006927180 -0.052721877 0.067327194 0.997636557 -0.013725415 -0.009700745 -0.005987951 0.014160412 0.999881804 0.586927831
0.997687519 -0.066937521 0.011780746 -0.052488957 0.067086495 0.997665823 -0.012740225 -0.009831391 -0.010900449 0.013501093 0.999849439 0.591965795
0.997644961 -0.066371165 0.017305948 -0.052157804 0.066582963 0.997709215 -0.011962953 -0.009918290 -0.016472310 0.013087061 0.999778628 0.597418010
0.997577250 -0.066039145 0.021872517 -0.051980436 0.066313721 0.997725666 -0.012074856 -0.010026199 -0.021025360 0.013496049 0.999687910 0.602656245
0.997281134 -0.067940012 0.028538929 -0.052510470 0.068304598 0.997592330 -0.011998950 -0.010393700 -0.027655015 0.013915666 0.999520600 0.607593179
0.997185588 -0.067367993 0.032897487 -0.052028738 0.067820944 0.997614741 -0.012851193 -0.010495769 -0.031953260 0.015046163 0.999376059 0.612802982
0.996948004 -0.068425186 0.037586644 -0.051634707 0.068977728 0.997525394 -0.013604108 -0.010745744 -0.036562771 0.016155226 0.999200761 0.618118942
0.996742249 -0.067421339 0.044261754 -0.051913939 0.068069719 0.997591794 -0.013307142 -0.010865103 -0.043257982 0.016276678 0.998931348 0.623220265
0.996464252 -0.067905277 0.049477726 -0.051624708 0.068650723 0.997549117 -0.013523933 -0.011037497 -0.048438117 0.016872799 0.998683691 0.628412724
0.996094525 -0.069395550 0.054589290 -0.051267643 0.070250101 0.997432590 -0.013891890 -0.011164937 -0.053485114 0.017672541 0.998412251 0.633404553
0.995710433 -0.071038961 0.059279326 -0.051069889 0.071979098 0.997309625 -0.013875240 -0.011340017 -0.058134165 0.018082600 0.998144984 0.638692081
0.995223224 -0.073887981 0.063806400 -0.050707772 0.074789956 0.997128785 -0.011862261 -0.011645483 -0.062746719 0.016577680 0.997891784 0.643673360
0.995182872 -0.070439704 0.068186373 -0.049886227 0.071368694 0.997386158 -0.011282437 -0.011589349 -0.067213416 0.016094461 0.997608781 0.648937225
0.994807124 -0.069665760 0.074198872 -0.049935244 0.070691064 0.997434437 -0.011279827 -0.011801884 -0.073222682 0.016466448 0.997179747 0.653899252
0.994392395 -0.070303589 0.079000086 -0.049711663 0.071426831 0.997379780 -0.011480034 -0.012022675 -0.077986009 0.017058386 0.996808529 0.659421623
0.993954778 -0.070884146 0.083841816 -0.049247235 0.072077185 0.997335196 -0.011285494 -0.012236751 -0.082818449 0.017260350 0.996415257 0.664637685
0.993656993 -0.069536835 0.088376239 -0.048753783 0.070769601 0.997433305 -0.010889358 -0.012448329 -0.087392196 0.017074639 0.996027648 0.669612527
0.993241847 -0.068577230 0.093636572 -0.048412126 0.069900863 0.997494102 -0.010925864 -0.012497187 -0.092652678 0.017397298 0.995546520 0.674779296
0.992699504 -0.069048174 0.098894931 -0.047949053 0.070445858 0.997458160 -0.010707285 -0.012630770 -0.097904243 0.017595854 0.995040417 0.679961979
0.992159665 -0.069985405 0.103543252 -0.047414094 0.071326263 0.997409642 -0.009299538 -0.012807542 -0.102624200 0.016611977 0.994581580 0.685083866
0.991242409 -0.075179249 0.108567290 -0.046874948 0.076619714 0.997018516 -0.009151942 -0.012951529 -0.107555583 0.017390192 0.994046986 0.690184951
0.990517557 -0.077462904 0.113466762 -0.046326898 0.079339385 0.996774077 -0.012109485 -0.013079764 -0.112162717 0.020997044 0.993468046 0.695244074
0.989927292 -0.075856850 0.119540326 -0.045806468 0.078234442 0.996817410 -0.015316848 -0.013229204 -0.117997997 0.024514737 0.992711246 0.700321078
0.989333928 -0.074302465 0.125289798 -0.045190021 0.076944008 0.996900976 -0.016370952 -0.013416940 -0.123685122 0.025836637 0.991985083 0.705257714
0.988687932 -0.072489724 0.131306410 -0.044483773 0.075416058 0.996999443 -0.017445575 -0.013623795 -0.129647806 0.027150841 0.991188288 0.710453153
0.988180041 -0.069284029 0.136748150 -0.043926142 0.072414912 0.997211277 -0.018048871 -0.013788446 -0.135116309 0.027738135 0.990441322 0.715397239
0.987443089 -0.069021665 0.142099306 -0.043214351 0.072398938 0.997199893 -0.018729359 -0.014007067 -0.140408665 0.028782016 0.989675164 0.720446885
0.986862361 -0.066322461 0.147323623 -0.042502731 0.069686964 0.997410297 -0.017788868 -0.014204145 -0.145762324 0.027821695 0.988928318 0.725387335
0.985900640 -0.066077307 0.153733075 -0.041748539 0.069550313 0.997428060 -0.017317705 -0.014341523 -0.152193367 0.027765714 0.987960696 0.730782270
0.985070944 -0.067958035 0.158167481 -0.040905826 0.071420766 0.997312903 -0.016305925 -0.014517520 -0.156634375 0.027358936 0.987277567 0.735935748
0.984146655 -0.070123829 0.162905037 -0.040062271 0.073498659 0.997185767 -0.014775251 -0.014693506 -0.161410496 0.026514318 0.986531079 0.741043627
0.983105838 -0.070972584 0.168718189 -0.039264925 0.074521974 0.997109592 -0.014791092 -0.014835899 -0.167180747 0.027114416 0.985553324 0.746140122
0.981957853 -0.073150538 0.174378276 -0.038416937 0.076949917 0.996920228 -0.015118305 -0.015020959 -0.172735363 0.028263930 0.984562635 0.751124322
0.981015027 -0.072249033 0.179970652 -0.037529811 0.076554120 0.996919096 -0.017082399 -0.015174712 -0.178182006 0.030535588 0.983523667 0.756151676
0.980029106 -0.073918685 0.184604958 -0.036575884 0.078250147 0.996800900 -0.016279165 -0.015363268 -0.182811067 0.030399421 0.982677937 0.761103630
0.979052901 -0.072942279 0.190091670 -0.035664141 0.077201672 0.996901274 -0.015088825 -0.015538625 -0.188402027 0.029448153 0.981650412 0.766270101
0.978042305 -0.072316810 0.195456922 -0.034740642 0.076607205 0.996956348 -0.014470711 -0.015657447 -0.193815559 0.029126376 0.980605543 0.771003306
0.976842701 -0.076809533 0.199696004 -0.033614770 0.081123441 0.996612668 -0.013497943 -0.015803982 -0.197982773 0.029385390 0.979764938 0.776603222
0.976012409 -0.071250014 0.205725625 -0.032651559 0.075526968 0.997059047 -0.013001811 -0.016014017 -0.204194173 0.028227760 0.978523314 0.781688273
0.974825561 -0.074831150 0.210036725 -0.031536192 0.079171769 0.996784747 -0.012322127 -0.016105926 -0.208439350 0.028640905 0.977615833 0.786785960
0.973773479 -0.075897507 0.214487419 -0.030461073 0.080260031 0.996705294 -0.011691255 -0.016269691 -0.212893456 0.028599398 0.976656795 0.792015016
0.972790420 -0.073631354 0.219675168 -0.029337063 0.078273803 0.996853650 -0.012492639 -0.016447786 -0.218064144 0.029347528 0.975493014 0.796927273
0.971719980 -0.073663108 0.224352360 -0.028235823 0.078620426 0.996816933 -0.013231063 -0.016603030 -0.222663566 0.030495567 0.974418283 0.801734149
0.970620632 -0.072490491 0.229435727 -0.027076423 0.077693097 0.996883035 -0.013711817 -0.016768428 -0.227726638 0.031134544 0.973227203 0.807083666
0.969346046 -0.072966866 0.234614834 -0.025915504 0.078263909 0.996843517 -0.013333615 -0.016929533 -0.232901350 0.031286761 0.971996903 0.812106073
0.968244672 -0.073886588 0.238836810 -0.024687231 0.078878276 0.996819139 -0.011396440 -0.017072249 -0.237235025 0.029873574 0.970992982 0.817241728
0.966894031 -0.075593710 0.243724287 -0.023462340 0.080345802 0.996720791 -0.009601187 -0.017210424 -0.242199302 0.028865550 0.969797015 0.822361946
0.965775192 -0.074317388 0.248505950 -0.022160545 0.078952588 0.996840179 -0.008723698 -0.017382208 -0.247072428 0.028045319 0.968591094 0.827406764
0.964323938 -0.074766614 0.253947288 -0.020946309 0.079368368 0.996813953 -0.007908786 -0.017456677 -0.252546877 0.027782017 0.967185736 0.831922352
0.962727845 -0.073837809 0.260198027 -0.019552767 0.079089724 0.996819735 -0.009757498 -0.017626286 -0.258650005 0.029972805 0.965505958 0.837515533
0.961109340 -0.070868507 0.266920358 -0.018225729 0.077323817 0.996911287 -0.013738198 -0.017739775 -0.265122354 0.033843204 0.963620722 0.842689693
0.959405005 -0.072431751 0.272572339 -0.016801208 0.079502158 0.996722281 -0.014970080 -0.017944261 -0.270594597 0.036032449 0.962018847 0.847606599
0.957449913 -0.069731556 0.280048639 -0.015515089 0.077637330 0.996832848 -0.017222514 -0.018057562 -0.277960777 0.038231920 0.959831297 0.852555394
0.955682158 -0.073841497 0.284989536 -0.013933748 0.082228020 0.996458828 -0.017557906 -0.018284963 -0.282683760 0.040213894 0.958369911 0.857577264
0.954066634 -0.075108260 0.290026963 -0.012451783 0.083911940 0.996310234 -0.018020580 -0.018469222 -0.287603319 0.041529562 0.956848800 0.862484694
0.951851845 -0.075196318 0.297192603 -0.010946378 0.083981976 0.996324122 -0.016886365 -0.018658753 -0.294830322 0.041032154 0.954668164 0.867542922
0.949881434 -0.075404704 0.303379834 -0.009423077 0.083497837 0.996412814 -0.013774212 -0.018819252 -0.301252902 0.038415421 0.952770233 0.872443557
0.947859049 -0.077816755 0.309043348 -0.007892221 0.085011795 0.996331155 -0.009862516 -0.018965676 -0.307142079 0.035620604 0.950996816 0.877327085
0.945835829 -0.079118811 0.314856499 -0.006409317 0.086371027 0.996221244 -0.009124703 -0.019096063 -0.312944770 0.035824955 0.949095488 0.882200599
0.944035947 -0.080301397 0.319918275 -0.004741937 0.087958358 0.996078551 -0.009531735 -0.019225232 -0.317898303 0.037137795 0.947397172 0.886918128
0.942076325 -0.077683188 0.326278210 -0.003233105 0.085338287 0.996309698 -0.009190593 -0.019345528 -0.324360132 0.036502264 0.945229113 0.891635299
0.940510273 -0.080891468 0.329995453 -0.001493692 0.088571474 0.996035457 -0.008277732 -0.019494217 -0.328017652 0.037013479 0.943946183 0.896448970
0.938991427 -0.082395323 0.333925366 0.000142127 0.090046488 0.995909572 -0.007470502 -0.019654496 -0.331943810 0.037083544 0.942569911 0.901163220
0.937516868 -0.084276922 0.337579012 0.001767516 0.091854200 0.995751262 -0.006505155 -0.019829102 -0.335596442 0.037106745 0.941274703 0.905888140
0.937150121 -0.086979099 0.337911725 0.003589451 0.094962448 0.995455325 -0.007132824 -0.019925978 -0.335755646 0.038773455 0.941150904 0.910766959
0.936061502 -0.087040886 0.340899915 0.005258888 0.095584206 0.995386600 -0.008311366 -0.020043753 -0.338603765 0.040364597 0.940062821 0.915461361
0.934873343 -0.084216379 0.344847083 0.006987900 0.092819117 0.995646775 -0.008480068 -0.020165786 -0.342631727 0.039936192 0.938620567 0.920141220
0.932641983 -0.084589198 0.350746989 0.008693486 0.093150541 0.995623231 -0.007575662 -0.020334825 -0.348571062 0.039737657 0.936439633 0.924901962
0.930544436 -0.083946250 0.356426775 0.010451525 0.092273757 0.995713115 -0.006392453 -0.020455830 -0.354362249 0.038837310 0.934301317 0.929647863
0.928486228 -0.082770243 0.362025380 0.012247831 0.090723276 0.995863616 -0.004992560 -0.020561086 -0.360114694 0.037479650 0.932154894 0.934414625
0.926558077 -0.082391173 0.367017388 0.014026970 0.090347186 0.995900095 -0.004518971 -0.020681694 -0.365140378 0.037346084 0.930203080 0.938888490
0.924531460 -0.081412762 0.372308344 0.015886933 0.089627966 0.995963871 -0.004780165 -0.020805318 -0.370416522 0.037788644 0.928096771 0.943580329
0.922434986 -0.081461124 0.377462298 0.017755687 0.090501405 0.995876789 -0.006242743 -0.020909464 -0.375397414 0.039919388 0.926003814 0.948272765
0.920160711 -0.079699211 0.383343637 0.019647211 0.089446135 0.995962322 -0.007636542 -0.021048969 -0.381187230 0.041315459 0.923574209 0.952949762
0.918014646 -0.080161035 0.388359725 0.021599591 0.089968719 0.995919287 -0.007103448 -0.021205423 -0.386205584 0.041461311 0.921480477 0.957604170
0.915839255 -0.080632955 0.393365890 0.023575723 0.090701170 0.995853364 -0.007039537 -0.021313572 -0.391167134 0.042125840 0.919355035 0.962275505
0.913340032 -0.082465433 0.398759812 0.025568545 0.092529856 0.995691717 -0.006021412 -0.021463301 -0.396545231 0.042396795 0.917035639 0.967009008
0.911054254 -0.082976140 0.403850317 0.027599424 0.093074232 0.995644510 -0.005400362 -0.021582868 -0.401643306 0.042508081 0.914809108 0.971649051
0.908707201 -0.082906313 0.409118235 0.029694676 0.093563750 0.995594800 -0.006064155 -0.021694100 -0.406813204 0.043789178 0.912461162 0.976347923
0.906314492 -0.085445344 0.413875699 0.031811357 0.096734919 0.995289862 -0.006353091 -0.021817213 -0.411383420 0.045794137 0.910311162 0.980867147
0.903954446 -0.083269469 0.419443160 0.033964634 0.095434703 0.995403051 -0.008062891 -0.021927120 -0.416843653 0.047317926 0.907745779 0.985741615
0.901555538 -0.085295282 0.424172550 0.036131382 0.097671971 0.995190561 -0.007477217 -0.022054937 -0.421494693 0.048170887 0.905550539 0.990340412
0.898881733 -0.086549774 0.429558784 0.038298070 0.098676071 0.995101571 -0.005988277 -0.022181505 -0.426936358 0.047769941 0.903019011 0.994957387
0.896203637 -0.087827846 0.434862405 0.040439904 0.099241160 0.995057106 -0.003556504 -0.022291902 -0.432400554 0.046343610 0.900489867 0.999534249
0.893773019 -0.088575669 0.439686358 0.042717040 0.100554764 0.994923592 -0.003973549 -0.022394836 -0.437102437 0.047764007 0.898142576 1.004245520
0.891254425 -0.088549212 0.444774777 0.044981033 0.100778759 0.994901478 -0.003871120 -0.022489326 -0.442164242 0.048274010 0.895634055 1.008856058
0.889121532 -0.088097282 0.449112028 0.047276706 0.100562140 0.994923055 -0.003923180 -0.022574356 -0.446486294 0.048651855 0.893466771 1.013414860
0.886955202 -0.086678021 0.453648806 0.049577296 0.099488899 0.995028973 -0.004397790 -0.022674564 -0.451012522 0.049033668 0.891169667 1.017947078
0.885110855 -0.086047865 0.457356066 0.051916957 0.099361762 0.995038331 -0.005084082 -0.022758942 -0.454649359 0.049943674 0.889269114 1.022481322
0.883969605 -0.084914930 0.459768564 0.054311454 0.098003812 0.995175421 -0.004626593 -0.022856675 -0.457157522 0.049148850 0.888026714 1.026972771
0.881964207 -0.084047034 0.463762015 0.056595683 0.097461827 0.995226800 -0.004985292 -0.022967175 -0.461129397 0.049595945 0.885945797 1.031444311
0.879928887 -0.085564516 0.467336982 0.058878183 0.098328345 0.995149612 -0.002936727 -0.023063913 -0.464818984 0.048536588 0.884074390 1.035920739
0.877892554 -0.088437922 0.470620155 0.061200172 0.100610539 0.994925618 -0.000714166 -0.023156155 -0.468168855 0.047976311 0.882335603 1.040331602
0.876271844 -0.088521212 0.473615408 0.063612700 0.101218864 0.994863272 -0.001327569 -0.023240976 -0.471065044 0.049102142 0.880730748 1.044812560
0.874466717 -0.087858126 0.477062762 0.065983146 0.101326302 0.994849980 -0.002517075 -0.023351556 -0.474384815 0.050540101 0.878865600 1.049195170
0.872990310 -0.087621309 0.479802430 0.068411708 0.101779863 0.994800746 -0.003516172 -0.023439329 -0.476999730 0.051903807 0.877369463 1.053617835
0.870885432 -0.088209890 0.483505517 0.070777118 0.102716036 0.994704366 -0.003539006 -0.023534408 -0.480632901 0.052745834 0.875334144 1.057919025
0.868595243 -0.088130124 0.487622172 0.073187351 0.102113135 0.994770586 -0.002103567 -0.023680050 -0.484886855 0.051619776 0.873052120 1.062173009
0.867324054 -0.088255815 0.489856899 0.075733632 0.103626259 0.994607031 -0.004282255 -0.023744199 -0.486837238 0.054476138 0.871792316 1.066742301
0.864944041 -0.088474371 0.494008183 0.078164399 0.105034247 0.994451702 -0.005800021 -0.023864120 -0.490754068 0.056904472 0.869437933 1.071088672
0.862080753 -0.088560067 0.498972774 0.080564052 0.105512351 0.994400978 -0.005803815 -0.023990814 -0.495665103 0.057651151 0.866598248 1.075435400
0.860214829 -0.088829137 0.502135217 0.083130240 0.106106840 0.994337320 -0.005872030 -0.024106123 -0.498770207 0.058331192 0.864769161 1.079783916
0.857991517 -0.090935394 0.505550444 0.085650593 0.108484328 0.994084001 -0.005303539 -0.024207309 -0.502077341 0.059394713 0.862780631 1.084069610
0.855981827 -0.091056794 0.508924305 0.088195890 0.108248539 0.994114935 -0.004200709 -0.024294917 -0.505546689 0.058686040 0.860800982 1.088379264
0.854025006 -0.090377830 0.512321293 0.090769529 0.107605889 0.994185627 -0.003993151 -0.024407176 -0.508981645 0.058539040 0.858784497 1.092657328
0.851848900 -0.087861240 0.516366065 0.093299538 0.105797045 0.994373381 -0.005337732 -0.024501378 -0.512991667 0.059176948 0.856351316 1.096946239
0.849972308 -0.086460568 0.519684136 0.095909864 0.105425842 0.994402707 -0.006989715 -0.024587067 -0.516170919 0.060729206 0.854329884 1.101188660
0.847562432 -0.084027819 0.524001181 0.098468512 0.102657489 0.994695246 -0.006539223 -0.024730558 -0.520672023 0.059335046 0.851692438 1.105433583
0.845322967 -0.083386905 0.527707934 0.101104677 0.101579845 0.994812071 -0.005521034 -0.024852019 -0.524509788 0.058271535 0.849407971 1.109696150
0.842690289 -0.084354728 0.531749189 0.103741080 0.102253594 0.994749248 -0.004243196 -0.024943046 -0.528599322 0.057948977 0.846891284 1.113904238
0.839790285 -0.087397411 0.535830021 0.106416136 0.104848638 0.994485915 -0.002118898 -0.025009803 -0.532690287 0.057960495 0.844323218 1.118100643
0.836844862 -0.091366664 0.539761841 0.109053135 0.108530067 0.994093180 0.000007638 -0.025089962 -0.536574244 0.058573991 0.841817796 1.122232199
0.833449483 -0.094579019 0.544441700 0.111715764 0.112150118 0.993690908 0.000938289 -0.025174322 -0.541095495 0.060277198 0.838798106 1.126378059
0.830592930 -0.096040808 0.548535705 0.114392430 0.116171315 0.993227124 -0.002006679 -0.025171302 -0.544627964 0.065390840 0.836124778 1.130439281
0.827503383 -0.095308200 0.553312302 0.117082208 0.116454050 0.993191242 -0.003084790 -0.025298746 -0.549250960 0.066988111 0.832968175 1.134483695
0.823890686 -0.093869567 0.558920920 0.119734138 0.115765892 0.993269086 -0.003830075 -0.025490126 -0.554799497 0.067859545 0.829212070 1.138486505
0.820654869 -0.092891626 0.563823462 0.122524947 0.117490210 0.993046463 -0.007401584 -0.025433507 -0.559215426 0.072317868 0.825862169 1.142621160
0.817138612 -0.092231810 0.569014668 0.125258446 0.116730355 0.993141294 -0.006653016 -0.025537837 -0.564498305 0.071857713 0.822300494 1.146679759
0.813278556 -0.093642376 0.574290097 0.127983868 0.117660277 0.993042707 -0.004700911 -0.025590101 -0.569854319 0.071394280 0.818638384 1.150684595
0.810004532 -0.093839787 0.578866601 0.130739212 0.116083413 0.993238389 -0.001421460 -0.025655981 -0.574819148 0.068348192 0.815420985 1.154685736
0.806670368 -0.091790065 0.583829820 0.133487850 0.111313477 0.993782341 0.002442590 -0.025764260 -0.580424070 0.063017771 0.811872363 1.158573866
0.803170562 -0.095864654 0.587985575 0.136366218 0.116083562 0.993233681 0.003369339 -0.025746394 -0.584330082 0.065549299 0.808864415 1.162519693
0.799355030 -0.096862480 0.593000174 0.139070392 0.117628671 0.993050933 0.003646389 -0.025824724 -0.589232624 0.066839069 0.805194080 1.166245222
0.796653569 -0.096782945 0.596637487 0.141909063 0.119817294 0.992795289 0.001060609 -0.025818367 -0.592441618 0.070642561 0.802510142 1.170133352
0.792805433 -0.093765095 0.602218866 0.144789904 0.118824646 0.992913485 -0.001833542 -0.025926415 -0.597779453 0.073012106 0.798328757 1.173999667
0.790693283 -0.093075924 0.605095923 0.147510976 0.119686075 0.992804885 -0.003683243 -0.026015136 -0.600399494 0.075333878 0.796144009 1.177443027
0.788089871 -0.095016651 0.608182728 0.150521338 0.123313718 0.992356360 -0.004755023 -0.026052020 -0.603082180 0.078744650 0.793782830 1.181572199
0.785991490 -0.096784122 0.610614657 0.153333038 0.125929192 0.992027283 -0.004858653 -0.026090547 -0.605276227 0.080713071 0.791912854 1.185413361
0.784263730 -0.097548328 0.612710953 0.156324714 0.126481801 0.991961002 -0.003967568 -0.026152588 -0.607398331 0.080608413 0.790297151 1.189006448
0.781625330 -0.098707102 0.615888596 0.159192681 0.127316177 0.991858661 -0.002614147 -0.026203113 -0.610616446 0.080455862 0.787828922 1.192753434
0.778795481 -0.098828658 0.619443655 0.162139118 0.127278090 0.991865396 -0.001773919 -0.026278008 -0.614229500 0.080223136 0.785039008 1.196516275
0.775221169 -0.098653667 0.623938739 0.165069580 0.128067687 0.991762757 -0.002307501 -0.026347242 -0.618571579 0.081695229 0.781469822 1.200299263
0.771793664 -0.099135786 0.628097475 0.167949438 0.131197914 0.991344810 -0.004744463 -0.026363995 -0.622190833 0.086066827 0.778120041 1.203923225
0.768751144 -0.098920397 0.631851554 0.170991808 0.132115647 0.991218746 -0.005558772 -0.026483793 -0.625753224 0.087750778 0.775069416 1.207554579
0.765123487 -0.098820582 0.636255085 0.173965007 0.134209707 0.990924656 -0.007486372 -0.026571771 -0.629741073 0.091119602 0.771442413 1.211227655
0.761863470 -0.099097215 0.640112340 0.176990569 0.136469573 0.990602672 -0.009069042 -0.026632309 -0.633198321 0.094265252 0.768227816 1.214893818
0.758266509 -0.099375091 0.644326448 0.179933012 0.138012275 0.990383327 -0.009670036 -0.026651485 -0.637169063 0.096257403 0.764689505 1.218519211
0.755177021 -0.098598130 0.648063362 0.183059454 0.134871170 0.990842342 -0.006413588 -0.026785562 -0.641496122 0.092248447 0.761559308 1.222162247
0.752278328 -0.099548727 0.651281416 0.186091036 0.134047776 0.990969181 -0.003364903 -0.026853353 -0.645064771 0.089834161 0.758828759 1.225710034
0.747974873 -0.101474851 0.655924201 0.189218998 0.135073319 0.990835249 -0.000741855 -0.026916528 -0.649837554 0.089152761 0.754826546 1.229529500
0.744718373 -0.104202718 0.659193695 0.192198455 0.137756631 0.990465581 0.000939512 -0.026920941 -0.653006673 0.090108618 0.751972616 1.232942939
0.740637064 -0.104780480 0.663685024 0.195433557 0.140320078 0.990106106 -0.000274861 -0.026985373 -0.657089949 0.093331918 0.748012006 1.236678123
0.736678958 -0.104693472 0.668089271 0.198338330 0.142634407 0.989772975 -0.002174863 -0.027064875 -0.661029160 0.096894704 0.744077921 1.239990711
0.733818471 -0.104496658 0.671260655 0.201591313 0.145628959 0.989325583 -0.005190227 -0.027118362 -0.663553059 0.101563670 0.741203189 1.243553638
0.730268955 -0.104561716 0.675110400 0.204585671 0.147078320 0.989107192 -0.005901262 -0.027191058 -0.667139471 0.103603616 0.737693071 1.246861577
0.727308154 -0.104572326 0.678297400 0.207847536 0.147144735 0.989100814 -0.005288262 -0.027259842 -0.670351505 0.103654109 0.734768331 1.250384688
0.723059952 -0.107127286 0.682428062 0.210923016 0.150530949 0.988595903 -0.004304221 -0.027260108 -0.674184501 0.105838776 0.730940104 1.253924012
0.720432281 -0.105102867 0.685514867 0.214174867 0.145584539 0.989344895 -0.001314058 -0.027417567 -0.678072572 0.100747049 0.728057444 1.257229209
0.716683865 -0.105865382 0.689316154 0.217299163 0.144056320 0.989567101 0.002202263 -0.027494924 -0.682357669 0.097722016 0.724457443 1.260641336
0.713392198 -0.109971248 0.692082226 0.220423400 0.146530166 0.989187181 0.006138961 -0.027529920 -0.685274005 0.097031452 0.721792459 1.263813853
0.710566163 -0.110371098 0.694920123 0.223595023 0.146658555 0.989161372 0.007143569 -0.027577493 -0.688176572 0.096840017 0.719051421 1.267076492
0.706620038 -0.109553650 0.699060977 0.226773500 0.148457885 0.988906503 0.004913772 -0.027623219 -0.691844225 0.100308947 0.715045094 1.270421863
0.703137100 -0.108264856 0.702763855 0.229986131 0.150323614 0.988635004 0.001901535 -0.027681958 -0.694982827 0.104304940 0.711420655 1.273748040
0.700274706 -0.107535012 0.705727637 0.233186603 0.152597591 0.988288045 -0.000828473 -0.027711958 -0.697373033 0.108272508 0.708482742 1.276960135
0.697009861 -0.110853970 0.708440900 0.236388206 0.159562886 0.987184405 -0.002517632 -0.027665323 -0.699082732 0.114795685 0.705765605 1.280219436
0.693290889 -0.106244028 0.712783158 0.239616275 0.153469235 0.988151371 -0.001983270 -0.027815189 -0.704126954 0.110765263 0.701381624 1.283482313
0.689855993 -0.107005179 0.715994716 0.242856920 0.155219719 0.987878084 -0.001915103 -0.027773051 -0.707110524 0.112457648 0.698103070 1.286883712
0.686852574 -0.107097775 0.718862534 0.245864332 0.151609361 0.988437593 0.002401273 -0.027974423 -0.710808098 0.107336998 0.695147932 1.289551377
0.683040321 -0.107503332 0.722425699 0.249054492 0.151239589 0.988488674 0.004101555 -0.028008912 -0.714550495 0.106457844 0.691436410 1.292703867
0.680374324 -0.112355411 0.724200904 0.252417803 0.157625258 0.987485707 0.005116223 -0.028009836 -0.715712905 0.110671401 0.689569950 1.295949936
0.677967012 -0.113869123 0.726219475 0.255492270 0.161118388 0.986925542 0.004333936 -0.028026177 -0.717217922 0.114069022 0.687449396 1.298776984
0.674668550 -0.115215175 0.729073226 0.258751273 0.164508849 0.986368835 0.003642563 -0.028003849 -0.719554842 0.117481463 0.684426010 1.302067518
0.671040833 -0.116609722 0.732192874 0.261909962 0.168975696 0.985617995 0.002107430 -0.027944112 -0.721908271 0.122308619 0.681094110 1.305139542
0.668249130 -0.114432104 0.735083938 0.265070438 0.168013424 0.985784471 0.000721772 -0.027977940 -0.724716902 0.123021640 0.677975774 1.307982922
