1.000000000 0.000000000 0.000000000 0.000000000 0.000000000 1.000000000 0.000000000 0.000000000 0.000000000 0.000000000 1.000000000 0.000000000
0.999984503 0.000291637 -0.005562623 -0.000425406 -0.000443697 0.999625623 -0.027354408 -0.000087485 0.005552563 0.027356453 0.999610305 0.054266695
0.999959528 -0.001323234 -0.008899522 -0.000780952 0.000986234 0.999286234 -0.037765518 -0.000593311 0.008943142 0.037755217 0.999246955 0.109884150
0.999923825 -0.001469083 -0.012256793 -0.001208505 0.001133588 0.999625683 -0.027334338 -0.002276514 0.012292360 0.027318360 0.999551296 0.167392954
0.999877095 0.000138893 -0.015677562 -0.002179228 -0.000365661 0.999895334 -0.014462529 -0.004563715 0.015673913 0.014466484 0.999772489 0.225283056
0.999830842 0.001600234 -0.018329371 -0.003082374 -0.001787051 0.999946594 -0.010180401 -0.006377704 0.018312104 0.010211430 0.999780118 0.282762349
0.999821007 0.001070310 -0.018888533 -0.003805551 -0.001321906 0.999910474 -0.013312540 -0.007596896 0.018872594 0.013335127 0.999732971 0.340376198
0.999822319 0.001279244 -0.018805971 -0.004208727 -0.001591678 0.999860823 -0.016607972 -0.008624889 0.018782109 0.016634952 0.999685228 0.399298012
0.999843359 0.000979666 -0.017672775 -0.005723368 -0.001281948 0.999852896 -0.017101148 -0.010328891 0.017653426 0.017121118 0.999697566 0.456254780
0.999841571 0.001164650 -0.017762642 -0.006420605 -0.001451646 0.999868453 -0.016152941 -0.011916518 0.017741498 0.016176168 0.999711752 0.515223145
0.999862671 0.000764814 -0.016557969 -0.008634990 -0.001029276 0.999871910 -0.015969263 -0.013244690 0.016543638 0.015984116 0.999735355 0.576218069
0.999852479 -0.000009469 -0.017175633 -0.008651483 -0.000272503 0.999865234 -0.016414568 -0.014833190 0.017173475 0.016416823 0.999717712 0.634706259
0.999845743 -0.000944775 -0.017539520 -0.009524669 0.000638887 0.999847710 -0.017437354 -0.016167011 0.017553326 0.017423460 0.999693990 0.695834696
0.999837577 -0.000954311 -0.017997276 -0.010134047 0.000640007 0.999847293 -0.017461631 -0.018048994 0.018011194 0.017447278 0.999685645 0.756351531
0.999828160 -0.001254273 -0.018494232 -0.011153713 0.000941278 0.999856353 -0.016922923 -0.019435162 0.018512798 0.016902607 0.999685764 0.818926394
0.999833882 0.000053642 -0.018226551 -0.012532372 -0.000350327 0.999867439 -0.016274823 -0.020631023 0.018223267 0.016278505 0.999701381 0.879892766
0.999847889 0.000701010 -0.017423186 -0.014271023 -0.000985630 0.999866068 -0.016332483 -0.022237470 0.017409403 0.016347174 0.999714792 0.942863047
0.999845982 -0.000126083 -0.017551195 -0.014511321 -0.000183552 0.999844372 -0.017639082 -0.023650641 0.017550688 0.017639585 0.999690354 1.006093383
0.999855697 0.000491826 -0.016981175 -0.016119698 -0.000818430 0.999814689 -0.019231690 -0.024997858 0.016968571 0.019242814 0.999670804 1.070625901
0.999855042 0.000268634 -0.017021773 -0.016734999 -0.000595147 0.999815881 -0.019179912 -0.027097389 0.017013485 0.019187264 0.999671161 1.133858800
0.999843121 -0.000761850 -0.017697783 -0.017653221 0.000428204 0.999822319 -0.018848604 -0.029285766 0.017708996 0.018838067 0.999665797 1.199824214
0.999822378 -0.002753557 -0.018644795 -0.018431816 0.002398871 0.999816239 -0.019019002 -0.030750830 0.018693740 0.018970897 0.999645233 1.263988614
0.999787092 -0.003649005 -0.020314369 -0.019480577 0.003263474 0.999814510 -0.018979171 -0.032584127 0.020379862 0.018908832 0.999613404 1.331221581
0.999766290 -0.004235693 -0.021199118 -0.020617463 0.003838577 0.999817073 -0.018738437 -0.034310170 0.021274611 0.018652689 0.999599636 1.397240758
0.999736786 -0.005281847 -0.022326631 -0.022378663 0.004866902 0.999815226 -0.018598881 -0.036383145 0.022420740 0.018485328 0.999577701 1.465728760
0.999688983 -0.006759936 -0.024003377 -0.023623530 0.006304858 0.999799907 -0.018984260 -0.037456803 0.024126904 0.018827021 0.999531567 1.534775257
0.999650240 -0.006554137 -0.025620699 -0.025235070 0.006090749 0.999817193 -0.018122889 -0.039037473 0.025734795 0.017960502 0.999507427 1.602863312
0.999592066 -0.006399515 -0.027835745 -0.027790561 0.005952488 0.999852479 -0.016112771 -0.041052487 0.027934752 0.015940504 0.999482691 1.673251390
0.999508440 -0.004413151 -0.031035900 -0.029706642 0.003929446 0.999870062 -0.015629113 -0.042284392 0.031100843 0.015499473 0.999396026 1.746457458
0.999372303 -0.003890714 -0.035211563 -0.031338762 0.003291802 0.999849200 -0.017050950 -0.043630101 0.035272598 0.016924342 0.999234378 1.817405581
0.999175608 -0.002631901 -0.040510893 -0.034641389 0.001777372 0.999775469 -0.021115387 -0.045605507 0.040557370 0.021025980 0.998955965 1.889278769
0.998894274 -0.002462153 -0.046947129 -0.036809944 0.001346768 0.999716461 -0.023775157 -0.047049135 0.046992350 0.023685640 0.998614371 1.965174079
0.998606384 -0.003866535 -0.052634429 -0.040832601 0.002744461 0.999767780 -0.021373857 -0.049116135 0.052704848 0.021199618 0.998385072 2.040296555
0.998306453 -0.003043003 -0.058095403 -0.044622049 0.001999329 0.999835730 -0.018014511 -0.050565396 0.058140676 0.017867848 0.998148501 2.116204500
0.998100817 -0.002659987 -0.061544731 -0.050539635 0.001626732 0.999856949 -0.016832707 -0.052556906 0.061580695 0.016700622 0.997962356 2.193055868
0.997907102 -0.001333107 -0.064649895 -0.053992718 0.000251430 0.999859929 -0.016736554 -0.054893069 0.064663149 0.016685272 0.997767627 2.267694473
0.997848094 -0.000491712 -0.065566219 -0.058842793 -0.000570326 0.999868989 -0.016178235 -0.056052819 0.065565594 0.016180817 0.997716963 2.343524694
0.997846842 0.000570131 -0.065585181 -0.063933812 -0.001544636 0.999889255 -0.014808855 -0.058561206 0.065569475 0.014878278 0.997737050 2.421808720
0.997906029 0.002832538 -0.064617954 -0.069057688 -0.003749363 0.999893963 -0.014071550 -0.060341105 0.064571254 0.014284363 0.997810781 2.499307394
0.997995913 0.002574965 -0.063227840 -0.074329607 -0.003464726 0.999896467 -0.013966684 -0.062469624 0.063185327 0.014157761 0.997901320 2.575813293
0.998089075 0.002778860 -0.061729100 -0.079416320 -0.003672019 0.999890149 -0.014360270 -0.064136550 0.061682411 0.014559500 0.997989595 2.651993036
0.998094559 0.000711144 -0.061699037 -0.082372531 -0.001661922 0.999880672 -0.015359986 -0.066395357 0.061680742 0.015433255 0.997976601 2.730334044
0.998203218 0.001091944 -0.059910994 -0.086921878 -0.002010302 0.999881446 -0.015270567 -0.069033265 0.059887212 0.015363568 0.998086929 2.807449341
0.998266041 0.000066363 -0.058863215 -0.090963393 -0.000954370 0.999886096 -0.015057961 -0.071152419 0.058855511 0.015088028 0.998152435 2.883618832
0.998336732 0.000172584 -0.057650894 -0.094876654 -0.001025143 0.999890566 -0.014759064 -0.073255360 0.057642031 0.014793618 0.998227715 2.959752798
0.998418748 0.000399785 -0.056214947 -0.098942332 -0.001230555 0.999890447 -0.014744621 -0.075843260 0.056202900 0.014790478 0.998309791 3.037120104
0.998452425 0.000182490 -0.055612665 -0.101940118 -0.001004214 0.999890625 -0.014748269 -0.077870041 0.055603899 0.014781290 0.998343468 3.112423897
0.998491287 -0.000905747 -0.054902781 -0.105863735 0.000092458 0.999890149 -0.014813981 -0.080012545 0.054910176 0.014786554 0.998381793 3.190202951
0.998545766 -0.000777704 -0.053904433 -0.110217266 -0.000033303 0.999886751 -0.015042749 -0.082335293 0.053910032 0.015022669 0.998432755 3.266374350
0.998538017 -0.000462328 -0.054050848 -0.113731988 -0.000359076 0.999884605 -0.015186175 -0.084681958 0.054051638 0.015183383 0.998422682 3.340744257
0.998568714 -0.000841986 -0.053476594 -0.117680117 0.000059040 0.999892831 -0.014640812 -0.087371580 0.053483196 0.014616702 0.998461783 3.416334152
0.998584330 -0.000556989 -0.053188480 -0.121094882 -0.000236227 0.999888897 -0.014905863 -0.088294432 0.053190872 0.014897325 0.998473227 3.492870808
0.998605430 -0.000215190 -0.052793991 -0.124547124 -0.000550844 0.999894857 -0.014494880 -0.091745563 0.052791551 0.014503746 0.998500168 3.567792177
0.998606563 -0.001147950 -0.052758455 -0.128499240 0.000298069 0.999870181 -0.016113956 -0.092924848 0.052770097 0.016075775 0.998477280 3.642992735
0.998621285 -0.001322936 -0.052476354 -0.132443234 0.000498927 0.999876380 -0.015712487 -0.095052317 0.052490663 0.015664641 0.998498559 3.718439817
0.998540759 -0.002007267 -0.053964898 -0.136259571 0.001222935 0.999893129 -0.014563218 -0.097325712 0.053988364 0.014475972 0.998436630 3.792927504
0.998348832 -0.003805346 -0.057316348 -0.140133992 0.002958274 0.999885201 -0.014856471 -0.099293664 0.057366312 0.014662381 0.998245478 3.866554737
0.998067737 -0.007432749 -0.061688036 -0.144267380 0.006439770 0.999846697 -0.016280035 -0.101155549 0.061799582 0.015851315 0.997962713 3.941570044
0.997610927 -0.010574561 -0.068269424 -0.148885220 0.009352762 0.999790788 -0.018191602 -0.103649735 0.068447500 0.017509628 0.997501075 4.014868736
0.997052491 -0.012585355 -0.075681932 -0.152893737 0.011129130 0.999745369 -0.019632444 -0.105853304 0.075909734 0.018732304 0.996938765 4.089665890
0.996473014 -0.013131596 -0.082879715 -0.159551397 0.011649026 0.999763846 -0.018346522 -0.108272120 0.083101057 0.017316347 0.996390641 4.162087440
0.995987773 -0.012462873 -0.088616729 -0.166674331 0.011121923 0.999816358 -0.015609734 -0.111105561 0.088794976 0.014561517 0.995943427 4.234831810
0.995598674 -0.008823717 -0.093302622 -0.173967764 0.007414846 0.999853373 -0.015435915 -0.112808488 0.093425140 0.014676148 0.995518208 4.309102058
0.995391548 -0.006076985 -0.095700786 -0.180082068 0.004527189 0.999855161 -0.016402997 -0.115016587 0.095786601 0.015894148 0.995274961 4.379786491
0.995340466 -0.005298923 -0.096277483 -0.188222423 0.003539101 0.999823689 -0.018440232 -0.118093133 0.096358232 0.018013574 0.995183647 4.451325893
0.995367765 -0.002890017 -0.096097320 -0.194251075 0.000985834 0.999802470 -0.019856732 -0.119982362 0.096135713 0.019670013 0.995173872 4.524018764
0.995539486 -0.002865505 -0.094302639 -0.200942427 0.001005056 0.999804020 -0.019770086 -0.121646971 0.094340816 0.019587120 0.995347261 4.597761631
0.995857358 -0.002891020 -0.090882942 -0.207030252 0.001254297 0.999836028 -0.018061092 -0.124326572 0.090920262 0.017872276 0.995697796 4.668356419
0.996390700 -0.002981168 -0.084833018 -0.213384464 0.001517925 0.999849081 -0.017307779 -0.126450360 0.084871814 0.017116543 0.996244788 4.741724014
0.996833384 -0.000764735 -0.079514921 -0.218790784 -0.000557333 0.999861956 -0.016603146 -0.128873259 0.079516657 0.016594883 0.996695340 4.811527252
0.997471213 -0.000147966 -0.071071118 -0.224360764 -0.001106457 0.999844253 -0.017610557 -0.130194306 0.071062677 0.017644661 0.997315764 4.882997513
0.998052061 0.001484327 -0.062369257 -0.228607669 -0.002576465 0.999844670 -0.017434079 -0.132673442 0.062333688 0.017560806 0.997900844 4.953693867
0.998669386 0.003801348 -0.051430877 -0.232221127 -0.004728212 0.999828398 -0.017911904 -0.134480223 0.051353969 0.018131241 0.998515904 5.025475502
0.999177039 0.004120542 -0.040352434 -0.235430270 -0.004821773 0.999838710 -0.017295767 -0.136759609 0.040274654 0.017476100 0.999035776 5.096678257
0.999556959 0.005127878 -0.029319886 -0.236757904 -0.005633978 0.999836087 -0.017204808 -0.138776004 0.029226854 0.017362371 0.999422014 5.168844223
0.999816835 0.005680431 -0.018276980 -0.238066137 -0.006000050 0.999829173 -0.017480478 -0.140906125 0.018174557 0.017586937 0.999680281 5.239363194
0.999952972 0.005393960 -0.008066620 -0.238052279 -0.005541289 0.999816239 -0.018354518 -0.143216223 0.007966134 0.018398356 0.999799073 5.310815811
0.999993563 0.003508982 0.000714641 -0.237301961 -0.003494119 0.999797285 -0.019832421 -0.145457983 -0.000784088 0.019829800 0.999803066 5.384784698
0.999966145 0.002412009 0.007866129 -0.236328736 -0.002246278 0.999776721 -0.021010131 -0.146667972 -0.007915049 0.020991756 0.999748230 5.454235554
0.999923825 -0.002161005 0.012153179 -0.235118210 0.002404773 0.999795496 -0.020079270 -0.149895251 -0.012107303 0.020106966 0.999724448 5.526060104
0.999892056 -0.004674661 0.013923590 -0.233125895 0.004952936 0.999787450 -0.020018905 -0.151389807 -0.013827046 0.020085711 0.999702632 5.598210335
0.999873757 -0.007394126 0.014057856 -0.231224030 0.007670435 0.999776423 -0.019703845 -0.153842568 -0.013909019 0.019809186 0.999707043 5.671304703
0.999880195 -0.007049704 0.013778966 -0.230617344 0.007317327 0.999783695 -0.019469591 -0.154708013 -0.013638731 0.019568084 0.999715507 5.742641449
0.999895990 -0.008092719 0.011939107 -0.229758322 0.008318275 0.999785542 -0.018965071 -0.157194778 -0.011783068 0.019062413 0.999748826 5.815276146
0.999921024 -0.007728782 0.009910088 -0.229806125 0.007922729 0.999774873 -0.019683024 -0.159379259 -0.009755731 0.019759987 0.999757171 5.887685299
0.999949217 -0.007694128 0.006505459 -0.228404641 0.007831354 0.999741554 -0.021338549 -0.161360279 -0.006339596 0.021388410 0.999751151 5.961202621
0.999964356 -0.008132334 0.002279615 -0.227618739 0.008180481 0.999724984 -0.021973563 -0.163652644 -0.002100291 0.021991426 0.999755979 6.033839703
0.999955177 -0.009393317 -0.001206742 -0.228211209 0.009364324 0.999711215 -0.022127334 -0.166062981 0.001414243 0.022115041 0.999754429 6.107978821
0.999925017 -0.010939967 -0.005515020 -0.228375271 0.010813459 0.999688983 -0.022469135 -0.167864874 0.005759116 0.022407813 0.999732316 6.180682182
0.999898553 -0.010217206 -0.009923559 -0.228395611 0.010001401 0.999717593 -0.021558266 -0.170326814 0.010141023 0.021456826 0.999718368 6.256686687
0.999852657 -0.009637367 -0.014205046 -0.228968859 0.009333954 0.999730229 -0.021273118 -0.172445565 0.014406228 0.021137394 0.999672830 6.331736565
0.999809504 -0.009076565 -0.017277563 -0.231050014 0.008727139 0.999757946 -0.020193361 -0.174790129 0.017456671 0.020038733 0.999646783 6.406331539
0.999768555 -0.007360294 -0.020211285 -0.232279032 0.006979930 0.999798417 -0.018825768 -0.176834568 0.020345777 0.018680342 0.999618471 6.482242107
0.999753714 -0.004758106 -0.021675648 -0.234443441 0.004354742 0.999817133 -0.018618451 -0.178837150 0.021760274 0.018519469 0.999591649 6.557510376
0.999720573 -0.005432715 -0.023006340 -0.237098202 0.004990095 0.999802291 -0.019252947 -0.181734100 0.023106383 0.019132759 0.999549925 6.630942822
0.999683261 -0.004271063 -0.024801930 -0.237843677 0.003760620 0.999780893 -0.020591063 -0.183551937 0.024884442 0.020491267 0.999480307 6.707398891
0.999653339 -0.004874736 -0.025876313 -0.239787862 0.004339178 0.999776125 -0.020712787 -0.185965523 0.025971491 0.020593325 0.999450564 6.781593323
0.999618173 -0.004750937 -0.027220611 -0.241128296 0.004216547 0.999798059 -0.019655712 -0.188362271 0.027308492 0.019533431 0.999436200 6.856689453
0.999608636 -0.004917811 -0.027539814 -0.243613690 0.004415736 0.999823570 -0.018262099 -0.191116154 0.027624760 0.018133344 0.999453902 6.932365417
0.999597132 -0.005165519 -0.027908407 -0.245759174 0.004658090 0.999823213 -0.018216465 -0.193070680 0.027997579 0.018079128 0.999444425 7.004755974
0.999584615 -0.004147020 -0.028521176 -0.247653365 0.003647100 0.999839246 -0.017557733 -0.195475161 0.028589403 0.017446423 0.999439001 7.078090668
0.999598801 -0.001029420 -0.028304638 -0.248866886 0.000575422 0.999871135 -0.016043173 -0.197559237 0.028317505 0.016020449 0.999470592 7.153793335
0.999625266 -0.000358547 -0.027373526 -0.252019405 -0.000094986 0.999862731 -0.016565206 -0.199812502 0.027375711 0.016561594 0.999488056 7.225614071
0.999610960 -0.000915251 -0.027875761 -0.253013790 0.000393294 0.999824584 -0.018724117 -0.202029228 0.027888007 0.018705869 0.999436021 7.299173355
0.999613345 -0.001682149 -0.027756596 -0.254832059 0.001155636 0.999819279 -0.018974107 -0.204587430 0.027783494 0.018934695 0.999434650 7.370997906
0.999604523 -0.003976427 -0.027837845 -0.256319970 0.003425275 0.999797702 -0.019818410 -0.206561312 0.027911017 0.019715216 0.999415994 7.443254471
0.999584317 -0.006192334 -0.028157989 -0.257101119 0.005659113 0.999803841 -0.018977197 -0.208505750 0.028269976 0.018809956 0.999423385 7.516613007
0.999600410 -0.006675651 -0.027465856 -0.259596586 0.006212451 0.999837697 -0.016915426 -0.211247891 0.027574319 0.016738042 0.999479651 7.587151051
0.999577522 -0.008054251 -0.027926493 -0.260684729 0.007600783 0.999838173 -0.016306255 -0.213267237 0.028053312 0.016087102 0.999476969 7.657911301
0.999570131 -0.008355157 -0.028102029 -0.262079984 0.007916767 0.999845803 -0.015675180 -0.215129524 0.028228663 0.015445964 0.999482095 7.729200363
0.999573827 -0.008702883 -0.027861331 -0.264319003 0.008285397 0.999852180 -0.015065026 -0.217418790 0.027988320 0.014827764 0.999498248 7.798491478
0.999550998 -0.009509479 -0.028411873 -0.266025990 0.009102243 0.999854445 -0.014428404 -0.219569907 0.028544948 0.014163316 0.999492109 7.868438244
0.999500811 -0.010322710 -0.029857909 -0.267557621 0.009896976 0.999847770 -0.014371507 -0.221580803 0.030001713 0.014068832 0.999450803 7.935712337
0.999457419 -0.011012307 -0.031044953 -0.269649297 0.010606222 0.999856472 -0.013215091 -0.224382326 0.031186024 0.012878649 0.999430656 8.002692223
0.999394536 -0.010591625 -0.033139117 -0.271038294 0.010144670 0.999855697 -0.013626412 -0.225577712 0.033278666 0.013281977 0.999357879 8.069595337
0.999352336 -0.009621834 -0.034673672 -0.273425758 0.009155688 0.999865890 -0.013577621 -0.228048086 0.034799665 0.013251365 0.999306440 8.134791374
0.999270558 -0.011647742 -0.036368929 -0.275778264 0.011134890 0.999836087 -0.014272211 -0.229784429 0.036529198 0.013856838 0.999236465 8.198639870
0.999167860 -0.011369633 -0.039171409 -0.277115077 0.010828849 0.999843478 -0.013990140 -0.231270000 0.039324339 0.013554317 0.999134541 8.262119293
0.999125481 -0.010408578 -0.040496249 -0.280287802 0.009862794 0.999858141 -0.013653880 -0.233522356 0.040632620 0.013242532 0.999086380 8.322964668
0.999010444 -0.010252206 -0.043277461 -0.281969160 0.009697027 0.999868155 -0.013018859 -0.235832900 0.043405231 0.012586312 0.998978198 8.384418488
0.998974621 -0.008712314 -0.044427585 -0.285598814 0.008123625 0.999877036 -0.013413904 -0.237538964 0.044538993 0.013039239 0.998922527 8.443030357
0.998924553 -0.007038354 -0.045827981 -0.288753808 0.006404369 0.999881983 -0.013966192 -0.238617718 0.045920871 0.013657671 0.998851717 8.501814842
0.998858273 -0.006311092 -0.047351602 -0.291379988 0.005628590 0.999878526 -0.014533023 -0.240786612 0.047437560 0.014249907 0.998772562 8.558855057
0.998803437 -0.004963475 -0.048651718 -0.294374764 0.004189063 0.999863029 -0.016006542 -0.242932871 0.048724510 0.015783586 0.998687506 8.615412712
0.998789728 -0.003608407 -0.049051180 -0.296782374 0.002793317 0.999857068 -0.016675524 -0.244457990 0.049104337 0.016518328 0.998657048 8.669133186
0.998786986 -0.003126522 -0.049140777 -0.299444139 0.002347420 0.999870777 -0.015904209 -0.246567518 0.049184158 0.015769564 0.998665214 8.723214149
0.998798788 -0.002053727 -0.048954107 -0.302318782 0.001350390 0.999895453 -0.014396007 -0.247931913 0.048978548 0.014312607 0.998697281 8.777109146
0.998839796 -0.000342600 -0.048154231 -0.304185688 -0.000290489 0.999913573 -0.013139484 -0.249276638 0.048154574 0.013138227 0.998753488 8.828120232
0.998947859 0.002678536 -0.045781005 -0.307541311 -0.003191523 0.999932885 -0.011135823 -0.251163274 0.045748103 0.011270219 0.998889446 8.879493713
0.999089599 0.004441536 -0.042428490 -0.309907377 -0.004813422 0.999950826 -0.008666853 -0.252251357 0.042387910 0.008863190 0.999061882 8.927734375
0.999236882 0.005492928 -0.038674425 -0.310946733 -0.005737838 0.999964118 -0.006224456 -0.253950685 0.038638860 0.006441613 0.999232471 8.973487854
0.999401867 0.007799525 -0.033690989 -0.312380403 -0.007979829 0.999954522 -0.005220526 -0.255124360 0.033648741 0.005486252 0.999418676 9.019640923
0.999582827 0.009522665 -0.027267303 -0.313999057 -0.009676225 0.999938011 -0.005505278 -0.256414384 0.027213188 0.005766825 0.999613166 9.062157631
0.999732673 0.010927806 -0.020375684 -0.314468682 -0.011071504 0.999914527 -0.006953025 -0.257462800 0.020297959 0.007176755 0.999768257 9.101793289
0.999872506 0.009509942 -0.012827560 -0.313554645 -0.009609492 0.999924004 -0.007721427 -0.258461416 0.012753156 0.007843708 0.999887943 9.140166283
0.999944270 0.009903991 -0.003649988 -0.313865900 -0.009937607 0.999907315 -0.009309227 -0.259221047 0.003557450 0.009344981 0.999949932 9.176112175
0.999925554 0.010453939 0.006294934 -0.313460201 -0.010390544 0.999895871 -0.010020678 -0.260586947 -0.006399033 0.009954523 0.999929965 9.209617615
0.999800503 0.010153523 0.017201766 -0.312605560 -0.009991510 0.999905109 -0.009478395 -0.261326998 -0.017296370 0.009304632 0.999807000 9.241345406
0.999551356 0.011562358 0.027625408 -0.311151266 -0.011311620 0.999893546 -0.009215392 -0.261841774 -0.027729020 0.008898770 0.999575794 9.271003723
0.999146104 0.011288122 0.039747044 -0.309949934 -0.010903491 0.999891758 -0.009880541 -0.262475699 -0.039854269 0.009438721 0.999160945 9.299449921
0.998532593 0.013593064 0.052420851 -0.307918876 -0.013033592 0.999854565 -0.010999833 -0.263049543 -0.052562747 0.010300459 0.998564482 9.326387405
0.997627556 0.011832986 0.067818508 -0.305463731 -0.011196291 0.999889672 -0.009760655 -0.263727218 -0.067926519 0.008978183 0.997649968 9.351669312
0.996290743 0.011380190 0.085294157 -0.301631987 -0.010748334 0.999911308 -0.007863539 -0.264701545 -0.085376084 0.006917602 0.996324778 9.378037453
0.994387805 0.010884190 0.105235681 -0.297977924 -0.010092446 0.999916673 -0.008053154 -0.264346629 -0.105314560 0.006945873 0.994414687 9.403120041
0.991600275 0.012533094 0.128731519 -0.293457150 -0.011331251 0.999885082 -0.010064233 -0.265662342 -0.128842860 0.008521007 0.991628349 9.427393913
0.987588227 0.019870227 0.155803218 -0.288951516 -0.018230604 0.999762356 -0.011945691 -0.266662091 -0.156003565 0.008957036 0.987715900 9.451652527
0.982476592 0.026349153 0.184514493 -0.283744216 -0.023394393 0.999561071 -0.018172812 -0.267452717 -0.184912369 0.013537757 0.982661724 9.475296974
0.976282835 0.029211232 0.214519382 -0.278457403 -0.023200527 0.999265969 -0.030484485 -0.269046247 -0.215252429 0.024784511 0.976243913 9.496521950
0.968507528 0.028252574 0.247376427 -0.271202087 -0.017542968 0.998815179 -0.045390777 -0.270946503 -0.248365745 0.039621588 0.967855692 9.517316818
0.959282756 0.027807303 0.281075299 -0.262884378 -0.011177987 0.998099923 -0.060594495 -0.272178203 -0.282226175 0.054985397 0.957770824 9.537667274
0.948018193 0.028316986 0.316953689 -0.254320383 -0.006604063 0.997569084 -0.069370978 -0.273158550 -0.318147510 0.063671745 0.945900679 9.558220863
0.934229434 0.032130491 0.355222374 -0.244917393 -0.006803974 0.997358322 -0.072318494 -0.273417115 -0.356607586 0.065145142 0.931980252 9.578727722
0.917678475 0.037330262 0.395566225 -0.234820843 -0.009050967 0.997282267 -0.073117808 -0.274311036 -0.397220641 0.063518383 0.915522397 9.597936630
0.899396479 0.039772052 0.435320735 -0.223163605 -0.007505388 0.997110546 -0.075592123 -0.274955511 -0.437069356 0.064720035 0.897096276 9.616003036
0.878329456 0.031949680 0.476986974 -0.210831165 0.002753588 0.997409463 -0.071879268 -0.277252764 -0.478047937 0.064447105 0.875966191 9.632798195
0.853275537 0.021615397 0.521012127 -0.196084976 0.013522352 0.997887313 -0.063545592 -0.278802663 -0.521284938 0.061267208 0.851180553 9.650581360
0.824432135 0.013746016 0.565793812 -0.181166172 0.019523093 0.998419344 -0.052704275 -0.281659961 -0.565623939 0.054497153 0.822860599 9.666917801
0.789398193 0.013933390 0.613723278 -0.166738510 0.018844146 0.998721242 -0.046912193 -0.282496542 -0.613592148 0.048597492 0.788126230 9.683065414
0.749054611 0.015122618 0.662335634 -0.149074078 0.016766161 0.998986483 -0.041770458 -0.284096956 -0.662296057 0.042393174 0.748041987 9.697625160
0.702010393 0.013292870 0.712042630 -0.131081104 0.016376251 0.999260068 -0.034800347 -0.284557551 -0.711978376 0.036090791 0.701273322 9.710091591
0.648891032 0.004760203 0.760866463 -0.111640930 0.019170493 0.999560595 -0.022602757 -0.285067797 -0.760639727 0.029252904 0.648514867 9.721803665
0.591349006 -0.006353534 0.806390703 -0.090550900 0.023510359 0.999679744 -0.009364355 -0.285581827 -0.806072950 0.024496138 0.591309011 9.732195854
0.530853331 -0.016920645 0.847294867 -0.069122791 0.029377984 0.999567151 0.001555446 -0.286014974 -0.846954405 0.024066100 0.531120658 9.739884377
0.466120273 -0.020393938 0.884486258 -0.047172546 0.029823624 0.999528289 0.007329591 -0.285962850 -0.884218574 0.022962112 0.466508627 9.747004509
0.398633093 -0.024205079 0.916791022 -0.024994612 0.029614430 0.999470055 0.013511214 -0.285793126 -0.916632295 0.021764228 0.399138629 9.751661301
0.328245550 -0.028583791 0.944159865 -0.002452612 0.026332665 0.999430478 0.021102289 -0.286249638 -0.944225311 0.017935509 0.328811288 9.756093025
0.257005483 -0.033107664 0.965842724 0.020081282 0.025894355 0.999290109 0.027363848 -0.285849094 -0.966063023 0.017977213 0.257680327 9.758348465
0.188647166 -0.035477284 0.981403887 0.044095159 0.022488460 0.999241233 0.031799324 -0.285940468 -0.981787384 0.016071415 0.189301848 9.758677483
0.122194991 -0.034536269 0.991905034 0.067204714 0.020074826 0.999275863 0.032319851 -0.284864575 -0.992303073 0.015962999 0.122799791 9.758934975
0.062799424 -0.033850171 0.997451961 0.091507077 0.017200286 0.999313056 0.032830395 -0.284343690 -0.997877896 0.015094732 0.063338518 9.756700516
0.004559778 -0.035381742 0.999363363 0.115954705 0.018132102 0.999212503 0.035293661 -0.284220666 -0.999825180 0.017959626 0.005197726 9.753973007
-0.049108673 -0.037146196 0.998102427 0.140940398 0.020385155 0.999062717 0.038184926 -0.282584399 -0.998585403 0.022221683 -0.048305415 9.749135017
-0.098376095 -0.042296533 0.994250059 0.167140484 0.022416687 0.998748600 0.044705920 -0.281465143 -0.994896770 0.026685787 -0.097304851 9.743988991
-0.141044602 -0.050706528 0.988703847 0.193125129 0.019998925 0.998337746 0.054053582 -0.280165434 -0.989801228 0.027396983 -0.139796063 9.737364769
-0.180933952 -0.059551790 0.981690586 0.220331192 0.015006151 0.997881711 0.063299753 -0.278892577 -0.983380854 0.026184473 -0.179657057 9.730936050
-0.215099126 -0.067358695 0.974266469 0.248146415 0.006275742 0.997502565 0.070350744 -0.277548730 -0.976572037 0.021246629 -0.214139208 9.723295212
-0.245005980 -0.065456100 0.967309415 0.276264191 0.005262783 0.997613847 0.068839744 -0.276265621 -0.969507396 0.021956883 -0.244076878 9.714462280
-0.271299154 -0.057291400 0.960788429 0.303776503 0.006537569 0.998094141 0.061361950 -0.276102424 -0.962472856 0.022928666 -0.270407468 9.705699921
-0.292379588 -0.043074109 0.955331862 0.331292868 0.012193328 0.998735905 0.048762899 -0.274947762 -0.956224561 0.025905946 -0.291484773 9.694492340
-0.310367823 -0.029297568 0.950164974 0.360346317 0.012715918 0.999307573 0.034966446 -0.273438871 -0.950531483 0.022934681 -0.309780389 9.684494019
-0.324803025 -0.017591683 0.945618093 0.389867306 0.010732865 0.999694049 0.022284228 -0.270901978 -0.945720792 0.017387178 -0.324514866 9.673234940
-0.337153614 -0.012407697 0.941367865 0.420206308 0.005179964 0.999873519 0.015034051 -0.269331574 -0.941435397 0.009945037 -0.337046772 9.662789345
-0.347319245 -0.015248863 0.937623084 0.452283859 0.003325230 0.999841511 0.017492492 -0.268263727 -0.937740982 0.009193291 -0.347213477 9.650834084
-0.355839163 -0.021532701 0.934299171 0.485553265 0.005945181 0.999662220 0.025303409 -0.268280596 -0.934528291 0.014558521 -0.355590910 9.637537956
-0.363622189 -0.024401158 0.931226850 0.518236399 0.009149140 0.999515116 0.029763052 -0.268343329 -0.931501627 0.019342432 -0.363222510 9.623568535
-0.369689524 -0.022942126 0.928871989 0.551138163 0.011640092 0.999502301 0.029319352 -0.267952979 -0.929082453 0.021651212 -0.369238436 9.609633446
-0.374668211 -0.019229872 0.926959515 0.585326433 0.010540799 0.999631941 0.024997961 -0.266777456 -0.927099049 0.019136839 -0.374327689 9.595521927
-0.379139960 -0.017100453 0.925181210 0.620297909 0.009757842 0.999699771 0.022476571 -0.266139239 -0.925287902 0.017549539 -0.378859311 9.581879616
-0.381829858 -0.016942661 0.924077272 0.655008316 0.008963103 0.999717057 0.022033054 -0.265316993 -0.924189210 0.016695479 -0.381569862 9.566769600
-0.383772790 -0.016212001 0.923285246 0.691240549 0.010031672 0.999713600 0.021723779 -0.264200240 -0.923373103 0.017599089 -0.383500278 9.551231384
-0.385199487 -0.014965785 0.922711909 0.727516890 0.013927815 0.999660313 0.022028208 -0.263921082 -0.922728121 0.021336623 -0.384860218 9.535737991
-0.385438174 -0.014827555 0.922614574 0.764783859 0.014635570 0.999646842 0.022179827 -0.263374060 -0.922617555 0.022051940 -0.385085076 9.519897461
-0.385241926 -0.015862795 0.922679245 0.802384615 0.013149226 0.999656379 0.022676332 -0.262923777 -0.922721922 0.020868395 -0.384901047 9.504179001
-0.384755760 -0.016516311 0.922870636 0.840238333 0.012389391 0.999657393 0.023055825 -0.262348622 -0.922935307 0.020304665 -0.384419382 9.488778114
-0.383265793 -0.016304633 0.923494160 0.877017975 0.013209162 0.999645174 0.023131134 -0.261664122 -0.923543632 0.021063961 -0.382914364 9.473154068
-0.382046461 -0.016019506 0.924004257 0.914460421 0.014077622 0.999632835 0.023151333 -0.261148751 -0.924035907 0.021852668 -0.381680667 9.457682610
-0.380648792 -0.016435692 0.924573541 0.951779127 0.013711264 0.999631941 0.023414915 -0.260534406 -0.924618065 0.021589931 -0.380283207 9.442383766
-0.378954351 -0.017679298 0.925246418 0.989222288 0.014138000 0.999590278 0.024890350 -0.260126621 -0.925307333 0.022513440 -0.378549069 9.427144051
-0.377328306 -0.020693587 0.925848246 1.025834084 0.013328784 0.999525368 0.027772468 -0.259700686 -0.925983608 0.022819771 -0.376873463 9.412275314
-0.376135826 -0.022869337 0.926282227 1.060708046 0.014132712 0.999437451 0.030414371 -0.259226978 -0.926456690 0.024530813 -0.375601053 9.398222923
-0.373597473 -0.023387071 0.927295983 1.095284462 0.015499589 0.999385059 0.031449828 -0.258666962 -0.927461386 0.026122283 -0.373005271 9.384045601
-0.370333314 -0.023423910 0.928603530 1.127379417 0.016128249 0.999369144 0.031641021 -0.258344799 -0.928758919 0.026694473 -0.369721919 9.370756149
-0.368484527 -0.022860428 0.929352760 1.158518076 0.016180137 0.999388456 0.030998541 -0.257714391 -0.929493070 0.026459537 -0.367889315 9.359383583
-0.365973085 -0.021894882 0.930367827 1.189409971 0.014882987 0.999457657 0.029375242 -0.257467955 -0.930506408 0.024597203 -0.365448743 9.347334862
-0.363778025 -0.020049013 0.931269825 1.218708515 0.014644057 0.999521613 0.027238732 -0.256816626 -0.931370556 0.023546420 -0.363310426 9.335815430
-0.361954838 -0.018919345 0.932003617 1.247282982 0.016240381 0.999514401 0.026596932 -0.256662369 -0.932054162 0.024762986 -0.361471772 9.325412750
-0.359489173 -0.020036755 0.932934046 1.275791407 0.017846167 0.999438941 0.028341783 -0.255910784 -0.932978570 0.026837863 -0.358929873 9.314771652
-0.356512845 -0.021846453 0.934034884 1.302653313 0.018674316 0.999360263 0.030502185 -0.255704999 -0.934103847 0.028316885 -0.355876774 9.304649353
-0.353356838 -0.023551308 0.935192108 1.327866197 0.017967528 0.999327779 0.031955387 -0.255571961 -0.935315967 0.028094748 -0.352696180 9.294842720
-0.349640161 -0.023833262 0.936580896 1.351881862 0.017722201 0.999329269 0.032046001 -0.255409658 -0.936716437 0.027802844 -0.348983288 9.286317825
-0.344182640 -0.023573205 0.938606799 1.374192834 0.017513882 0.999349654 0.031521030 -0.254985452 -0.938739359 0.027287640 -0.343546033 9.278194427
-0.339759171 -0.022904523 0.940233588 1.394178271 0.017069302 0.999388516 0.030513674 -0.254534632 -0.940357566 0.026416432 -0.339160532 9.271667480
-0.335889578 -0.023367828 0.941611409 1.412742734 0.016089113 0.999404013 0.030541329 -0.254366517 -0.941763878 0.025408212 -0.335313439 9.264687538
-0.332828969 -0.023544265 0.942693233 1.430197477 0.016562451 0.999388099 0.030807814 -0.254122823 -0.942841768 0.025867041 -0.332235396 9.258014679
-0.330771476 -0.022841774 0.943434477 1.445376992 0.017275322 0.999392986 0.030253392 -0.253809750 -0.943552792 0.026305094 -0.330176085 9.252426147
-0.329311252 -0.022126913 0.943962097 1.459830999 0.017630449 0.999406993 0.029577132 -0.253956556 -0.944056869 0.026382556 -0.328725874 9.248143196
-0.327849805 -0.021546889 0.944484234 1.473070741 0.016721260 0.999450922 0.028605165 -0.253531575 -0.944581866 0.025171166 -0.327309579 9.243655205
-0.327443510 -0.019781686 0.944663644 1.486090422 0.014394214 0.999560416 0.025920630 -0.253282487 -0.944761157 0.022085238 -0.327014863 9.239409447
-0.329353005 -0.018000606 0.944035351 1.498891115 0.012794509 0.999641418 0.023524605 -0.253486067 -0.944120169 0.019826371 -0.329004556 9.234716415
-0.333118528 -0.016775547 0.942735791 1.511989951 0.013295447 0.999658704 0.022486454 -0.253158867 -0.942791224 0.020024749 -0.332781881 9.230241776
-0.336132646 -0.016835311 0.941664159 1.524284720 0.015550855 0.999604642 0.023422163 -0.253265053 -0.941686273 0.022516636 -0.335738033 9.225050926
-0.338685483 -0.016540201 0.940754235 1.537289381 0.017782945 0.999554396 0.023976138 -0.252945095 -0.940731645 0.024849754 -0.338240385 9.219026566
-0.340778768 -0.016475327 0.939999163 1.549170136 0.018674999 0.999530494 0.024288995 -0.252883345 -0.939958036 0.025831655 -0.340311080 9.215405464
-0.340172619 -0.016613198 0.940216184 1.561636090 0.019640593 0.999500275 0.024766738 -0.253010333 -0.940157890 0.026891373 -0.339676321 9.210783005
-0.337578923 -0.016593313 0.941150963 1.574140072 0.018979948 0.999521375 0.024430303 -0.252797574 -0.941105902 0.026110150 -0.337102413 9.206032753
-0.334177107 -0.015380693 0.942384779 1.586600184 0.017806979 0.999585330 0.022628762 -0.252346039 -0.942342043 0.024343045 -0.333764702 9.201910019
-0.329399943 -0.012473989 0.944108069 1.599562049 0.017236985 0.999666512 0.019222053 -0.252170563 -0.944033206 0.022605322 -0.329075158 9.197730064
-0.323719144 -0.006744316 0.946129203 1.613126040 0.017871168 0.999752581 0.013241202 -0.251749992 -0.945984364 0.021194866 -0.323518574 9.193372726
-0.316534817 -0.002358506 0.948577940 1.628172874 0.018695110 0.999787152 0.008724277 -0.251902968 -0.948396683 0.020495309 -0.316423357 9.188570023
-0.307422519 -0.000305790 0.951573074 1.645338774 0.019386372 0.999790370 0.006584397 -0.251574308 -0.951375604 0.020471741 -0.307352155 9.183711052
-0.297025204 -0.000831372 0.954869270 1.664453864 0.019625181 0.999783039 0.006975159 -0.251350343 -0.954667926 0.020811280 -0.296944439 9.178102493
-0.286529720 -0.001986238 0.958069265 1.685680151 0.018712386 0.999795496 0.007669055 -0.251413077 -0.957888603 0.020125177 -0.286433935 9.173055649
-0.275355428 -0.002685646 0.961338758 1.708021641 0.018198064 0.999802291 0.008005556 -0.251115769 -0.961170197 0.019698879 -0.275252163 9.166742325
-0.264491498 -0.003287212 0.964382410 1.732889652 0.018028229 0.999802589 0.008352367 -0.250732303 -0.964219511 0.019595237 -0.264380068 9.160797119
-0.254203141 -0.003741602 0.967143655 1.758763433 0.017547641 0.999810100 0.008480185 -0.250649065 -0.966991663 0.019126777 -0.254089177 9.154685974
-0.245155498 -0.004427521 0.969473720 1.786552429 0.017096987 0.999814391 0.008889483 -0.250160664 -0.969332993 0.018754387 -0.245034322 9.148687363
-0.237965316 -0.005392006 0.971258581 1.815932035 0.016554615 0.999816835 0.009606548 -0.249666169 -0.971132636 0.018364841 -0.237832502 9.142378807
-0.232915223 -0.005658995 0.972480595 1.846548319 0.015649492 0.999831736 0.009566305 -0.249273807 -0.972371161 0.017446963 -0.232787460 9.135276794
-0.229260385 -0.007118812 0.973339081 1.879415274 0.014095247 0.999844134 0.010632661 -0.249292806 -0.973263085 0.016157104 -0.229124308 9.127426147
-0.227825373 -0.007858546 0.973670244 1.913571715 0.011614813 0.999874353 0.010787746 -0.248995438 -0.973632753 0.013766721 -0.227705508 9.119415283
-0.228148833 -0.009366319 0.973581135 1.949954271 0.011420032 0.999859214 0.012295295 -0.248643517 -0.973559380 0.013923488 -0.228009745 9.110516548
-0.228874773 -0.011458197 0.973388374 1.985623002 0.011777641 0.999824882 0.014538694 -0.248086333 -0.973384619 0.014791758 -0.228699759 9.101150513
-0.231619179 -0.010905986 0.972745419 2.024899244 0.012389548 0.999822974 0.014159627 -0.247643322 -0.972727597 0.015331519 -0.231443048 9.092286110
-0.234136477 -0.009689855 0.972155571 2.063707352 0.012159752 0.999842942 0.012894414 -0.247288734 -0.972127736 0.014840220 -0.233981907 9.083111763
-0.235931113 -0.008559021 0.971732140 2.104352713 0.012012923 0.999859154 0.011723435 -0.246815965 -0.971695542 0.014439265 -0.235795081 9.072327614
-0.237940624 -0.008393027 0.971243501 2.146692991 0.012709340 0.999850154 0.011753838 -0.246924400 -0.971196592 0.015140579 -0.237798333 9.061493874
-0.240048707 -0.007396108 0.970732689 2.188493252 0.013704952 0.999845445 0.011006967 -0.245718315 -0.970664084 0.015946051 -0.239910260 9.051680565
-0.242017373 -0.007891357 0.970239758 2.232279778 0.013373011 0.999844790 0.011467922 -0.245009914 -0.970179677 0.015750464 -0.241874292 9.040847778
-0.243785679 -0.008588287 0.969791114 2.276099443 0.012849277 0.999844313 0.012084479 -0.244775310 -0.969744027 0.015407134 -0.243637398 9.029695511
-0.245171875 -0.007738934 0.969448805 2.322672129 0.012228034 0.999863863 0.011074182 -0.243965447 -0.969402552 0.014569527 -0.245043874 9.016539574
-0.246146977 -0.006472758 0.969210982 2.370949745 0.013967877 0.999850214 0.010224750 -0.243832186 -0.969131827 0.016054610 -0.246019676 9.004115105
-0.247644410 -0.006260578 0.968830764 2.418012857 0.013108320 0.999865949 0.009811767 -0.243557900 -0.968762338 0.015129571 -0.247529119 8.992156982
-0.249503016 -0.007996772 0.968340993 2.467329025 0.012867347 0.999850273 0.011572388 -0.242761284 -0.968288481 0.015347325 -0.249362797 8.980209351
-0.249930277 -0.011065952 0.968200564 2.518713474 0.013425756 0.999799013 0.014892813 -0.242221430 -0.968170822 0.016720990 -0.249731451 8.965413094
-0.251121879 -0.014850645 0.967841506 2.569793463 0.013744447 0.999726772 0.018906113 -0.241568014 -0.967857897 0.018050186 -0.250849158 8.952599525
-0.251742601 -0.016031921 0.967661440 2.621614218 0.014922799 0.999679625 0.020444635 -0.240371004 -0.967679143 0.019587003 -0.251422703 8.938387871
-0.251869112 -0.016615745 0.967618644 2.675252676 0.016569313 0.999632001 0.021478428 -0.239858001 -0.967619419 0.021442527 -0.251501143 8.924014091
-0.251229227 -0.013706386 0.967830598 2.727838516 0.015299122 0.999718666 0.018129323 -0.238587350 -0.967806637 0.019361578 -0.250948787 8.909906387
-0.250399679 -0.013059855 0.968054533 2.784275770 0.015647737 0.999723852 0.017534591 -0.238405600 -0.968016028 0.019538520 -0.250126183 8.895490646
-0.248905927 -0.011629720 0.968457758 2.841190577 0.016583044 0.999730110 0.016267305 -0.237224862 -0.968385696 0.020109011 -0.248645917 8.880169868
-0.248169512 -0.014076670 0.968614221 2.899775505 0.015274269 0.999713242 0.018442057 -0.236544266 -0.968596280 0.019371634 -0.247883335 8.865893364
-0.245788038 -0.013816192 0.969225109 2.957132578 0.015073828 0.999723017 0.018073542 -0.235549077 -0.969206393 0.019052196 -0.245511726 8.850383759
-0.244092077 -0.012883347 0.969666421 3.015272141 0.014772302 0.999746323 0.017001597 -0.234761894 -0.969639480 0.018474158 -0.243839860 8.837849617
-0.239526570 -0.010625544 0.970831692 3.075370550 0.017100174 0.999738812 0.015160934 -0.233639017 -0.970739186 0.020232838 -0.239282310 8.820461273
-0.235726759 -0.011078501 0.971756279 3.134639740 0.018243603 0.999708354 0.015822668 -0.232800528 -0.971648157 0.021458160 -0.235455900 8.806236267
-0.232228130 -0.013656552 0.972565532 3.197197199 0.016544001 0.999701262 0.017987944 -0.234838665 -0.972520590 0.020267425 -0.231932834 8.791985512
-0.227058247 -0.012358752 0.973802745 3.258227348 0.017303919 0.999710560 0.016722245 -0.231228963 -0.973727405 0.020647530 -0.226778656 8.776272774
-0.223366156 -0.011358004 0.974668503 3.319969654 0.015099457 0.999771774 0.015110903 -0.231105730 -0.974617660 0.018092228 -0.223143682 8.763061523
