1.000000000 0.000000000 0.000000000 0.000000000 0.000000000 1.000000000 0.000000000 0.000000000 0.000000000 0.000000000 1.000000000 0.000000000
0.999996722 0.001667459 0.001928016 0.000333270 -0.001662312 0.999995053 -0.002667932 -0.000287661 -0.001932455 0.002664718 0.999994576 0.059363980
0.999994218 0.003015075 0.001575553 0.000140863 -0.003007302 0.999983430 -0.004913267 -0.000418808 -0.001590341 0.004908500 0.999986649 0.088955134
0.999997973 0.001912015 -0.000582610 0.000244720 -0.001915105 0.999983788 -0.005348945 -0.001038320 0.000572374 0.005350051 0.999985516 0.118326910
0.999992967 -0.000903845 -0.003642821 0.000260556 0.000882352 0.999982178 -0.005897226 -0.001448054 0.003648086 0.005893971 0.999975979 0.147324055
0.999960005 -0.004287259 -0.007847117 0.000657346 0.004251285 0.999980330 -0.004595538 -0.001998040 0.007866668 0.004561994 0.999958634 0.176074132
0.999900997 -0.006482789 -0.012489217 0.000408597 0.006432121 0.999970853 -0.004092695 -0.002278818 0.012515385 0.004011957 0.999913633 0.204709843
0.999851644 -0.004922956 -0.016506337 -0.000308634 0.004863643 0.999981523 -0.003631606 -0.002761661 0.016523911 0.003550787 0.999857187 0.233320445
0.999773383 -0.003928871 -0.020921411 -0.000989618 0.003860437 0.999987066 -0.003310349 -0.003358271 0.020934146 0.003228833 0.999775648 0.262217700
0.999680042 -0.003665764 -0.025026478 -0.002052250 0.003569116 0.999986112 -0.003905381 -0.003718260 0.025040440 0.003814809 0.999679148 0.289189994
0.999535799 -0.003723025 -0.030236755 -0.002096404 0.003619099 0.999987304 -0.003491078 -0.004230791 0.030249368 0.003380027 0.999536693 0.317184806
0.999430656 -0.004138671 -0.033484992 -0.003859440 0.004025562 0.999985993 -0.003444623 -0.004640128 0.033498779 0.003307865 0.999433279 0.343504578
0.999215901 -0.004274214 -0.039362147 -0.004356631 0.004081535 0.999979317 -0.004974067 -0.004723891 0.039382596 0.004809508 0.999212682 0.370454162
0.999055207 -0.005445598 -0.043116841 -0.005907569 0.005219647 0.999971986 -0.005351261 -0.005270186 0.043144774 0.005121149 0.999055624 0.396041095
0.998882055 -0.004923103 -0.047015052 -0.007365714 0.004721865 0.999979198 -0.004390378 -0.005899446 0.047035683 0.004163471 0.998884559 0.422014087
0.998697639 -0.003304630 -0.050914034 -0.008537286 0.003078649 0.999984980 -0.004516286 -0.005960025 0.050928194 0.004353657 0.998692751 0.447216839
0.998566568 -0.002369785 -0.053471874 -0.010411545 0.002179247 0.999991059 -0.003621374 -0.006415336 0.053479973 0.003499655 0.998562753 0.469540983
0.998433053 -0.001993763 -0.055924680 -0.011599593 0.001814784 0.999993086 -0.003250975 -0.006873415 0.055930767 0.003144390 0.998429716 0.492572159
0.998345375 -0.000353680 -0.057501271 -0.013452642 0.000112219 0.999991179 -0.004202408 -0.007153959 0.057502251 0.004189001 0.998336613 0.513959765
0.998239875 -0.000435286 -0.059304383 -0.014777714 0.000139840 0.999987602 -0.004985913 -0.007499352 0.059305817 0.004968843 0.998227477 0.535162270
0.998153865 -0.000151226 -0.060735431 -0.015970260 -0.000190750 0.999984264 -0.005624747 -0.007984053 0.060735326 0.005625948 0.998138070 0.556119382
0.998054922 0.000613334 -0.062336627 -0.017309323 -0.000999596 0.999980509 -0.006165390 -0.008323760 0.062331628 0.006215710 0.998036146 0.574041307
0.997958779 0.001018743 -0.063852012 -0.018825702 -0.001500832 0.999970734 -0.007502591 -0.008821707 0.063842490 0.007583107 0.997931182 0.592566073
0.997926712 0.002233481 -0.064321175 -0.020078162 -0.002818466 0.999955475 -0.009005446 -0.009071333 0.064298190 0.009168062 0.997888625 0.610476255
0.997909546 0.001702749 -0.064602941 -0.021524100 -0.002353542 0.999947250 -0.009998964 -0.009496932 0.064582519 0.010130107 0.997860968 0.628483534
0.997837067 0.000792497 -0.065731026 -0.022476757 -0.001493348 0.999942541 -0.010613965 -0.009983006 0.065718852 0.010689164 0.997780919 0.645693600
0.997818053 0.000831427 -0.066018939 -0.023430951 -0.001627354 0.999926627 -0.012003179 -0.010468012 0.066004112 0.012084424 0.997746170 0.662514687
0.997771144 0.000652776 -0.066726394 -0.024663970 -0.001606757 0.999897182 -0.014244244 -0.010662521 0.066710226 0.014319707 0.997669637 0.679805994
0.997709513 0.002235504 -0.067607865 -0.026224185 -0.003170249 0.999900758 -0.013721838 -0.011169664 0.067570470 0.013904739 0.997617602 0.697189093
0.997627139 0.005403423 -0.068635061 -0.027553776 -0.006231407 0.999910235 -0.011855199 -0.011415323 0.068564825 0.012254759 0.997571409 0.712656736
0.997563303 0.004753729 -0.069603980 -0.028482610 -0.005356304 0.999949694 -0.008473136 -0.011426646 0.069560207 0.008825309 0.997538686 0.729675889
0.997612536 0.004752295 -0.068894841 -0.029801976 -0.005231086 0.999963343 -0.006770847 -0.011703901 0.068860136 0.007115075 0.997600973 0.746109188
0.997629464 0.002646150 -0.068762116 -0.030914115 -0.003242910 0.999957979 -0.008568461 -0.012289321 0.068736553 0.008771139 0.997596264 0.762285888
0.997632623 0.003321572 -0.068689175 -0.032221306 -0.004074595 0.999933064 -0.010825561 -0.012910713 0.068648629 0.011079812 0.997579336 0.778809249
0.997608483 0.003638680 -0.069022588 -0.032936990 -0.004532291 0.999907851 -0.012794479 -0.013207847 0.068969674 0.013076710 0.997533023 0.794198096
0.997612059 0.005695114 -0.068831667 -0.034152210 -0.006629699 0.999888778 -0.013357048 -0.013443970 0.068747945 0.013781484 0.997538865 0.810768187
0.997647822 0.004941788 -0.068369612 -0.035364658 -0.005912722 0.999884367 -0.014006194 -0.013941925 0.068292506 0.014377499 0.997561693 0.827110887
0.997672856 0.002092308 -0.068150595 -0.035862640 -0.003040046 0.999900043 -0.013805768 -0.014364626 0.068114899 0.013980821 0.997579515 0.841829538
0.997747838 0.002391521 -0.067033492 -0.037046276 -0.003225091 0.999918818 -0.012329676 -0.014891081 0.066998556 0.012518099 0.997674584 0.858222783
0.997839868 0.004165784 -0.065560907 -0.038646370 -0.005199459 0.999864757 -0.015603906 -0.014937524 0.065487035 0.015911080 0.997726500 0.874799967
0.997832596 0.006525191 -0.065479018 -0.039409164 -0.008094198 0.999685764 -0.023725387 -0.015305212 0.065303624 0.024203960 0.997571826 0.890680015
0.997919619 0.006635074 -0.064127937 -0.040985666 -0.008667619 0.999467134 -0.031469103 -0.015219066 0.063884966 0.031959474 0.997445345 0.909067512
0.997996330 0.002690435 -0.063214324 -0.040958207 -0.004895887 0.999383807 -0.034759536 -0.015363578 0.063081853 0.034999374 0.997394502 0.930436790
0.998091996 0.001816283 -0.061717689 -0.041908011 -0.003723635 0.999518514 -0.030803515 -0.016401943 0.061632022 0.030974556 0.997618198 0.949700117
0.998287618 0.001899688 -0.058466353 -0.044121340 -0.003558126 0.999593914 -0.028274668 -0.017379744 0.058388893 0.028434284 0.997888803 0.970984399
0.998393238 0.004346651 -0.056498244 -0.045207374 -0.005850055 0.999632418 -0.026471635 -0.018042412 0.056362417 0.026759623 0.998051703 0.995018244
0.998458922 0.002652294 -0.055432465 -0.045837369 -0.004081392 0.999661803 -0.025683584 -0.018994560 0.055345595 0.025870247 0.998131990 1.017614007
0.998596549 0.002234010 -0.052914903 -0.047316559 -0.003721430 0.999600232 -0.028027827 -0.019401200 0.052831132 0.028185405 0.998205602 1.043438792
0.998692095 0.000419337 -0.051125966 -0.048219129 -0.001912743 0.999572814 -0.029164894 -0.020081080 0.051091898 0.029224541 0.998266220 1.068866253
0.998752296 -0.000488196 -0.049935933 -0.048342578 -0.000954433 0.999582887 -0.028861668 -0.020984735 0.049929194 0.028873321 0.998335242 1.093417525
0.998804510 -0.000656238 -0.048879731 -0.049218472 -0.000754628 0.999583721 -0.028839985 -0.020850116 0.048878308 0.028842390 0.998388231 1.120098114
0.998883486 -0.000394777 -0.047240078 -0.050511342 -0.000838269 0.999659538 -0.026079051 -0.022254832 0.047234282 0.026089532 0.998543024 1.148056030
0.998943806 -0.000556513 -0.045945808 -0.051855270 -0.000590954 0.999688327 -0.024956999 -0.023074605 0.045945372 0.024957795 0.998632133 1.174238801
0.998931587 0.000678234 -0.046209231 -0.053111706 -0.001776271 0.999716938 -0.023725359 -0.024241291 0.046180066 0.023782087 0.998650014 1.202818871
0.998906434 0.001180927 -0.046739504 -0.055089008 -0.002294275 0.999714673 -0.023773823 -0.024755167 0.046698097 0.023855058 0.998624206 1.231582046
0.998819530 0.001957175 -0.048535548 -0.055699069 -0.003027963 0.999753356 -0.021998204 -0.025375394 0.048480533 0.022119202 0.998579204 1.261227727
0.998799443 0.001442544 -0.048965357 -0.057917695 -0.002372532 0.999817848 -0.018939961 -0.026908660 0.048929110 0.019033398 0.998620987 1.291915178
0.998719633 0.003452825 -0.050468713 -0.059499770 -0.004411345 0.999811769 -0.018893315 -0.027629215 0.050393984 0.019091759 0.998546958 1.323651671
0.998680532 0.008046697 -0.050718714 -0.061433643 -0.009108331 0.999743640 -0.020735526 -0.028045988 0.050538853 0.021170128 0.998497725 1.353360534
0.998580635 0.011035071 -0.052104443 -0.062734857 -0.012124764 0.999713421 -0.020644050 -0.028550792 0.051861696 0.021246506 0.998428226 1.386241317
0.998551726 0.012236048 -0.052388337 -0.064650670 -0.013211747 0.999744952 -0.018318728 -0.028526179 0.052150816 0.018984338 0.998458743 1.420113564
0.998547852 0.008305087 -0.053228319 -0.065569825 -0.009004677 0.999876022 -0.012916860 -0.029695310 0.053114437 0.013377405 0.998498797 1.448311329
0.998491168 0.009387392 -0.054105967 -0.067093015 -0.009845391 0.999917805 -0.008204495 -0.030632734 0.054024503 0.008724808 0.998501480 1.480834961
0.998454273 0.011605904 -0.054353487 -0.069460340 -0.011998646 0.999904156 -0.006904946 -0.031081431 0.054268137 0.007546441 0.998497844 1.513764977
0.998333871 0.016199429 -0.055381909 -0.071998261 -0.016516276 0.999849677 -0.005268190 -0.032129414 0.055288251 0.006174115 0.998451233 1.545430303
0.998264611 0.016781645 -0.056444958 -0.072952941 -0.017146930 0.999835014 -0.005993375 -0.032503478 0.056335066 0.006950832 0.998387694 1.577365279
0.998202264 0.018174937 -0.057112243 -0.075446747 -0.018673079 0.999791980 -0.008200550 -0.032206979 0.056951322 0.009252271 0.998334050 1.608660817
0.998317957 0.015974389 -0.055731740 -0.079090148 -0.016584884 0.999807179 -0.010508837 -0.032422978 0.055553120 0.011415465 0.998390436 1.639812946
0.998193324 0.013149937 -0.058626194 -0.078360118 -0.013803793 0.999846816 -0.010761959 -0.033380821 0.058475696 0.011551781 0.998221934 1.675695539
0.998199642 0.015979460 -0.057810318 -0.080989003 -0.016569555 0.999815285 -0.009742495 -0.034086760 0.057643965 0.010682846 0.998279989 1.709011316
0.998281121 0.018785296 -0.055514742 -0.084230937 -0.019323472 0.999771237 -0.009173440 -0.034691233 0.055329714 0.010230410 0.998415768 1.741943717
0.998265982 0.019797333 -0.055434950 -0.085642837 -0.020334976 0.999751329 -0.009151336 -0.035594963 0.055240002 0.010262737 0.998420298 1.771202683
0.998342991 0.017856535 -0.054702569 -0.086424939 -0.018301630 0.999803185 -0.007646434 -0.037263349 0.054555275 0.008634909 0.998473346 1.807494164
0.998436689 0.017070858 -0.053223535 -0.088305444 -0.017533563 0.999812305 -0.008238744 -0.037377376 0.053072911 0.009159063 0.998548567 1.842616320
0.998540103 0.014884300 -0.051922493 -0.090209492 -0.015329588 0.999848902 -0.008188334 -0.038103692 0.051792771 0.008972332 0.998617589 1.876345038
0.998546541 0.014459643 -0.051919464 -0.090669200 -0.014917724 0.999853075 -0.008446245 -0.038840719 0.051789697 0.009208492 0.998615503 1.909836292
0.998628557 0.013353920 -0.050623693 -0.092373677 -0.013817847 0.999865532 -0.008825310 -0.039332427 0.050499026 0.009512715 0.998678803 1.944967628
0.998657405 0.015072668 -0.049557097 -0.093943477 -0.015559456 0.999834359 -0.009451692 -0.039617635 0.049406420 0.010210085 0.998726606 1.979531884
0.998711348 0.013464125 -0.048932146 -0.095325567 -0.013945653 0.999857485 -0.009512636 -0.040532880 0.048797093 0.010182768 0.998756826 2.015125275
0.998745739 0.013480583 -0.048218913 -0.097053267 -0.013959491 0.999856353 -0.009608970 -0.041093722 0.048082456 0.010270029 0.998790562 2.050289392
0.998832703 0.011386267 -0.046942443 -0.098885030 -0.011850251 0.999883533 -0.009617637 -0.042094484 0.046827465 0.010162692 0.998851299 2.086969614
0.998823166 0.012254027 -0.046927266 -0.100505039 -0.012741493 0.999867797 -0.010102719 -0.042799301 0.046797257 0.010688754 0.998847246 2.122874975
0.998870671 0.010589721 -0.046316687 -0.101350039 -0.011130342 0.999872744 -0.011429995 -0.042534664 0.046189751 0.011932606 0.998861432 2.157004595
0.998787224 0.012285033 -0.047679447 -0.101257779 -0.012801586 0.999862492 -0.010543658 -0.044869017 0.047543362 0.011141242 0.998807013 2.193164587
0.998918295 0.009002673 -0.045619752 -0.104683802 -0.009583826 0.999875546 -0.012536407 -0.044034436 0.045501210 0.012960058 0.998880208 2.230553150
0.998882949 0.008356033 -0.046508871 -0.105291069 -0.009022419 0.999859393 -0.014136723 -0.044165242 0.046384212 0.014540555 0.998817861 2.268781185
0.998891056 0.008754179 -0.046260808 -0.107159272 -0.009450736 0.999844968 -0.014859948 -0.044875801 0.046123546 0.015280669 0.998818934 2.305701494
0.998893857 0.010052984 -0.045934699 -0.109184757 -0.010762621 0.999826133 -0.015227711 -0.045030750 0.045773633 0.015705246 0.998828471 2.343771458
0.998968899 0.008789869 -0.044540759 -0.112262905 -0.009434011 0.999853611 -0.014272335 -0.046673786 0.044408787 0.014677819 0.998905599 2.381681204
0.998929501 0.010580409 -0.045031495 -0.114021651 -0.011228289 0.999836743 -0.014158704 -0.047863193 0.044874344 0.014649175 0.998885214 2.418793440
0.998869717 0.010080146 -0.046449266 -0.114369892 -0.010764025 0.999836981 -0.014496610 -0.048145059 0.046295557 0.014980203 0.998815477 2.455809593
0.998860598 0.010338193 -0.046589218 -0.116510861 -0.010937396 0.999860525 -0.012624900 -0.049378116 0.046452202 0.013120079 0.998834372 2.493921757
0.998824060 0.009462523 -0.047548398 -0.117877319 -0.010100269 0.999862015 -0.013190301 -0.049575962 0.047417033 0.013655042 0.998781860 2.531867027
0.998800337 0.009259148 -0.048085462 -0.119909666 -0.009895442 0.999866426 -0.013011476 -0.050595134 0.047958568 0.013471695 0.998758495 2.570410252
0.998754501 0.010244558 -0.048830114 -0.121935412 -0.010871310 0.999861658 -0.012587029 -0.051197454 0.048694421 0.013102199 0.998727798 2.607987642
0.998720706 0.009340083 -0.049695622 -0.124015316 -0.009968436 0.999873281 -0.012411247 -0.052096974 0.049573407 0.012890757 0.998687327 2.646842718
0.998651147 0.010433743 -0.050862592 -0.125427917 -0.011113746 0.999852479 -0.013104987 -0.052628428 0.050718348 0.013652585 0.998619676 2.684906006
0.998653352 0.009349175 -0.051031373 -0.128053844 -0.010027025 0.999864697 -0.013043203 -0.053856276 0.050902523 0.013537331 0.998611808 2.723526716
0.998587906 0.010988061 -0.051974401 -0.130176663 -0.011719348 0.999836266 -0.013786375 -0.054506268 0.051814407 0.014376014 0.998553216 2.760964870
0.998606443 0.010594780 -0.051700532 -0.133563519 -0.011382668 0.999823153 -0.014968878 -0.055283982 0.051532790 0.015536506 0.998550475 2.800106764
0.998450458 0.009682981 -0.054799307 -0.133715510 -0.010419511 0.999858916 -0.013170796 -0.057418384 0.054664046 0.013721369 0.998410523 2.836895466
0.998409331 0.008822408 -0.055687003 -0.135849059 -0.009578314 0.999865353 -0.013321912 -0.057534717 0.055561971 0.013834109 0.998359442 2.875398874
0.998327613 0.007533828 -0.057316303 -0.137242422 -0.008211746 0.999898970 -0.011601345 -0.059439395 0.057223115 0.012052610 0.998288631 2.914250612
0.998275399 0.009232789 -0.057975184 -0.139768869 -0.009942216 0.999879122 -0.011960261 -0.060156360 0.057857748 0.012516035 0.998246253 2.952880621
0.998235226 0.009314799 -0.058648195 -0.142269358 -0.010110415 0.999860585 -0.013283800 -0.061324112 0.058516286 0.013853314 0.998190343 2.991246700
0.998193562 0.008266471 -0.059509274 -0.144815341 -0.009276809 0.999817133 -0.016721625 -0.062248215 0.059360165 0.017243473 0.998087645 3.029260874
0.998079419 0.005808845 -0.061674401 -0.145740092 -0.007029457 0.999783337 -0.019592760 -0.063577659 0.061547227 0.019988667 0.997904003 3.068330765
0.998075962 0.004018993 -0.061872568 -0.148239210 -0.005439315 0.999725163 -0.022804312 -0.063827507 0.061763912 0.023096981 0.997823477 3.107030392
0.998034418 0.003884496 -0.062547654 -0.150712043 -0.005367334 0.999708056 -0.023556765 -0.065335371 0.062437888 0.023846177 0.997763932 3.144369841
0.997982860 0.006919875 -0.063104279 -0.153442383 -0.008304518 0.999729931 -0.021706304 -0.066443279 0.062937029 0.022186570 0.997770846 3.183165789
0.997862458 0.007340019 -0.064935744 -0.155335888 -0.008389209 0.999838412 -0.015899451 -0.067910865 0.064808533 0.016410226 0.997762799 3.222157955
0.997918069 0.006195134 -0.064194694 -0.158450469 -0.006810009 0.999932945 -0.009363925 -0.068727806 0.064132385 0.009781595 0.997893572 3.260738373
0.997821331 0.005835752 -0.065715246 -0.159864992 -0.005942997 0.999981284 -0.001436609 -0.069789305 0.065705627 0.001824024 0.997837305 3.300161123
0.997874677 0.007077073 -0.064777613 -0.162494242 -0.006790804 0.999966204 0.004638375 -0.070216544 0.064808257 -0.004188625 0.997888982 3.338493586
0.997888327 0.007624712 -0.064503923 -0.164523065 -0.007105763 0.999940574 0.008270828 -0.070925936 0.064563155 -0.007795013 0.997883201 3.378170013
0.997935355 0.009086276 -0.063580394 -0.166583359 -0.008701307 0.999942124 0.006329130 -0.070484541 0.063634232 -0.005762830 0.997956693 3.416727304
0.998094857 0.008448003 -0.061117422 -0.168950796 -0.008177365 0.999955595 0.004676939 -0.071265578 0.061154228 -0.004168249 0.998119593 3.455594540
0.998218238 0.009657607 -0.058881983 -0.171482623 -0.009606282 0.999953210 0.001154657 -0.071504153 0.058890380 -0.000586963 0.998264313 3.493819952
0.998239219 0.006396204 -0.058969803 -0.172530472 -0.006593463 0.999973297 -0.003151100 -0.071403414 0.058948077 0.003534366 0.998254776 3.532716274
0.998411238 0.004464083 -0.056168795 -0.175740853 -0.004802310 0.999971092 -0.005888064 -0.071996227 0.056140888 0.006148450 0.998403907 3.570363760
0.998418152 0.004136813 -0.056072511 -0.176238358 -0.004534005 0.999965489 -0.006958159 -0.072620519 0.056041788 0.007201383 0.998402417 3.608865261
0.998419940 0.006746980 -0.055785056 -0.178141594 -0.007062153 0.999960184 -0.005454570 -0.073911816 0.055746030 0.005839915 0.998427927 3.646570921
0.998481870 0.008494569 -0.054422550 -0.180835485 -0.008826046 0.999943852 -0.005853331 -0.074512199 0.054369774 0.006324780 0.998500764 3.685184717
0.998462796 0.009850121 -0.054543443 -0.182060450 -0.010317798 0.999912262 -0.008299422 -0.073744893 0.054456908 0.008849433 0.998476923 3.724045992
0.998464108 0.008736324 -0.054709282 -0.184191823 -0.009087901 0.999939561 -0.006180779 -0.075494677 0.054651979 0.006668478 0.998483181 3.762426138
0.998452365 0.008825905 -0.054907911 -0.186845332 -0.009231292 0.999931931 -0.007133761 -0.076494567 0.054841217 0.007629592 0.998465955 3.799908161
0.998409748 0.008018113 -0.055800680 -0.188867852 -0.008393285 0.999943733 -0.006492318 -0.078784622 0.055745494 0.006950345 0.998420835 3.836590290
0.998350620 0.010165802 -0.056503121 -0.190883324 -0.010575762 0.999919772 -0.006961231 -0.078879200 0.056427825 0.007547313 0.998378217 3.875939608
0.998338103 0.012809956 -0.056185476 -0.193074256 -0.013277482 0.999880135 -0.007955707 -0.078355610 0.056076828 0.008688486 0.998388648 3.915781975
0.998288095 0.010342786 -0.057567321 -0.194540232 -0.010772387 0.999916315 -0.007157259 -0.079508126 0.057488479 0.007765142 0.998315990 3.953340054
0.998258293 0.012066701 -0.057746053 -0.196886063 -0.012456664 0.999901950 -0.006397872 -0.080166019 0.057663184 0.007106053 0.998310804 3.991475344
0.998243451 0.012570914 -0.057895441 -0.199212134 -0.012950587 0.999897003 -0.006187366 -0.080792792 0.057811700 0.006926279 0.998303533 4.029048920
0.998215973 0.013538053 -0.058151051 -0.201427042 -0.013883357 0.999888301 -0.005538132 -0.081553057 0.058069572 0.006335584 0.998292446 4.066301823
0.998229742 0.013772659 -0.057859637 -0.204058960 -0.014097423 0.999887109 -0.005208497 -0.082221225 0.057781372 0.006014948 0.998311102 4.103351116
0.998173535 0.013099232 -0.058973428 -0.205719888 -0.013429064 0.999896288 -0.005200020 -0.083089083 0.058899187 0.005982481 0.998246133 4.140770435
0.998219907 0.013801772 -0.058021102 -0.208972216 -0.014116539 0.999887764 -0.005018624 -0.083655447 0.057945330 0.005828748 0.998302758 4.177162647
0.998132885 0.013087664 -0.059660811 -0.210396841 -0.013373426 0.999900937 -0.004392997 -0.084660314 0.059597410 0.005182663 0.998209119 4.214199543
0.998019695 0.014374150 -0.061237007 -0.212495565 -0.014648603 0.999884546 -0.004035270 -0.085069053 0.061171927 0.004924315 0.998115242 4.250657082
0.997937918 0.014279596 -0.062577046 -0.214698359 -0.014552761 0.999886394 -0.003911631 -0.085389353 0.062514082 0.004814233 0.998032451 4.287129879
0.997787833 0.016535414 -0.064388670 -0.217057407 -0.016783942 0.999853611 -0.003320785 -0.085782751 0.064324327 0.004394134 0.997919381 4.323390007
0.997657359 0.017426528 -0.066152930 -0.219653025 -0.017694533 0.999837399 -0.003467455 -0.085870840 0.066081762 0.004629876 0.997803509 4.359231949
0.997459650 0.018431997 -0.068806827 -0.222075135 -0.018683938 0.999820828 -0.003019738 -0.086448789 0.068738841 0.004297649 0.997625351 4.395659924
0.997332692 0.018550748 -0.070593171 -0.224982142 -0.018725894 0.999822974 -0.001820035 -0.087637320 0.070546925 0.003137100 0.997503519 4.432301044
0.997111619 0.019853527 -0.073309757 -0.227642894 -0.020086922 0.999795198 -0.002447659 -0.087954655 0.073246159 0.003913157 0.997306168 4.467924118
0.996858954 0.020654572 -0.076458268 -0.230593294 -0.020906711 0.999778271 -0.002498691 -0.088898905 0.076389730 0.004089332 0.997069657 4.503752708
0.996554434 0.020157181 -0.080454454 -0.233475164 -0.020517733 0.999782860 -0.003657232 -0.089362532 0.080363251 0.005295373 0.996751547 4.539632320
0.996299982 0.019488022 -0.083704688 -0.236213803 -0.019902866 0.999793530 -0.004124419 -0.089973181 0.083607033 0.005775122 0.996482074 4.574912071
0.996090055 0.019904280 -0.086072713 -0.240004256 -0.020423008 0.999778271 -0.005150172 -0.090659626 0.085951112 0.006887899 0.996275544 4.610059261
0.995669663 0.019762492 -0.090836912 -0.242405877 -0.020406332 0.999772787 -0.006164509 -0.091206893 0.090694450 0.007991461 0.995846689 4.644627571
0.995434582 0.019035159 -0.093528405 -0.246525168 -0.019723058 0.999784768 -0.006436069 -0.091909938 0.093385771 0.008251350 0.995595813 4.677436352
0.995115221 0.018852927 -0.096903183 -0.250037819 -0.019593127 0.999785721 -0.006692551 -0.092469439 0.096756250 0.008558496 0.995271266 4.710688114
0.994807661 0.018313546 -0.100111283 -0.251889646 -0.019100130 0.999793708 -0.006904216 -0.093282491 0.099964194 0.008780507 0.994952202 4.739181042
0.994802415 0.016602296 -0.100461461 -0.255485296 -0.017367316 0.999826372 -0.006745259 -0.093945399 0.100332037 0.008454946 0.994917989 4.771948814
0.994758070 0.020432182 -0.100193866 -0.257665366 -0.021066820 0.999764144 -0.005280050 -0.095238268 0.100062355 0.007363140 0.994953811 4.795855999
0.994991124 0.022902485 -0.097304143 -0.260931283 -0.023408573 0.999717653 -0.004062566 -0.096774653 0.097183630 0.006319967 0.995246410 4.828404903
0.995482147 0.023041461 -0.092110202 -0.263082564 -0.023517501 0.999715030 -0.004085920 -0.097158320 0.091989815 0.006233663 0.995740473 4.855812550
0.996236265 0.025556849 -0.082825296 -0.266982377 -0.025869703 0.999661684 -0.002706124 -0.099545948 0.082728110 0.004838604 0.996560395 4.878006458
0.997162938 0.029556390 -0.069228113 -0.267118424 -0.029895112 0.999545574 -0.003861698 -0.097801059 0.069082499 0.005920324 0.997593403 4.911908150
0.998249710 0.033063553 -0.049033757 -0.267790735 -0.033290777 0.999438405 -0.003824368 -0.098242126 0.048879761 0.005450047 0.998789787 4.936758518
0.999106646 0.035042506 -0.023618311 -0.267081678 -0.035136260 0.999376237 -0.003566408 -0.098681502 0.023478594 0.004393082 0.999714673 4.963438988
0.999353647 0.034933306 0.008481462 -0.266741514 -0.034898907 0.999382079 -0.004170923 -0.098972343 -0.008621926 0.003872233 0.999955356 4.992125034
0.998414874 0.033327639 0.045351952 -0.263780773 -0.033094011 0.999434888 -0.005892699 -0.099199615 -0.045522716 0.004382481 0.998953819 5.015245438
0.995581269 0.032029178 0.088273026 -0.261230826 -0.031562280 0.999479353 -0.006680436 -0.100381240 -0.088441044 0.003864818 0.996073902 5.040005207
0.990317285 0.029506406 0.135650024 -0.256806374 -0.028668432 0.999555826 -0.008127206 -0.100388244 -0.135829613 0.004159639 0.990723491 5.062864780
0.982283235 0.026227271 0.185557649 -0.248246193 -0.024882795 0.999644578 -0.009571145 -0.101496562 -0.185742736 0.004784384 0.982586741 5.091459274
0.970607877 0.022767255 0.239587098 -0.241984248 -0.020921217 0.999728620 -0.010245880 -0.103613175 -0.239755377 0.004932278 0.970820844 5.111497879
0.955183089 0.019236272 0.295389742 -0.231859088 -0.016549796 0.999795914 -0.011592336 -0.103295952 -0.295552403 0.006184164 0.955306411 5.134853840
0.935733974 0.014322445 0.352415502 -0.218229413 -0.011181956 0.999877512 -0.010945478 -0.103502929 -0.352529079 0.006301361 0.935779572 5.159362316
0.912124932 0.011563034 0.409749091 -0.205455780 -0.008199542 0.999916792 -0.009964787 -0.103901766 -0.409830213 0.005729377 0.912143826 5.179323196
0.884124339 0.006145681 0.467211127 -0.191812515 -0.002983987 0.999967396 -0.007506811 -0.105040580 -0.467242002 0.005242801 0.884113908 5.197483540
0.852727354 0.002084997 0.522352159 -0.176279545 0.001287797 0.999980569 -0.006093774 -0.106140830 -0.522354722 0.005869012 0.852708101 5.217586994
0.817219019 0.003236614 0.576318145 -0.159556389 0.001600547 0.999967635 -0.007885412 -0.105847642 -0.576324999 0.007366533 0.817187428 5.235811710
0.777331591 0.005853464 0.629063785 -0.142274380 -0.000482532 0.999961913 -0.008708425 -0.106652603 -0.629090786 0.006465790 0.777304888 5.252476215
0.733072102 0.009486983 0.680084765 -0.124000549 -0.005101543 0.999951303 -0.008450009 -0.106667131 -0.680131793 0.002724984 0.733084857 5.268362999
0.684887886 0.009853812 0.728581846 -0.103173733 -0.007475047 0.999950945 -0.006497225 -0.107680291 -0.728610158 -0.000996313 0.684927940 5.284097195
0.632948339 0.008986481 0.774141908 -0.081194878 -0.006107105 0.999959469 -0.006614595 -0.107563242 -0.774169981 -0.000541070 0.632977486 5.297335148
0.576911986 0.007252116 0.816774130 -0.059814692 -0.004496330 0.999973655 -0.005702847 -0.108337350 -0.816793799 -0.000382446 0.576929510 5.309134483
0.517210007 0.009274314 0.855808258 -0.035568714 -0.008815154 0.999945998 -0.005508859 -0.109062046 -0.855813146 -0.004694843 0.517263830 5.320844173
0.454976678 0.011660113 0.890426993 -0.015225649 -0.011274461 0.999909520 -0.007332933 -0.109106265 -0.890432000 -0.006702771 0.455067039 5.330011845
0.398053139 0.010220572 0.917305470 0.013193369 -0.008656288 0.999935269 -0.007384942 -0.109423369 -0.917321444 -0.005000862 0.398115873 5.338184357
0.345015824 0.008797755 0.938555658 0.038911462 -0.002860626 0.999961257 -0.008321780 -0.110174455 -0.938592494 0.000186289 0.345027655 5.343231201
0.295102566 0.008472216 0.955428064 0.064138412 0.001085025 0.999957025 -0.009202207 -0.110689230 -0.955464959 0.003752258 0.295080751 5.348212719
0.250170380 0.009429103 0.968155921 0.091145158 0.002715576 0.999941826 -0.010440375 -0.111090891 -0.968197942 0.005240974 0.250130236 5.352370739
0.209106684 0.009872944 0.977843046 0.117483974 0.003386607 0.999935687 -0.010820215 -0.111240864 -0.977887034 0.005574149 0.209059805 5.356570721
0.173367590 0.009879963 0.984807730 0.144798696 0.004731548 0.999929786 -0.010864628 -0.112097412 -0.984845757 0.006543241 0.173308700 5.358714581
0.141028494 0.010386538 0.989951074 0.171915054 0.007164080 0.999908090 -0.011511603 -0.112730138 -0.989979625 0.008715552 0.140941128 5.360935688
0.112487517 0.011753355 0.993583620 0.200358331 0.008618357 0.999880850 -0.012803567 -0.112837724 -0.993615687 0.010003299 0.112372816 5.362751961
0.087520003 0.012457451 0.996084869 0.228383213 0.009702310 0.999863684 -0.013357194 -0.113405071 -0.996115446 0.010833343 0.087387219 5.363801956
0.065388694 0.013169629 0.997772932 0.257581532 0.010499896 0.999848485 -0.013885129 -0.113796808 -0.997804642 0.011384442 0.065240487 5.364931583
0.046457488 0.013710753 0.998826146 0.286729693 0.012712287 0.999816656 -0.014315625 -0.114602104 -0.998839438 0.013362431 0.046274673 5.365204811
0.030212091 0.015981045 0.999415755 0.317371130 0.015498880 0.999744475 -0.016454823 -0.114947468 -0.999423325 0.015986957 0.029956684 5.365014553
0.016990775 0.017631331 0.999700248 0.348521769 0.016787738 0.999698520 -0.017916624 -0.115375482 -0.999714673 0.017087124 0.016689666 5.364451408
0.006848158 0.018005483 0.999814451 0.380171657 0.018084593 0.999672115 -0.018126789 -0.115994707 -0.999813139 0.018205374 0.006520290 5.364126682
0.000168749 0.017844627 0.999840796 0.413047224 0.018758697 0.999664843 -0.017844649 -0.116846934 -0.999824047 0.018758722 -0.000166051 5.363938332
-0.004364232 0.018056845 0.999827385 0.446790487 0.019556584 0.999647260 -0.017968226 -0.117464527 -0.999799252 0.019474791 -0.004715823 5.363468647
-0.007030490 0.018643249 0.999801517 0.480245501 0.019101882 0.999646187 -0.018506028 -0.117677979 -0.999792874 0.018967982 -0.007384124 5.363324642
-0.008063061 0.017285049 0.999818206 0.516179085 0.018533345 0.999681413 -0.017133227 -0.118971527 -0.999795735 0.018391823 -0.008380843 5.362803936
-0.006355954 0.016048031 0.999850988 0.551733077 0.018188477 0.999707699 -0.015930109 -0.119969271 -0.999814391 0.018084511 -0.006645986 5.362442017
-0.004022508 0.015793251 0.999867201 0.589269340 0.018268222 0.999709606 -0.015717264 -0.120495833 -0.999825001 0.018202569 -0.004309854 5.361914158
-0.001273378 0.015739700 0.999875307 0.627484620 0.017017568 0.999731719 -0.015715765 -0.120776504 -0.999854326 0.016995434 -0.001540887 5.362470150
0.001412435 0.015411241 0.999880254 0.665525496 0.017527713 0.999727249 -0.015433645 -0.121445447 -0.999845326 0.017547414 0.001141925 5.363091946
0.005747745 0.014956325 0.999871552 0.706819117 0.016629046 0.999748468 -0.015050076 -0.122566827 -0.999845147 0.016713418 0.005497589 5.362866402
0.009776671 0.013760772 0.999857426 0.748186171 0.017479653 0.999750197 -0.013930211 -0.122719027 -0.999799371 0.017613355 0.009533695 5.363033772
0.014711242 0.012619405 0.999812067 0.789170086 0.017208610 0.999769092 -0.012872068 -0.123721026 -0.999743640 0.017394744 0.014490683 5.363635063
0.019518692 0.011204588 0.999746680 0.830974042 0.018142086 0.999768615 -0.011559031 -0.124984093 -0.999644876 0.018363111 0.019310905 5.364219666
0.024200082 0.010157098 0.999655426 0.873687387 0.018164821 0.999778867 -0.010598090 -0.125242561 -0.999542117 0.018415041 0.024010224 5.365200996
0.028717913 0.009127511 0.999545813 0.916525722 0.020555682 0.999741435 -0.009719880 -0.126149744 -0.999376178 0.020825483 0.028522864 5.366242886
0.033445653 0.008220800 0.999406695 0.959442973 0.020862937 0.999742508 -0.008921752 -0.126469731 -0.999222696 0.021148954 0.033265531 5.367741108
0.038373977 0.006798687 0.999240339 1.003267288 0.020322274 0.999764740 -0.007582696 -0.127011344 -0.999056756 0.020597817 0.038226791 5.369277000
0.042503946 0.006138737 0.999077439 1.047444224 0.020752229 0.999760032 -0.007025796 -0.128204554 -0.998880684 0.021031708 0.042366352 5.371516228
0.047329564 0.005899772 0.998861969 1.092373729 0.021392265 0.999747217 -0.006918642 -0.128963858 -0.998650193 0.021695379 0.047191389 5.372894764
0.047247093 0.006265797 0.998863518 1.134680271 0.019793982 0.999778092 -0.007207805 -0.129659027 -0.998687088 0.020112040 0.047112588 5.375189781
0.047253642 0.006918257 0.998858988 1.181066751 0.018674359 0.999795139 -0.007808181 -0.130459964 -0.998708308 0.019022020 0.047114763 5.377099991
0.046025012 0.007887449 0.998909116 1.224835157 0.019660933 0.999767959 -0.008800115 -0.130876362 -0.998746812 0.020044507 0.045859255 5.379494667
0.045527454 0.008392517 0.998927832 1.270178080 0.020102063 0.999754488 -0.009315641 -0.131498322 -0.998760819 0.020504626 0.045347564 5.381356716
0.044757437 0.009063440 0.998956740 1.315759778 0.022843992 0.999688089 -0.010093584 -0.132081032 -0.998736620 0.023271922 0.044536427 5.383270741
0.044703975 0.007685336 0.998970747 1.361871600 0.023176473 0.999693334 -0.008728043 -0.133290216 -0.998731375 0.023542797 0.044512145 5.383818150
0.043726925 0.007611410 0.999014437 1.408362389 0.023280492 0.999691725 -0.008635557 -0.133698732 -0.998772323 0.023635156 0.043536242 5.386893749
0.043071181 0.006713683 0.999049366 1.456861854 0.023877762 0.999684870 -0.007747374 -0.135023966 -0.998786628 0.024188753 0.042897295 5.388309479
0.043464236 0.007484132 0.999026954 1.503748775 0.024688620 0.999658525 -0.008562983 -0.135364011 -0.998749912 0.025036780 0.043264627 5.389127731
0.042744402 0.008047013 0.999053657 1.550765991 0.024849327 0.999649644 -0.009114989 -0.136769414 -0.998776972 0.025215430 0.042529471 5.391726017
0.043252308 0.010171083 0.999012470 1.597572446 0.024522100 0.999636173 -0.011239118 -0.137409911 -0.998763204 0.024984002 0.042987149 5.393256187
0.043525759 0.010630611 0.998995721 1.644865036 0.026695257 0.999573886 -0.011799863 -0.138490647 -0.998695612 0.027182048 0.043223429 5.395847321
0.044200566 0.010552820 0.998966932 1.688669801 0.027874144 0.999541879 -0.011792223 -0.139958113 -0.998633683 0.028366573 0.043886170 5.396740437
0.044348262 0.009641838 0.998969615 1.734475970 0.028753333 0.999526858 -0.010923693 -0.140618876 -0.998602271 0.029208152 0.044050045 5.397838116
0.044901811 0.007074461 0.998966277 1.781848788 0.028199900 0.999567449 -0.008346256 -0.141149029 -0.998593450 0.028545514 0.044682890 5.400455475
0.045165073 0.005702066 0.998963237 1.826501131 0.027827298 0.999588430 -0.006963763 -0.142480031 -0.998591900 0.028112968 0.044987824 5.402692318
0.046544936 0.006267314 0.998896539 1.871012568 0.027657395 0.999588847 -0.007560392 -0.142290056 -0.998533309 0.027978774 0.046352465 5.404333591
0.046141949 0.006580560 0.998913229 1.921202302 0.028012022 0.999576509 -0.007878865 -0.143564060 -0.998542070 0.028345127 0.045938075 5.406146049
0.044880699 0.007847417 0.998961568 1.966206908 0.025985027 0.999621570 -0.009020042 -0.144091904 -0.998654425 0.026362868 0.044659797 5.407557011
0.042293333 0.007897939 0.999073982 2.013940811 0.024002824 0.999672115 -0.008918766 -0.145386666 -0.998816967 0.024357796 0.042089891 5.410087585
0.039484330 0.007417010 0.999192655 2.059222460 0.022772733 0.999706089 -0.008320716 -0.146908849 -0.998960674 0.023082886 0.039303813 5.412814140
0.038801637 0.007388490 0.999219537 2.102323771 0.022185411 0.999719739 -0.008253691 -0.147489920 -0.999000669 0.022488354 0.038626846 5.412916183
0.035943393 0.007474859 0.999325871 2.152969122 0.022171732 0.999719858 -0.008275271 -0.148285940 -0.999107957 0.022454226 0.035767592 5.414965153
0.033788133 0.007302596 0.999402344 2.199484587 0.022016309 0.999725163 -0.008049289 -0.149329811 -0.999186456 0.022275120 0.033618074 5.417140484
0.031791069 0.006974785 0.999470234 2.246027946 0.020479493 0.999761105 -0.007628225 -0.150588244 -0.999284744 0.020711152 0.031640638 5.419761658
0.031077243 0.007106964 0.999491692 2.292149067 0.020792985 0.999753714 -0.007755342 -0.151267618 -0.999300659 0.021023432 0.030921808 5.419230461
0.029799558 0.007109240 0.999530613 2.337884903 0.022559211 0.999715209 -0.007783123 -0.151696309 -0.999301314 0.022780554 0.029630689 5.420358658
0.029672217 0.006750305 0.999536812 2.383605242 0.022818815 0.999712050 -0.007428886 -0.152479738 -0.999299169 0.023028679 0.029509641 5.422556400
0.030698067 0.005979564 0.999510825 2.431278706 0.022937641 0.999714553 -0.006685269 -0.153362319 -0.999265432 0.023131642 0.030552141 5.421661854
0.031022135 0.006816692 0.999495447 2.477615356 0.023298061 0.999700129 -0.007541209 -0.153992444 -0.999247074 0.023520252 0.030854018 5.423070908
0.031057520 0.007261829 0.999491155 2.523728371 0.022937406 0.999705076 -0.007976125 -0.154285893 -0.999254346 0.023173453 0.030881787 5.424479008
0.031650160 0.007185669 0.999473155 2.569987535 0.023457730 0.999693394 -0.007930085 -0.155753687 -0.999223709 0.023696361 0.031471889 5.425262451
0.031778306 0.006582092 0.999473274 2.615489244 0.023240127 0.999703050 -0.007322526 -0.156915367 -0.999224663 0.023460586 0.031615902 5.426913738
0.032167133 0.006132418 0.999463737 2.662086964 0.022779739 0.999716878 -0.006867125 -0.158150896 -0.999222815 0.022988416 0.032018330 5.429095268
0.032525059 0.006101397 0.999452412 2.709667444 0.022887651 0.999714553 -0.006847829 -0.158432886 -0.999208808 0.023097843 0.032376125 5.428915501
0.032598171 0.006881383 0.999444902 2.756579876 0.022146430 0.999725759 -0.007605652 -0.158639103 -0.999223113 0.022382068 0.032436840 5.429916859
0.031591505 0.006247363 0.999481320 2.803489447 0.020816423 0.999759436 -0.006907064 -0.159929737 -0.999284029 0.021023830 0.031453855 5.432844639
0.030885655 0.006391087 0.999502540 2.848914623 0.020567520 0.999763787 -0.007028315 -0.161030114 -0.999311268 0.020774361 0.030746914 5.433691978
0.030486044 0.007074572 0.999510169 2.896307468 0.020671180 0.999756634 -0.007706807 -0.160671845 -0.999321342 0.020896006 0.030332383 5.434599876
0.028943244 0.006796129 0.999558032 2.941911221 0.020950580 0.999753118 -0.007404101 -0.161598682 -0.999361455 0.021155616 0.028793717 5.437984943
0.029259210 0.007424458 0.999544322 2.989722013 0.021673812 0.999732673 -0.008060304 -0.162222713 -0.999336779 0.021899773 0.029090466 5.436804771
0.028463654 0.007575898 0.999566138 3.036126852 0.021464992 0.999736071 -0.008188425 -0.162975028 -0.999364316 0.021688756 0.028293526 5.437499046
0.027896283 0.008658763 0.999573410 3.082679749 0.020792982 0.999741077 -0.009240511 -0.163454384 -0.999394536 0.021041883 0.027709024 5.438632965
0.027268657 0.008821825 0.999589205 3.129743338 0.020466132 0.999746501 -0.009381526 -0.164284557 -0.999418616 0.020713545 0.027081193 5.440094948
0.027256150 0.007762119 0.999598324 3.177412987 0.020654684 0.999751925 -0.008326506 -0.165737838 -0.999415100 0.020873338 0.027089065 5.440994740
0.026480356 0.007657534 0.999620020 3.223987103 0.020381734 0.999758661 -0.008198517 -0.166637331 -0.999441624 0.020591086 0.026317889 5.443059921
0.026394367 0.007356945 0.999624550 3.270955086 0.019540794 0.999778092 -0.007874036 -0.168260574 -0.999460578 0.019741286 0.026244754 5.444471836
0.026249563 0.007532750 0.999626994 3.317384005 0.018099790 0.999804080 -0.008009373 -0.168256477 -0.999491572 0.018303283 0.026108079 5.444825172
0.025883354 0.007817741 0.999634445 3.364265203 0.017216623 0.999817669 -0.008264961 -0.169146836 -0.999516726 0.017424256 0.025744040 5.445896149
0.025264628 0.008042322 0.999648392 3.410745144 0.017135901 0.999817252 -0.008476765 -0.169889554 -0.999533892 0.017344039 0.025122194 5.447299957
0.025195524 0.008249848 0.999648392 3.457115173 0.017266707 0.999813199 -0.008686405 -0.170764714 -0.999533415 0.017479494 0.025048366 5.447729588
0.024983132 0.007741952 0.999657810 3.502584219 0.017219661 0.999818444 -0.008173543 -0.171941236 -0.999539495 0.017417975 0.024845274 5.449325085
0.024646848 0.007495040 0.999668062 3.549866915 0.015103666 0.999854922 -0.007868824 -0.172626212 -0.999582052 0.015292595 0.024530070 5.450654984
0.024313735 0.007062726 0.999679387 3.594250441 0.016020438 0.999843895 -0.007453529 -0.172953635 -0.999575913 0.016196528 0.024196792 5.450943947
0.024486452 0.006522960 0.999678910 3.640362263 0.016825287 0.999834478 -0.006936098 -0.174456328 -0.999558568 0.016989725 0.024372643 5.452220917
0.024479102 0.005879804 0.999683022 3.688238621 0.018907193 0.999801099 -0.006343476 -0.175604209 -0.999521494 0.019056482 0.024363065 5.453425407
0.024867281 0.006465806 0.999669909 3.734030485 0.018669339 0.999801695 -0.006931068 -0.176274776 -0.999516428 0.018835530 0.024741642 5.453862190
0.024172889 0.006599884 0.999685943 3.779148817 0.018630918 0.999801517 -0.007051151 -0.177169740 -0.999534190 0.018795513 0.024045132 5.456125259
