1.000000000 0.000000000 0.000000000 0.000000000 0.000000000 1.000000000 0.000000000 0.000000000 0.000000000 0.000000000 1.000000000 0.000000000
0.999993563 -0.002130633 0.002883267 0.000509882 0.002116645 0.999985993 0.004845350 -0.000449771 -0.002893550 -0.004839216 0.999984026 0.051066108
0.999961138 -0.006185417 0.006284438 0.001508410 0.006178360 0.999980271 0.001141667 -0.000830638 -0.006291375 -0.001102795 0.999979615 0.101343684
0.999953866 -0.005153678 0.008103494 0.003302696 0.005203682 0.999967456 -0.006161742 -0.001263717 -0.008071475 0.006203626 0.999948204 0.155048102
0.999912262 0.002413401 0.013023086 0.002453753 -0.002265090 0.999932528 -0.011391097 -0.000932854 -0.013049702 0.011360599 0.999850333 0.205361575
0.999880195 -0.001519708 0.015403627 0.003753229 0.001669660 0.999951303 -0.009726679 -0.001360474 -0.015388097 0.009751231 0.999834001 0.258607239
0.999790132 -0.011426776 0.017003855 0.005931410 0.011508531 0.999922574 -0.004717836 -0.002486504 -0.016948631 0.004912536 0.999844253 0.312170953
0.999662399 -0.017839339 0.018889515 0.007820614 0.017890880 0.999836683 -0.002562820 -0.003231162 -0.018840715 0.002899905 0.999818206 0.365553081
0.999640644 -0.017830607 0.020013373 0.008882016 0.017847510 0.999840558 -0.000666203 -0.003236438 -0.019998303 0.001023153 0.999799430 0.420650423
0.999720097 -0.012958389 0.019794477 0.009902060 0.012832350 0.999896646 0.006481215 -0.003893794 -0.019876420 -0.006225390 0.999783039 0.473247647
0.999706984 -0.013098617 0.020357382 0.011043836 0.012874972 0.999855757 0.011078435 -0.004336021 -0.020499561 -0.010813088 0.999731362 0.527257919
0.999719083 -0.012267860 0.020283338 0.012589203 0.012130387 0.999902666 0.006886835 -0.004470035 -0.020365853 -0.006638856 0.999770463 0.581666708
0.999710560 -0.010212480 0.021784279 0.013387868 0.010243054 0.999946713 -0.001292276 -0.004952655 -0.021769920 0.001515040 0.999761879 0.633885086
0.999717414 -0.009081549 0.021967698 0.014766841 0.009208755 0.999941409 -0.005696412 -0.004407076 -0.021914674 0.005897097 0.999742448 0.687879682
0.999726593 -0.006052704 0.022586033 0.015433803 0.005993892 0.999978483 0.002670706 -0.005166489 -0.022601707 -0.002534597 0.999741316 0.742743433
0.999670982 -0.008930858 0.024046117 0.017191820 0.008643643 0.999890387 0.012021905 -0.005677689 -0.024150847 -0.011810103 0.999638557 0.798969924
0.999589503 -0.012569301 0.025746081 0.019265216 0.012237413 0.999840438 0.013008188 -0.005783095 -0.025905475 -0.012687781 0.999583900 0.852093041
0.999460161 -0.014484052 0.029490270 0.020686628 0.014352931 0.999886155 0.004653054 -0.006210285 -0.029554306 -0.004227270 0.999554276 0.907263577
0.999409854 -0.013809681 0.031450529 0.022810793 0.013911299 0.999898612 -0.003014541 -0.005904233 -0.031405710 0.003450279 0.999500692 0.959788620
0.999325454 -0.012842911 0.034402642 0.024032209 0.013072887 0.999893606 -0.006468291 -0.006554483 -0.034315914 0.006913670 0.999387085 1.014653325
0.999178231 -0.016703339 0.036934260 0.027095638 0.016903384 0.999843955 -0.005110502 -0.006977460 -0.036843140 0.005730615 0.999304652 1.068098068
0.999096334 -0.015416211 0.039609555 0.029698366 0.015527125 0.999876261 -0.002494068 -0.007720372 -0.039566208 0.003106836 0.999212086 1.122670650
0.999021828 -0.012792533 0.042326506 0.031752482 0.012667017 0.999914527 0.003232303 -0.008503024 -0.042364232 -0.002692991 0.999098659 1.177262187
0.998918176 -0.010647278 0.045267005 0.034079112 0.010149394 0.999885619 0.011214508 -0.008555765 -0.045381241 -0.010742944 0.998911917 1.231255412
0.998790979 -0.010034162 0.048122641 0.036004025 0.009225177 0.999812841 0.017003652 -0.008341141 -0.048284251 -0.016539155 0.998696625 1.286137819
0.998680532 -0.010875382 0.050189786 0.039515309 0.010081871 0.999820590 0.016036382 -0.008503832 -0.050355189 -0.015509213 0.998610914 1.339012623
0.998556554 -0.010113277 0.052749902 0.042334791 0.009638217 0.999910712 0.009252512 -0.008183356 -0.052838765 -0.008730740 0.998564899 1.390596747
0.998506606 -0.009116063 0.053865075 0.045759246 0.009113715 0.999958396 0.000289203 -0.008714301 -0.053865470 0.000202141 0.998548210 1.442371011
0.998366654 -0.006479687 0.056762747 0.048263673 0.006582489 0.999976933 -0.001624307 -0.008954881 -0.056750916 0.001995295 0.998386443 1.495701790
0.998221457 -0.005090242 0.059395891 0.051779903 0.004937975 0.999984086 0.002710079 -0.008997307 -0.059408739 -0.002411964 0.998230815 1.547278523
0.998054802 -0.002231997 0.062300395 0.054797646 0.001623451 0.999950409 0.009816824 -0.009172535 -0.062319212 -0.009696588 0.998009205 1.600549579
0.997779191 0.002904322 0.066544250 0.057325412 -0.003796148 0.999904573 0.013279480 -0.009143153 -0.066499330 -0.013502602 0.997695029 1.653008580
0.997484624 0.007006078 0.070536286 0.061191902 -0.007835760 0.999903202 0.011492645 -0.009485316 -0.070448965 -0.012016442 0.997442961 1.703944564
0.997174323 0.009558261 0.074511841 0.064838976 -0.009993188 0.999935031 0.005466349 -0.009859364 -0.074454769 -0.006195514 0.997205138 1.755164504
0.996767998 0.007103038 0.080019265 0.068101540 -0.006785642 0.999967933 -0.004237749 -0.010296050 -0.080046803 0.003681070 0.996784210 1.804944873
0.996363640 0.005121058 0.085047618 0.074096389 -0.004391823 0.999951959 -0.008759305 -0.010870150 -0.085088372 0.008353939 0.996338367 1.856072307
0.995737314 0.002771969 0.092192031 0.078624435 -0.002431213 0.999989748 -0.003808263 -0.010913135 -0.092201628 0.003567891 0.995733917 1.907363653
0.994995773 -0.000859277 0.099913321 0.083919607 0.000063300 0.999968290 0.007969573 -0.011560204 -0.099917009 -0.007923367 0.994964182 1.958077669
0.994179308 -0.003900697 0.107667491 0.090993822 0.002365450 0.999893785 0.014383182 -0.012552045 -0.107712165 -0.014044781 0.994082928 2.008724928
0.993150353 -0.008589297 0.116526954 0.097728312 0.007306954 0.999908030 0.011427417 -0.012242669 -0.116614372 -0.010497686 0.993121743 2.057680130
0.992072344 -0.009323863 0.125322148 0.104284629 0.008934844 0.999953449 0.003665890 -0.012306067 -0.125350505 -0.002517095 0.992109299 2.107150555
0.990907729 -0.011397763 0.134059757 0.111190498 0.011557225 0.999933124 -0.000411329 -0.014093766 -0.134046078 0.001956948 0.990973175 2.155310154
0.989714622 -0.014184703 0.142350450 0.118274167 0.014366793 0.999896765 -0.000251404 -0.014591493 -0.142332166 0.002293938 0.989816308 2.202448845
0.988463640 -0.020731289 0.150032401 0.126111984 0.020717219 0.999784052 0.001656922 -0.013491943 -0.150034323 0.001470448 0.988679767 2.250550985
0.987559259 -0.024214815 0.155372545 0.135168135 0.023713589 0.999705911 0.005078936 -0.014782762 -0.155449808 -0.001331311 0.987842917 2.300409555
0.986505210 -0.030004673 0.160957426 0.141442046 0.029268976 0.999547541 0.006940362 -0.015326809 -0.161092803 -0.002135645 0.986937046 2.345225096
0.986342251 -0.031594057 0.161650255 0.151781276 0.031251710 0.999500811 0.004660675 -0.015615003 -0.161716804 0.000454826 0.986837029 2.391748190
0.986198545 -0.033738915 0.162093669 0.159103930 0.033835601 0.999425113 0.002164872 -0.015075527 -0.162073538 0.003349542 0.986772954 2.436468840
0.986376822 -0.035783224 0.160562485 0.166763008 0.036122072 0.999347091 0.000808967 -0.016142152 -0.160486579 0.005001903 0.987025321 2.481809855
0.986859798 -0.036019381 0.157512859 0.174057826 0.036255337 0.999341607 0.001376007 -0.016825596 -0.157458693 0.004352755 0.987515926 2.525624514
0.987384439 -0.038078539 0.153694481 0.181161642 0.037998524 0.999271870 0.003459223 -0.017207861 -0.153714284 0.002424580 0.988112330 2.569884777
0.988454163 -0.035326730 0.147344530 0.188575298 0.035271458 0.999373257 0.002988732 -0.017278461 -0.147357777 0.002242831 0.989080727 2.612103701
0.989192903 -0.036950238 0.141888350 0.193865031 0.036900070 0.999314487 0.002985612 -0.017841669 -0.141901389 0.002282344 0.989878178 2.656004906
0.990219593 -0.037027989 0.134514019 0.199559271 0.036894687 0.999313116 0.003484434 -0.017719403 -0.134550631 0.001512498 0.990905583 2.699235201
0.991060972 -0.043522343 0.126110375 0.206107259 0.043198846 0.999052405 0.005300183 -0.018062208 -0.126221538 0.000195018 0.992002070 2.742232084
0.991879821 -0.046616275 0.118327200 0.211140066 0.045697130 0.998900473 0.010470603 -0.018387273 -0.118685193 -0.004978367 0.992919385 2.784980536
0.992631793 -0.049052846 0.110797122 0.216038615 0.047683831 0.998750210 0.014973835 -0.018249471 -0.111393161 -0.009580274 0.993730187 2.828367949
0.993522763 -0.050092854 0.101995699 0.220734864 0.048565786 0.998668432 0.017402086 -0.018952962 -0.102731608 -0.012335869 0.994632542 2.870984554
0.994171798 -0.052176163 0.094340160 0.224867284 0.051019918 0.998590589 0.014628400 -0.018527310 -0.094970435 -0.009729917 0.995432496 2.912904263
0.994902134 -0.052514039 0.086093590 0.228649423 0.051848888 0.998605371 0.009945404 -0.018587686 -0.086495809 -0.005430846 0.996237397 2.954915762
0.995595157 -0.052427668 0.077727653 0.231422916 0.052260216 0.998624682 0.004188270 -0.018752933 -0.077840343 -0.000107760 0.996965885 2.996837378
0.996524096 -0.049682189 0.066868164 0.235066339 0.049787559 0.998759747 0.000090846 -0.018781001 -0.066789746 0.003238673 0.997761786 3.038138628
0.997299492 -0.046208739 0.057081915 0.236597911 0.046496749 0.998911440 -0.003727241 -0.018635714 -0.056847543 0.006371300 0.998362422 3.080182076
0.997912288 -0.043805268 0.047457419 0.238275707 0.044088032 0.999015510 -0.004927488 -0.019743748 -0.047194846 0.007009505 0.998861134 3.123080015
0.998463273 -0.040641297 0.037673883 0.239630729 0.040854644 0.999153078 -0.004910220 -0.020318829 -0.037442416 0.006441827 0.999278069 3.166046381
0.998957932 -0.035589252 0.028574776 0.240242049 0.035731863 0.999351382 -0.004495624 -0.020926084 -0.028396245 0.005511968 0.999581456 3.209760427
0.999267280 -0.032611690 0.020031793 0.240929872 0.032721207 0.999451160 -0.005163992 -0.021254769 -0.019852391 0.005815675 0.999786019 3.252769947
0.999442875 -0.031164020 0.011947098 0.241510749 0.031226411 0.999499500 -0.005072217 -0.021784814 -0.011783049 0.005442457 0.999915779 3.296850443
0.999625742 -0.026925787 0.004819071 0.241323411 0.026947470 0.999626696 -0.004493090 -0.021885596 -0.004696292 0.004621271 0.999978304 3.340598822
0.999670327 -0.025668997 -0.000501751 0.240018845 0.025666399 0.999659717 -0.004636895 -0.022619413 0.000620604 0.004622487 0.999989092 3.383739948
0.999669552 -0.024829881 -0.006657470 0.240286812 0.024803191 0.999684095 -0.004061957 -0.023102593 0.006756224 0.003895488 0.999969542 3.429430246
0.999566078 -0.027009543 -0.011758627 0.240040720 0.026971903 0.999630570 -0.003348008 -0.023623917 0.011844710 0.003029402 0.999925196 3.474404812
0.999579251 -0.024576750 -0.015405036 0.238943964 0.024565686 0.999697924 -0.000906761 -0.023780541 0.015422670 0.000527945 0.999880850 3.518970490
0.999536633 -0.023993123 -0.018732468 0.237930506 0.024017777 0.999710917 0.001092205 -0.024404239 0.018700849 -0.001541611 0.999823868 3.563572168
0.999417782 -0.025658630 -0.022489242 0.237253293 0.025702678 0.999668241 0.001671574 -0.024647333 0.022438891 -0.002248635 0.999745607 3.609221697
0.999246657 -0.028964285 -0.025829973 0.236688554 0.028973551 0.999580204 -0.000015527 -0.025079710 0.025819574 -0.000732871 0.999666274 3.655237198
0.999098659 -0.031642083 -0.028295530 0.235440075 0.031634405 0.999499261 -0.000719092 -0.025525769 0.028304115 -0.000176668 0.999599338 3.699558258
0.999041855 -0.030519279 -0.031369150 0.234215423 0.030482166 0.999533892 -0.001660952 -0.025625966 0.031405222 0.000703161 0.999506533 3.745359421
0.998984873 -0.030348692 -0.033289470 0.232569277 0.030347405 0.999539196 -0.000544132 -0.026034115 0.033290647 -0.000466669 0.999445617 3.791349173
0.998872638 -0.031143295 -0.035824593 0.231553167 0.031183591 0.999513507 0.000566567 -0.026549434 0.035789527 -0.001683068 0.999357879 3.837223530
0.998813033 -0.031339332 -0.037287541 0.229959100 0.031400546 0.999506414 0.001057101 -0.026973201 0.037235998 -0.002226696 0.999303937 3.882654190
0.998829246 -0.029968198 -0.037972547 0.227831885 0.030030098 0.999548495 0.001060635 -0.027768862 0.037923612 -0.002199713 0.999278188 3.927411318
0.998890400 -0.027940657 -0.037913203 0.226411656 0.027974280 0.999608576 0.000356507 -0.028506564 0.037888404 -0.001416706 0.999280870 3.973364830
0.998983502 -0.026221838 -0.036666062 0.224863455 0.026173372 0.999655783 -0.001801391 -0.028604548 0.036700681 0.000839886 0.999325931 4.017865658
0.999058902 -0.026372323 -0.034435529 0.223233923 0.026229812 0.999645352 -0.004583908 -0.029234726 0.034544203 0.003676357 0.999396443 4.062614441
0.999233305 -0.023597002 -0.031240946 0.222046599 0.023391539 0.999702394 -0.006926113 -0.030051628 0.031395085 0.006190029 0.999487877 4.106082439
0.999425888 -0.021142414 -0.026472932 0.220439494 0.020926431 0.999745548 -0.008409346 -0.030757558 0.026643991 0.007850534 0.999614179 4.150109291
0.999549747 -0.020506520 -0.021906110 0.219541341 0.020346550 0.999764800 -0.007500659 -0.031681981 0.022054769 0.007051568 0.999731898 4.194050789
0.999615729 -0.021292819 -0.017747218 0.219562471 0.021185540 0.999756217 -0.006211138 -0.032448657 0.017875148 0.005832767 0.999823213 4.237884045
0.999743521 -0.019341700 -0.011775898 0.218135491 0.019300392 0.999807179 -0.003611072 -0.033303834 0.011843473 0.003382866 0.999924123 4.280775547
0.999800622 -0.018761748 -0.006824820 0.218990088 0.018747542 0.999821901 -0.002138949 -0.034106046 0.006863735 0.002010574 0.999974370 4.324760914
0.999810338 -0.019453943 -0.000831750 0.219328120 0.019452590 0.999809444 -0.001604775 -0.034793578 0.000862811 0.001588291 0.999998331 4.367755890
0.999814093 -0.018107476 0.006628752 0.219972968 0.018123461 0.999832928 -0.002358923 -0.035393480 -0.006584930 0.002478620 0.999975324 4.410319328
0.999731183 -0.018248012 0.014304771 0.220719874 0.018282574 0.999830246 -0.002289004 -0.035986263 -0.014260573 0.002549916 0.999895036 4.452179432
0.999585867 -0.018899705 0.021700218 0.221476942 0.018961029 0.999816775 -0.002623560 -0.036450952 -0.021646658 0.003033932 0.999760985 4.492748260
0.999378622 -0.022366425 0.027243350 0.224025130 0.022442386 0.999745071 -0.002485553 -0.037122056 -0.027180810 0.003095414 0.999625742 4.531009197
0.999164283 -0.023631133 0.033349428 0.226606488 0.023742486 0.999713778 -0.002946966 -0.037702411 -0.033270232 0.003736302 0.999439418 4.568919182
0.998928845 -0.024101287 0.039500356 0.228956029 0.024278836 0.999697149 -0.004021347 -0.038365513 -0.039391473 0.004976062 0.999211490 4.605763435
0.998694181 -0.022063723 0.046077959 0.230034441 0.022345446 0.999734581 -0.005607812 -0.039148346 -0.045942001 0.006630121 0.998922110 4.643223286
0.998445451 -0.025060998 0.049784150 0.232970729 0.025344700 0.999665916 -0.005075422 -0.039562926 -0.049640328 0.006329295 0.998747110 4.681400299
0.998256624 -0.026324969 0.052825723 0.235129640 0.026560633 0.999640226 -0.003764008 -0.039935336 -0.052707627 0.005160531 0.998596668 4.718412876
0.998141229 -0.028538393 0.053846367 0.238250107 0.028690759 0.999586225 -0.002058640 -0.040704936 -0.053765342 0.003599707 0.998547077 4.755507469
0.998047292 -0.029273404 0.055178944 0.240431026 0.029426949 0.999564886 -0.001972039 -0.040977068 -0.055097211 0.003591936 0.998474538 4.791347504
0.998027325 -0.031509560 0.054300863 0.243830740 0.031769946 0.999487460 -0.003938514 -0.041059196 -0.054148927 0.005655880 0.998516858 4.828033447
0.998121023 -0.031715397 0.052427240 0.247215584 0.032030091 0.999473512 -0.005172849 -0.041428208 -0.052235577 0.006842378 0.998611391 4.863947392
0.998245478 -0.028439246 0.051936649 0.247620553 0.028697835 0.999579132 -0.004239825 -0.041557290 -0.051794223 0.005722855 0.998641372 4.898807526
0.998320401 -0.027899336 0.050774667 0.249262780 0.028131085 0.999596834 -0.003855120 -0.041472413 -0.050646644 0.005276991 0.998702645 4.934720993
0.998402596 -0.029685007 0.048072830 0.251172751 0.029878959 0.999548018 -0.003320796 -0.042687513 -0.047952525 0.004751858 0.998838246 4.969414234
0.998406470 -0.034104157 0.044960078 0.254087865 0.034278065 0.999407530 -0.003102636 -0.042830199 -0.044827629 0.004638837 0.998983920 5.004219055
0.998439670 -0.035891861 0.042778455 0.255665183 0.036021575 0.999348402 -0.002265071 -0.043243352 -0.042669281 0.003802485 0.999081969 5.038901806
0.998608768 -0.036076680 0.038458336 0.256476283 0.036216661 0.999339581 -0.002949144 -0.044095915 -0.038326547 0.004337874 0.999255776 5.073400021
0.998834550 -0.036324456 0.031784102 0.257907599 0.036430616 0.999332309 -0.002767229 -0.044369392 -0.031662364 0.003921918 0.999490857 5.106607914
0.998984516 -0.037999671 0.024206566 0.258747339 0.038030725 0.999276161 -0.000823875 -0.044869412 -0.024157735 0.001743632 0.999706626 5.140699387
0.999031782 -0.041480623 0.014655056 0.259174258 0.041476861 0.999139249 0.000560317 -0.045370575 -0.014665687 0.000048071 0.999892473 5.173431396
0.999045253 -0.043545805 0.003516711 0.259173065 0.043546870 0.999051332 -0.000225147 -0.046146974 -0.003503571 0.000378074 0.999993801 5.205075741
0.998991251 -0.043979000 -0.009075295 0.258664727 0.043972977 0.999032378 -0.000863386 -0.046398558 0.009104485 0.000463448 0.999958575 5.237638474
0.998900652 -0.042281352 -0.020239932 0.257349253 0.042274520 0.999105692 -0.000765103 -0.046717990 0.020254182 -0.000091371 0.999794841 5.270118237
0.998777449 -0.039250001 -0.030050810 0.255876243 0.039237089 0.999229372 -0.001019478 -0.047300972 0.030067673 -0.000160874 0.999547839 5.302017212
0.998626113 -0.036509171 -0.037588246 0.254046798 0.036486246 0.999333203 -0.001295762 -0.048041176 0.037610501 -0.000077473 0.999292493 5.334049702
0.998473823 -0.035482287 -0.042322781 0.252617538 0.035428837 0.999370158 -0.002012780 -0.048049163 0.042367555 0.000510262 0.999101937 5.365286350
0.998349667 -0.035910871 -0.044815842 0.251344234 0.035841394 0.999354720 -0.002353165 -0.048685677 0.044871435 0.000743019 0.998992503 5.397119522
0.998225152 -0.036141504 -0.047331225 0.249856174 0.036047786 0.999346018 -0.002832525 -0.049267743 0.047402646 0.001121312 0.998875201 5.428932190
0.998142004 -0.036735829 -0.048610818 0.248145163 0.036584418 0.999322534 -0.004000954 -0.049370356 0.048724867 0.002215122 0.998809695 5.459775925
0.998107791 -0.036603086 -0.049406961 0.246853292 0.036372058 0.999322891 -0.005567235 -0.049685959 0.049577277 0.003759667 0.998763204 5.491743565
0.998182118 -0.035621855 -0.048617363 0.245118707 0.035326485 0.999351859 -0.006921385 -0.049907990 0.048832409 0.005191322 0.998793423 5.524063587
0.998219132 -0.035539221 -0.047911905 0.245075941 0.035232943 0.999353051 -0.007222056 -0.050188717 0.048137583 0.005521117 0.998825371 5.555932522
0.998334467 -0.035740886 -0.045286402 0.242359251 0.035478927 0.999348760 -0.006575297 -0.050785057 0.045491923 0.004957634 0.998952329 5.589799404
0.998448312 -0.035881005 -0.042584196 0.241052523 0.035662699 0.999346614 -0.005875213 -0.051439278 0.042767178 0.004347429 0.999075592 5.623807430
0.998576462 -0.035703629 -0.039626654 0.240176186 0.035518724 0.999354661 -0.005360760 -0.051845431 0.039792482 0.003945641 0.999200106 5.658177853
0.998719811 -0.035307955 -0.036223933 0.238943830 0.035137273 0.999368250 -0.005337866 -0.052089468 0.036389511 0.004058223 0.999329448 5.693116665
0.998846054 -0.035501946 -0.032344446 0.238147870 0.035367534 0.999363184 -0.004718451 -0.052388906 0.032491364 0.003569063 0.999465644 5.730051517
0.999019682 -0.035053622 -0.027034316 0.236964718 0.034960959 0.999381125 -0.003892774 -0.053125389 0.027154043 0.002943813 0.999626875 5.766020775
0.999175727 -0.034453820 -0.021466009 0.236930698 0.034373384 0.999400616 -0.004105195 -0.053318437 0.021594582 0.003363952 0.999761224 5.803474426
0.999314427 -0.034131881 -0.014339188 0.236292154 0.034099877 0.999415278 -0.002470769 -0.053875476 0.014415136 0.001980111 0.999894142 5.840955734
0.999440074 -0.032662105 -0.007257462 0.236213163 0.032655388 0.999466121 -0.001042334 -0.054141592 0.007287633 0.000804755 0.999973118 5.879117489
0.999498129 -0.031673461 0.000354346 0.236605003 0.031673614 0.999498069 -0.000435027 -0.054332811 -0.000340391 0.000446032 0.999999821 5.916635990
0.999479592 -0.031173002 0.008285243 0.237050816 0.031165954 0.999513686 0.000978978 -0.054863181 -0.008311731 -0.000720252 0.999965191 5.954971313
0.999361575 -0.031285591 0.017247651 0.237679362 0.031249652 0.999508858 0.002349707 -0.055148594 -0.017312691 -0.001809224 0.999848545 5.992613792
0.999135077 -0.031954512 0.026608791 0.239798337 0.031890109 0.999487340 0.002841432 -0.054936334 -0.026685946 -0.001990417 0.999641895 6.029607773
0.998843193 -0.030463638 0.037203882 0.241733074 0.030302186 0.999528766 0.004895941 -0.055755250 -0.037335500 -0.003762919 0.999295831 6.067770481
0.998352587 -0.030834232 0.048387442 0.243813634 0.030542104 0.999510527 0.006765257 -0.055540320 -0.048572369 -0.005276257 0.998805761 6.104590893
0.997716069 -0.029351879 0.060837593 0.246456534 0.028792638 0.999534845 0.010048836 -0.056226347 -0.061104253 -0.008274211 0.998097003 6.140866280
0.996794760 -0.029087346 0.074525721 0.249832198 0.028342927 0.999537349 0.011027236 -0.056324646 -0.074812002 -0.008879616 0.997158110 6.175825596
0.995419502 -0.028493205 0.091258362 0.253573030 0.027632004 0.999561071 0.010686836 -0.056271948 -0.091522805 -0.008116235 0.995769918 6.210595608
0.993463159 -0.027819596 0.110711396 0.258795530 0.026760286 0.999580741 0.011042970 -0.056603029 -0.110972196 -0.008008116 0.993791223 6.245679379
0.990713060 -0.028742587 0.132896379 0.264011085 0.027445326 0.999556184 0.011583331 -0.056502029 -0.133170381 -0.007828371 0.991062343 6.279116154
0.987496495 -0.032173980 0.154322803 0.270796299 0.030643577 0.999454796 0.012286015 -0.056399480 -0.154633999 -0.007403392 0.987944126 6.313392639
0.983912528 -0.035965167 0.174993247 0.278490484 0.034040388 0.999322414 0.013989288 -0.056286901 -0.175377846 -0.007807394 0.984470308 6.347451687
0.979737818 -0.039288078 0.196392745 0.286144912 0.036820848 0.999190509 0.016199658 -0.056179091 -0.196870208 -0.008640071 0.980391502 6.380741596
0.975146651 -0.042331979 0.217478916 0.294300675 0.039447729 0.999066830 0.017588604 -0.055923916 -0.218020499 -0.008572417 0.975906670 6.414072990
0.970527232 -0.047164012 0.236331031 0.303665876 0.043951105 0.998855889 0.018847726 -0.055907808 -0.236949548 -0.007905221 0.971489787 6.447131157
0.966462672 -0.052899677 0.251299977 0.313495517 0.049488693 0.998576880 0.019878341 -0.055472851 -0.251993865 -0.006775168 0.967705131 6.479952335
0.963676214 -0.060104735 0.260222167 0.323015809 0.056725223 0.998179793 0.020484714 -0.054993048 -0.260979623 -0.004979470 0.965331435 6.511725426
0.962888420 -0.068363711 0.261098534 0.332800388 0.065077275 0.997654557 0.021222750 -0.054767609 -0.261936992 -0.003443560 0.965078771 6.543461800
0.963958621 -0.074507304 0.255406320 0.341798782 0.071318731 0.997216702 0.021736464 -0.054477915 -0.256314933 -0.002737802 0.966589451 6.574782372
0.966554284 -0.077233598 0.244556144 0.349928379 0.074391909 0.997011065 0.020849688 -0.053957686 -0.245435461 -0.001959353 0.969410956 6.605842113
0.970395565 -0.077969849 0.228589445 0.355982184 0.075427569 0.996953726 0.019851107 -0.053734690 -0.229440868 -0.002021484 0.973320544 6.636121750
0.975283146 -0.078683399 0.206474602 0.362479270 0.076580234 0.996897876 0.018171202 -0.053384177 -0.207263827 -0.001910191 0.978283167 6.666859150
0.980085850 -0.079307809 0.182049572 0.367349982 0.077546410 0.996847451 0.016784651 -0.053380556 -0.182806775 -0.002333104 0.983146071 6.696580887
0.984601200 -0.079330623 0.155779257 0.371376216 0.077988349 0.996845603 0.014719390 -0.053130008 -0.156455591 -0.002343764 0.987682164 6.726746082
0.988527656 -0.079859890 0.128200695 0.373794734 0.078697145 0.996798635 0.014117896 -0.053417005 -0.128917739 -0.003866902 0.991647661 6.755404472
0.992060781 -0.081017233 0.096186772 0.376027375 0.080117829 0.996698201 0.013182644 -0.053141661 -0.096937232 -0.005371707 0.995275974 6.785199165
0.994844258 -0.080281027 0.061966844 0.376260340 0.079750590 0.996754229 0.010990331 -0.053908408 -0.062648028 -0.005991775 0.998017669 6.811287403
0.996661663 -0.077785753 0.024798352 0.375026703 0.077610806 0.996952116 0.007942264 -0.054215506 -0.025340565 -0.005991130 0.999660909 6.839180946
0.997176528 -0.073952354 -0.013044756 0.372760892 0.074021406 0.997244656 0.004891075 -0.054478806 0.012647111 -0.005842857 0.999902904 6.868447781
0.996487916 -0.068209894 -0.048571363 0.370083123 0.068435930 0.997650981 0.003004318 -0.054721542 0.048252344 -0.006317793 0.998815119 6.894085884
0.994819403 -0.062366460 -0.080279313 0.366161406 0.062657997 0.998034477 0.001115157 -0.055158943 0.080051973 -0.006139522 0.996771753 6.922114849
0.992740989 -0.055629563 -0.106633276 0.361541867 0.055914272 0.998435497 -0.000320193 -0.055582494 0.106484264 -0.005644453 0.994298339 6.949337006
0.990367889 -0.049855590 -0.129173785 0.356148899 0.050185904 0.998739600 -0.000698695 -0.055890657 0.129045844 -0.005790737 0.991621733 6.975157261
0.987895250 -0.044215951 -0.148687020 0.350496888 0.044569355 0.999005735 -0.000955972 -0.056322139 0.148581475 -0.005682483 0.988883853 7.002251148
0.985627890 -0.039605867 -0.164222747 0.344941020 0.039858636 0.999203742 -0.001757104 -0.056752793 0.164161593 -0.004813842 0.986421645 7.029358387
0.984005332 -0.036638107 -0.174330607 0.338554502 0.036319926 0.999327600 -0.005016138 -0.056866743 0.174397171 -0.001395769 0.984674394 7.059013844
0.982982934 -0.032530434 -0.180793598 0.334053755 0.031629171 0.999468744 -0.007866524 -0.057365548 0.180953413 0.002014307 0.983489633 7.084481239
0.982861876 -0.027580854 -0.182268381 0.328111529 0.026292220 0.999609351 -0.009483041 -0.057702858 0.182458714 0.004528278 0.983203173 7.114373207
0.983658195 -0.021205885 -0.178792804 0.321615100 0.019996846 0.999763489 -0.008561908 -0.058246758 0.178932071 0.004846700 0.983849525 7.145961761
0.984898090 -0.018611809 -0.172131941 0.316140532 0.017359678 0.999810815 -0.008776844 -0.058392957 0.172262758 0.005656141 0.985034823 7.178410053
0.986787260 -0.015734607 -0.161255479 0.310769558 0.014534257 0.999857247 -0.008620731 -0.058556989 0.161368117 0.006163099 0.986875057 7.212052822
0.988910019 -0.012968486 -0.147948399 0.305874944 0.011655697 0.999884665 -0.009736888 -0.058815163 0.148057640 0.007904464 0.988947153 7.247431278
0.991058767 -0.008872164 -0.133130968 0.301606715 0.007594630 0.999920189 -0.010100801 -0.059388362 0.133210003 0.008999406 0.991047025 7.283635616
0.993152916 -0.007004124 -0.116611481 0.297209024 0.006094449 0.999948144 -0.008155631 -0.059906773 0.116662584 0.007389106 0.993144035 7.320463181
0.994940460 -0.008382211 -0.100115851 0.294186890 0.007615593 0.999938667 -0.008037045 -0.060074981 0.100177087 0.007233939 0.994943321 7.359593868
0.996417463 -0.010094459 -0.083966106 0.292364538 0.009423471 0.999920428 -0.008383699 -0.060612045 0.084044054 0.007562412 0.996433258 7.399423599
0.997630477 -0.012793691 -0.067600816 0.289367557 0.012111963 0.999871671 -0.010484871 -0.059984148 0.067726284 0.009641247 0.997657359 7.442008972
0.998552024 -0.010684311 -0.052725665 0.288067997 0.010099875 0.999884725 -0.011338533 -0.061736301 0.052840739 0.010789591 0.998544633 7.482616901
0.999185860 -0.010634943 -0.038918089 0.287550330 0.010100916 0.999852479 -0.013892814 -0.061734378 0.039060101 0.013488394 0.999145806 7.526001453
0.999621391 -0.011939330 -0.024791017 0.287010044 0.011587192 0.999830663 -0.014299688 -0.062537007 0.024957547 0.014007017 0.999590397 7.571144104
0.999832630 -0.014735483 -0.010846838 0.286126167 0.014569253 0.999777615 -0.015247945 -0.062538192 0.011069108 0.015087363 0.999824941 7.618702888
0.999863803 -0.016462162 0.001154585 0.287465006 0.016476164 0.999774396 -0.013403408 -0.064718455 -0.000933676 0.013420605 0.999909520 7.665897369
0.999782979 -0.017053371 0.011957986 0.287795156 0.017198138 0.999778748 -0.012109954 -0.065538891 -0.011748826 0.012312982 0.999855161 7.715472221
0.999654710 -0.017868953 0.019263268 0.290056616 0.018071383 0.999782801 -0.010386296 -0.066108406 -0.019073492 0.010730825 0.999760449 7.765064716
0.999494493 -0.020680949 0.024146857 0.292113900 0.020912793 0.999737203 -0.009388624 -0.066940710 -0.023946349 0.009888855 0.999664247 7.814223289
0.999366939 -0.022758933 0.027345272 0.294085175 0.023019873 0.999692082 -0.009265660 -0.066713601 -0.027125975 0.009889279 0.999583066 7.864885807
0.999285340 -0.023061169 0.029948110 0.295219362 0.023316218 0.999694526 -0.008195137 -0.067936838 -0.029749975 0.008887557 0.999517798 7.915420055
0.999257147 -0.022537908 0.031260289 0.296890169 0.022768561 0.999715924 -0.007042238 -0.068517894 -0.031092692 0.007748757 0.999486446 7.965692043
0.999253690 -0.021853955 0.031851001 0.299221277 0.022048587 0.999740243 -0.005772327 -0.069144823 -0.031716581 0.006470289 0.999475956 8.016632080
0.999261379 -0.021221761 0.032037172 0.301838964 0.021366797 0.999762952 -0.004191504 -0.069050282 -0.031940620 0.004872940 0.999477804 8.067504883
0.999188244 -0.020747354 0.034531731 0.301934958 0.020753175 0.999784589 0.000190011 -0.070357561 -0.034528233 0.000526787 0.999403596 8.117046356
0.999176025 -0.022582447 0.033724725 0.304928660 0.022441892 0.999737859 0.004540437 -0.071299359 -0.033818413 -0.003779849 0.999420822 8.167058945
0.999139309 -0.023408292 0.034245756 0.305896163 0.023193767 0.999708772 0.006648306 -0.071645260 -0.034391411 -0.005848296 0.999391377 8.217892647
0.999202490 -0.023596009 0.032211121 0.308212578 0.023394464 0.999704421 0.006619690 -0.072060525 -0.032357797 -0.005860849 0.999459147 8.267563820
0.999228954 -0.023912169 0.031139079 0.309693635 0.023795096 0.999708354 0.004124944 -0.072155610 -0.031228634 -0.003380806 0.999506533 8.317694664
0.999231100 -0.024999075 0.030206654 0.311440438 0.024934223 0.999685884 0.002521776 -0.072500005 -0.030260209 -0.001766658 0.999540508 8.367619514
0.999210358 -0.026171859 0.029894633 0.312790871 0.026143808 0.999657273 0.001328759 -0.072719961 -0.029919164 -0.000546150 0.999552190 8.417942047
0.999266684 -0.024976496 0.029021628 0.314704746 0.024932489 0.999687374 0.001877382 -0.073225461 -0.029059451 -0.001152424 0.999576986 8.467551231
0.999285638 -0.023324111 0.029735627 0.316101491 0.023267047 0.999726653 0.002263673 -0.073376589 -0.029780297 -0.001570196 0.999555230 8.517638206
0.999243259 -0.023013834 0.031360410 0.317416072 0.022946985 0.999733508 0.002490038 -0.074109048 -0.031409364 -0.001768526 0.999505043 8.567807198
0.999159694 -0.022750217 0.034091990 0.319042057 0.022658344 0.999738514 0.003078857 -0.074752927 -0.034153122 -0.002303801 0.999413967 8.617461205
0.999104440 -0.018755028 0.037926693 0.320982099 0.018632649 0.999819994 0.003577807 -0.075220466 -0.037986971 -0.002867928 0.999274135 8.666412354
0.998907268 -0.017628308 0.043284047 0.323574036 0.017443793 0.999837101 0.004636925 -0.075409830 -0.043358747 -0.003876821 0.999052048 8.714991570
0.998582542 -0.016639248 0.050557785 0.325835943 0.016354576 0.999848008 0.006039049 -0.075839221 -0.050650585 -0.005203637 0.998702884 8.764136314
0.998033762 -0.014507857 0.060975935 0.327821434 0.014111360 0.999876440 0.006928089 -0.075354367 -0.061068911 -0.006054013 0.998115242 8.816406250
0.997441232 -0.013395703 0.070225418 0.332295716 0.012882718 0.999886811 0.007752725 -0.076042436 -0.070321329 -0.006828192 0.997501016 8.861658096
0.996463537 -0.012698786 0.083061412 0.336219549 0.012031288 0.999891222 0.008531827 -0.076366395 -0.083160713 -0.007502318 0.996507883 8.910487175
0.995193243 -0.013557830 0.096987508 0.342410505 0.012682711 0.999873161 0.009633844 -0.076785848 -0.097105816 -0.008357473 0.995238900 8.956752777
0.993457913 -0.013847738 0.113355428 0.347568095 0.012824681 0.999870241 0.009749499 -0.077139996 -0.113475725 -0.008231970 0.993506730 9.005032539
0.991347551 -0.014004098 0.130514190 0.354990780 0.012921507 0.999874771 0.009138012 -0.076597095 -0.130625814 -0.007372505 0.991404355 9.052424431
0.988755226 -0.014455691 0.148842350 0.362502038 0.013195689 0.999868274 0.009449455 -0.076937787 -0.148959354 -0.007379120 0.988815844 9.099500656
0.985827804 -0.017523380 0.166842818 0.370977640 0.016232733 0.999826789 0.009096403 -0.076560684 -0.166973352 -0.006259170 0.985941648 9.146121979
0.982845008 -0.022347884 0.183074921 0.380771160 0.020707930 0.999726474 0.010864888 -0.077031270 -0.183267698 -0.006887398 0.983038902 9.192766190
0.980102897 -0.028383520 0.196450070 0.390550375 0.026696650 0.999580443 0.011230081 -0.076614656 -0.196686417 -0.005762076 0.980449498 9.238675117
0.978232861 -0.035696335 0.204416797 0.401510239 0.033980452 0.999351561 0.011899194 -0.076514676 -0.204709008 -0.004694007 0.978811562 9.284161568
0.977382958 -0.041585986 0.207347602 0.411791921 0.039832976 0.999126554 0.012624211 -0.076752253 -0.207691446 -0.004079419 0.978185892 9.328906059
0.977663100 -0.047823571 0.204664975 0.422715068 0.046216242 0.998851597 0.012629141 -0.076859921 -0.205033913 -0.002888202 0.978750527 9.373970032
0.978391588 -0.052397415 0.200011089 0.431961894 0.050896235 0.998623908 0.012643619 -0.076825790 -0.200398341 -0.002190599 0.979712069 9.418414116
0.979976654 -0.056980047 0.190785825 0.441085935 0.055720706 0.998374701 0.011963455 -0.076676004 -0.191157401 -0.001093184 0.981558800 9.463812828
0.982140362 -0.059894543 0.178362012 0.449393868 0.058856297 0.998204648 0.011111432 -0.076967366 -0.178707257 -0.000415258 0.983902216 9.507676125
0.984048903 -0.063344561 0.166238919 0.457179785 0.062561601 0.997991562 0.009947471 -0.076940097 -0.166535139 0.000611375 0.986035347 9.552830696
0.985841215 -0.062341150 0.155661598 0.464018583 0.061586648 0.998054922 0.009669846 -0.076692820 -0.155961633 0.000053745 0.987763107 9.596121788
0.987203658 -0.062173016 0.146844298 0.470454693 0.061293647 0.998064399 0.010510114 -0.076898657 -0.147213534 -0.001375001 0.989103794 9.641139030
0.988261342 -0.064199984 0.138628677 0.476850629 0.063177161 0.997932911 0.011770541 -0.077053733 -0.139097765 -0.002874202 0.990274489 9.684328079
0.989366114 -0.065081671 0.130072877 0.482982814 0.064139761 0.997875512 0.011422118 -0.076910459 -0.130539924 -0.002957814 0.991438627 9.728480339
0.990313470 -0.066077478 0.122118108 0.488415062 0.065164201 0.997808754 0.011461871 -0.077156961 -0.122607894 -0.003393119 0.992449403 9.771305084
0.991237521 -0.066341609 0.114222512 0.493311286 0.065446481 0.997789025 0.011573171 -0.076893792 -0.114737749 -0.003996303 0.993387818 9.814715385
0.992047369 -0.068019763 0.105902694 0.498174787 0.067095645 0.997671068 0.012268905 -0.077493928 -0.106490590 -0.005065724 0.994300783 9.855945587
0.992856503 -0.067663632 0.098273717 0.502323270 0.066797361 0.997693360 0.012082264 -0.077612735 -0.098864570 -0.005431528 0.995086074 9.898252487
0.993660510 -0.066476561 0.090662330 0.505860388 0.065789990 0.997777760 0.010543837 -0.077749968 -0.091161765 -0.004512320 0.995825827 9.938963890
0.994393408 -0.065732770 0.082830623 0.509639382 0.065230548 0.997831702 0.008757590 -0.077631332 -0.083226688 -0.003305404 0.996525168 9.980418205
0.994876981 -0.067841254 0.074947961 0.513675690 0.067541786 0.997695088 0.006525629 -0.077768952 -0.075217910 -0.001430078 0.997166157 10.020813942
0.995267987 -0.068659745 0.068755418 0.515903473 0.068313636 0.997636557 0.007375243 -0.078429416 -0.069099300 -0.002643411 0.997606277 10.059462547
0.995699823 -0.067313604 0.063645050 0.518218160 0.066949382 0.997725546 0.007840368 -0.078596711 -0.064028054 -0.003545656 0.997941732 10.097536087
0.996075690 -0.065868206 0.059115689 0.520123839 0.065450892 0.997815490 0.008970055 -0.080492482 -0.059577398 -0.005065677 0.998210847 10.132972717
0.996187866 -0.066984512 0.055881985 0.522499204 0.066668659 0.997747004 0.007499588 -0.080524489 -0.056258436 -0.003745422 0.998409152 10.169674873
0.996328354 -0.066557303 0.053850889 0.524278641 0.066339567 0.997780144 0.005822685 -0.079227015 -0.054118898 -0.002228862 0.998531938 10.204797745
0.996409893 -0.065646328 0.053457715 0.525963724 0.065527268 0.997842848 0.003978895 -0.079614051 -0.053603601 -0.000461673 0.998562157 10.238502502
0.996522546 -0.063946530 0.053418756 0.528021693 0.063887447 0.997953176 0.002814877 -0.079551637 -0.053489409 0.000607699 0.998568296 10.270932198
0.996613979 -0.061310161 0.054787230 0.530363500 0.061293788 0.998117864 0.001980851 -0.079149999 -0.054805554 0.001383972 0.998495996 10.303284645
0.996393085 -0.060875814 0.059118439 0.531859636 0.060856383 0.998144209 0.002130746 -0.079861850 -0.059138443 0.001474673 0.998248577 10.334302902
0.996250153 -0.057928760 0.064264193 0.534725845 0.057896737 0.998319805 0.002361953 -0.080751754 -0.064293049 0.001367591 0.997930050 10.364284515
0.995781183 -0.056410335 0.072371766 0.536553502 0.056629211 0.998394787 -0.000974365 -0.081001312 -0.072200634 0.005068609 0.997377217 10.393177032
0.995185912 -0.052996706 0.082440414 0.538892925 0.053522728 0.998557866 -0.004182187 -0.081773482 -0.082099892 0.008574489 0.996587157 10.421265602
0.994132817 -0.048543170 0.096660987 0.540650129 0.049620803 0.998729527 -0.008774734 -0.082318172 -0.096112244 0.013519648 0.995278656 10.449362755
0.992473304 -0.044602904 0.114049383 0.544587255 0.046232529 0.998862386 -0.011682480 -0.082402766 -0.113398574 0.016867340 0.993406296 10.476337433
0.990014076 -0.040473245 0.135033384 0.547451138 0.042426661 0.999032080 -0.011618791 -0.082521155 -0.134432435 0.017231781 0.990772843 10.504129410
0.986544192 -0.040501472 0.158398733 0.553492665 0.042697057 0.999033093 -0.010481262 -0.082978398 -0.157821089 0.017103389 0.987319648 10.530848503
0.981820881 -0.044452332 0.184531152 0.560239911 0.046453074 0.998899043 -0.006531138 -0.083597928 -0.184037685 0.014984446 0.982804954 10.557675362
0.975824714 -0.049851108 0.212793410 0.567954421 0.052032415 0.998634458 -0.004659342 -0.083839767 -0.212270573 0.015618854 0.977086067 10.584010124
0.968411446 -0.051355511 0.244012117 0.575930119 0.053302832 0.998577416 -0.001379496 -0.084277935 -0.243594170 0.014342456 0.969771266 10.609385490
0.959477842 -0.046576232 0.277908027 0.583416224 0.048216857 0.998836577 0.000932046 -0.084591776 -0.277628034 0.012505577 0.960607231 10.634035110
0.949191570 -0.034731928 0.312776417 0.591646433 0.036165047 0.999345064 0.001220117 -0.084949583 -0.312613904 0.010153449 0.949826002 10.657423019
0.937013149 -0.026159815 0.348313242 0.601470470 0.027687876 0.999616385 0.000591073 -0.085158080 -0.348195076 0.009090212 0.937377989 10.681843758
0.923212647 -0.024155902 0.383529484 0.612781286 0.026864326 0.999637604 -0.001706087 -0.084993370 -0.383349359 0.011878341 0.923527062 10.705974579
0.906633258 -0.032762747 0.420645535 0.626508951 0.037176348 0.999306083 -0.002294813 -0.085338615 -0.420278519 0.017718621 0.907222152 10.728674889
0.886497498 -0.039467961 0.461046964 0.640712738 0.046725579 0.998898387 -0.004332812 -0.085678279 -0.460368067 0.025383715 0.887365162 10.750267029
0.863684118 -0.038929444 0.502527893 0.656161308 0.046425547 0.998918951 -0.002407138 -0.085095443 -0.501890838 0.025409142 0.864557624 10.772279739
0.837756157 -0.032719143 0.545063376 0.671417236 0.036767200 0.999317765 0.003476438 -0.084721692 -0.544805288 0.017128047 0.838387609 10.794537544
0.809565663 -0.030468864 0.586238146 0.689114571 0.028302411 0.999516606 0.012864185 -0.084251478 -0.586346567 0.006177554 0.810036659 10.816129684
0.777787745 -0.029249828 0.627846062 0.708420277 0.022133799 0.999571562 0.019147852 -0.084202871 -0.628137171 -0.000996347 0.778101981 10.838552475
0.742711484 -0.031765863 0.668857634 0.728844166 0.019987125 0.999480724 0.025273990 -0.084274292 -0.669313133 -0.005402746 0.742960751 10.858407974
0.705014110 -0.034017786 0.708376944 0.751070023 0.020488620 0.999408960 0.027602416 -0.084460542 -0.708897233 -0.004946426 0.705294430 10.877304077
0.662640810 -0.031840544 0.748260140 0.774031162 0.021041157 0.999492884 0.023897666 -0.083679765 -0.748641670 -0.000091309 0.662974894 10.894226074
