1.000000000 0.000000000 0.000000000 0.000000000 0.000000000 1.000000000 0.000000000 0.000000000 0.000000000 0.000000000 1.000000000 0.000000000
0.999898255 -0.001442633 0.014192550 0.000994653 0.001451120 0.999998748 -0.000587777 -0.000063854 -0.014191684 0.000608312 0.999899089 0.045559064
0.999827862 -0.002436365 0.018391926 0.001771772 0.002447533 0.999996841 -0.000584707 -0.000052819 -0.018390443 0.000629622 0.999830663 0.069097795
0.999768436 -0.003032994 0.021303467 0.002299336 0.003037358 0.999995351 -0.000172507 -0.000153252 -0.021302847 0.000237173 0.999773026 0.093246937
0.999733150 -0.002652466 0.022950551 0.003178040 0.002646799 0.999996364 0.000277323 -0.000082856 -0.022951206 -0.000216503 0.999736488 0.118220165
0.999693155 -0.002635555 0.024627917 0.003656349 0.002616002 0.999996185 0.000826085 -0.000263094 -0.024629997 -0.000761405 0.999696255 0.143823326
0.999655664 -0.001880117 0.026177399 0.004359053 0.001859843 0.999997973 0.000798796 -0.000198147 -0.026178846 -0.000749835 0.999656975 0.168931916
0.999627948 -0.002244449 0.027188359 0.005310448 0.002215351 0.999996960 0.001100313 -0.000294473 -0.027190745 -0.001039671 0.999629736 0.195563376
0.999602795 -0.004202927 0.027866676 0.006245149 0.004169524 0.999990463 0.001256706 -0.000410084 -0.027871693 -0.001140016 0.999610782 0.222686112
0.999592483 -0.005422603 0.028024409 0.007150352 0.005366920 0.999983490 0.002061752 -0.000282146 -0.028035127 -0.001910508 0.999605060 0.250536770
0.999591768 -0.006478140 0.027827702 0.008214966 0.006409535 0.999976158 0.002553820 -0.000178642 -0.027843587 -0.002374415 0.999609411 0.279117882
0.999624848 -0.005956323 0.026734043 0.009157709 0.005883393 0.999978721 0.002805804 0.000004310 -0.026750188 -0.002647464 0.999638617 0.308632463
0.999667346 -0.005950617 0.025092522 0.010038135 0.005870806 0.999977589 0.003253078 -0.000162494 -0.025111316 -0.003104683 0.999679804 0.337797135
0.999711275 -0.005612426 0.023361538 0.011203249 0.005539624 0.999979615 0.003179912 -0.000175925 -0.023378910 -0.003049580 0.999722064 0.368315637
0.999731481 -0.004209382 0.022791678 0.011686843 0.004149784 0.999987841 0.002661574 -0.000186889 -0.022802602 -0.002566279 0.999736667 0.398981333
0.999754906 -0.000847171 0.022123110 0.012122013 0.000845249 0.999999702 0.000096242 -0.000251055 -0.022123184 -0.000077519 0.999755204 0.430729538
0.999770224 0.003390263 0.021165513 0.012600298 -0.003361176 0.999993384 -0.001409701 -0.000194897 -0.021170147 0.001338236 0.999775112 0.462124646
0.999794185 0.004595655 0.019760666 0.013313055 -0.004577545 0.999989033 -0.000961577 -0.000630667 -0.019764867 0.000870923 0.999804378 0.494597912
0.999801576 0.007098703 0.018610602 0.013910555 -0.007117961 0.999974132 0.000968744 -0.000844359 -0.018603241 -0.001101022 0.999826252 0.526255965
0.999802172 0.009447592 0.017502833 0.014431225 -0.009482263 0.999953151 0.001898880 -0.001238956 -0.017484074 -0.002064470 0.999844968 0.558629513
0.999793351 0.011806533 0.016547997 0.014615742 -0.011830065 0.999929130 0.001324895 -0.001186340 -0.016531182 -0.001520386 0.999862194 0.589820683
0.999796987 0.013766962 0.014712300 0.015223050 -0.013781742 0.999904573 0.000903685 -0.001350080 -0.014698457 -0.001106263 0.999891341 0.622161150
0.999814928 0.013428132 0.013776496 0.015507923 -0.013438703 0.999909461 0.000675122 -0.001789318 -0.013766183 -0.000860136 0.999904811 0.653581083
0.999815464 0.014740326 0.012319180 0.015816946 -0.014744764 0.999891281 0.000269569 -0.001859899 -0.012313868 -0.000451162 0.999924004 0.685473800
0.999858737 0.012423897 0.011318975 0.016523318 -0.012442744 0.999921262 0.001596122 -0.002277924 -0.011298254 -0.001736735 0.999934673 0.717097998
0.999917328 0.008207348 0.009896611 0.016949104 -0.008249848 0.999956906 0.004261085 -0.002738969 -0.009861211 -0.004342378 0.999941945 0.748893201
0.999933422 0.007896549 0.008410844 0.017378146 -0.007941555 0.999954283 0.005331103 -0.002700623 -0.008368362 -0.005397544 0.999950409 0.780147433
0.999960065 0.005924277 0.006690328 0.017830828 -0.005964435 0.999964237 0.005998650 -0.002768170 -0.006654551 -0.006038314 0.999959588 0.811575711
0.999976873 0.003367455 0.005907119 0.018281791 -0.003413886 0.999963224 0.007867813 -0.002941151 -0.005880408 -0.007887797 0.999951601 0.842996836
0.999988139 0.001750178 0.004548797 0.018942416 -0.001795525 0.999948621 0.009984099 -0.003014043 -0.004531089 -0.009992149 0.999939799 0.874440312
0.999990821 0.001591554 0.003963265 0.018935353 -0.001638478 0.999928236 0.011864554 -0.003084114 -0.003944097 -0.011870939 0.999921799 0.905701935
0.999996066 0.000355604 0.002787491 0.019373134 -0.000389913 0.999924064 0.012317259 -0.002985180 -0.002782899 -0.012318297 0.999920249 0.936136484
0.999990284 -0.003837524 0.002193113 0.018984072 0.003808147 0.999905050 0.013246248 -0.002984465 -0.002243737 -0.013237767 0.999909878 0.966663361
0.999958038 -0.009145642 0.000424135 0.019790202 0.009138105 0.999841869 0.015259130 -0.002875698 -0.000563622 -0.015254615 0.999883533 0.997696221
0.999911666 -0.013202727 -0.001550223 0.020396667 0.013226372 0.999778152 0.016387334 -0.002965448 0.001333522 -0.016406389 0.999864519 1.028203964
0.999859393 -0.016426545 -0.003336501 0.020302814 0.016477181 0.999739945 0.015764004 -0.002902724 0.003076686 -0.015816769 0.999870181 1.058254719
0.999745071 -0.021853888 -0.005666645 0.020148050 0.021926753 0.999673307 0.013131902 -0.002732252 0.005377811 -0.013252804 0.999897718 1.088824153
0.999713600 -0.022753166 -0.007420995 0.020235827 0.022838224 0.999672055 0.011585766 -0.002751029 0.007154949 -0.011751931 0.999905288 1.119252682
0.999698281 -0.022744838 -0.009278353 0.019867826 0.022846177 0.999678910 0.010966280 -0.002650280 0.009025947 -0.011174946 0.999896765 1.149815083
0.999692559 -0.021781756 -0.011856859 0.019593608 0.021915922 0.999695957 0.011305533 -0.002977691 0.011606999 -0.011561912 0.999865770 1.180056214
0.999697924 -0.020461492 -0.013615144 0.019113906 0.020616384 0.999723196 0.011335096 -0.002611870 0.013379443 -0.011612369 0.999843061 1.209087253
0.999680698 -0.019679543 -0.015846645 0.018855566 0.019863211 0.999736369 0.011517514 -0.002776537 0.015615806 -0.011828602 0.999808073 1.239640951
0.999682128 -0.018452220 -0.017180897 0.017994687 0.018637436 0.999769211 0.010683293 -0.002909414 0.016979802 -0.011000106 0.999795318 1.269249082
0.999653220 -0.018168710 -0.019056946 0.017650917 0.018335078 0.999794900 0.008591968 -0.002895839 0.018896932 -0.008938398 0.999781489 1.298393011
0.999635816 -0.017489506 -0.020550277 0.017011462 0.017604025 0.999830425 0.005405102 -0.002879880 0.020452261 -0.005764899 0.999774218 1.327696323
0.999626040 -0.016792180 -0.021579754 0.016558517 0.016843854 0.999855638 0.002215123 -0.003110392 0.021539439 -0.002577780 0.999764681 1.357052684
0.999601364 -0.017347686 -0.022274954 0.016170917 0.017355204 0.999849319 0.000144103 -0.003252927 0.022269100 -0.000530632 0.999751866 1.385769248
0.999596417 -0.018223513 -0.021793729 0.015625989 0.018204246 0.999833703 -0.001082132 -0.003661439 0.021809828 0.000684956 0.999761939 1.414948583
0.999600589 -0.018734673 -0.021162132 0.015318125 0.018706730 0.999823809 -0.001517622 -0.004005366 0.021186842 0.001121141 0.999774873 1.443490863
0.999615610 -0.019423928 -0.019782959 0.014846554 0.019388065 0.999810040 -0.002002992 -0.004287343 0.019818107 0.001618668 0.999802291 1.471941352
0.999636352 -0.019566057 -0.018553305 0.014432907 0.019535124 0.999807477 -0.001846937 -0.004539568 0.018585870 0.001483824 0.999826133 1.500412226
0.999644876 -0.019877927 -0.017746627 0.014580533 0.019859655 0.999801993 -0.001204794 -0.004844482 0.017767064 0.000851924 0.999841809 1.529466033
0.999665916 -0.020149287 -0.016189251 0.013817588 0.020141853 0.999796927 -0.000622255 -0.005222335 0.016198503 0.000295966 0.999868691 1.558781147
0.999665558 -0.020619035 -0.015609651 0.014266530 0.020609317 0.999787331 -0.000783198 -0.005642364 0.015622479 0.000461232 0.999877870 1.587562561
0.999677598 -0.020822987 -0.014530879 0.014155218 0.020811317 0.999782920 -0.000954120 -0.005795661 0.014547591 0.000651406 0.999893904 1.616495132
0.999721587 -0.019778125 -0.012865648 0.013635052 0.019768639 0.999804199 -0.000864479 -0.005818631 0.012880224 0.000609902 0.999916792 1.646030188
0.999743700 -0.019466940 -0.011554552 0.013438862 0.019483585 0.999809265 0.001329806 -0.006420339 0.011526461 -0.001554589 0.999932349 1.674856663
0.999754071 -0.019592376 -0.010394650 0.013495110 0.019627450 0.999801934 0.003282773 -0.006862540 0.010328272 -0.003485986 0.999940574 1.704436183
0.999758005 -0.020162962 -0.008797098 0.013113350 0.020200459 0.999787152 0.004194955 -0.006572382 0.008710640 -0.004371645 0.999952495 1.733679771
0.999786019 -0.019407000 -0.007159802 0.013316209 0.019433806 0.999804378 0.003693535 -0.006778846 0.007086720 -0.003831887 0.999967575 1.763576508
0.999825895 -0.017815448 -0.005566985 0.012782817 0.017826844 0.999839067 0.002004115 -0.006864559 0.005530387 -0.002103008 0.999982476 1.792821527
0.999849975 -0.016906351 -0.003757975 0.012590237 0.016908772 0.999856770 0.000614369 -0.006920410 0.003747051 -0.000677820 0.999992728 1.821673751
0.999867976 -0.016082572 -0.002284685 0.012677575 0.016082717 0.999870598 0.000046922 -0.006859229 0.002283634 -0.000083659 0.999997377 1.851532578
0.999896705 -0.014377404 -0.000288028 0.012703312 0.014377778 0.999895692 0.001342413 -0.007048422 0.000268698 -0.001346416 0.999998987 1.881289482
0.999910235 -0.013293243 0.001687484 0.012620293 0.013288152 0.999907196 0.002991609 -0.007591896 -0.001727096 -0.002968917 0.999994040 1.911288500
0.999904156 -0.013445479 0.003287239 0.012893409 0.013431459 0.999900818 0.004250248 -0.008010536 -0.003344059 -0.004205688 0.999985576 1.941540599
0.999923825 -0.010972019 0.005656203 0.012706769 0.010954200 0.999934971 0.003171793 -0.007641948 -0.005690636 -0.003109592 0.999978960 1.972709656
0.999938190 -0.008211995 0.007486808 0.012781002 0.008186393 0.999960601 0.003443815 -0.007703435 -0.007514792 -0.003382312 0.999966025 2.003674984
0.999934852 -0.008220685 0.007922806 0.013724294 0.008184702 0.999956071 0.004563473 -0.007672773 -0.007959972 -0.004498330 0.999958217 2.034473896
0.999896705 -0.011185351 0.009037385 0.014218329 0.011131126 0.999919832 0.006028451 -0.007473877 -0.009104091 -0.005927231 0.999940991 2.066146851
0.999809504 -0.016644016 0.010193155 0.014816619 0.016594930 0.999850392 0.004880997 -0.007706680 -0.010272869 -0.004710914 0.999936163 2.097195864
0.999800384 -0.017537283 0.009573157 0.015696289 0.017551608 0.999845028 -0.001414652 -0.007963578 -0.009546863 0.001582394 0.999953270 2.128729582
0.999805689 -0.017587053 0.008895717 0.015882347 0.017679084 0.999789894 -0.010375243 -0.008324627 -0.008711378 0.010530495 0.999906600 2.159813881
0.999781489 -0.019658897 0.007108092 0.016622279 0.019776914 0.999661028 -0.016932528 -0.008560015 -0.006772809 0.017069403 0.999831319 2.191533804
0.999716640 -0.022789301 0.006878784 0.016954619 0.022887764 0.999631524 -0.014591821 -0.009187384 -0.006543713 0.014745126 0.999869883 2.223524570
0.999828041 -0.017320998 0.006629011 0.017275298 0.017362166 0.999830008 -0.006203391 -0.009739382 -0.006520435 0.006317417 0.999958813 2.255772114
0.999902427 -0.012129083 0.006926655 0.016800549 0.012109223 0.999922395 0.002902188 -0.010249174 -0.006961319 -0.002818028 0.999971807 2.287589550
0.999925792 -0.010459799 0.006239727 0.017162573 0.010406519 0.999909639 0.008510879 -0.010430863 -0.006328186 -0.008445315 0.999944329 2.319647312
0.999938071 -0.009780999 0.005300554 0.017634805 0.009722332 0.999892414 0.010983050 -0.010480048 -0.005407409 -0.010930834 0.999925554 2.351697922
0.999917328 -0.011874877 0.004924042 0.017888580 0.011825925 0.999881506 0.009853754 -0.010654513 -0.005040471 -0.009794709 0.999939322 2.382862091
0.999873698 -0.015457838 0.003699386 0.018464372 0.015436321 0.999864161 0.005775793 -0.010615240 -0.003788165 -0.005717958 0.999976397 2.414694786
0.999845922 -0.017382519 0.002445162 0.018818840 0.017376138 0.999845624 0.002606583 -0.010913428 -0.002490094 -0.002563694 0.999993563 2.445868254
0.999827862 -0.018521668 0.001072419 0.019045046 0.018520769 0.999828100 0.000842893 -0.010745160 -0.001087847 -0.000822886 0.999999046 2.477557659
0.999817729 -0.019088497 -0.000284648 0.018985070 0.019088911 0.999816656 0.001520101 -0.011254614 0.000255580 -0.001525258 0.999998808 2.508712053
0.999807417 -0.019565081 -0.001529554 0.018911101 0.019569304 0.999804616 0.002800123 -0.011396673 0.001474470 -0.002829517 0.999994874 2.540165424
0.999805212 -0.019446114 -0.003366969 0.019442990 0.019459013 0.999803245 0.003842091 -0.012086427 0.003291593 -0.003906860 0.999986947 2.571957827
0.999803960 -0.019301141 -0.004415615 0.019227168 0.019320205 0.999804020 0.004316391 -0.011885553 0.004331437 -0.004400855 0.999980927 2.602798223
0.999807835 -0.018810611 -0.005528099 0.019149087 0.018835673 0.999812424 0.004516758 -0.011899272 0.005442098 -0.004620014 0.999974489 2.634076834
0.999806106 -0.018674478 -0.006235674 0.018964527 0.018697508 0.999818504 0.003656456 -0.012118822 0.006166260 -0.003772339 0.999973893 2.664895773
0.999836802 -0.016696585 -0.006898231 0.018824847 0.016716678 0.999856174 0.002865251 -0.012260220 0.006849398 -0.002980099 0.999972165 2.695703506
0.999855697 -0.015268298 -0.007455231 0.018644895 0.015285049 0.999880791 0.002194979 -0.012143733 0.007420828 -0.002308616 0.999969840 2.727476835
0.999866068 -0.014638665 -0.007319167 0.018335268 0.014667341 0.999884903 0.003879401 -0.012517490 0.007261535 -0.003986234 0.999965668 2.758712530
0.999900103 -0.012522778 -0.006558656 0.017857110 0.012552438 0.999911070 0.004500345 -0.012682408 0.006501716 -0.004582223 0.999968290 2.790721416
0.999925733 -0.010420477 -0.006318293 0.017804489 0.010443116 0.999939144 0.003560674 -0.012886913 0.006280803 -0.003626392 0.999973714 2.822297812
0.999930382 -0.010145090 -0.006024132 0.017936787 0.010153417 0.999947608 0.001353654 -0.013194748 0.006010082 -0.001414726 0.999980927 2.853956223
0.999942780 -0.009210378 -0.005439389 0.018285388 0.009203706 0.999956846 -0.001250605 -0.013252874 0.005450673 0.001200470 0.999984443 2.885700941
0.999947250 -0.009159528 -0.004648716 0.018084923 0.009147986 0.999954998 -0.002497979 -0.013425337 0.004671387 0.002455321 0.999986112 2.917669296
0.999936104 -0.010154419 -0.004947707 0.018736357 0.010140981 0.999944806 -0.002733237 -0.013879098 0.004975189 0.002682888 0.999984026 2.950395346
0.999934196 -0.010909691 -0.003545118 0.017723035 0.010898016 0.999935329 -0.003296196 -0.014104072 0.003580849 0.003257344 0.999988258 2.983706474
0.999926507 -0.011507271 -0.003800071 0.017929759 0.011492369 0.999926329 -0.003920114 -0.014473371 0.003844901 0.003876153 0.999985039 3.016711950
0.999922216 -0.011650998 -0.004440917 0.018479062 0.011632409 0.999923587 -0.004189339 -0.015502201 0.004489387 0.004137354 0.999981284 3.049209595
0.999933243 -0.011016445 -0.003483393 0.017419323 0.010994939 0.999920666 -0.006134131 -0.015417146 0.003550693 0.006095422 0.999975085 3.083349705
0.999937594 -0.010448412 -0.003940638 0.017425422 0.010424707 0.999927640 -0.005988911 -0.015762059 0.004002926 0.005947459 0.999974310 3.116796494
0.999936402 -0.010300991 -0.004579718 0.017643496 0.010281434 0.999937952 -0.004273661 -0.016145337 0.004623457 0.004226304 0.999980390 3.150303125
0.999948084 -0.009056341 -0.004655580 0.017384682 0.009046786 0.999956965 -0.002069029 -0.016667683 0.004674117 0.002026803 0.999987006 3.185277224
0.999953687 -0.008587002 -0.004349513 0.016814841 0.008582321 0.999962628 -0.001093990 -0.016450979 0.004358745 0.001056611 0.999989986 3.219194174
0.999957025 -0.007894598 -0.004861671 0.017125903 0.007897832 0.999968588 0.000646795 -0.017262470 0.004856413 -0.000685164 0.999987960 3.253968954
0.999958158 -0.007162583 -0.005695617 0.017593073 0.007167652 0.999974012 0.000870151 -0.017672865 0.005689236 -0.000910939 0.999983430 3.288381577
0.999964833 -0.006814917 -0.004887636 0.017020414 0.006817225 0.999976754 0.000456020 -0.017569222 0.004884415 -0.000489324 0.999987960 3.323526859
0.999961555 -0.006786249 -0.005562518 0.017439499 0.006782178 0.999976695 -0.000750531 -0.017690677 0.005567482 0.000712776 0.999984264 3.358535528
0.999970317 -0.006186604 -0.004620261 0.016867070 0.006174558 0.999977469 -0.002617112 -0.017931512 0.004636349 0.002588506 0.999985814 3.394167900
0.999967098 -0.006879615 -0.004304343 0.016744874 0.006860666 0.999966800 -0.004401653 -0.017826159 0.004334483 0.004371976 0.999980986 3.429954767
0.999967575 -0.006968689 -0.004033948 0.016818985 0.006948676 0.999963522 -0.004954019 -0.018442195 0.004068325 0.004925827 0.999979556 3.465872049
0.999975622 -0.005878825 -0.003774217 0.016712509 0.005859682 0.999970019 -0.005063338 -0.018708961 0.003803872 0.005041099 0.999979973 3.501774073
0.999988735 -0.003511198 -0.003180209 0.016662471 0.003499599 0.999987245 -0.003645680 -0.019158056 0.003192969 0.003634510 0.999988317 3.538562059
0.999996126 -0.000620029 -0.002704785 0.016341632 0.000616171 0.999998868 -0.001426797 -0.019499099 0.002705666 0.001425125 0.999995351 3.575037956
0.999988616 0.004353329 -0.001932804 0.016363699 -0.004356044 0.999989510 -0.001402572 -0.019891962 0.001926679 0.001410975 0.999997139 3.611885548
0.999967754 0.007992916 -0.000813871 0.015745740 -0.007993378 0.999967873 -0.000567486 -0.020295504 0.000809309 0.000573973 0.999999523 3.649160147
0.999985158 0.005449924 0.000097944 0.016206576 -0.005450082 0.999983668 0.001699254 -0.020243371 -0.000088682 -0.001699762 0.999998569 3.686223745
0.999970376 0.007633540 0.001004563 0.015675852 -0.007639260 0.999953806 0.005821222 -0.020306606 -0.000960080 -0.005828722 0.999982595 3.723737240
0.999986291 0.005175523 0.000814344 0.016555479 -0.005183611 0.999933898 0.010265826 -0.020466086 -0.000761159 -0.010269906 0.999946952 3.761829376
0.999997854 0.001297871 0.001648787 0.016324721 -0.001322457 0.999886632 0.014999194 -0.020053949 -0.001629133 -0.015001342 0.999886096 3.799971819
0.999999344 -0.000056061 0.001168940 0.017400902 0.000035522 0.999845684 0.017563509 -0.019772023 -0.001169744 -0.017563453 0.999845088 3.837449312
0.999998212 -0.001745947 0.000750648 0.017782193 0.001733375 0.999863386 0.016434740 -0.019160166 -0.000779240 -0.016433410 0.999864697 3.875726938
0.999991059 -0.004197025 0.000480484 0.017754469 0.004189098 0.999871790 0.015456296 -0.019326083 -0.000545293 -0.015454140 0.999880433 3.913414955
0.999978185 -0.006600384 -0.000186585 0.018083805 0.006602460 0.999862313 0.015220420 -0.018865298 0.000086099 -0.015221318 0.999884188 3.951803207
0.999949098 -0.009976728 -0.001486194 0.018504096 0.009999550 0.999818206 0.016235432 -0.018608987 0.001323947 -0.016249469 0.999867022 3.989917994
0.999924898 -0.012053614 -0.002210735 0.018723618 0.012088929 0.999787033 0.016724471 -0.018218592 0.002008674 -0.016749939 0.999857664 4.028419495
0.999857485 -0.016560372 -0.003285927 0.018970203 0.016619625 0.999683082 0.018907104 -0.017674334 0.002971777 -0.018959019 0.999815822 4.066939354
0.999791563 -0.019944565 -0.004366662 0.019403484 0.020030914 0.999584734 0.020714751 -0.017283104 0.003951703 -0.020797899 0.999775827 4.105646133
0.999702036 -0.023903314 -0.004940129 0.019509880 0.023997020 0.999514520 0.019870253 -0.017083749 0.004462765 -0.019982882 0.999790370 4.144254208
0.999664366 -0.025307592 -0.005539116 0.019758046 0.025395894 0.999541342 0.016498694 -0.016848333 0.005119031 -0.016633829 0.999848664 4.182443619
0.999662578 -0.025569838 -0.004569657 0.019694813 0.025631841 0.999572456 0.014067532 -0.016518556 0.004207999 -0.014179916 0.999890625 4.220628262
0.999710858 -0.023849780 -0.003077349 0.019463155 0.023889588 0.999621809 0.013621671 -0.016448166 0.002751311 -0.013691249 0.999902546 4.258852482
0.999728799 -0.023211922 -0.001843277 0.019941609 0.023234066 0.999644637 0.013069150 -0.016261213 0.001539262 -0.013108433 0.999912918 4.296805859
0.999741018 -0.022757448 -0.000031543 0.019855419 0.022756044 0.999661922 0.012580498 -0.016255736 -0.000254768 -0.012577958 0.999920845 4.335500717
0.999745905 -0.022514723 0.001115003 0.020376587 0.022495534 0.999634981 0.014962559 -0.015990995 -0.001451473 -0.014933674 0.999887407 4.373050213
0.999768496 -0.021338796 0.002762380 0.020593707 0.021285890 0.999612391 0.017942647 -0.015883401 -0.003144183 -0.017879691 0.999835193 4.411128521
0.999746621 -0.022154570 0.003988855 0.021129441 0.022078382 0.999590099 0.018225569 -0.015780754 -0.004391000 -0.018132890 0.999825895 4.448819637
0.999740601 -0.022270916 0.004783092 0.021885302 0.022193838 0.999631822 0.015605382 -0.015725493 -0.005128877 -0.015495180 0.999866784 4.486485004
0.999724865 -0.022545358 0.006466141 0.022032840 0.022459736 0.999662876 0.013022041 -0.015485905 -0.006757548 -0.012873230 0.999894321 4.524084568
0.999715388 -0.022904236 0.006675084 0.023378547 0.022827817 0.999675453 0.011308611 -0.015299626 -0.006931932 -0.011153015 0.999913812 4.560853004
0.999674499 -0.024360850 0.007578486 0.023260791 0.024270892 0.999636292 0.011743986 -0.015358321 -0.007861824 -0.011556229 0.999902308 4.599497795
0.999637485 -0.025916841 0.007294387 0.023745250 0.025817897 0.999577522 0.013346136 -0.015492216 -0.007637194 -0.013152971 0.999884248 4.636807442
0.999591112 -0.027756356 0.006860415 0.024367757 0.027660577 0.999523699 0.013681971 -0.015308991 -0.007236910 -0.013486614 0.999882817 4.673775196
0.999529421 -0.030118754 0.005808722 0.025187628 0.030044004 0.999469817 0.012552919 -0.015133448 -0.006183720 -0.012372496 0.999904275 4.709948540
0.999479055 -0.031650152 0.006319069 0.025298681 0.031577151 0.999437034 0.011337128 -0.014975984 -0.006674333 -0.011131683 0.999915779 4.747853279
0.999504685 -0.031010915 0.005361494 0.026056301 0.030947840 0.999455214 0.011471408 -0.014937200 -0.005714311 -0.011299799 0.999919832 4.784584999
0.999514401 -0.030626500 0.005730320 0.025995506 0.030550953 0.999450743 0.012837272 -0.015013482 -0.006120334 -0.012655973 0.999901116 4.821632862
0.999557018 -0.029409129 0.004542651 0.026767049 0.029342152 0.999468923 0.014167541 -0.014449477 -0.004956893 -0.014027975 0.999889314 4.858059883
0.999625266 -0.026869595 0.005232802 0.026481871 0.026777325 0.999497354 0.016969666 -0.014726616 -0.005686139 -0.016823193 0.999842227 4.894961357
0.999681532 -0.024681067 0.005277721 0.026544079 0.024581939 0.999534130 0.018087601 -0.014630191 -0.005721684 -0.017952105 0.999822438 4.930720329
0.999756217 -0.021481454 0.005102608 0.026818767 0.021386940 0.999610901 0.017906442 -0.014505178 -0.005485279 -0.017792948 0.999826670 4.967510700
0.999779582 -0.020538047 0.004351077 0.027537210 0.020461913 0.999648213 0.016873997 -0.014146142 -0.004696106 -0.016781248 0.999848187 5.003384590
0.999882400 -0.014621601 0.004631571 0.026929967 0.014548890 0.999776125 0.015361937 -0.014237419 -0.004855151 -0.015292744 0.999871254 5.039126873
0.999894559 -0.013618234 0.005060332 0.027200792 0.013554544 0.999831080 0.012414361 -0.014145195 -0.005228539 -0.012344463 0.999910116 5.074580669
0.999916553 -0.012095397 0.004532084 0.027596835 0.012052135 0.999882638 0.009454430 -0.014091231 -0.004645907 -0.009399020 0.999944985 5.110595703
0.999934494 -0.010741422 0.003954330 0.028098213 0.010700274 0.999889851 0.010283604 -0.013729651 -0.004064354 -0.010240619 0.999939263 5.146382332
0.999905705 -0.013155912 0.003944754 0.028183870 0.013092054 0.999789476 0.015799029 -0.013741530 -0.004151774 -0.015745895 0.999867320 5.181416988
0.999893010 -0.014085843 0.003938635 0.028308546 0.014008233 0.999719799 0.019082874 -0.013787203 -0.004206330 -0.019025659 0.999810100 5.215878010
0.999848604 -0.017149873 0.002940896 0.028873473 0.017095326 0.999697804 0.017665533 -0.013563022 -0.003242970 -0.017612586 0.999839544 5.250332832
0.999795020 -0.020028977 0.002958019 0.028722044 0.019978950 0.999671340 0.016070316 -0.013324745 -0.003278919 -0.016007923 0.999866426 5.284146786
0.999772787 -0.021224758 0.001984193 0.029553175 0.021190751 0.999650180 0.015822576 -0.013140149 -0.002319329 -0.015776936 0.999872804 5.317955017
0.999748528 -0.022351420 0.001818236 0.029807810 0.022318909 0.999618411 0.016275216 -0.013410799 -0.002181316 -0.016230540 0.999865890 5.350718021
0.999740481 -0.022741117 0.001304589 0.030009361 0.022720257 0.999640405 0.014241774 -0.013244927 -0.001627994 -0.014208438 0.999897718 5.384591579
0.999752939 -0.022204991 0.000992869 0.030299053 0.022189381 0.999660552 0.013654510 -0.013026014 -0.001295731 -0.013629105 0.999906182 5.417773247
0.999768853 -0.021472821 0.001079201 0.030427650 0.021453464 0.999648929 0.015548786 -0.012965821 -0.001412699 -0.015522039 0.999878526 5.449891090
0.999742806 -0.022646220 0.001183374 0.030499278 0.022620907 0.999577880 0.018230008 -0.012978263 -0.001595715 -0.018198553 0.999833107 5.481831551
0.999728858 -0.023266021 0.000890159 0.030809518 0.023243656 0.999530971 0.019940302 -0.012906738 -0.001353673 -0.019914204 0.999800920 5.513359070
0.999710143 -0.024051938 0.001038792 0.030766493 0.024023904 0.999478161 0.021598192 -0.012764491 -0.001557728 -0.021566980 0.999766231 5.543810368
0.999716759 -0.023796218 0.000563756 0.031322703 0.023777787 0.999469578 0.022251237 -0.012418993 -0.001092952 -0.022231525 0.999752343 5.574388504
0.999714077 -0.023897661 0.000756695 0.031373508 0.023875816 0.999482512 0.021553971 -0.012466200 -0.001271393 -0.021529738 0.999767542 5.604129791
0.999655783 -0.026235677 0.000278180 0.031828448 0.026225472 0.999470770 0.019244162 -0.012231022 -0.000782916 -0.019230235 0.999814868 5.632929802
0.999666572 -0.025811510 -0.000742246 0.031808808 0.025820678 0.999505401 0.017951252 -0.012087844 0.000278530 -0.017964432 0.999838591 5.660707474
0.999619842 -0.027528258 -0.001541519 0.031644940 0.027550073 0.999482572 0.016597189 -0.012081303 0.001083830 -0.016633347 0.999861121 5.687445164
0.999684930 -0.024830205 -0.003700130 0.031712595 0.024884671 0.999570370 0.015481868 -0.012168288 0.003314123 -0.015569064 0.999873281 5.713910580
0.999714494 -0.023189379 -0.005751305 0.031419285 0.023258602 0.999654055 0.012277053 -0.012227066 0.005464618 -0.012407314 0.999908030 5.739314079
0.999729276 -0.022054723 -0.007409354 0.031428993 0.022118464 0.999718010 0.008633995 -0.012293790 0.007216845 -0.008795541 0.999935269 5.763888836
0.999665678 -0.024303591 -0.008821935 0.031138908 0.024351796 0.999688923 0.005398551 -0.012429910 0.008687986 -0.005611577 0.999946475 5.787447929
0.999712408 -0.021702424 -0.010202472 0.030838549 0.021744318 0.999755442 0.004013478 -0.012829728 0.010112876 -0.004234169 0.999939859 5.809609413
0.999760270 -0.019320311 -0.010308305 0.030025993 0.019346004 0.999810040 0.002398863 -0.012876682 0.010260000 -0.002597713 0.999943972 5.831758976
0.999760509 -0.018484803 -0.011717254 0.030552961 0.018533953 0.999819934 0.004100205 -0.013068805 0.011639354 -0.004316391 0.999922931 5.852809429
0.999722421 -0.020121716 -0.012251608 0.030794553 0.020205401 0.999773145 0.006745528 -0.013290565 0.012113096 -0.006991206 0.999902189 5.873739243
0.999737561 -0.020946348 -0.009283040 0.030313611 0.021004017 0.999760509 0.006159270 -0.013537455 0.009151802 -0.006352635 0.999937952 5.893749237
0.999767005 -0.020966822 -0.005126580 0.030469464 0.020993104 0.999766469 0.005127576 -0.013755130 0.005017873 -0.005234005 0.999973714 5.913636208
0.999807119 -0.019639174 -0.000088418 0.030745838 0.019639364 0.999801219 0.003443063 -0.014080275 0.000020781 -0.003444136 0.999994099 5.932247162
0.999795198 -0.019123647 0.006614130 0.030812008 0.019124098 0.999817133 -0.000005029 -0.014056342 -0.006612824 0.000131518 0.999978065 5.950946808
0.999731839 -0.017976787 0.014598620 0.031541687 0.018035958 0.999829590 -0.003931310 -0.014189093 -0.014525460 0.004193556 0.999885619 5.967959404
0.999570429 -0.016853508 0.023979308 0.032218494 0.016984317 0.999841809 -0.005261858 -0.014611093 -0.023886835 0.005666869 0.999698520 5.984986305
0.999283314 -0.017147833 0.033747554 0.033421382 0.017322546 0.999837935 -0.004891416 -0.014732640 -0.033658214 0.005472503 0.999418378 6.001138210
0.998850107 -0.017129008 0.044780426 0.034199655 0.017312858 0.999843121 -0.003720990 -0.015105410 -0.044709664 0.004491987 0.998989940 6.016540527
0.998241067 -0.016288733 0.057003617 0.035416663 0.016587771 0.999850869 -0.004776732 -0.015484145 -0.056917321 0.005713894 0.998362482 6.031256199
0.997430027 -0.014621640 0.070139810 0.036478847 0.015091414 0.999867082 -0.006172432 -0.015780028 -0.070040233 0.007215077 0.997518063 6.045956612
0.996389210 -0.013432712 0.083833486 0.038173735 0.014053117 0.999878049 -0.006814716 -0.015905432 -0.083731711 0.007968231 0.996456444 6.059721470
0.994998693 -0.011947135 0.099171057 0.039914310 0.012522472 0.999908149 -0.005180968 -0.016072474 -0.099100038 0.006396921 0.995056927 6.073188305
0.993282020 -0.012200972 0.115072995 0.041693151 0.012726669 0.999911666 -0.003834759 -0.016575474 -0.115016021 0.005273492 0.993349612 6.086365223
0.991277814 -0.011881093 0.131251395 0.043981194 0.012587082 0.999910414 -0.004550566 -0.016627856 -0.131185561 0.006162948 0.991338670 6.098321915
0.988830984 -0.011486352 0.148597971 0.046152353 0.012587083 0.999899805 -0.006469087 -0.016965527 -0.148508787 0.008267247 0.988876522 6.110226631
0.985928893 -0.010764720 0.166818127 0.048677325 0.012281786 0.999891996 -0.008065120 -0.017253786 -0.166713327 0.010000461 0.985954702 6.122736454
0.982424021 -0.009421326 0.186424732 0.051375151 0.011081274 0.999907672 -0.007864041 -0.017644258 -0.186333433 0.009791647 0.982437789 6.134420395
0.978261411 -0.008273023 0.207210436 0.054438472 0.009880299 0.999928594 -0.006723040 -0.017708097 -0.207139999 0.008624192 0.978273213 6.145312786
0.973110616 -0.007981648 0.230199888 0.057818651 0.009365778 0.999944031 -0.004920678 -0.017892614 -0.230147749 0.006944367 0.973130941 6.157917023
0.967153966 -0.009668733 0.254007220 0.061590552 0.010911009 0.999934375 -0.003482291 -0.018044427 -0.253956914 0.006139386 0.967196107 6.168670177
0.960315764 -0.007736234 0.278807729 0.065267682 0.009102756 0.999952078 -0.003606996 -0.018305741 -0.278766423 0.006001775 0.960340202 6.179414272
0.952542424 -0.005540632 0.304355413 0.069384336 0.007285802 0.999962807 -0.004598600 -0.018562812 -0.304318607 0.006597835 0.952547550 6.190700531
0.943637669 -0.001349242 0.330977380 0.073690653 0.003268692 0.999980867 -0.005242792 -0.018648341 -0.330963910 0.006029160 0.943624139 6.201093197
0.933238029 0.000444932 0.359258503 0.078281403 0.002021086 0.999976873 -0.006488576 -0.019007100 -0.359253049 0.006781478 0.933215559 6.211304665
0.921521187 0.000372451 0.388327807 0.083986282 0.002674382 0.999969721 -0.007305530 -0.019106731 -0.388318688 0.007770738 0.921492338 6.222460747
0.908542752 -0.001754710 0.417787880 0.090545416 0.005934346 0.999944508 -0.008705361 -0.019066274 -0.417749405 0.010388491 0.908502877 6.233320236
0.894000769 -0.003341843 0.448052824 0.095894098 0.008883632 0.999907851 -0.010267628 -0.019512586 -0.447977126 0.013159604 0.893948019 6.242300034
0.877984703 -0.002987958 0.478679329 0.103252411 0.009672119 0.999887109 -0.011499037 -0.019634210 -0.478590935 0.014725823 0.877914488 6.253555298
0.860846341 -0.001355100 0.508863211 0.110605717 0.009471065 0.999865890 -0.013359610 -0.019655094 -0.508776844 0.016320048 0.860743761 6.264103889
0.842086256 -0.000582372 0.539342523 0.118001938 0.009909178 0.999847353 -0.014391785 -0.019982532 -0.539251745 0.017463565 0.841963530 6.273541451
0.821592152 0.001080768 0.570074677 0.126765490 0.008658870 0.999859214 -0.014374736 -0.020016175 -0.570010006 0.016746374 0.821467042 6.284712315
0.800191045 0.002074878 0.599741518 0.135415077 0.007629133 0.999877930 -0.013638189 -0.020488404 -0.599696636 0.015488665 0.800077498 6.294881821
0.778051376 0.002521588 0.628195643 0.145129919 0.007870860 0.999874353 -0.013761963 -0.020870972 -0.628151417 0.015651954 0.777933717 6.305098534
0.754644215 0.001876129 0.656131625 0.155388355 0.009928299 0.999848723 -0.014277891 -0.021067277 -0.656059265 0.017288996 0.754511356 6.315373421
0.729921341 0.001428017 0.683529675 0.166358232 0.012571303 0.999800503 -0.015513288 -0.021242619 -0.683415592 0.019916335 0.729757786 6.325239182
0.703755856 0.001490299 0.710440278 0.177333355 0.015351383 0.999732375 -0.017304095 -0.021323815 -0.710275948 0.023084100 0.703544736 6.335034370
0.677405357 0.001151983 0.735609055 0.190055132 0.017144786 0.999702334 -0.017353801 -0.021510281 -0.735410094 0.024367414 0.677183867 6.345322609
0.649827003 0.000549130 0.760081947 0.203233957 0.017293822 0.999730110 -0.015507504 -0.021612965 -0.759885371 0.023221916 0.649642110 6.355339050
0.621100068 -0.000134840 0.783731222 0.216706514 0.016124800 0.999790490 -0.012606746 -0.021971971 -0.783565402 0.020467561 0.620972037 6.365114212
0.591949522 -0.000565334 0.805974841 0.231479168 0.015294491 0.999827504 -0.010531755 -0.022135459 -0.805829942 0.018561246 0.591856062 6.374676704
0.562740326 -0.002496597 0.826629877 0.246857405 0.015838427 0.999844313 -0.007762499 -0.022399232 -0.826481938 0.017460791 0.562692344 6.383713722
0.533198535 -0.003040563 0.845984697 0.263026476 0.015349382 0.999863744 -0.006080629 -0.022665972 -0.845851004 0.016227527 0.533172488 6.393099785
0.503245115 -0.002191995 0.864140928 0.279953718 0.014359823 0.999879837 -0.005826341 -0.022928312 -0.864024401 0.015340989 0.503216147 6.401931763
0.473257810 0.003579596 0.880916715 0.297165155 0.008132416 0.999931216 -0.008432215 -0.022850785 -0.880886376 0.011154591 0.473196149 6.410719395
0.443873167 0.006963297 0.896062553 0.315300465 0.004967023 0.999935269 -0.010230953 -0.022795428 -0.896075904 0.008992007 0.443809807 6.419231892
0.414933622 0.007275920 0.909822524 0.334363937 0.003931639 0.999944329 -0.009789694 -0.023132291 -0.909843206 0.007639167 0.414881885 6.427255630
0.384948015 0.006635074 0.922914386 0.354287624 0.001154733 0.999969900 -0.007670687 -0.023523401 -0.922937572 0.004018534 0.384928733 6.434739113
0.354928493 0.006778684 0.934868872 0.374954700 -0.001748356 0.999976814 -0.006587004 -0.023557387 -0.934891820 0.000703432 0.354932129 6.442309380
0.325687587 0.007184295 0.945450127 0.396022797 -0.008573190 0.999952435 -0.004645164 -0.023917630 -0.945438564 -0.006592654 0.325733691 6.449371338
0.295941472 0.005668071 0.955189228 0.417784095 -0.012130385 0.999924004 -0.002175230 -0.024069635 -0.955129087 -0.010943074 0.295987785 6.455902576
0.267267823 0.005316798 0.963607609 0.440405130 -0.015369378 0.999881148 -0.001254064 -0.024410840 -0.963499665 -0.014474880 0.267317742 6.461796761
0.239017814 0.006139233 0.970995724 0.463824630 -0.018530525 0.999826729 -0.001760093 -0.024507213 -0.970838368 -0.017572371 0.239090145 6.467135906
0.211870924 0.008828553 0.977257788 0.487744331 -0.020590210 0.999777555 -0.004568010 -0.024688866 -0.977080762 -0.019154113 0.212005556 6.471997738
0.187918395 0.012955344 0.982099175 0.512696624 -0.020958003 0.999738216 -0.009177852 -0.024698773 -0.981961012 -0.018858146 0.188140720 6.476011276
0.166613817 0.015132884 0.985906065 0.537644506 -0.019967746 0.999728918 -0.011970595 -0.025011821 -0.985820055 -0.017691856 0.166870862 6.479914665
0.148380652 0.015438568 0.988809824 0.563413441 -0.017915284 0.999755979 -0.012921106 -0.025320809 -0.988768041 -0.015797565 0.148621038 6.483134747
0.133339256 0.013845851 0.990973771 0.590146720 -0.017230762 0.999783695 -0.011650478 -0.025742482 -0.990920663 -0.015521768 0.133548975 6.485716820
0.118229799 0.010560338 0.992930114 0.616648138 -0.016271058 0.999829829 -0.008696300 -0.025980294 -0.992852867 -0.015127864 0.118381500 6.489133358
0.103887804 0.006035885 0.994570732 0.644018173 -0.012177091 0.999914348 -0.004796359 -0.026272120 -0.994514465 -0.011612696 0.103952415 6.491616249
0.091989793 0.002842276 0.995755911 0.671928167 -0.012698756 0.999918103 -0.001681021 -0.026518680 -0.995678902 -0.012490225 0.092018329 6.493908405
0.080742799 0.003596678 0.996728480 0.700174332 -0.014886321 0.999886334 -0.002402165 -0.026734110 -0.996623755 -0.014643662 0.080787152 6.496106148
0.070284210 0.007799258 0.997496545 0.728598952 -0.017460858 0.999825776 -0.006587167 -0.027000876 -0.997374177 -0.016954171 0.070408151 6.498102665
0.060660377 0.011538994 0.998091877 0.757905245 -0.018070349 0.999781966 -0.010460286 -0.027094383 -0.997994900 -0.017401341 0.060855664 6.499608040
0.049453307 0.013171275 0.998689592 0.787246406 -0.018665884 0.999750614 -0.012260969 -0.027415089 -0.998601973 -0.018035078 0.049686834 6.501113415
0.038255740 0.011226195 0.999204934 0.817538500 -0.021764435 0.999709070 -0.010398582 -0.027843416 -0.999030888 -0.021349324 0.038488947 6.501947880
0.025158588 0.009907680 0.999634326 0.847995162 -0.023023859 0.999691367 -0.009328785 -0.028762937 -0.999418437 -0.022780742 0.025378935 6.502867222
0.012717557 0.009619386 0.999872863 0.878904581 -0.022827849 0.999695957 -0.009327332 -0.029320059 -0.999658585 -0.022706322 0.012933281 6.502374172
-0.000655488 0.008736157 0.999961615 0.909834743 -0.020699233 0.999747455 -0.008747854 -0.029771348 -0.999785542 -0.020704173 -0.000474490 6.502571106
-0.013040110 0.005709407 0.999898612 0.941535592 -0.019085517 0.999800026 -0.005957747 -0.029890241 -0.999732792 -0.019161271 -0.012928536 6.501956463
-0.024773346 0.001845609 0.999691367 0.973136842 -0.017283386 0.999848068 -0.002274198 -0.030219175 -0.999543667 -0.017334390 -0.024737680 6.500628948
-0.035720672 0.000233519 0.999361753 1.004400134 -0.016008725 0.999871492 -0.000805846 -0.030521585 -0.999233663 -0.016027287 -0.035712346 6.499293804
-0.045139197 0.000910264 0.998980403 1.036151052 -0.014531933 0.999893188 -0.001567725 -0.031011030 -0.998875022 -0.014587882 -0.045121152 6.497636795
-0.054238778 0.004791590 0.998516560 1.067854047 -0.010339131 0.999932110 -0.005359998 -0.031500593 -0.998474538 -0.010614512 -0.054185558 6.496039391
-0.060329549 0.009459659 0.998133719 1.099986911 -0.006455580 0.999930501 -0.009866877 -0.031561911 -0.998157680 -0.007038794 -0.060264282 6.493684292
-0.065205373 0.011016509 0.997811079 1.131481171 -0.002596499 0.999933779 -0.011209623 -0.032112397 -0.997868478 -0.003321743 -0.065172464 6.491017818
-0.068746962 0.008870893 0.997594655 1.164654255 -0.000935742 0.999959409 -0.008956406 -0.032602027 -0.997633636 -0.001549217 -0.068735860 6.488722801
-0.072008818 0.005488698 0.997389019 1.196594000 0.002037555 0.999983728 -0.005355872 -0.033088021 -0.997401893 0.001646565 -0.072018810 6.485887527
-0.074997909 0.003546893 0.997177362 1.229074001 0.002857297 0.999990344 -0.003342001 -0.033777229 -0.997179508 0.002598590 -0.075007312 6.483166695
-0.077740423 0.003760309 0.996966541 1.262590647 0.004412673 0.999984384 -0.003427604 -0.034087367 -0.996963799 0.004132825 -0.077755809 6.480496883
-0.077896699 0.004533646 0.996951044 1.295310020 0.005896097 0.999974191 -0.004086702 -0.034339141 -0.996944010 0.005559780 -0.077921405 6.477336884
-0.078264400 0.004270555 0.996923506 1.328789473 0.008159216 0.999960005 -0.003643016 -0.034709796 -0.996899247 0.007848995 -0.078296117 6.474522114
-0.077219993 0.003576293 0.997007787 1.361264229 0.010402718 0.999941945 -0.002781110 -0.035410270 -0.996959746 0.010156831 -0.077252723 6.471645832
-0.075616129 0.004291297 0.997127891 1.395826459 0.012685080 0.999913931 -0.003341329 -0.035547297 -0.997056305 0.012395987 -0.075664066 6.469119549
-0.073383003 0.004096512 0.997295439 1.429502368 0.014625872 0.999888361 -0.003030962 -0.036081970 -0.997196615 0.014363895 -0.073434718 6.466948986
-0.070613481 0.003727046 0.997496843 1.463603377 0.014980366 0.999884188 -0.002675496 -0.036123224 -0.997391224 0.014753941 -0.070661142 6.463944435
-0.066324815 0.002843061 0.997794032 1.499136209 0.016009279 0.999870241 -0.001784817 -0.035876449 -0.997669637 0.015855584 -0.066361710 6.460737228
-0.063268624 0.000386856 0.997996509 1.533560514 0.017234558 0.999851227 0.000705021 -0.037084214 -0.997847736 0.017244635 -0.063265882 6.459095478
