1.000000000 0.000000000 0.000000000 0.000000000 0.000000000 1.000000000 0.000000000 0.000000000 0.000000000 0.000000000 1.000000000 0.000000000
0.999997675 -0.000399555 -0.002099690 0.000124587 0.000400007 0.999999821 0.000214803 -0.000680931 0.002099603 -0.000215643 0.999997795 0.060758147
0.999987900 -0.002585038 -0.004192289 -0.000027854 0.002590154 0.999995887 0.001215483 -0.001546526 0.004189130 -0.001226327 0.999990404 0.121486306
0.999967217 -0.004687594 -0.006605882 -0.000257528 0.004695232 0.999988317 0.001141210 -0.001995780 0.006600455 -0.001172189 0.999977469 0.181992009
0.999934435 -0.006267666 -0.009574685 -0.000647874 0.006274983 0.999980032 0.000734435 -0.002468337 0.009569890 -0.000794468 0.999953866 0.242859647
0.999906898 -0.006073266 -0.012219120 -0.001524863 0.006094310 0.999980032 0.001685755 -0.002979837 0.012208635 -0.001760065 0.999923885 0.303237528
0.999886572 -0.004110185 -0.014486785 -0.002590738 0.004139258 0.999989450 0.001977501 -0.003616252 0.014478504 -0.002037242 0.999893129 0.363578677
0.999852955 -0.003482028 -0.016790655 -0.003684229 0.003499804 0.999993443 0.001029437 -0.004465722 0.016786952 -0.001088050 0.999858439 0.424312741
0.999804497 -0.001994563 -0.019672390 -0.004591295 0.001968121 0.999997139 -0.001363405 -0.005060916 0.019675052 0.001324421 0.999805510 0.485939771
0.999751747 -0.000806639 -0.022267366 -0.005944860 0.000714568 0.999991179 -0.004142431 -0.005679558 0.022270510 0.004125491 0.999743462 0.545620620
0.999706268 0.000903534 -0.024219472 -0.007805239 -0.000999487 0.999991715 -0.003950017 -0.005975608 0.024215698 0.003973063 0.999698877 0.606034517
0.999659240 0.001868464 -0.026037032 -0.009085522 -0.001849792 0.999998093 0.000741219 -0.007503686 0.026038364 -0.000692804 0.999660730 0.667707384
0.999609292 0.001124940 -0.027923783 -0.011209654 -0.000980716 0.999986112 0.005178107 -0.007775959 0.027929213 -0.005148699 0.999596775 0.728122294
0.999563456 0.002019295 -0.029474024 -0.012865060 -0.001796488 0.999969602 0.007583944 -0.007827127 0.029488442 -0.007527685 0.999536812 0.790273488
0.999496937 0.001832914 -0.031661827 -0.014973304 -0.001604614 0.999972522 0.007234502 -0.007943607 0.031674214 -0.007180057 0.999472558 0.850229859
0.999432862 0.002096948 -0.033607621 -0.016331390 -0.002004427 0.999994099 0.002786430 -0.008566030 0.033613265 -0.002717486 0.999431252 0.911161959
0.999322891 0.001612083 -0.036757458 -0.019341815 -0.001715207 0.999994636 -0.002774152 -0.009236511 0.036752790 0.002835320 0.999320388 0.971269548
0.999206901 0.000829622 -0.039807636 -0.021271488 -0.001120580 0.999972820 -0.007287338 -0.009303814 0.039800502 0.007326167 0.999180794 1.032402635
0.999041736 -0.004364266 -0.043549761 -0.024276549 0.004047815 0.999964774 -0.007351932 -0.011414236 0.043580312 0.007168605 0.999024212 1.093813419
0.998872459 -0.009812284 -0.046449296 -0.026651273 0.009569506 0.999939382 -0.005446243 -0.012211402 0.046499923 0.004995606 0.998905838 1.154522896
0.998636127 -0.012333017 -0.050732292 -0.030343901 0.012199169 0.999921262 -0.002947127 -0.013240328 0.050764643 0.002324215 0.998707950 1.217144132
0.998517096 -0.012591754 -0.052962948 -0.031951092 0.012423480 0.999916673 -0.003505214 -0.014252771 0.053002678 0.002842032 0.998590291 1.277030468
0.998340070 -0.010294126 -0.056667261 -0.036714144 0.010136007 0.999943912 -0.003077036 -0.014362891 0.056695752 0.002497548 0.998388290 1.343005896
0.998325646 -0.006547239 -0.057471108 -0.041031852 0.006576499 0.999978364 0.000320042 -0.015434108 0.057467747 -0.000697464 0.998347044 1.404625773
0.998179376 -0.004943510 -0.060111955 -0.044364478 0.005066251 0.999985337 0.001889624 -0.015721507 0.060101725 -0.002190726 0.998189867 1.469164729
0.998119593 -0.001068804 -0.061286971 -0.048592381 0.001187470 0.999997497 0.001899853 -0.016304068 0.061284795 -0.001969058 0.998118401 1.533518076
0.998064816 0.001661127 -0.062160067 -0.052902780 -0.001632396 0.999998569 0.000513008 -0.016893093 0.062160831 -0.000410546 0.998066068 1.597413301
0.997934282 0.004224886 -0.064103693 -0.056937885 -0.004362985 0.999988437 -0.002014489 -0.017269822 0.064094454 0.002290011 0.997941136 1.660339355
0.997867286 0.005132404 -0.065073326 -0.061853390 -0.005227508 0.999985516 -0.001291331 -0.017418506 0.065065764 0.001628749 0.997879565 1.725929141
0.997756839 0.004195981 -0.066810824 -0.063959166 -0.004124393 0.999990761 0.001209418 -0.019542262 0.066815279 -0.000931151 0.997764945 1.783968568
0.997704148 0.002246841 -0.067686707 -0.066609815 -0.002034914 0.999992788 0.003199789 -0.020107385 0.067693412 -0.003054706 0.997701466 1.844103217
0.997543335 -0.000813735 -0.070047528 -0.072848469 0.001028096 0.999994874 0.003024226 -0.020384369 0.070044704 -0.003088812 0.997539043 1.914409637
0.997469783 -0.001288174 -0.071079440 -0.078682669 0.001412208 0.999997437 0.001694773 -0.020856053 0.071077079 -0.001790864 0.997469246 1.982412934
0.997314632 -0.000577685 -0.073233820 -0.081331804 0.000575362 0.999999762 -0.000052823 -0.021401849 0.073233828 0.000010545 0.997314930 2.043830156
0.997289598 0.001075310 -0.073567778 -0.085239291 -0.001132254 0.999998987 -0.000732321 -0.021268707 0.073566929 0.000813633 0.997289956 2.107605457
0.997152209 0.002404046 -0.075377069 -0.091822967 -0.002496158 0.999996245 -0.001127822 -0.022735890 0.075374082 0.001312763 0.997154474 2.172941446
0.997055471 0.002402306 -0.076646000 -0.097110420 -0.002569530 0.999994576 -0.002083223 -0.023192508 0.076640576 0.002274033 0.997056186 2.239119291
0.996903241 0.002847859 -0.078586355 -0.101211727 -0.003154803 0.999987900 -0.003781945 -0.024643090 0.078574643 0.004018157 0.996900141 2.303774834
0.996834755 0.002952148 -0.079446942 -0.106999449 -0.003299578 0.999985576 -0.004242192 -0.025104765 0.079433270 0.004490905 0.996830046 2.372149467
0.996698260 0.005051833 -0.081036381 -0.112702616 -0.005225867 0.999984443 -0.001935673 -0.026888622 0.081025340 0.002352767 0.996709287 2.438070297
0.996628940 0.006465046 -0.081786476 -0.118038021 -0.006446895 0.999979019 0.000486005 -0.028488502 0.081787907 0.000042902 0.996649742 2.506800890
0.996454656 0.007328659 -0.083811350 -0.124332726 -0.007250226 0.999972939 0.001240168 -0.028046930 0.083818175 -0.000628120 0.996480823 2.571776867
0.996348202 0.007408126 -0.085061260 -0.128927007 -0.007315381 0.999972284 0.001401962 -0.029902229 0.085069291 -0.000774586 0.996374786 2.635853767
0.996225595 0.007364993 -0.086488917 -0.134767100 -0.007235635 0.999972165 0.001809062 -0.031082867 0.086499833 -0.001176432 0.996251166 2.705312967
0.995976686 0.005966538 -0.089413710 -0.141680986 -0.005804634 0.999980986 0.002070648 -0.031121444 0.089424364 -0.001543304 0.995992422 2.773037434
0.995824695 0.005004725 -0.091148309 -0.147226572 -0.004758329 0.999984384 0.002920338 -0.032885600 0.091161504 -0.002474431 0.995833099 2.840848684
0.995604813 0.003668384 -0.093582153 -0.154287726 -0.003292867 0.999985874 0.004166809 -0.032346323 0.093596131 -0.003840343 0.995602846 2.907528400
0.995411098 0.002070540 -0.095668525 -0.159831196 -0.001553159 0.999983668 0.005482213 -0.033354037 0.095678322 -0.005308467 0.995398164 2.972698212
0.995120108 0.001218127 -0.098663270 -0.167947441 -0.000745284 0.999988079 0.004829204 -0.033193946 0.098667972 -0.004732106 0.995109141 3.042411566
0.994873643 0.002929188 -0.101082630 -0.173312709 -0.002581199 0.999990284 0.003573242 -0.034618527 0.101092108 -0.003294010 0.994871616 3.107566833
0.994623125 0.005340768 -0.103422903 -0.182538211 -0.005254888 0.999985576 0.001102832 -0.034444947 0.103427283 -0.000553426 0.994636834 3.177656174
0.994664669 0.006920583 -0.102929108 -0.191240937 -0.006477372 0.999968290 0.004639611 -0.035306744 0.102957956 -0.003948147 0.994677842 3.239167690
0.994173467 0.005964382 -0.107627109 -0.198006123 -0.005184423 0.999958158 0.007525227 -0.034939919 0.107667506 -0.006923397 0.994162798 3.315693855
0.993950188 0.002318777 -0.109807990 -0.203637272 -0.001339263 0.999958575 0.008993155 -0.035607602 0.109824307 -0.008791687 0.993912101 3.382390976
0.993740857 0.001005941 -0.111705422 -0.213525981 -0.000354858 0.999982834 0.005848301 -0.035585992 0.111709356 -0.005772057 0.993724287 3.454235077
0.993542373 -0.001554832 -0.113451250 -0.218911573 0.002175429 0.999983370 0.005346572 -0.037045673 0.113441043 -0.005558852 0.993529260 3.520574331
0.993379176 -0.002959187 -0.114843220 -0.230441853 0.003337216 0.999989748 0.003099572 -0.035205938 0.114832863 -0.003462307 0.993378818 3.593530893
0.993212700 -0.002827567 -0.116277702 -0.236983314 0.003018743 0.999994457 0.001468062 -0.036745284 0.116272897 -0.001809111 0.993215680 3.660013199
0.992885768 0.001265094 -0.119063415 -0.247655943 -0.001312079 0.999999106 -0.000316233 -0.035817370 0.119062908 0.000470204 0.992886543 3.732261419
0.992870867 0.011953740 -0.118593492 -0.256539136 -0.011609573 0.999926150 0.003592546 -0.035945065 0.118627675 -0.002190115 0.992936313 3.801096201
0.992492855 0.021094672 -0.120468490 -0.266642183 -0.020131476 0.999754965 0.009206994 -0.036020137 0.120633185 -0.006712666 0.992674589 3.871331215
0.992552042 0.021249078 -0.119954079 -0.276248634 -0.020106670 0.999740303 0.010726172 -0.036883790 0.120150857 -0.008234406 0.992721498 3.939000607
0.992415369 0.014887780 -0.122024819 -0.284648061 -0.013898523 0.999863207 0.008954231 -0.036033541 0.122141436 -0.007190350 0.992486775 4.010875225
0.992330134 0.009884964 -0.123220131 -0.292690247 -0.008944898 0.999926448 0.008180049 -0.036660809 0.123291939 -0.007015117 0.992345631 4.079069138
0.992389441 0.008851334 -0.122821450 -0.301988602 -0.008382934 0.999955416 0.004329914 -0.036476944 0.122854322 -0.003267356 0.992419362 4.151919365
0.992577195 0.011841130 -0.121038429 -0.311805606 -0.011509739 0.999927878 0.003436681 -0.036465820 0.121070392 -0.002018049 0.992641866 4.220814705
0.992629528 0.016949456 -0.119997226 -0.320967734 -0.016491963 0.999852479 0.004804656 -0.036155351 0.120060943 -0.002790254 0.992762625 4.291826248
0.992802739 0.017413076 -0.118488587 -0.330053687 -0.016724952 0.999836981 0.006799515 -0.036562212 0.118587680 -0.004768861 0.992932081 4.361126423
0.992771029 0.015848041 -0.118972793 -0.338754535 -0.015343221 0.999868989 0.005157916 -0.036184683 0.119038932 -0.003295202 0.992884099 4.431710720
0.992624462 0.015330163 -0.120256737 -0.347427189 -0.015083320 0.999881864 0.002962696 -0.036423694 0.120287932 -0.001126973 0.992738426 4.501256466
0.992439806 0.018737897 -0.121293284 -0.356206357 -0.018177260 0.999818385 0.005727087 -0.036812082 0.121378586 -0.003479009 0.992600203 4.571654797
0.992344797 0.021241901 -0.121657863 -0.364915013 -0.020571042 0.999765515 0.006767807 -0.037172385 0.121773094 -0.004213370 0.992549062 4.642238617
0.992350399 0.023838112 -0.121129721 -0.375397563 -0.023526268 0.999715328 0.004004105 -0.037140504 0.121190675 -0.001123745 0.992628634 4.711699486
0.992460370 0.024536280 -0.120084353 -0.385252357 -0.024458129 0.999698579 0.002124806 -0.037556317 0.120100282 0.000828253 0.992761493 4.781943321
0.992266953 0.023031147 -0.121966831 -0.394146919 -0.023049735 0.999733508 0.001258698 -0.037774667 0.121963330 0.001562338 0.992533386 4.852260113
0.992330909 0.020567678 -0.121886082 -0.403261483 -0.020422891 0.999788404 0.002437196 -0.038546838 0.121910401 0.000070762 0.992541134 4.923449516
0.992335796 0.018827513 -0.122128725 -0.412793070 -0.018456724 0.999821007 0.004166739 -0.038842905 0.122185312 -0.001880707 0.992505550 4.990279198
0.992441177 0.017496746 -0.121467873 -0.422452092 -0.017175552 0.999845684 0.003690877 -0.039034724 0.121513717 -0.001576700 0.992588580 5.061600685
0.992336094 0.018231360 -0.122215934 -0.430846274 -0.017725034 0.999829233 0.005228923 -0.039640889 0.122290388 -0.003022568 0.992489696 5.126834869
0.992387056 0.019341346 -0.121630557 -0.439903915 -0.018714277 0.999805033 0.006295880 -0.040704094 0.121728621 -0.003971722 0.992555499 5.195615768
0.992265344 0.019205723 -0.122640446 -0.448842049 -0.018844804 0.999814034 0.004102279 -0.039445788 0.122696407 -0.001759415 0.992442667 5.263241768
0.992173672 0.021025429 -0.123083070 -0.457239598 -0.020672135 0.999777794 0.004146860 -0.039962009 0.123142906 -0.001570016 0.992387712 5.332128525
0.992188334 0.019484010 -0.123218067 -0.467082739 -0.019139806 0.999809027 0.003976619 -0.039767571 0.123271987 -0.001587185 0.992371678 5.399713993
0.992266536 0.019107265 -0.122645482 -0.476527572 -0.018753743 0.999816000 0.004036308 -0.040255584 0.122700028 -0.001705032 0.992442369 5.469531059
0.992113113 0.018117864 -0.124029458 -0.485466897 -0.017964242 0.999835789 0.002356950 -0.040969387 0.124051802 -0.000110267 0.992275715 5.536529541
0.992078900 0.018163363 -0.124296278 -0.494647324 -0.018082792 0.999834895 0.001776460 -0.041230451 0.124308020 0.000485235 0.992243528 5.605681419
0.992057920 0.017354719 -0.124579221 -0.502808034 -0.017197670 0.999849379 0.002336039 -0.041823059 0.124600992 -0.000175013 0.992206872 5.675798893
0.992013812 0.019057060 -0.124681525 -0.512674034 -0.018932300 0.999818385 0.002185503 -0.042196698 0.124700516 0.000192460 0.992194414 5.742889404
0.991850793 0.019738281 -0.125866741 -0.521412373 -0.019577118 0.999805152 0.002517426 -0.043137081 0.125891909 -0.000032804 0.992043972 5.810899734
0.991760969 0.017765790 -0.126864463 -0.529751301 -0.017778747 0.999841392 0.001030265 -0.043456309 0.126862645 0.001233715 0.991919458 5.879615307
0.991878688 0.015955383 -0.126182944 -0.539908469 -0.015845828 0.999872625 0.001872005 -0.043528054 0.126196742 0.000142670 0.992005229 5.946560383
0.991763890 0.016715318 -0.126984447 -0.548308730 -0.016396319 0.999859214 0.003557026 -0.044231802 0.127026036 -0.001445652 0.991898358 6.013189793
0.991904378 0.017953124 -0.125711635 -0.559053004 -0.017509542 0.999835968 0.004632726 -0.044091985 0.125774190 -0.002394068 0.992055953 6.082864285
0.991639793 0.019294597 -0.127585903 -0.567439437 -0.018953087 0.999812782 0.003890330 -0.044497237 0.127637058 -0.001439659 0.991819918 6.147865295
0.991853058 0.021147994 -0.125619531 -0.577350616 -0.020965545 0.999776304 0.002774439 -0.044985015 0.125650078 -0.000118154 0.992074668 6.216507435
0.991731822 0.019229360 -0.126878783 -0.586508691 -0.018916313 0.999814332 0.003671861 -0.045026846 0.126925781 -0.001241423 0.991911530 6.283166409
0.991906464 0.020817097 -0.125252232 -0.595763087 -0.020383468 0.999781013 0.004742774 -0.045963831 0.125323519 -0.002151314 0.992113590 6.350252628
0.991833389 0.021028267 -0.125794664 -0.603983462 -0.020962648 0.999778569 0.001845552 -0.044855133 0.125805616 0.000806509 0.992054582 6.417898178
0.991919458 0.022215884 -0.124908254 -0.612913370 -0.022285858 0.999751270 0.000837245 -0.045517281 0.124895781 0.001953208 0.992167950 6.484719753
0.992184877 0.022636460 -0.122705497 -0.622215509 -0.022642123 0.999742687 0.001348434 -0.046372920 0.122704446 0.001440417 0.992442191 6.551369190
0.992202401 0.021805640 -0.122714631 -0.631070733 -0.021860728 0.999760628 0.000897638 -0.046578996 0.122704834 0.001791992 0.992441535 6.618488789
0.992343307 0.020544983 -0.121789142 -0.639800251 -0.020623799 0.999787152 0.000613513 -0.046613697 0.121775836 0.001902939 0.992555797 6.685095787
0.992134333 0.021209873 -0.123367846 -0.647628784 -0.021309715 0.999772727 0.000510276 -0.047358550 0.123350665 0.002122672 0.992360830 6.752925873
0.992228568 0.022583531 -0.122361064 -0.656710446 -0.022702785 0.999742150 0.000419670 -0.047385555 0.122338988 0.002361529 0.992485583 6.820376396
0.992146850 0.020640614 -0.123363838 -0.665063560 -0.020436144 0.999786854 0.002922752 -0.048805874 0.123397887 -0.000378718 0.992357135 6.888108730
0.992298126 0.019226536 -0.122371718 -0.673748016 -0.019253707 0.999814212 0.000960556 -0.049036592 0.122367449 0.001402951 0.992483854 6.953212261
0.992176354 0.021468079 -0.122984737 -0.683084607 -0.021616912 0.999766290 0.000124196 -0.050096355 0.122958668 0.002535326 0.992408574 7.022423267
0.992353857 0.020605037 -0.121693678 -0.691584826 -0.021038046 0.999776125 -0.002274236 -0.050769538 0.121619567 0.004817044 0.992565095 7.089272976
0.992377698 0.021033879 -0.121424496 -0.700578630 -0.021304375 0.999772608 -0.000929717 -0.051426355 0.121377334 0.003509504 0.992600262 7.157406330
0.992609501 0.020957422 -0.119528331 -0.710044503 -0.021149928 0.999776304 -0.000342071 -0.051683057 0.119494416 0.002867559 0.992830694 7.224882126
0.992558479 0.021808192 -0.119799875 -0.718217373 -0.021826863 0.999761105 0.001156456 -0.052456673 0.119796492 0.001467006 0.992797375 7.292653561
0.992770731 0.022880193 -0.117825009 -0.726979673 -0.022898812 0.999737084 0.001195884 -0.053015873 0.117821395 0.001510814 0.993033588 7.360659122
0.992721736 0.022729773 -0.118266523 -0.735145450 -0.022741152 0.999740541 0.001253475 -0.053873714 0.118264332 0.001445164 0.992981076 7.426304340
0.992796659 0.021966292 -0.117781319 -0.742605507 -0.022178175 0.999753892 -0.000488432 -0.054394655 0.117741600 0.003097089 0.993039429 7.492055416
0.992738068 0.021479795 -0.118362494 -0.750988781 -0.021523768 0.999767840 0.000906900 -0.055775508 0.118354499 0.001647292 0.992970049 7.560592651
0.992983282 0.021325471 -0.116315991 -0.760054111 -0.021267885 0.999772370 0.001736281 -0.056299511 0.116326541 0.000749698 0.993210733 7.628719807
0.992738307 0.021304945 -0.118391782 -0.767633796 -0.021096958 0.999772847 0.003009900 -0.056865238 0.118429027 -0.000490337 0.992962420 7.694956303
0.992650747 0.019186450 -0.119483337 -0.775330901 -0.018936994 0.999815404 0.003222968 -0.057576254 0.119523138 -0.000936627 0.992830992 7.762407780
0.992620349 0.018249417 -0.119882129 -0.783141971 -0.018247541 0.999832869 0.001113478 -0.057796855 0.119882412 0.001082293 0.992787480 7.829559803
0.992634296 0.018369794 -0.119748361 -0.791443288 -0.018562922 0.999827564 -0.000497431 -0.058297534 0.119718574 0.002716646 0.992804110 7.897369385
0.992193878 0.018056791 -0.123390742 -0.798788786 -0.018106718 0.999835789 0.000716824 -0.059121255 0.123383425 0.001522974 0.992357910 7.962621212
0.992107332 0.019048760 -0.123936296 -0.807150841 -0.019137450 0.999816775 0.000474983 -0.059415735 0.123922616 0.001900591 0.992290080 8.029397011
0.992051959 0.019140612 -0.124364689 -0.815618098 -0.019342151 0.999812841 -0.000413217 -0.060283154 0.124333508 0.002815414 0.992236435 8.096172333
0.991911173 0.019838130 -0.125374243 -0.823811650 -0.020105967 0.999797463 -0.000871157 -0.060485724 0.125331566 0.003384881 0.992109120 8.163235664
0.991793036 0.020730302 -0.126161993 -0.832474351 -0.020811040 0.999783158 0.000678204 -0.060855195 0.126148701 0.001952924 0.992009342 8.230046272
0.991689324 0.022244427 -0.126717925 -0.840664983 -0.022187084 0.999752104 0.001864126 -0.061765060 0.126727983 0.000962868 0.991937041 8.296456337
0.991567135 0.023243789 -0.127492085 -0.849308610 -0.023180738 0.999729276 0.001978434 -0.062416937 0.127503574 0.000993611 0.991837621 8.363550186
0.991529644 0.022291003 -0.127953187 -0.857640028 -0.022542479 0.999745667 -0.000517369 -0.062293913 0.127909139 0.003397368 0.991779983 8.431086540
0.991533041 0.021555418 -0.128052831 -0.866541922 -0.021863623 0.999760449 -0.001001553 -0.063092649 0.128000543 0.003792771 0.991766810 8.498822212
0.991512954 0.021646483 -0.128192648 -0.874847114 -0.021981725 0.999757588 -0.001200804 -0.063392915 0.128135592 0.004008509 0.991748512 8.565580368
0.991639555 0.021782251 -0.127186939 -0.883869231 -0.021741385 0.999762177 0.001709696 -0.064498052 0.127193913 0.001069819 0.991877377 8.633146286
0.991672754 0.021121835 -0.127039582 -0.891732752 -0.020900713 0.999776840 0.003073453 -0.065006226 0.127076164 -0.000392641 0.991892815 8.699212074
0.991828561 0.020178683 -0.125972643 -0.900115371 -0.019945947 0.999796271 0.003108683 -0.064998738 0.126009688 -0.000570636 0.992028832 8.765855789
0.991936207 0.017999543 -0.125453606 -0.908444107 -0.017568983 0.999835372 0.004537690 -0.066296019 0.125514627 -0.002297007 0.992089093 8.833264351
0.992120802 0.016797068 -0.124153949 -0.916710615 -0.016390577 0.999856412 0.004294883 -0.066396445 0.124208272 -0.002226088 0.992253661 8.898077965
0.991924644 0.018553481 -0.125464275 -0.924673319 -0.018250899 0.999827027 0.003560837 -0.066968687 0.125508666 -0.001242246 0.992091715 8.965696335
0.991954148 0.019919669 -0.125020102 -0.933370829 -0.019772111 0.999801695 0.002421109 -0.067754671 0.125043511 0.000070282 0.992151260 9.031330109
0.991892099 0.020495504 -0.125419319 -0.941804767 -0.020313308 0.999789953 0.002731538 -0.068382464 0.125448957 -0.000161710 0.992100000 9.097475052
0.991715729 0.020586545 -0.126791567 -0.949291229 -0.020414313 0.999788046 0.002657798 -0.068872556 0.126819432 -0.000047417 0.991925776 9.163460732
0.991578579 0.020936182 -0.127803192 -0.957586050 -0.020750346 0.999780834 0.002785519 -0.069443531 0.127833456 -0.000110101 0.991795778 9.230397224
0.991370678 0.021486051 -0.129315510 -0.965367556 -0.021168234 0.999768615 0.003831789 -0.070076004 0.129367903 -0.001061342 0.991596103 9.297235489
0.991502941 0.021205580 -0.128343791 -0.974352419 -0.020566318 0.999768615 0.006304205 -0.070953928 0.128447771 -0.003611079 0.991709709 9.361187935
0.991389155 0.020294681 -0.129365876 -0.982125878 -0.019715676 0.999789059 0.005754916 -0.070966624 0.129455373 -0.003154826 0.991580307 9.428616524
0.991640031 0.018867785 -0.127648234 -0.990912914 -0.018327858 0.999817431 0.005403146 -0.072291337 0.127726898 -0.003018456 0.991804719 9.492352486
0.991681993 0.018726388 -0.127342835 -0.998911381 -0.018385062 0.999823630 0.003855322 -0.071379237 0.127392545 -0.001482049 0.991851270 9.559729576
0.991912365 0.019277360 -0.125452876 -1.008055210 -0.018558161 0.999803901 0.006899138 -0.072628848 0.125561297 -0.004515165 0.992075562 9.623352051
0.992251873 0.019318135 -0.122731723 -1.017695189 -0.018666491 0.999804914 0.006457271 -0.072258025 0.122832522 -0.004116269 0.992418945 9.688858032
0.992048264 0.019803384 -0.124290437 -1.024102926 -0.019134117 0.999795318 0.006576247 -0.072885782 0.124395229 -0.004145766 0.992224097 9.755674362
0.992149651 0.018645413 -0.123657972 -1.032146931 -0.018352242 0.999825478 0.003509583 -0.072769761 0.123701818 -0.001212631 0.992318749 9.821843147
0.992334127 0.018682038 -0.122163720 -1.040444970 -0.018448567 0.999825180 0.003042095 -0.072845027 0.122199178 -0.000765030 0.992505312 9.887359619
0.992526412 0.017058708 -0.120831519 -1.047510386 -0.016994879 0.999854326 0.001558826 -0.071853176 0.120840512 0.000506340 0.992671728 9.950329781
0.992526412 0.017058708 -0.120831519 -1.047510386 -0.016994879 0.999854326 0.001558826 -0.071853176 0.120840512 0.000506340 0.992671728 9.950329781
0.992526412 0.017058708 -0.120831519 -1.047510386 -0.016994879 0.999854326 0.001558826 -0.071853176 0.120840512 0.000506340 0.992671728 9.950329781
0.992526412 0.017058708 -0.120831519 -1.047510386 -0.016994879 0.999854326 0.001558826 -0.071853176 0.120840512 0.000506340 0.992671728 9.950329781
0.992526412 0.017058708 -0.120831519 -1.047510386 -0.016994879 0.999854326 0.001558826 -0.071853176 0.120840512 0.000506340 0.992671728 9.950329781
0.992526412 0.017058708 -0.120831519 -1.047510386 -0.016994879 0.999854326 0.001558826 -0.071853176 0.120840512 0.000506340 0.992671728 9.950329781
0.992526412 0.017058708 -0.120831519 -1.047510386 -0.016994879 0.999854326 0.001558826 -0.071853176 0.120840512 0.000506340 0.992671728 9.950329781
0.992526412 0.017058708 -0.120831519 -1.047510386 -0.016994879 0.999854326 0.001558826 -0.071853176 0.120840512 0.000506340 0.992671728 9.950329781
0.992526412 0.017058708 -0.120831519 -1.047510386 -0.016994879 0.999854326 0.001558826 -0.071853176 0.120840512 0.000506340 0.992671728 9.950329781
0.992526412 0.017058708 -0.120831519 -1.047510386 -0.016994879 0.999854326 0.001558826 -0.071853176 0.120840512 0.000506340 0.992671728 9.950329781
0.992526412 0.017058708 -0.120831519 -1.047510386 -0.016994879 0.999854326 0.001558826 -0.071853176 0.120840512 0.000506340 0.992671728 9.950329781
0.992526412 0.017058708 -0.120831519 -1.047510386 -0.016994879 0.999854326 0.001558826 -0.071853176 0.120840512 0.000506340 0.992671728 9.950329781
0.992526412 0.017058708 -0.120831519 -1.047510386 -0.016994879 0.999854326 0.001558826 -0.071853176 0.120840512 0.000506340 0.992671728 9.950329781
0.992526412 0.017058708 -0.120831519 -1.047510386 -0.016994879 0.999854326 0.001558826 -0.071853176 0.120840512 0.000506340 0.992671728 9.950329781
0.992526412 0.017058708 -0.120831519 -1.047510386 -0.016994879 0.999854326 0.001558826 -0.071853176 0.120840512 0.000506340 0.992671728 9.950329781
0.992526412 0.017058708 -0.120831519 -1.047510386 -0.016994879 0.999854326 0.001558826 -0.071853176 0.120840512 0.000506340 0.992671728 9.950329781
0.992526412 0.017058708 -0.120831519 -1.047510386 -0.016994879 0.999854326 0.001558826 -0.071853176 0.120840512 0.000506340 0.992671728 9.950329781
0.992526412 0.017058708 -0.120831519 -1.047510386 -0.016994879 0.999854326 0.001558826 -0.071853176 0.120840512 0.000506340 0.992671728 9.950329781
0.992526412 0.017058708 -0.120831519 -1.047510386 -0.016994879 0.999854326 0.001558826 -0.071853176 0.120840512 0.000506340 0.992671728 9.950329781
0.992526412 0.017058708 -0.120831519 -1.047510386 -0.016994879 0.999854326 0.001558826 -0.071853176 0.120840512 0.000506340 0.992671728 9.950329781
0.992526412 0.017058708 -0.120831519 -1.047510386 -0.016994879 0.999854326 0.001558826 -0.071853176 0.120840512 0.000506340 0.992671728 9.950329781
0.992526412 0.017058708 -0.120831519 -1.047510386 -0.016994879 0.999854326 0.001558826 -0.071853176 0.120840512 0.000506340 0.992671728 9.950329781
0.992526412 0.017058708 -0.120831519 -1.047510386 -0.016994879 0.999854326 0.001558826 -0.071853176 0.120840512 0.000506340 0.992671728 9.950329781
0.992526412 0.017058708 -0.120831519 -1.047510386 -0.016994879 0.999854326 0.001558826 -0.071853176 0.120840512 0.000506340 0.992671728 9.950329781
0.992526412 0.017058708 -0.120831519 -1.047510386 -0.016994879 0.999854326 0.001558826 -0.071853176 0.120840512 0.000506340 0.992671728 9.950329781
0.992526412 0.017058708 -0.120831519 -1.047510386 -0.016994879 0.999854326 0.001558826 -0.071853176 0.120840512 0.000506340 0.992671728 9.950329781
0.992526412 0.017058708 -0.120831519 -1.047510386 -0.016994879 0.999854326 0.001558826 -0.071853176 0.120840512 0.000506340 0.992671728 9.950329781
0.992526412 0.017058708 -0.120831519 -1.047510386 -0.016994879 0.999854326 0.001558826 -0.071853176 0.120840512 0.000506340 0.992671728 9.950329781
0.992526412 0.017058708 -0.120831519 -1.047510386 -0.016994879 0.999854326 0.001558826 -0.071853176 0.120840512 0.000506340 0.992671728 9.950329781
0.992526412 0.017058708 -0.120831519 -1.047510386 -0.016994879 0.999854326 0.001558826 -0.071853176 0.120840512 0.000506340 0.992671728 9.950329781
0.992526412 0.017058708 -0.120831519 -1.047510386 -0.016994879 0.999854326 0.001558826 -0.071853176 0.120840512 0.000506340 0.992671728 9.950329781
0.992526412 0.017058708 -0.120831519 -1.047510386 -0.016994879 0.999854326 0.001558826 -0.071853176 0.120840512 0.000506340 0.992671728 9.950329781
0.992526412 0.017058708 -0.120831519 -1.047510386 -0.016994879 0.999854326 0.001558826 -0.071853176 0.120840512 0.000506340 0.992671728 9.950329781
0.992526412 0.017058708 -0.120831519 -1.047510386 -0.016994879 0.999854326 0.001558826 -0.071853176 0.120840512 0.000506340 0.992671728 9.950329781
0.992526412 0.017058708 -0.120831519 -1.047510386 -0.016994879 0.999854326 0.001558826 -0.071853176 0.120840512 0.000506340 0.992671728 9.950329781
0.992526412 0.017058708 -0.120831519 -1.047510386 -0.016994879 0.999854326 0.001558826 -0.071853176 0.120840512 0.000506340 0.992671728 9.950329781
0.992526412 0.017058708 -0.120831519 -1.047510386 -0.016994879 0.999854326 0.001558826 -0.071853176 0.120840512 0.000506340 0.992671728 9.950329781
0.992526412 0.017058708 -0.120831519 -1.047510386 -0.016994879 0.999854326 0.001558826 -0.071853176 0.120840512 0.000506340 0.992671728 9.950329781
0.992526412 0.017058708 -0.120831519 -1.047510386 -0.016994879 0.999854326 0.001558826 -0.071853176 0.120840512 0.000506340 0.992671728 9.950329781
0.992526412 0.017058708 -0.120831519 -1.047510386 -0.016994879 0.999854326 0.001558826 -0.071853176 0.120840512 0.000506340 0.992671728 9.950329781
0.992526412 0.017058708 -0.120831519 -1.047510386 -0.016994879 0.999854326 0.001558826 -0.071853176 0.120840512 0.000506340 0.992671728 9.950329781
0.992526412 0.017058708 -0.120831519 -1.047510386 -0.016994879 0.999854326 0.001558826 -0.071853176 0.120840512 0.000506340 0.992671728 9.950329781
0.992526412 0.017058708 -0.120831519 -1.047510386 -0.016994879 0.999854326 0.001558826 -0.071853176 0.120840512 0.000506340 0.992671728 9.950329781
0.992526412 0.017058708 -0.120831519 -1.047510386 -0.016994879 0.999854326 0.001558826 -0.071853176 0.120840512 0.000506340 0.992671728 9.950329781
0.992526412 0.017058708 -0.120831519 -1.047510386 -0.016994879 0.999854326 0.001558826 -0.071853176 0.120840512 0.000506340 0.992671728 9.950329781
0.992526412 0.017058708 -0.120831519 -1.047510386 -0.016994879 0.999854326 0.001558826 -0.071853176 0.120840512 0.000506340 0.992671728 9.950329781
0.992526412 0.017058708 -0.120831519 -1.047510386 -0.016994879 0.999854326 0.001558826 -0.071853176 0.120840512 0.000506340 0.992671728 9.950329781
0.992526412 0.017058708 -0.120831519 -1.047510386 -0.016994879 0.999854326 0.001558826 -0.071853176 0.120840512 0.000506340 0.992671728 9.950329781
0.992526412 0.017058708 -0.120831519 -1.047510386 -0.016994879 0.999854326 0.001558826 -0.071853176 0.120840512 0.000506340 0.992671728 9.950329781
0.992526412 0.017058708 -0.120831519 -1.047510386 -0.016994879 0.999854326 0.001558826 -0.071853176 0.120840512 0.000506340 0.992671728 9.950329781
0.992526412 0.017058708 -0.120831519 -1.047510386 -0.016994879 0.999854326 0.001558826 -0.071853176 0.120840512 0.000506340 0.992671728 9.950329781
0.992526412 0.017058708 -0.120831519 -1.047510386 -0.016994879 0.999854326 0.001558826 -0.071853176 0.120840512 0.000506340 0.992671728 9.950329781
0.992526412 0.017058708 -0.120831519 -1.047510386 -0.016994879 0.999854326 0.001558826 -0.071853176 0.120840512 0.000506340 0.992671728 9.950329781
0.992526412 0.017058708 -0.120831519 -1.047510386 -0.016994879 0.999854326 0.001558826 -0.071853176 0.120840512 0.000506340 0.992671728 9.950329781
0.992526412 0.017058708 -0.120831519 -1.047510386 -0.016994879 0.999854326 0.001558826 -0.071853176 0.120840512 0.000506340 0.992671728 9.950329781
0.992526412 0.017058708 -0.120831519 -1.047510386 -0.016994879 0.999854326 0.001558826 -0.071853176 0.120840512 0.000506340 0.992671728 9.950329781
0.992526412 0.017058708 -0.120831519 -1.047510386 -0.016994879 0.999854326 0.001558826 -0.071853176 0.120840512 0.000506340 0.992671728 9.950329781
0.992526412 0.017058708 -0.120831519 -1.047510386 -0.016994879 0.999854326 0.001558826 -0.071853176 0.120840512 0.000506340 0.992671728 9.950329781
0.992526412 0.017058708 -0.120831519 -1.047510386 -0.016994879 0.999854326 0.001558826 -0.071853176 0.120840512 0.000506340 0.992671728 9.950329781
0.992526412 0.017058708 -0.120831519 -1.047510386 -0.016994879 0.999854326 0.001558826 -0.071853176 0.120840512 0.000506340 0.992671728 9.950329781
0.992526412 0.017058708 -0.120831519 -1.047510386 -0.016994879 0.999854326 0.001558826 -0.071853176 0.120840512 0.000506340 0.992671728 9.950329781
0.992526412 0.017058708 -0.120831519 -1.047510386 -0.016994879 0.999854326 0.001558826 -0.071853176 0.120840512 0.000506340 0.992671728 9.950329781
0.992526412 0.017058708 -0.120831519 -1.047510386 -0.016994879 0.999854326 0.001558826 -0.071853176 0.120840512 0.000506340 0.992671728 9.950329781
0.992526412 0.017058708 -0.120831519 -1.047510386 -0.016994879 0.999854326 0.001558826 -0.071853176 0.120840512 0.000506340 0.992671728 9.950329781
0.992526412 0.017058708 -0.120831519 -1.047510386 -0.016994879 0.999854326 0.001558826 -0.071853176 0.120840512 0.000506340 0.992671728 9.950329781
0.992526412 0.017058708 -0.120831519 -1.047510386 -0.016994879 0.999854326 0.001558826 -0.071853176 0.120840512 0.000506340 0.992671728 9.950329781
0.992526412 0.017058708 -0.120831519 -1.047510386 -0.016994879 0.999854326 0.001558826 -0.071853176 0.120840512 0.000506340 0.992671728 9.950329781
0.992526412 0.017058708 -0.120831519 -1.047510386 -0.016994879 0.999854326 0.001558826 -0.071853176 0.120840512 0.000506340 0.992671728 9.950329781
0.992526412 0.017058708 -0.120831519 -1.047510386 -0.016994879 0.999854326 0.001558826 -0.071853176 0.120840512 0.000506340 0.992671728 9.950329781
0.992526412 0.017058708 -0.120831519 -1.047510386 -0.016994879 0.999854326 0.001558826 -0.071853176 0.120840512 0.000506340 0.992671728 9.950329781
0.992526412 0.017058708 -0.120831519 -1.047510386 -0.016994879 0.999854326 0.001558826 -0.071853176 0.120840512 0.000506340 0.992671728 9.950329781
0.992526412 0.017058708 -0.120831519 -1.047510386 -0.016994879 0.999854326 0.001558826 -0.071853176 0.120840512 0.000506340 0.992671728 9.950329781
0.992526412 0.017058708 -0.120831519 -1.047510386 -0.016994879 0.999854326 0.001558826 -0.071853176 0.120840512 0.000506340 0.992671728 9.950329781
0.992526412 0.017058708 -0.120831519 -1.047510386 -0.016994879 0.999854326 0.001558826 -0.071853176 0.120840512 0.000506340 0.992671728 9.950329781
0.992526412 0.017058708 -0.120831519 -1.047510386 -0.016994879 0.999854326 0.001558826 -0.071853176 0.120840512 0.000506340 0.992671728 9.950329781
0.992526412 0.017058708 -0.120831519 -1.047510386 -0.016994879 0.999854326 0.001558826 -0.071853176 0.120840512 0.000506340 0.992671728 9.950329781
0.992526412 0.017058708 -0.120831519 -1.047510386 -0.016994879 0.999854326 0.001558826 -0.071853176 0.120840512 0.000506340 0.992671728 9.950329781
0.992526412 0.017058708 -0.120831519 -1.047510386 -0.016994879 0.999854326 0.001558826 -0.071853176 0.120840512 0.000506340 0.992671728 9.950329781
0.992526412 0.017058708 -0.120831519 -1.047510386 -0.016994879 0.999854326 0.001558826 -0.071853176 0.120840512 0.000506340 0.992671728 9.950329781
0.992526412 0.017058708 -0.120831519 -1.047510386 -0.016994879 0.999854326 0.001558826 -0.071853176 0.120840512 0.000506340 0.992671728 9.950329781
0.992526412 0.017058708 -0.120831519 -1.047510386 -0.016994879 0.999854326 0.001558826 -0.071853176 0.120840512 0.000506340 0.992671728 9.950329781
0.992526412 0.017058708 -0.120831519 -1.047510386 -0.016994879 0.999854326 0.001558826 -0.071853176 0.120840512 0.000506340 0.992671728 9.950329781
0.992526412 0.017058708 -0.120831519 -1.047510386 -0.016994879 0.999854326 0.001558826 -0.071853176 0.120840512 0.000506340 0.992671728 9.950329781
0.992526412 0.017058708 -0.120831519 -1.047510386 -0.016994879 0.999854326 0.001558826 -0.071853176 0.120840512 0.000506340 0.992671728 9.950329781
0.992526412 0.017058708 -0.120831519 -1.047510386 -0.016994879 0.999854326 0.001558826 -0.071853176 0.120840512 0.000506340 0.992671728 9.950329781
0.992526412 0.017058708 -0.120831519 -1.047510386 -0.016994879 0.999854326 0.001558826 -0.071853176 0.120840512 0.000506340 0.992671728 9.950329781
0.992526412 0.017058708 -0.120831519 -1.047510386 -0.016994879 0.999854326 0.001558826 -0.071853176 0.120840512 0.000506340 0.992671728 9.950329781
0.992526412 0.017058708 -0.120831519 -1.047510386 -0.016994879 0.999854326 0.001558826 -0.071853176 0.120840512 0.000506340 0.992671728 9.950329781
0.992526412 0.017058708 -0.120831519 -1.047510386 -0.016994879 0.999854326 0.001558826 -0.071853176 0.120840512 0.000506340 0.992671728 9.950329781
0.992526412 0.017058708 -0.120831519 -1.047510386 -0.016994879 0.999854326 0.001558826 -0.071853176 0.120840512 0.000506340 0.992671728 9.950329781
0.992526412 0.017058708 -0.120831519 -1.047510386 -0.016994879 0.999854326 0.001558826 -0.071853176 0.120840512 0.000506340 0.992671728 9.950329781
0.992526412 0.017058708 -0.120831519 -1.047510386 -0.016994879 0.999854326 0.001558826 -0.071853176 0.120840512 0.000506340 0.992671728 9.950329781
0.992526412 0.017058708 -0.120831519 -1.047510386 -0.016994879 0.999854326 0.001558826 -0.071853176 0.120840512 0.000506340 0.992671728 9.950329781
0.992526412 0.017058708 -0.120831519 -1.047510386 -0.016994879 0.999854326 0.001558826 -0.071853176 0.120840512 0.000506340 0.992671728 9.950329781
0.992526412 0.017058708 -0.120831519 -1.047510386 -0.016994879 0.999854326 0.001558826 -0.071853176 0.120840512 0.000506340 0.992671728 9.950329781
0.992526412 0.017058708 -0.120831519 -1.047510386 -0.016994879 0.999854326 0.001558826 -0.071853176 0.120840512 0.000506340 0.992671728 9.950329781
0.992526412 0.017058708 -0.120831519 -1.047510386 -0.016994879 0.999854326 0.001558826 -0.071853176 0.120840512 0.000506340 0.992671728 9.950329781
0.992526412 0.017058708 -0.120831519 -1.047510386 -0.016994879 0.999854326 0.001558826 -0.071853176 0.120840512 0.000506340 0.992671728 9.950329781
0.992526412 0.017058708 -0.120831519 -1.047510386 -0.016994879 0.999854326 0.001558826 -0.071853176 0.120840512 0.000506340 0.992671728 9.950329781
0.992526412 0.017058708 -0.120831519 -1.047510386 -0.016994879 0.999854326 0.001558826 -0.071853176 0.120840512 0.000506340 0.992671728 9.950329781
0.992526412 0.017058708 -0.120831519 -1.047510386 -0.016994879 0.999854326 0.001558826 -0.071853176 0.120840512 0.000506340 0.992671728 9.950329781
0.992526412 0.017058708 -0.120831519 -1.047510386 -0.016994879 0.999854326 0.001558826 -0.071853176 0.120840512 0.000506340 0.992671728 9.950329781
0.992526412 0.017058708 -0.120831519 -1.047510386 -0.016994879 0.999854326 0.001558826 -0.071853176 0.120840512 0.000506340 0.992671728 9.950329781
0.992526412 0.017058708 -0.120831519 -1.047510386 -0.016994879 0.999854326 0.001558826 -0.071853176 0.120840512 0.000506340 0.992671728 9.950329781
0.992526412 0.017058708 -0.120831519 -1.047510386 -0.016994879 0.999854326 0.001558826 -0.071853176 0.120840512 0.000506340 0.992671728 9.950329781
0.992526412 0.017058708 -0.120831519 -1.047510386 -0.016994879 0.999854326 0.001558826 -0.071853176 0.120840512 0.000506340 0.992671728 9.950329781
0.992526412 0.017058708 -0.120831519 -1.047510386 -0.016994879 0.999854326 0.001558826 -0.071853176 0.120840512 0.000506340 0.992671728 9.950329781
0.992526412 0.017058708 -0.120831519 -1.047510386 -0.016994879 0.999854326 0.001558826 -0.071853176 0.120840512 0.000506340 0.992671728 9.950329781
0.992526412 0.017058708 -0.120831519 -1.047510386 -0.016994879 0.999854326 0.001558826 -0.071853176 0.120840512 0.000506340 0.992671728 9.950329781
0.992526412 0.017058708 -0.120831519 -1.047510386 -0.016994879 0.999854326 0.001558826 -0.071853176 0.120840512 0.000506340 0.992671728 9.950329781
0.992526412 0.017058708 -0.120831519 -1.047510386 -0.016994879 0.999854326 0.001558826 -0.071853176 0.120840512 0.000506340 0.992671728 9.950329781
0.992526412 0.017058708 -0.120831519 -1.047510386 -0.016994879 0.999854326 0.001558826 -0.071853176 0.120840512 0.000506340 0.992671728 9.950329781
0.992526412 0.017058708 -0.120831519 -1.047510386 -0.016994879 0.999854326 0.001558826 -0.071853176 0.120840512 0.000506340 0.992671728 9.950329781
0.992526412 0.017058708 -0.120831519 -1.047510386 -0.016994879 0.999854326 0.001558826 -0.071853176 0.120840512 0.000506340 0.992671728 9.950329781
0.992526412 0.017058708 -0.120831519 -1.047510386 -0.016994879 0.999854326 0.001558826 -0.071853176 0.120840512 0.000506340 0.992671728 9.950329781
0.992526412 0.017058708 -0.120831519 -1.047510386 -0.016994879 0.999854326 0.001558826 -0.071853176 0.120840512 0.000506340 0.992671728 9.950329781
0.992526412 0.017058708 -0.120831519 -1.047510386 -0.016994879 0.999854326 0.001558826 -0.071853176 0.120840512 0.000506340 0.992671728 9.950329781
0.992526412 0.017058708 -0.120831519 -1.047510386 -0.016994879 0.999854326 0.001558826 -0.071853176 0.120840512 0.000506340 0.992671728 9.950329781
0.992526412 0.017058708 -0.120831519 -1.047510386 -0.016994879 0.999854326 0.001558826 -0.071853176 0.120840512 0.000506340 0.992671728 9.950329781
