1.000000000 0.000000000 0.000000000 0.000000000 0.000000000 1.000000000 0.000000000 0.000000000 0.000000000 0.000000000 1.000000000 0.000000000
0.999988258 0.000677077 0.004793763 0.000280309 -0.000677964 0.999999762 0.000183417 -0.000574626 -0.004793638 -0.000186665 0.999988496 0.047208846
0.999945402 0.002493801 0.010146065 0.000721819 -0.002504145 0.999996364 0.001006905 -0.000943822 -0.010143518 -0.001032257 0.999947965 0.094678655
0.999881566 0.002151287 0.015240132 0.001853066 -0.002160962 0.999997497 0.000618397 -0.001642284 -0.015238766 -0.000651257 0.999883592 0.141624093
0.999787092 0.001521138 0.020578450 0.003152954 -0.001491055 0.999997914 -0.001477149 -0.001833485 -0.020580649 0.001446151 0.999787092 0.189121529
0.999643087 0.001124377 0.026691908 0.005028404 -0.001015818 0.999991179 -0.004080314 -0.002336795 -0.026696261 0.004051743 0.999635398 0.236080050
0.999467731 0.000949489 0.032608464 0.006887641 -0.000763710 0.999983430 -0.005709258 -0.002840802 -0.032613344 0.005681316 0.999451876 0.283286035
0.999250948 -0.001650979 0.038661964 0.009038867 0.001892820 0.999978781 -0.006219495 -0.003389140 -0.038650885 0.006288017 0.999232948 0.330580533
0.999080122 -0.001860840 0.042842183 0.012595584 0.002131183 0.999978065 -0.006265397 -0.004365684 -0.042829592 0.006350938 0.999062181 0.380868644
0.998773634 -0.002655072 0.049438246 0.014178807 0.003005319 0.999970913 -0.007011549 -0.005080633 -0.049418185 0.007151528 0.998752594 0.426156968
0.998574197 -0.003651510 0.053255990 0.018470557 0.004099548 0.999957085 -0.008306102 -0.005990131 -0.053223368 0.008512585 0.998546362 0.475715101
0.998207808 -0.003316921 0.059751328 0.020661097 0.003931025 0.999940634 -0.010163019 -0.007007962 -0.059714071 0.010379687 0.998161554 0.521127939
0.997895181 0.000760165 0.064844437 0.024278160 0.000050119 0.999921978 -0.012493283 -0.007989634 -0.064848863 0.012470234 0.997817218 0.571283996
0.997501850 0.000740028 0.070636429 0.027539734 0.000143981 0.999921739 -0.012509014 -0.008776704 -0.070640147 0.012487934 0.997423649 0.616945207
0.997163594 -0.001313432 0.075253010 0.031674065 0.002179416 0.999932289 -0.011426670 -0.010022813 -0.075232901 0.011558268 0.997098982 0.666633427
0.996767998 0.001209959 0.080324017 0.035182200 -0.000260875 0.999929965 -0.011825141 -0.011120163 -0.080332711 0.011765967 0.996698678 0.713154018
0.996435225 0.004635786 0.084232882 0.039336033 -0.003501364 0.999901235 -0.013610437 -0.012102932 -0.084287673 0.013266985 0.996353269 0.763033807
0.996147573 0.008389954 0.087289684 0.044106513 -0.006864958 0.999818802 -0.017756073 -0.012518838 -0.087422818 0.017088432 0.996024787 0.812616706
0.995849848 0.004160144 0.090916201 0.046874456 -0.002291981 0.999784231 -0.020642947 -0.014148246 -0.090982467 0.020348893 0.995644569 0.854911923
0.995627701 0.003065490 0.093359903 0.052769125 -0.000828397 0.999711812 -0.023991369 -0.016005954 -0.093406551 0.023809133 0.995343328 0.905001044
0.995328248 0.003471430 0.096486248 0.057079662 -0.001342284 0.999754310 -0.022122987 -0.016512500 -0.096539356 0.021890122 0.995088339 0.951238871
0.995230615 -0.000037545 0.097549736 0.062374964 0.002190521 0.999756396 -0.021963540 -0.017716225 -0.097525157 0.022072472 0.994988203 1.000595808
0.995052576 -0.000625780 0.099348448 0.066749133 0.002666401 0.999788225 -0.020408582 -0.019745288 -0.099314623 0.020572519 0.994843304 1.050067782
0.994973838 -0.004129404 0.100049697 0.072167411 0.006239229 0.999764502 -0.020784048 -0.020923048 -0.099940307 0.021303819 0.994765282 1.094413996
0.994972527 -0.005390299 0.100002937 0.077450827 0.007408862 0.999776006 -0.019824650 -0.022476731 -0.099873662 0.020465894 0.994789541 1.144587994
0.994981170 -0.002806597 0.100023091 0.081519857 0.004662386 0.999821246 -0.018324681 -0.023596473 -0.099953763 0.018699057 0.994816363 1.190905333
0.994974852 -0.003096934 0.100077704 0.085923404 0.005049106 0.999801934 -0.019259160 -0.025019808 -0.099998213 0.019667685 0.994793177 1.239869356
0.995073318 -0.004433869 0.099042147 0.091645911 0.006368922 0.999794841 -0.019230049 -0.026311738 -0.098936550 0.019766100 0.994897425 1.289260149
0.995133817 -0.004517009 0.098428816 0.096573085 0.006569764 0.999767423 -0.020541104 -0.027717298 -0.098313138 0.021087799 0.994932055 1.334765792
0.995116353 -0.006739422 0.098478235 0.100737385 0.008686144 0.999774992 -0.019352689 -0.029074190 -0.098325655 0.020113572 0.994951010 1.383594751
0.995091856 -0.006917353 0.098713040 0.104615405 0.008675087 0.999811172 -0.017388400 -0.030000651 -0.098574109 0.018159399 0.994963944 1.431835175
0.995107710 -0.007886470 0.098480336 0.110690266 0.009440694 0.999837995 -0.015326068 -0.032182466 -0.098343499 0.016180811 0.995020986 1.477732420
0.995091796 -0.005722627 0.098789841 0.115146175 0.007258571 0.999858201 -0.015195185 -0.033256333 -0.098688871 0.015837679 0.994992316 1.526842833
0.995000064 -0.004937605 0.099751465 0.119697437 0.006642064 0.999837518 -0.016762210 -0.034289114 -0.099652462 0.017340953 0.994871199 1.575165272
0.994968057 -0.003587798 0.100128591 0.124230832 0.005521924 0.999803364 -0.019045960 -0.035981834 -0.100040570 0.019503023 0.994792223 1.619760871
0.994816303 -0.000624557 0.101686776 0.128631443 0.003001114 0.999725819 -0.023220040 -0.037121486 -0.101644412 0.023404848 0.994545460 1.668495059
0.994771600 0.003259291 0.102073275 0.133609161 -0.000952163 0.999743164 -0.022643231 -0.038531296 -0.102120854 0.022427652 0.994519234 1.716849446
0.994805992 0.003288654 0.101735413 0.138941213 -0.001017459 0.999749303 -0.022368373 -0.040365420 -0.101783462 0.022148676 0.994560003 1.761599422
0.994755089 -0.000662686 0.102283686 0.143721446 0.002545777 0.999829710 -0.018281028 -0.041331958 -0.102254160 0.018445533 0.994587362 1.809491158
0.994739473 -0.003536752 0.102375761 0.149291515 0.005341051 0.999835074 -0.017355524 -0.042307504 -0.102297507 0.017811015 0.994594395 1.858028650
0.994607210 -0.007443608 0.103445277 0.154065996 0.009146980 0.999830127 -0.016001772 -0.044160277 -0.103308596 0.016861690 0.994506419 1.903100729
0.994554758 -0.009971348 0.103736386 0.159661949 0.011806195 0.999784350 -0.017088618 -0.045403283 -0.103543602 0.018220302 0.994458079 1.950738788
0.994551420 -0.009921761 0.103773348 0.164883465 0.012264259 0.999683619 -0.021959521 -0.046240978 -0.103522643 0.023112576 0.994358540 1.997799993
0.994399607 -0.011125609 0.105098344 0.169362292 0.013752703 0.999610007 -0.024304967 -0.047848742 -0.104786940 0.025614239 0.994164705 2.042792559
0.994307935 -0.011216742 0.105952866 0.176043555 0.013907951 0.999598324 -0.024695430 -0.049352612 -0.105633304 0.026028449 0.994064391 2.090476990
0.994103491 -0.010229362 0.107951164 0.181004867 0.012726387 0.999666572 -0.022467518 -0.050802249 -0.107685328 0.023708869 0.993902266 2.138204336
0.993929505 -0.007899374 0.109734751 0.185377389 0.010231043 0.999733329 -0.020701453 -0.052396722 -0.109541960 0.021698484 0.993745327 2.183543205
0.993714154 -0.004229039 0.111867726 0.190432429 0.006821610 0.999716699 -0.022802707 -0.053935632 -0.111739598 0.023422491 0.993461490 2.231247425
0.993624866 -0.003927395 0.112668097 0.196330488 0.006571320 0.999711394 -0.023104712 -0.055375010 -0.112544842 0.023697792 0.993364096 2.278741837
0.993418336 -0.002765118 0.114508979 0.201190680 0.005292888 0.999748826 -0.021776706 -0.056617972 -0.114420012 0.022239465 0.993183434 2.324304104
0.993183911 -0.003515887 0.116504624 0.207385659 0.005627981 0.999825537 -0.017804839 -0.058038495 -0.116421707 0.018339166 0.993030548 2.372062922
0.992897868 -0.002876334 0.118935272 0.212997243 0.005026067 0.999829352 -0.017778810 -0.059287578 -0.118863836 0.018250320 0.992742836 2.419781685
0.992790878 -0.001862011 0.119844414 0.219308823 0.004300119 0.999789000 -0.020088561 -0.060759209 -0.119781695 0.020459089 0.992589474 2.467829466
0.992570162 -0.003040005 0.121635154 0.224995241 0.005769820 0.999739170 -0.022096731 -0.062098429 -0.121536240 0.022634370 0.992328823 2.511660576
0.992335975 -0.003111154 0.123529516 0.230501249 0.006031331 0.999710977 -0.023272598 -0.062592179 -0.123421401 0.023839284 0.992067873 2.557606936
0.992117226 -0.003025073 0.125276327 0.238462970 0.005989096 0.999710798 -0.023290019 -0.063554153 -0.125169635 0.023856722 0.991848409 2.606709719
0.991649330 -0.003720454 0.128909916 0.240737990 0.006836146 0.999694943 -0.023735503 -0.066175230 -0.128782272 0.024418540 0.991372287 2.651242733
0.991428077 -0.001244812 0.130647600 0.248175889 0.004377045 0.999709785 -0.023690255 -0.067697674 -0.130580187 0.024059039 0.991145790 2.698335409
0.990982533 -0.002344029 0.133970678 0.254825443 0.005756078 0.999668717 -0.025086988 -0.069499835 -0.133867502 0.025631912 0.990667701 2.746002436
0.990586460 -0.001737371 0.136877894 0.259473503 0.005440367 0.999629080 -0.026683833 -0.070275337 -0.136780798 0.027177308 0.990228534 2.791480064
0.990136862 -0.000996641 0.140100107 0.268202752 0.004969505 0.999595284 -0.028010342 -0.072509319 -0.140015498 0.028430302 0.989741087 2.839649916
0.989799917 0.002754153 0.142438248 0.275842309 0.001166639 0.999622941 -0.027435428 -0.074010432 -0.142460108 0.027321756 0.989423454 2.887857676
0.989224732 0.001287353 0.146399185 0.281392694 0.002601360 0.999648988 -0.026367843 -0.075666375 -0.146381751 0.026464561 0.988874137 2.933372736
0.988835037 0.002492763 0.148993552 0.289571941 0.001364706 0.999666631 -0.025782321 -0.077386416 -0.149008170 0.025697798 0.988501966 2.983653545
0.988251746 0.004776696 0.152760118 0.296570897 -0.000565306 0.999618888 -0.027600203 -0.079921536 -0.152833730 0.027189596 0.987877786 3.027515411
0.987654150 0.005050482 0.156568483 0.303137034 -0.000234581 0.999526680 -0.030762307 -0.081562757 -0.156649724 0.030345790 0.987187922 3.073904514
0.987102985 0.002161615 0.160071731 0.311688542 0.002809995 0.999520779 -0.030825768 -0.083388001 -0.160061672 0.030878000 0.986624002 3.121951818
0.986456513 0.000538451 0.164022237 0.318966746 0.004538482 0.999522090 -0.030576399 -0.083561271 -0.163960308 0.030906698 0.985982597 3.167967558
0.985919535 -0.000133689 0.167219833 0.328093946 0.004867986 0.999598801 -0.027902240 -0.086236984 -0.167149007 0.028323393 0.985524654 3.214227200
0.985270977 -0.002900749 0.170975283 0.336352408 0.007939271 0.999553859 -0.028792927 -0.088170663 -0.170815468 0.029726258 0.984854519 3.260462523
0.984709978 -0.001536831 0.174194932 0.344827771 0.006593669 0.999573290 -0.028454768 -0.090341032 -0.174076870 0.029168276 0.984299958 3.307315826
0.984082282 -0.000903212 0.177711323 0.355073690 0.006133324 0.999563932 -0.028883232 -0.092252284 -0.177607745 0.029513439 0.983658671 3.355192184
0.983388960 0.000804542 0.181508645 0.362044752 0.004428690 0.999586105 -0.028424740 -0.093920387 -0.181456372 0.028756423 0.982978463 3.400366783
0.982693493 0.000813373 0.185237288 0.371259332 0.004501693 0.999590099 -0.028270900 -0.096176505 -0.185184360 0.028615508 0.982287049 3.446527243
0.982143044 0.001280585 0.188131139 0.380960882 0.004248358 0.999570787 -0.028982617 -0.098195300 -0.188087523 0.029264322 0.981716216 3.490938663
0.981490910 0.000923350 0.191506892 0.390665621 0.004764901 0.999561071 -0.029239941 -0.100732841 -0.191449836 0.029611247 0.981055558 3.537839413
0.980874538 0.002443075 0.194625780 0.399849862 0.003185160 0.999585867 -0.028600041 -0.100988388 -0.194615036 0.028672967 0.980460525 3.585138798
0.980335593 0.001458652 0.197331995 0.408614904 0.003468765 0.999690771 -0.024622247 -0.102766231 -0.197306886 0.024822557 0.980027437 3.628989220
0.979863703 -0.001978093 0.199657738 0.419967890 0.006648972 0.999719620 -0.022726633 -0.105222300 -0.199556783 0.023596520 0.979602098 3.675841331
0.978958607 -0.000011337 0.204058573 0.425625086 0.005284853 0.999665976 -0.025298230 -0.105368912 -0.203990117 0.025844336 0.978631794 3.719106913
0.978682578 -0.000197474 0.205378801 0.441355854 0.006297152 0.999558210 -0.029046455 -0.108048499 -0.205282360 0.029720556 0.978251457 3.764471054
0.977910817 0.000220633 0.209022075 0.446847796 0.006778391 0.999440014 -0.032767691 -0.109717011 -0.208912224 0.033460721 0.977361739 3.809391737
0.977325797 -0.000022240 0.211741000 0.457489282 0.007111598 0.999439299 -0.032719791 -0.111085817 -0.211621553 0.033483714 0.976777911 3.854007244
0.976594329 -0.001807152 0.215082079 0.466909289 0.008766198 0.999468267 -0.031405814 -0.113216959 -0.214910969 0.032556195 0.976090908 3.898236275
0.976027787 -0.004303687 0.217603773 0.478616893 0.011202837 0.999472558 -0.030481387 -0.113865845 -0.217357814 0.032188457 0.975561082 3.941453934
0.975399733 -0.001704411 0.220437095 0.488617212 0.008575371 0.999506593 -0.030216523 -0.116941005 -0.220276847 0.031363517 0.974933147 3.987587214
0.974692285 0.000415910 0.223550484 0.497290432 0.006461871 0.999527991 -0.030033702 -0.118670456 -0.223457441 0.030718174 0.974229455 4.034054279
0.974062502 -0.000396954 0.226278722 0.508121610 0.007896652 0.999449015 -0.032239437 -0.120838791 -0.226141244 0.033190068 0.973528922 4.079602242
0.973466218 -0.001219495 0.228827372 0.517675340 0.009272635 0.999374628 -0.034121208 -0.122714490 -0.228642657 0.035337668 0.972868860 4.120181084
0.972769380 -0.002059913 0.231765956 0.529196143 0.010658940 0.999300122 -0.035856083 -0.125072688 -0.231529891 0.037350077 0.972110569 4.164086342
0.972149253 -0.002947274 0.234344006 0.539840341 0.011408564 0.999330580 -0.034758840 -0.127384499 -0.234084666 0.036464311 0.971532285 4.212426662
0.971754551 -0.003573733 0.235966653 0.551427960 0.011468017 0.999419153 -0.032091137 -0.129840389 -0.235714912 0.033890780 0.971231163 4.253064632
0.971023023 -0.004971984 0.238934249 0.561932802 0.012944849 0.999410033 -0.031810820 -0.131968766 -0.238635138 0.033982001 0.970514596 4.300097466
0.970551550 -0.005018121 0.240841314 0.574065924 0.013465738 0.999349892 -0.033442494 -0.132350698 -0.240516931 0.035700765 0.969988167 4.344665527
0.969970345 -0.003769534 0.243194059 0.585543633 0.012431609 0.999341309 -0.034093104 -0.134537995 -0.242905334 0.036092591 0.969378352 4.387532234
0.969343841 -0.004314992 0.245670527 0.597202182 0.013119876 0.999328434 -0.034214824 -0.135990798 -0.245357931 0.036389094 0.968749285 4.430742741
0.968767822 -0.001795297 0.247963116 0.609074771 0.010273093 0.999405980 -0.032900117 -0.137978330 -0.247756690 0.034419928 0.968210638 4.476853371
0.968036950 0.001044298 0.250805467 0.620821118 0.007632683 0.999405503 -0.033621266 -0.139824018 -0.250691473 0.034460943 0.967453420 4.520514011
0.967299581 -0.002300309 0.253626168 0.632797480 0.011380079 0.999345481 -0.034338512 -0.142292351 -0.253381222 0.036101915 0.966692626 4.562610149
0.966319859 -0.004005524 0.257312775 0.644506633 0.013797766 0.999247134 -0.036261510 -0.144414455 -0.256973773 0.038590558 0.965647638 4.606006622
0.965424657 -0.003167275 0.260662675 0.656040311 0.013709208 0.999159336 -0.038634598 -0.145448491 -0.260321140 0.040872280 0.964656591 4.648159504
0.964475632 -0.004765345 0.264129281 0.668021917 0.015383317 0.999153733 -0.038146164 -0.147991538 -0.263723969 0.040854223 0.963732660 4.694809437
0.963746250 -0.003267135 0.266800553 0.680463254 0.013803065 0.999196589 -0.037624136 -0.150238365 -0.266463310 0.039942782 0.963017106 4.737243652
0.962611556 -0.001216952 0.270882815 0.692115843 0.011713223 0.999241590 -0.037135091 -0.152051076 -0.270632088 0.038919583 0.961895704 4.780005455
0.961497724 -0.003852888 0.274785936 0.705028057 0.014385620 0.999236405 -0.036325701 -0.154017419 -0.274436146 0.038880058 0.960818887 4.822861671
0.960449517 -0.002223402 0.278445393 0.717425466 0.012759866 0.999269128 -0.036033746 -0.155962527 -0.278161705 0.038161520 0.959775805 4.865196705
0.958974957 0.000173416 0.283490419 0.729352593 0.009559998 0.999411285 -0.032950379 -0.158311963 -0.283329189 0.034308754 0.958408952 4.906902313
0.957783699 0.001904930 0.287483394 0.743290305 0.007425895 0.999480486 -0.031362999 -0.159755498 -0.287393808 0.032173794 0.957272053 4.951266289
0.956410706 -0.002614347 0.292013139 0.755533934 0.011762342 0.999493301 -0.029576102 -0.162010610 -0.291787863 0.031721659 0.955956876 4.991518497
0.955164790 -0.003021353 0.296059340 0.769168437 0.013174246 0.999391258 -0.032304544 -0.163566709 -0.295781523 0.034756526 0.954623103 5.033686638
0.953641117 -0.000812938 0.300945163 0.782534301 0.011679202 0.999342918 -0.034309778 -0.165569693 -0.300719589 0.036234014 0.953024030 5.075568676
0.952290356 0.000706724 0.305192620 0.795713484 0.010430713 0.999337733 -0.034861017 -0.166931644 -0.305015057 0.036381185 0.951652348 5.116235256
0.950932443 -0.000507394 0.309397936 0.809468210 0.010963230 0.999425948 -0.032056417 -0.168982953 -0.309204072 0.033875491 0.950392246 5.158324718
0.949572444 -0.000729989 0.313547283 0.823266387 0.010590785 0.999501348 -0.029746998 -0.171132907 -0.313369244 0.031567637 0.949106514 5.199038029
0.947860122 -0.000622634 0.318686336 0.836681664 0.010927569 0.999473512 -0.030548848 -0.172722191 -0.318499565 0.032438498 0.947367847 5.239658356
0.946590185 -0.001512445 0.322435498 0.851731658 0.012842203 0.999372303 -0.033013765 -0.174449995 -0.322183222 0.035391282 0.946015656 5.280638695
0.945046961 -0.002872141 0.326922178 0.866575360 0.015219806 0.999263644 -0.035217557 -0.176079884 -0.326580375 0.038257934 0.944394827 5.320755005
0.943232059 -0.004792186 0.332099676 0.880385160 0.017137267 0.999266207 -0.034254033 -0.177741334 -0.331691831 0.038000777 0.942622185 5.362153530
0.941946268 -0.005768736 0.335713983 0.895635724 0.017268119 0.999361515 -0.031278376 -0.179367542 -0.335319191 0.035259694 0.941444516 5.401854515
0.940236092 -0.005496136 0.340478927 0.910241306 0.016078915 0.999471068 -0.028268268 -0.180892736 -0.340143472 0.032053377 0.939827144 5.442341805
0.938475966 -0.002626326 0.345334589 0.925035119 0.013579253 0.999478400 -0.029301576 -0.182966858 -0.345077425 0.032188211 0.938022077 5.481893539
0.936252952 -0.004362153 0.351299703 0.940336823 0.017175466 0.999295592 -0.033366088 -0.184366748 -0.350906700 0.037272830 0.935668349 5.521168232
0.934501410 -0.001618836 0.355955720 0.955851912 0.015997125 0.999170303 -0.037453651 -0.186146960 -0.355599731 0.040694758 0.933751941 5.560778141
0.932464659 0.002566696 0.361252040 0.970962644 0.011923889 0.999211252 -0.037877373 -0.188114166 -0.361064315 0.039626841 0.931698620 5.600288868
0.930720866 0.004454392 0.365703255 0.986402750 0.009380066 0.999306202 -0.036044329 -0.190262854 -0.365610063 0.036977526 0.930033386 5.640052319
0.929155409 0.000471443 0.369688779 1.002586961 0.012546184 0.999382973 -0.032807335 -0.191868812 -0.369476110 0.035121307 0.928576171 5.679196835
0.927391112 -0.001803916 0.374088943 1.019041061 0.014434364 0.999416232 -0.030964395 -0.193648860 -0.373814702 0.034115843 0.926875651 5.718310833
0.925480247 0.000011118 0.378795862 1.034914255 0.012445112 0.999459267 -0.030435435 -0.195539892 -0.378591359 0.032881554 0.924979687 5.757644176
0.923825860 0.001392769 0.382810414 1.051165462 0.011563021 0.999435663 -0.031540938 -0.197239816 -0.382638276 0.033564784 0.923288345 5.795514584
0.922458053 0.001522208 0.386094540 1.067757726 0.011699190 0.999422908 -0.031892020 -0.199172199 -0.385920286 0.033936050 0.921907723 5.834332466
0.921021819 0.002151825 0.389504939 1.084011078 0.011109809 0.999432743 -0.031791586 -0.200525597 -0.389352381 0.033608072 0.920475483 5.873051643
0.919471681 0.002027436 0.393151045 1.100592852 0.010574573 0.999497414 -0.029885309 -0.202307492 -0.393013954 0.031636093 0.918988109 5.910427094
0.918246150 0.003211939 0.395996958 1.117185235 0.009880039 0.999470055 -0.031016765 -0.204017952 -0.395886719 0.032393489 0.917727888 5.948868752
0.916242421 0.003759581 0.400606573 1.133274674 0.009159555 0.999498010 -0.030329172 -0.206103146 -0.400519431 0.031458255 0.915748060 5.985692978
0.914987803 0.005246921 0.403447181 1.149935126 0.008984605 0.999402523 -0.033373859 -0.207214817 -0.403381288 0.034161489 0.914394081 6.022695065
0.913798213 0.007607035 0.406097144 1.166452527 0.007030297 0.999378562 -0.034539957 -0.209111020 -0.406107575 0.034417536 0.913176894 6.060034752
0.912569582 0.008231320 0.408838511 1.183637381 0.007010765 0.999335527 -0.035768788 -0.210946202 -0.408861369 0.035507776 0.911905408 6.097012520
0.911394656 0.006364751 0.411484152 1.200558066 0.008678628 0.999360859 -0.034680158 -0.212568924 -0.411441952 0.035178434 0.910756826 6.134212494
0.910045862 0.008331650 0.414423823 1.216851473 0.006492423 0.999388814 -0.034348797 -0.214094996 -0.414456755 0.033949595 0.909435630 6.170721054
0.909518838 0.009937044 0.415543944 1.233776569 0.004017665 0.999457359 -0.032694001 -0.215707928 -0.415643334 0.031405326 0.908985317 6.206958771
0.909495354 0.011639879 0.415551275 1.250918031 0.002390921 0.999445021 -0.033228032 -0.217867970 -0.415707380 0.031214284 0.908962607 6.242813110
0.908459842 0.012371256 0.417789042 1.267367482 0.001951398 0.999425471 -0.033837449 -0.219192833 -0.417967677 0.031555232 0.907913625 6.279439926
0.908042848 0.012740067 0.418683499 1.283113956 0.001510688 0.999431252 -0.033687953 -0.220555604 -0.418874562 0.031222606 0.907507181 6.315122128
0.908377647 0.009526642 0.418042243 1.299311757 0.004627187 0.999450207 -0.032830745 -0.222018182 -0.418125212 0.031757072 0.907834113 6.350463867
0.909205735 0.012895180 0.416147470 1.316005826 0.001447090 0.999416292 -0.034130584 -0.224219516 -0.416344643 0.031633925 0.908656359 6.386924267
0.910190284 0.012887381 0.413989961 1.332491159 0.001790126 0.999384105 -0.035046257 -0.225983366 -0.414186597 0.032639854 0.909606516 6.422044754
0.911492944 0.006415087 0.411265761 1.349683166 0.009598614 0.999274254 -0.036860596 -0.226615176 -0.411203831 0.037545752 0.910769820 6.457490921
0.911394000 0.003567822 0.411519349 1.365788102 0.012260302 0.999283314 -0.035816617 -0.229285091 -0.411352128 0.037688408 0.910696983 6.493728638
0.911380827 0.008311073 0.411480248 1.381364822 0.006923787 0.999344945 -0.035520133 -0.231259987 -0.411505967 0.035221376 0.910726249 6.527992725
0.911654592 0.010193833 0.410830766 1.397643089 0.005243378 0.999322474 -0.036431234 -0.232359380 -0.410923749 0.035366856 0.910983443 6.562117100
0.911918819 0.010098278 0.410246372 1.415086865 0.006188094 0.999245167 -0.038351841 -0.234369010 -0.410323977 0.037512396 0.911167979 6.601396561
0.912232220 0.010752508 0.409532338 1.430962443 0.006138358 0.999184608 -0.039907351 -0.235984460 -0.409627467 0.038918626 0.911422372 6.635342598
0.911839068 0.010823798 0.410405248 1.446364522 0.005792846 0.999213755 -0.039223250 -0.237872019 -0.410507172 0.038142711 0.911059320 6.671071053
0.912064552 0.010739356 0.409905940 1.463674426 0.004966119 0.999294341 -0.037230972 -0.239823654 -0.410016596 0.035992693 0.911367536 6.709033966
0.911933362 0.011656154 0.410172701 1.479806662 0.002934319 0.999385536 -0.034924060 -0.241457745 -0.410327762 0.033051990 0.911338866 6.744104385
0.911807477 0.008251458 0.410535246 1.496148109 0.006104641 0.999415159 -0.033646055 -0.242784232 -0.410572767 0.033184893 0.911223710 6.779425144
0.911742091 0.004508529 0.410738438 1.512107015 0.008673049 0.999505520 -0.030223332 -0.244747326 -0.410671622 0.031118238 0.911252141 6.815159321
0.911195874 0.002287031 0.411966920 1.528375506 0.010932166 0.999498248 -0.029728666 -0.246686473 -0.411828160 0.031592332 0.910713732 6.850950241
0.910955131 0.003365469 0.412491828 1.544492841 0.010584089 0.999446809 -0.031528462 -0.248427674 -0.412369817 0.033086866 0.910415590 6.885268688
0.910605669 0.005561133 0.413238853 1.560498238 0.010322697 0.999291420 -0.036194805 -0.250220299 -0.413147300 0.037224934 0.909903169 6.919878960
0.909782171 0.004465723 0.415062040 1.576404810 0.012374485 0.999205887 -0.037874490 -0.251759380 -0.414901555 0.039593715 0.909004390 6.955284595
0.909348726 0.005324951 0.416000605 1.592686057 0.011471425 0.999217033 -0.037866067 -0.253430068 -0.415876538 0.039205581 0.908575535 6.989711285
0.908145666 0.007778459 0.418582141 1.608530760 0.007419698 0.999371231 -0.034668796 -0.254877567 -0.418588609 0.034590069 0.907517016 7.024988174
0.907047451 0.011831185 0.420862257 1.625260592 0.002488480 0.999436975 -0.033459142 -0.256849498 -0.421021223 0.031396341 0.906507254 7.059905052
0.905769229 0.009486678 0.423665106 1.640959978 0.005115136 0.999431789 -0.033315048 -0.258648276 -0.423740417 0.032342851 0.905206025 7.093684673
0.904313803 0.010344286 0.426743001 1.656861424 0.007067329 0.999206483 -0.039197259 -0.260100543 -0.426809937 0.038462553 0.903523028 7.127713203
0.902817428 0.013041485 0.429826409 1.673894286 0.006166799 0.999044478 -0.043265179 -0.262427509 -0.429979980 0.041711207 0.901874363 7.162069321
0.901565492 0.017504331 0.432288110 1.690304756 0.002328791 0.998970389 -0.045307428 -0.264008880 -0.432636112 0.041854326 0.900596559 7.195798874
0.900443196 0.016296914 0.434668094 1.706498027 0.003349575 0.999008536 -0.044394460 -0.265868723 -0.434960634 0.041430645 0.899495840 7.229687214
0.899436653 0.014586686 0.436807573 1.723385096 0.004017953 0.999124646 -0.041638043 -0.268015474 -0.437032551 0.039205857 0.898590684 7.263624191
0.898458838 0.011927769 0.438895702 1.741246581 0.006523714 0.999157846 -0.040508524 -0.269347221 -0.439009219 0.039258469 0.897624433 7.298055649
0.897860587 0.010911727 0.440144628 1.758615851 0.008745268 0.999053597 -0.042607434 -0.270925999 -0.440192968 0.042104725 0.896915495 7.332256794
0.896682918 0.007862244 0.442603618 1.776090384 0.012242151 0.999019384 -0.042547923 -0.272499740 -0.442504108 0.043570414 0.895707369 7.366798878
0.895882487 0.009916533 0.444180340 1.792860150 0.009775391 0.999068916 -0.042020999 -0.275132835 -0.444183469 0.041987915 0.894951403 7.400863171
0.895246089 0.007211321 0.445513636 1.810008287 0.013500016 0.998971045 -0.043297753 -0.276780427 -0.445367426 0.044776585 0.894227564 7.435312748
0.895158947 0.006673306 0.445696980 1.827121615 0.015598519 0.998806477 -0.046283696 -0.279348642 -0.445473850 0.048383471 0.893986583 7.467712879
0.894972682 0.003871570 0.446104109 1.844557524 0.021085830 0.998477638 -0.050967742 -0.280900896 -0.445622385 0.055021212 0.893528581 7.500916958
0.894072294 0.007262126 0.447863877 1.862021685 0.017706180 0.998514116 -0.051537838 -0.283289254 -0.447572708 0.054008514 0.892615080 7.534883022
0.893075943 0.007529389 0.449842930 1.878916502 0.016710397 0.998614907 -0.049889885 -0.285460323 -0.449595541 0.052072514 0.891713083 7.569018364
0.891942859 0.010138529 0.452034563 1.895305395 0.013717233 0.998681605 -0.049465574 -0.287161022 -0.451940089 0.050321124 0.890627861 7.604600906
0.891862333 0.012518818 0.452133894 1.912872910 0.011722634 0.998641372 -0.050774295 -0.289594799 -0.452155381 0.050583869 0.890503645 7.637083054
0.891734064 0.012260990 0.452393711 1.931112766 0.013022280 0.998523772 -0.052731290 -0.292153060 -0.452372402 0.052913476 0.890258074 7.671338081
0.891281426 0.012160025 0.453287661 1.948636651 0.014205631 0.998400927 -0.054715361 -0.294054955 -0.453228116 0.055206019 0.889683366 7.705712795
0.890761614 0.011518914 0.454324812 1.966281533 0.014224803 0.998482227 -0.053204983 -0.296533972 -0.454248101 0.053855635 0.889245868 7.740286827
0.890458703 0.011551077 0.454917371 1.983241677 0.013823030 0.998529851 -0.052411579 -0.298564345 -0.454853982 0.052958682 0.888990045 7.774373055
0.890255749 0.011290127 0.455321103 2.000937223 0.013500339 0.998599350 -0.051157452 -0.301198840 -0.455260932 0.051690202 0.888856411 7.808993816
0.890591443 0.011406521 0.454661250 2.019022465 0.013114847 0.998625576 -0.050742861 -0.303157985 -0.454615176 0.051153965 0.889217854 7.841882706
0.889240265 0.011423746 0.457297742 2.038209915 0.011854295 0.998777032 -0.048001744 -0.305957586 -0.457286775 0.048106033 0.888017237 7.880476952
0.888291717 0.010850951 0.459151506 2.057784796 0.011770793 0.998854697 -0.046377771 -0.308207422 -0.459128857 0.046601564 0.887146592 7.917768955
0.887680233 0.012919213 0.460279167 2.077331543 0.009516899 0.998878002 -0.046390723 -0.310059607 -0.460362017 0.045560557 0.886561334 7.953452587
0.886289239 0.015632687 0.462868363 2.093934536 0.007039513 0.998860002 -0.047214091 -0.312059522 -0.463078827 0.045103703 0.885168791 7.988914490
0.885722399 0.018635778 0.463841081 2.115216970 0.005643538 0.998687744 -0.050900910 -0.313887119 -0.464180976 0.047701780 0.884454966 8.026356697
0.884947240 0.019941762 0.465263963 2.133234024 0.005143838 0.998603225 -0.052585058 -0.316082060 -0.465662688 0.048928257 0.883608639 8.061870575
0.884315312 0.020114038 0.466456592 2.152091265 0.004883904 0.998618484 -0.052320328 -0.318419933 -0.466864556 0.048545796 0.882995307 8.098134995
0.883091748 0.020342780 0.468759030 2.172221422 0.003873902 0.998709440 -0.050639108 -0.320518434 -0.469184250 0.046534903 0.881873369 8.137328148
0.883222640 0.021087442 0.468479455 2.191729069 0.002235972 0.998787761 -0.049173441 -0.322644532 -0.468948454 0.044478606 0.882104874 8.171478271
0.882529378 0.022120774 0.469736695 2.212087631 0.001530018 0.998752654 -0.049907681 -0.324850380 -0.470254809 0.044763699 0.881394744 8.209184647
0.882312238 0.023910390 0.470056772 2.231039762 0.000730972 0.998638034 -0.052169811 -0.327998608 -0.470663935 0.046373669 0.881093085 8.246168137
0.883083820 0.025082150 0.468544424 2.251604319 0.000494657 0.998519897 -0.054385133 -0.330220461 -0.469215035 0.048258398 0.881764352 8.282614708
0.883572578 0.025561845 0.467596203 2.271561861 0.000007895 0.998508334 -0.054599874 -0.333015084 -0.468294352 0.048246637 0.882254303 8.319995880
0.884449661 0.025767408 0.465923667 2.292017460 -0.000768068 0.998553216 -0.053765915 -0.335425556 -0.466635078 0.047195386 0.883189857 8.357794762
0.885415256 0.026212540 0.464061171 2.310998440 -0.001786044 0.998592973 -0.052997913 -0.337937295 -0.464797437 0.046096325 0.884216249 8.394950867
0.886385620 0.025806772 0.462227941 2.331161022 -0.002785704 0.998724282 -0.050418068 -0.340547383 -0.462939501 0.043402225 0.885326684 8.432772636
0.888065338 0.025903465 0.458987147 2.351239681 -0.003814986 0.998792171 -0.048986606 -0.343063980 -0.459701687 0.041752275 0.887091458 8.470162392
0.889088929 0.026453612 0.456969649 2.368947029 -0.005281689 0.998854995 -0.047546785 -0.345563710 -0.457704306 0.039859742 0.888210535 8.507701874
0.890608013 0.025840199 0.454037100 2.388184071 -0.005244748 0.998901725 -0.046561856 -0.347992241 -0.454741448 0.039087050 0.889765382 8.545396805
0.892807603 0.025949577 0.449690193 2.407498360 -0.005581810 0.998899937 -0.046559952 -0.350202352 -0.450403690 0.039058991 0.891970217 8.582026482
0.894552588 0.025934091 0.446209669 2.426017284 -0.005959725 0.998918593 -0.046110075 -0.352752000 -0.446922898 0.038588598 0.893739700 8.619617462
0.896870792 0.023047712 0.441691697 2.445025921 -0.003177866 0.998951375 -0.045673057 -0.355267733 -0.442281127 0.039559189 0.896003544 8.657651901
0.899632454 0.022012340 0.436092645 2.463725567 -0.002500418 0.998971760 -0.045266192 -0.357371897 -0.436640620 0.039632522 0.898762584 8.694616318
0.901510775 0.022329377 0.432180166 2.481218815 -0.002781666 0.998946309 -0.045809932 -0.359519660 -0.432747692 0.040095974 0.900622964 8.731444359
0.903507531 0.024364330 0.427878946 2.498699903 -0.004843405 0.998899519 -0.046652131 -0.361704767 -0.428544641 0.040078167 0.902631164 8.769202232
0.905308723 0.025180647 0.424007386 2.515549421 -0.004938169 0.998797774 -0.048772279 -0.364020467 -0.424725741 0.042060144 0.904344559 8.806306839
0.907239914 0.026230950 0.419794679 2.535674095 -0.005466895 0.998704553 -0.050589446 -0.366261810 -0.420577854 0.043601792 0.906208098 8.844777107
0.908816636 0.026781138 0.416335166 2.552878857 -0.005932346 0.998666108 -0.051290415 -0.369128883 -0.417153388 0.044143736 0.907763422 8.882790565
0.910121202 0.029132148 0.413316727 2.570297718 -0.009095310 0.998689532 -0.050363641 -0.371514827 -0.414242238 0.042077772 0.909193456 8.922397614
0.911660194 0.026990948 0.410057575 2.587829113 -0.008047354 0.998821974 -0.047853511 -0.373761475 -0.410866052 0.040326271 0.910803378 8.960292816
0.913003862 0.024695447 0.407202989 2.604781151 -0.006519100 0.998921812 -0.045964435 -0.376166731 -0.407898992 0.039311115 0.912180305 8.998620033
0.914459109 0.026698027 0.403796881 2.620933533 -0.008918898 0.998908699 -0.045847118 -0.378636479 -0.404580265 0.038323890 0.913699150 9.037588120
0.916493833 0.026458623 0.399172753 2.639423847 -0.008369511 0.998860180 -0.046991840 -0.381227076 -0.399961114 0.039726846 0.915670693 9.076230049
0.918392539 0.025581934 0.394842535 2.656286716 -0.006959946 0.998797774 -0.048523687 -0.383633941 -0.395609200 0.041815717 0.917466402 9.115249634
0.920204461 0.025855588 0.390583247 2.673059940 -0.007737544 0.998822570 -0.047889981 -0.385849744 -0.391361654 0.041046415 0.919321060 9.154136658
0.922030389 0.027009802 0.386174321 2.689218760 -0.008931503 0.998781681 -0.048531905 -0.388274878 -0.387014747 0.041298773 0.921148241 9.193566322
0.923827350 0.029293841 0.381686926 2.705321312 -0.011518052 0.998743415 -0.048773848 -0.390464485 -0.382636070 0.040662322 0.923003912 9.233088493
0.925814033 0.027701616 0.376962930 2.721601486 -0.009907068 0.998746574 -0.049062625 -0.393087029 -0.377849579 0.041688260 0.924928010 9.272552490
0.927712679 0.028105626 0.372235566 2.738020420 -0.010720727 0.998756289 -0.048692066 -0.395224959 -0.373141080 0.041181609 0.926860154 9.312459946
0.929277480 0.029040296 0.368239105 2.753414154 -0.012744069 0.998831868 -0.046609916 -0.397957027 -0.369162500 0.038620684 0.928562045 9.352065086
0.931085050 0.027907953 0.363732994 2.769543409 -0.012566890 0.998931408 -0.044475719 -0.400377572 -0.364585549 0.036839679 0.930440843 9.392237663
0.932708442 0.028701803 0.359487295 2.785652876 -0.013619699 0.998920202 -0.044417705 -0.402383804 -0.360374004 0.036532659 0.932092249 9.433945656
0.934108019 0.026535584 0.356002927 2.800458193 -0.011909699 0.998994887 -0.043213036 -0.404745758 -0.356791794 0.036125757 0.933485210 9.474260330
0.935373247 0.026837237 0.352642328 2.816404104 -0.012105860 0.998961985 -0.043913845 -0.406835705 -0.353454828 0.036806792 0.934727132 9.515241623
0.936693847 0.028124452 0.349018276 2.831516266 -0.013870171 0.998967052 -0.043273658 -0.409303069 -0.349874794 0.035693217 0.936116219 9.555847168
0.938267171 0.027893173 0.344784975 2.847107172 -0.013378056 0.998923957 -0.044407301 -0.411155134 -0.345652580 0.037053358 0.937630713 9.596846581
0.940085888 0.027322600 0.339841217 2.862478256 -0.012970411 0.998928189 -0.044432580 -0.413163602 -0.340690970 0.037362553 0.939432621 9.638256073
0.941772997 0.026558915 0.335198879 2.877087593 -0.012358466 0.998936236 -0.044426732 -0.415498883 -0.336022228 0.037697360 0.941099286 9.679426193
0.943283617 0.027169051 0.330874562 2.890837669 -0.012722866 0.998871982 -0.045748852 -0.417730570 -0.331744194 0.038944464 0.942565143 9.719921112
0.944739938 0.027581817 0.326658338 2.906375885 -0.013164221 0.998842418 -0.046265841 -0.420019388 -0.327556282 0.039408982 0.944009423 9.762758255
0.945912540 0.029279182 0.323097795 2.919880629 -0.015085343 0.998811364 -0.046348099 -0.422248453 -0.324070781 0.038967203 0.945229888 9.804546356
0.947270453 0.029293984 0.319093168 2.934683561 -0.015371745 0.998820305 -0.046062492 -0.424799830 -0.320066065 0.038728613 0.946603298 9.846468925
0.948713064 0.028913880 0.314813584 2.948370695 -0.015480176 0.998863041 -0.045089420 -0.427286386 -0.315759361 0.037903544 0.948081970 9.888179779
0.949768007 0.029287912 0.311581403 2.962240696 -0.016541727 0.998917639 -0.043473087 -0.429574341 -0.312517405 0.036135253 0.949224472 9.929929733
0.951101065 0.028476177 0.307564676 2.977212667 -0.015824532 0.998925805 -0.043551374 -0.431542277 -0.308474511 0.036554687 0.950529993 9.972007751
0.951660633 0.028390573 0.305836856 2.989552975 -0.015825784 0.998928726 -0.043485221 -0.434029520 -0.306743771 0.036543064 0.951090395 10.013519287
0.952193618 0.027721275 0.304234415 3.003062725 -0.014799374 0.998890877 -0.044697974 -0.436835915 -0.305136055 0.038058642 0.951547980 10.054670334
0.952559590 0.027264386 0.303128421 3.015912533 -0.014243485 0.998881698 -0.045083620 -0.438928932 -0.304018617 0.038627233 0.951882660 10.095455170
0.952911973 0.024840605 0.302227825 3.030575991 -0.012037834 0.998952329 -0.044150747 -0.442524284 -0.303007931 0.038433608 0.952212691 10.136810303
0.952563763 0.026262779 0.303203613 3.044119835 -0.014250029 0.999025881 -0.041764453 -0.445112318 -0.304005057 0.035462648 0.952010155 10.177536964
0.952555120 0.023927037 0.303423971 3.057509184 -0.011997626 0.999082208 -0.041119605 -0.447426885 -0.304129392 0.035528325 0.951968014 10.218111992
0.952573001 0.021883333 0.303522348 3.071151495 -0.010458768 0.999176085 -0.039214782 -0.449897230 -0.304130405 0.034180474 0.952016950 10.258827209
0.952831745 0.018869858 0.302911788 3.085100651 -0.007200720 0.999189973 -0.039594028 -0.451532692 -0.303413540 0.035545263 0.952195823 10.298874855
0.952216446 0.017632494 0.304914683 3.096256733 -0.005764067 0.999191821 -0.039780322 -0.454527080 -0.305369705 0.036121927 0.951548517 10.340962410
0.952405691 0.017092461 0.304353744 3.109786987 -0.004861442 0.999151528 -0.040899426 -0.456991792 -0.304794550 0.037473246 0.951680779 10.380381584
0.952372134 0.016426779 0.304495513 3.122673512 -0.003967095 0.999130905 -0.041492738 -0.458807111 -0.304912418 0.038308565 0.951609612 10.421051979
0.952432454 0.016145905 0.304321766 3.136014462 -0.003688038 0.999132991 -0.041466970 -0.460496396 -0.304727405 0.038372140 0.951666296 10.460978508
0.952427387 0.014025623 0.304442644 3.148265839 -0.002318433 0.999244988 -0.038782008 -0.463458031 -0.304756671 0.036231212 0.951740861 10.499952316
0.952580333 0.015313964 0.303901672 3.161461830 -0.003912537 0.999266684 -0.038090378 -0.465644509 -0.304262131 0.035095118 0.951941609 10.538934708
0.952035189 0.015579361 0.305591643 3.173005104 -0.003777352 0.999225259 -0.039173581 -0.467776597 -0.305965185 0.036140300 0.951356471 10.576756477
0.951991737 0.017028749 0.305649936 3.185273409 -0.004109859 0.999072552 -0.042860817 -0.469522208 -0.306096345 0.039546963 0.951178789 10.615015030
0.951856732 0.018236138 0.306000412 3.197350740 -0.004591046 0.998965025 -0.045252390 -0.471844912 -0.306508958 0.041668922 0.950955272 10.651437759
0.951578677 0.016677082 0.306952506 3.209566832 -0.002667326 0.998937607 -0.046004493 -0.474594235 -0.307393670 0.042958152 0.950612247 10.688572884
0.951243043 0.016473353 0.308002055 3.221621275 -0.002130113 0.998899817 -0.046847004 -0.475974083 -0.308434963 0.043906808 0.950231552 10.725103378
0.950825691 0.017221518 0.309247315 3.233566999 -0.002958225 0.998912513 -0.046532441 -0.478085846 -0.309712291 0.043329425 0.949842513 10.761701584
0.950437486 0.015276702 0.310540169 3.245682001 -0.001223940 0.998968184 -0.045397233 -0.480077386 -0.310913265 0.042767148 0.949475527 10.797539711
0.949728072 0.017443234 0.312589943 3.257588625 -0.003712010 0.999003828 -0.044468679 -0.482460916 -0.313054323 0.041072801 0.948846638 10.833020210
0.948986411 0.016524853 0.314883739 3.268995047 -0.002672920 0.999011517 -0.044371776 -0.484396577 -0.315305740 0.041266553 0.948092461 10.867897034
0.948744893 0.017610332 0.315552056 3.281742334 -0.003791728 0.999008715 -0.044352412 -0.486708134 -0.316020370 0.040882636 0.947871149 10.902022362
0.947485983 0.016915245 0.319349378 3.292183161 -0.003669822 0.999109447 -0.042032570 -0.488731891 -0.319775969 0.038653322 0.946704388 10.935576439
0.946386576 0.017694108 0.322551310 3.303501606 -0.005118785 0.999194801 -0.039793700 -0.490735859 -0.322995722 0.036009148 0.945715129 10.969180107
0.945485830 0.016147017 0.325262696 3.314772367 -0.004503159 0.999322891 -0.036519431 -0.492332816 -0.325632036 0.033063892 0.944918275 11.000636101
0.944681585 0.014392297 0.327672958 3.326004505 -0.003031977 0.999377310 -0.035154197 -0.493894339 -0.327974886 0.032216024 0.944137096 11.032037735
