1.000000000 0.000000000 0.000000000 0.000000000 0.000000000 1.000000000 0.000000000 0.000000000 0.000000000 0.000000000 1.000000000 0.000000000
0.999997854 0.002043969 -0.000190429 0.000217284 -0.002043510 0.999995053 0.002381717 0.000211407 0.000195296 -0.002381323 0.999997139 0.051039301
0.999995172 0.003106365 -0.000032084 0.000189574 -0.003106182 0.999984264 0.004654571 0.000229099 0.000046542 -0.004654449 0.999989092 0.069056563
0.999995232 0.003083301 -0.000071723 0.000253031 -0.003082822 0.999977767 0.005916700 0.000265300 0.000089964 -0.005916449 0.999982476 0.087281108
0.999998331 0.001892188 0.000090271 0.000324539 -0.001892808 0.999970436 0.007454270 0.000312146 -0.000076163 -0.007454428 0.999972224 0.106435649
0.999999464 0.001036458 0.000067616 0.000375532 -0.001036939 0.999970913 0.007556128 0.000563837 -0.000059782 -0.007556192 0.999971449 0.125105187
0.999999642 -0.000593292 0.000455700 0.000543555 0.000589315 0.999962151 0.008678954 0.000649300 -0.000460832 -0.008678681 0.999962211 0.144395709
0.999999583 -0.000788119 0.000445159 0.000668276 0.000783703 0.999951303 0.009834808 0.000723518 -0.000452888 -0.009834455 0.999951541 0.164623290
0.999998689 -0.001470949 0.000639537 0.000711273 0.001465243 0.999959886 0.008833180 0.001008404 -0.000652504 -0.008832232 0.999960780 0.185344860
0.999999762 0.000667227 0.000162954 0.001029351 -0.000668137 0.999983847 0.005649063 0.000985814 -0.000159182 -0.005649170 0.999983966 0.205416098
0.999999464 0.000958449 -0.000423724 0.001202086 -0.000958287 0.999999523 0.000381660 0.001388303 0.000424089 -0.000381255 0.999999821 0.226572901
0.999983609 0.005721067 0.000227670 0.001072569 -0.005720921 0.999983430 -0.000640213 0.001353675 -0.000231329 0.000638900 0.999999702 0.248123214
0.999961019 0.008821256 0.000367699 0.001344385 -0.008821646 0.999960482 0.001070753 0.001471316 -0.000358239 -0.001073955 0.999999344 0.270483345
0.999910235 0.013343903 0.001211931 0.000749055 -0.013350687 0.999894202 0.005772935 0.001148741 -0.001134770 -0.005788597 0.999982595 0.291524887
0.999852061 0.017115301 0.001720376 0.000659217 -0.017126678 0.999830008 0.006832486 0.001170806 -0.001603143 -0.006860939 0.999975204 0.313933402
0.999834418 0.018091638 0.001970944 0.000568278 -0.018105658 0.999809086 0.007344091 0.001371610 -0.001837701 -0.007378560 0.999971032 0.335981071
0.999803305 0.019782733 0.001462904 0.000853242 -0.019791605 0.999784172 0.006320764 0.001425750 -0.001337547 -0.006348474 0.999978900 0.359766990
0.999780297 0.020885345 0.001747722 0.000934140 -0.020894453 0.999767303 0.005367838 0.001472860 -0.001635206 -0.005403176 0.999984086 0.381330699
0.999805927 0.019585144 0.002112774 0.000930081 -0.019595770 0.999794841 0.005130994 0.001525447 -0.002011850 -0.005171400 0.999984622 0.403940618
0.999767780 0.021461550 0.001949041 0.001059631 -0.021473302 0.999750197 0.006224036 0.001738278 -0.001814977 -0.006264443 0.999978721 0.427784145
0.999742866 0.022570809 0.002201214 0.001154666 -0.022583654 0.999726951 0.005994530 0.001859267 -0.002065311 -0.006042699 0.999979615 0.451504409
0.999775052 0.021138979 0.001751893 0.001315214 -0.021145342 0.999769628 0.003698453 0.001764552 -0.001673308 -0.003734665 0.999991655 0.474844515
0.999760389 0.021777220 0.002177135 0.001315590 -0.021780893 0.999761343 0.001678393 0.001540460 -0.002140064 -0.001725411 0.999996245 0.498361081
0.999693871 0.024621148 0.002425502 0.001260297 -0.024625439 0.999695182 0.001754155 0.001743030 -0.002381573 -0.001813347 0.999995589 0.521734595
0.999692619 0.024675464 0.002453704 0.001563824 -0.024685483 0.999686718 0.004140066 0.001581527 -0.002350777 -0.004199364 0.999988377 0.545631409
0.999656856 0.026062643 0.002634223 0.001436221 -0.026076628 0.999645352 0.005422358 0.001758075 -0.002491968 -0.005489189 0.999981880 0.569768846
0.999647081 0.026418038 0.002792106 0.001553833 -0.026438477 0.999621987 0.007555912 0.001626461 -0.002591438 -0.007627064 0.999967575 0.593559027
0.999657154 0.026017336 0.002953656 0.001770208 -0.026043037 0.999620020 0.009022620 0.001329840 -0.002717790 -0.009096448 0.999954879 0.617994428
0.999675691 0.025281683 0.003073861 0.001871152 -0.025312413 0.999625385 0.010405499 0.001436690 -0.002809641 -0.010479934 0.999941111 0.641535282
0.999713242 0.023723209 0.003280133 0.001951743 -0.023757664 0.999658287 0.010896286 0.001527883 -0.003020518 -0.010971090 0.999935210 0.665987194
0.999732673 0.022984535 0.002505955 0.002487167 -0.023007222 0.999690771 0.009435957 0.001804040 -0.002288298 -0.009491088 0.999952316 0.690706551
0.999751866 0.022145711 0.002413826 0.002675291 -0.022157907 0.999741256 0.005149073 0.001730388 -0.002299171 -0.005201280 0.999983847 0.714437723
0.999806345 0.019532189 0.002390881 0.002961541 -0.019538306 0.999805808 0.002561355 0.001810866 -0.002340388 -0.002607574 0.999993801 0.738921165
0.999849558 0.017215483 0.002120364 0.003078335 -0.017224632 0.999841988 0.004374150 0.001819286 -0.002044726 -0.004410014 0.999988198 0.762675107
0.999917150 0.012673596 0.002245001 0.003239962 -0.012698741 0.999852419 0.011563979 0.001597516 -0.002098113 -0.011591529 0.999930680 0.786094666
0.999972939 0.007321830 0.000815143 0.003578319 -0.007334595 0.999829412 0.016946690 0.001554073 -0.000690924 -0.016952211 0.999856114 0.810968995
0.999997973 0.000715569 -0.001871358 0.003997982 -0.000682006 0.999840021 0.017874997 0.001879043 0.001883850 -0.017873684 0.999838471 0.835128546
0.999983549 -0.002267074 -0.005276745 0.003695318 0.002349149 0.999875546 0.015600199 0.002297984 0.005240721 -0.015612337 0.999864340 0.859120250
0.999938607 -0.005379287 -0.009678515 0.003802028 0.005528822 0.999864757 0.015490357 0.002134164 0.009593878 -0.015542915 0.999833167 0.883109450
0.999845386 -0.006236326 -0.016435197 0.003529822 0.006501283 0.999849081 0.016117491 0.002396567 0.016332202 -0.016221851 0.999735057 0.907405436
0.999698281 -0.005327284 -0.023974070 0.002721494 0.005793951 0.999794364 0.019438352 0.002561761 0.023865584 -0.019571394 0.999523640 0.931093633
0.999435425 -0.004965391 -0.033229031 0.002358738 0.005740648 0.999712527 0.023276106 0.002680143 0.033103913 -0.023453718 0.999176681 0.955547273
0.999008775 -0.004628205 -0.044272982 0.001229513 0.005782871 0.999645531 0.025988180 0.003059521 0.044137001 -0.026218444 0.998681426 0.979895175
0.998378217 -0.004760908 -0.056729760 -0.000133269 0.006330206 0.999601364 0.027515188 0.003630670 0.056576144 -0.027829675 0.998010397 1.005270481
0.997475863 -0.004088114 -0.070888408 -0.002032280 0.006167648 0.999556303 0.029141292 0.003971783 0.070737816 -0.029504955 0.997058511 1.027673006
0.996272743 -0.003747255 -0.086177364 -0.004168965 0.006424342 0.999504745 0.030808549 0.004412176 0.086019225 -0.031247351 0.995803416 1.051533937
0.994745910 -0.003506195 -0.102314651 -0.006901123 0.006575410 0.999537945 0.029675968 0.005120018 0.102163315 -0.030192807 0.994309425 1.075648308
0.992889225 -0.003808095 -0.118981153 -0.009572230 0.007278586 0.999560237 0.028747492 0.005543070 0.118819349 -0.029409088 0.992480338 1.099779010
0.990704179 -0.003037860 -0.135999635 -0.012573317 0.007070784 0.999549091 0.029180698 0.005941978 0.135849684 -0.029871067 0.990279019 1.123988509
0.988218248 -0.003421848 -0.153013110 -0.016247958 0.008398206 0.999456167 0.031887941 0.006255325 0.152820796 -0.032797281 0.987709463 1.148369074
0.985434294 -0.004396668 -0.169999748 -0.020692095 0.010082117 0.999417722 0.032595083 0.007001730 0.169757470 -0.033834279 0.984904826 1.172314286
0.982266068 -0.006578940 -0.187376812 -0.024542823 0.013072125 0.999355257 0.033438541 0.007297475 0.187036008 -0.035294957 0.981718779 1.195671678
0.978845119 -0.007246329 -0.204474151 -0.029415742 0.014477703 0.999320626 0.033891931 0.008093446 0.204089642 -0.036135271 0.978285074 1.219757557
0.975034475 -0.007681793 -0.221920803 -0.034585625 0.016026853 0.999229431 0.035827465 0.008459363 0.221474588 -0.038489703 0.974406183 1.243566155
0.971072972 -0.006945608 -0.238681853 -0.040215313 0.016081667 0.999209583 0.036351115 0.009022120 0.238240734 -0.039137989 0.970417202 1.266837835
0.966865480 -0.007474382 -0.255176961 -0.046853393 0.017288281 0.999193668 0.036237933 0.009746760 0.254700333 -0.039448775 0.966215074 1.290734649
0.962155819 -0.008397032 -0.272370249 -0.053695858 0.019092131 0.999146223 0.036640350 0.010404274 0.271830022 -0.040453855 0.961494625 1.314408898
0.957040966 -0.007138440 -0.289864928 -0.060692251 0.019120889 0.999074697 0.038527053 0.011006739 0.289321661 -0.042414438 0.956291795 1.337738991
0.951608181 -0.006018599 -0.307255179 -0.068100810 0.018580746 0.999105871 0.037976161 0.011548411 0.306751877 -0.041847445 0.950869143 1.360814571
0.945933700 -0.005275383 -0.324316919 -0.076249868 0.017508093 0.999240518 0.034812000 0.012373485 0.323886991 -0.038608015 0.945307672 1.383628845
0.940286756 -0.005532223 -0.340338290 -0.084868580 0.017449720 0.999336541 0.031965818 0.013136886 0.339935660 -0.035995837 0.939759612 1.407036304
0.934059799 -0.002378999 -0.357108802 -0.093090206 0.015471715 0.999308407 0.033810858 0.013366032 0.356781363 -0.037106443 0.933450699 1.429157376
0.927944958 0.001559983 -0.372714132 -0.102093846 0.012769892 0.999271154 0.035975568 0.013760451 0.372498631 -0.038142860 0.927248597 1.451851487
0.921618700 0.003432584 -0.388081431 -0.111502379 0.012042071 0.999226451 0.037435759 0.014410295 0.387909740 -0.039174806 0.920864463 1.474287271
0.915572822 0.004141170 -0.402130812 -0.121395409 0.012002638 0.999220133 0.037617676 0.015037343 0.401972979 -0.039268352 0.914809108 1.496097207
0.909204900 0.006513915 -0.416298032 -0.131727308 0.009692780 0.999275386 0.036805160 0.015727051 0.416236103 -0.037498523 0.908483028 1.518558264
0.903138101 0.009640918 -0.429241896 -0.142069906 0.007451502 0.999245346 0.038121570 0.016388483 0.429285496 -0.037627537 0.902384639 1.539809823
0.896978676 0.011940185 -0.441912472 -0.152374864 0.006600793 0.999162018 0.040394761 0.017132923 0.442024469 -0.039150208 0.896148264 1.562021255
0.892746687 0.017541364 -0.450217456 -0.164467275 0.001823850 0.999092996 0.042543206 0.017743323 0.450555325 -0.038801432 0.891904950 1.582503796
0.887314260 0.022136202 -0.460633934 -0.174603820 -0.002911786 0.999096334 0.042403594 0.018732470 0.461156398 -0.036284037 0.886576891 1.603652000
0.883118927 0.023207305 -0.468574941 -0.185541153 -0.004793873 0.999170005 0.040451344 0.019083891 0.469124794 -0.033477057 0.882497191 1.624457598
0.879781187 0.025708672 -0.474683166 -0.196764708 -0.008303897 0.999215364 0.038726650 0.020103563 0.475306332 -0.030129250 0.879304349 1.644700646
0.876511276 0.029722869 -0.480462849 -0.207759023 -0.011801247 0.999118865 0.040279392 0.020716280 0.481236696 -0.029635279 0.876089752 1.664788723
0.874174714 0.033381708 -0.484462708 -0.219162405 -0.013960337 0.998949707 0.043641888 0.021319009 0.485410780 -0.031387374 0.873722613 1.684708118
0.871350169 0.036001731 -0.489339083 -0.230105281 -0.015790347 0.998845458 0.045369864 0.021792904 0.490407526 -0.031806208 0.870912611 1.704629540
0.868532062 0.036373943 -0.494296521 -0.240786910 -0.016634272 0.998880804 0.044276729 0.022560284 0.495353848 -0.030233502 0.868165016 1.724004984
0.866420150 0.036671590 -0.497967005 -0.252006829 -0.018259421 0.998959303 0.041796133 0.023113821 0.498981506 -0.027120428 0.866188109 1.742497206
0.864308476 0.035577178 -0.501702130 -0.263180017 -0.018351957 0.999061584 0.039230525 0.023805939 0.502627134 -0.024700064 0.864150405 1.760871172
0.861629426 0.036433242 -0.506228566 -0.273650587 -0.019756757 0.999071896 0.038276032 0.024204209 0.507153213 -0.022978319 0.861549556 1.779251456
0.859600604 0.036980443 -0.509626627 -0.284662127 -0.020170152 0.999056041 0.038473777 0.024832807 0.510568261 -0.022792831 0.859535098 1.797302485
0.857078314 0.035951152 -0.513930023 -0.295139432 -0.018486967 0.999065936 0.039057437 0.025460359 0.514854133 -0.023974279 0.856942415 1.815575361
0.854472637 0.036858745 -0.518187165 -0.305734456 -0.019608120 0.999057293 0.038730014 0.025863938 0.519126236 -0.022933062 0.854389846 1.833597660
0.852635443 0.036974739 -0.521196365 -0.316808581 -0.019431463 0.999046862 0.039086115 0.026177332 0.522144794 -0.023198601 0.852541268 1.851572990
0.850837350 0.035424095 -0.524233520 -0.327575266 -0.017909324 0.999100208 0.038445257 0.027154997 0.525123835 -0.023321992 0.850706279 1.868702412
0.849514604 0.036196355 -0.526321888 -0.338534713 -0.018745711 0.999084592 0.038452629 0.027523488 0.527231991 -0.022799792 0.849415481 1.885983348
0.847908318 0.040132958 -0.528621674 -0.349401176 -0.022022532 0.998936176 0.040515132 0.028363209 0.529685318 -0.022711527 0.847890139 1.903527856
0.847066343 0.041983645 -0.529826343 -0.360400140 -0.019749241 0.998673022 0.047560897 0.028953250 0.531120121 -0.029823568 0.846771479 1.920958757
0.845800936 0.041707195 -0.531865895 -0.371078551 -0.015582362 0.998445451 0.053514957 0.029860936 0.533271134 -0.036975268 0.845135927 1.938524961
0.844712973 0.041735552 -0.533589840 -0.381597042 -0.014973376 0.998407602 0.054388009 0.030441694 0.535010099 -0.037952613 0.843992770 1.955677748
0.843857288 0.039678875 -0.535098493 -0.392173111 -0.017070096 0.998742461 0.047139458 0.030868024 0.536296189 -0.030644786 0.843473434 1.972154617
0.842969477 0.033907674 -0.536891639 -0.402404904 -0.017135093 0.999197602 0.036201172 0.031745676 0.537688434 -0.021316793 0.842874169 1.988588572
0.842395127 0.029412573 -0.538056910 -0.413165152 -0.015276642 0.999411464 0.030714776 0.032359902 0.538643658 -0.017654270 0.842348933 2.005660295
0.842505515 0.028375473 -0.537939727 -0.423758447 -0.014858181 0.999455869 0.029449267 0.032960694 0.538482666 -0.016818367 0.842468739 2.022280693
0.842435122 0.030371927 -0.537940919 -0.434439659 -0.017441651 0.999423921 0.029112808 0.033316806 0.538515270 -0.015143077 0.842479646 2.039027214
0.842900038 0.030204374 -0.537221730 -0.444698274 -0.017452909 0.999432504 0.028807806 0.033628788 0.537787080 -0.014906017 0.842948914 2.055829763
0.843451679 0.031503242 -0.536280453 -0.455101848 -0.017342670 0.999355495 0.031429879 0.033972360 0.536924958 -0.017209053 0.843454361 2.072621346
0.844028652 0.033909917 -0.535224915 -0.465538144 -0.017154478 0.999195337 0.036253467 0.034484740 0.536023617 -0.021417465 0.843931258 2.088996410
0.844463170 0.035877109 -0.534410655 -0.475840569 -0.016503349 0.999023199 0.040990181 0.035190210 0.535359263 -0.025795136 0.844230473 2.105391264
0.844522893 0.037364192 -0.534214437 -0.486290455 -0.017728038 0.998966873 0.041844349 0.035700481 0.535226047 -0.025867933 0.844312787 2.121721506
0.844258308 0.037034199 -0.534655273 -0.496942520 -0.019326400 0.999064565 0.038684867 0.036030244 0.535587847 -0.022327064 0.844184279 2.138204813
0.843468726 0.033915665 -0.536106527 -0.507386208 -0.019185148 0.999270082 0.033032324 0.036835536 0.536835551 -0.017576452 0.843503773 2.154850483
0.842575610 0.030435737 -0.537717402 -0.518264949 -0.018932121 0.999458671 0.026905436 0.037661090 0.538245201 -0.012489740 0.842695713 2.171769142
0.841320872 0.031081056 -0.539641738 -0.528983295 -0.021172155 0.999474168 0.024557292 0.038219076 0.540121257 -0.009235184 0.841536522 2.189310312
0.840225458 0.036429554 -0.541012049 -0.540753424 -0.025731748 0.999295354 0.027325489 0.038572282 0.541626275 -0.009038389 0.840570807 2.206605434
0.838855565 0.043154586 -0.542640805 -0.552359521 -0.030064594 0.999004006 0.032971643 0.039054818 0.543523192 -0.011344176 0.839317560 2.224381447
0.837201595 0.046867024 -0.544882417 -0.563989401 -0.031158894 0.998790562 0.038034003 0.039609045 0.546005905 -0.014864197 0.837649465 2.242574692
0.835851252 0.047706887 -0.546879113 -0.575799167 -0.032121319 0.998760045 0.038032345 0.040235385 0.548015416 -0.014222899 0.836347282 2.260500908
0.834363699 0.047236670 -0.549186528 -0.587837815 -0.033601686 0.998827100 0.034861073 0.040979404 0.550189137 -0.010633219 0.834972322 2.279094219
0.833265543 0.046595898 -0.550905883 -0.600296497 -0.034832455 0.998887002 0.031800985 0.041741982 0.551774561 -0.007309255 0.833961248 2.297214746
0.831600010 0.046869017 -0.553393722 -0.612826943 -0.036486965 0.998890579 0.029769860 0.042505719 0.554174960 -0.004564957 0.832387745 2.315846682
0.830014944 0.044347923 -0.555975258 -0.625267923 -0.033764955 0.999000847 0.029278619 0.043083780 0.556718230 -0.005529207 0.830683053 2.334923744
0.828288019 0.040667489 -0.558824599 -0.638089538 -0.029937830 0.999149978 0.028337639 0.043565400 0.559502125 -0.006741735 0.828801632 2.354406357
0.826693773 0.037573315 -0.561396062 -0.651138783 -0.027394945 0.999272346 0.026538746 0.043933369 0.561984837 -0.006560004 0.827121556 2.373592615
0.824374974 0.034231856 -0.565007806 -0.664222777 -0.025790282 0.999404609 0.022921111 0.044787318 0.565456092 -0.004323878 0.824767172 2.393714190
0.822239935 0.033292580 -0.568166375 -0.677883089 -0.025522135 0.999440193 0.021628579 0.045144912 0.568568468 -0.003283058 0.822629392 2.412999153
0.819772303 0.032886051 -0.571744442 -0.691575289 -0.025377588 0.999455214 0.021100841 0.045443200 0.572126925 -0.002788391 0.820160389 2.432859421
0.817198277 0.032826114 -0.575420916 -0.704974353 -0.025044857 0.999456286 0.021448037 0.045808755 0.575812161 -0.003115965 0.817576110 2.452682734
0.815507889 0.034728207 -0.577702999 -0.720322430 -0.027138809 0.999394774 0.021767700 0.046249770 0.578109324 -0.002073560 0.815956652 2.473150253
0.814234734 0.036057752 -0.579414785 -0.734865189 -0.028886719 0.999349296 0.021597169 0.046789564 0.579816580 -0.000847764 0.814746559 2.493424416
0.813930631 0.036927383 -0.579787314 -0.749787450 -0.031256936 0.999315917 0.019767839 0.047269121 0.580120802 0.002032729 0.814527988 2.513771057
0.813838542 0.036334623 -0.579953969 -0.764302015 -0.032649618 0.999325812 0.016792048 0.047643788 0.580173135 0.005269258 0.814476013 2.534545898
0.814310968 0.038743827 -0.579134345 -0.779472113 -0.036554471 0.999212265 0.015448243 0.048038147 0.579276562 0.008590274 0.815085709 2.555437088
0.814756215 0.039366603 -0.578465641 -0.794657826 -0.035655763 0.999205947 0.017779090 0.048296511 0.578706205 0.006140010 0.815513015 2.576979160
0.815803707 0.039788909 -0.576958537 -0.809290707 -0.035229865 0.999196827 0.019093743 0.048633184 0.577254772 0.004749420 0.816550255 2.598001957
0.816461444 0.037372082 -0.576189220 -0.824597657 -0.034010272 0.999283254 0.016621646 0.049204335 0.576397419 0.006025420 0.817147315 2.620305300
0.817317009 0.033264849 -0.575227201 -0.839283228 -0.031327821 0.999420881 0.013283138 0.049554572 0.575335920 0.007164079 0.817885816 2.641901970
0.817838013 0.031245779 -0.574599683 -0.854355991 -0.030044535 0.999481380 0.011587231 0.049738005 0.574663758 0.007787096 0.818352580 2.663605452
0.818613648 0.026829088 -0.573717594 -0.870020151 -0.026621135 0.999607205 0.008760619 0.049685512 0.573727250 0.008101452 0.819006324 2.685928583
0.819603086 0.021041103 -0.572545171 -0.884777009 -0.022819251 0.999731302 0.004074299 0.049712807 0.572477043 0.009725744 0.819863081 2.707579613
0.820067525 0.023293480 -0.571792424 -0.900021732 -0.026339844 0.999648690 0.002946608 0.049858533 0.571660161 0.012644507 0.820392966 2.729203224
0.820725739 0.028999999 -0.570585907 -0.915110409 -0.028574869 0.999544621 0.009699965 0.049622376 0.570607305 0.008343403 0.821180642 2.751514435
0.821202636 0.038868435 -0.569311380 -0.931703925 -0.031643972 0.999244213 0.022576308 0.049870726 0.569758594 -0.000524459 0.821811914 2.774336338
0.822775543 0.047132254 -0.566408753 -0.947479904 -0.035463776 0.998871207 0.031603184 0.050304465 0.567258835 -0.005915338 0.823518276 2.796371698
0.822414339 0.053057253 -0.566409349 -0.961797297 -0.039792452 0.998567939 0.035761029 0.050687827 0.567495465 -0.006871573 0.823347747 2.819447041
0.823961079 0.053203020 -0.564143062 -0.978686869 -0.041331887 0.998573422 0.033805702 0.051623780 0.565136969 -0.004537490 0.824984729 2.841952085
0.825314343 0.044772293 -0.562895834 -0.993671536 -0.032583043 0.998966753 0.031683981 0.052432716 0.563732743 -0.007808385 0.825920403 2.864256859
0.825226784 0.040824734 -0.563324094 -1.008815527 -0.031508408 0.999158680 0.026252747 0.053534374 0.563921928 -0.003915024 0.825818956 2.887336254
0.826174200 0.038481850 -0.562099040 -1.025235415 -0.032896761 0.999257445 0.020058425 0.053659402 0.562453568 0.001919483 0.826826632 2.910485268
0.826722383 0.035092413 -0.561514616 -1.040280819 -0.033244077 0.999355912 0.013510223 0.054093033 0.561627030 0.007497831 0.827356398 2.933199167
0.827605546 0.040260423 -0.559864521 -1.056806326 -0.039258003 0.999133468 0.013816573 0.054476086 0.559935808 0.010544487 0.828468919 2.956375360
0.827686787 0.045360330 -0.559354186 -1.071862936 -0.041979145 0.998939872 0.018890811 0.054823603 0.559618056 0.007845542 0.828713357 2.979976177
0.828363299 0.046917964 -0.558223128 -1.087326169 -0.036614675 0.998890221 0.029621942 0.054933801 0.558993459 -0.004098569 0.829161942 3.003656149
0.828818023 0.050104856 -0.557270288 -1.102865696 -0.034322854 0.998659551 0.038742959 0.055917680 0.558464468 -0.012983762 0.829426825 3.027042627
0.829739273 0.048422385 -0.556046665 -1.118658543 -0.030793495 0.998683751 0.041018281 0.056869239 0.557300925 -0.016911861 0.830138326 3.050090790
0.829533696 0.042942356 -0.556803167 -1.133819342 -0.027233589 0.998963654 0.036470097 0.057816297 0.557792187 -0.015089432 0.829843342 3.073676825
0.829409361 0.035825670 -0.557491362 -1.148953080 -0.023599546 0.999297678 0.029106863 0.058542628 0.558142602 -0.010984961 0.829672337 3.097077370
0.829145730 0.035932675 -0.557876527 -1.164740086 -0.028015554 0.999349058 0.022729600 0.059218206 0.558330119 -0.003216926 0.829612672 3.120123386
0.828879714 0.035303511 -0.558311760 -1.179811001 -0.029637182 0.999376416 0.019193284 0.059374463 0.558641255 0.000637867 0.829409122 3.143189669
0.828569531 0.035445333 -0.558763027 -1.195330143 -0.032495353 0.999356151 0.015208336 0.060055874 0.558942378 0.005556038 0.829187989 3.166405678
0.828387499 0.038120758 -0.558856964 -1.211024761 -0.033552606 0.999267042 0.018427365 0.060204066 0.559149742 0.003486113 0.829059243 3.189463615
0.828484535 0.040754676 -0.558527052 -1.226611376 -0.030971874 0.999156475 0.026964806 0.060619794 0.559154928 -0.005041291 0.829047918 3.212886572
0.828388155 0.043842111 -0.558436036 -1.242238522 -0.031199526 0.998996019 0.032148302 0.061298072 0.559284747 -0.009208338 0.828924417 3.236207962
0.828733921 0.042833526 -0.558001280 -1.257915735 -0.028353285 0.998999774 0.034575831 0.061951499 0.558924079 -0.012832996 0.829119563 3.259227991
0.827724874 0.040910404 -0.559640706 -1.273023129 -0.027367074 0.999095082 0.032558341 0.062362373 0.560466230 -0.011633623 0.828095555 3.282475471
0.827510715 0.036676869 -0.560250759 -1.288392663 -0.024331776 0.999269247 0.029478330 0.063075379 0.560922563 -0.010761740 0.827798307 3.305755615
0.827112556 0.034536779 -0.560974121 -1.303863287 -0.022899171 0.999352217 0.027762802 0.063548893 0.561569631 -0.010117119 0.827367544 3.328478336
0.826939821 0.037525080 -0.561036885 -1.319866419 -0.024124686 0.999219596 0.031274475 0.064207233 0.561772645 -0.012327267 0.827199757 3.351241350
0.826143801 0.039286431 -0.562088013 -1.335276127 -0.023215888 0.999092579 0.035708122 0.064794406 0.562980831 -0.016450670 0.826306164 3.374759436
0.825620174 0.040198505 -0.562792480 -1.350456238 -0.024806555 0.999080479 0.034969803 0.065816842 0.563680649 -0.014910832 0.825858235 3.396958351
0.825054228 0.043101285 -0.563407302 -1.366420984 -0.031177469 0.999040008 0.030771367 0.066262469 0.564192712 -0.007822433 0.825606048 3.419885159
0.825322211 0.043158557 -0.563010275 -1.381177187 -0.033227719 0.999058902 0.027875809 0.066553980 0.563683569 -0.004298974 0.825979710 3.441311836
0.824663043 0.044595052 -0.563863695 -1.397103071 -0.034410398 0.998996019 0.028683003 0.067473337 0.564576685 -0.004251036 0.825369537 3.464582443
0.824127018 0.046126798 -0.564523697 -1.412507534 -0.033745054 0.998906553 0.032356735 0.067975953 0.565398932 -0.007616173 0.824782431 3.487327814
0.823878586 0.045035534 -0.564974189 -1.427592754 -0.032649577 0.998953879 0.032017637 0.068532765 0.565825164 -0.007932483 0.824487031 3.509388924
0.824446917 0.040015776 -0.564522803 -1.443257570 -0.027624035 0.999153495 0.030481238 0.069340847 0.565264702 -0.009535769 0.824854553 3.531919003
0.823731244 0.041016709 -0.565494835 -1.458198428 -0.027935583 0.999104500 0.031774946 0.069798030 0.566291809 -0.010376586 0.824139476 3.554030418
0.823942482 0.043690812 -0.564986646 -1.474099398 -0.030472822 0.998996794 0.032813385 0.070241272 0.565853536 -0.009819599 0.824447215 3.576289177
0.823164523 0.043728646 -0.566116452 -1.488724232 -0.031408526 0.999010146 0.031497013 0.070903264 0.566933572 -0.008146341 0.823723316 3.598114967
0.822239459 0.043289889 -0.567492962 -1.504155159 -0.031408008 0.999034941 0.030702073 0.071879692 0.568274379 -0.007420631 0.822805643 3.620932817
0.822497427 0.047755484 -0.566760600 -1.518674970 -0.033146061 0.998799920 0.036056902 0.072056666 0.567802191 -0.010870828 0.823093116 3.641879320
0.822113991 0.049572036 -0.567160845 -1.533544540 -0.034597535 0.998710990 0.037141174 0.072853059 0.568270862 -0.010911908 0.822769105 3.664036512
0.821871400 0.048610941 -0.567595184 -1.548567057 -0.035069175 0.998780251 0.034759451 0.073326834 0.568592429 -0.008662708 0.822573721 3.685599089
0.821831286 0.046790395 -0.567806244 -1.563109875 -0.035493974 0.998890817 0.030940905 0.073905408 0.568624139 -0.005274504 0.822580516 3.706568003
0.821333051 0.046963453 -0.568512380 -1.578063011 -0.035498671 0.998881638 0.031230101 0.074568883 0.569343150 -0.005468885 0.822081745 3.728470802
0.820943534 0.052626360 -0.568578959 -1.592925072 -0.040014930 0.998598039 0.034652315 0.075097695 0.569605410 -0.005695948 0.821898520 3.749683857
0.821026146 0.053456750 -0.568382323 -1.607579470 -0.040570877 0.998552561 0.035310078 0.075647637 0.569447219 -0.005930728 0.822006524 3.771019459
0.820673168 0.050619412 -0.569151461 -1.622091532 -0.039425600 0.998710752 0.031975005 0.076255798 0.570036232 -0.003801882 0.821610808 3.792009592
0.820764840 0.047431257 -0.569293559 -1.636282682 -0.037660021 0.998871982 0.028926568 0.076631084 0.570023298 -0.002302304 0.821625292 3.812687635
0.820732892 0.045344513 -0.569509745 -1.650696993 -0.035929590 0.998968840 0.027759232 0.077137470 0.570181131 -0.002320664 0.821515679 3.833406448
0.820487142 0.042462744 -0.570085764 -1.664510608 -0.031538323 0.999081016 0.029025348 0.077554591 0.570794344 -0.005835383 0.821072340 3.854227781
0.820903003 0.041636489 -0.569547772 -1.678602338 -0.029990848 0.999105513 0.029812543 0.078175709 0.570279539 -0.007391988 0.821417451 3.874419928
0.820750177 0.039975129 -0.569886923 -1.692104816 -0.026691489 0.999142706 0.031644549 0.078395024 0.570663393 -0.010761140 0.821113586 3.894753218
0.821430624 0.039424304 -0.568944275 -1.705893159 -0.024279248 0.999120772 0.034178965 0.078925706 0.569791436 -0.014262104 0.821665525 3.914945602
0.821575999 0.040277429 -0.568674386 -1.719516516 -0.024116186 0.999063671 0.035919387 0.079408713 0.569588661 -0.015796252 0.821778119 3.934876442
0.822125852 0.037263963 -0.568084955 -1.733118296 -0.022746423 0.999208689 0.032625508 0.080016479 0.568851233 -0.013900377 0.822322965 3.954590321
0.822664797 0.034371577 -0.567486882 -1.746188164 -0.022090977 0.999349535 0.028504174 0.080306187 0.568097591 -0.010913036 0.822888911 3.973749161
0.824081182 0.035622738 -0.565350413 -1.759660244 -0.023880526 0.999318182 0.028157674 0.080907725 0.565968037 -0.009703342 0.824370086 3.993061304
0.825498581 0.041041479 -0.562909961 -1.772839546 -0.027548913 0.999093831 0.032443374 0.081276715 0.563731432 -0.011274400 0.825881124 4.012220383
0.827821672 0.042203508 -0.559401512 -1.785787821 -0.028253047 0.999037266 0.033561565 0.081893541 0.560279310 -0.011978189 0.828217030 4.030952454
0.830233872 0.041174289 -0.555892527 -1.798255920 -0.028334869 0.999096215 0.031683311 0.082311586 0.556694567 -0.010553419 0.830650330 4.049871445
0.833940566 0.041348428 -0.550303102 -1.810665011 -0.028707119 0.999089241 0.031565771 0.082741141 0.551107049 -0.010526366 0.834368110 4.068345070
0.837285995 0.043491930 -0.545032680 -1.822211266 -0.028191084 0.998939395 0.036404796 0.083241612 0.546037912 -0.015116167 0.837624073 4.086627007
0.841369033 0.042543575 -0.538784027 -1.833667755 -0.025555542 0.998913586 0.038968708 0.083592907 0.539856553 -0.019018147 0.841542125 4.104592800
0.846014977 0.038709480 -0.531752050 -1.844246984 -0.022726830 0.999072731 0.036570318 0.083847232 0.532674551 -0.018854002 0.846110106 4.121919155
0.850343347 0.035762351 -0.525011718 -1.854317427 -0.021989195 0.999231398 0.032449767 0.084087767 0.525768757 -0.016048852 0.850476146 4.138973236
0.855657578 0.030346746 -0.516651750 -1.864528418 -0.017491369 0.999404788 0.029733865 0.084726691 0.517246544 -0.016405061 0.855679095 4.155580521
0.860689044 0.027342586 -0.508396208 -1.873857856 -0.014152707 0.999455869 0.029792961 0.085048780 0.508934140 -0.018447295 0.860607743 4.172137737
0.865768492 0.023214396 -0.499906063 -1.882538319 -0.009275173 0.999496281 0.030350814 0.085372180 0.500358760 -0.021640066 0.865547657 4.188001156
0.871232748 0.021016372 -0.490419924 -1.891014099 -0.006300599 0.999479532 0.031638492 0.085554332 0.490829587 -0.024474550 0.870911777 4.203605175
0.876467705 0.018625248 -0.481100291 -1.899556398 -0.004195109 0.999508977 0.031052204 0.086066931 0.481442332 -0.025197990 0.876115501 4.218979359
0.881304145 0.013568683 -0.472354710 -1.906902790 -0.000658251 0.999622047 0.027486628 0.086069167 0.472549051 -0.023913154 0.880979955 4.233207226
0.886790872 0.012334416 -0.462006330 -1.914498687 -0.000949395 0.999690294 0.024866933 0.086198255 0.462169975 -0.021613149 0.886527956 4.248643398
0.891330779 0.009231051 -0.453259617 -1.921517730 0.000526210 0.999770880 0.021396052 0.086080573 0.453353256 -0.019309469 0.891121805 4.262963772
0.895569086 0.006054232 -0.444881260 -1.928421617 0.002218235 0.999834180 0.018071817 0.086478516 0.444916904 -0.017171409 0.895407200 4.277127743
0.899808466 0.007564851 -0.436219454 -1.935145140 -0.000085061 0.999852598 0.017163834 0.086486004 0.436285049 -0.015407056 0.899676621 4.291572571
0.903232396 0.014565173 -0.428904533 -1.941627145 -0.008589805 0.999837160 0.015864164 0.086425886 0.429065824 -0.010644816 0.903210521 4.305222034
0.905945361 0.014675838 -0.423140228 -1.947961926 -0.010159971 0.999864757 0.012925918 0.086444616 0.423272729 -0.007411080 0.905972004 4.318916321
0.907681763 0.014340743 -0.419414282 -1.954378366 -0.009310647 0.999858081 0.014037685 0.086461864 0.419556051 -0.008836730 0.907686532 4.332863331
0.908231258 0.012690699 -0.418276161 -1.960382223 -0.005666375 0.999821365 0.018031271 0.086752079 0.418430328 -0.014006456 0.908140898 4.346867085
0.907379866 0.016167879 -0.420000553 -1.967036843 -0.008465787 0.999760211 0.020195968 0.087153904 0.420226365 -0.014769778 0.907299101 4.360423088
0.905313849 0.019837972 -0.424279690 -1.973466039 -0.011996420 0.999704421 0.021145450 0.087166443 0.424573720 -0.014053432 0.905284286 4.373645306
0.901088178 0.018979868 -0.433220387 -1.979786396 -0.011849193 0.999746263 0.019153958 0.087046802 0.433474064 -0.012126093 0.901084423 4.386612415
0.894220114 0.013094676 -0.447435886 -1.986289740 -0.007023258 0.999859393 0.015225636 0.087075748 0.447572380 -0.010472613 0.894186318 4.399724007
0.884518743 0.003484817 -0.466491580 -1.993022442 0.002431049 0.999924064 0.012079237 0.087245882 0.466498226 -0.011818375 0.884443104 4.412128925
0.871498644 -0.000157533 -0.490397841 -2.000241756 0.006394497 0.999918580 0.011042614 0.087408289 0.490356207 -0.012759472 0.871428609 4.424665451
0.855735719 0.004528844 -0.517393410 -2.008166552 0.002690899 0.999909282 0.013202971 0.087395437 0.517406166 -0.012690508 0.855645776 4.436277390
0.837450147 0.009798356 -0.546425760 -2.016224384 -0.001122483 0.999867976 0.016209040 0.087583721 0.546512544 -0.012960912 0.837350547 4.447687626
0.817898512 0.015529245 -0.575152755 -2.025280237 -0.004902816 0.999787450 0.020022396 0.088169970 0.575341523 -0.013556421 0.817800820 4.459283829
0.795959949 0.020244827 -0.605010748 -2.034556866 -0.004525388 0.999611676 0.027495278 0.088415094 0.605332494 -0.019147228 0.795742452 4.470634460
0.771841884 0.027503252 -0.635219336 -2.044661045 -0.004742682 0.999285281 0.037503567 0.088387117 0.635796785 -0.025934182 0.771420717 4.481797218
0.746354282 0.032560918 -0.664751768 -2.054813147 -0.007998611 0.999169230 0.039960872 0.088909507 0.665500700 -0.024507886 0.745994687 4.492416382
0.718849897 0.032874454 -0.694387496 -2.065446377 -0.010103427 0.999269783 0.036849156 0.089428611 0.695091844 -0.019473322 0.718657136 4.502496719
0.689101994 0.029195603 -0.724075913 -2.076406956 -0.010977653 0.999493957 0.029853363 0.089661449 0.724581182 -0.012623363 0.689073861 4.512038231
0.657709897 0.023037165 -0.752919018 -2.088753223 -0.008341740 0.999693573 0.023300869 0.090398923 0.753225207 -0.009044558 0.657700539 4.521921158
0.624636531 0.028978150 -0.780377686 -2.100912571 -0.013719627 0.999564171 0.026135730 0.090420604 0.780795097 -0.005618840 0.624761879 4.531497478
0.591054201 0.037789583 -0.805746138 -2.114761114 -0.017289767 0.999265969 0.034182798 0.090903424 0.806446552 -0.006272724 0.591273785 4.540760517
0.556842566 0.043171950 -0.829495311 -2.128809690 -0.017745286 0.999038756 0.040083557 0.091043025 0.830428541 -0.007600597 0.557073355 4.549455643
0.521221697 0.042567365 -0.852358997 -2.143125534 -0.017950453 0.999081135 0.038917966 0.091511466 0.853232324 -0.004984667 0.521506965 4.557482719
0.483231157 0.037745059 -0.874678791 -2.157895565 -0.014804809 0.999279618 0.034942798 0.092261076 0.875367582 -0.003935995 0.483441859 4.565282822
0.444495201 0.034930263 -0.895099878 -2.173713684 -0.013100570 0.999386013 0.032494329 0.092960119 0.895685375 -0.002717256 0.444679916 4.572365761
0.404170305 0.035861582 -0.913980424 -2.190074444 -0.011848299 0.999352515 0.033971880 0.093274161 0.914606929 -0.002901313 0.404333562 4.579095364
0.361451358 0.039193433 -0.931566834 -2.205979347 -0.010604963 0.999224246 0.037925195 0.093541518 0.932330668 -0.003828881 0.361586630 4.585472107
0.318900853 0.040021893 -0.946942806 -2.223706722 -0.009186879 0.999191642 0.039136313 0.094573788 0.947743654 -0.003781155 0.319010764 4.591059685
0.276314914 0.042308979 -0.960135400 -2.241032839 -0.010483382 0.999103725 0.041009162 0.094947383 0.961010098 -0.001265975 0.276510805 4.595591068
0.235200807 0.045460664 -0.970883071 -2.259233713 -0.013106775 0.998963058 0.043600310 0.095826015 0.971858442 0.002470319 0.235552788 4.599392414
0.195980310 0.044902224 -0.979579270 -2.277429104 -0.013719441 0.998978853 0.043046683 0.096369937 0.980511963 0.005002979 0.196396202 4.602520943
0.158279270 0.042812198 -0.986465752 -2.296461105 -0.012687705 0.999065220 0.041323259 0.097277462 0.987312853 0.005975372 0.158674493 4.605265141
0.121317960 0.041701976 -0.991737306 -2.315830708 -0.010664802 0.999114215 0.040707558 0.097871944 0.992556393 0.005638124 0.121655256 4.607548237
0.087552443 0.039633565 -0.995371103 -2.335272312 -0.004317625 0.999213994 0.039406799 0.098626450 0.996150613 0.000847478 0.087654740 4.609319687
0.055721916 0.037666954 -0.997735679 -2.355250835 -0.002329051 0.999290347 0.037595581 0.099187113 0.998443604 0.000228880 0.055770099 4.610277176
0.026025370 0.032233547 -0.999141514 -2.375112295 0.004773844 0.999464631 0.032368325 0.099824578 0.999649882 -0.005612143 0.025857564 4.610681057
-0.003754314 0.026872309 -0.999631763 -2.395507812 0.011231069 0.999576926 0.026828652 0.100296415 0.999929905 -0.011126208 -0.004054531 4.610748291
-0.032712236 0.025964692 -0.999127507 -2.416324615 0.020876016 0.999462068 0.025289893 0.100813404 0.999246836 -0.020030513 -0.033236686 4.610597610
-0.058388356 0.027209783 -0.997923017 -2.437328815 0.023768445 0.999382973 0.025858903 0.101244271 0.998010933 -0.022209220 -0.058999076 4.609168530
-0.082028374 0.029629016 -0.996189475 -2.458334446 0.027426409 0.999246418 0.027461592 0.101629376 0.996252537 -0.025069268 -0.082779191 4.607535839
-0.101218089 0.031797048 -0.994356036 -2.479842186 0.032438837 0.999063075 0.028645534 0.101987392 0.994335234 -0.029356306 -0.102154717 4.605226994
-0.117273390 0.035536900 -0.992463648 -2.501854658 0.033682931 0.998927057 0.031788219 0.102765650 0.992528260 -0.029701173 -0.118344523 4.602952957
-0.130701914 0.039529972 -0.990633368 -2.524162054 0.033472624 0.998811126 0.035439998 0.103068590 0.990856469 -0.028527027 -0.131869704 4.600247383
-0.142836601 0.040322088 -0.988924503 -2.546089649 0.036979213 0.998689592 0.035379104 0.103713229 0.989055216 -0.031516220 -0.144140497 4.597212791
-0.153745711 0.034812149 -0.987497091 -2.567868233 0.039326940 0.998802900 0.029087812 0.104491085 0.987327576 -0.034363110 -0.154930741 4.593931675
-0.162282288 0.030440602 -0.986274660 -2.590708971 0.037063029 0.999006748 0.024735196 0.104973897 0.986047983 -0.032540258 -0.163249329 4.589932919
-0.170160592 0.031204609 -0.984922171 -2.613077402 0.031833082 0.999150872 0.026155753 0.105426937 0.984902024 -0.026902426 -0.171009451 4.585680962
-0.176114783 0.033397567 -0.983802915 -2.636694670 0.029022854 0.999165952 0.028723588 0.105978698 0.983941615 -0.023494121 -0.176937208 4.581224918
-0.180726603 0.033846136 -0.982950866 -2.659845352 0.028765535 0.999162018 0.029115474 0.106484383 0.983112574 -0.023013173 -0.181548774 4.577108860
-0.183217391 0.032871649 -0.982522786 -2.683447838 0.027328359 0.999224842 0.028334348 0.107207425 0.982692599 -0.021659384 -0.183973730 4.572381020
-0.186832413 0.030311270 -0.981923997 -2.707325935 0.024485851 0.999356985 0.026190447 0.107528150 0.982086599 -0.019150019 -0.187454492 4.567860126
-0.189280510 0.026949270 -0.981553197 -2.731232882 0.025605431 0.999418855 0.022502091 0.108340286 0.981589079 -0.020873886 -0.189860567 4.563512802
-0.191912740 0.025375711 -0.981083810 -2.755244732 0.025251443 0.999462366 0.020911558 0.108840011 0.981087029 -0.020760588 -0.192450345 4.558850765
-0.192406580 0.024122547 -0.981018782 -2.779706001 0.025964830 0.999472976 0.019483857 0.109053969 0.980971754 -0.021723168 -0.192931518 4.553968906
-0.192913383 0.020238569 -0.981007099 -2.803873062 0.023819724 0.999589205 0.015937818 0.109504737 0.980926633 -0.020292697 -0.193316221 4.549144745
-0.193253443 0.019005001 -0.980964780 -2.828921318 0.023096804 0.999623418 0.014816339 0.109956816 0.980876982 -0.019793848 -0.193619639 4.544226646
-0.194194227 0.025313586 -0.980636418 -2.853874445 0.026170049 0.999444902 0.020616673 0.110184640 0.980614007 -0.021659665 -0.194748923 4.539639950
-0.193117365 0.030888634 -0.980689347 -2.879193068 0.027676763 0.999278069 0.026024016 0.110319093 0.980785251 -0.022116615 -0.193832830 4.534621716
-0.191946626 0.032359105 -0.980871737 -2.904359341 0.028671432 0.999214530 0.027353531 0.111224763 0.980986357 -0.022872580 -0.192723662 4.529678345
-0.192030713 0.031968083 -0.980868220 -2.929795980 0.025087563 0.999302626 0.027657349 0.111796491 0.981068194 -0.019296532 -0.192698792 4.524956226
-0.191341132 0.032686818 -0.980979145 -2.955182791 0.021169998 0.999350369 0.029169722 0.112303719 0.981295288 -0.015185962 -0.191908807 4.519975662
-0.190011203 0.029167214 -0.981348574 -2.980700016 0.021442814 0.999443471 0.025553215 0.112859875 0.981547654 -0.016187476 -0.190530911 4.514700413
-0.189382747 0.023424938 -0.981623888 -3.006483793 0.022513201 0.999556124 0.019509440 0.113398790 0.981645167 -0.018404746 -0.189826071 4.509975433
-0.188839450 0.018970266 -0.981824756 -3.031693697 0.027708463 0.999518216 0.013982818 0.113931872 0.981617093 -0.024564343 -0.189274117 4.505382538
-0.188187063 0.025904600 -0.981791615 -3.058020353 0.032174975 0.999278009 0.020198774 0.114269778 0.981605947 -0.027787970 -0.188884750 4.500645161
