1.000000000 0.000000000 0.000000000 0.000000000 0.000000000 1.000000000 0.000000000 0.000000000 0.000000000 0.000000000 1.000000000 0.000000000
0.999964476 0.001461665 0.008293623 -0.006473767 -0.001424298 0.999988914 -0.004509739 0.003535776 -0.008300121 0.004497759 0.999955416 -0.000968346
0.999799848 0.008570553 0.018077694 -0.016511096 -0.007912002 0.999313533 -0.036191221 0.033030253 -0.018375464 0.036040951 0.999181330 0.004380794
0.999799550 0.002911710 0.019809898 -0.015847085 -0.002679309 0.999927342 -0.011748046 0.008414391 -0.019842671 0.011692612 0.999734759 -0.000139212
0.999775052 0.010150920 0.018625973 -0.016863540 -0.009530747 0.999406934 -0.033088062 0.028177010 -0.018950803 0.032903101 0.999278843 0.009295881
0.999531448 0.002267401 0.030524276 -0.025383245 -0.001837110 0.999898612 -0.014117296 0.011039376 -0.030553194 0.014054609 0.999434471 0.001863172
0.999432027 0.002451633 0.033609670 -0.028051501 -0.001955595 0.999888897 -0.014783745 0.011548659 -0.033642177 0.014709620 0.999325693 0.003780788
0.999258101 0.005931365 0.038051520 -0.031210974 -0.005031148 0.999706149 -0.023710223 0.018055463 -0.038180977 0.023501189 0.998994470 0.004811849
0.999102950 0.004886989 0.042064331 -0.034273800 -0.003950575 0.999743104 -0.022315873 0.016982393 -0.042162579 0.022129677 0.998865724 0.005749884
0.998631001 0.004582117 0.052107185 -0.042748190 -0.003195935 0.999639630 -0.026654784 0.020506406 -0.052210543 0.026451761 0.998285651 0.005353487
0.998453975 0.004341756 0.055414539 -0.045280863 -0.002860824 0.999637306 -0.026775993 0.020682950 -0.055510703 0.026576065 0.998104274 0.006722092
0.997749925 0.004021887 0.066924363 -0.054926027 -0.001932256 0.999509394 -0.031259228 0.024532259 -0.067017250 0.031059578 0.997268260 0.005631510
0.997539878 0.003203866 0.070028082 -0.057132885 -0.001034740 0.999519110 -0.030989433 0.024372382 -0.070093699 0.030840736 0.997063518 0.007287419
0.996329546 0.002697013 0.085557580 -0.071910411 0.000443371 0.999327421 -0.036664698 0.030203551 -0.085598923 0.036568057 0.995658338 0.005737438
0.996263385 0.003343770 0.086300768 -0.071644068 -0.000247266 0.999356508 -0.035866141 0.029792877 -0.086365163 0.035710789 0.995623231 0.008043884
0.995856822 0.003776874 0.090855978 -0.075232260 -0.000387326 0.999304175 -0.037295565 0.030940581 -0.090933613 0.037105851 0.995165348 0.009156403
0.995111525 0.002967468 0.098712236 -0.082177393 0.000924738 0.999224603 -0.039360702 0.032831844 -0.098752499 0.039259579 0.994337201 0.009404520
0.993074000 0.008309536 0.117196575 -0.100037888 -0.001847220 0.998476744 -0.055141997 0.047678016 -0.117476247 0.054543588 0.991576672 0.002600243
0.993861139 0.001266265 0.110627033 -0.093023933 0.003295813 0.999151707 -0.041045770 0.035253558 -0.110585183 0.041158400 0.993013978 0.013564378
0.992396057 -0.000538475 0.123083793 -0.104481146 0.006060581 0.998991251 -0.044494588 0.038630161 -0.122935675 0.044902224 0.991398275 0.013426838
0.991268098 -0.000706231 0.131859690 -0.112249307 0.007095086 0.998822689 -0.047988378 0.041961018 -0.131670564 0.048504908 0.990106106 0.013658653
0.990720153 -0.000690090 0.135915920 -0.115464002 0.006978800 0.998926163 -0.045798089 0.040142301 -0.135738373 0.046321608 0.989661217 0.015279981
0.989635587 -0.000042528 0.143601567 -0.122193791 0.007103534 0.998790145 -0.048658479 0.042672820 -0.143425807 0.049174242 0.988438547 0.015422005
0.989836514 0.000223672 0.142209604 -0.120721117 0.006879936 0.998752356 -0.049458027 0.042495582 -0.142043263 0.049933758 0.988600135 0.018673360
0.988514960 0.004706018 0.151048958 -0.128376380 0.004053001 0.998329878 -0.057627749 0.048741039 -0.151067883 0.057578091 0.986845136 0.013841374
0.986793935 0.000747831 0.161978811 -0.138263866 0.008669946 0.998311996 -0.057427388 0.048621714 -0.161748335 0.058073353 0.985121727 0.017783169
0.986448526 0.001533513 0.164063513 -0.139898896 0.008231626 0.998234332 -0.058824062 0.049338985 -0.163864017 0.059377413 0.984694183 0.020367092
0.984890640 0.003377994 0.173144251 -0.148052186 0.007923210 0.997883737 -0.064537726 0.054419246 -0.172995895 0.064934470 0.982779622 0.018020051
0.984497905 0.004060811 0.175348982 -0.149815381 0.007858818 0.997706532 -0.067228712 0.056123227 -0.175219864 0.067564562 0.982208252 0.021254517
0.982912064 0.009000903 0.183855101 -0.156292439 0.005186937 0.997052789 -0.076542243 0.063440606 -0.184002176 0.076187931 0.979968607 0.015965533
0.983013809 0.013801593 0.183011577 -0.145243958 0.000353809 0.997024119 -0.077089757 0.058676753 -0.183530927 0.075845063 0.980083644 0.013751090
0.981308520 0.014668556 0.191881061 -0.153403148 0.001081739 0.996654570 -0.081722498 0.062062301 -0.192437902 0.080402561 0.978009760 0.015746681
0.979139507 0.015641961 0.202586249 -0.161981478 0.001916218 0.996277213 -0.086185381 0.065649800 -0.203180194 0.084775716 0.975464463 0.015279153
0.976667225 0.016532747 0.214121491 -0.172528610 0.003450143 0.995695770 -0.092616729 0.070768900 -0.214731127 0.091194443 0.972406447 0.017649062
0.974301100 0.017955873 0.224532589 -0.180697873 0.004316129 0.995146513 -0.098310590 0.074754722 -0.225208029 0.096753232 0.969494820 0.017605858
0.973966956 0.016965553 0.226054013 -0.181922629 0.005577767 0.995100021 -0.098715268 0.074700624 -0.226621136 0.097406298 0.969100118 0.020686982
0.969512939 0.018636286 0.244330645 -0.198519528 0.007907345 0.994204938 -0.107209459 0.081860408 -0.244912758 0.105872981 0.963747144 0.023045741
0.967240810 0.018264590 0.253202707 -0.206118882 0.010002535 0.993891776 -0.109903626 0.084140994 -0.253663421 0.108835928 0.961150110 0.026259895
0.964426219 0.019811120 0.263608664 -0.212944031 0.011305037 0.993184686 -0.116001375 0.088266440 -0.264110237 0.114854872 0.957629383 0.027398169
0.961838305 0.020044975 0.272883117 -0.220317036 0.012878717 0.992891014 -0.118328005 0.089867733 -0.273315102 0.117326811 0.954742491 0.031457894
0.959337234 0.020088386 0.281546980 -0.229029909 0.015067551 0.992397428 -0.122148402 0.093553290 -0.281860292 0.121423751 0.951741099 0.038262066
0.954987347 0.020550279 0.295934170 -0.241336361 0.018619353 0.991478205 -0.128935382 0.099088557 -0.296061933 0.128641784 0.946466446 0.043142281
0.950991035 0.021809081 0.308448374 -0.251498640 0.020693423 0.990784883 -0.133855119 0.102813408 -0.308525175 0.133677855 0.941776276 0.046634030
0.946070433 0.022439063 0.323183179 -0.263400733 0.024534095 0.989770889 -0.140541092 0.107909262 -0.323030889 0.140890762 0.935842454 0.052591469
0.943283260 0.022870479 0.331200480 -0.269188821 0.026398793 0.989298224 -0.143499956 0.109895393 -0.330937982 0.144104391 0.932584643 0.058350686
0.938592613 0.023371458 0.344235063 -0.279929161 0.029898060 0.988440931 -0.148629293 0.113599323 -0.343729764 0.149794295 0.927044511 0.064523563
0.934426844 0.024106370 0.355338097 -0.288059652 0.032311130 0.987854719 -0.151984736 0.115953244 -0.354686260 0.153500006 0.922298908 0.069694199
0.932062447 0.024703186 0.361454517 -0.291617006 0.034185879 0.987224817 -0.155623943 0.117947586 -0.360681206 0.157407865 0.919310510 0.075367920
0.925259173 0.027101962 0.378366172 -0.299031973 0.037561584 0.985996783 -0.162479222 0.121657409 -0.377471358 0.164547443 0.911284506 0.076197401
0.921369314 0.025979534 0.387819052 -0.305845261 0.040718246 0.985822439 -0.162776291 0.122071683 -0.386549562 0.165768415 0.907248795 0.082347378
0.918667555 0.026522122 0.394140154 -0.308804125 0.042027984 0.985518634 -0.164276108 0.122832239 -0.392789423 0.167480052 0.904249370 0.087561235
0.914333701 0.026343230 0.404103845 -0.315481246 0.044832036 0.985163450 -0.165659964 0.123412445 -0.402472347 0.169585302 0.899587095 0.094587117
0.910873652 0.025464976 0.411898851 -0.320364833 0.047214814 0.985110223 -0.165313780 0.123672754 -0.409975469 0.170027673 0.896108687 0.101708390
0.906814814 0.025401816 0.420763105 -0.324901700 0.050114870 0.984606445 -0.167447463 0.125892684 -0.418539524 0.172930300 0.891582727 0.108047470
0.902259350 0.024010103 0.430524856 -0.331012398 0.053496107 0.984501481 -0.167017847 0.126104444 -0.427862525 0.173724815 0.886991203 0.116115183
0.894772708 0.022174412 0.445970953 -0.342570752 0.059813846 0.983812451 -0.168924168 0.128502250 -0.442497551 0.177823961 0.878962278 0.125851184
0.892889559 0.021942275 0.449740648 -0.343657702 0.060763154 0.983803868 -0.168634281 0.128663063 -0.446156949 0.177899376 0.877095103 0.131619796
0.890631795 0.021687413 0.454207569 -0.345108509 0.062422000 0.983574748 -0.169363588 0.128520995 -0.450420231 0.179193124 0.874649405 0.137840405
0.882929504 0.021700054 0.469004005 -0.354357392 0.066727810 0.982991338 -0.171100691 0.129195333 -0.464739829 0.182365432 0.866463959 0.145192549
0.879493117 0.021161273 0.475440919 -0.357580125 0.068328351 0.983046234 -0.170151159 0.127566025 -0.470981061 0.182132855 0.863136351 0.152155727
0.871892035 0.020733532 0.489258975 -0.366462797 0.074286342 0.981940508 -0.173995316 0.130028829 -0.484030813 0.188050359 0.854605913 0.160635799
0.866503358 0.020544466 0.498748183 -0.372005492 0.077384733 0.981544554 -0.174876705 0.130038515 -0.493136436 0.190126732 0.848921895 0.169051439
0.860486269 0.019130981 0.509114385 -0.378363401 0.081156768 0.981387675 -0.174045742 0.128993094 -0.502968252 0.191082045 0.842917979 0.177650332
0.853433073 0.019709500 0.520829618 -0.385246366 0.085448794 0.980472803 -0.177120209 0.130458206 -0.514150262 0.195664510 0.835083783 0.183931887
0.847222447 0.018706907 0.530908763 -0.390849441 0.089671537 0.980003595 -0.177628592 0.130127445 -0.523615420 0.198098347 0.828603685 0.192806259
0.839347541 0.016647296 0.543340206 -0.398896813 0.094399743 0.979880273 -0.175850347 0.128540844 -0.535335720 0.198890716 0.820888698 0.201744318
0.832512319 0.018255116 0.553705812 -0.404630214 0.099042960 0.978451490 -0.181172445 0.131542310 -0.545081437 0.205669016 0.812764764 0.211396262
0.826570809 0.017941002 0.562546790 -0.409239084 0.101708159 0.978275895 -0.180643231 0.130326197 -0.553566813 0.206530049 0.806789458 0.218509898
0.818820357 0.016884483 0.573801458 -0.415651649 0.106056049 0.977910757 -0.180118725 0.129153684 -0.564167798 0.208340004 0.798942506 0.227870464
0.817721784 0.012881066 0.575469434 -0.415234417 0.101087295 0.980998397 -0.165599704 0.118279591 -0.566667855 0.193587124 0.800881863 0.228662133
0.812480628 0.011763493 0.582869530 -0.418547779 0.101861060 0.981552660 -0.161797181 0.114101715 -0.574020505 0.190828741 0.796294391 0.234430850
0.802436948 0.008571793 0.596675515 -0.425973922 0.107389584 0.981497824 -0.158522621 0.111855514 -0.586994648 0.191281065 0.786669493 0.240752429
0.799237370 0.008679821 0.600952864 -0.426745862 0.105806895 0.982247055 -0.154904932 0.108118676 -0.591628790 0.187390774 0.784130216 0.245630696
0.790621817 0.006312532 0.612272263 -0.434234470 0.107044652 0.983122647 -0.148361862 0.101481773 -0.602875292 0.182838574 0.776602566 0.257468402
0.783693612 0.006447972 0.621114075 -0.438181788 0.110357836 0.982592046 -0.149445117 0.101330310 -0.611265361 0.185663968 0.769339740 0.265139312
0.776874721 0.003514189 0.629645288 -0.441188961 0.113494530 0.982824147 -0.145518199 0.099313773 -0.619342029 0.184510723 0.763132513 0.268823206
0.769421935 0.003825437 0.638729274 -0.445149243 0.117103375 0.982188046 -0.146946743 0.099672362 -0.627914429 0.187861413 0.755269170 0.277267873
0.764106154 0.002793850 0.645084262 -0.446793139 0.121293865 0.981532633 -0.147924289 0.099505596 -0.633584559 0.191274628 0.749656320 0.284283787
0.757940114 0.001616849 0.652322233 -0.449766010 0.124390908 0.981289387 -0.146963358 0.098287098 -0.640354335 0.192532361 0.743557334 0.290622354
0.756905675 0.000785358 0.653523743 -0.447757632 0.124746151 0.981438696 -0.145659372 0.096678808 -0.641507745 0.191774964 0.742758393 0.294991881
0.755133510 0.000054858 0.655571222 -0.446769685 0.123931050 0.981956959 -0.142834723 0.094161488 -0.643750370 0.189104870 0.741501629 0.298122287
0.748595655 -0.002019792 0.663023770 -0.448481858 0.125278920 0.982413054 -0.138455048 0.091271751 -0.651083529 0.186709747 0.735683143 0.302963674
0.749230742 -0.002426093 0.662304699 -0.445565194 0.124375686 0.982717812 -0.137099922 0.090085804 -0.650525868 0.185094088 0.736584067 0.305353314
0.749700189 -0.002019146 0.661774635 -0.443016708 0.123730160 0.982789457 -0.137170762 0.089603759 -0.650108039 0.184718445 0.737047195 0.307881713
0.738798916 -0.004279991 0.673912406 -0.448178440 0.129909724 0.982129514 -0.136180371 0.088338703 -0.661286414 0.188157663 0.726152182 0.318463743
0.733726025 -0.006013036 0.679418921 -0.450129509 0.133687302 0.981691062 -0.135684878 0.087814704 -0.666163623 0.190385193 0.721096158 0.323278069
0.728236377 -0.007506960 0.685284972 -0.450582296 0.132173851 0.982705414 -0.129693016 0.082740538 -0.672459602 0.185023919 0.716633976 0.330375612
0.723914564 -0.006645113 0.689857423 -0.451655269 0.134974822 0.981993139 -0.132179186 0.083811440 -0.676556945 0.188799813 0.711776257 0.334181905
0.718556166 -0.008659400 0.695415020 -0.452400804 0.135886267 0.982398093 -0.128175154 0.080732986 -0.682064533 0.186598375 0.707084954 0.340480804
0.714252174 -0.008782738 0.699833274 -0.453059345 0.140552834 0.981350541 -0.131133035 0.082512118 -0.685630083 0.192025617 0.702166378 0.345942736
0.711697519 -0.009828409 0.702417433 -0.452676564 0.140664190 0.981645286 -0.128787130 0.080832019 -0.688258827 0.190462425 0.700016916 0.349096835
0.705739677 -0.012260635 0.708365202 -0.454230189 0.143934041 0.981479943 -0.126412794 0.078975469 -0.693696141 0.191172391 0.694434047 0.355011672
0.703411341 -0.013564571 0.710653663 -0.453120559 0.144222543 0.981743515 -0.124013789 0.077205405 -0.695997357 0.189724952 0.692525864 0.359205157
0.695259809 -0.015611310 0.718589008 -0.455818295 0.148724347 0.981252134 -0.122578308 0.076043613 -0.703203321 0.192095444 0.684546947 0.367072880
0.694486439 -0.013877659 0.719371915 -0.454362780 0.146994248 0.981463015 -0.122975521 0.075796433 -0.704330266 0.191148356 0.683652759 0.369005620
0.690275669 -0.014896223 0.723393083 -0.454751968 0.149567366 0.981131613 -0.122516491 0.074724331 -0.707918704 0.192766160 0.679479361 0.374217480
0.684558690 -0.016589290 0.728768945 -0.455443025 0.152686059 0.980827570 -0.121096462 0.073554166 -0.712787747 0.194170490 0.673967004 0.380933642
0.678558767 -0.017586609 0.734335363 -0.457157880 0.154428050 0.980785906 -0.119209595 0.072008267 -0.718129337 0.194292694 0.668236971 0.387644708
0.673815787 -0.016489519 0.738715291 -0.457588315 0.155228421 0.980599463 -0.119702049 0.071687542 -0.722410083 0.195326701 0.663303137 0.393482745
0.669751108 -0.017776139 0.742372632 -0.457325220 0.158310518 0.980149090 -0.119354315 0.070696659 -0.725514233 0.197463080 0.659270227 0.399104863
0.667691588 -0.018881468 0.744198501 -0.457178205 0.159297511 0.980146706 -0.118053176 0.069763549 -0.727194726 0.197372079 0.657443643 0.401441425
0.662004352 -0.020810826 0.749210954 -0.457990944 0.161909238 0.979982555 -0.115842327 0.068400964 -0.731803000 0.197992280 0.652122259 0.407475770
0.657605708 -0.022348259 0.753030837 -0.458231151 0.163948342 0.979848683 -0.114092909 0.067002542 -0.735306561 0.198486298 0.648018241 0.412671328
0.662814021 -0.021443969 0.748476803 -0.454266518 0.162391007 0.979916096 -0.115730718 0.067772821 -0.730962873 0.198253870 0.652984560 0.409639835
0.659017146 -0.022822419 0.751781583 -0.453774512 0.164449111 0.979727387 -0.114414915 0.066455416 -0.733929813 0.199031234 0.649410188 0.415044844
0.654639006 -0.022707323 0.755600393 -0.453938186 0.165860072 0.979507446 -0.114262111 0.065893389 -0.737521589 0.200124428 0.644990027 0.420313597
0.653037190 -0.022875443 0.756980121 -0.453419179 0.166219816 0.979500532 -0.113795869 0.065322444 -0.738859534 0.200138077 0.643452823 0.422550589
0.648409605 -0.024252452 0.760905147 -0.453261882 0.167893499 0.979438782 -0.111853614 0.063460186 -0.742547333 0.200277984 0.639149606 0.427754283
0.642694473 -0.025292771 0.765704930 -0.453927279 0.170135647 0.979210258 -0.110458069 0.062428184 -0.746992409 0.201264471 0.633636296 0.433444649
0.638219476 -0.027094703 0.769377530 -0.453960747 0.172238961 0.979072869 -0.108397447 0.060791459 -0.750339687 0.201698139 0.629530132 0.438409209
0.637449801 -0.025621997 0.770065725 -0.453304648 0.171844557 0.978999734 -0.109676830 0.061261676 -0.751083910 0.202245042 0.628466189 0.439765960
0.632441759 -0.026526380 0.774153471 -0.453089118 0.173265472 0.978935063 -0.108005337 0.059766669 -0.754981041 0.202441201 0.623715520 0.445114374
0.627384305 -0.026983166 0.778242171 -0.452899963 0.175183848 0.978672028 -0.107292980 0.059066605 -0.758748651 0.203649402 0.618730426 0.450481892
0.624948800 -0.027856860 0.780168593 -0.452846199 0.176081002 0.978640616 -0.106104977 0.058568940 -0.760548949 0.203683048 0.616505206 0.452852190
0.620027363 -0.028818443 0.784050703 -0.452268630 0.178146720 0.978394806 -0.104916684 0.057345208 -0.764087677 0.204727307 0.611765325 0.458264530
0.614969194 -0.029095063 0.788014174 -0.452400982 0.179212242 0.978326082 -0.103736170 0.056120262 -0.767916620 0.205016330 0.606854558 0.462621480
0.610183775 -0.030488309 0.791673064 -0.451564014 0.181727797 0.978002429 -0.102402978 0.054949854 -0.771136224 0.206353620 0.602301657 0.467538714
0.605798662 -0.029780747 0.795060515 -0.451546311 0.182525247 0.977849126 -0.102448121 0.054847438 -0.774398446 0.207181588 0.597815275 0.471111268
0.600675285 -0.030432248 0.798913896 -0.451080263 0.184523836 0.977572918 -0.101499237 0.053792082 -0.777907729 0.208386734 0.592819273 0.475977838
0.595346808 -0.031172896 0.802864015 -0.451048315 0.186393917 0.977345169 -0.100268953 0.052678272 -0.781549633 0.209343761 0.587669671 0.480376005
0.589542150 -0.032279138 0.807092488 -0.450244129 0.187384903 0.977407336 -0.097784832 0.050741337 -0.785701752 0.208885208 0.582271338 0.485467613
0.591540813 -0.030902052 0.805682659 -0.449470609 0.184205249 0.978016675 -0.097733535 0.050785135 -0.784950912 0.206224337 0.584229112 0.483117729
0.586424470 -0.032295175 0.809359789 -0.449180216 0.185888991 0.977902412 -0.095666133 0.049594630 -0.788385570 0.206552029 0.579469264 0.487497389
0.582569897 -0.032574672 0.812127590 -0.448605835 0.187682748 0.977583706 -0.095420800 0.049075853 -0.790814459 0.208011612 0.575624645 0.491171122
0.576003492 -0.034465790 0.816720247 -0.448563159 0.189757347 0.977456391 -0.092580162 0.047435712 -0.795117736 0.208305180 0.569558442 0.496249765
0.573678672 -0.034259010 0.818363607 -0.446998894 0.189616337 0.977538645 -0.091999881 0.046846606 -0.796830237 0.207953468 0.567289174 0.499519885
0.570373178 -0.033093680 0.820718765 -0.446931094 0.189862773 0.977440178 -0.092535362 0.046676975 -0.799141169 0.208603606 0.563788950 0.501823485
0.565959692 -0.033781797 0.823740482 -0.446319252 0.191515416 0.977214634 -0.091506913 0.045589563 -0.801879883 0.209548235 0.559533894 0.505863428
0.561420858 -0.034804106 0.826798320 -0.445823967 0.192781031 0.977126658 -0.089771904 0.044469230 -0.804762185 0.209790826 0.555288792 0.509990275
0.556793928 -0.036106221 0.829865634 -0.445262611 0.192803264 0.977387667 -0.086835653 0.042794570 -0.807965040 0.208350345 0.551164925 0.513588250
0.551667333 -0.035537686 0.833306849 -0.445200086 0.196076944 0.976617515 -0.088157862 0.042963531 -0.810689211 0.212026045 0.545736253 0.517353296
0.547687531 -0.035949215 0.835910380 -0.444364667 0.197146326 0.976490498 -0.087175064 0.042151909 -0.813124657 0.212541372 0.541898966 0.521005034
0.542913079 -0.037307661 0.838959873 -0.443852812 0.198213235 0.976479650 -0.084846005 0.040668108 -0.816061914 0.212356940 0.537538528 0.524843216
0.536495566 -0.036768641 0.843101919 -0.443332762 0.200089306 0.976104975 -0.084754862 0.039864231 -0.819839537 0.214166269 0.531032979 0.530114532
0.536116421 -0.035949677 0.843378127 -0.442252457 0.199866712 0.976090491 -0.085444108 0.039791841 -0.820141613 0.214371234 0.530483365 0.530935764
0.530596673 -0.036818746 0.846824348 -0.441455156 0.202806965 0.975552440 -0.084657550 0.038922250 -0.823004544 0.216660902 0.525091946 0.535237908
0.525064170 -0.037091378 0.850253940 -0.440633416 0.204265788 0.975339770 -0.083593816 0.037939910 -0.826185822 0.217569932 0.519692540 0.539426148
0.521760046 -0.037408479 0.852271676 -0.439520657 0.204155266 0.975484133 -0.082167134 0.036967777 -0.828303576 0.216867283 0.516605794 0.542386532
0.518043518 -0.038133815 0.854503810 -0.438938320 0.205867812 0.975197792 -0.081287451 0.036361866 -0.830210447 0.218025222 0.513045430 0.544956326
0.513964891 -0.038819525 0.856932402 -0.437955528 0.206525639 0.975190461 -0.079691783 0.035212554 -0.832578659 0.217937276 0.509230852 0.548110664
0.507578433 -0.039652750 0.860692680 -0.437072515 0.209659800 0.974598587 -0.078742720 0.034171354 -0.835707366 0.220420748 0.502998829 0.552783370
0.502058566 -0.039933734 0.863911092 -0.436253130 0.211184442 0.974353850 -0.077690132 0.033257633 -0.838652730 0.221449599 0.497616112 0.556510985
0.499154240 -0.040084958 0.865585446 -0.435020417 0.212971315 0.973963261 -0.077709585 0.033121660 -0.839933395 0.223133996 0.494694859 0.559167981
0.493549943 -0.040409915 0.868778169 -0.434164613 0.214353949 0.973757207 -0.076480947 0.031993657 -0.842888296 0.223973215 0.489259869 0.563110948
0.488603711 -0.040543757 0.871563315 -0.433076799 0.215655312 0.973537862 -0.075610228 0.030936712 -0.845434368 0.224900708 0.484417707 0.566775441
0.482857287 -0.039584998 0.874803901 -0.431955934 0.218477964 0.972833157 -0.076570399 0.030248854 -0.848007143 0.228097975 0.478388011 0.570707202
0.477161914 -0.038205087 0.877984524 -0.430623263 0.220304191 0.972354114 -0.077418104 0.029832985 -0.850754082 0.230364650 0.472387135 0.574341118
0.469918907 -0.037758585 0.881901622 -0.429049104 0.221892789 0.972056389 -0.076616429 0.028983969 -0.854365170 0.231691152 0.465166003 0.578659713
0.460729897 -0.037300184 0.886756182 -0.428137451 0.221947640 0.972214282 -0.074421979 0.028223669 -0.859341085 0.231101885 0.456206918 0.583492100
0.449713200 -0.039475035 0.892300248 -0.426566362 0.223824143 0.972126961 -0.069799304 0.026571061 -0.864673734 0.231107995 0.446013868 0.589079678
0.437317222 -0.041668382 0.898341477 -0.425843567 0.226767898 0.971756041 -0.065318152 0.024715144 -0.870247066 0.232279763 0.434414715 0.594065785
0.422801882 -0.042495966 0.905225277 -0.424328625 0.229508132 0.971355796 -0.061595488 0.023152716 -0.876678109 0.233799249 0.420444250 0.600124419
0.404702395 -0.045787148 0.913301408 -0.422776788 0.235491365 0.970278561 -0.055707406 0.021134585 -0.883606136 0.237619519 0.403456539 0.607456148
0.385969073 -0.047232404 0.921301782 -0.421393961 0.239287779 0.969632566 -0.050536744 0.019257391 -0.890937328 0.239961907 0.385550290 0.615006626
0.365690589 -0.049567178 0.929415643 -0.419699311 0.243235081 0.968967617 -0.044027459 0.016542392 -0.898391366 0.242166921 0.366398841 0.622624874
0.343748748 -0.051243160 0.937662542 -0.417486519 0.245675936 0.968640685 -0.037129149 0.013538634 -0.906355381 0.243124217 0.345558256 0.630871713
0.319665730 -0.053263407 0.946032107 -0.415019989 0.249944195 0.967796445 -0.029967748 0.010216052 -0.913970292 0.246034920 0.322684169 0.639885724
0.290441006 -0.056720782 0.955210328 -0.411789358 0.254240066 0.966936588 -0.019887093 0.006237596 -0.922499895 0.248628780 0.295258820 0.650917351
0.267892212 -0.057135742 0.961753249 -0.408864081 0.257408798 0.966196775 -0.014300409 0.004760123 -0.928425789 0.251394719 0.273543835 0.659168065
0.250120163 -0.058829978 0.966425955 -0.405296594 0.261094660 0.965272963 -0.008813989 0.003082594 -0.932346225 0.254533231 0.256794453 0.665596604
0.221754104 -0.062979721 0.973066688 -0.401190847 0.263009191 0.964790165 0.002506351 -0.000742288 -0.938962936 0.255369693 0.230510384 0.675249398
0.187072039 -0.064781055 0.980207920 -0.395757973 0.266722620 0.963688552 0.012785446 -0.004385189 -0.945443332 0.259051830 0.197557777 0.687385559
0.168812647 -0.063527465 0.983598769 -0.391961426 0.271905005 0.962199569 0.015478950 -0.005452079 -0.947401702 0.264832467 0.179704905 0.693274319
0.141472369 -0.067214787 0.987657726 -0.386732370 0.274792522 0.961150587 0.026049502 -0.008474694 -0.951038718 0.267715663 0.154446363 0.701995194
0.110154800 -0.069983408 0.991447508 -0.380176485 0.274260342 0.960929573 0.037357524 -0.011822933 -0.955325723 0.267799735 0.125044689 0.711885512
0.075323522 -0.068353966 0.994813561 -0.372504771 0.276488900 0.959961832 0.045024585 -0.014580331 -0.958060682 0.271663547 0.091206804 0.722751081
0.038060896 -0.072479278 0.996643424 -0.364897162 0.279644877 0.958288312 0.059010584 -0.019017279 -0.959348798 0.276460290 0.056741767 0.733704865
0.002880886 -0.077314816 0.997002542 -0.356016278 0.279069960 0.957458258 0.073441878 -0.022978153 -0.960266471 0.278021932 0.024334572 0.743760407
-0.031680852 -0.078146420 0.996438444 -0.347118527 0.280872613 0.956069887 0.083910577 -0.025634356 -0.959222019 0.282530636 -0.008339930 0.753023148
-0.075980663 -0.077221856 0.994114578 -0.335682422 0.283694744 0.954117417 0.095797859 -0.029064458 -0.955899715 0.289303869 -0.050587028 0.764481366
-0.103790112 -0.075582147 0.991723239 -0.326949418 0.290699542 0.951262772 0.102922067 -0.030872900 -0.951168358 0.298975796 -0.076759972 0.771663249
-0.122528546 -0.074936025 0.989631951 -0.320796847 0.292622477 0.950089872 0.108172096 -0.032050312 -0.948345363 0.302842706 -0.094485171 0.775980473
-0.154054239 -0.074795067 0.985227287 -0.310924351 0.298209161 0.947112262 0.118530720 -0.034743488 -0.941986442 0.312063962 -0.123602107 0.783065677
-0.173445463 -0.072844498 0.982145727 -0.303667724 0.304115027 0.944561660 0.123763196 -0.035904009 -0.936712682 0.320151538 -0.141676798 0.787853122
-0.205962241 -0.076567508 0.975559831 -0.292133570 0.301768064 0.943377197 0.137751549 -0.038930640 -0.930868149 0.322764486 -0.171194464 0.794878840
-0.221154109 -0.072181009 0.972564042 -0.285219073 0.310792685 0.940044999 0.140439600 -0.040055308 -0.924391091 0.333324611 -0.185461491 0.798444092
-0.231772020 -0.071996689 0.970102191 -0.279491723 0.314012259 0.938333333 0.144661203 -0.041121662 -0.920694351 0.338152379 -0.194871560 0.801323593
-0.254188746 -0.072553337 0.964429498 -0.269489229 0.315768003 0.936311066 0.153663024 -0.043204769 -0.914154768 0.343595326 -0.215089679 0.806055665
-0.276838630 -0.070688412 0.958312869 -0.259414017 0.320001543 0.933584034 0.161306769 -0.045161158 -0.906068146 0.351317525 -0.235831738 0.810376525
-0.280048162 -0.061403655 0.958020091 -0.252051890 0.325292975 0.932843328 0.154879510 -0.043108329 -0.903192878 0.355010957 -0.241266906 0.810948253
-0.290112048 -0.055441912 0.955385268 -0.242806911 0.328542471 0.931875646 0.153842717 -0.042555451 -0.898829699 0.358516306 -0.252133340 0.812249899
-0.311589748 -0.051333532 0.948829234 -0.231648177 0.332917929 0.929349720 0.159607932 -0.043354712 -0.889987350 0.365614533 -0.272486031 0.816147208
-0.325731993 -0.047593463 0.944263518 -0.221491963 0.336091548 0.927670658 0.162694857 -0.043519601 -0.883708835 0.370353878 -0.286176294 0.818122029
-0.339550257 -0.043472704 0.939582705 -0.211036250 0.339934140 0.925740302 0.165679023 -0.043881819 -0.877012193 0.375652522 -0.299557477 0.819892168
-0.352908283 -0.040354699 0.934787273 -0.200130031 0.341820180 0.924452782 0.168955237 -0.043991312 -0.870984793 0.379154831 -0.312453032 0.821074128
-0.368825555 -0.034177266 0.928870142 -0.187884241 0.349690527 0.920804143 0.172731787 -0.043978386 -0.861210883 0.388524979 -0.327664614 0.822151363
-0.383118987 -0.027285419 0.923296034 -0.176821068 0.357078940 0.917480528 0.175282463 -0.043816023 -0.851888776 0.396843493 -0.341761231 0.822717309
-0.399637491 -0.021481022 0.916421533 -0.164289743 0.361035824 0.915232003 0.178895369 -0.043884620 -0.842581272 0.402354300 -0.358005583 0.822798789
-0.413486570 -0.010483296 0.910449862 -0.152531743 0.371500045 0.910973132 0.179208428 -0.043551810 -0.831274033 0.412332445 -0.372780621 0.822740853
-0.432713211 0.000313603 0.901531577 -0.138847470 0.380757809 0.906498432 0.182439148 -0.043522246 -0.817179680 0.422209084 -0.392373264 0.821866095
-0.457797259 0.014168439 0.888943672 -0.125204206 0.387895942 0.902869821 0.185372204 -0.043760397 -0.799973905 0.429680526 -0.418827236 0.822250426
-0.484828442 0.023187885 0.874301851 -0.110678226 0.397820681 0.896098971 0.196838379 -0.045225002 -0.778896689 0.443248242 -0.443678916 0.820906222
-0.507722378 0.046345726 0.860273302 -0.096360654 0.408589095 0.892060995 0.193085849 -0.043972947 -0.758467555 0.449532330 -0.471855640 0.818844795
-0.541071534 0.060757339 0.838778973 -0.080750585 0.417872638 0.884969413 0.205454156 -0.045046233 -0.729810953 0.461668193 -0.504220605 0.815753698
-0.561044812 0.088003151 0.823094368 -0.067588389 0.424030066 0.884524584 0.194459915 -0.042457685 -0.710934043 0.458117425 -0.533573806 0.812599421
-0.583394349 0.119858854 0.803296208 -0.053863704 0.432852775 0.882768393 0.182642773 -0.040060863 -0.687233150 0.454261810 -0.566883326 0.808429182
-0.601624429 0.140680566 0.786293209 -0.042347580 0.440123469 0.879846215 0.179337427 -0.038698211 -0.666587830 0.453959912 -0.591253817 0.803800881
-0.620181739 0.168334231 0.766184211 -0.030995697 0.450098544 0.876296341 0.171802372 -0.037214302 -0.642484188 0.451407015 -0.619229913 0.798445344
-0.624484241 0.194999188 0.756303191 -0.024043679 0.469423711 0.867627084 0.163904071 -0.036264256 -0.624228001 0.457382262 -0.633356690 0.794469595
-0.606466830 0.170484677 0.776616335 -0.031029344 0.458976448 0.872639656 0.166855022 -0.037117116 -0.649259984 0.457640588 -0.607475519 0.798245788
-0.579595029 0.156086698 0.799816549 -0.039605737 0.463044107 0.870722950 0.165625125 -0.037939020 -0.670566738 0.466345906 -0.576941729 0.801900804
-0.556781709 0.130347714 0.820367932 -0.048425674 0.453287929 0.875278950 0.168572903 -0.039034307 -0.696077704 0.465721160 -0.546424389 0.805181086
-0.563424408 0.156273112 0.811253071 -0.041494429 0.470596433 0.867780924 0.159672379 -0.037900425 -0.679037392 0.471736133 -0.562470555 0.802285373
-0.569200397 0.154966310 0.807462871 -0.038580745 0.465673089 0.870138288 0.161269635 -0.037700810 -0.677613080 0.467808455 -0.567446649 0.801073670
-0.566488504 0.154939398 0.809372962 -0.038186789 0.466705948 0.869792283 0.160146758 -0.037632309 -0.679173291 0.468460470 -0.565038443 0.800798714
-0.567193508 0.156324491 0.808612406 -0.036986917 0.465595692 0.870733202 0.158253744 -0.037485681 -0.679346800 0.466247022 -0.566658318 0.800150990
-0.560334980 0.155259892 0.813584089 -0.037554085 0.467870623 0.869878709 0.156230912 -0.037463546 -0.683463097 0.468193710 -0.560064971 0.800185323
-0.557764411 0.154322490 0.815526426 -0.037263274 0.467449427 0.870323122 0.155011877 -0.037396237 -0.685849667 0.467677504 -0.557573318 0.799851239
-0.555061638 0.153454810 0.817531824 -0.036934346 0.468044162 0.870102465 0.154455110 -0.037308060 -0.687634468 0.468373090 -0.554784119 0.799522758
-0.553654969 0.154690549 0.818252385 -0.036471397 0.467235982 0.871060729 0.151472375 -0.037215501 -0.689316094 0.466180354 -0.554544091 0.799234986
-0.554499030 0.154307812 0.817753017 -0.036167830 0.468250751 0.870194614 0.153306425 -0.037237599 -0.687947750 0.467921704 -0.554776788 0.799068332
-0.556957722 0.156058282 0.815747499 -0.035555750 0.467553675 0.870683134 0.152657971 -0.037170500 -0.686434031 0.466429740 -0.557899237 0.798942685
-0.556054115 0.155859619 0.816401660 -0.035219342 0.466523021 0.871458828 0.151379958 -0.037101008 -0.687866330 0.465045571 -0.557290375 0.798670530
-0.555249810 0.156799570 0.816769004 -0.034844905 0.467603117 0.871002555 0.150671408 -0.037003502 -0.687782705 0.465584010 -0.556943893 0.798441529
-0.555799603 0.157508761 0.816258311 -0.034391016 0.466438949 0.871850967 0.149367392 -0.036929481 -0.688128948 0.463753045 -0.558042705 0.798251033
-0.552953780 0.157965735 0.818100929 -0.034067124 0.466331214 0.872352660 0.146751806 -0.036796048 -0.690490723 0.462653011 -0.556034982 0.797893047
-0.552348971 0.157457858 0.818607152 -0.033693165 0.465719849 0.872743249 0.146370068 -0.036757000 -0.691386759 0.462088943 -0.555390179 0.797648311
-0.552061558 0.156418309 0.819000185 -0.033292949 0.465082079 0.873017490 0.146761864 -0.036734909 -0.692045271 0.461924016 -0.554706752 0.797383428
-0.550942123 0.156078175 0.819818497 -0.032902718 0.465559155 0.872771919 0.146709874 -0.036683224 -0.692616463 0.462502658 -0.553510427 0.797114491
-0.549154699 0.156292766 0.820976079 -0.032530516 0.465814888 0.872851670 0.145417258 -0.036600448 -0.693862796 0.462279588 -0.552134097 0.796828508
-0.547839940 0.156976685 0.821723580 -0.032198220 0.466255754 0.872833073 0.144110620 -0.036509253 -0.694605708 0.462082952 -0.551364124 0.796599030
-0.545801044 0.156636208 0.823144138 -0.031678498 0.466557682 0.872809768 0.143272668 -0.036448054 -0.696006536 0.462242603 -0.549460292 0.796282649
-0.544159174 0.157087684 0.824144542 -0.031280369 0.467434049 0.872495115 0.142329812 -0.036388621 -0.696703672 0.462683320 -0.548204422 0.796018600
-0.542119503 0.156884536 0.825526297 -0.030868322 0.467097700 0.872915089 0.140850618 -0.036310576 -0.698517084 0.461959302 -0.546504676 0.795742393
-0.540254831 0.157813728 0.826570868 -0.030479699 0.467704803 0.872880280 0.139041021 -0.036242910 -0.699554861 0.461708814 -0.545387924 0.795468330
-0.538086832 0.158006951 0.827947021 -0.030079305 0.468468100 0.872648358 0.137921900 -0.036175787 -0.700713992 0.462080747 -0.543581784 0.795181692
-0.536122620 0.158458456 0.829134285 -0.029571354 0.468952268 0.872618437 0.136458203 -0.036092609 -0.701894820 0.461982638 -0.542140007 0.794869900
-0.534817159 0.158390313 0.829989791 -0.029114842 0.468226641 0.873224020 0.135068387 -0.036022615 -0.703373671 0.460860223 -0.541177869 0.794574440
-0.533203423 0.157918662 0.831117153 -0.028685629 0.468472898 0.873157859 0.134642124 -0.035950910 -0.704433978 0.461147636 -0.539551377 0.794285297
-0.531579733 0.157892004 0.832161725 -0.028220028 0.469025582 0.872963428 0.133976951 -0.035876166 -0.705292940 0.461524576 -0.538105011 0.793978810
-0.530864894 0.157248512 0.832739651 -0.027777970 0.467813462 0.873726428 0.133239225 -0.035805628 -0.706634879 0.460298806 -0.537393749 0.793701887
-0.529164910 0.157088220 0.833851159 -0.027324080 0.468501985 0.873429120 0.132768780 -0.035735525 -0.707453310 0.460917473 -0.535784245 0.793402433
-0.527693689 0.156757534 0.834845126 -0.026869982 0.468367428 0.873616099 0.132010892 -0.035664916 -0.708640456 0.460675597 -0.534421742 0.793109775
-0.526395738 0.157144412 0.835591495 -0.026395202 0.468439758 0.873762608 0.130778968 -0.035593078 -0.709557414 0.460265785 -0.533557594 0.792803168
-0.524201989 0.157928348 0.836822033 -0.025950193 0.470015585 0.873083472 0.129655391 -0.035526056 -0.710139155 0.461284965 -0.531900942 0.792516947
-0.523078382 0.158680797 0.837382436 -0.025461346 0.470370770 0.873081326 0.128375605 -0.035451345 -0.710732341 0.461030751 -0.531328678 0.792208552
-0.521282017 0.157352239 0.838752151 -0.025018036 0.470707059 0.872838140 0.128796205 -0.035390813 -0.711828589 0.461945713 -0.529061496 0.791924477
-0.520337164 0.157443061 0.839321673 -0.024532735 0.471254140 0.872591019 0.128469974 -0.035325121 -0.712157845 0.462381482 -0.528237283 0.791620135
-0.519203663 0.157272160 0.840055346 -0.024076581 0.471022964 0.872826874 0.127712384 -0.035254914 -0.713137269 0.461994052 -0.527253807 0.791334689
-0.518209338 0.156733945 0.840769649 -0.023591071 0.471279860 0.872676730 0.127791867 -0.035183594 -0.713690639 0.462460697 -0.526094735 0.791026950
-0.517576635 0.156059355 0.841284692 -0.023126036 0.470500976 0.873140395 0.127493814 -0.035116449 -0.714663029 0.461813092 -0.525343120 0.790737629
-0.517255843 0.155677959 0.841552615 -0.022636443 0.470324844 0.873227894 0.127545118 -0.035045292 -0.715011179 0.461776555 -0.524901330 0.790431857
-0.516952217 0.154224783 0.842006683 -0.022168607 0.469516516 0.873558462 0.128256932 -0.034982227 -0.715761602 0.461638689 -0.523998976 0.790131330
-0.516483247 0.154272929 0.842285573 -0.021686465 0.469897926 0.873365700 0.128172398 -0.034907632 -0.715849757 0.461987138 -0.523571312 0.789820671
-0.516833365 0.154746294 0.841983855 -0.021191806 0.468978763 0.873995543 0.127242759 -0.034840513 -0.716199815 0.460635930 -0.524282813 0.789513111
-0.516761899 0.155157015 0.841952026 -0.020741284 0.470039099 0.873381615 0.127545312 -0.034776177 -0.715555906 0.461661011 -0.524260163 0.789228797
-0.516375780 0.155751556 0.842079341 -0.020263106 0.469845623 0.873633623 0.126528621 -0.034697633 -0.715961754 0.460983604 -0.524302363 0.788923144
-0.517369866 0.155371904 0.841539025 -0.019778371 0.469229311 0.873876750 0.127135143 -0.034642357 -0.715648174 0.460650623 -0.525022566 0.788630188
-0.518403292 0.154490501 0.841065168 -0.019289911 0.467715055 0.874616146 0.127629966 -0.034582455 -0.715891600 0.459542602 -0.525661349 0.788332641
-0.516922653 0.155028820 0.841877043 -0.018828481 0.469359487 0.873784602 0.127287909 -0.034505289 -0.715885818 0.460940927 -0.524443388 0.788028955
-0.517003477 0.154357880 0.841950655 -0.018361866 0.468391895 0.874297500 0.127329990 -0.034436665 -0.716460943 0.460192889 -0.524314821 0.787728667
-0.517729700 0.154511318 0.841476202 -0.017875552 0.468454391 0.874209821 0.127701119 -0.034368459 -0.715895534 0.460307837 -0.524985909 0.787432253
-0.518289626 0.154437736 0.841144979 -0.017397553 0.468427867 0.874161065 0.128132284 -0.034300726 -0.715507746 0.460425317 -0.525411487 0.787139475
-0.517687619 0.153905585 0.841613114 -0.016939759 0.469161898 0.873665929 0.128820762 -0.034240641 -0.715462506 0.461541712 -0.524492800 0.786842942
-0.518106163 0.154340982 0.841275692 -0.016470969 0.469399482 0.873537958 0.128823489 -0.034172840 -0.715003490 0.461638659 -0.525033057 0.786547542
-0.517954826 0.154380381 0.841361701 -0.016008109 0.469379455 0.873571813 0.128666401 -0.034109149 -0.715126336 0.461561292 -0.524933815 0.786243916
-0.518093109 0.154857859 0.841188788 -0.015513361 0.469235510 0.873724043 0.128157482 -0.034038972 -0.715120673 0.461113095 -0.525335193 0.785935581
-0.517957568 0.155229330 0.841203749 -0.015048534 0.469167322 0.873837709 0.127630875 -0.033966180 -0.715263486 0.460772663 -0.525439441 0.785637438
-0.517548621 0.153105766 0.841844499 -0.014609188 0.468252063 0.874143541 0.128891706 -0.033902828 -0.716158807 0.460903078 -0.524103820 0.785340548
-0.518930256 0.153794274 0.840867817 -0.014115691 0.469232053 0.873480260 0.129821166 -0.033845745 -0.714515686 0.461930186 -0.525440574 0.785059154
-0.519065738 0.153331280 0.840868771 -0.013654798 0.468346000 0.873967528 0.129741773 -0.033783276 -0.714998424 0.461162001 -0.525458694 0.784766018
-0.519540489 0.153519318 0.840541303 -0.013195664 0.467148989 0.874719918 0.128984034 -0.033713356 -0.715436637 0.459670365 -0.526168823 0.784469724
-0.519270122 0.153400376 0.840729952 -0.012722909 0.467711896 0.874366283 0.129340768 -0.033644333 -0.715265095 0.460382193 -0.525779486 0.784174502
-0.519290388 0.151678249 0.841029763 -0.012269199 0.466964722 0.874578953 0.130596712 -0.033582442 -0.715738356 0.460548908 -0.524988830 0.783876777
-0.519560158 0.150792211 0.841022551 -0.011784554 0.466759056 0.874546170 0.131547764 -0.033514742 -0.715676785 0.460901797 -0.524763107 0.783580124
-0.519462764 0.149980649 0.841227829 -0.011339456 0.466042519 0.874890268 0.131801546 -0.033442665 -0.716214240 0.460513920 -0.524370253 0.783305466
-0.519191325 0.149179026 0.841537893 -0.010882795 0.466235220 0.874667704 0.132594377 -0.033374101 -0.716285646 0.461196393 -0.523672402 0.783013642
-0.519488275 0.148044437 0.841554999 -0.010405213 0.465567023 0.874888182 0.133484170 -0.033310335 -0.716504991 0.461143702 -0.523418784 0.782721996
-0.519143820 0.148522466 0.841683269 -0.009979486 0.465420246 0.875093162 0.132649735 -0.033246595 -0.716849744 0.460600764 -0.523424625 0.782451034
