1.000000000 0.000000000 0.000000000 0.000000000 0.000000000 1.000000000 0.000000000 0.000000000 0.000000000 0.000000000 1.000000000 0.000000000
0.999997735 0.001862990 0.001007974 -0.000108934 -0.001861588 0.999997318 -0.001389962 -0.000554540 -0.001010561 0.001388083 0.999998510 0.053440146
0.999984741 0.004947669 0.002465546 -0.000241505 -0.004943254 0.999986172 -0.001793094 -0.001501018 -0.002474384 0.001780879 0.999995351 0.100984231
0.999958992 0.007364064 0.005272301 0.000201521 -0.007357256 0.999972105 -0.001309578 -0.002468041 -0.005281798 0.001270734 0.999985218 0.150852993
0.999922991 0.008240754 0.009280631 0.000559307 -0.008218843 0.999963343 -0.002396772 -0.003392027 -0.009300044 0.002320311 0.999953985 0.198520243
0.999864221 0.008356937 0.014198188 0.001335917 -0.008338136 0.999964297 -0.001383002 -0.004179110 -0.014209236 0.001264428 0.999898255 0.246510327
0.999752879 0.008891088 0.020376151 0.002195235 -0.008880768 0.999960363 -0.000596835 -0.005149442 -0.020380646 0.000415731 0.999792218 0.293681234
0.999571443 0.009113387 0.027817493 0.003459007 -0.009076000 0.999957740 -0.001470019 -0.005644877 -0.027829714 0.001216917 0.999611914 0.340119243
0.999213159 0.010459662 0.038257670 0.004959686 -0.010391208 0.999944031 -0.001987718 -0.006608582 -0.038276318 0.001588611 0.999265909 0.385701448
0.998612404 0.012717325 0.051103659 0.006884967 -0.012631499 0.999918163 -0.002002087 -0.007526534 -0.051124938 0.001353793 0.998691261 0.429904133
0.997740984 0.014726314 0.065544836 0.009847948 -0.014650887 0.999891341 -0.001631284 -0.008738664 -0.065561742 0.000667309 0.997848213 0.473609537
0.996465266 0.016791174 0.082310736 0.012829648 -0.016712017 0.999858916 -0.001650607 -0.009245861 -0.082326852 0.000269194 0.996605277 0.517083704
0.994686484 0.018220061 0.101325080 0.016696487 -0.018004972 0.999833286 -0.003036944 -0.010210834 -0.101363525 0.001196453 0.994848669 0.558768213
0.992292404 0.020776143 0.122164443 0.021725159 -0.020729546 0.999783874 -0.001652509 -0.010774651 -0.122172363 -0.000892642 0.992508471 0.601008236
0.989288867 0.018850766 0.144748703 0.027620338 -0.018793214 0.999821842 -0.001765076 -0.011801163 -0.144756213 -0.000974123 0.989466906 0.641597807
0.985653162 0.019973317 0.167597368 0.034264632 -0.019275157 0.999797463 -0.005791570 -0.012524794 -0.167679086 0.002478014 0.985838473 0.680844009
0.981460750 0.015376665 0.191045180 0.041875310 -0.013661833 0.999853790 -0.010290036 -0.013260821 -0.191175446 0.007489239 0.981527328 0.719788611
0.976793826 0.011168554 0.213890374 0.050667904 -0.009695912 0.999921501 -0.007932901 -0.014287736 -0.213962153 0.005674947 0.976825595 0.758464813
0.971401274 0.002745885 0.237427652 0.060356215 -0.001362927 0.999981105 -0.005988703 -0.015002693 -0.237439588 0.005493836 0.971386790 0.796301067
0.965529501 0.001419578 0.260289669 0.070713177 0.000462483 0.999974191 -0.007169254 -0.015696364 -0.260293126 0.007042506 0.965503931 0.834618449
0.958924830 -0.002245160 0.283651412 0.082099229 0.005060267 0.999944925 -0.009192199 -0.016578618 -0.283615202 0.010249979 0.958883405 0.872025490
0.951312721 -0.002789037 0.308214366 0.094306543 0.006841060 0.999903798 -0.012066986 -0.017459366 -0.308151126 0.013587992 0.951240301 0.909393013
0.942823529 -0.002097822 0.333285809 0.107215017 0.007301710 0.999870181 -0.014362068 -0.018220337 -0.333212405 0.015974453 0.942716420 0.946001410
0.933889985 -0.003036745 0.357547551 0.121298611 0.008469590 0.999871194 -0.013629824 -0.019230276 -0.357460052 0.015757039 0.933795452 0.982861400
0.924155414 -0.004911855 0.381985009 0.136372596 0.010289417 0.999874592 -0.012036549 -0.020214748 -0.381877989 0.015054047 0.924090087 1.018885016
0.913645983 -0.005289349 0.406476319 0.152225673 0.011089947 0.999867439 -0.011916158 -0.021219913 -0.406359434 0.015394952 0.913583577 1.054234982
0.901634276 -0.002817950 0.432490021 0.168348312 0.009995946 0.999847412 -0.014324417 -0.022240289 -0.432383686 0.017238535 0.901524842 1.088903189
0.889277399 -0.000098211 0.457368225 0.186464459 0.009156015 0.999803424 -0.017587680 -0.023409361 -0.457276642 0.019827992 0.889103472 1.123499274
0.875695288 0.002396212 0.482858151 0.205186814 0.008504037 0.999756098 -0.020383980 -0.024540456 -0.482789278 0.021956399 0.875461340 1.157075405
0.860996962 0.005397424 0.508581460 0.224508345 0.006716134 0.999735773 -0.021979902 -0.025722714 -0.508565724 0.022340329 0.860733271 1.190247655
0.845633328 0.008030253 0.533703804 0.244793683 0.005308474 0.999710858 -0.023452999 -0.026898865 -0.533737659 0.022665795 0.845346212 1.222500801
0.829196572 0.010728582 0.558854103 0.266056329 0.004566319 0.999652386 -0.025966037 -0.028371068 -0.558938444 0.024082854 0.828859389 1.254720449
0.812123716 0.013537445 0.583328247 0.287753642 0.004940287 0.999535441 -0.030074457 -0.029783996 -0.583464384 0.027305990 0.811679602 1.285451174
0.794611990 0.017208284 0.606873512 0.310940355 0.003472431 0.999453068 -0.032886762 -0.031517230 -0.607107639 0.028239543 0.794117749 1.316098928
0.775920033 0.018942881 0.630546629 0.334659547 0.004225931 0.999370575 -0.035223305 -0.033085149 -0.630817056 0.029995117 0.775351644 1.345663071
0.756511867 0.020405501 0.653661489 0.359978676 0.005430964 0.999282658 -0.037480332 -0.035241988 -0.653957367 0.031904332 0.755858302 1.375062227
0.736959517 0.022622904 0.675558209 0.385498762 0.006226209 0.999170184 -0.040252037 -0.037004530 -0.675908208 0.033870287 0.736207068 1.402891159
0.716417313 0.024064716 0.697256863 0.411928236 0.008228399 0.999043941 -0.042934928 -0.038895246 -0.697623551 0.036496632 0.715534389 1.430095911
0.694661081 0.026555117 0.718846738 0.439188600 0.009656380 0.998884082 -0.046231542 -0.041040927 -0.719272256 0.039056718 0.693629503 1.456364632
0.672692537 0.029328067 0.739340663 0.467842221 0.010442317 0.998738348 -0.049118806 -0.043170437 -0.739848375 0.040762283 0.671537638 1.481518388
0.649255097 0.032755196 0.759865046 0.496538222 0.010549236 0.998588264 -0.052059386 -0.045278318 -0.760497570 0.041815821 0.647993028 1.506907225
0.625845253 0.034271955 0.779193938 0.526074231 0.011757859 0.998506010 -0.053362008 -0.047768790 -0.779858649 0.042558022 0.624507248 1.530536413
0.601773858 0.037728436 0.797774911 0.556576729 0.010643611 0.998416007 -0.055245817 -0.050013721 -0.798595667 0.041736696 0.600419104 1.553565860
0.576251149 0.039787631 0.816303611 0.587468386 0.011286702 0.998331487 -0.056627505 -0.052593850 -0.817194700 0.041845046 0.574840665 1.575583935
0.551041007 0.042539652 0.833393216 0.619638622 0.012469872 0.998168647 -0.059195526 -0.055114150 -0.834384859 0.043011472 0.549501300 1.597018242
0.525720358 0.045749675 0.849426210 0.652318358 0.013010458 0.998003483 -0.061804298 -0.057580840 -0.850557923 0.043543212 0.524075449 1.617295265
0.500744522 0.048609726 0.864229262 0.685773611 0.014886478 0.997790635 -0.064747460 -0.060137168 -0.865467131 0.045287263 0.498914629 1.636548996
0.475349009 0.050558206 0.878343403 0.719938099 0.016392417 0.997665226 -0.066297852 -0.062773891 -0.879644513 0.045912791 0.473410428 1.655062914
0.450125396 0.053827755 0.891341388 0.754970074 0.016511124 0.997509181 -0.068577245 -0.065788709 -0.892812669 0.045585413 0.448115379 1.672774553
0.424723685 0.054908525 0.903656363 0.790320694 0.017961135 0.997451544 -0.069049597 -0.068552673 -0.905144811 0.045557696 0.422655016 1.689462900
0.399078190 0.055629440 0.915227830 0.827303410 0.018161939 0.997482598 -0.068548404 -0.071631193 -0.916737020 0.043978501 0.397063166 1.705144525
0.372020423 0.057263833 0.926456511 0.862136602 0.017269116 0.997495472 -0.068589166 -0.074392043 -0.928063869 0.041515660 0.370099813 1.720154762
0.347149789 0.060737960 0.935840726 0.900083244 0.017709522 0.997297943 -0.071295999 -0.077458113 -0.937642455 0.041323680 0.345136166 1.734091163
0.322755128 0.063414045 0.944355786 0.936487496 0.018370898 0.997145295 -0.073237568 -0.081036553 -0.946304202 0.040986456 0.320668787 1.746577501
0.300389379 0.064589933 0.951627374 0.975108624 0.021841539 0.996977091 -0.074562445 -0.084141664 -0.953566551 0.043182764 0.298070550 1.758156896
0.278567076 0.066136457 0.958136916 1.011870146 0.025386099 0.996770501 -0.076183900 -0.087447152 -0.960081160 0.045545679 0.275988519 1.768736720
0.259488583 0.068284638 0.963329077 1.050816536 0.030482646 0.996420979 -0.078841321 -0.090929121 -0.965264976 0.049823243 0.256478369 1.778247595
0.241722405 0.071591549 0.967700839 1.088531733 0.035103075 0.995976627 -0.082451820 -0.093664616 -0.969710231 0.053899724 0.238236785 1.787522554
0.226121336 0.075141743 0.971196592 1.127254486 0.039136179 0.995514452 -0.086135194 -0.097351357 -0.973312676 0.057485919 0.222166270 1.796200275
0.213787749 0.078755036 0.973700404 1.167284250 0.042487230 0.995052218 -0.089810610 -0.100746498 -0.975955784 0.060570244 0.209383875 1.803691149
0.202418104 0.079516917 0.976065576 1.206359148 0.045281444 0.994871974 -0.090439558 -0.104236245 -0.978251755 0.062504262 0.197779462 1.811879158
0.192131013 0.080321811 0.978076696 1.245755672 0.045720026 0.994830191 -0.090678774 -0.107713245 -0.980303764 0.062139899 0.187465414 1.819460273
0.183129996 0.080591932 0.979779720 1.286462069 0.048407190 0.994685948 -0.090865813 -0.111715585 -0.981896222 0.064068638 0.178255588 1.826726913
0.173474863 0.081065059 0.981496334 1.325918794 0.049624629 0.994621038 -0.090920001 -0.115445755 -0.983587205 0.064478718 0.168518960 1.833627582
0.166139275 0.080798879 0.982786596 1.368704200 0.053160463 0.994454265 -0.090744883 -0.119073063 -0.984668255 0.067321695 0.160922632 1.840248227
0.158609524 0.080787010 0.984030664 1.409765005 0.055953491 0.994309664 -0.090649672 -0.122695789 -0.985754550 0.069437869 0.153186709 1.845842361
0.152652293 0.078924537 0.985123396 1.453031540 0.059030846 0.994298100 -0.088806838 -0.126897395 -0.986515403 0.071709223 0.147122890 1.852731109
0.146755636 0.077242315 0.986152291 1.494350672 0.060042989 0.994412601 -0.086824685 -0.130804390 -0.987348795 0.071953543 0.141297802 1.858037829
0.141354159 0.076153763 0.987025738 1.539187312 0.062146042 0.994387627 -0.085621849 -0.134523600 -0.988006532 0.073442757 0.135828122 1.863915324
0.135757685 0.079106145 0.987578928 1.582349062 0.060721662 0.994269073 -0.087989129 -0.138248444 -0.988879502 0.071912631 0.130176187 1.869198561
0.128778398 0.082843281 0.988207042 1.626548529 0.056284629 0.994287431 -0.090687759 -0.142062038 -0.990074813 0.067299500 0.123379953 1.875252962
0.122179717 0.081697255 0.989139915 1.670532107 0.055481762 0.994485855 -0.088991977 -0.146443084 -0.990956068 0.065752253 0.116973311 1.880133390
0.115724966 0.081277177 0.989950299 1.715974212 0.053594902 0.994683683 -0.087931029 -0.150179446 -0.991834342 0.063232102 0.110753693 1.885475874
0.109749101 0.080202237 0.990718246 1.761428118 0.053400353 0.994823992 -0.086450160 -0.153898045 -0.992523849 0.062392540 0.104898214 1.890105844
0.103138827 0.080114283 0.991435349 1.807695985 0.053713713 0.994848073 -0.085977867 -0.157843530 -0.993215621 0.062121324 0.098304212 1.894794464
0.096912026 0.080543198 0.992028594 1.852469444 0.056363311 0.994676650 -0.086264342 -0.161573723 -0.993695796 0.064274065 0.091856435 1.899106622
0.095053911 0.079287708 0.992309511 1.900981069 0.058772158 0.994637191 -0.085103504 -0.166012853 -0.993735671 0.066409588 0.089884251 1.902090549
0.091243856 0.076576725 0.992879927 1.947820187 0.061032325 0.994734764 -0.082328536 -0.170160174 -0.993956506 0.068109758 0.086089768 1.906678557
0.090595521 0.075391799 0.993030071 1.995795727 0.060741719 0.994855642 -0.081071973 -0.174133748 -0.994033575 0.067663096 0.085550070 1.909544468
0.088973388 0.074228093 0.993264258 2.042963266 0.060991969 0.994941771 -0.079816930 -0.178339779 -0.994164765 0.067682728 0.083996028 1.912816167
0.087605886 0.075410321 0.993296742 2.093218327 0.060007256 0.994920254 -0.080826029 -0.182163626 -0.994346142 0.066685855 0.082635686 1.916736126
0.085786536 0.076812431 0.993348181 2.142293453 0.060018051 0.994814515 -0.082109027 -0.186165214 -0.994504154 0.066662669 0.080731563 1.920309901
0.083742492 0.078008108 0.993429363 2.190879345 0.060218435 0.994712949 -0.083185121 -0.190138876 -0.994666159 0.066788882 0.078602210 1.924325109
0.082800880 0.078205146 0.993492782 2.240359068 0.059498943 0.994749844 -0.083262920 -0.194238737 -0.994788289 0.066006012 0.077713035 1.927599072
0.081380107 0.077337146 0.993678153 2.289349794 0.058995947 0.994863033 -0.082261018 -0.198583558 -0.994935572 0.065317385 0.076399505 1.931402206
0.080300525 0.076552428 0.993826807 2.339855909 0.059814844 0.994879484 -0.081466533 -0.202716976 -0.994974315 0.065987393 0.075310379 1.934893847
0.078606710 0.076223858 0.993987381 2.389875650 0.061484776 0.994803727 -0.081148796 -0.206625342 -0.995007753 0.067493923 0.073511645 1.939197063
0.077402912 0.075320452 0.994150698 2.441376448 0.062345605 0.994824946 -0.080225661 -0.211130500 -0.995048583 0.068190619 0.072306454 1.942980289
0.076647714 0.075140767 0.994222701 2.493216515 0.063298963 0.994777918 -0.080062620 -0.215087250 -0.995046854 0.069069892 0.071491130 1.946604252
0.077572852 0.073612094 0.994265437 2.540757656 0.066095889 0.994696736 -0.078800850 -0.219657063 -0.994793355 0.071829662 0.072296016 1.949038267
0.077833153 0.073354371 0.994264126 2.591631174 0.067612268 0.994605005 -0.078672349 -0.223792136 -0.994671106 0.073347777 0.072453596 1.951727867
0.076846749 0.073666766 0.994317770 2.641124010 0.066759475 0.994648516 -0.078850828 -0.228175610 -0.994805396 0.072439559 0.071517557 1.955965042
0.076697163 0.073351167 0.994352698 2.691131353 0.068323731 0.994559228 -0.078636408 -0.232614413 -0.994710743 0.073969074 0.071268253 1.959003448
0.076399848 0.075093806 0.994245350 2.742222786 0.067955174 0.994449019 -0.080331005 -0.236956179 -0.994758844 0.073701404 0.070872739 1.962538123
0.075583413 0.075925209 0.994244695 2.792601109 0.067492403 0.994420648 -0.081069484 -0.241693825 -0.994852662 0.073231459 0.070037328 1.966197371
0.075142950 0.076068401 0.994267106 2.843460083 0.066936441 0.994452417 -0.081141382 -0.245557889 -0.994923651 0.072649904 0.069634333 1.969272614
0.074921153 0.073971473 0.994442046 2.893741369 0.066923887 0.994623482 -0.079027012 -0.249991849 -0.994941235 0.072472729 0.069567882 1.972273350
0.073702335 0.072576575 0.994635880 2.943933487 0.065268978 0.994859159 -0.077429280 -0.253970981 -0.995142162 0.070625603 0.068586439 1.975773335
0.074517474 0.072194993 0.994602978 2.996047258 0.064326033 0.994950771 -0.077039681 -0.258559227 -0.995142817 0.069719657 0.069497220 1.978132963
0.073531747 0.072613508 0.994645894 3.046567678 0.061504733 0.995117068 -0.077194817 -0.263417155 -0.995394528 0.066851690 0.068706624 1.981379151
0.073045485 0.074111141 0.994571209 3.098233700 0.060653884 0.995059192 -0.078602180 -0.267346293 -0.995482445 0.066066146 0.068189465 1.985107183
0.071223006 0.073875375 0.994720876 3.149462700 0.058642417 0.995218396 -0.078111179 -0.271730483 -0.995735049 0.063896149 0.066550203 1.989043236
0.071906939 0.073406398 0.994706571 3.200598478 0.057469621 0.995326281 -0.077606611 -0.275955856 -0.995754242 0.062745862 0.067352235 1.991541862
0.070242077 0.074122950 0.994772255 3.251756430 0.056301370 0.995351136 -0.078141615 -0.280263335 -0.995939851 0.061495874 0.065742306 1.995419145
0.070252642 0.075975329 0.994631767 3.303359509 0.054894328 0.995289922 -0.079902902 -0.284579873 -0.996017635 0.060213026 0.065751135 1.997449636
0.069044285 0.075973198 0.994716525 3.355634451 0.054302745 0.995331526 -0.079789378 -0.289325982 -0.996134639 0.059524830 0.064596392 2.000484943
0.067133754 0.075565718 0.994878292 3.406718254 0.055459160 0.995303690 -0.079340369 -0.293400377 -0.996201396 0.060501538 0.062627658 2.003446817
0.064434327 0.075611241 0.995053291 3.458538055 0.054925110 0.995345294 -0.079190083 -0.298102677 -0.996409237 0.059755977 0.059981439 2.006430626
0.062223703 0.076064095 0.995159507 3.511124134 0.055365041 0.995293260 -0.079536073 -0.302467912 -0.996525407 0.060046084 0.057719551 2.009277105
0.060297057 0.076538771 0.995241642 3.563383818 0.057161015 0.995155036 -0.079995200 -0.306901693 -0.996542394 0.061712511 0.055629883 2.011533737
0.057609014 0.076738484 0.995385468 3.616206408 0.057158146 0.995152414 -0.080028608 -0.311561614 -0.996701658 0.061504770 0.052943524 2.014451981
0.055607777 0.075168684 0.995619118 3.668750286 0.057749823 0.995250583 -0.078366309 -0.315849990 -0.996781170 0.061854605 0.051002692 2.016607523
0.054131635 0.074354015 0.995761573 3.721182585 0.057275571 0.995350659 -0.077436946 -0.320430636 -0.996889830 0.061224595 0.049621291 2.018918991
0.051855508 0.075426519 0.995802104 3.773600340 0.058083475 0.995227873 -0.078407668 -0.324455768 -0.996963978 0.061905514 0.047227010 2.021220684
0.050090499 0.076355681 0.995821595 3.826733112 0.058316119 0.995148540 -0.079237401 -0.328681052 -0.997040689 0.062041499 0.045394722 2.023463011
0.049368061 0.075393349 0.995931029 3.878262281 0.058633629 0.995208442 -0.078245096 -0.333286107 -0.997058094 0.062257860 0.044710923 2.025578499
0.047824923 0.075097933 0.996028662 3.930727243 0.058890928 0.995223165 -0.077864870 -0.337563485 -0.997118115 0.062380936 0.043173872 2.027823925
0.047404002 0.074129231 0.996121347 3.982712984 0.059362665 0.995270669 -0.076890916 -0.342138797 -0.997110307 0.062777348 0.042779308 2.029338598
0.046408866 0.073290586 0.996230245 4.035110474 0.059148341 0.995353341 -0.075981483 -0.346136510 -0.997169912 0.062451575 0.041858193 2.031252623
0.045870211 0.072816126 0.996289968 4.088748932 0.059815656 0.995349944 -0.075501390 -0.350416839 -0.997154951 0.063056998 0.041301377 2.033041716
0.044731606 0.074328072 0.996230066 4.141438961 0.059628833 0.995251596 -0.076932460 -0.354420543 -0.997217894 0.062845349 0.040087104 2.035048962
0.043658178 0.075340569 0.996201634 4.193897247 0.059949659 0.995157957 -0.077888913 -0.359366179 -0.997246325 0.063122429 0.038930137 2.036980867
0.044362966 0.076746538 0.996063292 4.247423172 0.060031235 0.995038390 -0.079341255 -0.363426447 -0.997210205 0.063314721 0.039535664 2.037138700
0.042439047 0.077211514 0.996111035 4.299903393 0.059825808 0.995023906 -0.079676099 -0.368074954 -0.997306287 0.062974535 0.037608627 2.040064573
0.041851290 0.076744936 0.996172011 4.353158474 0.059846979 0.995062768 -0.079173774 -0.372935474 -0.997329891 0.062931411 0.037051704 2.041592598
0.041783065 0.075103350 0.996299982 4.405341625 0.061514687 0.995085657 -0.077591628 -0.377466023 -0.997231245 0.064529099 0.036957763 2.042734146
0.040429745 0.073915549 0.996444643 4.459033012 0.061065048 0.995213091 -0.076301843 -0.382085413 -0.997314632 0.063932799 0.035722554 2.045154810
0.041134384 0.071779430 0.996571958 4.509767532 0.064154387 0.995168209 -0.074326351 -0.386079729 -0.997091830 0.066991836 0.036330659 2.046526194
0.041531470 0.069671400 0.996705055 4.561686993 0.064772278 0.995279610 -0.072270714 -0.390834332 -0.997035444 0.067560375 0.036822651 2.047559977
0.042364664 0.069552809 0.996678233 4.614529610 0.064579025 0.995297194 -0.072201423 -0.395302266 -0.997012913 0.067423299 0.037673779 2.049465895
0.044340607 0.069655500 0.996585071 4.667626858 0.067480594 0.995079100 -0.072552621 -0.399267554 -0.996734798 0.070467174 0.039422020 2.050860882
0.045459658 0.070333682 0.996487141 4.717494011 0.066426948 0.995097816 -0.073266014 -0.403830737 -0.996755064 0.069524236 0.040564746 2.052682638
0.047326118 0.071424887 0.996322572 4.771243095 0.067492515 0.994932115 -0.074531153 -0.407551706 -0.996596694 0.070771590 0.042265635 2.055310488
0.048882071 0.072223090 0.996189833 4.822812080 0.067954175 0.994830787 -0.075458996 -0.411352038 -0.996490300 0.071383834 0.043721516 2.056839466
0.049941979 0.071919367 0.996159256 4.872345924 0.066897422 0.994923174 -0.075183988 -0.416122735 -0.996509135 0.070395336 0.044877205 2.058415651
0.049782451 0.071189247 0.996219873 4.921662331 0.065762348 0.995058239 -0.074392505 -0.420459002 -0.996592641 0.069217175 0.044854876 2.060618877
0.048547663 0.069629058 0.996390939 4.972802162 0.065043166 0.995229363 -0.072717041 -0.424382627 -0.996700764 0.068338647 0.043787159 2.063891411
0.048024423 0.067779936 0.996543705 5.023520947 0.065582208 0.995328128 -0.070857711 -0.429058790 -0.996690810 0.068758436 0.043354917 2.064828873
0.045760900 0.067705773 0.996655285 5.074201107 0.066326648 0.995293081 -0.070658565 -0.432399154 -0.996748030 0.069338217 0.041054815 2.067014456
0.041715018 0.066538423 0.996911466 5.123770714 0.065371409 0.995460272 -0.069176979 -0.437124699 -0.996988654 0.068055227 0.037175938 2.067421913
0.035066482 0.065668426 0.997225165 5.172882080 0.064155392 0.995632768 -0.067819528 -0.441394448 -0.997323573 0.066355571 0.030700350 2.068528175
0.026536198 0.065655641 0.997489452 5.224684238 0.063073933 0.995742559 -0.067218624 -0.445138663 -0.997655988 0.064699300 0.022282062 2.070457220
0.016456857 0.065887868 0.997691333 5.274222851 0.063214444 0.995761752 -0.066803135 -0.448540628 -0.997864306 0.064167872 0.012222040 2.070986986
0.003108808 0.065296061 0.997861087 5.324727535 0.059845932 0.996065199 -0.065365002 -0.452805072 -0.998202801 0.059921127 -0.000811129 2.071671486
-0.010746112 0.064480014 0.997861087 5.374085426 0.060223933 0.996148944 -0.063720807 -0.456310570 -0.998127043 0.059410371 -0.014587970 2.070305586
-0.026915941 0.064309046 0.997566998 5.423623085 0.058607358 0.996313393 -0.062646925 -0.460428774 -0.997918189 0.056778561 -0.030585699 2.069629908
-0.042781062 0.065184653 0.996955693 5.472838879 0.057072755 0.996399224 -0.062699191 -0.463990390 -0.997453034 0.054216668 -0.046347283 2.066955566
-0.059949469 0.065696783 0.996037126 5.520733356 0.056902908 0.996434152 -0.062298093 -0.467657328 -0.996578157 0.052942678 -0.063474044 2.064807892
-0.078133561 0.065736070 0.994773209 5.568401337 0.056279473 0.996523321 -0.061431311 -0.470790505 -0.995353162 0.051185466 -0.081561506 2.062047482
-0.096262999 0.064835131 0.993242085 5.615954399 0.057121400 0.996591508 -0.059517689 -0.474317908 -0.993715525 0.051006023 -0.099638365 2.056929350
-0.115059018 0.063587762 0.991321325 5.662558556 0.058507454 0.996650338 -0.057138845 -0.477860332 -0.991634130 0.051425349 -0.118393987 2.051755428
-0.134770453 0.061545748 0.988963604 5.708165169 0.059522122 0.996769607 -0.053920209 -0.480950415 -0.989087462 0.051598351 -0.137998402 2.045314789
-0.154471979 0.060132235 0.986165583 5.753514767 0.062426198 0.996745765 -0.050998993 -0.483888626 -0.986022890 0.053684656 -0.157723129 2.037840843
-0.174760491 0.061257288 0.982703567 5.798481464 0.066249549 0.996532559 -0.050337743 -0.486471653 -0.982379615 0.056306604 -0.178212792 2.029704332
-0.195353284 0.061240412 0.978819013 5.841773987 0.068115301 0.996485651 -0.048751242 -0.489262998 -0.978364646 0.057148833 -0.198838159 2.020796299
-0.217167422 0.063951194 0.974037230 5.885639191 0.069766298 0.996316493 -0.049859155 -0.492576152 -0.973637998 0.057127185 -0.220829144 2.011525631
-0.240126848 0.065143220 0.968553245 5.927898884 0.069768488 0.996323645 -0.049713779 -0.495420516 -0.968231022 0.055636890 -0.243789047 2.000782967
-0.264378101 0.066750631 0.962106287 5.971940994 0.069189735 0.996343970 -0.050113324 -0.497616589 -0.961933970 0.053319030 -0.268029958 1.988856554
-0.290306330 0.065734722 0.954673350 6.013888359 0.069048457 0.996476352 -0.047616165 -0.500503302 -0.954439461 0.052095447 -0.293822318 1.976381183
-0.316617787 0.064087696 0.946385682 6.055227757 0.067117944 0.996727765 -0.045042165 -0.502914548 -0.946175575 0.049258318 -0.319883198 1.962170839
-0.344179928 0.064139336 0.936710358 6.095922947 0.067789517 0.996757686 -0.043342728 -0.505175710 -0.936453283 0.048581459 -0.347411960 1.947946548
-0.371461093 0.064032875 0.926237822 6.135786533 0.067982845 0.996816814 -0.041648120 -0.507476330 -0.925956249 0.047497638 -0.374631792 1.931745410
-0.398859233 0.065274790 0.914686084 6.173328876 0.069983467 0.996721089 -0.040611979 -0.509640098 -0.914337873 0.047814440 -0.402119577 1.915154099
-0.427322924 0.067238703 0.901595294 6.214220047 0.071451001 0.996623158 -0.040460497 -0.511774004 -0.901271224 0.047130190 -0.430684239 1.896464348
-0.455465406 0.068940327 0.887580097 6.251640320 0.073769249 0.996491015 -0.039544672 -0.514302850 -0.887191832 0.047464892 -0.458952844 1.877351284
-0.484196991 0.070590883 0.872106791 6.289206505 0.073240519 0.996511936 -0.039997190 -0.516801953 -0.871888280 0.044507042 -0.487678140 1.856866121
-0.512293100 0.072748289 0.855723977 6.325041771 0.074438930 0.996417165 -0.040145066 -0.519074619 -0.855578542 0.043133132 -0.515872955 1.835640907
-0.539213181 0.074088551 0.838904083 6.360739708 0.074697338 0.996404171 -0.039985929 -0.521192431 -0.838850081 0.041102950 -0.542808533 1.812745810
-0.565902829 0.076284990 0.820935309 6.395027637 0.076562643 0.996270061 -0.039800260 -0.522650123 -0.820909321 0.040329892 -0.569632649 1.789118052
-0.591947377 0.077492781 0.802242517 6.429199219 0.078668669 0.996169508 -0.038178273 -0.524431765 -0.802128136 0.040511828 -0.595776081 1.764023304
-0.617748082 0.077078246 0.782589376 6.461623192 0.078158557 0.996275127 -0.036428884 -0.526592493 -0.782482266 0.038662165 -0.621471345 1.738697052
-0.642703176 0.078100167 0.762124121 6.493093967 0.078017838 0.996290684 -0.036304031 -0.528134108 -0.762132406 0.036126550 -0.646412492 1.711976051
-0.666654527 0.082149200 0.740826011 6.522649765 0.080327787 0.996037662 -0.038163919 -0.529532790 -0.741025746 0.034066759 -0.670611918 1.684838533
-0.691109180 0.083160415 0.717950165 6.553126335 0.079832606 0.996063411 -0.038526352 -0.531133652 -0.718327820 0.030689921 -0.695027530 1.656299353
-0.713896334 0.084922701 0.695082903 6.581443787 0.081745304 0.995939136 -0.037722368 -0.533044219 -0.695463777 0.029889902 -0.717939377 1.627432346
-0.734604537 0.087900303 0.672777593 6.609618187 0.085609235 0.995656013 -0.036608722 -0.534482658 -0.673072934 0.030703038 -0.738938510 1.596411943
-0.754695177 0.091020294 0.649731040 6.636153698 0.090327553 0.995313942 -0.034512706 -0.536046803 -0.649827659 0.032642040 -0.759380281 1.565504074
-0.774278581 0.090262868 0.626374722 6.662131786 0.090170637 0.995412767 -0.031980261 -0.538098931 -0.626388013 0.031718966 -0.778865814 1.533144474
-0.793049753 0.089652553 0.602523327 6.686772346 0.090234689 0.995487869 -0.029355563 -0.539767027 -0.602436483 0.031088091 -0.797561169 1.500789642
-0.810926080 0.088667147 0.578391671 6.710531712 0.089216948 0.995631278 -0.027544357 -0.541236162 -0.578307211 0.029265912 -0.815293908 1.467462540
-0.828025937 0.090307958 0.553369105 6.732963085 0.089983836 0.995554447 -0.027825046 -0.542525887 -0.553421915 0.026754424 -0.832471192 1.434128523
-0.844165146 0.090731084 0.528349340 6.755207539 0.089113750 0.995611012 -0.028591204 -0.544077456 -0.528624535 0.022947496 -0.848545551 1.398604393
-0.859365463 0.090558894 0.503279388 6.775046825 0.089382164 0.995644033 -0.026530918 -0.545621991 -0.503489614 0.022184448 -0.863716424 1.364231110
-0.873521030 0.091285102 0.478150755 6.794578075 0.090898670 0.995570600 -0.024006806 -0.546927631 -0.478224248 0.022492813 -0.877949774 1.327910900
-0.887172520 0.092010401 0.452171355 6.812040806 0.092294089 0.995499849 -0.021486469 -0.548199296 -0.452113509 0.022670535 -0.891672194 1.292339087
-0.900361955 0.089752823 0.425784886 6.830700397 0.090514317 0.995723426 -0.018491389 -0.549163043 -0.425623655 0.021890685 -0.904635429 1.254251122
-0.912707865 0.088672705 0.398875237 6.846664906 0.089425176 0.995852470 -0.016761810 -0.550148070 -0.398707211 0.020370852 -0.916851938 1.217460632
-0.924261212 0.088173665 0.371438593 6.861695766 0.088554397 0.995941818 -0.016068447 -0.550976336 -0.371348023 0.018041078 -0.928318441 1.180462003
-0.935005009 0.087036237 0.343788207 6.876031876 0.086974405 0.996087909 -0.015632356 -0.551656544 -0.343803823 0.015284450 -0.938917041 1.143283725
-0.945097864 0.086264551 0.315195888 6.888039589 0.085819252 0.996192932 -0.015319242 -0.552727818 -0.315317392 0.012571688 -0.948902965 1.105921745
-0.954534173 0.083718419 0.286104232 6.900416374 0.083025359 0.996440768 -0.014574778 -0.552914858 -0.286306143 0.009841787 -0.958087623 1.067189693
-0.962794721 0.082313851 0.257392108 6.910280228 0.082219630 0.996551871 -0.011147993 -0.554025352 -0.257422239 0.010429456 -0.966242671 1.029937744
-0.970054626 0.081839412 0.228683546 6.919297218 0.082244240 0.996581852 -0.007776064 -0.554376245 -0.228538245 0.011264693 -0.973469675 0.991444528
-0.976496696 0.081143856 0.199674979 6.927542686 0.081565231 0.996649146 -0.006129032 -0.554973364 -0.199503243 0.010301556 -0.979842961 0.950552583
-0.982306898 0.078864522 0.169863313 6.934372902 0.079117417 0.996851206 -0.005290309 -0.555335879 -0.169745684 0.008242439 -0.985453486 0.913426995
-0.987247705 0.077475205 0.139066532 6.940734386 0.077410229 0.996981978 -0.005884292 -0.555725276 -0.139102712 0.004955919 -0.990265548 0.868438125
-0.991581202 0.071394458 0.108025596 6.945516109 0.071533896 0.997434795 -0.002588686 -0.555903852 -0.107933313 0.005160600 -0.994144738 0.829896212
-0.994563580 0.068896070 0.078079961 6.948648930 0.069130942 0.997607529 0.000305991 -0.555774868 -0.077872068 0.005702071 -0.996947050 0.784977198
-0.996613324 0.066985801 0.047693897 6.951041222 0.067235976 0.997730374 0.003658707 -0.556123674 -0.047340572 0.006853062 -0.998855293 0.746272802
-0.997634768 0.066467069 0.017516354 6.951528072 0.066569746 0.997767448 0.005345323 -0.555824101 -0.017121961 0.006498741 -0.999832213 0.703435004
-0.997760773 0.065526806 -0.013405489 6.950850964 0.065435685 0.997831225 0.007127037 -0.555853844 0.013843426 0.006233881 -0.999884665 0.663484156
-0.996880651 0.064920709 -0.044879999 6.949141026 0.064611517 0.997876048 0.008307636 -0.556072295 0.045324001 0.005381959 -0.998957813 0.623319209
-0.994763315 0.065631218 -0.078348294 6.952448368 0.065006711 0.997829616 0.010497785 -0.554910421 0.078867227 0.005349648 -0.996870756 0.586627781
-0.992006838 0.065221734 -0.108021371 6.942924976 0.064080313 0.997846425 0.014007887 -0.555186033 0.108702339 0.006973875 -0.994049907 0.542638659
-0.987497866 0.065617412 -0.143325761 6.945772171 0.064008497 0.997824013 0.015812723 -0.553709328 0.144051492 0.006440961 -0.989549220 0.499265552
-0.982623160 0.065814584 -0.173551366 6.931909561 0.063843556 0.997816443 0.016921360 -0.554466307 0.174286067 0.005547183 -0.984679461 0.459811449
-0.975587070 0.065492421 -0.209619865 6.931197643 0.062972628 0.997840345 0.018680064 -0.553951383 0.210390568 0.005023715 -0.977604508 0.418021202
-0.968340755 0.065672025 -0.240839481 6.916094780 0.061907280 0.997812867 0.023173310 -0.553252578 0.241834566 0.007529939 -0.970288277 0.380018950
-0.958427012 0.065001860 -0.277835399 6.914321899 0.059759308 0.997839272 0.027305614 -0.551921010 0.279009968 0.009567184 -0.960240602 0.343194366
-0.948448420 0.064655095 -0.310266614 6.895823002 0.058131658 0.997850955 0.030236172 -0.551434159 0.311554670 0.010641136 -0.950168610 0.301056862
-0.937156200 0.062965497 -0.343181729 6.876850605 0.055588704 0.997963071 0.031301033 -0.550475061 0.344453514 0.010256931 -0.938747287 0.253746510
-0.923572242 0.062685050 -0.378265589 6.865494728 0.054846231 0.997998655 0.031472966 -0.549599409 0.379481435 0.008321117 -0.925161839 0.219633818
-0.908964515 0.060540155 -0.412454188 6.853504181 0.051196057 0.998120546 0.033678852 -0.548972487 0.413717926 0.009496845 -0.910355508 0.187407732
-0.893676043 0.059300445 -0.444776893 6.833298206 0.048742488 0.998192668 0.035148583 -0.546380758 0.446057439 0.009731912 -0.894951463 0.143969297
-0.878093243 0.058470730 -0.474903882 6.810949802 0.046285499 0.998230815 0.037321873 -0.546650529 0.476245970 0.010790914 -0.879245937 0.106264830
-0.861957610 0.056637228 -0.503806949 6.785759926 0.043109663 0.998329222 0.038474865 -0.548093736 0.505144358 0.011444759 -0.862959027 0.071692944
-0.844418466 0.057256818 -0.532615364 6.766177177 0.044256695 0.998328924 0.037156209 -0.543664396 0.533852816 0.007803584 -0.845541418 0.033805132
-0.826794446 0.056702569 -0.559638917 6.743750572 0.042918798 0.998365283 0.037747271 -0.541815341 0.560864508 0.007190203 -0.827876449 -0.001733065
-0.809359074 0.058098845 -0.584433615 6.718694687 0.042852208 0.998284519 0.039895665 -0.540805161 0.585748971 0.007245645 -0.810460150 -0.035696745
-0.792331100 0.058399402 -0.607289970 6.692045689 0.040991768 0.998254597 0.042514157 -0.540706456 0.608712792 0.008791398 -0.793341935 -0.067791224
-0.774950743 0.060861982 -0.629084408 6.665832043 0.043287177 0.998126447 0.043241452 -0.537423730 0.630537510 0.006278708 -0.776133358 -0.103442430
-0.758126795 0.062985800 -0.649058223 6.638069153 0.046959866 0.998013496 0.041998003 -0.535730302 0.650414109 0.001360121 -0.759578526 -0.136470556
-0.741411686 0.066640660 -0.667733312 6.609663010 0.050732423 0.997775376 0.043249007 -0.534429669 0.669130027 -0.001810409 -0.743143141 -0.165995121
-0.723810434 0.069322601 -0.686507821 6.581635475 0.050273422 0.997594297 0.047730565 -0.533528686 0.688165009 0.000034787 -0.725554168 -0.196886301
-0.705113649 0.071949869 -0.705434680 6.551938534 0.052274454 0.997406185 0.049478456 -0.529188275 0.707164884 -0.001988284 -0.707045913 -0.230756044
-0.687292218 0.066593699 -0.723321855 6.521791935 0.046595395 0.997779667 0.047587633 -0.530030966 0.724884987 -0.000996852 -0.688869298 -0.255057812
-0.669394374 0.060542881 -0.740436137 6.490060806 0.043192927 0.998159468 0.042567264 -0.530797303 0.741650462 -0.003487312 -0.670777440 -0.283201456
-0.652031779 0.056288689 -0.756099284 6.456770420 0.044160489 0.998366833 0.036242235 -0.526651025 0.756904483 -0.009758633 -0.653452635 -0.313574791
-0.634360135 0.053233203 -0.771202564 6.425203323 0.042409405 0.998520315 0.034039818 -0.525075495 0.771873415 -0.011112740 -0.635679066 -0.343627691
-0.616427362 0.050551217 -0.785787523 6.391714573 0.038835350 0.998674393 0.033781439 -0.523530960 0.786453485 -0.009692526 -0.617573321 -0.371676445
-0.597821534 0.045926370 -0.800312638 6.358223915 0.032576911 0.998924673 0.032989368 -0.521750927 0.800966978 -0.006349958 -0.598674774 -0.397993803
-0.578546643 0.042987518 -0.814515710 6.323225975 0.026778270 0.999072850 0.033707380 -0.519334972 0.815209568 -0.002310030 -0.579161465 -0.425565004
-0.559804440 0.042691607 -0.827524245 6.283964634 0.021234889 0.999082983 0.037177261 -0.518592894 0.828352511 0.003239613 -0.560197890 -0.452135563
-0.540182114 0.043023877 -0.840447664 6.249358177 0.018899795 0.999060571 0.038996052 -0.514946103 0.841335893 0.005180678 -0.540487766 -0.474801064
-0.521708369 0.042227201 -0.852078199 6.216102123 0.013855309 0.999061942 0.041028112 -0.514923692 0.853011370 0.009598901 -0.521803975 -0.489721775
-0.504389703 0.040251713 -0.862537444 6.179267883 0.009009960 0.999103844 0.041356012 -0.514167130 0.863429129 0.013088120 -0.504300356 -0.507750750
-0.489560485 0.040819757 -0.871013343 6.140167713 0.006546632 0.999047577 0.043140437 -0.515844822 0.871944845 0.015417653 -0.489361405 -0.519784689
-0.472789586 0.040090710 -0.880262852 6.093824387 0.005181931 0.999073684 0.042718615 -0.511334419 0.881160140 0.015635459 -0.472559392 -0.557963848
-0.460129380 0.039412916 -0.886976600 6.052630901 0.003296923 0.999083161 0.042684071 -0.510047436 0.887845755 0.016715903 -0.459837496 -0.572584629
-0.447373837 0.040751718 -0.893418133 6.010517597 0.003311018 0.999029934 0.043911044 -0.509355485 0.894341052 0.016686525 -0.447074771 -0.592716932
-0.434909433 0.040673099 -0.899555147 5.967431068 0.001848247 0.999017596 0.044276685 -0.507330298 0.900472343 0.017593745 -0.434557319 -0.611658096
-0.422073632 0.043558732 -0.905514479 5.921795845 0.003975951 0.998924375 0.046198860 -0.506952584 0.906552851 0.015899038 -0.421792805 -0.633505821
-0.411104560 0.046749156 -0.910388708 5.876188278 0.004882359 0.998782754 0.049083531 -0.505299389 0.911575139 0.015733616 -0.410832345 -0.650325537
-0.398914903 0.047024079 -0.915781438 5.833633423 0.005016514 0.998781204 0.049100813 -0.501720428 0.916974247 0.014993015 -0.398664653 -0.672628880
-0.387707263 0.046165496 -0.920625746 5.794860840 0.005757087 0.998846829 0.047663450 -0.499255270 0.921764672 0.013179341 -0.387525886 -0.690177321
-0.381989270 0.047247291 -0.922958255 5.739516258 0.007985640 0.998823762 0.047825884 -0.495908082 0.924132228 0.010898560 -0.381917268 -0.711219311
-0.377513617 0.045377716 -0.924891591 5.689331055 0.007463634 0.998915315 0.045963082 -0.491739720 0.925973892 0.010448638 -0.377442837 -0.726505399
-0.371185005 0.048132569 -0.927310586 5.641055584 0.011746763 0.998819053 0.047142252 -0.491136342 0.928484619 0.006605600 -0.371312082 -0.748782516
-0.368557125 0.049089104 -0.928308070 5.592111111 0.013206314 0.998780489 0.047572520 -0.488843590 0.929511249 0.005273667 -0.368755937 -0.764168859
-0.365535498 0.049807500 -0.929463863 5.540821552 0.016080685 0.998756289 0.047196537 -0.486644506 0.930658460 0.002305597 -0.365881771 -0.786281705
-0.362511575 0.048712943 -0.930705428 5.493387222 0.014606226 0.998807430 0.046588242 -0.484571159 0.931864798 0.003294681 -0.362790704 -0.803162456
-0.360697627 0.049583584 -0.931363881 5.439534664 0.016708918 0.998769104 0.046701074 -0.481051266 0.932533145 0.001282882 -0.361082137 -0.824825644
-0.358164519 0.048449267 -0.932400525 5.391764641 0.016025748 0.998824537 0.045744788 -0.478886664 0.933520913 0.001441746 -0.358519971 -0.840081215
-0.356675357 0.048626192 -0.932962060 5.335746765 0.015735945 0.998815536 0.046042573 -0.475762129 0.934095800 0.001741211 -0.357018083 -0.863321662
-0.354412466 0.050181188 -0.933741748 5.287517548 0.014646806 0.998734415 0.048114665 -0.474654466 0.934974492 0.003376102 -0.354698926 -0.880563259
-0.352325916 0.050319403 -0.934523642 5.229686737 0.015909500 0.998731256 0.047778603 -0.470488071 0.935742140 0.001965836 -0.352679402 -0.902660608
-0.349248707 0.051968828 -0.935587704 5.181344986 0.016234815 0.998646557 0.049411185 -0.467829466 0.936889350 0.002067697 -0.349619687 -0.920387745
-0.346850038 0.050738111 -0.936547160 5.121510506 0.015279973 0.998708904 0.048446827 -0.464386046 0.937796116 0.002493369 -0.347177416 -0.943187833
-0.342747986 0.048411939 -0.938179076 5.070514202 0.014311960 0.998824477 0.046312727 -0.461959958 0.939318299 0.002446411 -0.343037903 -0.962124825
-0.341335148 0.046276141 -0.938801825 5.010088444 0.013242129 0.998924971 0.044425126 -0.458573103 0.939848363 0.002732121 -0.341581047 -0.983783126
-0.337471247 0.045637868 -0.940228939 4.959267616 0.012088587 0.998951852 0.044149335 -0.456079245 0.941258252 0.003533090 -0.337669194 -1.002242684
-0.337003738 0.046457957 -0.940356493 4.896334648 0.011905405 0.998912215 0.045084246 -0.452933788 0.941428065 0.003998234 -0.337190241 -1.024127007
-0.334245235 0.046929438 -0.941316962 4.841985703 0.012084031 0.998890758 0.045508951 -0.450111747 0.942408681 0.003836246 -0.334441632 -1.043694377
-0.333843768 0.048059803 -0.941402435 4.781331062 0.012946681 0.998838961 0.046400812 -0.447291017 0.942539454 0.003302585 -0.334078431 -1.064677835
-0.331405997 0.048970312 -0.942216516 4.727133274 0.013920313 0.998797178 0.047014810 -0.444284558 0.943385601 0.002465044 -0.331689090 -1.083927512
-0.331616372 0.049449950 -0.942117393 4.664807320 0.015218875 0.998775721 0.047066931 -0.441771537 0.943291485 0.001270203 -0.331962973 -1.105053663
-0.330095589 0.047672689 -0.942742944 4.607271194 0.015166302 0.998862803 0.045200173 -0.439297676 0.943825603 0.000622457 -0.330443233 -1.125146151
-0.330663264 0.048017278 -0.942526460 4.546006203 0.015787229 0.998846471 0.045347936 -0.435968697 0.943616688 0.000115016 -0.331039935 -1.146174192
-0.330462128 0.046607152 -0.942667782 4.486321926 0.014782885 0.998913050 0.044205718 -0.433528483 0.943703532 0.000672966 -0.330791920 -1.165642142
-0.330557704 0.046767984 -0.942626297 4.425682068 0.014332267 0.998905063 0.044534229 -0.430489063 0.943676949 0.001211160 -0.330866039 -1.187283397
