1.000000000 0.000000000 0.000000000 0.000000000 0.000000000 1.000000000 0.000000000 0.000000000 0.000000000 0.000000000 1.000000000 0.000000000
0.999970794 -0.001331223 -0.007524422 -0.000350524 0.001305004 0.999993026 -0.003488331 -0.000526492 0.007529015 0.003478410 0.999965608 0.060488150
0.999933958 -0.001333221 -0.011413495 -0.000919996 0.001276847 0.999987006 -0.004945192 -0.000691312 0.011419938 0.004930293 0.999922693 0.091649503
0.999866664 0.000051225 -0.016331548 -0.001682479 -0.000144944 0.999983549 -0.005737359 -0.000782500 0.016330982 0.005738961 0.999850214 0.123845190
0.999798715 -0.000972454 -0.020036630 -0.002966698 0.000855368 0.999982595 -0.005851337 -0.001117319 0.020041969 0.005833021 0.999782145 0.153821394
0.999689639 0.000734217 -0.024901506 -0.003860939 -0.000902313 0.999976814 -0.006739898 -0.001828274 0.024895981 0.006760275 0.999667168 0.189464957
0.999553561 0.003640573 -0.029652145 -0.005349068 -0.003867664 0.999963582 -0.007604777 -0.002087167 0.029623380 0.007716068 0.999531329 0.223388746
0.999422610 0.004146989 -0.033722743 -0.006921499 -0.004358755 0.999971211 -0.006208551 -0.002228579 0.033696022 0.006351956 0.999411941 0.258246064
0.999265075 0.003284541 -0.038188990 -0.008323763 -0.003411080 0.999988973 -0.003248813 -0.002786314 0.038177904 0.003376691 0.999265194 0.293468744
0.999112666 0.002916594 -0.042015899 -0.009964745 -0.002933747 0.999995649 -0.000346598 -0.003281081 0.042014711 0.000469555 0.999116838 0.328759611
0.999005139 0.004526339 -0.044363435 -0.012032131 -0.004589920 0.999988616 -0.001331413 -0.003529423 0.044356912 0.001533714 0.999014497 0.363954961
0.998931706 0.003971981 -0.046038594 -0.014128068 -0.004033287 0.999991119 -0.001238797 -0.004030674 0.046033263 0.001423160 0.998938859 0.401135147
0.998836637 0.001203108 -0.048206180 -0.015534833 -0.001285240 0.999997854 -0.001672801 -0.004367093 0.048204064 0.001732811 0.998836040 0.437561452
0.998717666 0.000678855 -0.050618842 -0.017229090 -0.000734540 0.999999166 -0.001081488 -0.004492182 0.050618075 0.001117283 0.998717368 0.475663304
0.998671591 -0.001201703 -0.051510334 -0.019543502 0.001152745 0.999998868 -0.000980150 -0.005048100 0.051511455 0.000919470 0.998671949 0.512082994
0.998549998 0.001383167 -0.053812485 -0.021628026 -0.001563612 0.999993324 -0.003311253 -0.005425691 0.053807545 0.003390594 0.998545527 0.551050603
0.998454332 0.001817380 -0.055546917 -0.023632068 -0.002143416 0.999980867 -0.005810556 -0.005891575 0.055535298 0.005920636 0.998439133 0.588413000
0.998374701 0.005712994 -0.056703310 -0.026690790 -0.006154618 0.999952137 -0.007616716 -0.006424955 0.056657080 0.007953323 0.998362005 0.627252400
0.998256207 0.006120808 -0.058710475 -0.028370947 -0.006566791 0.999951065 -0.007406363 -0.006735471 0.058662269 0.007778988 0.998247504 0.665915370
0.998205900 0.005560919 -0.059616186 -0.031299349 -0.005918321 0.999965549 -0.005820150 -0.007512952 0.059581771 0.006162535 0.998204470 0.705518305
0.998116255 0.006153273 -0.061041169 -0.034033064 -0.006405834 0.999971688 -0.003942724 -0.008172244 0.061015181 0.004326317 0.998127520 0.744476676
0.998088419 0.005866486 -0.061525349 -0.036859199 -0.006133989 0.999972582 -0.004159849 -0.008594387 0.061499257 0.004529293 0.998096883 0.784130216
0.997971535 0.005900195 -0.063387804 -0.039557122 -0.006223344 0.999968708 -0.004901720 -0.009131741 0.063356899 0.005286263 0.997976899 0.823941946
0.997924984 0.004296567 -0.064244099 -0.041890092 -0.004681349 0.999971986 -0.005840023 -0.009514540 0.064217187 0.006128653 0.997917175 0.863287330
0.997892380 0.004188903 -0.064756140 -0.044599794 -0.004422518 0.999984264 -0.003464685 -0.010171209 0.064740606 0.003743768 0.997895122 0.903032124
0.997869134 0.005474098 -0.065017149 -0.047212210 -0.005542785 0.999984205 -0.000876091 -0.010421121 0.065011345 0.001234601 0.997883797 0.943900228
0.997905552 0.006056440 -0.064402469 -0.049997721 -0.005876173 0.999978185 0.002988112 -0.010908289 0.064419165 -0.002603414 0.997919559 0.983948886
0.998040199 0.005204269 -0.062358990 -0.052899871 -0.004846422 0.999970913 0.005888387 -0.011205640 0.062387824 -0.005574628 0.998036444 1.024533272
0.998141468 0.005673318 -0.060674768 -0.055706132 -0.005254610 0.999961376 0.007058207 -0.011622407 0.060712464 -0.006726266 0.998132765 1.065010071
0.998226583 0.005858059 -0.059237752 -0.058195565 -0.005641104 0.999976873 0.003829008 -0.011580484 0.059258811 -0.003488053 0.998236537 1.105726004
0.998238385 0.005694337 -0.059054323 -0.060189195 -0.005737365 0.999983430 -0.000559059 -0.012130659 0.059050165 0.000896891 0.998254538 1.145993829
0.998341560 0.006254278 -0.057224452 -0.063233055 -0.006484936 0.999971569 -0.003845945 -0.012272925 0.057198770 0.004210665 0.998353899 1.187516689
0.998403788 0.003592140 -0.056363311 -0.065648846 -0.003774955 0.999987960 -0.003137375 -0.012494346 0.056351364 0.003345137 0.998405337 1.228985429
0.998379171 0.002668492 -0.056850698 -0.067852326 -0.002556530 0.999994636 0.002042040 -0.013150863 0.056855842 -0.001893389 0.998380542 1.270614147
0.998331964 -0.001579321 -0.057711158 -0.070057563 0.001894376 0.999983668 0.005404849 -0.013459515 0.057701673 -0.005505159 0.998318672 1.311774015
0.998246133 -0.008309546 -0.058613237 -0.072231211 0.008596513 0.999952197 0.004645466 -0.013909113 0.058571834 -0.005141189 0.998269916 1.353946924
0.998171508 -0.009878800 -0.059631329 -0.074902363 0.009952652 0.999950051 0.000941578 -0.014439104 0.059619050 -0.001533346 0.998219967 1.395421505
0.998071015 -0.009996877 -0.061273072 -0.077528581 0.009818804 0.999946654 -0.003206671 -0.014484606 0.061301854 0.002598856 0.998115897 1.437955856
0.997950137 -0.009196497 -0.063333414 -0.080382414 0.008966531 0.999952197 -0.003914343 -0.014884195 0.063366383 0.003338438 0.997984767 1.480118871
0.997896075 -0.008826816 -0.064230286 -0.083220214 0.008672570 0.999958813 -0.002679865 -0.015293038 0.064251296 0.002117185 0.997931540 1.522864699
0.997837543 -0.005859472 -0.065466940 -0.086463287 0.005885412 0.999982774 0.000203378 -0.015819654 0.065464616 -0.000588239 0.997854769 1.566021204
0.997758508 -0.005875418 -0.066659458 -0.089258164 0.005985290 0.999980986 0.001448664 -0.016343689 0.066649675 -0.001844393 0.997774899 1.608115077
0.997694910 -0.004569569 -0.067705132 -0.092259482 0.004814449 0.999982417 0.003454144 -0.016323723 0.067688160 -0.003772145 0.997699499 1.650407076
0.997725546 -0.004571343 -0.067253619 -0.095390454 0.005062634 0.999961734 0.007136438 -0.017220281 0.067218430 -0.007460686 0.997710407 1.692854524
0.997730374 0.001709395 -0.067314953 -0.099039376 -0.001077888 0.999955118 0.009416577 -0.017393919 0.067328021 -0.009322647 0.997687340 1.734963655
0.997693837 0.001702787 -0.067853414 -0.101700217 -0.001102751 0.999960005 0.008879593 -0.017694185 0.067865819 -0.008784287 0.997655809 1.777245164
0.997691154 0.001706236 -0.067892864 -0.104548611 -0.001222913 0.999973655 0.007159828 -0.017747251 0.067903288 -0.007060268 0.997667015 1.819527864
0.997700393 0.003976596 -0.067661367 -0.107845828 -0.003663739 0.999982059 0.004747321 -0.017988428 0.067679018 -0.004488510 0.997697055 1.861524343
0.997608960 0.003071773 -0.069043949 -0.110422395 -0.002726787 0.999983370 0.005090308 -0.018521143 0.069058441 -0.004889868 0.997600675 1.904127359
0.997567773 0.001479938 -0.069688894 -0.113919720 -0.001071738 0.999982059 0.005894487 -0.018508807 0.069696374 -0.005805461 0.997551382 1.945507526
0.997489750 0.002884730 -0.070752256 -0.116893955 -0.002421626 0.999975085 0.006630342 -0.018733678 0.070769623 -0.006442362 0.997471869 1.987691283
0.997459471 0.004437920 -0.071097121 -0.119787529 -0.004146236 0.999982417 0.004249675 -0.019839702 0.071114719 -0.003944093 0.997460365 2.028638363
0.997392714 0.005017505 -0.071989030 -0.123055555 -0.005090331 0.999986708 -0.000828188 -0.019580761 0.071983919 0.001192477 0.997405112 2.069581985
0.997344255 0.006376144 -0.072552674 -0.126251176 -0.006529619 0.999976873 -0.001878359 -0.019991530 0.072539032 0.002347112 0.997362852 2.110648870
0.997311652 0.004290469 -0.073148921 -0.129007638 -0.004160886 0.999989450 0.001923792 -0.020841174 0.073156394 -0.001614256 0.997319162 2.152630806
0.997339249 0.003051712 -0.072835624 -0.132279962 -0.002695767 0.999983966 0.004984758 -0.021204069 0.072849669 -0.004775147 0.997331440 2.192307949
0.997378826 0.001859616 -0.072332636 -0.135935813 -0.001473084 0.999984324 0.005396788 -0.021632724 0.072341539 -0.005276090 0.997366011 2.233349323
0.997318327 -0.002193601 -0.073152997 -0.138221830 0.002523941 0.999987006 0.004423605 -0.022031814 0.073142350 -0.004596376 0.997310936 2.273832321
0.997331679 -0.003744856 -0.072907142 -0.141605660 0.003941223 0.999989033 0.002549711 -0.022125758 0.072896793 -0.002830251 0.997335494 2.315099239
0.997172415 -0.006161131 -0.074894398 -0.144031733 0.006503641 0.999969482 0.004330192 -0.023063160 0.074865445 -0.004805035 0.997182071 2.356061220
0.997078300 -0.009807214 -0.075753450 -0.147047698 0.010462189 0.999911249 0.008254139 -0.022900766 0.075665765 -0.009022571 0.997092485 2.395343304
0.997075975 -0.010069409 -0.075749762 -0.150277153 0.011089853 0.999853253 0.013062682 -0.022980746 0.075607114 -0.013864540 0.997041345 2.434744120
0.997006774 -0.008871951 -0.076803282 -0.153584644 0.010101696 0.999826729 0.015637953 -0.023320373 0.076651223 -0.016366988 0.996923625 2.476067781
0.996941686 -0.007666434 -0.077771492 -0.157108992 0.008607714 0.999893606 0.011775155 -0.023569532 0.077672951 -0.012408580 0.996901631 2.515686750
0.996810257 -0.006008772 -0.079581022 -0.160118222 0.006335186 0.999972582 0.003849807 -0.023697693 0.079555705 -0.004341689 0.996820927 2.555038452
0.996762037 -0.004600908 -0.080275752 -0.163690448 0.004535257 0.999989212 -0.001000120 -0.023893669 0.080279499 0.000632810 0.996772170 2.594285011
0.996704936 0.000708208 -0.081109770 -0.167085975 -0.000715965 0.999999762 -0.000066551 -0.024493042 0.081109703 0.000124403 0.996705174 2.632245541
0.996587813 0.003237437 -0.082474619 -0.170320228 -0.003037488 0.999992132 0.002549738 -0.025268048 0.082482226 -0.002290522 0.996589899 2.670437813
0.996503592 0.006289206 -0.083312303 -0.173884451 -0.005997713 0.999974906 0.003748607 -0.025749482 0.083333790 -0.003235817 0.996516407 2.707603693
0.996418774 0.007431038 -0.084228396 -0.177022576 -0.007151683 0.999967873 0.003617870 -0.026416775 0.084252581 -0.003002539 0.996439934 2.744171619
0.996288002 0.008926153 -0.085617952 -0.180922270 -0.008578385 0.999953330 0.004428935 -0.026619388 0.085653499 -0.003678031 0.996318161 2.780686140
0.996148825 0.009978938 -0.087108366 -0.183697760 -0.009566202 0.999940932 0.005154377 -0.027279697 0.087154649 -0.004301230 0.996185482 2.816053629
0.996040583 0.009239439 -0.088418245 -0.187459037 -0.008783786 0.999946117 0.005541102 -0.027579300 0.088464692 -0.004742515 0.996067941 2.851639509
0.995939553 0.008764627 -0.089596465 -0.190694004 -0.008184697 0.999943197 0.006838062 -0.027981827 0.089651302 -0.006076976 0.995954633 2.886188030
0.995779574 0.011816598 -0.091012612 -0.193795234 -0.010982659 0.999893129 0.009658299 -0.028421447 0.091117032 -0.008617979 0.995802939 2.920160532
0.995635331 0.013277617 -0.092378527 -0.197031572 -0.012060875 0.999833286 0.013717119 -0.028585341 0.092545249 -0.012543084 0.995629549 2.953892946
0.995438218 0.016829293 -0.093910947 -0.200551093 -0.015434927 0.999759912 0.015554460 -0.029007167 0.094150163 -0.014033997 0.995459139 2.987568617
0.995291471 0.019629737 -0.094918765 -0.204484463 -0.018631769 0.999761462 0.011388876 -0.029100444 0.095119677 -0.009566747 0.995419860 3.019403696
0.995160937 0.019600181 -0.096282825 -0.207475215 -0.019308170 0.999805689 0.003963690 -0.029329941 0.096341804 -0.002085465 0.995346069 3.050250053
0.995053768 0.018935191 -0.097516023 -0.210690439 -0.019229541 0.999812901 -0.002079449 -0.029582847 0.097458407 0.003944352 0.995231807 3.080541849
0.994991422 0.019445231 -0.098051257 -0.214028731 -0.019825555 0.999799252 -0.002905913 -0.029992744 0.097975075 0.004835280 0.995177090 3.109817743
0.994885385 0.022308191 -0.098516740 -0.217294246 -0.022353716 0.999749899 0.000641794 -0.030325927 0.098506421 0.001563705 0.995135128 3.138454437
0.994761944 0.022936001 -0.099612348 -0.220436275 -0.022742622 0.999736667 0.003076616 -0.031255499 0.099656671 -0.000795053 0.995021582 3.166609287
0.994688451 0.019058576 -0.101151384 -0.222768754 -0.019214874 0.999815345 -0.000571030 -0.031391554 0.101121813 0.002511608 0.994870901 3.193254709
0.994807243 0.010712148 -0.101212300 -0.224923730 -0.011379470 0.999917090 -0.006018179 -0.031744689 0.101139449 0.007138669 0.994846642 3.219672441
0.994977593 0.006960855 -0.099856354 -0.227602303 -0.008101158 0.999906480 -0.011018462 -0.031964064 0.099770322 0.011772074 0.994940877 3.245099068
0.995232522 0.009219845 -0.097092956 -0.229931742 -0.010368287 0.999882042 -0.011330366 -0.032543998 0.096977040 0.012283037 0.995210767 3.269695759
0.995639443 0.014091313 -0.092213906 -0.233067080 -0.014876117 0.999858677 -0.007828820 -0.033563577 0.092090547 0.009166462 0.995708466 3.294297934
0.996061563 0.012686176 -0.087752059 -0.234902829 -0.013187055 0.999899864 -0.005130521 -0.033807155 0.087678187 0.006267507 0.996129096 3.318149805
0.996529818 0.009251774 -0.082720667 -0.236080348 -0.009363086 0.999955654 -0.000957788 -0.034168512 0.082708150 0.001728985 0.996572375 3.340977192
0.997186780 0.004679848 -0.074811086 -0.237024754 -0.004523911 0.999987185 0.002253754 -0.034611635 0.074820675 -0.001908975 0.997195244 3.363497019
0.997922659 0.008353087 -0.063879795 -0.238537550 -0.008234006 0.999963880 0.002127177 -0.035025135 0.063895248 -0.001596771 0.997955501 3.385524988
0.998737514 0.013347046 -0.048429761 -0.239777207 -0.013272153 0.999910176 0.001867685 -0.035477582 0.048450343 -0.001222559 0.998824894 3.407134056
0.999377549 0.018625127 -0.029963791 -0.240558758 -0.018568991 0.999825239 0.002150692 -0.035592228 0.029998608 -0.001592956 0.999548852 3.428242207
0.999815404 0.017347271 -0.008258780 -0.239945382 -0.017327908 0.999846995 0.002410496 -0.035692245 0.008299331 -0.002266943 0.999963045 3.448355913
0.999735534 0.013956676 0.018275145 -0.238705128 -0.014020321 0.999896169 0.003359016 -0.036131743 -0.018226368 -0.003614351 0.999827445 3.468350410
0.998776495 0.012664216 0.047803737 -0.236926034 -0.012901826 0.999905884 0.004665134 -0.036377847 -0.047740161 -0.005276182 0.998845935 3.487726212
0.996667624 0.011935364 0.080691785 -0.234675497 -0.012528379 0.999898016 0.006846811 -0.037185531 -0.080601849 -0.007834934 0.996715546 3.505858898
0.992967546 0.012484312 0.117727131 -0.231020689 -0.013376941 0.999887407 0.006795038 -0.037129018 -0.117629051 -0.008322082 0.993022680 3.524680138
0.987121642 0.012284868 0.159498304 -0.227151215 -0.013339467 0.999895692 0.005542951 -0.036900282 -0.159413591 -0.007599190 0.987182558 3.542891741
0.978834033 0.011544370 0.204329431 -0.222504199 -0.013261618 0.999887288 0.007036941 -0.037977807 -0.204225153 -0.009597735 0.978876948 3.559533119
0.967318177 0.013854233 0.253186613 -0.217127919 -0.015684532 0.999863327 0.005211944 -0.038473517 -0.253079802 -0.009012722 0.967403471 3.576139927
0.951805115 0.014676668 0.306352079 -0.210437655 -0.015817648 0.999874115 0.001242024 -0.038422778 -0.306295276 -0.006027935 0.951917470 3.592724085
0.932147741 0.015955705 0.361726314 -0.202779412 -0.016703270 0.999859929 -0.001060355 -0.038560286 -0.361692637 -0.005053605 0.932283759 3.607986689
0.908043683 0.016119748 0.418565243 -0.194352627 -0.016459765 0.999860644 -0.002798419 -0.038968671 -0.418552071 -0.004348398 0.908182502 3.622457504
0.879147470 0.015750425 0.476289392 -0.185139775 -0.015620954 0.999869049 -0.004231130 -0.039595179 -0.476293623 -0.003720306 0.879278481 3.635960102
0.845241666 0.015603102 0.534156203 -0.174850225 -0.013558303 0.999877989 -0.007752704 -0.039396323 -0.534212172 -0.000689342 0.845350266 3.649853706
0.808716714 0.015268586 0.587999880 -0.163450956 -0.012329168 0.999883413 -0.009006806 -0.040008195 -0.588068902 0.000034406 0.808810890 3.662032127
0.768366039 0.013715732 0.639863729 -0.151856303 -0.010859165 0.999905765 -0.008393391 -0.040254436 -0.639918566 -0.000499190 0.768442571 3.673867464
0.726580739 0.013454975 0.686949253 -0.139135361 -0.012279817 0.999902844 -0.006596395 -0.040654026 -0.686971307 -0.003642797 0.726675451 3.683925152
0.682187498 0.012581495 0.731068850 -0.125762105 -0.011087965 0.999914944 -0.006861669 -0.040795092 -0.731093168 -0.003425119 0.682269216 3.693324327
0.635316610 0.011116525 0.772171676 -0.111739278 -0.007360226 0.999938071 -0.008339810 -0.041141499 -0.772216678 -0.000384938 0.635359228 3.702664375
0.587814510 0.008572645 0.808950305 -0.098230124 -0.002378122 0.999957860 -0.008868763 -0.041837372 -0.808992207 0.003289405 0.587810099 3.710531473
0.541730821 0.010603515 0.840485156 -0.083435178 -0.004541184 0.999942720 -0.009688224 -0.042502444 -0.840539753 0.001431611 0.541747868 3.717668295
0.493634105 0.013492119 0.869564950 -0.069125414 -0.008036140 0.999907792 -0.010952558 -0.042875208 -0.869632542 -0.001581391 0.493697047 3.724943638
0.448329747 0.015793132 0.893728614 -0.054202795 -0.008637633 0.999873817 -0.013335850 -0.043271840 -0.893826485 -0.001740845 0.448409617 3.730747700
0.405689806 0.013374343 0.913912952 -0.038702369 -0.001572922 0.999901772 -0.013934485 -0.043551341 -0.914009452 0.004215564 0.405670881 3.735878468
0.366585910 0.005818885 0.930366039 -0.022286296 0.014020469 0.999832273 -0.011777746 -0.043761253 -0.930278540 0.017361725 0.366442829 3.739833355
0.330719173 0.001984325 0.943727076 -0.006364346 0.017755007 0.999807715 -0.008324296 -0.044087332 -0.943562210 0.019508883 0.330620348 3.743993998
0.297175825 0.005987688 0.954803944 0.009904027 0.014920545 0.999829173 -0.010913957 -0.044616669 -0.954706192 0.017489558 0.297035694 3.748422623
0.266217560 0.013783819 0.963814259 0.026542187 0.004331388 0.999870539 -0.015495853 -0.045148879 -0.963903248 0.008299920 0.266123325 3.752947092
0.237704664 0.017699290 0.971176088 0.043622196 0.000265631 0.999832809 -0.018286560 -0.045940291 -0.971337438 0.004604775 0.237660229 3.756802320
0.212109745 0.019782087 0.977045536 0.061355948 0.001119461 0.999789655 -0.020485604 -0.046662066 -0.977245152 0.005438962 0.212042972 3.759831190
0.188137665 0.021532584 0.981906593 0.079678357 0.008087849 0.999691784 -0.023472272 -0.047206499 -0.982109308 0.012357530 0.187905535 3.762402534
0.169027328 0.027377203 0.985231102 0.098220468 0.015475595 0.999417245 -0.030426418 -0.047279269 -0.985489905 0.020389928 0.168505177 3.763984919
0.149065644 0.034270164 0.988233268 0.117330194 0.018355165 0.999131203 -0.037416786 -0.047165416 -0.988657057 0.023716742 0.148307100 3.766399622
0.131346047 0.034957848 0.990720034 0.137277812 0.015608149 0.999181211 -0.037325684 -0.047922663 -0.991213858 0.020365881 0.130692869 3.768939972
0.115686685 0.030610746 0.992814064 0.157812834 0.013376734 0.999386311 -0.032372106 -0.049060445 -0.993195772 0.017025631 0.115206219 3.771038532
0.101489529 0.027209919 0.994464457 0.179106355 0.013546764 0.999495387 -0.028730089 -0.050158218 -0.994744360 0.016387578 0.101069719 3.772879839
0.087988347 0.024884908 0.995810628 0.201001316 0.016262310 0.999518812 -0.026414491 -0.050923470 -0.995988727 0.018518349 0.087541312 3.774458408
0.076549083 0.023911212 0.996779025 0.223437220 0.019505104 0.999485314 -0.025474047 -0.051729929 -0.996875048 0.021392295 0.076043285 3.775561810
0.066281021 0.024730099 0.997494519 0.247421458 0.022705711 0.999396563 -0.026285995 -0.052318443 -0.997542620 0.024391083 0.065679513 3.776851177
0.058637995 0.025232196 0.997960448 0.271297395 0.024487479 0.999343336 -0.026705993 -0.053010605 -0.997978985 0.026003517 0.057981621 3.777717113
0.053302228 0.025994748 0.998240173 0.296669751 0.026888926 0.999261260 -0.027457107 -0.053525288 -0.998216450 0.028305121 0.052563883 3.778500080
0.047553636 0.026629422 0.998513758 0.322344840 0.027788121 0.999222398 -0.027971722 -0.054541126 -0.998482049 0.029076971 0.046776678 3.779908180
0.041989654 0.026984833 0.998753548 0.348953784 0.029029302 0.999180317 -0.028216811 -0.055482190 -0.998696148 0.030177936 0.041171879 3.780609608
0.037110236 0.027424434 0.998934746 0.376404643 0.030715724 0.999119759 -0.028570596 -0.056205329 -0.998839021 0.031743266 0.036235206 3.781803608
0.034016665 0.027473548 0.999043584 0.404779792 0.031990368 0.999079943 -0.028563799 -0.057144441 -0.998909116 0.032931410 0.033106484 3.782819748
0.031361833 0.026903570 0.999145925 0.433815032 0.032830473 0.999070704 -0.027932040 -0.058170214 -0.998968780 0.033678439 0.030449430 3.783128262
0.029204275 0.026110783 0.999232352 0.462566942 0.035515681 0.999000490 -0.027142733 -0.059191130 -0.998942256 0.036281105 0.028247746 3.783798695
0.028177036 0.026006218 0.999264598 0.494756252 0.039328188 0.998858690 -0.027104627 -0.060083710 -0.998828948 0.040063001 0.027122106 3.784513712
0.029024391 0.025567999 0.999251604 0.525199592 0.043171808 0.998707950 -0.026808061 -0.060977802 -0.998645961 0.043917589 0.027883075 3.785623550
0.031472944 0.025049532 0.999190688 0.558556318 0.044929408 0.998639941 -0.026450936 -0.062668636 -0.998494208 0.045725532 0.030304678 3.786792755
0.035577625 0.025105851 0.999051511 0.592479765 0.047044735 0.998534083 -0.026768174 -0.063564524 -0.998258948 0.047952466 0.034344368 3.787229300
0.040089469 0.024632491 0.998892426 0.626130104 0.047810141 0.998503804 -0.026541714 -0.064564034 -0.998051584 0.048821229 0.038851794 3.788576841
0.043807417 0.023048926 0.998774111 0.661065757 0.049018450 0.998480201 -0.025192153 -0.065634713 -0.997836709 0.050061963 0.042611018 3.790521860
0.047940157 0.021544065 0.998617768 0.697044015 0.048728682 0.998526454 -0.023881387 -0.066581838 -0.997660875 0.049806207 0.046819706 3.791773558
0.051981431 0.019051842 0.998466253 0.731975794 0.045763493 0.998722196 -0.021439232 -0.067715399 -0.997598946 0.046807751 0.051043138 3.793547630
0.056318581 0.018224478 0.998246372 0.769362748 0.044930190 0.998774230 -0.020768959 -0.068859212 -0.997401476 0.046021082 0.055430725 3.796169043
0.059946302 0.019410945 0.998012900 0.806879699 0.042215269 0.998867035 -0.021963255 -0.069711424 -0.997308612 0.043447997 0.059058961 3.799120188
0.062950619 0.023619913 0.997737050 0.844007015 0.040378630 0.998841107 -0.026193671 -0.070792839 -0.997199595 0.041936159 0.061923929 3.801968098
0.064870037 0.028716292 0.997480452 0.880790889 0.034906209 0.998908699 -0.031027501 -0.072152838 -0.997283101 0.036831014 0.063796885 3.804198980
0.063955851 0.031691786 0.997449398 0.918778241 0.031323556 0.998939455 -0.033747572 -0.073942661 -0.997461021 0.033402007 0.062895335 3.807399511
0.064752273 0.031712003 0.997397363 0.956952810 0.028987207 0.999013484 -0.033645265 -0.075044453 -0.997480273 0.031090377 0.063769154 3.809477806
0.064173274 0.029667011 0.997497737 0.994809151 0.026261566 0.999161720 -0.031406011 -0.076970145 -0.997593164 0.028211279 0.063340373 3.813152552
0.064070746 0.028200518 0.997546792 1.032904983 0.026691070 0.999194562 -0.029961426 -0.078784660 -0.997588336 0.028545240 0.063266441 3.815259218
0.064556465 0.027085820 0.997546375 1.070911169 0.024142459 0.999296546 -0.028695729 -0.080802873 -0.997621953 0.025935721 0.063857146 3.817928076
0.064824536 0.027484199 0.997518122 1.109927535 0.022911457 0.999316216 -0.029022653 -0.082454361 -0.997633696 0.024735976 0.064150505 3.820696592
0.064532541 0.028184192 0.997517645 1.146846533 0.019715680 0.999369979 -0.029512007 -0.083930336 -0.997720838 0.021571223 0.063936241 3.823610067
0.063414365 0.029992264 0.997536480 1.184427977 0.017299797 0.999365091 -0.031147011 -0.085243024 -0.997837365 0.019232348 0.062855244 3.826212883
0.060070351 0.029632002 0.997754276 1.222468853 0.013995084 0.999436080 -0.030524535 -0.086846113 -0.998095989 0.015797278 0.059621781 3.829271078
0.056836326 0.028185712 0.997985542 1.259760261 0.011616615 0.999515116 -0.028890483 -0.088558465 -0.998315930 0.013235243 0.056481343 3.831245899
0.051776983 0.025771458 0.998326123 1.297585607 0.008762796 0.999616802 -0.026259247 -0.090046071 -0.998620212 0.010107751 0.051531307 3.833466053
0.045224011 0.023456102 0.998701453 1.335531235 0.006238354 0.999698222 -0.023762003 -0.091751114 -0.998957396 0.007304868 0.045064032 3.835749626
0.038261358 0.023836441 0.998983502 1.372408390 0.006752752 0.999686420 -0.024111850 -0.093188755 -0.999244928 0.007668437 0.038088400 3.836732149
0.029540908 0.024773544 0.999256551 1.409080267 0.006712901 0.999665380 -0.024982132 -0.094796993 -0.999540865 0.007445905 0.029364726 3.837603807
0.019173721 0.025608793 0.999488115 1.446208954 0.006868296 0.999644935 -0.025744569 -0.095882878 -0.999792516 0.007358400 0.018991033 3.838867903
0.009128409 0.024145622 0.999666691 1.483908534 0.009014348 0.999665916 -0.024227910 -0.097609401 -0.999917746 0.009232509 0.008907701 3.839384794
-0.001776520 0.023062905 0.999732435 1.521097064 0.007217659 0.999708295 -0.023049522 -0.099048808 -0.999972403 0.007174781 -0.001942461 3.839402676
-0.013029105 0.022129290 0.999670148 1.557803154 0.009084594 0.999716461 -0.022011910 -0.100564644 -0.999873817 0.008794803 -0.013226449 3.838923931
-0.024087172 0.022698939 0.999451995 1.594558477 0.009346966 0.999703705 -0.022479381 -0.101582631 -0.999666154 0.008800381 -0.024292199 3.838401794
-0.035088539 0.023476277 0.999108315 1.631222725 0.009709359 0.999684870 -0.023148833 -0.103032902 -0.999337018 0.008888444 -0.035305422 3.836797953
-0.046060592 0.024454590 0.998639166 1.667850018 0.009548192 0.999665380 -0.024039326 -0.104613855 -0.998893023 0.008427935 -0.046278682 3.835469961
-0.056070946 0.025627015 0.998097897 1.703120947 0.009852654 0.999636233 -0.025113009 -0.105626866 -0.998378217 0.008425804 -0.056303032 3.833049536
-0.066077463 0.026713895 0.997456908 1.739303112 0.011101619 0.999599397 -0.026035838 -0.106881455 -0.997752786 0.009353003 -0.066347554 3.830923796
-0.075650238 0.026845122 0.996773064 1.774425507 0.011903895 0.999590576 -0.026017562 -0.108448565 -0.997063398 0.009897246 -0.075938836 3.828618526
-0.085191429 0.027825704 0.995976031 1.809424877 0.012596961 0.999560118 -0.026848353 -0.109203517 -0.996285021 0.010259022 -0.085504465 3.826154232
-0.093171388 0.026984936 0.995284259 1.843410850 0.014015285 0.999569118 -0.025789101 -0.110894009 -0.995551407 0.011546388 -0.093509458 3.821797371
-0.100758038 0.025623238 0.994580865 1.877643704 0.014952748 0.999594271 -0.024237584 -0.112452045 -0.994798541 0.012429588 -0.101100333 3.818690538
-0.105834760 0.024626033 0.994078696 1.911713839 0.018404868 0.999570549 -0.022802602 -0.113342866 -0.994213402 0.015882580 -0.106242552 3.815082073
-0.109479040 0.022603231 0.993731916 1.943657041 0.021733625 0.999556899 -0.020341337 -0.114778951 -0.993751466 0.019370446 -0.109921776 3.810481071
-0.112702765 0.021356957 0.993399203 1.976953864 0.023307517 0.999550819 -0.018844930 -0.116278343 -0.993355393 0.021029791 -0.113149926 3.807268143
-0.114141330 0.020406017 0.993254900 2.008496761 0.023363251 0.999567628 -0.017850891 -0.117324799 -0.993189692 0.021168141 -0.114568755 3.803512812
-0.114921458 0.020796739 0.993156970 2.039112806 0.023599567 0.999555767 -0.018199949 -0.118541203 -0.993094265 0.021346508 -0.115361221 3.799842358
-0.114266649 0.021643262 0.993214369 2.069976568 0.024707420 0.999515355 -0.018938044 -0.119815230 -0.993142903 0.022375774 -0.114746027 3.796666384
-0.111266240 0.023138670 0.993521273 2.099261761 0.025612727 0.999463618 -0.020408645 -0.120923117 -0.993460596 0.023175992 -0.111799203 3.793542862
-0.105695210 0.024230612 0.994103312 2.126587152 0.025908964 0.999430835 -0.021605765 -0.121315040 -0.994060993 0.023472557 -0.106262833 3.790069103
-0.097643420 0.024897683 0.994910002 2.152897358 0.025988244 0.999409974 -0.022459729 -0.122312173 -0.994882166 0.023662917 -0.098232858 3.787210226
-0.086625889 0.024561871 0.995938063 2.180158377 0.023149746 0.999475718 -0.022635570 -0.124015450 -0.995971978 0.021094885 -0.087149069 3.785707235
-0.072594069 0.025403302 0.997037947 2.206594467 0.023812104 0.999434948 -0.023730615 -0.124574006 -0.997077286 0.022018874 -0.073157944 3.783879042
-0.055496201 0.026456358 0.998108327 2.230772018 0.022699341 0.999424100 -0.025229122 -0.125968486 -0.998200893 0.021256283 -0.056064785 3.783118010
-0.034231812 0.029011935 0.998992741 2.256030560 0.019835053 0.999401450 -0.028344134 -0.126843989 -0.999217093 0.018844804 -0.034786787 3.782734632
-0.009448123 0.032002829 0.999443233 2.279264450 0.018851902 0.999315917 -0.031820539 -0.128093451 -0.999777555 0.018540764 -0.010044974 3.783431530
0.019320302 0.033830892 0.999240756 2.303336143 0.017289247 0.999266624 -0.034166053 -0.129071385 -0.999663830 0.017936219 0.018721223 3.784466028
0.052019712 0.033193182 0.998094320 2.326358557 0.014353523 0.999319315 -0.033982016 -0.130337894 -0.998542845 0.016093904 0.051507875 3.786853790
0.090806670 0.031061897 0.995383978 2.349056005 0.014021031 0.999374449 -0.032465536 -0.131229281 -0.995769799 0.016904393 0.090314344 3.789165974
0.132852793 0.027660577 0.990749657 2.372310400 0.012346280 0.999486685 -0.029560061 -0.131855905 -0.991058886 0.016159207 0.132443115 3.793433666
0.178435683 0.022745460 0.983688593 2.394480705 0.008450070 0.999660492 -0.024647564 -0.133621603 -0.983915269 0.012710242 0.178182900 3.798379183
0.226836264 0.019873857 0.973730206 2.416187763 0.004347948 0.999761224 -0.021418033 -0.134139150 -0.973923206 0.009092115 0.226695731 3.804700851
0.278840870 0.018253060 0.960163832 2.437214851 0.000615928 0.999815822 -0.019185731 -0.134988964 -0.960337222 0.005941157 0.278778344 3.811883688
0.333075315 0.017699515 0.942734063 2.458217859 -0.000653999 0.999827921 -0.018540367 -0.135903299 -0.942899942 0.005558793 0.333029658 3.821039438
0.391163886 0.017675690 0.920151234 2.478065968 0.001249099 0.999804378 -0.019736791 -0.137195021 -0.920320153 0.008869681 0.391065329 3.830931187
0.452075481 0.021373224 0.891723514 2.496437073 0.001565422 0.999692380 -0.024754686 -0.137674049 -0.891978323 0.012586912 0.451902956 3.840928316
0.510976076 0.024539988 0.859244525 2.514273167 0.003688305 0.999520659 -0.030739632 -0.138375953 -0.859587014 0.018876374 0.510640621 3.853576660
0.569280803 0.030391995 0.821581125 2.530411243 -0.002210335 0.999369442 -0.035437196 -0.138497964 -0.822140098 0.018357748 0.568989158 3.866654396
0.624852240 0.034269076 0.779990554 2.546247959 -0.005884495 0.999214590 -0.039186653 -0.138289645 -0.780720890 0.019896017 0.624563158 3.881722689
0.676770926 0.034692384 0.735375822 2.559642792 -0.008263401 0.999184132 -0.039533049 -0.139677882 -0.736147165 0.020678116 0.676505446 3.897031069
0.725395441 0.032796655 0.687550604 2.573542118 -0.009368980 0.999242187 -0.037779905 -0.140840739 -0.688268602 0.020963717 0.725153148 3.914746761
0.771249890 0.028961483 0.635873258 2.585885048 -0.010837179 0.999417067 -0.032375053 -0.141404167 -0.636440277 0.018078184 0.771114171 3.931384563
0.812127113 0.023479909 0.583007872 2.597197294 -0.011118708 0.999631405 -0.024770591 -0.142260060 -0.583374619 0.013634574 0.812088847 3.950916052
0.848369300 0.021183103 0.528980911 2.606382370 -0.013925890 0.999746501 -0.017700888 -0.143022209 -0.529221714 0.007650362 0.848449111 3.969704390
0.879588485 0.016272252 0.475457013 2.615495205 -0.013445404 0.999865949 -0.009346058 -0.144087017 -0.475545526 0.001827973 0.879689276 3.990104198
0.904743969 0.017733883 0.425586373 2.623392582 -0.017384443 0.999837875 -0.004705361 -0.144169331 -0.425600827 -0.003141434 0.904905617 4.012150764
0.924967110 0.020307219 0.379503965 2.628539562 -0.021750893 0.999763310 -0.000483653 -0.144791514 -0.379423976 -0.007807188 0.925189972 4.029895306
0.940025389 0.025559645 0.340145648 2.634519577 -0.028140901 0.999600470 0.002656864 -0.145248383 -0.339941829 -0.012069523 0.940369010 4.052694321
0.951867640 0.029916702 0.305045724 2.640272141 -0.031916395 0.999489307 0.001569459 -0.145171404 -0.304842949 -0.011229876 0.952336371 4.075652122
0.960798621 0.033629041 0.275200248 2.645477295 -0.035315327 0.999375582 0.001173209 -0.144998387 -0.274988860 -0.010846002 0.961386144 4.099624634
0.967323899 0.027433043 0.252054960 2.649646759 -0.028925298 0.999579132 0.002216334 -0.145390749 -0.251888067 -0.009434679 0.967710376 4.115587711
0.971190870 0.024022991 0.237088889 2.654922962 -0.025424747 0.999672651 0.002856112 -0.145661831 -0.236942694 -0.008801755 0.971483767 4.139768600
0.973975241 0.028307516 0.224879026 2.659650564 -0.029465135 0.999564171 0.001792691 -0.145374432 -0.224730343 -0.008372130 0.974384964 4.165197849
0.975578547 0.033953458 0.217010275 2.663381815 -0.035498619 0.999364555 0.003224803 -0.145633191 -0.216762915 -0.010849614 0.976164043 4.191645145
0.977264941 0.041090094 0.208001897 2.668045044 -0.042397812 0.999099195 0.001830797 -0.145726636 -0.207739308 -0.010607997 0.978126764 4.208766460
0.977201164 0.047622636 0.206905663 2.671876669 -0.048383102 0.998827815 -0.001386186 -0.146155596 -0.206729189 -0.008656154 0.978359938 4.235712528
0.977536142 0.047853820 0.205263704 2.678180933 -0.047895994 0.998841047 -0.004766029 -0.145900905 -0.205253884 -0.005172345 0.978695154 4.262383461
0.976911247 0.046067089 0.208620176 2.683718204 -0.045198154 0.998938143 -0.008932942 -0.146093145 -0.208810195 -0.000702559 0.977955937 4.289997578
0.976472616 0.045524471 0.210781366 2.688653469 -0.043522384 0.998952508 -0.014130104 -0.147179648 -0.211203843 0.004623952 0.977431059 4.309596539
0.975321352 0.046530008 0.215831473 2.694721699 -0.043374680 0.998871684 -0.019335728 -0.147206068 -0.216487646 0.009496926 0.976239204 4.338721275
0.974145651 0.050685532 0.220162034 2.701185703 -0.047537886 0.998677552 -0.019575056 -0.147357717 -0.220863074 0.008602916 0.975266755 4.368188381
0.972586274 0.054064222 0.226170510 2.707751513 -0.051816717 0.998530507 -0.015866557 -0.147862256 -0.226696000 0.003712177 0.973958492 4.398460865
0.971989453 0.050743371 0.229481310 2.713140965 -0.049787581 0.998710215 -0.009956879 -0.149246633 -0.229690626 -0.001747336 0.973262191 4.418462753
0.971154094 0.046403196 0.233893991 2.720777750 -0.046594616 0.998902738 -0.004710347 -0.149564132 -0.233855963 -0.006323728 0.972250760 4.450515747
0.970534027 0.043988470 0.236914814 2.727767944 -0.045340661 0.998971522 0.000259254 -0.150282443 -0.236659780 -0.010993488 0.971530378 4.476940155
0.970069885 0.039126180 0.239652470 2.736370564 -0.040356025 0.999185383 0.000224751 -0.150298178 -0.239448443 -0.009889444 0.970858753 4.509318829
0.970010161 0.036026634 0.240379810 2.744358540 -0.036502518 0.999330521 -0.002474008 -0.150849625 -0.240307987 -0.006374655 0.970675766 4.542469501
0.970180094 0.035285987 0.239802897 2.750355482 -0.034012645 0.999376714 -0.009447756 -0.151216239 -0.239986792 0.001009693 0.970775664 4.566881180
0.970215440 0.037932269 0.239255175 2.758346081 -0.035064116 0.999253094 -0.016234562 -0.151691675 -0.239692330 0.007361755 0.970821023 4.600718975
0.970809817 0.040828310 0.236349657 2.764872074 -0.037208002 0.999112189 -0.019759551 -0.152162760 -0.236946583 0.010388667 0.971467197 4.629231930
0.971305132 0.039752427 0.234490782 2.772934437 -0.037096862 0.999187946 -0.015726700 -0.152470112 -0.234925538 0.006576554 0.971991181 4.664762974
0.971864164 0.035229903 0.232892096 2.780243874 -0.034412034 0.999379039 -0.007575165 -0.153452694 -0.233014375 -0.000652261 0.972473085 4.693984509
0.972474635 0.036217380 0.230176464 2.789077282 -0.036827330 0.999320328 -0.001647070 -0.154111862 -0.230079666 -0.006875050 0.973147452 4.731003761
0.972748220 0.038983747 0.228563026 2.795630455 -0.039460234 0.999218047 -0.002486811 -0.154544085 -0.228481263 -0.006600108 0.973525941 4.761345863
0.972972631 0.044692129 0.226554006 2.803798199 -0.044140019 0.998997211 -0.007504947 -0.154795751 -0.226662204 -0.002697990 0.973969758 4.798998833
0.973865151 0.045418423 0.222539485 2.810407162 -0.043712128 0.998964965 -0.012589608 -0.155257091 -0.222880915 0.002532910 0.974842370 4.829831600
0.974765897 0.044307899 0.218788281 2.818725109 -0.041942861 0.999000549 -0.015444823 -0.155993924 -0.219253972 0.005878480 0.975650072 4.868313313
0.975764811 0.041832522 0.214786217 2.825789690 -0.039806735 0.999112844 -0.013750412 -0.156678021 -0.215170860 0.004867232 0.976564288 4.900207043
0.976617515 0.038276654 0.211549416 2.834625721 -0.036576483 0.999259472 -0.011945548 -0.157325834 -0.211850002 0.003928498 0.977294326 4.940663338
0.977036834 0.037018325 0.209830061 2.841350317 -0.035933550 0.999313831 -0.008981220 -0.158036530 -0.210018575 0.001235044 0.977696598 4.972990036
0.977403343 0.033918466 0.208643660 2.850245476 -0.033188615 0.999424636 -0.006998966 -0.158252418 -0.208760977 -0.000083781 0.977966666 5.014031410
0.977690518 0.028626816 0.208090708 2.857392073 -0.028111633 0.999590158 -0.005433222 -0.159080714 -0.208160952 -0.000537760 0.978094399 5.046892643
0.977776170 0.029392386 0.207581177 2.866050959 -0.029219657 0.999565423 -0.003898875 -0.159792960 -0.207605556 -0.002253223 0.978210032 5.088408470
0.977492213 0.035077501 0.208035335 2.872737885 -0.034663830 0.999383152 -0.005634862 -0.160441011 -0.208104700 -0.001703268 0.978105068 5.122289658
0.977209508 0.040363252 0.208404332 2.881370544 -0.039288294 0.999184787 -0.009296620 -0.160747215 -0.208609655 0.000896894 0.977998495 5.164208889
0.976667762 0.048985146 0.209094390 2.888096809 -0.047816910 0.998799443 -0.010641653 -0.161566228 -0.209364653 0.000395114 0.977837503 5.198228359
0.975647926 0.055140577 0.212298080 2.896577358 -0.054211330 0.998477399 -0.010200029 -0.162338078 -0.212537274 -0.001557323 0.977151692 5.240487099
0.974804103 0.057617810 0.215492323 2.905324459 -0.057152249 0.998330235 -0.008396351 -0.163080230 -0.215616286 -0.004131071 0.976469398 5.283178329
0.974316001 0.058157183 0.217545435 2.912163258 -0.057592325 0.998300135 -0.008941583 -0.163909107 -0.217695653 -0.003817018 0.976009250 5.313824654
0.973952532 0.056602538 0.219573423 2.921563864 -0.055395886 0.998396456 -0.011653570 -0.164891019 -0.219880968 -0.000813436 0.975526392 5.356086731
0.973955691 0.050553985 0.221030757 2.931425810 -0.049425885 0.998721242 -0.010635220 -0.165582106 -0.221285716 -0.000566409 0.975208879 5.399318695
0.974302053 0.044257272 0.220854402 2.939020157 -0.042724594 0.999018371 -0.011714305 -0.166613638 -0.221155986 0.001977358 0.975236475 5.429297924
0.974024773 0.043235335 0.222275972 2.948929787 -0.041625924 0.999062181 -0.011922619 -0.167593449 -0.222582996 0.002360482 0.974910855 5.472397804
0.973512352 0.045418225 0.224077955 2.958559275 -0.044502534 0.998967588 -0.009137725 -0.168347582 -0.224261612 -0.001076349 0.974528491 5.514786720
0.973142803 0.047706068 0.225204632 2.964814186 -0.048143383 0.998834193 -0.003552574 -0.168774843 -0.225111544 -0.007384954 0.974305034 5.545168400
0.972780526 0.051093165 0.226025239 2.974468708 -0.052559860 0.998617530 0.000471944 -0.169616610 -0.225688726 -0.012338955 0.974121273 5.587869644
0.972513258 0.050364535 0.227335125 2.984280586 -0.050277572 0.998716116 -0.006177092 -0.170436978 -0.227354407 -0.005422554 0.973796964 5.630479336
0.972867370 0.046161272 0.226712331 2.991041660 -0.042702343 0.998884797 -0.020140413 -0.171359986 -0.227389261 0.009912803 0.973753512 5.658747196
0.973115742 0.043816026 0.226110741 3.000919342 -0.038215648 0.998846054 -0.029088456 -0.172452658 -0.227124393 0.019665463 0.973667204 5.700247288
0.973474383 0.040360782 0.225208372 3.011233807 -0.036743592 0.999119878 -0.020231562 -0.173384070 -0.225826770 0.011419943 0.974100590 5.742815495
0.973890603 0.034639187 0.224359021 3.017957687 -0.035699073 0.999362409 0.000668129 -0.173990995 -0.224192798 -0.008660093 0.974506319 5.772812843
0.974236369 0.030868206 0.223407060 3.027864933 -0.035195291 0.999261677 0.015411867 -0.175016880 -0.222766355 -0.022877675 0.974603415 5.815402508
