1.000000000 0.000000000 0.000000000 0.000000000 0.000000000 1.000000000 0.000000000 0.000000000 0.000000000 0.000000000 1.000000000 0.000000000
0.998882234 -0.000758732 0.047262359 0.000390717 0.000803149 0.999999166 -0.000920804 -0.000241614 -0.047261626 0.000957741 0.998882115 0.012183050
0.995071590 -0.003906480 0.099082023 -0.003524631 0.004444400 0.999976516 -0.005208903 0.002850934 -0.099059358 0.005623596 0.995065629 0.027166799
0.990154624 -0.003723373 0.139928609 0.003191969 0.004235299 0.999985397 -0.003360885 -0.000656122 -0.139914051 0.003920435 0.990155876 0.036696024
0.981116772 -0.008214924 0.193241626 -0.000735906 0.008894308 0.999957025 -0.002648432 -0.001958214 -0.193211570 0.004317172 0.981147647 0.056153283
0.972872496 -0.007169818 0.231230915 0.008190497 0.008212944 0.999960005 -0.003548912 -0.001180675 -0.231196225 0.005351726 0.972892404 0.060197514
0.960891962 -0.007022923 0.276834428 0.011582945 0.008939120 0.999944031 -0.005660417 -0.001389466 -0.276779115 0.007913705 0.960900962 0.072181143
0.946829677 -0.010397128 0.321567059 0.015552160 0.013340254 0.999886870 -0.006950337 -0.001656760 -0.321458429 0.010870571 0.946861446 0.083722919
0.930840015 -0.009297455 0.365308613 0.019998189 0.013202853 0.999879181 -0.008194202 -0.001905646 -0.365188330 0.012450604 0.930850387 0.095127985
0.912884235 -0.010147803 0.408092171 0.024993936 0.015829869 0.999818981 -0.010548775 -0.002220421 -0.407911181 0.016089857 0.912879705 0.106268898
0.893089592 -0.011686926 0.449726880 0.030455094 0.020256473 0.999693274 -0.014247552 -0.002526015 -0.449422389 0.021834221 0.893052518 0.116996899
0.871860206 -0.011407685 0.489621967 0.036479414 0.021618914 0.999650657 -0.015205548 -0.002703044 -0.489277422 0.023842202 0.871802270 0.127791479
0.849810660 -0.015221238 0.526868284 0.043321628 0.026878044 0.999533892 -0.014476301 -0.003049599 -0.526402354 0.026463304 0.849823654 0.138735667
0.827284873 -0.017146559 0.561520934 0.050150231 0.030456034 0.999433100 -0.014352049 -0.003331432 -0.560956538 0.028974937 0.827337921 0.148791984
0.805408835 -0.016260104 0.592496634 0.058074575 0.032269266 0.999343932 -0.016439769 -0.003573531 -0.591840625 0.032360163 0.805405140 0.159329399
0.783672214 -0.017135793 0.620938122 0.065923899 0.033403248 0.999335527 -0.014579207 -0.003769204 -0.620275736 0.032166664 0.783723950 0.169269443
0.761032641 -0.019009352 0.648434877 0.074663088 0.035543427 0.999290884 -0.012420425 -0.004189936 -0.647738934 0.032499947 0.761168778 0.179879367
0.738229036 -0.018946502 0.674283981 0.083081394 0.036053449 0.999284863 -0.011393928 -0.004457947 -0.673585951 0.032721587 0.738384128 0.189330697
0.715265691 -0.015370946 0.698683560 0.092805438 0.033560395 0.999360085 -0.012371108 -0.004862607 -0.698046327 0.032296721 0.715323865 0.199172050
0.692677975 -0.014122386 0.721108735 0.102704905 0.034035362 0.999334455 -0.013122236 -0.005070210 -0.720443487 0.033632677 0.692697644 0.208741039
0.669953704 -0.014675493 0.742257714 0.112638190 0.036013465 0.999269903 -0.012748372 -0.005329976 -0.741528749 0.035272095 0.669993162 0.217784792
0.646431327 -0.015287854 0.762818992 0.123114079 0.037313804 0.999236345 -0.011594672 -0.005605890 -0.762059093 0.035958838 0.646508217 0.226641119
0.622755826 -0.015094018 0.782270551 0.134279668 0.036191151 0.999299467 -0.009529709 -0.005910055 -0.781578779 0.034245960 0.622865796 0.235586822
0.599210680 -0.015802244 0.800435305 0.145867571 0.037405241 0.999265969 -0.008274223 -0.006161016 -0.799717069 0.034898482 0.599361956 0.244219899
0.577021778 -0.016584160 0.816560268 0.157534122 0.039931227 0.999171019 -0.007924431 -0.006321023 -0.815752029 0.037178826 0.577205598 0.252577364
0.556105852 -0.018475395 0.830906093 0.169658214 0.044525880 0.998979390 -0.007587573 -0.006605746 -0.829917967 0.041216325 0.556360841 0.260702848
0.537024856 -0.020393910 0.843319833 0.182252347 0.048980117 0.998775065 -0.007037206 -0.006849765 -0.842143238 0.045085061 0.537365913 0.268582016
0.519433379 -0.023476223 0.854188442 0.195346415 0.054738071 0.998483598 -0.005844328 -0.006979002 -0.852755964 0.049792357 0.519930840 0.276525289
0.504103661 -0.026298985 0.863242626 0.208569884 0.059452053 0.998221815 -0.004306746 -0.007154243 -0.861594439 0.053492583 0.504770815 0.284198076
0.490468979 -0.027991015 0.871008992 0.222110689 0.062498730 0.998040140 -0.003119976 -0.007379788 -0.869214714 0.055967204 0.491257071 0.291715026
0.477725089 -0.029716013 0.878006697 0.235835388 0.065250561 0.997867405 -0.001730270 -0.007453591 -0.876082838 0.058117021 0.478645235 0.299257010
0.466256380 -0.030595446 0.884120405 0.249827221 0.065209553 0.997871578 0.000142475 -0.007595720 -0.882242978 0.057586655 0.467259109 0.306430638
0.455332845 -0.030679382 0.889792562 0.264130443 0.065098844 0.997878194 0.001093108 -0.007859632 -0.887938082 0.057426739 0.456363946 0.313616842
0.445512772 -0.028127439 0.894833624 0.278352499 0.065670460 0.997840405 -0.001330230 -0.007887355 -0.892863750 0.059356779 0.446397781 0.320781022
0.436099768 -0.025606867 0.899533927 0.293243051 0.066264406 0.997795165 -0.003721360 -0.008132011 -0.897455275 0.061229978 0.436835051 0.328010499
0.427521050 -0.023711493 0.903694391 0.308524668 0.067892008 0.997675002 -0.005941052 -0.008206362 -0.901452363 0.063893542 0.428136826 0.335068643
0.420781732 -0.022884212 0.906873226 0.323740363 0.067281105 0.997715831 -0.006041327 -0.008469268 -0.904663444 0.063557513 0.421360224 0.342212826
0.416075289 -0.021805668 0.909068644 0.340070993 0.066987693 0.997731149 -0.006727466 -0.008497816 -0.906859398 0.063695543 0.416591942 0.349295676
0.411124051 -0.020372296 0.911351740 0.355995655 0.067760333 0.997667372 -0.008265885 -0.008518821 -0.909057438 0.065151796 0.411545485 0.356683731
0.406637520 -0.018459614 0.913403153 0.372187525 0.066835985 0.997717917 -0.009591093 -0.008780815 -0.911141515 0.064948298 0.406943291 0.364135563
0.402961880 -0.018393958 0.915031910 0.388661295 0.067884326 0.997644663 -0.009840271 -0.009128311 -0.912695706 0.066081583 0.403261423 0.371287763
0.399924040 -0.018927941 0.916352868 0.405195594 0.067617871 0.997671545 -0.008902846 -0.009274728 -0.914050579 0.065522291 0.400272757 0.378833413
0.397262663 -0.021016663 0.917464256 0.421928346 0.068002380 0.997663498 -0.006591269 -0.009456968 -0.915181875 0.065008216 0.397763640 0.386511505
0.395762444 -0.022612393 0.918074489 0.440251231 0.068711586 0.997623801 -0.005048397 -0.009873511 -0.915778816 0.065080315 0.396375746 0.393882811
0.393586725 -0.022511162 0.919011831 0.458234847 0.070869930 0.997468114 -0.005918643 -0.009721076 -0.916551709 0.067459814 0.394185483 0.401831478
0.393025577 -0.023227969 0.919234097 0.476713032 0.071365610 0.997436225 -0.005308874 -0.010091677 -0.916753948 0.067688234 0.393675596 0.409351289
0.392041653 -0.022915460 0.919661939 0.494975835 0.073455110 0.997277617 -0.006463678 -0.010218646 -0.917010128 0.070087902 0.392657667 0.417359114
0.391958803 -0.022292890 0.919712603 0.513749838 0.072887018 0.997316420 -0.006888722 -0.010294091 -0.917090952 0.069735207 0.392531812 0.425292313
0.392685533 -0.020934697 0.919434488 0.532465458 0.072917350 0.997302413 -0.008434930 -0.010657129 -0.916777492 0.070355006 0.393152714 0.433249831
0.393899828 -0.021341480 0.918905556 0.551765680 0.073867120 0.997231781 -0.008503423 -0.010750454 -0.916180432 0.071226396 0.394385934 0.441436231
0.395472288 -0.022051899 0.918213129 0.571175933 0.072727256 0.997324646 -0.007371617 -0.011051904 -0.915594041 0.069694400 0.396018058 0.449608922
0.396174639 -0.021633932 0.917920291 0.590607047 0.073559888 0.997256696 -0.008244702 -0.011261914 -0.915223777 0.070788458 0.396679223 0.458233207
0.397079259 -0.020786056 0.917548954 0.610213697 0.073257744 0.997271359 -0.009110995 -0.011434495 -0.914855957 0.070835330 0.397518516 0.466858327
0.397751749 -0.020904580 0.917254925 0.630810380 0.074255995 0.997194231 -0.009473403 -0.011781300 -0.914483249 0.071879752 0.398187995 0.475803494
0.398485869 -0.020611534 0.916942835 0.651210070 0.073719747 0.997232616 -0.009620872 -0.011971332 -0.914207041 0.071430586 0.398902595 0.484735161
0.399207890 -0.022470117 0.916585028 0.671838284 0.074555062 0.997184575 -0.008025558 -0.012052020 -0.913824141 0.071539909 0.399759203 0.493837059
0.399614215 -0.025222026 0.916336298 0.692662656 0.076670207 0.997038484 -0.005992523 -0.012326559 -0.913471401 0.072650395 0.400364548 0.502966583
0.399681687 -0.024354298 0.916330457 0.713120580 0.076931439 0.997011364 -0.007057026 -0.012326133 -0.913420022 0.073315166 0.400360852 0.512418389
0.401200116 -0.025203122 0.915643632 0.735038877 0.081032433 0.996678710 -0.008071705 -0.013348553 -0.912399173 0.077435195 0.401909858 0.521305740
0.402493209 -0.024938220 0.915083289 0.756265700 0.078836039 0.996859312 -0.007508693 -0.013866864 -0.912021935 0.075163744 0.403195173 0.530204833
0.402333319 -0.025690896 0.915132761 0.776811719 0.080254205 0.996747673 -0.007301231 -0.013873389 -0.911968708 0.076380767 0.403086662 0.539914548
0.401861399 -0.027212022 0.915296197 0.800368786 0.080834210 0.996710360 -0.005857819 -0.014768112 -0.912125707 0.076341286 0.402739078 0.550127029
0.401484191 -0.028540332 0.915421188 0.821692109 0.083183251 0.996519506 -0.005413627 -0.015316117 -0.912080646 0.078321189 0.402460843 0.560072958
0.400598496 -0.028941154 0.915796518 0.843019605 0.083480246 0.996496737 -0.005025453 -0.015654996 -0.912442803 0.078464128 0.401611120 0.570255876
0.401535839 -0.027490607 0.915430605 0.867233396 0.083618172 0.996474981 -0.006753107 -0.015488517 -0.912018001 0.079258271 0.402419150 0.579698503
0.401058286 -0.025923578 0.915685654 0.889677703 0.082351528 0.996572316 -0.007855364 -0.015437100 -0.912343383 0.078558594 0.401818365 0.589616597
0.399387658 -0.025991363 0.916413665 0.911949098 0.083226927 0.996498406 -0.008008884 -0.016320800 -0.912996590 0.079468951 0.400152296 0.600199699
0.399421126 -0.024539970 0.916438997 0.936141789 0.081439763 0.996639371 -0.008807209 -0.016416766 -0.913143098 0.078152366 0.400077313 0.609641850
0.398085445 -0.025200468 0.917002082 0.959455311 0.081256278 0.996662021 -0.007885029 -0.016775295 -0.913742542 0.077651098 0.398804337 0.620045602
0.395869642 -0.025154447 0.917962134 0.981165290 0.080282420 0.996745467 -0.007308362 -0.017129285 -0.914790630 0.076589391 0.396600664 0.630908549
0.396887004 -0.024701888 0.917535007 1.006475091 0.077968612 0.996932030 -0.006886521 -0.017398417 -0.914550066 0.074272111 0.397595257 0.640578270
0.395131052 -0.024127288 0.918307841 1.029636264 0.078448966 0.996889532 -0.007563238 -0.017825913 -0.915268958 0.075028777 0.395794719 0.650864244
0.392787397 -0.022772480 0.919347227 1.053972125 0.077136137 0.996986389 -0.008260478 -0.018066250 -0.916388512 0.074159510 0.393360257 0.661093652
0.388696194 -0.022084475 0.921101272 1.078535438 0.077546552 0.996949732 -0.008820902 -0.018465720 -0.918096721 0.074856870 0.389223218 0.671549916
0.385409147 -0.021820053 0.922487736 1.103315949 0.075087175 0.997146606 -0.007784921 -0.019028978 -0.919685662 0.072267376 0.385947853 0.681848407
0.382056087 -0.021217683 0.923895478 1.128521204 0.073870085 0.997238636 -0.007645261 -0.019132730 -0.921182036 0.071169160 0.382568419 0.691854417
0.376860827 -0.020666189 0.926039279 1.152761936 0.072729044 0.997324646 -0.007340752 -0.019804416 -0.923410177 0.070116393 0.377355635 0.702357054
0.371803522 -0.018602282 0.928125083 1.177183032 0.072533369 0.997324705 -0.009067362 -0.020173153 -0.925473452 0.070691317 0.372158140 0.712714314
0.368121117 -0.017087463 0.929620862 1.203120828 0.073757961 0.997216821 -0.010877516 -0.020584909 -0.926847577 0.072571188 0.368356973 0.722622752
0.362668902 -0.016235938 0.931776643 1.228116632 0.070675299 0.997447968 -0.010128210 -0.021169247 -0.929234207 0.069526777 0.362890840 0.733117104
0.357695758 -0.015351128 0.933712006 1.253742099 0.068967760 0.997568548 -0.010019879 -0.021545570 -0.931287885 0.067980103 0.357884824 0.743237436
0.353107989 -0.015109139 0.935460687 1.279636025 0.067090161 0.997704387 -0.009210028 -0.022024984 -0.933173954 0.066012330 0.353311032 0.753075659
0.347059548 -0.015174084 0.937720358 1.305729151 0.066596791 0.997743726 -0.008502752 -0.022360444 -0.935475588 0.065400124 0.347287029 0.763057232
0.341519892 -0.015820926 0.939741492 1.331981063 0.067247488 0.997707069 -0.007642219 -0.022899706 -0.937465727 0.065805212 0.341800749 0.772891045
0.336389571 -0.014298034 0.941614389 1.358269215 0.068038732 0.997640729 -0.009157908 -0.023202790 -0.939261854 0.067146882 0.336568713 0.782394946
0.330661654 -0.013197331 0.943657100 1.385499835 0.067562170 0.997667730 -0.009721405 -0.023648638 -0.941327929 0.066970013 0.330782115 0.792127252
0.324791670 -0.013609962 0.945687711 1.412371159 0.067764372 0.997661591 -0.008915390 -0.024170469 -0.943354905 0.066979580 0.324954480 0.801674724
0.318355978 -0.012472393 0.947889209 1.439654231 0.067263313 0.997690380 -0.009463226 -0.024304815 -0.945581913 0.066770837 0.318459630 0.811327279
0.313333064 -0.011534558 0.949573278 1.466350198 0.066367254 0.997747362 -0.009779631 -0.024856539 -0.947321415 0.066084832 0.313392729 0.820442379
0.304180473 -0.011151998 0.952549160 1.493525982 0.066417962 0.997746348 -0.009528311 -0.025751412 -0.950296223 0.066164687 0.304235667 0.831607103
0.302220196 -0.012712080 0.953153491 1.520880222 0.066324644 0.997768164 -0.007722715 -0.026087424 -0.950927973 0.065551512 0.302388817 0.839134812
0.298707217 -0.013458222 0.954249918 1.548796058 0.068795845 0.997602820 -0.007465394 -0.026303213 -0.951861918 0.067878395 0.298917025 0.847611666
0.296193272 -0.012432413 0.955047131 1.576032043 0.069672212 0.997532725 -0.008622302 -0.026377518 -0.952583551 0.069094107 0.296328694 0.856034279
0.293096334 -0.011265158 0.956016541 1.604005575 0.068327092 0.997620642 -0.009192387 -0.026528489 -0.953638256 0.068016082 0.293168664 0.864547014
0.293603987 -0.010693634 0.955867350 1.631649017 0.068393648 0.997609854 -0.009847158 -0.026894778 -0.953477263 0.068266422 0.293633580 0.872027516
0.286372989 -0.009222558 0.958073854 1.660036325 0.066484906 0.997734606 -0.010268323 -0.027428022 -0.955808699 0.066638015 0.286337346 0.881463706
0.281847924 -0.007861070 0.959426880 1.688149691 0.065086961 0.997819602 -0.010944760 -0.027869249 -0.957248867 0.065530933 0.281745017 0.889933705
0.277189344 -0.008451552 0.960778117 1.716024399 0.064148948 0.997892916 -0.009729259 -0.028631147 -0.958671451 0.064329766 0.277147442 0.898208141
0.272608697 -0.008062935 0.962091208 1.744192243 0.065162584 0.997823536 -0.010101439 -0.029153584 -0.959915817 0.065446094 0.272540778 0.906400681
0.268267214 -0.007394406 0.963316143 1.772291541 0.064434923 0.997868836 -0.010284403 -0.029728508 -0.961187243 0.064830177 0.268171906 0.914377689
0.265539348 -0.006645715 0.964077175 1.800605416 0.063571900 0.997920632 -0.010630842 -0.030198550 -0.962001860 0.064111121 0.265409738 0.922083139
0.259578288 -0.007525670 0.965692759 1.828668952 0.064044580 0.997902513 -0.009438512 -0.030438265 -0.963596106 0.064297423 0.259515762 0.930339813
0.255654067 -0.008202630 0.966733575 1.857000828 0.065656066 0.997802675 -0.008896597 -0.031259038 -0.964536309 0.065746374 0.255630821 0.938414097
0.250798672 -0.007850839 0.968007386 1.884851813 0.065983832 0.997780085 -0.009003283 -0.031710174 -0.965787828 0.066130869 0.250759900 0.945729136
0.248342723 -0.005516534 0.968656540 1.913670063 0.068619505 0.997571826 -0.011911356 -0.031269021 -0.966238678 0.069426835 0.248118222 0.953681767
0.243880019 -0.005627172 0.969789207 1.942410827 0.066433504 0.997731149 -0.010917213 -0.032769594 -0.967527330 0.067088954 0.243700489 0.960267901
0.241837442 -0.004657024 0.970305622 1.972028613 0.068156980 0.997600019 -0.012199320 -0.033418130 -0.967920005 0.069083363 0.241574451 0.967968702
0.237124801 -0.003672877 0.971472263 2.000135183 0.066528216 0.997706652 -0.012466678 -0.033802029 -0.969198525 0.067586474 0.236825317 0.974758446
0.234399363 -0.003242483 0.972135067 2.029488325 0.068089560 0.997593284 -0.013090231 -0.034250591 -0.969752908 0.069260590 0.234056041 0.982017398
0.229412839 -0.003622086 0.973322451 2.057717562 0.066680029 0.997702181 -0.012003721 -0.035077021 -0.971042514 0.067654990 0.229127213 0.988936782
0.226654649 -0.003994628 0.973967016 2.087288141 0.069087394 0.997538567 -0.011986219 -0.035679251 -0.971521795 0.070005566 0.226372734 0.995781660
0.222087249 -0.004986814 0.975014031 2.116280079 0.070801914 0.997429430 -0.011025695 -0.036260944 -0.972452760 0.071481526 0.221869439 1.002536893
0.220186576 -0.005375789 0.975443006 2.145725489 0.071557507 0.997379601 -0.010655971 -0.036634997 -0.972829580 0.072146550 0.219994217 1.009164929
0.216508195 -0.006218774 0.976260960 2.175306797 0.071444944 0.997399271 -0.009491126 -0.037352733 -0.973663092 0.071803808 0.216389433 1.015809059
0.214773446 -0.004551022 0.976653278 2.205020189 0.071012288 0.997415125 -0.010968370 -0.037589785 -0.974078894 0.071710095 0.214541465 1.022392273
0.210776851 -0.002427001 0.977531195 2.234971285 0.070110619 0.997459054 -0.012640883 -0.038403027 -0.975016713 0.071199715 0.210411444 1.028826475
0.207690075 -0.000382946 0.978194594 2.265414238 0.069946878 0.997445822 -0.014460626 -0.039155807 -0.975690663 0.071424976 0.207186386 1.035307169
0.204039305 0.000941989 0.978962243 2.294485092 0.068691030 0.997520924 -0.015276713 -0.039761819 -0.976549804 0.070362963 0.203468814 1.041767597
0.201234967 0.002611972 0.979539573 2.324442148 0.067488804 0.997583210 -0.016524872 -0.040478196 -0.977215350 0.069433331 0.200572342 1.048133373
0.196277872 0.002713134 0.980544567 2.354435921 0.068029121 0.997548878 -0.016377730 -0.041144162 -0.978185594 0.069920167 0.195612207 1.054563046
0.192028910 0.002315779 0.981386483 2.384338856 0.067902036 0.997569382 -0.015640426 -0.041657265 -0.979037344 0.069641553 0.191404924 1.061535001
0.188584074 0.001196829 0.982056320 2.414660931 0.067386806 0.997626483 -0.014156077 -0.042600773 -0.979742348 0.068847254 0.188055798 1.066615343
0.184063673 0.001046968 0.982913733 2.444998980 0.068067804 0.997585118 -0.013809198 -0.043394595 -0.980554581 0.069446556 0.183547914 1.072909832
0.180790573 0.001802890 0.983519971 2.475053072 0.066662066 0.997676253 -0.014082655 -0.043838583 -0.981259882 0.068109483 0.180250242 1.078002930
0.176623002 0.003479064 0.984272480 2.505511999 0.066106372 0.997693956 -0.015388977 -0.044422604 -0.982056141 0.067784727 0.175985724 1.083975911
0.173517853 0.003452044 0.984824777 2.535530567 0.065667629 0.997727752 -0.015067355 -0.045356385 -0.982638955 0.067285530 0.172896892 1.088937759
0.170667395 0.003739944 0.985321641 2.566280603 0.066964537 0.997636676 -0.015385606 -0.045959029 -0.983050525 0.068607420 0.170013636 1.094511747
0.168078527 0.002731030 0.985769808 2.596558571 0.067287199 0.997632027 -0.014236692 -0.046796374 -0.983474433 0.068722576 0.167496786 1.099480271
0.165291592 0.001654610 0.986243367 2.627229214 0.069113210 0.997520745 -0.013256706 -0.047526758 -0.983820140 0.070353650 0.164767459 1.104626775
0.162577152 0.001593498 0.986694694 2.657406330 0.070301332 0.997438550 -0.013194368 -0.048083521 -0.984188199 0.071511060 0.162048712 1.109721899
0.159554839 0.003078647 0.987184346 2.687604666 0.069648653 0.997468114 -0.014367767 -0.048427865 -0.984729052 0.071048498 0.158936441 1.115080118
0.156443879 0.003423594 0.987680912 2.718703985 0.069068529 0.997507989 -0.014397779 -0.049232040 -0.985269070 0.070470102 0.155817583 1.120321631
0.153346896 0.005027154 0.988159597 2.749501467 0.068857394 0.997502029 -0.015760273 -0.050055124 -0.985770464 0.070458882 0.152617708 1.125329256
0.149384066 0.006541735 0.988757610 2.779455185 0.068418957 0.997512877 -0.016936570 -0.050525557 -0.986409307 0.070179813 0.148564935 1.131016612
0.147281736 0.007676312 0.989064753 2.810651779 0.066896118 0.997602820 -0.017704086 -0.051278193 -0.986829758 0.068772092 0.146415159 1.135586977
0.144512147 0.007803525 0.989472270 2.841526985 0.068571612 0.997485936 -0.017881587 -0.052746560 -0.987124205 0.070433825 0.143613711 1.139153004
0.141703442 0.006493540 0.989887953 2.872002840 0.069539696 0.997442782 -0.016497780 -0.053533737 -0.987463534 0.071174301 0.140889540 1.143712401
0.138454959 0.005493446 0.990353465 2.902468204 0.070464507 0.997395575 -0.015383702 -0.053885583 -0.987858772 0.071914725 0.137707323 1.149228454
0.135297909 0.005474287 0.990789831 2.933028460 0.069314212 0.997482359 -0.014976506 -0.054757677 -0.988377392 0.070702098 0.134577855 1.153413296
0.131442934 0.006525688 0.991302252 2.964154720 0.068318307 0.997541189 -0.015625505 -0.055644128 -0.988966823 0.069777943 0.130673915 1.158408761
0.127197713 0.006548225 0.991855741 2.994246721 0.067378789 0.997611225 -0.015227022 -0.056628000 -0.989586234 0.068766862 0.126452670 1.163327217
0.122936860 0.006281476 0.992394567 3.025345087 0.066317670 0.997692704 -0.014530377 -0.057632454 -0.990196228 0.067599617 0.122236647 1.168078899
0.119760342 0.007058058 0.992777765 3.056866646 0.065598667 0.997733176 -0.015006558 -0.058048733 -0.990633249 0.066922076 0.119025879 1.171073198
0.115122214 0.006410872 0.993330717 3.087682724 0.065428607 0.997758687 -0.014022308 -0.059483983 -0.991194189 0.066606514 0.114444748 1.175591111
0.109568633 0.006246516 0.993959606 3.118635178 0.064863704 0.997803867 -0.013420893 -0.060523082 -0.991860569 0.065942414 0.108922839 1.180650949
0.106951810 0.006910468 0.994240284 3.149693966 0.064530350 0.997819364 -0.013876966 -0.060703233 -0.992167890 0.065642841 0.106272668 1.182554007
0.102574542 0.007749307 0.994695067 3.180171728 0.064629383 0.997804880 -0.014438216 -0.061476644 -0.992623508 0.065767504 0.101848543 1.186190128
0.098408483 0.006841369 0.995122612 3.210936785 0.065389097 0.997770846 -0.013325956 -0.063283175 -0.992995441 0.066381551 0.097741760 1.189778566
0.094807848 0.007259971 0.995469093 3.242558479 0.065908760 0.997733593 -0.013553593 -0.063926362 -0.993311405 0.066895120 0.094114468 1.192388535
0.090886466 0.009329209 0.995817542 3.273585081 0.064380825 0.997809231 -0.015223789 -0.063611567 -0.993777990 0.065495200 0.090086736 1.195598722
0.084635086 0.008505510 0.996375680 3.305684566 0.064535402 0.997817218 -0.013999643 -0.065476008 -0.994319856 0.065486357 0.083901435 1.200404048
0.080863431 0.009362055 0.996681154 3.335855961 0.065563962 0.997740209 -0.014691385 -0.065593556 -0.994566500 0.066534378 0.080066875 1.203178883
0.076847441 0.010413484 0.996988416 3.366512299 0.067655548 0.997586250 -0.015634589 -0.065849721 -0.994744897 0.068653293 0.075957417 1.206219196
0.072109587 0.012786349 0.997314751 3.398622990 0.069665216 0.997411132 -0.017824642 -0.065670528 -0.994960785 0.070763469 0.071032129 1.209452152
0.068788759 0.011601449 0.997563720 3.430551529 0.070710912 0.997360766 -0.016475081 -0.067455232 -0.995122135 0.071671948 0.067786857 1.211938381
0.066207156 0.012752919 0.997724354 3.461878300 0.073011383 0.997175932 -0.017590806 -0.068353713 -0.995131075 0.074009873 0.065089084 1.213806987
0.063703708 0.014806165 0.997859001 3.493489504 0.074383393 0.997038126 -0.019542651 -0.068911485 -0.995192945 0.075469084 0.062413700 1.215196848
0.059307482 0.014286115 0.998137534 3.524547338 0.075629629 0.996959329 -0.018763026 -0.070247076 -0.995370746 0.076601572 0.058046702 1.218254805
0.057188712 0.015539971 0.998242438 3.556942940 0.076975912 0.996833801 -0.019927951 -0.070830181 -0.995391488 0.077980287 0.055811442 1.219185591
0.052900989 0.015542935 0.998478770 3.589104414 0.076103516 0.996908188 -0.019550577 -0.071884021 -0.995695710 0.077022001 0.051554557 1.221383333
0.049373526 0.016756387 0.998639822 3.620864153 0.077868424 0.996751308 -0.020574577 -0.072580189 -0.995740235 0.078778356 0.047908332 1.223159432
0.045732759 0.018088013 0.998789907 3.653330564 0.076590657 0.996829569 -0.021559455 -0.073123544 -0.996013224 0.077483945 0.044202395 1.225080490
0.042450383 0.018198056 0.998932838 3.685647249 0.075118013 0.996945977 -0.021354061 -0.074371114 -0.996270597 0.075944342 0.040953740 1.226415634
0.038421649 0.018632555 0.999087870 3.718428373 0.076523297 0.996835232 -0.021533381 -0.075038031 -0.996327221 0.077280849 0.036874224 1.228477359
0.037652388 0.016889932 0.999148130 3.751552582 0.078920648 0.996683776 -0.019822357 -0.076266825 -0.996169567 0.079599798 0.036194567 1.228762269
0.036612064 0.016604844 0.999191523 3.785107613 0.080423377 0.996569812 -0.019508123 -0.077220067 -0.996088207 0.081072614 0.035151057 1.229052305
0.033171650 0.016194530 0.999318480 3.817532063 0.079807431 0.996632993 -0.018800162 -0.077899858 -0.996258199 0.080376670 0.031767514 1.231268167
0.029130340 0.015880251 0.999449432 3.849592447 0.080146484 0.996617436 -0.018171236 -0.078427859 -0.996357381 0.080631703 0.027759053 1.234088182
0.026016256 0.015703786 0.999538183 3.883208990 0.081178941 0.996541083 -0.017769648 -0.079227850 -0.996359944 0.081603758 0.024651447 1.234832406
0.020485438 0.015741864 0.999666274 3.915336609 0.082502186 0.996439278 -0.017381707 -0.079802215 -0.996380270 0.082830727 0.019113760 1.238123059
0.018070983 0.016595853 0.999698937 3.947121859 0.081580929 0.996503830 -0.018017508 -0.080574192 -0.996502876 0.081881948 0.016653897 1.239533067
0.008601584 0.020395111 0.999754965 3.978422403 0.082124755 0.996399999 -0.021033246 -0.080964789 -0.996584952 0.082285523 0.006895678 1.245222807
0.013195354 0.018853182 0.999735117 4.014636040 0.081551358 0.996471107 -0.019868014 -0.082898825 -0.996581733 0.081791922 0.011611286 1.240415096
0.009375148 0.016934572 0.999812663 4.050028324 0.080265731 0.996617556 -0.017633097 -0.084306531 -0.996729374 0.080415994 0.007984171 1.240046859
0.001126148 0.016659498 0.999860585 4.082673073 0.078265168 0.996792674 -0.016696533 -0.084640123 -0.996931911 0.078273058 -0.000181322 1.242537856
-0.004520787 0.015823258 0.999864578 4.117029190 0.078005478 0.996833563 -0.015422598 -0.085677102 -0.996942759 0.077925198 -0.005740774 1.243054748
-0.009047571 0.015452664 0.999839664 4.152148724 0.080254830 0.996666312 -0.014677388 -0.086777315 -0.996733248 0.080109164 -0.010257561 1.242546558
-0.016516363 0.017041324 0.999718308 4.186967850 0.081556298 0.996545970 -0.015639855 -0.086971626 -0.996531785 0.081275024 -0.017849144 1.244156837
-0.019218016 0.016126646 0.999685168 4.222182751 0.084486373 0.996319890 -0.014448184 -0.088492602 -0.996239305 0.084182113 -0.020509772 1.242566228
-0.024740903 0.015317900 0.999576449 4.258246899 0.083819024 0.996393681 -0.013194486 -0.089131162 -0.996173799 0.083457090 -0.025935609 1.242551565
-0.028954929 0.013457245 0.999490142 4.291031837 0.085203737 0.996303439 -0.010946010 -0.090250626 -0.995942652 0.084843360 -0.029994503 1.241566300
-0.036369450 0.011684407 0.999270082 4.322042465 0.085610613 0.996292114 -0.008533701 -0.090964988 -0.995664537 0.085237771 -0.037234902 1.244199514
-0.036735985 0.013144621 0.999238491 4.361524105 0.082164042 0.996567667 -0.010088810 -0.091379389 -0.995941460 0.081730857 -0.037689913 1.238604069
-0.034255099 0.011742673 0.999344110 4.401336670 0.084893636 0.996351182 -0.008797556 -0.092938140 -0.995801032 0.084536590 -0.035126984 1.232272148
-0.046062488 0.011407758 0.998873413 4.433111668 0.083533391 0.996476471 -0.007528289 -0.093308561 -0.995439827 0.083092526 -0.046853118 1.235388517
-0.049788382 0.010979953 0.998699427 4.470038414 0.084808782 0.996374488 -0.006726403 -0.093824081 -0.995152473 0.084363587 -0.050539076 1.233131647
-0.053119581 0.010501753 0.998532951 4.507339478 0.084552467 0.996401072 -0.005981340 -0.094653673 -0.995002031 0.084110700 -0.053816359 1.230887294
-0.055703454 0.009386322 0.998403251 4.544751167 0.085299015 0.996344686 -0.004607921 -0.095400542 -0.994797051 0.084906131 -0.056300487 1.228337288
-0.056227826 0.007493020 0.998389840 4.583646774 0.086364493 0.996260226 -0.002613117 -0.096340597 -0.994675517 0.086078510 -0.056664672 1.225178957
-0.060432009 0.008718457 0.998134255 4.620480061 0.084748872 0.996395886 -0.003572157 -0.096655056 -0.994568169 0.084374860 -0.060953073 1.223024726
-0.063362762 0.009955497 0.997940838 4.658907413 0.080966212 0.996705294 -0.004802343 -0.097208075 -0.994700789 0.080495223 -0.063960046 1.220512390
-0.064421929 0.010974739 0.997862399 4.698720932 0.078476749 0.996898472 -0.005897683 -0.097817525 -0.994832218 0.077929065 -0.065083377 1.217669964
-0.068323150 0.009471377 0.997618258 4.734791756 0.077616848 0.996974587 -0.004149580 -0.098222405 -0.994639397 0.077148467 -0.068851583 1.214895487
-0.070740774 0.008278625 0.997460246 4.771699429 0.079106018 0.996862650 -0.002663395 -0.098657623 -0.994353056 0.078716710 -0.071173720 1.211930633
-0.072950184 0.009541948 0.997289896 4.809170723 0.078899942 0.996875465 -0.003766574 -0.099030286 -0.994209826 0.078411356 -0.073475100 1.209254265
-0.078015737 0.009411640 0.996907651 4.844160080 0.077130146 0.997015297 -0.003376625 -0.099453986 -0.993963957 0.076628216 -0.078508802 1.206913233
-0.079514116 0.006831910 0.996810317 4.881186485 0.074398190 0.997228086 -0.000900139 -0.099904887 -0.994053602 0.074089304 -0.079801999 1.203727245
-0.083991110 0.004650358 0.996455669 4.917038441 0.073923208 0.997262657 0.001576856 -0.100307181 -0.993720710 0.073793665 -0.084104970 1.200989485
-0.085023016 0.005085189 0.996366024 4.952999592 0.075280353 0.997161508 0.001334659 -0.100331411 -0.993531108 0.075120278 -0.085164480 1.197601795
-0.090865493 0.004671681 0.995852172 4.988231659 0.073765099 0.997273505 0.002052272 -0.101196758 -0.993127465 0.073645622 -0.090962350 1.195155144
-0.088762686 0.003886078 0.996045172 5.022241592 0.075955018 0.997107089 0.002878520 -0.101393387 -0.993152559 0.075910144 -0.088801078 1.190550089
-0.098185077 0.002811744 0.995164216 5.057875156 0.073084570 0.997315943 0.004392860 -0.102246501 -0.992480993 0.073162459 -0.098127037 1.189736962
-0.098240785 0.003067919 0.995158017 5.093865871 0.069376558 0.997583449 0.003773372 -0.102551445 -0.992741525 0.069411322 -0.098216213 1.185830593
-0.105475366 0.005225558 0.994408190 5.126590729 0.059528884 0.998225927 0.001068519 -0.102856845 -0.992638648 0.059308715 -0.105599314 1.183880448
-0.108551048 0.015461669 0.993970573 5.161476612 0.054207765 0.998483360 -0.009611863 -0.102687955 -0.992611766 0.052837562 -0.109224558 1.182147503
-0.112822555 0.020055432 0.993412673 5.195069313 0.062811717 0.997940540 -0.013013273 -0.104245074 -0.991627812 0.060929783 -0.113849930 1.177584648
-0.109427743 0.015578913 0.993872643 5.222358704 0.070146404 0.997505307 -0.007912570 -0.104974493 -0.991516531 0.068850733 -0.110247567 1.172528267
-0.116310418 0.005792432 0.993196011 5.259846210 0.069981121 0.997545481 0.002377494 -0.105331078 -0.990744412 0.069781482 -0.116430305 1.170096278
-0.110738441 -0.005264169 0.993835688 5.291827679 0.062944524 0.997941196 0.012299524 -0.105503418 -0.991854370 0.063918531 -0.110179104 1.165370345
-0.123813927 -0.007289509 0.992278636 5.325189590 0.057722915 0.998226821 0.014535718 -0.105242394 -0.990625083 0.059076939 -0.123173609 1.162669659
-0.124194309 -0.007614762 0.992228687 5.356794357 0.057213992 0.998251915 0.014822289 -0.105218813 -0.990607083 0.058610208 -0.123541526 1.158646822
-0.130496949 -0.004688678 0.991437614 5.390001774 0.062425796 0.997965753 0.012936280 -0.105091512 -0.989481449 0.063579410 -0.129938781 1.154421568
-0.130371347 0.000083619 0.991465271 5.422564507 0.066489086 0.997749567 0.008658741 -0.105197251 -0.989233255 0.067050464 -0.130083501 1.149981260
-0.136255696 0.003812487 0.990666389 5.454725742 0.068202816 0.997656107 0.005541192 -0.105118662 -0.988323152 0.068321258 -0.136196360 1.145661116
-0.137233302 0.004439238 0.990528822 5.486767292 0.067531936 0.997705162 0.004884846 -0.105125464 -0.988233984 0.067562692 -0.137218162 1.141254187
-0.142780781 0.002294631 0.989751697 5.518440247 0.069046162 0.997584164 0.007647756 -0.105452560 -0.987342954 0.069430515 -0.142594293 1.136577249
-0.144627795 0.000567097 0.989485919 5.547243118 0.069016188 0.997570157 0.009515992 -0.105689265 -0.987076223 0.069666833 -0.144315526 1.132465720
-0.147557467 0.001327829 0.989052534 5.580540657 0.069671839 0.997528851 0.009055182 -0.105434678 -0.986596465 0.070245273 -0.147285327 1.127197146
-0.148687735 0.001650092 0.988882840 5.608789921 0.070465550 0.997474253 0.008930719 -0.105359770 -0.986370385 0.071010046 -0.148428440 1.123048425
-0.150188789 0.001259313 0.988656640 5.641040325 0.070241667 0.997485697 0.009399993 -0.105291411 -0.986158907 0.070856661 -0.149899632 1.117743731
-0.151096597 0.000092763 0.988518953 5.665188789 0.071260542 0.997399271 0.010798683 -0.105305798 -0.985947073 0.072074056 -0.150710240 1.112420797
-0.152578324 -0.001932106 0.988289475 5.693097591 0.073456958 0.997209847 0.013290293 -0.104818039 -0.985557616 0.074624561 -0.152010679 1.106512070
-0.154931203 -0.003577237 0.987918794 5.716282845 0.074135721 0.997131824 0.015236992 -0.104781039 -0.985139728 0.075600766 -0.154221594 1.103406429
-0.157783166 -0.002464170 0.987470686 5.741028309 0.072819397 0.997245133 0.014124019 -0.104424872 -0.984785140 0.074135549 -0.157169044 1.098896861
-0.162445456 0.001160436 0.986716807 5.755257607 0.066644259 0.997728646 0.009798408 -0.104531020 -0.984464407 0.067350700 -0.162153840 1.097640634
-0.167448103 0.001888038 0.985879004 5.769236565 0.065601654 0.997803152 0.009231335 -0.104393572 -0.983695865 0.066221066 -0.167204097 1.094532251
-0.174849510 0.000355025 0.984595060 5.778515816 0.064005606 0.997888803 0.011006627 -0.104823962 -0.982512593 0.064944103 -0.174503088 1.094763517
-0.181180388 0.000071433 0.983449876 5.788592339 0.061613653 0.998036325 0.011278554 -0.104832694 -0.981517851 0.062637396 -0.180828989 1.093956470
-0.187672913 -0.001859354 0.982229829 5.796715260 0.058416210 0.998206913 0.013051083 -0.105849624 -0.980492890 0.059827492 -0.187227800 1.094540238
-0.192167193 -0.000441695 0.981362104 5.810440540 0.057619017 0.998269737 0.011732075 -0.105247356 -0.979669213 0.058799624 -0.191809237 1.092242002
-0.199543118 -0.002995217 0.979884505 5.825150490 0.058089338 0.998200476 0.014880482 -0.105498113 -0.978165686 0.059890136 -0.199010044 1.090814829
-0.203479484 -0.006774348 0.979055762 5.836981297 0.060020763 0.998008966 0.019379744 -0.105603173 -0.977237761 0.062707052 -0.202667758 1.089217424
-0.205893263 -0.010143639 0.978521764 5.846302509 0.064490385 0.997631788 0.023911322 -0.105206087 -0.976447105 0.068028420 -0.204751521 1.087687373
-0.212011024 -0.014832200 0.977154732 5.859804153 0.067005761 0.997311115 0.029676244 -0.105305269 -0.974967360 0.071766689 -0.210447147 1.086276770
-0.215237141 -0.013365255 0.976470351 5.870810509 0.062107585 0.997694731 0.027345737 -0.105385840 -0.974584818 0.066532031 -0.213910893 1.085330009
-0.217292801 -0.010149414 0.976053655 5.883049011 0.053414878 0.998323917 0.022272414 -0.105247453 -0.974643767 0.056975439 -0.216386497 1.083214879
-0.221500099 -0.010632135 0.975102425 5.894046307 0.049792439 0.998512805 0.022198034 -0.105285853 -0.973888338 0.053469595 -0.220641330 1.081358314
-0.220707774 -0.007932359 0.975307703 5.902637959 0.048031677 0.998665273 0.018991688 -0.105179884 -0.974156559 0.051037278 -0.220032230 1.079716086
-0.218026444 -0.007182488 0.975916505 5.910342216 0.051897421 0.998472750 0.018942740 -0.104997396 -0.974561989 0.054777566 -0.217320740 1.077908635
-0.215495422 -0.006525745 0.976482987 5.915357590 0.053642523 0.998388648 0.018510254 -0.104964361 -0.975030422 0.056369893 -0.214798138 1.077063918
-0.212663054 -0.006164771 0.977106154 5.916428566 0.049030725 0.998653054 0.016972046 -0.105165772 -0.975894690 0.051517550 -0.212074324 1.076503634
-0.210742623 -0.007221933 0.977514923 5.916666031 0.043862678 0.998895705 0.016836258 -0.105062172 -0.976557016 0.046424542 -0.210193112 1.076090455
-0.208505362 -0.010513647 0.977964640 5.917928219 0.033107538 0.999293268 0.017801583 -0.105232947 -0.977460742 0.036089722 -0.208009899 1.075768948
-0.208017513 -0.009633957 0.978077590 5.918343067 0.027192378 0.999508023 0.015628316 -0.105094135 -0.977747023 0.029847221 -0.207653180 1.075550079
-0.205917075 -0.008371318 0.978533626 5.916976929 0.025962541 0.999564707 0.014014647 -0.104972132 -0.978224933 0.028291073 -0.205610126 1.075621247
-0.203135863 -0.009432192 0.979105115 5.914530754 0.029243419 0.999449074 0.015695339 -0.104930259 -0.978713751 0.031820666 -0.202748135 1.076247811
-0.197529599 -0.014399672 0.980191171 5.908310890 0.025243985 0.999485791 0.019770332 -0.105047911 -0.979971945 0.028649155 -0.197064519 1.077379107
-0.196364298 -0.014234828 0.980427682 5.908709049 0.027796768 0.999411881 0.020077718 -0.105038546 -0.980136931 0.031195262 -0.195853144 1.077142000
-0.195298418 -0.013442017 0.980651855 5.910172462 0.025257222 0.999505460 0.018730471 -0.104947865 -0.980418503 0.028426562 -0.194862351 1.076851487
-0.194717735 -0.012629575 0.980778039 5.912219524 0.022452252 0.999597728 0.017329453 -0.105002590 -0.980602205 0.025395025 -0.194355845 1.076424479
-0.193357125 -0.011025609 0.981066525 5.914034843 0.023226338 0.999605179 0.015811600 -0.105041467 -0.980853319 0.025843868 -0.193024680 1.076011300
-0.192506418 -0.011848872 0.981224239 5.915121555 0.025245488 0.999536335 0.017022913 -0.105154127 -0.980970919 0.028048500 -0.192118019 1.075992107
-0.190022036 -0.012670772 0.981697977 5.916718006 0.027320141 0.999461234 0.018188251 -0.105059877 -0.981399655 0.030276299 -0.189573482 1.075334907
-0.189344987 -0.012831809 0.981826723 5.920507908 0.028667822 0.999416113 0.018590271 -0.105027393 -0.981492043 0.031666812 -0.188866541 1.074535251
-0.189677745 -0.013244978 0.981757045 5.924077034 0.028377168 0.999417245 0.018965770 -0.105014674 -0.981436253 0.031456869 -0.189191371 1.073733449
-0.188219085 -0.014325047 0.982022643 5.926480293 0.028803959 0.999382973 0.020098990 -0.105004005 -0.981704593 0.032069154 -0.187690333 1.073171973
-0.184793413 -0.015108820 0.982661128 5.927571774 0.027464673 0.999411881 0.020531211 -0.104958713 -0.982393563 0.030782508 -0.184269771 1.072430611
-0.184488475 -0.012543497 0.982754648 5.927415848 0.028903289 0.999416828 0.018182063 -0.104908921 -0.982409596 0.031759221 -0.184018373 1.072296023
-0.183324337 -0.010831129 0.982992828 5.929365635 0.030485738 0.999395669 0.016697340 -0.104842849 -0.982579768 0.033028293 -0.182883352 1.071771860
-0.181764632 -0.011340625 0.983276665 5.931521416 0.030718662 0.999379992 0.017204884 -0.104777478 -0.982862115 0.033332184 -0.181303576 1.071117043
-0.182744876 -0.013349484 0.983069658 5.932197094 0.029043259 0.999398112 0.018970126 -0.104896560 -0.982731283 0.032018241 -0.182247192 1.071396351
-0.183228374 -0.014404631 0.982964814 5.934209347 0.028045841 0.999409020 0.019873461 -0.104939520 -0.982670248 0.031209454 -0.182716101 1.071141839
-0.183828905 -0.015224145 0.982840359 5.935750484 0.027072670 0.999422193 0.020544628 -0.104913279 -0.982585371 0.030384809 -0.183310539 1.070858717
-0.183341309 -0.013969027 0.982950032 5.936977863 0.027035065 0.999449313 0.019246116 -0.104883105 -0.982677519 0.030102728 -0.182862654 1.070576549
-0.184452996 -0.013611835 0.982747018 5.938572407 0.027461324 0.999442339 0.018997326 -0.104906462 -0.982457638 0.030491648 -0.183976337 1.070421338
-0.183476150 -0.015155856 0.982907295 5.940245628 0.027209176 0.999419749 0.020489514 -0.104863234 -0.982647538 0.030503437 -0.182957292 1.070009232
-0.184167728 -0.016522909 0.982755959 5.941705704 0.026987055 0.999396682 0.021860043 -0.104834415 -0.982524276 0.030547602 -0.183610693 1.069695234
-0.184103042 -0.016097475 0.982775152 5.943106174 0.026107917 0.999432981 0.021261116 -0.104663230 -0.982560158 0.029572444 -0.183578387 1.069275379
-0.184278056 -0.015237988 0.982756078 5.944261074 0.023309931 0.999530792 0.019868968 -0.104531288 -0.982597709 0.026569391 -0.183836401 1.068970561
-0.182877019 -0.015266462 0.983017266 5.946056843 0.025770904 0.999461412 0.020316171 -0.104688697 -0.982797980 0.029048599 -0.182385117 1.068587303
