1.000000000 0.000000000 0.000000000 0.000000000 0.000000000 1.000000000 0.000000000 0.000000000 0.000000000 0.000000000 1.000000000 0.000000000
0.999996245 -0.002345550 -0.001505289 0.000097088 0.002350276 0.999992311 0.003145409 -0.000929322 0.001497902 -0.003148934 0.999993920 0.062196605
0.999994814 -0.002354222 -0.002188522 -0.001341754 0.002363311 0.999988556 0.004160009 -0.001740669 0.002178703 -0.004165161 0.999988973 0.123351045
0.999992192 -0.001332883 -0.003700781 -0.001823678 0.001347080 0.999991775 0.003836330 -0.002295344 0.003695641 -0.003841287 0.999985754 0.184404030
0.999986827 -0.000508268 -0.005112838 -0.002468405 0.000527149 0.999993026 0.003691994 -0.002995393 0.005110934 -0.003694642 0.999980152 0.245524645
0.999978602 -0.000669406 -0.006507397 -0.003102866 0.000694864 0.999992073 0.003910732 -0.003532935 0.006504733 -0.003915170 0.999971211 0.306352884
0.999967337 -0.000886340 -0.008037914 -0.004099774 0.000922472 0.999989450 0.004492605 -0.004261896 0.008033846 -0.004499873 0.999957621 0.366591543
0.999946177 -0.002919164 -0.009966503 -0.004549512 0.002956787 0.999988496 0.003762324 -0.004997056 0.009955407 -0.003791590 0.999943197 0.427764267
0.999930143 -0.004422145 -0.010958571 -0.005659775 0.004467672 0.999981463 0.004133541 -0.005643966 0.010940086 -0.004182212 0.999931395 0.488116264
0.999917626 -0.003783936 -0.012262221 -0.006625335 0.003833701 0.999984503 0.004037447 -0.006348016 0.012246753 -0.004084125 0.999916613 0.548622191
0.999905348 -0.002888232 -0.013449863 -0.007615725 0.002946306 0.999986410 0.004299995 -0.007229415 0.013437256 -0.004339216 0.999900281 0.608787894
0.999893427 -0.001906272 -0.014472106 -0.008054228 0.001974534 0.999987006 0.004703948 -0.007641346 0.014462949 -0.004732023 0.999884188 0.665439725
0.999892831 -0.000531757 -0.014630532 -0.009881701 0.000610789 0.999985218 0.005397871 -0.008289977 0.014627454 -0.005406229 0.999878287 0.729083776
0.999892950 -0.000001554 -0.014636371 -0.011480466 0.000095892 0.999979198 0.006444755 -0.009113893 0.014636064 -0.006445469 0.999872029 0.784541905
0.999874532 0.000757450 -0.015812892 -0.011897133 -0.000662271 0.999981642 0.006023513 -0.008911855 0.015817167 -0.006012285 0.999856889 0.847129822
0.999865592 0.001427889 -0.016321465 -0.012870876 -0.001337112 0.999983549 0.005571459 -0.008775698 0.016329154 -0.005548888 0.999851346 0.902318895
0.999855101 0.000446470 -0.017012483 -0.012846675 -0.000346912 0.999982774 0.005854621 -0.008718122 0.017014805 -0.005847871 0.999838233 0.957629740
0.999863744 0.002688232 -0.016285028 -0.015366943 -0.002564881 0.999967813 0.007590616 -0.010066183 0.016304914 -0.007547814 0.999838591 1.024184465
0.999854803 0.003741125 -0.016626203 -0.016257120 -0.003637188 0.999973595 0.006277252 -0.010437435 0.016649256 -0.006215868 0.999842107 1.078695893
0.999857366 0.003909057 -0.016432924 -0.017430212 -0.003838183 0.999983191 0.004342217 -0.011170002 0.016449630 -0.004278524 0.999855459 1.140032172
0.999868512 0.002262798 -0.016058847 -0.018463595 -0.002198342 0.999989450 0.004030228 -0.011720033 0.016067805 -0.003994395 0.999862850 1.193868637
0.999863446 0.001112085 -0.016488265 -0.019076398 -0.000996004 0.999974608 0.007046773 -0.012624217 0.016495693 -0.007029388 0.999839187 1.246297598
0.999873042 -0.000272627 -0.015929641 -0.020487571 0.000402133 0.999966919 0.008127262 -0.012801342 0.015926901 -0.008132636 0.999840021 1.311840177
0.999867976 -0.001030140 -0.016216639 -0.021028046 0.001156070 0.999969244 0.007758002 -0.013481568 0.016208149 -0.007775727 0.999838412 1.364298224
0.999885798 -0.001022257 -0.015076626 -0.022575354 0.001107753 0.999983370 0.005663538 -0.013953045 0.015070587 -0.005679593 0.999870360 1.424593329
0.999902427 0.000184996 -0.013964335 -0.024322128 -0.000117892 0.999988377 0.004806065 -0.014440938 0.013965063 -0.004803950 0.999891043 1.474522233
0.999908447 0.000089572 -0.013528955 -0.024995387 -0.000034563 0.999991775 0.004066178 -0.015388507 0.013529207 -0.004065340 0.999900222 1.534017444
0.999925494 0.000650073 -0.012186501 -0.025992289 -0.000589723 0.999987543 0.004955123 -0.015886635 0.012189571 -0.004947568 0.999913514 1.583972454
0.999942064 0.001388547 -0.010669331 -0.026950091 -0.001310976 0.999972701 0.007274123 -0.016770801 0.010679141 -0.007259715 0.999916673 1.640961647
0.999956250 0.000581982 -0.009333900 -0.027692728 -0.000502997 0.999964058 0.008462336 -0.017539989 0.009338489 -0.008457271 0.999920666 1.688968420
0.999975204 0.001206038 -0.006929405 -0.028123079 -0.001143386 0.999958515 0.009038374 -0.017799908 0.006940015 -0.009030228 0.999935150 1.744876266
0.999994516 0.000831271 -0.003165729 -0.028570620 -0.000806944 0.999970257 0.007678063 -0.017770577 0.003172014 -0.007675468 0.999965489 1.791838765
0.999999821 0.000325817 0.000213586 -0.028813856 -0.000327245 0.999977291 0.006726070 -0.018888623 -0.000211392 -0.006726139 0.999977350 1.846382141
0.999992430 0.000342383 0.003863275 -0.028853294 -0.000361769 0.999987423 0.005018476 -0.019230613 -0.003861510 -0.005019835 0.999979973 1.892166495
0.999970615 0.000579991 0.007640153 -0.028335903 -0.000624590 0.999982774 0.005836492 -0.020212170 -0.007636639 -0.005841093 0.999953806 1.938045382
0.999913871 0.000348493 0.013117173 -0.028137391 -0.000418781 0.999985576 0.005356184 -0.020482484 -0.013115115 -0.005361216 0.999899626 1.994356155
0.999804914 0.001875674 0.019664457 -0.027446669 -0.001960091 0.999989033 0.004274447 -0.020962562 -0.019656222 -0.004312158 0.999797463 2.038358688
0.999638259 0.003147763 0.026711768 -0.025908422 -0.003262782 0.999985576 0.004263421 -0.021491172 -0.026697962 -0.004349034 0.999634087 2.082024813
0.999361396 0.004505144 0.035448413 -0.025700361 -0.004692982 0.999975324 0.005217447 -0.022087250 -0.035424042 -0.005380474 0.999357879 2.136538029
0.998924613 0.007297732 0.045788564 -0.024110980 -0.007578472 0.999953508 0.005960607 -0.022563675 -0.045742944 -0.006301205 0.998933315 2.178512573
0.998209298 0.009057388 0.059128415 -0.022758767 -0.009453900 0.999934614 0.006429649 -0.023502450 -0.059066307 -0.006977131 0.998229682 2.219921350
0.997200489 0.011287935 0.073918521 -0.019101962 -0.011775952 0.999911606 0.006169566 -0.023308307 -0.073842332 -0.007022755 0.997245252 2.275652170
0.995791554 0.014119132 0.090552978 -0.016086385 -0.014877936 0.999859571 0.007710075 -0.023860695 -0.090431400 -0.009024868 0.995861828 2.315942049
0.994068503 0.014335372 0.107806787 -0.012355894 -0.015316553 0.999848425 0.008278711 -0.023944791 -0.107671760 -0.009880835 0.994137466 2.352606058
0.991806507 0.013794558 0.127002552 -0.005833089 -0.014893851 0.999859333 0.007710090 -0.024921995 -0.126878306 -0.009538474 0.991872430 2.409013033
0.988964021 0.012936659 0.147589952 -0.000605375 -0.014034506 0.999881089 0.006399516 -0.025057705 -0.147489607 -0.008400243 0.989027977 2.448174238
0.985645831 0.010427903 0.168503016 0.004738003 -0.011626104 0.999913633 0.006125821 -0.025321003 -0.168424577 -0.007996924 0.985682130 2.475244284
0.981707335 0.005161040 0.190326199 0.015424341 -0.006956385 0.999937356 0.008766082 -0.026271263 -0.190269038 -0.009929708 0.981681764 2.538301706
0.976887107 -0.000199189 0.213755846 0.023731232 -0.001999574 0.999947309 0.010070062 -0.026381673 -0.213746578 -0.010264736 0.976835191 2.577130795
0.971416235 -0.005186595 0.237325966 0.034509718 0.003003090 0.999949753 0.009561050 -0.026927821 -0.237363636 -0.008575048 0.971383035 2.620319366
0.965014160 -0.011753925 0.261933953 0.044881105 0.010142658 0.999920487 0.007502580 -0.027072489 -0.262001276 -0.004583389 0.965056658 2.656679869
0.957264185 -0.015073535 0.288821995 0.055267453 0.013191602 0.999877214 0.008461391 -0.027543787 -0.288914055 -0.004289760 0.957345366 2.692427874
0.948749006 -0.017806342 0.315528452 0.069881439 0.015149401 0.999826133 0.010871497 -0.027969237 -0.315667152 -0.005534257 0.948853791 2.736665487
0.938987911 -0.022037426 0.343243510 0.082220137 0.018518271 0.999737024 0.013527412 -0.028130740 -0.343451351 -0.006345801 0.939149082 2.770654440
0.928108871 -0.024721442 0.371487081 0.098230064 0.021285260 0.999684513 0.013347956 -0.028238971 -0.371699870 -0.004481159 0.928342164 2.810276508
0.916086853 -0.023673059 0.400280416 0.112044871 0.021700891 0.999719858 0.009459677 -0.028338242 -0.400392234 0.000020555 0.916343868 2.841865063
0.902984023 -0.025254333 0.428931028 0.127877116 0.026013983 0.999653280 0.004092404 -0.028445110 -0.428885639 0.007462828 0.903328061 2.874004602
0.888712704 -0.027089193 0.457663387 0.145153522 0.029425750 0.999565005 0.002024124 -0.029143684 -0.457519084 0.011668224 0.889123261 2.906227589
0.873275816 -0.028119547 0.486414045 0.168306708 0.029275825 0.999557734 0.005224448 -0.029653054 -0.486345798 0.009677787 0.873712718 2.948802471
0.855678201 -0.026555089 0.516826391 0.187065244 0.024733130 0.999639869 0.010413408 -0.029573509 -0.516916811 0.003872210 0.856026709 2.979315519
0.835837007 -0.026639977 0.548330843 0.205842972 0.022622751 0.999644935 0.014081981 -0.029776130 -0.548511326 0.000634511 0.836142838 3.008734703
0.814824641 -0.020843176 0.579332709 0.230675340 0.018985087 0.999776781 0.009267561 -0.030139262 -0.579396546 0.003447250 0.815038562 3.044669390
0.792736709 -0.014028097 0.609402835 0.251364827 0.016110733 0.999868035 0.002058859 -0.030309085 -0.609351337 0.008185796 0.792858183 3.072237015
0.770281672 -0.011441588 0.637601256 0.272978306 0.015019484 0.999887109 -0.000202213 -0.030465562 -0.637526929 0.009732204 0.770366728 3.098289967
0.746663511 -0.013596980 0.665063024 0.295418262 0.015819177 0.999871194 0.002681893 -0.030458886 -0.665013850 0.008518279 0.746782482 3.124129772
0.722246289 -0.014778811 0.691477895 0.328022718 0.016412329 0.999856293 0.004227098 -0.032038592 -0.691441000 0.008295759 0.722385228 3.159491062
0.697385252 -0.012686489 0.716584086 0.352199197 0.017038032 0.999854207 0.001119993 -0.032159325 -0.716493964 0.011428116 0.697499752 3.182268620
0.670476496 -0.010099045 0.741861999 0.376626372 0.016404815 0.999864638 -0.001215002 -0.032602876 -0.741749346 0.012984738 0.670551479 3.205264568
0.643341005 -0.007706690 0.765540957 0.410636783 0.014969003 0.999884844 -0.002513744 -0.032898217 -0.765433431 0.013076581 0.643382251 3.234885216
0.615528941 -0.006231318 0.788089633 0.437384844 0.014431495 0.999890268 -0.003365570 -0.033885568 -0.787982166 0.013444917 0.615551233 3.255323887
0.586422920 0.000321512 0.810005009 0.465005994 0.013080589 0.999865770 -0.009866886 -0.034382954 -0.809899509 0.016381510 0.586339891 3.276221275
0.556091785 0.009760248 0.831063569 0.500891447 0.012207413 0.999727249 -0.019909464 -0.034784347 -0.831031263 0.021216631 0.555820942 3.301301956
0.525274217 0.018275369 0.850736737 0.529682398 0.010841781 0.999544442 -0.028166119 -0.035660565 -0.850863934 0.024018444 0.524836779 3.319086075
0.493447185 0.022571616 0.869482815 0.560528874 0.007949612 0.999504328 -0.030458502 -0.037732922 -0.869739473 0.021941710 0.493023157 3.336909294
0.460016429 0.022282390 0.887630701 0.599585295 0.006426601 0.999575496 -0.028423157 -0.038842753 -0.887887180 0.018779568 0.459677875 3.359334946
0.426438451 0.021734677 0.904255271 0.632055163 0.001973740 0.999686599 -0.024959257 -0.039524984 -0.904514432 0.012428351 0.426261902 3.375582933
0.392530769 0.022529405 0.919462860 0.670230865 -0.002115149 0.999719322 -0.023592928 -0.041102316 -0.919736445 0.007316149 0.392468244 3.391969681
0.356627375 0.025871549 0.933888435 0.703194261 -0.010036623 0.999664903 -0.023861036 -0.042295262 -0.934192717 -0.000863588 0.356767595 3.405870438
0.321581185 0.027177505 0.946491838 0.743388414 -0.014026154 0.999614954 -0.023937341 -0.043730002 -0.946778119 -0.005577841 0.321838588 3.419597149
0.285651028 0.026615249 0.957964063 0.778630972 -0.016789660 0.999599874 -0.022765584 -0.044960581 -0.958186626 -0.009580879 0.285983533 3.430553675
0.248981565 0.026279440 0.968151629 0.819614291 -0.017548021 0.999590099 -0.022619948 -0.046148680 -0.968349278 -0.011357197 0.249340609 3.441565037
0.213254511 0.025601549 0.976661205 0.855234504 -0.016671238 0.999606371 -0.022562847 -0.047278222 -0.976854444 -0.011470521 0.213597402 3.449246883
0.177626580 0.024428612 0.983794689 0.898535311 -0.014537297 0.999648035 -0.022197524 -0.048486836 -0.983990610 -0.010358845 0.177919194 3.457463980
0.143728986 0.023520764 0.989337504 0.935682178 -0.005693926 0.999720633 -0.022940421 -0.049393058 -0.989600778 -0.002336011 0.143822774 3.462219954
0.109376661 0.026805589 0.993638873 0.979076266 -0.004024897 0.999640048 -0.026524443 -0.051323999 -0.993992209 -0.001098139 0.109445192 3.467376947
0.077924415 0.031694308 0.996455312 1.016323328 -0.002952586 0.999497533 -0.031560171 -0.052687947 -0.996954858 -0.000482812 0.077978835 3.469678640
0.047576476 0.035689387 0.998229802 1.061290383 0.003989510 0.999346793 -0.035919469 -0.054291833 -0.998859644 0.005691370 0.047403023 3.472593307
0.022350667 0.033709224 0.999181747 1.099139214 0.005496679 0.999412239 -0.033839948 -0.055873964 -0.999735177 0.006248527 0.022152247 3.473071814
0.000177346 0.030836863 0.999524534 1.144695759 0.007596336 0.999495566 -0.030837325 -0.057561330 -0.999971151 0.007598193 -0.000056989 3.473316669
-0.019279655 0.028492555 0.999408066 1.182364941 0.007782647 0.999567866 -0.028346974 -0.058685318 -0.999783874 0.007231520 -0.019493069 3.473394394
-0.035758518 0.031534173 0.998862803 1.228151560 0.009795840 0.999465108 -0.031202495 -0.060752988 -0.999312460 0.008668944 -0.036048301 3.471657038
-0.050420236 0.036049571 0.998077273 1.266515374 0.012027753 0.999297798 -0.035486039 -0.062021337 -0.998655677 0.010215413 -0.050818428 3.469663858
-0.061940406 0.041328244 0.997223794 1.312969327 0.016624887 0.999046445 -0.040371172 -0.063990921 -0.997941434 0.014078127 -0.062568411 3.466142178
-0.070772395 0.044598501 0.996495008 1.351163387 0.022077952 0.998825312 -0.043134797 -0.065943688 -0.997248173 0.018947814 -0.071673907 3.463234663
-0.076874211 0.049999464 0.995786309 1.397288442 0.025997108 0.998502731 -0.048128899 -0.068439409 -0.996701777 0.022187693 -0.078058943 3.459632635
-0.080553107 0.054716215 0.995247364 1.435237885 0.027951749 0.998223364 -0.052617490 -0.070720978 -0.996358275 0.023580402 -0.081939407 3.456684828
-0.083172008 0.058934767 0.994790971 1.481441975 0.029753150 0.997951508 -0.056634430 -0.073199913 -0.996090949 0.024887765 -0.084755138 3.452416420
-0.085546426 0.061703771 0.994421721 1.520410776 0.030568218 0.997773051 -0.059282061 -0.075921118 -0.995865047 0.025326328 -0.087242119 3.448895454
-0.088135220 0.065055400 0.993981898 1.566702366 0.031906970 0.997537434 -0.062458962 -0.079187661 -0.995597243 0.026210116 -0.089993909 3.444967270
-0.089742698 0.068584032 0.993600786 1.605345726 0.032622986 0.997293353 -0.065892383 -0.082110897 -0.995430470 0.026500862 -0.091737196 3.440952539
-0.092293620 0.070106171 0.993260741 1.651701570 0.035564244 0.997114003 -0.067073509 -0.085334063 -0.995096624 0.029134110 -0.094520532 3.436697721
-0.094137833 0.068952851 0.993168414 1.691042662 0.035242207 0.997204185 -0.065892600 -0.088189341 -0.994935215 0.028798463 -0.096304692 3.432716608
-0.096957676 0.068212084 0.992948353 1.738032818 0.034741249 0.997272730 -0.065116823 -0.091777757 -0.994681954 0.028182693 -0.099063024 3.428759575
-0.099684037 0.069775753 0.992569625 1.778662801 0.034850266 0.997171044 -0.066599198 -0.094608821 -0.994408607 0.027952444 -0.101833731 3.425277472
-0.101537392 0.071974553 0.992224693 1.824632168 0.033585291 0.997058928 -0.068888322 -0.097782269 -0.994264662 0.026329424 -0.103656039 3.420275211
-0.103409663 0.074109003 0.991874158 1.865108609 0.031971831 0.996952713 -0.071155161 -0.101041064 -0.994124830 0.024353899 -0.105463929 3.415128469
-0.106443167 0.077654108 0.991281807 1.912843227 0.029300354 0.996757686 -0.074936837 -0.104451373 -0.993887007 0.021068392 -0.108373344 3.410769224
-0.109243482 0.081869438 0.990637779 1.953003645 0.025696538 0.996501982 -0.079520360 -0.107734412 -0.993682802 0.016768880 -0.110965110 3.406814337
-0.111602396 0.084402725 0.990162134 2.000408649 0.023279250 0.996335268 -0.082305089 -0.111511596 -0.993480206 0.013864785 -0.113158241 3.401536942
-0.114186980 0.082819991 0.990001142 2.041297913 0.021826165 0.996487796 -0.080845192 -0.115056552 -0.993219495 0.012376459 -0.115593553 3.396703959
-0.116982870 0.078554600 0.990022421 2.089231014 0.019207926 0.996859372 -0.076827459 -0.119168110 -0.992948234 0.010028782 -0.118124343 3.391128778
-0.119164854 0.076826505 0.989897728 2.129812002 0.019833196 0.996987045 -0.074989170 -0.122349180 -0.992676437 0.010696765 -0.120329544 3.386098146
-0.120852925 0.077194825 0.989664316 2.170825005 0.019585852 0.996963024 -0.075372420 -0.126030713 -0.992477298 0.010274446 -0.121997841 3.380842686
-0.122724928 0.080873154 0.989139974 2.223479271 0.019057387 0.996682644 -0.079125315 -0.129554272 -0.992257714 0.009139778 -0.123859026 3.375078678
-0.123821490 0.084199466 0.988725662 2.263450623 0.019693354 0.996405900 -0.082387224 -0.132657275 -0.992109001 0.009270019 -0.125034630 3.370469570
-0.123609148 0.084401913 0.988735020 2.312809944 0.018982669 0.996395171 -0.082682632 -0.137207717 -0.992149353 0.008548502 -0.124765731 3.364263296
-0.124240212 0.082892932 0.988783598 2.354161024 0.015151198 0.996546745 -0.081639983 -0.140828535 -0.992136478 0.004838284 -0.125067100 3.359689713
-0.123529702 0.082049996 0.988943100 2.404105186 0.012050865 0.996626437 -0.081182212 -0.145585880 -0.992267668 0.001889203 -0.124101751 3.353301287
-0.123746596 0.082739606 0.988858402 2.445784092 0.008632767 0.996569872 -0.082304545 -0.149441481 -0.992276371 -0.001648325 -0.124036394 3.348772287
-0.124068260 0.083615758 0.988744378 2.496376514 0.003996102 0.996477187 -0.083768278 -0.153478548 -0.992265701 -0.006441860 -0.123965353 3.342548132
-0.124119096 0.082729518 0.988812566 2.538400888 0.000367477 0.996522009 -0.083328418 -0.157377616 -0.992267370 -0.009979282 -0.123717822 3.337345600
-0.124592192 0.078037053 0.989134490 2.589217186 0.001491911 0.996915936 -0.078463040 -0.161393434 -0.992206931 -0.008300182 -0.124324344 3.331568480
-0.125529185 0.068816036 0.989700317 2.631267071 0.005107435 0.997623086 -0.068719096 -0.165093750 -0.992076874 -0.003571423 -0.125582263 3.326691628
-0.124624178 0.063602425 0.990163326 2.682747364 0.010794152 0.997971237 -0.062745377 -0.169009969 -0.992145300 0.002868380 -0.125057891 3.319562912
-0.123812184 0.066058002 0.990104437 2.725033522 0.018641451 0.997760594 -0.064237691 -0.171986848 -0.992130518 0.010503574 -0.124766357 3.313874722
-0.122314870 0.071907207 0.989883065 2.777176380 0.024395978 0.997288465 -0.069430672 -0.175477117 -0.992191494 0.015656760 -0.123737454 3.306728363
-0.121516503 0.077340320 0.989571810 2.819554567 0.027991429 0.996830344 -0.074470378 -0.178773731 -0.992194653 0.018650148 -0.123296194 3.301299572
-0.120725282 0.082031630 0.989290774 2.870712519 0.028913420 0.996447623 -0.079096675 -0.182627916 -0.992264688 0.019054808 -0.122668259 3.294871807
-0.120191045 0.079091623 0.989595234 2.914087772 0.025675626 0.996735692 -0.076543860 -0.186240047 -0.992418647 0.016208587 -0.121829428 3.289193153
-0.120233826 0.074844293 0.989920199 2.966125011 0.025541356 0.997057199 -0.072281688 -0.190133795 -0.992416978 0.016593207 -0.121791624 3.283086538
-0.120505087 0.073460720 0.989990890 3.009873867 0.023287704 0.997193098 -0.071160480 -0.193386719 -0.992439508 0.014479421 -0.121877573 3.278074265
-0.120097116 0.073300757 0.990052342 3.061632633 0.021329707 0.997230768 -0.071244873 -0.197568387 -0.992532969 0.012561225 -0.121328004 3.272159338
-0.119429044 0.078927927 0.989700556 3.106682301 0.021702467 0.996804416 -0.076875597 -0.200793624 -0.992605567 0.012297761 -0.120760322 3.266139507
-0.118417442 0.081902407 0.989580393 3.158825397 0.021715162 0.996567667 -0.079882152 -0.204646975 -0.992726564 0.012029454 -0.119789504 3.259561300
-0.118439034 0.080871671 0.989662588 3.203125238 0.021310903 0.996655226 -0.078892663 -0.207827985 -0.992732644 0.011746631 -0.119766325 3.254794359
-0.117044903 0.074144341 0.990355194 3.257551193 0.023618056 0.997135043 -0.071860641 -0.212479874 -0.992845893 0.014979339 -0.118460707 3.247416735
-0.117040306 0.072766781 0.990457773 3.302061081 0.023450222 0.997236490 -0.070493743 -0.215749517 -0.992850304 0.014975847 -0.118423268 3.241695404
-0.119253092 0.074555404 0.990060747 3.346466780 0.020324405 0.997151077 -0.072641246 -0.220048457 -0.992655873 0.011459702 -0.120428652 3.238855839
-0.116783768 0.078892663 0.990018904 3.405462503 0.020282453 0.996821582 -0.077042192 -0.223763779 -0.992950141 0.011082740 -0.118012697 3.230240583
-0.116055794 0.079191662 0.990080655 3.451569557 0.019057952 0.996810436 -0.077496007 -0.226931304 -0.993059814 0.009875053 -0.117194854 3.224308491
-0.116674341 0.074738510 0.990354121 3.505509377 0.018949782 0.997150540 -0.073018923 -0.231790125 -0.992989361 0.010247556 -0.117758133 3.219193459
-0.114991084 0.073829837 0.990619183 3.551271439 0.019530211 0.997209489 -0.072053954 -0.235208601 -0.993174493 0.011061435 -0.116112113 3.213227749
-0.114415109 0.075078323 0.990591943 3.597907782 0.020051533 0.997111619 -0.073256463 -0.238674626 -0.993230700 0.011481241 -0.115590043 3.208217859
-0.113512218 0.074735083 0.990721703 3.656896353 0.022696592 0.997101784 -0.072615914 -0.243165776 -0.993277311 0.014243217 -0.114879459 3.201663256
-0.112777308 0.074842058 0.990797520 3.702658653 0.021137023 0.997114420 -0.072913282 -0.246516109 -0.993395507 0.012719549 -0.114033811 3.196490049
-0.109615460 0.074631438 0.991168201 3.750113487 0.023399156 0.997094691 -0.072489895 -0.250555098 -0.993698537 0.015246486 -0.111043312 3.190061808
-0.109828658 0.072903708 0.991273284 3.808201551 0.023628306 0.997216165 -0.070722863 -0.254691899 -0.993669629 0.015654711 -0.111245506 3.184380054
-0.107969180 0.072156809 0.991532147 3.855668306 0.022578049 0.997283220 -0.070116781 -0.258413851 -0.993897676 0.014816409 -0.109305017 3.178699493
-0.107013963 0.071189150 0.991705656 3.910456419 0.022972137 0.997344315 -0.069114991 -0.262581319 -0.993992150 0.015385332 -0.108365111 3.172967434
-0.105086990 0.072455630 0.991819978 3.957353115 0.021416551 0.997275889 -0.070585012 -0.265991688 -0.994232357 0.013823800 -0.106352486 3.167749405
-0.104147561 0.074862354 0.991740346 4.013630390 0.021140940 0.997104526 -0.073047131 -0.270304322 -0.994337082 0.013358643 -0.105428666 3.162333727
-0.102667533 0.074285716 0.991938114 4.065604687 0.019616792 0.997164845 -0.072646774 -0.273988008 -0.994522214 0.012000179 -0.103833720 3.156899929
-0.101937540 0.072645307 0.992134750 4.117500782 0.016233079 0.997318804 -0.071357012 -0.278172374 -0.994658351 0.008831445 -0.102843478 3.151481867
-0.101707779 0.074262589 0.992038608 4.169399261 0.013103628 0.997223377 -0.073307268 -0.281612664 -0.994728029 0.005543383 -0.102398485 3.146092653
-0.101886846 0.073640428 0.992066681 4.217296124 0.010613724 0.997280121 -0.072937369 -0.285172462 -0.994739354 0.003098160 -0.102391317 3.141325474
-0.103131115 0.070765413 0.992147446 4.273604870 0.008005366 0.997492731 -0.070314549 -0.289988369 -0.994635522 0.000690883 -0.103439055 3.135741949
-0.104287170 0.069278836 0.992131293 4.322116852 0.005783348 0.997596323 -0.069052517 -0.293755263 -0.994530439 -0.001463453 -0.104437158 3.130856276
-0.105414785 0.068294667 0.992080450 4.378893375 0.002946192 0.997655928 -0.068365447 -0.297918022 -0.994423926 -0.004283869 -0.105368912 3.124791622
-0.107508630 0.068300374 0.991855323 4.426975727 0.004150849 0.997659504 -0.068250157 -0.301661015 -0.994195521 -0.003220438 -0.107540533 3.119919777
-0.109680496 0.067392111 0.991679728 4.484422207 0.002519597 0.997714520 -0.067523547 -0.305383891 -0.993963778 -0.004907383 -0.109599613 3.113756895
-0.113497339 0.062095582 0.991595924 4.532927990 0.000389559 0.998047769 -0.062455017 -0.309018016 -0.993538380 -0.006702192 -0.113299929 3.108932018
-0.116750591 0.062946193 0.991164446 4.590065002 0.001238889 0.997997940 -0.063234240 -0.312364161 -0.993160546 -0.006154693 -0.116594851 3.102234125
-0.123965651 0.068497002 0.989919603 4.639728069 -0.005843207 0.997546911 -0.069756515 -0.316471040 -0.992269397 -0.014431718 -0.123261310 3.098402023
-0.129629284 0.072139136 0.988934875 4.695470333 -0.001982711 0.997329116 -0.073011383 -0.320274562 -0.991560519 -0.011425184 -0.129140019 3.089969873
-0.138119400 0.068323210 0.988056183 4.744311333 0.000555995 0.997622967 -0.068907015 -0.323869258 -0.990415454 -0.008968042 -0.137829065 3.082872868
-0.149435848 0.065691501 0.986586869 4.799817562 0.001823648 0.997807145 -0.066162378 -0.328580022 -0.988769710 -0.008087845 -0.149227932 3.074920893
-0.162313044 0.067045957 0.984458923 4.852044106 0.002124992 0.997710347 -0.067598067 -0.332235694 -0.986737013 -0.008880082 -0.162083879 3.066647053
-0.176481083 0.066878319 0.982029498 4.899627686 0.004754213 0.997735381 -0.067093559 -0.336133778 -0.984292626 -0.007171967 -0.176399350 3.058444977
-0.191135287 0.064705767 0.979428589 4.955086231 0.005039233 0.997876406 -0.064941116 -0.340435594 -0.981550813 -0.007476968 -0.191055462 3.048283577
-0.206749275 0.067519017 0.976061404 5.005751610 0.009059605 0.997705281 -0.067097232 -0.344193578 -0.978352129 -0.005029571 -0.206886515 3.038151503
-0.222465664 0.070569269 0.972383142 5.051312447 0.009767018 0.997488201 -0.070156693 -0.347986937 -0.974891603 -0.006110173 -0.222596139 3.028450489
-0.237127244 0.075138867 0.968568385 5.104981899 0.009913954 0.997139752 -0.074928187 -0.351854861 -0.971428037 -0.008165170 -0.237193897 3.015152454
-0.252013922 0.072852775 0.964977384 5.150381088 0.005929730 0.997259855 -0.073741391 -0.355701983 -0.967705488 -0.012861797 -0.251755327 3.002796173
-0.268540293 0.066835478 0.960946977 5.205490112 0.000680506 0.997602880 -0.069194771 -0.360815316 -0.963268161 -0.017927660 -0.267942071 2.988501787
-0.285032958 0.063100561 0.956438541 5.251215935 -0.003546072 0.997754455 -0.066883147 -0.364076734 -0.958511233 -0.022455502 -0.284169167 2.976294518
-0.299781710 0.064659588 0.951814055 5.303745270 -0.005376406 0.997570097 -0.069461286 -0.367961884 -0.953992665 -0.025940569 -0.298705667 2.960034370
-0.314722598 0.066778436 0.946831763 5.348491669 -0.004843565 0.997396052 -0.071954638 -0.371428311 -0.949171245 -0.027231794 -0.313579708 2.946314812
-0.327863574 0.068760715 0.942219436 5.399441719 -0.003689491 0.997246921 -0.074060321 -0.376203299 -0.944717944 -0.027757991 -0.326707333 2.928322792
-0.342091441 0.068549097 0.937162995 5.442789078 -0.001440614 0.997296154 -0.073473424 -0.380053580 -0.939665496 -0.026484726 -0.341067821 2.912771702
-0.355890512 0.066883236 0.932131171 5.494878769 -0.001056396 0.997406304 -0.071970254 -0.384422302 -0.934527040 -0.026598228 -0.354896814 2.893498898
-0.370337725 0.065985642 0.926550388 5.538170338 -0.001141156 0.997440636 -0.071490303 -0.388048410 -0.928896368 -0.027532892 -0.369314700 2.876534939
-0.385894269 0.065608226 0.920207143 5.588066101 -0.003838169 0.997345209 -0.072717510 -0.393458068 -0.922535062 -0.031593189 -0.384617984 2.857104301
-0.401204437 0.068133093 0.913451135 5.629787445 -0.002996658 0.997126877 -0.075690545 -0.396925002 -0.915983737 -0.033104680 -0.399847597 2.839475155
-0.415323675 0.068983182 0.907054365 5.681236267 -0.002323630 0.997036874 -0.076890476 -0.402020067 -0.909670830 -0.034042086 -0.413932770 2.816261530
-0.429619312 0.072100893 0.900126994 5.722327232 0.001776119 0.996872842 -0.079002582 -0.405788600 -0.903008282 -0.032342304 -0.428403914 2.797073841
-0.444888771 0.074359730 0.892493486 5.774255276 -0.000595474 0.996522307 -0.083323933 -0.410894394 -0.895585597 -0.037601333 -0.443297327 2.772036314
-0.459369689 0.077148840 0.884888470 5.815391541 0.001576348 0.996290088 -0.086043060 -0.414928705 -0.888243735 -0.038130678 -0.457787156 2.750496626
-0.475012720 0.074362919 0.876831234 5.867182732 -0.000056314 0.996420503 -0.084535651 -0.419992208 -0.879978895 -0.040204868 -0.473308176 2.723529339
-0.490949363 0.071055539 0.868285537 5.908610821 -0.001741363 0.996586263 -0.082539558 -0.423635960 -0.871186376 -0.042034741 -0.489149719 2.700376272
-0.507124722 0.070283584 0.859002113 5.958763123 -0.003090784 0.996514618 -0.083359577 -0.429061800 -0.861867130 -0.044928692 -0.505139947 2.672452927
-0.523155749 0.069815978 0.849372566 6.004307747 -0.003815932 0.996436954 -0.084254615 -0.433335245 -0.852228522 -0.047319431 -0.521025240 2.645452023
-0.539138019 0.068717755 0.839409411 6.044454575 -0.004473448 0.996418178 -0.084444411 -0.437408417 -0.842205644 -0.049282242 -0.536899567 2.620075226
-0.554299712 0.068172790 0.829520464 6.092010498 -0.005353658 0.996327281 -0.085458964 -0.442747593 -0.832299948 -0.051810842 -0.551898956 2.588451147
-0.569328010 0.068362288 0.819263160 6.131890297 -0.004551584 0.996259332 -0.086294502 -0.446721464 -0.822097898 -0.052858841 -0.566887200 2.560904503
-0.584751904 0.065498836 0.808563530 6.179720402 -0.005626103 0.996383667 -0.084782250 -0.451617181 -0.811192691 -0.054125641 -0.582268655 2.527524471
-0.599759638 0.062059537 0.797770023 6.222959042 -0.005444863 0.996648312 -0.081623942 -0.456378698 -0.800161660 -0.053298496 -0.597411573 2.495654106
-0.614661217 0.059965208 0.786508620 6.262076378 -0.004763791 0.996805847 -0.079721682 -0.460758030 -0.788776755 -0.052748594 -0.612412274 2.465439081
-0.629593313 0.058654148 0.774707615 6.307267189 -0.005250847 0.996802211 -0.079736508 -0.465749025 -0.776907086 -0.054269444 -0.627271950 2.430225849
-0.644443333 0.059365012 0.762344241 6.348755836 -0.006858915 0.996492922 -0.083396681 -0.470405161 -0.764621317 -0.058973283 -0.641775906 2.396250010
-0.659751594 0.058717061 0.749186277 6.389275074 -0.008906353 0.996261835 -0.085924610 -0.475142956 -0.751430929 -0.063361421 -0.656762421 2.361706018
-0.675659835 0.055622909 0.735112131 6.429335594 -0.010521687 0.996320426 -0.085058197 -0.479876995 -0.737138510 -0.065205038 -0.672588348 2.326073647
-0.692026317 0.047610931 0.720300496 6.464879036 -0.014473306 0.996706903 -0.079786219 -0.484195769 -0.721727252 -0.065639287 -0.689058483 2.293557644
-0.708658636 0.045405027 0.704088926 6.507380486 -0.015163744 0.996716499 -0.079538047 -0.489304811 -0.705388546 -0.067041948 -0.705643237 2.251494169
-0.726186097 0.043121729 0.686144471 6.541344643 -0.016509162 0.996649444 -0.080108434 -0.493209362 -0.687300086 -0.069501311 -0.723040938 2.217160940
-0.743127048 0.039505575 0.667983174 6.582517624 -0.019171804 0.996589005 -0.080268346 -0.498530149 -0.668875754 -0.072456017 -0.739834785 2.172183990
-0.759608865 0.037427396 0.649302244 6.615173340 -0.019028340 0.996636569 -0.079709582 -0.502470672 -0.650101721 -0.072903246 -0.756341934 2.134886503
-0.775615633 0.039117552 0.629992187 6.654074669 -0.017058002 0.996414363 -0.082870483 -0.508079112 -0.630974948 -0.075022049 -0.772167325 2.088430405
-0.790957808 0.038886447 0.610633552 6.682981491 -0.012936715 0.996692598 -0.080228545 -0.512652278 -0.611733675 -0.071356997 -0.787838876 2.051480293
-0.805474401 0.039345231 0.591323078 6.721401215 -0.010171398 0.996728897 -0.080175020 -0.517903805 -0.592543304 -0.070593506 -0.802439451 2.001507998
-0.820106983 0.041432757 0.570708275 6.750137329 -0.007126509 0.996558249 -0.082589753 -0.522182822 -0.572165906 -0.071799599 -0.816989064 1.962279916
-0.833677411 0.042013872 0.550651312 6.783976555 -0.007410113 0.996161163 -0.087224387 -0.527605593 -0.552202106 -0.076797366 -0.830165684 1.911563158
-0.846677244 0.042706236 0.530390322 6.810377121 -0.004551428 0.996156394 -0.087474599 -0.531680763 -0.532087386 -0.076476775 -0.843228638 1.871105194
-0.858165503 0.040910989 0.511740446 6.843078136 -0.003002768 0.996402621 -0.084692679 -0.537570596 -0.513364434 -0.074216984 -0.854955435 1.817240834
-0.868710816 0.043225575 0.493430018 6.868094444 0.000513410 0.996262968 -0.086370960 -0.542194724 -0.495319515 -0.074778043 -0.865486503 1.774330974
-0.878176868 0.045898318 0.476128846 6.898243904 0.003308893 0.995944798 -0.089905113 -0.548068285 -0.478324503 -0.077377126 -0.874767661 1.720451951
-0.887521207 0.044258296 0.458636343 6.921740532 0.002004081 0.995737553 -0.092210308 -0.551538467 -0.460762501 -0.080919445 -0.883826911 1.678369761
-0.895363331 0.041001469 0.443444937 6.949567318 0.000743380 0.995888889 -0.090580158 -0.558913231 -0.445335835 -0.080772519 -0.891712844 1.622239351
-0.902466238 0.038947407 0.428996265 6.971215248 -0.000037943 0.995896935 -0.090494595 -0.563964128 -0.430760592 -0.081684612 -0.898761928 1.576585412
-0.909002542 0.036711335 0.415170759 6.996662140 -0.000963685 0.995925486 -0.090174362 -0.569592655 -0.416789532 -0.082368828 -0.905263424 1.522185326
-0.915144324 0.034274463 0.401666880 7.017374992 -0.001927977 0.995995522 -0.089381531 -0.574706435 -0.403121948 -0.082571387 -0.911413550 1.475496292
-0.921032190 0.029470626 0.388369679 7.042388916 -0.004119369 0.996340454 -0.085374437 -0.580583334 -0.389464468 -0.080232456 -0.917540312 1.420373797
-0.926191986 0.026488245 0.376120359 7.062457561 -0.005092384 0.996559560 -0.082722552 -0.584583521 -0.377017558 -0.078532316 -0.922870755 1.372981429
-0.930600703 0.026819564 0.365052104 7.085374832 -0.002157246 0.996892929 -0.078738824 -0.590706766 -0.366029620 -0.074061908 -0.927651405 1.317379713
-0.934127271 0.030293774 0.355652362 7.104174137 0.001641118 0.996745944 -0.080590449 -0.594951153 -0.356936455 -0.074698068 -0.931137204 1.270674229
-0.936002731 0.036061671 0.350140482 7.125214100 0.007708356 0.996599555 -0.082035646 -0.600354910 -0.351908267 -0.074086584 -0.933097959 1.212986231
-0.937985241 0.038943112 0.344480574 7.143072605 0.010176306 0.996335268 -0.084925465 -0.604594409 -0.346525431 -0.076153301 -0.934944332 1.165395260
-0.939637423 0.037094649 0.340155214 7.164239883 0.009242543 0.996495187 -0.083138548 -0.610507011 -0.342046976 -0.074976176 -0.936686993 1.107874155
-0.941329479 0.029868705 0.336164892 7.181481838 0.003307035 0.996844530 -0.079310626 -0.614999413 -0.337473035 -0.073545709 -0.938457787 1.060046315
-0.943562806 0.023036769 0.330391824 7.203229904 -0.002878493 0.996969819 -0.077734992 -0.620128691 -0.331181496 -0.074298881 -0.940637350 1.002546787
-0.944911003 0.016965633 0.326887578 7.220220566 -0.009430188 0.996830404 -0.078995191 -0.624549806 -0.327191710 -0.077726036 -0.941756010 0.953533888
-0.946494699 0.013700155 0.322428495 7.240756512 -0.013448589 0.996556222 -0.081822783 -0.629633188 -0.322438985 -0.081781045 -0.943050861 0.897453070
-0.947309494 0.014997569 0.319968343 7.257535458 -0.012501998 0.996411145 -0.083717681 -0.634132147 -0.320075512 -0.083306804 -0.943722188 0.849889398
-0.947436392 0.015280400 0.319579214 7.277171135 -0.012979642 0.996200860 -0.086112387 -0.639957786 -0.319680870 -0.085734040 -0.943638623 0.792121053
-0.947538793 0.017468337 0.319163203 7.293681622 -0.011165556 0.996087372 -0.087666079 -0.644714713 -0.319445699 -0.086630665 -0.943636358 0.745063901
-0.946872652 0.018470796 0.321077824 7.312758446 -0.010742199 0.995975971 -0.088975161 -0.650718689 -0.321429282 -0.087697238 -0.942863941 0.687386513
-0.946300447 0.019257979 0.322714180 7.328983307 -0.010587112 0.995842814 -0.090471707 -0.655791700 -0.323114872 -0.089030042 -0.942162693 0.638467550
-0.945843637 0.020633534 0.323966056 7.348679543 -0.009330229 0.995837748 -0.090665624 -0.660882592 -0.324488342 -0.088778183 -0.941714287 0.585006952
-0.944512904 0.021645121 0.327760488 7.364675045 -0.008542408 0.995870471 -0.090383530 -0.666104794 -0.328363329 -0.088168256 -0.940427542 0.536796689
-0.944888413 0.018584220 0.326864481 7.383629799 -0.011871104 0.995786309 -0.090933055 -0.670671284 -0.327176988 -0.089801826 -0.940686405 0.494219422
-0.942356050 0.016936978 0.334182650 7.403109550 -0.013485830 0.995984256 -0.088506766 -0.676875055 -0.334339648 -0.087911613 -0.938343525 0.433231115
-0.940676153 0.014965751 0.338975251 7.420997620 -0.015029985 0.996208251 -0.085691661 -0.681501806 -0.338972390 -0.085702904 -0.936884522 0.386737585
-0.937882781 0.013454942 0.346691132 7.437620640 -0.015705343 0.996577024 -0.081163481 -0.687126040 -0.346596509 -0.081566729 -0.934461296 0.340922356
-0.934942126 0.014995151 0.354483157 7.459434032 -0.015351791 0.996461093 -0.082641818 -0.692005098 -0.354467869 -0.082707256 -0.931403279 0.281696320
-0.931743979 0.016087538 0.362759203 7.477555752 -0.015012315 0.996457338 -0.082749598 -0.696242571 -0.362805307 -0.082547300 -0.928201616 0.236320257
-0.927899897 0.018937426 0.372348189 7.499424458 -0.013658275 0.996312201 -0.084708594 -0.702047348 -0.372579247 -0.083686739 -0.924219310 0.181598425
-0.923578739 0.020855015 0.382841289 7.518028736 -0.012038077 0.996449947 -0.083321981 -0.706404686 -0.383219868 -0.081563070 -0.920048952 0.136521578
-0.918679297 0.022585465 0.394358039 7.541296005 -0.011915526 0.996325135 -0.084818877 -0.711952329 -0.394824475 -0.082620323 -0.915034115 0.081824541
-0.912821949 0.024866346 0.407599956 7.561687469 -0.011467150 0.996189773 -0.086455025 -0.716122210 -0.408196718 -0.083592050 -0.909058750 0.036326647
-0.906596720 0.027121112 0.421125561 7.586314201 -0.009996209 0.996272564 -0.085681178 -0.722053528 -0.421879619 -0.081887960 -0.902946234 -0.017165184
-0.900558591 0.026265416 0.433940411 7.609945297 -0.010825610 0.996508837 -0.082782827 -0.727157474 -0.434599847 -0.079248451 -0.897130132 -0.065376043
-0.894120574 0.029014664 0.446885318 7.632260323 -0.009193799 0.996499300 -0.083093934 -0.731644511 -0.447731882 -0.078404568 -0.890723765 -0.108918905
-0.886963248 0.031629328 0.460755527 7.658734798 -0.007049642 0.996608615 -0.081984542 -0.736848772 -0.461786151 -0.075965427 -0.883732319 -0.161583900
-0.879643083 0.033387158 0.474460989 7.684251785 -0.005235014 0.996793151 -0.079848580 -0.741540909 -0.475605488 -0.072722077 -0.876647532 -0.208654642
-0.871918976 0.035285208 0.488377035 7.710161209 -0.002844294 0.997018337 -0.077112556 -0.746237278 -0.489641875 -0.068624981 -0.869218886 -0.255266190
-0.863977909 0.038195446 0.502078831 7.736881256 0.000111988 0.997133374 -0.075663783 -0.750659585 -0.503529668 -0.065315612 -0.861505508 -0.300552607
-0.855020404 0.041138723 0.516960025 7.763700485 0.003223017 0.997250915 -0.074028715 -0.755429983 -0.518584311 -0.061629891 -0.852802515 -0.345189333
-0.844542980 0.044311274 0.533651173 7.788657188 0.006178357 0.997310340 -0.073033094 -0.759325981 -0.535452127 -0.058382500 -0.842545331 -0.385570288
-0.833570242 0.047451634 0.550371706 7.819793701 0.009580097 0.997395813 -0.071483284 -0.764298081 -0.552330434 -0.054313716 -0.831854045 -0.433156729
-0.822653890 0.048222002 0.566493869 7.846622467 0.009362593 0.997410476 -0.071306959 -0.768031597 -0.568465412 -0.053357087 -0.820975125 -0.471672297
-0.810807168 0.051071372 0.583081007 7.879158020 0.012012772 0.997428179 -0.070659123 -0.772722483 -0.585190058 -0.050286494 -0.809335470 -0.517604351
-0.797988474 0.053528316 0.600290954 7.907706738 0.013766181 0.997406840 -0.070639528 -0.776351869 -0.602515459 -0.048105814 -0.796656191 -0.555901766
-0.784346759 0.054907952 0.617887735 7.942638874 0.015863240 0.997524440 -0.068507195 -0.780625463 -0.620119691 -0.043931697 -0.783276141 -0.600237131
-0.769535720 0.058640271 0.635905802 7.973301888 0.019512163 0.997469246 -0.068369508 -0.783135772 -0.638305545 -0.040204894 -0.768732369 -0.636373281
-0.752829909 0.059722837 0.655499935 8.006628036 0.020825226 0.997537732 -0.066968597 -0.788940907 -0.657885551 -0.036765032 -0.752219975 -0.676694632
-0.735755503 0.063161433 0.674295425 8.037484169 0.021747993 0.997331560 -0.069690056 -0.792255759 -0.676897883 -0.036610268 -0.735165954 -0.710768461
-0.718560338 0.063161507 0.692590594 8.075827599 0.020304997 0.997348130 -0.069887839 -0.796813726 -0.695168138 -0.036155570 -0.717937350 -0.750111341
-0.700140834 0.062745832 0.711242378 8.108067513 0.017619200 0.997346044 -0.070641726 -0.799816191 -0.713787317 -0.036927637 -0.699388325 -0.781217098
