1.000000000 0.000000000 0.000000000 0.000000000 0.000000000 1.000000000 0.000000000 0.000000000 0.000000000 0.000000000 1.000000000 0.000000000
0.999998271 0.000916835 0.001566936 -0.000453700 -0.000909812 0.999989569 -0.004477092 -0.000200098 -0.001571025 0.004475660 0.999988675 0.072384335
0.999996722 -0.001328016 0.002195775 -0.000266811 0.001339896 0.999984443 -0.005417780 -0.000002990 -0.002188546 0.005420705 0.999982893 0.144165486
0.999992371 -0.003004430 0.002500083 -0.000425212 0.003007574 0.999994695 -0.001255013 -0.000146158 -0.002496299 0.001262523 0.999996066 0.216061264
0.999983788 -0.005433054 0.001679904 -0.000191125 0.005425075 0.999974132 0.004718177 -0.000173849 -0.001705495 -0.004708987 0.999987483 0.288045794
0.999959767 -0.008962655 0.000394642 -0.000220370 0.008960641 0.999948144 0.004841534 -0.000133448 -0.000438015 -0.004837804 0.999988198 0.358822912
0.999935687 -0.011332624 -0.000390900 -0.000314967 0.011333329 0.999934196 0.001848244 0.000236991 0.000369929 -0.001852555 0.999998212 0.429262489
0.999928653 -0.011887701 -0.001145712 -0.000498859 0.011885901 0.999928057 -0.001564403 0.000353022 0.001164226 0.001550673 0.999998093 0.499106616
0.999931753 -0.011513286 -0.001975307 -0.000836833 0.011509126 0.999931574 -0.002104611 0.000359341 0.001999403 0.002081734 0.999995828 0.569301665
0.999932885 -0.011240763 -0.002810503 -0.001604348 0.011239883 0.999936700 -0.000328395 0.000416343 0.002814017 0.000296783 0.999996006 0.638919115
0.999932706 -0.011011406 -0.003644735 -0.001927593 0.011020117 0.999936461 0.002378332 0.000596447 0.003618315 -0.002418338 0.999990463 0.708821416
0.999930382 -0.011052715 -0.004123184 -0.002808561 0.011068595 0.999931335 0.003848528 0.000809378 0.004080364 -0.003893898 0.999984026 0.778369606
0.999908686 -0.012368755 -0.005439195 -0.002542023 0.012395124 0.999911487 0.004841187 0.000946842 0.005378835 -0.004908164 0.999973476 0.847213447
0.999911726 -0.012152898 -0.005379287 -0.004516641 0.012180336 0.999912918 0.005097776 0.000482686 0.005316866 -0.005162847 0.999972582 0.916407347
0.999890566 -0.012971614 -0.007111459 -0.003696205 0.012993781 0.999910831 0.003079679 0.001733516 0.007070876 -0.003171747 0.999969959 0.984610140
0.999872625 -0.013191680 -0.008985710 -0.003820488 0.013203891 0.999912024 0.001300815 0.001520248 0.008967759 -0.001419296 0.999958754 1.052312016
0.999845743 -0.014498183 -0.009915958 -0.005562383 0.014499062 0.999894857 0.000016815 0.001857457 0.009914672 -0.000160584 0.999950826 1.119662404
0.999827862 -0.014240337 -0.011902791 -0.006168050 0.014237361 0.999898612 -0.000334619 0.001535342 0.011906349 0.000165097 0.999929130 1.187807441
0.999834955 -0.012613281 -0.013076654 -0.007910208 0.012598684 0.999919891 -0.001198026 0.001409246 0.013090716 0.001033079 0.999913752 1.255190372
0.999815285 -0.011246153 -0.015584754 -0.008536598 0.011229572 0.999936283 -0.001151011 0.001617614 0.015596707 0.000975789 0.999877930 1.322320223
0.999796748 -0.011735921 -0.016401015 -0.010487174 0.011730843 0.999931037 -0.000405931 0.001550793 0.016404657 0.000213451 0.999865353 1.389725089
0.999779463 -0.011338126 -0.017679796 -0.012351069 0.011353273 0.999935210 0.000756474 0.001584964 0.017670078 -0.000957030 0.999843419 1.457004070
0.999763370 -0.010811235 -0.018877160 -0.014101208 0.010839360 0.999940276 0.001388220 0.001726364 0.018861022 -0.001592508 0.999820948 1.523230076
0.999715567 -0.011675954 -0.020796115 -0.015155289 0.011700423 0.999930978 0.001055415 0.001745075 0.020782357 -0.001298439 0.999783218 1.589239955
0.999687135 -0.012100620 -0.021897294 -0.017474676 0.012110027 0.999926627 0.000296884 0.002115427 0.021892097 -0.000561968 0.999760211 1.654903293
0.999679625 -0.012464454 -0.022031881 -0.020201549 0.012500569 0.999920785 0.001502284 0.001578691 0.022011410 -0.001777214 0.999756217 1.720963717
0.999627650 -0.012401238 -0.024306672 -0.020960931 0.012479605 0.999917388 0.003075038 0.001938895 0.024266526 -0.003377231 0.999699831 1.785375237
0.999612689 -0.013263500 -0.024467003 -0.023223482 0.013402198 0.999894917 0.005513469 0.002346522 0.024391305 -0.005839244 0.999685466 1.849376321
0.999588132 -0.012764446 -0.025703067 -0.024429046 0.012963057 0.999887288 0.007575467 0.002086461 0.025603473 -0.007905537 0.999640882 1.913083076
0.999585509 -0.011845170 -0.026241392 -0.026996838 0.012011182 0.999908864 0.006177819 0.002563246 0.026165819 -0.006490448 0.999636471 1.976510525
0.999563634 -0.010523341 -0.027598936 -0.028148327 0.010624262 0.999937415 0.003512624 0.002762861 0.027560242 -0.003804311 0.999612927 2.036785364
0.999544382 -0.010496613 -0.028301045 -0.030333450 0.010543155 0.999943316 0.001495775 0.003117477 0.028283739 -0.001793476 0.999598384 2.097649336
0.999524415 -0.009454429 -0.029352712 -0.032181613 0.009500379 0.999953866 0.001426362 0.003056889 0.029337868 -0.001704545 0.999568105 2.157196999
0.999509871 -0.008288104 -0.030186869 -0.034607403 0.008309688 0.999965370 0.000589689 0.003255838 0.030180931 -0.000840243 0.999544144 2.215616703
0.999420464 -0.009485505 -0.032692645 -0.036325429 0.009501777 0.999954820 0.000342407 0.002695730 0.032687925 -0.000652846 0.999465406 2.275714874
0.999362051 -0.009586704 -0.034406416 -0.039106585 0.009593414 0.999953985 0.000029932 0.003013559 0.034404546 -0.000359988 0.999407947 2.332699060
0.999295652 -0.009383157 -0.036334570 -0.041551076 0.009433310 0.999954760 0.001209181 0.002963420 0.036321580 -0.001551084 0.999339044 2.391615391
0.999193490 -0.009961224 -0.038899466 -0.043181621 0.010122228 0.999940991 0.003944214 0.002583486 0.038857881 -0.004334783 0.999235392 2.448926926
0.999149144 -0.008755074 -0.040303070 -0.046565618 0.008966227 0.999947011 0.005061320 0.003017654 0.040256619 -0.005418381 0.999174654 2.504854918
0.999082506 -0.007518081 -0.042161766 -0.049221389 0.007743633 0.999956548 0.005188901 0.003110460 0.042120926 -0.005510625 0.999097288 2.560139418
0.999005914 -0.004564716 -0.044343207 -0.052070312 0.004773548 0.999978006 0.004604694 0.003085796 0.044321205 -0.004811790 0.999005735 2.614425421
0.998943448 -0.003222949 -0.045841802 -0.055276170 0.003398551 0.999987185 0.003753189 0.003432769 0.045829110 -0.003905019 0.998941660 2.667309999
0.998856902 -0.003106173 -0.047699772 -0.057743482 0.003340859 0.999982655 0.004841106 0.003703368 0.047683910 -0.004994930 0.998849988 2.721768141
0.998811245 -0.001117380 -0.048734453 -0.060798079 0.001454439 0.999975204 0.006881325 0.003868186 0.048725564 -0.006944026 0.998788059 2.773274183
0.998825788 0.001086108 -0.048433572 -0.064461656 -0.000731682 0.999972820 0.007334901 0.004055781 0.048440214 -0.007290851 0.998799503 2.824776888
0.998846591 0.004238071 -0.047828127 -0.066293322 -0.003988760 0.999977887 0.005306893 0.004133489 0.047849562 -0.005109996 0.998841465 2.874978304
0.998953760 0.006137406 -0.045316730 -0.070264526 -0.006030034 0.999978662 0.002505670 0.003805065 0.045331139 -0.002229787 0.998969555 2.924187899
0.999030769 0.006463271 -0.043540817 -0.072461486 -0.006463735 0.999979079 0.000130100 0.005007852 0.043540757 0.000151463 0.999051630 2.973153591
0.999161780 0.007618223 -0.040219348 -0.074637689 -0.007579485 0.999970675 0.001115578 0.004783579 0.040226661 -0.000809802 0.999190271 3.022054672
0.999235630 0.012392398 -0.037075888 -0.077013358 -0.012262425 0.999917865 0.003730957 0.004816160 0.037119068 -0.003273465 0.999305546 3.071037769
0.999318123 0.016375870 -0.033092294 -0.079304926 -0.016143966 0.999843299 0.007262884 0.004833087 0.033206046 -0.006723691 0.999425828 3.117540359
0.999359727 0.021060105 -0.028924162 -0.080960140 -0.020842107 0.999752223 0.007817743 0.005427754 0.029081635 -0.007209897 0.999550998 3.164017677
0.999412417 0.025125392 -0.023312895 -0.082702644 -0.024935940 0.999653935 0.008381883 0.005497681 0.023515426 -0.007795628 0.999693215 3.207588196
0.999429584 0.028939079 -0.017407713 -0.083912425 -0.028762719 0.999533236 0.010297477 0.005933207 0.017697589 -0.009790910 0.999795496 3.251639366
0.999356091 0.034155522 -0.010991870 -0.084946752 -0.034028184 0.999354005 0.011570207 0.006186385 0.011379956 -0.011188725 0.999872565 3.292856455
0.999295473 0.037286352 -0.004277489 -0.084995613 -0.037235927 0.999242365 0.011318276 0.006234348 0.004696267 -0.011151026 0.999926746 3.334101677
0.999158859 0.040860102 0.003448721 -0.085605994 -0.040897239 0.999097288 0.011488413 0.006137583 -0.002976189 -0.011619794 0.999927998 3.371361971
0.998922408 0.045138724 0.010798126 -0.085513875 -0.045260035 0.998911679 0.011267129 0.006101601 -0.010277790 -0.011743711 0.999878168 3.408869743
0.998596191 0.049521700 0.018800773 -0.085764177 -0.049683001 0.998731315 0.008210517 0.006694585 -0.018370323 -0.009133067 0.999789536 3.444036007
0.998288751 0.051997975 0.026755633 -0.085247226 -0.052155815 0.998625278 0.005235197 0.006395282 -0.026446626 -0.006621701 0.999628305 3.476693630
0.998034716 0.051999580 0.034967262 -0.084891632 -0.052204587 0.998624027 0.004974879 0.006589093 -0.034660455 -0.006790556 0.999375939 3.509179592
0.997765303 0.051379375 0.042715065 -0.082401842 -0.051702011 0.998641491 0.006482198 0.006652903 -0.042323992 -0.008676168 0.999066293 3.539171457
0.997301877 0.053201132 0.050582357 -0.080482230 -0.053620111 0.998537123 0.006961397 0.006932994 -0.050138008 -0.009654847 0.998695672 3.567732096
0.996640384 0.056068644 0.059699997 -0.079673812 -0.056609936 0.998368800 0.007413039 0.006674815 -0.059186980 -0.010767750 0.998188913 3.594611168
0.995753944 0.060998902 0.068942234 -0.078768045 -0.061605722 0.998077989 0.006708084 0.006765984 -0.068400547 -0.010926840 0.997598112 3.619087458
0.994899631 0.064464904 0.077582017 -0.076925308 -0.065176643 0.997851431 0.006674708 0.006896257 -0.076985054 -0.011697203 0.996963561 3.641765833
0.994173765 0.063749887 0.086916924 -0.074671626 -0.064641021 0.997880578 0.007474368 0.006483782 -0.086256228 -0.013049219 0.996187389 3.662321329
0.993241191 0.062824830 0.097595900 -0.071956813 -0.063688517 0.997953176 0.005756550 0.006151551 -0.097034469 -0.011933380 0.995209455 3.682225227
0.992121458 0.061043195 0.109401852 -0.069354534 -0.061542369 0.998103678 0.001188844 0.006356237 -0.109121822 -0.007912327 0.993996859 3.702466965
0.990493655 0.062529929 0.122524023 -0.065887421 -0.062658504 0.998031199 -0.002807180 0.006004880 -0.122458309 -0.004896679 0.992461622 3.721384525
0.988332450 0.064240977 0.138101354 -0.063020349 -0.064180478 0.997926235 -0.004895621 0.005840391 -0.138129473 -0.004024911 0.990405917 3.740993738
0.985791922 0.066193752 0.154378280 -0.059274971 -0.066041350 0.997798204 -0.006121096 0.005237304 -0.154443532 -0.004161222 0.987992823 3.759071350
0.982923746 0.066703312 0.171498179 -0.055567324 -0.066367142 0.997765541 -0.007699429 0.005639782 -0.171628565 -0.003813890 0.985154331 3.780091524
0.979728580 0.065509081 0.189315945 -0.050920784 -0.065002799 0.997845411 -0.008889018 0.005424399 -0.189490378 -0.003597244 0.981875956 3.797952175
0.975928128 0.064338535 0.208386526 -0.045142353 -0.063803844 0.997919142 -0.009293785 0.005339477 -0.208550870 -0.004225793 0.978002429 3.814713717
0.971322119 0.064501129 0.228851140 -0.040175021 -0.063851550 0.997906685 -0.010249796 0.004623231 -0.229033232 -0.004656646 0.973407447 3.833459139
0.965917528 0.067339666 0.249937147 -0.035019934 -0.066276468 0.997720778 -0.012677472 0.004912075 -0.250221133 -0.004319560 0.968179047 3.852877855
0.959716558 0.068468355 0.272499889 -0.028550267 -0.067026488 0.997644365 -0.014607803 0.004344694 -0.272858143 -0.004245361 0.962044835 3.869660854
0.952353299 0.069791481 0.296904802 -0.021295071 -0.068161227 0.997548342 -0.015852986 0.003992412 -0.297283322 -0.005139751 0.954775453 3.889254332
0.943840563 0.072318308 0.322389632 -0.014235020 -0.070658922 0.997357965 -0.016863046 0.003495142 -0.322757393 -0.006863683 0.946456850 3.906444788
0.933876514 0.074332334 0.349785089 -0.006227255 -0.072570622 0.997197926 -0.018159933 0.003330268 -0.350154877 -0.008424988 0.936653972 3.925242662
0.922759473 0.074877277 0.378032148 0.003190637 -0.072925217 0.997146904 -0.019498879 0.002405815 -0.378413588 -0.009575303 0.925587058 3.943221569
0.910019100 0.073677965 0.407966673 0.012834668 -0.071010768 0.997239590 -0.021701304 0.001963392 -0.408439398 -0.009221431 0.912738800 3.959964275
0.895127237 0.070861556 0.440143168 0.024531484 -0.066819005 0.997459471 -0.024696562 0.001516782 -0.440774947 -0.007303363 0.897587895 3.977682590
0.877855122 0.069869138 0.473802239 0.036611795 -0.063818656 0.997544110 -0.028860155 0.000757411 -0.474655032 -0.004902386 0.880158186 3.994759321
0.858360648 0.071905129 0.507982969 0.048120499 -0.063524604 0.997406304 -0.033842888 -0.000105582 -0.509098887 -0.003220012 0.860702038 4.009830475
0.836395860 0.074118137 0.543091595 0.061623573 -0.063341580 0.997247159 -0.038548686 -0.000691459 -0.544453800 -0.002158323 0.838788152 4.027357578
0.811967850 0.076864250 0.578619123 0.076966166 -0.064291492 0.997037292 -0.042227957 -0.001655072 -0.580150723 -0.002912542 0.814503968 4.043911457
0.784587264 0.080629304 0.614753366 0.092666507 -0.066941828 0.996728361 -0.045292642 -0.002571553 -0.616393924 -0.005616684 0.787417889 4.061289310
0.754797041 0.084591992 0.650481105 0.110691428 -0.070129156 0.996372938 -0.048197981 -0.003865868 -0.652198792 -0.009237993 0.757991672 4.078924179
0.721772015 0.085954309 0.686772943 0.130430102 -0.069964416 0.996236920 -0.051155917 -0.004844800 -0.688585579 -0.011126754 0.725069761 4.096406937
0.684872746 0.083502755 0.723862171 0.151294470 -0.066436671 0.996430159 -0.052087251 -0.006408095 -0.725627601 -0.012417849 0.687975645 4.114364624
0.645695090 0.081842914 0.759196639 0.174650192 -0.063384518 0.996552885 -0.053521995 -0.008167744 -0.760959923 -0.013562413 0.648657024 4.131355286
0.603052914 0.081788167 0.793497205 0.200476050 -0.061735228 0.996531665 -0.055797152 -0.009439915 -0.795308709 -0.015338104 0.606010497 4.148519039
0.557345510 0.081497654 0.826271176 0.228744030 -0.057820313 0.996564686 -0.059292629 -0.010903522 -0.828264892 -0.014728785 0.560143113 4.164306164
0.509061635 0.080144241 0.856990755 0.258268237 -0.054658622 0.996656120 -0.060737692 -0.012897894 -0.858992815 -0.015922710 0.511739969 4.179322720
0.459525526 0.078210443 0.884714305 0.288500071 -0.052868623 0.996757686 -0.060655028 -0.015037417 -0.886589706 -0.018901093 0.462170571 4.193959713
0.410717964 0.076453306 0.908551395 0.324036717 -0.052263476 0.996813834 -0.060254335 -0.016306154 -0.910263300 -0.022736510 0.413405091 4.206700325
0.360562265 0.076523788 0.929590702 0.359508872 -0.055282239 0.996630013 -0.060600001 -0.017500870 -0.931095421 -0.029539788 0.363577545 4.218745708
0.311654806 0.076768182 0.947089195 0.396010756 -0.053444389 0.996569276 -0.063192151 -0.019834541 -0.948691189 -0.030922459 0.314688444 4.228366852
0.264358252 0.073353983 0.961630821 0.432955861 -0.042870793 0.997011423 -0.064267389 -0.022651494 -0.963471293 -0.024236260 0.266712844 4.235467434
0.220687151 0.067207083 0.973026395 0.473496497 -0.028465750 0.997641981 -0.062451102 -0.024843983 -0.974929154 -0.013915769 0.222079903 4.241256237
0.178771019 0.066007309 0.981674135 0.513597429 -0.019282363 0.997790515 -0.063579492 -0.027356990 -0.983701706 -0.007562826 0.179648787 4.245026588
0.139975488 0.067879982 0.987825394 0.556714416 -0.016110668 0.997671425 -0.066273667 -0.029039122 -0.990023911 -0.006637837 0.140743092 4.250443935
0.107425854 0.068638004 0.991840959 0.601112485 -0.007655802 0.997641623 -0.068210229 -0.031997122 -0.994183660 -0.000265796 0.107697979 4.253293514
0.078135118 0.066908628 0.994695127 0.645192266 -0.000328664 0.997747004 -0.067088112 -0.034704588 -0.996942639 0.004915019 0.077981070 4.255112648
0.053864703 0.065237716 0.996414959 0.690241992 0.006923976 0.997815132 -0.065703675 -0.037223138 -0.998524308 0.010438262 0.053295307 4.255308628
0.033368886 0.064558648 0.997355878 0.738185227 0.011484869 0.997820914 -0.064972989 -0.039381847 -0.999377072 0.013622580 0.032554720 4.255917072
0.016749173 0.066211559 0.997665048 0.786286712 0.014123165 0.997689724 -0.066450290 -0.042048689 -0.999759972 0.015203174 0.015775362 4.257639885
0.003733126 0.065999240 0.997812808 0.835456550 0.014567352 0.997710109 -0.066046961 -0.044989519 -0.999886930 0.014782049 0.002763144 4.256095886
-0.007792051 0.067007221 0.997722030 0.884573698 0.016342094 0.997627556 -0.066873260 -0.047365636 -0.999836147 0.015783787 -0.008868604 4.255300045
-0.016915359 0.069622524 0.997429967 0.936379731 0.020483378 0.997387409 -0.069272175 -0.050893642 -0.999647081 0.019258970 -0.018297270 4.253555775
-0.023391591 0.071557477 0.997162104 0.988290966 0.024515275 0.997176111 -0.070983388 -0.053993084 -0.999425709 0.022785293 -0.025079791 4.251850605
-0.027925765 0.071038395 0.997082531 1.041904807 0.025143776 0.997205794 -0.070342958 -0.056791119 -0.999293745 0.023106042 -0.029633911 4.249937534
-0.031127505 0.068501420 0.997165263 1.095458388 0.022834169 0.997437119 -0.067807294 -0.059258111 -0.999254584 0.020658767 -0.032611899 4.247845173
-0.034189377 0.061651878 0.997511983 1.152024984 0.020617357 0.997926533 -0.060970854 -0.062641725 -0.999202669 0.018481502 -0.035389587 4.246733665
-0.035106666 0.056242131 0.997799754 1.208015442 0.022061024 0.998215497 -0.055489365 -0.065544084 -0.999140024 0.020064440 -0.036284778 4.244445324
-0.035761479 0.053399011 0.997932673 1.265534759 0.024666965 0.998314381 -0.052535478 -0.068552218 -0.999055862 0.022737224 -0.037018381 4.241945267
-0.035579391 0.055550475 0.997821748 1.323302031 0.028082870 0.998115182 -0.054565463 -0.071832985 -0.998972178 0.026080294 -0.037072346 4.240134239
-0.034882214 0.063059926 0.997399986 1.380842209 0.028920377 0.997653067 -0.062064487 -0.074460708 -0.998972893 0.026680235 -0.036624063 4.237756729
-0.032038052 0.071236849 0.996944785 1.439553261 0.029559193 0.997088075 -0.070297167 -0.077306241 -0.999049366 0.027216697 -0.034050461 4.235391140
-0.030537630 0.072122395 0.996928215 1.500090122 0.030188765 0.997004867 -0.071203209 -0.080120325 -0.999077618 0.027921651 -0.032623451 4.234389305
-0.028231338 0.067713603 0.997305334 1.560366631 0.029889248 0.997314036 -0.066868104 -0.083521605 -0.999154389 0.027920930 -0.030179422 4.232828617
-0.025815891 0.061108943 0.997797191 1.622758031 0.029035451 0.997754574 -0.060355101 -0.087871268 -0.999244928 0.027413366 -0.027532253 4.231587410
-0.022474093 0.059518840 0.997974217 1.684600592 0.027514048 0.997884929 -0.058893915 -0.091466926 -0.999368727 0.026134716 -0.024064165 4.230068684
-0.019907625 0.064965896 0.997688890 1.744659662 0.034961957 0.997321546 -0.064244360 -0.094866350 -0.999190331 0.033602204 -0.022125639 4.229083538
-0.016426345 0.070023984 0.997410119 1.805182457 0.036452040 0.996923506 -0.069389492 -0.098959781 -0.999200404 0.035217814 -0.018928329 4.227879047
-0.013519412 0.070532002 0.997417867 1.866909266 0.030455677 0.997075319 -0.070094965 -0.102554709 -0.999444664 0.029429397 -0.015627969 4.227615833
-0.010745213 0.067624189 0.997652948 1.928211689 0.025783125 0.997397542 -0.067329198 -0.105735421 -0.999609768 0.024999149 -0.012460814 4.227579594
-0.005746596 0.064286917 0.997914910 1.990559697 0.030232159 0.997486293 -0.064085238 -0.109395012 -0.999526381 0.029800847 -0.007675683 4.226739883
-0.001878063 0.065590270 0.997844815 2.051599503 0.034667876 0.997251034 -0.065485999 -0.113122135 -0.999397218 0.034470171 -0.004146775 4.226497173
0.000124607 0.069204845 0.997602463 2.112776995 0.034260392 0.997016549 -0.069168493 -0.118409172 -0.999412954 0.034186877 -0.002246751 4.226809502
0.003723302 0.070031717 0.997537851 2.174674034 0.030604340 0.997069478 -0.070113070 -0.121921748 -0.999524713 0.030790038 0.001569117 4.227973938
0.007938132 0.069234364 0.997568846 2.236093044 0.029528590 0.997148931 -0.069440201 -0.126053810 -0.999532402 0.030008027 0.005871107 4.228250504
0.011407893 0.066396192 0.997727990 2.298801899 0.034084290 0.997187316 -0.066749908 -0.129843876 -0.999353826 0.034768336 0.009112739 4.228085518
0.015351346 0.066492014 0.997668862 2.359004736 0.038097691 0.997022927 -0.067035176 -0.134416252 -0.999156058 0.039037965 0.012772450 4.228744030
0.018408911 0.067645133 0.997539639 2.421342134 0.041772954 0.996785462 -0.068364881 -0.138229251 -0.998957515 0.042928703 0.015524002 4.229825020
0.021234382 0.067416266 0.997499049 2.484175205 0.041598782 0.996800423 -0.068254575 -0.142368957 -0.998908818 0.042944085 0.018362004 4.230710983
0.024728287 0.065905027 0.997519433 2.546883345 0.042720139 0.996843338 -0.066919386 -0.146539897 -0.998780966 0.044268966 0.021834757 4.232412815
0.028750552 0.064835928 0.997481644 2.608669996 0.045094337 0.996794105 -0.066091001 -0.150576368 -0.998568952 0.046880931 0.025734643 4.233661175
0.031281449 0.065252602 0.997378290 2.671362400 0.042948652 0.996857285 -0.066565529 -0.154483497 -0.998587430 0.044918321 0.028380629 4.236130714
0.033875942 0.067229226 0.997162223 2.734298706 0.040170357 0.996837080 -0.068571962 -0.158165738 -0.998618424 0.042379297 0.031068176 4.239632607
0.037003092 0.067060716 0.997062504 2.796736956 0.041803613 0.996768594 -0.068592355 -0.162261456 -0.998440504 0.044218946 0.034080133 4.241436005
0.038775377 0.066981077 0.997000456 2.860373020 0.039532464 0.996866822 -0.068509601 -0.166118890 -0.998465717 0.042070366 0.036005959 4.246354103
0.042126987 0.067449801 0.996832907 2.923962355 0.038415883 0.996871471 -0.069075897 -0.169652462 -0.998373389 0.041204169 0.039404046 4.247314930
0.045098424 0.067379035 0.996707618 2.986712456 0.035615630 0.996980131 -0.069008969 -0.173853412 -0.998347342 0.038610566 0.042562481 4.250329971
0.048028942 0.069431342 0.996429920 3.050449848 0.034212708 0.996881485 -0.071111903 -0.177774519 -0.998259842 0.037505995 0.045503736 4.254504204
0.051428664 0.072966404 0.996007502 3.114698887 0.033105377 0.996654749 -0.074723192 -0.181993037 -0.998127818 0.036816120 0.048841037 4.258049488
0.055063374 0.075274259 0.995641351 3.179272413 0.033479895 0.996454298 -0.077187300 -0.186353728 -0.997921348 0.037584160 0.052347969 4.261684418
0.058233880 0.077342376 0.995302379 3.243476391 0.027528625 0.996490896 -0.079045393 -0.190808326 -0.997923315 0.032002423 0.055900402 4.265691757
0.060371395 0.076694213 0.995225191 3.308819294 0.023269920 0.996664762 -0.078216732 -0.195204288 -0.997904837 0.027880860 0.058385368 4.271574974
0.063884310 0.077376813 0.994953036 3.373543739 0.025622815 0.996533811 -0.079144947 -0.199945927 -0.997628331 0.030549619 0.061680265 4.276113987
0.067857623 0.078572564 0.994596183 3.439737558 0.024629315 0.996458352 -0.080400042 -0.205081820 -0.997391045 0.029951982 0.065682106 4.280774117
0.071106546 0.079724751 0.994277537 3.504474640 0.020793552 0.996465623 -0.081387267 -0.209001988 -0.997251987 0.026461730 0.069197468 4.286703110
0.075222552 0.077650264 0.994138837 3.570715904 0.019959459 0.996646464 -0.079356387 -0.213764265 -0.996966958 0.025811864 0.073420450 4.292537212
0.079943314 0.077041268 0.993817747 3.635983229 0.020221511 0.996678174 -0.078889638 -0.219462335 -0.996594310 0.026403198 0.078119867 4.298162937
0.085224442 0.080899082 0.993072033 3.703764439 0.016797217 0.996439993 -0.082614973 -0.224527270 -0.996220171 0.023721665 0.083562136 4.303888798
0.091136523 0.089251809 0.991830766 3.769628525 0.014952684 0.995740712 -0.090977609 -0.230078161 -0.995726109 0.023121916 0.089413784 4.310266972
0.098116234 0.094480962 0.990679860 3.837606192 0.012918330 0.995278299 -0.096198939 -0.235175192 -0.995091140 0.022236608 0.096432410 4.318336010
0.105632350 0.097061031 0.989656985 3.903084755 0.009074402 0.995089471 -0.098562375 -0.241023839 -0.994363844 0.019391928 0.104232855 4.325618744
0.112851903 0.095175937 0.989042938 3.970801592 0.005236854 0.995331049 -0.096378557 -0.247426197 -0.993598044 0.016055977 0.111826546 4.333875179
0.119967110 0.094170079 0.988301516 4.039323807 0.004711547 0.995425880 -0.095420830 -0.252559513 -0.992766678 0.016103791 0.118974671 4.343204021
0.127732649 0.090155423 0.987702489 4.107470512 0.004475472 0.995797455 -0.091473095 -0.259373069 -0.991798520 0.016104536 0.126792386 4.352082253
0.134844735 0.084828682 0.987228870 4.174410820 0.000978709 0.996316671 -0.085743263 -0.265579998 -0.990866244 0.012528236 0.134265095 4.361634254
0.142040834 0.076820888 0.986875296 4.243728161 -0.001148323 0.996996045 -0.077443436 -0.271642238 -0.989860177 0.009866878 0.141702399 4.372736454
0.149998665 0.074872039 0.985847116 4.310556889 0.001075782 0.997115493 -0.075891517 -0.274733543 -0.988685608 0.012444184 0.149485484 4.383077621
0.156595349 0.076911420 0.984663606 4.377523899 0.000511816 0.996956944 -0.077953018 -0.280071735 -0.987662733 0.012711051 0.156079471 4.394852638
0.162309140 0.083044842 0.983239174 4.442080498 0.000691737 0.996442378 -0.084274165 -0.285986125 -0.986739695 0.014358611 0.161674246 4.405538082
0.167942494 0.086855218 0.981963038 4.508523941 -0.000395443 0.996116877 -0.088039488 -0.290402204 -0.985796630 0.014397264 0.167324707 4.417244911
0.172561079 0.089706525 0.980905473 4.572849274 -0.001110962 0.995861292 -0.090878837 -0.296038568 -0.984998107 0.014592403 0.171946585 4.429967880
0.178101569 0.089211196 0.979959786 4.636407852 -0.003340484 0.995930910 -0.090058014 -0.301395208 -0.984006464 0.012765932 0.177674860 4.442137718
0.183547661 0.086232826 0.979221225 4.701310635 -0.000463029 0.996152341 -0.087637037 -0.307787657 -0.983010709 0.015632166 0.182881325 4.453487873
0.188180462 0.079806909 0.978886664 4.764778614 -0.000648075 0.996702850 -0.081134871 -0.313044459 -0.982134223 0.014633602 0.187611759 4.465672970
0.190945148 0.073656157 0.978833437 4.826361179 -0.003142767 0.997221529 -0.074426778 -0.318455637 -0.981595755 0.011135185 0.190646082 4.479500771
0.194545627 0.070031665 0.978390276 4.891451836 -0.004644704 0.997502625 -0.070476145 -0.323009461 -0.980882466 0.009166488 0.194385052 4.492331505
0.197433695 0.069607861 0.977841854 4.951504230 -0.006220413 0.997544825 -0.069754466 -0.327921391 -0.980296552 0.007689300 0.197381929 4.505521297
0.199715957 0.072378404 0.977177024 5.011559963 -0.008387451 0.997357845 -0.072158948 -0.331623167 -0.979817986 0.006215267 0.199795365 4.518262863
0.201624215 0.076310068 0.976485670 5.071183681 -0.012735770 0.997080386 -0.075289816 -0.336320728 -0.979380190 0.002743949 0.202007353 4.530872345
0.203619212 0.080337614 0.975748479 5.129088879 -0.013154059 0.996762216 -0.079322778 -0.341130525 -0.978961706 0.003316591 0.204016700 4.543665409
0.205109760 0.086038508 0.974949896 5.185870171 -0.014053526 0.996284962 -0.084964715 -0.345418334 -0.978638113 0.003725608 0.205556870 4.556804180
0.207265377 0.088155650 0.974304616 5.242942333 -0.012579711 0.996089458 -0.087450638 -0.350017726 -0.978203833 0.005869018 0.207563832 4.568764687
0.208252564 0.087844156 0.974122286 5.299566269 -0.015238397 0.996129096 -0.086570948 -0.354760349 -0.977956355 0.003184564 0.208785027 4.582229614
0.208830640 0.084490851 0.974295139 5.355025768 -0.014690265 0.996419489 -0.083260760 -0.359727442 -0.977841496 0.003074744 0.209324121 4.594523907
0.209133342 0.081994817 0.974443495 5.409970284 -0.015196077 0.996630669 -0.080600403 -0.364530504 -0.977769017 0.002048514 0.209674701 4.607540607
0.209633067 0.081180543 0.974404216 5.463651657 -0.013625962 0.996693194 -0.080106020 -0.368297696 -0.977685153 0.003515676 0.210045993 4.617950916
0.207917616 0.080500975 0.974828124 5.518067837 -0.014570107 0.996751845 -0.079203844 -0.373058319 -0.978037834 0.002264522 0.208415180 4.630241871
0.206013843 0.081129976 0.975180149 5.569422722 -0.016311061 0.996703446 -0.079474770 -0.377829909 -0.978413165 0.000466681 0.206658021 4.641754627
0.203347370 0.083808661 0.975513101 5.620171547 -0.017925033 0.996481478 -0.081873603 -0.383063197 -0.978942513 -0.000837325 0.204134151 4.653674603
0.201958001 0.087626159 0.975466311 5.669852257 -0.013934356 0.996145725 -0.086598881 -0.386289179 -0.979295015 0.003896841 0.202400610 4.662048340
0.200575322 0.088624887 0.975661397 5.720070839 -0.011002554 0.996040761 -0.088214174 -0.389473021 -0.979616523 0.006958821 0.200756297 4.672486782
0.198063999 0.087116428 0.976310074 5.769394398 -0.012351345 0.996185243 -0.086384192 -0.393977433 -0.980111241 0.005050856 0.198384449 4.682649136
0.195324436 0.084397122 0.977100492 5.818473339 -0.013591502 0.996427655 -0.083349533 -0.398158878 -0.980644464 0.002999940 0.195773780 4.693432808
0.192676246 0.080139965 0.977984309 5.867600918 -0.012630495 0.996779382 -0.079191715 -0.402738005 -0.981181085 0.002905933 0.193067878 4.704688072
0.191841811 0.079310924 0.978215992 5.911474705 -0.009110616 0.996830344 -0.079033405 -0.406648546 -0.981383502 0.006249761 0.191956282 4.710092545
0.190076694 0.080549695 0.978459358 5.957206249 -0.005238079 0.996697605 -0.081033573 -0.410433054 -0.981755257 0.010277347 0.189870879 4.719139099
0.187464252 0.082736984 0.978780746 6.002404213 -0.001306815 0.996466577 -0.083981670 -0.413994133 -0.982270539 0.014464479 0.186909959 4.727188110
0.185122952 0.084581472 0.979068696 6.047466278 -0.001873692 0.996317744 -0.085717343 -0.417333990 -0.982713521 0.014033774 0.184599787 4.736742020
0.184393480 0.086764634 0.979015350 6.092661858 -0.001485516 0.996119201 -0.088000670 -0.421587527 -0.982851326 0.014772407 0.183806807 4.744441032
0.183325708 0.085344844 0.979340553 6.138800144 -0.000286671 0.996228874 -0.086762913 -0.425357848 -0.983052194 0.015625125 0.182658851 4.753024101
0.184488639 0.083570741 0.979275167 6.184542656 0.005929793 0.996265531 -0.086137809 -0.429152846 -0.982816756 0.021698350 0.183304116 4.760135651
0.186135545 0.082297765 0.979071319 6.230505466 0.010308927 0.996267378 -0.085703097 -0.431918859 -0.982469976 0.026045561 0.184592336 4.769203186
0.188700125 0.081553735 0.978642523 6.276248455 0.013180457 0.996245682 -0.085562080 -0.435877860 -0.981946349 0.029044533 0.186916739 4.776901722
0.192426965 0.081254333 0.977941513 6.322434425 0.010359242 0.996342242 -0.084821559 -0.439765215 -0.981256604 0.026452689 0.190881371 4.786112785
0.196819633 0.082089312 0.976997137 6.369554996 0.009212734 0.996289909 -0.085566282 -0.443343103 -0.980396450 0.025841935 0.195333168 4.797431946
0.204102248 0.081312455 0.975566745 6.415869713 0.010396782 0.996308327 -0.085216366 -0.446229637 -0.978894353 0.027535612 0.202503338 4.805749893
0.211015686 0.081307635 0.974095166 6.463288307 0.008674929 0.996339440 -0.085043602 -0.450313568 -0.977444172 0.026395746 0.209537923 4.818034172
0.220126390 0.078833118 0.972280622 6.511380672 0.008988812 0.996522784 -0.082833782 -0.454503477 -0.975429893 0.026973551 0.218652382 4.828514099
0.228754565 0.078944318 0.970277786 6.559690475 0.005393644 0.996588171 -0.082356617 -0.458082438 -0.973469257 0.024072791 0.227548316 4.841149330
0.237873003 0.078311890 0.968134105 6.607881069 0.004431080 0.996646643 -0.081706963 -0.462267101 -0.971286178 0.023725765 0.236728296 4.854621887
0.247305930 0.082226619 0.965442061 6.655816078 -0.001172386 0.996417284 -0.084564447 -0.466274619 -0.968936741 0.019781420 0.246516317 4.868443012
0.256699979 0.084422678 0.962796926 6.706314087 -0.004289590 0.996267438 -0.086213842 -0.469592661 -0.966481626 0.018001085 0.256103963 4.883188725
0.267749697 0.087088093 0.959544480 6.756925583 -0.008505985 0.996081412 -0.088030681 -0.473680794 -0.963450968 0.015408315 0.267441273 4.897925854
0.277663738 0.089141101 0.956533670 6.807739258 -0.009887923 0.995898187 -0.089939281 -0.477557451 -0.960627437 0.015514741 0.277406216 4.913990974
0.287623733 0.089910895 0.953513741 6.859708786 -0.012788915 0.995855570 -0.090045750 -0.481866539 -0.957658112 0.013704884 0.287581533 4.930730820
0.297607571 0.090124160 0.950424850 6.912213326 -0.013845153 0.995836914 -0.090095006 -0.486505091 -0.954587877 0.013654185 0.297616482 4.948454857
0.307729691 0.091598198 0.947054505 6.966183186 -0.018225642 0.995740056 -0.090384893 -0.490044117 -0.951299250 0.010553442 0.308088273 4.966870308
0.318570495 0.086479388 0.943946004 7.020551682 -0.017699836 0.996198654 -0.085293010 -0.494492590 -0.947733879 0.010464150 0.318890214 4.985458374
0.329058170 0.079378575 0.940967500 7.075886726 -0.014318515 0.996765554 -0.079078421 -0.499183923 -0.944201052 0.012548144 0.329130530 5.005331039
0.340148062 0.074795611 0.937392533 7.131396294 -0.012221094 0.997099221 -0.075125024 -0.503085017 -0.940292478 0.014097669 0.340075433 5.025658607
0.350197345 0.072059341 0.933899999 7.188739300 -0.013686576 0.997323632 -0.071820833 -0.507188976 -0.936576009 0.012369569 0.350246340 5.048478127
0.359807581 0.069546282 0.930430949 7.246212482 -0.007387207 0.997399211 -0.071695194 -0.510420084 -0.932997286 0.018923189 0.359385610 5.070210457
0.368246287 0.064018428 0.927521527 7.305163860 -0.000223616 0.997632623 -0.068768777 -0.513530076 -0.929728270 0.025116445 0.367388844 5.093743801
0.375340790 0.054602455 0.925277174 7.364982128 0.009137937 0.997996807 -0.062600613 -0.517282963 -0.926841855 0.031951685 0.374089956 5.117000580
0.382327557 0.049857955 0.922680736 7.424716473 0.014591087 0.998093009 -0.059978981 -0.521385968 -0.923911631 0.036394533 0.380870998 5.141293526
0.389711261 0.049833935 0.919587791 7.485320091 0.016176898 0.998010397 -0.060939375 -0.525980592 -0.920795023 0.038624842 0.388129741 5.167089462
0.397409379 0.056505751 0.915900052 7.545703888 0.018735977 0.997394621 -0.069663048 -0.528804481 -0.917450070 0.044845033 0.395315319 5.192845821
0.404673129 0.059800796 0.912504017 7.604169846 0.023619151 0.996843100 -0.075802453 -0.532759786 -0.914156318 0.052227788 0.401983172 5.218141079
0.410193384 0.062895179 0.909827232 7.662469387 0.020690901 0.996720612 -0.078230448 -0.536086202 -0.911763847 0.050914753 0.407546848 5.242976665
0.414381653 0.064292252 0.907829404 7.723657131 0.013510794 0.996957183 -0.076771289 -0.542232871 -0.910002887 0.044078115 0.412252158 5.274131775
0.418217361 0.068606026 0.905752361 7.782003403 0.006268241 0.996901929 -0.078404382 -0.546750486 -0.908325374 0.038467545 0.416491657 5.302249432
0.422833145 0.071174748 0.903408170 7.841226578 0.005663842 0.996683836 -0.081174344 -0.552311599 -0.906189859 0.039439961 0.421027839 5.329993248
0.426304877 0.075355463 0.901435375 7.895789146 0.002601173 0.996417880 -0.084525689 -0.557055235 -0.904575825 0.038378492 0.424581856 5.357296944
0.430262476 0.078507818 0.899283409 7.952819347 -0.000066106 0.996213675 -0.086938247 -0.561581910 -0.902703881 0.037346814 0.428638518 5.385443211
0.433677673 0.076320253 0.897830129 8.005162239 -0.001314592 0.996458948 -0.084069267 -0.567660213 -0.901067257 0.035278670 0.432242364 5.410888195
0.437897056 0.073387280 0.896024764 8.061530113 -0.000211501 0.996671200 -0.081527151 -0.571982503 -0.899025083 0.035510998 0.436454892 5.438536167
0.441315025 0.070723869 0.894560933 8.113849640 0.000059237 0.996886969 -0.078842990 -0.575638175 -0.897352219 0.034847591 0.439937055 5.463888645
0.445031464 0.069629394 0.892803848 8.169849396 -0.000751646 0.997001290 -0.077381037 -0.581263959 -0.895514667 0.033765927 0.443749279 5.493761063
0.448241353 0.071525693 0.891046345 8.220400810 -0.003729308 0.996934652 -0.078149468 -0.586115479 -0.893904686 0.031706836 0.447134107 5.519262314
0.450540096 0.071861811 0.889859200 8.270916939 -0.003248611 0.996880352 -0.078859679 -0.591268003 -0.892750204 0.032638635 0.449368089 5.546062946
0.452891767 0.070542373 0.888770282 8.321887016 -0.001370089 0.996918797 -0.078428045 -0.595248580 -0.891564369 0.034301721 0.451592952 5.572039127
0.454820305 0.069171213 0.887892842 8.371826172 0.001117073 0.996934056 -0.078238256 -0.599125326 -0.890582561 0.036576200 0.453348547 5.596758366
0.456523508 0.068424791 0.887076259 8.420681000 0.000622604 0.997013509 -0.077225223 -0.603562474 -0.889711201 0.035807431 0.455117524 5.623033047
0.458609670 0.067898139 0.886040032 8.469271660 0.001972596 0.996996522 -0.077421829 -0.607601881 -0.888635576 0.037254203 0.457098365 5.648147106
0.461126387 0.070218503 0.884551764 8.516483307 0.000209438 0.996855438 -0.079242676 -0.612173736 -0.887334466 0.036726158 0.459661603 5.672798634
0.464009106 0.070321135 0.883034706 8.563038826 0.003487372 0.996691227 -0.081204772 -0.615929961 -0.885823548 0.040759224 0.462228626 5.696634769
0.466715187 0.069875747 0.881642997 8.608644485 0.004781684 0.996659994 -0.081522845 -0.620646954 -0.884394705 0.042263679 0.464822203 5.722415924
0.470199674 0.067505740 0.879974544 8.653685570 0.008095530 0.996698618 -0.080785736 -0.624555528 -0.882522941 0.045109287 0.468100876 5.745098114
0.473461509 0.066634700 0.878290415 8.697596550 0.009320595 0.996699512 -0.080642708 -0.628579974 -0.880765200 0.046367411 0.471277803 5.768875122
0.476596057 0.066054098 0.876637399 8.740519524 0.010391007 0.996680260 -0.080748484 -0.632670581 -0.879060984 0.047593545 0.474327564 5.792705536
0.480403453 0.065497465 0.874598444 8.784345627 0.010669352 0.996697366 -0.080501780 -0.636511445 -0.876982689 0.048004739 0.478118062 5.815855503
0.483683437 0.064930364 0.872831106 8.826739311 0.012330449 0.996639967 -0.080973528 -0.640373945 -0.875156045 0.049927972 0.481257647 5.840271473
0.487730831 0.065567173 0.870528281 8.868514061 0.012255944 0.996563077 -0.081926599 -0.644474030 -0.872908056 0.050627276 0.485250920 5.863725662
0.491783351 0.066323265 0.868187964 8.910788536 0.014194497 0.996351600 -0.084154479 -0.647774518 -0.870601892 0.053709257 0.489047736 5.887487411
0.496764034 0.069723345 0.865080416 8.951832771 0.011623558 0.996143818 -0.086961448 -0.652079821 -0.867807806 0.053254634 0.494038016 5.911498070
0.502311170 0.075413272 0.861392081 8.991036415 0.008388551 0.995717704 -0.092064917 -0.656162322 -0.864646256 0.053471070 0.499527514 5.935254574
0.508228779 0.082540527 0.857257545 9.033561707 0.003736776 0.995175898 -0.098035276 -0.659750700 -0.861213923 0.053027738 0.505468667 5.960703373
0.513547122 0.088794902 0.853454649 9.073929787 -0.002321171 0.994771302 -0.102101021 -0.664786637 -0.858058333 0.050452668 0.511068046 5.988167763
0.519723535 0.093344681 0.849219799 9.114039421 -0.006430566 0.994412363 -0.105368473 -0.669698715 -0.854310393 0.049301513 0.517419815 6.014526844
0.525943160 0.093647353 0.845348418 9.156270981 -0.009837745 0.994523168 -0.104052193 -0.673241377 -0.850462794 0.046409216 0.523983955 6.039464951
0.530947566 0.092799969 0.842308044 9.197272301 -0.016537558 0.994931102 -0.099190541 -0.677875161 -0.847243249 0.038735256 0.529790938 6.067260265
0.536963880 0.090301529 0.838758230 9.239120483 -0.022876959 0.995447397 -0.092525266 -0.682684422 -0.843295038 0.030494493 0.536585212 6.096398354
0.543231308 0.088792928 0.834874570 9.282538414 -0.029098477 0.995785594 -0.086972952 -0.686721325 -0.839078665 0.022952851 0.543525636 6.123951912
0.548925161 0.086962745 0.831335425 9.325334549 -0.031944491 0.996029198 -0.083097987 -0.691191375 -0.835260868 0.019057985 0.549523473 6.154808998
0.555552542 0.090503156 0.826541245 9.368104935 -0.036419265 0.995753288 -0.084552318 -0.694631279 -0.830683470 0.016871229 0.556489289 6.183847904
0.561547041 0.094434313 0.822038352 9.412557602 -0.040835969 0.995418370 -0.086456224 -0.698898554 -0.826436520 0.014980498 0.562830567 6.215583801
0.567902207 0.097811833 0.817263663 9.457253456 -0.042672627 0.995077491 -0.089440502 -0.702131093 -0.821989059 0.015918676 0.569280624 6.246689796
0.574303746 0.100043103 0.812506378 9.501880646 -0.045770112 0.994876206 -0.090146445 -0.707054138 -0.817361772 0.014582925 0.575940073 6.279150009
0.580383360 0.100715153 0.808091223 9.548404694 -0.048795383 0.994840562 -0.088944755 -0.711451411 -0.812880158 0.012190949 0.582303524 6.314525604
0.586457729 0.103395745 0.803353429 9.594466209 -0.055669695 0.994618893 -0.087373063 -0.715507925 -0.808064520 0.006518166 0.589057922 6.350260258
0.593442261 0.101194426 0.798489749 9.643016815 -0.055208061 0.994846165 -0.085048154 -0.719866872 -0.802980840 0.006388105 0.595970571 6.387205601
