1.000000000 0.000000000 0.000000000 0.000000000 0.000000000 1.000000000 0.000000000 0.000000000 0.000000000 0.000000000 1.000000000 0.000000000
0.999999821 -0.000585740 -0.000243842 -0.000241134 0.000586161 0.999998331 0.001727782 -0.000847125 0.000242829 -0.001727924 0.999998450 0.050535709
0.999998212 -0.001755625 -0.000586059 -0.000497271 0.001756588 0.999997020 0.001647876 -0.001486871 0.000583164 -0.001648903 0.999998450 0.100903317
0.999993861 -0.003401107 -0.000885038 -0.000573693 0.003401870 0.999993801 0.000862249 -0.002304861 0.000882100 -0.000865255 0.999999166 0.153769404
0.999994040 -0.003398060 -0.000515158 -0.000798149 0.003398567 0.999993861 0.000988093 -0.003223368 0.000511797 -0.000989837 0.999999404 0.201067522
0.999992728 -0.003770247 -0.000545470 -0.000966293 0.003771263 0.999991119 0.001874529 -0.004002958 0.000538398 -0.001876572 0.999998093 0.252280176
0.999986351 -0.005220094 -0.000107523 -0.001382883 0.005220395 0.999981821 0.003012213 -0.004627902 0.000091797 -0.003012734 0.999995410 0.302999586
0.999988556 -0.004775221 -0.000172982 -0.001747283 0.004775783 0.999982834 0.003397835 -0.005238259 0.000156754 -0.003398622 0.999994218 0.353818297
0.999992430 -0.003842162 -0.000480049 -0.001939158 0.003842980 0.999991119 0.001713607 -0.006102518 0.000473461 -0.001715439 0.999998391 0.405154526
0.999999166 -0.001164524 -0.000527647 -0.002400430 0.001164232 0.999999166 -0.000554272 -0.006822643 0.000528292 0.000553657 0.999999702 0.456147075
0.999997616 0.002127636 -0.000444367 -0.002731692 -0.002128264 0.999996841 -0.001417861 -0.007706687 0.000441349 0.001418804 0.999998868 0.507232249
0.999989450 0.004580276 -0.000371555 -0.003075743 -0.004580826 0.999988377 -0.001494928 -0.008501478 0.000364704 0.001496615 0.999998808 0.559468806
0.999983191 0.005784790 -0.000322605 -0.003291651 -0.005784994 0.999983013 -0.000634073 -0.009427132 0.000318932 0.000635929 0.999999762 0.610603571
0.999995291 0.003056516 -0.000065710 -0.003466881 -0.003056356 0.999992669 0.002310991 -0.010366797 0.000072773 -0.002310780 0.999997318 0.662854195
0.999999166 -0.001301566 0.000088284 -0.003233221 0.001301210 0.999991477 0.003914349 -0.010907141 -0.000093379 -0.003914231 0.999992251 0.714753330
0.999993086 -0.003635317 -0.000920978 -0.002725082 0.003636584 0.999992430 0.001377263 -0.011648413 0.000915964 -0.001380602 0.999998569 0.768071175
0.999988675 -0.004741161 -0.000315307 -0.003375054 0.004741054 0.999988675 -0.000338068 -0.012471442 0.000316906 0.000336570 0.999999881 0.818531930
0.999996066 -0.002821156 0.000196585 -0.003251498 0.002821500 0.999994457 -0.001774420 -0.013524182 -0.000191578 0.001774967 0.999998450 0.871134460
0.999999285 0.000075459 0.001209106 -0.004221028 -0.000075467 1.000000000 0.000006451 -0.014079426 -0.001209105 -0.000006542 0.999999285 0.922868729
0.999998987 0.001134320 0.000879320 -0.003828965 -0.001137932 0.999990880 0.004117772 -0.015175684 -0.000874641 -0.004118768 0.999991119 0.976962328
0.999995828 -0.002159602 0.001926551 -0.004311252 0.002148508 0.999981225 0.005742091 -0.015406442 -0.001938915 -0.005737927 0.999981642 1.028556705
0.999978423 -0.006344202 0.001708908 -0.004543156 0.006337810 0.999973059 0.003719468 -0.015752869 -0.001732459 -0.003708558 0.999991596 1.081960201
0.999979198 -0.006301607 0.001386646 -0.004157091 0.006299496 0.999978960 0.001522571 -0.016650474 -0.001396212 -0.001513804 0.999997854 1.134313583
0.999979377 -0.005958045 0.002409649 -0.004990323 0.005961500 0.999981284 -0.001428773 -0.017216332 -0.002401091 0.001443109 0.999996066 1.187359095
0.999990582 -0.003536345 0.002515865 -0.004578490 0.003540698 0.999992192 -0.001727811 -0.018210124 -0.002509736 0.001736703 0.999995351 1.239408255
0.999992549 -0.002363188 0.003049313 -0.005132863 0.002374824 0.999989808 -0.003817908 -0.019408844 -0.003040259 0.003825121 0.999988079 1.292561412
0.999993801 -0.001495507 0.003199712 -0.005377050 0.001506369 0.999993145 -0.003394956 -0.020117013 -0.003194613 0.003399755 0.999989152 1.345665574
0.999995291 -0.001010950 0.002899236 -0.004846376 0.001017296 0.999997199 -0.002188363 -0.021200908 -0.002897015 0.002191303 0.999993384 1.398190737
0.999993443 0.000472531 0.003594300 -0.006355106 -0.000468866 0.999999404 -0.001020385 -0.021736983 -0.003594779 0.001018694 0.999992967 1.451373339
0.999992132 0.002544999 0.003038754 -0.005805177 -0.002544465 0.999996662 -0.000179395 -0.023143401 -0.003039200 0.000171662 0.999995291 1.504462600
0.999988675 0.004187049 0.002256776 -0.004658425 -0.004185881 0.999991059 -0.000522564 -0.023617091 -0.002258943 0.000513111 0.999997258 1.557766199
0.999970317 0.006993004 0.003233922 -0.006471452 -0.006992040 0.999975502 -0.000309852 -0.024649510 -0.003236009 0.000287231 0.999994695 1.611608863
0.999969661 0.007446043 0.002309340 -0.006248369 -0.007445934 0.999972284 -0.000056292 -0.025663098 -0.002309695 0.000039095 0.999997318 1.665794611
0.999973238 0.006889016 0.002468847 -0.006791819 -0.006889030 0.999976218 -0.000002984 -0.026704717 -0.002468808 -0.000014024 0.999996960 1.718944430
0.999980569 0.006108035 0.001316843 -0.006444402 -0.006107247 0.999981105 -0.000601791 -0.027505532 -0.001320494 0.000593737 0.999998987 1.772685647
0.999985158 0.005412554 0.000622420 -0.006597145 -0.005412211 0.999985158 -0.000551297 -0.028310768 -0.000625394 0.000547921 0.999999642 1.826232433
0.999980688 0.006208377 -0.000411133 -0.006783367 -0.006208339 0.999980748 0.000095211 -0.029027702 0.000411716 -0.000092657 0.999999940 1.880622625
0.999980867 0.006074878 -0.001162406 -0.007550513 -0.006074817 0.999981523 0.000055243 -0.029960506 0.001162720 -0.000048181 0.999999344 1.934592724
0.999978065 0.006101919 -0.002558136 -0.008074133 -0.006100865 0.999981284 0.000420001 -0.030633371 0.002560651 -0.000404385 0.999996662 1.987452388
0.999973059 0.006438536 -0.003527099 -0.008147017 -0.006434147 0.999978542 0.001254722 -0.031548142 0.003535102 -0.001231994 0.999992967 2.042755127
0.999982655 0.004504282 -0.003793581 -0.008762794 -0.004495433 0.999987185 0.002337984 -0.032712758 0.003804063 -0.002320889 0.999990046 2.097205877
0.999984562 0.002751801 -0.004832357 -0.009175118 -0.002739752 0.999993145 0.002498131 -0.033311736 0.004839198 -0.002484853 0.999985218 2.151234865
0.999986827 0.000512834 -0.005105060 -0.009532697 -0.000501819 0.999997556 0.002158747 -0.034325738 0.005106155 -0.002156157 0.999984682 2.205643415
0.999984980 -0.001484843 -0.005261042 -0.010201359 0.001497260 0.999996066 0.002357031 -0.034982070 0.005257522 -0.002364873 0.999983370 2.258944035
0.999987662 -0.001759343 -0.004644236 -0.010705510 0.001773023 0.999994099 0.002943211 -0.035940435 0.004639031 -0.002951409 0.999984860 2.311659336
0.999982893 -0.003864763 -0.004393346 -0.010727529 0.003880234 0.999986291 0.003518427 -0.036396183 0.004379687 -0.003535414 0.999984086 2.366841555
0.999983132 -0.004574650 -0.003583104 -0.011226844 0.004586067 0.999984503 0.003184746 -0.037342183 0.003568479 -0.003201124 0.999988437 2.419706106
0.999958873 -0.008315986 -0.003619886 -0.011496254 0.008325195 0.999962091 0.002536117 -0.038157176 0.003598659 -0.002566149 0.999990165 2.474427223
0.999962628 -0.007895649 -0.003538267 -0.011177892 0.007902909 0.999966681 0.002042315 -0.038910661 0.003522024 -0.002070201 0.999991655 2.528966665
0.999977171 -0.006211611 -0.002658528 -0.012117321 0.006216434 0.999979019 0.001810021 -0.039628431 0.002647229 -0.001826507 0.999994814 2.582322836
0.999995768 -0.002731731 -0.001062922 -0.013624081 0.002734436 0.999993026 0.002551673 -0.040094458 0.001055943 -0.002554568 0.999996245 2.634909153
0.999998689 0.000558036 -0.001514858 -0.012893954 -0.000551310 0.999989986 0.004437041 -0.041389294 0.001517319 -0.004436200 0.999989033 2.690312862
0.999989331 0.004535087 -0.000922921 -0.013689070 -0.004530317 0.999976695 0.005106283 -0.042381376 0.000946057 -0.005102047 0.999986589 2.742770433
0.999950647 0.009933925 0.000236941 -0.014682436 -0.009934868 0.999940991 0.004376889 -0.043155432 -0.000193447 -0.004379027 0.999990344 2.796082497
0.999927521 0.012017143 0.000817801 -0.015293054 -0.012019798 0.999922156 0.003322736 -0.043356523 -0.000777807 -0.003332325 0.999994159 2.849858522
0.999893904 0.014467130 0.001715080 -0.015652373 -0.014473143 0.999888957 0.003546791 -0.044713669 -0.001663578 -0.003571238 0.999992251 2.901851177
0.999900401 0.013970017 0.002000811 -0.016151171 -0.013978467 0.999893188 0.004273589 -0.045581002 -0.001940895 -0.004301132 0.999988914 2.955890656
0.999909163 0.013295271 0.002205352 -0.016303323 -0.013303448 0.999904513 0.003735314 -0.046475790 -0.002155479 -0.003764314 0.999990582 3.007580996
0.999921560 0.012253475 0.002572678 -0.017118473 -0.012259732 0.999921858 0.002430250 -0.046913065 -0.002542698 -0.002461600 0.999993742 3.059204102
0.999936342 0.011197132 0.001334399 -0.016037766 -0.011201010 0.999932945 0.002935565 -0.048104957 -0.001301440 -0.002950325 0.999994814 3.112072706
0.999927521 0.011954829 0.001388506 -0.016544424 -0.011958534 0.999924898 0.002690616 -0.048937541 -0.001356236 -0.002707025 0.999995470 3.164665222
0.999939919 0.010948589 0.000418447 -0.016261986 -0.010949570 0.999937177 0.002410196 -0.049640749 -0.000392032 -0.002414633 0.999997020 3.217093229
0.999934077 0.011479471 -0.000117207 -0.016562901 -0.011479058 0.999929428 0.003063166 -0.050840028 0.000152362 -0.003061619 0.999995291 3.268645048
0.999945462 0.010389979 -0.001043070 -0.017206812 -0.010386201 0.999939680 0.003566811 -0.051145263 0.001080066 -0.003555782 0.999993026 3.320546627
0.999954700 0.009205901 -0.002442472 -0.017326180 -0.009195951 0.999949515 0.004054938 -0.051760193 0.002479678 -0.004032293 0.999988735 3.373018742
0.999970794 0.006620673 -0.003824444 -0.017299807 -0.006602157 0.999966502 0.004833913 -0.052735440 0.003856320 -0.004808522 0.999980986 3.425051451
0.999980927 0.004036183 -0.004664374 -0.017479382 -0.004012633 0.999979138 0.005047421 -0.053638242 0.004684649 -0.005028608 0.999976397 3.476574659
0.999982893 0.002636106 -0.005211293 -0.018295312 -0.002612454 0.999986291 0.004540314 -0.054357015 0.005223190 -0.004526623 0.999976039 3.528245449
0.999985158 0.001654066 -0.005205377 -0.018706501 -0.001631572 0.999989390 0.004322393 -0.055031277 0.005212472 -0.004313836 0.999977052 3.578001261
0.999981403 0.002490727 -0.005564412 -0.018828973 -0.002473082 0.999991894 0.003175559 -0.055484869 0.005572276 -0.003161739 0.999979377 3.630214930
0.999982119 0.001287746 -0.005826064 -0.019638609 -0.001270919 0.999994993 0.002890947 -0.056482110 0.005829758 -0.002883491 0.999978840 3.682485819
0.999982953 0.002319732 -0.005352542 -0.020298574 -0.002308243 0.999994993 0.002151654 -0.057137340 0.005357507 -0.002139261 0.999983370 3.733438015
0.999984384 0.002311763 -0.005072271 -0.021215355 -0.002296683 0.999992847 0.002976948 -0.058553372 0.005079116 -0.002965252 0.999982715 3.781908274
0.999982715 0.002902722 -0.005108747 -0.021620607 -0.002880962 0.999986708 0.004261537 -0.059082314 0.005121049 -0.004246745 0.999977887 3.832828760
0.999981344 0.004438607 -0.004186391 -0.022942046 -0.004413147 0.999971807 0.006071084 -0.060406014 0.004213220 -0.006052496 0.999972820 3.882472992
0.999984801 0.003040528 -0.004595150 -0.022918936 -0.003019678 0.999985158 0.004537517 -0.060734719 0.004608878 -0.004523572 0.999979138 3.932129383
0.999981344 0.003143105 -0.005234260 -0.022801658 -0.003132653 0.999993145 0.002003920 -0.061610848 0.005240522 -0.001987486 0.999984324 3.983601093
0.999979556 0.004089828 -0.004901333 -0.023573626 -0.004089044 0.999991655 0.000169687 -0.061877348 0.004901985 -0.000149641 0.999988019 4.033591270
0.999989867 0.000335264 -0.004494357 -0.023752479 -0.000324737 0.999997139 0.002342775 -0.063291200 0.004495129 -0.002341291 0.999987185 4.080059528
0.999991000 -0.001022482 -0.004113275 -0.023714842 0.001037080 0.999993086 0.003548357 -0.064162351 0.004109618 -0.003552591 0.999985278 4.128377438
0.999985099 -0.004378070 -0.003234017 -0.024359575 0.004392827 0.999979913 0.004570059 -0.064332873 0.003213944 -0.004584197 0.999984324 4.179745674
0.999986291 -0.004479039 -0.002671362 -0.023863278 0.004488385 0.999983847 0.003502961 -0.065540195 0.002655629 -0.003514904 0.999990284 4.228641510
0.999993801 -0.003146830 -0.001560032 -0.025204014 0.003148559 0.999994457 0.001107139 -0.066119321 0.001556539 -0.001112044 0.999998152 4.277773857
0.999999583 -0.000844040 -0.000436926 -0.025615968 0.000843404 0.999998629 -0.001455665 -0.066564336 0.000438154 0.001455296 0.999998808 4.328061104
0.999997020 0.002266178 0.000910146 -0.025815828 -0.002265194 0.999996781 -0.001081445 -0.067609474 -0.000912594 0.001079381 0.999998987 4.375943661
0.999993861 0.002647487 0.002305416 -0.026069421 -0.002650090 0.999995828 0.001127022 -0.068459176 -0.002302422 -0.001133124 0.999996722 4.425854206
0.999990165 0.003092126 0.003182775 -0.026171612 -0.003101565 0.999990821 0.002965049 -0.069030724 -0.003173578 -0.002974891 0.999990523 4.474273205
0.999988794 0.002792200 0.003813643 -0.026086761 -0.002805308 0.999990165 0.003436037 -0.069783017 -0.003804012 -0.003446697 0.999986827 4.524369717
0.999983370 0.002879732 0.004997603 -0.026222846 -0.002894192 0.999991655 0.002888686 -0.070407800 -0.004989243 -0.002903102 0.999983311 4.572826862
0.999973416 0.004324376 0.005875173 -0.026126066 -0.004340036 0.999987125 0.002655484 -0.071074232 -0.005863614 -0.002680912 0.999979198 4.622307301
0.999951184 0.006466765 0.007480657 -0.026739527 -0.006486040 0.999975741 0.002555289 -0.072184615 -0.007463951 -0.002603684 0.999968767 4.672243595
0.999929130 0.008353014 0.008477808 -0.025741991 -0.008360495 0.999964833 0.000847372 -0.072719857 -0.008470429 -0.000918191 0.999963701 4.719950199
0.999898493 0.010100098 0.010048678 -0.026475683 -0.010095728 0.999948919 -0.000485491 -0.073221348 -0.010053068 0.000383993 0.999949396 4.769666672
0.999914110 0.008180015 0.010235704 -0.025462423 -0.008176179 0.999966562 -0.000416793 -0.073857859 -0.010238769 0.000333068 0.999947548 4.819574356
0.999905407 0.007725095 0.011382005 -0.025136411 -0.007738720 0.999969363 0.001153329 -0.075102940 -0.011372748 -0.001241302 0.999934494 4.867104053
0.999905467 0.006794437 0.011958059 -0.024108380 -0.006822687 0.999974012 0.002323175 -0.076281689 -0.011941963 -0.002404541 0.999925792 4.916455269
0.999910176 0.005888232 0.012041439 -0.023796603 -0.005917055 0.999979675 0.002359383 -0.076775007 -0.012027303 -0.002430421 0.999924719 4.966670036
0.999912262 0.004177460 0.012567084 -0.023639560 -0.004208154 0.999988139 0.002417015 -0.077527203 -0.012556837 -0.002469687 0.999918103 5.014964104
0.999917924 0.002601148 0.012545392 -0.023784988 -0.002633857 0.999993145 0.002591467 -0.077830702 -0.012538566 -0.002624298 0.999917865 5.064360619
0.999923468 0.001716227 0.012250866 -0.023542143 -0.001742009 0.999996245 0.002094199 -0.078510217 -0.012247226 -0.002115380 0.999922752 5.112540245
0.999942899 -0.000119648 0.010677941 -0.022819024 0.000096239 0.999997616 0.002192694 -0.079197884 -0.010678179 -0.002191541 0.999940574 5.161891460
0.999956250 -0.001693976 0.009190791 -0.022361387 0.001665717 0.999993861 0.003081426 -0.079920337 -0.009195955 -0.003065982 0.999953032 5.210116863
0.999965906 -0.002369786 0.007900957 -0.021662075 0.002348211 0.999993503 0.002738773 -0.080209814 -0.007907396 -0.002720126 0.999965012 5.260288239
0.999968410 -0.003230531 0.007266477 -0.021947388 0.003203537 0.999987960 0.003723390 -0.081878729 -0.007278418 -0.003699993 0.999966681 5.309029579
0.999972641 -0.003938709 0.006261000 -0.022145543 0.003919623 0.999987662 0.003057819 -0.082554281 -0.006272967 -0.003033194 0.999975741 5.358076096
0.999979675 -0.004085750 0.004887882 -0.021725820 0.004071273 0.999987364 0.002968091 -0.083536997 -0.004899945 -0.002948131 0.999983668 5.406451702
0.999971390 -0.006173517 0.004374493 -0.021765279 0.006170854 0.999980748 0.000621828 -0.084226348 -0.004378248 -0.000594816 0.999990165 5.455629826
0.999932289 -0.011077814 0.003568880 -0.022088451 0.011079137 0.999938548 -0.000351145 -0.084652625 -0.003564770 0.000390661 0.999993563 5.505898476
0.999817610 -0.019003496 0.001879449 -0.021007132 0.018999178 0.999816835 0.002289057 -0.086002924 -0.001922604 -0.002252932 0.999995589 5.555390358
0.999668062 -0.025758695 0.000476550 -0.020643061 0.025756858 0.999662161 0.003519384 -0.086017326 -0.000567044 -0.003505942 0.999993682 5.603368282
0.999531150 -0.030603971 -0.000912285 -0.020011783 0.030604387 0.999531448 0.000441967 -0.086598024 0.000898331 -0.000469680 0.999999464 5.652165413
0.999560773 -0.029626692 -0.000605112 -0.019909173 0.029624898 0.999557137 -0.002789218 -0.087951526 0.000687479 0.002770067 0.999995887 5.702863693
0.999684393 -0.025109595 0.000724721 -0.020727046 0.025112942 0.999671936 -0.005062168 -0.088745654 -0.000597374 0.005078771 0.999986887 5.751237392
0.999670744 -0.025602417 0.001733727 -0.021324767 0.025610341 0.999660909 -0.004714485 -0.090106361 -0.001612437 0.004757334 0.999987364 5.800733089
0.999587417 -0.028609652 0.002540438 -0.021066450 0.028612712 0.999589860 -0.001176168 -0.091056660 -0.002505747 0.001248372 0.999996066 5.849611282
0.999413967 -0.034108061 0.002869976 -0.021054829 0.034104116 0.999417245 0.001412606 -0.091946341 -0.002916484 -0.001313900 0.999994874 5.898385048
0.999310076 -0.037058596 0.002437114 -0.020147145 0.037052121 0.999309838 0.002647529 -0.092632584 -0.002533545 -0.002555402 0.999993563 5.949315071
0.999230266 -0.039172437 0.002117695 -0.019468213 0.039166436 0.999228776 0.002804726 -0.093587384 -0.002225930 -0.002719624 0.999993861 5.999187469
0.999339819 -0.036109690 0.003985991 -0.020671038 0.036098555 0.999344230 0.002829613 -0.093732469 -0.004085553 -0.002683857 0.999988079 6.047105789
0.999462247 -0.032505147 0.004289350 -0.019503118 0.032496542 0.999469697 0.002061567 -0.094722927 -0.004354087 -0.001921070 0.999988675 6.098081589
0.999574840 -0.028522536 0.006056262 -0.021150529 0.028527332 0.999592841 -0.000707225 -0.095001556 -0.006033624 0.000879692 0.999981403 6.147893429
0.999643207 -0.025809793 0.006877404 -0.021263048 0.025812242 0.999666691 -0.000268058 -0.096833289 -0.006868194 0.000445483 0.999976337 6.197042465
0.999694586 -0.023907460 0.006261988 -0.020514924 0.023903256 0.999714017 0.000744986 -0.097292855 -0.006278009 -0.000595076 0.999980152 6.249517918
0.999711692 -0.023263821 0.005949033 -0.020846233 0.023263853 0.999729335 0.000064245 -0.097787231 -0.005948917 0.000074171 0.999982357 6.300276756
0.999785721 -0.019702682 0.006350863 -0.020893302 0.019717176 0.999803126 -0.002227888 -0.099385239 -0.006305717 0.002352631 0.999977350 6.348813534
0.999847651 -0.016471310 0.005779310 -0.020891685 0.016499629 0.999851882 -0.004887259 -0.100423023 -0.005697954 0.004981870 0.999971271 6.398998737
0.999926388 -0.010871955 0.005390418 -0.021311611 0.010907393 0.999918759 -0.006589581 -0.101272032 -0.005318339 0.006647891 0.999963760 6.450834274
0.999962866 -0.006253673 0.005951461 -0.021385226 0.006281197 0.999969602 -0.004617208 -0.102875575 -0.005922406 0.004654417 0.999971628 6.499047279
0.999971390 -0.003646494 0.006639776 -0.021421742 0.003667593 0.999988317 -0.003168257 -0.103812605 -0.006628145 0.003192518 0.999972939 6.549933434
0.999972343 -0.002346257 0.007055505 -0.022431385 0.002355999 0.999996305 -0.001372859 -0.104276113 -0.007052257 0.001389444 0.999974191 6.601514816
0.999967098 -0.005612654 0.005849499 -0.020899143 0.005614332 0.999984205 -0.000270428 -0.105131477 -0.005847888 0.000303261 0.999982834 6.651117802
0.999953866 -0.008775006 0.003895995 -0.020170700 0.008775141 0.999961495 -0.000017496 -0.105838336 -0.003895692 0.000051684 0.999992371 6.702044964
0.999951243 -0.009731904 0.001720724 -0.020686563 0.009738524 0.999945045 -0.003881074 -0.107267626 -0.001682859 0.003897641 0.999991000 6.753345490
0.999973774 -0.007236051 0.000325029 -0.020646112 0.007238432 0.999941468 -0.008042610 -0.108241156 -0.000266814 0.008044752 0.999967575 6.805449009
0.999997497 -0.002198803 -0.000585735 -0.021348545 0.002194030 0.999965429 -0.008027100 -0.110597253 0.000603364 0.008025796 0.999967575 6.857365608
0.999999702 0.000177220 -0.000741006 -0.020513911 -0.000182556 0.999974012 -0.007206314 -0.110913008 0.000739709 0.007206449 0.999973714 6.906085491
0.999990582 0.004339803 0.000229335 -0.022680642 -0.004338717 0.999980390 -0.004541121 -0.112199843 -0.000249038 0.004540083 0.999989688 6.960806847
0.999984622 0.005509846 0.000742808 -0.022923622 -0.005507741 0.999980927 -0.002807240 -0.112865418 -0.000758262 0.002803105 0.999995828 7.010888577
0.999988616 0.004657836 0.001067218 -0.024254527 -0.004655644 0.999987066 -0.002048334 -0.113646589 -0.001076745 0.002043342 0.999997377 7.064111710
0.999996603 0.002566851 0.000408798 -0.023015931 -0.002566307 0.999995828 -0.001326185 -0.114627406 -0.000412201 0.001325132 0.999999046 7.116105080
0.999999166 0.000850428 0.000926266 -0.023119120 -0.000849508 0.999999106 -0.000994080 -0.115306854 -0.000927111 0.000993292 0.999999106 7.168232918
0.999996901 -0.002309920 0.000844434 -0.023062859 0.002310973 0.999996543 -0.001247917 -0.115849324 -0.000841548 0.001249864 0.999998927 7.218836308
0.999977529 -0.006626846 0.000934184 -0.022819370 0.006626490 0.999977946 0.000383927 -0.117376201 -0.000936707 -0.000377728 0.999999464 7.272958279
0.999947727 -0.010092951 0.001614738 -0.022894138 0.010089573 0.999946892 0.002087117 -0.118245192 -0.001635717 -0.002070716 0.999996483 7.323584557
0.999911070 -0.013191592 0.001932367 -0.022158371 0.013187965 0.999911249 0.001877079 -0.119008251 -0.001956957 -0.001851429 0.999996364 7.374711514
0.999936759 -0.011066171 0.001975228 -0.022467455 0.011071070 0.999935627 -0.002487141 -0.119903155 -0.001947578 0.002508853 0.999994934 7.430273056
0.999986708 -0.004809267 0.001843245 -0.022932868 0.004823877 0.999956310 -0.008004889 -0.120053910 -0.001804668 0.008013674 0.999966264 7.484530449
0.999980211 0.005450677 0.003134108 -0.022671478 -0.005426755 0.999956429 -0.007592177 -0.122168213 -0.003175354 0.007575019 0.999966264 7.536016941
0.999904156 0.012946961 0.004894899 -0.023920260 -0.012927679 0.999908626 -0.003950416 -0.123225495 -0.004945596 0.003886757 0.999980152 7.590526104
0.999892056 0.013459964 0.005880114 -0.024469424 -0.013449023 0.999907792 -0.001896122 -0.124288037 -0.005905093 0.001816836 0.999980867 7.643893719
0.999905169 0.012623888 0.005503638 -0.024319865 -0.012616150 0.999919355 -0.001438018 -0.124958821 -0.005521347 0.001368447 0.999983847 7.697986126
0.999950647 0.009032737 0.004144446 -0.024304882 -0.009025559 0.999957681 -0.001747593 -0.125694960 -0.004160056 0.001710100 0.999989927 7.752051353
0.999963224 0.007797995 0.003581234 -0.024211217 -0.007789723 0.999966919 -0.002318378 -0.126686379 -0.003599194 0.002290396 0.999990940 7.805967808
0.999967813 0.007542424 0.002740977 -0.023921313 -0.007535483 0.999968410 -0.002534174 -0.127994195 -0.002760004 0.002513438 0.999993026 7.860707283
0.999950886 0.009525496 0.002747559 -0.024265690 -0.009518486 0.999951422 -0.002553305 -0.128926188 -0.002771748 0.002527027 0.999992967 7.914434433
0.999949276 0.009801412 0.002368194 -0.024196561 -0.009798077 0.999951005 -0.001415378 -0.129929423 -0.002381950 0.001392102 0.999996185 7.968900204
0.999955297 0.009295501 0.001740608 -0.024155367 -0.009292169 0.999954939 -0.001912061 -0.130971283 -0.001758303 0.001895802 0.999996662 8.024087906
0.999957383 0.009089629 0.001588337 -0.024389340 -0.009085158 0.999954760 -0.002801267 -0.132178038 -0.001613727 0.002786717 0.999994814 8.078331947
0.999953687 0.009421017 0.001944056 -0.025312567 -0.009413620 0.999948561 -0.003779808 -0.132751167 -0.001979565 0.003761332 0.999991000 8.132133484
0.999965310 0.008270653 0.001007089 -0.024626663 -0.008267332 0.999960542 -0.003258259 -0.134179428 -0.001033997 0.003249821 0.999994159 8.187420845
0.999962687 0.008604915 0.000825653 -0.024832282 -0.008602017 0.999957025 -0.003452762 -0.135000095 -0.000855329 0.003445531 0.999993682 8.241913795
0.999960780 0.008850085 0.000337757 -0.025422405 -0.008848751 0.999953747 -0.003763714 -0.136147946 -0.000371051 0.003760578 0.999992788 8.297742844
0.999958098 0.009155261 -0.000062928 -0.025677750 -0.009155444 0.999949276 -0.004209971 -0.137114018 0.000024381 0.004210371 0.999991119 8.352477074
0.999957085 0.009242851 -0.000652184 -0.025749186 -0.009245394 0.999949217 -0.004009271 -0.138593540 0.000615094 0.004015130 0.999991775 8.408761024
0.999954700 0.009470598 -0.001001431 -0.026100589 -0.009474419 0.999947548 -0.003880788 -0.139798716 0.000964625 0.003890100 0.999992013 8.464425087
0.999960303 0.008870265 -0.000809548 -0.026704650 -0.008873579 0.999951899 -0.004183097 -0.140537381 0.000772404 0.004190114 0.999990940 8.519695282
0.999968529 0.007931823 0.000269337 -0.028285546 -0.007930471 0.999957502 -0.004699517 -0.141543269 -0.000306601 0.004697232 0.999988914 8.574854851
0.999984384 0.005535457 -0.000771981 -0.027395161 -0.005538745 0.999975443 -0.004325194 -0.142604351 0.000748020 0.004329403 0.999990344 8.631595612
0.999988794 0.004720994 -0.000460415 -0.027930697 -0.004722749 0.999981344 -0.003889485 -0.143568128 0.000442044 0.003891616 0.999992371 8.686852455
0.999989927 0.004448023 -0.000520599 -0.028157592 -0.004449636 0.999985158 -0.003139236 -0.145301223 0.000506628 0.003141522 0.999994934 8.743256569
0.999988973 0.004692433 -0.000133441 -0.028956113 -0.004692824 0.999984145 -0.003094951 -0.146881968 0.000118916 0.003095545 0.999995232 8.799633026
0.999985397 0.005381917 -0.000516031 -0.028402852 -0.005383881 0.999977887 -0.003884231 -0.147729531 0.000495115 0.003886952 0.999992311 8.854527473
0.999978602 0.006489055 0.000789804 -0.029270008 -0.006486467 0.999973714 -0.003235945 -0.148841247 -0.000810781 0.003230753 0.999994457 8.910157204
0.999976754 0.006806850 0.000384434 -0.028781563 -0.006806136 0.999975085 -0.001826983 -0.149258912 -0.000396860 0.001824324 0.999998212 8.967927933
0.999977529 0.006622512 0.001028477 -0.029076625 -0.006621085 0.999977112 -0.001386003 -0.150203213 -0.001037632 0.001379163 0.999998510 9.024237633
0.999965072 0.008019204 0.002339175 -0.030060867 -0.008012652 0.999963939 -0.002797570 -0.151384383 -0.002361526 0.002778729 0.999993324 9.080149651
0.999973238 0.007060335 0.001882867 -0.029572969 -0.007052831 0.999967277 -0.003963053 -0.152735144 -0.001910786 0.003949668 0.999990404 9.136643410
0.999967754 0.007568395 0.002660417 -0.030337371 -0.007560995 0.999967575 -0.002780620 -0.154367208 -0.002681375 0.002760415 0.999992609 9.192697525
0.999976993 0.006510952 0.001910943 -0.029896000 -0.006506339 0.999975920 -0.002410860 -0.154722363 -0.001926594 0.002398372 0.999995232 9.250256538
0.999970555 0.007431697 0.001953907 -0.030496383 -0.007427095 0.999969602 -0.002352671 -0.155836970 -0.001971332 0.002338090 0.999995351 9.306832314
0.999970496 0.007475979 0.001744017 -0.030668959 -0.007472623 0.999970198 -0.001923172 -0.157133654 -0.001758342 0.001910083 0.999996543 9.364125252
0.999960482 0.008753603 0.001538138 -0.030335775 -0.008750393 0.999959588 -0.002080848 -0.157826260 -0.001556290 0.002067307 0.999996603 9.421477318
0.999938011 0.010927850 0.002158232 -0.031179475 -0.010921335 0.999935865 -0.003007753 -0.158418551 -0.002190962 0.002983996 0.999993145 9.477895737
0.999939203 0.010833105 0.002041832 -0.031788338 -0.010829196 0.999939442 -0.001914594 -0.159919471 -0.002062450 0.001892366 0.999996066 9.534866333
0.999957979 0.008898715 0.002157802 -0.032430559 -0.008895583 0.999959290 -0.001456209 -0.161249742 -0.002170672 0.001436952 0.999996603 9.592446327
0.999970257 0.007326919 0.002427834 -0.032874815 -0.007325870 0.999972939 -0.000439900 -0.162436873 -0.002430992 0.000422101 0.999996901 9.649819374
0.999993503 0.002977874 0.002030653 -0.033454370 -0.002977637 0.999995589 -0.000119856 -0.162124231 -0.002031001 0.000113808 0.999997854 9.706407547
0.999996901 0.001297961 0.002115093 -0.032805339 -0.001295084 0.999998331 -0.001361100 -0.162638441 -0.002116856 0.001358357 0.999996841 9.762269974
0.999997675 -0.001074501 0.001866427 -0.034137227 0.001078127 0.999997497 -0.001943241 -0.163752705 -0.001864335 0.001945249 0.999996305 9.819757462
0.999994993 -0.002518856 0.001932901 -0.033212777 0.002519469 0.999996781 -0.000314723 -0.164545015 -0.001932102 0.000319591 0.999998033 9.874339104
0.999990046 -0.003863059 0.002294459 -0.033927426 0.003859184 0.999991119 0.001690727 -0.165915594 -0.002300970 -0.001681855 0.999995947 9.933684349
0.999984264 -0.004652339 0.003162701 -0.034925219 0.004649155 0.999988735 0.001013399 -0.166913033 -0.003167380 -0.000998680 0.999994457 9.990627289
0.999982595 -0.004698548 0.003586175 -0.035171587 0.004700696 0.999988854 -0.000590749 -0.167300522 -0.003583359 0.000607597 0.999993443 10.046270370
0.999981821 -0.004695003 0.003791355 -0.034420699 0.004697737 0.999988675 -0.000712280 -0.168341964 -0.003787967 0.000730078 0.999992549 10.103059769
0.999984741 -0.002582197 0.004892286 -0.034672782 0.002585825 0.999996424 -0.000735249 -0.169387192 -0.004890369 0.000747888 0.999987781 10.159626007
0.999980271 -0.003975292 0.004867807 -0.034142837 0.003977100 0.999992073 -0.000361617 -0.170507923 -0.004866330 0.000380970 0.999988079 10.216915131
0.999973238 0.002076077 0.007013637 -0.035605535 -0.002069032 0.999997377 -0.001011592 -0.172322899 -0.007015719 0.000997054 0.999974847 10.273605347
0.999972761 0.001385123 0.007250972 -0.034615926 -0.001378243 0.999998629 -0.000953861 -0.172764599 -0.007252283 0.000943842 0.999973238 10.329030991
0.999962807 0.003091403 0.008045732 -0.035797268 -0.003075296 0.999993265 -0.002013484 -0.174700707 -0.008051903 0.001988666 0.999965668 10.389203072
0.999945223 0.003631272 0.009810102 -0.035020798 -0.003603615 0.999989510 -0.002835362 -0.175281271 -0.009820295 0.002799856 0.999947786 10.442384720
0.999953270 0.000368219 0.009658017 -0.032973371 -0.000339298 0.999995470 -0.002995907 -0.174738899 -0.009659076 0.002992490 0.999948800 10.499315262
0.999946237 0.001261105 0.010286202 -0.033433720 -0.001249112 0.999998569 -0.001172206 -0.177105322 -0.010287664 0.001159295 0.999946356 10.555227280
0.999936163 0.000047738 0.011293999 -0.033170596 -0.000030935 0.999998868 -0.001487971 -0.177731529 -0.011294059 0.001487527 0.999935091 10.612507820
0.999937594 -0.001126238 0.011111017 -0.033077218 0.001165477 0.999993145 -0.003525659 -0.179019392 -0.011106971 0.003538389 0.999931991 10.666752815
0.999934673 -0.000692898 0.011409955 -0.033216894 0.000778824 0.999971271 -0.007528134 -0.179109246 -0.011404412 0.007536527 0.999906480 10.726763725
0.999949455 -0.001749655 0.009903152 -0.031507552 0.001809075 0.999980390 -0.005994427 -0.181016922 -0.009892470 0.006012040 0.999933004 10.782023430
0.999951363 -0.003187659 0.009338578 -0.031839013 0.003247024 0.999974549 -0.006348715 -0.182030395 -0.009318104 0.006378728 0.999936223 10.840228081
0.999952078 -0.004996497 0.008420500 -0.031717509 0.005060529 0.999958277 -0.007600375 -0.182706892 -0.008382173 0.007642624 0.999935687 10.897829056
0.999967515 -0.002086728 0.007783710 -0.030813679 0.002143626 0.999970913 -0.007308607 -0.184247792 -0.007768235 0.007325056 0.999943018 10.952461243
0.999973357 -0.000944522 0.007242461 -0.030072756 0.000997283 0.999972880 -0.007284783 -0.185356885 -0.007235385 0.007291812 0.999947250 11.012141228
0.999981165 -0.001881019 0.005859137 -0.029730745 0.001919742 0.999976277 -0.006610350 -0.186876997 -0.005846563 0.006621473 0.999960899 11.064965248
0.999984682 -0.001379819 0.005359042 -0.030024298 0.001406145 0.999986887 -0.004911602 -0.188181236 -0.005352193 0.004919063 0.999973595 11.118266106
0.999990046 -0.000906734 0.004371664 -0.029928453 0.000924044 0.999991715 -0.003959057 -0.189091831 -0.004368040 0.003963057 0.999982595 11.175676346
0.999984384 0.000411828 0.005576535 -0.029821984 -0.000392146 0.999993682 -0.003530246 -0.190727711 -0.005577954 0.003528005 0.999978185 11.232392311
0.999980986 0.000184802 0.006161819 -0.030096374 -0.000162188 0.999993265 -0.003670350 -0.191519886 -0.006162456 0.003669281 0.999974251 11.287988663
0.999975443 -0.001282744 0.006885033 -0.029847100 0.001309908 0.999991357 -0.003942354 -0.192217201 -0.006879917 0.003951275 0.999968469 11.341878891
0.999969423 -0.002613136 0.007368244 -0.030585185 0.002649393 0.999984324 -0.004915232 -0.193670660 -0.007355285 0.004934603 0.999960721 11.401224136
0.999957085 -0.004735051 0.007957790 -0.030659638 0.004790385 0.999964297 -0.006948778 -0.194438159 -0.007924604 0.006986601 0.999944150 11.456643105
0.999960303 -0.004664288 0.007585987 -0.029873915 0.004724514 0.999957323 -0.007940752 -0.196062237 -0.007548625 0.007976280 0.999939680 11.516534805
0.999978244 -0.003893645 0.005323883 -0.029912580 0.003940824 0.999952853 -0.008880130 -0.197438464 -0.005289055 0.008900919 0.999946356 11.573422432
0.999989152 -0.003074468 0.003497834 -0.029825382 0.003102201 0.999963522 -0.007950692 -0.198948562 -0.003473263 0.007961458 0.999962211 11.631442070
0.999994159 -0.001756485 0.002912421 -0.029220581 0.001769934 0.999987721 -0.004621670 -0.200128779 -0.002904267 0.004626798 0.999984980 11.688307762
0.999989033 -0.002808382 0.003728049 -0.029946882 0.002815684 0.999994099 -0.001954868 -0.201115862 -0.003722538 0.001965344 0.999991119 11.748061180
0.999986053 -0.003293085 0.004129848 -0.030349366 0.003300269 0.999993026 -0.001733919 -0.201620862 -0.004124109 0.001747524 0.999989986 11.805933952
0.999982536 -0.004329639 0.004026675 -0.029640734 0.004340046 0.999987185 -0.002579056 -0.203018159 -0.004015457 0.002596487 0.999988556 11.865090370
0.999977529 -0.005021647 0.004435616 -0.029488828 0.005033079 0.999984026 -0.002570023 -0.204323664 -0.004422640 0.002592290 0.999986887 11.923465729
0.999977708 -0.005151944 0.004248717 -0.029134918 0.005161558 0.999984145 -0.002255167 -0.205442950 -0.004237032 0.002277047 0.999988437 11.982101440
0.999972641 -0.005726405 0.004685909 -0.028795701 0.005734610 0.999981999 -0.001739620 -0.206899136 -0.004675864 0.001766444 0.999987483 12.039904594
0.999980032 -0.003121584 0.005484492 -0.029214419 0.003140892 0.999988914 -0.003515380 -0.207644209 -0.005473458 0.003532537 0.999978781 12.098937035
0.999978006 -0.001895583 0.006359004 -0.029700331 0.001924688 0.999987662 -0.004573829 -0.208603948 -0.006350257 0.004585968 0.999969304 12.156807899
0.999970973 -0.003540758 0.006750795 -0.028682455 0.003552180 0.999992192 -0.001680739 -0.210551366 -0.006744792 0.001704670 0.999975801 12.215672493
0.999966502 -0.004152591 0.007066933 -0.028800637 0.004161039 0.999990582 -0.001181201 -0.211677283 -0.007061961 0.001210567 0.999974370 12.272705078
0.999963701 -0.005191119 0.006778027 -0.028300755 0.005208298 0.999983251 -0.002519284 -0.212690026 -0.006764837 0.002554494 0.999973834 12.332447052
0.999967456 -0.004702243 0.006550181 -0.027594730 0.004713315 0.999987483 -0.001675981 -0.214015588 -0.006542217 0.001706800 0.999977171 12.390482903
0.999975085 -0.002546828 0.006589599 -0.027981959 0.002575531 0.999987304 -0.004351144 -0.214864194 -0.006578433 0.004368007 0.999968767 12.447326660
0.999983549 -0.000451969 0.005716331 -0.027927652 0.000493330 0.999973714 -0.007236164 -0.216360390 -0.005712911 0.007238864 0.999957502 12.505064011
0.999986470 0.001475742 0.004993032 -0.027706049 -0.001438913 0.999971807 -0.007371659 -0.217181325 -0.005003770 0.007364375 0.999960363 12.562845230
0.999990642 0.001532279 0.004048218 -0.027749855 -0.001518921 0.999993384 -0.003300820 -0.219096318 -0.004053250 0.003294639 0.999986351 12.619503975
0.999992728 0.002510361 0.002896806 -0.027673762 -0.002510900 0.999996901 0.000182254 -0.220807508 -0.002896340 -0.000189526 0.999995768 12.677305222
0.999993503 0.003315056 0.001375557 -0.027783349 -0.003312602 0.999992847 -0.001781911 -0.221415624 -0.001381454 0.001777342 0.999997377 12.735836983
0.999995589 0.002949721 0.000257397 -0.028462613 -0.002948783 0.999989212 -0.003569436 -0.222432584 -0.000267923 0.003568662 0.999993563 12.791939735
0.999996603 0.001038646 -0.002369377 -0.028115612 -0.001043475 0.999997377 -0.002037578 -0.223766968 0.002367254 0.002040043 0.999995053 12.849375725
0.999995887 -0.000517932 -0.002811591 -0.028770380 0.000514260 0.999998987 -0.001306640 -0.225173116 0.002812265 0.001305188 0.999995112 12.906822205
0.999994516 -0.000321059 -0.003300455 -0.029149462 0.000313331 0.999997318 -0.002341527 -0.225984558 0.003301198 0.002340481 0.999991834 12.963579178
0.999993443 -0.001092865 -0.003448374 -0.029698649 0.001081379 0.999993920 -0.003331066 -0.227038294 0.003451993 0.003327315 0.999988556 13.021469116
0.999991894 -0.001153116 -0.003861024 -0.030023474 0.001139543 0.999993145 -0.003515864 -0.228211001 0.003865051 0.003511436 0.999986351 13.078106880
0.999989152 -0.002537064 -0.003909961 -0.030502783 0.002522163 0.999989629 -0.003811328 -0.229506254 0.003919589 0.003801424 0.999985039 13.134583473
0.999991357 -0.002127002 -0.003568749 -0.031242758 0.002112064 0.999989033 -0.004184195 -0.230755672 0.003577609 0.004176622 0.999984860 13.193003654
0.999994218 -0.001709856 -0.002952798 -0.032123737 0.001695507 0.999986827 -0.004855306 -0.232067674 0.002961061 0.004850270 0.999983847 13.249659538
0.999990225 -0.002743689 -0.003468989 -0.032050163 0.002728624 0.999986887 -0.004340233 -0.233520478 0.003480851 0.004330724 0.999984562 13.306501389
0.999990344 -0.002552208 -0.003563602 -0.032299664 0.002533948 0.999983728 -0.005118934 -0.234669864 0.003576609 0.005109854 0.999980569 13.363566399
0.999986947 -0.003740893 -0.003486725 -0.032795355 0.003717646 0.999970913 -0.006650093 -0.236042798 0.003511501 0.006637045 0.999971807 13.421080589
0.999981284 -0.005055802 -0.003440143 -0.032938391 0.005038098 0.999974072 -0.005135981 -0.236998320 0.003466021 0.005118553 0.999980927 13.477339745
0.999967575 -0.007108524 -0.003773956 -0.033178732 0.007093609 0.999967039 -0.003950750 -0.238546416 0.003801915 0.003923851 0.999985099 13.535194397
0.999964833 -0.007269227 -0.004177595 -0.033460230 0.007249116 0.999962151 -0.004809188 -0.239904344 0.004212397 0.004778734 0.999979794 13.591421127
0.999973536 -0.006431584 -0.003395152 -0.034200683 0.006411994 0.999962926 -0.005749566 -0.240821183 0.003432005 0.005727645 0.999977708 13.649166107
0.999983072 -0.005158280 -0.002662453 -0.035208430 0.005145469 0.999975324 -0.004795924 -0.242180556 0.002687125 0.004782144 0.999984980 13.706013680
0.999989808 -0.003896914 -0.002241373 -0.035745468 0.003888274 0.999985039 -0.003846219 -0.243278995 0.002256328 0.003837465 0.999990046 13.763118744
0.999986708 -0.004608820 -0.002268602 -0.036145058 0.004599880 0.999981761 -0.003929885 -0.244556218 0.002286672 0.003919397 0.999989748 13.820595741
0.999987423 -0.004656196 -0.001863162 -0.036462300 0.004647596 0.999978781 -0.004593498 -0.245894864 0.001884510 0.004584781 0.999987662 13.878355026
0.999986708 -0.004964979 -0.001400844 -0.037378855 0.004957838 0.999974966 -0.005055854 -0.246824533 0.001425911 0.005048841 0.999986231 13.936130524
0.999988258 -0.004443244 -0.001946050 -0.036920629 0.004433996 0.999978900 -0.004730842 -0.248503059 0.001967029 0.004722157 0.999986887 13.994240761
0.999998927 -0.001340876 -0.000621601 -0.038175691 0.001337616 0.999985456 -0.005214250 -0.249576837 0.000628584 0.005213413 0.999986172 14.052243233
0.999998271 -0.001328213 -0.001302042 -0.038022958 0.001322273 0.999988794 -0.004552072 -0.250505060 0.001308073 0.004550342 0.999988794 14.110217094
0.999999166 0.000450750 -0.001219040 -0.038452074 -0.000457938 0.999982536 -0.005902829 -0.251624137 0.001216358 0.005903381 0.999981821 14.168539047
0.999998331 0.001757043 -0.000489110 -0.038698249 -0.001759981 0.999980032 -0.006073578 -0.253380626 0.000478429 0.006074430 0.999981463 14.226290703
0.999998987 0.001159576 -0.000874981 -0.038596787 -0.001164730 0.999981821 -0.005914202 -0.254505724 0.000868107 0.005915215 0.999982119 14.284535408
