1.000000000 0.000000000 0.000000000 0.000000000 0.000000000 1.000000000 0.000000000 0.000000000 0.000000000 0.000000000 1.000000000 0.000000000
0.999982953 -0.003035591 -0.004979115 -0.000071725 0.003018087 0.999989271 -0.003519420 -0.001576008 0.004989747 0.003504333 0.999981403 0.068556324
0.999961019 -0.005058681 -0.007234134 -0.000045298 0.005020651 0.999973536 -0.005265580 -0.001996703 0.007260581 0.005229054 0.999960005 0.091601059
0.999934196 -0.007445612 -0.008715639 -0.000267611 0.007382086 0.999946058 -0.007298179 -0.002472438 0.008769508 0.007233359 0.999935329 0.114190988
0.999913037 -0.008551408 -0.010036639 -0.000667593 0.008470626 0.999931514 -0.008063790 -0.002892434 0.010104909 0.007978071 0.999917090 0.137362793
0.999894083 -0.008543662 -0.011782264 -0.000856937 0.008455257 0.999935865 -0.007532434 -0.003383708 0.011845864 0.007432015 0.999902189 0.161086798
0.999877989 -0.009010635 -0.012754986 -0.001443868 0.008912335 0.999930263 -0.007742614 -0.004120287 0.012823868 0.007627992 0.999888718 0.184845209
0.999869764 -0.008410633 -0.013769128 -0.001977618 0.008265894 0.999910295 -0.010535314 -0.004689120 0.013856505 0.010420129 0.999849617 0.208827555
0.999863625 -0.006805838 -0.015040633 -0.002685537 0.006592391 0.999877512 -0.014195696 -0.005426753 0.015135406 0.014094607 0.999786079 0.233252943
0.999851108 -0.005990586 -0.016176775 -0.003295694 0.005705755 0.999828875 -0.017596625 -0.006055114 0.016279422 0.017501704 0.999714255 0.256121993
0.999839246 -0.003882765 -0.017496366 -0.004045635 0.003569781 0.999833643 -0.017884381 -0.006469795 0.017562894 0.017819054 0.999686897 0.283784866
0.999820888 -0.001499807 -0.018861204 -0.004370177 0.001287714 0.999935806 -0.011252033 -0.006727903 0.018876871 0.011225732 0.999758720 0.307421356
0.999808669 -0.000545195 -0.019557200 -0.005313274 0.000535444 0.999999762 -0.000503834 -0.007475016 0.019557472 0.000493266 0.999808609 0.336477667
0.999807894 0.000308313 -0.019598274 -0.006488135 -0.000194759 0.999983191 0.005795704 -0.007668791 0.019599730 -0.005790775 0.999791205 0.361677289
0.999761879 0.002567334 -0.021668473 -0.006939299 -0.002453640 0.999983072 0.005271959 -0.008586938 0.021681642 -0.005217537 0.999751210 0.391925573
0.999738693 0.004571266 -0.022397429 -0.007775835 -0.004619318 0.999987125 -0.002094150 -0.008754811 0.022387570 0.002197064 0.999746859 0.417261660
0.999721408 0.004481345 -0.023173135 -0.009044223 -0.004668597 0.999956846 -0.008032805 -0.008846228 0.023136139 0.008138756 0.999699175 0.448476732
0.999699891 0.001688891 -0.024440071 -0.009542760 -0.001843420 0.999978423 -0.006301631 -0.008998118 0.024428908 0.006344794 0.999681413 0.475765646
0.999689758 0.001331018 -0.024871605 -0.010737208 -0.001257933 0.999994755 0.002953903 -0.009397453 0.024875406 -0.002921700 0.999686241 0.509611249
0.999673426 0.000970157 -0.025538933 -0.011268511 -0.000712518 0.999948680 0.010095233 -0.009470994 0.025547417 -0.010073739 0.999622822 0.538130879
0.999675691 0.000131800 -0.025465332 -0.012250805 0.000191532 0.999919295 0.012694096 -0.009700399 0.025464952 -0.012694856 0.999595106 0.566832960
0.999668837 -0.001430949 -0.025690382 -0.013637700 0.001734246 0.999929070 0.011787473 -0.009907041 0.025671696 -0.011828122 0.999600410 0.605868161
0.999693155 -0.001945284 -0.024695361 -0.014860029 0.002164068 0.999958575 0.008835653 -0.009664991 0.024677157 -0.008886382 0.999655962 0.636346459
0.999693274 0.000846058 -0.024750805 -0.015562200 -0.000700252 0.999982357 0.005899031 -0.009894353 0.024755362 -0.005879890 0.999676287 0.673047364
0.999720216 -0.002678579 -0.023498390 -0.016448636 0.002680113 0.999996483 0.000033778 -0.010011616 0.023498217 -0.000096748 0.999723911 0.704538763
0.999716461 -0.005429082 -0.023182424 -0.016905855 0.005286028 0.999966562 -0.006227618 -0.010336289 0.023215465 0.006103311 0.999711871 0.737133563
0.999745488 -0.004132462 -0.022175785 -0.017828578 0.003874430 0.999924362 -0.011666074 -0.010710060 0.022222318 0.011577186 0.999686003 0.778732896
0.999755025 -0.002629845 -0.021979291 -0.018692845 0.002361238 0.999922335 -0.012237930 -0.011386325 0.022009766 0.012183029 0.999683559 0.812035859
0.999743342 -0.002459808 -0.022520658 -0.019481322 0.002190174 0.999925673 -0.011989538 -0.011950157 0.022548478 0.011937135 0.999674439 0.846456587
0.999745250 -0.001127687 -0.022538383 -0.020545090 0.000830048 0.999912322 -0.013210884 -0.013203386 0.022551302 0.013188813 0.999658704 0.890984952
0.999748707 0.002072772 -0.022316480 -0.021798190 -0.002414388 0.999880075 -0.015291781 -0.014078673 0.022282111 0.015341820 0.999634087 0.926266968
0.999723375 0.005270053 -0.022915944 -0.022526814 -0.005641317 0.999853313 -0.016166784 -0.014844643 0.022827387 0.016291590 0.999606729 0.961592853
0.999722779 0.007283825 -0.022388794 -0.024286587 -0.007644569 0.999841630 -0.016069617 -0.016251370 0.022268204 0.016236316 0.999620199 1.006947875
0.999708354 0.007880838 -0.022831516 -0.025060536 -0.008233706 0.999847412 -0.015402775 -0.017782386 0.022706652 0.015586266 0.999620676 1.042910933
0.999695778 0.007780551 -0.023407910 -0.025821963 -0.008150018 0.999843001 -0.015730036 -0.018577408 0.023281856 0.015916027 0.999602258 1.079358339
0.999680102 0.008754837 -0.023727024 -0.026970405 -0.009106017 0.999849975 -0.014733290 -0.019810097 0.023594474 0.014944637 0.999609888 1.126392484
0.999669909 0.009353320 -0.023927497 -0.028114432 -0.009659454 0.999872565 -0.012710833 -0.020797180 0.023805562 0.012937766 0.999632835 1.163803220
0.999680638 0.009477364 -0.023428200 -0.029572323 -0.009757996 0.999881625 -0.011893166 -0.021779336 0.023312714 0.012117981 0.999654770 1.200916409
0.999644995 0.009989533 -0.024698390 -0.030098755 -0.010300128 0.999868929 -0.012480518 -0.023284951 0.024570482 0.012730485 0.999617040 1.248849869
0.999612868 0.011703377 -0.025238849 -0.031052653 -0.012065555 0.999825597 -0.014245871 -0.023717064 0.025067728 0.014544876 0.999579906 1.286634803
0.999622047 0.010960753 -0.025208678 -0.032486945 -0.011275345 0.999859810 -0.012371405 -0.025318444 0.025069553 0.012650967 0.999605656 1.324440718
0.999614239 0.010764429 -0.025606036 -0.033955578 -0.011030029 0.999886572 -0.010254075 -0.026185762 0.025492756 0.010532552 0.999619484 1.374138594
0.999594152 0.011211960 -0.026188398 -0.035132919 -0.011377449 0.999916136 -0.006178719 -0.027200263 0.026116934 0.006474167 0.999637902 1.412599564
0.999582112 0.011207087 -0.026645493 -0.036497708 -0.011332558 0.999925435 -0.004562537 -0.027904307 0.026592376 0.004862592 0.999634504 1.459136248
0.999568224 0.010655853 -0.027383372 -0.037642758 -0.010769694 0.999934018 -0.004013101 -0.028620265 0.027338805 0.004306279 0.999616921 1.498022199
0.999563813 0.010658206 -0.027540233 -0.039352328 -0.010812486 0.999926627 -0.005459031 -0.029597092 0.027480032 0.005754430 0.999605775 1.545312881
0.999519825 0.011181102 -0.028898872 -0.040234137 -0.011359156 0.999917507 -0.006004483 -0.030427210 0.028829355 0.006329868 0.999564290 1.584669471
0.999518037 0.011733131 -0.028738003 -0.042373680 -0.011872001 0.999918640 -0.004666400 -0.031311028 0.028680915 0.005005330 0.999576092 1.624188304
0.999486089 0.011078634 -0.030080562 -0.043492459 -0.011167735 0.999933660 -0.002795596 -0.032327384 0.030047597 0.003130090 0.999543607 1.676806569
0.999492228 0.010327828 -0.030147023 -0.045408696 -0.010336716 0.999946594 -0.000138939 -0.033087656 0.030143982 0.000450491 0.999545515 1.716310024
0.999458373 0.011386296 -0.030875441 -0.046750542 -0.011388633 0.999935091 0.000100209 -0.034053560 0.030874582 0.000251474 0.999523222 1.755863190
0.999407709 0.013790760 -0.031531073 -0.048084170 -0.013921942 0.999895275 -0.003944557 -0.035105791 0.031473380 0.004381193 0.999495029 1.807330728
0.999392807 0.015121895 -0.031390887 -0.049810916 -0.015379813 0.999849737 -0.007990997 -0.035871141 0.031265333 0.008468932 0.999475241 1.847018480
0.999410212 0.015194123 -0.030790538 -0.051509127 -0.015457801 0.999845684 -0.008343610 -0.037037604 0.030659011 0.008814645 0.999491096 1.886753201
0.999394655 0.015320806 -0.031234119 -0.053051293 -0.015490617 0.999866486 -0.005201832 -0.038253248 0.031150261 0.005682520 0.999498546 1.938691974
0.999410570 0.016330827 -0.030196257 -0.055263817 -0.016426111 0.999860823 -0.002910000 -0.039184503 0.030144539 0.003404292 0.999539673 1.978533745
0.999411821 0.014561853 -0.031048870 -0.055774022 -0.014645895 0.999889672 -0.002481020 -0.039521832 0.031009316 0.002934300 0.999514759 2.018597364
0.999419868 0.014446846 -0.030838784 -0.057683475 -0.014550819 0.999889135 -0.003149791 -0.040787313 0.030789863 0.003596693 0.999519408 2.070318460
0.999457538 0.013392649 -0.030087002 -0.058940675 -0.013558955 0.999893785 -0.005330287 -0.041269183 0.030012427 0.005735344 0.999533057 2.109913111
0.999455154 0.014140384 -0.029820316 -0.060460743 -0.014373479 0.999867678 -0.007616784 -0.042392112 0.029708669 0.008041257 0.999526203 2.149482727
0.999472558 0.012326874 -0.030043002 -0.062130034 -0.012616972 0.999875426 -0.009485716 -0.043922573 0.029922331 0.009859765 0.999503613 2.201251745
0.999482095 0.011152651 -0.030183597 -0.062706389 -0.011551918 0.999847710 -0.013086000 -0.045164585 0.030033058 0.013427900 0.999458730 2.240051508
0.999506474 0.009761578 -0.029857175 -0.064433038 -0.010190758 0.999846458 -0.014256134 -0.046809569 0.029713433 0.014553366 0.999452531 2.280149698
0.999530911 0.007746336 -0.029628932 -0.065660305 -0.008117819 0.999889672 -0.012438222 -0.047638331 0.029529314 0.012672910 0.999483585 2.331216574
0.999530911 0.005921587 -0.030048218 -0.066706747 -0.006118161 0.999960482 -0.006454246 -0.048615728 0.030008813 0.006635057 0.999527633 2.370963573
0.999545574 0.005244554 -0.029682808 -0.067721799 -0.005259030 0.999986112 -0.000409721 -0.049443912 0.029680248 0.000565641 0.999559283 2.409620762
0.999572456 0.002934931 -0.029088674 -0.069759957 -0.002936902 0.999995649 -0.000025029 -0.050563768 0.029088479 0.000110448 0.999576807 2.462106466
0.999589086 0.000100980 -0.028659424 -0.070849895 -0.000183539 0.999995828 -0.002878104 -0.051474459 0.028659018 0.002882182 0.999584973 2.501494884
0.999584436 -0.001795277 -0.028769037 -0.072274737 0.001619629 0.999979854 -0.006127595 -0.052114241 0.028779460 0.006078455 0.999567270 2.540635109
0.999577343 0.000333244 -0.029065954 -0.073702209 -0.000619030 0.999951482 -0.009823860 -0.053824384 0.029061269 0.009837702 0.999529243 2.592356920
0.999576807 0.000520030 -0.029080033 -0.074838765 -0.000934022 0.999898374 -0.014224520 -0.054507192 0.029069681 0.014245665 0.999475896 2.632518530
0.999590516 0.003694158 -0.028374646 -0.076568298 -0.004118416 0.999880314 -0.014908131 -0.055988640 0.028316179 0.015018887 0.999486148 2.680281639
0.999585509 0.007550429 -0.027780408 -0.078003891 -0.007866572 0.999905348 -0.011288402 -0.057159267 0.027692549 0.011502260 0.999550283 2.719852448
0.999586046 0.008762525 -0.027399775 -0.079779230 -0.009012869 0.999918640 -0.009026576 -0.058523789 0.027318448 0.009269790 0.999583781 2.768013954
0.999584734 0.008457737 -0.027546238 -0.080849819 -0.008696783 0.999925435 -0.008569723 -0.059375659 0.027471706 0.008805728 0.999583840 2.807502031
0.999597609 0.006612086 -0.027582634 -0.082404442 -0.006822266 0.999948382 -0.007532906 -0.060633142 0.027531402 0.007718051 0.999591112 2.855837107
0.999584675 0.005945329 -0.028195519 -0.083293580 -0.006104145 0.999965966 -0.005549967 -0.062048689 0.028161565 0.005719771 0.999586999 2.894326925
0.999589026 0.004103781 -0.028367685 -0.084956355 -0.004221098 0.999982774 -0.004076905 -0.062786013 0.028350469 0.004194973 0.999589264 2.943588734
0.999553204 0.003022426 -0.029735189 -0.085622936 -0.003097925 0.999992132 -0.002493295 -0.063614264 0.029727424 0.002584298 0.999554753 2.983477354
0.999554873 0.001187887 -0.029808506 -0.087004595 -0.001304624 0.999991596 -0.003897069 -0.064618438 0.029803628 0.003934224 0.999548018 3.022808313
0.999543309 0.002512214 -0.030114491 -0.089301102 -0.002736415 0.999968827 -0.007406032 -0.066056564 0.030094940 0.007485056 0.999519050 3.073850393
0.999518931 0.003162220 -0.030852582 -0.090705000 -0.003455003 0.999949455 -0.009441040 -0.067038924 0.030821165 0.009543096 0.999479413 3.113750935
0.999494255 0.004965450 -0.031408690 -0.092414804 -0.005214454 0.999955595 -0.007850925 -0.068121210 0.031368315 0.008010732 0.999475777 3.160435200
0.999467492 0.006484349 -0.031978078 -0.093665473 -0.006592384 0.999972939 -0.003274114 -0.069237709 0.031955983 0.003483180 0.999483228 3.199820518
0.999430001 0.007165079 -0.032989167 -0.095278680 -0.007156785 0.999974251 0.000369500 -0.069981791 0.032990966 -0.000133193 0.999455750 3.246334553
0.999418616 0.008435408 -0.033032451 -0.097198941 -0.008401276 0.999964058 0.001171965 -0.070876174 0.033041149 -0.000893769 0.999453664 3.285969019
0.999381125 0.008009967 -0.034250416 -0.098507732 -0.008054564 0.999966800 -0.001164292 -0.071669921 0.034239966 0.001439443 0.999412596 3.331961155
0.999353707 0.007879308 -0.035069782 -0.099714532 -0.007951232 0.999966443 -0.001911817 -0.072475560 0.035053555 0.002189429 0.999382973 3.370407581
0.999357164 0.007500661 -0.035056267 -0.101874880 -0.007579998 0.999968946 -0.002130790 -0.073430024 0.035039201 0.002395147 0.999382973 3.416289568
0.999344647 0.005684036 -0.035747178 -0.103551887 -0.005732351 0.999982715 -0.001249230 -0.074582249 0.035739455 0.001453327 0.999360025 3.453305721
0.999316514 0.005156004 -0.036604304 -0.105032355 -0.005180965 0.999986410 -0.000587065 -0.075137869 0.036600787 0.000776310 0.999329686 3.499127150
0.999291658 0.005289807 -0.037258297 -0.106499672 -0.005227601 0.999984741 0.001766811 -0.075777799 0.037267074 -0.001570788 0.999304116 3.535593987
0.999272466 0.004411146 -0.037883047 -0.108674467 -0.004288735 0.999985337 0.003311934 -0.077103987 0.037897110 -0.003147055 0.999276698 3.578402996
0.999205887 0.003340718 -0.039705656 -0.110529192 -0.003208540 0.999989033 0.003392195 -0.077668309 0.039716568 -0.003262105 0.999205709 3.613527775
0.999067843 0.003439530 -0.043030981 -0.112268098 -0.003339280 0.999991536 0.002401398 -0.078514248 0.043038886 -0.002255467 0.999070883 3.654114962
0.998901367 0.001282814 -0.046843473 -0.113945454 -0.001190555 0.999997258 0.001997359 -0.079359353 0.046845917 -0.001939394 0.998900235 3.687435389
0.998759627 0.003064686 -0.049698502 -0.116260275 -0.002969200 0.999993563 0.001995036 -0.080205664 0.049704306 -0.001844996 0.998762250 3.727192402
0.998609066 0.004077580 -0.052565236 -0.118517898 -0.003919799 0.999987483 0.003104355 -0.080951989 0.052577239 -0.002893992 0.998612583 3.758983135
0.998442292 0.005049341 -0.055567048 -0.120643318 -0.004828209 0.999979854 0.004113110 -0.081576087 0.055586703 -0.003838414 0.998446584 3.795213938
0.998260081 0.006325439 -0.058624223 -0.122634917 -0.006010232 0.999966502 0.005551505 -0.082181156 0.058657371 -0.005189501 0.998264730 3.824813128
0.998101294 0.007875895 -0.061088789 -0.125028521 -0.007498204 0.999951303 0.006409500 -0.082794845 0.061136309 -0.005939274 0.998111784 3.859176397
0.997910976 0.009416468 -0.063912973 -0.126837254 -0.008987700 0.999935091 0.006992854 -0.083393998 0.063974679 -0.006403815 0.997931004 3.886656761
0.997734964 0.011813055 -0.066223234 -0.129326731 -0.011479399 0.999919415 0.005416628 -0.083736479 0.066281892 -0.004644156 0.997790098 3.913135052
0.997526467 0.012565561 -0.069159612 -0.131796703 -0.012458266 0.999920428 0.001982519 -0.084688649 0.069179036 -0.001116007 0.997603595 3.946725845
0.997324288 0.015681077 -0.071402982 -0.134047046 -0.015844744 0.999873042 -0.001726281 -0.085185006 0.071366847 0.002853023 0.997446001 3.970544577
0.997159362 0.016800161 -0.073422737 -0.136468008 -0.017173482 0.999842584 -0.004456108 -0.085777894 0.073336318 0.005704373 0.997290909 3.994378090
0.997033477 0.018845832 -0.074628055 -0.138400197 -0.019297440 0.999799490 -0.005334903 -0.086538032 0.074512556 0.006759206 0.997197151 4.023390770
0.997067809 0.021074405 -0.073564798 -0.140477762 -0.021525191 0.999754071 -0.005340158 -0.086869903 0.073434137 0.006907996 0.997276127 4.044858932
0.997203231 0.025117163 -0.070390366 -0.142361954 -0.025401067 0.999672353 -0.003140946 -0.087905310 0.070288412 0.004920153 0.997514546 4.065324306
0.997486413 0.027718928 -0.065211378 -0.143554986 -0.027902881 0.999608755 -0.001911585 -0.088360459 0.065132886 0.003726366 0.997869551 4.084855556
0.997934163 0.028352113 -0.057647601 -0.145532280 -0.028390916 0.999597013 0.000145900 -0.089073092 0.057628475 0.001491069 0.998336971 4.111936569
0.998451412 0.028436786 -0.047811501 -0.146183342 -0.028340055 0.999594688 0.002699971 -0.089646190 0.047868889 -0.001340810 0.998852730 4.130374908
0.998947740 0.027857486 -0.036436792 -0.146652877 -0.027739406 0.999608159 0.003742450 -0.090010032 0.036526766 -0.002727776 0.999328971 4.151269913
0.999364853 0.026935210 -0.023336388 -0.146568701 -0.026851872 0.999631882 0.003877257 -0.090436794 0.023432229 -0.003248169 0.999720156 4.167640686
0.999613702 0.026735809 -0.007591607 -0.146520749 -0.026715094 0.999639153 0.002816929 -0.090777174 0.007664176 -0.002613031 0.999967217 4.183696270
0.999623299 0.025609972 0.009868648 -0.145596057 -0.025609950 0.999671996 -0.000129377 -0.091313712 -0.009868723 -0.000123407 0.999951303 4.203815460
0.999193788 0.025201816 0.031254210 -0.144674480 -0.025057672 0.999673605 -0.004995282 -0.091606051 -0.031369898 0.004208097 0.999499023 4.218956947
0.998226941 0.022965834 0.054914899 -0.142769337 -0.022463169 0.999700010 -0.009753537 -0.092103615 -0.055122428 0.008502681 0.998443425 4.233634472
0.996389806 0.020564662 0.082367882 -0.140843898 -0.019604862 0.999730349 -0.012444584 -0.092616044 -0.082601592 0.010784847 0.996524334 4.248068333
0.993494987 0.018254671 0.112402983 -0.137790889 -0.016816584 0.999764442 -0.013728953 -0.093133129 -0.112627089 0.011749414 0.993567824 4.268027782
0.989371836 0.016099170 0.144513428 -0.134496093 -0.014027477 0.999783933 -0.015343202 -0.093735039 -0.144729197 0.013152977 0.989383817 4.281587601
0.983447611 0.013330430 0.180701673 -0.131218851 -0.010422316 0.999800622 -0.017033443 -0.094235785 -0.180892721 0.014868168 0.983390450 4.295508862
0.975590885 0.010058790 0.219365373 -0.126155794 -0.006379774 0.999826908 -0.017473133 -0.094943769 -0.219503149 0.015647132 0.975486279 4.312653065
0.965691030 0.007847725 0.259574801 -0.121748209 -0.003231063 0.999828994 -0.018207369 -0.095523961 -0.259673327 0.016743993 0.965551317 4.325184822
0.953300357 0.008968190 0.301890254 -0.117076993 -0.003274543 0.999807119 -0.019360803 -0.096137755 -0.302005649 0.017468106 0.953146040 4.337698936
0.937969983 0.010758284 0.346549302 -0.110556722 -0.004145706 0.999795020 -0.019816896 -0.096831024 -0.346691430 0.017150963 0.937822342 4.353163242
0.920398593 0.010505226 0.390840203 -0.104393721 -0.003664755 0.999826849 -0.018243700 -0.097433828 -0.390964150 0.015359144 0.920277655 4.364803314
0.899889648 0.010506013 0.435991049 -0.097691059 -0.003402186 0.999848425 -0.017071063 -0.097881123 -0.436104268 0.013878752 0.899789035 4.376199245
0.877303839 0.008970722 0.479851693 -0.088347793 -0.000484117 0.999841332 -0.017806711 -0.098478429 -0.479935408 0.015389589 0.877168894 4.389623165
0.852087677 0.009545839 0.523311913 -0.080580354 0.000950249 0.999803841 -0.019784879 -0.099116959 -0.523398221 0.017355725 0.851911485 4.400019169
0.824698210 0.012060819 0.565444171 -0.072381973 0.001148118 0.999734819 -0.022998683 -0.099747702 -0.565571725 0.019616172 0.824465811 4.409584045
0.793659806 0.016355474 0.608141899 -0.063636065 0.000306903 0.999627709 -0.027284684 -0.100330427 -0.608361781 0.021841401 0.793359280 4.419779778
0.760311723 0.022448111 0.649170160 -0.051182747 -0.002831930 0.999507725 -0.031245906 -0.101039805 -0.649551988 0.021918228 0.760001123 4.432571411
0.722917497 0.027010012 0.690406203 -0.041150093 -0.004708427 0.999405026 -0.034168482 -0.101415195 -0.690918326 0.021450268 0.722614586 4.441846848
0.683982134 0.027894339 0.728965163 -0.030070782 -0.004032203 0.999397993 -0.034459248 -0.102330446 -0.729487598 0.020630173 0.683682859 4.450119972
0.643212438 0.025044024 0.765278101 -0.015631199 0.000855159 0.999440789 -0.033425845 -0.102794044 -0.765687287 0.022154350 0.642831385 4.459837914
0.599116743 0.023181027 0.800326109 -0.003523350 0.002381693 0.999524772 -0.030733628 -0.103176489 -0.800658286 0.020319158 0.598776817 4.467200756
0.553069115 0.021449862 0.832859159 0.011270523 0.003724183 0.999594867 -0.028217141 -0.103688784 -0.833127022 0.018707749 0.552765131 4.475226402
0.505142391 0.018728919 0.862832725 0.024777770 0.006008246 0.999663949 -0.025216535 -0.104077578 -0.863015056 0.017922053 0.504860222 4.481483936
0.454394937 0.015262820 0.890669584 0.040835261 0.007436161 0.999753356 -0.020925840 -0.105022967 -0.890769422 0.016131759 0.454169393 4.488099098
0.402605981 0.015225703 0.915246725 0.054727316 0.004293458 0.999819279 -0.018521257 -0.105846196 -0.915363371 0.011386345 0.402467817 4.492878914
0.351460546 0.020508364 0.935978174 0.072553635 0.001214261 0.999749124 -0.022361623 -0.106211379 -0.936201930 0.008995749 0.351347506 4.498541355
0.300557554 0.026368475 0.953399062 0.088204861 0.000733394 0.999610960 -0.027877776 -0.106389478 -0.953763366 0.009078095 0.300421327 4.502508640
0.254493833 0.027356839 0.966687500 0.106269956 0.002662390 0.999576151 -0.028988494 -0.107384108 -0.967070699 0.009951090 0.254313141 4.505598068
0.212982744 0.027843613 0.976659119 0.122836888 0.009263959 0.999491274 -0.030514752 -0.107819572 -0.977011979 0.015546845 0.212616503 4.507914543
0.178248450 0.026906747 0.983617544 0.143491983 0.018002898 0.999369681 -0.030600067 -0.108715519 -0.983820796 0.023162380 0.177651688 4.509928226
0.147280768 0.028305253 0.988689721 0.161401689 0.021939969 0.999251068 -0.031875916 -0.109251976 -0.988851368 0.026386531 0.146549433 4.511848927
0.119791411 0.026812913 0.992436886 0.183459699 0.019665807 0.999374986 -0.029374111 -0.110114567 -0.992604256 0.023035845 0.119189255 4.513607979
0.094048440 0.023270100 0.995295644 0.203102916 0.013646005 0.999602675 -0.024660254 -0.110739172 -0.995474100 0.015901070 0.093693517 4.515560150
0.070225663 0.019426189 0.997341812 0.226984292 0.008236283 0.999764919 -0.020053325 -0.111488529 -0.997497141 0.009622649 0.070049167 4.517008781
0.047492638 0.016739869 0.998731256 0.248281106 0.012900222 0.999765873 -0.017370652 -0.112189978 -0.998788357 0.013708835 0.047265578 4.517528057
0.027558422 0.017505251 0.999466956 0.273311317 0.020709947 0.999622047 -0.018079005 -0.113191873 -0.999405682 0.021197135 0.027185472 4.517045975
0.009210441 0.019665830 0.999764264 0.295831621 0.025057437 0.999488115 -0.019891242 -0.114240468 -0.999643683 0.025234737 0.008712949 4.517158031
-0.004477454 0.025462626 0.999665678 0.323005497 0.025549464 0.999352276 -0.025340207 -0.114541687 -0.999663472 0.025427463 -0.005125108 4.516457558
-0.015576761 0.030183816 0.999422908 0.348084331 0.022618461 0.999299109 -0.029827548 -0.115234166 -0.999622762 0.022140794 -0.016248554 4.516706467
-0.021755636 0.029568167 0.999325931 0.376314998 0.024553899 0.999276876 -0.029032169 -0.116232246 -0.999461770 0.023905732 -0.022465911 4.515255928
-0.023846209 0.026656257 0.999360144 0.402306795 0.031177839 0.999178112 -0.025907451 -0.116960354 -0.999229372 0.030540096 -0.024657689 4.513976574
-0.023469396 0.024746131 0.999418259 0.433273911 0.032754600 0.999175906 -0.023970949 -0.118194774 -0.999187827 0.032172967 -0.024260605 4.513155460
-0.021448640 0.024730092 0.999464035 0.460898668 0.031605292 0.999211073 -0.024045579 -0.118736975 -0.999270320 0.031072600 -0.022213316 4.512837410
-0.020237565 0.024692580 0.999490201 0.493685544 0.027879838 0.999320149 -0.024123872 -0.120324604 -0.999406397 0.027377419 -0.020912228 4.512759209
-0.018963285 0.025911178 0.999484360 0.521690547 0.026957082 0.999313891 -0.025395302 -0.121121608 -0.999456704 0.026461603 -0.019648761 4.512253284
-0.017901044 0.026899777 0.999477744 0.557042122 0.026753293 0.999292970 -0.026415639 -0.122175969 -0.999481678 0.026266452 -0.018608041 4.511758327
-0.017182635 0.026340716 0.999505222 0.587222040 0.026185382 0.999321878 -0.025885724 -0.123195440 -0.999509394 0.025727643 -0.017860720 4.511299610
-0.016611109 0.025313269 0.999541461 0.623382628 0.024507981 0.999389529 -0.024902128 -0.124379024 -0.999561608 0.024083097 -0.017221343 4.510990620
-0.016166052 0.024113094 0.999578476 0.655097544 0.026050143 0.999379992 -0.023687001 -0.125450969 -0.999529898 0.025656240 -0.016784178 4.510529041
-0.016346212 0.021413960 0.999637067 0.691508055 0.026010195 0.999441385 -0.020984450 -0.127051741 -0.999527991 0.025657738 -0.016894063 4.509669781
-0.017340260 0.019859271 0.999652386 0.723840714 0.023772221 0.999528348 -0.019444449 -0.128096163 -0.999566972 0.023426790 -0.017804177 4.509134769
-0.018834721 0.018688725 0.999647796 0.760552466 0.023180509 0.999564707 -0.018250413 -0.129289001 -0.999553859 0.022828609 -0.019259734 4.508859158
-0.020413173 0.016511703 0.999655187 0.793189466 0.025033472 0.999558628 -0.015998919 -0.129904315 -0.999478221 0.024698252 -0.020817505 4.508421421
-0.021337047 0.014906482 0.999661148 0.827086449 0.026503146 0.999545872 -0.014339073 -0.131050512 -0.999420941 0.026188212 -0.021722432 4.507536888
-0.022848859 0.013700980 0.999644995 0.867980421 0.023727443 0.999631822 -0.013158463 -0.132542357 -0.999457359 0.023418365 -0.023165541 4.506680012
-0.024298126 0.018843284 0.999527156 0.901830971 0.020655761 0.999618351 -0.018342871 -0.133421749 -0.999491394 0.020200299 -0.024678074 4.506678104
-0.024801681 0.023282642 0.999421120 0.936018169 0.022768635 0.999482453 -0.022719041 -0.134427339 -0.999433160 0.022191986 -0.025318963 4.505771637
-0.026006371 0.025180191 0.999344528 0.977193952 0.022553667 0.999443173 -0.024595745 -0.135609329 -0.999407351 0.021899240 -0.026559794 4.504964828
-0.028077040 0.022784399 0.999346018 1.012570858 0.018784955 0.999575734 -0.022261862 -0.136988595 -0.999429226 0.018147625 -0.028493132 4.504868507
-0.029501434 0.018578153 0.999391973 1.046831369 0.015990270 0.999708056 -0.018112004 -0.138125882 -0.999436855 0.015446219 -0.029789895 4.504482746
-0.028789021 0.013221239 0.999498010 1.088737249 0.014486021 0.999812901 -0.012808159 -0.139705598 -0.999480486 0.014110015 -0.028975161 4.502588749
-0.029788449 0.008255200 0.999522030 1.123701572 0.010331845 0.999915004 -0.007950526 -0.140218407 -0.999502718 0.010090074 -0.029871210 4.502613544
-0.028339218 0.006584888 0.999576569 1.158818841 0.008740201 0.999941647 -0.006339496 -0.141430274 -0.999560058 0.008556844 -0.028395118 4.500684738
-0.028505772 0.013462940 0.999502957 1.199914694 0.010802608 0.999854982 -0.013159594 -0.142974466 -0.999535203 0.010422113 -0.028647074 4.500550747
-0.027102286 0.024494611 0.999332547 1.233559012 0.013373680 0.999619126 -0.024138939 -0.143940717 -0.999543130 0.012710532 -0.027419545 4.499607563
-0.026930775 0.030513387 0.999171495 1.267685294 0.015125263 0.999431968 -0.030113671 -0.144501209 -0.999522865 0.014301749 -0.027377000 4.499171734
-0.025647515 0.024546063 0.999369621 1.309840560 0.016326334 0.999575615 -0.024132129 -0.146470532 -0.999537647 0.015697112 -0.026037373 4.498013973
-0.024808623 0.016671252 0.999553204 1.344638824 0.019405456 0.999680638 -0.016191740 -0.147996217 -0.999503791 0.018995088 -0.025124213 4.497225761
-0.024140459 0.014280143 0.999606550 1.378921747 0.020949280 0.999685705 -0.013775349 -0.148946434 -0.999489069 0.020608487 -0.024432024 4.496613026
-0.025093995 0.014419828 0.999581039 1.419093490 0.019414866 0.999714375 -0.013934352 -0.150346771 -0.999496520 0.019057069 -0.025366791 4.496229172
-0.026175193 0.015368027 0.999539256 1.452478051 0.016103264 0.999758542 -0.014949699 -0.151515707 -0.999527693 0.015704535 -0.026416352 4.495662212
-0.028579261 0.015208737 0.999475777 1.486638188 0.014752580 0.999781847 -0.014791552 -0.152858779 -0.999482572 0.014322118 -0.028797392 4.495581150
-0.030057745 0.015550176 0.999427140 1.524631739 0.013478984 0.999794304 -0.015150510 -0.153943121 -0.999457181 0.013015872 -0.030261166 4.494154930
-0.032684706 0.016112790 0.999335766 1.558581948 0.012212376 0.999801815 -0.015720883 -0.154800043 -0.999391019 0.011690432 -0.032875001 4.493758202
-0.034701210 0.017064840 0.999251962 1.590744019 0.010974105 0.999800444 -0.016693108 -0.155821815 -0.999337435 0.010386624 -0.034881558 4.492806435
-0.036500785 0.015530339 0.999212921 1.627960563 0.008946836 0.999844193 -0.015213329 -0.157340705 -0.999293566 0.008384491 -0.036634050 4.491485596
-0.038681418 0.013836830 0.999155819 1.660193086 0.008825589 0.999869823 -0.013505048 -0.158593923 -0.999212623 0.008295744 -0.038798504 4.490213394
-0.040642932 0.014464474 0.999069154 1.696765184 0.008666327 0.999862731 -0.014123414 -0.159617394 -0.999136269 0.008084244 -0.040762704 4.489066601
-0.042484701 0.015224820 0.998981118 1.728831887 0.008219787 0.999855340 -0.014888573 -0.160932496 -0.999063313 0.007578876 -0.042603694 4.487868309
-0.043224946 0.015714604 0.998941779 1.760220408 0.008630861 0.999844909 -0.015355349 -0.161868989 -0.999028087 0.007957993 -0.043353867 4.486356258
-0.044749059 0.014326574 0.998895526 1.796686769 0.010703333 0.999846578 -0.013860719 -0.162979662 -0.998940885 0.010071258 -0.044895533 4.485079288
-0.046562005 0.013208356 0.998828053 1.828502417 0.010558308 0.999863267 -0.012729850 -0.164321572 -0.998859644 0.009953206 -0.046695087 4.483809948
-0.047672976 0.013107961 0.998776972 1.862215042 0.009543912 0.999874234 -0.012666818 -0.165344492 -0.998817384 0.008928374 -0.047792081 4.482422829
-0.048355598 0.012558335 0.998751283 1.893014550 0.008219462 0.999892056 -0.012174728 -0.166052461 -0.998796344 0.007620482 -0.048453592 4.480909348
-0.049795181 0.011203270 0.998696566 1.923946381 0.007210368 0.999915063 -0.010857428 -0.167285293 -0.998733401 0.006660322 -0.049871724 4.479920864
-0.050660267 0.010662961 0.998658955 1.956461906 0.007144277 0.999921322 -0.010314022 -0.168418080 -0.998690426 0.006612185 -0.050732452 4.478468418
-0.050772302 0.012983890 0.998625875 1.985491395 0.006801804 0.999896824 -0.012654599 -0.169457316 -0.998687148 0.006149954 -0.050855372 4.477118492
-0.050955858 0.016333617 0.998567283 2.016841412 0.007620878 0.999843419 -0.015965603 -0.170230001 -0.998671770 0.006796419 -0.051072359 4.475782871
-0.051051226 0.018491535 0.998524725 2.045580149 0.006064171 0.999815762 -0.018205401 -0.171120301 -0.998677611 0.005125817 -0.051153958 4.474600792
-0.051189911 0.018722277 0.998513401 2.076337099 0.005785048 0.999813020 -0.018450068 -0.172383398 -0.998672187 0.004831991 -0.051288649 4.473190308
-0.051098622 0.018976413 0.998513281 2.104470253 0.007551948 0.999798119 -0.018614365 -0.173260152 -0.998665094 0.006589552 -0.051231619 4.471703529
-0.051520210 0.017659388 0.998515785 2.135066509 0.007049327 0.999825299 -0.017318819 -0.174720019 -0.998647094 0.006146596 -0.051635694 4.470355511
-0.051848497 0.017390219 0.998503566 2.163058281 0.003443161 0.999845624 -0.017234799 -0.175875306 -0.998649001 0.002544411 -0.051900368 4.469313145
-0.051703073 0.017682333 0.998505950 2.193313122 0.000968585 0.999843657 -0.017655868 -0.177041069 -0.998662055 0.000054275 -0.051712122 4.468040943
-0.051825631 0.016687464 0.998516738 2.220638752 0.002801754 0.999858856 -0.016564477 -0.177898258 -0.998652220 0.001939134 -0.051865071 4.466816902
-0.052734986 0.016172307 0.998477638 2.250994444 0.003080963 0.999866664 -0.016032085 -0.178852171 -0.998603821 0.002230821 -0.052777797 4.465292454
-0.056436002 0.015777830 0.998281479 2.278682470 -0.000641111 0.999874353 -0.015839249 -0.179562956 -0.998406053 -0.001533913 -0.056418799 4.464237213
-0.061517749 0.015096940 0.997991741 2.308285236 -0.003977845 0.999873936 -0.015370613 -0.180878252 -0.998098195 -0.004915423 -0.061449941 4.462561131
-0.067265525 0.019140840 0.997551382 2.335204124 0.000256666 0.999816298 -0.019166987 -0.181659192 -0.997735143 -0.001033241 -0.067258075 4.460549831
-0.074054971 0.021593064 0.997020304 2.364689827 0.001982607 0.999766767 -0.021505281 -0.182845041 -0.997252226 0.000384126 -0.074080504 4.458333969
-0.081369117 0.022642700 0.996426702 2.391585588 0.000816842 0.999742985 -0.022651356 -0.184107199 -0.996683717 -0.001029197 -0.081366695 4.456103802
-0.087383479 0.022339467 0.995924354 2.422302723 -0.002454751 0.999740660 -0.022640463 -0.185089380 -0.996171713 -0.004423148 -0.087305985 4.453660965
-0.092587441 0.021832764 0.995465100 2.449969530 -0.002053557 0.999753296 -0.022117812 -0.185761377 -0.995702446 -0.004092075 -0.092519760 4.451086521
-0.097150542 0.021937128 0.995027900 2.480515003 -0.005039231 0.999733329 -0.022532878 -0.187119722 -0.995256901 -0.007203257 -0.097014099 4.448145866
-0.101548322 0.020850040 0.994612098 2.508872509 -0.007096855 0.999739707 -0.021682115 -0.188322797 -0.994805276 -0.009260400 -0.101373926 4.445713520
-0.103782691 0.018414523 0.994429469 2.539978266 -0.006441711 0.999795198 -0.019186163 -0.188877866 -0.994579136 -0.008397019 -0.103642799 4.442392349
-0.105312400 0.015471000 0.994318843 2.568769455 -0.004689356 0.999860227 -0.016053889 -0.189810067 -0.994428098 -0.006353388 -0.105225123 4.439109802
-0.106932238 0.012541523 0.994187176 2.600959301 -0.004665711 0.999903083 -0.013115462 -0.190915167 -0.994255304 -0.006041055 -0.106863365 4.435987949
-0.108597882 0.011699243 0.994016886 2.630753994 -0.006173125 0.999903500 -0.012442950 -0.191987619 -0.994066536 -0.007487468 -0.108515181 4.433228016
-0.108793177 0.015806625 0.993938684 2.662621975 -0.004029457 0.999858379 -0.016341815 -0.192655534 -0.994056165 -0.005782912 -0.108714081 4.429549694
-0.108949430 0.020582039 0.993834198 2.692894697 0.002720524 0.999788105 -0.020407101 -0.193372741 -0.994043529 0.000480407 -0.108982317 4.426015377
-0.109316736 0.024947325 0.993693829 2.725343704 0.009384620 0.999666333 -0.024064859 -0.194775194 -0.993962586 0.006694746 -0.109514393 4.421971321
-0.109768957 0.026383160 0.993606925 2.756024837 0.010574943 0.999622047 -0.025374610 -0.195708185 -0.993900836 0.007721993 -0.110006467 4.418540955
-0.110527575 0.023878599 0.993586063 2.789280653 0.008268291 0.999698818 -0.023105731 -0.196960434 -0.993838668 0.005661439 -0.110691719 4.415209293
-0.110738263 0.019313471 0.993661821 2.820390701 0.009664026 0.999784827 -0.018355479 -0.198080406 -0.993802667 0.007570120 -0.110901065 4.411869526
-0.110642858 0.016720107 0.993719578 2.852544308 0.010950530 0.999818206 -0.015603471 -0.199516833 -0.993799925 0.009155343 -0.110805854 4.408277035
-0.110854596 0.016620923 0.993697703 2.883077621 0.011386531 0.999815702 -0.015453007 -0.200509876 -0.993771493 0.009601734 -0.111023434 4.404585838
-0.113261104 0.017244741 0.993415594 2.916087627 0.009334706 0.999823689 -0.016291715 -0.201685742 -0.993521392 0.007428025 -0.113402128 4.401490688
-0.115202986 0.018289438 0.993173599 2.946408749 0.008751207 0.999810398 -0.017396562 -0.202501014 -0.993303478 0.006687332 -0.115341194 4.398316383
-0.117741026 0.018210519 0.992877245 2.979539871 0.010151590 0.999801815 -0.017133683 -0.203828901 -0.992992401 0.008061948 -0.117902547 4.394372940
-0.119314440 0.017962754 0.992693901 3.009521246 0.010031886 0.999807119 -0.016885709 -0.204843029 -0.992805779 0.007943884 -0.119471632 4.390620232
-0.121154495 0.018018564 0.992470026 3.042526722 0.010247046 0.999804616 -0.016900830 -0.205839708 -0.992580771 0.008122275 -0.121315464 4.386618137
-0.122913294 0.018429840 0.992246211 3.073985100 0.008144268 0.999812543 -0.017561518 -0.206765145 -0.992384017 0.005922575 -0.123040356 4.383171082
-0.124091186 0.019586302 0.992077410 3.106349945 0.008051506 0.999792218 -0.018731505 -0.208339170 -0.992238104 0.005663305 -0.124223091 4.379282475
-0.124836735 0.019669279 0.991982281 3.137043715 0.007001305 0.999796033 -0.018943127 -0.209481642 -0.992152512 0.004580373 -0.124948993 4.375176430
-0.126201630 0.020283842 0.991797209 3.167559624 0.006557294 0.999786139 -0.019612841 -0.209662020 -0.991982937 0.004028332 -0.126307651 4.372039795
-0.127573535 0.018929573 0.991648436 3.202978611 0.006883769 0.999810636 -0.018199800 -0.210878283 -0.991805196 0.004504465 -0.127679721 4.367509365
-0.128758088 0.016659945 0.991536081 3.234507799 0.003625720 0.999859989 -0.016328983 -0.211583242 -0.991669416 0.001492543 -0.128800496 4.363758564
-0.130431935 0.014388441 0.991352856 3.268132687 0.001076726 0.999896169 -0.014370775 -0.212860450 -0.991456687 -0.000806992 -0.130433902 4.359723091
-0.132661164 0.013418697 0.991070628 3.299090862 0.002447617 0.999909759 -0.013210746 -0.214037776 -0.991158426 0.000673209 -0.132682011 4.355818272
-0.134570420 0.014583284 0.990796804 3.332084656 0.004122337 0.999891281 -0.014157248 -0.214735657 -0.990895391 0.002179251 -0.134615928 4.351747513
-0.136473477 0.015675509 0.990519702 3.364559412 0.003288710 0.999876499 -0.015370466 -0.215949863 -0.990638256 0.001159870 -0.136508152 4.346994400
-0.137881324 0.019453140 0.990257680 3.402219772 0.004410053 0.999809146 -0.019026734 -0.216792181 -0.990438879 0.001743658 -0.137940794 4.341582775
-0.137854442 0.022844378 0.990189075 3.434973717 0.006227384 0.999734223 -0.022197615 -0.218119770 -0.990432918 0.003106248 -0.137960047 4.336781502
-0.139241055 0.026869159 0.989893794 3.468458891 0.007313366 0.999632418 -0.026104778 -0.219636977 -0.990231574 0.003604599 -0.139386371 4.332041264
-0.138692260 0.028292909 0.989931226 3.503825903 0.009886577 0.999581516 -0.027183583 -0.220575497 -0.990286171 0.006016879 -0.138913944 4.327048779
-0.138354570 0.028083865 0.989984393 3.537709236 0.013220452 0.999561191 -0.026507922 -0.221628025 -0.990294576 0.009420551 -0.138665140 4.322371006
-0.138272673 0.025721632 0.990060091 3.571660042 0.013963182 0.999613941 -0.024019729 -0.223167837 -0.990295708 0.010503116 -0.138578445 4.317579269
-0.137198448 0.024260735 0.990246415 3.607742786 0.013246747 0.999655545 -0.022655921 -0.224585116 -0.990454912 0.010009185 -0.137472585 4.312665939
-0.135888547 0.021465003 0.990491509 3.642649174 0.012172897 0.999725997 -0.019995082 -0.226066589 -0.990649223 0.009340049 -0.136112645 4.308565617
-0.133876175 0.018553881 0.990824342 3.678714275 0.012926110 0.999772310 -0.016974911 -0.227145791 -0.990913749 0.010534970 -0.134085536 4.303400040
-0.131630406 0.015114311 0.991183639 3.713325500 0.013189565 0.999821901 -0.013494440 -0.228211820 -0.991211057 0.011297002 -0.131806344 4.298782825
-0.130491123 0.015044900 0.991335273 3.750013113 0.011900052 0.999836564 -0.013607497 -0.229446322 -0.991378069 0.010021284 -0.130648836 4.294391632
-0.129221901 0.018904228 0.991435349 3.785384178 0.012692866 0.999767840 -0.017408742 -0.230823472 -0.991534472 0.010334565 -0.129431844 4.290230751
-0.127459645 0.025478596 0.991516471 3.821059227 0.013167406 0.999625325 -0.023994295 -0.231907204 -0.991756380 0.009997396 -0.127747387 4.285684586
-0.125888586 0.029075425 0.991618216 3.856866837 0.010398383 0.999554098 -0.027988017 -0.232870087 -0.991989911 0.006787853 -0.126134798 4.281485558
-0.124368958 0.026736971 0.991875827 3.891556263 0.009631857 0.999622226 -0.025738070 -0.234101623 -0.992189348 0.006352589 -0.124579526 4.277260303
-0.123269230 0.024228856 0.992077410 3.926674843 0.009636809 0.999683917 -0.023217214 -0.235621125 -0.992326438 0.006698495 -0.123463772 4.272800446
-0.122134499 0.021836411 0.992273450 3.959697247 0.010729368 0.999728560 -0.020679845 -0.237776533 -0.992455542 0.008120744 -0.122335650 4.268429756
-0.121993586 0.022158934 0.992283463 3.998613596 0.009900756 0.999728084 -0.021107966 -0.238484725 -0.992481470 0.007249321 -0.122179814 4.264231205
-0.121712960 0.022009213 0.992321253 4.033322811 0.008831384 0.999738574 -0.021090515 -0.239750743 -0.992526054 0.006196581 -0.121875502 4.260365486
-0.120678827 0.020549498 0.992478788 4.070056438 0.011698178 0.999745727 -0.019277539 -0.240894109 -0.992622733 0.009283803 -0.120888554 4.255599022
