1.000000000 0.000000000 0.000000000 0.000000000 0.000000000 1.000000000 0.000000000 0.000000000 0.000000000 0.000000000 1.000000000 0.000000000
0.999999762 0.000672064 0.000097465 0.000513875 -0.000672050 0.999999762 -0.000147428 -0.001427176 -0.000097565 0.000147363 1.000000000 0.057532631
0.999999583 0.000890436 0.000378594 0.001019044 -0.000890673 0.999999404 0.000625008 -0.002623768 -0.000378038 -0.000625344 0.999999762 0.113302924
0.999998987 0.000115957 0.001424977 0.000822532 -0.000117530 0.999999404 0.001103471 -0.003522857 -0.001424848 -0.001103637 0.999998391 0.167914227
0.999997914 -0.000438014 0.002012299 0.000763033 0.000436279 0.999999523 0.000862791 -0.004311272 -0.002012676 -0.000861912 0.999997616 0.223871186
0.999996424 -0.000378320 0.002651101 0.000658994 0.000375316 0.999999285 0.001133481 -0.005273552 -0.002651529 -0.001132482 0.999995828 0.280277401
0.999994874 -0.000138418 0.003211285 0.000584023 0.000136824 1.000000000 0.000496346 -0.006323112 -0.003211353 -0.000495904 0.999994636 0.335857123
0.999988079 -0.000259778 0.004880986 -0.000455847 0.000258743 0.999999940 0.000212582 -0.007318094 -0.004881041 -0.000211316 0.999988079 0.390728325
0.999985695 -0.001572103 0.005113590 -0.000637275 0.001566218 0.999998033 0.001154827 -0.008000590 -0.005115396 -0.001146801 0.999986291 0.445439249
0.999989629 -0.002244711 0.003963436 -0.001255810 0.002235067 0.999994516 0.002435962 -0.009066630 -0.003968882 -0.002427079 0.999989152 0.499511480
0.999992371 -0.003313622 0.002065062 -0.002333221 0.003309485 0.999992490 0.002003470 -0.009817628 -0.002071685 -0.001996620 0.999995828 0.552306950
0.999994218 -0.003398333 -0.000266544 -0.002432104 0.003398803 0.999992549 0.001781945 -0.010964311 0.000260486 -0.001782840 0.999998331 0.608180583
0.999994218 -0.003201755 -0.001137265 -0.004061046 0.003203399 0.999993861 0.001446836 -0.011277110 0.001132625 -0.001450471 0.999998271 0.658652902
0.999996483 -0.001633530 -0.002100627 -0.004241175 0.001634882 0.999998450 0.000642315 -0.011603310 0.002099574 -0.000645747 0.999997616 0.713825881
0.999995530 -0.001601242 -0.002520896 -0.006521212 0.001604550 0.999997914 0.001310727 -0.012296572 0.002518791 -0.001314766 0.999996006 0.764855504
0.999992490 -0.001921099 -0.003341093 -0.006734347 0.001927570 0.999996305 0.001934608 -0.013309561 0.003337364 -0.001941034 0.999992609 0.820403039
0.999990761 -0.003641702 -0.002264646 -0.010547262 0.003646854 0.999990821 0.002274914 -0.013765964 0.002256340 -0.002283152 0.999994874 0.870616257
0.999993324 -0.002635350 -0.002528624 -0.011387270 0.002638224 0.999995947 0.001133786 -0.014429685 0.002525626 -0.001140449 0.999996245 0.925376832
0.999988616 -0.004310922 -0.002056689 -0.015204281 0.004312820 0.999990284 0.000919502 -0.015360057 0.002052705 -0.000928362 0.999997437 0.973971784
0.999991417 -0.003213135 -0.002620482 -0.015883736 0.003217658 0.999993324 0.001723655 -0.016453760 0.002614927 -0.001732072 0.999995053 1.028154254
0.999998569 -0.001279714 -0.001129785 -0.020411875 0.001279305 0.999999166 -0.000362605 -0.015195193 0.001130248 0.000361159 0.999999285 1.075981259
0.999996245 -0.002237573 -0.001531792 -0.021657186 0.002236686 0.999997377 -0.000580784 -0.016534857 0.001533087 0.000577356 0.999998689 1.129702687
0.999997854 -0.000983101 -0.001828313 -0.023946041 0.000982028 0.999999344 -0.000588100 -0.016621012 0.001828890 0.000586303 0.999998212 1.178844810
0.999995410 -0.002014396 -0.002251418 -0.024576534 0.002016884 0.999997377 0.001103392 -0.017394410 0.002249190 -0.001107927 0.999996901 1.233676672
0.999998033 -0.001490151 -0.001389680 -0.029086657 0.001492382 0.999997616 0.001605923 -0.018621471 0.001387284 -0.001607994 0.999997735 1.283472657
0.999993920 -0.002923558 -0.001892839 -0.029510776 0.002925725 0.999995053 0.001143208 -0.019812793 0.001889488 -0.001148739 0.999997556 1.338846207
0.999995172 -0.003025255 0.000703790 -0.036758520 0.003025823 0.999995112 -0.000808328 -0.018673731 -0.000701339 0.000810454 0.999999404 1.387500882
0.999994099 -0.003370526 0.000694020 -0.038388882 0.003371357 0.999993563 -0.001200696 -0.018734885 -0.000689969 0.001203029 0.999999046 1.441858053
0.999993742 -0.003458925 -0.000757561 -0.039967507 0.003457130 0.999991238 -0.002357831 -0.016979450 0.000765706 0.002355197 0.999996901 1.498211384
0.999991775 -0.003825862 -0.001360418 -0.040355429 0.003823826 0.999991596 -0.001496119 -0.018365588 0.001366129 0.001490905 0.999997914 1.553781271
0.999984980 -0.005490317 -0.000104347 -0.044578049 0.005490050 0.999981999 -0.002402294 -0.018482797 0.000117533 0.002401685 0.999997020 1.609349728
0.999988556 -0.004682396 0.000985019 -0.047647461 0.004685312 0.999984622 -0.002978995 -0.018604683 -0.000971055 0.002983576 0.999995112 1.664841413
0.999985099 -0.005304764 0.001249515 -0.048558552 0.005307263 0.999983966 -0.002004244 -0.019928703 -0.001238862 0.002010846 0.999997199 1.719599962
0.999919236 0.001098309 0.012658694 -0.063032329 -0.000902704 0.999880254 -0.015447579 -0.003037568 -0.012674146 0.015434906 0.999800444 1.779379368
0.999914050 0.002052496 0.012945848 -0.062474072 -0.001858156 0.999885619 -0.015005928 -0.004591232 -0.012975167 0.014980583 0.999803483 1.834816813
0.999988794 -0.001068033 0.004612766 -0.052930847 0.001093639 0.999983966 -0.005552395 -0.017050780 -0.004606762 0.005557377 0.999973953 1.891887546
0.999990880 -0.000236426 0.004247261 -0.052813187 0.000259629 0.999984980 -0.005463255 -0.018366201 -0.004245905 0.005464308 0.999976039 1.947401285
0.999986351 0.002463743 0.004587507 -0.052436285 -0.002443135 0.999986947 -0.004492482 -0.018904470 -0.004598514 0.004481213 0.999979436 2.003652096
0.999986291 0.002030937 0.004839749 -0.050127693 -0.002030124 0.999997914 -0.000172933 -0.021478547 -0.004840092 0.000163105 0.999988258 2.060583115
0.999972343 0.002623251 0.006965685 -0.050516836 -0.002642329 0.999992728 0.002730950 -0.022269070 -0.006958473 -0.002749280 0.999972045 2.116055489
0.999967277 0.003529146 0.007276492 -0.048286375 -0.003571468 0.999976695 0.005811465 -0.022912938 -0.007255814 -0.005837263 0.999956608 2.171240330
0.999961853 0.003035518 0.008180990 -0.047735419 -0.003098726 0.999965310 0.007724551 -0.023923939 -0.008157259 -0.007749609 0.999936759 2.226447821
0.999953032 0.001637738 0.009543222 -0.046860240 -0.001692663 0.999982059 0.005750145 -0.024252571 -0.009533633 -0.005766029 0.999937952 2.277058125
0.999941051 0.002687235 0.010516784 -0.046608936 -0.002726816 0.999989271 0.003751055 -0.024764333 -0.010506593 -0.003779511 0.999937594 2.332194805
0.999937296 0.002737164 0.010853442 -0.045962125 -0.002775047 0.999990106 0.003476985 -0.025686732 -0.010843816 -0.003506886 0.999935091 2.387609482
0.999942243 0.002589212 0.010427034 -0.044690009 -0.002620834 0.999991953 0.003020172 -0.026142683 -0.010419130 -0.003047328 0.999941111 2.434348345
0.999951184 0.001256922 0.009801414 -0.044588506 -0.001269625 0.999998271 0.001289930 -0.026726071 -0.009799775 -0.001302311 0.999951184 2.489482403
0.999961078 0.001973864 0.008597588 -0.044559665 -0.001992710 0.999995649 0.002184055 -0.027526310 -0.008593238 -0.002201101 0.999960601 2.537665367
0.999977469 0.000968598 0.006632801 -0.043911625 -0.000985678 0.999996185 0.002572293 -0.028043717 -0.006630281 -0.002578774 0.999974728 2.593765020
0.999981999 0.001950325 0.005678808 -0.043780237 -0.001973838 0.999989510 0.004137936 -0.029344767 -0.005670679 -0.004149070 0.999975264 2.639526606
0.999985993 0.002881789 0.004455142 -0.043523237 -0.002899823 0.999987721 0.004046697 -0.030056514 -0.004443425 -0.004059557 0.999981880 2.694645405
0.999989092 0.002919903 0.003652872 -0.043314677 -0.002934846 0.999987304 0.004091793 -0.031109009 -0.003640877 -0.004102469 0.999984860 2.741885662
0.999992490 0.002048703 0.003291816 -0.043331206 -0.002060852 0.999991119 0.003691388 -0.031939510 -0.003284224 -0.003698145 0.999987721 2.796624899
0.999993682 0.001096790 0.003375868 -0.043655258 -0.001104621 0.999996722 0.002318863 -0.032497525 -0.003373314 -0.002322575 0.999991536 2.843520403
0.999997020 0.001129267 0.002140509 -0.042893443 -0.001135341 0.999995232 0.002838653 -0.032574419 -0.002137293 -0.002841076 0.999993682 2.899513483
0.999993503 0.001993997 0.003015918 -0.043936260 -0.002008059 0.999987125 0.004666722 -0.033207007 -0.003006573 -0.004672748 0.999984682 2.945131302
0.999994934 0.001879752 0.002601082 -0.044287566 -0.001888531 0.999992549 0.003376824 -0.034598880 -0.002594714 -0.003381717 0.999990940 2.999815941
0.999983311 0.005062121 0.002787936 -0.044415146 -0.005065043 0.999986768 0.001042220 -0.034103125 -0.002782622 -0.001056322 0.999995589 3.046477079
0.999972999 0.006956708 0.002335223 -0.044152126 -0.006961154 0.999974012 0.001901503 -0.035287093 -0.002321934 -0.001917708 0.999995410 3.101712465
0.999954283 0.009212651 0.002538251 -0.044572454 -0.009216695 0.999956310 0.001586594 -0.035755917 -0.002523526 -0.001609916 0.999995470 3.157219887
0.999945223 0.010080748 0.002841954 -0.045017812 -0.010086863 0.999946833 0.002145250 -0.036711387 -0.002820177 -0.002173799 0.999993563 3.197859764
0.999946952 0.009774042 0.003247215 -0.044893995 -0.009785426 0.999945939 0.003508301 -0.037963409 -0.003212749 -0.003539892 0.999988556 3.252836227
0.999914229 0.011976209 0.005313070 -0.045025513 -0.011996709 0.999920607 0.003843206 -0.038288094 -0.005266623 -0.003906615 0.999978423 3.308097839
0.999891639 0.012084401 0.008397182 -0.044897638 -0.012092070 0.999926448 0.000862935 -0.038626555 -0.008386135 -0.000964379 0.999964356 3.348230124
0.999898493 0.009677571 0.010454362 -0.044155344 -0.009633448 0.999944508 -0.004262824 -0.039707795 -0.010495035 0.004161679 0.999936283 3.402690411
0.999840975 0.011729988 0.013432777 -0.043920793 -0.011664010 0.999919593 -0.004979575 -0.040543236 -0.013490107 0.004822103 0.999897420 3.447683573
0.999818504 0.009841183 0.016310077 -0.042871092 -0.009818963 0.999950767 -0.001441804 -0.041686721 -0.016323462 0.001281397 0.999865949 3.502665520
0.999755919 0.009800604 0.019798150 -0.042748563 -0.009802175 0.999951959 -0.000017590 -0.042405605 -0.019797370 -0.000176479 0.999804020 3.544325590
0.999665499 0.010266222 0.023739006 -0.041605748 -0.010227952 0.999946177 -0.001732969 -0.043388892 -0.023755521 0.001489587 0.999716699 3.597881794
0.999595582 0.009120116 0.026935887 -0.040750735 -0.008991760 0.999947608 -0.004882574 -0.044676222 -0.026979005 0.004638399 0.999625266 3.642470121
0.999511361 0.007840424 0.030258186 -0.039095283 -0.007608215 0.999940753 -0.007781822 -0.046636634 -0.030317405 0.007547809 0.999511778 3.695046186
0.999398828 0.007446023 0.033862919 -0.037917584 -0.007132768 0.999930799 -0.009362087 -0.047052868 -0.033930287 0.009114922 0.999382555 3.737081051
0.999291062 0.008026226 0.036784224 -0.035567209 -0.007720348 0.999934554 -0.008449954 -0.048130777 -0.036849637 0.008159976 0.999287486 3.790214777
0.999115050 0.008489382 0.041196320 -0.034443960 -0.008199651 0.999940515 -0.007196867 -0.049553990 -0.041254967 0.006852703 0.999125123 3.831043720
0.998956680 0.007909246 0.044979874 -0.032184795 -0.007487371 0.999926448 -0.009539993 -0.050684467 -0.045052018 0.009193258 0.998942256 3.883140087
0.998798609 0.008013118 0.048345268 -0.030286819 -0.007456668 0.999904037 -0.011679310 -0.052083675 -0.048434217 0.011304784 0.998762369 3.925070286
0.998655736 0.007575223 0.051280204 -0.027543634 -0.006969124 0.999903977 -0.011987859 -0.053764485 -0.051366083 0.011614364 0.998612463 3.978776455
0.998501539 0.006514341 0.054333556 -0.025618330 -0.005931927 0.999923348 -0.010873619 -0.054836266 -0.054400224 0.010535024 0.998463571 4.017830849
0.998359621 0.006335479 0.056901902 -0.022798747 -0.005807967 0.999938726 -0.009431130 -0.056119047 -0.056958161 0.009085176 0.998335183 4.070358276
0.998191953 0.005500135 0.059854545 -0.020640612 -0.005041989 0.999956965 -0.007802644 -0.057193894 -0.059894882 0.007486753 0.998176515 4.110202789
0.998047590 0.003653502 0.062351227 -0.018013597 -0.003238979 0.999971986 -0.006747975 -0.058683299 -0.062374145 0.006532846 0.998031378 4.161948204
0.997887552 0.002586187 0.064913020 -0.014556080 -0.001980695 0.999953926 -0.009390355 -0.059679747 -0.064934321 0.009241946 0.997846723 4.215080738
0.997759342 0.001234618 0.066894442 -0.012080520 -0.000415573 0.999924779 -0.012256389 -0.061346021 -0.066904545 0.012201127 0.997684777 4.248849869
0.997626245 0.002061174 0.068830140 -0.008692175 -0.001027740 0.999886394 -0.015046315 -0.062569030 -0.068853326 0.014939860 0.997514963 4.301699638
0.997492671 0.001999967 0.070741422 -0.006351978 -0.000853935 0.999867976 -0.016226824 -0.063646801 -0.070764542 0.016125731 0.997362614 4.341714382
0.997494996 0.002070565 0.070707537 -0.002932668 -0.000985991 0.999881387 -0.015370338 -0.065493956 -0.070730992 0.015262119 0.997378588 4.394338608
0.997544110 0.002224330 0.070007347 0.000531495 -0.001246885 0.999901175 -0.014002644 -0.066469729 -0.070031583 0.013880963 0.997448087 4.448918819
0.997620046 0.001740118 0.068928592 0.003097922 -0.000896674 0.999924421 -0.012265537 -0.067926750 -0.068944708 0.012174539 0.997546196 4.482544899
0.997763276 0.002433191 0.066801861 0.006450802 -0.001640836 0.999927759 -0.011913578 -0.068756387 -0.066826001 0.011777320 0.997695148 4.537346363
0.997916698 0.002560689 0.064464338 0.009063005 -0.001855799 0.999937832 -0.010992077 -0.070500925 -0.064488485 0.010849545 0.997859478 4.578122616
0.998103797 0.002901791 0.061484102 0.011745989 -0.002217100 0.999934793 -0.011201362 -0.071990333 -0.061512597 0.011043805 0.998045266 4.632900715
0.998328447 0.004351036 0.057631139 0.014098227 -0.003698842 0.999927938 -0.011418541 -0.073052049 -0.057676669 0.011186285 0.998272657 4.674057484
0.998576880 0.004408092 0.053148314 0.016895905 -0.003840617 0.999934554 -0.010774626 -0.074694559 -0.053192340 0.010555170 0.998528540 4.728615761
0.998745084 0.005340381 0.049798694 0.018346176 -0.004846097 0.999937773 -0.010041106 -0.075549990 -0.049849220 0.009787173 0.998708963 4.770057678
0.998953760 0.005591163 0.045390457 0.020487592 -0.005185636 0.999945641 -0.009047035 -0.077142432 -0.045438569 0.008802191 0.998928368 4.824645042
0.999152124 0.005368725 0.040820003 0.022271186 -0.005013747 0.999948740 -0.008793592 -0.077821232 -0.040865120 0.008581474 0.999127865 4.866773605
0.999324083 0.006077359 0.036255099 0.023541808 -0.005753061 0.999942541 -0.009042493 -0.078724720 -0.036307968 0.008827804 0.999301732 4.921663761
0.999511600 0.006559095 0.030552682 0.025717556 -0.006301363 0.999943852 -0.008524287 -0.080474332 -0.030606871 0.008327601 0.999496818 4.963742256
0.999644578 0.006893571 0.025752485 0.026710741 -0.006671604 0.999939978 -0.008695246 -0.081951603 -0.025810875 0.008520344 0.999630570 5.017931938
0.999757290 0.007851649 0.020588633 0.028098896 -0.007662417 0.999927878 -0.009253897 -0.083506107 -0.020659804 0.009093892 0.999745190 5.074412823
0.999794245 0.010099526 0.017591370 0.027692512 -0.009933374 0.999905527 -0.009507000 -0.084127270 -0.017685723 0.009330303 0.999800026 5.110146999
0.999818265 0.012128957 0.014709793 0.029321786 -0.011991055 0.999883771 -0.009427151 -0.085359678 -0.014822422 0.009249053 0.999847293 5.165647507
0.999807298 0.013001809 0.014708111 0.028344683 -0.012859663 0.999870121 -0.009718086 -0.086734906 -0.014832553 0.009527070 0.999844611 5.208550930
0.999785960 0.015405819 0.013816263 0.028605547 -0.015281361 0.999842227 -0.009068787 -0.088358723 -0.013953794 0.008855714 0.999863386 5.264332771
0.999782443 0.016749095 0.012429218 0.029369060 -0.016642604 0.999824345 -0.008622334 -0.089182973 -0.012571449 0.008413604 0.999885619 5.307559013
0.999786913 0.016582992 0.012288288 0.028854854 -0.016482405 0.999830246 -0.008242048 -0.090678811 -0.012422878 0.008037752 0.999890566 5.364964962
0.999736965 0.020146450 0.010964362 0.029734744 -0.020078149 0.999778569 -0.006304442 -0.091385216 -0.011088945 0.006082639 0.999920011 5.407165051
0.999724507 0.020976944 0.010526380 0.029657541 -0.020946858 0.999776304 -0.002960490 -0.092558816 -0.010586125 0.002739181 0.999940157 5.463515282
0.999756277 0.019738810 0.009886644 0.030092793 -0.019704374 0.999799609 -0.003568227 -0.093432784 -0.009955094 0.003372548 0.999944746 5.506608009
0.999758363 0.019791655 0.009567026 0.030142250 -0.019743891 0.999792278 -0.005061331 -0.094478935 -0.009665213 0.004871218 0.999941409 5.563192844
0.999812484 0.017067436 0.009148205 0.030338056 -0.017029867 0.999846220 -0.004168950 -0.095766298 -0.009217951 0.004012375 0.999949515 5.620344639
0.999866426 0.014502134 0.007533061 0.031276084 -0.014485475 0.999892533 -0.002261657 -0.096536517 -0.007565049 0.002152234 0.999969065 5.656202793
0.999911487 0.010941364 0.007561288 0.031660650 -0.010933845 0.999939740 -0.001034997 -0.097286999 -0.007572156 0.000952232 0.999970853 5.712984562
0.999935329 0.008939423 0.007031516 0.031843610 -0.008943956 0.999960005 0.000613816 -0.098394752 -0.007025747 -0.000676664 0.999975026 5.756680012
0.999961972 0.004529187 0.007454824 0.032213256 -0.004517522 0.999988675 -0.001580603 -0.098989919 -0.007461897 0.001546866 0.999970973 5.813676834
0.999969900 0.002562052 0.007321015 0.032385435 -0.002546883 0.999994576 -0.002080503 -0.100294262 -0.007326305 0.002061795 0.999971032 5.856885433
0.999971151 0.001461251 0.007454444 0.032843783 -0.001444838 0.999996543 -0.002206558 -0.101440832 -0.007457643 0.002195723 0.999969780 5.914482117
0.999967635 0.001103869 0.007966599 0.032594804 -0.001086645 0.999997020 -0.002166129 -0.102177523 -0.007968967 0.002157401 0.999965906 5.957492352
0.999951005 0.001465745 0.009788503 0.032274619 -0.001465609 0.999998868 -0.000020939 -0.103191718 -0.009788522 0.000006591 0.999952078 6.015769005
0.999949753 0.003867395 0.009249820 0.033027608 -0.003883425 0.999991000 0.001715752 -0.104336120 -0.009243102 -0.001751587 0.999955714 6.056583405
0.999939799 0.004482330 0.010015357 0.033302553 -0.004483811 0.999989986 0.000125334 -0.105512217 -0.010014694 -0.000170232 0.999949813 6.113692760
0.999936759 0.004734799 0.010199467 0.033405632 -0.004717559 0.999987364 -0.001713704 -0.106183007 -0.010207453 0.001665479 0.999946475 6.155242443
0.999929130 0.004746263 0.010921502 0.033744834 -0.004696784 0.999978542 -0.004551740 -0.107266515 -0.010942873 0.004500121 0.999929905 6.213235855
0.999931574 0.003383337 0.011207337 0.033946436 -0.003289789 0.999959648 -0.008355036 -0.108391210 -0.011235154 0.008317593 0.999902248 6.253355503
0.999922335 0.003738980 0.011893452 0.033877011 -0.003597911 0.999923229 -0.011860443 -0.109946817 -0.011936885 0.011816729 0.999858975 6.311608791
0.999926865 0.003121673 0.011683268 0.034862429 -0.002971468 0.999913037 -0.012851721 -0.111070395 -0.011722370 0.012816064 0.999849141 6.351037502
0.999924779 0.002736131 0.011954210 0.035154823 -0.002592081 0.999924064 -0.012049104 -0.113264687 -0.011986267 0.012017210 0.999855995 6.407765865
0.999928892 0.003420770 0.011434066 0.035620004 -0.003284335 0.999923408 -0.011929993 -0.114162445 -0.011474001 0.011891589 0.999863446 6.447956085
0.999930143 0.003768808 0.011205168 0.035805777 -0.003649658 0.999936819 -0.010635035 -0.116008855 -0.011244540 0.010593397 0.999880612 6.505542278
0.999928534 0.004458824 0.011091280 0.036066353 -0.004344259 0.999937177 -0.010332070 -0.116781086 -0.011136651 0.010283149 0.999885142 6.544679165
0.999935389 0.004501762 0.010434720 0.036569677 -0.004390743 0.999933720 -0.010638067 -0.118630096 -0.010481918 0.010591563 0.999888957 6.600008488
0.999942839 0.004825509 0.009540186 0.036957435 -0.004727898 0.999936461 -0.010227805 -0.119633786 -0.009588934 0.010182113 0.999902189 6.640707016
0.999947488 0.005011565 0.008930967 0.037675459 -0.004930656 0.999946773 -0.009058367 -0.120988235 -0.008975888 0.009013856 0.999919057 6.696153641
0.999952555 0.005089915 0.008319356 0.037369967 -0.005019531 0.999951661 -0.008459411 -0.122504845 -0.008362011 0.008417249 0.999929607 6.736573696
0.999960899 0.005252287 0.007121277 0.037710432 -0.005181808 0.999937892 -0.009879619 -0.123633280 -0.007172724 0.009842332 0.999925852 6.793339252
0.999959171 0.006043020 0.006725120 0.037680104 -0.005971104 0.999925315 -0.010662855 -0.125159845 -0.006789054 0.010622261 0.999920547 6.832064152
0.999955177 0.007002101 0.006381837 0.037586544 -0.006932546 0.999916971 -0.010856548 -0.126639992 -0.006457324 0.010811817 0.999920726 6.889112949
0.999966383 0.006274275 0.005286851 0.037943248 -0.006214382 0.999917209 -0.011269940 -0.128193244 -0.005357124 0.011236707 0.999922454 6.928587437
0.999966264 0.006835278 0.004566327 0.037880979 -0.006777276 0.999897659 -0.012598894 -0.129495785 -0.004651976 0.012567520 0.999910235 6.985407352
0.999968708 0.006783254 0.004078814 0.037556626 -0.006733588 0.999904513 -0.012069570 -0.130994275 -0.004160296 0.012041727 0.999918818 7.024435520
0.999974608 0.006490369 0.002955767 0.037313368 -0.006458261 0.999921441 -0.010746048 -0.132782340 -0.003025282 0.010726685 0.999937892 7.080854416
0.999973118 0.006941277 0.002336730 0.037636288 -0.006916807 0.999922812 -0.010321429 -0.133631945 -0.002408195 0.010304990 0.999944031 7.119882107
0.999973118 0.007230868 0.001225722 0.037572481 -0.007218611 0.999926627 -0.009724893 -0.135538161 -0.001295953 0.009715783 0.999951959 7.177235603
0.999966681 0.008123887 0.000741461 0.037417721 -0.008116241 0.999919057 -0.009790963 -0.136078179 -0.000820940 0.009784617 0.999951780 7.216038704
0.999969006 0.007849284 -0.000542696 0.037221272 -0.007854103 0.999923646 -0.009533228 -0.139182717 0.000467825 0.009537195 0.999954402 7.271800995
0.999963164 0.008577128 -0.000224021 0.036419254 -0.008579041 0.999905288 -0.010749535 -0.140089333 0.000131799 0.010751061 0.999942124 7.330596447
0.999953628 0.009592202 -0.000826433 0.036440052 -0.009600315 0.999899328 -0.010448541 -0.140450925 0.000726122 0.010455990 0.999945104 7.359661102
0.999954581 0.009511174 -0.000524350 0.034953650 -0.009516807 0.999881983 -0.012061213 -0.141954020 0.000409572 0.012065656 0.999927104 7.414247036
0.999969065 0.007818466 -0.000883557 0.035660468 -0.007829733 0.999877512 -0.013562972 -0.143129274 0.000777414 0.013569470 0.999907613 7.454885483
0.999990344 0.004186104 -0.001381897 0.035444487 -0.004203638 0.999907494 -0.012939818 -0.145178080 0.001327599 0.012945501 0.999915302 7.512316704
0.999988914 0.004384742 -0.001690969 0.035519086 -0.004399992 0.999948680 -0.009123222 -0.146254182 0.001650879 0.009130561 0.999956965 7.550128460
0.999990523 0.004186462 -0.001131194 0.034426507 -0.004192203 0.999978006 -0.005122266 -0.147607148 0.001109728 0.005126960 0.999986231 7.607345104
0.999986410 0.004910510 -0.001734076 0.034930304 -0.004919691 0.999973714 -0.005330509 -0.148745745 0.001707851 0.005338968 0.999984205 7.644958496
0.999981880 0.005959237 -0.000835136 0.033782147 -0.005966368 0.999943435 -0.008814213 -0.150058419 0.000782563 0.008819036 0.999960780 7.700794220
0.999975979 0.006546372 -0.002247160 0.034520309 -0.006569303 0.999924839 -0.010353549 -0.151094720 0.002179217 0.010368065 0.999943852 7.738905430
0.999976158 0.006532284 -0.002216334 0.033831432 -0.006554732 0.999925733 -0.010276900 -0.152378112 0.002149037 0.010291184 0.999944687 7.795104027
0.999982357 0.005477834 -0.002268766 0.033706244 -0.005497727 0.999945700 -0.008856610 -0.154085055 0.002220129 0.008868929 0.999958217 7.851336002
0.999978662 0.006165167 -0.002091038 0.033570975 -0.006179070 0.999958456 -0.006709398 -0.155259892 0.002049590 0.006722177 0.999975264 7.879229069
0.999985754 0.005239116 -0.000981774 0.032595523 -0.005244625 0.999970138 -0.005695771 -0.156995252 0.000951904 0.005700841 0.999983251 7.937426567
0.999984264 0.005561566 0.000542711 0.031960469 -0.005558152 0.999965966 -0.006100364 -0.158974573 -0.000576621 0.006097252 0.999981225 7.991561890
0.999988735 0.004565389 0.001303317 0.033484738 -0.004554900 0.999958038 -0.007941098 -0.159055203 -0.001339516 0.007935071 0.999967575 8.018773079
0.999987662 0.004049796 0.002900606 0.032675233 -0.004022943 0.999949455 -0.009204746 -0.160687566 -0.002937738 0.009192963 0.999953389 8.074469566
0.999985158 0.003787367 0.003924056 0.032885406 -0.003747219 0.999941111 -0.010188725 -0.162054375 -0.003962412 0.010173869 0.999940336 8.130090714
0.999978125 0.004210807 0.005106261 0.033501487 -0.004163502 0.999948621 -0.009239723 -0.162833571 -0.005144909 0.009218260 0.999944270 8.156311035
0.999972463 0.003852367 0.006344203 0.033454575 -0.003804182 0.999963999 -0.007589716 -0.164561063 -0.006373213 0.007565371 0.999951124 8.212037086
0.999957502 0.004647483 0.007957234 0.033294909 -0.004592280 0.999965429 -0.006941665 -0.165517062 -0.007989219 0.006904828 0.999944270 8.247462273
0.999947548 0.004245520 0.009320533 0.033401724 -0.004180680 0.999967039 -0.006965093 -0.166895658 -0.009349793 0.006925761 0.999932349 8.301870346
0.999940336 0.004321271 0.010034066 0.033535846 -0.004257356 0.999970555 -0.006382456 -0.168845356 -0.010061349 0.006339355 0.999929368 8.355735779
0.999921501 0.004209889 0.011803349 0.033617325 -0.004135022 0.999971271 -0.006360065 -0.170308650 -0.011829786 0.006310759 0.999910116 8.410526276
0.999913990 0.005081362 0.012086230 0.034609661 -0.005001692 0.999965668 -0.006612886 -0.170419171 -0.012119416 0.006551866 0.999905109 8.424628258
0.999896884 0.004297961 0.013701250 0.033806279 -0.004206685 0.999968886 -0.006683706 -0.171828091 -0.013729548 0.006625380 0.999883831 8.476991653
0.999910891 0.004061002 0.012714436 0.036489621 -0.003974939 0.999969125 -0.006786837 -0.173046634 -0.012741605 0.006735694 0.999896169 8.530103683
0.999906480 0.003895882 0.013104597 0.036250070 -0.003822493 0.999977052 -0.005620562 -0.173930943 -0.013126191 0.005569946 0.999898314 8.553399086
0.999920785 0.002891746 0.012252060 0.037249394 -0.002834268 0.999984920 -0.004706085 -0.175080955 -0.012265484 0.004670986 0.999913871 8.604857445
0.999919653 0.003233309 0.012256640 0.037013993 -0.003177610 0.999984562 -0.004561073 -0.176296771 -0.012271198 0.004521761 0.999914408 8.635815620
0.999928057 0.003663213 0.011419400 0.037720855 -0.003599405 0.999977887 -0.005603164 -0.177560836 -0.011439673 0.005561657 0.999919057 8.685367584
0.999928236 0.004005297 0.011294098 0.037232418 -0.003939469 0.999975145 -0.005844779 -0.179312065 -0.011317228 0.005799867 0.999919116 8.733640671
0.999931514 0.004052137 0.010977231 0.037530269 -0.003984930 0.999973178 -0.006137391 -0.179975823 -0.011001806 0.006093227 0.999920964 8.755591393
0.999944866 0.003542193 0.009883604 0.037488759 -0.003482329 0.999975502 -0.006067473 -0.181095108 -0.009904853 0.006032721 0.999932826 8.802793503
0.999961138 0.003809409 0.007954019 0.038054433 -0.003767359 0.999978900 -0.005294913 -0.181862891 -0.007974020 0.005264742 0.999954343 8.832031250
0.999978602 0.002941803 0.005847039 0.038222570 -0.002923356 0.999990761 -0.003161164 -0.183417216 -0.005856285 0.003144004 0.999977946 8.879474640
0.999992728 0.001721646 0.003441514 0.038797867 -0.001717208 0.999997735 -0.001292223 -0.184769273 -0.003443731 0.001286304 0.999993265 8.926362991
0.999996662 0.002471088 0.000755929 0.038584247 -0.002469509 0.999994755 -0.002083904 -0.184710637 -0.000761075 0.002082031 0.999997556 8.944955826
0.999995112 0.002251905 -0.002163865 0.038565658 -0.002257084 0.999994636 -0.002393989 -0.185842246 0.002158461 0.002398861 0.999994814 8.990036964
0.999984324 0.002499887 -0.005020048 0.038010612 -0.002513524 0.999993205 -0.002711883 -0.186558098 0.005013234 0.002724458 0.999983728 9.034889221
0.999960661 0.002845212 -0.008400427 0.037573352 -0.002864262 0.999993384 -0.002256507 -0.187594414 0.008393949 0.002280480 0.999962151 9.077458382
0.999930799 0.003761734 -0.011145468 0.037612163 -0.003787828 0.999990165 -0.002321146 -0.187963963 0.011136625 0.002363203 0.999935150 9.084710121
0.999893188 0.003386469 -0.014215318 0.036662623 -0.003424093 0.999990821 -0.002623234 -0.189122379 0.014206300 0.002671628 0.999895513 9.125825882
0.999837101 0.003290630 -0.017746864 0.036497414 -0.003359981 0.999986827 -0.003879407 -0.189804375 0.017733864 0.003938403 0.999835014 9.166251183
0.999773800 0.004590667 -0.020765282 0.035564303 -0.004665736 0.999982715 -0.003568057 -0.190521643 0.020748544 0.003664136 0.999777973 9.181119919
0.999705613 0.004941510 -0.023752619 0.034437224 -0.005037306 0.999979377 -0.003974888 -0.191770390 0.023732487 0.004093367 0.999710083 9.218921661
0.999618053 0.006504534 -0.026864471 0.034194946 -0.006629011 0.999967694 -0.004547027 -0.192136124 0.026834022 0.004723374 0.999628723 9.240920067
0.999591887 0.006978472 -0.027701229 0.033138543 -0.007083371 0.999968112 -0.003690461 -0.193197817 0.027674586 0.003885173 0.999609411 9.277062416
0.999599636 0.006777551 -0.027469762 0.031814873 -0.006841874 0.999974072 -0.002248274 -0.194429561 0.027453810 0.002435318 0.999620080 9.312191963
0.999620497 0.007117527 -0.026611431 0.031116918 -0.007170657 0.999972522 -0.001901633 -0.194584519 0.026597163 0.002091733 0.999643981 9.325388908
0.999615133 0.007104250 -0.026817812 0.030696124 -0.007177713 0.999970734 -0.002644094 -0.195186406 0.026798239 0.002835567 0.999636769 9.359957695
0.999639869 0.007299974 -0.025823250 0.029281124 -0.007409314 0.999963939 -0.004141029 -0.196016252 0.025792086 0.004330871 0.999657869 9.378819466
0.999651134 0.007321255 -0.025378129 0.028774515 -0.007484698 0.999951839 -0.006351380 -0.196843058 0.025330406 0.006539112 0.999657750 9.411927223
0.999686182 0.007550679 -0.023886798 0.027298808 -0.007731117 0.999942124 -0.007470557 -0.197936684 0.023829008 0.007652883 0.999686778 9.444931984
0.999719024 0.008142591 -0.022263169 0.027047798 -0.008324288 0.999932706 -0.008080950 -0.198132336 0.022195863 0.008264003 0.999719501 9.457406044
0.999757886 0.008203126 -0.020418225 0.026128635 -0.008365389 0.999934018 -0.007874370 -0.199178964 0.020352276 0.008043269 0.999760509 9.489229202
0.999794900 0.007784321 -0.018695332 0.025097966 -0.007941117 0.999933779 -0.008327411 -0.199941218 0.018629264 0.008474164 0.999790609 9.523125648
0.999827981 0.007663131 -0.016889606 0.025339156 -0.007798824 0.999937713 -0.007982915 -0.200485900 0.016827378 0.008113261 0.999825537 9.534661293
0.999863267 0.007036029 -0.014962828 0.024768606 -0.007163711 0.999938250 -0.008496864 -0.201345831 0.014902117 0.008602891 0.999851942 9.566510201
0.999901950 0.006978539 -0.012136916 0.024319351 -0.007068400 0.999947846 -0.007376889 -0.202945173 0.012084808 0.007461955 0.999899149 9.598893166
0.999941945 0.005686081 -0.009144105 0.024046771 -0.005752051 0.999957561 -0.007204490 -0.203149408 0.009102752 0.007256671 0.999932170 9.631093979
0.999968112 0.005482630 -0.005797737 0.024137925 -0.005524889 0.999958098 -0.007298134 -0.203250498 0.005757480 0.007329934 0.999956548 9.635999680
0.999981940 0.005318242 -0.002784680 0.023970138 -0.005338131 0.999959946 -0.007184631 -0.204118520 0.002746359 0.007199368 0.999970257 9.667803764
0.999986708 0.005153496 0.000150263 0.023986137 -0.005152186 0.999957204 -0.007698877 -0.204530224 -0.000189933 0.007698001 0.999970376 9.685854912
0.999980688 0.004959305 0.003757400 0.023890998 -0.004929383 0.999956369 -0.007931553 -0.205241472 -0.003796570 0.007912878 0.999961495 9.717372894
0.999962032 0.006212920 0.006118645 0.024082206 -0.006158115 0.999941051 -0.008935524 -0.205751762 -0.006173799 0.008897505 0.999941349 9.735400200
0.999942243 0.006034973 0.008900722 0.024291858 -0.005952869 0.999939799 -0.009222179 -0.206633657 -0.008955843 0.009168661 0.999917805 9.767272949
0.999904633 0.006575908 0.012143022 0.024297297 -0.006470501 0.999941230 -0.008699370 -0.207009912 -0.012199515 0.008619968 0.999888420 9.785171509
0.999869466 0.006836872 0.014632972 0.024655409 -0.006717453 0.999943852 -0.008194556 -0.207768112 -0.014688175 0.008095189 0.999859333 9.817617416
0.999842227 0.006122205 0.016676864 0.025116935 -0.005985876 0.999948323 -0.008212476 -0.208369553 -0.016726281 0.008111353 0.999827206 9.835752487
0.999813139 0.005740253 0.018459180 0.025600225 -0.005567678 0.999940455 -0.009386840 -0.209270388 -0.018511964 0.009282311 0.999785542 9.867849350
0.999766290 0.006189250 0.020712974 0.025916919 -0.005940413 0.999909699 -0.012053654 -0.209729373 -0.020785704 0.011927793 0.999712765 9.886295319
0.999756515 0.005147914 0.021456430 0.026407182 -0.004852604 0.999893069 -0.013792691 -0.210336775 -0.021525139 0.013685212 0.999674618 9.911823273
0.999751210 0.004701664 0.021802420 0.026878253 -0.004401234 0.999894977 -0.013807202 -0.211379379 -0.021865048 0.013707809 0.999666929 9.944622040
0.999747396 0.004637273 0.021990135 0.027236000 -0.004311898 0.999880910 -0.014820770 -0.211818814 -0.022056246 0.014722208 0.999648273 9.963670731
0.999750495 0.005961420 0.021527525 0.027980074 -0.005635559 0.999869168 -0.015166066 -0.212574422 -0.021615118 0.015040962 0.999653220 9.990561485
0.999725223 0.006323908 0.022575170 0.028228983 -0.005974398 0.999861836 -0.015516120 -0.213600516 -0.022670170 0.015376983 0.999624729 10.024565697
0.999742091 0.005392440 0.022057394 0.028937578 -0.005003979 0.999832094 -0.017628754 -0.214123622 -0.022148751 0.017513836 0.999601185 10.043986320
0.999752343 0.000762869 0.022238977 0.029929221 -0.000334518 0.999814510 -0.019258637 -0.215455234 -0.022249542 0.019246429 0.999567151 10.078680992
0.999732554 -0.001105506 0.023097234 0.030118585 0.001585268 0.999783158 -0.020763438 -0.215759754 -0.023069270 0.020794502 0.999517620 10.097238541
0.999709547 0.002244731 0.023991499 0.030565500 -0.001804212 0.999829650 -0.018367372 -0.215550095 -0.024028640 0.018318750 0.999543488 10.132328987
0.999697745 0.004367397 0.024193678 0.031030908 -0.004116020 0.999937117 -0.010430276 -0.217446387 -0.024237709 0.010327541 0.999652863 10.152201653
0.999690175 0.003355838 0.024663674 0.032031670 -0.003188418 0.999971628 -0.006824288 -0.218540654 -0.024685873 0.006743534 0.999672532 10.188161850
0.999618232 0.002992083 0.027469387 0.032726347 -0.002742668 0.999954760 -0.009112918 -0.219372123 -0.027495410 0.009034099 0.999581039 10.223457336
0.999521375 0.003796410 0.030702552 0.034607708 -0.003326353 0.999876738 -0.015346625 -0.220194444 -0.030757029 0.015237152 0.999410689 10.259700775
0.999353349 0.005527347 0.035531651 0.033680201 -0.004845926 0.999803245 -0.019235458 -0.220113337 -0.035630986 0.019050833 0.999183476 10.264173508
0.999202609 0.007302560 0.039254572 0.034278840 -0.006582304 0.999808192 -0.018446362 -0.221466199 -0.039381754 0.018173266 0.999059021 10.300718307
0.999121904 0.005664059 0.041513797 0.037190855 -0.004990083 0.999854386 -0.016320670 -0.222721174 -0.041600194 0.016099175 0.999004722 10.340198517
0.998992264 0.003533553 0.044746302 0.037370265 -0.002917688 0.999900222 -0.013821321 -0.222451970 -0.044790678 0.013676834 0.998902798 10.351437569
0.998866737 0.000834829 0.047589347 0.039091170 -0.000267021 0.999928653 -0.011936530 -0.223900229 -0.047595922 0.011910291 0.998795748 10.389252663
0.998715937 0.002063598 0.050618611 0.040578544 -0.001486286 0.999933422 -0.011440141 -0.225064397 -0.050638851 0.011350218 0.998652518 10.427612305
0.998556674 0.003123556 0.053617477 0.041325986 -0.002374300 0.999898732 -0.014032109 -0.225092202 -0.053655885 0.013884551 0.998462975 10.439774513
0.998456299 0.004634374 0.055348694 0.043740928 -0.003716163 0.999853909 -0.016680984 -0.225670248 -0.055417918 0.016449546 0.998327792 10.478683472
0.998245299 0.004766738 0.059021365 0.044427335 -0.003815527 0.999861181 -0.016218591 -0.227309391 -0.059090484 0.015964936 0.998124957 10.517198563
0.998097718 0.005490329 0.061406404 0.045816004 -0.004612751 0.999885321 -0.014423941 -0.227470100 -0.061478551 0.014113249 0.998008609 10.528157234
0.997871101 0.006584061 0.064885035 0.047171295 -0.005771594 0.999902725 -0.012701147 -0.228653744 -0.064962350 0.012299616 0.997811913 10.566417694
0.997689068 0.007328521 0.067549482 0.049610853 -0.006480361 0.999897480 -0.012766715 -0.229840636 -0.067636125 0.012299466 0.997634232 10.604634285
0.997476041 0.008992240 0.070431828 0.051054239 -0.008012852 0.999867380 -0.014175694 -0.229558885 -0.070549965 0.013575556 0.997415841 10.616593361
0.997376263 0.008750014 0.071861193 0.055301428 -0.007639818 0.999847412 -0.015709540 -0.229685575 -0.071987696 0.015119316 0.997290909 10.656531334
0.997193098 0.005003393 0.074705362 0.056746066 -0.003903939 0.999882042 -0.014855961 -0.231161952 -0.074770883 0.014522617 0.997094929 10.694649696
0.997133076 0.003371952 0.075593017 0.057821393 -0.002320166 0.999899387 -0.013997302 -0.232246339 -0.075632602 0.013781783 0.997040510 10.705764771
0.997083247 0.002928585 0.076266624 0.060231149 -0.001838984 0.999895334 -0.014353041 -0.233248472 -0.076300673 0.014170922 0.996984065 10.744235039
0.997043312 0.002732945 0.076793253 0.061921537 -0.001664774 0.999901056 -0.013970280 -0.234061837 -0.076823838 0.013801130 0.996949136 10.765102386
0.997062981 0.002949061 0.076529391 0.064716399 -0.001948367 0.999911666 -0.013147322 -0.235188112 -0.076561399 0.012959598 0.996980608 10.804614067
0.997089624 0.003538844 0.076156490 0.066215217 -0.002547215 0.999910772 -0.013114118 -0.235749051 -0.076196097 0.012881963 0.997009635 10.824829102
0.997195184 0.003558133 0.074761271 0.068979681 -0.002521328 0.999899387 -0.013958028 -0.237002283 -0.074803412 0.013730377 0.997103751 10.863550186
0.997313023 0.003303285 0.073183671 0.070284963 -0.002238207 0.999890447 -0.014630737 -0.237706691 -0.073223993 0.014427625 0.997211099 10.883994102
0.997386515 0.005474309 0.072043918 0.072248459 -0.004316769 0.999859273 -0.016213052 -0.238376155 -0.072122529 0.015859680 0.997269690 10.923148155
0.997533500 0.005631555 0.069966160 0.074324965 -0.004526334 0.999862671 -0.015945012 -0.239432812 -0.070046350 0.015588996 0.997421861 10.943786621
0.997643828 0.006243887 0.068322368 0.076830387 -0.005178681 0.999862492 -0.015756909 -0.241114050 -0.068411358 0.015365964 0.997538865 10.983222008
0.997777164 0.007132292 0.066256031 0.077716291 -0.006146723 0.999867558 -0.015067132 -0.241743445 -0.066354714 0.014626379 0.997689009 11.002508163
0.997967124 0.007111184 0.063333437 0.080183625 -0.006235111 0.999882221 -0.014019636 -0.242776617 -0.063425682 0.013596242 0.997893929 11.041646957
0.998235881 0.006021493 0.059065849 0.081256628 -0.005343237 0.999918103 -0.011634270 -0.243395686 -0.059131064 0.011298144 0.998186231 11.061811447
0.998500228 0.004934672 0.054524176 0.082907677 -0.004393533 0.999939978 -0.010040178 -0.244461596 -0.054570448 0.009785566 0.998461962 11.100008965
0.998758137 0.004345029 0.049631301 0.083892882 -0.003924378 0.999955595 -0.008569824 -0.245173782 -0.049666326 0.008364410 0.998730838 11.119944572
0.998988867 0.003368643 0.044832602 0.085199237 -0.003028398 0.999966085 -0.007654998 -0.246378437 -0.044856869 0.007511488 0.998965204 11.157967567
0.999191046 0.003146529 0.040091421 0.085975945 -0.002863331 0.999970555 -0.007119264 -0.246822238 -0.040112644 0.006998709 0.999170601 11.176767349
0.999369800 0.002704080 0.035392411 0.086982310 -0.002442915 0.999969482 -0.007420303 -0.247463912 -0.035411395 0.007329165 0.999345899 11.214388847
0.999491513 0.002135073 0.031816859 0.087105870 -0.001901027 0.999970913 -0.007384446 -0.248298377 -0.031831704 0.007320206 0.999466419 11.231441498
0.999610782 0.002284235 0.027807642 0.087832525 -0.002082553 0.999971330 -0.007279590 -0.249519438 -0.027823474 0.007218845 0.999586821 11.266755104
0.999706626 0.003198883 0.024015350 0.087988377 -0.003010662 0.999964535 -0.007869616 -0.249817878 -0.024039676 0.007795004 0.999680638 11.284175873
0.999785364 0.001975739 0.020626556 0.087924123 -0.001825358 0.999971688 -0.007306919 -0.250889122 -0.020640410 0.007267700 0.999760568 11.315793037
0.999866426 0.001581483 0.016263049 0.088415466 -0.001443372 0.999962866 -0.008500559 -0.251273811 -0.016275888 0.008475952 0.999831557 11.333479881
0.999926209 0.003154377 0.011729587 0.087858155 -0.003037224 0.999945402 -0.009992215 -0.252452224 -0.011760466 0.009955852 0.999881268 11.364465714
