1.000000000 0.000000000 0.000000000 0.000000000 0.000000000 1.000000000 0.000000000 0.000000000 0.000000000 0.000000000 1.000000000 0.000000000
0.999977291 0.000501786 -0.006713781 -0.000107362 -0.000499029 0.999999762 0.000412358 -0.000034066 0.006713987 -0.000408999 0.999977350 0.002077863
0.999905169 0.001009632 -0.013735728 -0.000332828 -0.001004525 0.999999404 0.000378765 -0.000063588 0.013736106 -0.000364935 0.999905586 0.004347418
0.999610126 -0.002958141 -0.027763413 0.004016742 0.002010492 0.999416411 -0.034099072 0.032071054 0.027848080 0.034029961 0.999032736 0.023541009
0.999544084 0.001834708 -0.030135470 -0.001325172 -0.001896940 0.999996126 -0.002036640 0.000018727 0.030131625 0.002092877 0.999543667 0.012831487
0.999138594 0.001919670 -0.041456588 -0.001478503 -0.002060961 0.999992192 -0.003365694 -0.000083059 0.041449800 0.003448231 0.999134660 0.013025631
0.998385787 0.002076556 -0.056757476 -0.000850221 -0.002168791 0.999996424 -0.001563537 -0.002658452 0.056754034 0.001684109 0.998386800 0.020713352
0.997434556 0.001639334 -0.071565308 -0.003287363 -0.001973815 0.999987483 -0.004603315 -0.000034931 0.071556844 0.004732762 0.997425318 0.025550876
0.995780647 0.000166510 -0.091764502 -0.003611713 -0.000562236 0.999990761 -0.004286584 -0.000328554 0.091762923 0.004320091 0.995771527 0.035000827
0.993898153 -0.000804819 -0.110300012 -0.003858332 0.000346190 0.999991238 -0.004177102 -0.000260372 0.110302426 0.004113428 0.993889511 0.024630230
0.991217613 -0.001047905 -0.132236764 -0.005765021 0.000454776 0.999989808 -0.004515479 -0.000402003 0.132240146 0.004415685 0.991207898 0.031316675
0.987755299 0.002252330 -0.155994385 -0.006300807 -0.003234330 0.999976516 -0.006041560 -0.000477742 0.155977085 0.006472121 0.987739384 0.033710092
0.983363926 0.006584503 -0.181526691 -0.007267789 -0.008070268 0.999939799 -0.007447417 -0.000574413 0.181466684 0.008788492 0.983357847 0.035422191
0.978009880 0.009380043 -0.208347887 -0.009317314 -0.011373729 0.999900222 -0.008373070 -0.000730214 0.208248571 0.010558636 0.978018999 0.040596627
0.971280992 0.010534735 -0.237702176 -0.009993434 -0.012928495 0.999880135 -0.008513695 -0.000796614 0.237584040 0.011342318 0.971300662 0.041544687
0.963190138 0.012264358 -0.268540859 -0.012146933 -0.014969496 0.999855697 -0.008028136 -0.000872031 0.268403679 0.011752542 0.963234782 0.046439685
0.953786731 0.014471367 -0.300136298 -0.014644322 -0.017333282 0.999826014 -0.006874871 -0.000911556 0.299984574 0.011759506 0.953871429 0.051345050
0.942465007 0.016591035 -0.333893001 -0.017026259 -0.019662283 0.999789655 -0.005820626 -0.000952379 0.333726168 0.012050833 0.942592919 0.055872127
0.929795921 0.019435512 -0.367561758 -0.019457698 -0.022824798 0.999727607 -0.004875885 -0.001247800 0.367366850 0.012923102 0.929986358 0.060995173
0.915932596 0.022535078 -0.400698781 -0.022164529 -0.026373480 0.999643862 -0.004066096 -0.001303905 0.400464475 0.014292093 0.916200757 0.065099575
0.900057256 0.022252915 -0.435203195 -0.023434766 -0.026496520 0.999642074 -0.003684331 -0.001082450 0.434965372 0.014847481 0.900324643 0.064950712
0.881557345 0.017688604 -0.471745610 -0.026372839 -0.022516113 0.999735951 -0.004589993 -0.001023431 0.471539885 0.014668221 0.881722689 0.069237061
0.860316515 0.013157058 -0.509590387 -0.031437851 -0.018051898 0.999826193 -0.004661735 -0.001271420 0.509440482 0.013209640 0.860404491 0.078022376
0.835360885 0.014927236 -0.549499214 -0.035080440 -0.018603951 0.999826252 -0.001121687 -0.001418501 0.549387097 0.011159872 0.835493445 0.082067840
0.806169271 0.020240521 -0.591338634 -0.039459903 -0.023307621 0.999725461 0.002443732 -0.001460352 0.591225684 0.011812638 0.806419611 0.086270213
0.773479700 0.023489004 -0.633385718 -0.043872334 -0.026826376 0.999630868 0.004311229 -0.001513641 0.633253038 0.013656797 0.773824275 0.090156488
0.737645030 0.022891382 -0.674800456 -0.049087249 -0.026004490 0.999646723 0.005484902 -0.001679511 0.674687624 0.013501932 0.737979829 0.094151594
0.697386205 0.018033689 -0.716468513 -0.053866439 -0.019562082 0.999789834 0.006123889 -0.001598370 0.716428339 0.009744901 0.697592497 0.098056860
0.655050755 0.014811924 -0.755439699 -0.059921637 -0.014699006 0.999868333 0.006858759 -0.001532800 0.755441904 0.006611376 0.655182302 0.102003500
0.610091448 0.014246911 -0.792202890 -0.065746695 -0.012136892 0.999889016 0.008635053 -0.001476965 0.792237997 0.004346708 0.610196769 0.105360836
0.562368035 0.014879295 -0.826753139 -0.072603799 -0.009358690 0.999888539 0.011629360 -0.001479242 0.826834083 0.001197346 0.562444627 0.108693942
0.510783672 0.014879903 -0.859580398 -0.079286464 -0.007086246 0.999889135 0.013097918 -0.001354187 0.859679997 -0.000599004 0.510832548 0.111772627
0.458872706 0.017039053 -0.888338566 -0.087281637 -0.006606914 0.999853909 0.015765192 -0.001318816 0.888477385 -0.001365041 0.458918214 0.114385113
0.404479384 0.019776013 -0.914333284 -0.094824001 -0.004841105 0.999798417 0.019482944 -0.001475253 0.914534271 -0.003454065 0.404493570 0.116598718
0.349008173 0.021055287 -0.936883092 -0.103618823 -0.005014063 0.999775350 0.020600861 -0.001087217 0.937106192 -0.002492279 0.349035382 0.118694119
0.293678492 0.023960868 -0.955603957 -0.112367555 -0.002761685 0.999702990 0.024217876 -0.000955794 0.955900252 -0.004473193 0.293657482 0.120449334
0.240061134 0.026391234 -0.970398962 -0.122144222 0.002238508 0.999612689 0.027739514 -0.001072674 0.970755219 -0.008831425 0.239909038 0.122020096
0.189329118 0.026882950 -0.981545627 -0.131798804 0.004677882 0.999589086 0.028279448 -0.000981870 0.981902599 -0.009945679 0.189125553 0.122919932
0.141640112 0.027755534 -0.989528954 -0.142155945 0.002799594 0.999591649 0.028438507 -0.000859590 0.989914179 -0.006798315 0.141504526 0.123417377
0.098095104 0.027789054 -0.994789064 -0.153162152 0.001232555 0.999605954 0.028045155 -0.000491433 0.995176256 -0.003977226 0.098022193 0.123931333
0.061019257 0.026533799 -0.997783840 -0.164096132 0.000437500 0.999645710 0.026610069 -0.000351322 0.998136520 -0.002060257 0.060986020 0.123525962
0.026092343 0.022915673 -0.999396801 -0.175669506 0.000759197 0.999736488 0.022943279 0.000066502 0.999659240 -0.001357383 0.026068065 0.123352297
-0.004883430 0.021007791 -0.999767363 -0.188059554 0.002094523 0.999777317 0.020997770 0.000050866 0.999985874 -0.001991494 -0.004926345 0.122579627
-0.031617157 0.018969558 -0.999319971 -0.200341135 0.001815993 0.999819398 0.018921580 0.000201206 0.999498367 -0.001216511 -0.031645890 0.121776164
-0.052339248 0.016715357 -0.998489559 -0.213546798 0.001002803 0.999860287 0.016685743 0.000501640 0.998628855 -0.000127969 -0.052348703 0.120546341
-0.069087364 0.015504638 -0.997490168 -0.226744011 0.001315675 0.999879718 0.015450658 0.000839884 0.997609675 -0.000244927 -0.069099456 0.119459659
-0.081623413 0.016319575 -0.996529639 -0.240562692 0.002550958 0.999866009 0.016165273 0.000935175 0.996659994 -0.001222640 -0.081654117 0.117867045
-0.091769345 0.017334983 -0.995629430 -0.254712999 0.002082112 0.999849558 0.017216548 0.001055032 0.995778143 -0.000493060 -0.091791637 0.116557054
-0.097954616 0.018643631 -0.995016158 -0.269257188 -0.000040216 0.999824405 0.018737683 0.001097909 0.995190859 0.001875458 -0.097936660 0.114679940
-0.102541886 0.019646853 -0.994534671 -0.284305215 0.000104255 0.999805152 0.019740222 0.001281143 0.994728625 0.001920515 -0.102523953 0.113099419
-0.103575073 0.020666877 -0.994406879 -0.299541891 0.001951762 0.999786317 0.020575389 0.001388626 0.994619668 0.000190252 -0.103593297 0.111232221
-0.102529727 0.022892820 -0.994466424 -0.315479040 0.004111168 0.999736369 0.022590270 0.001605456 0.994721413 -0.001772244 -0.102596812 0.109569311
-0.101209380 0.024954159 -0.994552255 -0.331521034 0.003367402 0.999688268 0.024740353 0.001888792 0.994859457 -0.000845101 -0.101261884 0.107987016
-0.099529818 0.024881463 -0.994723499 -0.348252267 0.001091666 0.999689519 0.024896452 0.002041762 0.995034039 0.001392033 -0.099526078 0.106283024
-0.097758025 0.022434872 -0.994957328 -0.364725232 -0.000750643 0.999743938 0.022616558 0.002243211 0.995209932 0.002957808 -0.097716182 0.104354441
-0.096676379 0.022052223 -0.995071530 -0.382348925 -0.001092942 0.999751568 0.022262126 0.002638035 0.995315254 0.003239777 -0.096628278 0.102747932
-0.094800770 0.024932718 -0.995184004 -0.399879456 -0.000215883 0.999685764 0.025066068 0.002976900 0.995496154 0.002591126 -0.094765596 0.100897901
-0.093253434 0.027981576 -0.995249212 -0.418312758 -0.001198971 0.999601066 0.028216274 0.003304056 0.995641589 0.003824540 -0.093182698 0.099231869
-0.091100894 0.030448947 -0.995376170 -0.436322689 -0.002310339 0.999523282 0.030787265 0.003424609 0.995839000 0.005104403 -0.090987109 0.097334251
-0.089638136 0.029921930 -0.995524883 -0.455278814 -0.004647397 0.999525189 0.030460618 0.003655754 0.995963514 0.007357032 -0.089456506 0.095722809
-0.087388761 0.026824376 -0.995813072 -0.473990500 -0.006662216 0.999599278 0.027511019 0.004115465 0.996151984 0.009038473 -0.087175034 0.093566537
-0.085574128 0.025888136 -0.995995462 -0.494010925 -0.007678284 0.999615610 0.026641933 0.004591092 0.996302247 0.009927396 -0.085342437 0.091607675
-0.084220767 0.028484505 -0.996039927 -0.512923241 -0.004925744 0.999567211 0.029001879 0.004883930 0.996434867 0.007348799 -0.084044017 0.090063937
-0.082933739 0.030424956 -0.996090591 -0.533153951 -0.002710110 0.999523222 0.030755455 0.005316000 0.996551335 0.005250180 -0.082811743 0.088291079
-0.081641436 0.032388892 -0.996135294 -0.552835047 -0.001818829 0.999465287 0.032646220 0.005543938 0.996660113 0.004477085 -0.081538871 0.086526513
-0.081197307 0.027749522 -0.996311665 -0.573606312 -0.001385628 0.999608219 0.027954264 0.005830325 0.996697128 0.003650328 -0.081127055 0.084784865
-0.080717646 0.020901550 -0.996517837 -0.592807412 -0.000481886 0.999779165 0.021008983 0.006007229 0.996736884 0.002176004 -0.080689751 0.083200768
-0.081024803 0.016394909 -0.996577322 -0.614047766 0.002817520 0.999864459 0.016219914 0.006266051 0.996708095 -0.001493661 -0.081060022 0.081569068
-0.081556872 0.016867135 -0.996526062 -0.635054767 0.003694537 0.999855101 0.016621118 0.006523725 0.996661842 -0.002326135 -0.081607357 0.079703391
-0.081433557 0.024700962 -0.996372640 -0.654711068 0.003527411 0.999693871 0.024494996 0.006464360 0.996672451 -0.001519901 -0.081495754 0.077891350
-0.081966840 0.031726897 -0.996129990 -0.676265538 0.001801840 0.999496222 0.031685852 0.006819575 0.996633351 0.000802322 -0.081982724 0.076108687
-0.082263790 0.037197307 -0.995916128 -0.697796345 -0.000062054 0.999302983 0.037328936 0.007062498 0.996610463 0.003132620 -0.082204156 0.074118920
-0.082618736 0.037550751 -0.995873511 -0.717480600 -0.001592401 0.999283612 0.037811447 0.007271420 0.996579945 0.004709764 -0.082499765 0.072339818
-0.082991645 0.034109838 -0.995966196 -0.738721609 -0.001444709 0.999408901 0.034348123 0.007628661 0.996549189 0.004289489 -0.082893305 0.070504308
-0.082903281 0.031479336 -0.996060252 -0.759967387 -0.002448354 0.999491572 0.031791553 0.007973179 0.996554613 0.005074332 -0.082784049 0.068509832
-0.083389170 0.032706823 -0.995980203 -0.780045807 -0.003112727 0.999447942 0.033081301 0.008294458 0.996512175 0.005858838 -0.083241329 0.066696823
-0.083139688 0.035311770 -0.995912075 -0.801595449 -0.004334131 0.999349833 0.035795473 0.008643180 0.996528447 0.007292438 -0.082932569 0.064598784
-0.082722925 0.033650462 -0.996004343 -0.822774827 -0.005125641 0.999402225 0.034190968 0.008824442 0.996559381 0.007933538 -0.082500994 0.062408231
-0.083025366 0.027876504 -0.996157467 -0.841998100 -0.005895614 0.999577582 0.028463578 0.009552209 0.996529996 0.008236161 -0.082825936 0.061336502
-0.082697608 0.023960352 -0.996286571 -0.863184273 -0.008030449 0.999662519 0.024708115 0.009530770 0.996542335 0.010043932 -0.082477294 0.059191056
-0.081779256 0.024641177 -0.996345758 -0.883525848 -0.008112228 0.999644756 0.025388610 0.009779133 0.996617436 0.010158846 -0.081550345 0.057255544
-0.081822403 0.027315833 -0.996272504 -0.903846085 -0.006006020 0.999592662 0.027900133 0.009990930 0.996628821 0.008266488 -0.081625015 0.056048065
-0.081063710 0.031995095 -0.996195316 -0.924633145 -0.005755939 0.999453008 0.032568101 0.010309922 0.996692359 0.008374130 -0.080835201 0.054069109
-0.080895126 0.037798714 -0.996005535 -0.945183337 -0.005025391 0.999252439 0.038330093 0.010612598 0.996710002 0.008106036 -0.080644690 0.052454472
-0.081209406 0.040822502 -0.995860696 -0.965113640 -0.005174737 0.999130130 0.041378513 0.011029061 0.996683657 0.008513642 -0.080927521 0.051057801
-0.080513842 0.040656805 -0.995923996 -0.986481190 -0.004804585 0.999140382 0.041176524 0.011550415 0.996741891 0.008100282 -0.080249302 0.049066514
-0.080955073 0.036433421 -0.996051610 -1.008178115 -0.004236736 0.999310017 0.036896951 0.011901654 0.996708810 0.007207005 -0.080744870 0.047410287
-0.080810390 0.031765886 -0.996223152 -1.030017734 -0.005331052 0.999463975 0.032301657 0.012525762 0.996715248 0.007921228 -0.080597721 0.045663036
-0.080381319 0.029238626 -0.996335208 -1.046655893 -0.009155572 0.999505877 0.030070318 0.012640795 0.996722162 0.011539110 -0.080073893 0.043909959
-0.080335349 0.027793767 -0.996380389 -1.068302393 -0.013181490 0.999494195 0.028943416 0.012797059 0.996680737 0.015458955 -0.079928353 0.041602679
-0.081160210 0.025403313 -0.996377230 -1.089299917 -0.010742808 0.999594748 0.026360406 0.013171045 0.996643186 0.012843305 -0.080854416 0.039934918
-0.082429685 0.022567460 -0.996341407 -1.110538244 -0.007047984 0.999705374 0.023226753 0.012931188 0.996572018 0.008936770 -0.082246341 0.038263664
-0.083431385 0.020414140 -0.996304393 -1.127404809 -0.002803670 0.999781370 0.020720167 0.013470777 0.996509552 0.004522021 -0.083355926 0.036971770
-0.085533164 0.023501106 -0.996058106 -1.148939371 -0.002775910 0.999712229 0.023825696 0.013725490 0.996331453 0.004802854 -0.085443318 0.035217002
-0.087238729 0.029943272 -0.995737314 -1.170088649 0.000136778 0.999548554 0.030045895 0.013804199 0.996187389 0.002484971 -0.087203436 0.033194065
-0.088914074 0.034074102 -0.995456278 -1.187970161 0.001782925 0.999418497 0.034050472 0.013910921 0.996037662 0.001252743 -0.088923134 0.031581506
-0.090294689 0.033255484 -0.995359659 -1.208999038 0.001529499 0.999445856 0.033253249 0.014090333 0.995913923 0.001480191 -0.090295509 0.029506877
-0.091447696 0.029368572 -0.995376766 -1.229901314 -0.002226339 0.999556482 0.029696437 0.014263256 0.995807350 0.004931717 -0.091341764 0.027210444
-0.092633113 0.025547173 -0.995372474 -1.247106910 -0.006645470 0.999632657 0.026274964 0.014509531 0.995678067 0.009048651 -0.092429318 0.025473952
-0.094050676 0.024425728 -0.995267689 -1.268092632 -0.010555450 0.999618292 0.025529968 0.014752487 0.995511472 0.012906609 -0.093756951 0.023227930
-0.094331622 0.025493806 -0.995214283 -1.288517594 -0.012259815 0.999566495 0.026767340 0.014846457 0.995465338 0.014726151 -0.093978181 0.020807020
-0.095726550 0.027033415 -0.995040476 -1.305872679 -0.012255022 0.999523342 0.028334184 0.014910929 0.995332241 0.014906576 -0.095349640 0.019328959
-0.096119806 0.026679493 -0.995012224 -1.326323867 -0.015209467 0.999484539 0.028268678 0.015061932 0.995253623 0.017850783 -0.095664486 0.016994879
-0.096637823 0.026297642 -0.994972110 -1.347058892 -0.016322823 0.999474525 0.028002020 0.015418656 0.995185792 0.018946806 -0.096157797 0.014702901
-0.098133296 0.028013447 -0.994779050 -1.363741994 -0.012870383 0.999484420 0.029415602 0.015589803 0.995090067 0.015689833 -0.097722165 0.013636187
-0.099085905 0.030531757 -0.994610310 -1.383694649 -0.012455992 0.999412775 0.031920079 0.016038965 0.995000958 0.015551687 -0.098647408 0.012047857
-0.099340081 0.034164928 -0.994466901 -1.403974295 -0.011187918 0.999308884 0.035448868 0.016681131 0.994990647 0.014647507 -0.098889209 0.009950772
-0.099520013 0.037488449 -0.994329095 -1.419582129 -0.012101131 0.999170661 0.038882159 0.016252555 0.994961917 0.015902061 -0.098983832 0.008172393
-0.100206129 0.037104439 -0.994274557 -1.438912988 -0.012003105 0.999186695 0.038497459 0.016594287 0.994894326 0.015792061 -0.099679247 0.006059036
-0.100470290 0.034873392 -0.994328678 -1.458184719 -0.011796386 0.999273479 0.036238767 0.016879469 0.994870186 0.015370402 -0.099985927 0.004091859
-0.100713842 0.031736944 -0.994409144 -1.477126718 -0.010880169 0.999396145 0.032998048 0.017097943 0.994855940 0.014142699 -0.100307733 0.002102137
-0.100598633 0.028692691 -0.994513273 -1.495723844 -0.011597805 0.999482334 0.030009210 0.017379386 0.994859576 0.014553053 -0.100213781 0.000004023
-0.099510975 0.026406214 -0.994685948 -1.508409023 -0.011859131 0.999545336 0.027721630 0.017590119 0.994965792 0.014554719 -0.099152572 -0.001093164
-0.096878029 0.025205251 -0.994976997 -1.526266336 -0.013572837 0.999552846 0.026642714 0.017894998 0.995203733 0.016085755 -0.096492596 -0.003344133
-0.093182765 0.026449643 -0.995297611 -1.543632507 -0.014155488 0.999510944 0.027886886 0.017932324 0.995548368 0.016687501 -0.092762791 -0.004572809
-0.087714300 0.028088283 -0.995749593 -1.557413697 -0.013626395 0.999475002 0.029393703 0.017988442 0.996052444 0.016146723 -0.087285496 -0.005586639
-0.080772482 0.029683691 -0.996290505 -1.574066043 -0.012905252 0.999441504 0.030823845 0.018038774 0.996649027 0.015347097 -0.080344304 -0.006846234
-0.072400697 0.031240784 -0.996886194 -1.590068221 -0.013686942 0.999384046 0.032313105 0.018076617 0.997281730 0.015983813 -0.071928531 -0.007749788
-0.059601948 0.031997558 -0.997709274 -1.606134892 -0.015327974 0.999338925 0.032965496 0.018737651 0.998104453 0.017257670 -0.059072092 -0.009317800
-0.045455292 0.034300707 -0.998377323 -1.617727280 -0.019136747 0.999197185 0.035200149 0.018368121 0.998782992 0.020705732 -0.044762395 -0.009183764
-0.027404308 0.035299078 -0.999000907 -1.632342100 -0.020565804 0.999145031 0.035868313 0.018751387 0.999412835 0.021528205 -0.026654927 -0.009207714
-0.004805595 0.035741705 -0.999349535 -1.647111893 -0.021329749 0.999130070 0.035836428 0.019133288 0.999760985 0.021488089 -0.004039049 -0.009426981
0.020179862 0.036418185 -0.999132872 -1.658335924 -0.020830484 0.999134779 0.035997532 0.019034926 0.999579370 0.020085996 0.020921011 -0.008451521
0.049971193 0.035837077 -0.998107493 -1.671586394 -0.019514252 0.999200284 0.034899317 0.019262619 0.998560071 0.017733363 0.050630566 -0.007482238
0.083695479 0.035418764 -0.995861709 -1.684147716 -0.018393029 0.999252796 0.033993561 0.019610468 0.996321619 0.015471805 0.084284402 -0.005672306
0.121283010 0.036251742 -0.991955757 -1.696243882 -0.017792661 0.999251723 0.034342937 0.019508332 0.992458522 0.013484313 0.121837258 -0.003483564
0.162455857 0.035892356 -0.986062884 -1.707691193 -0.017700223 0.999283373 0.033457439 0.019688159 0.986557126 0.012018170 0.162974745 -0.001152158
0.207506165 0.036866009 -0.977538764 -1.714723110 -0.016615076 0.999278307 0.034158930 0.019690420 0.978092611 0.009153693 0.207968935 0.000870228
0.255998939 0.035279978 -0.966033101 -1.725792289 -0.013733076 0.999365687 0.032858033 0.019941512 0.966579556 0.004854982 0.256321073 0.004605591
0.305962950 0.030535672 -0.951553643 -1.736072540 -0.006002767 0.999527454 0.030145038 0.019885726 0.952024519 -0.003511310 0.306001693 0.009114683
0.357328832 0.025370751 -0.933633924 -1.744072914 -0.000797560 0.999638915 0.026859131 0.019787773 0.933978319 -0.008852912 0.357220024 0.012977719
0.409370035 0.020756312 -0.912132204 -1.753967762 0.003660374 0.999695718 0.024391690 0.020016227 0.912361145 -0.013323973 0.409169555 0.018633008
0.460381180 0.020022299 -0.887495518 -1.762250543 0.004103255 0.999686897 0.024681920 0.020181175 0.887711823 -0.015004714 0.460154891 0.023808777
0.508717000 0.018747741 -0.860729635 -1.771688700 0.005288878 0.999675930 0.024900043 0.020402193 0.860917509 -0.017219372 0.508452952 0.030274570
0.553390980 0.014616864 -0.832793355 -1.779141665 0.013150825 0.999568045 0.026282752 0.020438086 0.832817793 -0.025496557 0.552959681 0.036700547
0.597443879 0.008405847 -0.801866710 -1.787548542 0.023295924 0.999341071 0.027832957 0.020459283 0.801572323 -0.035308853 0.596854448 0.044477940
0.639543056 0.003137476 -0.768748879 -1.794059992 0.024983855 0.999378562 0.024863487 0.020557381 0.768349230 -0.035107575 0.639067233 0.051324606
0.681428730 -0.001202177 -0.731883526 -1.801793933 0.021735873 0.999590814 0.018595532 0.020524887 0.731561720 -0.028579660 0.681176007 0.059339762
0.721268773 -0.008220020 -0.692606449 -1.807994604 0.018166071 0.999810100 0.007051860 0.020708375 0.692417026 -0.017668227 0.721281111 0.067172229
0.760832667 -0.011070616 -0.648853660 -1.815052509 0.013686596 0.999905765 -0.001011570 0.020856431 0.648803890 -0.008110965 0.760912478 0.076380491
0.797869205 -0.011446695 -0.602721810 -1.820816517 0.011646785 0.999925733 -0.003572516 0.020719510 0.602718055 -0.004169371 0.797943234 0.085432112
0.831884623 -0.013156987 -0.554792702 -1.827083349 0.012433047 0.999909759 -0.005070257 0.020701535 0.554809391 -0.002679894 0.831973135 0.096579134
0.863208354 -0.011075780 -0.504726171 -1.832921028 0.008487592 0.999936402 -0.007426831 0.020599393 0.504776478 0.002126994 0.863247514 0.107134283
0.889410913 -0.008869542 -0.457022399 -1.838607311 0.007125142 0.999959290 -0.005540216 0.020103773 0.457052976 0.001671180 0.889437914 0.119776428
0.910879374 -0.003140653 -0.412660688 -1.843434811 0.001372049 0.999988556 -0.004582085 0.020092623 0.412670374 0.003607536 0.910873294 0.131343901
0.928663969 0.001428325 -0.370919317 -1.848737717 -0.004063649 0.999971747 -0.006323423 0.019979632 0.370899826 0.007379621 0.928643525 0.144980252
0.942430973 0.006538394 -0.334336877 -1.853193402 -0.008603033 0.999951959 -0.004694916 0.019794466 0.334290117 0.007300946 0.942441881 0.158038914
0.952550590 0.007079360 -0.304298162 -1.857771873 -0.008217519 0.999963224 -0.002459765 0.019363025 0.304269642 0.004843626 0.952573717 0.173174262
0.959993064 0.006538375 -0.279947311 -1.861525059 -0.007169467 0.999973476 -0.001230361 0.019294113 0.279931933 0.003188211 0.960014582 0.187340975
0.965927601 0.006887709 -0.258720696 -1.865873098 -0.007026386 0.999975204 0.000388673 0.019335356 0.258716911 0.001442441 0.965952158 0.203987926
0.970549405 0.009103787 -0.240730211 -1.869339466 -0.008611546 0.999958098 0.003096720 0.019205093 0.240748316 -0.000932461 0.970587134 0.218903005
0.974228203 0.013869963 -0.225137934 -1.873588562 -0.013108958 0.999902189 0.004874738 0.019044215 0.225183502 -0.001797783 0.974314749 0.236009717
0.977087379 0.017580949 -0.212111697 -1.876837015 -0.016721766 0.999843121 0.005843934 0.019053472 0.212181166 -0.002163152 0.977227986 0.251798838
0.979832768 0.016417559 -0.199143529 -1.880503178 -0.015596023 0.999862194 0.005693377 0.018890560 0.199209571 -0.002472710 0.979953885 0.270185322
0.982545018 0.016378885 -0.185302496 -1.883959174 -0.015642082 0.999862850 0.005437555 0.018719159 0.185366154 -0.002444127 0.982666433 0.288874477
0.985123754 0.016457701 -0.171056062 -1.886502504 -0.015714515 0.999860227 0.005697891 0.018818272 0.171125919 -0.002925065 0.985244811 0.304804087
0.987568140 0.018570753 -0.156090423 -1.890079021 -0.017817358 0.999821842 0.006224508 0.018689480 0.156178206 -0.003366007 0.987723172 0.324788690
0.989428699 0.018231373 -0.143869758 -1.892397046 -0.017915050 0.999833405 0.003493950 0.018441735 0.143909499 -0.000879579 0.989590466 0.342074037
0.990943909 0.018627288 -0.132978573 -1.895006537 -0.019002641 0.999818265 -0.001554009 0.018138621 0.132925481 0.004066879 0.991117716 0.362178206
0.992187262 0.016815420 -0.123618521 -1.897274375 -0.017943481 0.999806881 -0.008017604 0.018068787 0.123459831 0.010173115 0.992297411 0.380653769
0.993116140 0.016663905 -0.115942672 -1.899627328 -0.017730102 0.999809444 -0.008170573 0.017761666 0.115784422 0.010170005 0.993222296 0.401879311
0.993907571 0.018921277 -0.108580410 -1.902007937 -0.019277571 0.999811649 -0.002232506 0.017588215 0.108517721 0.004312070 0.994085252 0.420594156
0.994361639 0.023808889 -0.103334829 -1.904545903 -0.023335759 0.999710917 0.005785319 0.017164141 0.103442706 -0.003341304 0.994629860 0.442306638
0.994780719 0.024185641 -0.099128149 -1.906608582 -0.023353627 0.999681711 0.009545272 0.017041309 0.099327467 -0.007180451 0.995028913 0.461175323
0.995161712 0.023135185 -0.095488355 -1.908864260 -0.022396540 0.999710500 0.008800126 0.016675778 0.095664293 -0.006618940 0.995391667 0.482641578
0.995442927 0.022856550 -0.092579305 -1.910572529 -0.022254983 0.999724030 0.007525193 0.016660208 0.092725776 -0.005430550 0.995676816 0.501235604
0.995720923 0.021671128 -0.089833565 -1.912589073 -0.020835683 0.999730647 0.010227382 0.016327005 0.090031005 -0.008311875 0.995904326 0.522925615
0.995971203 0.019838197 -0.087450758 -1.914553881 -0.018855695 0.999749660 0.012046732 0.016198736 0.087667845 -0.010349256 0.996096075 0.544557452
0.996283233 0.017237270 -0.084395364 -1.915855885 -0.016123638 0.999774039 0.013859277 0.016200516 0.084615178 -0.012447008 0.996335983 0.561625123
0.996548116 0.016450638 -0.081370316 -1.918106675 -0.015666796 0.999824643 0.010262140 0.016005447 0.081524856 -0.008951907 0.996631086 0.583145916
0.996589780 0.019519130 -0.080173552 -1.919326425 -0.019331278 0.999808252 0.003118577 0.015797323 0.080219045 -0.001558085 0.996776044 0.601194501
0.996691227 0.020326020 -0.078698285 -1.921301723 -0.020796351 0.999770403 -0.005161318 0.015608619 0.078575298 0.006780878 0.996885180 0.622639358
0.996806145 0.020794034 -0.077104621 -1.922791481 -0.021535143 0.999729395 -0.008792583 0.015238157 0.076900922 0.010424959 0.996984243 0.640684247
0.996936858 0.021510415 -0.075194165 -1.924399018 -0.022111559 0.999729812 -0.007171133 0.014751285 0.075019591 0.008811828 0.997143090 0.661818624
0.997045100 0.025285326 -0.072537363 -1.926027298 -0.025581010 0.999667764 -0.003150033 0.014322343 0.072433613 0.004996304 0.997360706 0.680065989
0.997113407 0.028569024 -0.070345432 -1.927672267 -0.028503127 0.999591708 0.001940574 0.014006974 0.070372157 0.000070093 0.997520804 0.701229751
0.997367680 0.026397277 -0.067535535 -1.929395199 -0.026209736 0.999649704 0.003661601 0.013637559 0.067608550 -0.001881875 0.997710168 0.722993910
0.997506142 0.023763491 -0.066459157 -1.930272102 -0.023568878 0.999715328 0.003710869 0.013316228 0.066528410 -0.002135246 0.997782230 0.738690495
0.997651637 0.022811817 -0.064582869 -1.932114005 -0.022605348 0.999736726 0.003925990 0.012783748 0.064655431 -0.002456852 0.997904539 0.760408521
0.997703373 0.021537475 -0.064219892 -1.933176279 -0.021461541 0.999767840 0.001872096 0.012626819 0.064245313 -0.000489538 0.997934043 0.781104088
0.997781754 0.019163912 -0.063751541 -1.934056640 -0.019166874 0.999816120 0.000565162 0.012547034 0.063750662 0.000658010 0.997965634 0.796925306
0.997822642 0.018715858 -0.063242644 -1.935386062 -0.018702650 0.999824762 0.000800859 0.012241158 0.063246548 0.000383691 0.997997880 0.818076193
0.997842491 0.021288121 -0.062106561 -1.937202454 -0.021246217 0.999773443 0.001335111 0.012051761 0.062120896 -0.000012701 0.998068690 0.839873433
0.997828245 0.021873858 -0.062130958 -1.938042879 -0.021881351 0.999760330 0.000559878 0.011832832 0.062128320 0.000800847 0.998067856 0.855864525
0.997749567 0.020763936 -0.063754939 -1.939449191 -0.020756017 0.999784231 0.000786604 0.011461732 0.063757509 0.000538465 0.997965276 0.877639353
0.997671843 0.018966274 -0.065507665 -1.941296339 -0.018958077 0.999819934 0.000746792 0.011333454 0.065510042 0.000496846 0.997851729 0.900128961
0.997412086 0.020686066 -0.068855539 -1.942392826 -0.020655306 0.999786079 0.001158661 0.010844883 0.068864770 0.000266570 0.997625947 0.916242421
0.997079432 0.024091294 -0.072471820 -1.943945169 -0.024087736 0.999709427 0.000923163 0.010536208 0.072472997 0.000825215 0.997370064 0.938212395
0.996932089 0.025485236 -0.074006230 -1.946378827 -0.025878085 0.999655664 -0.004354177 0.010464428 0.073869780 0.006255958 0.997248173 0.960809350
0.996723115 0.024906889 -0.076958954 -1.947479010 -0.025552422 0.999646008 -0.007414509 0.009932292 0.076747023 0.009356702 0.997006714 0.977292359
0.996602654 0.024029927 -0.078776345 -1.949457884 -0.024832822 0.999649107 -0.009228141 0.009628917 0.078526944 0.011153030 0.996849656 0.999756813
0.996443391 0.024193816 -0.080717728 -1.951674819 -0.024879612 0.999662340 -0.007501103 0.009081248 0.080508992 0.009482649 0.996708810 1.022405863
0.996276975 0.023148553 -0.083044060 -1.953069806 -0.023781173 0.999695182 -0.006636712 0.008677502 0.082865112 0.008586889 0.996523798 1.039933681
0.996139586 0.022827854 -0.084762476 -1.955124736 -0.023352688 0.999713838 -0.005205378 0.008328871 0.084619373 0.007164716 0.996387601 1.063244462
0.996045887 0.021135066 -0.086289950 -1.957163334 -0.021360315 0.999770403 -0.001687792 0.007930019 0.086234458 0.003524298 0.996268690 1.086943030
0.995949388 0.021134220 -0.087396465 -1.959161878 -0.020934582 0.999775708 0.003200293 0.007670920 0.087444492 -0.001357720 0.996168435 1.111344695
0.996037960 0.020436447 -0.086548217 -1.960609794 -0.020014210 0.999783218 0.005743615 0.007357245 0.086646810 -0.003988665 0.996231198 1.126180291
0.996121287 0.024118079 -0.084620655 -1.963055730 -0.023704290 0.999701619 0.005891395 0.007242410 0.084737502 -0.003862672 0.996395826 1.151050568
0.996273577 0.023909444 -0.082868382 -1.964966536 -0.023633152 0.999711394 0.004313475 0.007190864 0.082947582 -0.002338961 0.996551096 1.175343513
0.996499479 0.020928275 -0.080938354 -1.966476679 -0.020833755 0.999780893 0.002012266 0.006722737 0.080962732 -0.000318972 0.996717095 1.191431642
0.996692121 0.017513085 -0.079360738 -1.968308210 -0.017516689 0.999846399 0.000650822 0.006302622 0.079359949 0.000741468 0.996845722 1.216392756
0.996861756 0.016155446 -0.077495754 -1.970342159 -0.016190285 0.999868929 0.000178786 0.006164815 0.077488497 0.001076453 0.996992648 1.241083741
0.997035444 0.013747167 -0.075705722 -1.972626448 -0.013577309 0.999903917 0.002757942 0.005920961 0.075736374 -0.001721886 0.997126400 1.265038252
0.997054756 0.011436372 -0.075834528 -1.973158836 -0.011084327 0.999925733 0.005061546 0.005732663 0.075886793 -0.004206063 0.997107506 1.278818727
0.997064173 0.010466355 -0.075851113 -1.974568129 -0.010067808 0.999933422 0.005634802 0.005263578 0.075905040 -0.004854604 0.997103214 1.303080082
0.997179627 0.012625467 -0.073982283 -1.977134705 -0.012442408 0.999918282 0.002934753 0.004487153 0.074013300 -0.002005958 0.997255206 1.327886343
0.997186303 0.014308074 -0.073585354 -1.978345513 -0.014629158 0.999885619 -0.003826256 0.004782782 0.073522188 0.004891982 0.997281611 1.343732715
0.997229517 0.015352521 -0.072784320 -1.980342865 -0.016082499 0.999825954 -0.009453836 0.004265634 0.072626486 0.010598198 0.997302949 1.367739797
0.997231185 0.019826321 -0.071672380 -1.982725501 -0.020969532 0.999664009 -0.015233374 0.003699865 0.071346261 0.016694130 0.997312009 1.391983986
0.997209251 0.019871851 -0.071964413 -1.983926892 -0.021083008 0.999647915 -0.016109563 0.002834646 0.071618937 0.017581834 0.997277141 1.417162418
0.997352302 0.016914634 -0.070726588 -1.985033154 -0.017646030 0.999796987 -0.009729126 0.002564639 0.070547670 0.010951410 0.997448206 1.428454518
0.997291625 0.016056098 -0.071774758 -1.986889243 -0.016185896 0.999868333 -0.001227151 0.002262913 0.071745604 0.002385567 0.997420073 1.452778339
0.997242033 0.015666144 -0.072544999 -1.988226533 -0.015205999 0.999860644 0.006890868 0.001634227 0.072642840 -0.005768744 0.997341275 1.470694065
0.997089505 0.013921220 -0.074958220 -1.990123272 -0.013604470 0.999896228 0.004734693 0.001192606 0.075016357 -0.003701146 0.997175336 1.494474530
0.997000575 0.008926696 -0.076876551 -1.991792679 -0.008857340 0.999959946 0.001243114 0.000895306 0.076884560 -0.000558463 0.997039795 1.518268585
0.996787488 0.007034753 -0.079783164 -1.993722320 -0.007102030 0.999974668 -0.000559521 0.000519328 0.079777211 0.001124345 0.996812046 1.541736841
0.996527791 0.009209937 -0.082749508 -1.994703650 -0.009461506 0.999951661 -0.002648477 0.000218289 0.082721122 0.003422216 0.996566832 1.552395344
0.996204078 0.011206376 -0.086323842 -1.996856809 -0.011791743 0.999910712 -0.006274099 -0.000291259 0.086245835 0.007268193 0.996247292 1.575816751
0.995867550 0.011519498 -0.090083651 -1.998575926 -0.012441471 0.999875724 -0.009679796 -0.000606138 0.089960948 0.010760567 0.995887160 1.592452884
0.995546222 0.012973286 -0.093377501 -2.000909567 -0.014320575 0.999802589 -0.013772788 -0.001160694 0.093180381 0.015048666 0.995535493 1.615215898
0.995151579 0.018175345 -0.096658610 -2.003422022 -0.019574268 0.999716699 -0.013544270 -0.001939131 0.096385054 0.015370623 0.995225430 1.638353109
0.994738579 0.020981874 -0.100274339 -2.004952908 -0.022259494 0.999684453 -0.011639345 -0.002274586 0.099998474 0.013810162 0.994891763 1.651427507
0.994279504 0.024396999 -0.103985533 -2.007602453 -0.025113771 0.999668896 -0.005589075 -0.002886107 0.103814758 0.008168571 0.994563162 1.674275279
0.993802667 0.024313370 -0.108466744 -2.009308338 -0.024485881 0.999700129 -0.000258676 -0.003259236 0.108427942 0.002912977 0.994100034 1.690383911
0.993226409 0.024176855 -0.113651723 -2.012077093 -0.023940474 0.999707460 0.003444435 -0.003675538 0.113701761 -0.000700227 0.993514717 1.713018179
0.992492378 0.023981083 -0.119933419 -2.013977289 -0.023655584 0.999711573 0.004137194 -0.003762300 0.119998053 -0.001269039 0.992773235 1.728410959
0.991889060 0.020286396 -0.125477046 -2.017180681 -0.019378547 0.999776483 0.008451669 -0.004296347 0.125620455 -0.005951555 0.992060483 1.750885725
0.990972877 0.022516575 -0.132158309 -2.019219398 -0.021716570 0.999736071 0.007491800 -0.004241976 0.132292122 -0.004554146 0.991200328 1.765643597
0.990000129 0.027297679 -0.138400793 -2.022561312 -0.026637211 0.999623179 0.006622489 -0.004515872 0.138529435 -0.002869654 0.990354180 1.787656903
0.989152372 0.028681275 -0.144066349 -2.026295900 -0.028574692 0.999587715 0.002809319 -0.004628456 0.144087553 0.001337807 0.989564061 1.809543490
0.988302827 0.027665589 -0.149973243 -2.028004169 -0.027983595 0.999608397 -0.000010082 -0.004859533 0.149914205 0.004206754 0.988690019 1.820685863
0.987419367 0.028621506 -0.155511141 -2.031450748 -0.029118130 0.999575675 -0.000916009 -0.005127317 0.155418932 0.005432680 0.987833679 1.841312647
0.986625373 0.031538289 -0.159923553 -2.034120321 -0.031328462 0.999501765 0.003833854 -0.005385607 0.159964770 0.001227581 0.987121940 1.856754661
0.985524058 0.032714367 -0.166349277 -2.037891150 -0.031848859 0.999461651 0.007868636 -0.005601414 0.166517124 -0.002456696 0.986035466 1.878361225
0.984581530 0.030774442 -0.172197536 -2.040465593 -0.029382041 0.999511719 0.010629636 -0.005974593 0.172440559 -0.005406228 0.985005021 1.892117620
0.983274877 0.028167559 -0.179936275 -2.044135094 -0.027445905 0.999602199 0.006499408 -0.006074815 0.180047736 -0.001452190 0.983656824 1.913155079
0.981816769 0.025918560 -0.188053057 -2.047097206 -0.026507018 0.999648452 -0.000614659 -0.006197199 0.187971011 0.005588209 0.982158661 1.926916718
0.980079114 0.024162825 -0.197132245 -2.051393032 -0.025059771 0.999683857 -0.002056340 -0.006667295 0.197020248 0.006955465 0.980374694 1.947280884
0.977841914 0.023060976 -0.208070666 -2.054271460 -0.023446025 0.999724925 0.000615786 -0.006832454 0.208027631 0.004276289 0.978113592 1.961297989
0.975502431 0.022498433 -0.218835115 -2.059469700 -0.021596512 0.999745607 0.006512926 -0.006958716 0.218925983 -0.001627299 0.975740135 1.982027888
0.972661674 0.024714723 -0.230907857 -2.062565088 -0.021971529 0.999654233 0.014444352 -0.007066309 0.231185004 -0.008976069 0.972868383 1.995569229
0.969974697 0.025190234 -0.241897762 -2.068122387 -0.021496367 0.999608696 0.017897833 -0.007218502 0.242253959 -0.012160521 0.970136642 2.015829086
0.966929078 0.028552592 -0.253442168 -2.071623564 -0.025964802 0.999571025 0.013550302 -0.007413998 0.253720343 -0.006521606 0.967255652 2.029155970
0.963783443 0.028603716 -0.265148014 -2.077565432 -0.028503297 0.999584794 0.004227217 -0.007480163 0.265158832 0.003483472 0.964198470 2.048646688
0.960350990 0.025755733 -0.277601570 -2.083434343 -0.026864162 0.999639094 -0.000189417 -0.007692606 0.277496517 0.007639441 0.960696280 2.068434000
0.956714630 0.024547923 -0.289990634 -2.086491823 -0.024330610 0.999694586 0.004355213 -0.007594803 0.290008903 0.002888954 0.957019567 2.078920841
0.953038037 0.025630072 -0.301763922 -2.092823029 -0.023187010 0.999662936 0.011675768 -0.007823743 0.301961392 -0.004130448 0.953311145 2.099145174
0.949287295 0.025850663 -0.313345432 -2.097564697 -0.021586269 0.999621332 0.017071567 -0.007953264 0.313668072 -0.009441862 0.949485779 2.112343550
0.945108414 0.023772433 -0.325890809 -2.104639053 -0.019798258 0.999683738 0.015506462 -0.008146543 0.326156378 -0.008203215 0.945280194 2.132092476
0.940922737 0.021188276 -0.337957889 -2.111548662 -0.018623121 0.999767840 0.010831060 -0.008006442 0.338108957 -0.003897355 0.941098928 2.152087212
0.938086987 0.017675718 -0.345948547 -2.115522861 -0.017369065 0.999841154 0.003986774 -0.008238675 0.345964015 0.002268861 0.938244998 2.160884142
0.935326695 0.013786810 -0.353516430 -2.123026371 -0.015524592 0.999877334 -0.002080366 -0.008336538 0.353444397 0.007434019 0.935425997 2.180495024
0.932476461 0.013622843 -0.360973597 -2.128179550 -0.016177978 0.999860883 -0.004057470 -0.008577092 0.360868126 0.009623319 0.932567179 2.193383694
0.929225862 0.019360868 -0.369004607 -2.136325598 -0.022220897 0.999746978 -0.003502016 -0.009168719 0.368843377 0.011453776 0.929421008 2.213305950
0.926124513 0.018702263 -0.376754045 -2.144926071 -0.020932257 0.999779224 -0.001825443 -0.009270773 0.376636654 0.009576901 0.926311553 2.233288050
0.922941089 0.019445378 -0.384449780 -2.148644686 -0.019010395 0.999807239 0.004932120 -0.009342213 0.384471506 0.002756487 0.923132658 2.242317438
0.919998705 0.021671485 -0.391321808 -2.157199621 -0.017674405 0.999748409 0.013813706 -0.009739276 0.391522646 -0.005792213 0.920150161 2.262521029
0.917445004 0.031606279 -0.396605432 -2.166506767 -0.025797419 0.999467671 0.019973852 -0.009701468 0.397025585 -0.008093514 0.917771876 2.281977892
0.914592087 0.038160171 -0.402572989 -2.170650244 -0.034169953 0.999269903 0.017091908 -0.009719823 0.402931243 -0.001876220 0.915228307 2.290903091
0.912047327 0.034883115 -0.408598483 -2.179439306 -0.033843238 0.999379277 0.009776907 -0.009887757 0.408685982 0.004911296 0.912661850 2.310401440
0.910164177 0.026686793 -0.413387060 -2.185107708 -0.028463921 0.999593019 0.001860465 -0.009795689 0.413268536 0.010073288 0.910553515 2.322797060
0.908362329 0.027028436 -0.417309582 -2.194273472 -0.029286893 0.999570489 0.000991396 -0.009838241 0.417157233 0.011321155 0.908763885 2.342401981
0.906192601 0.033253182 -0.421555758 -2.204044342 -0.033661436 0.999412239 0.006475747 -0.010223325 0.421523333 0.008321900 0.906779408 2.362106562
0.903549373 0.035915617 -0.426976144 -2.208242178 -0.034666926 0.999341607 0.010700121 -0.010293920 0.427079320 0.005133858 0.904199600 2.371045351
0.901015043 0.031944614 -0.432610035 -2.217615843 -0.031381801 0.999471843 0.008442396 -0.010506704 0.432651192 0.005969354 0.901541710 2.390920639
0.899047494 0.030445900 -0.436791331 -2.224075556 -0.032607559 0.999464989 0.002550113 -0.010770290 0.436635286 0.011950028 0.899559259 2.403085947
0.896539986 0.027760811 -0.442092061 -2.233635902 -0.032818504 0.999454200 -0.003794336 -0.011011337 0.441745371 0.017910577 0.896961629 2.422648907
0.894406915 0.028455667 -0.446347952 -2.243902683 -0.034372646 0.999395728 -0.005163392 -0.011315074 0.445931345 0.019960336 0.894844592 2.442332029
0.892364085 0.031321011 -0.450228125 -2.248425007 -0.035600726 0.999365568 -0.001038736 -0.011547048 0.449909925 0.016955379 0.892912984 2.450591803
