1.000000000 0.000000000 0.000000000 0.000000000 0.000000000 1.000000000 0.000000000 0.000000000 0.000000000 0.000000000 1.000000000 0.000000000
0.999987125 0.005063356 0.000235091 -0.000524141 -0.005063864 0.999984741 0.002207891 -0.001267297 -0.000223909 -0.002209053 0.999997556 0.053976335
0.999979794 0.006286350 0.000863204 -0.000881077 -0.006288048 0.999978244 0.001979321 -0.001845368 -0.000850743 -0.001984709 0.999997675 0.079936609
0.999965310 0.008291425 0.000785837 -0.001031604 -0.008292707 0.999964237 0.001642313 -0.002309303 -0.000772192 -0.001648773 0.999998331 0.105922997
0.999964416 0.008337543 0.001215226 -0.001083355 -0.008339376 0.999963999 0.001511182 -0.002794998 -0.001202582 -0.001521262 0.999998093 0.131023616
0.999963284 0.008469381 0.001244699 -0.000913742 -0.008472284 0.999961376 0.002344735 -0.003246847 -0.001224792 -0.002355195 0.999996483 0.155835897
0.999952912 0.009382760 0.002486428 -0.001631196 -0.009395689 0.999942124 0.005240025 -0.003681842 -0.002437118 -0.005263140 0.999983191 0.179466426
0.999954343 0.008972717 0.003279002 -0.001077634 -0.009003134 0.999915481 0.009382321 -0.004144773 -0.003194540 -0.009411418 0.999950588 0.202486157
0.999953628 0.008345727 0.004797572 -0.001230458 -0.008407500 0.999880075 0.013003295 -0.004500412 -0.004688475 -0.013043027 0.999903798 0.224683449
0.999954462 0.007448953 0.005960157 -0.001228634 -0.007537662 0.999859035 0.015002264 -0.004640230 -0.005847565 -0.015046506 0.999869704 0.246085569
0.999943197 0.008158229 0.006861399 -0.001086817 -0.008260044 0.999854147 0.014943719 -0.005007334 -0.006738485 -0.014999544 0.999864876 0.266830921
0.999927521 0.008830382 0.008176979 -0.000964099 -0.008931520 0.999883056 0.012415892 -0.005283115 -0.008066384 -0.012488026 0.999889493 0.286016196
0.999918818 0.008805462 0.009203629 -0.000910753 -0.008890434 0.999917924 0.009232812 -0.005299369 -0.009121574 -0.009313887 0.999915063 0.304920763
0.999917448 0.007051174 0.010740638 -0.000577881 -0.007138158 0.999941826 0.008081834 -0.005726783 -0.010683027 -0.008157834 0.999909639 0.322005332
0.999915123 0.003269785 0.012614229 -0.000307514 -0.003342487 0.999977887 0.005746757 -0.005936418 -0.012595158 -0.005788431 0.999903858 0.338662148
0.999894142 0.001213017 0.014496862 0.000043302 -0.001277369 0.999989390 0.004430572 -0.006195440 -0.014491332 -0.004448621 0.999885082 0.353886575
0.999856830 0.005537262 0.015986484 0.000310535 -0.005580468 0.999980927 0.002659348 -0.006660300 -0.015971452 -0.002748180 0.999868631 0.368139625
0.999759376 0.009914692 0.019565981 0.000193051 -0.009954696 0.999948502 0.001948082 -0.007021759 -0.019545661 -0.002142387 0.999806583 0.381616890
0.999700308 0.009902668 0.022388130 0.000809606 -0.009966892 0.999946535 0.002758940 -0.007212553 -0.022359615 -0.002981253 0.999745488 0.394032478
0.999644160 0.005980850 0.025995279 0.001084604 -0.006069231 0.999976218 0.003322348 -0.007380384 -0.025974786 -0.003478938 0.999656558 0.405260384
0.999597788 0.001307011 0.028328028 0.001794510 -0.001391294 0.999994636 0.002955756 -0.007443773 -0.028324017 -0.002993979 0.999594390 0.415545195
0.999523699 -0.001984208 0.030796614 0.002255240 0.001852470 0.999988973 0.004305623 -0.007576389 -0.030804818 -0.004246523 0.999516428 0.424228191
0.999428153 -0.002307894 0.033733230 0.002565567 0.002120832 0.999982178 0.005580096 -0.007898127 -0.033745505 -0.005505363 0.999415398 0.432670623
0.999366641 -0.001790601 0.035540070 0.002939005 0.001623966 0.999987543 0.004716957 -0.008091963 -0.035548076 -0.004656254 0.999357104 0.439550132
0.999294281 -0.001022403 0.037550516 0.003167156 0.000884921 0.999992788 0.003677690 -0.008355007 -0.037554011 -0.003641865 0.999287963 0.445983022
0.999178350 0.001445523 0.040502984 0.003200576 -0.001542073 0.999996066 0.002352642 -0.008344637 -0.040499430 -0.002413167 0.999176621 0.451830387
0.999107838 0.004476794 0.041994676 0.003518647 -0.004553998 0.999988139 0.001742954 -0.008540047 -0.041986376 -0.001932642 0.999116361 0.457789093
0.999041677 0.005718777 0.043391034 0.003512716 -0.005750057 0.999983311 0.000596093 -0.008865207 -0.043386899 -0.000845023 0.999057949 0.463107795
0.998960972 0.004704642 0.045330077 0.004009452 -0.004647044 0.999988258 -0.001375932 -0.008962367 -0.045336008 0.001163851 0.998971105 0.468562186
0.998908997 0.003108455 0.046596039 0.004466631 -0.002990376 0.999992132 -0.002603614 -0.009129578 -0.046603762 0.002461434 0.998910427 0.473634124
0.998849332 0.002605390 0.047886472 0.004745308 -0.002427079 0.999989927 -0.003781381 -0.009153626 -0.047895841 0.003660806 0.998845577 0.478402615
0.998768210 0.003404199 0.049503282 0.004869552 -0.003146166 0.999980986 -0.005289454 -0.009222587 -0.049520351 0.005127193 0.998759925 0.483079702
0.998691022 0.004206873 0.050976653 0.004995363 -0.003846396 0.999966860 -0.007167447 -0.009412654 -0.051005118 0.006961988 0.998674154 0.487321317
0.998653591 0.004388436 0.051689107 0.005396068 -0.003891405 0.999945223 -0.009712482 -0.009427493 -0.051728901 0.009498263 0.998615980 0.491666704
0.998619258 0.003546758 0.052413352 0.005665937 -0.002919191 0.999923170 -0.012045136 -0.009545946 -0.052452046 0.011875499 0.998552859 0.495897263
0.998630285 0.002835593 0.052243214 0.005688248 -0.002135120 0.999907136 -0.013458869 -0.009806074 -0.052276529 0.013328888 0.998543680 0.500272870
0.998742342 0.001859575 0.050102375 0.005955210 -0.001139353 0.999895632 -0.014399729 -0.010046266 -0.050123930 0.014324536 0.998640239 0.504632652
0.998891413 0.002480978 0.047007333 0.006097464 -0.001739449 0.999873340 -0.015809087 -0.009907763 -0.047040615 0.015709793 0.998769403 0.509181440
0.999119639 0.002431901 0.041879684 0.006768932 -0.001750233 0.999865353 -0.016305789 -0.010296755 -0.041913714 0.016218137 0.998989522 0.514122427
0.999302864 0.003047029 0.037204612 0.006024744 -0.002366363 0.999829113 -0.018325554 -0.010114609 -0.037254095 0.018224742 0.999139667 0.518172979
0.999537706 0.002541243 0.030298008 0.006138854 -0.001984191 0.999828696 -0.018401653 -0.010422083 -0.030339580 0.018333027 0.999371529 0.522406399
0.999732852 0.002702922 0.022954270 0.006016379 -0.002258437 0.999809980 -0.019367864 -0.010440865 -0.023002256 0.019310847 0.999548912 0.527191579
0.999885798 0.002578157 0.014897235 0.005837192 -0.002277197 0.999793768 -0.020184137 -0.010634080 -0.014946200 0.020147903 0.999685287 0.531510472
0.999989033 0.001243194 0.004516464 0.005516882 -0.001147932 0.999778032 -0.021033814 -0.010831610 -0.004541611 0.021028398 0.999768496 0.536220193
0.999967754 -0.000088438 -0.008026606 0.005085584 -0.000097757 0.999731004 -0.023193840 -0.010728479 0.008026499 0.023193879 0.999698699 0.540912807
0.999699175 -0.000941492 -0.024507489 0.004589373 0.000318840 0.999677300 -0.025398109 -0.010797597 0.024523493 0.025382657 0.999377012 0.546445191
0.999050558 -0.000224140 -0.043564919 0.003536552 -0.000927714 0.999650598 -0.026417919 -0.010907788 0.043555625 0.026433254 0.998701155 0.552590787
0.997857869 0.000333648 -0.065418668 0.002513587 -0.002045918 0.999656975 -0.026108775 -0.011010121 0.065387502 0.026186690 0.997516274 0.558461308
0.996035933 0.000875992 -0.088947624 0.001068745 -0.003010306 0.999710679 -0.023863867 -0.011697436 0.088900983 0.024037033 0.995750368 0.565119207
0.993299484 0.002042476 -0.115551218 -0.000857316 -0.004720555 0.999726474 -0.022907652 -0.011619272 0.115472823 0.023299625 0.993037343 0.572848499
0.989295125 0.002898189 -0.145899683 -0.002742589 -0.005987643 0.999766946 -0.020740500 -0.011866461 0.145805568 0.021392072 0.989081979 0.580520511
0.983897388 0.002981623 -0.178708971 -0.005693458 -0.006192079 0.999829233 -0.017409619 -0.011986656 0.178626567 0.018235864 0.983747900 0.589252770
0.976501286 0.003615560 -0.215481520 -0.008765310 -0.006669679 0.999887288 -0.013448000 -0.012199484 0.215408608 0.014569182 0.976415396 0.597877264
0.966821790 0.005202330 -0.255398840 -0.011985496 -0.007529460 0.999938488 -0.008134866 -0.012448307 0.255340815 0.009787980 0.966801584 0.606856167
0.954999983 0.008642069 -0.296480060 -0.016755864 -0.010105978 0.999943137 -0.003405391 -0.012481388 0.296433747 0.006248369 0.955032945 0.616633236
0.940578520 0.012162118 -0.339358449 -0.020560771 -0.012525859 0.999920905 0.001118585 -0.012783759 0.339345157 0.003198639 0.940656424 0.625621676
0.923809171 0.014920066 -0.382562310 -0.025608107 -0.013286923 0.999887764 0.006910798 -0.012982925 0.382622540 -0.001301182 0.923903823 0.634761512
0.904914021 0.018295197 -0.425200909 -0.031390294 -0.013558104 0.999807656 0.014164502 -0.013069513 0.425378323 -0.007052737 0.904988110 0.643699288
0.882666588 0.022773493 -0.469447553 -0.038363725 -0.014845686 0.999677837 0.020582415 -0.012974388 0.469765067 -0.011198143 0.882720530 0.654763460
0.857973039 0.027665231 -0.512949228 -0.045747310 -0.017168907 0.999535203 0.025191415 -0.012983454 0.513407767 -0.012806777 0.858049214 0.664102554
0.829605818 0.030680280 -0.557506084 -0.053366929 -0.017648287 0.999431133 0.028738186 -0.013032546 0.558070719 -0.014002336 0.829675198 0.673762143
0.798836708 0.034271788 -0.600570977 -0.061797440 -0.019974869 0.999336481 0.030458346 -0.013027469 0.601216376 -0.012334915 0.798991084 0.682500660
0.765423357 0.036682710 -0.642480612 -0.072142780 -0.020542949 0.999258041 0.032579094 -0.012417700 0.643198907 -0.011738353 0.765609086 0.692557931
0.728523016 0.039658189 -0.683872342 -0.083390892 -0.021221556 0.999150217 0.035334233 -0.011502530 0.684692442 -0.011228969 0.728745580 0.702498019
0.689617217 0.041388415 -0.722990453 -0.094762474 -0.019786790 0.999069631 0.038319457 -0.011202756 0.723903656 -0.012120092 0.689794540 0.711587310
0.648667872 0.041355547 -0.759947181 -0.107721031 -0.016480183 0.999051630 0.040300384 -0.011058317 0.760893106 -0.013617501 0.648734331 0.721182466
0.606456876 0.038933463 -0.794162631 -0.121465862 -0.010335135 0.999102056 0.041088171 -0.010284521 0.795049191 -0.016710425 0.606314600 0.729938745
0.561703563 0.039321665 -0.826403499 -0.136253923 -0.005972267 0.999036610 0.043476503 -0.009887690 0.827316940 -0.019485407 0.561397314 0.738846660
0.515252888 0.041260906 -0.856044412 -0.152127385 -0.004825053 0.998964369 0.045245368 -0.009130513 0.857024610 -0.019182349 0.514918268 0.746909380
0.465614408 0.040336601 -0.884068012 -0.169109970 -0.004230377 0.999050796 0.043354798 -0.007996507 0.884977579 -0.016446676 0.465342999 0.754359603
0.413652420 0.039800882 -0.909564495 -0.186411649 0.002060068 0.999000490 0.044651318 -0.007930592 0.910432577 -0.020343892 0.413156986 0.760954201
0.359420568 0.039163493 -0.932353497 -0.205137938 0.007512752 0.998965144 0.044857658 -0.007316394 0.933145463 -0.023127312 0.358754426 0.767378688
0.305883735 0.037638456 -0.951324582 -0.224801600 0.010929773 0.999013603 0.043039527 -0.006508555 0.952006221 -0.023562858 0.305170566 0.772577047
0.253466904 0.043879550 -0.966348469 -0.245252028 0.010640984 0.998783767 0.048143432 -0.005494831 0.967285514 -0.022485664 0.252691746 0.775951385
0.202767447 0.048487946 -0.978025734 -0.267084599 0.013094796 0.998549700 0.052220337 -0.004426880 0.979139388 -0.023395630 0.201838464 0.779190302
0.153872237 0.050093926 -0.986820102 -0.289790303 0.018589269 0.998390436 0.053579856 -0.003665460 0.987915814 -0.026588717 0.152693391 0.782028913
0.109175295 0.051507067 -0.992687166 -0.313466966 0.021374147 0.998304069 0.054149233 -0.002870498 0.993792713 -0.027129596 0.107889220 0.783949494
0.068562239 0.049980141 -0.996394098 -0.337977976 0.021449115 0.998439610 0.051558673 -0.001949025 0.997416258 -0.024906751 0.067383215 0.784809768
0.032789756 0.045543093 -0.998424053 -0.363189757 0.018841062 0.998755574 0.046176981 -0.000629432 0.999284625 -0.020325501 0.031890865 0.784796894
0.004307229 0.045484826 -0.998955727 -0.389169157 0.016677260 0.998822749 0.045550685 0.000668800 0.999851584 -0.016856043 0.003543596 0.784022450
-0.016945025 0.049702100 -0.998620331 -0.416314363 0.015688766 0.998654008 0.049437571 0.001769170 0.999733448 -0.014829398 -0.017701980 0.783038318
-0.029745737 0.055734858 -0.998002350 -0.444688320 0.017239749 0.998324275 0.055238999 0.003004899 0.999408841 -0.015562186 -0.030656746 0.782013655
-0.036955293 0.057874456 -0.997639656 -0.473165303 0.016520742 0.998220503 0.057296179 0.004349273 0.999180317 -0.014364347 -0.037845660 0.780504286
-0.041958340 0.055442367 -0.997579813 -0.504045844 0.018028773 0.998338580 0.054726250 0.005549943 0.998956680 -0.015688919 -0.042888187 0.779680669
-0.040199578 0.051723424 -0.997852027 -0.534010649 0.025229059 0.998393476 0.050735101 0.006830314 0.998873055 -0.023135340 -0.041439924 0.778133154
-0.036956690 0.049968794 -0.998066723 -0.565362453 0.037439808 0.998117089 0.048584986 0.008464575 0.998615205 -0.035571892 -0.038757935 0.777994633
-0.030496011 0.049801383 -0.998293459 -0.597347438 0.037220865 0.998121798 0.048655801 0.010081040 0.998841584 -0.035673540 -0.032292388 0.776953578
-0.025897207 0.048744734 -0.998475492 -0.630672812 0.035597570 0.998221993 0.047809079 0.010982614 0.999030590 -0.034305189 -0.027586350 0.775830984
-0.022022009 0.042342447 -0.998860478 -0.663370073 0.039254319 0.998368919 0.041456170 0.012288736 0.998986542 -0.038296644 -0.023648212 0.774526000
-0.020750351 0.031607136 -0.999284863 -0.699291706 0.037119787 0.998835325 0.030822119 0.013573170 0.999095321 -0.036453668 -0.021899439 0.774560809
-0.018931761 0.023215504 -0.999551117 -0.733796120 0.029085556 0.999320090 0.022659246 0.014374223 0.999397695 -0.028643526 -0.019594124 0.772590518
-0.021404061 0.020191377 -0.999566913 -0.769971192 0.023791919 0.999523163 0.019681027 0.015504288 0.999487758 -0.023360362 -0.021874249 0.771979451
-0.024741137 0.026383536 -0.999345601 -0.807160556 0.014183055 0.999560416 0.026038066 0.016061291 0.999593258 -0.013529561 -0.025104461 0.770686626
-0.029587263 0.034594689 -0.998963356 -0.846003830 0.009770715 0.999363124 0.034319147 0.016908966 0.999514461 -0.008745176 -0.029906435 0.768487096
-0.034071669 0.043705530 -0.998463273 -0.884569287 0.007884607 0.999023914 0.043461017 0.018417887 0.999388278 -0.006391700 -0.034383010 0.766964674
-0.035653569 0.054077536 -0.997900128 -0.924481690 0.007019880 0.998523712 0.053860538 0.019708730 0.999339581 -0.005084818 -0.035980549 0.765143216
-0.036635436 0.061769918 -0.997417867 -0.963779032 0.008348482 0.998071969 0.061503783 0.021396551 0.999293804 -0.006073708 -0.037080493 0.763732672
-0.038198505 0.062557161 -0.997310102 -1.004354239 0.009496025 0.998016119 0.062237743 0.023338865 0.999225020 -0.007093092 -0.038716771 0.761892736
-0.040128194 0.059800964 -0.997403383 -1.043738723 0.008450752 0.998192072 0.059508253 0.025292911 0.999158740 -0.006040850 -0.040561005 0.760299087
-0.042655457 0.054963648 -0.997576833 -1.083739638 0.008145907 0.998471618 0.054664634 0.026876431 0.999056518 -0.005794423 -0.043037992 0.758188009
-0.047421455 0.049800891 -0.997632742 -1.125807047 0.008029943 0.998743057 0.049474619 0.028568476 0.998842657 -0.005664776 -0.047761749 0.755914390
-0.053295679 0.045119166 -0.997558892 -1.165845037 0.008138565 0.998965204 0.044747949 0.030089343 0.998545527 -0.005733825 -0.053607732 0.753551722
-0.059766423 0.043281674 -0.997273624 -1.207221270 0.007164809 0.999052405 0.042929489 0.031428229 0.998186648 -0.004579534 -0.060019888 0.750742674
-0.066588670 0.045604505 -0.996737719 -1.249502540 0.007652654 0.998948991 0.045194425 0.033243883 0.997751117 -0.004618254 -0.066867672 0.747944951
-0.072780199 0.050270613 -0.996080279 -1.290685892 0.006008212 0.998732805 0.049965490 0.034760304 0.997329950 -0.002348162 -0.072990008 0.744685709
-0.078882053 0.053140063 -0.995466590 -1.332614422 0.003299547 0.998586714 0.053045169 0.036359876 0.996878445 0.000899721 -0.078945905 0.741250336
-0.083824515 0.055177957 -0.994951665 -1.376400948 -0.000150603 0.998465061 0.055385489 0.038582548 0.996480465 0.004792504 -0.083687544 0.737057447
-0.085948616 0.056510981 -0.994695544 -1.417875051 -0.004813532 0.998354793 0.057134792 0.040598646 0.996287942 0.009698655 -0.085535191 0.733029127
-0.087513380 0.057147134 -0.994522870 -1.459836602 -0.010066577 0.998251438 0.058247197 0.042761136 0.996112525 0.015108846 -0.086785078 0.728952229
-0.089460187 0.057210907 -0.994345903 -1.503685117 -0.009956220 0.998247564 0.058331151 0.044148289 0.995940626 0.015118245 -0.088733815 0.724340737
-0.090618290 0.056232084 -0.994296849 -1.545785904 -0.010683104 0.998292267 0.057431675 0.045872640 0.995828390 0.015826536 -0.089862794 0.720325530
-0.091549352 0.055789307 -0.994236529 -1.588900805 -0.010932497 0.998312891 0.057024706 0.047481321 0.995740592 0.016090063 -0.090784982 0.716122866
-0.092737339 0.054710917 -0.994186342 -1.632495165 -0.013830970 0.998322129 0.056228660 0.049818039 0.995594561 0.018965058 -0.091825053 0.711834252
-0.093692884 0.052471653 -0.994217515 -1.675868630 -0.017846493 0.998361170 0.054372165 0.051358402 0.995441258 0.022837577 -0.092602938 0.707690716
-0.093310125 0.047574591 -0.994499803 -1.717797637 -0.023215169 0.998482287 0.049943287 0.052856579 0.995366395 0.027747694 -0.092064053 0.702630103
-0.093000591 0.046483509 -0.994580269 -1.762732387 -0.025246022 0.998478353 0.049026381 0.055102162 0.995345950 0.029668681 -0.091685578 0.698450923
-0.091031596 0.050770260 -0.994552910 -1.807058096 -0.025497349 0.998253226 0.053292938 0.056648191 0.995521545 0.030209806 -0.089578092 0.693879724
-0.089265056 0.053649031 -0.994561851 -1.851237297 -0.026596764 0.998063743 0.056225069 0.058417059 0.995652854 0.031471062 -0.087665319 0.690115213
-0.088378102 0.053410370 -0.994654059 -1.895860672 -0.024321010 0.998148024 0.055758983 0.060365465 0.995790064 0.029118864 -0.086915419 0.686154962
-0.084564187 0.052535266 -0.995032191 -1.937664270 -0.024320446 0.998202860 0.054769576 0.062249217 0.996121287 0.028831167 -0.083134510 0.680774152
-0.081601806 0.052915573 -0.995259345 -1.985636115 -0.028227506 0.998066306 0.055379208 0.064351261 0.996265233 0.032612734 -0.079950348 0.678305030
-0.075631559 0.053758532 -0.995685577 -2.029410362 -0.033006322 0.997863412 0.056383245 0.066328585 0.996589422 0.037128277 -0.073695607 0.673902631
-0.069846854 0.053126130 -0.996142089 -2.074443579 -0.037177924 0.997748494 0.055818617 0.068549737 0.996864676 0.040933248 -0.067714475 0.670453727
-0.063611701 0.052611638 -0.996587038 -2.119520187 -0.038590904 0.997732818 0.055135369 0.070351332 0.997228384 0.041966442 -0.061437152 0.666759610
-0.058249984 0.050939843 -0.997001648 -2.164854765 -0.038718116 0.997830629 0.053244315 0.072940595 0.997550905 0.041703500 -0.056151330 0.664121330
-0.052278019 0.051494572 -0.997304082 -2.209029198 -0.036756203 0.997893751 0.053451758 0.074007772 0.997955859 0.039451461 -0.050275154 0.660788298
-0.046165172 0.049953304 -0.997684002 -2.255469561 -0.036183536 0.998009920 0.051643908 0.077935800 0.998278260 0.038483888 -0.044265803 0.658035517
-0.041529674 0.052855469 -0.997738242 -2.302960157 -0.035251301 0.997900546 0.054331362 0.078495242 0.998515189 0.037427936 -0.039579261 0.656978846
-0.035137638 0.053383309 -0.997955739 -2.347689390 -0.036252685 0.997847080 0.054653943 0.080726616 0.998724818 0.038098980 -0.033126701 0.654393613
-0.030834816 0.053193577 -0.998108029 -2.394628286 -0.035553928 0.997892559 0.054280479 0.082203954 0.998891950 0.037160393 -0.028878594 0.653460622
-0.025494335 0.048217624 -0.998511493 -2.440657854 -0.036071248 0.998141289 0.049120735 0.084188901 0.999023974 0.037269857 -0.023707680 0.651517928
-0.021371748 0.042513855 -0.998867273 -2.487249136 -0.035909906 0.998418152 0.043263070 0.086074360 0.999126554 0.036793839 -0.019811276 0.650895715
-0.018019505 0.043076415 -0.998909295 -2.533909321 -0.035275649 0.998422086 0.043691754 0.086628318 0.999215126 0.036024485 -0.016471522 0.649959147
-0.014476101 0.046505697 -0.998813093 -2.580685616 -0.033707570 0.998327315 0.046971608 0.087375700 0.999326885 0.034347538 -0.012884293 0.648813069
-0.012652989 0.045845840 -0.998868406 -2.627640247 -0.034183968 0.998344600 0.046254817 0.088940978 0.999335408 0.034730542 -0.011064853 0.648284435
-0.011195683 0.044818070 -0.998932421 -2.674144506 -0.036660951 0.998305023 0.045200802 0.091161117 0.999265015 0.037127856 -0.009533634 0.647058129
-0.010482368 0.046532210 -0.998861730 -2.721592903 -0.037178271 0.998207808 0.046891905 0.092090935 0.999253631 0.037627477 -0.008733597 0.646177769
-0.008980349 0.045819860 -0.998909295 -2.767909288 -0.038085677 0.998209059 0.046130132 0.093750119 0.999234200 0.038458399 -0.007219185 0.645064533
-0.008090572 0.044454627 -0.998978615 -2.815819740 -0.038266290 0.998265803 0.044732820 0.094875500 0.999234796 0.038589127 -0.006375429 0.644641280
-0.006225560 0.043316964 -0.999041975 -2.861380577 -0.036860827 0.998372376 0.043517634 0.096237972 0.999301076 0.037096437 -0.004618729 0.643214345
-0.007060153 0.042786356 -0.999059260 -2.911164045 -0.032826662 0.998535812 0.042995922 0.097908571 0.999436080 0.033099335 -0.005645283 0.643781185
-0.006436560 0.042491697 -0.999076128 -2.958656311 -0.030705312 0.998617351 0.042670008 0.099834405 0.999507666 0.030951593 -0.005122940 0.643339157
-0.006594903 0.046373740 -0.998902321 -3.007567644 -0.030052468 0.998463690 0.046551783 0.100651793 0.999526501 0.030326487 -0.005191125 0.642681539
-0.006446004 0.049441427 -0.998756170 -3.055584908 -0.032364979 0.998243332 0.049624927 0.102597095 0.999455273 0.032644607 -0.004834510 0.641859770
-0.005838647 0.049638271 -0.998750329 -3.104125261 -0.033713814 0.998189628 0.049807500 0.104221433 0.999414444 0.033962484 -0.004154581 0.641232252
-0.005594386 0.047777534 -0.998842359 -3.151343107 -0.035096668 0.998233140 0.047944970 0.105569988 0.999368250 0.035324253 -0.003907670 0.640949070
-0.004598370 0.044712916 -0.998989403 -3.198355675 -0.035092067 0.998377323 0.044847060 0.107384712 0.999373555 0.035262819 -0.003021839 0.640269101
-0.006186158 0.044649336 -0.998983562 -3.247144938 -0.032709073 0.998459041 0.044828448 0.108551137 0.999445796 0.032953139 -0.004716188 0.640538633
-0.005978296 0.045963392 -0.998925209 -3.294715881 -0.031029114 0.998453557 0.046127379 0.110063121 0.999500573 0.031271528 -0.004542847 0.640090346
-0.006497439 0.049429908 -0.998756409 -3.342575073 -0.029575402 0.998331130 0.049601264 0.111180618 0.999541402 0.029860901 -0.005024686 0.640160382
-0.005344659 0.051336862 -0.998667061 -3.390508890 -0.030883899 0.998196363 0.051477961 0.112778679 0.999508798 0.031117858 -0.003749537 0.639110267
-0.005544981 0.051365554 -0.998664558 -3.438340187 -0.032177154 0.998153567 0.051517937 0.114530161 0.999466777 0.032419853 -0.003881945 0.638672233
-0.004412233 0.049264722 -0.998776138 -3.485746622 -0.031920876 0.998269796 0.049380776 0.116067298 0.999480665 0.032099687 -0.002832026 0.637745798
-0.003997215 0.048323132 -0.998823762 -3.532678127 -0.031040063 0.998344421 0.048424162 0.117296889 0.999510169 0.031197118 -0.002490644 0.637241900
-0.003525179 0.049554154 -0.998765290 -3.579351187 -0.029907463 0.998319387 0.049637601 0.118897989 0.999546409 0.030045515 -0.002037216 0.636933148
-0.004000344 0.052345924 -0.998620987 -3.626775503 -0.026908055 0.998261690 0.052434880 0.120343819 0.999629855 0.027080711 -0.002584863 0.637023330
-0.004118334 0.054754473 -0.998491347 -3.673880100 -0.025993133 0.998156548 0.054843340 0.122123867 0.999653578 0.026179783 -0.002687501 0.636939585
-0.004099306 0.055477589 -0.998451531 -3.720447302 -0.026446486 0.998104692 0.055566892 0.124585278 0.999641836 0.026633319 -0.002624349 0.636785328
-0.002942623 0.058156718 -0.998303115 -3.768958807 -0.029000070 0.997882724 0.058217686 0.126036674 0.999575078 0.029122178 -0.001249844 0.635894775
-0.002557259 0.057970695 -0.998315096 -3.815863848 -0.030677455 0.997843802 0.058021922 0.127198666 0.999526024 0.030774139 -0.000773352 0.635325730
-0.002721367 0.053419359 -0.998568475 -3.862608671 -0.033435173 0.998008907 0.053480554 0.129562795 0.999437153 0.033532850 -0.000929862 0.635097027
-0.002864323 0.051907171 -0.998647749 -3.909283876 -0.034198660 0.998062611 0.051974848 0.131205499 0.999410987 0.034301296 -0.001083618 0.634914637
-0.001668864 0.049887236 -0.998753428 -3.956430197 -0.034773387 0.998147905 0.049915083 0.133057237 0.999393821 0.034813344 0.000068974 0.633908808
-0.001901756 0.050632812 -0.998715520 -4.003171444 -0.033701647 0.998146713 0.050668150 0.134555995 0.999430120 0.033754710 -0.000191822 0.633722067
-0.001599373 0.052614883 -0.998613536 -4.050359249 -0.033371713 0.998055816 0.052638948 0.136135012 0.999441743 0.033409629 0.000159586 0.633487284
-0.001426655 0.054889627 -0.998491406 -4.097439289 -0.032507133 0.997962177 0.054906979 0.137758642 0.999470472 0.032536425 0.000360556 0.633191586
-0.002454082 0.053612955 -0.998558700 -4.144005775 -0.036561612 0.997889280 0.053666871 0.139644921 0.999328375 0.036640618 -0.000488726 0.632938802
-0.002707861 0.054988924 -0.998483300 -4.191141605 -0.039438020 0.997704268 0.055052985 0.141353264 0.999218345 0.039527282 -0.000532990 0.632493854
-0.002838579 0.054368600 -0.998516917 -4.238464355 -0.043112542 0.997585952 0.054440465 0.143192276 0.999066174 0.043203142 -0.000487758 0.631987274
-0.003258439 0.050073978 -0.998740137 -4.286633015 -0.043633614 0.997787118 0.050168552 0.145212263 0.999042273 0.043742117 -0.001066319 0.631925642
-0.003773271 0.046359949 -0.998917818 -4.334550381 -0.043545835 0.997969627 0.046480447 0.146911979 0.999044299 0.043674085 -0.001746828 0.631256163
-0.004922315 0.045806345 -0.998938262 -4.381714821 -0.040684961 0.998113990 0.045969024 0.148299560 0.999159873 0.040868036 -0.003049402 0.631106615
-0.004841786 0.044824004 -0.998983145 -4.432187080 -0.036019556 0.998338759 0.044969659 0.150105417 0.999339342 0.036200672 -0.003219204 0.630512774
-0.005012000 0.047205258 -0.998872578 -4.480664730 -0.035226367 0.998256803 0.047352903 0.151163206 0.999366879 0.035423990 -0.003340393 0.629601538
-0.006229874 0.050725929 -0.998693168 -4.531365871 -0.034217197 0.998116910 0.050910112 0.153288126 0.999395013 0.034489647 -0.004482444 0.629653752
-0.007060946 0.051227339 -0.998661995 -4.580971241 -0.033359554 0.998118997 0.051435344 0.154984742 0.999418497 0.033678100 -0.005338743 0.629349947
-0.007442418 0.046647836 -0.998883665 -4.630675316 -0.032620337 0.998368382 0.046866823 0.156599164 0.999440134 0.032932732 -0.005908607 0.628816664
-0.009441004 0.043182127 -0.999022663 -4.679725170 -0.032454804 0.998527467 0.043467432 0.158042967 0.999428689 0.032833457 -0.008025635 0.628899515
-0.008988732 0.041869648 -0.999082625 -4.731314182 -0.032031491 0.998598158 0.042137530 0.159754634 0.999446392 0.032380879 -0.007634983 0.627357125
-0.009717731 0.043284286 -0.999015570 -4.781684399 -0.033811219 0.998477161 0.043589849 0.161377609 0.999381006 0.034201529 -0.008239437 0.626606166
-0.009957750 0.047675047 -0.998813272 -4.833843231 -0.038637046 0.998098671 0.048026126 0.163196772 0.999203682 0.039069433 -0.008096792 0.625446200
-0.010471398 0.051090032 -0.998639166 -4.885216236 -0.044096738 0.997698784 0.051504310 0.164684415 0.998972416 0.044576056 -0.008194396 0.624244273
-0.010312125 0.051005695 -0.998645127 -4.937030315 -0.051608101 0.997340024 0.051471952 0.166892827 0.998614192 0.052068960 -0.007652389 0.623062015
-0.010367698 0.049048651 -0.998742580 -4.988256454 -0.054312523 0.997294188 0.049541321 0.168627158 0.998470247 0.054757856 -0.007675691 0.622154295
-0.010254099 0.047090709 -0.998838007 -5.040553570 -0.057066396 0.997234941 0.047600981 0.170983851 0.998317719 0.057488188 -0.007538451 0.620915830
-0.011045889 0.046729609 -0.998846531 -5.092237473 -0.057182264 0.997243226 0.047286961 0.172374219 0.998302698 0.057638638 -0.008343333 0.620022118
-0.011431939 0.045902148 -0.998880506 -5.143085003 -0.054647394 0.997424245 0.046460651 0.174005121 0.998440385 0.055117354 -0.008894062 0.619305909
-0.012056823 0.046480514 -0.998846352 -5.194693565 -0.055215418 0.997364044 0.047078021 0.175677329 0.998401642 0.055719342 -0.009458601 0.618660986
-0.012524324 0.051680803 -0.998585224 -5.246011257 -0.054965157 0.997117877 0.052294258 0.177325144 0.998409748 0.055542331 -0.009647584 0.617793322
-0.013059610 0.056002252 -0.998345137 -5.297672749 -0.053916551 0.996938407 0.056628630 0.178907543 0.998460114 0.054566871 -0.010000180 0.617034853
-0.012851845 0.054601271 -0.998425543 -5.348679543 -0.054395080 0.996991277 0.055223007 0.181168541 0.998436809 0.055019155 -0.009843137 0.615815818
-0.011908899 0.052979589 -0.998524606 -5.400222778 -0.054085728 0.997099400 0.053549021 0.183210567 0.998465300 0.054643635 -0.009008918 0.614853382
-0.011133611 0.052789565 -0.998543620 -5.451594830 -0.053105634 0.997164965 0.053308804 0.184760094 0.998526812 0.053621802 -0.008298622 0.614405930
-0.009736715 0.052434903 -0.998576939 -5.502948284 -0.053334136 0.997175515 0.052881364 0.186387494 0.998529196 0.053773124 -0.006912644 0.613279700
-0.009306441 0.054072775 -0.998493552 -5.554010868 -0.053237662 0.997093916 0.054493178 0.188515276 0.998538494 0.053664602 -0.006400687 0.612886965
-0.008441201 0.056983925 -0.998339415 -5.605659962 -0.054686118 0.996854663 0.057361558 0.190971881 0.998467863 0.055079505 -0.005298421 0.612071693
-0.006662074 0.058479086 -0.998266339 -5.656496525 -0.056121040 0.996693313 0.058761459 0.192785352 0.998401701 0.056415234 -0.003358137 0.611297905
-0.005645358 0.055832710 -0.998424172 -5.707389355 -0.058347344 0.996720552 0.056067366 0.194573581 0.998280466 0.058571920 -0.002369154 0.610620379
-0.006035661 0.052856602 -0.998583853 -5.757964134 -0.056829147 0.996969998 0.053114671 0.196510375 0.998365700 0.057069253 -0.003013578 0.610456944
-0.005966709 0.051499180 -0.998655200 -5.807338238 -0.054051965 0.997196376 0.051746897 0.198185518 0.998520315 0.054288037 -0.003166349 0.610436022
-0.006136344 0.051148482 -0.998672187 -5.859235764 -0.052354343 0.997304916 0.051400151 0.199484676 0.998609662 0.052600242 -0.003441961 0.609660387
-0.005966333 0.051800009 -0.998639643 -5.909784794 -0.050089169 0.997388363 0.052034359 0.200915605 0.998726904 0.050331492 -0.003356132 0.608995140
-0.006097379 0.050018571 -0.998729646 -5.960166931 -0.048155379 0.997574806 0.050254729 0.203209102 0.998821259 0.048400637 -0.003673930 0.608464360
-0.005934900 0.050303411 -0.998716354 -6.011021614 -0.047114938 0.997610748 0.050527699 0.204796284 0.998871803 0.047354344 -0.003550678 0.607890189
-0.005915902 0.052134641 -0.998622537 -6.060746670 -0.045405529 0.997596025 0.052350029 0.207437813 0.998951077 0.045652695 -0.003534478 0.607007563
-0.005455345 0.052895691 -0.998585165 -6.111486912 -0.043522291 0.997641146 0.053083461 0.210058764 0.999037504 0.043750305 -0.003140335 0.605973125
-0.006315053 0.052064579 -0.998623669 -6.160401344 -0.040580615 0.997807622 0.052278653 0.211049706 0.999156296 0.040854905 -0.004188395 0.606392443
-0.006913569 0.052431695 -0.998600483 -6.210449696 -0.041832339 0.997735083 0.052675866 0.212800384 0.999100685 0.042137980 -0.004704571 0.605725706
-0.006857000 0.056578018 -0.998374581 -6.260198116 -0.042726502 0.997469664 0.056820188 0.215101510 0.999063253 0.043046672 -0.004422270 0.605443239
-0.006189656 0.063901290 -0.997936964 -6.311043739 -0.048094608 0.996782184 0.064125650 0.217075780 0.998823524 0.048392303 -0.003096432 0.604180813
-0.003993476 0.063274331 -0.997988164 -6.362100124 -0.052505020 0.996606350 0.063396819 0.219765201 0.998612642 0.052652560 -0.000657703 0.602775335
-0.003061839 0.059745744 -0.998208940 -6.411211014 -0.056680951 0.996598423 0.059823211 0.221721262 0.998387635 0.056762595 0.000335021 0.602198839
-0.001790302 0.054641824 -0.998504460 -6.460639477 -0.058006629 0.996819019 0.054653600 0.223593771 0.998314559 0.058017712 0.001384981 0.602002442
-0.000720888 0.052781653 -0.998605788 -6.511019230 -0.060745485 0.996759653 0.052727923 0.225590527 0.998152971 0.060698807 0.002487696 0.601388037
0.000643882 0.050071534 -0.998745382 -6.559839725 -0.056092571 0.997175038 0.049956635 0.226898253 0.998425305 0.055990029 0.003450705 0.601165175
0.000987961 0.044961460 -0.998988211 -6.610512733 -0.052072324 0.997635663 0.044849094 0.228945345 0.998642921 0.051975321 0.003326873 0.600959659
0.000757856 0.042107090 -0.999112785 -6.659188271 -0.045827698 0.998064876 0.042028163 0.229669273 0.998949051 0.045755189 0.002686060 0.600668013
-0.000160420 0.044773921 -0.998997271 -6.710301399 -0.043640286 0.998045087 0.044738259 0.231649444 0.999047399 0.043603692 0.001793841 0.601056576
0.000534313 0.051386837 -0.998678684 -6.759978771 -0.044104528 0.997708261 0.051313311 0.233024076 0.999026716 0.044018831 0.002799480 0.600737035
0.002509634 0.054620955 -0.998503983 -6.808903217 -0.046336282 0.997440994 0.054446347 0.234933525 0.998922706 0.046130314 0.005034143 0.600069821
0.004198966 0.051254343 -0.998676777 -6.859775066 -0.046699721 0.997605979 0.051003035 0.236570150 0.998900175 0.046423763 0.006582476 0.600097418
0.005484391 0.051460892 -0.998659909 -6.909406662 -0.049199693 0.997479379 0.051129866 0.238342777 0.998773813 0.048853345 0.008002427 0.599533677
0.006331550 0.052139394 -0.998619854 -6.959448814 -0.048019886 0.997503519 0.051776655 0.240562826 0.998826325 0.047625776 0.008819472 0.599471927
0.007161947 0.050083548 -0.998719275 -7.008040428 -0.047957022 0.997613013 0.049684156 0.242345035 0.998823762 0.047539763 0.009546708 0.598909736
0.008620996 0.048333667 -0.998794019 -7.058153629 -0.048519619 0.997674882 0.047860716 0.244255990 0.998785019 0.048048507 0.010946083 0.599793077
0.010587412 0.050371364 -0.998674393 -7.104979038 -0.049563650 0.997529209 0.049788151 0.245445833 0.998714805 0.048970830 0.013057843 0.599804819
0.011767843 0.052342232 -0.998559892 -7.151048183 -0.049533419 0.997433484 0.051699448 0.246644437 0.998703122 0.048853692 0.014330330 0.600199223
0.012377162 0.053493373 -0.998491466 -7.195196152 -0.051043123 0.997299850 0.052796815 0.248183891 0.998619795 0.050312642 0.015074207 0.600448012
0.013287009 0.054633595 -0.998418033 -7.240791321 -0.051295783 0.997228801 0.053885862 0.249614835 0.998595059 0.050498676 0.016052661 0.599889517
0.013572364 0.055607252 -0.998360395 -7.283416271 -0.050726388 0.997205019 0.054853290 0.250875175 0.998620331 0.049898732 0.016355185 0.600181639
0.013693299 0.054778792 -0.998404741 -7.325231552 -0.050731003 0.997250259 0.054019697 0.252025962 0.998618484 0.049910355 0.016434632 0.600586295
0.015210752 0.055391077 -0.998348892 -7.364801407 -0.051500190 0.997182429 0.054541718 0.252744645 0.998557150 0.050585542 0.018020550 0.601049721
0.016904783 0.055423547 -0.998319805 -7.404343128 -0.052591339 0.997129619 0.054466933 0.254435897 0.998473048 0.051582221 0.019771054 0.601435423
0.015782598 0.054419324 -0.998393357 -7.441808224 -0.050798263 0.997271955 0.053555179 0.254949629 0.998584211 0.049871415 0.018503949 0.601868033
0.012679823 0.051687792 -0.998582840 -7.479170322 -0.048324473 0.997527778 0.051019564 0.255711555 0.998751223 0.047609072 0.015146259 0.602278829
0.007647441 0.047779232 -0.998828650 -7.517050743 -0.048369028 0.997706294 0.047355209 0.257133305 0.998800278 0.047950219 0.009940935 0.602647364
0.002536354 0.044763759 -0.998994350 -7.554205418 -0.049661841 0.997770548 0.044582833 0.258238226 0.998762786 0.049498834 0.004753749 0.602194190
-0.001064191 0.044087797 -0.999027073 -7.592559338 -0.052022573 0.997672439 0.044083431 0.259190619 0.998645365 0.052018881 0.001231847 0.602043152
-0.003706734 0.044803362 -0.998989046 -7.630408764 -0.053711809 0.997544825 0.044937890 0.260200858 0.998549640 0.053824075 -0.001291164 0.601276994
-0.006036479 0.046329070 -0.998907924 -7.667866707 -0.052596420 0.997528791 0.046582952 0.261352003 0.998597622 0.052820180 -0.003584818 0.601316214
-0.006720977 0.047531262 -0.998847127 -7.705743790 -0.049523376 0.997628152 0.047806498 0.262622774 0.998750389 0.049787588 -0.004351126 0.600485444
-0.008781587 0.048127700 -0.998802483 -7.742742538 -0.047617849 0.997687817 0.048492648 0.263651550 0.998827040 0.047986675 -0.006469544 0.600413203
-0.009610766 0.046694860 -0.998862922 -7.779882431 -0.048037365 0.997734249 0.047104295 0.264953285 0.998799324 0.048435453 -0.007345892 0.599811018
-0.010032646 0.046648271 -0.998861015 -7.816619873 -0.050227325 0.997626841 0.047095120 0.265352190 0.998687446 0.050642610 -0.007665818 0.599001884
-0.009381620 0.045118820 -0.998937547 -7.853624821 -0.054063667 0.997497439 0.045561515 0.267005324 0.998493493 0.054433662 -0.006918853 0.597989261
-0.008701320 0.044641081 -0.998965204 -7.890744686 -0.056239597 0.997399926 0.045061003 0.267316282 0.998379409 0.056573499 -0.006168100 0.597252250
-0.007600369 0.041037545 -0.999128640 -7.927658558 -0.056371104 0.997551084 0.041401558 0.268906087 0.998381019 0.056636654 -0.005268424 0.596635282
-0.006774041 0.039091069 -0.999212623 -7.965496063 -0.056143258 0.997644603 0.039410342 0.269600391 0.998399734 0.056366023 -0.004563386 0.596054852
-0.006114603 0.038737021 -0.999230742 -8.003608704 -0.056130391 0.997660577 0.039019633 0.270573854 0.998404741 0.056325797 -0.003925975 0.595613360
-0.005379069 0.041744690 -0.999113798 -8.041805267 -0.053530872 0.997683644 0.041973133 0.271263570 0.998551667 0.053709213 -0.003131980 0.595294178
-0.005299897 0.043246344 -0.999050379 -8.080363274 -0.052788071 0.997659326 0.043466166 0.272155404 0.998591721 0.052968305 -0.003004600 0.595007062
-0.003868857 0.039707303 -0.999203801 -8.118546486 -0.047750268 0.998064160 0.039846897 0.273194879 0.998851836 0.047866412 -0.001965332 0.594571710
-0.003501432 0.036700618 -0.999320209 -8.157020569 -0.046265714 0.998250246 0.036823433 0.274136245 0.998923004 0.046363201 -0.001797325 0.594188452
-0.003024711 0.036487747 -0.999329448 -8.196143150 -0.051046763 0.998025596 0.036594637 0.275636703 0.998691678 0.051123217 -0.001156157 0.593635798
-0.001134699 0.040441386 -0.999181271 -8.235523224 -0.052437149 0.997804880 0.040445223 0.276677877 0.998623550 0.052440114 0.000988423 0.593152046
0.001361559 0.040132992 -0.999193430 -8.275305748 -0.050072826 0.997943699 0.040014561 0.277677834 0.998744607 0.049977966 0.003368331 0.592751503
0.002799522 0.041007794 -0.999154925 -8.315083504 -0.048320450 0.997997165 0.040824886 0.279105633 0.998827934 0.048165321 0.004775431 0.593186796
0.005001412 0.045564286 -0.998948872 -8.354907990 -0.049445339 0.997750700 0.045262083 0.280421287 0.998764277 0.049166992 0.007243103 0.592637897
0.005657038 0.050153796 -0.998725593 -8.396282196 -0.046339590 0.997681797 0.049838897 0.281605124 0.998909652 0.045998596 0.007968030 0.593501449
0.006762870 0.051078930 -0.998671770 -8.436863899 -0.045422520 0.997679472 0.050720584 0.282761931 0.998944938 0.045019172 0.009067310 0.593992114
0.008498588 0.050972726 -0.998664021 -8.477900505 -0.048932072 0.997524679 0.050498176 0.284905195 0.998765945 0.048437521 0.010971751 0.594233155
0.012115197 0.052662097 -0.998538971 -8.519530296 -0.051734976 0.997307718 0.051969472 0.286626220 0.998587310 0.051029775 0.014807053 0.594056010
0.015752302 0.052383915 -0.998502791 -8.561409950 -0.052730706 0.997280538 0.051487919 0.288351476 0.998484492 0.051840700 0.018471705 0.594311595
0.018468129 0.049649931 -0.998595893 -8.603320122 -0.055576246 0.997272968 0.048556324 0.289895266 0.998283625 0.054601468 0.021177126 0.595051467
0.021474285 0.047400616 -0.998645067 -8.645853043 -0.055488214 0.997392297 0.046147969 0.291098326 0.998228312 0.054422051 0.024048466 0.595442832
0.022988303 0.046790928 -0.998640120 -8.688476562 -0.055006724 0.997450173 0.045468945 0.292462885 0.998221338 0.053886671 0.025503507 0.596357048
0.025260143 0.048705552 -0.998493612 -8.731694221 -0.055788051 0.997324586 0.047237176 0.294225156 0.998123050 0.054510806 0.027909748 0.596532464
0.026215240 0.052059691 -0.998299837 -8.774271965 -0.057114318 0.997089803 0.050496776 0.295478046 0.998023391 0.055693429 0.029112302 0.597730637
0.026408741 0.053336043 -0.998227298 -8.817290306 -0.058492187 0.996947169 0.051720195 0.296352565 0.997938514 0.057022639 0.029447859 0.599150181
