1.000000000 0.000000000 0.000000000 0.000000000 0.000000000 1.000000000 0.000000000 0.000000000 0.000000000 0.000000000 1.000000000 0.000000000
0.999781430 -0.009034442 0.018850176 0.001269012 0.009069905 0.999957204 -0.001796646 -0.000626876 -0.018833138 0.001967223 0.999820650 0.057030521
0.999858737 -0.011511839 0.012247933 0.001238049 0.011550293 0.999928594 -0.003073433 -0.000852673 -0.012211674 0.003214466 0.999920249 0.072131082
0.999912858 -0.013198773 -0.000069494 0.000954913 0.013198240 0.999899685 -0.005145273 -0.000934508 0.000137398 0.005143908 0.999986768 0.087207474
0.999782801 -0.012616529 -0.016596062 0.000141224 0.012527158 0.999906540 -0.005478028 -0.001166904 0.016663622 0.005268936 0.999847293 0.103157282
0.999317527 -0.007995749 -0.036062337 -0.001283674 0.007811431 0.999955714 -0.005249070 -0.001562227 0.036102720 0.004963788 0.999335766 0.119373277
0.998416066 -0.004479900 -0.056081921 -0.003075350 0.004118082 0.999969959 -0.006565463 -0.001792397 0.056109652 0.006324114 0.998404562 0.137338057
0.997075558 -0.004251712 -0.076303683 -0.004913575 0.003730044 0.999968708 -0.006977949 -0.002015939 0.076330982 0.006672925 0.997060180 0.153302938
0.995221138 -0.005800444 -0.097474121 -0.007112836 0.005183035 0.999964833 -0.006586108 -0.002102382 0.097508915 0.006049422 0.995216250 0.171005353
0.993035793 -0.007172137 -0.117594600 -0.009691549 0.006584074 0.999963760 -0.005388489 -0.002576821 0.117628977 0.004576711 0.993046999 0.189713687
0.990872741 -0.006030593 -0.134665683 -0.013322296 0.005386890 0.999972224 -0.005143875 -0.002597754 0.134692997 0.004371496 0.990877748 0.208050922
0.988563955 -0.004995105 -0.150719509 -0.016884018 0.004365480 0.999980390 -0.004508045 -0.003003684 0.150739059 0.003798528 0.988566279 0.227832943
0.986465812 -0.004136922 -0.163915038 -0.020720867 0.003431635 0.999983609 -0.004585696 -0.003247266 0.163931325 0.003961135 0.986463785 0.247029811
0.984296560 -0.005812499 -0.176427141 -0.024605338 0.005012048 0.999975026 -0.004982290 -0.003794320 0.176451728 0.004019789 0.984301031 0.268219471
0.982566655 -0.009462576 -0.185669541 -0.028938143 0.008167713 0.999936700 -0.007737692 -0.004028277 0.185731038 0.006086305 0.982581794 0.288796782
0.981117249 -0.008187807 -0.193240672 -0.033777487 0.006408996 0.999931157 -0.009828502 -0.004295996 0.193307832 0.008404435 0.981102228 0.311172962
0.979558825 -0.007538073 -0.201016545 -0.038644142 0.005321598 0.999918938 -0.011564439 -0.004552484 0.201087475 0.010258318 0.979519546 0.332988709
0.977694631 -0.008725419 -0.209850132 -0.043597821 0.005773886 0.999875665 -0.014673507 -0.004750898 0.209952071 0.013134559 0.977623463 0.356744885
0.976158679 -0.012910267 -0.216673791 -0.049456384 0.009712753 0.999827743 -0.015815722 -0.005349920 0.216840655 0.013334155 0.976115942 0.380250216
0.974222481 -0.018708443 -0.224812090 -0.054913811 0.015315644 0.999741077 -0.016826302 -0.006489670 0.225068673 0.012949419 0.974256873 0.404746383
0.972081900 -0.020471873 -0.233747095 -0.060690451 0.016293868 0.999671340 -0.019791350 -0.006323300 0.234075412 0.015430168 0.972096086 0.429865986
0.970047057 -0.016834486 -0.242332801 -0.068216562 0.011566713 0.999665201 -0.023144173 -0.007541475 0.242641285 0.019647945 0.969917119 0.455578208
0.967916250 -0.013387153 -0.250916153 -0.075071558 0.006869604 0.999616325 -0.026832929 -0.008093417 0.251179099 0.024248334 0.967636824 0.480761945
0.965696335 -0.015671913 -0.259200722 -0.082671493 0.008549771 0.999554932 -0.028581917 -0.009051723 0.259533226 0.025385344 0.965400398 0.507572055
0.963298202 -0.018312100 -0.267808288 -0.089950323 0.010336343 0.999460936 -0.031161280 -0.009941230 0.268234521 0.027249446 0.962968111 0.534697235
0.961003423 -0.018246528 -0.275933892 -0.097883210 0.009399344 0.999399602 -0.033351354 -0.011125581 0.276376724 0.029457171 0.960597813 0.561239719
0.958722174 -0.017113283 -0.283829123 -0.107152805 0.006837904 0.999286175 -0.037154112 -0.012203536 0.284262300 0.033679672 0.958154917 0.590467095
0.956599534 -0.017106522 -0.290903360 -0.116784424 0.005055781 0.999099433 -0.042126566 -0.013706135 0.291362047 0.038827505 0.955824614 0.619797528
0.954617023 -0.019717079 -0.297182560 -0.125488296 0.005231915 0.998762429 -0.049458500 -0.015449772 0.297789931 0.045659091 0.953538895 0.648388207
0.953379929 -0.020415235 -0.301081300 -0.135241181 0.003181075 0.998333514 -0.057620458 -0.017164310 0.301755875 0.053976424 0.951856077 0.677446961
0.952060163 -0.020674307 -0.305211723 -0.145303369 0.000401552 0.997797251 -0.066335782 -0.019082602 0.305911005 0.063033096 0.949971139 0.708729148
0.950636387 -0.020070974 -0.309657723 -0.155861020 -0.003506313 0.997147501 -0.075396001 -0.021376137 0.310287744 0.072759926 0.947854161 0.739312053
0.949391961 -0.019415922 -0.313493103 -0.166638494 -0.006783309 0.996587336 -0.082265534 -0.023846764 0.314020574 0.080228776 0.946020305 0.770712435
0.947781086 -0.016982280 -0.318469018 -0.178175420 -0.012086360 0.995951235 -0.089078501 -0.026872855 0.318692416 0.088276073 0.943738580 0.802531481
0.946159661 -0.016096650 -0.323299915 -0.189574897 -0.015412643 0.995389819 -0.094665192 -0.030029476 0.323333263 0.094551302 0.941549540 0.834576488
0.944497526 -0.014886203 -0.328181237 -0.201954231 -0.018933265 0.994845808 -0.099615388 -0.033620961 0.327972561 0.100300029 0.939347565 0.868180990
0.942844689 -0.011849930 -0.333021790 -0.213921279 -0.023839019 0.994408429 -0.102876641 -0.036989849 0.332378745 0.104935624 0.937290192 0.900068521
0.941166520 -0.010900751 -0.337767363 -0.226707280 -0.025924515 0.994205475 -0.104322903 -0.040586874 0.336947352 0.106941678 0.935430348 0.933009446
0.938896298 -0.011716005 -0.344000816 -0.239538476 -0.025520207 0.994300187 -0.103517383 -0.044362903 0.343252838 0.105971038 0.933245778 0.967768490
0.936533213 -0.010252066 -0.350428969 -0.252074331 -0.027122574 0.994457543 -0.101579607 -0.048741862 0.349528164 0.104637206 0.931064487 1.001372576
0.934016645 -0.010598233 -0.357072324 -0.265936613 -0.026839070 0.994652689 -0.099726878 -0.052715018 0.356219888 0.102730036 0.928737819 1.035594821
0.930833340 -0.010857459 -0.365282714 -0.280220866 -0.026272845 0.994983792 -0.096524239 -0.056534193 0.364498377 0.099444993 0.925878882 1.070068121
0.927435935 -0.008033264 -0.373895824 -0.294371486 -0.028151458 0.995433152 -0.091215938 -0.059935018 0.372921050 0.095122650 0.922974288 1.105649352
0.923883557 -0.004646623 -0.382645488 -0.309602022 -0.030381195 0.995879292 -0.085447654 -0.063922480 0.381465822 0.090568908 0.919935346 1.141306400
0.920249581 -0.002404490 -0.391324639 -0.323935509 -0.032019973 0.996165335 -0.081419960 -0.068088308 0.390019923 0.087456882 0.916643739 1.174466729
0.916655123 0.000571520 -0.399678946 -0.341513246 -0.035653949 0.996129036 -0.080347113 -0.070696652 0.398086011 0.087900721 0.913127065 1.211652040
0.912659109 0.000340969 -0.408721536 -0.358330309 -0.036124490 0.996153414 -0.079833545 -0.074128032 0.407122165 0.087625653 0.909160733 1.247552276
0.909092367 0.000749801 -0.416593969 -0.375865340 -0.036777154 0.996238530 -0.078462116 -0.077279046 0.414968133 0.086650454 0.905700326 1.282487988
0.904885650 0.001216952 -0.425652981 -0.392322779 -0.037338100 0.996368051 -0.076527551 -0.081156977 0.424013972 0.085141748 0.901644647 1.319675922
0.901232779 -0.001109452 -0.433334023 -0.411226183 -0.034404580 0.996656775 -0.074105151 -0.084122106 0.431967467 0.081694648 0.898181558 1.358355999
0.897032082 -0.000628268 -0.441964924 -0.429005295 -0.033621341 0.997004271 -0.069656663 -0.087885752 0.440684706 0.077343725 0.894323647 1.394365788
0.893604457 0.004295611 -0.448834658 -0.447653294 -0.036944907 0.997265100 -0.064010806 -0.091259100 0.447332114 0.073782511 0.891319275 1.429547787
0.889412820 0.001957878 -0.457100630 -0.466685861 -0.032931242 0.997666836 -0.059803370 -0.093673646 0.455917031 0.068242781 0.887402177 1.467358112
0.885890543 0.002162022 -0.463889271 -0.488903463 -0.032749020 0.997785628 -0.057890572 -0.097218037 0.462736905 0.066476628 0.883999646 1.507937908
0.882190943 0.002014860 -0.470887482 -0.508963108 -0.032827400 0.997821033 -0.057231437 -0.099750608 0.469746172 0.065947071 0.880334795 1.546426058
0.879400194 0.001428522 -0.476081103 -0.530764699 -0.031542059 0.997973144 -0.055268876 -0.102243505 0.475037158 0.063620046 0.877662897 1.585197687
0.876826346 0.000797563 -0.480806530 -0.551125646 -0.030420471 0.998087108 -0.053820893 -0.104889750 0.479843855 0.061817933 0.875173390 1.619254470
0.874039888 -0.000858256 -0.485853344 -0.576605678 -0.028799480 0.998148561 -0.053572863 -0.108532988 0.484999806 0.060817156 0.872396886 1.664659858
0.871963799 -0.001180333 -0.489568800 -0.596513808 -0.029049175 0.998110354 -0.054145463 -0.110540539 0.488707632 0.061434451 0.870281935 1.699561715
0.870557129 -0.000306544 -0.492067277 -0.621971726 -0.030325776 0.998065412 -0.054273620 -0.114264816 0.491132021 0.062170606 0.868863702 1.744134188
0.869901359 -0.001297785 -0.493224055 -0.645022631 -0.028863577 0.998148859 -0.053533163 -0.116858572 0.492380559 0.060804788 0.868253589 1.783763289
0.869950891 -0.001306860 -0.493136555 -0.670414984 -0.027937740 0.998259842 -0.051930957 -0.119656131 0.492346257 0.058954500 0.868400574 1.828256249
0.869775236 -0.001430411 -0.493446112 -0.694538653 -0.027706549 0.998276651 -0.051730890 -0.122262768 0.492669761 0.058665939 0.868236601 1.868874192
0.868985832 -0.003134724 -0.494827002 -0.719784975 -0.026118705 0.998295426 -0.052192319 -0.125416175 0.494147122 0.058278628 0.867422760 1.913578868
0.867706537 -0.005899807 -0.497041821 -0.744427085 -0.023295697 0.998348176 -0.052518502 -0.128217176 0.496530592 0.057149582 0.866135836 1.956365466
0.866446018 -0.006393392 -0.499229759 -0.770800114 -0.021943621 0.998464048 -0.050871450 -0.130917698 0.498788208 0.055032264 0.864974976 2.000728130
0.864250541 -0.004389125 -0.503042579 -0.794928432 -0.021954102 0.998680174 -0.046431802 -0.134666026 0.502582431 0.051172551 0.863013387 2.042315006
0.861604929 -0.005436100 -0.507550418 -0.822066188 -0.018765330 0.998917878 -0.042554442 -0.137330264 0.507232487 0.046189468 0.860570550 2.086955547
0.857592165 -0.005927229 -0.514296234 -0.847754478 -0.017179251 0.999045551 -0.040160444 -0.140223622 0.514043272 0.043276507 0.856671751 2.129074097
0.852458239 -0.009065727 -0.522716701 -0.874545813 -0.015730137 0.998952091 -0.042978369 -0.142787963 0.522558630 0.044859666 0.851422369 2.172788620
0.846720457 -0.011651793 -0.531910419 -0.902071595 -0.015046375 0.998835742 -0.045831587 -0.146340311 0.531825304 0.046809860 0.845559359 2.213853836
0.840230703 -0.012411992 -0.542087018 -0.929143548 -0.014504181 0.998865724 -0.045352072 -0.148681313 0.542035043 0.045968734 0.839097679 2.257777452
0.834766090 -0.008639067 -0.550537050 -0.958311319 -0.016080121 0.999067843 -0.040059358 -0.151570410 0.550369859 0.042292900 0.833849072 2.299468756
0.829573691 -0.003901588 -0.558383644 -0.987239420 -0.019378863 0.999172091 -0.035772100 -0.153993040 0.558060884 0.040496428 0.828811228 2.342440844
0.825431466 -0.004474232 -0.564484537 -1.015498996 -0.019983357 0.999110281 -0.037140328 -0.156700522 0.564148486 0.041937094 0.824607611 2.383661032
0.821829021 -0.006937981 -0.569691956 -1.044570923 -0.020244304 0.998938918 -0.041369669 -0.159017146 0.569374442 0.045531821 0.820816398 2.425166607
0.818946481 -0.008892855 -0.573800981 -1.074280620 -0.023058793 0.998562574 -0.048386093 -0.161714301 0.573406518 0.052856777 0.817564189 2.465817451
0.815358400 -0.010907153 -0.578853786 -1.102729797 -0.022282530 0.998490572 -0.050200820 -0.164590716 0.578527570 0.053829987 0.813884676 2.506451368
0.812380195 -0.008825345 -0.583061457 -1.133105397 -0.022155022 0.998696327 -0.045985106 -0.167328238 0.582707107 0.050275121 0.811125576 2.547814131
0.809502840 -0.005252314 -0.587092459 -1.164093614 -0.023348467 0.998880923 -0.041129969 -0.169861659 0.586651385 0.047002532 0.808474362 2.587940931
0.806557298 -0.003761226 -0.591143847 -1.194455385 -0.023575934 0.998979509 -0.038523152 -0.171996325 0.590685606 0.045007903 0.805645525 2.629797459
0.803493917 -0.003674815 -0.595301628 -1.224931717 -0.024497101 0.998929858 -0.039230783 -0.174620822 0.594808757 0.046104860 0.802543998 2.669768095
0.799562454 -0.004866870 -0.600563288 -1.255563855 -0.024212863 0.998893082 -0.040330771 -0.177477330 0.600094736 0.046788324 0.798559427 2.711207628
0.795224667 -0.008096081 -0.606260955 -1.286859274 -0.022333283 0.998841166 -0.042632926 -0.180795565 0.605903566 0.047442552 0.794122219 2.753121853
0.791257501 -0.009498206 -0.611409247 -1.317903280 -0.021329489 0.998842180 -0.043120589 -0.183157802 0.611110806 0.047160540 0.790138841 2.792278528
0.786844730 -0.008711917 -0.617089510 -1.350297451 -0.022153391 0.998857141 -0.042349190 -0.185772121 0.616753280 0.046992861 0.785752594 2.832867384
0.781846523 -0.008929846 -0.623407125 -1.382545710 -0.021699052 0.998901844 -0.041522410 -0.188495740 0.623093247 0.045991495 0.780794084 2.873222589
0.776265264 -0.010533318 -0.630318463 -1.415177584 -0.020713665 0.998894334 -0.042202421 -0.191654012 0.630066097 0.045816477 0.775188744 2.913553476
0.771069169 -0.011724145 -0.636643410 -1.447898388 -0.020667493 0.998842835 -0.043425642 -0.194073066 0.636415899 0.046642002 0.769934654 2.952075243
0.765369952 -0.013357880 -0.643451750 -1.481647253 -0.019550700 0.998840570 -0.043990716 -0.196830004 0.643293500 0.046249110 0.764221489 2.991966009
0.759664774 -0.015639018 -0.650126934 -1.514766097 -0.017968034 0.998824358 -0.045022469 -0.200094193 0.650066614 0.045883484 0.758490562 3.030691862
0.753981113 -0.015924346 -0.656703115 -1.549281597 -0.019336974 0.998734832 -0.046419624 -0.203055173 0.656611443 0.047698170 0.752719283 3.068768978
0.747480273 -0.018171510 -0.664035439 -1.584419847 -0.016964514 0.998777509 -0.046428151 -0.205957562 0.664067388 0.045969158 0.746258259 3.109076023
0.740771830 -0.018530181 -0.671501040 -1.619000077 -0.015153719 0.998904049 -0.044281866 -0.208859354 0.671585798 0.042978488 0.739679217 3.147410870
0.734858394 -0.019199593 -0.677948773 -1.654560566 -0.014317648 0.998937249 -0.043809552 -0.211713687 0.678069532 0.041900445 0.733802557 3.185217857
0.728209972 -0.020832285 -0.685037315 -1.692485452 -0.013163401 0.998928428 -0.044370838 -0.215178311 0.685227633 0.041328710 0.727155328 3.225217819
0.721045911 -0.022472046 -0.692522585 -1.728538990 -0.013307858 0.998840451 -0.046267893 -0.217926666 0.692759395 0.042577274 0.719910860 3.263482094
0.715583682 -0.021521872 -0.698195398 -1.766410947 -0.014765264 0.998836040 -0.045922101 -0.220908582 0.698370934 0.043170154 0.714432895 3.300813913
0.710265398 -0.020631950 -0.703631580 -1.805102348 -0.015920168 0.998843908 -0.045358449 -0.223652124 0.703754067 0.043418467 0.709115744 3.338973522
0.705149710 -0.021091230 -0.708744705 -1.844336629 -0.014910904 0.998895407 -0.044560958 -0.227128655 0.708901644 0.041990176 0.704056323 3.377578497
0.700458944 -0.021373080 -0.713372588 -1.882645607 -0.016159369 0.998820305 -0.045792114 -0.230124533 0.713509679 0.043603152 0.699287355 3.414306164
0.695307016 -0.024161294 -0.718306661 -1.922229528 -0.015573435 0.998693645 -0.048667312 -0.232784629 0.718544126 0.045025222 0.694022477 3.452175617
0.690303147 -0.026887231 -0.723020554 -1.962099791 -0.014928445 0.998567283 -0.051387008 -0.235666499 0.723366320 0.046266187 0.688912749 3.489384651
0.684969306 -0.026544362 -0.728088200 -2.002494097 -0.016129194 0.998538792 -0.051578324 -0.239689246 0.728393376 0.047073048 0.683540225 3.527375937
0.679873765 -0.026834268 -0.732838094 -2.041538239 -0.014827774 0.998622894 -0.050322615 -0.242670685 0.733179271 0.045079377 0.678539515 3.563425303
0.674904764 -0.026951406 -0.737412453 -2.083925009 -0.014151974 0.998676181 -0.049452599 -0.245842651 0.737769127 0.043811645 0.673629940 3.601939678
0.669787824 -0.027714401 -0.742035091 -2.125663757 -0.014199779 0.998642504 -0.050115716 -0.249249011 0.742416620 0.044103645 0.668485165 3.638517380
0.664943755 -0.028839223 -0.746336401 -2.168041706 -0.012617467 0.998677909 -0.049831413 -0.252753615 0.746786773 0.042551968 0.663700819 3.676639557
0.660916209 -0.030334743 -0.749846458 -2.210382938 -0.011036488 0.998681843 -0.050128870 -0.255488992 0.750378489 0.041406654 0.659710228 3.713173628
0.656804860 -0.030041123 -0.753461897 -2.253936529 -0.011157378 0.998709559 -0.049545407 -0.259432077 0.753978014 0.040948328 0.655622065 3.750550747
0.652671754 -0.032658909 -0.756936669 -2.296300173 -0.009144118 0.998658240 -0.050972823 -0.262886941 0.757585704 0.040190037 0.651497185 3.787228584
0.648687065 -0.037023410 -0.760154128 -2.339072227 -0.006084249 0.998531759 -0.053825695 -0.266412765 0.761030912 0.039541002 0.647509396 3.823056698
0.644650578 -0.041287191 -0.763361692 -2.381397009 -0.001968630 0.998447597 -0.055664539 -0.269566983 0.764474809 0.037386950 0.643568516 3.857128620
0.637535155 -0.044625357 -0.769127727 -2.425699234 0.002910211 0.998453319 -0.055518713 -0.273526579 0.770415783 0.033156805 0.636679053 3.895030022
0.629053533 -0.048697654 -0.775835097 -2.468782663 0.008193990 0.998395681 -0.056023605 -0.277207315 0.777318716 0.028884662 0.628443539 3.930152893
0.619788110 -0.049467638 -0.783208549 -2.514244080 0.010780115 0.998453975 -0.054531787 -0.280993164 0.784695148 0.025355082 0.619363129 3.966326237
0.611395478 -0.047683638 -0.789887309 -2.560014486 0.010853579 0.998594224 -0.051881809 -0.284703583 0.791250885 0.023147196 0.611053467 4.000861168
0.601980209 -0.047635660 -0.797088861 -2.604625940 0.010595109 0.998607635 -0.051677167 -0.288195372 0.798440695 0.022663385 0.601646781 4.034829140
0.592675924 -0.049114164 -0.803942144 -2.650579929 0.009543762 0.998497248 -0.053964082 -0.291197062 0.805384457 0.024310581 0.592254102 4.068256378
0.582999051 -0.051120922 -0.810862958 -2.697632313 0.010045421 0.998395860 -0.055721425 -0.295245975 0.812410712 0.024340078 0.582577288 4.101144314
0.573574543 -0.052949399 -0.817440271 -2.744648457 0.010584914 0.998304427 -0.057237681 -0.298823237 0.819085002 0.024177536 0.573162496 4.133282661
0.562857687 -0.054059811 -0.824783981 -2.791820526 0.014222330 0.998344541 -0.055729944 -0.302670807 0.826431513 0.019637672 0.562694669 4.166388988
0.553129315 -0.053693112 -0.831363261 -2.840226889 0.014773586 0.998396337 -0.054651536 -0.306761146 0.832964420 0.017947156 0.553035378 4.197788239
0.543050349 -0.053739768 -0.837978721 -2.889553070 0.014993600 0.998411536 -0.054311775 -0.311129510 0.839566231 0.016929710 0.542993486 4.228788853
0.532406449 -0.055447467 -0.844670951 -2.938610077 0.014774049 0.998309076 -0.056220610 -0.314225733 0.846359909 0.017453000 0.532325327 4.260177612
0.522397220 -0.056034848 -0.850859165 -2.988895416 0.014109061 0.998269975 -0.057080388 -0.317920387 0.852585495 0.017813809 0.522284031 4.290735245
0.512756228 -0.056818943 -0.856652081 -3.039568424 0.012278030 0.998190880 -0.058857638 -0.322026491 0.858446300 0.019661622 0.512526155 4.320435524
0.502764523 -0.056650091 -0.862565279 -3.090019226 0.011520629 0.998200715 -0.058843095 -0.326259673 0.864346683 0.019646922 0.502512515 4.350335598
0.494142026 -0.054277681 -0.867685199 -3.141886950 0.010352896 0.998345792 -0.056555182 -0.330408275 0.869319558 0.018963236 0.493886471 4.379257202
0.485837251 -0.053113554 -0.872434020 -3.194315434 0.011722749 0.998458207 -0.054257758 -0.334271938 0.873970628 0.016133115 0.485710800 4.408549786
0.478586495 -0.052846208 -0.876448631 -3.246284008 0.011101526 0.998471558 -0.054141670 -0.338353634 0.877970219 0.016181555 0.478441685 4.436242104
0.470345646 -0.056080181 -0.880698562 -3.299646139 0.012133285 0.998295486 -0.057088483 -0.342060924 0.882398844 0.016165553 0.470224291 4.464996338
0.463856906 -0.059752040 -0.883892775 -3.352062225 0.015278448 0.998114049 -0.059455544 -0.345786899 0.885778368 0.014074352 0.463895023 4.492172241
0.457974046 -0.062490448 -0.886766374 -3.404169559 0.015990725 0.997943938 -0.062066644 -0.350099653 0.888821661 0.014244877 0.458031714 4.518698692
0.452525169 -0.065639757 -0.889332533 -3.457468271 0.018416239 0.997762442 -0.064271867 -0.355190068 0.891561449 0.012706485 0.452721477 4.545923710
0.447798193 -0.067311674 -0.891597450 -3.511363983 0.021162560 0.997680783 -0.064691782 -0.359106004 0.893884182 0.010100383 0.448184222 4.572518349
0.443621606 -0.064285569 -0.893905580 -3.564155579 0.022661524 0.997909784 -0.060518757 -0.363924742 0.895927608 0.006590166 0.444151163 4.599317074
0.439799368 -0.062112082 -0.895945609 -3.617727280 0.025021011 0.998065829 -0.056909382 -0.368239224 0.897747457 0.002611247 0.440502793 4.625564575
0.436572641 -0.061821878 -0.897542417 -3.669644356 0.026991252 0.998087168 -0.055618521 -0.372334033 0.899263978 0.000055731 0.437406242 4.650622368
0.434082568 -0.062457681 -0.898705363 -3.722587824 0.029418683 0.998044491 -0.055152006 -0.376237661 0.900392532 -0.002498203 0.435071111 4.675587654
0.430653274 -0.060930643 -0.900458276 -3.774919748 0.030674715 0.998130202 -0.052869238 -0.380408078 0.901996017 -0.004852987 0.431716979 4.701551914
0.429248363 -0.060180306 -0.901179254 -3.828177452 0.031162202 0.998170495 -0.051814184 -0.384212673 0.902648747 -0.005841577 0.430338293 4.725988388
0.426261932 -0.060844999 -0.902551234 -3.880653620 0.034165684 0.998106360 -0.051150840 -0.388157189 0.903954387 -0.009032632 0.427533478 4.750999451
0.423887014 -0.060780011 -0.903673470 -3.932219028 0.034954999 0.998100281 -0.050734676 -0.392363131 0.905040264 -0.010082136 0.425206304 4.775390148
0.421761692 -0.060379751 -0.904694080 -3.982690811 0.039479040 0.998056889 -0.048206002 -0.395634115 0.905846834 -0.015385001 0.423325896 4.798467159
0.419169039 -0.060391877 -0.905897498 -4.032740116 0.042587563 0.997994781 -0.046825819 -0.398775041 0.906908929 -0.018952031 0.420900464 4.822557926
0.418054521 -0.062442970 -0.906273305 -4.084165573 0.045433514 0.997823417 -0.047792830 -0.401910424 0.907285094 -0.021195162 0.419981658 4.845105648
0.416700393 -0.062708169 -0.906878471 -4.133684158 0.045399684 0.997808576 -0.048135098 -0.405874431 0.907909513 -0.021114077 0.418634176 4.868378639
0.416621059 -0.065113440 -0.906745434 -4.182178020 0.046845008 0.997644126 -0.050117072 -0.408807099 0.907872498 -0.021596663 0.418689787 4.889093399
0.416683435 -0.066810772 -0.906593144 -4.230013847 0.047509000 0.997533143 -0.051676705 -0.411719322 0.907809317 -0.021538513 0.418829620 4.911235332
0.419609278 -0.067881994 -0.905162990 -4.279034615 0.045962930 0.997509420 -0.053500265 -0.414303303 0.906540334 -0.019154742 0.421684265 4.933401108
0.422936708 -0.066815324 -0.903692484 -4.322521210 0.043819036 0.997619212 -0.053252149 -0.418957174 0.905098975 -0.017076643 0.424857587 4.954468250
0.426991880 -0.068730474 -0.901639640 -4.370073318 0.044181719 0.997502029 -0.055114657 -0.422047138 0.903175473 -0.016302479 0.428961873 4.977188110
0.433246791 -0.068231151 -0.898688912 -4.413904667 0.043300856 0.997554600 -0.054862522 -0.425524205 0.900234580 -0.015144989 0.435141712 4.998268127
0.441078126 -0.066114172 -0.895030141 -4.460283279 0.040709995 0.997730255 -0.053638205 -0.429242074 0.896544874 -0.012778034 0.442768514 5.020445347
0.448325574 -0.065016247 -0.891502678 -4.504010201 0.039411288 0.997819126 -0.052950349 -0.432369292 0.893001080 -0.011396270 0.449910223 5.042695045
0.456646681 -0.065618418 -0.887224853 -4.548141956 0.039559681 0.997787476 -0.053434510 -0.435243666 0.888768077 -0.010697644 0.458232194 5.065754890
0.467043459 -0.063325301 -0.881963909 -4.592936993 0.037299786 0.997955322 -0.051901452 -0.439423352 0.883447289 -0.008656844 0.468450516 5.088193893
0.476547629 -0.062291969 -0.876939058 -4.635681152 0.034932312 0.998040557 -0.051911242 -0.443591624 0.878454328 -0.005895335 0.477789909 5.112012386
0.486670196 -0.065348648 -0.871138096 -4.679311752 0.034412809 0.997858286 -0.055629522 -0.446152538 0.872907698 -0.002905081 0.487876654 5.135803699
0.498269111 -0.064518563 -0.864618599 -4.722879410 0.031092187 0.997915626 -0.056547262 -0.450535893 0.866464853 0.001292868 0.499236494 5.160569191
0.510217667 -0.064681545 -0.857609570 -4.764604568 0.030823788 0.997902572 -0.056924548 -0.452855289 0.859492779 0.002609130 0.511141181 5.185528755
0.523194611 -0.062345464 -0.849929631 -4.805838585 0.030221330 0.998050511 -0.054607205 -0.456419528 0.851677179 0.002884192 0.524058819 5.210483551
0.536283314 -0.059088841 -0.841967285 -4.847097874 0.027486634 0.998239934 -0.052548636 -0.459489524 0.843590319 0.005038113 0.536963522 5.235311031
0.548402727 -0.058759399 -0.834147334 -4.887229919 0.027794942 0.998257816 -0.052046217 -0.462603569 0.835752308 0.005357204 0.549080491 5.260835648
0.559603930 -0.058948588 -0.826661110 -4.925845623 0.027687524 0.998240173 -0.052440841 -0.465840310 0.828297615 0.006457902 0.560251117 5.286961079
0.570409775 -0.059892841 -0.819173694 -4.965732098 0.028456550 0.998180151 -0.053165711 -0.469513118 0.820867181 0.007015383 0.571076035 5.314565659
0.581226468 -0.061241724 -0.811434090 -5.004025936 0.030586163 0.998103499 -0.053421579 -0.472975284 0.813166916 0.006231385 0.581997216 5.341538429
0.592366040 -0.060616199 -0.803385437 -5.042462826 0.030064134 0.998134255 -0.053142779 -0.476311982 0.805107832 0.007326890 0.593083203 5.369845390
0.603266001 -0.058322791 -0.795404673 -5.079405785 0.029266378 0.998269677 -0.051001038 -0.479380131 0.797002912 0.007488579 0.603929043 5.396952152
0.613440633 -0.054647416 -0.787847877 -5.115437508 0.028541910 0.998485386 -0.047034323 -0.482419908 0.789224863 0.006366082 0.614071310 5.424522400
0.623667419 -0.054130495 -0.779813290 -5.151644707 0.028674923 0.998512328 -0.046378221 -0.485402703 0.781163692 0.006563496 0.624291778 5.452753067
0.634025812 -0.053966839 -0.771426320 -5.186680794 0.027775714 0.998507559 -0.047024269 -0.488572478 0.772812843 0.008387686 0.634578645 5.480441570
0.643003643 -0.052935842 -0.764031470 -5.221070290 0.024666937 0.998522282 -0.048423000 -0.491322577 0.765465796 0.012289844 0.643359244 5.510339737
0.652376831 -0.052539051 -0.756071508 -5.255132675 0.024839992 0.998540580 -0.047954917 -0.494215727 0.757487535 0.012503862 0.652729869 5.539049625
0.661995471 -0.050364975 -0.747813821 -5.288309574 0.024120994 0.998654485 -0.045906115 -0.496922612 0.749119580 0.012351625 0.662319660 5.567517281
0.669821441 -0.049145259 -0.740893960 -5.320555210 0.024517421 0.998727024 -0.044082414 -0.499473035 0.742117226 0.011362543 0.670173764 5.597624779
0.678337634 -0.048328120 -0.733159184 -5.352574348 0.024798274 0.998771906 -0.042892676 -0.502316177 0.734331667 0.010914637 0.678703070 5.626613617
0.685876846 -0.047913555 -0.726138711 -5.383766174 0.023893081 0.998774827 -0.043334886 -0.504733205 0.727325261 0.012372707 0.686181247 5.656372547
0.693220079 -0.047245461 -0.719175756 -5.414996624 0.023521833 0.998800635 -0.042942204 -0.507022381 0.720342040 0.012852067 0.693499982 5.686320782
0.700732827 -0.044726864 -0.712020338 -5.445586681 0.023051083 0.998931289 -0.040064037 -0.509504855 0.713051379 0.011661350 0.701014996 5.716084480
0.707891345 -0.041464340 -0.705103219 -5.475349903 0.021632480 0.999079823 -0.037033919 -0.512213409 0.705990016 0.010962864 0.708136916 5.745963097
0.715976298 -0.039469618 -0.697008014 -5.504024982 0.020214658 0.999153912 -0.035814531 -0.514628291 0.697831750 0.011552576 0.716168523 5.774382114
0.722578049 -0.039334267 -0.690169334 -5.533113480 0.020262890 0.999156058 -0.035729703 -0.516524374 0.690992296 0.011832676 0.722765267 5.805467129
0.730548859 -0.036571335 -0.681880414 -5.561401844 0.017513806 0.999239802 -0.034828458 -0.518598557 0.682635784 0.013501568 0.730634034 5.835478783
0.739770889 -0.033503078 -0.672024250 -5.588598728 0.016861456 0.999368906 -0.031261265 -0.520893574 0.672647536 0.011794867 0.739868999 5.864408016
0.749263704 -0.030213330 -0.661582410 -5.614825249 0.015558604 0.999486089 -0.028024197 -0.522746861 0.662089050 0.010704212 0.749348700 5.893909931
0.759277582 -0.027641011 -0.650179625 -5.640983105 0.013247533 0.999546945 -0.027023207 -0.524634540 0.650632024 0.011904840 0.759299815 5.923867702
0.769231558 -0.026603818 -0.638416052 -5.666313171 0.011260536 0.999542058 -0.028084626 -0.526318371 0.638870835 0.014414674 0.769178987 5.953466415
0.779224873 -0.027360260 -0.626146913 -5.690526485 0.011285909 0.999497235 -0.029629216 -0.528154790 0.626642823 0.016021188 0.779141903 5.983531475
0.789313495 -0.026493141 -0.613418579 -5.713790894 0.010927786 0.999516547 -0.029107181 -0.529817700 0.613893092 0.016271383 0.789221406 6.013080120
0.799369454 -0.024693975 -0.600332141 -5.737932205 0.010335620 0.999572337 -0.027353913 -0.531725764 0.600750923 0.015661074 0.799282849 6.044777870
0.809680343 -0.021405729 -0.586480618 -5.760468483 0.009565528 0.999683201 -0.023281122 -0.534346104 0.586793125 0.013240270 0.809628665 6.074918747
0.819094419 -0.021361165 -0.573260903 -5.782533646 0.010724424 0.999701977 -0.021928038 -0.534691513 0.573558509 0.011813241 0.819079459 6.106930256
0.828221142 -0.020568172 -0.560023963 -5.804490566 0.011738434 0.999743640 -0.019357897 -0.535512507 0.560278475 0.009458815 0.828250289 6.138413429
0.836403131 -0.019116985 -0.547781408 -5.825433731 0.011860811 0.999788761 -0.016781373 -0.537470341 0.547986448 0.007538862 0.836453140 6.170475960
0.843668580 -0.018908305 -0.536531210 -5.845284939 0.012966678 0.999805689 -0.014845457 -0.538918316 0.536707699 0.005567620 0.843749821 6.202162266
0.850144088 -0.019436246 -0.526191294 -5.866400719 0.013634156 0.999796093 -0.014901962 -0.539864123 0.526373565 0.005494640 0.850235641 6.235908985
0.856799245 -0.018338464 -0.515323699 -5.886376858 0.012590392 0.999813437 -0.014646336 -0.541386783 0.515496135 0.006060843 0.856870472 6.268859386
0.863667250 -0.016450448 -0.503793836 -5.906029701 0.010907677 0.999843240 -0.013948692 -0.541884124 0.503944337 0.006551807 0.863711298 6.301768780
0.869603753 -0.015645914 -0.493502229 -5.924928665 0.010429469 0.999856949 -0.013321459 -0.542941988 0.493639976 0.006437427 0.869642615 6.335601807
0.875691831 -0.016546626 -0.482586652 -5.944406033 0.011422038 0.999842823 -0.013555786 -0.544119954 0.482735157 0.006358568 0.875743330 6.369925499
0.880804181 -0.017273743 -0.473165482 -5.962843895 0.011959948 0.999827087 -0.014236853 -0.545563579 0.473329574 0.006880844 0.880858541 6.403941631
0.885044694 -0.018092426 -0.465154380 -5.981352329 0.012592020 0.999809265 -0.014929391 -0.546117604 0.465335786 0.007355944 0.885103643 6.439481735
0.888560057 -0.017843815 -0.458413213 -5.999449730 0.012709254 0.999817252 -0.014283216 -0.546890199 0.458584338 0.006865405 0.888624310 6.474267960
0.891622663 -0.015088544 -0.452527851 -6.016353130 0.011265323 0.999874473 -0.011142372 -0.547849417 0.452639163 0.004836919 0.891680598 6.508977413
0.894698679 -0.010600255 -0.446544409 -6.035737038 0.008686552 0.999942183 -0.006332621 -0.549291432 0.446585774 0.001786856 0.894738972 6.546693802
0.898041248 -0.009050526 -0.439818025 -6.054050446 0.008187743 0.999958992 -0.003858922 -0.549558997 0.439835012 -0.000135645 0.898078620 6.583197117
0.901250243 -0.005560677 -0.433263242 -6.071898937 0.005602209 0.999983668 -0.001180789 -0.550861239 0.433262706 -0.001363045 0.901266634 6.619840622
0.904508650 -0.004222564 -0.426434398 -6.089879990 0.005019146 0.999987125 0.000744198 -0.550509274 0.426425725 -0.002813471 0.904518127 6.658113480
0.907900333 -0.002406094 -0.419179171 -6.107461929 0.004427490 0.999982834 0.003849589 -0.551005781 0.419162631 -0.005350954 0.907895386 6.695565224
0.911249876 -0.001716102 -0.411850393 -6.124402046 0.004584919 0.999971688 0.005977785 -0.551754594 0.411828399 -0.007335557 0.911231756 6.734374523
0.914729178 -0.002316695 -0.404060841 -6.143746376 0.005539868 0.999961495 0.006808064 -0.551684678 0.404029548 -0.008465978 0.914706767 6.776392460
0.918161809 -0.002786580 -0.396195978 -6.161175728 0.006031092 0.999957740 0.006943678 -0.551817656 0.396159858 -0.008764913 0.918139756 6.817655563
0.921831012 -0.005137854 -0.387558252 -6.176605225 0.008356601 0.999943197 0.006620450 -0.552303493 0.387502193 -0.009341605 0.921821415 6.857812405
0.926074624 -0.006839682 -0.377278209 -6.195693970 0.009479274 0.999941826 0.005140058 -0.552187085 0.377221137 -0.008336402 0.926085651 6.900916100
0.930557489 -0.007567286 -0.366067588 -6.212482929 0.009463458 0.999949515 0.003385684 -0.552651942 0.366023540 -0.006614840 0.930582106 6.943177700
0.935461581 -0.005977654 -0.353377908 -6.228526115 0.007342626 0.999969900 0.002522151 -0.552574635 0.353352189 -0.004954096 0.935477257 6.986821651
0.941536903 -0.002860126 -0.336897790 -6.245604515 0.004200044 0.999985993 0.003248494 -0.552747726 0.336883754 -0.004473562 0.941535592 7.031926632
0.948029160 0.000887541 -0.318182141 -6.260787964 0.001257382 0.999977827 0.006535744 -0.553904951 0.318180919 -0.006596152 0.948006988 7.076467514
0.954499841 0.003896095 -0.298186034 -6.276529312 -0.001561869 0.999966204 0.008065971 -0.553161025 0.298207402 -0.007233240 0.954473674 7.123426914
0.960853398 0.005742820 -0.276998073 -6.289621830 -0.003358362 0.999953091 0.009081859 -0.553320885 0.277037263 -0.007796075 0.960827529 7.169666290
0.966694832 0.006997688 -0.255836248 -6.302392006 -0.004389585 0.999932408 0.010764021 -0.553601980 0.255894303 -0.009282510 0.966660142 7.217558861
0.972201526 0.007871472 -0.234012932 -6.315328121 -0.004905812 0.999900103 0.013252467 -0.553707480 0.234093890 -0.011736046 0.972143114 7.265771389
0.977247536 0.010112425 -0.211860269 -6.326455593 -0.006777729 0.999841511 0.016460391 -0.552689493 0.211993158 -0.014649945 0.977161288 7.314526081
0.981834590 0.012768799 -0.189308554 -6.337383270 -0.008957640 0.999739885 0.020973984 -0.553369761 0.189527154 -0.018897228 0.981693566 7.364331245
0.985925972 0.014644505 -0.166539520 -6.346625328 -0.010736191 0.999646008 0.024343953 -0.552674532 0.166837052 -0.022213340 0.985734224 7.417200089
0.989390671 0.016922321 -0.144290775 -6.353947639 -0.013503124 0.999605060 0.024643121 -0.552240252 0.144650832 -0.022433296 0.989228487 7.466183662
0.992384434 0.016182167 -0.122112080 -6.361075401 -0.013528323 0.999654651 0.022530787 -0.551716089 0.122434504 -0.020707235 0.992260575 7.517257690
0.994735062 0.015904166 -0.101237513 -6.367669106 -0.013813377 0.999677241 0.021319969 -0.551288664 0.101543926 -0.019809289 0.994633794 7.575363636
0.996623814 0.014237600 -0.080859654 -6.372977257 -0.012408356 0.999656558 0.023080083 -0.550397217 0.081160493 -0.021998826 0.996458173 7.630058289
0.998040855 0.014613952 -0.060833249 -6.376135349 -0.013116342 0.999602735 0.024945162 -0.549934685 0.061173636 -0.024098385 0.997836173 7.683972836
0.999065518 0.015596656 -0.040312458 -6.379717350 -0.014564811 0.999561906 0.025764372 -0.549161315 0.040696640 -0.025153147 0.998854876 7.741796970
0.999642849 0.018106632 -0.019654799 -6.381617069 -0.017576957 0.999486446 0.026795100 -0.548910975 0.020129874 -0.026440054 0.999447644 7.799223423
0.999827147 0.018560572 0.001143210 -6.381992340 -0.018584846 0.999455571 0.027259972 -0.547619402 -0.000636622 -0.027276503 0.999627829 7.853526592
0.999573708 0.019985018 0.021282544 -6.381506443 -0.020551573 0.999431074 0.026743205 -0.546513140 -0.020735979 -0.027169194 0.999415696 7.914396286
0.998900056 0.021254543 0.041795298 -6.378953457 -0.022341443 0.999419689 0.025712406 -0.546706498 -0.041224539 -0.026617886 0.998795271 7.970266342
0.997871101 0.021549106 0.061553955 -6.377677441 -0.022984266 0.999477923 0.022703290 -0.544721425 -0.061032586 -0.024069726 0.997845471 8.031757355
0.996521175 0.023670750 0.079907738 -6.372656345 -0.025349695 0.999477327 0.020062268 -0.543864071 -0.079391077 -0.022018112 0.996600270 8.092275620
0.994853318 0.023472643 0.098568976 -6.365942478 -0.025442490 0.999499977 0.018775059 -0.544271410 -0.098078981 -0.021186274 0.994952977 8.148683548
0.992797911 0.023778817 0.117417812 -6.359179497 -0.025781516 0.999546349 0.015566624 -0.544234037 -0.116994396 -0.018481717 0.992960513 8.212878227
0.990292251 0.024814108 0.136767656 -6.353261948 -0.026423501 0.999601185 0.009964223 -0.543048799 -0.136465862 -0.013481374 0.990552962 8.274312019
0.987569988 0.026982101 0.154846847 -6.345652580 -0.027833039 0.999607027 0.003329590 -0.542477608 -0.154696167 -0.007598063 0.987932861 8.335163116
0.984623611 0.029525897 0.172175705 -6.334456921 -0.029802918 0.999555290 -0.000976401 -0.545080245 -0.172127977 -0.004169949 0.985065699 8.395174026
0.981339991 0.031526729 0.189678460 -6.322916031 -0.030984338 0.999502897 -0.005825046 -0.544551849 -0.189767808 -0.000160712 0.981828988 8.460092545
0.977700114 0.033948619 0.207243964 -6.311890125 -0.032885719 0.999422371 -0.008572680 -0.545755804 -0.207415268 0.001566143 0.978251755 8.521223068
0.973861992 0.032896642 0.224745616 -6.297139645 -0.031840056 0.999458313 -0.008324949 -0.546452284 -0.224897712 0.000951439 0.974381924 8.582321167
0.969742298 0.032475304 0.241961017 -6.281291008 -0.031182844 0.999471605 -0.009170157 -0.548291862 -0.242130995 0.001347656 0.970242620 8.650743484
0.965401232 0.032591436 0.258724391 -6.265404701 -0.029912865 0.999450386 -0.014283987 -0.550105691 -0.259047776 0.006050590 0.965845585 8.713323593
0.960934699 0.034138609 0.274661660 -6.247966290 -0.030181363 0.999370992 -0.018622251 -0.552101910 -0.275124609 0.009605103 0.961360514 8.774905205
0.955774009 0.036321308 0.291850626 -6.228392124 -0.032172855 0.999301791 -0.019002767 -0.553195834 -0.292337060 0.008772682 0.956275225 8.844992638
0.950132728 0.039010651 0.309396058 -6.208082199 -0.034517474 0.999204278 -0.019985475 -0.555388749 -0.309929490 0.008309283 0.950723231 8.909702301
0.944137633 0.042701934 0.326773167 -6.187229156 -0.037385456 0.999046803 -0.022536155 -0.557937503 -0.327423990 0.009060669 0.944834113 8.971742630
0.937943339 0.042919580 0.344122350 -6.164054871 -0.035931643 0.998998523 -0.026661288 -0.559986591 -0.344922006 0.012641895 0.938546240 9.040390015
0.931489646 0.044551097 0.361029536 -6.139576912 -0.036486484 0.998909533 -0.029127080 -0.562749028 -0.361933440 0.013958873 0.932099462 9.102886200
0.924635828 0.044845689 0.378202796 -6.114414215 -0.034584176 0.998827279 -0.033884790 -0.566038013 -0.379278839 0.018251263 0.925102413 9.164270401
0.916238129 0.048008207 0.397747159 -6.087802410 -0.034737412 0.998575151 -0.040508296 -0.569002628 -0.399125218 0.023298543 0.916600287 9.238132477
0.906728029 0.052114528 0.418483436 -6.058125973 -0.036970887 0.998337448 -0.044220038 -0.572135627 -0.420092165 0.024623847 0.907147229 9.300439835
0.895108879 0.054531723 0.442500114 -6.031432152 -0.038308755 0.998228431 -0.045524526 -0.575857759 -0.444198698 0.023797786 0.895612121 9.363874435
0.882120669 0.059291519 0.467276841 -5.997235298 -0.041462131 0.997969151 -0.048357848 -0.580580950 -0.469195098 0.023283167 0.882787526 9.431089401
0.868188143 0.063388057 0.492170125 -5.963906288 -0.043384418 0.997705996 -0.051967405 -0.584558010 -0.494335175 0.023764966 0.868946373 9.493955612
0.853646338 0.067363195 0.516478658 -5.928489685 -0.045293901 0.997445703 -0.055232022 -0.589141011 -0.518880010 0.023755286 0.854516983 9.556400299
0.838931978 0.068671383 0.539886475 -5.890045166 -0.044589542 0.997345209 -0.057570405 -0.594322741 -0.542406619 0.024224367 0.839766800 9.618576050
0.823268175 0.071148001 0.563176394 -5.850887775 -0.045024898 0.997172952 -0.060157537 -0.599170208 -0.565864265 0.024168829 0.824144065 9.679486275
0.807618201 0.072900996 0.585182250 -5.807064056 -0.043032605 0.996969342 -0.064810835 -0.605877757 -0.588133514 0.027160503 0.808307707 9.738060951
0.791066229 0.075157285 0.607096016 -5.766297340 -0.041097026 0.996711314 -0.069840088 -0.611812115 -0.610348463 0.030298293 0.791553378 9.798418999
0.775012732 0.077031694 0.627233148 -5.722520828 -0.039563250 0.996510267 -0.073498733 -0.616489947 -0.630706072 0.032147072 0.775355697 9.856209755
