1.000000000 0.000000000 0.000000000 0.000000000 0.000000000 1.000000000 0.000000000 0.000000000 0.000000000 0.000000000 1.000000000 0.000000000
0.999877572 0.001558680 0.015567698 0.000154087 -0.001545927 0.999998450 -0.000831148 -0.000029969 -0.015568971 0.000806980 0.999878407 0.001555293
0.999319255 0.004192172 0.036653768 0.000392615 -0.004174303 0.999991119 -0.000564007 0.000013715 -0.036655810 0.000410619 0.999327838 0.003338970
0.997930169 0.005109207 0.064102568 0.000820530 -0.005027673 0.999986351 -0.001433158 0.001525224 -0.064108998 0.001107901 0.997942209 0.011907707
0.995181918 0.005551682 0.097888194 0.001588482 -0.005841985 0.999979258 0.002679291 0.000215792 -0.097871296 -0.003238243 0.995193839 0.011820826
0.990792394 0.002455974 0.135368556 0.002568762 -0.003174705 0.999981999 0.005093819 -0.000011919 -0.135353610 -0.005476672 0.990782201 0.012659623
0.984561503 -0.000442941 0.175038353 0.003723292 -0.000613388 0.999981940 0.005980697 -0.000289371 -0.175037831 -0.005995730 0.984543443 0.016096387
0.975841343 -0.000725309 0.218479291 0.003877815 -0.000800630 0.999975920 0.006895755 -0.000128066 -0.218479007 -0.006904084 0.975817144 0.014410554
0.963983059 -0.000856655 0.265962303 0.005698118 -0.001862048 0.999948502 0.009969812 -0.000145277 -0.265957206 -0.010105964 0.963932037 0.018736579
0.949618816 -0.004611788 0.313373208 0.007586638 -0.000836354 0.999850869 0.017248821 -0.000261342 -0.313406080 -0.016641894 0.949473381 0.022193033
0.932776093 -0.013764497 0.360193342 0.008022550 0.005064112 0.999672413 0.025087373 -0.000163093 -0.360420644 -0.021576846 0.932540178 0.021430729
0.911587596 -0.019322390 0.410651565 0.010350402 0.007937289 0.999535799 0.029411523 -0.000107906 -0.411029279 -0.023551719 0.911317706 0.024771694
0.886200607 -0.020402327 0.462852240 0.012662342 0.005687477 0.999433637 0.033165071 -0.000052683 -0.463266790 -0.026758440 0.885814786 0.028658889
0.857832909 -0.022943959 0.513416171 0.015187876 0.004097142 0.999276519 0.037810840 -0.000064906 -0.513912201 -0.030331848 0.857306361 0.031675551
0.825515628 -0.027660070 0.563701034 0.016772062 0.004590016 0.999094307 0.042302378 -0.000006881 -0.564360559 -0.032333877 0.824894965 0.032359779
0.789501667 -0.033372279 0.612840414 0.019729776 0.006815575 0.998935759 0.045616865 0.000076525 -0.613710582 -0.031837724 0.788888812 0.035267342
0.751267016 -0.037127066 0.658953249 0.024552507 0.007249911 0.998820543 0.048010472 0.000153281 -0.659958601 -0.031291332 0.750649989 0.040721837
0.711262047 -0.040055241 0.701784730 0.028391033 0.007891660 0.998767138 0.049007654 0.000329192 -0.702882528 -0.029319039 0.710701346 0.043721698
0.668972850 -0.041694649 0.742116570 0.032491464 0.006719229 0.998723805 0.050054748 0.000531242 -0.743256569 -0.028498806 0.668399274 0.046819560
0.626208186 -0.041921850 0.778527975 0.036973700 0.001684386 0.998623788 0.052418645 0.000683158 -0.779653966 -0.031513646 0.625417054 0.049924314
0.584557354 -0.042574570 0.810234606 0.042022064 -0.001157025 0.998577476 0.053305995 0.000928536 -0.811351538 -0.032097872 0.583676577 0.052905008
0.544634998 -0.043735616 0.837531984 0.047440674 -0.003170745 0.998524785 0.054204490 0.001185393 -0.838667095 -0.032177269 0.543693006 0.055827431
0.505744457 -0.045778297 0.861467838 0.053183496 -0.004856404 0.998424172 0.055907197 0.001447860 -0.862669706 -0.032458391 0.504725218 0.058783546
0.468402416 -0.045589764 0.882338166 0.059656363 -0.008136344 0.998402834 0.055906039 0.001680400 -0.883477807 -0.033365529 0.467283309 0.061862782
0.431851119 -0.044986825 0.900822282 0.066100873 -0.009513437 0.998472571 0.054424163 0.001949189 -0.901894689 -0.032073051 0.430763513 0.064586408
0.398502678 -0.043413695 0.916139066 0.073582046 -0.008256616 0.998668790 0.050916050 0.002328017 -0.917129993 -0.027854392 0.397613823 0.067402326
0.368141919 -0.042954534 0.928776801 0.080932558 -0.006750396 0.998782337 0.048867859 0.002221789 -0.929745138 -0.024259917 0.367403686 0.070300438
0.343370736 -0.039682977 0.938361168 0.089285590 -0.004805006 0.999019682 0.044006474 0.003079792 -0.939187646 -0.019619364 0.342843413 0.072898768
0.323593378 -0.039259668 0.945381403 0.097774111 -0.003518001 0.999081969 0.042693909 0.003443177 -0.946189702 -0.017141316 0.323158175 0.075451545
0.308345795 -0.039662685 0.950447142 0.106725134 -0.002585746 0.999091804 0.042531528 0.003826567 -0.951270759 -0.015572033 0.307963222 0.078471601
0.297418624 -0.041007113 0.953866124 0.116009727 -0.001702652 0.999052882 0.043480594 0.004188555 -0.954745710 -0.014556041 0.297067106 0.081111923
0.286152571 -0.042563293 0.957238257 0.125700325 -0.003152576 0.998965621 0.045361109 0.004646672 -0.958178878 -0.015997961 0.285722405 0.084091380
0.275679797 -0.044939809 0.960198402 0.135589823 -0.004337514 0.998838127 0.047993578 0.004927570 -0.961239755 -0.017395739 0.275164604 0.086969212
0.265743643 -0.046371929 0.962927818 0.146117851 -0.005593690 0.998751462 0.049640827 0.005401870 -0.964027524 -0.018578049 0.265152514 0.089721605
0.255361140 -0.048369311 0.965635121 0.156564429 -0.006814939 0.998632908 0.051824406 0.005777335 -0.966821730 -0.019814679 0.254682451 0.092660598
0.245228529 -0.049225181 0.968214750 0.167909086 -0.006869567 0.998596787 0.052509755 0.006475501 -0.969440937 -0.019528106 0.244546264 0.095295295
0.235987127 -0.050730377 0.970431030 0.179185003 -0.007021306 0.998521388 0.053906243 0.006874004 -0.971730828 -0.019534875 0.235281989 0.097735852
0.224709257 -0.053260397 0.972969174 0.190927461 -0.008806878 0.998353302 0.056683883 0.007481884 -0.974386036 -0.021306215 0.223870233 0.100628927
0.213795051 -0.057210926 0.975201786 0.202535361 -0.010389145 0.998093843 0.060831536 0.007926654 -0.976823270 -0.023136992 0.212793171 0.103088625
0.200871021 -0.060832597 0.977727056 0.214537665 -0.011392928 0.997857451 0.064425722 0.008570636 -0.979551554 -0.024080429 0.199747592 0.105753675
0.187622845 -0.062989876 0.980219305 0.226453528 -0.012586210 0.997705519 0.066522665 0.009197666 -0.982160568 -0.024818420 0.186399564 0.108124852
0.173819393 -0.063429832 0.982732594 0.238620088 -0.012578234 0.997699082 0.066620566 0.009754120 -0.984697223 -0.023940992 0.172621608 0.110168986
0.159015328 -0.061688364 0.985346913 0.250708640 -0.014157671 0.997800827 0.064752802 0.010494672 -0.987174511 -0.024246911 0.157792285 0.112244032
0.143281564 -0.061124094 0.987792611 0.262921780 -0.014121619 0.997863054 0.063795626 0.011018241 -0.989581168 -0.023089970 0.142112225 0.113735184
0.123503536 -0.059756745 0.990543246 0.275269210 -0.015794167 0.997940421 0.062172256 0.011580106 -0.992218435 -0.023323301 0.122305349 0.115099058
0.097231075 -0.058201909 0.993558586 0.287832320 -0.021362571 0.997936606 0.060548943 0.012127530 -0.995032549 -0.027112205 0.095787108 0.116523519
0.067480229 -0.057727795 0.996049166 0.300217301 -0.025091367 0.997910857 0.059535574 0.012614243 -0.997405052 -0.029009711 0.065890782 0.117225930
0.033415854 -0.057458483 0.997788489 0.313197523 -0.028159296 0.997895598 0.058407705 0.013210692 -0.999044776 -0.030048765 0.031727545 0.117777333
-0.001219314 -0.056978796 0.998374581 0.325842112 -0.030513309 0.997912645 0.056915160 0.013680041 -0.999533594 -0.030394316 -0.002955373 0.117722377
-0.034916475 -0.055671163 0.997838438 0.338735402 -0.030776696 0.998033702 0.054605104 0.014160039 -0.998916328 -0.028803553 -0.036561195 0.117143594
-0.067814305 -0.054294713 0.996219516 0.351112783 -0.032785017 0.998100102 0.052165490 0.014416108 -0.997159183 -0.029123506 -0.069465525 0.116277196
-0.100169070 -0.050890557 0.993668079 0.364235580 -0.035965852 0.998223722 0.047498241 0.014980301 -0.994320154 -0.030980267 -0.101821467 0.114883706
-0.132298425 -0.046776876 0.990105569 0.376713753 -0.033536561 0.998525202 0.042693477 0.015243859 -0.990642428 -0.027556455 -0.133672044 0.113086790
-0.164006561 -0.040382355 0.985632360 0.389693737 -0.027925568 0.998951375 0.036281317 0.015571868 -0.986063838 -0.021573970 -0.164962292 0.110675216
-0.194035903 -0.033909075 0.980408192 0.402171403 -0.020820770 0.999319673 0.030442452 0.015769212 -0.980773568 -0.014505922 -0.194609880 0.107868314
-0.223427221 -0.027821576 0.974323630 0.415101171 -0.015478530 0.999567747 0.024992963 0.016004577 -0.974597692 -0.009496985 -0.223761261 0.104868792
-0.250811994 -0.022370376 0.967777371 0.427426100 -0.007688086 0.999747396 0.021116911 0.015984710 -0.968005240 -0.002143981 -0.250920624 0.101362161
-0.277011782 -0.011685468 0.960795462 0.439715803 -0.001110564 0.999929249 0.011841235 0.015904609 -0.960865855 0.002213137 -0.277005225 0.097452134
-0.303556889 0.003718141 0.952806056 0.451964021 0.002337641 0.999992251 -0.003157523 0.015820552 -0.952810466 0.001268831 -0.303563237 0.093726292
-0.327512830 0.020769151 0.944618404 0.463664174 0.003051052 0.999776542 -0.020924052 0.015460609 -0.944841802 -0.003970815 -0.327503026 0.089427605
-0.352651834 0.035512608 0.935080349 0.475676566 0.002993918 0.999317288 -0.036823086 0.014851902 -0.935749888 -0.010186175 -0.352517366 0.084844112
-0.376923323 0.045970272 0.925103009 0.487274468 0.007487011 0.998886228 -0.046586212 0.014232393 -0.926214218 -0.010633172 -0.376847625 0.079850629
-0.400434703 0.050481088 0.914933681 0.498844683 0.010885483 0.998672962 -0.050337162 0.013512792 -0.916260600 -0.010197252 -0.400452822 0.074543163
-0.422980011 0.049840827 0.904767275 0.510331869 0.014057553 0.998726904 -0.048444856 0.012661530 -0.906029999 -0.007772389 -0.423142105 0.069300428
-0.443214834 0.045527186 0.895258605 0.521709263 0.017915590 0.998959839 -0.041931327 0.011826897 -0.896236300 -0.002545503 -0.443569452 0.063398838
-0.460796207 0.044096947 0.886409819 0.532777786 0.024944801 0.999013782 -0.036731306 0.011040062 -0.887155354 0.005185671 -0.461441755 0.057329029
-0.474557340 0.044234090 0.879112482 0.543849051 0.026815625 0.998999417 -0.035790972 0.010383166 -0.879816055 0.006589083 -0.475268692 0.051210746
-0.485741854 0.048663113 0.872746646 0.554517388 0.031499196 0.998775005 -0.038158875 0.009521564 -0.873534560 0.008955449 -0.486679763 0.045219049
-0.495577872 0.051118210 0.867057979 0.565146446 0.032085005 0.998662710 -0.040538505 0.008894982 -0.867970765 0.007729570 -0.496555239 0.038979590
-0.506101906 0.050683189 0.860983193 0.576332688 0.026306776 0.998714507 -0.043327350 0.008082647 -0.862072408 0.000721635 -0.506784618 0.032478496
-0.517530322 0.048744075 0.854275346 0.587218404 0.024134031 0.998810470 -0.042370409 0.007473819 -0.855324388 -0.001310861 -0.518091023 0.025912941
-0.525728285 0.050533075 0.849150240 0.597860217 0.028067738 0.998720884 -0.042056676 0.006501924 -0.850189388 0.001723342 -0.526474178 0.019166827
-0.533030033 0.053455614 0.844405890 0.608045280 0.030396091 0.998567820 -0.044027429 0.006034784 -0.845550179 0.002198699 -0.533891380 0.012737721
-0.536544442 0.056486413 0.841979325 0.618866801 0.032114152 0.998401225 -0.046515897 0.005320497 -0.843260765 0.002081605 -0.537500620 0.005810022
-0.536025286 0.058650170 0.842162192 0.630161285 0.031959515 0.998278439 -0.049180660 0.004434003 -0.843596816 0.000553024 -0.536976874 -0.001409829
-0.533194840 0.058711171 0.843952775 0.640795231 0.033077002 0.998272896 -0.048549257 0.003861168 -0.845345616 0.002029214 -0.534215987 -0.007907361
-0.527097762 0.057655681 0.847846627 0.652445614 0.032192931 0.998334348 -0.047875203 0.002928752 -0.849194705 0.002059752 -0.528075933 -0.015119135
-0.520439923 0.056389622 0.852034450 0.664472222 0.028928174 0.998408675 -0.048407100 0.002282334 -0.853408217 -0.000545189 -0.521242976 -0.022107005
-0.512993932 0.055900048 0.856570125 0.676098287 0.027801311 0.998435795 -0.048508234 0.001453873 -0.857941926 -0.001070659 -0.513745606 -0.029214472
-0.506626725 0.054569259 0.860436797 0.688653350 0.025184890 0.998505771 -0.048496738 0.000633251 -0.861797631 -0.002899740 -0.507244110 -0.036439240
-0.502244055 0.051706817 0.863178611 0.700816691 0.020098466 0.998638988 -0.048126895 -0.000301788 -0.864492297 -0.006822883 -0.502599716 -0.043474376
-0.501180708 0.048888765 0.863960564 0.713613570 0.014962210 0.998743176 -0.047836155 -0.001024270 -0.865213335 -0.011047797 -0.501282215 -0.050498396
-0.501548171 0.046396639 0.863884687 0.726461470 0.012863639 0.998850465 -0.046176951 -0.002004184 -0.865033984 -0.012047269 -0.501568496 -0.057916760
-0.502068102 0.045423146 0.863634348 0.739718676 0.012241769 0.998892963 -0.045420442 -0.002875136 -0.864741504 -0.012231745 -0.502068400 -0.065603912
-0.502934098 0.044718079 0.863167167 0.752767324 0.011775303 0.998922527 -0.044890150 -0.003708458 -0.864244521 -0.012412732 -0.502918780 -0.073111147
-0.503104806 0.043977551 0.863105774 0.765965760 0.011731929 0.998959899 -0.044061143 -0.004596872 -0.864145756 -0.012041471 -0.503097475 -0.080727965
-0.503399551 0.043071002 0.862979591 0.779506922 0.011900833 0.999007702 -0.042918045 -0.005449388 -0.863971770 -0.011334744 -0.503412604 -0.088557899
-0.503567219 0.042442881 0.862912893 0.793130755 0.010859363 0.999024570 -0.042800460 -0.006369580 -0.863887727 -0.012182225 -0.503536999 -0.096441448
-0.503442466 0.041278444 0.863042176 0.806863785 0.009689104 0.999065042 -0.042132281 -0.007230956 -0.863974452 -0.012849076 -0.503371716 -0.104411602
-0.503583252 0.040423349 0.863000631 0.820576012 0.009264477 0.999099970 -0.041392252 -0.008232303 -0.863897026 -0.012849190 -0.503504455 -0.112311274
-0.503167212 0.039987504 0.863263547 0.834316254 0.007765271 0.999097764 -0.041753408 -0.008992545 -0.864154160 -0.014305471 -0.503023624 -0.120135635
-0.501514375 0.038926378 0.864273250 0.848078489 0.008746786 0.999164343 -0.039926276 -0.009916263 -0.865105152 -0.012463984 -0.501435637 -0.128318191
-0.499424934 0.036647338 0.865581691 0.862082601 0.008637155 0.999265850 -0.037323833 -0.010877764 -0.866314113 -0.011164289 -0.499374896 -0.136207581
-0.496837229 0.035430703 0.867120147 0.875738800 0.008884319 0.999321699 -0.035741989 -0.011615317 -0.867798269 -0.010054181 -0.496814966 -0.143965364
-0.494625628 0.035282571 0.868389666 0.889928460 0.008668360 0.999326229 -0.035665099 -0.012369415 -0.869062901 -0.010113358 -0.494598210 -0.151870847
-0.492622882 0.035427600 0.869521439 0.903619826 0.008567991 0.999320090 -0.035861935 -0.013299232 -0.870200753 -0.010216360 -0.492591470 -0.159511536
-0.491898924 0.036378201 0.869892001 0.917399526 0.008827385 0.999283791 -0.036797635 -0.013955994 -0.870607615 -0.010421846 -0.491867721 -0.167063475
-0.492548376 0.037122350 0.869492948 0.931090117 0.007915916 0.999239624 -0.038177591 -0.015058318 -0.870249093 -0.011921478 -0.492467672 -0.174872726
-0.496416897 0.037963405 0.867253721 0.944407225 0.006105860 0.999171257 -0.040243000 -0.016325314 -0.868062794 -0.014681973 -0.496237248 -0.181985050
-0.499696851 0.039086614 0.865318060 0.958409965 0.005602583 0.999106407 -0.041894533 -0.017094797 -0.866182268 -0.016086550 -0.499469280 -0.190356344
-0.505664647 0.038430192 0.861873746 0.971783340 0.006808839 0.999154031 -0.040556632 -0.017681599 -0.862703204 -0.014639693 -0.505498588 -0.198067218
-0.511078417 0.035568412 0.858797848 0.985000789 0.007386037 0.999288321 -0.036991537 -0.018708415 -0.859502494 -0.012562460 -0.510977328 -0.206048936
-0.516283154 0.033385314 0.855766952 0.998617172 0.005249375 0.999344468 -0.035819639 -0.019545481 -0.856401861 -0.014000832 -0.516119897 -0.214038163
-0.521592438 0.036638696 0.852407813 1.011720181 0.007703095 0.999239028 -0.038236327 -0.020466207 -0.853160143 -0.013377596 -0.521477699 -0.221868306
-0.526271462 0.038106538 0.849462271 1.024858713 0.007408338 0.999162912 -0.040232323 -0.021315327 -0.850284398 -0.014880019 -0.526113331 -0.230081469
-0.531322002 0.038962577 0.846273541 1.037634850 0.005942430 0.999088705 -0.042267334 -0.022173289 -0.847149193 -0.017428638 -0.531069279 -0.237919599
-0.534897387 0.039325841 0.844001353 1.050660729 0.005445998 0.999056101 -0.043099064 -0.023056362 -0.844899476 -0.018457148 -0.534606576 -0.246043056
-0.537682354 0.038664151 0.842260480 1.063298106 0.006897529 0.999116361 -0.041461404 -0.024077700 -0.843119204 -0.016483558 -0.537473917 -0.254331559
-0.540519536 0.032177806 0.840715826 1.076346397 0.007624597 0.999414682 -0.033349823 -0.024756931 -0.841296732 -0.011616112 -0.540448546 -0.262488991
-0.542875350 0.022799857 0.839503706 1.089209557 0.006832877 0.999718308 -0.022732513 -0.025628321 -0.839785516 -0.006604696 -0.542878091 -0.270722657
-0.544201374 0.021919444 0.838668227 1.101808548 0.008221739 0.999749959 -0.020794498 -0.026285732 -0.838914335 -0.004421082 -0.544245541 -0.278938800
-0.545356631 0.026285479 0.837791800 1.114268303 0.008334719 0.999628782 -0.025937617 -0.026901681 -0.838162661 -0.007162494 -0.545373261 -0.286811501
-0.546765506 0.032729458 0.836645842 1.126576066 0.009444148 0.999413311 -0.032924939 -0.027510947 -0.837232530 -0.010100814 -0.546753764 -0.294928879
-0.547449946 0.036583800 0.836038291 1.138862610 0.015063698 0.999312937 -0.033864520 -0.028264157 -0.836702764 -0.005945305 -0.547624886 -0.302996457
-0.546756327 0.038112920 0.836423814 1.151170850 0.018118260 0.999268055 -0.033689555 -0.028781479 -0.837095618 -0.003265435 -0.547046781 -0.311322600
-0.546230137 0.035097200 0.836899519 1.163409114 0.016058035 0.999376893 -0.031430233 -0.029267099 -0.837481141 -0.003729181 -0.546453416 -0.319278091
-0.545783937 0.029815949 0.837395310 1.175932407 0.014398148 0.999552906 -0.026205469 -0.029966086 -0.837802231 -0.002245583 -0.545969248 -0.327391863
-0.544956088 0.023272580 0.838141620 1.188305020 0.011960699 0.999728739 -0.019982560 -0.030683635 -0.838379264 -0.000864858 -0.545086682 -0.335285962
-0.544378221 0.017414352 0.838659108 1.200777769 0.002941763 0.999817967 -0.018851221 -0.031225767 -0.838834703 -0.007795060 -0.544330359 -0.343185693
-0.542756319 0.012538841 0.839796662 1.213211775 -0.005426217 0.999815285 -0.018434981 -0.031520210 -0.839872777 -0.014562619 -0.542587936 -0.350975603
-0.541095138 0.013074049 0.840859771 1.225419044 -0.001556481 0.999861836 -0.016547875 -0.032176767 -0.840959966 -0.010262758 -0.541000009 -0.358686775
-0.537765503 0.016475013 0.842933536 1.237643600 0.002974843 0.999839902 -0.017643863 -0.032736555 -0.843089163 -0.006980667 -0.537728369 -0.366592735
-0.532286406 0.020201655 0.846323252 1.249919057 0.006113213 0.999780893 -0.020019831 -0.033251040 -0.846542299 -0.005482527 -0.532293260 -0.374347955
-0.523921490 0.022160221 0.851478279 1.262135029 0.010589446 0.999753714 -0.019503409 -0.033830937 -0.851700783 -0.001201571 -0.524027109 -0.382214487
-0.516240537 0.025325598 0.856069088 1.274597287 0.018165031 0.999661624 -0.018619416 -0.034442868 -0.856251001 0.005938423 -0.516525805 -0.389655709
-0.506378949 0.024734946 0.861956298 1.287139654 0.014856655 0.999690354 -0.019959472 -0.034779973 -0.862183094 0.002698731 -0.506589592 -0.396915138
-0.496015042 0.022386044 0.868025303 1.299596310 0.013852429 0.999744415 -0.017867347 -0.035353720 -0.868203342 0.003161785 -0.496198326 -0.403711855
-0.484163254 0.018411880 0.874783993 1.312260389 0.012573154 0.999821842 -0.014084783 -0.035824656 -0.874887228 0.004179460 -0.484308481 -0.410812825
-0.473783523 0.017911457 0.880459189 1.324992061 0.012966687 0.999826610 -0.013362289 -0.036370173 -0.880545855 0.005085807 -0.473933637 -0.417315781
-0.462285310 0.017213143 0.886564255 1.337831855 0.013579025 0.999831796 -0.012331723 -0.036747087 -0.886627316 0.006337904 -0.462441206 -0.423820078
-0.450264424 0.018273463 0.892708242 1.350351453 0.014318673 0.999809742 -0.013243742 -0.037119024 -0.892780423 0.006819210 -0.450440496 -0.430104136
-0.437373638 0.022174111 0.899006426 1.363035083 0.014326204 0.999740899 -0.017688928 -0.037706368 -0.899165750 0.005142679 -0.437578052 -0.436385214
-0.426691741 0.031259105 0.903856754 1.375861645 0.017348370 0.999501526 -0.026377097 -0.038285039 -0.904230714 0.004425551 -0.427021354 -0.442200214
-0.414005816 0.035360817 0.909587204 1.388654232 0.016766265 0.999371946 -0.031219961 -0.038850769 -0.910119772 0.002325133 -0.414338768 -0.448005378
-0.402370870 0.032204729 0.914910138 1.401902795 0.015935710 0.999475956 -0.028173031 -0.039557621 -0.915338039 0.003243736 -0.402673185 -0.453752548
-0.390658826 0.028130438 0.920105577 1.415011287 0.013507319 0.999600530 -0.024825895 -0.040214960 -0.920436442 0.002729704 -0.390882701 -0.459198028
-0.380634964 0.028764360 0.924277902 1.428150177 0.010133164 0.999585807 -0.026934979 -0.040847946 -0.924669921 -0.000886535 -0.380768687 -0.464588583
-0.373439640 0.033064418 0.927065134 1.441073537 0.005767408 0.999428034 -0.033322085 -0.041599896 -0.927636564 -0.007097022 -0.373416781 -0.469567031
-0.369083762 0.038219854 0.928609908 1.454077125 0.000977037 0.999169469 -0.040735625 -0.042286396 -0.929395616 -0.014127570 -0.368814588 -0.474266171
-0.365602374 0.040442698 0.929892063 1.467352509 -0.002489236 0.999009609 -0.044427428 -0.043000523 -0.930767775 -0.018557495 -0.365139633 -0.479478478
-0.362151116 0.040112946 0.931255937 1.480530620 -0.003428483 0.999009430 -0.044364665 -0.043870643 -0.932113051 -0.019259505 -0.361654907 -0.484352171
-0.357128978 0.040174272 0.933190703 1.493558288 -0.005505338 0.998966873 -0.045112833 -0.044628203 -0.934038818 -0.021248635 -0.356538862 -0.489262700
-0.351404935 0.036039978 0.935529590 1.506510735 -0.009273746 0.999075830 -0.041971419 -0.045349795 -0.936177611 -0.023424830 -0.350746036 -0.493996114
-0.346453249 0.031962041 0.937522590 1.519817114 -0.009015910 0.999259770 -0.037398547 -0.046180729 -0.938023865 -0.021409467 -0.345908642 -0.498699725
-0.340398937 0.029202588 0.939827502 1.532806635 -0.008711010 0.999376774 -0.034207992 -0.047106501 -0.940240741 -0.019831212 -0.339932442 -0.503323674
-0.335284561 0.027000997 0.941729903 1.546566963 -0.020714846 0.999136269 -0.036022052 -0.047680110 -0.941889286 -0.031585425 -0.334435612 -0.507784247
-0.329791963 0.027600167 0.943650067 1.559733748 -0.027065817 0.998885214 -0.038674813 -0.048379455 -0.943665683 -0.038295303 -0.328677267 -0.511840582
-0.323284000 0.030871006 0.945798218 1.573029160 -0.024935618 0.998842776 -0.041125655 -0.049324766 -0.945973337 -0.036879338 -0.322140157 -0.516130209
-0.315077394 0.035052095 0.948418498 1.586755276 -0.023359047 0.998728693 -0.044671670 -0.049993273 -0.948778450 -0.036229186 -0.313858002 -0.521058440
-0.308275074 0.033954162 0.950691164 1.600288868 -0.024139155 0.998761833 -0.043498486 -0.050566398 -0.950990915 -0.036358368 -0.307073683 -0.525369942
-0.301997691 0.028160259 0.952892661 1.613756180 -0.024395488 0.999008000 -0.037254676 -0.051554758 -0.952996612 -0.034497112 -0.301011115 -0.529397368
-0.293979049 0.025078472 0.955482781 1.627350450 -0.025025783 0.999111056 -0.033923410 -0.052414075 -0.955484271 -0.033884473 -0.293090135 -0.533610284
-0.287832856 0.029221194 0.957234740 1.640788794 -0.026436178 0.998911083 -0.038442582 -0.053050280 -0.957315683 -0.036370665 -0.286746979 -0.537516534
-0.282246649 0.031482235 0.958825111 1.654137611 -0.027685503 0.998777926 -0.040943746 -0.053877294 -0.958942294 -0.038101796 -0.281030029 -0.541202426
-0.274897099 0.032417148 0.960927010 1.667573571 -0.027756672 0.998747349 -0.041633513 -0.054584250 -0.961072922 -0.038117066 -0.273653001 -0.544911861
-0.268237352 0.032329690 0.962810218 1.681179881 -0.026126936 0.998825014 -0.040817931 -0.055409789 -0.962998569 -0.036104180 -0.267077506 -0.548439324
-0.259520799 0.031747606 0.965215564 1.694390774 -0.023765212 0.998946905 -0.039246920 -0.056253023 -0.965445042 -0.033123951 -0.258493006 -0.552296162
-0.251759470 0.032531969 0.967242956 1.707741380 -0.021840310 0.998989403 -0.039284430 -0.057104088 -0.967543364 -0.031015107 -0.250794470 -0.555843353
-0.244796798 0.033530332 0.968994439 1.721054196 -0.019153962 0.999039531 -0.039408855 -0.057811908 -0.969385147 -0.028207241 -0.243919462 -0.559221327
-0.238650769 0.032517489 0.970560908 1.734409451 -0.025640188 0.998879790 -0.039770935 -0.058503360 -0.970766962 -0.034376729 -0.237549677 -0.562144041
-0.231741056 0.030854551 0.972288013 1.747602940 -0.028997073 0.998833597 -0.038608283 -0.059287529 -0.972345293 -0.037140634 -0.230576068 -0.565538645
-0.226884916 0.031312834 0.973417997 1.761234403 -0.024840213 0.998971820 -0.037924621 -0.060162157 -0.973604739 -0.032784436 -0.225873828 -0.568609834
-0.223387048 0.030769071 0.974243999 1.774682403 -0.025583917 0.998972237 -0.037416250 -0.060911980 -0.974394023 -0.033283290 -0.222370252 -0.571408927
-0.219160914 0.031773355 0.975171149 1.787953854 -0.025788216 0.998931825 -0.038343195 -0.061593361 -0.975347817 -0.033551253 -0.218107447 -0.574138939
-0.212528601 0.030936476 0.976664960 1.801526070 -0.018502973 0.999192119 -0.035676390 -0.062390804 -0.976979673 -0.025653461 -0.211784497 -0.577383697
-0.207679451 0.029461734 0.977753162 1.814815283 -0.011184644 0.999409497 -0.032489948 -0.063163094 -0.978133082 -0.017683314 -0.207227305 -0.580205142
-0.202290297 0.028824294 0.978901386 1.828475833 -0.009735928 0.999458253 -0.031441532 -0.063788913 -0.979277253 -0.015890829 -0.201900050 -0.583149076
-0.198622018 0.030334443 0.979606748 1.841986656 -0.012274995 0.999365509 -0.033435140 -0.064423196 -0.979999304 -0.018665621 -0.198123649 -0.585712492
-0.194634631 0.032054074 0.980351865 1.855387688 -0.013115717 0.999291539 -0.035277270 -0.065162778 -0.980788052 -0.019724200 -0.194076329 -0.588470817
-0.192317858 0.032199439 0.980804265 1.868893623 -0.015209410 0.999243736 -0.035787091 -0.065744616 -0.981214821 -0.021799950 -0.191682667 -0.591121435
-0.192112029 0.030575935 0.980896592 1.882350564 -0.017078644 0.999258995 -0.034493230 -0.066386759 -0.981224298 -0.023378950 -0.191447467 -0.593360424
-0.191506013 0.026378969 0.981136978 1.895868063 -0.016726293 0.999405861 -0.030134926 -0.066858962 -0.981348932 -0.022181800 -0.190951020 -0.595967770
-0.189956993 0.020916369 0.981569707 1.909330845 -0.017711172 0.999537349 -0.024726782 -0.067636102 -0.981632650 -0.022081772 -0.189498693 -0.598460853
-0.188689888 0.018757738 0.981857598 1.922685862 -0.015322990 0.999639630 -0.022042170 -0.068386823 -0.981917143 -0.019204129 -0.188334480 -0.601000547
-0.187058404 0.023877583 0.982058585 1.935862422 -0.016657723 0.999483705 -0.027474152 -0.068854183 -0.982207537 -0.021498134 -0.186564118 -0.603607297
-0.187434077 0.027867727 0.981881857 1.949282885 -0.017283652 0.999349236 -0.031662807 -0.069462538 -0.982125103 -0.022905195 -0.186830431 -0.606140614
-0.187996790 0.026742507 0.981805444 1.962124467 -0.021242360 0.999284744 -0.031286113 -0.069893092 -0.981939912 -0.026737556 -0.187294260 -0.608252645
-0.187974840 0.024757585 0.981861770 1.975208759 -0.024386026 0.999256492 -0.029864835 -0.070584901 -0.981871009 -0.029557543 -0.187231287 -0.610339880
-0.186843678 0.026294203 0.982037723 1.988013983 -0.017951110 0.999383390 -0.030174039 -0.071305506 -0.982225776 -0.023266491 -0.186256453 -0.612890601
-0.185915887 0.028024286 0.982166052 2.000851393 -0.019353550 0.999294758 -0.032176495 -0.072030492 -0.982375085 -0.024990516 -0.185242429 -0.615233481
-0.186486289 0.029819159 0.982004881 2.014166832 -0.027976308 0.998972714 -0.035647199 -0.072541185 -0.982059121 -0.034120586 -0.185460508 -0.617511630
-0.186319992 0.031046532 0.981998444 2.027090788 -0.034582905 0.998673916 -0.038135335 -0.073211335 -0.981880248 -0.041065734 -0.184999228 -0.619627476
-0.186166167 0.035073407 0.981892049 2.039973259 -0.031793110 0.998624206 -0.041699044 -0.073882438 -0.982003808 -0.038980350 -0.184794933 -0.621944785
-0.185666397 0.035842989 0.981958866 2.052896023 -0.030381756 0.998647273 -0.042196650 -0.074685775 -0.982142985 -0.037668131 -0.184326246 -0.624381304
-0.183418795 0.037144024 0.982332826 2.065886497 -0.029496821 0.998627961 -0.043267753 -0.075495243 -0.982592225 -0.036911815 -0.182071462 -0.626744688
-0.181761965 0.036726750 0.982656598 2.078860998 -0.021771189 0.998907030 -0.041361131 -0.076208286 -0.983101547 -0.028911481 -0.180763707 -0.629140377
-0.178192511 0.033285305 0.983432531 2.091755867 -0.016493125 0.999186218 -0.036806971 -0.077005304 -0.983857393 -0.022778600 -0.177498564 -0.631598651
-0.176331580 0.028449973 0.983919561 2.104650259 -0.012968116 0.999428272 -0.031222468 -0.077728286 -0.984245360 -0.018265089 -0.175861821 -0.633934319
-0.172558397 0.028036306 0.984600186 2.117363930 -0.011223411 0.999473989 -0.030426815 -0.078396112 -0.984935462 -0.016300974 -0.172152936 -0.636176169
-0.167460188 0.032987118 0.985326827 2.129872561 -0.009803206 0.999335051 -0.035122175 -0.079114586 -0.985830069 -0.015540926 -0.167025447 -0.638291478
-0.161047801 0.036018729 0.986289144 2.142338991 -0.008020117 0.999253094 -0.037801746 -0.079809509 -0.986913979 -0.013998043 -0.160638645 -0.640183806
-0.152726278 0.036769085 0.987584293 2.154697180 -0.008405284 0.999223173 -0.038502265 -0.080414742 -0.988232732 -0.014181236 -0.152298599 -0.642077923
-0.142705172 0.032534495 0.989230394 2.167312622 -0.007676594 0.999393106 -0.033976153 -0.081012763 -0.989735484 -0.012442493 -0.142368779 -0.643894553
-0.130951956 0.031172110 0.990898550 2.179644585 -0.002740938 0.999490321 -0.031804625 -0.081735477 -0.991384864 -0.006880869 -0.130799755 -0.645454526
-0.117239147 0.033728339 0.992530763 2.192150116 0.001427489 0.999427795 -0.033794098 -0.082366675 -0.993102789 -0.002545164 -0.117220171 -0.646948457
-0.102719739 0.034830760 0.994100392 2.204536200 0.000772588 0.999389231 -0.034936242 -0.082969889 -0.994709969 -0.002820612 -0.102683909 -0.648093998
-0.088809446 0.034694310 0.995444357 2.216745138 0.004465912 0.999396980 -0.034433648 -0.083740056 -0.996038616 0.001387533 -0.088910811 -0.649252951
-0.074803099 0.036776669 0.996519923 2.229657650 0.005136435 0.999320626 -0.036494460 -0.084341846 -0.997185111 0.002388661 -0.074941173 -0.650300443
-0.061611038 0.042469691 0.997196198 2.241045237 0.001071347 0.999096572 -0.042484418 -0.085161515 -0.998099685 -0.001549166 -0.061600871 -0.650779307
-0.048217986 0.051921621 0.997486413 2.252606869 -0.006656149 0.998609185 -0.052301817 -0.085832536 -0.998814702 -0.009161305 -0.047805320 -0.651327550
-0.034898262 0.059706524 0.997605741 2.264601946 -0.010015067 0.998142779 -0.060089022 -0.086617351 -0.999340653 -0.012088092 -0.034235492 -0.651376665
-0.021669835 0.060060900 0.997959495 2.276567221 -0.011048710 0.998118460 -0.060310382 -0.087452650 -0.999704123 -0.012333078 -0.020965472 -0.651593864
-0.009047594 0.056202561 0.998378336 2.288342476 -0.013496436 0.998321414 -0.056321669 -0.088369928 -0.999867976 -0.013984126 -0.008273873 -0.651669145
0.000441988 0.053730771 0.998555303 2.300148964 -0.018377407 0.998387277 -0.053713586 -0.089307949 -0.999830961 -0.018327123 0.001428707 -0.651222289
0.008616229 0.061025519 0.998099029 2.311640263 -0.024000868 0.997861147 -0.060803775 -0.090065159 -0.999674737 -0.023431342 0.010062465 -0.650799453
0.015958296 0.068459973 0.997526169 2.323588133 -0.025901252 0.997346699 -0.068033278 -0.091006443 -0.999537110 -0.024751481 0.017689152 -0.650612175
0.019149933 0.071172252 0.997280180 2.335192442 -0.028402306 0.997099280 -0.070613958 -0.091903746 -0.999413073 -0.026972802 0.021115838 -0.650278032
0.019933419 0.066974059 0.997555554 2.347385883 -0.030586269 0.997327685 -0.066347554 -0.092746794 -0.999333322 -0.029188974 0.021928634 -0.650192022
0.017853850 0.062783226 0.997867405 2.358966827 -0.032274231 0.997542679 -0.062185325 -0.093722299 -0.999319553 -0.031095158 0.019836258 -0.649860799
0.015115025 0.059609845 0.998107314 2.370745182 -0.030130664 0.997795284 -0.059134908 -0.094681345 -0.999431670 -0.029179810 0.016877783 -0.649653912
0.012358675 0.060144082 0.998113215 2.382501125 -0.028762268 0.997797787 -0.059768938 -0.095495529 -0.999509871 -0.027969334 0.014061337 -0.649634182
0.009023586 0.060093056 0.998151958 2.393949747 -0.027307561 0.997835159 -0.059827108 -0.096322104 -0.999586344 -0.026717238 0.010645044 -0.649503291
0.004485858 0.058787178 0.998260438 2.405402899 -0.027593348 0.997897565 -0.058641821 -0.097205758 -0.999609113 -0.027282290 0.006098561 -0.649396420
-0.000526389 0.059101131 0.998251855 2.416630983 -0.028508233 0.997845292 -0.059092101 -0.097952813 -0.999593437 -0.028489500 0.001159614 -0.649410069
-0.006795750 0.056579299 0.998375058 2.428085089 -0.030027620 0.997936189 -0.056758821 -0.098842882 -0.999525964 -0.030364543 -0.005082784 -0.649309039
-0.012261903 0.054181859 0.998455822 2.439245939 -0.027879529 0.998124123 -0.054506246 -0.099701196 -0.999536097 -0.028504828 -0.010728339 -0.649532497
-0.017960863 0.054189458 0.998369098 2.450374365 -0.028911274 0.998084486 -0.054694120 -0.100466192 -0.999420583 -0.029846482 -0.016359773 -0.649599373
-0.023519358 0.055805739 0.998164594 2.461460829 -0.030731583 0.997928560 -0.056516655 -0.101205304 -0.999250829 -0.032004416 -0.021755641 -0.649750292
-0.027075175 0.058096118 0.997943699 2.472679615 -0.031261384 0.997772217 -0.058934283 -0.102025047 -0.999144375 -0.032792769 -0.025198692 -0.650057733
-0.030226722 0.060339548 0.997720122 2.483484030 -0.031143507 0.997634709 -0.061277896 -0.102852874 -0.999057710 -0.032924730 -0.028276045 -0.650197983
-0.031123662 0.061884727 0.997597873 2.494719505 -0.027863298 0.997639835 -0.062756628 -0.103666842 -0.999127090 -0.029749587 -0.029325889 -0.650705278
-0.030251175 0.060648602 0.997700691 2.505676985 -0.024986967 0.997799635 -0.061412245 -0.104432538 -0.999229968 -0.026787307 -0.028669184 -0.651009381
-0.025748888 0.056351684 0.998079002 2.516480446 -0.020915125 0.998160958 -0.056895912 -0.105367824 -0.999449611 -0.022339953 -0.024522932 -0.651418507
-0.018700078 0.056101162 0.998249948 2.527105331 -0.021236526 0.998177052 -0.056494884 -0.106217757 -0.999599636 -0.022255821 -0.017474592 -0.651463091
-0.007673691 0.056634482 0.998365462 2.537708282 -0.017385837 0.998236418 -0.056760792 -0.107078627 -0.999819398 -0.017792985 -0.006675519 -0.651522160
0.006744948 0.057236977 0.998337805 2.548321962 -0.014812676 0.998256743 -0.057132252 -0.107753873 -0.999867499 -0.014402702 0.007581023 -0.651229799
0.023351666 0.054649919 0.998232424 2.558881521 -0.015346443 0.998406649 -0.054300468 -0.108546481 -0.999609530 -0.014051311 0.024153139 -0.651194632
0.039418776 0.049121991 0.998014629 2.569504738 -0.019516869 0.998638272 -0.048381828 -0.109369755 -0.999032199 -0.017570971 0.040323809 -0.650551617
0.055917189 0.042792849 0.997517943 2.579816103 -0.020901034 0.998912334 -0.041681018 -0.109992050 -0.998216629 -0.018518470 0.056750786 -0.649850726
0.072314173 0.035847947 0.996737480 2.590315342 -0.021871714 0.999170542 -0.034348629 -0.110580772 -0.997142136 -0.019316461 0.073038250 -0.648862958
0.090129659 0.028077556 0.995534182 2.600681782 -0.021460909 0.999425173 -0.026244350 -0.111117236 -0.995698810 -0.018999675 0.090680420 -0.647781789
0.106900595 0.022712301 0.994010329 2.610920429 -0.023407036 0.999519467 -0.020320877 -0.111513302 -0.993994117 -0.021094522 0.107380860 -0.646517992
0.124912158 0.020033944 0.991965532 2.621122599 -0.024119779 0.999561965 -0.017150108 -0.112054676 -0.991874576 -0.021783734 0.125340655 -0.644953132
0.142991617 0.018678453 0.989547670 2.631130457 -0.022848317 0.999617755 -0.015566912 -0.112385206 -0.989460170 -0.020383559 0.143363714 -0.643401623
0.159726396 0.017904026 0.986999035 2.640968084 -0.023624483 0.999618471 -0.014309784 -0.112732664 -0.986878514 -0.021031691 0.160088494 -0.641456962
0.176171139 0.017395824 0.984205842 2.650564194 -0.028715514 0.999509096 -0.012526284 -0.112991191 -0.983940542 -0.026055207 0.176584214 -0.639609337
0.189697713 0.013851915 0.981744826 2.660273790 -0.030987527 0.999486744 -0.008114674 -0.113288678 -0.981353402 -0.028882515 0.190029606 -0.637347341
0.201597884 0.010004302 0.979417324 2.670193434 -0.027918508 0.999600172 -0.004463867 -0.113540716 -0.979070306 -0.026443966 0.201796621 -0.635107398
0.212288871 0.008831351 0.977167010 2.679353476 -0.026243079 0.999650061 -0.003333254 -0.113843948 -0.976854622 -0.024936257 0.212446347 -0.633069932
0.221930102 0.012733169 0.974979401 2.688756943 -0.031608451 0.999483228 -0.005858299 -0.114136875 -0.974550188 -0.029517461 0.222217843 -0.630715251
0.231508151 0.020024087 0.972626865 2.697664499 -0.035374921 0.999300182 -0.012153164 -0.114425085 -0.972189605 -0.031593043 0.232054502 -0.628434360
0.240081102 0.029915169 0.970291793 2.706759214 -0.035160262 0.999137223 -0.022104736 -0.114661686 -0.970115960 -0.028808776 0.240925759 -0.625901043
0.248695046 0.035941344 0.967914760 2.715722322 -0.030032121 0.999116957 -0.029383551 -0.114883915 -0.968116045 -0.021760987 0.249554843 -0.623702645
0.254822373 0.033916209 0.966392875 2.724915504 -0.028876245 0.999205947 -0.027453603 -0.115205273 -0.966556668 -0.020910004 0.255599409 -0.621151268
0.260311961 0.026715521 0.965154886 2.734367847 -0.032136869 0.999303043 -0.018993098 -0.115474060 -0.964989603 -0.026072925 0.260989070 -0.618266881
0.264298439 0.016308891 0.964303017 2.743551254 -0.036936782 0.999294639 -0.006776968 -0.115766175 -0.963733375 -0.033827111 0.264714420 -0.615452111
0.266482443 0.008357779 0.963803530 2.752721786 -0.037523091 0.999294281 0.001709233 -0.116073184 -0.963109136 -0.036620360 0.266608000 -0.612785101
0.266733646 0.007724040 0.963739336 2.762136936 -0.034161866 0.999415278 0.001444991 -0.116266087 -0.963164628 -0.033308562 0.266841531 -0.609983265
0.267725408 0.010372294 0.963439465 2.771200180 -0.031274114 0.999508679 -0.002070001 -0.116312437 -0.962987602 -0.029576523 0.267918348 -0.607339680
0.269576669 0.009325410 0.962933719 2.780760050 -0.027551558 0.999618471 -0.001967522 -0.116494931 -0.962584734 -0.025999928 0.269730747 -0.604801476
0.270358860 0.008300073 0.962723851 2.790196657 -0.031103309 0.999516129 0.000117375 -0.116337769 -0.962257087 -0.029975638 0.270486206 -0.601821363
0.273852736 0.004196277 0.961762488 2.799442530 -0.030457864 0.999526739 0.004311542 -0.116529696 -0.961289227 -0.030473951 0.273850918 -0.599318862
0.277167261 -0.000647984 0.960821450 2.809267282 -0.030420097 0.999492586 0.009449323 -0.116648056 -0.960340023 -0.031847328 0.277006924 -0.596465170
0.281499803 -0.004168533 0.959552169 2.818385601 -0.027744429 0.999537110 0.012481505 -0.116803192 -0.959160030 -0.030135771 0.281253904 -0.593734503
0.287302554 -0.005910934 0.957821548 2.827950954 -0.026533857 0.999548018 0.014127378 -0.116701931 -0.957472265 -0.029473532 0.287015915 -0.590770841
0.295249283 -0.009236488 0.955375612 2.837369442 -0.024770558 0.999543130 0.017318588 -0.116763115 -0.955099106 -0.028778488 0.294885606 -0.587728918
0.304859638 -0.010949190 0.952334464 2.846808910 -0.022170616 0.999581337 0.018589618 -0.116738096 -0.952139258 -0.026781065 0.304489225 -0.584591329
0.316163212 -0.009326685 0.948658884 2.856157303 -0.023550980 0.999566317 0.017676104 -0.116914183 -0.948412418 -0.027930381 0.315806478 -0.581424832
0.327354759 -0.005723457 0.944884121 2.865628481 -0.024394253 0.999597132 0.014506249 -0.116928875 -0.944586575 -0.027798433 0.327083230 -0.577850997
0.339512229 -0.002538570 0.940598190 2.875170469 -0.025687708 0.999598324 0.011969877 -0.116884351 -0.940250754 -0.028225733 0.339310706 -0.574412584
0.351026535 -0.002428485 0.936362386 2.884695053 -0.024187177 0.999639452 0.011659964 -0.116881624 -0.936053038 -0.026740918 0.350841254 -0.570681810
0.362617552 -0.005651520 0.931920826 2.894258022 -0.023144633 0.999618590 0.015067818 -0.116886750 -0.931650579 -0.027032819 0.362348408 -0.566984117
0.373744398 -0.006255928 0.927510560 2.903757572 -0.025057456 0.999544144 0.016838791 -0.116860166 -0.927193165 -0.029534457 0.373417258 -0.562948585
0.385049582 -0.007404392 0.922866166 2.913343191 -0.026093591 0.999480784 0.018906176 -0.116863593 -0.922526956 -0.031360704 0.384656370 -0.558844626
0.394135773 -0.008478866 0.919013262 2.923078775 -0.029411905 0.999328911 0.021833701 -0.116703399 -0.918581486 -0.035635360 0.393621922 -0.554347098
0.401238471 -0.006560408 0.915950239 2.932586193 -0.033282176 0.999209642 0.021736240 -0.116433837 -0.915368736 -0.039206233 0.400702983 -0.549951434
