1.000000000 0.000000000 0.000000000 0.000000000 0.000000000 1.000000000 0.000000000 0.000000000 0.000000000 0.000000000 1.000000000 0.000000000
0.998694777 -0.009613805 -0.050162569 -0.004385080 0.009066142 0.999896884 -0.011133931 -0.000833952 0.050264444 0.010664619 0.998678982 0.074417405
0.997066438 -0.017286854 -0.074563608 -0.007441296 0.016072281 0.999728680 -0.016858544 -0.001347013 0.074834816 0.015610680 0.997073710 0.113323614
0.994853079 -0.020836126 -0.099162295 -0.012202606 0.018733844 0.999580681 -0.022084663 -0.001708617 0.099580862 0.020113302 0.994826138 0.155294552
0.992569089 -0.019658474 -0.120083675 -0.018987490 0.016725013 0.999537766 -0.025387753 -0.002950493 0.120527253 0.023190703 0.992439091 0.195205465
0.990263402 -0.014195362 -0.138480812 -0.027107088 0.010455370 0.999561667 -0.027697481 -0.004240861 0.138813287 0.025979934 0.989977717 0.238633096
0.987950802 -0.011612664 -0.154332116 -0.035812501 0.007109477 0.999533534 -0.029698532 -0.005794453 0.154605016 0.028243462 0.987572551 0.283452719
0.985503256 -0.012433613 -0.169201121 -0.044521362 0.007198820 0.999477327 -0.031516660 -0.007398314 0.169504553 0.029841721 0.985077500 0.330382466
0.982930064 -0.016226020 -0.183262557 -0.054114621 0.010311225 0.999396086 -0.033181939 -0.008871887 0.183690324 0.030725868 0.982503772 0.378548861
0.979950249 -0.021645617 -0.198062927 -0.064466089 0.015208282 0.999307275 -0.033965278 -0.010934601 0.198660940 0.030272091 0.979600608 0.428934485
0.976837397 -0.021941498 -0.212854788 -0.076423705 0.015185881 0.999329329 -0.033321496 -0.013469771 0.213443130 0.029317297 0.976515472 0.480254620
0.973791122 -0.021013420 -0.226471409 -0.090368614 0.013113821 0.999253809 -0.036329605 -0.015069442 0.227065817 0.032407545 0.973339975 0.532987297
0.970187366 -0.023040965 -0.241258636 -0.103861474 0.013711195 0.999094427 -0.040279064 -0.017253270 0.241968229 0.035770293 0.969624519 0.586437821
0.966465294 -0.027303735 -0.255341619 -0.119420111 0.016961589 0.998947442 -0.042618245 -0.019823600 0.256236523 0.036858048 0.965911090 0.642733514
0.962804854 -0.029295523 -0.268604934 -0.136148125 0.018127080 0.998868585 -0.043966185 -0.022188947 0.269589007 0.037461832 0.962246537 0.698878288
0.959469438 -0.029114444 -0.280304551 -0.154238015 0.017103966 0.998831451 -0.045199715 -0.025160242 0.281293005 0.038573429 0.958846331 0.759705484
0.956625223 -0.032870702 -0.289460957 -0.171353504 0.020002492 0.998680234 -0.047303237 -0.029082641 0.290633798 0.039461527 0.956020355 0.818970859
0.954952300 -0.034307342 -0.294769704 -0.191361010 0.019569308 0.998413086 -0.052804444 -0.031956356 0.296113491 0.044657286 0.954108357 0.881811917
0.954633176 -0.033342510 -0.295911819 -0.211895317 0.016827589 0.998163998 -0.058183290 -0.035313353 0.297308564 0.050564215 0.953441560 0.943564534
0.955056906 -0.028744252 -0.295025617 -0.232348680 0.011082198 0.998053908 -0.061364774 -0.039815836 0.296215326 0.055337325 0.953516781 1.008592963
0.955897808 -0.029354811 -0.292228580 -0.251941651 0.011336015 0.997938812 -0.063163675 -0.044321667 0.293480396 0.057065312 0.954260349 1.074551225
0.957174480 -0.029920284 -0.287961513 -0.273295134 0.011896016 0.997869968 -0.064140476 -0.048689581 0.289267242 0.057968035 0.955491602 1.144309282
0.958700657 -0.025123261 -0.283305526 -0.295298904 0.007229802 0.997921824 -0.064029217 -0.054072686 0.284325391 0.059336603 0.956889868 1.213858962
0.960489333 -0.019920928 -0.277602941 -0.317680955 0.002258085 0.997960031 -0.063801296 -0.058889523 0.278307617 0.060653608 0.958575010 1.285434246
0.962063789 -0.014347756 -0.272447228 -0.338133961 -0.002988370 0.998002172 -0.063109800 -0.063979559 0.272808403 0.061529834 0.960098803 1.357279301
0.964235246 -0.011479707 -0.264799505 -0.360454410 -0.005201143 0.998049736 -0.062207237 -0.069545880 0.264997125 0.061359674 0.962294996 1.430699468
0.965832412 -0.009869060 -0.258979410 -0.381731212 -0.006530083 0.998030782 -0.062385622 -0.074630596 0.259085119 0.061945211 0.963865936 1.507912159
0.967304707 -0.008870648 -0.253461838 -0.400882065 -0.006980104 0.998078465 -0.061569396 -0.079799280 0.253520906 0.061325558 0.965384007 1.582239747
0.968707085 -0.010467629 -0.247986302 -0.422985643 -0.004549054 0.998193741 -0.059904214 -0.085168004 0.248165458 0.059157725 0.966909647 1.660496593
0.969742537 -0.008183502 -0.243992254 -0.444440603 -0.006958290 0.998105407 -0.061132077 -0.089934155 0.244030222 0.060980145 0.967848420 1.736064672
0.970176816 -0.009329024 -0.242218703 -0.464631885 -0.006695682 0.997846365 -0.065250665 -0.096207723 0.242305771 0.064926498 0.968025029 1.818778515
0.970634758 -0.005350766 -0.240498573 -0.485905558 -0.011582061 0.997553647 -0.068938553 -0.101184100 0.240279108 0.069699630 0.968198180 1.898670077
0.971421123 -0.002080646 -0.237353578 -0.506601334 -0.014316350 0.997627437 -0.067338012 -0.107632488 0.236930534 0.068811595 0.969086647 1.980348229
0.972158134 -0.003339464 -0.234302506 -0.526498318 -0.012531817 0.997726679 -0.066216856 -0.114017442 0.233990982 0.067309499 0.969906032 2.062680006
0.972923994 0.000252686 -0.231125236 -0.548550904 -0.015698928 0.997762144 -0.064993948 -0.119879305 0.230591595 0.066862598 0.970750690 2.143317461
0.973149538 -0.005430374 -0.230109662 -0.568400323 -0.010238811 0.997710884 -0.066845700 -0.125854522 0.229945853 0.067406908 0.970866323 2.233439922
0.973579705 -0.010526412 -0.228104919 -0.588265598 -0.005071441 0.997693777 -0.067686349 -0.131377205 0.228291348 0.067054875 0.971280992 2.318812132
0.973923028 -0.010884197 -0.226617396 -0.610942245 -0.004831884 0.997627020 -0.068680763 -0.138885498 0.226827160 0.067984760 0.971559286 2.406942129
0.973929346 -0.007017423 -0.226742730 -0.631625175 -0.008131208 0.997799277 -0.065806746 -0.145356670 0.226705536 0.065934815 0.971728981 2.493900061
0.974066556 -0.004931801 -0.226207390 -0.653477252 -0.009180672 0.998077631 -0.061292905 -0.151935250 0.226074800 0.061780106 0.972148836 2.583412409
0.974124014 -0.000850385 -0.226012647 -0.676577985 -0.012923453 0.998147309 -0.059456203 -0.157370955 0.225644469 0.060838573 0.972308278 2.672633648
0.973874748 -0.000513682 -0.227085382 -0.697524667 -0.013054666 0.998216927 -0.058244064 -0.164529175 0.226710379 0.059686951 0.972131610 2.763067007
0.973314404 -0.003587817 -0.229447708 -0.718887806 -0.010084102 0.998243093 -0.058385912 -0.171176583 0.229254097 0.059141625 0.971568227 2.853428364
0.972614706 -0.004007458 -0.232389078 -0.739876568 -0.009633465 0.998296976 -0.057534035 -0.178212285 0.232223883 0.058197156 0.970919788 2.940383673
0.971406758 -0.003557485 -0.237394705 -0.760199070 -0.009350888 0.998538673 -0.053226985 -0.185041934 0.237237141 0.053924896 0.969953954 3.027160883
0.970309734 -0.004429610 -0.241825208 -0.781412482 -0.008618788 0.998564065 -0.052873489 -0.190978840 0.241712183 0.053387892 0.968878210 3.114567757
0.969860852 -0.002491220 -0.243647099 -0.804696500 -0.010943806 0.998493254 -0.053772163 -0.196844846 0.243413970 0.054817937 0.968372166 3.200264931
0.969532251 0.001211244 -0.244960815 -0.826862812 -0.015047847 0.998393655 -0.054621279 -0.202840954 0.244501173 0.056643225 0.967993140 3.284532070
0.969251513 0.004366807 -0.246033415 -0.850263238 -0.017608605 0.998510182 -0.051646903 -0.208482549 0.245441332 0.054391153 0.967884362 3.370150089
0.969198167 0.005195092 -0.246227384 -0.872252584 -0.018055044 0.998586118 -0.049999163 -0.214653239 0.245619491 0.052904747 0.967921495 3.453083038
0.969423115 0.003656729 -0.245367825 -0.893383503 -0.016008163 0.998701453 -0.048362885 -0.220031172 0.244872406 0.050811999 0.968222857 3.534435749
0.969777822 0.004106109 -0.243955404 -0.913991988 -0.015996996 0.998777032 -0.046780847 -0.226107806 0.243464991 0.049269579 0.968657494 3.614545345
0.970018804 0.001383688 -0.243025959 -0.933391631 -0.012637929 0.998917937 -0.044755869 -0.231153369 0.242701083 0.046485379 0.968986690 3.690482855
0.970022500 -0.004367444 -0.242975891 -0.951904118 -0.006768156 0.998965025 -0.044976421 -0.236008689 0.242920861 0.045272641 0.968989134 3.764348269
0.969995737 -0.005362938 -0.243062615 -0.970399678 -0.005626443 0.998993754 -0.044495396 -0.240488410 0.243056715 0.044527918 0.968989491 3.835324764
0.969732225 -0.004631357 -0.244126916 -0.988044620 -0.006119935 0.999045014 -0.043262873 -0.244819447 0.244094148 0.043447446 0.968777776 3.903919935
0.969522119 -0.002237832 -0.244993359 -1.005348682 -0.008207995 0.999100268 -0.041607868 -0.250050664 0.244866043 0.042350654 0.968631506 3.968655586
0.969313562 -0.005830532 -0.245758340 -1.021290302 -0.004622797 0.999109685 -0.041936651 -0.253595024 0.245784014 0.041785855 0.968423605 4.030035496
0.969069242 -0.005460963 -0.246728241 -1.036559820 -0.005633329 0.999005139 -0.044237394 -0.257939219 0.246724352 0.044259008 0.968074501 4.088862896
0.968899310 -0.003956503 -0.247423351 -1.052152634 -0.007532627 0.998937190 -0.045471273 -0.261769593 0.247340307 0.045920830 0.967839956 4.144775391
0.968647540 -0.000155774 -0.248439044 -1.067668796 -0.011796929 0.998842955 -0.046621740 -0.265928686 0.248158857 0.048090849 0.967525005 4.198321342
0.968392730 -0.001486212 -0.249425858 -1.082843304 -0.011172712 0.998720109 -0.049328815 -0.269830406 0.249179959 0.050556432 0.967136681 4.251911163
0.967962980 -0.003190354 -0.251072824 -1.095645308 -0.009516216 0.998734832 -0.049378760 -0.273855984 0.250912696 0.050186072 0.966707885 4.302796364
0.967669487 -0.002221842 -0.252211839 -1.107784033 -0.010163378 0.998805523 -0.047793068 -0.276608169 0.252016783 0.048811220 0.966491103 4.354661465
0.967701077 0.002054543 -0.252092123 -1.122788668 -0.014259059 0.998812079 -0.046595678 -0.279681504 0.251696944 0.048685290 0.966580868 4.404560566
0.967392147 0.004729029 -0.253239214 -1.136289120 -0.016854553 0.998811364 -0.045733653 -0.283161789 0.252721936 0.048510607 0.966322064 4.453054905
0.967313707 0.004639209 -0.253540158 -1.150099516 -0.016799243 0.998808563 -0.045817029 -0.286664367 0.253025532 0.048578724 0.966239214 4.502663136
0.967500806 0.006734675 -0.252777755 -1.162501812 -0.018851230 0.998784542 -0.045542348 -0.288748831 0.252163798 0.048827440 0.966451883 4.549286366
0.967834413 0.008152075 -0.251456082 -1.175809264 -0.019968558 0.998810828 -0.044476468 -0.292412817 0.250794470 0.048067078 0.966846347 4.597120762
0.968071997 0.010388732 -0.250456840 -1.187802076 -0.021204147 0.998953581 -0.040523067 -0.295619726 0.249773800 0.044539966 0.967279434 4.642884254
0.968227148 0.011328811 -0.249815643 -1.199815512 -0.020784961 0.999162555 -0.035246950 -0.298000216 0.249207124 0.039319467 0.967651725 4.688403130
0.968517780 0.010869252 -0.248706922 -1.211678982 -0.019132594 0.999341428 -0.030832138 -0.300396085 0.248208001 0.034619879 0.968088031 4.732812405
0.968374252 0.017086137 -0.248916522 -1.223624825 -0.025194695 0.999249339 -0.029425863 -0.302458346 0.248226896 0.034766622 0.968077898 4.778312206
0.968471646 0.023295719 -0.248032272 -1.237136602 -0.031354118 0.999099433 -0.028588384 -0.305141449 0.247142881 0.035463873 0.968329847 4.821168900
0.968338847 0.022953674 -0.248581976 -1.248604417 -0.031369708 0.999059081 -0.029947601 -0.307423472 0.247660637 0.036797367 0.968147814 4.865548134
0.968335271 0.017001148 -0.249073640 -1.261175752 -0.026524050 0.999037802 -0.034926996 -0.308834583 0.248240143 0.040427491 0.967854559 4.910555840
0.968450785 0.011510052 -0.248938859 -1.271224499 -0.020927278 0.999160588 -0.035216082 -0.311536938 0.248324588 0.039314650 0.967878759 4.954571247
0.969117939 0.015018563 -0.246139959 -1.283366323 -0.023939628 0.999158919 -0.033291593 -0.313134313 0.245432928 0.038155973 0.968662441 4.999829292
0.969944656 0.022192782 -0.242311493 -1.296847820 -0.030542111 0.999060273 -0.030754767 -0.314594328 0.241401210 0.037231125 0.969710886 5.046586990
0.970867813 0.025500035 -0.238254815 -1.307990551 -0.032520313 0.999143660 -0.025580727 -0.316639781 0.237398446 0.032583628 0.970865667 5.093306065
0.972563863 0.022623053 -0.231533229 -1.318868160 -0.027912552 0.999418318 -0.019594796 -0.318523675 0.230955228 0.025519880 0.972629547 5.142275810
0.974101722 0.020389644 -0.225188911 -1.329728484 -0.024930777 0.999538779 -0.017340435 -0.320380688 0.224731520 0.022505486 0.974160790 5.190052509
0.975329340 0.015708443 -0.220194936 -1.340252995 -0.020072158 0.999643683 -0.017594045 -0.322159767 0.219840124 0.021579780 0.975297272 5.239085674
0.976486206 0.011298109 -0.215283558 -1.350498080 -0.015671598 0.999703825 -0.018618874 -0.323449671 0.215009406 0.021554912 0.976374090 5.288993835
0.977837205 0.011241104 -0.209064424 -1.362183452 -0.015092032 0.999744356 -0.016833667 -0.325007677 0.208821699 0.019615794 0.977757037 5.340024948
0.978840411 0.011803119 -0.204284087 -1.372207522 -0.015627213 0.999731362 -0.017116360 -0.325923294 0.204027191 0.019946579 0.978761911 5.390913010
0.979904354 0.012380573 -0.199082971 -1.383332729 -0.016362052 0.999697387 -0.018366322 -0.327630341 0.198795334 0.021254644 0.979810476 5.442772388
0.980870605 0.009873491 -0.194410250 -1.394454479 -0.013981568 0.999706745 -0.019770125 -0.328781575 0.194158062 0.022110092 0.980720937 5.496079445
0.981426418 0.005275692 -0.191767007 -1.402966261 -0.009462255 0.999736309 -0.020922285 -0.330688506 0.191606075 0.022348229 0.981217444 5.547768116
0.981853068 0.003320390 -0.189614266 -1.412922144 -0.007426348 0.999752998 -0.020947849 -0.331523031 0.189497873 0.021975851 0.981635273 5.602780342
0.982282758 0.003600494 -0.187370241 -1.424336553 -0.007100494 0.999812543 -0.018011782 -0.333594143 0.187270269 0.019023091 0.982124209 5.659543514
0.982663691 0.004626853 -0.185339853 -1.436428189 -0.007196299 0.999886990 -0.013193113 -0.335659564 0.185257882 0.014298152 0.982585907 5.716149807
0.982711673 0.003573911 -0.185107931 -1.446167231 -0.005570407 0.999931693 -0.010266648 -0.336671293 0.185058594 0.011120281 0.982664526 5.773436069
0.982720077 0.002906410 -0.185075223 -1.456810236 -0.004689109 0.999946713 -0.009195320 -0.337865025 0.185038611 0.009904263 0.982681334 5.829881668
0.982525706 0.001965198 -0.186117157 -1.467913151 -0.003586909 0.999958456 -0.008377050 -0.339605689 0.186092988 0.008898253 0.982491851 5.887780190
0.981966555 0.001558660 -0.189048305 -1.480212927 -0.003260842 0.999956906 -0.008693254 -0.341344863 0.189026609 0.009152940 0.981929302 5.948379040
0.981311321 -0.000607397 -0.192425534 -1.493320942 -0.001404109 0.999945819 -0.010316890 -0.342378885 0.192421362 0.010394268 0.981257319 6.007405758
0.980143130 -0.001888621 -0.198282599 -1.504716873 0.000034101 0.999956131 -0.009355910 -0.344088733 0.198291600 0.009163369 0.980100214 6.067621231
0.978861392 -0.002200507 -0.204512805 -1.517642021 0.000784943 0.999975085 -0.007002508 -0.344948053 0.204523101 0.006693953 0.978838861 6.127774239
0.977625370 0.001428115 -0.210348785 -1.533271909 -0.001740423 0.999997616 -0.001299605 -0.346278936 0.210346416 0.001636623 0.977625608 6.187789440
0.975752413 0.003298956 -0.218852296 -1.544506788 -0.002717652 0.999991894 0.002957125 -0.347443044 0.218860254 -0.002290658 0.975753605 6.246090412
0.973719954 0.000033359 -0.227748767 -1.559722066 0.000906224 0.999991477 0.004020949 -0.348696828 0.227746978 -0.004121670 0.973711550 6.305484772
0.971090078 -0.002267529 -0.238702521 -1.575068116 0.003323079 0.999986470 0.004019695 -0.350787044 0.238690168 -0.004696713 0.971084356 6.363736629
0.967907548 -0.003621385 -0.251280487 -1.591283560 0.003780896 0.999992847 0.000152019 -0.350752443 0.251278132 -0.001097205 0.967914343 6.421103477
0.964116991 -0.002389841 -0.265466958 -1.607980728 0.002132637 0.999996901 -0.001257114 -0.351368964 0.265469164 0.000645860 0.964119136 6.478540421
0.959769011 -0.002410700 -0.280780137 -1.625706077 0.002231671 0.999997079 -0.000957347 -0.351565808 0.280781597 0.000292224 0.959771633 6.535921574
0.955137372 -0.001473355 -0.296159476 -1.644131780 0.002905711 0.999986053 0.004396346 -0.353203923 0.296148866 -0.005059668 0.955128372 6.592095852
0.950490177 0.000729261 -0.310753703 -1.664375305 0.002381940 0.999950707 0.009632180 -0.353847265 0.310745358 -0.009895490 0.950441658 6.647225857
0.945077419 0.004896700 -0.326809734 -1.684607506 -0.000360076 0.999902666 0.013940603 -0.354552656 0.326846182 -0.013057277 0.944987297 6.703272820
0.939680636 0.006842272 -0.341984421 -1.708093762 -0.001942276 0.999890447 0.014668516 -0.354367375 0.342047274 -0.013119495 0.939591110 6.757923126
0.933198988 0.004263638 -0.359334707 -1.728610754 0.000243603 0.999921799 0.012497082 -0.355292499 0.359359920 -0.011749801 0.933125079 6.810853481
0.926767588 0.003416891 -0.375619620 -1.751513958 -0.000370888 0.999966443 0.008181280 -0.355606198 0.375634968 -0.007442834 0.926737845 6.864680767
0.921237350 0.004016672 -0.388980329 -1.776757717 -0.002603686 0.999987841 0.004159620 -0.355967402 0.388992399 -0.002819215 0.921236694 6.918690205
0.916210890 0.007845377 -0.400619507 -1.800894499 -0.007056029 0.999969125 0.003445477 -0.356111228 0.400634229 -0.000330001 0.916238010 6.971067429
0.912595451 0.012472811 -0.408673495 -1.827611685 -0.010306150 0.999918699 0.007503429 -0.355540752 0.408733904 -0.002635744 0.912649751 7.026433468
0.910254061 0.019582435 -0.413586676 -1.853102565 -0.014199431 0.999769747 0.016085714 -0.354951710 0.413806438 -0.008769391 0.910322666 7.082020283
0.910880327 0.023425136 -0.412005246 -1.879091859 -0.015303721 0.999618292 0.023000525 -0.355729133 0.412386775 -0.014645514 0.910891116 7.135696888
0.912236810 0.024072696 -0.408955574 -1.904897213 -0.016153263 0.999609292 0.022808570 -0.355166376 0.409344882 -0.014200852 0.912269115 7.191308498
0.915445030 0.023031017 -0.401783437 -1.930004597 -0.017285002 0.999689937 0.017921120 -0.354976535 0.402071595 -0.009460973 0.915559351 7.245094776
0.919035852 0.022921374 -0.393507153 -1.952314019 -0.018874403 0.999721706 0.014151577 -0.355597198 0.393722087 -0.005578594 0.919212639 7.300844193
0.923796952 0.020992205 -0.382306725 -1.975300670 -0.017520297 0.999767601 0.012560936 -0.354096472 0.382481635 -0.004905628 0.923950016 7.358105659
0.929648638 0.023644213 -0.367687911 -1.998400927 -0.019274086 0.999693215 0.015553501 -0.355470181 0.367942870 -0.007372442 0.929819107 7.415945053
0.935295582 0.022597825 -0.353145093 -2.019792795 -0.017176881 0.999681652 0.018477300 -0.354616731 0.353450298 -0.011215807 0.935386062 7.474419117
0.940998256 0.018847667 -0.337886333 -2.041859865 -0.012934838 0.999721348 0.019742602 -0.352675647 0.338164300 -0.014207248 0.940979898 7.534194946
0.946220279 0.018871365 -0.322972268 -2.061529636 -0.011849989 0.999648988 0.023692563 -0.352607906 0.323306084 -0.018591162 0.946111858 7.593620777
0.951296985 0.021883313 -0.307498217 -2.080907345 -0.013266068 0.999459207 0.030086387 -0.353076756 0.307990313 -0.024541799 0.951072872 7.654780388
0.955954075 0.027193310 -0.292253703 -2.101121426 -0.016821222 0.999138176 0.037944980 -0.352022022 0.293033630 -0.031357598 0.955587745 7.717000484
0.960151911 0.026058279 -0.278261125 -2.118720531 -0.014152681 0.998899877 0.044709392 -0.351139694 0.279120028 -0.038989667 0.959464312 7.779048920
0.962887824 0.023211813 -0.268901885 -2.136033773 -0.010682330 0.998791814 0.047965027 -0.348596454 0.269690394 -0.043312442 0.961972535 7.843222141
0.965115249 0.016865909 -0.261281490 -2.152998686 -0.004964425 0.998922467 0.046143692 -0.345439225 0.261778176 -0.043236870 0.964159131 7.907456875
0.966526449 0.017906198 -0.255941153 -2.169266701 -0.006360862 0.998927236 0.045866199 -0.343594849 0.256487966 -0.042702895 0.965603650 7.972402096
0.967745304 0.018927254 -0.251219004 -2.186824322 -0.006248371 0.998670340 0.051171508 -0.340470314 0.251853526 -0.047951277 0.966576695 8.037142754
0.968545973 0.022883009 -0.247780353 -2.204533100 -0.008127691 0.998140574 0.060410041 -0.337763131 0.248701990 -0.056496017 0.966931045 8.105004311
0.969476163 0.020603631 -0.244318411 -2.221201181 -0.004324257 0.997744799 0.066981882 -0.334541917 0.245147467 -0.063880846 0.967378914 8.172782898
0.970264733 0.018406613 -0.241345331 -2.238079786 -0.002346194 0.997772694 0.066664591 -0.331069708 0.242034823 -0.064116061 0.968146861 8.240916252
0.971319079 0.015849592 -0.237250865 -2.254918814 -0.000374219 0.997876704 0.065131262 -0.327218950 0.237779394 -0.063174456 0.969262540 8.310659409
0.972362280 0.016959967 -0.232860386 -2.272660732 -0.001209817 0.997710764 0.067614608 -0.323144913 0.233474031 -0.065464176 0.970156848 8.380311966
0.973320603 0.019598912 -0.228610381 -2.290038109 -0.002504077 0.997193158 0.074828781 -0.318183601 0.229435280 -0.072259940 0.970637918 8.452327728
0.974533319 0.022464009 -0.223114729 -2.307191372 -0.003228201 0.996271908 0.086207986 -0.314599514 0.224219531 -0.083292298 0.970972717 8.523961067
0.975852072 0.024929252 -0.217005610 -2.324597836 -0.005620934 0.996002972 0.089142434 -0.308829725 0.218360513 -0.085770063 0.972091615 8.595710754
0.977208853 0.024460411 -0.210865825 -2.340362072 -0.005347851 0.995860517 0.090736322 -0.303819358 0.212212399 -0.087540686 0.973294675 8.670236588
0.978383183 0.025547547 -0.205215856 -2.355522394 -0.006642655 0.995710135 0.092287675 -0.297517240 0.206693232 -0.088929534 0.974355876 8.743144989
0.979883313 0.027079379 -0.197725207 -2.372347116 -0.008062029 0.995313883 0.096359149 -0.291755259 0.199407995 -0.092826672 0.975509942 8.818968773
0.981019914 0.025806658 -0.192181617 -2.387203455 -0.006094628 0.994718194 0.102462493 -0.285532594 0.193810746 -0.099346459 0.975995719 8.894968033
0.982081354 0.022438223 -0.187116891 -2.400704861 -0.002923863 0.994581401 0.103919916 -0.279200673 0.188434750 -0.101510696 0.976825416 8.971664429
0.983213246 0.018005207 -0.181569740 -2.415419817 0.000741151 0.994716883 0.102653615 -0.272673786 0.182458773 -0.101064965 0.978005469 9.047286034
0.984008372 0.016375795 -0.177368119 -2.429752588 0.001973326 0.994701624 0.102785133 -0.266093314 0.178111568 -0.101491421 0.978762388 9.124613762
0.984642744 0.016494585 -0.173800305 -2.443807364 0.001894669 0.994458437 0.105113491 -0.259583294 0.174570963 -0.103828534 0.979155064 9.200169563
0.985010862 0.017342519 -0.171618640 -2.457831860 0.001834484 0.993823528 0.110957585 -0.252175689 0.172482923 -0.109609261 0.978895068 9.278921127
0.985240281 0.020178284 -0.169983134 -2.470473528 -0.000363545 0.993272305 0.115801789 -0.245879650 0.171176240 -0.114030801 0.978619277 9.354809761
0.985274553 0.016961282 -0.170136437 -2.481698513 0.003109270 0.993125558 0.117012963 -0.239400387 0.170951545 -0.115818888 0.978448510 9.431780815
0.985494554 0.014630101 -0.169075161 -2.498182297 0.004981183 0.993354261 0.114989094 -0.229693294 0.169633806 -0.114163332 0.978872359 9.511047363
0.985338151 0.014359870 -0.170007110 -2.512162447 0.005108406 0.993521750 0.113526747 -0.221446395 0.170535997 -0.112730689 0.978881657 9.589597702
0.985197067 0.011559274 -0.171035543 -2.525899172 0.008552205 0.993167400 0.116384573 -0.213791490 0.171212256 -0.116124474 0.978366673 9.668972969
0.984658957 0.008533838 -0.174281359 -2.539116383 0.012982405 0.992452025 0.121944599 -0.205841064 0.174006522 -0.122336417 0.977115989 9.748880386
0.984163225 0.006446470 -0.177147225 -2.554430485 0.016335418 0.991788030 0.126845047 -0.196546555 0.176510200 -0.127729982 0.975976050 9.831300735
0.983463526 0.005581031 -0.181020096 -2.569552422 0.018081104 0.991505504 0.128801897 -0.188335538 0.180201232 -0.129945025 0.975008667 9.910789490
0.982463419 0.002889882 -0.186432526 -2.585651398 0.021470312 0.991475344 0.128513202 -0.178704500 0.185214609 -0.130262345 0.974026263 9.993432045
0.981120825 -0.000692661 -0.193394467 -2.602211237 0.026016690 0.991376400 0.128436074 -0.168420076 0.191637784 -0.131042823 0.972678125 10.075126648
0.979546666 0.001790290 -0.201209173 -2.619544029 0.025396820 0.990863502 0.132455707 -0.159372449 0.199607939 -0.134856611 0.970551550 10.158022881
0.978092968 0.001026669 -0.208166286 -2.638652086 0.027400970 0.990652025 0.133632421 -0.150282025 0.206357569 -0.136408880 0.968921661 10.241029739
0.976371109 -0.000554020 -0.216099635 -2.655924082 0.030260716 0.990494370 0.134183168 -0.139851451 0.213971153 -0.137551919 0.967106938 10.324041367
0.975009501 0.001342164 -0.222159192 -2.677274227 0.029525846 0.990328252 0.135565698 -0.129867554 0.220192492 -0.138737291 0.965539873 10.406724930
0.973429501 -0.000114895 -0.228986919 -2.696516037 0.032731812 0.989800811 0.138647139 -0.120274544 0.226635501 -0.142458394 0.963505030 10.491165161
0.971924901 -0.004162802 -0.235254735 -2.717072487 0.037847020 0.989590108 0.138849467 -0.110058546 0.232227787 -0.143854901 0.961964667 10.575448036
0.970282972 -0.006690801 -0.241880462 -2.738534689 0.040508907 0.990001738 0.135113060 -0.098828673 0.238558069 -0.140896216 0.960852921 10.661527634
0.969001770 -0.008673830 -0.246901333 -2.760113001 0.042571981 0.990296304 0.132290348 -0.088208079 0.243358046 -0.138700664 0.959968209 10.745439529
0.967820108 -0.010861631 -0.251408637 -2.781760693 0.045072287 0.990393937 0.130721718 -0.077851295 0.247573793 -0.137846649 0.959012747 10.833050728
0.967234790 -0.012751890 -0.253563017 -2.806776047 0.047829539 0.990006745 0.132661030 -0.068270326 0.249337420 -0.140442193 0.958178937 10.921993256
0.966766596 -0.015961386 -0.255161911 -2.832129240 0.052417260 0.989221871 0.136720628 -0.057477951 0.250229537 -0.145551831 0.957183301 11.010086060
0.965469718 -0.019758947 -0.259764940 -2.853552580 0.057126880 0.988908172 0.137102723 -0.046628952 0.254174680 -0.147208109 0.955889583 11.099144936
0.964846313 -0.019990770 -0.262053311 -2.877863407 0.055958241 0.989865303 0.130518973 -0.035534620 0.256788284 -0.140594795 0.956186593 11.187503815
0.964818776 -0.017758423 -0.262315094 -2.903017521 0.052311666 0.990734339 0.125335544 -0.025483131 0.257658839 -0.134648249 0.956808090 11.276041985
0.965168476 -0.012682991 -0.261321187 -2.928966761 0.047073044 0.990942538 0.125765905 -0.015403628 0.257359266 -0.133686498 0.957023501 11.364771843
0.965303957 -0.007596084 -0.261018157 -2.954971075 0.042872079 0.990623176 0.129721776 -0.004686236 0.257585227 -0.136411309 0.956578195 11.457552910
0.965883851 -0.005702969 -0.258912385 -2.981188059 0.041215960 0.990400195 0.131942779 0.005556941 0.255674332 -0.138112739 0.956846714 11.549124718
0.966150165 -0.009343369 -0.257811129 -3.004757166 0.044459078 0.990422368 0.130716905 0.016677260 0.254120559 -0.137754187 0.957312286 11.641493797
0.966582298 -0.010418868 -0.256144464 -3.030512810 0.042812232 0.991702378 0.121217303 0.027465224 0.252756089 -0.128132626 0.959008038 11.734210968
0.967079401 -0.008902262 -0.254319042 -3.055086374 0.038715698 0.992901027 0.112465411 0.036575198 0.251512468 -0.118609115 0.960558891 11.824813843
0.967538834 -0.009601550 -0.252540141 -3.080358505 0.037745036 0.993560076 0.106834784 0.045377374 0.249888033 -0.112898938 0.961670280 11.917842865
0.968195558 -0.011199358 -0.249943778 -3.104164600 0.038965017 0.993557692 0.106418103 0.053694963 0.247141793 -0.112772606 0.962394476 12.007149696
0.968531072 -0.014540544 -0.248467386 -3.127610922 0.042239010 0.993413746 0.106513046 0.063228369 0.245282143 -0.113656215 0.962766230 12.100359917
0.968903661 -0.018244861 -0.246765167 -3.153529644 0.046267767 0.993047059 0.108244576 0.071591258 0.243074507 -0.116295822 0.963010967 12.198389053
0.968969941 -0.023979880 -0.246012673 -3.177272558 0.050911631 0.993304312 0.103704102 0.080357552 0.241878614 -0.113011055 0.963702917 12.294189453
0.969252467 -0.025092321 -0.244785607 -3.202104092 0.050581045 0.993860304 0.098402627 0.088356495 0.240813568 -0.107758492 0.964570880 12.389945984
0.969402134 -0.022587871 -0.244436666 -3.226531506 0.048027646 0.993965387 0.098620810 0.096599579 0.240733951 -0.107342936 0.964637101 12.486364365
0.970018983 -0.016341416 -0.242479056 -3.254047155 0.042276535 0.993870854 0.102144010 0.104671478 0.239323691 -0.109332815 0.964764476 12.584147453
0.970397949 -0.013738578 -0.241120324 -3.280096054 0.039416224 0.994003534 0.101995662 0.112945437 0.238273218 -0.108480431 0.965120673 12.680491447
0.970559537 -0.010034586 -0.240652382 -3.305114508 0.036122166 0.993896067 0.104239032 0.121744990 0.238137484 -0.109863058 0.964997768 12.778408051
0.970787466 -0.008119231 -0.239803657 -3.329135895 0.034604490 0.993716419 0.106442861 0.130166531 0.237432584 -0.111631684 0.964968443 12.870462418
0.970709920 -0.010979120 -0.240003422 -3.352565050 0.036722146 0.993997633 0.103054099 0.138589859 0.237431392 -0.108849086 0.965286613 12.967353821
0.970778108 -0.012374621 -0.239659548 -3.376235247 0.036305483 0.994748116 0.095697969 0.145845413 0.237216666 -0.101602457 0.966128945 13.061160088
0.970710993 -0.015131495 -0.239773348 -3.400948286 0.037710737 0.995239854 0.089863017 0.154359698 0.237272218 -0.096273057 0.966660917 13.159176826
0.970682502 -0.016197542 -0.239818573 -3.424671888 0.039103262 0.995076835 0.091064878 0.161105037 0.237162903 -0.097772777 0.966537178 13.255909920
0.970718861 -0.013531478 -0.239837050 -3.449323893 0.036154900 0.995268941 0.090181157 0.168722510 0.237482056 -0.096211843 0.966615498 13.353554726
0.970799267 -0.013752028 -0.239498898 -3.473310471 0.034674436 0.995915532 0.083365940 0.175765932 0.237374246 -0.089236081 0.967310846 13.451349258
0.970984459 -0.013928397 -0.238736585 -3.499109745 0.032294698 0.996794760 0.073193222 0.180965602 0.236951932 -0.078779407 0.968322039 13.547125816
0.971270800 -0.015115221 -0.237496421 -3.524132967 0.031937491 0.997231960 0.067144468 0.186531007 0.235824123 -0.072800510 0.969065070 13.645139694
0.971475720 -0.017142376 -0.236518413 -3.548408031 0.034353286 0.997036099 0.068839543 0.191167116 0.234637335 -0.075001128 0.969185352 13.742700577
0.971338928 -0.023161925 -0.236567289 -3.570386887 0.041217785 0.996576667 0.071665905 0.197757959 0.234097511 -0.079362676 0.968968451 13.840541840
0.971430898 -0.025827650 -0.235912725 -3.594342947 0.044275533 0.996331155 0.073237784 0.202669322 0.233155668 -0.081590630 0.969010532 13.940343857
0.971329153 -0.029642753 -0.235883489 -3.616415739 0.047652092 0.996336222 0.071016908 0.208431542 0.232914165 -0.080221131 0.969182909 14.036555290
0.971550107 -0.028450858 -0.235119447 -3.639930010 0.045685507 0.996626318 0.068181843 0.213420689 0.232386425 -0.076983616 0.969572127 14.132211685
0.971873283 -0.027241703 -0.233923882 -3.665009499 0.043599937 0.996929407 0.065044910 0.220021009 0.231433645 -0.073414467 0.970076680 14.233272552
0.972502589 -0.020643204 -0.231975287 -3.689697981 0.036988579 0.997111619 0.066334240 0.223622978 0.229935944 -0.073090672 0.970457196 14.325016022
0.972869694 -0.017716194 -0.230674744 -3.713753939 0.035430267 0.996711314 0.072877951 0.228192985 0.228625014 -0.079073608 0.970297933 14.422978401
0.973456800 -0.017659161 -0.228188381 -3.736515760 0.035792913 0.996497452 0.075575888 0.234920621 0.226054534 -0.081737399 0.970679343 14.519363403
0.974078715 -0.017176552 -0.225556031 -3.758728743 0.034533702 0.996716738 0.073234044 0.239103973 0.223557562 -0.079125024 0.971473694 14.613961220
0.974665940 -0.021495964 -0.222630531 -3.781452656 0.037662260 0.996931374 0.068625420 0.245525181 0.220472246 -0.075271629 0.972484529 14.710084915
0.974855185 -0.025362611 -0.221391454 -3.801053524 0.041004363 0.996953964 0.066343836 0.250200212 0.219034448 -0.073753648 0.972925603 14.806180000
0.975137472 -0.028820056 -0.219718829 -3.821980476 0.044525839 0.996767938 0.066866830 0.254575312 0.217081591 -0.074987531 0.973268986 14.901226997
0.975893319 -0.026125245 -0.216678858 -3.845364094 0.041782904 0.996810138 0.067998163 0.257714927 0.214211181 -0.075412400 0.973872066 14.999157906
0.976927996 -0.022284713 -0.212403491 -3.868564606 0.037701681 0.996917069 0.068811595 0.262981892 0.210215196 -0.075231947 0.974756241 15.096329689
0.977777183 -0.021298345 -0.208562344 -3.890692949 0.037092380 0.996706665 0.072112203 0.268173933 0.206339583 -0.078245737 0.975346923 15.195219994
0.978296757 -0.018969974 -0.206338257 -3.910231829 0.035253026 0.996520460 0.075526290 0.272840261 0.204187542 -0.081161171 0.975561559 15.289143562
0.978892803 -0.022018047 -0.203184456 -3.931506634 0.037792552 0.996535540 0.074085869 0.278051674 0.200849295 -0.080200993 0.976333737 15.386470795
0.979254365 -0.021732641 -0.201465771 -3.950720787 0.036384027 0.996931612 0.069308408 0.284025133 0.199341327 -0.075200699 0.977040410 15.482375145
0.979676604 -0.024111971 -0.199128762 -3.971335649 0.037870571 0.997128665 0.065576561 0.288612485 0.196975857 -0.071784928 0.977776766 15.574386597
0.979906499 -0.024311457 -0.197970048 -3.991920471 0.037950095 0.997137785 0.065392084 0.293392599 0.195813656 -0.071591102 0.978024423 15.669359207
0.979895651 -0.022355981 -0.198253959 -4.011243343 0.036275793 0.997102678 0.066860117 0.298350275 0.196184814 -0.072707757 0.977867663 15.765352249
0.979907036 -0.021026462 -0.198343158 -4.030572891 0.034945797 0.997144759 0.066940568 0.302314997 0.196369305 -0.072526805 0.977844059 15.856355667
0.979913652 -0.018541770 -0.198558733 -4.050671101 0.032756917 0.997110009 0.068547785 0.307061493 0.196713895 -0.073675096 0.977688968 15.948453903
0.979526639 -0.019761344 -0.200342312 -4.069100380 0.034409225 0.996960521 0.069897726 0.311930120 0.198352113 -0.075360306 0.977229357 16.039333344
0.979488194 -0.017491242 -0.200740963 -4.088938236 0.032325946 0.996962249 0.070861340 0.316576898 0.198891729 -0.075896978 0.977078140 16.127845764
0.978901267 -0.018876946 -0.203459859 -4.108133316 0.033361774 0.997127414 0.067999482 0.321346819 0.201591775 -0.073352568 0.976719081 16.218101501
0.978292465 -0.019912302 -0.206270009 -4.125699043 0.033970017 0.997317553 0.064835981 0.324933648 0.204425678 -0.070435531 0.976344705 16.301408768
0.977786064 -0.021508146 -0.208499104 -4.144995689 0.034932766 0.997531116 0.060919784 0.329147935 0.206674069 -0.066849969 0.976123393 16.388643265
0.977455020 -0.020128466 -0.210181713 -4.164527893 0.033586722 0.997593284 0.060659379 0.332546890 0.208454892 -0.066351138 0.975778699 16.475049973
0.977314174 -0.018121583 -0.211018115 -4.184858322 0.031454388 0.997702718 0.059998959 0.336624146 0.209446043 -0.065275282 0.975638986 16.561296463
0.976702332 -0.016662650 -0.213950649 -4.203630447 0.030063439 0.997773409 0.059534676 0.340161145 0.212482259 -0.064579748 0.975028574 16.649917603
0.976625323 -0.017459026 -0.214238197 -4.224009514 0.030510776 0.997863770 0.057766903 0.344338775 0.212771937 -0.062953196 0.975071788 16.734371185
0.976108372 -0.019200670 -0.216434270 -4.242535114 0.032747336 0.997710109 0.059178475 0.347600162 0.214802399 -0.064852268 0.974501967 16.823738098
0.976002753 -0.017632699 -0.217043445 -4.262030602 0.031270716 0.997734606 0.059562054 0.351471066 0.215501547 -0.064919822 0.974343061 16.911088943
0.976626337 -0.016451558 -0.214313656 -4.283512592 0.030030685 0.997730792 0.060259946 0.354674220 0.212836012 -0.065287419 0.974904239 16.999374390
0.976937771 -0.016187161 -0.212909460 -4.300469875 0.029673899 0.997738957 0.060302578 0.358946085 0.211451948 -0.065229721 0.975209296 17.082809448
0.977830231 -0.014122868 -0.208922356 -4.319952965 0.027610743 0.997707486 0.061784297 0.362058938 0.207570851 -0.066183060 0.975978553 17.169130325
0.978265226 -0.015986117 -0.206740931 -4.337683201 0.028610585 0.997893751 0.058219180 0.366489410 0.205374807 -0.062868774 0.976662040 17.253822327
0.979002714 -0.018985722 -0.202960953 -4.356667995 0.030457975 0.998100460 0.053551093 0.369092882 0.201558724 -0.058608450 0.977721334 17.341304779
0.979294777 -0.026281368 -0.200726062 -4.373269558 0.036431435 0.998228371 0.047040768 0.372595876 0.199134156 -0.053379524 0.978517294 17.425706863
0.979717612 -0.029812081 -0.198152810 -4.390352726 0.039632902 0.998164952 0.045781247 0.374873459 0.196424350 -0.052706067 0.979101419 17.511392593
0.980179369 -0.032121159 -0.195490897 -4.407403946 0.042262755 0.997956276 0.047928419 0.377496004 0.193551853 -0.055240430 0.979533672 17.596399307
0.980922103 -0.031690370 -0.191800654 -4.424066544 0.042884588 0.997592628 0.054495934 0.380303264 0.189611927 -0.061681550 0.979919732 17.679855347
0.981659889 -0.029884402 -0.188283548 -4.439332962 0.041635964 0.997402787 0.058770828 0.383072376 0.186038211 -0.065532327 0.980354607 17.760673523
0.982686162 -0.027662361 -0.183201313 -4.454738617 0.039508514 0.997335196 0.061330471 0.385719657 0.181016609 -0.067506596 0.981160462 17.838630676
0.983651638 -0.024405308 -0.178420827 -4.469687462 0.036068257 0.997398078 0.062418647 0.389479220 0.176433235 -0.067833513 0.981972456 17.915084839
0.984827459 -0.023166841 -0.171983004 -4.482381821 0.034413699 0.997438610 0.062704191 0.392711759 0.170089826 -0.067671396 0.983102202 17.987358093
0.986238480 -0.025964780 -0.163277388 -4.494010448 0.037017196 0.997197270 0.065016799 0.393746495 0.161131635 -0.070166148 0.984435558 18.055461884
0.987830400 -0.020241695 -0.154211938 -4.504594803 0.030113576 0.997624934 0.061950367 0.398232937 0.152591705 -0.065840334 0.986093700 18.123537064
0.989424706 -0.014617074 -0.144308969 -4.514820576 0.023357609 0.997981071 0.059060968 0.400522292 0.143154338 -0.061807103 0.987768531 18.187152863
0.990895331 -0.021447644 -0.132914901 -4.523824692 0.029031256 0.998043001 0.055383340 0.402420223 0.131466940 -0.058737770 0.989578843 18.253192902
0.991795361 -0.029343484 -0.124422565 -4.529933929 0.035857394 0.998083115 0.050440677 0.404021382 0.122703940 -0.054488301 0.990946412 18.320684433
0.992916644 -0.028223360 -0.115411788 -4.537752151 0.033507373 0.998464942 0.044102956 0.405700386 0.113989882 -0.047657698 0.992338181 18.384618759
0.993883848 -0.026290715 -0.107255675 -4.544208527 0.030393573 0.998860419 0.036799286 0.408128619 0.106165946 -0.039834097 0.993550301 18.449798584
0.994810700 -0.021885568 -0.099361338 -4.551460266 0.025794379 0.998936117 0.038226493 0.409802020 0.098419026 -0.040591091 0.994316816 18.516395569
0.995709598 -0.022036545 -0.089871518 -4.556883812 0.026039269 0.998709142 0.043611623 0.410475433 0.088794470 -0.045764696 0.994998038 18.581844330
0.996503413 -0.020144885 -0.081087202 -4.562801361 0.024000077 0.998613417 0.046853293 0.412741840 0.080030911 -0.048635565 0.995605171 18.647228241
0.997117698 -0.016603326 -0.074032128 -4.568053246 0.020156795 0.998667121 0.047513075 0.414350450 0.073144592 -0.048868373 0.996123433 18.711748123
0.997595251 -0.015893085 -0.067462541 -4.573006630 0.019083530 0.998716652 0.046914190 0.416676521 0.066630349 -0.048088800 0.996618211 18.776391983
0.997904718 -0.013394930 -0.063298866 -4.576973438 0.016594350 0.998596668 0.050292324 0.419135571 0.062536374 -0.051237348 0.996726632 18.840717316
0.998179615 -0.014504036 -0.058541223 -4.579525948 0.017860709 0.998201370 0.057228845 0.421194851 0.057605885 -0.058170259 0.996643245 18.905500412
0.998478949 -0.014512421 -0.053188831 -4.584195137 0.017912777 0.997787774 0.064021260 0.423801601 0.052142058 -0.064876653 0.996530116 18.972476959
0.998727381 -0.015966125 -0.047839794 -4.587621689 0.019246431 0.997437060 0.068911947 0.427840769 0.046616931 -0.069744997 0.996475041 19.039985657
0.998881876 -0.019806892 -0.042927083 -4.590005875 0.022794189 0.997268438 0.070256568 0.430900812 0.041418266 -0.071156494 0.996604860 19.106903076
0.998836696 -0.027398210 -0.039681230 -4.593240261 0.030050037 0.997242749 0.067851052 0.434031367 0.037712827 -0.068964526 0.996905982 19.173542023
0.998848617 -0.030621475 -0.036930144 -4.596023083 0.032792371 0.997678399 0.059686437 0.437677026 0.035016719 -0.060828730 0.997533739 19.239946365
0.998807311 -0.034197271 -0.034849994 -4.597306252 0.035928998 0.998085678 0.050339848 0.440493584 0.033061806 -0.051531926 0.998123884 19.306278229
0.998788297 -0.036060844 -0.033490367 -4.599135399 0.037592255 0.998220801 0.046282485 0.443016022 0.031761788 -0.047485381 0.998366833 19.376262665
0.998800337 -0.036832817 -0.032269113 -4.601066589 0.038270801 0.998247385 0.045139942 0.445948154 0.030549921 -0.046320751 0.998459339 19.444368362
