1.000000000 0.000000000 0.000000000 0.000000000 0.000000000 1.000000000 0.000000000 0.000000000 0.000000000 0.000000000 1.000000000 0.000000000
0.999995172 0.000428065 -0.003062983 0.000875990 -0.000430305 0.999999642 -0.000730768 0.000390067 0.003062668 0.000732068 0.999995172 0.008394561
0.999981046 -0.001189621 -0.006030109 0.001670121 0.001183275 0.999998689 -0.001055936 0.001230802 0.006031357 0.001048796 0.999981284 0.016852407
0.999715090 -0.018322922 -0.015299143 0.008667821 0.017010400 0.996494651 -0.081909202 0.080363214 0.016746329 0.081625603 0.996522367 0.038026512
0.999598920 -0.020462705 -0.019578252 0.011214230 0.019092828 0.997518480 -0.067766882 0.066622704 0.020916363 0.067365892 0.997509181 0.044115599
0.999227881 -0.028459942 -0.027084561 0.015975587 0.026494483 0.997170508 -0.070349492 0.066162080 0.029010070 0.069577582 0.997154653 0.049805772
0.999109089 -0.030774143 -0.028878869 0.016608424 0.028412096 0.996476471 -0.078913368 0.071638644 0.031205609 0.078022540 0.996463120 0.060910784
0.999725461 -0.014088153 -0.018719947 0.007281838 0.013921660 0.999862611 -0.008994968 0.005352119 0.018844098 0.008731857 0.999784231 0.055277448
0.998888433 -0.030341189 -0.036074180 0.022832887 0.028201777 0.997894585 -0.058404204 0.050799362 0.037770282 0.057321932 0.997641027 0.071113758
0.998661041 -0.034241844 -0.038778398 0.025647499 0.031545389 0.997177541 -0.068131924 0.060630981 0.041001908 0.066817410 0.996922433 0.081433043
0.997865140 -0.049763292 -0.042291936 0.028760713 0.044995680 0.993235767 -0.107042782 0.095856950 0.047332663 0.104911357 0.993354559 0.096062422
0.999151349 -0.027654540 -0.030530391 0.019627968 0.026864696 0.999301255 -0.025984768 0.022800829 0.031227656 0.025142513 0.999196112 0.092137061
0.999050081 -0.031185342 -0.030439414 0.021008864 0.030512191 0.999284804 -0.022333957 0.019230071 0.031114141 0.021383954 0.999286950 0.100492887
0.997240305 -0.058424830 -0.045807369 0.035762671 0.054115467 0.994447470 -0.090254031 0.078035183 0.050826106 0.087526061 0.994864762 0.116743401
0.996822774 -0.065069325 -0.045937814 0.038558140 0.059879310 0.992507279 -0.106507175 0.090010002 0.052523963 0.103418052 0.993250132 0.127620533
0.997012615 -0.062475003 -0.045416616 0.040666379 0.057839662 0.993596613 -0.097058512 0.079893664 0.051189523 0.094141722 0.994241834 0.135518596
0.996799290 -0.065573588 -0.045728989 0.043701291 0.060590275 0.992839634 -0.102947973 0.083606035 0.052152216 0.099847771 0.993634999 0.144107759
0.998907387 -0.040709473 -0.022951975 0.027808942 0.040184967 0.998930454 -0.022868350 0.013251539 0.023858396 0.021921067 0.999475002 0.132533297
0.998665452 -0.043517083 -0.027810294 0.034284260 0.042612921 0.998568773 -0.032317512 0.018792391 0.029176857 0.031089343 0.999090672 0.141167611
0.998681545 -0.044012506 -0.026418094 0.033425547 0.043229088 0.998628676 -0.029527379 0.015384146 0.027681444 0.028346399 0.999214768 0.149315476
0.998544455 -0.045473829 -0.029000025 0.036752731 0.044597719 0.998549223 -0.030174367 0.016282838 0.030330095 0.028837103 0.999123871 0.157320812
0.998583376 -0.045140453 -0.028170098 0.037400797 0.044469122 0.998721898 -0.024019644 0.012924856 0.029218361 0.022732913 0.999314606 0.163499281
0.998355746 -0.045845710 -0.034410432 0.044621319 0.045181334 0.998781621 -0.019843217 0.010989178 0.035278238 0.018255882 0.999210715 0.170251995
0.998230934 -0.049934994 -0.032271836 0.042217486 0.049234200 0.998541415 -0.022157487 0.012580806 0.033331204 0.020529410 0.999233425 0.177724391
0.997926474 -0.052118421 -0.037769329 0.047763489 0.051339243 0.998453796 -0.021315005 0.011748209 0.038821839 0.019331751 0.999059081 0.185425565
0.997813344 -0.054248653 -0.037754785 0.048041310 0.053464953 0.998338878 -0.021467187 0.011799688 0.038856622 0.019401690 0.999056280 0.193024009
0.997662306 -0.054578971 -0.041119330 0.052444875 0.053686656 0.998304188 -0.022501612 0.012015834 0.042277705 0.020241456 0.998900712 0.200947657
0.997685552 -0.053698596 -0.041713931 0.052929893 0.052798927 0.998354375 -0.022378890 0.010484904 0.042846985 0.020124644 0.998878956 0.207999602
0.997544348 -0.053382572 -0.045339268 0.057175182 0.052285340 0.998317957 -0.025052100 0.010625703 0.046600357 0.022620004 0.998657465 0.216838583
0.997662723 -0.050693512 -0.045816805 0.058808628 0.049417771 0.998369694 -0.028561242 0.011053279 0.047189977 0.026230320 0.998541474 0.223072767
0.997765124 -0.046536099 -0.047947459 0.062081601 0.045132726 0.998531997 -0.029947715 0.010560308 0.049270716 0.027716793 0.998400807 0.233129442
0.997765899 -0.045333087 -0.049071930 0.064681977 0.043927532 0.998603404 -0.029352330 0.010221777 0.050334033 0.027131133 0.998363793 0.239147067
0.997701168 -0.043185133 -0.052225672 0.069331363 0.041722734 0.998714745 -0.028775269 0.009891516 0.053401206 0.026530117 0.998220623 0.247024223
0.997625768 -0.042622618 -0.054093435 0.071624093 0.041126337 0.998748004 -0.028479761 0.010018537 0.055239592 0.026187470 0.998129666 0.254995733
0.997255504 -0.045105197 -0.058711898 0.076637797 0.043529220 0.998663962 -0.027850896 0.009725768 0.059889667 0.025218779 0.997886419 0.263276964
0.996946037 -0.046896137 -0.062445071 0.079913512 0.045133684 0.998549938 -0.029342560 0.009544633 0.063730568 0.026434572 0.997616947 0.271369547
0.996206284 -0.049762454 -0.071392179 0.086613178 0.047727689 0.998411894 -0.029930564 0.009404334 0.072768219 0.026409633 0.996999145 0.281653196
0.995711148 -0.052990347 -0.075836867 0.090877526 0.050848886 0.998258770 -0.029896680 0.009076915 0.077289030 0.025912240 0.996671915 0.288706660
0.995879591 -0.056207575 -0.071164466 0.088799730 0.054558635 0.998199940 -0.024907909 0.006861548 0.072436363 0.020922650 0.997153521 0.289321184
0.995118499 -0.061059009 -0.077530220 0.094112307 0.059164722 0.997896314 -0.026501296 0.006344645 0.078985274 0.021784877 0.996637702 0.300671726
0.995444655 -0.058069214 -0.075616397 0.094917268 0.056092929 0.998032629 -0.028004058 0.006801242 0.077093802 0.023634952 0.996743619 0.309040040
0.995060265 -0.057801235 -0.080708973 0.100148275 0.055777919 0.998075426 -0.027104424 0.004922336 0.082120292 0.022468744 0.996369064 0.316138655
0.995275378 -0.052951418 -0.081380546 0.102622740 0.050787501 0.998304665 -0.028435294 0.005267056 0.082748264 0.024167834 0.996277332 0.323632360
0.995392323 -0.049549021 -0.082091279 0.105958596 0.047427241 0.998493433 -0.027599305 0.003990488 0.083335109 0.023578785 0.996242523 0.330613315
0.995336294 -0.049210902 -0.082969286 0.108964801 0.047152732 0.998533845 -0.026587196 0.003484771 0.084156007 0.022550978 0.996197283 0.336903006
0.995599866 -0.041729365 -0.083902314 0.112604737 0.039566290 0.998844385 -0.027281137 0.003056780 0.084943794 0.023841383 0.996100426 0.345076472
0.995064139 -0.040963277 -0.090384431 0.118535168 0.038432457 0.998823583 -0.029566245 0.003643094 0.091489233 0.025946612 0.995467961 0.354047388
0.995203853 -0.041925158 -0.088382505 0.119571537 0.039625820 0.998833001 -0.027612405 0.002104287 0.089437015 0.023977742 0.995703816 0.360081792
0.995388746 -0.043672916 -0.085404418 0.119759321 0.041366007 0.998734772 -0.028597936 0.002044437 0.086545318 0.024933225 0.995935857 0.365463942
0.995027483 -0.038463369 -0.091873996 0.125994056 0.035943594 0.998935044 -0.028926030 0.000676395 0.092888758 0.025479915 0.995350361 0.373305589
0.994543135 -0.039523438 -0.096549556 0.130117059 0.037040595 0.998938680 -0.027374860 -0.000780365 0.097529054 0.023649229 0.994951606 0.380168498
0.994766057 -0.034196585 -0.096286379 0.132355481 0.031550094 0.999084949 -0.028875608 -0.000214617 0.097185709 0.025686635 0.994934738 0.388362497
0.994422615 -0.032609507 -0.100300625 0.136476561 0.030350972 0.999252021 -0.023962157 -0.002277644 0.101007007 0.020784298 0.994668603 0.393821210
0.994085312 -0.026849579 -0.105230629 0.140639618 0.024269419 0.999374330 -0.025723591 -0.001782599 0.105855465 0.023017559 0.994115114 0.406293690
0.994334579 -0.027184045 -0.102760524 0.141562477 0.025136435 0.999459982 -0.021168893 -0.003568724 0.103280477 0.018465934 0.994480848 0.410256475
0.994170725 -0.021378411 -0.105676502 0.145304531 0.019130960 0.999569654 -0.022235479 -0.004463675 0.106106386 0.020084171 0.994151950 0.418402612
0.993835866 -0.022959031 -0.108458258 0.148715943 0.020358598 0.999479473 -0.025023242 -0.004392614 0.108976319 0.022660933 0.993786156 0.426557660
0.993660688 -0.020750102 -0.110489435 0.151769131 0.018055892 0.999516010 -0.025329415 -0.005250544 0.110961564 0.023173857 0.993554533 0.435452342
0.993588030 -0.019581296 -0.111353651 0.154209763 0.017001988 0.999565721 -0.024065867 -0.006941257 0.111776546 0.022018317 0.993489444 0.444591820
0.993249238 -0.019605448 -0.114330485 0.157830328 0.016893402 0.999553740 -0.024642028 -0.007872981 0.114762560 0.022544244 0.993137062 0.452915192
0.993030012 -0.016719971 -0.116669022 0.160959020 0.013646291 0.999539793 -0.027094554 -0.008440270 0.117068321 0.025313606 0.992801249 0.462426931
0.992968380 -0.012910859 -0.117673941 0.164060473 0.009679718 0.999561369 -0.027988710 -0.008835204 0.117983699 0.026652852 0.992657781 0.469728410
0.992391229 -0.008786138 -0.122810453 0.168197900 0.005921172 0.999702156 -0.023673907 -0.011835177 0.122981876 0.022766596 0.992147744 0.479350090
0.992024779 -0.006132994 -0.125894412 0.171074867 0.003245606 0.999727190 -0.023127329 -0.013134263 0.126001924 0.022534275 0.991774023 0.488587558
0.991980493 -0.002598986 -0.126364410 0.173967153 -0.000210247 0.999753237 -0.022212787 -0.014393292 0.126390949 0.022061221 0.991735101 0.496539414
0.991744876 0.000360787 -0.128226817 0.176031813 -0.003639148 0.999672413 -0.025333514 -0.014182955 0.128175706 0.025591021 0.991421223 0.505816996
0.991478860 0.001120463 -0.130262733 0.178606391 -0.004517836 0.999657154 -0.025788337 -0.014432359 0.130189195 0.026157092 0.991144001 0.514570594
0.990922928 0.003421757 -0.134387642 0.181461737 -0.007050182 0.999623001 -0.026533084 -0.014975083 0.134246185 0.027239697 0.990573466 0.524509668
0.990275919 0.007508962 -0.138914809 0.184025049 -0.011555070 0.999531388 -0.028342994 -0.015763421 0.138636902 0.029672554 0.989898622 0.535687149
0.989641428 0.011655916 -0.143087521 0.188074246 -0.015938237 0.999457598 -0.028818354 -0.016258664 0.142673969 0.030800400 0.989290357 0.542240739
0.989134967 0.013284643 -0.146408722 0.189907387 -0.018005243 0.999358356 -0.030964674 -0.016896389 0.145903423 0.033264365 0.988739371 0.552907586
0.989765525 0.009257553 -0.142402694 0.189595073 -0.013013880 0.999590933 -0.025469484 -0.019561552 0.142108649 0.027062029 0.989481032 0.557738245
0.990177929 0.014527721 -0.139056027 0.190019026 -0.017898446 0.999574780 -0.023020241 -0.021431588 0.138662487 0.025283018 0.990016937 0.563011825
0.992569745 0.014368060 -0.120826215 0.185417339 -0.017720299 0.999485910 -0.026715677 -0.020298555 0.120380275 0.028658245 0.992314100 0.563235223
0.992822051 0.017859604 -0.118260629 0.185927793 -0.021159936 0.999419212 -0.026710639 -0.021008661 0.117714927 0.029021297 0.992623329 0.568446755
0.992895603 0.010406189 -0.118533000 0.186860323 -0.013539116 0.999579072 -0.025656302 -0.021418884 0.118216120 0.027078860 0.992618561 0.572362006
0.996416628 0.010835589 -0.083884060 0.178490832 -0.012783414 0.999660194 -0.022718223 -0.018986870 0.083609402 0.023709139 0.996216536 0.552736998
0.998570144 0.016376114 -0.050888382 0.168614537 -0.017746469 0.999488771 -0.026594494 -0.015812395 0.050426863 0.027459553 0.998350203 0.545038581
0.998854339 0.019962961 -0.043490656 0.167032063 -0.021092119 0.999448180 -0.025660938 -0.015928837 0.042954389 0.026548846 0.998724222 0.544510543
0.996035695 0.058622785 -0.066904314 0.177336872 -0.061528780 0.997211456 -0.042232640 -0.015141657 0.064241953 0.046181753 0.996865213 0.575041175
0.997410178 0.034588590 -0.063058175 0.176844433 -0.036359929 0.998969495 -0.027162602 -0.019612759 0.062053677 0.029385049 0.997640133 0.571550071
0.996662199 0.041120000 -0.070523821 0.180633649 -0.043496508 0.998524845 -0.032499291 -0.019112103 0.069083430 0.035458352 0.996980548 0.583954871
0.997959018 0.026858080 -0.057933524 0.177728698 -0.028330114 0.999292433 -0.024738915 -0.020425418 0.057228100 0.026329681 0.998013973 0.578592777
0.998082459 0.035332151 -0.050822906 0.177327573 -0.036956530 0.998824000 -0.031385008 -0.018860003 0.049654234 0.033203073 0.998214364 0.584328473
0.997210383 0.049686868 -0.055701714 0.180235118 -0.051760580 0.997994959 -0.036425136 -0.019057004 0.053780179 0.039206672 0.997782767 0.598417163
0.998124242 0.048035040 -0.037956171 0.176897585 -0.049376715 0.998158336 -0.035238557 -0.018493012 0.036193587 0.037046596 0.998657882 0.593139708
0.998319030 0.046632756 -0.034414999 0.176826492 -0.048008185 0.998034239 -0.040284924 -0.018681666 0.032468747 0.041869406 0.998595297 0.599609554
0.998382390 0.049038123 -0.028773233 0.176641196 -0.050302401 0.997719884 -0.044997253 -0.019008424 0.026501050 0.046371832 0.998572648 0.605274498
0.998234332 0.055659983 -0.020741599 0.176336199 -0.056565106 0.997340500 -0.045959517 -0.019032024 0.018128328 0.047051612 0.998728037 0.605286598
0.997986317 0.062089667 -0.012971284 0.175968170 -0.062660486 0.996802330 -0.049585529 -0.019282803 0.009851055 0.050298464 0.998685658 0.611077666
0.997941971 0.063454196 -0.009234647 0.176074609 -0.063846931 0.996633470 -0.051433619 -0.019506488 0.005939879 0.051917374 0.998633683 0.615554094
0.998069108 0.061945017 -0.004570452 0.176067814 -0.062099937 0.996679127 -0.052670669 -0.019730866 0.001292589 0.052852795 0.998601496 0.617761254
0.997906148 0.064675748 0.000655918 0.175932541 -0.064543590 0.996420622 -0.054590084 -0.019745361 -0.004184223 0.054433439 0.998508632 0.622617900
0.997892797 0.064567029 0.006396911 0.176012948 -0.064136252 0.996516407 -0.053305380 -0.020230614 -0.009816395 0.052782793 0.998557687 0.625780582
0.998109937 0.060133748 0.012672417 0.175853238 -0.059370369 0.996783495 -0.053831987 -0.020439349 -0.015868776 0.052977875 0.998469532 0.630573690
0.997825503 0.063891642 0.016189359 0.176098302 -0.062938765 0.996567965 -0.053767305 -0.020793062 -0.019569080 0.052631456 0.998422265 0.635217607
0.997505426 0.066776268 0.022888772 0.176074997 -0.065448537 0.996364713 -0.054535463 -0.020974062 -0.026447235 0.052901391 0.998249471 0.637718499
0.997244358 0.068260267 0.029053245 0.176064938 -0.066497900 0.996109545 -0.057826098 -0.021215148 -0.032887440 0.055734780 0.997903824 0.642147005
0.996860445 0.071333960 0.034361526 0.176171780 -0.069165476 0.995761156 -0.060627770 -0.021487482 -0.038540691 0.058060795 0.997568846 0.646395326
0.996994138 0.066852354 0.039159678 0.176327497 -0.064445578 0.996128023 -0.059797212 -0.021760285 -0.043005634 0.057093807 0.997442067 0.649120867
0.996871948 0.065574020 0.044118404 0.176483095 -0.062903501 0.996249437 -0.059416097 -0.022078227 -0.047849085 0.056455038 0.997257888 0.653428674
0.996344328 0.069262199 0.050006766 0.176607698 -0.066226758 0.995998919 -0.060000546 -0.022320762 -0.053962450 0.056469411 0.996945083 0.656559944
0.995866776 0.072418801 0.054816235 0.176868707 -0.069057450 0.995751143 -0.060914468 -0.022651117 -0.058994688 0.056877222 0.996636748 0.660355747
0.995680690 0.070742495 0.060127966 0.176973939 -0.067119271 0.995922327 -0.060282186 -0.022860745 -0.064147286 0.055986069 0.996368706 0.663996398
0.995485783 0.069364928 0.064781904 0.177200139 -0.065500364 0.996047854 -0.059987567 -0.023166124 -0.068686917 0.055473540 0.996094763 0.667963028
0.995050788 0.070957012 0.069562741 0.177424014 -0.066704147 0.995865405 -0.061665457 -0.023415148 -0.073650740 0.056720145 0.995669842 0.671377957
0.994705021 0.071458884 0.073862024 0.177745223 -0.066836223 0.995755851 -0.063270397 -0.023741793 -0.078069784 0.057998724 0.995259404 0.675249815
0.994135380 0.073452137 0.079369344 0.177881330 -0.068330616 0.995515108 -0.065426193 -0.023968885 -0.083819084 0.059619140 0.994695902 0.678691208
0.993568003 0.076286443 0.083681844 0.178183392 -0.070740469 0.995218217 -0.067352697 -0.024281720 -0.088419795 0.060999811 0.994213760 0.682685852
0.993176520 0.076606624 0.087930620 0.178534210 -0.070749171 0.995180130 -0.067905456 -0.024611823 -0.092708804 0.061221089 0.993809402 0.686385036
0.992639959 0.076716125 0.093704678 0.178768724 -0.070562683 0.995233893 -0.067308627 -0.024848301 -0.098421723 0.060201179 0.993322194 0.689700365
0.991504610 0.083446950 0.099776104 0.179009065 -0.076724015 0.994632423 -0.069423802 -0.025161404 -0.105033763 0.061178800 0.992585063 0.693939924
0.991733313 0.076836362 0.102767520 0.179454103 -0.070171148 0.995284140 -0.066975638 -0.025439544 -0.107429020 0.059210662 0.992448151 0.697066844
0.991149127 0.077738494 0.107610561 0.179866031 -0.070646152 0.995165527 -0.068225518 -0.025715958 -0.112394080 0.060019396 0.991849422 0.701142669
0.990660191 0.075642452 0.113448538 0.180222273 -0.068005592 0.995244265 -0.069743246 -0.026024673 -0.118184566 0.061376717 0.991092920 0.704251111
0.989734292 0.078131683 0.119672209 0.180610418 -0.069498561 0.994781733 -0.074694395 -0.026357220 -0.124883726 0.065610558 0.989999652 0.708363593
0.988990664 0.078580283 0.125389889 0.181015998 -0.069106065 0.994539499 -0.078203492 -0.026617592 -0.130850464 0.068677329 0.989020526 0.711294055
0.988237321 0.078736007 0.131101862 0.181498021 -0.068399362 0.994317770 -0.081568845 -0.026945740 -0.136779353 0.071642086 0.988007545 0.714703202
0.987664759 0.076148346 0.136819944 0.181916922 -0.065137483 0.994399071 -0.083232418 -0.027266666 -0.142391637 0.073293619 0.987093031 0.718241632
0.986842632 0.076478608 0.142452419 0.182404444 -0.064729661 0.994244874 -0.085365184 -0.027617019 -0.148161188 0.075021110 0.986113667 0.721913397
0.986055732 0.074854396 0.148630247 0.182871610 -0.062710911 0.994424462 -0.084778100 -0.027948212 -0.154147565 0.074275188 0.985252082 0.725036561
0.985035717 0.075130612 0.155112624 0.183405310 -0.062678501 0.994520366 -0.083670430 -0.028277628 -0.160548851 0.072696142 0.984347105 0.728698909
0.984374940 0.071895182 0.160739258 0.183884561 -0.059589382 0.995002866 -0.080114946 -0.028594229 -0.165695906 0.069284804 0.983740032 0.731700420
0.983328640 0.073004410 0.166538686 0.184409857 -0.060057648 0.994862199 -0.081500210 -0.028900608 -0.171632916 0.070139550 0.982660949 0.735274315
0.982862949 0.068188496 0.171262369 0.184956267 -0.054877311 0.995178163 -0.081295319 -0.029210363 -0.175980002 0.070503749 0.981865704 0.738088965
0.981851280 0.068200499 0.176965445 0.185519621 -0.054298703 0.995131552 -0.082248986 -0.029504180 -0.181713298 0.071147285 0.980774283 0.741494060
0.981208026 0.066589698 0.181098178 0.186064065 -0.052389983 0.995246351 -0.082097232 -0.029814962 -0.185704142 0.071066730 0.980032384 0.744348228
0.980593801 0.065834731 0.184666082 0.186644286 -0.051222488 0.995247602 -0.082816429 -0.030117162 -0.189240664 0.071750224 0.979305744 0.747755885
0.980495811 0.061157625 0.186782449 0.187187612 -0.046394099 0.995517373 -0.082418092 -0.030438818 -0.190985665 0.072144970 0.978937984 0.750420034
0.980476201 0.059280634 0.187489241 0.187810227 -0.044430874 0.995605111 -0.082440361 -0.030753698 -0.191552371 0.072500512 0.978800952 0.753485620
0.980033576 0.059306931 0.189780951 0.188390434 -0.043999642 0.995503843 -0.083881676 -0.031065241 -0.193902478 0.073856577 0.978236616 0.756513953
0.979135156 0.061561078 0.193660930 0.188989654 -0.045740023 0.995318949 -0.085134581 -0.031368848 -0.197995365 0.074500218 0.977367580 0.759561598
0.977981031 0.062436085 0.199135184 0.189582914 -0.046183612 0.995289087 -0.085244901 -0.031692058 -0.203519464 0.074171118 0.976257384 0.762594581
0.976824582 0.062410783 0.204740390 0.190187961 -0.045724802 0.995310247 -0.085244484 -0.031984817 -0.209100410 0.073907182 0.975097239 0.765571892
0.975568235 0.063564539 0.210299999 0.190802053 -0.046643581 0.995333731 -0.084469460 -0.032295607 -0.214687929 0.072596580 0.973980904 0.768579602
0.974443913 0.064970031 0.215030104 0.191462338 -0.047452576 0.995194376 -0.085652754 -0.032592110 -0.219561592 0.073260084 0.972844064 0.771566033
0.973183632 0.064939447 0.220672771 0.192105353 -0.046799257 0.995155036 -0.086465329 -0.032905273 -0.225218639 0.073819324 0.971507728 0.774386764
0.972290218 0.066196211 0.224208951 0.192878067 -0.047100373 0.994874477 -0.089477636 -0.033221383 -0.228982836 0.076437913 0.970424652 0.777562857
0.970748365 0.065406136 0.231018752 0.193411767 -0.045362096 0.994813561 -0.091039114 -0.033526339 -0.235775098 0.077896580 0.968680620 0.780278027
0.969551027 0.064599521 0.236215517 0.194108218 -0.044118144 0.994873941 -0.090991460 -0.033869937 -0.240882635 0.077799462 0.967431128 0.783234477
0.968404114 0.064755380 0.240832627 0.194826126 -0.043610491 0.994792342 -0.092120349 -0.034185749 -0.245543793 0.078706883 0.966185033 0.786199749
0.967113078 0.063602261 0.246266216 0.195533112 -0.041893035 0.994838834 -0.092415065 -0.034507062 -0.250872999 0.079058968 0.964786232 0.788987219
0.965815723 0.063560314 0.251316756 0.196280420 -0.041420043 0.994857192 -0.092430465 -0.034847166 -0.255899221 0.078861237 0.963481426 0.791898072
0.964300632 0.063998476 0.256959766 0.196998388 -0.040819153 0.994682670 -0.094552666 -0.035144076 -0.261644602 0.080688320 0.961785555 0.794628918
0.963142455 0.061750352 0.261807919 0.197778463 -0.037541550 0.994626105 -0.096485421 -0.035472002 -0.266359001 0.083100542 0.960284889 0.797459543
0.961616755 0.061263036 0.267469823 0.198509067 -0.036200922 0.994562328 -0.097650193 -0.035787400 -0.271997720 0.084219411 0.958605409 0.800379217
0.958810747 0.065622278 0.276361614 0.199056327 -0.039158221 0.994194865 -0.100216545 -0.036036458 -0.281333715 0.085266873 0.955814242 0.802781343
0.958794475 0.057589725 0.278202176 0.200035423 -0.031629026 0.994789302 -0.096921988 -0.036438659 -0.282334208 0.084129006 0.955620050 0.805703402
0.957341969 0.053385153 0.283982933 0.200732887 -0.027975963 0.995292425 -0.092791751 -0.036779072 -0.287599772 0.080888741 0.954328775 0.808071792
0.955536008 0.055023447 0.289695144 0.201615661 -0.027986668 0.994923890 -0.096659772 -0.037056182 -0.293543220 0.084254310 0.952225506 0.811247587
0.954073012 0.053985741 0.294669628 0.202425838 -0.026308298 0.994927108 -0.097098030 -0.037353925 -0.298416674 0.084886342 0.950653315 0.813951313
0.952227473 0.052980665 0.300758898 0.203259349 -0.023751322 0.994701445 -0.100024596 -0.037645228 -0.304464698 0.088102728 0.948440373 0.816998780
0.950379729 0.055061746 0.306180835 0.204102188 -0.025448779 0.994673550 -0.099883676 -0.038011447 -0.310049802 0.087135471 0.946718872 0.819757760
0.949303508 0.055128712 0.309489310 0.204999641 -0.024508197 0.994485438 -0.101971157 -0.038318925 -0.313404143 0.089216553 0.945419610 0.822474658
0.948201537 0.055502914 0.312783062 0.205914021 -0.024700649 0.994518936 -0.101596020 -0.038660105 -0.316707611 0.088607550 0.944375455 0.825185895
0.946972907 0.056009755 0.316393912 0.206794336 -0.024513554 0.994413674 -0.102666929 -0.038984004 -0.320376754 0.089466862 0.943055868 0.827856183
0.945674896 0.054477151 0.320517063 0.207661167 -0.022779290 0.994540989 -0.101829119 -0.039292544 -0.324314773 0.088996075 0.941753447 0.830494523
0.944676816 0.053577490 0.323596954 0.208601445 -0.022426078 0.994810641 -0.099240914 -0.039657228 -0.327234745 0.086493596 0.940976202 0.833213925
0.943500876 0.052243479 0.327225775 0.209514514 -0.019998645 0.994670928 -0.101142190 -0.039957382 -0.330766022 0.088883676 0.939517736 0.835860014
0.942141891 0.052508511 0.331076562 0.210429907 -0.019170953 0.994479060 -0.103169046 -0.040298562 -0.334665984 0.090852834 0.937946916 0.838526130
0.940890789 0.052596617 0.334601432 0.211364314 -0.018308491 0.994323015 -0.104816444 -0.040626142 -0.338214934 0.092494778 0.936512291 0.841194034
0.939591944 0.052877016 0.338187873 0.212310642 -0.018117890 0.994293988 -0.105124630 -0.040976249 -0.341816813 0.092647023 0.935188651 0.843835413
0.938416541 0.052459445 0.341500282 0.213277638 -0.017365754 0.994318187 -0.105022088 -0.041326921 -0.345069408 0.092624053 0.933995664 0.846481144
0.937117398 0.052183144 0.345091105 0.214242697 -0.015988247 0.994139850 -0.106912307 -0.041666333 -0.348647863 0.094671994 0.932460129 0.849126041
0.935768664 0.051497009 0.348833829 0.215241939 -0.014139128 0.993962467 -0.108805791 -0.042036135 -0.352330953 0.096884847 0.930847049 0.851771116
0.934288442 0.051076550 0.352840245 0.216218680 -0.012528972 0.993776917 -0.110681899 -0.042366061 -0.356297731 0.098988079 0.929114223 0.854459643
0.932951450 0.050265130 0.356475830 0.217246443 -0.011422371 0.993839025 -0.110242888 -0.042734351 -0.359820992 0.098779470 0.927777648 0.857043803
0.931330562 0.048664417 0.360908777 0.218248591 -0.009010198 0.993807256 -0.110752568 -0.043074187 -0.364063412 0.099895403 0.926001430 0.859693170
0.928830922 0.048957214 0.367255062 0.219198823 -0.008793685 0.993865192 -0.110247679 -0.043404944 -0.370399475 0.099171929 0.923563302 0.862335503
0.928062081 0.049963649 0.369058788 0.220267996 -0.009941582 0.993930519 -0.109559737 -0.043808449 -0.372292846 0.098009214 0.922925949 0.864904523
0.926160336 0.052294515 0.373486549 0.221269593 -0.011418824 0.993773878 -0.110829316 -0.044176806 -0.376956910 0.098380946 0.920991123 0.867508650
0.924432456 0.054170609 0.377478898 0.222322211 -0.012232033 0.993562043 -0.112626635 -0.044540275 -0.381149799 0.099498361 0.919143617 0.870079279
0.922573090 0.056244291 0.381700754 0.223396823 -0.013526229 0.993424237 -0.113689855 -0.044893146 -0.385585189 0.099724211 0.917267203 0.872695565
0.920755804 0.057186723 0.385925263 0.224472076 -0.014229963 0.993463278 -0.113261811 -0.045272641 -0.389879614 0.098794773 0.915550888 0.875305116
0.919202507 0.055122934 0.389907956 0.225596666 -0.011800446 0.993565202 -0.112645142 -0.045620237 -0.393608302 0.098942593 0.913938046 0.877884746
0.917296171 0.053262349 0.394627452 0.226705223 -0.010045943 0.993794203 -0.110779680 -0.045988511 -0.398078889 0.097653389 0.912138700 0.880531907
0.915179074 0.048674189 0.400097609 0.227824822 -0.004877043 0.993945718 -0.109763525 -0.046328388 -0.403017998 0.098501995 0.909875751 0.883134186
0.913176477 0.045768607 0.404986501 0.228954792 -0.001117640 0.993952036 -0.109809101 -0.046683982 -0.407563001 0.099822447 0.907704830 0.885691702
0.911127746 0.043316692 0.409841359 0.230106831 0.003412072 0.993634105 -0.112603977 -0.047012344 -0.412109971 0.103995010 0.905179739 0.888262749
0.908917367 0.043908805 0.414657921 0.231251866 0.004537364 0.993339837 -0.115132138 -0.047365606 -0.416951537 0.106527038 0.902664602 0.890744448
0.906290412 0.045366678 0.420213640 0.232388571 0.005305414 0.992923260 -0.118639357 -0.047730979 -0.422622144 0.109751113 0.899636149 0.893237054
0.903379858 0.046624098 0.426299095 0.233541831 0.005199191 0.992808402 -0.119600661 -0.048101857 -0.428809613 0.110261239 0.896640837 0.895773053
0.900710046 0.048189085 0.431739628 0.234731555 0.004457757 0.992750943 -0.120106891 -0.048467480 -0.434397757 0.110106096 0.893966019 0.898297846
0.898182392 0.046316072 0.437176317 0.235945985 0.006575456 0.992908180 -0.118701674 -0.048823912 -0.439573705 0.109490402 0.891508162 0.900809586
0.895524859 0.047374949 0.442482501 0.237132847 0.004410968 0.993323326 -0.115278602 -0.049209390 -0.444989592 0.105186649 0.889336824 0.903171539
0.891828418 0.052563280 0.449309498 0.238311663 -0.000860881 0.993421912 -0.114508495 -0.049569946 -0.452372909 0.101735130 0.886007249 0.905740857
0.889912605 0.046295866 0.453775525 0.239623606 0.005385021 0.993700147 -0.111941725 -0.049913988 -0.456099242 0.102061942 0.884057045 0.908175886
0.887189209 0.045822799 0.459124863 0.240846202 0.006934207 0.993619859 -0.112567231 -0.050269227 -0.461353689 0.103052095 0.881211102 0.910588026
0.885618269 0.045773868 0.462152600 0.242201284 0.009014891 0.993248999 -0.115651399 -0.050618872 -0.464326322 0.106589265 0.879226804 0.913029492
0.882090449 0.047466442 0.468682647 0.243357778 0.009679678 0.992874265 -0.118772425 -0.050965954 -0.470980674 0.109304711 0.875345469 0.915345073
0.880302370 0.047646716 0.472014278 0.244643167 0.011377782 0.992537320 -0.121409528 -0.051339954 -0.474276513 0.112247579 0.873190880 0.917747796
0.878639102 0.045758884 0.475288868 0.245972633 0.014788465 0.992312074 -0.122874349 -0.051703323 -0.477257460 0.114990994 0.871207595 0.920386314
0.877037764 0.045263775 0.478284419 0.247230023 0.015540450 0.992357850 -0.122411288 -0.052072603 -0.480170071 0.114792071 0.869631886 0.922684252
0.875934303 0.043733977 0.480444014 0.248620644 0.017814703 0.992271006 -0.122804031 -0.052425541 -0.482101440 0.116127230 0.868385077 0.925185025
0.874363005 0.042628314 0.483396381 0.249949992 0.018943323 0.992376626 -0.121777236 -0.052789159 -0.484902501 0.115634650 0.866889894 0.927584708
0.871716559 0.042947549 0.488124788 0.251226366 0.018984737 0.992443621 -0.121223778 -0.053154510 -0.489642590 0.114939697 0.864314198 0.929900765
0.869134843 0.041114606 0.492863357 0.252533287 0.022568800 0.992203474 -0.122568205 -0.053498365 -0.494060069 0.117651649 0.861430645 0.932356596
0.867062569 0.041159276 0.496496141 0.253879309 0.024359563 0.991887033 -0.124767572 -0.053874657 -0.497603297 0.120275743 0.859025419 0.934538603
0.864671826 0.037906416 0.500904858 0.255191535 0.030700646 0.991297185 -0.128013372 -0.054186337 -0.501398027 0.126067668 0.855983019 0.936929762
0.861866474 0.038286626 0.505688012 0.256630540 0.032526970 0.990919590 -0.130461618 -0.054600537 -0.506091118 0.128888965 0.852795064 0.939454556
0.861493409 0.037695508 0.506367683 0.257924259 0.034155712 0.990679801 -0.131858915 -0.054922901 -0.506618738 0.130890906 0.852176607 0.941134989
0.856751502 0.037264422 0.514381409 0.259358644 0.037039720 0.990364432 -0.133440271 -0.055285744 -0.514397621 0.133377686 0.847115993 0.944088399
0.854068816 0.037994355 0.518770516 0.260753453 0.035341226 0.990785599 -0.130747795 -0.055727892 -0.518957973 0.130001560 0.844856381 0.946373820
0.851238489 0.036087379 0.523536682 0.262175173 0.037545078 0.990888238 -0.129347920 -0.056047246 -0.523434103 0.129762158 0.842127383 0.948740125
0.848482072 0.034318898 0.528110027 0.263565242 0.039439145 0.991019964 -0.127765298 -0.056402691 -0.527752280 0.129234776 0.839509308 0.951024294
0.845920444 0.032673098 0.532307267 0.264974147 0.040538542 0.991294324 -0.125267923 -0.056794953 -0.531766117 0.127545670 0.837231696 0.953217566
0.843917370 0.030364413 0.535613120 0.266280890 0.044940323 0.990886390 -0.126982719 -0.057117105 -0.534587443 0.131233543 0.834861696 0.955342829
0.840931118 0.030149827 0.540301561 0.267816186 0.048127010 0.990323305 -0.130167276 -0.057520367 -0.538997769 0.135464817 0.831342697 0.957692087
0.838544667 0.030870995 0.543957472 0.269196928 0.049950525 0.989832699 -0.133177429 -0.057896957 -0.542538166 0.138846189 0.828476906 0.959828734
0.836245179 0.028968515 0.547590196 0.270671010 0.053927157 0.989418387 -0.134696156 -0.058254063 -0.545697808 0.142168984 0.825834095 0.962017059
0.834054887 0.027792579 0.550980985 0.272129267 0.056193247 0.989255846 -0.134963319 -0.058598198 -0.548812270 0.143528253 0.823531926 0.964212537
0.830818117 0.028140657 0.555832148 0.273574948 0.055485282 0.989557028 -0.133034706 -0.059019201 -0.553771317 0.141368151 0.820580542 0.966397166
0.828450501 0.025616577 0.559476256 0.275026649 0.058501694 0.989530742 -0.131934360 -0.059347942 -0.556998670 0.142031386 0.818278551 0.968546808
0.825672150 0.024414239 0.563621640 0.276533425 0.058765847 0.989905953 -0.128967926 -0.059744738 -0.561081171 0.139606953 0.815903008 0.970724881
0.822957337 0.021200603 0.567707539 0.277925164 0.061218213 0.990175128 -0.125720173 -0.060083408 -0.564795256 0.138216376 0.813573956 0.972775161
0.819908202 0.022520518 0.572051883 0.279438853 0.059988689 0.990345538 -0.124968223 -0.060465839 -0.569343388 0.136779115 0.810641468 0.974929631
0.817972124 0.018617047 0.574956536 0.280917466 0.067406192 0.989489198 -0.127936199 -0.060795672 -0.571294963 0.143403873 0.808119655 0.977011561
0.815273821 0.022635804 0.578633010 0.282361507 0.065624200 0.989186943 -0.131158680 -0.061178826 -0.575345039 0.144902587 0.804972827 0.979017854
0.813327491 0.023607800 0.581327021 0.283842564 0.066396505 0.988882303 -0.133053184 -0.061583959 -0.578005195 0.146813899 0.802717626 0.981080651
0.811149240 0.019257575 0.584522069 0.285351425 0.074939661 0.987796128 -0.136538565 -0.061859749 -0.580018044 0.154557034 0.799806952 0.983188391
0.807717025 0.021409988 0.589181483 0.286708146 0.073617123 0.987856746 -0.136820003 -0.062229246 -0.584956169 0.153885692 0.796332538 0.985124946
0.805431783 0.019870067 0.592355490 0.288194716 0.075313307 0.987904847 -0.135542691 -0.062576503 -0.587884188 0.153782606 0.794193387 0.987078905
0.803048551 0.016506923 0.595684886 0.289625227 0.078846879 0.987884402 -0.133669332 -0.062900290 -0.590674341 0.154310867 0.792017639 0.989009917
0.799793720 0.016271962 0.600054324 0.291070759 0.078567311 0.988195479 -0.131517306 -0.063291639 -0.595111012 0.152331367 0.789074123 0.990934134
0.797560394 0.015917568 0.603029072 0.292386860 0.078099415 0.988513768 -0.129386336 -0.063659959 -0.598162115 0.150289640 0.787156284 0.992594361
0.795696199 0.012001670 0.605576932 0.294018984 0.086256914 0.987368166 -0.132905260 -0.063940071 -0.599522531 0.157987401 0.784609854 0.994857490
0.793262601 0.007341700 0.608835399 0.295419902 0.094033405 0.986453652 -0.134413064 -0.064202607 -0.601574659 0.163875714 0.781826377 0.996809125
0.791677773 0.011235705 0.610835552 0.296979159 0.090326227 0.986690104 -0.135217145 -0.064635903 -0.604224682 0.162222847 0.780125797 0.998720825
0.789090455 0.011102099 0.614176691 0.298443288 0.092877410 0.986185730 -0.137154996 -0.064965606 -0.607214987 0.165270850 0.777158558 1.000640154
0.784866810 0.011735727 0.619553387 0.299898446 0.093908176 0.986020148 -0.137642816 -0.065308228 -0.612507463 0.166212380 0.772792399 1.002528906
0.781043053 0.007263504 0.624435127 0.301337332 0.102851190 0.984780848 -0.140101239 -0.065562963 -0.615949392 0.173648968 0.768409193 1.004448414
0.778101325 0.007947834 0.628088474 0.302891046 0.101591535 0.985162973 -0.138321951 -0.065971881 -0.619868934 0.171436951 0.765749216 1.006289244
0.775101721 0.002883275 0.631829739 0.304351628 0.108621553 0.984493613 -0.137744904 -0.066297695 -0.622429550 0.175396666 0.762769580 1.008131266
0.771469176 0.002062680 0.636263371 0.305892825 0.111477546 0.984088480 -0.138356775 -0.066600956 -0.626424789 0.177667111 0.758964002 1.010021210
0.768253386 0.002098584 0.640142441 0.307358295 0.114218630 0.983498633 -0.140301302 -0.066929370 -0.629873633 0.180903167 0.755336523 1.011880398
0.764753640 0.002086136 0.644319355 0.308794856 0.114115916 0.983747423 -0.138631240 -0.067277566 -0.634136736 0.179545835 0.752086282 1.013494372
0.761307538 0.000962121 0.648390174 0.310275018 0.117361061 0.983276844 -0.139258578 -0.067611545 -0.637681067 0.182114363 0.748463273 1.015340805
0.758451223 -0.000087288 0.651729822 0.311712831 0.118673943 0.983300090 -0.137975216 -0.067952774 -0.640834033 0.181990787 0.745795608 1.016929507
0.757016897 -0.004426964 0.653380275 0.313199848 0.124283761 0.982695997 -0.137338936 -0.068275571 -0.641466379 0.185172439 0.744467676 1.018553495
0.753277838 -0.002304179 0.657698452 0.314677298 0.123442255 0.982718170 -0.137938499 -0.068602130 -0.646014333 0.185093805 0.740544200 1.020311594
0.750128806 -0.005961264 0.661264896 0.316071868 0.128906965 0.982095003 -0.137376577 -0.068852127 -0.648606062 0.188291743 0.737466097 1.022040606
0.747858644 -0.003388725 0.663849354 0.317564875 0.123542033 0.983228922 -0.134157017 -0.069257244 -0.652261317 0.182343796 0.735734940 1.023573995
0.745634496 -0.002894882 0.666348994 0.318990499 0.123424634 0.983287036 -0.133838505 -0.069542348 -0.654824913 0.182038471 0.733529985 1.025184393
0.742624462 -0.002874421 0.669701934 0.320436865 0.123579919 0.983406365 -0.132815376 -0.069883168 -0.658207357 0.181393638 0.730656803 1.026809216
0.739812970 -0.002864558 0.672806442 0.321831763 0.126070008 0.982869267 -0.134440884 -0.070204049 -0.660895824 0.184281826 0.727500498 1.028434992
0.738897681 -0.002502180 0.673812985 0.323347718 0.129562140 0.981860816 -0.138430625 -0.070484295 -0.661244154 0.189586744 0.725818872 1.030020475
0.736736178 -0.006266160 0.676151216 0.324790955 0.137228176 0.980533481 -0.140437156 -0.070750445 -0.662108958 0.196252137 0.723254263 1.031709433
0.734984934 -0.004500364 0.678068459 0.326262742 0.133949444 0.981236696 -0.138680533 -0.071127892 -0.664721489 0.192754969 0.721796930 1.033198357
0.734008014 -0.018206483 0.678896666 0.327679873 0.153399155 0.978251338 -0.139617294 -0.071262591 -0.661589563 0.206622422 0.720837295 1.034950256
0.731020331 -0.004455811 0.682341099 0.329144806 0.132821828 0.981780589 -0.135886326 -0.071759678 -0.669303834 0.189965442 0.718293488 1.036264181
0.730524838 -0.011382185 0.682791173 0.330610901 0.141651586 0.980639458 -0.135207027 -0.072018996 -0.668033123 0.195490554 0.717993855 1.037940502
0.727718472 -0.004196495 0.685863018 0.332061052 0.133487031 0.981726408 -0.135626391 -0.072369039 -0.672760725 0.190251708 0.714980543 1.039418221
0.725747228 -0.003625682 0.687951982 0.333444893 0.138294801 0.980342209 -0.140725911 -0.072622105 -0.673918068 0.197271630 0.711981952 1.041028500
0.725952148 -0.003606235 0.687735617 0.334922671 0.138898119 0.980148733 -0.141476959 -0.073001496 -0.673573136 0.198230684 0.712042153 1.042444706
0.724442780 -0.005418219 0.689313650 0.336252272 0.145509154 0.978639185 -0.145232230 -0.073242202 -0.673802435 0.205513895 0.709756553 1.043931007
0.725047231 -0.005668548 0.688675761 0.337811947 0.144369289 0.978999615 -0.143935695 -0.073644683 -0.673397362 0.203783825 0.710639298 1.045469522
0.723843813 -0.006066917 0.689937055 0.339221388 0.143874407 0.979306579 -0.142333582 -0.074024692 -0.674796522 0.202291608 0.709737897 1.047093868
0.723452270 -0.006741085 0.690341413 0.340659797 0.144062519 0.979412913 -0.141408339 -0.074304655 -0.675175965 0.201754525 0.709529698 1.048426986
0.723451972 -0.008130852 0.690326810 0.342015445 0.144640371 0.979523718 -0.140043810 -0.074591309 -0.675052822 0.201164097 0.709814489 1.049809456
0.721471786 -0.006985587 0.692408681 0.343512982 0.143683642 0.979695082 -0.139830679 -0.074935988 -0.677372456 0.200371668 0.707826078 1.051367760
0.720416188 -0.006878182 0.693507910 0.344893664 0.141292632 0.980435431 -0.137050927 -0.075295143 -0.678996921 0.196721256 0.707293332 1.052816629
0.719107628 -0.007528020 0.694857955 0.346372753 0.142800093 0.980201066 -0.137164235 -0.075586580 -0.680067897 0.197861567 0.705945075 1.054283977
0.717762113 -0.012794948 0.696170866 0.347762495 0.150273234 0.979114890 -0.136938661 -0.075831026 -0.679879069 0.202905193 0.704694271 1.055775285
0.716892183 -0.007389469 0.697144866 0.349254102 0.142550424 0.980372310 -0.136196762 -0.076220647 -0.682455122 0.197016716 0.703874588 1.057220697
0.715597987 -0.006534082 0.698481798 0.350671053 0.143095583 0.980120182 -0.137433469 -0.076532677 -0.683698177 0.198296785 0.702307105 1.058697939
0.715222120 -0.008759436 0.698842347 0.352178603 0.146962807 0.979449749 -0.138130754 -0.076798230 -0.683270991 0.201498002 0.701811433 1.060189009
0.715125799 -0.014112659 0.698853374 0.353571266 0.152169496 0.978960574 -0.135943517 -0.077076823 -0.682231367 0.203560874 0.702227414 1.061610103
0.713528097 -0.010212609 0.700552225 0.355016619 0.147205308 0.979760170 -0.135649011 -0.077427521 -0.684987783 0.199914381 0.700589716 1.063041449
0.712751985 -0.010403535 0.701339006 0.356380373 0.148685038 0.979407907 -0.136576235 -0.077710234 -0.685475945 0.201623604 0.699621737 1.064453125
0.712263048 -0.007525607 0.701872289 0.357764572 0.145273417 0.979871988 -0.136917755 -0.078048721 -0.686714590 0.199484810 0.699019909 1.065768957
0.712456048 -0.011699443 0.701619148 0.359188050 0.151527807 0.978836179 -0.137546182 -0.078312427 -0.685161114 0.204310417 0.699150562 1.067256451
