1.000000000 0.000000000 0.000000000 0.000000000 0.000000000 1.000000000 0.000000000 0.000000000 0.000000000 0.000000000 1.000000000 0.000000000
0.999985993 0.000449608 -0.005266903 -0.000731261 -0.000592927 0.999628723 -0.027241467 -0.000065403 0.005252698 0.027244207 0.999615014 0.052936926
0.999960959 -0.001128274 -0.008762861 -0.000923196 0.000796494 0.999285936 -0.037773699 -0.000522880 0.008799224 0.037765242 0.999247909 0.107172854
0.999927759 -0.001175688 -0.011954116 -0.001443867 0.000847998 0.999624848 -0.027380543 -0.002086655 0.011981822 0.027368432 0.999553502 0.163244098
0.999882102 0.000171202 -0.015350495 -0.002333044 -0.000392898 0.999895751 -0.014440475 -0.004303345 0.015346419 0.014444803 0.999777794 0.219619513
0.999837339 0.001732502 -0.017954053 -0.003312575 -0.001916101 0.999946058 -0.010213919 -0.006076146 0.017935392 0.010246661 0.999786675 0.275442958
0.999826610 0.001294391 -0.018579556 -0.003917416 -0.001545986 0.999907255 -0.013533542 -0.007246299 0.018560313 0.013559919 0.999735832 0.331669092
0.999833226 0.001183513 -0.018229861 -0.004923663 -0.001494276 0.999853611 -0.017042737 -0.007872764 0.018207025 0.017067131 0.999688506 0.388329268
0.999849796 0.001074150 -0.017299717 -0.006191551 -0.001384711 0.999837875 -0.017949790 -0.009060629 0.017277636 0.017971046 0.999689221 0.445020556
0.999847472 0.001242628 -0.017421270 -0.006356342 -0.001530674 0.999862194 -0.016530568 -0.010990152 0.017398329 0.016554713 0.999711514 0.501343489
0.999863505 0.000634127 -0.016511714 -0.007807263 -0.000901858 0.999868214 -0.016212197 -0.012322513 0.016499255 0.016224870 0.999732196 0.559767842
0.999850810 0.000056601 -0.017274419 -0.008155807 -0.000342526 0.999862969 -0.016549395 -0.013998143 0.017271122 0.016552839 0.999713778 0.617791712
0.999835610 -0.001474535 -0.018077748 -0.008356786 0.001152652 0.999840856 -0.017802957 -0.015263850 0.018101126 0.017779190 0.999678075 0.676334739
0.999838710 -0.001284249 -0.017914189 -0.009954042 0.000963585 0.999839246 -0.017897168 -0.016958751 0.017934294 0.017877012 0.999679327 0.736073077
0.999830306 -0.001634794 -0.018345021 -0.011087281 0.001314138 0.999846220 -0.017477654 -0.018284068 0.018370776 0.017450575 0.999678910 0.795337975
0.999831855 -0.000155850 -0.018336205 -0.012123838 -0.000149627 0.999861121 -0.016657189 -0.019607635 0.018336257 0.016657129 0.999693155 0.856438994
0.999842584 0.000395590 -0.017737508 -0.013529421 -0.000692673 0.999859512 -0.016745823 -0.021331213 0.017728390 0.016755469 0.999702454 0.916603804
0.999842882 -0.000218469 -0.017719096 -0.013886444 -0.000098933 0.999839544 -0.017910128 -0.022656841 0.017720161 0.017909061 0.999682724 0.978503823
0.999848545 -0.000340830 -0.017396428 -0.015276018 0.000000024 0.999808133 -0.019586798 -0.023679528 0.017399764 0.019583829 0.999656856 1.040014029
0.999848664 -0.000377757 -0.017395547 -0.016063970 0.000039943 0.999811471 -0.019415837 -0.026250713 0.017399600 0.019412203 0.999660194 1.101959586
0.999836624 -0.001196442 -0.018033756 -0.016812069 0.000846647 0.999811590 -0.019391853 -0.027661467 0.018053558 0.019373413 0.999649346 1.166045308
0.999804854 -0.003342516 -0.019466236 -0.017547740 0.002951599 0.999794185 -0.020075981 -0.028537171 0.019529330 0.020014605 0.999608994 1.228795528
0.999785125 -0.003493845 -0.020440066 -0.018760929 0.003095583 0.999805391 -0.019483719 -0.030956039 0.020504165 0.019416252 0.999601185 1.294549108
0.999747276 -0.005639123 -0.021769047 -0.019498441 0.005224744 0.999805033 -0.019045440 -0.033358984 0.021872198 0.018926885 0.999581635 1.358915687
0.999710143 -0.007108913 -0.023007566 -0.020636011 0.006667322 0.999793231 -0.019213412 -0.035186633 0.023139395 0.019054441 0.999550700 1.424969077
0.999675035 -0.007720426 -0.024290999 -0.022547683 0.007255738 0.999790072 -0.019160328 -0.036347646 0.024433823 0.018977853 0.999521255 1.491196394
0.999617279 -0.008134772 -0.026437666 -0.023489596 0.007633826 0.999790430 -0.018994205 -0.037367634 0.026586637 0.018785121 0.999469995 1.558156013
0.999560177 -0.008506428 -0.028405814 -0.026898934 0.008028907 0.999825239 -0.016882621 -0.040170342 0.028544459 0.016647127 0.999453962 1.625343919
0.999468803 -0.005872043 -0.032056585 -0.028099984 0.005360663 0.999857366 -0.016015088 -0.040998053 0.032146059 0.015834734 0.999357700 1.696824312
0.999368131 -0.005153367 -0.035168190 -0.031449378 0.004541417 0.999837220 -0.017458424 -0.042429313 0.035252441 0.017287675 0.999228895 1.765353680
0.999157071 -0.006103729 -0.040592790 -0.034258235 0.005229684 0.999752939 -0.021603471 -0.044730343 0.040714629 0.021372974 0.998942196 1.835463643
0.998877227 -0.006116209 -0.046977829 -0.036419142 0.004980247 0.999693215 -0.024259906 -0.045993768 0.047111802 0.023998708 0.998601317 1.908697724
0.998576760 -0.007433180 -0.052813746 -0.040675312 0.006273981 0.999736428 -0.022080807 -0.047416788 0.052963957 0.021718025 0.998360217 1.980701208
0.998236954 -0.006569014 -0.058990158 -0.043521881 0.005484971 0.999813378 -0.018519821 -0.049098033 0.059100810 0.018163608 0.998086810 2.055134296
0.998019874 -0.007959841 -0.062393978 -0.049418807 0.006882674 0.999823809 -0.017459918 -0.050949045 0.062521964 0.016995899 0.997898936 2.124050140
0.997854531 -0.005564741 -0.065233842 -0.053072736 0.004461098 0.999844611 -0.017051732 -0.053869478 0.065318592 0.016724134 0.997724414 2.202236176
0.997780681 -0.004720827 -0.066419564 -0.057918757 0.003635396 0.999857903 -0.016453417 -0.055354923 0.066487819 0.016175441 0.997656107 2.276057482
0.997791588 -0.003421575 -0.066333853 -0.062630832 0.002426181 0.999883294 -0.015080576 -0.057512462 0.066377707 0.014886335 0.997683525 2.351361036
0.997844517 -0.001478889 -0.065606758 -0.067151330 0.000512242 0.999891102 -0.014748346 -0.058809847 0.065621436 0.014682950 0.997736573 2.425242662
0.997933745 -0.001776529 -0.064226300 -0.072513364 0.000856849 0.999896765 -0.014344078 -0.061057236 0.064245135 0.014259407 0.997832298 2.498202562
0.997969329 -0.002635955 -0.063641697 -0.076971896 0.001671009 0.999882877 -0.015210647 -0.063382506 0.063674338 0.015073414 0.997856915 2.576054096
0.998031139 -0.004728095 -0.062541753 -0.081140399 0.003718919 0.999861121 -0.016242616 -0.064972490 0.062609866 0.015978048 0.997910202 2.650108337
0.998115540 -0.005331029 -0.061128989 -0.085702032 0.004373715 0.999865830 -0.015783688 -0.067785248 0.061204929 0.015486587 0.998005033 2.725777388
0.998183072 -0.005701388 -0.059984930 -0.089709461 0.004775288 0.999867320 -0.015570927 -0.069822498 0.060065754 0.015256189 0.998077750 2.799095631
0.998235941 -0.006142793 -0.059054308 -0.092676058 0.005271775 0.999875128 -0.014893954 -0.071693316 0.059138432 0.014556356 0.998143613 2.870384455
0.998351276 -0.005589354 -0.057126507 -0.097755380 0.004735433 0.999875188 -0.015072372 -0.074289545 0.057203609 0.014777001 0.998253107 2.948490381
0.998374820 -0.006018521 -0.056671415 -0.101554081 0.005145764 0.999866128 -0.015533689 -0.075768344 0.056757312 0.015216822 0.998272002 3.021649361
0.998447359 -0.006675059 -0.055301908 -0.106049448 0.005842560 0.999867320 -0.015201750 -0.078031100 0.055396046 0.014855042 0.998353958 3.098052025
0.998500526 -0.006864263 -0.054309439 -0.110965990 0.006031329 0.999861896 -0.015485882 -0.079702713 0.054408237 0.015135101 0.998404086 3.170030355
0.998471916 -0.007981810 -0.054681927 -0.114509180 0.007108257 0.999844372 -0.016151071 -0.081970677 0.054802328 0.015737699 0.998373210 3.242209196
0.998527408 -0.006697221 -0.053834707 -0.118068084 0.005868245 0.999861896 -0.015541888 -0.084851593 0.053931363 0.015203086 0.998428881 3.321165323
0.998517036 -0.007142443 -0.053969011 -0.121586092 0.006304726 0.999857187 -0.015676538 -0.086490728 0.054073274 0.015313031 0.998419583 3.391504049
0.998550415 -0.006634688 -0.053415485 -0.125221714 0.005799124 0.999858558 -0.015782567 -0.089103252 0.053512648 0.015449927 0.998447657 3.463637352
0.998570919 -0.006624714 -0.053029768 -0.128391966 0.005739999 0.999842048 -0.016818315 -0.091036916 0.053132806 0.016489888 0.998451293 3.542579174
0.998563826 -0.007183189 -0.053090446 -0.131860405 0.006351225 0.999854565 -0.015822832 -0.093592748 0.053196389 0.015462916 0.998464346 3.613802433
0.998477399 -0.008518466 -0.054499850 -0.136264920 0.007695662 0.999853492 -0.015289463 -0.095139578 0.054622121 0.014846767 0.998396754 3.689306021
0.998354435 -0.010012692 -0.056463636 -0.141992629 0.009158325 0.999839902 -0.015369788 -0.096650362 0.056608494 0.014827383 0.998286426 3.759682178
0.997966588 -0.014019991 -0.062178951 -0.144677907 0.012959223 0.999764085 -0.017430538 -0.098454095 0.062408660 0.016589304 0.997912765 3.831658125
0.997509658 -0.016572921 -0.068557173 -0.148748964 0.015313729 0.999704897 -0.018852104 -0.101801917 0.068849377 0.017755285 0.997469068 3.907688856
0.996900082 -0.019227495 -0.076292545 -0.153305426 0.017730456 0.999637723 -0.020251494 -0.104123324 0.076654300 0.018836012 0.996879816 3.977994204
0.996360540 -0.019290417 -0.083028957 -0.159676656 0.017738232 0.999654531 -0.019391816 -0.106097728 0.083374374 0.017848451 0.996358395 4.049198627
0.995835304 -0.017968873 -0.089381143 -0.165782943 0.016520420 0.999720335 -0.016918901 -0.109008618 0.089660168 0.015371825 0.995853901 4.124650002
0.995438814 -0.014923075 -0.094226986 -0.172397062 0.013362807 0.999763310 -0.017167954 -0.110206276 0.094460890 0.015830511 0.995402753 4.196694374
0.995270252 -0.012869671 -0.096287981 -0.179768279 0.011169696 0.999772429 -0.018173337 -0.112463266 0.096499979 0.017011877 0.995187640 4.266861916
0.995210171 -0.010663832 -0.097175300 -0.186874434 0.008761924 0.999761999 -0.019977698 -0.115542725 0.097365215 0.019030560 0.995066702 4.339657307
0.995290041 -0.009520120 -0.096473172 -0.193069503 0.007461137 0.999737024 -0.021680873 -0.117618419 0.096654207 0.020858957 0.995099366 4.412323952
0.995465040 -0.009765810 -0.094625257 -0.200498089 0.007841344 0.999755144 -0.020688321 -0.120224364 0.094804130 0.019852512 0.995297968 4.483356953
0.995709717 -0.009566731 -0.092035130 -0.205774069 0.007845137 0.999787748 -0.019049497 -0.122974098 0.092197828 0.018245742 0.995573521 4.553992271
0.996308446 -0.009344155 -0.085334823 -0.213388503 0.007822826 0.999804735 -0.018144796 -0.124538720 0.085487716 0.017410250 0.996187031 4.626840115
0.996770024 -0.007459182 -0.079961039 -0.218349814 0.006049006 0.999822199 -0.017863553 -0.126989126 0.080080062 0.017322168 0.996637940 4.695943832
0.997403800 -0.006778275 -0.071691781 -0.223725736 0.005488401 0.999819756 -0.018173646 -0.129556119 0.071802042 0.017732991 0.997261167 4.769170284
0.998047054 -0.004507776 -0.062304065 -0.228425860 0.003381793 0.999829292 -0.018166011 -0.131703436 0.062375333 0.017919837 0.997891843 4.838393688
0.998656273 -0.003411403 -0.051708668 -0.232108638 0.002464985 0.999828398 -0.018355615 -0.134017795 0.051762421 0.018203493 0.998493433 4.907358646
0.999181032 -0.002110019 -0.040411741 -0.235283524 0.001395058 0.999842107 -0.017711952 -0.136162177 0.040442735 0.017641068 0.999026120 4.983094215
0.999577284 -0.001004087 -0.029059103 -0.237634152 0.000498629 0.999848545 -0.017396173 -0.138490900 0.029072165 0.017374324 0.999426305 5.052902222
0.999840856 -0.000574940 -0.017831704 -0.238849491 0.000258674 0.999842703 -0.017733360 -0.140353754 0.017839096 0.017725922 0.999683678 5.125638008
0.999967098 -0.001200114 -0.008025849 -0.238352060 0.001056568 0.999839842 -0.017865796 -0.143240422 0.008046005 0.017856726 0.999808192 5.195496559
0.999994099 -0.003220589 0.001174785 -0.238208994 0.003243700 0.999790072 -0.020231361 -0.144464955 -0.001109378 0.020235052 0.999794662 5.266005993
0.999957442 -0.004358771 0.008131864 -0.237253845 0.004527206 0.999773204 -0.020810757 -0.147015020 -0.008039311 0.020846685 0.999750376 5.340863705
0.999898851 -0.008296684 0.011552103 -0.234773636 0.008532059 0.999753952 -0.020476975 -0.149570912 -0.011379369 0.020573463 0.999723673 5.411150455
0.999827087 -0.011651112 0.014489751 -0.234647244 0.011940941 0.999727070 -0.020079406 -0.151501179 -0.014251846 0.020248957 0.999693394 5.484745026
0.999782264 -0.014575204 0.014928092 -0.233175725 0.014876409 0.999683917 -0.020268882 -0.153164834 -0.014627951 0.020486545 0.999683142 5.555204391
0.999791265 -0.014888466 0.013999673 -0.232113853 0.015147769 0.999712229 -0.018601999 -0.156092763 -0.013718689 0.018810172 0.999728918 5.629938602
0.999805748 -0.015364439 0.012347396 -0.230822057 0.015598087 0.999696791 -0.019054746 -0.157745779 -0.012050885 0.019243637 0.999742150 5.700669289
0.999831676 -0.015484757 0.009836511 -0.230219513 0.015674930 0.999685705 -0.019559719 -0.160459086 -0.009530544 0.019710613 0.999760270 5.774819374
0.999851584 -0.015649872 0.007208841 -0.229397297 0.015797731 0.999655962 -0.020931672 -0.162104845 -0.006878785 0.021042451 0.999754906 5.846141338
0.999871552 -0.015763419 0.002873254 -0.229032755 0.015821649 0.999643207 -0.021515675 -0.164246082 -0.002533069 0.021558372 0.999764323 5.914426327
0.999850214 -0.017254075 -0.001339053 -0.228859037 0.017221110 0.999617934 -0.021620044 -0.166769639 0.001711576 0.021593753 0.999765337 5.995162964
0.999825895 -0.017524092 -0.006394776 -0.227915362 0.017381081 0.999611914 -0.021772549 -0.168852329 0.006773839 0.021657614 0.999742508 6.067335129
0.999781430 -0.018262532 -0.010179891 -0.229247615 0.018043483 0.999612212 -0.021209510 -0.170853764 0.010563283 0.021021191 0.999723196 6.144700050
0.999739707 -0.018227752 -0.013725691 -0.230339259 0.017946895 0.999632657 -0.020314371 -0.173538148 0.014090930 0.020062748 0.999699473 6.218038559
0.999696970 -0.017424431 -0.017383540 -0.231805772 0.017079430 0.999657989 -0.019801149 -0.175601617 0.017722612 0.019498251 0.999652803 6.297267437
0.999670446 -0.015556232 -0.020419301 -0.233053893 0.015185596 0.999719322 -0.018182330 -0.177510858 0.020696418 0.017866258 0.999626160 6.370921135
0.999667108 -0.013863237 -0.021758694 -0.235629946 0.013460947 0.999737859 -0.018527428 -0.179452881 0.022009838 0.018228369 0.999591589 6.449782848
0.999609053 -0.014819349 -0.023708899 -0.237476766 0.014375351 0.999720156 -0.018789168 -0.182529569 0.023980703 0.018440999 0.999542356 6.521703720
0.999595702 -0.013477216 -0.025033884 -0.239364102 0.012971709 0.999710798 -0.020246698 -0.184552774 0.025299512 0.019913780 0.999481559 6.602008343
0.999573290 -0.014271673 -0.025484510 -0.242409527 0.013766461 0.999707282 -0.019890836 -0.187176645 0.025760930 0.019531516 0.999477386 6.673507214
0.999518991 -0.014743255 -0.027289789 -0.243032426 0.014217241 0.999711275 -0.019369846 -0.189580500 0.027567495 0.018972542 0.999439895 6.753614426
0.999545991 -0.013631144 -0.026872795 -0.246290743 0.013127348 0.999736369 -0.018835541 -0.191261917 0.027122468 0.018474219 0.999461412 6.827404976
0.999486148 -0.015084047 -0.028282749 -0.247160703 0.014574691 0.999729395 -0.018129840 -0.194007009 0.028548570 0.017708315 0.999435544 6.904763222
0.999493301 -0.013369036 -0.028886007 -0.249088705 0.012887218 0.999775767 -0.016802233 -0.196969241 0.029104162 0.016421458 0.999441504 6.977629662
0.999532223 -0.011634063 -0.028281685 -0.251310647 0.011187167 0.999810874 -0.015908813 -0.198446959 0.028461417 0.015584979 0.999473333 7.056018353
0.999540210 -0.010779446 -0.028338067 -0.253107011 0.010299099 0.999801695 -0.017042277 -0.200357825 0.028516155 0.016742583 0.999453127 7.128410339
0.999525547 -0.012176474 -0.028287707 -0.254892260 0.011654944 0.999760389 -0.018528858 -0.203311339 0.028506543 0.018190378 0.999428093 7.204598427
0.999503613 -0.012806853 -0.028780004 -0.255913556 0.012265312 0.999745905 -0.018914968 -0.205655679 0.029014928 0.018552590 0.999406815 7.276009083
0.999483228 -0.015383368 -0.028223503 -0.258622974 0.014831216 0.999696493 -0.019669747 -0.207819030 0.028517528 0.019240992 0.999408066 7.351716518
0.999444246 -0.017672081 -0.028261840 -0.259802729 0.017141722 0.999674439 -0.018899320 -0.209693581 0.028586630 0.018404363 0.999421835 7.423787594
0.999455154 -0.017725820 -0.027842149 -0.262066811 0.017253166 0.999704421 -0.017125731 -0.212026551 0.028137492 0.016636036 0.999465644 7.494501591
0.999400914 -0.019544439 -0.028560337 -0.262945563 0.019109037 0.999698222 -0.015439278 -0.215207025 0.028853470 0.014884266 0.999472737 7.571103573
0.999379456 -0.020378476 -0.028728684 -0.264582753 0.019954229 0.999688685 -0.014977505 -0.216742158 0.029024960 0.014394953 0.999474943 7.641792297
0.999370873 -0.020562422 -0.028896790 -0.266425908 0.020148501 0.999691248 -0.014543136 -0.218946919 0.029186910 0.013951763 0.999476612 7.714355469
0.999354839 -0.021219075 -0.028976088 -0.268708825 0.020816538 0.999683619 -0.014123757 -0.220787048 0.029266613 0.013511464 0.999480367 7.782875538
0.999306679 -0.022247300 -0.029849218 -0.270922661 0.021837933 0.999663949 -0.013971214 -0.222730070 0.030150006 0.013309684 0.999456763 7.849466324
0.999247968 -0.022256186 -0.031751532 -0.272349209 0.021843836 0.999673247 -0.013275228 -0.225377470 0.032036610 0.012571668 0.999407649 7.922906399
0.999200463 -0.022045789 -0.033354145 -0.274192303 0.021600636 0.999673545 -0.013648392 -0.226880521 0.033644140 0.012917009 0.999350488 7.987831593
0.999142468 -0.021710107 -0.035257202 -0.276479691 0.021249581 0.999684632 -0.013384541 -0.229366958 0.035536665 0.012623862 0.999288559 8.056844711
0.999060273 -0.022523372 -0.037030261 -0.278225273 0.022038681 0.999666691 -0.013445552 -0.231666207 0.037320759 0.012616820 0.999223650 8.121035576
0.998989046 -0.022322385 -0.039021440 -0.280954182 0.021826282 0.999676168 -0.013093763 -0.233345419 0.039301075 0.012228834 0.999152601 8.186616898
0.998929024 -0.021888722 -0.040764585 -0.283451915 0.021372858 0.999686480 -0.013047893 -0.235280931 0.041037403 0.012162664 0.999083579 8.248154640
0.998826385 -0.021550667 -0.043376289 -0.285484731 0.021037858 0.999703765 -0.012244408 -0.237358093 0.043627318 0.011317492 0.998983800 8.308616638
0.998788834 -0.020247761 -0.044843610 -0.289140821 0.019697411 0.999725521 -0.012680789 -0.239286274 0.045088060 0.011782126 0.998913586 8.371732712
0.998761415 -0.018079270 -0.046358012 -0.292111933 0.017475069 0.999757409 -0.013405853 -0.240585625 0.046589136 0.012579137 0.998835027 8.428999901
0.998705566 -0.017756777 -0.047667325 -0.294887066 0.017125444 0.999760509 -0.013620540 -0.242477521 0.047897778 0.012786585 0.998770356 8.488998413
0.998647511 -0.016720757 -0.049231119 -0.297651410 0.016003076 0.999760389 -0.014936073 -0.244588599 0.049469065 0.014128023 0.998675704 8.544656754
0.998676240 -0.015140405 -0.049158562 -0.300558746 0.014380092 0.999772012 -0.015783556 -0.246437043 0.049386330 0.015055754 0.998666227 8.602929115
0.998699009 -0.013987199 -0.049036242 -0.303285897 0.013262480 0.999798417 -0.015073643 -0.248461962 0.049237192 0.014403691 0.998683155 8.656151772
0.998704135 -0.013354438 -0.049107734 -0.305997252 0.012704305 0.999827683 -0.013527332 -0.249903485 0.049279928 0.012885927 0.998701870 8.712946892
0.998784363 -0.011487599 -0.047935046 -0.308456868 0.010918081 0.999866724 -0.012126013 -0.251206815 0.048067957 0.011587912 0.998776913 8.764090538
0.998941600 -0.008477375 -0.045208093 -0.312017351 0.008012021 0.999913096 -0.010464883 -0.252503514 0.045292877 0.010091599 0.998922765 8.812535286
0.999055564 -0.007057496 -0.042871781 -0.313004315 0.006733250 0.999947786 -0.007702802 -0.254094601 0.042923901 0.007406862 0.999050915 8.867055893
0.999226809 -0.005591631 -0.038914882 -0.314953536 0.005396025 0.999972284 -0.005129716 -0.255711287 0.038942490 0.004915766 0.999229372 8.911730766
0.999429703 -0.003177162 -0.033618081 -0.316269547 0.003036537 0.999986470 -0.004233214 -0.256570041 0.033631064 0.004128717 0.999425769 8.956512451
0.999618530 -0.001923147 -0.027547939 -0.317809433 0.001802450 0.999988616 -0.004405512 -0.258048743 0.027556095 0.004354179 0.999610782 9.003814697
0.999784112 -0.000474143 -0.020768132 -0.318283677 0.000348216 0.999981463 -0.006066630 -0.258614272 0.020770626 0.006058090 0.999765933 9.043209076
0.999915123 -0.001656506 -0.012911809 -0.317755222 0.001578437 0.999980271 -0.006054154 -0.260401666 0.012921580 0.006033260 0.999898374 9.079730034
0.999991536 -0.001590770 -0.003792511 -0.318175167 0.001562542 0.999971092 -0.007434490 -0.261012018 0.003804225 0.007428502 0.999965191 9.114765167
0.999978542 -0.001001322 0.006465608 -0.317636371 0.001055435 0.999964416 -0.008371453 -0.262152851 -0.006456996 0.008378100 0.999944031 9.154126167
0.999855340 -0.001383086 0.016949419 -0.316451430 0.001520182 0.999966204 -0.008078318 -0.262270689 -0.016937675 0.008102917 0.999823689 9.185386658
0.999615550 0.000022816 0.027722601 -0.315143228 0.000176038 0.999974191 -0.007170582 -0.263535261 -0.027722055 0.007172707 0.999589920 9.214114189
0.999252617 0.000059383 0.038652822 -0.311856836 0.000227911 0.999972403 -0.007428258 -0.264362454 -0.038652189 0.007431517 0.999225020 9.242147446
0.998663008 0.002062490 0.051649090 -0.310817540 -0.001630940 0.999963343 -0.008396178 -0.265047193 -0.051664516 0.008300718 0.998629928 9.268518448
0.997711539 0.000603784 0.067611091 -0.309120893 -0.000079410 0.999969900 -0.007758169 -0.264839083 -0.067613743 0.007735046 0.997681618 9.293743134
0.996399462 -0.000399488 0.084781520 -0.304280818 0.000788242 0.999989331 -0.004551934 -0.267022014 -0.084778793 0.004602373 0.996389270 9.326135635
0.994448900 -0.001200203 0.105214544 -0.301302314 0.001694227 0.999987900 -0.004606144 -0.266926020 -0.105207764 0.004758831 0.994438887 9.350643158
0.991644502 0.000826227 0.128997803 -0.297223926 -0.000037712 0.999981344 -0.006114945 -0.267806441 -0.129000440 0.006058987 0.991626084 9.374854088
0.987719595 0.008342263 0.156014115 -0.292825341 -0.007176531 0.999941945 -0.008033762 -0.268258333 -0.156072080 0.006815463 0.987722099 9.398095131
0.982664526 0.014371337 0.184834152 -0.287836790 -0.012077940 0.999835551 -0.013527862 -0.269441396 -0.184998184 0.011060936 0.982676566 9.421768188
0.976619899 0.016844617 0.214312479 -0.280092597 -0.011582581 0.999600351 -0.025785310 -0.271097213 -0.214661211 0.022700155 0.976424694 9.447927475
0.968940139 0.015168771 0.246829897 -0.272293568 -0.005698966 0.999221683 -0.039035015 -0.274149835 -0.247229904 0.036415920 0.968272269 9.468350410
0.959593058 0.015006110 0.280991197 -0.264103174 0.000488177 0.998486698 -0.054990541 -0.274218291 -0.281391174 0.052905716 0.958133578 9.488647461
0.948200762 0.015772220 0.317279905 -0.256277561 0.004379139 0.998022795 -0.062699661 -0.275505483 -0.317641497 0.060841270 0.946256876 9.508710861
0.934812069 0.019420164 0.354611486 -0.245509148 0.004202329 0.997829020 -0.065723717 -0.274990618 -0.355118036 0.062929519 0.932700872 9.530449867
0.918672740 0.024629125 0.394250929 -0.235268354 0.001592517 0.997815371 -0.066045031 -0.275770813 -0.395016313 0.061301619 0.916626513 9.548780441
0.899545252 0.027265992 0.435975760 -0.225262403 0.002789669 0.997671068 -0.068150416 -0.275985360 -0.436818689 0.062520601 0.897374272 9.567452431
0.878940105 0.020000879 0.476512492 -0.210172653 0.012243555 0.997844696 -0.064466573 -0.277955711 -0.476774871 0.062496468 0.876800954 9.586961746
0.853414834 0.009993411 0.521136463 -0.196364403 0.022059556 0.998227894 -0.055267029 -0.279496700 -0.520765185 0.058661744 0.851682127 9.604098320
0.824262023 0.002427439 0.566203117 -0.182403088 0.027483273 0.998640597 -0.044290755 -0.281893134 -0.565540850 0.052068312 0.823074996 9.620194435
0.790975988 0.000693780 0.611846745 -0.164278507 0.027670404 0.998935640 -0.036904115 -0.283459425 -0.611221135 0.046120320 0.790114880 9.637018204
0.750050247 0.001971674 0.661377907 -0.148292065 0.024774466 0.999209940 -0.031074828 -0.284787178 -0.660916567 0.039692972 0.749408782 9.650899887
0.703240097 -0.000040588 0.710952401 -0.129067898 0.023747303 0.999443293 -0.023432642 -0.285366267 -0.710555673 0.033361975 0.702849627 9.664619446
0.650329769 -0.007837784 0.759611547 -0.110088348 0.025122710 0.999621630 -0.011194186 -0.285350859 -0.759236276 0.026363410 0.650280833 9.676059723
0.593196034 -0.019017801 0.804833293 -0.087637901 0.029071758 0.999574840 0.002192339 -0.285283297 -0.804532886 0.022097427 0.593496799 9.686797142
0.532783985 -0.029198330 0.845747352 -0.066998482 0.033628948 0.999345601 0.013316337 -0.285555422 -0.845582724 0.021346860 0.533417344 9.694165230
0.468062907 -0.033454791 0.883061647 -0.043666363 0.033548098 0.999235451 0.020074017 -0.285419762 -0.883058131 0.020229138 0.468827367 9.701898575
0.400156707 -0.037232921 0.915690064 -0.021830320 0.032422584 0.999123991 0.026456758 -0.284863234 -0.915872931 0.019102190 0.401013374 9.707079887
0.330446005 -0.041275524 0.942921877 0.002231121 0.028265867 0.999027908 0.033825774 -0.284766793 -0.943401515 0.015474920 0.331291437 9.711281776
0.259888470 -0.046128266 0.964536190 0.024872303 0.026918229 0.998816192 0.040514730 -0.284240246 -0.965263307 0.015434301 0.260822564 9.713248253
0.190897286 -0.048344351 0.980418921 0.049972057 0.022536756 0.998739064 0.044859588 -0.283937395 -0.981351256 0.013531886 0.191746101 9.714197159
0.124552578 -0.048062947 0.991048217 0.073057413 0.019152373 0.998756409 0.046029754 -0.282878846 -0.992028177 0.013247800 0.125318199 9.714664459
0.065295674 -0.046704087 0.996772349 0.098325729 0.015559482 0.998830199 0.045781266 -0.281769931 -0.997744679 0.012519946 0.065945975 9.712160110
0.007511217 -0.047582936 0.998839080 0.122298665 0.015494049 0.998752832 0.047462322 -0.280844361 -0.999851704 0.015119565 0.008239090 9.709342003
-0.046601944 -0.050033942 0.997659683 0.148901224 0.017335854 0.998553813 0.050888576 -0.279364765 -0.998763084 0.019666785 -0.045667168 9.704566956
-0.096815579 -0.055025022 0.993780077 0.174372673 0.018615177 0.998195827 0.057083040 -0.277843118 -0.995128274 0.024025919 -0.095616609 9.700224876
-0.138565913 -0.063594550 0.988309264 0.202299237 0.015915446 0.997664273 0.066427946 -0.276161104 -0.990225315 0.024934031 -0.137230128 9.692770004
-0.178341597 -0.071766868 0.981347978 0.229043603 0.010127012 0.997149944 0.074762873 -0.274208426 -0.983916581 0.023271451 -0.177106529 9.686412811
-0.212320879 -0.080023102 0.973917902 0.259052277 0.001495366 0.996613562 0.082213916 -0.272858858 -0.977198899 0.018912097 -0.211482197 9.678258896
-0.242964640 -0.078677535 0.966839194 0.286329985 -0.000032665 0.996705949 0.081099786 -0.271556586 -0.970035136 0.019672800 -0.242166892 9.670410156
-0.268616349 -0.069960460 0.960703254 0.316255331 0.001136160 0.997335315 0.072945759 -0.270649880 -0.963246584 0.020685935 -0.267821074 9.660315514
-0.290349901 -0.055612545 0.955303133 0.343870163 0.006543989 0.998171210 0.060097035 -0.269161761 -0.956898212 0.023700658 -0.289454967 9.649801254
-0.307507366 -0.042109378 0.950613439 0.374330759 0.006705917 0.998899579 0.046417564 -0.267347455 -0.951522052 0.020648474 -0.306886613 9.638233185
-0.322308928 -0.030475259 0.946143866 0.403699398 0.004596877 0.999419570 0.033757217 -0.264577448 -0.946623385 0.015229560 -0.321981758 9.627435684
-0.334500253 -0.025015848 0.942063451 0.433376789 -0.001097829 0.999657333 0.026155397 -0.262483895 -0.942395031 0.007714763 -0.334413111 9.617424965
-0.344151139 -0.028134691 0.938492596 0.469600201 -0.003202355 0.999580324 0.028791694 -0.261126637 -0.938908756 0.006903307 -0.344096839 9.603044510
-0.352524817 -0.034546647 0.935164571 0.502175093 -0.000315789 0.999322712 0.036797717 -0.260906070 -0.935802341 0.012676795 -0.352296948 9.589660645
-0.360702366 -0.037285797 0.931935430 0.534840345 0.002462326 0.999159098 0.040928386 -0.260115206 -0.932677686 0.017057694 -0.360307276 9.576366425
-0.366742671 -0.035555299 0.929642677 0.572082043 0.005084618 0.999177814 0.040220633 -0.258962125 -0.930308580 0.019477505 -0.366260320 9.560678482
-0.371535659 -0.032109294 0.927863181 0.605456591 0.004142580 0.999334395 0.036241382 -0.257909536 -0.928409517 0.017308714 -0.371155411 9.546882629
-0.375944287 -0.029443925 0.926174283 0.640264750 0.002782488 0.999454498 0.032903027 -0.255934477 -0.926638067 0.014946773 -0.375657320 9.533166885
-0.378772795 -0.029623654 0.925015450 0.678881407 0.002142893 0.999456942 0.032885108 -0.254934758 -0.925487161 0.014438197 -0.378503680 9.516870499
-0.380615383 -0.028595082 0.924291193 0.714596033 0.003775694 0.999465466 0.032475572 -0.253408432 -0.924725652 0.015850546 -0.380303979 9.501033783
-0.382130146 -0.027824251 0.923689544 0.750404119 0.007139669 0.999427915 0.033059396 -0.252846748 -0.924081028 0.019227833 -0.381712884 9.486390114
-0.382559538 -0.028034873 0.923505366 0.792275190 0.007446455 0.999413490 0.033423889 -0.252167612 -0.923900783 0.019663468 -0.382126421 9.468660355
-0.382457912 -0.028999986 0.923517644 0.829546690 0.005846930 0.999411345 0.033804566 -0.251145631 -0.923954546 0.018328566 -0.382063121 9.453380585
-0.381455421 -0.029190276 0.923926175 0.866648912 0.005924697 0.999403536 0.034020975 -0.249948367 -0.924368143 0.018451469 -0.381054997 9.438083649
-0.380152941 -0.029170638 0.924463511 0.908961535 0.006409841 0.999395430 0.034170870 -0.248928756 -0.924901426 0.018915821 -0.379736155 9.420019150
-0.378892392 -0.028669223 0.924996555 0.945851564 0.007274773 0.999396861 0.033955034 -0.247912496 -0.925412118 0.019594444 -0.378455400 9.404945374
-0.377796113 -0.029151060 0.925429761 0.983575821 0.006991543 0.999385953 0.034334898 -0.246848598 -0.925862432 0.019441776 -0.377360284 9.390073776
-0.375961363 -0.030505061 0.926133037 1.025480509 0.007187285 0.999331892 0.035833750 -0.245896563 -0.926607430 0.020128494 -0.375490993 9.373080254
-0.374485999 -0.033542018 0.926625729 1.061760902 0.006350156 0.999229252 0.038736474 -0.245417535 -0.927210808 0.020390488 -0.373984337 9.358364105
-0.373520762 -0.035897616 0.926927030 1.096966267 0.007031912 0.999112606 0.041526821 -0.244569451 -0.927595139 0.022029199 -0.372936934 9.345107079
-0.370742798 -0.036166072 0.928031147 1.134997368 0.009281435 0.999047339 0.042641506 -0.243273288 -0.928689241 0.024422491 -0.370053917 9.329195023
-0.367762566 -0.036386810 0.929207563 1.167124510 0.009259184 0.999041319 0.042786043 -0.242636025 -0.929873586 0.024338810 -0.367073119 9.316287994
-0.365026116 -0.035547696 0.930318356 1.198564529 0.009823749 0.999068141 0.042029146 -0.241485476 -0.930945516 0.024480950 -0.364336699 9.303891182
-0.362579346 -0.034855235 0.931300879 1.228082418 0.008405693 0.999137461 0.040666666 -0.241016805 -0.931915045 0.022573117 -0.361973584 9.292533875
-0.360958964 -0.032883458 0.932001710 1.263017178 0.008425412 0.999222398 0.038518287 -0.239865005 -0.932543635 0.021756018 -0.360401183 9.279926300
-0.358881772 -0.031721991 0.932843804 1.291721344 0.009475071 0.999247074 0.037625309 -0.239171147 -0.933334887 0.022341797 -0.358310938 9.269137383
-0.356236219 -0.033326048 0.933801472 1.319866180 0.010878138 0.999148190 0.039808091 -0.238577038 -0.934332609 0.024339097 -0.355570257 9.258440971
-0.353129923 -0.035032533 0.934918165 1.345939755 0.011559272 0.999059081 0.041802056 -0.237810180 -0.935502768 0.025568530 -0.352392673 9.248128891
-0.350334942 -0.036302820 0.935920715 1.376808882 0.011765992 0.998999298 0.043153789 -0.237008095 -0.936550558 0.026130321 -0.349557251 9.237064362
-0.346019715 -0.036505423 0.937516809 1.400045514 0.011830783 0.998993635 0.043265752 -0.236193284 -0.938152611 0.026062366 -0.345239609 9.227996826
-0.341086626 -0.035931300 0.939345002 1.421684980 0.012179862 0.999016464 0.042636465 -0.235521451 -0.939952970 0.025983820 -0.340313554 9.221053123
-0.335764498 -0.035764910 0.941266716 1.441767573 0.011339867 0.999052942 0.042005707 -0.235479861 -0.941877723 0.024777863 -0.335041016 9.213027954
-0.332645088 -0.035914738 0.942368031 1.464769363 0.010368056 0.999074936 0.041735716 -0.234411538 -0.942995071 0.023653699 -0.331964999 9.205894470
-0.329626232 -0.036369372 0.943410814 1.481819034 0.010917868 0.999044180 0.042328779 -0.234082758 -0.944048345 0.024252707 -0.328914046 9.199320793
-0.327812493 -0.035447333 0.944077671 1.496910334 0.011634817 0.999068618 0.041552059 -0.233538240 -0.944671094 0.024605447 -0.327094793 9.194279671
-0.326284558 -0.034474637 0.944642842 1.510975242 0.011740936 0.999109924 0.040517800 -0.233055174 -0.945198655 0.024311319 -0.325589269 9.189922333
-0.324661493 -0.034225497 0.945210814 1.527131319 0.011000441 0.999140799 0.039956726 -0.232853785 -0.945766270 0.023370143 -0.324006081 9.184453964
-0.323994070 -0.032259628 0.945508897 1.540017247 0.009037702 0.999267340 0.037190724 -0.232398450 -0.946015894 0.020594802 -0.323465139 9.180076599
-0.326000750 -0.030484930 0.944877923 1.552718282 0.007311664 0.999368668 0.034765664 -0.232325897 -0.945341170 0.018242260 -0.325572073 9.175372124
-0.329706132 -0.029211469 0.943631530 1.565442443 0.007812927 0.999402583 0.033667788 -0.231992409 -0.944051266 0.018472999 -0.329280913 9.171134949
-0.332882017 -0.029313406 0.942512751 1.580494285 0.009438506 0.999363065 0.034415074 -0.231602758 -0.942921221 0.020352073 -0.332393318 9.165153503
-0.335673898 -0.029195735 0.941525578 1.592863560 0.011941212 0.999307394 0.035244782 -0.231379643 -0.941902578 0.023073714 -0.335092783 9.159835815
-0.337482661 -0.029119045 0.940881252 1.605025649 0.012886959 0.999284923 0.035548955 -0.231135815 -0.941243529 0.024122251 -0.336866051 9.155716896
-0.337044537 -0.028817672 0.941047549 1.617247105 0.013555691 0.999279380 0.035455991 -0.230669975 -0.941391170 0.024706798 -0.336410940 9.151410103
-0.334391534 -0.028965093 0.941988945 1.629894972 0.012761497 0.999296784 0.035257380 -0.230495423 -0.942347884 0.023810962 -0.333786726 9.146624565
-0.331212282 -0.028079232 0.943138301 1.645252705 0.011842889 0.999354601 0.033911906 -0.230140775 -0.943481922 0.022401527 -0.330665946 9.141856194
-0.326366514 -0.025314838 0.944904208 1.657537341 0.011395356 0.999463201 0.030712439 -0.229976401 -0.945174575 0.020791031 -0.325902879 9.137644768
-0.320989698 -0.019484121 0.946882248 1.671168804 0.011859037 0.999627233 0.024589635 -0.229372770 -0.947008431 0.019122135 -0.320638955 9.133764267
-0.313842535 -0.014945598 0.949357331 1.686215878 0.013083888 0.999713063 0.020063663 -0.229098693 -0.949384868 0.018718120 -0.313556880 9.129325867
-0.304288179 -0.012916051 0.952492416 1.706294417 0.013916871 0.999741018 0.018002711 -0.228583604 -0.952478349 0.018733725 -0.304029644 9.122962952
-0.293743789 -0.013795397 0.955784559 1.725165725 0.014147651 0.999723554 0.018777629 -0.228337079 -0.955779552 0.019037919 -0.293467402 9.117470741
-0.283166975 -0.014796402 0.958956540 1.745962381 0.013538482 0.999719620 0.019423099 -0.228140056 -0.958975136 0.018482793 -0.282887280 9.112320900
-0.272150129 -0.015573583 0.962128699 1.768431187 0.012995773 0.999718308 0.019858046 -0.227517664 -0.962167025 0.017907975 -0.271871090 9.106610298
-0.261274278 -0.016118275 0.965130031 1.796905994 0.013087032 0.999709606 0.020238619 -0.226798549 -0.965175867 0.017918523 -0.260987461 9.099550247
-0.251014650 -0.016403213 0.967844427 1.822571039 0.012627294 0.999715865 0.020218328 -0.226233676 -0.967900932 0.017296350 -0.250736207 9.093593597
-0.241886377 -0.017000742 0.970155597 1.850234628 0.012135329 0.999715328 0.020544412 -0.225380495 -0.970228672 0.016742572 -0.241611272 9.087597847
-0.234594584 -0.018148646 0.971923888 1.879466653 0.011705541 0.999700427 0.021492701 -0.224744841 -0.972022772 0.016418967 -0.234311938 9.081368446
-0.229641497 -0.018445214 0.973100483 1.909665465 0.011228646 0.999703586 0.021599323 -0.223803654 -0.973210514 0.015886698 -0.229366332 9.074658394
-0.225723639 -0.019908950 0.973987877 1.949177504 0.009047008 0.999705195 0.022531291 -0.223538414 -0.974149406 0.013897523 -0.225476980 9.064834595
-0.224458888 -0.020323185 0.974271595 1.983898759 0.007353462 0.999718606 0.022548152 -0.222604856 -0.974455893 0.012225403 -0.224246278 9.057359695
-0.224831879 -0.022312539 0.974142015 2.019681931 0.006519194 0.999680877 0.024402132 -0.222210094 -0.974375844 0.011836996 -0.224614665 9.048693657
-0.226755887 -0.024149688 0.973652244 2.056575537 0.007076410 0.999625325 0.026441947 -0.220876515 -0.973926008 0.012885829 -0.226500019 9.041779518
-0.228436559 -0.024037356 0.973261952 2.093760729 0.007121929 0.999627173 0.026360121 -0.220439717 -0.973532736 0.012953120 -0.228180185 9.031200409
-0.230423719 -0.022113694 0.972839057 2.139241457 0.006930729 0.999679089 0.024365390 -0.218541935 -0.973065674 0.012356848 -0.230196521 9.019285202
-0.232198223 -0.020594895 0.972450435 2.179509401 0.007347312 0.999710202 0.022926578 -0.217288733 -0.972640693 0.012468409 -0.231979638 9.009249687
-0.234396651 -0.020169660 0.971931756 2.220360041 0.007477900 0.999717772 0.022549693 -0.216205910 -0.972112298 0.012553581 -0.234179661 8.999151230
-0.236453876 -0.019688834 0.971443176 2.261873245 0.007810501 0.999723852 0.022163130 -0.215153724 -0.971611321 0.012828016 -0.236234799 8.988926888
-0.238097236 -0.020525102 0.971024573 2.312990189 0.008019758 0.999701083 0.023097720 -0.214413300 -0.971208155 0.013286885 -0.237861469 8.975422859
-0.239763945 -0.021139044 0.970601141 2.357318401 0.007410495 0.999693990 0.023603255 -0.213648051 -0.970802903 0.012851843 -0.239533886 8.964221001
-0.241303921 -0.020587865 0.970231295 2.402277470 0.006844915 0.999714017 0.022915861 -0.212601811 -0.970425487 0.012170835 -0.241093993 8.952572823
-0.242434457 -0.019370984 0.969974399 2.448619843 0.007639718 0.999731600 0.021874720 -0.211742625 -0.970137715 0.012713517 -0.242221400 8.940200806
-0.243858472 -0.018980665 0.969625175 2.494474411 0.006988514 0.999748170 0.021327930 -0.210866556 -0.969785690 0.011977233 -0.243664414 8.928183556
-0.244308650 -0.020435967 0.969482183 2.544756174 0.008725950 0.999691129 0.023271678 -0.209672257 -0.969658315 0.014145127 -0.244054839 8.914057732
-0.245543733 -0.023565611 0.969099045 2.604997635 0.009851648 0.999592125 0.026803257 -0.209283933 -0.969335437 0.016128592 -0.245211437 8.899287224
-0.247451857 -0.027748249 0.968502760 2.655710220 0.009360615 0.999474585 0.031027252 -0.207329288 -0.968854964 0.016743530 -0.247062102 8.887832642
-0.247677743 -0.028884407 0.968411803 2.710000277 0.010123115 0.999423742 0.032398440 -0.205579638 -0.968789577 0.017827714 -0.247242600 8.871866226
-0.247901425 -0.029995674 0.968320787 2.760143757 0.011352021 0.999361992 0.033863489 -0.205573678 -0.968718708 0.019387206 -0.247402802 8.859329224
-0.246934339 -0.026335012 0.968674302 2.822522163 0.011445783 0.999481618 0.030090321 -0.202641532 -0.968964517 0.018517572 -0.246504888 8.842895508
-0.246133834 -0.025297845 0.968905687 2.877431870 0.011753021 0.999507904 0.029082514 -0.200695217 -0.969164491 0.018545760 -0.245715395 8.828673363
-0.245409384 -0.024131486 0.969119132 2.933218002 0.012309683 0.999531984 0.028005946 -0.199535757 -0.969341338 0.018802473 -0.244997427 8.814929962
-0.244358912 -0.026094841 0.969333708 2.991427422 0.011332521 0.999492645 0.029763548 -0.197666854 -0.969618559 0.018257985 -0.243939221 8.801100731
-0.241925180 -0.026336789 0.969937384 3.055866718 0.010636365 0.999499440 0.029792456 -0.196125776 -0.970236659 0.017524147 -0.241523966 8.783523560
-0.239473984 -0.024610385 0.970590830 3.115799665 0.011030702 0.999545097 0.028066166 -0.194034755 -0.970840216 0.017427411 -0.239093632 8.769760132
-0.236458987 -0.023042161 0.971368194 3.173359632 0.012826629 0.999557555 0.026833225 -0.192779824 -0.971556783 0.018804338 -0.236058846 8.756623268
-0.232124418 -0.023526907 0.972401559 3.233869076 0.014096125 0.999521077 0.027547978 -0.191481680 -0.972584009 0.020101650 -0.231681615 8.741497040
-0.227550849 -0.025027644 0.973444462 3.304198503 0.013336210 0.999495804 0.028814882 -0.189196110 -0.973674834 0.019538913 -0.227102384 8.722620964
-0.222709477 -0.025435265 0.974552989 3.366863728 0.010787142 0.999534130 0.028552389 -0.187421322 -0.974825203 0.016871531 -0.222331345 8.707222939
-0.219675690 -0.024356361 0.975268900 3.427247047 0.010595865 0.999569774 0.027349930 -0.187003464 -0.975515425 0.016341932 -0.219323099 8.696246147
