1.000000000 0.000000000 0.000000000 0.000000000 0.000000000 1.000000000 0.000000000 0.000000000 0.000000000 0.000000000 1.000000000 0.000000000
0.999996603 0.001627069 0.002105526 0.000188335 -0.001622149 0.999995887 -0.002335981 -0.000599118 -0.002109319 0.002332557 0.999995053 0.059395522
0.999992609 0.003242701 0.002057367 -0.000212956 -0.003232967 0.999983668 -0.004717334 -0.000633102 -0.002072630 0.004710647 0.999986768 0.093883991
0.999998212 0.001752470 -0.000617776 0.000297074 -0.001755549 0.999985874 -0.005018975 -0.001287688 0.000608972 0.005020049 0.999987185 0.118234448
0.999993145 -0.001094472 -0.003535534 0.000231414 0.001075046 0.999984264 -0.005491721 -0.001801910 0.003541488 0.005487882 0.999978602 0.147455484
0.999961317 -0.004545609 -0.007532060 0.000506583 0.004510871 0.999979079 -0.004622430 -0.001997506 0.007552914 0.004588275 0.999960959 0.176544592
0.999902844 -0.006557242 -0.012301277 0.000408947 0.006505203 0.999969721 -0.004265650 -0.002139530 0.012328875 0.004185213 0.999915183 0.205154344
0.999859869 -0.004982741 -0.015982367 -0.000624598 0.004927069 0.999981582 -0.003520836 -0.002808538 0.015999617 0.003441596 0.999866068 0.233652472
0.999777079 -0.004216329 -0.020690162 -0.001032111 0.004146305 0.999985516 -0.003426130 -0.003327964 0.020704310 0.003339579 0.999779999 0.262821853
0.999702215 -0.003715890 -0.024115175 -0.002651873 0.003619870 0.999985337 -0.004024154 -0.003559368 0.024129778 0.003935663 0.999701023 0.289498150
0.999577880 -0.003578003 -0.028835481 -0.002941815 0.003478655 0.999987841 -0.003494750 -0.004136658 0.028847635 0.003392965 0.999578059 0.316860139
0.999455929 -0.004060274 -0.032730792 -0.004385074 0.003941397 0.999985337 -0.003695654 -0.004403090 0.032745317 0.003564638 0.999457359 0.344474345
0.999258041 -0.004506989 -0.038248483 -0.004861233 0.004303779 0.999976218 -0.005393546 -0.004500008 0.038271878 0.005224930 0.999253690 0.370185822
0.999098837 -0.005443183 -0.042093623 -0.006358082 0.005240939 0.999974251 -0.004913483 -0.005438088 0.042119287 0.004688445 0.999101520 0.396878600
0.998921096 -0.004702750 -0.046200730 -0.007496968 0.004468554 0.999976635 -0.005171073 -0.005421819 0.046223979 0.004959043 0.998918772 0.421258032
0.998752713 -0.003225290 -0.049825676 -0.008952605 0.003009189 0.999985695 -0.004411555 -0.005891511 0.049839195 0.004256117 0.998748183 0.446768194
0.998571157 -0.002644312 -0.053373024 -0.010199205 0.002469555 0.999991298 -0.003339935 -0.006445541 0.053381398 0.003203355 0.998569012 0.469164133
0.998454094 -0.002325939 -0.055534165 -0.011584412 0.002157933 0.999992967 -0.003085055 -0.006944027 0.055540949 0.002960447 0.998451948 0.492722422
0.998338521 -0.001067658 -0.057610992 -0.012949618 0.000847155 0.999992192 -0.003851734 -0.007165946 0.057614665 0.003796529 0.998331666 0.513579667
0.998200297 -0.001498690 -0.059948809 -0.013932027 0.001223546 0.999988496 -0.004626100 -0.007533651 0.059955060 0.004544424 0.998190701 0.534923196
0.998120606 -0.001171217 -0.061268184 -0.015163854 0.000816188 0.999982774 -0.005819370 -0.007800266 0.061273947 0.005758427 0.998104393 0.555599034
0.998074591 -0.000097899 -0.062025141 -0.016911859 -0.000289979 0.999980450 -0.006244526 -0.008140368 0.062024541 0.006250489 0.998055041 0.573273122
0.997975111 0.000491957 -0.063603103 -0.018389862 -0.000954541 0.999973357 -0.007242802 -0.008876596 0.063597836 0.007288847 0.997949004 0.592039108
0.997903109 0.001354577 -0.064712048 -0.019535096 -0.001947405 0.999956667 -0.009098822 -0.008961884 0.064696915 0.009205764 0.997862518 0.610578656
0.997901797 0.001687434 -0.064723492 -0.020713711 -0.002308221 0.999951959 -0.009517793 -0.009482319 0.064704329 0.009647218 0.997857869 0.627334714
0.997836769 0.000793638 -0.065735742 -0.021708261 -0.001510464 0.999939859 -0.010855680 -0.009562830 0.065723173 0.010931488 0.997778058 0.644722641
0.997845948 0.000449740 -0.065599576 -0.023074292 -0.001206447 0.999933124 -0.011496088 -0.010399614 0.065590024 0.011550467 0.997779727 0.660819292
0.997756481 -0.000166992 -0.066949621 -0.023970217 -0.000744279 0.999907374 -0.013586115 -0.010823680 0.066945702 0.013605461 0.997663856 0.678016603
0.997742772 0.001996391 -0.067123383 -0.025932530 -0.002906308 0.999905109 -0.013460978 -0.011149269 0.067090146 0.013625672 0.997653842 0.694962323
0.997651815 0.004509502 -0.068340302 -0.027078887 -0.005322259 0.999917150 -0.011715378 -0.011250489 0.068281800 0.012051592 0.997593284 0.710327387
0.997598112 0.004164401 -0.069142431 -0.027973074 -0.004772639 0.999951303 -0.008634019 -0.011295564 0.069103107 0.008943272 0.997569442 0.726906955
0.997617960 0.003883313 -0.068870939 -0.029188411 -0.004328661 0.999970675 -0.006318361 -0.011739651 0.068844371 0.006601430 0.997605562 0.743637025
0.997657955 0.001773946 -0.068375781 -0.030376853 -0.002339649 0.999963701 -0.008194244 -0.012153899 0.068358764 0.008335030 0.997625947 0.760027528
0.997703671 0.001811432 -0.067705736 -0.031787634 -0.002542799 0.999939322 -0.010717515 -0.012760177 0.067682199 0.010865066 0.997647762 0.776673794
0.997618496 0.002892440 -0.068912610 -0.032328807 -0.003739002 0.999919116 -0.012158747 -0.013224026 0.068871871 0.012387455 0.997548580 0.791820168
0.997624338 0.004413729 -0.068747908 -0.033624046 -0.005281769 0.999908566 -0.012449766 -0.013767070 0.068686679 0.012783299 0.997556329 0.807997406
0.997735918 0.004244306 -0.067118861 -0.035490662 -0.005120161 0.999903977 -0.012882673 -0.014243267 0.067057736 0.013197165 0.997661829 0.823905349
0.997679770 0.001690221 -0.068060681 -0.035335265 -0.002580397 0.999912202 -0.012993357 -0.014472079 0.068032749 0.013138833 0.997596562 0.839138389
0.997798979 0.001943707 -0.066283174 -0.036682941 -0.002706302 0.999931157 -0.011417260 -0.015001642 0.066256426 0.011571512 0.997735560 0.855614722
0.997852981 0.004078345 -0.065366812 -0.038133476 -0.005051225 0.999878705 -0.014725043 -0.015022546 0.065298848 0.015023611 0.997752666 0.872227371
0.997844517 0.006144830 -0.065334499 -0.039061945 -0.007658049 0.999707699 -0.022935964 -0.015234256 0.065174446 0.023386858 0.997599900 0.887950659
0.997967958 0.006682219 -0.063367248 -0.041150890 -0.008603197 0.999510169 -0.030090744 -0.015493803 0.063135132 0.030574758 0.997536540 0.906030178
0.998072207 0.003142928 -0.061983656 -0.041594155 -0.005210715 0.999434233 -0.033226814 -0.015843451 0.061844151 0.033485744 0.997523963 0.926773012
0.998118222 0.000610693 -0.061315775 -0.041800171 -0.002461320 0.999543548 -0.030110892 -0.016488969 0.061269399 0.030205153 0.997664154 0.946541131
0.998275578 0.000607220 -0.058697313 -0.042979512 -0.002263305 0.999601126 -0.028151628 -0.017236382 0.058656804 0.028235937 0.997878850 0.969657481
0.998419166 0.002363331 -0.056155670 -0.045284424 -0.003810632 0.999662995 -0.025679938 -0.018270923 0.056076050 0.025853334 0.998091757 0.991850257
0.998461545 0.002272230 -0.055401102 -0.045385242 -0.003644891 0.999688566 -0.024688357 -0.018924884 0.055327754 0.024852308 0.998158932 1.015023947
0.998512685 0.000091639 -0.054519169 -0.045491748 -0.001542804 0.999645591 -0.026576020 -0.019625623 0.054497410 0.026620610 0.998159051 1.041090131
0.998716056 -0.000287995 -0.050657321 -0.047942884 -0.001108913 0.999619961 -0.027545398 -0.020506945 0.050646003 0.027566204 0.998336136 1.065577149
0.998755872 -0.001693054 -0.049837608 -0.048353419 0.000337631 0.999630153 -0.027192652 -0.021546397 0.049865212 0.027141996 0.998387098 1.090385795
0.998852968 -0.000499179 -0.047878403 -0.049342085 -0.000807934 0.999627590 -0.027277447 -0.021137459 0.047874182 0.027284840 0.998480618 1.117305279
0.998913765 -0.000617624 -0.046593688 -0.050428588 -0.000532759 0.999695480 -0.024673207 -0.022175463 0.046594728 0.024671227 0.998609126 1.145093799
0.998931110 -0.001185292 -0.046208385 -0.051099993 0.000099804 0.999724209 -0.023486396 -0.022865221 0.046223480 0.023456682 0.998655617 1.173997283
0.998969138 0.003178300 -0.045281500 -0.053035032 -0.004275611 0.999699056 -0.024156885 -0.022963088 0.045191094 0.024325591 0.998682082 1.201768517
0.998890102 0.003143338 -0.046994887 -0.053864073 -0.004246566 0.999717295 -0.023394104 -0.023767600 0.046908062 0.023567708 0.998621166 1.229679585
0.998826921 0.002650562 -0.048348982 -0.055530142 -0.003661284 0.999776363 -0.020828154 -0.025256399 0.048282966 0.020980744 0.998613358 1.259869456
0.998829246 0.002468716 -0.048311576 -0.057920907 -0.003387633 0.999814749 -0.018947991 -0.026238637 0.048255842 0.019089470 0.998652577 1.291271210
0.998766303 0.005081620 -0.049395122 -0.059853379 -0.006039792 0.999796152 -0.019268271 -0.026922647 0.049287137 0.019542843 0.998593390 1.320593715
0.998706341 0.007615256 -0.050275970 -0.061431363 -0.008643640 0.999757171 -0.020269157 -0.027615380 0.050109409 0.020677503 0.998529673 1.351735115
0.998690009 0.009651693 -0.050251670 -0.064091295 -0.010658823 0.999746859 -0.019812450 -0.028606743 0.050047737 0.020322118 0.998540044 1.383750439
0.998683810 0.009869236 -0.050330516 -0.066211246 -0.010775859 0.999783933 -0.017774012 -0.028492421 0.050144229 0.018292969 0.998574495 1.414945841
0.998554766 0.009946638 -0.052814391 -0.066026025 -0.010630631 0.999862969 -0.012685809 -0.029053174 0.052680984 0.013228925 0.998523831 1.449287653
0.998526037 0.010280153 -0.053292301 -0.067404054 -0.010748814 0.999906003 -0.008514994 -0.029581770 0.053199742 0.009075274 0.998542666 1.480582952
0.998433590 0.013576928 -0.054276153 -0.069126740 -0.014014650 0.999872208 -0.007692207 -0.029402062 0.054164778 0.008440820 0.998496354 1.513602257
0.998301804 0.016146677 -0.055971779 -0.070998035 -0.016551862 0.999840021 -0.006783039 -0.030034238 0.055853292 0.007697957 0.998409331 1.546722412
0.998273849 0.018301010 -0.055805810 -0.072709441 -0.018642554 0.999810457 -0.005605735 -0.031685784 0.055692639 0.006636422 0.998425901 1.578612566
0.998144805 0.015705246 -0.058822904 -0.073783264 -0.016111534 0.999849439 -0.006439068 -0.032601830 0.058712926 0.007374851 0.998247623 1.611299157
0.998261452 0.015237847 -0.056937352 -0.077058665 -0.015769212 0.999836206 -0.008894868 -0.032671854 0.056792475 0.009777260 0.998338163 1.643348932
0.998191774 0.015596779 -0.058049999 -0.078135267 -0.016252199 0.999809206 -0.010835695 -0.032174736 0.057869919 0.011759541 0.998255014 1.676737070
0.998202801 0.017414633 -0.057338219 -0.080700159 -0.018000614 0.999790728 -0.009719101 -0.033123448 0.057156973 0.010733756 0.998307526 1.709765792
0.998262763 0.020295274 -0.055312321 -0.083793253 -0.020839006 0.999739766 -0.009271222 -0.033706855 0.055109762 0.010407766 0.998426080 1.743123174
0.998219132 0.019594604 -0.056344036 -0.083717413 -0.020107677 0.999761224 -0.008553554 -0.034935933 0.056162983 0.009671268 0.998374701 1.775715113
0.998324156 0.018292719 -0.054903015 -0.085426576 -0.018786360 0.999787450 -0.008488466 -0.035505950 0.054736070 0.009505668 0.998455584 1.809371471
0.998355448 0.018029593 -0.054419737 -0.086798638 -0.018521272 0.999791980 -0.008544002 -0.036043976 0.054254379 0.009537874 0.998481512 1.844151497
0.998458028 0.017672265 -0.052622639 -0.088629559 -0.018156387 0.999796987 -0.008736091 -0.036589321 0.052457564 0.009678059 0.998576283 1.877973199
0.998555005 0.016605014 -0.051109232 -0.090480283 -0.017122636 0.999806285 -0.009706556 -0.036910631 0.050938156 0.010567654 0.998645961 1.912481904
0.998608470 0.015514996 -0.050402593 -0.091739297 -0.016002808 0.999828815 -0.009289270 -0.037842859 0.050249834 0.010082927 0.998685777 1.947278500
0.998659551 0.016225686 -0.049151544 -0.093500718 -0.016741643 0.999808788 -0.010103775 -0.037882816 0.048978209 0.010913108 0.998740256 1.982394338
0.998728037 0.015843343 -0.047868211 -0.095484063 -0.016328912 0.999818981 -0.009769870 -0.039228931 0.047704753 0.010539077 0.998805881 2.017365932
0.998725057 0.016444393 -0.047729626 -0.096511774 -0.016958851 0.999802172 -0.010393604 -0.039519604 0.047549281 0.011189790 0.998806179 2.052734137
0.998757601 0.015620905 -0.047321007 -0.098091468 -0.016184511 0.999802291 -0.011550615 -0.039546918 0.047131218 0.012302130 0.998812973 2.088327646
0.998800039 0.013732752 -0.047010373 -0.099335603 -0.014322335 0.999822676 -0.012227716 -0.040102731 0.046834119 0.012886340 0.998819530 2.124747038
0.998825312 0.014948353 -0.046091322 -0.101372279 -0.015507378 0.999810159 -0.011794918 -0.041548863 0.045906249 0.012495818 0.998867512 2.159886599
0.998789072 0.015222151 -0.046783198 -0.101876087 -0.015820092 0.999797583 -0.012437538 -0.042123679 0.046584390 0.013162591 0.998827636 2.195766687
0.998823583 0.014730068 -0.046199173 -0.103925467 -0.015323858 0.999804080 -0.012525063 -0.043160830 0.046005625 0.013218277 0.998853743 2.233476639
0.998894989 0.009879178 -0.045947473 -0.105085924 -0.010601708 0.999823511 -0.015508079 -0.042108133 0.045786165 0.015978064 0.998823464 2.271007061
0.998874545 0.012994782 -0.045613743 -0.107339524 -0.013693448 0.999793172 -0.015038129 -0.043423437 0.045408893 0.015645813 0.998845875 2.307112694
0.998893559 0.013222932 -0.045130510 -0.109788425 -0.013970059 0.999769866 -0.016279828 -0.043339133 0.044904858 0.016892290 0.998848438 2.346854687
0.998872280 0.012562295 -0.045784365 -0.110912487 -0.013244941 0.999805152 -0.014637275 -0.045674957 0.045591570 0.015227178 0.998844087 2.382983923
0.998872340 0.012553134 -0.045785051 -0.113089345 -0.013220334 0.999810338 -0.014298887 -0.047033511 0.045596879 0.014888057 0.998848975 2.421432972
0.998762965 0.013408035 -0.047882471 -0.113191254 -0.014038120 0.999818921 -0.012847062 -0.048266165 0.047701553 0.013503350 0.998770297 2.460587502
0.998821139 0.012418089 -0.046927325 -0.115650892 -0.013056613 0.999825895 -0.013324662 -0.048471380 0.046753701 0.013921665 0.998809457 2.499862194
0.998863935 0.011516347 -0.046241660 -0.118181325 -0.012150569 0.999835551 -0.013457789 -0.049061529 0.046079077 0.014004361 0.998839676 2.539920092
0.998767793 0.012653059 -0.047986764 -0.119113132 -0.013288995 0.999827683 -0.012956523 -0.049833007 0.047814555 0.013578254 0.998763919 2.578395605
0.998781025 0.011992902 -0.047882240 -0.122037053 -0.012533860 0.999860704 -0.011013480 -0.051738910 0.047743492 0.011600202 0.998792291 2.616864681
0.998667002 0.011964755 -0.050209593 -0.122413523 -0.012558624 0.999854684 -0.011529009 -0.051910874 0.050064351 0.012144206 0.998672187 2.657131672
0.998719633 0.011235590 -0.049324177 -0.125879109 -0.011801684 0.999867618 -0.011200874 -0.053054407 0.049191795 0.011768643 0.998720050 2.695667267
0.998582900 0.011401631 -0.051982190 -0.126728565 -0.012064162 0.999849737 -0.012449420 -0.053528287 0.051832434 0.013058900 0.998570383 2.734979868
0.998617649 0.013225866 -0.050872866 -0.130805224 -0.013849641 0.999832928 -0.011928515 -0.055232719 0.050706599 0.012616595 0.998633921 2.772432327
0.998504281 0.012846064 -0.053143218 -0.131723687 -0.013629963 0.999803185 -0.014414660 -0.054728940 0.052947588 0.015117439 0.998482883 2.813526154
0.998400629 0.012212527 -0.055200867 -0.132758528 -0.012996278 0.999819398 -0.013861521 -0.055754181 0.055021614 0.014556758 0.998378992 2.852507830
0.998367071 0.010480191 -0.056156788 -0.135051489 -0.011210877 0.999856353 -0.012712321 -0.057365634 0.056015503 0.013321130 0.998341024 2.892933369
0.998252094 0.010088339 -0.058232494 -0.135982186 -0.010856681 0.999857962 -0.012893095 -0.057456940 0.058094155 0.013502770 0.998219788 2.932922602
0.998189926 0.011270635 -0.059075303 -0.138623774 -0.011990480 0.999857903 -0.011844929 -0.059534941 0.058933411 0.012531834 0.998183250 2.973426580
0.998128176 0.011744352 -0.060018349 -0.141002834 -0.012538286 0.999838591 -0.012868733 -0.060870908 0.059857525 0.013597175 0.998114347 3.013520956
0.998068333 0.011204519 -0.061108623 -0.143610671 -0.012255432 0.999782920 -0.016849814 -0.061660424 0.060906567 0.017566176 0.997988880 3.052812576
0.998059630 0.008208146 -0.061722629 -0.145867735 -0.009404177 0.999773204 -0.019112006 -0.063123949 0.061551753 0.019655373 0.997910380 3.092139721
0.998006403 0.005932357 -0.062833026 -0.147945181 -0.007366213 0.999717116 -0.022613075 -0.063453726 0.062681109 0.023030832 0.997767866 3.131927490
0.998044133 0.006009110 -0.062223278 -0.151721209 -0.007438561 0.999713063 -0.022766808 -0.065304942 0.062068623 0.023185128 0.997802615 3.170362473
0.997887731 0.008678544 -0.064379327 -0.153395817 -0.010079453 0.999718726 -0.021467431 -0.066065550 0.064174898 0.022070993 0.997694671 3.211420298
0.997833431 0.009513774 -0.065100014 -0.156448424 -0.010562326 0.999819636 -0.015781604 -0.067395702 0.064938128 0.016435020 0.997753978 3.251077175
0.997793019 0.007985453 -0.065920860 -0.158080220 -0.008611670 0.999920428 -0.009220861 -0.068509474 0.065841988 0.009768199 0.997782171 3.291463852
0.997802854 0.008681017 -0.065683171 -0.160531089 -0.008873613 0.999957144 -0.002641031 -0.068677537 0.065657422 0.003218076 0.997837007 3.331473351
0.997783542 0.008373724 -0.066015877 -0.162621245 -0.008051712 0.999954283 0.005142387 -0.069958754 0.066055931 -0.004599447 0.997805297 3.372314453
0.997808456 0.008189366 -0.065659679 -0.164561480 -0.007689269 0.999939442 0.007865609 -0.070070595 0.065720111 -0.007343495 0.997811079 3.412376404
0.997900546 0.009665828 -0.064038888 -0.167115033 -0.009157349 0.999924302 0.008228869 -0.070711017 0.064113565 -0.007625167 0.997913480 3.452272654
0.998043954 0.010967477 -0.061545923 -0.169658244 -0.010705791 0.999932170 0.004580016 -0.070936367 0.061591990 -0.003912159 0.998093665 3.492084265
0.998102427 0.011261799 -0.060536221 -0.171464056 -0.011239768 0.999936700 0.000704422 -0.071021199 0.060540322 -0.000022673 0.998165667 3.530815363
0.998228848 0.008855989 -0.058828529 -0.174095064 -0.009024750 0.999955952 -0.002603615 -0.071410432 0.058802880 0.003129916 0.998264611 3.569755554
0.998276830 0.007301799 -0.058223184 -0.175372452 -0.007634330 0.999955773 -0.005490918 -0.071819156 0.058180522 0.005925952 0.998288512 3.608265638
0.998438418 0.006810990 -0.055447150 -0.178369582 -0.007197584 0.999951243 -0.006775579 -0.072288647 0.055398297 0.007164084 0.998438656 3.647123098
0.998406827 0.010068474 -0.055520140 -0.180043310 -0.010415931 0.999927878 -0.005972379 -0.073247358 0.055456005 0.006541157 0.998439729 3.686563730
0.998503923 0.011826237 -0.053386219 -0.183764592 -0.012156222 0.999908984 -0.005860590 -0.074181087 0.053312052 0.006500796 0.998556793 3.724472523
0.998447001 0.013070699 -0.054154754 -0.184410572 -0.013441694 0.999888599 -0.006492116 -0.074637786 0.054063864 0.007209965 0.998511434 3.765047789
0.998482943 0.012002624 -0.053736243 -0.187333956 -0.012357218 0.999904037 -0.006271393 -0.075134054 0.053655807 0.006925909 0.998535454 3.803238630
0.998392224 0.012659448 -0.055250879 -0.188421547 -0.013073209 0.999889076 -0.007133747 -0.075775102 0.055154439 0.007844584 0.998446941 3.843599081
0.998389781 0.013382325 -0.055124708 -0.190897763 -0.013832018 0.999873936 -0.007784263 -0.077116698 0.055013590 0.008534214 0.998449087 3.881489515
0.998302341 0.015171872 -0.056232668 -0.192792252 -0.015626207 0.999848545 -0.007648687 -0.077365644 0.056108110 0.008514407 0.998388410 3.921544790
0.998283565 0.014881329 -0.056642830 -0.195407256 -0.015290501 0.999859929 -0.006797201 -0.078937732 0.056533746 0.007651632 0.998371422 3.959551096
0.998263121 0.015922314 -0.056720100 -0.197457358 -0.016352741 0.999840856 -0.007132505 -0.078672312 0.056597516 0.008047647 0.998364627 3.998367786
0.998214543 0.015822489 -0.057595227 -0.199458867 -0.016238259 0.999845326 -0.006757993 -0.079446398 0.057479389 0.007681174 0.998317182 4.037672997
0.998196542 0.015655050 -0.057953604 -0.201411203 -0.016041417 0.999852002 -0.006207563 -0.080358915 0.057847850 0.007126025 0.998299956 4.076079845
0.998176932 0.017852368 -0.057654254 -0.204489857 -0.018192409 0.999820113 -0.005378419 -0.081163816 0.057547860 0.006417483 0.998322189 4.114036083
0.998144686 0.016594993 -0.058580354 -0.206058368 -0.016920354 0.999843955 -0.005062422 -0.081951767 0.058487203 0.006044231 0.998269856 4.152061462
0.998178661 0.017780581 -0.057646178 -0.209290981 -0.018098693 0.999823689 -0.005000954 -0.082526565 0.057547096 0.006035166 0.998324573 4.189880371
0.998048246 0.017265646 -0.060012516 -0.210052609 -0.017592434 0.999833226 -0.004921291 -0.083223283 0.059917528 0.005967452 0.998185635 4.228817463
0.998099685 0.017490713 -0.059085414 -0.213764027 -0.017796028 0.999830902 -0.004645152 -0.083770759 0.058994181 0.005687811 0.998242140 4.265974998
0.997919559 0.018239770 -0.061836272 -0.214730799 -0.018527346 0.999820054 -0.004080349 -0.084575273 0.061750717 0.005217523 0.998077929 4.303305149
0.997781277 0.018337211 -0.064000793 -0.216364548 -0.018699259 0.999812424 -0.005062457 -0.084120527 0.063895948 0.006247993 0.997937024 4.340925694
0.997670650 0.020057967 -0.065197997 -0.219381988 -0.020301405 0.999789298 -0.003073396 -0.085544854 0.065122604 0.004389849 0.997867525 4.377087116
0.997492254 0.020942295 -0.067606091 -0.221609905 -0.021216048 0.999769390 -0.003333721 -0.085550822 0.067520671 0.004759694 0.997706473 4.413785934
0.997407258 0.022003783 -0.068516143 -0.224999636 -0.022302711 0.999744833 -0.003600938 -0.085749537 0.068419419 0.005119698 0.997643471 4.450104713
0.997200489 0.022478906 -0.071315460 -0.227612957 -0.022674350 0.999740958 -0.001932015 -0.087154336 0.071253583 0.003543638 0.997451961 4.488715649
0.996954083 0.022857409 -0.074566051 -0.229793355 -0.023118462 0.999729216 -0.002639588 -0.087421417 0.074485540 0.004355400 0.997212648 4.524828434
0.996789515 0.023850828 -0.076432146 -0.233647898 -0.024115335 0.999705911 -0.002539472 -0.088245377 0.076349109 0.004374506 0.997071683 4.562021255
0.996449530 0.024042305 -0.080687545 -0.236611724 -0.024381511 0.999697566 -0.003221094 -0.089253902 0.080585711 0.005176940 0.996734202 4.598927975
0.996109664 0.023004804 -0.085066892 -0.239273891 -0.023479352 0.999713838 -0.004582136 -0.089561485 0.084937133 0.006561625 0.996364713 4.635346413
0.995831907 0.022783354 -0.088315956 -0.242211297 -0.023343204 0.999713421 -0.005311370 -0.090399638 0.088169627 0.007350808 0.996078432 4.671587944
0.995550513 0.022647468 -0.091467202 -0.245707408 -0.023299653 0.999710202 -0.006068622 -0.090954766 0.091303252 0.008172774 0.995789528 4.706329823
0.995298386 0.023917023 -0.093856327 -0.250552595 -0.024637377 0.999675155 -0.006523694 -0.091539428 0.093669802 0.008805397 0.995564282 4.739689350
0.994989574 0.023486210 -0.097181559 -0.253540337 -0.024247404 0.999683857 -0.006658989 -0.091951646 0.096994437 0.008982025 0.995244324 4.774160862
0.994721889 0.021737462 -0.100278772 -0.256313622 -0.022555536 0.999720871 -0.007031273 -0.092525646 0.100097924 0.009256002 0.994934559 4.807524204
0.994607747 0.021314494 -0.101494990 -0.258806556 -0.022042539 0.999738634 -0.006056976 -0.093624413 0.101339363 0.008261520 0.994817674 4.838240623
0.994654536 0.024532277 -0.100302234 -0.262678266 -0.025152840 0.999671400 -0.004926850 -0.095010623 0.100148417 0.007423399 0.994944811 4.867597580
0.994865060 0.026337128 -0.097723529 -0.265113682 -0.026901446 0.999628067 -0.004461289 -0.095731623 0.097569682 0.007067284 0.995203614 4.896482944
0.995386839 0.026936803 -0.092083760 -0.268211991 -0.027447147 0.999614000 -0.004280055 -0.095799185 0.091932938 0.006787747 0.995742083 4.925421238
0.996051371 0.029955808 -0.083571598 -0.270108819 -0.030442627 0.999526143 -0.004556718 -0.096304215 0.083395496 0.007082864 0.996491492 4.956904888
0.997042894 0.032485340 -0.069643795 -0.271478832 -0.032841526 0.999452710 -0.003975275 -0.097439088 0.069476537 0.006250727 0.997564137 4.982621670
0.998161972 0.036207486 -0.048598420 -0.273084909 -0.036444053 0.999327660 -0.003990236 -0.096970737 0.048421260 0.005754024 0.998810530 5.010406017
0.999017835 0.037951738 -0.022870481 -0.273237169 -0.038057234 0.999266684 -0.004195219 -0.098001622 0.022694495 0.005061486 0.999729574 5.039900780
0.999247372 0.037912302 0.008209780 -0.271810055 -0.037878908 0.999273539 -0.004186801 -0.099415429 -0.008362545 0.003872672 0.999957502 5.063659668
0.998317063 0.036121089 0.045369346 -0.268626988 -0.035880655 0.999337375 -0.006102956 -0.099506401 -0.045559723 0.004464802 0.998951674 5.091313839
0.995572269 0.035067428 0.087212518 -0.264331222 -0.034559317 0.999375701 -0.007329764 -0.099790171 -0.087415107 0.004283306 0.996162772 5.115075111
0.990333974 0.032561783 0.134826943 -0.259262621 -0.031654276 0.999459445 -0.008869769 -0.100631803 -0.135042936 0.004516185 0.990829408 5.143948555
0.982173502 0.029836996 0.185593545 -0.252488494 -0.028348185 0.999541104 -0.010670997 -0.101257771 -0.185826793 0.005219532 0.982568622 5.167972565
0.970824897 0.026088495 0.238366038 -0.243274570 -0.023765149 0.999637902 -0.012616107 -0.101552673 -0.238608867 0.006583226 0.971093476 5.192773819
0.955302417 0.022387935 0.294781387 -0.233801961 -0.019256989 0.999723077 -0.013520147 -0.102397345 -0.295002431 0.007239225 0.955469012 5.216357231
0.935850680 0.017636878 0.351955116 -0.221547008 -0.013957482 0.999818146 -0.012989018 -0.102840602 -0.352120191 0.007243372 0.935926735 5.238098621
0.912104607 0.014725042 0.409692943 -0.209913969 -0.011014128 0.999874115 -0.011416240 -0.104030520 -0.409809470 0.005900396 0.912152112 5.255180836
0.883894444 0.009447026 0.467591047 -0.196944952 -0.005230097 0.999933064 -0.010315726 -0.104047596 -0.467657208 0.006672465 0.883884728 5.276212215
0.852710724 0.006018958 0.522348702 -0.179466009 -0.001721676 0.999960482 -0.008711858 -0.105459698 -0.522380590 0.006529380 0.852687478 5.297639847
0.817233741 0.006223108 0.576272726 -0.161634207 -0.000293308 0.999946058 -0.010382358 -0.105439268 -0.576306283 0.008315789 0.817191482 5.317607403
0.777347565 0.008904323 0.629008412 -0.144378662 -0.002357569 0.999934018 -0.011241638 -0.105990469 -0.629067063 0.007255728 0.777317286 5.333386898
0.733285367 0.013171361 0.679793358 -0.125016689 -0.007425224 0.999907851 -0.011364244 -0.106280521 -0.679880440 0.003285616 0.733315587 5.350321293
0.684643507 0.014323400 0.728737414 -0.104682446 -0.010388127 0.999897063 -0.009893499 -0.107334763 -0.728803992 -0.000796695 0.684721887 5.365995407
0.633114398 0.012623593 0.773955286 -0.081898212 -0.007971744 0.999920368 -0.009788113 -0.107628949 -0.774017274 0.000027222 0.633164644 5.379259109
0.576923788 0.011254924 0.816720486 -0.058857203 -0.006436639 0.999936640 -0.009232977 -0.108042739 -0.816772640 0.000069790 0.576959670 5.392824650
0.517507672 0.013322499 0.855574906 -0.033575296 -0.009883802 0.999905169 -0.009591553 -0.108547762 -0.855621457 -0.003492631 0.517590284 5.404473305
0.456336081 0.014200385 0.889694095 -0.009423494 -0.010775943 0.999887526 -0.010432051 -0.109152064 -0.889742255 -0.004826772 0.456437796 5.414316177
0.398589492 0.013697020 0.917027116 0.016054392 -0.009062115 0.999898493 -0.010995929 -0.109835565 -0.917084754 -0.003927344 0.398673058 5.421312332
0.344592482 0.013094136 0.938660979 0.042844176 -0.003862057 0.999914050 -0.012530801 -0.110110678 -0.938744426 0.000692857 0.344613403 5.428359032
0.295309782 0.012711468 0.955317020 0.069798350 0.000735999 0.999908149 -0.013532314 -0.110957526 -0.955401301 0.004699337 0.295273274 5.433007240
0.249833629 0.013713080 0.968191683 0.096994281 0.002083897 0.999889791 -0.014699773 -0.111365244 -0.968286514 0.005690109 0.249777511 5.437933922
0.208824962 0.014000842 0.977852821 0.125006557 0.002551966 0.999886394 -0.014861302 -0.111755177 -0.977949679 0.005598858 0.208765462 5.442321777
0.173127249 0.014207792 0.984797001 0.153383911 0.004343090 0.999875128 -0.015188843 -0.112624526 -0.984889805 0.006906665 0.173043922 5.444342136
0.141330719 0.015301458 0.989844203 0.182659149 0.006846040 0.999841452 -0.016433487 -0.113059245 -0.989938676 0.009099070 0.141203612 5.446352005
0.112332381 0.015928460 0.993542969 0.211264193 0.008449175 0.999820054 -0.016984377 -0.113710642 -0.993634701 0.010302516 0.112177588 5.448645592
0.087955713 0.016368465 0.995989919 0.240942836 0.009905935 0.999801219 -0.017305894 -0.114688158 -0.996075094 0.011388364 0.087776080 5.449280739
0.064939119 0.017173236 0.997741461 0.271185189 0.010636687 0.999783218 -0.017900679 -0.115155488 -0.997832537 0.011775117 0.064742357 5.451096058
0.045781933 0.018342199 0.998783112 0.301367074 0.012902109 0.999737144 -0.018951125 -0.115731992 -0.998868048 0.013754027 0.045533255 5.451628208
0.029551392 0.020189403 0.999359369 0.333401799 0.015516937 0.999666214 -0.020654447 -0.116505474 -0.999442756 0.016117366 0.029228253 5.451596260
0.016306095 0.021662142 0.999632359 0.366840422 0.017217444 0.999610960 -0.021942528 -0.117294177 -0.999718785 0.017568912 0.015926782 5.450731277
0.006136788 0.022027029 0.999738514 0.399682641 0.018305462 0.999587297 -0.022136062 -0.118001178 -0.999813616 0.018436519 0.005731040 5.450541019
-0.000516843 0.021749729 0.999763310 0.433889925 0.019186238 0.999579549 -0.021735817 -0.119060710 -0.999815762 0.019170461 -0.000933921 5.450298786
-0.004950757 0.022362916 0.999737620 0.469287515 0.019651847 0.999558985 -0.022261603 -0.119687296 -0.999794543 0.019536482 -0.005388046 5.449747086
-0.007586834 0.022999438 0.999706626 0.504397571 0.019061370 0.999557197 -0.022851340 -0.120105855 -0.999789536 0.018882409 -0.008021874 5.449595928
-0.008655312 0.021586968 0.999729514 0.542556107 0.018659439 0.999596477 -0.021422546 -0.121588752 -0.999788404 0.018468970 -0.009054621 5.449053288
-0.006992262 0.020288577 0.999769747 0.580262303 0.018550931 0.999624789 -0.020155894 -0.122717053 -0.999803483 0.018405722 -0.007366012 5.448596001
-0.004489832 0.020077566 0.999788344 0.619698703 0.018019926 0.999637723 -0.019993613 -0.123551600 -0.999827564 0.017926339 -0.004850001 5.448115826
-0.001491821 0.019922335 0.999800384 0.659235239 0.017429190 0.999650180 -0.019893331 -0.124020562 -0.999846995 0.017396031 -0.001838529 5.448122025
0.001959016 0.019367328 0.999810517 0.700287104 0.017214647 0.999663651 -0.019398209 -0.125019923 -0.999849856 0.017249389 0.001624956 5.448093414
0.005635228 0.019099185 0.999801755 0.741595805 0.016761255 0.999675393 -0.019191243 -0.125984982 -0.999843717 0.016866079 0.005313272 5.448975086
0.009389834 0.017804904 0.999797404 0.784732342 0.016785473 0.999697924 -0.017960774 -0.127085775 -0.999815047 0.016950723 0.009088132 5.449501038
0.014589805 0.016772380 0.999752879 0.827877223 0.017241234 0.999706566 -0.017023213 -0.127829045 -0.999744892 0.017485341 0.014296345 5.449687481
0.019264240 0.015129570 0.999700010 0.872427404 0.018068712 0.999717057 -0.015478010 -0.129314467 -0.999651134 0.018361464 0.018985413 5.450729847
0.023454374 0.013832313 0.999629200 0.916938961 0.018436253 0.999728262 -0.014266254 -0.130089507 -0.999554873 0.018764019 0.023192983 5.451944828
0.028735854 0.014096457 0.999487579 0.962006807 0.019580396 0.999700725 -0.014662409 -0.130200908 -0.999395192 0.019991698 0.028451240 5.452860355
0.032940157 0.011795373 0.999387741 1.006524682 0.019951008 0.999723315 -0.012456928 -0.131859452 -0.999258101 0.020349126 0.032695726 5.454396248
0.038055230 0.009859564 0.999226987 1.052199960 0.020094037 0.999741554 -0.010629917 -0.132932097 -0.999073565 0.020483028 0.037847281 5.455997467
0.044639722 0.011040960 0.998942077 1.099228621 0.020521447 0.999717772 -0.011966573 -0.132777035 -0.998792231 0.021033922 0.044400543 5.457057476
0.045807097 0.010100976 0.998899162 1.144104958 0.020020157 0.999738753 -0.011027540 -0.134777680 -0.998749673 0.020503258 0.045592900 5.460178375
0.048319209 0.010021113 0.998781681 1.190749407 0.019913273 0.999741197 -0.010994108 -0.135772482 -0.998633444 0.020420237 0.048107151 5.461341858
0.046226583 0.012110738 0.998857498 1.238419771 0.019024311 0.999734461 -0.013001805 -0.135476664 -0.998749852 0.019603603 0.045983907 5.466074467
0.045539070 0.011767124 0.998893380 1.283477545 0.018950194 0.999740541 -0.012641039 -0.137425959 -0.998782814 0.019504882 0.045304261 5.466105461
0.045433976 0.011698510 0.998898804 1.330188513 0.021479994 0.999688864 -0.012684760 -0.138606191 -0.998736382 0.022032660 0.045168553 5.467922211
0.044481289 0.013052040 0.998924971 1.377791524 0.020985804 0.999681711 -0.013996410 -0.139048278 -0.998789728 0.021585822 0.044193223 5.469382286
0.044508401 0.012382319 0.998932302 1.426646590 0.021956032 0.999669433 -0.013369732 -0.140025988 -0.998767614 0.022527656 0.044221826 5.470553398
0.043312926 0.011580888 0.998994350 1.476028681 0.021657327 0.999686956 -0.012527904 -0.140840590 -0.998826802 0.022178166 0.043048553 5.473098755
0.042643499 0.010960826 0.999030352 1.524474382 0.022230424 0.999681830 -0.011916880 -0.142023355 -0.998843014 0.022717047 0.042386279 5.475053787
0.042648938 0.011665599 0.999022067 1.572957873 0.022486681 0.999667287 -0.012633108 -0.142794698 -0.998837054 0.023003481 0.042372435 5.476573944
0.042012427 0.012211141 0.999042451 1.621903300 0.023082625 0.999646485 -0.013189212 -0.144212440 -0.998850405 0.023614632 0.041715719 5.479150295
0.041805815 0.014046487 0.999026895 1.670593619 0.023078430 0.999620855 -0.015020588 -0.145241261 -0.998859227 0.023683928 0.041465789 5.481774330
0.043214809 0.014673698 0.998957992 1.718500972 0.024889428 0.999565959 -0.015759340 -0.146561697 -0.998755693 0.025544530 0.042830825 5.482075691
0.044335611 0.014820896 0.998906791 1.767542362 0.025898332 0.999536753 -0.015979722 -0.148097351 -0.998681009 0.026578488 0.043931235 5.483365536
0.043808989 0.013564482 0.998947859 1.815000534 0.027256083 0.999519408 -0.014767560 -0.148755819 -0.998668075 0.027874358 0.043418221 5.485610485
0.044546045 0.011241045 0.998944163 1.864114642 0.026824722 0.999562740 -0.012444205 -0.149640352 -0.998647153 0.027350731 0.044225026 5.487376213
0.044812448 0.010131121 0.998943985 1.911066532 0.026730848 0.999578297 -0.011336695 -0.150578409 -0.998637736 0.027210645 0.044522732 5.489717960
0.045802850 0.009864656 0.998901784 1.959688902 0.027075492 0.999571562 -0.011112768 -0.151758328 -0.998583496 0.027554754 0.045516137 5.491201401
0.046188451 0.011285954 0.998869061 2.008637667 0.026355073 0.999574304 -0.012512604 -0.152357727 -0.998585045 0.026903203 0.045871351 5.493125439
0.043907899 0.011804372 0.998965859 2.055543900 0.025282262 0.999596834 -0.012923070 -0.154000595 -0.998715639 0.025823541 0.043591753 5.495448112
0.042210568 0.011947986 0.999037325 2.103784800 0.023225093 0.999646664 -0.012936560 -0.155631751 -0.998838842 0.023748795 0.041918155 5.496897221
0.039918266 0.012096627 0.999129713 2.153026104 0.021414069 0.999686718 -0.012958927 -0.156599283 -0.998973429 0.021912731 0.039646719 5.498936176
0.037481315 0.011790314 0.999227762 2.199673653 0.020957652 0.999701142 -0.012582030 -0.157642722 -0.999077499 0.021413067 0.037223022 5.500440598
0.036008812 0.012136145 0.999277771 2.248091459 0.020932242 0.999697745 -0.012895535 -0.158345193 -0.999132216 0.021381479 0.035743900 5.501729965
0.033127826 0.012033497 0.999378681 2.295265198 0.020338720 0.999712348 -0.012711711 -0.159605965 -0.999244153 0.020747194 0.032873556 5.504165649
0.032068696 0.012243006 0.999410629 2.343561411 0.019191062 0.999733031 -0.012862751 -0.160763800 -0.999301434 0.019592244 0.031825181 5.505208015
0.030397531 0.011454644 0.999472201 2.390898705 0.019060582 0.999745846 -0.012037480 -0.162165850 -0.999356091 0.019416427 0.030171469 5.507379055
0.029729484 0.011008983 0.999497354 2.440112829 0.020404393 0.999724329 -0.011618398 -0.162797675 -0.999349713 0.020739546 0.029496657 5.507270336
0.029531840 0.010613749 0.999507546 2.486826420 0.020237692 0.999732375 -0.011214088 -0.163853735 -0.999358952 0.020558897 0.029309141 5.508914948
0.029912505 0.010430003 0.999498069 2.536042690 0.021659827 0.999704063 -0.011080377 -0.164852232 -0.999317765 0.021980399 0.029677738 5.509822845
0.030189654 0.010656248 0.999487519 2.584142923 0.021620326 0.999702275 -0.011311585 -0.166031197 -0.999310255 0.021950739 0.029950280 5.511039257
0.030466327 0.011138548 0.999473751 2.631967545 0.020996584 0.999710202 -0.011781208 -0.166645437 -0.999315262 0.021344466 0.030223625 5.512541294
0.030681031 0.011188721 0.999466658 2.680378199 0.021405997 0.999700725 -0.011848448 -0.167776048 -0.999300003 0.021758104 0.030432336 5.514186382
0.030798728 0.011338406 0.999461293 2.728183031 0.022007994 0.999685526 -0.012019134 -0.168367729 -0.999283254 0.022366313 0.030539509 5.515186787
0.031019263 0.010777192 0.999460697 2.775790691 0.021605793 0.999701023 -0.011450341 -0.169919133 -0.999285281 0.021949321 0.030777138 5.517415524
0.031622745 0.010700705 0.999442577 2.824601173 0.021776685 0.999697924 -0.011392463 -0.170342177 -0.999262571 0.022124805 0.031380169 5.517558098
0.031252109 0.011196746 0.999448776 2.873647928 0.020236697 0.999725342 -0.011832629 -0.171213567 -0.999306679 0.020595344 0.031016933 5.519200802
0.030697817 0.011004565 0.999468148 2.921696663 0.020605719 0.999719977 -0.011640226 -0.172089756 -0.999316394 0.020952089 0.030462462 5.520564079
0.029411077 0.011429721 0.999502122 2.969626188 0.019263731 0.999742568 -0.011999319 -0.173249692 -0.999381840 0.019607052 0.029183323 5.522677422
0.029845715 0.011335496 0.999490261 3.020081043 0.019127198 0.999746084 -0.011909555 -0.174140856 -0.999371469 0.019472895 0.029621316 5.522234917
0.029012708 0.011069821 0.999517798 3.068737745 0.019792140 0.999736249 -0.011646741 -0.174941719 -0.999383092 0.020120498 0.028785959 5.523642063
0.028548203 0.011683713 0.999524176 3.115955353 0.020516027 0.999714136 -0.012271911 -0.175998583 -0.999381840 0.020856604 0.028300343 5.524479389
0.027740192 0.011797319 0.999545693 3.164389849 0.020758629 0.999707878 -0.012375346 -0.177358299 -0.999399602 0.021092487 0.027487196 5.525673866
0.026874417 0.012452606 0.999561369 3.211626291 0.020106420 0.999713361 -0.012995088 -0.178656876 -0.999436617 0.020446837 0.026616341 5.527514458
0.026431177 0.012934029 0.999567032 3.259854555 0.019600954 0.999717355 -0.013454277 -0.179250225 -0.999458492 0.019948075 0.026170189 5.528758049
0.026520062 0.012108042 0.999574959 3.309020996 0.019507634 0.999729931 -0.012627482 -0.180717349 -0.999457896 0.019834222 0.026276696 5.529188156
0.025549799 0.011505930 0.999607325 3.356079102 0.020022916 0.999727309 -0.012019093 -0.182117313 -0.999473035 0.020322140 0.025312446 5.531190395
0.025671460 0.011788107 0.999600947 3.405496120 0.018552564 0.999752641 -0.012266358 -0.183071777 -0.999498248 0.018860055 0.025446409 5.532262802
0.025302295 0.011812747 0.999610066 3.454515934 0.016673503 0.999786019 -0.012236873 -0.183775038 -0.999540925 0.016976621 0.025099922 5.533039570
0.024852624 0.011881788 0.999620497 3.502029419 0.015761301 0.999800503 -0.012275785 -0.184867889 -0.999566913 0.016060406 0.024660386 5.534521580
0.025269501 0.011937940 0.999609411 3.550187111 0.015908025 0.999797225 -0.012342328 -0.186087176 -0.999554157 0.016213691 0.025074467 5.534769058
0.024311919 0.012105783 0.999631107 3.599038839 0.016523702 0.999785185 -0.012509521 -0.187077567 -0.999567866 0.016821733 0.024106666 5.536778927
0.023923153 0.012074098 0.999640882 3.647240400 0.015852479 0.999796748 -0.012455358 -0.188611239 -0.999588072 0.016144764 0.023726884 5.537761688
0.023562908 0.011725612 0.999653578 3.696002483 0.014739054 0.999818444 -0.012074962 -0.189128160 -0.999613702 0.015018470 0.023385802 5.538938522
0.023484461 0.011015093 0.999663532 3.742626667 0.014703033 0.999827385 -0.011362308 -0.190106511 -0.999616086 0.014964929 0.023318451 5.539682865
0.022880783 0.010245695 0.999685645 3.790780306 0.016352568 0.999809861 -0.010621245 -0.192690820 -0.999604464 0.016590450 0.022708887 5.542152882
0.023582624 0.010507943 0.999666691 3.839104176 0.017313022 0.999790609 -0.010917667 -0.192474782 -0.999571979 0.017564716 0.023395760 5.541398525
0.023288868 0.011184560 0.999666333 3.885635138 0.016090525 0.999803662 -0.011560955 -0.193635032 -0.999599278 0.016354393 0.023104332 5.543114185
0.023420326 0.011466160 0.999660015 3.933238268 0.016543133 0.999792814 -0.011855264 -0.194330499 -0.999588788 0.016815159 0.023225794 5.543944836
