1.000000000 0.000000000 0.000000000 0.000000000 0.000000000 1.000000000 0.000000000 0.000000000 0.000000000 0.000000000 1.000000000 0.000000000
0.999961555 -0.006294230 0.006105177 0.001088243 0.006287146 0.999979556 0.001178881 -0.000528697 -0.006112473 -0.001140451 0.999980628 0.071043432
0.999951482 -0.005255932 0.008332681 0.002473547 0.005310250 0.999964714 -0.006510001 -0.000687641 -0.008298171 0.006553933 0.999944091 0.109453805
0.999913454 0.002277291 0.012954908 0.001761135 -0.002130862 0.999933779 -0.011305586 -0.000554901 -0.012979800 0.011277003 0.999852061 0.143600434
0.999891222 -0.001864838 0.014632385 0.002833133 0.002008325 0.999949992 -0.009797558 -0.000807376 -0.014613383 0.009825879 0.999844968 0.185394347
0.999793768 -0.011345357 0.016841169 0.004313558 0.011426174 0.999923587 -0.004710467 -0.001581158 -0.016786445 0.004901926 0.999847054 0.218353286
0.999663711 -0.017577102 0.019061554 0.005330269 0.017624585 0.999841928 -0.002325876 -0.002194188 -0.019017657 0.002661045 0.999815583 0.257007450
0.999648154 -0.017868306 0.019596258 0.006556266 0.017878514 0.999840021 -0.000345980 -0.002267372 -0.019586939 0.000696210 0.999807894 0.292779297
0.999720395 -0.012991508 0.019757105 0.007079344 0.012864183 0.999895751 0.006557979 -0.002585325 -0.019840237 -0.006301986 0.999783278 0.330127358
0.999707520 -0.013196375 0.020263508 0.008037244 0.012970441 0.999852717 0.011241021 -0.002935884 -0.020408863 -0.010974906 0.999731421 0.368666172
0.999709368 -0.012539395 0.020588985 0.008888656 0.012388634 0.999895632 0.007433692 -0.003105372 -0.020680049 -0.007176463 0.999760389 0.404528528
0.999710083 -0.010590865 0.021620464 0.009584539 0.010617591 0.999942958 -0.001121763 -0.003211418 -0.021607349 0.001350995 0.999765635 0.442305446
0.999717355 -0.008555855 0.022180364 0.010396549 0.008673857 0.999948680 -0.005229350 -0.003221222 -0.022134481 0.005420261 0.999740303 0.478933394
0.999730647 -0.006144216 0.022378650 0.011222223 0.006082849 0.999977529 0.002809295 -0.003556974 -0.022395410 -0.002672412 0.999745607 0.517690778
0.999670982 -0.009629974 0.023771621 0.012568112 0.009354172 0.999887884 0.011686269 -0.003490408 -0.023881497 -0.011460061 0.999649167 0.557273269
0.999594092 -0.012703843 0.025500240 0.014051350 0.012370322 0.999836385 0.013194561 -0.003926068 -0.025663693 -0.012873760 0.999587655 0.593531847
0.999469876 -0.015217385 0.028781217 0.015561490 0.015088887 0.999875128 0.004676563 -0.004211748 -0.028848790 -0.004239807 0.999574780 0.631896257
0.999423027 -0.013892783 0.030993007 0.016548928 0.013997592 0.999897122 -0.003167305 -0.003759139 -0.030945811 0.003599305 0.999514580 0.669387162
0.999349415 -0.012793696 0.033720784 0.017698867 0.013020901 0.999894023 -0.006526841 -0.004106302 -0.033633705 0.006961670 0.999409974 0.708088219
0.999204040 -0.016574504 0.036286727 0.019742532 0.016770715 0.999846280 -0.005109466 -0.004652898 -0.036196474 0.005713954 0.999328375 0.745018005
0.999121547 -0.015419398 0.038965713 0.021414816 0.015534666 0.999875784 -0.002657145 -0.004974997 -0.038919911 0.003260130 0.999237061 0.783775687
0.999053597 -0.012242873 0.041736718 0.023010090 0.012132647 0.999922216 0.002893271 -0.005555481 -0.041768886 -0.002384156 0.999124408 0.821135759
0.998952687 -0.010259075 0.044588510 0.024665404 0.009773001 0.999890625 0.011105653 -0.005651448 -0.044697564 -0.010658260 0.998943627 0.859922945
0.998844385 -0.010396169 0.046921980 0.026347416 0.009615451 0.999812067 0.016833775 -0.005455779 -0.047088176 -0.016363148 0.998756647 0.897817552
0.998721898 -0.010718685 0.049393445 0.028614700 0.009919490 0.999816477 0.016396986 -0.006204555 -0.049560122 -0.015886076 0.998644710 0.934648693
0.998611569 -0.010027503 0.051715255 0.030821458 0.009550862 0.999909699 0.009455591 -0.005829088 -0.051805399 -0.008948537 0.998617053 0.972102821
0.998530686 -0.008821330 0.053465292 0.032828502 0.008798198 0.999961019 0.000668016 -0.006159453 -0.053469099 -0.000196636 0.998569489 1.008184791
0.998411357 -0.006596889 0.055957533 0.034883633 0.006676416 0.999976933 -0.001234332 -0.006274940 -0.055948101 0.001605967 0.998432338 1.045446396
0.998257518 -0.004757968 0.058817439 0.037348285 0.004600706 0.999985456 0.002808888 -0.006378211 -0.058829945 -0.002533392 0.998264790 1.082852840
0.998077750 -0.002138231 0.061936170 0.038844962 0.001498744 0.999945104 0.010369562 -0.006731529 -0.061954953 -0.010256802 0.998026192 1.119802594
0.997833550 0.003028821 0.065718934 0.041107345 -0.003942010 0.999897420 0.013770148 -0.006679703 -0.065670490 -0.013999381 0.997743070 1.157260776
0.997542500 0.007379469 0.069672547 0.043459520 -0.008216159 0.999897480 0.011729971 -0.006845273 -0.069578834 -0.012273587 0.997500956 1.193193674
0.997217417 0.009799195 0.073901877 0.045972746 -0.010250498 0.999931037 0.005729988 -0.007066447 -0.073840626 -0.006471574 0.997249067 1.228979945
0.996848404 0.007298788 0.078994580 0.048762962 -0.007008323 0.999967575 -0.003953626 -0.007483903 -0.079020873 0.003387547 0.996867180 1.264189124
0.996406615 0.005825542 0.084499784 0.052305486 -0.005130572 0.999951243 -0.008439343 -0.007640506 -0.084544823 0.007975485 0.996387780 1.299925566
0.995816052 0.003246952 0.091322832 0.055984959 -0.002959955 0.999990225 -0.003277932 -0.008217698 -0.091332585 0.002993906 0.995815933 1.336036921
0.995087087 -0.000552292 0.099001460 0.059536099 -0.000263502 0.999966145 0.008226955 -0.008196246 -0.099002652 -0.008212623 0.995053351 1.372849822
0.994231999 -0.003891363 0.107179776 0.063995361 0.002367136 0.999894321 0.014344764 -0.008394349 -0.107224263 -0.014008315 0.994136155 1.408378005
0.993209243 -0.008322672 0.116043344 0.068864547 0.006954212 0.999901474 0.012192549 -0.009103000 -0.116133384 -0.011302761 0.993169308 1.442880750
0.992190838 -0.009515815 0.124365374 0.073437013 0.009028099 0.999949217 0.004484634 -0.009243757 -0.124401733 -0.003326827 0.992226303 1.476939678
0.990953386 -0.011396827 0.133721083 0.077681392 0.011563168 0.999933064 -0.000467380 -0.009532152 -0.133706793 0.002009390 0.991018772 1.511300564
0.989828587 -0.014412306 0.141533092 0.083745062 0.014572329 0.999893725 -0.000094202 -0.010272971 -0.141516700 0.002155711 0.989933491 1.545538545
0.988735616 -0.020170825 0.148307011 0.089817032 0.019986391 0.999796450 0.002733940 -0.010210529 -0.148331955 0.000260978 0.988937557 1.578965306
0.987786055 -0.023883659 0.153974950 0.095806077 0.023277273 0.999712527 0.005740073 -0.010616196 -0.154067785 -0.002085846 0.988058031 1.612770200
0.986901224 -0.030081602 0.158496305 0.101686046 0.029373361 0.999545276 0.006809758 -0.010619706 -0.158629060 -0.002064988 0.987336099 1.646086812
0.986489177 -0.031428620 0.160783902 0.107101128 0.031052772 0.999505997 0.004850440 -0.011083431 -0.160856932 0.000207881 0.986977756 1.678705096
0.986420631 -0.034115616 0.160656214 0.112972900 0.034040477 0.999415219 0.003220782 -0.011525078 -0.160672158 0.002291768 0.987005174 1.711190820
0.986601353 -0.035826530 0.159167111 0.118091077 0.036049973 0.999348879 0.001484245 -0.011669464 -0.159116685 0.004273612 0.987250566 1.741393089
0.987062752 -0.035438173 0.156368554 0.123003542 0.035573039 0.999365151 0.001936720 -0.012064766 -0.156337917 0.003650841 0.987696946 1.772743464
0.987507939 -0.037215352 0.153111041 0.127593547 0.037096299 0.999305010 0.003635207 -0.012082664 -0.153139919 0.002090058 0.988202393 1.804166436
0.988588333 -0.034366887 0.146669284 0.132824019 0.034217983 0.999408126 0.003538758 -0.012522088 -0.146704078 0.001520353 0.989179313 1.835185289
0.989403605 -0.036927864 0.140416786 0.137271494 0.036797542 0.999316454 0.003525214 -0.012765585 -0.140451029 0.001679134 0.990086138 1.865162134
0.990400553 -0.037215587 0.133122936 0.141196430 0.037022118 0.999306858 0.003929100 -0.012642691 -0.133176878 0.001037112 0.991091788 1.895746112
0.991190016 -0.043294866 0.125171676 0.145535648 0.042895176 0.999062181 0.005887880 -0.012877329 -0.125309214 -0.000466746 0.992117584 1.926276922
0.992035627 -0.046311215 0.117134288 0.149306864 0.045352276 0.998912275 0.010840246 -0.012981826 -0.117508896 -0.005441605 0.993056893 1.956983566
0.992755592 -0.048982523 0.109713748 0.152635723 0.047583498 0.998749554 0.015335251 -0.012862116 -0.110327728 -0.010003589 0.993844926 1.987721324
0.993670166 -0.049942158 0.100623928 0.156226158 0.048432749 0.998675168 0.017389484 -0.013049319 -0.101359077 -0.012405917 0.994772494 2.018175602
0.994304240 -0.052275471 0.092878871 0.159011602 0.051057827 0.998576343 0.015439985 -0.013398424 -0.093553782 -0.010609849 0.995557725 2.048035860
0.995002568 -0.052502032 0.084932365 0.161370128 0.051762268 0.998600066 0.010890385 -0.013449444 -0.085385241 -0.006439670 0.996327162 2.077830553
0.995711267 -0.052240498 0.076355025 0.163419574 0.051987294 0.998633742 0.005301472 -0.013569096 -0.076527640 -0.001309245 0.997066617 2.107512951
0.996594250 -0.049559958 0.065906540 0.165814236 0.049604584 0.998768508 0.000960217 -0.013583206 -0.065872937 0.002312319 0.997825325 2.137653828
0.997387886 -0.045924593 0.055753179 0.167234913 0.046163213 0.998929381 -0.002998836 -0.013296037 -0.055555772 0.005564748 0.998440087 2.167596340
0.997981966 -0.043504424 0.046253465 0.168238908 0.043758541 0.999032080 -0.004495323 -0.013905574 -0.046013132 0.006510235 0.998919606 2.198179245
0.998519659 -0.040358476 0.036464449 0.169148564 0.040538888 0.999169052 -0.004221502 -0.014508200 -0.036263779 0.005693482 0.999326050 2.228960752
0.998991013 -0.035363231 0.027681192 0.169348121 0.035488151 0.999361873 -0.004034525 -0.014764672 -0.027520854 0.005012808 0.999608696 2.260198116
0.999262214 -0.033564359 0.018665526 0.170154348 0.033653822 0.999423504 -0.004499304 -0.015262379 -0.018503750 0.005124150 0.999815702 2.290946245
0.999435723 -0.031790491 0.010836893 0.170485958 0.031840440 0.999482930 -0.004467806 -0.015517931 -0.010689256 0.004810337 0.999931276 2.322803736
0.999619424 -0.027421737 0.003017919 0.170378163 0.027434599 0.999614298 -0.004307912 -0.015334196 -0.002898624 0.004389067 0.999986231 2.353647470
0.999665499 -0.025778109 -0.002098799 0.169715077 0.025768813 0.999658406 -0.004341369 -0.015837079 0.002209995 0.004285834 0.999988317 2.384713173
0.999638796 -0.025672149 -0.007946257 0.169225976 0.025645005 0.999664903 -0.003498942 -0.016494276 0.008033422 0.003293897 0.999962270 2.416773081
0.999581635 -0.026010487 -0.012641656 0.168673158 0.025965618 0.999656022 -0.003700742 -0.016109468 0.012733567 0.003370946 0.999913216 2.447923660
0.999526560 -0.025633285 -0.017012930 0.168602645 0.025636319 0.999671340 -0.000039699 -0.017092394 0.017008359 -0.000396468 0.999855280 2.479892731
0.999491751 -0.024311731 -0.020617358 0.168030664 0.024352049 0.999701917 0.001706687 -0.017279066 0.020569719 -0.002207894 0.999786079 2.511820316
0.999351740 -0.026710367 -0.024134973 0.167344123 0.026781823 0.999637663 0.002642216 -0.017867045 0.024055660 -0.003286882 0.999705195 2.544040442
0.999178171 -0.030064017 -0.027183909 0.166669592 0.030109815 0.999545693 0.001276969 -0.018166810 0.027133172 -0.002094422 0.999629676 2.576102972
0.999027729 -0.032514323 -0.029771414 0.165849134 0.032528169 0.999470770 -0.000019246 -0.018163094 0.029756285 -0.000949182 0.999556720 2.608363867
0.998994589 -0.030760832 -0.032612924 0.164790258 0.030734614 0.999526739 -0.001305056 -0.018224422 0.032637630 0.000301398 0.999467254 2.640588284
0.998915255 -0.030995764 -0.034750171 0.163755596 0.031025095 0.999518514 0.000305054 -0.018631095 0.034723986 -0.001382850 0.999395967 2.673723698
0.998846054 -0.031220162 -0.036496758 0.162392944 0.031282973 0.999509811 0.001151114 -0.018892491 0.036442935 -0.002291513 0.999333143 2.706121922
0.998780847 -0.031503804 -0.038005427 0.161026061 0.031592444 0.999499321 0.001733880 -0.019055393 0.037931774 -0.002932450 0.999275982 2.738239527
0.998756349 -0.030775778 -0.039223544 0.160307109 0.030862631 0.999522328 0.001610491 -0.019589100 0.039155245 -0.002819030 0.999229133 2.771198750
0.998842001 -0.028081764 -0.039063673 0.158915073 0.028125500 0.999604225 0.000570377 -0.020000262 0.039032191 -0.001668402 0.999236584 2.803231955
0.998909891 -0.027113749 -0.038000826 0.157906115 0.027089853 0.999632239 -0.001143788 -0.020198006 0.038017873 0.000113104 0.999277055 2.835347414
0.999008954 -0.026699394 -0.035611846 0.156632468 0.026586214 0.999639869 -0.003647823 -0.020803265 0.035696413 0.002697424 0.999359071 2.867033958
0.999172807 -0.024506804 -0.032450732 0.155386448 0.024320494 0.999685347 -0.006123689 -0.021223459 0.032590598 0.005329406 0.999454558 2.898936749
0.999341726 -0.022719037 -0.028282652 0.154945359 0.022516374 0.999718547 -0.007463631 -0.021725822 0.028444260 0.006821893 0.999572098 2.930230379
0.999490559 -0.021511633 -0.023575215 0.154018909 0.021351632 0.999747336 -0.007017623 -0.022143001 0.023720222 0.006510678 0.999697447 2.961720467
0.999569714 -0.022260185 -0.019106571 0.153881356 0.022158820 0.999739289 -0.005500882 -0.022864157 0.019224044 0.005075136 0.999802291 2.993380547
0.999687672 -0.020866923 -0.013753369 0.153355330 0.020830248 0.999779046 -0.002804718 -0.023422539 0.013808860 0.002517357 0.999901354 3.024441957
0.999785781 -0.019269716 -0.007551111 0.152705163 0.019258088 0.999813139 -0.001610062 -0.023978308 0.007580726 0.001464297 0.999970138 3.055439472
0.999815404 -0.019115904 -0.001902258 0.153527513 0.019113092 0.999816358 -0.001483784 -0.024359889 0.001930273 0.001447153 0.999997079 3.086699247
0.999826491 -0.017634762 0.005991322 0.153517291 0.017645156 0.999842882 -0.001686418 -0.024901729 -0.005960642 0.001791843 0.999980688 3.116684914
0.999732614 -0.019272888 0.012771645 0.154633909 0.019294281 0.999812603 -0.001553913 -0.025237201 -0.012739304 0.001799918 0.999917269 3.146154165
0.999601066 -0.020506479 0.019419756 0.155547589 0.020545872 0.999787211 -0.001830918 -0.025564030 -0.019378081 0.002229183 0.999809802 3.174795628
0.999419689 -0.022507092 0.025565075 0.156733245 0.022566780 0.999743283 -0.002048491 -0.026072096 -0.025512405 0.002624224 0.999671102 3.202756643
0.999177754 -0.024621006 0.032210454 0.158124670 0.024701020 0.999692619 -0.002088474 -0.026622888 -0.032149144 0.002882388 0.999478877 3.230243444
0.998951077 -0.025385935 0.038106073 0.159773231 0.025527559 0.999668896 -0.003234693 -0.026958454 -0.038011339 0.004204055 0.999268413 3.257461786
0.998718679 -0.023898710 0.044606585 0.160900131 0.024123369 0.999698818 -0.004505040 -0.027231652 -0.044485491 0.005575329 0.998994529 3.284204960
0.998485744 -0.025425661 0.048782289 0.162422150 0.025667602 0.999661028 -0.004339510 -0.027953129 -0.048655432 0.005585064 0.998800039 3.310653925
0.998303235 -0.026775260 0.051707182 0.164268583 0.026944414 0.999633551 -0.002576994 -0.028552480 -0.051619239 0.003965841 0.998659015 3.336973906
0.998185575 -0.028327269 0.053131923 0.166148245 0.028429812 0.999595046 -0.001175047 -0.028715108 -0.053077124 0.002683446 0.998586833 3.362493515
0.998089254 -0.029982798 0.054025810 0.167802200 0.030101422 0.999545872 -0.001383109 -0.028751966 -0.053959794 0.003006720 0.998538613 3.389494419
0.998090208 -0.031840056 0.052935928 0.170167968 0.032042049 0.999482095 -0.002971245 -0.029043324 -0.052813914 0.004661746 0.998593509 3.415344238
0.998152733 -0.031387392 0.052017540 0.171775103 0.031665873 0.999488175 -0.004537846 -0.029215485 -0.051848479 0.006176644 0.998635888 3.440440893
0.998306692 -0.028835675 0.050517909 0.173131406 0.029056003 0.999571085 -0.003632266 -0.029204838 -0.050391514 0.005093965 0.998716533 3.466868877
0.998375297 -0.028442996 0.049371023 0.174180329 0.028627878 0.999585450 -0.003041504 -0.029113965 -0.049264051 0.004449950 0.998775780 3.492433548
0.998438001 -0.030550735 0.046777129 0.175839812 0.030709388 0.999524713 -0.002676568 -0.029611070 -0.046673138 0.004108884 0.998901784 3.517480373
0.998411238 -0.035161722 0.044029590 0.177199513 0.035267238 0.999376595 -0.001622001 -0.030649502 -0.043945111 0.003172227 0.999028921 3.542939663
0.998451352 -0.036955457 0.041583598 0.178456768 0.037013974 0.999314547 -0.000637833 -0.030961281 -0.041531529 0.002176021 0.999134839 3.567512989
0.998638988 -0.036260445 0.037488203 0.179291323 0.036368232 0.999336004 -0.002197091 -0.030988757 -0.037383646 0.003557480 0.999294579 3.592542410
0.998872757 -0.036223028 0.030676961 0.180116564 0.036305394 0.999338448 -0.002131967 -0.031237448 -0.030579446 0.003243302 0.999527097 3.617329121
0.998984575 -0.038629167 0.023187574 0.180653617 0.038641825 0.999253035 -0.000098095 -0.031317208 -0.023166467 0.000994005 0.999731123 3.641301632
0.999033272 -0.041736811 0.013810819 0.181202769 0.041724302 0.999128401 0.001192753 -0.031829894 -0.013848566 -0.000615353 0.999903858 3.664332628
0.999011695 -0.044402793 0.002017259 0.181127399 0.044402335 0.999013722 0.000270896 -0.032348245 -0.002027298 -0.000181057 0.999997854 3.688126326
0.998973429 -0.044146437 -0.010158319 0.180763081 0.044146657 0.999025106 -0.000202746 -0.032765735 0.010157367 -0.000245917 0.999948323 3.711248636
0.998863161 -0.042495310 -0.021599516 0.180221081 0.042502128 0.999096453 -0.000143622 -0.032824446 0.021586102 -0.000774567 0.999766648 3.734269142
0.998719573 -0.039513737 -0.031588167 0.178733796 0.039504077 0.999218881 -0.000930103 -0.032894798 0.031600244 -0.000318950 0.999500513 3.758153200
0.998571455 -0.036543641 -0.038981516 0.177345559 0.036540225 0.999332011 -0.000800141 -0.033624649 0.038984705 -0.000625396 0.999239743 3.781151772
0.998417497 -0.035552252 -0.043572366 0.176305935 0.035525963 0.999367833 -0.001377838 -0.033734102 0.043593809 -0.000172292 0.999049306 3.803807974
0.998313546 -0.035755385 -0.045734182 0.175066411 0.035708468 0.999360621 -0.001842555 -0.034034368 0.045770820 0.000206350 0.998951972 3.827051640
0.998131454 -0.036752775 -0.048814632 0.174448729 0.036682833 0.999324381 -0.002328263 -0.034434326 0.048867218 0.000533254 0.998805046 3.850061417
0.998038471 -0.037168965 -0.050375447 0.173452049 0.037042737 0.999307811 -0.003437307 -0.034681510 0.050468329 0.001564521 0.998724341 3.872839212
0.998044431 -0.036320716 -0.050873321 0.172058001 0.036124434 0.999335945 -0.004772667 -0.035163000 0.051012877 0.002925564 0.998693645 3.895937204
0.998107851 -0.035821162 -0.049975481 0.170754805 0.035573561 0.999350011 -0.005835451 -0.035179086 0.050152030 0.004046604 0.998733401 3.919487715
0.998176157 -0.035372615 -0.048919529 0.169785440 0.035127141 0.999365568 -0.005868828 -0.035452485 0.049096089 0.004139721 0.998785496 3.942996264
0.998249650 -0.036150340 -0.046804775 0.168757483 0.035922095 0.999338210 -0.005708766 -0.035655156 0.046980169 0.004017449 0.998887777 3.967046261
0.998378456 -0.035866152 -0.044204190 0.168122962 0.035663180 0.999349415 -0.005372060 -0.035908531 0.044368107 0.003786888 0.999008119 3.991346121
0.998493016 -0.036056995 -0.041369822 0.167222813 0.035885535 0.999343991 -0.004879594 -0.036380671 0.041518629 0.003387662 0.999131978 4.017652035
0.998648405 -0.035689067 -0.037784047 0.166266903 0.035538182 0.999357402 -0.004657557 -0.036553033 0.037925988 0.003308485 0.999275088 4.043324471
0.998771846 -0.035832088 -0.034216993 0.165751621 0.035721023 0.999354362 -0.003851721 -0.036778927 0.034332909 0.002624725 0.999406993 4.068881035
0.998976648 -0.034922581 -0.028740911 0.164754614 0.034842510 0.999387443 -0.003281981 -0.037185624 0.028837917 0.002277217 0.999581575 4.094642162
0.999126196 -0.035052281 -0.022760987 0.164526209 0.034989696 0.999382734 -0.003142369 -0.037433855 0.022857087 0.002343223 0.999735892 4.122902393
0.999267876 -0.034597058 -0.016329525 0.164450139 0.034576096 0.999400735 -0.001564372 -0.037689906 0.016373865 0.000998616 0.999865353 4.149567604
0.999382377 -0.033819564 -0.009531491 0.164816365 0.033816919 0.999427915 -0.000438706 -0.037772197 0.009540874 0.000116109 0.999954343 4.176812172
0.999490201 -0.031904809 -0.001190793 0.164419338 0.031905532 0.999490678 0.000591029 -0.038130231 0.001171330 -0.000628721 0.999999046 4.205252647
0.999489903 -0.031121666 0.007172086 0.164403856 0.031112064 0.999514818 0.001446677 -0.038048040 -0.007213628 -0.001222800 0.999973178 4.232778549
0.999385178 -0.031514756 0.015363105 0.165736586 0.031473301 0.999500334 0.002932525 -0.038621459 -0.015447845 -0.002447194 0.999877632 4.259673595
0.999164283 -0.032465935 0.024832051 0.166940153 0.032381173 0.999468327 0.003808060 -0.038528614 -0.024942478 -0.003000787 0.999684334 4.288024426
0.998866975 -0.031193601 0.035940006 0.167761713 0.030998932 0.999501705 0.005961304 -0.039064594 -0.036108047 -0.004840448 0.999336183 4.314748764
0.998420715 -0.030463217 0.047202855 0.169248402 0.030108018 0.999512911 0.008217858 -0.039146669 -0.047430199 -0.006783695 0.998851538 4.341052532
0.997828424 -0.030024933 0.058625057 0.171740487 0.029450413 0.999509573 0.010639644 -0.038983278 -0.058915757 -0.008890008 0.998223364 4.368744850
0.996923923 -0.029838828 0.072473302 0.174120203 0.029092491 0.999512494 0.011332169 -0.038886636 -0.072776109 -0.009188884 0.997305870 4.393750191
0.995550215 -0.029152328 0.089610279 0.176173851 0.028273020 0.999538958 0.011066589 -0.038912926 -0.089891583 -0.008483793 0.995915413 4.418731213
0.993641675 -0.028702376 0.108868860 0.180320889 0.027604641 0.999551833 0.011577134 -0.039231416 -0.109152392 -0.008498237 0.993988633 4.445258617
0.990937591 -0.029329805 0.131082460 0.184086740 0.027925534 0.999531269 0.012538665 -0.039397802 -0.131388798 -0.008764486 0.991292238 4.469416618
0.987757683 -0.032738999 0.152521759 0.188517690 0.031130714 0.999431729 0.012921408 -0.039115634 -0.152858153 -0.008015107 0.988215625 4.493606091
0.984171748 -0.037039950 0.173303246 0.194467843 0.034984283 0.999276757 0.014902241 -0.039190672 -0.173729882 -0.008603475 0.984755754 4.520086765
0.979990244 -0.040495988 0.194882572 0.199873507 0.037947942 0.999138653 0.016792092 -0.039000452 -0.195394725 -0.009060695 0.980682850 4.544173241
0.975535393 -0.044152968 0.215363011 0.206144035 0.041224945 0.998986483 0.018071005 -0.038819849 -0.215942621 -0.008750577 0.976366818 4.567672253
0.971002400 -0.048501544 0.234098166 0.213293850 0.045228511 0.998789608 0.019333085 -0.038471863 -0.234752506 -0.008184561 0.972020745 4.592681408
0.967054605 -0.053990714 0.248777956 0.220182121 0.050548729 0.998517096 0.020207873 -0.037977584 -0.249500126 -0.006966709 0.968349755 4.615959167
0.964166939 -0.061926920 0.257967174 0.226650357 0.058408443 0.998065829 0.021288138 -0.038009003 -0.258786559 -0.005457859 0.965919077 4.638477802
0.963250637 -0.069442712 0.259472191 0.234022856 0.066059239 0.997578621 0.021747921 -0.037535407 -0.260354131 -0.003808165 0.965505660 4.662901402
0.964365721 -0.074940450 0.253737211 0.240617931 0.071634971 0.997182548 0.022255326 -0.037149273 -0.254690200 -0.003285811 0.967017055 4.685716152
0.966942906 -0.078736350 0.242532358 0.246284783 0.075730138 0.996891975 0.021708200 -0.037160985 -0.243487790 -0.002623580 0.969900370 4.707651138
0.970900118 -0.079897694 0.225764543 0.251107454 0.077153884 0.996798813 0.020965356 -0.037292831 -0.226716921 -0.002936655 0.973956227 4.729753971
0.975510478 -0.080571651 0.204664111 0.255638361 0.078361392 0.996745944 0.018894820 -0.036746003 -0.205520511 -0.002394325 0.978649855 4.753093719
0.980343759 -0.080706231 0.180035025 0.259165466 0.078907125 0.996734560 0.017144285 -0.036706984 -0.180830777 -0.002601241 0.983510673 4.774503231
0.984728873 -0.081734724 0.153715864 0.262121916 0.080307320 0.996649861 0.015482984 -0.036611065 -0.154466420 -0.002902030 0.987993777 4.796092987
0.988695621 -0.081586197 0.125796258 0.264007032 0.080397107 0.996657372 0.014509062 -0.036755249 -0.126559481 -0.004231388 0.991949916 4.817029953
0.992021799 -0.083154112 0.094752334 0.265311390 0.082189828 0.996517718 0.014041309 -0.036879338 -0.095589973 -0.006141608 0.995401859 4.838379860
0.994820297 -0.081838086 0.060292084 0.265395641 0.081297614 0.996625006 0.011367785 -0.037110835 -0.061018921 -0.006407304 0.998116016 4.859403610
0.996637523 -0.078781143 0.022519313 0.264673203 0.078619249 0.996872723 0.007987957 -0.037215848 -0.023078173 -0.006190647 0.999714494 4.880005836
0.997052133 -0.075216942 -0.015143037 0.263010353 0.075297564 0.997149408 0.004825550 -0.037228577 0.014736913 -0.005951561 0.999873757 4.900011063
0.996259928 -0.070002846 -0.050652429 0.260882497 0.070276812 0.997520864 0.003645932 -0.037899535 0.050271623 -0.007191987 0.998709679 4.919348240
0.994549990 -0.064077780 -0.082245320 0.257927239 0.064394511 0.997923851 0.001201569 -0.038014270 0.081997566 -0.006491168 0.996611357 4.939198971
0.992488921 -0.057088513 -0.108196959 0.254317164 0.057406984 0.998350918 -0.000171454 -0.038208798 0.108028315 -0.006041096 0.994129419 4.959019661
0.989975750 -0.051859058 -0.131372586 0.250782967 0.052229129 0.998634934 -0.000629502 -0.038623847 0.131225914 -0.006238285 0.991332889 4.978603840
0.987482548 -0.046212237 -0.150806993 0.246541917 0.046605304 0.998912990 -0.000928836 -0.038958237 0.150685966 -0.006111197 0.988562822 4.998297215
0.985301197 -0.041380469 -0.165738195 0.241659522 0.041686852 0.999129355 -0.001631014 -0.039392021 0.165661395 -0.005302065 0.986168385 5.018373966
0.983574331 -0.038203370 -0.176414624 0.238270640 0.037976593 0.999267757 -0.004662805 -0.039489374 0.176463559 -0.002113411 0.984304965 5.036829472
0.982520461 -0.034121852 -0.183000252 0.234855592 0.033312611 0.999416828 -0.007495251 -0.039834987 0.183149248 0.001268022 0.983084261 5.057897091
0.982512176 -0.028816449 -0.183954895 0.230027556 0.027594853 0.999576807 -0.009197771 -0.039897382 0.184142113 0.003960714 0.982891619 5.079881191
0.983146667 -0.022747859 -0.181397423 0.226127326 0.021554885 0.999731183 -0.008545461 -0.040341578 0.181543067 0.004491442 0.983372688 5.102227211
0.984466732 -0.019670071 -0.174465790 0.221847415 0.018523306 0.999794722 -0.008199049 -0.040554836 0.174591273 0.004840008 0.984629095 5.124950886
0.986276567 -0.017525643 -0.164168671 0.218365669 0.016365601 0.999830604 -0.008416146 -0.040608689 0.164288387 0.005613926 0.986396372 5.149649620
0.988534391 -0.014631020 -0.150285780 0.214424014 0.013384015 0.999867082 -0.009305734 -0.040829409 0.150401980 0.007187610 0.988598764 5.174757481
0.990764081 -0.010533649 -0.135187507 0.210934401 0.009338206 0.999911547 -0.009473954 -0.041249204 0.135275349 0.008124044 0.990774632 5.200570107
0.992819130 -0.008561064 -0.119318254 0.208304882 0.007703525 0.999941170 -0.007646351 -0.041429229 0.119376704 0.006672272 0.992826521 5.227000713
0.994606555 -0.009772627 -0.103258111 0.206385612 0.009038815 0.999930501 -0.007572111 -0.041701995 0.103324935 0.006597941 0.994625688 5.256688595
0.996144652 -0.011986323 -0.086902715 0.204628915 0.011303282 0.999901295 -0.008347653 -0.041777264 0.086994171 0.007333184 0.996181786 5.284986019
0.997396588 -0.014222294 -0.070693932 0.202957511 0.013560228 0.999859691 -0.009836365 -0.041954897 0.070823893 0.008852131 0.997449517 5.314799309
0.998373806 -0.012721958 -0.055569030 0.201474279 0.012117259 0.999863744 -0.011205317 -0.042638291 0.055704016 0.010513749 0.998391986 5.344976902
0.999046087 -0.011902343 -0.042014889 0.201516926 0.011370817 0.999852538 -0.012867298 -0.043187827 0.042161852 0.012377279 0.999034047 5.377732277
0.999510825 -0.013836922 -0.028048592 0.200808331 0.013462145 0.999818087 -0.013506874 -0.043593235 0.028230384 0.013122670 0.999515295 5.409876823
0.999770284 -0.015608176 -0.014685810 0.201009631 0.015409443 0.999789476 -0.013549576 -0.044265609 0.014894197 0.013320165 0.999800265 5.442968845
0.999830842 -0.018180639 -0.002773533 0.202036351 0.018143767 0.999753594 -0.012787257 -0.044863604 0.003005330 0.012734773 0.999914348 5.479476452
0.999800920 -0.018478408 0.007524527 0.202728480 0.018565256 0.999759912 -0.011639779 -0.045382641 -0.007307634 0.011777156 0.999903858 5.514233112
0.999703169 -0.019147217 0.015064888 0.204187796 0.019293658 0.999767423 -0.009635946 -0.046203375 -0.014876880 0.009923746 0.999839962 5.550511837
0.999536633 -0.021803126 0.021241214 0.204153746 0.021997346 0.999717891 -0.008953223 -0.046030570 -0.021040022 0.009416326 0.999734342 5.584995747
0.999430895 -0.024105763 0.023597389 0.206223071 0.024300341 0.999672711 -0.007993944 -0.046814825 -0.023396971 0.008562819 0.999689579 5.625292778
0.999365509 -0.024408173 0.025937395 0.206977904 0.024599707 0.999672234 -0.007091227 -0.047399450 -0.025755811 0.007724780 0.999638379 5.660788536
0.999369085 -0.024113439 0.026077976 0.208719373 0.024283417 0.999685764 -0.006220993 -0.047858953 -0.025919773 0.006850328 0.999640524 5.698101997
0.999347687 -0.023472494 0.027442852 0.209833756 0.023629440 0.999706089 -0.005408922 -0.047902375 -0.027307820 0.006053854 0.999608696 5.737881660
0.999343574 -0.022699181 0.028231382 0.211043030 0.022788286 0.999736309 -0.002838565 -0.048689917 -0.028159507 0.003480047 0.999597311 5.774209976
0.999307990 -0.022056868 0.029947363 0.212002724 0.022036633 0.999756634 0.001005727 -0.049038474 -0.029962258 -0.000345092 0.999550998 5.812570572
0.999278009 -0.023512974 0.029839221 0.213515580 0.023378253 0.999714851 0.004855915 -0.049359567 -0.029944889 -0.004154821 0.999542952 5.849218369
0.999277174 -0.023887631 0.029569332 0.214339733 0.023685388 0.999693751 0.007171081 -0.049832497 -0.029731577 -0.006465539 0.999537110 5.886015415
0.999305964 -0.024657596 0.027919693 0.216003910 0.024468046 0.999675274 0.007110526 -0.050000016 -0.028085956 -0.006422451 0.999584913 5.924474716
0.999314725 -0.026020084 0.026324453 0.217130601 0.025909450 0.999653935 0.004535208 -0.050039280 -0.026433347 -0.003850048 0.999643207 5.960919857
0.999325395 -0.026200373 0.025734417 0.218234330 0.026130510 0.999653876 0.003047493 -0.050287463 -0.025805354 -0.002372984 0.999664128 5.998534679
0.999319136 -0.026523959 0.025646932 0.218897343 0.026481291 0.999647260 0.002001999 -0.050497171 -0.025690990 -0.001321472 0.999669075 6.035120010
0.999344647 -0.026428264 0.024731858 0.220342577 0.026381616 0.999649584 0.002210479 -0.050714366 -0.024781602 -0.001556564 0.999691784 6.072548389
0.999376595 -0.024621610 0.025300138 0.221229106 0.024556171 0.999694228 0.002893983 -0.050927967 -0.025363652 -0.002270904 0.999675751 6.109063148
0.999341965 -0.024570275 0.026678413 0.222430944 0.024499182 0.999695361 0.002988533 -0.051317576 -0.026743716 -0.002332967 0.999639511 6.146732330
0.999284089 -0.023629777 0.029542612 0.223482281 0.023544377 0.999717534 0.003235360 -0.051637627 -0.029610720 -0.002537482 0.999558210 6.183448315
0.999230742 -0.021582900 0.032743823 0.225274473 0.021472758 0.999762535 0.003711631 -0.051832743 -0.032816153 -0.003005676 0.999456882 6.220235825
0.999065638 -0.020430950 0.038086616 0.226886511 0.020258320 0.999782681 0.004913053 -0.052185379 -0.038178712 -0.004136892 0.999262333 6.255027294
0.998791873 -0.019366568 0.045162603 0.228961110 0.019092608 0.999796629 0.006489518 -0.052467223 -0.045279104 -0.005619406 0.998958528 6.294053078
0.998370290 -0.019132173 0.053764410 0.231140912 0.018757109 0.999796152 0.007472105 -0.052666292 -0.053896405 -0.006451464 0.998525739 6.329503536
0.997786462 -0.016624639 0.064386696 0.233751506 0.016120991 0.999835372 0.008333905 -0.052656092 -0.064514652 -0.007277482 0.997890234 6.365814209
0.996864736 -0.015983878 0.077491872 0.236551076 0.015306455 0.999839306 0.009327968 -0.053162340 -0.077628516 -0.008112597 0.996949315 6.403609276
0.995623827 -0.017010612 0.091889597 0.239970535 0.016155709 0.999819040 0.010039464 -0.053099386 -0.092043735 -0.008510989 0.995718539 6.438459396
0.994044721 -0.015841641 0.107815623 0.244730800 0.014831661 0.999838352 0.010163138 -0.053354613 -0.107959196 -0.008503528 0.994118989 6.475395679
0.991959333 -0.015931610 0.125550941 0.249342740 0.014792366 0.999840558 0.010001078 -0.053192079 -0.125690281 -0.008063465 0.992036760 6.510589123
0.989535213 -0.017585658 0.143216103 0.255312324 0.016277291 0.999814272 0.010302210 -0.053459205 -0.143370688 -0.007863228 0.989637852 6.546711922
0.986637890 -0.020035664 0.161691710 0.261173308 0.018616259 0.999773622 0.010288837 -0.053253427 -0.161861256 -0.007141261 0.986787677 6.581325054
0.983761668 -0.025256380 0.177693799 0.268501163 0.023552606 0.999654233 0.011691427 -0.053426340 -0.177927613 -0.007316426 0.984016478 6.615821362
0.981205583 -0.031233262 0.190420628 0.276614368 0.029418645 0.999490798 0.012349601 -0.053175420 -0.190709382 -0.006515580 0.981624842 6.651948929
0.979268491 -0.038689766 0.198837370 0.283833623 0.036701277 0.999232590 0.013677893 -0.053315930 -0.199213982 -0.006096744 0.979937077 6.684934616
0.978530228 -0.044952251 0.201141432 0.292343259 0.043032892 0.998976886 0.013906938 -0.053402528 -0.201560795 -0.004952658 0.979463398 6.720268250
0.978495777 -0.051706325 0.199680999 0.299542785 0.049908157 0.998655379 0.014031726 -0.053725272 -0.200137988 -0.003764274 0.979760408 6.753684521
0.979453385 -0.055644196 0.193842381 0.307368100 0.053999178 0.998446107 0.013764091 -0.053176872 -0.194307044 -0.003013955 0.980936110 6.788691044
0.981036782 -0.060300659 0.184202716 0.313850164 0.058846757 0.998177707 0.013354544 -0.053097896 -0.184672296 -0.002261568 0.982797444 6.821752071
0.983032286 -0.063928239 0.171931893 0.320443571 0.062813230 0.997954071 0.011923322 -0.053170152 -0.172342345 -0.000921413 0.985036671 6.856064320
0.984874725 -0.066322729 0.160072282 0.325952530 0.065424174 0.997798085 0.010883108 -0.053182460 -0.160441607 -0.000245901 0.987045288 6.889539719
0.986592710 -0.066324897 0.149117097 0.331301689 0.065497525 0.997798026 0.010457975 -0.053009748 -0.149482340 -0.000550962 0.988764226 6.923274040
0.987890780 -0.066292062 0.140275896 0.336033165 0.065291196 0.997797310 0.011730264 -0.053324439 -0.140744507 -0.002429438 0.990043044 6.956127644
0.988922179 -0.068805441 0.131525278 0.340959430 0.067734152 0.997623742 0.012606997 -0.053399667 -0.132080182 -0.003558585 0.991232634 6.989686489
0.989970624 -0.069661468 0.122904107 0.345247567 0.068693116 0.997564495 0.012104006 -0.053219549 -0.123447947 -0.003539946 0.992344677 7.022305965
0.990907609 -0.070398308 0.114656426 0.349484414 0.069482438 0.997511387 0.011969741 -0.053186916 -0.115213737 -0.003894299 0.993333101 7.055229187
0.991757333 -0.070500240 0.106990978 0.352857351 0.069604799 0.997501493 0.012085201 -0.052977644 -0.107575670 -0.004538500 0.994186580 7.087147713
0.992495239 -0.072619863 0.098385505 0.356245041 0.071715333 0.997344375 0.012703708 -0.053263791 -0.099046774 -0.005552620 0.995067358 7.118033886
0.993216574 -0.073088542 0.090437315 0.359735221 0.072221018 0.997306228 0.012832374 -0.053394191 -0.091131590 -0.006213852 0.995819449 7.150514603
0.994018614 -0.070667163 0.083265461 0.362006962 0.070022725 0.997488737 0.010638308 -0.053045809 -0.083808146 -0.004744201 0.996470630 7.180956364
0.994707763 -0.070142932 0.075076371 0.364753008 0.069688395 0.997531235 0.008660222 -0.052845895 -0.075498484 -0.003382438 0.997140169 7.212696075
0.995087981 -0.072265789 0.067659304 0.366909027 0.071987167 0.997384071 0.006550201 -0.052935325 -0.067955688 -0.001647423 0.997686923 7.242240906
0.995443225 -0.073313102 0.060975533 0.369013697 0.073020443 0.997305810 0.007016834 -0.053097643 -0.061325684 -0.002532397 0.998114645 7.272024632
0.995893300 -0.071849704 0.055083018 0.371313453 0.071533658 0.997408509 0.007690477 -0.053531792 -0.055492826 -0.003718604 0.998452127 7.301177979
0.996259212 -0.070056193 0.050593022 0.372689337 0.069742702 0.997533381 0.007937485 -0.054354195 -0.051024303 -0.004379299 0.998687685 7.327746868
0.996341944 -0.071193881 0.047267400 0.374054402 0.070951611 0.997456610 0.006785834 -0.054755304 -0.047630284 -0.003407311 0.998859167 7.354927540
0.996469796 -0.070784606 0.045138873 0.375481129 0.070592128 0.997488141 0.005846156 -0.054361362 -0.045439299 -0.002639069 0.998963594 7.380359173
0.996577382 -0.070124358 0.043773811 0.377429783 0.070024326 0.997537971 0.003816323 -0.054382414 -0.043933652 -0.000738030 0.999034166 7.407856464
0.996685445 -0.068479478 0.043917045 0.378669113 0.068417720 0.997652531 0.002909803 -0.054588281 -0.044013217 0.000104545 0.999030888 7.431413174
0.996789277 -0.066016980 0.045308109 0.380175829 0.065986104 0.997818232 0.002178340 -0.054421660 -0.045353066 0.000818359 0.998970687 7.455902576
0.996607184 -0.065333530 0.050056159 0.380460292 0.065294519 0.997863114 0.002415809 -0.055059511 -0.050107036 0.000860781 0.998743474 7.478500366
0.996519983 -0.062610105 0.055027250 0.382606566 0.062560759 0.998037755 0.002620604 -0.055504680 -0.055083338 0.000831062 0.998481393 7.500430107
0.996189892 -0.060664587 0.062653370 0.384148777 0.060799532 0.998149931 -0.000247743 -0.056074198 -0.062522426 0.004056093 0.998035312 7.521968842
0.995745540 -0.057828277 0.071740821 0.386782289 0.058256049 0.998294115 -0.003883042 -0.056260061 -0.071393877 0.008045857 0.997415721 7.546083450
0.994890332 -0.053276930 0.085760579 0.388277322 0.054247390 0.998486817 -0.009023996 -0.056216873 -0.085150011 0.013630175 0.996274889 7.566943169
0.993455291 -0.049093824 0.103132941 0.390920520 0.050509803 0.998661160 -0.011161645 -0.056848314 -0.102446884 0.016297821 0.994604945 7.587275505
0.991296053 -0.045382563 0.123583049 0.393492401 0.047064260 0.998834312 -0.010721132 -0.057495248 -0.122952446 0.016444162 0.992276311 7.607704639
0.988193631 -0.045159966 0.146403164 0.398437381 0.047174074 0.998833418 -0.010312852 -0.056702457 -0.145766646 0.017097527 0.989171267 7.628989697
0.983745575 -0.049038857 0.172742113 0.403133512 0.050839022 0.998688698 -0.006009584 -0.057363600 -0.172220916 0.014693939 0.984948754 7.648708344
0.978118479 -0.054362759 0.200820535 0.408864617 0.056269683 0.998408377 -0.003795371 -0.057682104 -0.200294584 0.015012428 0.979620695 7.668446064
0.971082568 -0.056350544 0.231998369 0.414826035 0.058013428 0.998315752 -0.000345643 -0.058084812 -0.231588170 0.013794668 0.972716093 7.688521862
0.962632418 -0.051770341 0.265816599 0.420660138 0.053081091 0.998587608 0.002255835 -0.058257494 -0.265557945 0.011938293 0.964021027 7.706876755
0.952769816 -0.039991375 0.301048607 0.426165819 0.041001432 0.999154747 0.002965075 -0.058606125 -0.300912678 0.009518392 0.953604162 7.724240780
0.941209495 -0.031748530 0.336328149 0.434159040 0.033025298 0.999452591 0.001924986 -0.058505468 -0.336205155 0.009295523 0.941742897 7.744066238
0.928095341 -0.029622350 0.371162444 0.441579580 0.031672064 0.999498129 0.000573311 -0.058952942 -0.370993167 0.011223393 0.928567767 7.760078907
0.911854208 -0.038511276 0.408703655 0.451158524 0.041991986 0.999117792 0.000456881 -0.059243459 -0.408360690 0.016745668 0.912667036 7.776802063
0.892410100 -0.044653714 0.449010313 0.463418245 0.051034886 0.998694658 -0.002112718 -0.058731917 -0.448329836 0.024800604 0.893524051 7.795551300
0.870167136 -0.044491455 0.490743935 0.474668741 0.051036574 0.998696804 0.000047116 -0.058435306 -0.490106493 0.025004892 0.871303856 7.811829567
0.844719648 -0.038139127 0.533848405 0.486002207 0.041337531 0.999127507 0.005970268 -0.057973113 -0.533610225 0.017024774 0.845559120 7.829169273
0.817023456 -0.036072880 0.575474977 0.499487400 0.032950975 0.999331117 0.015859991 -0.057910636 -0.575662196 0.006004475 0.817665577 7.846405029
0.786209643 -0.034929354 0.616971970 0.513320208 0.026583936 0.999388695 0.022703543 -0.057834446 -0.617387891 -0.001448197 0.786657512 7.862304688
0.751393855 -0.037615512 0.658780932 0.528683186 0.024317022 0.999274194 0.029321656 -0.057939261 -0.659405768 -0.006012523 0.751763225 7.878103256
0.714143455 -0.039687451 0.698873341 0.545460701 0.025320159 0.999202728 0.030869078 -0.057401299 -0.699541211 -0.004349366 0.714579046 7.892838478
0.672344744 -0.037271902 0.739299178 0.562391758 0.025466546 0.999305069 0.027219964 -0.056583375 -0.739799857 0.000526194 0.672826767 7.905710220
0.627731144 -0.032029212 0.777770996 0.580878258 0.023440279 0.999477744 0.022240853 -0.055907138 -0.778077245 0.004269898 0.628154099 7.918085575
