1.000000000 0.000000000 0.000000000 0.000000000 0.000000000 1.000000000 0.000000000 0.000000000 0.000000000 0.000000000 1.000000000 0.000000000
0.999949515 -0.001842024 0.009883263 0.004180618 0.001835084 0.999998033 0.000711189 -0.000986535 -0.009884553 -0.000693016 0.999950886 0.043766890
0.999898672 -0.002906924 0.013934708 0.005051686 0.002895543 0.999995470 0.000836877 -0.001042142 -0.013937077 -0.000796444 0.999902487 0.067018062
0.999858558 -0.003592922 0.016423650 0.005643477 0.003571497 0.999992609 0.001333704 -0.001131429 -0.016428323 -0.001274858 0.999864280 0.090641983
0.999840081 -0.003215393 0.017592281 0.006831982 0.003181714 0.999992967 0.001942054 -0.001134977 -0.017598409 -0.001885770 0.999843359 0.114939250
0.999804676 -0.003181607 0.019505560 0.007020335 0.003132624 0.999991834 0.002541270 -0.001347858 -0.019513490 -0.002479671 0.999806523 0.141185418
0.999804199 -0.002565144 0.019621417 0.008429538 0.002517331 0.999993801 0.002461115 -0.001198515 -0.019627610 -0.002411240 0.999804497 0.165114075
0.999788105 -0.002965386 0.020376064 0.009222230 0.002908300 0.999991775 0.002830733 -0.001278513 -0.020384289 -0.002770874 0.999788344 0.191255897
0.999764502 -0.004732509 0.021180363 0.009549564 0.004670561 0.999984622 0.002973234 -0.001279726 -0.021194112 -0.002873609 0.999771237 0.218086749
0.999750912 -0.006056543 0.021484211 0.010151692 0.005979545 0.999975443 0.003646319 -0.001065838 -0.021505767 -0.003516945 0.999762475 0.247066826
0.999755204 -0.006970625 0.021004161 0.010681670 0.006876537 0.999965966 0.004548416 -0.001032870 -0.021035153 -0.004402866 0.999768972 0.273573011
0.999779344 -0.006520134 0.019968607 0.011324456 0.006426527 0.999967992 0.004748296 -0.000765154 -0.019998930 -0.004618920 0.999789298 0.303561389
0.999800503 -0.006432740 0.018908048 0.010730946 0.006341621 0.999967992 0.004875109 -0.000591796 -0.018938802 -0.004754229 0.999809325 0.331306368
0.999829113 -0.005865380 0.017528463 0.011539722 0.005778402 0.999970734 0.005008652 -0.000635525 -0.017557327 -0.004906510 0.999833822 0.362554729
0.999849856 -0.004211617 0.016809655 0.010642580 0.004137421 0.999981523 0.004446164 -0.000305397 -0.016828069 -0.004375948 0.999848783 0.390987039
0.999864817 -0.000786147 0.016421620 0.010698679 0.000756047 0.999997973 0.001839056 -0.000395002 -0.016423035 -0.001826392 0.999863446 0.423338711
0.999861717 0.003818983 0.016187750 0.009343509 -0.003815026 0.999992669 -0.000275269 0.000471990 -0.016188681 0.000213475 0.999869108 0.452465415
0.999874413 0.005363997 0.014917679 0.009851561 -0.005363780 0.999985576 -0.000054518 0.000155710 -0.014917755 -0.000025504 0.999888837 0.485605061
0.999841511 0.008252866 0.015775407 0.006934809 -0.008270175 0.999965250 0.001032301 0.000901651 -0.015766338 -0.001162602 0.999875009 0.515412271
0.999832988 0.010521862 0.014948956 0.007266349 -0.010554143 0.999942183 0.002082219 0.000381767 -0.014926180 -0.002239644 0.999886096 0.548508108
0.999845624 0.012276369 0.012570977 0.007499784 -0.012309075 0.999921024 0.002527751 -0.000367126 -0.012538952 -0.002682098 0.999917746 0.580450535
0.999833703 0.014641825 0.010872843 0.007974346 -0.014666627 0.999889970 0.002204925 -0.000593489 -0.010839362 -0.002364026 0.999938428 0.613458991
0.999843955 0.014482451 0.010113096 0.006836770 -0.014496360 0.999893963 0.001303649 -0.000520005 -0.010093145 -0.001450048 0.999947965 0.645161808
0.999836981 0.015713990 0.008882678 0.007002592 -0.015723718 0.999875724 0.001026644 -0.000686279 -0.008865441 -0.001166146 0.999960065 0.677824020
0.999868035 0.013399528 0.009188479 0.006568115 -0.013416657 0.999908328 0.001804957 -0.000739829 -0.009163452 -0.001927997 0.999956191 0.709661365
0.999920607 0.009722676 0.008016103 0.006643468 -0.009753865 0.999944866 0.003860809 -0.000794134 -0.007978125 -0.003938691 0.999960423 0.741933882
0.999942064 0.009128413 0.005713804 0.007457585 -0.009157605 0.999945045 0.005103553 -0.001000588 -0.005666904 -0.005155582 0.999970675 0.774382591
0.999960899 0.006790872 0.005663964 0.006237807 -0.006825525 0.999958038 0.006121580 -0.001035945 -0.005622154 -0.006160000 0.999965250 0.805787623
0.999981940 0.003455000 0.004909157 0.006439884 -0.003492022 0.999965429 0.007553230 -0.000989116 -0.004882890 -0.007570237 0.999959469 0.838277996
0.999992073 0.002017789 0.003417235 0.007013239 -0.002052468 0.999946177 0.010175472 -0.001328631 -0.003396519 -0.010182405 0.999942422 0.870057523
0.999990880 0.002466767 0.003478102 0.005956979 -0.002506335 0.999931633 0.011418091 -0.000916002 -0.003449699 -0.011426707 0.999928713 0.901190758
0.999997497 0.000260732 0.002234703 0.006202986 -0.000286535 0.999933183 0.011553786 -0.000772324 -0.002231542 -0.011554396 0.999930799 0.932988822
0.999991417 -0.003996981 0.001055799 0.006255910 0.003982985 0.999908268 0.012940979 -0.001170509 -0.001107427 -0.012936661 0.999915719 0.964161038
0.999961555 -0.008775583 0.000220412 0.005950613 0.008771259 0.999847651 0.015085453 -0.000974769 -0.000352763 -0.015082936 0.999886215 0.995548487
0.999925435 -0.012075299 -0.001859810 0.006321883 0.012103313 0.999800861 0.015871119 -0.000851123 0.001667790 -0.015892446 0.999872327 1.026686907
0.999874413 -0.015511161 -0.003265743 0.005965029 0.015559874 0.999759376 0.015460814 -0.000934627 0.003025142 -0.015509686 0.999875188 1.057871699
0.999754190 -0.021587150 -0.005058031 0.005142593 0.021651162 0.999681652 0.012962168 -0.000994812 0.004776604 -0.013068495 0.999903202 1.088999867
0.999705911 -0.023220129 -0.007005336 0.004956027 0.023295544 0.999669313 0.010882613 -0.000772327 0.006750324 -0.011042604 0.999916255 1.120138764
0.999698102 -0.022872420 -0.008983561 0.004719323 0.022965405 0.999682367 0.010387866 -0.000739584 0.008743111 -0.010591039 0.999905705 1.150563478
0.999733329 -0.020573348 -0.010498557 0.003069266 0.020683294 0.999731183 0.010473725 -0.000717778 0.010280258 -0.010688078 0.999889970 1.182627678
0.999733984 -0.019587075 -0.012177265 0.002466788 0.019718869 0.999747217 0.010798920 -0.000720409 0.011962669 -0.011036170 0.999867499 1.213426590
0.999723017 -0.018733330 -0.014249998 0.001709843 0.018889604 0.999762058 0.010912238 -0.000809694 0.014042186 -0.011178391 0.999838889 1.243729234
0.999734819 -0.017581765 -0.014874130 0.000114406 0.017731873 0.999792516 0.010021104 -0.000932557 0.014694854 -0.010282189 0.999839306 1.274770856
0.999703526 -0.017672224 -0.016749799 -0.000714084 0.017808901 0.999809027 0.008046375 -0.001157563 0.016604401 -0.008342285 0.999827385 1.304904699
0.999711454 -0.016356748 -0.017593106 -0.001738392 0.016444823 0.999852955 0.004873307 -0.001293494 0.017510805 -0.005161215 0.999833465 1.334660530
0.999689043 -0.016363665 -0.018823789 -0.002111888 0.016396398 0.999864221 0.001585969 -0.001263419 0.018795287 -0.001894118 0.999821544 1.364648700
0.999686301 -0.015953237 -0.019312743 -0.002973102 0.015949639 0.999872684 -0.000340138 -0.001531867 0.019315708 0.000032000 0.999813437 1.394266605
0.999677062 -0.017200356 -0.018708963 -0.003691865 0.017171783 0.999851048 -0.001686642 -0.002054548 0.018735191 0.001364831 0.999823570 1.424561858
0.999681354 -0.017955841 -0.017741097 -0.004085310 0.017913528 0.999836326 -0.002541252 -0.002293706 0.017783822 0.002222637 0.999839425 1.454026222
0.999678612 -0.019320481 -0.016413681 -0.004396515 0.019277118 0.999810278 -0.002795900 -0.002723983 0.016464582 0.002478593 0.999861419 1.483806014
0.999704599 -0.019244706 -0.014845048 -0.005015906 0.019209968 0.999812365 -0.002479104 -0.003225073 0.014889970 0.002193199 0.999886811 1.513562441
0.999718249 -0.019681426 -0.013268339 -0.006241014 0.019655189 0.999804616 -0.002104654 -0.003403155 0.013307169 0.001843269 0.999909759 1.542898774
0.999735892 -0.019797686 -0.011673823 -0.006701230 0.019780412 0.999803185 -0.001593365 -0.003661484 0.011703067 0.001362031 0.999930620 1.572562456
0.999740779 -0.019993180 -0.010895544 -0.006532816 0.019975610 0.999799073 -0.001719042 -0.003971145 0.010927720 0.001500952 0.999939203 1.602261186
0.999768496 -0.019739993 -0.008559154 -0.007920608 0.019723903 0.999803543 -0.001959968 -0.004057924 0.008596165 0.001790694 0.999961436 1.632338524
0.999784052 -0.019423803 -0.007376316 -0.007991074 0.019411683 0.999810040 -0.001710601 -0.004246438 0.007408142 0.001567045 0.999971330 1.661769271
0.999806464 -0.018805223 -0.005780307 -0.008452428 0.018809514 0.999822795 0.000689097 -0.005239935 0.005766324 -0.000797688 0.999983013 1.691922426
0.999808550 -0.019258702 -0.003457239 -0.009686280 0.019264549 0.999813020 0.001667754 -0.004782437 0.003424476 -0.001734038 0.999992669 1.722075939
0.999803424 -0.019670203 -0.002498961 -0.009115687 0.019676879 0.999802768 0.002676409 -0.004523660 0.002445822 -0.002725055 0.999993324 1.752084970
0.999819815 -0.018967548 -0.000836180 -0.009168169 0.018969527 0.999817073 0.002422751 -0.004939094 0.000790074 -0.002438177 0.999996781 1.782287359
0.999853432 -0.017036302 0.001718972 -0.010203958 0.017035227 0.999854684 0.000637811 -0.004980276 -0.001729589 -0.000608434 0.999998331 1.812852263
0.999859095 -0.016390746 0.003644894 -0.010344151 0.016390933 0.999865592 -0.000021633 -0.005612132 -0.003644051 0.000081373 0.999993384 1.842973590
0.999867380 -0.015357542 0.005422577 -0.010307008 0.015362201 0.999881566 -0.000818472 -0.005409508 -0.005409366 0.000901666 0.999984980 1.873904705
0.999879479 -0.013863808 0.006997777 -0.009874625 0.013859020 0.999903619 0.000732526 -0.005787576 -0.007007258 -0.000635456 0.999975264 1.904492140
0.999876440 -0.012770416 0.009164840 -0.009705976 0.012752140 0.999916613 0.002049970 -0.006265602 -0.009190255 -0.001932845 0.999955893 1.935618043
0.999857783 -0.012513638 0.011304881 -0.009797934 0.012487440 0.999919176 0.002384982 -0.006066810 -0.011333813 -0.002243474 0.999933243 1.967589021
0.999855757 -0.009996902 0.013727296 -0.009816587 0.009970369 0.999948323 0.001999777 -0.006142890 -0.013746577 -0.001862623 0.999903798 1.999384046
0.999858975 -0.007879250 0.014833956 -0.008856703 0.007848920 0.999966919 0.002101766 -0.006069779 -0.014850028 -0.001985039 0.999887764 2.030494213
0.999830902 -0.007398133 0.016834047 -0.009046108 0.007346609 0.999968112 0.003120416 -0.005960446 -0.016856598 -0.002996215 0.999853373 2.063642263
0.999786258 -0.010995171 0.017509263 -0.007869724 0.010910006 0.999928176 0.004952154 -0.006177675 -0.017562458 -0.004760069 0.999834359 2.095716715
0.999693036 -0.015980678 0.018931385 -0.007084012 0.015923182 0.999868095 0.003183944 -0.006108677 -0.018979773 -0.002881519 0.999815702 2.127555609
0.999665201 -0.016904738 0.019589180 -0.007074803 0.016966034 0.999851584 -0.002967172 -0.006344345 -0.019536117 0.003298529 0.999803662 2.161562681
0.999683917 -0.016540587 0.018933211 -0.006506566 0.016772110 0.999785602 -0.012135677 -0.006523551 -0.018728422 0.012449392 0.999747097 2.193820477
0.999682009 -0.018456822 0.017186737 -0.005352218 0.018768962 0.999658525 -0.018181194 -0.007152084 -0.016845301 0.018497990 0.999686956 2.225865126
0.999603808 -0.021934653 0.017638888 -0.005617514 0.022218045 0.999624550 -0.016034354 -0.007845093 -0.017280556 0.016419904 0.999715865 2.259658098
0.999704719 -0.016685268 0.017666668 -0.005349454 0.016821152 0.999829769 -0.007571012 -0.008474819 -0.017537335 0.007865950 0.999815345 2.292893410
0.999773443 -0.011460355 0.017944917 -0.005190574 0.011438879 0.999933779 0.001298975 -0.009023710 -0.017958617 -0.001093411 0.999838173 2.326429367
0.999809682 -0.009372695 0.017111754 -0.004484490 0.009254304 0.999932766 0.006984919 -0.009312937 -0.017176073 -0.006825233 0.999829233 2.358963490
0.999818206 -0.008934521 0.016843125 -0.003975123 0.008778197 0.999917924 0.009332452 -0.009281483 -0.016925124 -0.009182901 0.999814630 2.393010139
0.999801517 -0.011071520 0.016561298 -0.003479339 0.010933609 0.999904931 0.008394827 -0.009652127 -0.016652670 -0.008212085 0.999827623 2.425196171
0.999774516 -0.014388124 0.015620367 -0.002679590 0.014325306 0.999888837 0.004126105 -0.009493751 -0.015677998 -0.003901409 0.999869466 2.458612919
0.999765158 -0.016095348 0.014512145 -0.002155006 0.016086463 0.999870300 0.000728795 -0.009812444 -0.014521992 -0.000495174 0.999894440 2.490243196
0.999752462 -0.017672956 0.013513539 -0.001773834 0.017684372 0.999843359 -0.000725964 -0.009831575 -0.013498592 0.000964763 0.999908447 2.523724318
0.999753892 -0.018802842 0.011773076 -0.001016259 0.018809162 0.999823093 -0.000426350 -0.010211627 -0.011762975 0.000647687 0.999930680 2.555624485
0.999762893 -0.018788982 0.011005569 -0.001128677 0.018781452 0.999823332 0.000787146 -0.010344518 -0.011018415 -0.000580259 0.999939084 2.588448524
0.999767363 -0.019127982 0.009970579 -0.000830794 0.019110329 0.999815702 0.001863135 -0.010937840 -0.010004379 -0.001672161 0.999948561 2.620234251
0.999787211 -0.018644433 0.008825654 -0.000483403 0.018622613 0.999823332 0.002547337 -0.011159906 -0.008871588 -0.002382439 0.999957800 2.653501749
0.999796927 -0.018667007 0.007600092 -0.000166073 0.018647028 0.999822497 0.002690641 -0.011327570 -0.007648970 -0.002548376 0.999967515 2.684914351
0.999814928 -0.018039562 0.006691335 0.000204522 0.018026289 0.999835491 0.002038498 -0.011551865 -0.006727009 -0.001917501 0.999975562 2.716344833
0.999846756 -0.016033020 0.007022870 -0.000011936 0.016027223 0.999871135 0.000880758 -0.011492062 -0.007036087 -0.000768065 0.999974906 2.750667572
0.999872088 -0.014753890 0.006178572 0.000462413 0.014751131 0.999891043 0.000492045 -0.011555206 -0.006185160 -0.000400841 0.999980748 2.782980919
0.999876976 -0.014323023 0.006380450 0.000456356 0.014311123 0.999895811 0.001906522 -0.011864515 -0.006407091 -0.001814976 0.999977827 2.815046549
0.999897838 -0.011990920 0.007786008 -0.000264477 0.011969202 0.999924362 0.002829775 -0.012284241 -0.007819353 -0.002736293 0.999965668 2.849318743
0.999921024 -0.009508228 0.008222677 0.000139464 0.009494361 0.999953508 0.001723682 -0.012569662 -0.008238683 -0.001645477 0.999964714 2.881681204
0.999920309 -0.008844895 0.009007839 0.000440497 0.008847011 0.999960840 -0.000194971 -0.013310784 -0.009005763 0.000274648 0.999959409 2.913667917
0.999908149 -0.008533342 0.010540830 0.000296330 0.008571122 0.999957025 -0.003543939 -0.012495380 -0.010510137 0.003633961 0.999938130 2.948933840
0.999905050 -0.008210532 0.011073316 0.000930507 0.008265494 0.999953687 -0.004926714 -0.012624191 -0.011032355 0.005017772 0.999926567 2.981688738
0.999897063 -0.009151806 0.011049602 0.001759108 0.009214130 0.999941766 -0.005602602 -0.013089005 -0.010997688 0.005703838 0.999923289 3.015725613
0.999881625 -0.010402956 0.011337250 0.002064105 0.010469307 0.999928296 -0.005808749 -0.013600798 -0.011276009 0.005926755 0.999918818 3.048837185
0.999854386 -0.010488277 0.013465064 0.000843253 0.010579783 0.999921322 -0.006742409 -0.013780089 -0.013393288 0.006883884 0.999886632 3.085148811
0.999853730 -0.010713356 0.013333129 0.001112390 0.010823812 0.999907494 -0.008239775 -0.013978796 -0.013243618 0.008382884 0.999877155 3.118509293
0.999861777 -0.010594190 0.012821549 0.001978628 0.010719488 0.999895096 -0.009743603 -0.014046606 -0.012716978 0.009879695 0.999870360 3.153244257
0.999858022 -0.009834588 0.013685611 0.001887977 0.009960234 0.999908626 -0.009143239 -0.014940130 -0.013594439 0.009278252 0.999864519 3.189056396
0.999874592 -0.009485703 0.012689811 0.002877451 0.009581895 0.999925673 -0.007541315 -0.015434371 -0.012617333 0.007661960 0.999891043 3.223315239
0.999891520 -0.008392689 0.012111352 0.003872763 0.008448442 0.999953866 -0.004559652 -0.016445082 -0.012072526 0.004661479 0.999916196 3.258511066
0.999882162 -0.007594359 0.013341938 0.002772219 0.007634272 0.999966621 -0.002943376 -0.016719082 -0.013319138 0.003044886 0.999906659 3.295458794
0.999893129 -0.007101093 0.012782647 0.003450666 0.007133591 0.999971449 -0.002498709 -0.017035035 -0.012764539 0.002589629 0.999915123 3.330937624
0.999902785 -0.006244940 0.012467298 0.004289541 0.006273041 0.999977887 -0.002216292 -0.017501589 -0.012453182 0.002294284 0.999919891 3.366473198
0.999890685 -0.006288346 0.013378909 0.004442345 0.006325753 0.999976158 -0.002755514 -0.017279893 -0.013361262 0.002839844 0.999906659 3.403704643
0.999894440 -0.006392395 0.013045968 0.004996870 0.006438072 0.999973238 -0.003462296 -0.017939892 -0.013023485 0.003545922 0.999908924 3.439484835
0.999886453 -0.005545794 0.014012268 0.005420282 0.005623938 0.999968767 -0.005543641 -0.018154478 -0.013981087 0.005621816 0.999886453 3.476783037
0.999875724 -0.006479072 0.014375030 0.005848214 0.006584811 0.999951482 -0.007320653 -0.018241726 -0.014326902 0.007414399 0.999869823 3.513283014
0.999875426 -0.006315376 0.014463875 0.006971449 0.006432491 0.999946773 -0.008064911 -0.018708048 -0.014412172 0.008156945 0.999862909 3.551114559
0.999867439 -0.005168764 0.015438310 0.007072560 0.005297357 0.999951482 -0.008300262 -0.019098531 -0.015394658 0.008380943 0.999846458 3.588346720
0.999868512 -0.002709682 0.015991848 0.007026620 0.002823832 0.999970675 -0.007119729 -0.019643608 -0.015972087 0.007163951 0.999846816 3.625746012
0.999865413 0.000004693 0.016407102 0.008695565 0.000071889 0.999989092 -0.004667029 -0.020181427 -0.016406946 0.004667581 0.999854505 3.664585829
0.999842465 0.004759567 0.017105123 0.009096459 -0.004686690 0.999979794 -0.004298084 -0.020699937 -0.017125238 0.004217241 0.999844491 3.702603102
0.999803483 0.008490442 0.017915513 0.009876125 -0.008419099 0.999956369 -0.004053910 -0.020839514 -0.017949149 0.003902281 0.999831319 3.741178751
0.999800861 0.006183283 0.018973295 0.010678783 -0.006157989 0.999980152 -0.001391367 -0.021299202 -0.018981520 0.001274253 0.999819040 3.779265881
0.999780715 0.007328837 0.019622672 0.011574090 -0.007386283 0.999968588 0.002856681 -0.021474021 -0.019601125 -0.003000992 0.999803364 3.819042206
0.999792814 0.005101646 0.019705968 0.012159981 -0.005252237 0.999957383 0.007597778 -0.022035785 -0.019666370 -0.007699704 0.999776900 3.857728004
0.999801874 0.001401718 0.019855451 0.013973631 -0.001631288 0.999931931 0.011550594 -0.021319374 -0.019837910 -0.011580696 0.999736190 3.897783041
0.999787390 0.000474211 0.020611946 0.014493160 -0.000774907 0.999893367 0.014582871 -0.021306388 -0.020602832 -0.014595746 0.999681234 3.936083078
0.999798715 -0.001280744 0.020022625 0.016080119 0.001011450 0.999908924 0.013453824 -0.021037437 -0.020038033 -0.013430868 0.999708951 3.976998568
0.999803185 -0.003948168 0.019441323 0.016843654 0.003703497 0.999913633 0.012605082 -0.021287091 -0.019489411 -0.012530603 0.999731541 4.015681744
0.999806166 -0.006577223 0.018562462 0.018396348 0.006356158 0.999908388 0.011943200 -0.020543128 -0.018639319 -0.011822897 0.999756336 4.056512833
0.999792397 -0.009677813 0.017930467 0.019089349 0.009446665 0.999871671 0.012931501 -0.020331021 -0.018053316 -0.012759433 0.999755621 4.095637798
0.999785185 -0.012487180 0.016543832 0.020703010 0.012266393 0.999835253 0.013380353 -0.020092528 -0.016708190 -0.013174545 0.999773622 4.136270046
0.999745369 -0.016201641 0.015707877 0.021465123 0.015949853 0.999744356 0.016024390 -0.020064786 -0.015963484 -0.015769772 0.999748230 4.175095081
0.999694467 -0.020028275 0.014481701 0.022826813 0.019770103 0.999646842 0.017755659 -0.019575492 -0.014832202 -0.017463932 0.999737442 4.215743065
0.999616921 -0.023809036 0.014110232 0.023553748 0.023574702 0.999585092 0.016547386 -0.019272923 -0.014498355 -0.016208403 0.999763489 4.255017281
0.999574065 -0.025638282 0.013938138 0.024249241 0.025451327 0.999585807 0.013429072 -0.019474506 -0.014276663 -0.013068607 0.999812722 4.294846058
0.999566257 -0.025833741 0.014138444 0.025623344 0.025681533 0.999611318 0.010843555 -0.019015975 -0.014413079 -0.010475755 0.999841273 4.335186958
0.999571264 -0.024871247 0.015451127 0.025918808 0.024721077 0.999646008 0.009835439 -0.018838607 -0.015690278 -0.009449255 0.999832273 4.374216080
0.999582946 -0.023493586 0.016792547 0.027774937 0.023338098 0.999683380 0.009396260 -0.018725935 -0.017007986 -0.009000435 0.999814808 4.414486408
0.999569416 -0.023283968 0.017855242 0.029183287 0.023121119 0.999689579 0.009273766 -0.018983938 -0.018065630 -0.008856940 0.999797583 4.453525066
0.999544084 -0.022987369 0.019571349 0.029925063 0.022771683 0.999678254 0.011173101 -0.018665772 -0.019821890 -0.010722335 0.999746025 4.493458271
0.999514699 -0.022389462 0.021653565 0.030275531 0.022085002 0.999655366 0.014198933 -0.018837728 -0.021964006 -0.013713827 0.999664724 4.533389091
0.999474168 -0.023329876 0.022519434 0.032424808 0.023013785 0.999634385 0.014194993 -0.018682957 -0.022842370 -0.013669265 0.999645650 4.572164536
0.999477148 -0.023343485 0.022369498 0.034819089 0.023075292 0.999659657 0.012173364 -0.019462813 -0.022646056 -0.011650815 0.999675572 4.608734608
0.999419332 -0.023673221 0.024505191 0.035301805 0.023461968 0.999685347 0.008872843 -0.018593881 -0.024707526 -0.008292751 0.999660313 4.649613857
0.999412894 -0.024207851 0.024244467 0.037656076 0.024050405 0.999687850 0.006764858 -0.018419608 -0.024400661 -0.006177795 0.999683142 4.687467098
0.999345541 -0.025715506 0.025439505 0.038405836 0.025529463 0.999645054 0.007611112 -0.018863715 -0.025626199 -0.006956673 0.999647439 4.727643490
0.999295652 -0.027726881 0.025287746 0.039599791 0.027498020 0.999578059 0.009353675 -0.019367531 -0.025536424 -0.008651722 0.999636531 4.766238689
0.999264002 -0.029444400 0.024587432 0.041063115 0.029215312 0.999526799 0.009625195 -0.019346874 -0.024859205 -0.008899779 0.999651372 4.804340363
0.999215245 -0.031753004 0.023677798 0.042400256 0.031560350 0.999465942 0.008466328 -0.019401941 -0.023933988 -0.007712404 0.999683797 4.841783524
0.999158919 -0.032939501 0.024422325 0.042988263 0.032768954 0.999435782 0.007351121 -0.019553751 -0.024650691 -0.006544643 0.999674678 4.881145954
0.999164760 -0.033337355 0.023628999 0.044535972 0.033159859 0.999419093 0.007864164 -0.019909665 -0.023877442 -0.007074060 0.999689817 4.918028831
0.999176621 -0.032912500 0.023727641 0.045225143 0.032705285 0.999423862 0.009068982 -0.020124555 -0.024012452 -0.008285492 0.999677360 4.956192970
0.999262214 -0.031061968 0.022588354 0.046744220 0.030824782 0.999466777 0.010773892 -0.019584049 -0.022910967 -0.010069663 0.999686778 4.993636608
0.999335051 -0.029279251 0.021729162 0.048531860 0.029014664 0.999502242 0.012393557 -0.019456647 -0.022081217 -0.011754850 0.999687076 5.031640053
0.999381244 -0.027114207 0.022403589 0.048673227 0.026819160 0.999550998 0.013366907 -0.019468814 -0.022755960 -0.012757791 0.999659657 5.069048405
0.999468565 -0.024306068 0.021718904 0.050075222 0.024014192 0.999619126 0.013599897 -0.019676499 -0.022041189 -0.013071105 0.999671638 5.106348515
0.999504805 -0.023567321 0.020849580 0.051660292 0.023316411 0.999653757 0.012196729 -0.019273996 -0.021129802 -0.011704555 0.999708235 5.143027782
0.999621034 -0.017624950 0.021147763 0.051594350 0.017390467 0.999785841 0.011221025 -0.019808311 -0.021341007 -0.010849001 0.999713361 5.179848671
0.999625981 -0.016486194 0.021821529 0.052245978 0.016311770 0.999833822 0.008147132 -0.019799028 -0.021952217 -0.007788138 0.999728739 5.216641426
0.999666333 -0.015059876 0.020988049 0.053782329 0.014958098 0.999875605 0.004997872 -0.019805405 -0.021060709 -0.004682262 0.999767184 5.253751755
0.999694049 -0.013883587 0.020473681 0.054863907 0.013758123 0.999885738 0.006256267 -0.019868277 -0.020558205 -0.005972672 0.999770820 5.289880276
0.999667168 -0.016318733 0.019980764 0.055998374 0.016092639 0.999805272 0.011424434 -0.019802295 -0.020163305 -0.011099086 0.999735057 5.326900482
0.999649405 -0.017399436 0.019958843 0.056566738 0.017115794 0.999751449 0.014295061 -0.019912697 -0.020202605 -0.013948435 0.999698579 5.362456799
0.999606013 -0.020859176 0.018783309 0.058218606 0.020612370 0.999699891 0.013238680 -0.019994281 -0.019053819 -0.012846295 0.999735951 5.398057461
0.999536812 -0.023981322 0.018738609 0.058870517 0.023768911 0.999651492 0.011477021 -0.019851498 -0.019007314 -0.011026310 0.999758542 5.433246613
0.999533176 -0.024909088 0.017690290 0.060300108 0.024711080 0.999630511 0.011324803 -0.019821439 -0.017965842 -0.010882370 0.999779403 5.468060017
0.999508321 -0.026245864 0.017154945 0.061490268 0.026054205 0.999596715 0.011301669 -0.020167075 -0.017444648 -0.010849155 0.999788940 5.502398968
0.999507070 -0.026606627 0.016668096 0.062267587 0.026450133 0.999604583 0.009540130 -0.020078834 -0.016915336 -0.009094552 0.999815583 5.536750317
0.999527156 -0.026113637 0.016240817 0.063148528 0.025970301 0.999622464 0.008975053 -0.020066276 -0.016469058 -0.008549028 0.999827802 5.570815086
0.999541521 -0.025507120 0.016310681 0.063992389 0.025332786 0.999620616 0.010807058 -0.020173397 -0.016580150 -0.010388909 0.999808550 5.603863239
0.999510765 -0.026567107 0.016502125 0.064443350 0.026348719 0.999564171 0.013313212 -0.020225726 -0.016848626 -0.012871889 0.999775231 5.636446953
0.999490380 -0.027466964 0.016263146 0.065542094 0.027220704 0.999514282 0.015175057 -0.020436272 -0.016672056 -0.014724625 0.999752581 5.669308186
0.999465823 -0.028274741 0.016390182 0.065957993 0.027996156 0.999463737 0.016984800 -0.020495333 -0.016861632 -0.016516864 0.999721348 5.700721741
0.999480426 -0.027974358 0.016020942 0.067052692 0.027695160 0.999465108 0.017391985 -0.020180270 -0.016498903 -0.016939245 0.999720395 5.732634068
0.999475300 -0.028204296 0.015934473 0.067502491 0.027936354 0.999468565 0.016794894 -0.020308696 -0.016399693 -0.016340936 0.999732018 5.762726307
0.999408245 -0.030762233 0.015388897 0.068358548 0.030538799 0.999427676 0.014549237 -0.020255476 -0.015827652 -0.014070671 0.999775827 5.792493820
0.999464750 -0.029540936 0.014060294 0.068832785 0.029358245 0.999484062 0.013027189 -0.020223804 -0.014437874 -0.012607428 0.999816358 5.820966244
0.999414742 -0.031547092 0.013242148 0.069392763 0.031396851 0.999441981 0.011403576 -0.020221554 -0.013594509 -0.010981139 0.999847233 5.849181175
0.999530315 -0.028576585 0.011072031 0.069700837 0.028463408 0.999542296 0.010247398 -0.020370923 -0.011359798 -0.009927437 0.999886155 5.876029968
0.999579966 -0.027480509 0.009204913 0.070024908 0.027415112 0.999598444 0.007156780 -0.020624045 -0.009397892 -0.006901418 0.999931991 5.902117252
0.999636650 -0.025884183 0.007533138 0.070427366 0.025858928 0.999659777 0.003431203 -0.020712126 -0.007619389 -0.003235156 0.999965787 5.927233219
0.999588072 -0.028079670 0.005939794 0.070503496 0.028079841 0.999605656 0.000054837 -0.020878565 -0.005938993 0.000111974 0.999982357 5.951184750
0.999660969 -0.025632722 0.004572189 0.070411667 0.025639253 0.999670327 -0.001375354 -0.021346409 -0.004535428 0.001492116 0.999988616 5.974636555
0.999724627 -0.023167910 0.003732327 0.070854276 0.023177298 0.999728203 -0.002491746 -0.021756951 -0.003673584 0.002577565 0.999989927 5.997857571
0.999741137 -0.022579843 0.002782439 0.071288884 0.022582404 0.999744594 -0.000893504 -0.022202738 -0.002761551 0.000956106 0.999995708 6.019759178
0.999709725 -0.023932762 0.002779979 0.071503952 0.023926869 0.999711335 0.002133192 -0.022834312 -0.002830230 -0.002066058 0.999993861 6.040948391
0.999673426 -0.024997707 0.005291146 0.071774662 0.024992088 0.999687016 0.001125244 -0.022789543 -0.005317620 -0.000992640 0.999985397 6.062388420
0.999640584 -0.025211822 0.009104175 0.072420582 0.025212413 0.999682188 0.000049325 -0.022951636 -0.009102524 0.000180232 0.999958575 6.082815647
0.999609292 -0.023909096 0.014473011 0.072539911 0.023933655 0.999712408 -0.001526228 -0.023646984 -0.014432358 0.001872023 0.999894142 6.101745605
0.999520481 -0.022690602 0.021069171 0.073062524 0.022797864 0.999728262 -0.004864903 -0.023833342 -0.020953055 0.005342904 0.999766111 6.120657921
0.999327958 -0.021866225 0.029416850 0.073945083 0.022127490 0.999718249 -0.008585423 -0.024036802 -0.029220833 0.009230574 0.999530375 6.139257431
0.999028325 -0.020674365 0.038924038 0.074858561 0.021077977 0.999727905 -0.009987500 -0.024461422 -0.038706966 0.010798234 0.999192238 6.157235146
0.998589277 -0.020670416 0.048908722 0.076035142 0.021144170 0.999734163 -0.009188949 -0.024836995 -0.048705786 0.010210120 0.998761058 6.173608780
0.998006582 -0.020402173 0.059721291 0.077319533 0.020915236 0.999749482 -0.007978448 -0.025282674 -0.059543550 0.009211625 0.998183310 6.189259052
0.997190714 -0.020124272 0.072152831 0.078771710 0.020854006 0.999738514 -0.009374604 -0.025470346 -0.071945310 0.010852941 0.997349560 6.204967976
0.996241450 -0.018221997 0.084682532 0.080526769 0.019188251 0.999759614 -0.010610380 -0.025850259 -0.084468819 0.012195409 0.996351540 6.219564438
0.994961321 -0.016912384 0.098822653 0.082286477 0.018085711 0.999776065 -0.010989252 -0.026119813 -0.098614670 0.012721159 0.995044351 6.233894348
0.993328154 -0.015641699 0.114256367 0.084068179 0.016845696 0.999812245 -0.009579725 -0.026420131 -0.114085056 0.011440538 0.993405104 6.248311520
0.991409123 -0.015457775 0.129880905 0.086299777 0.016654052 0.999828279 -0.008129409 -0.026868932 -0.129732937 0.010222611 0.991496265 6.261302948
0.989153028 -0.015408484 0.146078318 0.088591456 0.016870815 0.999819219 -0.008776930 -0.027144432 -0.145916656 0.011146188 0.989234090 6.273823738
0.986439109 -0.014672109 0.163470924 0.091005266 0.016595149 0.999808192 -0.010404347 -0.027363539 -0.163286880 0.012976078 0.986493349 6.286408424
0.983294725 -0.014113154 0.181472912 0.093985796 0.016579231 0.999789596 -0.012079416 -0.027851161 -0.181264237 0.014886308 0.983321667 6.298743725
0.979490519 -0.012951621 0.201074257 0.097159863 0.015678579 0.999805331 -0.011975273 -0.028050356 -0.200880021 0.014882226 0.979502738 6.311279297
0.974961221 -0.011302626 0.222087488 0.100309610 0.013970518 0.999847889 -0.010445476 -0.028421685 -0.221935645 0.013286611 0.974970758 6.322522640
0.969648182 -0.011748888 0.244222075 0.103934169 0.014279566 0.999861181 -0.008594228 -0.028660145 -0.244087204 0.011820763 0.969681263 6.333889961
0.963277757 -0.013099237 0.268187225 0.108236074 0.015583498 0.999853015 -0.007136519 -0.028659482 -0.268054366 0.011053746 0.963340342 6.346021175
0.956090629 -0.011174173 0.292858064 0.112266541 0.013932820 0.999875963 -0.007335465 -0.028841972 -0.292739809 0.011093709 0.956127763 6.357035637
0.947923303 -0.009366089 0.318361104 0.116437316 0.012686742 0.999884546 -0.008358584 -0.029123530 -0.318246067 0.011962260 0.947932720 6.367724419
0.938675344 -0.005700765 0.344755292 0.121205330 0.009300461 0.999918044 -0.008788304 -0.029329862 -0.344676971 0.011455748 0.938651443 6.378468037
0.927912474 -0.003670051 0.372779965 0.126460791 0.007953830 0.999918759 -0.009954150 -0.029629366 -0.372713119 0.012201610 0.927866399 6.389328957
0.915760338 -0.003450612 0.401710153 0.132470608 0.008407825 0.999908686 -0.010577917 -0.029683199 -0.401636899 0.013064346 0.915705800 6.401052952
0.902268171 -0.005562802 0.431139499 0.138960361 0.011655419 0.999866009 -0.011491075 -0.029919401 -0.431017786 0.015393143 0.902212143 6.411976337
0.887584925 -0.007356448 0.460585237 0.146023273 0.015188538 0.999796152 -0.013300844 -0.030070096 -0.460393399 0.018801246 0.887515903 6.421727180
0.870887816 -0.006558189 0.491438001 0.152736187 0.015503025 0.999779940 -0.014131289 -0.030236177 -0.491237104 0.019925544 0.870797932 6.432487965
0.853258252 -0.004823154 0.521466255 0.160416126 0.015293500 0.999758482 -0.015777268 -0.030425917 -0.521264374 0.021437129 0.853125930 6.443300247
0.833790600 -0.003561072 0.552069366 0.168382406 0.015304732 0.999743938 -0.016665984 -0.030648485 -0.551868737 0.022345213 0.833631575 6.454051018
0.813022137 -0.002132539 0.582228780 0.177000284 0.014228426 0.999767363 -0.016206654 -0.030931108 -0.582058907 0.021460570 0.812863350 6.464098454
0.791226029 -0.000846188 0.611523211 0.186356306 0.012973621 0.999797165 -0.015402605 -0.031229194 -0.611386120 0.020120613 0.791076541 6.475253105
0.768750489 -0.001199989 0.639547646 0.196854591 0.014006030 0.999789953 -0.014959645 -0.031858012 -0.639395356 0.020457759 0.768605888 6.485844135
0.744880319 -0.002119649 0.667194784 0.207432032 0.016441133 0.999749601 -0.015179313 -0.032274000 -0.666995525 0.022276210 0.744728684 6.495819092
0.719590604 -0.002411802 0.694394350 0.218498945 0.019080630 0.999684989 -0.016300822 -0.032331012 -0.694136441 0.024979400 0.719409943 6.505633354
0.693279862 -0.001979404 0.720665812 0.230545044 0.021616116 0.999603391 -0.018049143 -0.032235317 -0.720344245 0.028091105 0.693047702 6.516098976
0.666593552 -0.002093374 0.745418429 0.244069099 0.023426475 0.999560952 -0.018142136 -0.032366492 -0.745053172 0.029555958 0.666349947 6.526433945
0.638713896 -0.003267958 0.769437313 0.257699490 0.024077164 0.999586165 -0.015741132 -0.032720260 -0.769067466 0.028579948 0.638528287 6.536235809
0.609670937 -0.003229630 0.792648017 0.271759748 0.022112869 0.999671817 -0.012935130 -0.032825656 -0.792346060 0.025413891 0.609542310 6.546104431
0.580163598 -0.003550731 0.814492226 0.287586451 0.021056425 0.999721706 -0.010640284 -0.032900486 -0.814227879 0.023323398 0.580076933 6.556441307
0.550717652 -0.005623295 0.834672689 0.303037167 0.021845022 0.999731839 -0.007678044 -0.033152968 -0.834405720 0.022461878 0.550692856 6.564780235
0.520954370 -0.006316366 0.853561223 0.319851398 0.021237232 0.999758959 -0.005563499 -0.033610299 -0.853320301 0.021025607 0.520963073 6.574028969
0.490761518 -0.005268936 0.871277988 0.337042332 0.020387920 0.999777317 -0.005437811 -0.033534795 -0.871055365 0.020432213 0.490759790 6.582719326
0.460480303 -0.000317794 0.887669921 0.355055571 0.014586252 0.999867678 -0.007208681 -0.033761792 -0.887550116 0.016267234 0.460423946 6.591308594
0.430637002 0.003055681 0.902520061 0.373623371 0.011121539 0.999900401 -0.008692022 -0.033763073 -0.902456701 0.013780519 0.430560112 6.600098610
0.401794940 0.003447241 0.915723205 0.393540144 0.010231951 0.999913573 -0.008253685 -0.034098703 -0.915672481 0.012685925 0.401724994 6.607776642
0.371690184 0.003182270 0.928351343 0.414111376 0.007680999 0.999949396 -0.006502991 -0.034051955 -0.928325057 0.009547764 0.371646881 6.614799500
0.341369689 0.003153693 0.939923823 0.434783220 0.004610658 0.999976754 -0.005029725 -0.034107171 -0.939917803 0.006050663 0.341347128 6.622140884
0.312466562 0.003572637 0.949922144 0.457232714 -0.002317729 0.999992788 -0.002998560 -0.034326207 -0.949925900 -0.001264713 0.312472612 6.629014492
0.282755494 0.002250585 0.959189415 0.478990793 -0.006388173 0.999979496 -0.000463148 -0.034391139 -0.959170759 -0.005996509 0.282764077 6.634871960
0.253938437 0.002573278 0.967217028 0.502733707 -0.010000626 0.999949992 -0.000034746 -0.034499396 -0.967168748 -0.009663950 0.253951520 6.640693665
0.225242957 0.003160222 0.974297523 0.526440382 -0.013366048 0.999910712 -0.000153272 -0.034679368 -0.974210978 -0.012987984 0.225265071 6.646076679
0.198103130 0.005765255 0.980164230 0.550138116 -0.015057882 0.999882519 -0.002837855 -0.034738582 -0.980065465 -0.014197013 0.198166698 6.650113106
0.174959108 0.009303282 0.984531760 0.575978160 -0.014785233 0.999867380 -0.006820743 -0.034888871 -0.984464645 -0.013363182 0.175073460 6.653678417
0.153395265 0.011443973 0.988098621 0.602313936 -0.014381266 0.999852896 -0.009347520 -0.035418298 -0.988060296 -0.012776244 0.153537259 6.657326698
0.134647101 0.011830874 0.990822971 0.626893938 -0.012150524 0.999873281 -0.010287750 -0.035426158 -0.990819097 -0.010653805 0.134773821 6.660377026
0.118418045 0.010919324 0.992903829 0.653976679 -0.011552759 0.999886990 -0.009618287 -0.035502043 -0.992896616 -0.010331803 0.118530817 6.663430691
0.104247153 0.006999459 0.994526803 0.680727065 -0.010627887 0.999925971 -0.005923433 -0.035932764 -0.994494617 -0.009952218 0.104313813 6.665724754
0.090162173 0.002653635 0.995923519 0.709043503 -0.007322483 0.999971151 -0.002001506 -0.035980996 -0.995900154 -0.007112174 0.090179004 6.667896271
0.078402057 -0.000784144 0.996921539 0.736765385 -0.006868586 0.999975502 0.001326720 -0.036351092 -0.996898174 -0.006951459 0.078394748 6.669507027
0.067382388 -0.000195019 0.997727156 0.766048312 -0.008879917 0.999960244 0.000795168 -0.036549095 -0.997687697 -0.008913316 0.067377977 6.671195030
0.056705933 0.003900115 0.998383224 0.793676972 -0.011509732 0.999928474 -0.003252425 -0.036750164 -0.998324513 -0.011306694 0.056746762 6.672871590
0.046915073 0.007835990 0.998868167 0.823959172 -0.012538007 0.999895096 -0.007255159 -0.036664076 -0.998820186 -0.012183440 0.047008395 6.674079418
0.035815183 0.009289653 0.999315143 0.852798641 -0.013229975 0.999873519 -0.008820683 -0.037006892 -0.999270797 -0.012904998 0.035933565 6.675086975
0.024152562 0.007400285 0.999680877 0.884348214 -0.017046031 0.999830246 -0.006989553 -0.037182659 -0.999562919 -0.016871775 0.024274610 6.675830841
0.011688578 0.005955459 0.999914110 0.914481521 -0.017239440 0.999834836 -0.005753467 -0.038078938 -0.999783099 -0.017170707 0.011789314 6.675786972
-0.000809853 0.006088375 0.999981165 0.946375251 -0.016983090 0.999837160 -0.006101253 -0.038100690 -0.999855459 -0.016987709 -0.000706322 6.674902439
-0.013828797 0.005013663 0.999891818 0.977597356 -0.014596836 0.999879897 -0.005215481 -0.038702287 -0.999797821 -0.014667381 -0.013753952 6.674470901
-0.026571861 0.002020268 0.999644816 1.010526896 -0.013389258 0.999907672 -0.002376701 -0.038703252 -0.999557316 -0.013447656 -0.026542353 6.673645020
-0.038077097 -0.001947002 0.999272883 1.041751146 -0.011321076 0.999934733 0.001516905 -0.039015349 -0.999210596 -0.011255083 -0.038096655 6.671614170
-0.048595615 -0.004033431 0.998810351 1.073995113 -0.010049315 0.999943197 0.003549071 -0.039659724 -0.998767912 -0.009864887 -0.048633385 6.669223309
-0.058243167 -0.002497795 0.998299360 1.107921720 -0.008950868 0.999957979 0.001979730 -0.039398093 -0.998262346 -0.008820339 -0.058263071 6.667640686
-0.067125231 0.000997905 0.997743964 1.138409853 -0.004355280 0.999989688 -0.001293161 -0.039916970 -0.997735083 -0.004432259 -0.067120187 6.665499687
-0.073300086 0.005802120 0.997292995 1.171248317 -0.000493426 0.999982774 -0.005854035 -0.039488032 -0.997309864 -0.000921192 -0.073295966 6.662442207
-0.078365564 0.007115407 0.996899307 1.203608513 0.003658703 0.999969840 -0.006849715 -0.040554654 -0.996917963 0.003110577 -0.078389235 6.659328461
-0.081877328 0.004749321 0.996631086 1.237330198 0.004851615 0.999978662 -0.004366693 -0.040834136 -0.996630549 0.004477737 -0.081898630 6.656452179
-0.085131407 0.001723218 0.996368229 1.269889116 0.007652496 0.999970138 -0.001075604 -0.040972266 -0.996340275 0.007533137 -0.085142061 6.653292179
-0.087957539 0.000252652 0.996124208 1.303779364 0.008531068 0.999963462 0.000499665 -0.041334640 -0.996087670 0.008541952 -0.087956496 6.649815559
-0.090776622 -0.000023301 0.995871246 1.338193417 0.009623199 0.999953330 0.000900580 -0.041934066 -0.995824754 0.009665220 -0.090772152 6.646780014
-0.091256723 0.000865525 0.995827019 1.370565414 0.011245365 0.999936759 0.000161418 -0.041796435 -0.995763898 0.011213169 -0.091260679 6.643430233
-0.091049381 0.000586992 0.995846212 1.405006886 0.013909662 0.999903023 0.000682365 -0.042345118 -0.995749235 0.013914014 -0.091048710 6.639781475
-0.089796245 0.000139344 0.995960236 1.439870358 0.016581884 0.999861598 0.001355141 -0.042775724 -0.995822132 0.016636578 -0.089786135 6.636176586
-0.088564239 0.000734550 0.996070206 1.473320723 0.019178702 0.999815583 0.000967936 -0.042575415 -0.995885849 0.019189056 -0.088561989 6.633498669
-0.086063243 0.000493213 0.996289551 1.508202314 0.020378852 0.999791563 0.001265456 -0.042933866 -0.996081173 0.020412149 -0.086055346 6.630137444
-0.083076358 0.000112983 0.996543229 1.543478251 0.021454569 0.999768436 0.001675201 -0.042810488 -0.996312320 0.021519573 -0.083059520 6.626912117
-0.079254709 -0.001389123 0.996853471 1.579265118 0.021949928 0.999754131 0.003138292 -0.043124657 -0.996612728 0.022129584 -0.079204731 6.623682499
