1.000000000 0.000000000 0.000000000 0.000000000 0.000000000 1.000000000 0.000000000 0.000000000 0.000000000 0.000000000 1.000000000 0.000000000
0.999973834 0.003939940 -0.006062091 0.004470285 -0.004569846 0.994175673 -0.107674718 0.104907408 0.005602551 0.107699610 0.994167626 0.036279816
0.999889731 0.006754371 -0.013226392 0.011577736 -0.008911491 0.985314310 -0.170517325 0.164448008 0.011880416 0.170616403 0.985265911 0.063786857
0.999800503 0.008876584 -0.017892322 0.015488084 -0.012597894 0.975408792 -0.220043227 0.209267139 0.015499095 0.220224723 0.975326002 0.088613614
0.999635279 0.010741975 -0.024776423 0.021848427 -0.016639514 0.967631221 -0.251818955 0.237301216 0.021269409 0.252139360 0.967457175 0.108861759
0.999495089 0.010910371 -0.029842444 0.026553404 -0.018758759 0.960670769 -0.277055413 0.258462667 0.025645990 0.277475327 0.960390449 0.124591723
0.999424696 0.008092602 -0.032933641 0.027928203 -0.017771520 0.952071786 -0.305358142 0.280842900 0.028884053 0.305767804 0.951667905 0.142953634
0.999163508 0.010145233 -0.039614573 0.033557609 -0.022560010 0.944731891 -0.327066869 0.299134940 0.034106981 0.327686965 0.944170475 0.160641521
0.998949766 0.009900637 -0.044734888 0.037358955 -0.024578882 0.939791083 -0.340864539 0.309154451 0.038666669 0.341606081 0.939047396 0.174088955
0.998717129 0.011172845 -0.049389597 0.041170310 -0.028040083 0.934189618 -0.355673373 0.320921063 0.042165361 0.356601894 0.933304429 0.185782656
0.998576880 0.011953786 -0.051975980 0.043376088 -0.030538626 0.927132010 -0.373488456 0.333347648 0.043723997 0.374544114 0.926177561 0.199075863
0.998047769 0.016084656 -0.060347226 0.051967911 -0.040069673 0.906089425 -0.421184540 0.369577110 0.047905371 0.422780365 0.904965103 0.231814399
0.998134971 0.016118959 -0.058879506 0.049983881 -0.039774094 0.903405309 -0.426939011 0.373979330 0.046310242 0.428484619 0.902361512 0.238485381
0.998020172 0.016525371 -0.060683854 0.051757555 -0.041788001 0.895329773 -0.443439484 0.387050897 0.047004055 0.445097387 0.894247651 0.252840519
0.997763038 0.017093085 -0.064627796 0.055819377 -0.044687185 0.889556944 -0.454633474 0.393393099 0.049719013 0.456504434 0.888330877 0.265747428
0.997537315 0.015701981 -0.068357043 0.059091974 -0.045193773 0.889211774 -0.455258012 0.390068293 0.053635433 0.457226187 0.887731671 0.270124674
0.997166753 0.017362190 -0.073191553 0.064057022 -0.049742907 0.882085204 -0.468456298 0.396680415 0.056427762 0.470769763 0.880449712 0.283174604
0.996601820 0.018577306 -0.080247588 0.070802972 -0.053943124 0.883452356 -0.465405345 0.391387433 0.062248934 0.468152642 0.881452322 0.288128823
0.996465325 0.019961659 -0.081598260 0.071652822 -0.055709392 0.884058475 -0.464044183 0.389605463 0.062874541 0.466949761 0.882045805 0.291422337
0.996624470 0.019153357 -0.079831250 0.069371447 -0.054325104 0.882920444 -0.466369152 0.390500903 0.061552107 0.469131708 0.880980492 0.295664549
0.996796966 0.018105203 -0.077898167 0.067258306 -0.053195849 0.877415836 -0.476772010 0.397314191 0.059717037 0.479388714 0.875568569 0.304050386
0.996391892 0.019645235 -0.082566835 0.071701936 -0.056182891 0.881845355 -0.468179673 0.386913359 0.063613683 0.471129268 0.879767299 0.303687066
0.996114969 0.020574322 -0.085624821 0.074222170 -0.058398105 0.882106006 -0.467416972 0.384083092 0.065913379 0.470601380 0.879880488 0.307661533
0.996131599 0.018556673 -0.085892290 0.074094392 -0.056779675 0.881921649 -0.467963994 0.382794619 0.067066416 0.471030653 0.879563630 0.311437815
0.995864511 0.018839477 -0.088876277 0.076227181 -0.058421262 0.881976962 -0.467657685 0.380253345 0.069576405 0.470915943 0.879430115 0.315791428
0.995452464 0.017706454 -0.093599759 0.079119347 -0.059565555 0.882486880 -0.466550022 0.377828419 0.074339621 0.470003694 0.879528344 0.319520533
0.995318472 0.017402878 -0.095069237 0.078475095 -0.059907984 0.882982790 -0.465566814 0.376868635 0.075842313 0.469082654 0.879891634 0.321673989
0.994865477 0.016931059 -0.099779248 0.080798827 -0.061639823 0.883318007 -0.464704126 0.374732137 0.080268875 0.468468457 0.879826248 0.325834572
0.994335890 0.016410192 -0.105008654 0.083121881 -0.063479178 0.884122133 -0.462923825 0.371870458 0.085243806 0.466967672 0.880156100 0.329822302
0.994190395 0.016867692 -0.106305800 0.081747048 -0.064523645 0.883909583 -0.463185221 0.370964378 0.086151853 0.467353523 0.879862785 0.332098931
0.993637264 0.017312653 -0.111289926 0.084220491 -0.067239091 0.883891046 -0.462833971 0.368687093 0.090355314 0.467372030 0.879431129 0.335339487
0.993168771 0.016518010 -0.115512215 0.085710168 -0.068593100 0.883477509 -0.463424832 0.366956800 0.094397590 0.468182385 0.878575146 0.339783579
0.993069410 0.016029106 -0.116430737 0.085261516 -0.068692595 0.882991195 -0.464335859 0.365872443 0.095364437 0.469115645 0.877972722 0.341738880
0.992642939 0.017020805 -0.119875804 0.087169483 -0.071209908 0.882803321 -0.464313775 0.364061177 0.097923771 0.469434202 0.877520621 0.345104963
0.992175758 0.017331589 -0.123639278 0.089064702 -0.073202275 0.882986605 -0.463655084 0.362365514 0.101135954 0.469078004 0.877346754 0.348293900
0.991968572 0.018070783 -0.125187188 0.089030907 -0.074669480 0.882536352 -0.464277983 0.361166388 0.102092370 0.469896823 0.876797676 0.350568354
0.991512477 0.018588552 -0.128675684 0.091008380 -0.076893702 0.881909847 -0.465104610 0.359525561 0.104834735 0.471051335 0.875854075 0.353715360
0.991043925 0.018077129 -0.132306412 0.093148351 -0.078185014 0.881761432 -0.465170801 0.357829809 0.108253732 0.471349150 0.875277817 0.356955409
0.990806222 0.020142488 -0.133780360 0.094178230 -0.080599263 0.882095695 -0.464123845 0.355511159 0.108658478 0.470639408 0.875609517 0.360774487
0.990713239 0.020069057 -0.134478733 0.095746741 -0.080826692 0.882249355 -0.463791966 0.355762213 0.109335914 0.470354289 0.875678301 0.361110151
0.990318418 0.019859068 -0.137386739 0.098344609 -0.081685014 0.883588254 -0.461084783 0.352536380 0.112236612 0.467843175 0.876655996 0.363138676
0.990311921 0.021467086 -0.137190953 0.098360457 -0.082904018 0.883977115 -0.460120887 0.349968910 0.111396201 0.467036992 0.877192855 0.366606474
0.989779592 0.019345542 -0.141287968 0.101946056 -0.082654066 0.885193288 -0.457822114 0.348838210 0.116210349 0.464821011 0.877745152 0.367499530
0.989848554 0.018863689 -0.140868366 0.101902708 -0.082210153 0.884506702 -0.459226996 0.348703861 0.115936294 0.466145992 0.877078474 0.369887352
0.989498675 0.018696621 -0.143327743 0.104005814 -0.083199263 0.884530604 -0.459002733 0.346557438 0.118195973 0.466107368 0.876797318 0.372440517
0.989447892 0.018953132 -0.143644258 0.103679165 -0.083681628 0.884090185 -0.459763139 0.344834983 0.118280523 0.466932058 0.876347005 0.375817299
0.989425719 0.019713527 -0.143694669 0.104051776 -0.084514350 0.883510530 -0.460723788 0.343591213 0.117873281 0.467996240 0.875834048 0.377273947
0.989258289 0.020064620 -0.144795179 0.104309566 -0.085446857 0.883059680 -0.461415470 0.341660202 0.118604697 0.468831331 0.875288486 0.380472153
0.988963604 0.015841056 -0.147309154 0.105942979 -0.083062626 0.882598341 -0.462731808 0.340643555 0.122684658 0.469860822 0.874173462 0.382564068
0.988805234 0.016413458 -0.148306400 0.106657550 -0.083734609 0.883710623 -0.460482389 0.338308930 0.123501815 0.467745721 0.875192106 0.384080827
0.988272309 0.018006390 -0.151636332 0.109169707 -0.086442918 0.884561896 -0.458342493 0.336827815 0.125878617 0.466075063 0.875744641 0.384995520
