1.000000000 0.000000000 0.000000000 0.000000000 0.000000000 1.000000000 0.000000000 0.000000000 0.000000000 0.000000000 1.000000000 0.000000000
0.999989152 0.000676315 0.004616131 0.000464604 -0.000677559 0.999999702 0.000267924 -0.000621701 -0.004615949 -0.000271049 0.999989331 0.046802282
0.999949872 0.002461812 0.009702408 0.001134920 -0.002471794 0.999996424 0.001016920 -0.000905778 -0.009699870 -0.001040851 0.999952376 0.093886413
0.999887645 0.001946053 0.014864287 0.002215314 -0.001955629 0.999997854 0.000629685 -0.001565774 -0.014863031 -0.000658683 0.999889314 0.140397325
0.999798417 0.001496776 0.020021934 0.003584097 -0.001469385 0.999997973 -0.001382656 -0.001848301 -0.020023962 0.001352958 0.999798596 0.187481567
0.999657035 0.001063414 0.026164794 0.005402819 -0.000955596 0.999991000 -0.004132889 -0.002295950 -0.026168952 0.004106469 0.999649107 0.234159574
0.999483407 0.000669624 0.032132968 0.007226714 -0.000491468 0.999984384 -0.005551905 -0.002875248 -0.032136187 0.005533244 0.999468148 0.281062692
0.999309778 -0.001651971 0.037112076 0.010264320 0.001873988 0.999980450 -0.005948352 -0.003520470 -0.037101522 0.006013794 0.999293387 0.330609173
0.999056339 -0.001639073 0.043402951 0.011760693 0.001896412 0.999980867 -0.005888544 -0.004446124 -0.043392476 0.005965299 0.999040246 0.375452697
0.998782277 -0.003007453 0.049244367 0.014118914 0.003342135 0.999971807 -0.006715409 -0.005159437 -0.049222790 0.006871814 0.998764157 0.425933421
0.998522699 -0.003529880 0.054218635 0.017161265 0.003976282 0.999959111 -0.008127717 -0.006096054 -0.054187726 0.008331298 0.998495996 0.470015407
0.998256147 -0.003563889 0.058922954 0.021072201 0.004224241 0.999929667 -0.011086282 -0.006382908 -0.058879308 0.011315852 0.998200953 0.519200742
0.997882128 0.000050157 0.065046966 0.023446428 0.000750878 0.999924183 -0.012290214 -0.007947723 -0.065042637 0.012313029 0.997806489 0.564627230
0.997565269 -0.000105288 0.069737710 0.027785391 0.001000372 0.999917567 -0.012800201 -0.008468437 -0.069730595 0.012838802 0.997483134 0.614137948
0.997162044 -0.001858746 0.075262718 0.031007459 0.002722534 0.999931574 -0.011376000 -0.009993074 -0.075236425 0.011548619 0.997098863 0.659493029
0.996848583 0.000104437 0.079327852 0.034939989 0.000774836 0.999938607 -0.011053173 -0.011490064 -0.079324126 0.011079807 0.996787250 0.708163142
0.996463776 0.004215561 0.083919264 0.038611282 -0.003105322 0.999905944 -0.013355999 -0.012097794 -0.083967671 0.013048169 0.996383071 0.754186928
0.996238530 0.006945136 0.086374834 0.043264098 -0.005483379 0.999837875 -0.017149178 -0.012916305 -0.086479932 0.016611047 0.996115148 0.803405702
0.995903671 0.003745260 0.090342708 0.046885364 -0.001832530 0.999772549 -0.021245614 -0.013596024 -0.090401724 0.020993030 0.995684147 0.851644278
0.995593011 0.003667037 0.093707532 0.050010290 -0.001420093 0.999710143 -0.024033699 -0.015336718 -0.093768515 0.023794714 0.995309651 0.893227696
0.995355189 0.002510301 0.096238233 0.055225194 -0.000386934 0.999756217 -0.022075966 -0.016818572 -0.096270204 0.021936193 0.995113492 0.942773759
0.995243669 -0.001873288 0.097399451 0.060836453 0.003942152 0.999770522 -0.021052917 -0.018459905 -0.097337693 0.021336747 0.995022655 0.992095768
0.995170116 -0.002671710 0.098128214 0.065851942 0.004644236 0.999791563 -0.019878598 -0.020204814 -0.098054662 0.020238321 0.994975209 1.036537647
0.995092988 -0.006329323 0.098741174 0.072003990 0.008373498 0.999758840 -0.020301692 -0.021435432 -0.098588876 0.021028884 0.994906008 1.085665226
0.994915962 -0.006826554 0.100477219 0.074298196 0.008780620 0.999780536 -0.019018454 -0.023015954 -0.100325339 0.019804018 0.994757593 1.133326769
0.995051503 -0.005638529 0.099199928 0.080510661 0.007426787 0.999816477 -0.017666770 -0.024566850 -0.099082097 0.018316086 0.994910598 1.179580450
0.995115280 -0.006283463 0.098519154 0.085998006 0.008144561 0.999795735 -0.018499918 -0.026098303 -0.098382801 0.019211948 0.994963169 1.228677034
0.995174646 -0.007130491 0.097860582 0.090448439 0.008976674 0.999789774 -0.018438116 -0.027202707 -0.097708546 0.019227602 0.995029211 1.277083635
0.995226026 -0.007390488 0.097316504 0.095986605 0.009367131 0.999758840 -0.019870298 -0.028633622 -0.097146183 0.020687016 0.995055139 1.323325872
0.995196283 -0.008994264 0.097484931 0.099994607 0.010890666 0.999761403 -0.018938662 -0.029578028 -0.097291321 0.019909367 0.995056808 1.372114658
0.995259404 -0.010004610 0.096740089 0.105348170 0.011669298 0.999793172 -0.016657390 -0.031461261 -0.096553408 0.017707312 0.995170295 1.421273947
0.995174050 -0.010114795 0.097602293 0.109838754 0.011601168 0.999825001 -0.014673403 -0.032741651 -0.097436793 0.015734896 0.995117247 1.465850353
0.995173991 -0.008272789 0.097777061 0.114375554 0.009712533 0.999851108 -0.014257957 -0.034093406 -0.097644567 0.015138811 0.995106161 1.514863491
0.995066166 -0.007982682 0.098890945 0.118346244 0.009537602 0.999837935 -0.015260798 -0.035703890 -0.098753110 0.016128687 0.994981229 1.564223647
0.995087683 -0.006189937 0.098803319 0.123713188 0.008036177 0.999800205 -0.018298998 -0.036696859 -0.098670311 0.019003108 0.994938731 1.607507706
0.994997799 -0.003970238 0.099817485 0.128965616 0.006279453 0.999719620 -0.022830846 -0.037746195 -0.099698849 0.023343442 0.994743884 1.656504750
0.994947612 0.000634806 0.100393251 0.133987769 0.001502570 0.999773860 -0.021212999 -0.039838832 -0.100384019 0.021256670 0.994721711 1.705955386
0.994913995 0.000641862 0.100726165 0.138016820 0.001525452 0.999769032 -0.021438384 -0.041172788 -0.100716658 0.021483002 0.994683206 1.749121666
0.994878173 -0.003860808 0.101007797 0.143177271 0.005677084 0.999827206 -0.017700275 -0.041891016 -0.100922003 0.018183047 0.994728208 1.797388792
0.994805813 -0.006446420 0.101586744 0.148420513 0.008204709 0.999823511 -0.016899943 -0.042845272 -0.101459868 0.017645650 0.994683146 1.846274614
0.994710326 -0.010397568 0.102192290 0.153408065 0.011978821 0.999817729 -0.014871817 -0.045029417 -0.102019027 0.016017295 0.994653404 1.890691400
0.994629025 -0.013205323 0.102657624 0.158856079 0.014932078 0.999759376 -0.016070256 -0.046259232 -0.102420703 0.017516838 0.994586885 1.938799739
0.994609058 -0.012891389 0.102891363 0.163711101 0.015098205 0.999671817 -0.020698067 -0.047162361 -0.102590755 0.022139961 0.994477153 1.986061931
0.994514942 -0.014143896 0.103634298 0.169300929 0.016677093 0.999581933 -0.023617998 -0.048405059 -0.103256918 0.025216769 0.994334996 2.034535408
0.994366586 -0.013675006 0.105110139 0.174223393 0.016219120 0.999594867 -0.023387685 -0.049885657 -0.104747750 0.024960730 0.994185567 2.077505827
0.994178057 -0.013134385 0.106945634 0.179825336 0.015442310 0.999664724 -0.020780876 -0.051715989 -0.106636852 0.022311384 0.994047701 2.127695560
0.993995607 -0.009899783 0.108971417 0.184374869 0.012049598 0.999745190 -0.019087454 -0.053537384 -0.108754687 0.020285908 0.993861735 2.174813509
0.993898034 -0.006870487 0.110088050 0.189848527 0.009243631 0.999735475 -0.021060947 -0.054817241 -0.109914243 0.021950049 0.993698597 2.218950510
0.993757963 -0.006613413 0.111361764 0.195171326 0.009054110 0.999729455 -0.021425389 -0.056636035 -0.111189947 0.022299934 0.993548870 2.267213821
0.993554652 -0.005649587 0.113213308 0.200720444 0.008031137 0.999755681 -0.020590926 -0.057197176 -0.113069318 0.021367438 0.993357301 2.315135241
0.993307054 -0.005474436 0.115373597 0.206108019 0.007514846 0.999822974 -0.017257711 -0.058014221 -0.115258686 0.018009221 0.993172228 2.360461473
0.993081510 -0.004926570 0.117323682 0.212032586 0.006973065 0.999830544 -0.017039072 -0.059614930 -0.117219865 0.017739294 0.992947519 2.408920288
0.992887676 -0.004715528 0.118961446 0.218266398 0.006978896 0.999802411 -0.018616663 -0.061327565 -0.118850134 0.019314475 0.992724419 2.457383394
0.992773950 -0.004917276 0.119898982 0.224700049 0.007532344 0.999743402 -0.021367159 -0.062336124 -0.119763143 0.022115877 0.992556155 2.504816294
0.992479086 -0.007167128 0.122203544 0.229996637 0.010001080 0.999694824 -0.022592843 -0.063506685 -0.122004285 0.023645092 0.992247880 2.548812389
0.992318928 -0.006770353 0.123519771 0.237004936 0.009608072 0.999703050 -0.022392614 -0.064585254 -0.123331472 0.023407402 0.992089510 2.596873045
0.991971076 -0.008437908 0.126182988 0.242261916 0.011361033 0.999683201 -0.022464065 -0.068106212 -0.125953451 0.023717273 0.991752684 2.643997192
0.991704106 -0.006056595 0.128399104 0.248160869 0.009015559 0.999706745 -0.022476399 -0.069397852 -0.128225312 0.023447525 0.991467953 2.691761732
0.991181254 -0.004988500 0.132419035 0.255186349 0.008181026 0.999688566 -0.023576142 -0.070738301 -0.132260233 0.024451559 0.990913391 2.738889217
0.990874112 -0.004234164 0.134723589 0.262269348 0.007700756 0.999652267 -0.025220444 -0.072138980 -0.134569958 0.026027760 0.990562260 2.785542011
0.990394056 -0.004847911 0.138188511 0.269178122 0.008623609 0.999605358 -0.026737195 -0.073905565 -0.138004363 0.027672043 0.990045011 2.834433079
0.990009964 -0.000588892 0.140996054 0.274802536 0.004281911 0.999655545 -0.025890408 -0.075653136 -0.140932262 0.026235495 0.989671528 2.880685568
0.989468038 -0.002015335 0.144736841 0.282035828 0.005594256 0.999688387 -0.024324361 -0.077919275 -0.144642726 0.024877876 0.989171088 2.929917574
0.989117682 -0.001124872 0.147121876 0.289867103 0.004641779 0.999711573 -0.023563588 -0.079704240 -0.147052914 0.023990072 0.988837659 2.977042913
0.988539517 0.000755208 0.150960088 0.296599120 0.003233085 0.999652147 -0.026172331 -0.081378318 -0.150927380 0.026360454 0.988193333 3.023218870
0.987973750 0.002164030 0.154607028 0.303501666 0.002351969 0.999576032 -0.029020652 -0.083017178 -0.154604286 0.029035272 0.987549722 3.070661545
0.987360001 -0.000493615 0.158492520 0.311487794 0.005192249 0.999559104 -0.029233057 -0.084615558 -0.158408269 0.029686488 0.986927271 3.118544102
0.986832142 -0.003716442 0.161705226 0.320882201 0.008374336 0.999569178 -0.028132817 -0.086087279 -0.161531001 0.029116541 0.986437976 3.166541338
0.986193776 -0.003335630 0.165562496 0.328636706 0.007797000 0.999623537 -0.026304137 -0.087662093 -0.165412426 0.027231865 0.985848606 3.212612629
0.985656381 -0.006542440 0.168637842 0.338491380 0.011341835 0.999557018 -0.027512273 -0.089942724 -0.168383151 0.029030312 0.985294163 3.260240078
0.985006571 -0.005728541 0.172421739 0.345631808 0.010511169 0.999584436 -0.026837755 -0.092305079 -0.172196344 0.028247716 0.984657645 3.307430267
0.984339774 -0.003746314 0.176242381 0.355109632 0.008768070 0.999577105 -0.027723363 -0.093324266 -0.176063985 0.028834512 0.983956397 3.356447458
0.983751833 -0.002526212 0.179516017 0.363646507 0.007487881 0.999608278 -0.026966909 -0.095383041 -0.179377601 0.027872942 0.983385265 3.401937246
0.983111799 -0.002578473 0.182988092 0.373091131 0.007555416 0.999620140 -0.026506227 -0.097823791 -0.182850257 0.027441131 0.982757688 3.449297667
0.982571959 -0.001592435 0.185875967 0.384076476 0.006839192 0.999595881 -0.027589405 -0.099362701 -0.185756937 0.028379815 0.982185721 3.495964050
0.981941223 -0.002483916 0.189170122 0.393354744 0.007795314 0.999595821 -0.027338503 -0.102292359 -0.189025775 0.028319443 0.981563628 3.542806625
0.981384754 -0.001419851 0.192047283 0.402470291 0.006607369 0.999630272 -0.026373941 -0.103001498 -0.191938847 0.027151912 0.981031120 3.589800119
0.980614543 -0.001045334 0.195944026 0.408838421 0.005710382 0.999713421 -0.023244638 -0.103558801 -0.195863590 0.023912946 0.980339527 3.636249781
0.980077028 -0.004589609 0.198564976 0.418682605 0.009078781 0.999723196 -0.021703556 -0.104919568 -0.198410422 0.023073884 0.979847431 3.681457520
0.979250014 -0.002696994 0.202637926 0.426465333 0.007736868 0.999680042 -0.024083333 -0.105450995 -0.202508107 0.025151389 0.978957653 3.728096962
0.978993714 -0.003610274 0.203858778 0.441139907 0.009437323 0.999573946 -0.027618840 -0.108808853 -0.203672200 0.028962553 0.978610694 3.774340630
0.978297949 -0.002055074 0.207193106 0.448713720 0.008887650 0.999446690 -0.032051411 -0.109544434 -0.207012594 0.033197287 0.977774978 3.820704699
0.977596760 -0.002307116 0.210473686 0.458314747 0.009081146 0.999471188 -0.031223862 -0.112162508 -0.210290357 0.032435697 0.977100730 3.867269039
0.976590991 -0.003740087 0.215072200 0.464521140 0.010427580 0.999496579 -0.029967973 -0.113433219 -0.214851826 0.031509139 0.976138175 3.910114288
0.976142526 -0.007246243 0.217009649 0.478573710 0.013694593 0.999507844 -0.028225463 -0.115261443 -0.216698304 0.030523941 0.975761235 3.957771301
0.975750625 -0.004030796 0.218847513 0.490847915 0.010471208 0.999545276 -0.028276892 -0.117943980 -0.218634024 0.029882792 0.975349247 4.003601551
0.975094914 -0.001936672 0.221779197 0.500404477 0.008459733 0.999558985 -0.028466273 -0.119201660 -0.221626282 0.029633509 0.974681318 4.048145294
0.974444985 -0.003647340 0.224596396 0.510624588 0.010810832 0.999471009 -0.030673468 -0.121388860 -0.224365726 0.032317683 0.973968983 4.093408108
0.973828018 -0.003543877 0.227258518 0.520492136 0.011273465 0.999400914 -0.032723363 -0.122895055 -0.227006406 0.034428917 0.973284543 4.135882378
0.973232985 -0.004077780 0.229784742 0.533127308 0.012306899 0.999332726 -0.034390543 -0.124698952 -0.229491159 0.036297947 0.972633779 4.181588173
0.972483337 -0.005311136 0.232911319 0.542385936 0.013366899 0.999365151 -0.033022542 -0.127486810 -0.232588083 0.035227172 0.971937180 4.227259159
0.972057223 -0.005470804 0.234680176 0.553814769 0.012999226 0.999448776 -0.030544559 -0.129772335 -0.234383747 0.032741718 0.971592724 4.271987915
0.971442878 -0.007561385 0.237153351 0.565092325 0.015165570 0.999427080 -0.030256504 -0.131653503 -0.236788750 0.032989025 0.971000910 4.317005157
0.970989227 -0.006772840 0.239027455 0.577468038 0.014669754 0.999403179 -0.031274132 -0.133090287 -0.238672942 0.033873316 0.970509171 4.362295151
0.970393777 -0.006496339 0.241441235 0.589082301 0.014634393 0.999383032 -0.031928234 -0.135175124 -0.241084859 0.034516308 0.969890118 4.406777859
0.969869256 -0.006315692 0.243544236 0.601776600 0.014528028 0.999384224 -0.031938694 -0.136684537 -0.243192524 0.034514576 0.969363749 4.452991486
0.969178736 -0.003744551 0.246330261 0.613195002 0.011703623 0.999455392 -0.030854478 -0.138470560 -0.246080592 0.032786459 0.968694687 4.497844219
0.968399048 -0.000534449 0.249405310 0.625049710 0.008765969 0.999452829 -0.031895071 -0.140096888 -0.249251798 0.033073436 0.967873812 4.543248177
0.967609346 -0.003477404 0.252428561 0.637443542 0.012142147 0.999388933 -0.032775916 -0.142123818 -0.252160341 0.034779299 0.967060268 4.587715149
0.966858268 -0.005404755 0.255256742 0.650708795 0.014768582 0.999285817 -0.034781571 -0.144181982 -0.254886478 0.037398625 0.966247559 4.632147789
0.965921760 -0.005534564 0.258775234 0.661540926 0.015429421 0.999224663 -0.036221929 -0.146244258 -0.258374065 0.038980305 0.965258121 4.675643444
0.965104163 -0.006861570 0.261776477 0.674181104 0.016932826 0.999199748 -0.036236495 -0.148060694 -0.261318296 0.039404612 0.964448035 4.719532490
0.964301229 -0.005152938 0.264757663 0.686580241 0.015122617 0.999250531 -0.035631370 -0.150292680 -0.264375657 0.038363200 0.963656425 4.764171124
0.963244379 -0.003929601 0.268597990 0.699337184 0.013800378 0.999296486 -0.034871079 -0.152374327 -0.268271923 0.037296124 0.962620974 4.809355736
0.962052226 -0.006177674 0.272795916 0.712182999 0.016037390 0.999295473 -0.033928227 -0.154522538 -0.272394091 0.037015658 0.961473465 4.854115486
0.960990191 -0.004489408 0.276546001 0.724354446 0.014464904 0.999315619 -0.034042403 -0.156186178 -0.276203960 0.036714628 0.960397482 4.895095825
0.959762454 -0.002847911 0.280798852 0.737791538 0.011965008 0.999455094 -0.030759405 -0.158364907 -0.280558228 0.032881483 0.959273636 4.939738274
0.958333969 -0.000581003 0.285650045 0.749731123 0.009274788 0.999534130 -0.029083174 -0.160057813 -0.285499990 0.030520737 0.957892656 4.982347965
0.956995428 -0.005176350 0.290056705 0.763316870 0.013691108 0.999532640 -0.027333960 -0.162054524 -0.289779574 0.030129675 0.956619143 5.025609970
0.955666006 -0.005265962 0.294406086 0.777140856 0.014684725 0.999448299 -0.029790938 -0.163952693 -0.294086754 0.032793455 0.955216050 5.069602489
0.954098821 -0.003116562 0.299475789 0.789846897 0.013420783 0.999386251 -0.032356896 -0.165290937 -0.299191117 0.034890871 0.953555226 5.110873222
0.952628314 -0.001364241 0.304133981 0.803217828 0.011877171 0.999394000 -0.032719512 -0.166788101 -0.303905040 0.034781776 0.952067256 5.154142380
0.951525807 -0.003261858 0.307551652 0.817814589 0.012893478 0.999487817 -0.029290333 -0.169565141 -0.307298571 0.031835921 0.951080501 5.196465015
0.950110435 -0.002979714 0.311899632 0.832050562 0.012087594 0.999554873 -0.027272111 -0.171108976 -0.311679542 0.029681634 0.949723601 5.239199162
0.948441863 -0.003175697 0.316935360 0.846434593 0.012721623 0.999525368 -0.028054712 -0.172553539 -0.316695869 0.030640198 0.948032200 5.281442165
0.947214603 -0.004045725 0.320574850 0.861628473 0.014620036 0.999425232 -0.030585412 -0.174539074 -0.320266843 0.033657767 0.946729302 5.323026657
0.945520163 -0.005845289 0.325511277 0.875976384 0.017343376 0.999323368 -0.032432601 -0.176450700 -0.325101435 0.036311138 0.944981873 5.364956856
0.943893909 -0.007624374 0.330160946 0.891055822 0.019106023 0.999319732 -0.031544838 -0.178165004 -0.329695821 0.036083039 0.943397403 5.407259941
0.942641497 -0.008270308 0.333704412 0.906784594 0.018936889 0.999408007 -0.028723884 -0.179287851 -0.333269298 0.033395652 0.942240059 5.447903633
0.940891743 -0.007504854 0.338624358 0.921881020 0.017234458 0.999520242 -0.025735032 -0.180708632 -0.338268697 0.030049888 0.940569639 5.489872932
0.938972950 -0.005404959 0.343948543 0.936643124 0.015543208 0.999521911 -0.026725745 -0.182587832 -0.343639642 0.030440817 0.938608110 5.530882359
0.937125504 -0.007143636 0.348919362 0.953188598 0.019073244 0.999344587 -0.030766627 -0.184098750 -0.348470896 0.035487209 0.936647594 5.571481228
0.935204327 -0.003865626 0.354087263 0.968531013 0.017354280 0.999239147 -0.034926735 -0.185703278 -0.353682816 0.038808566 0.934560001 5.612593651
0.933078825 0.000495305 0.359671563 0.984009504 0.013078881 0.999290943 -0.035306033 -0.187619701 -0.359434068 0.037647419 0.932410836 5.653913975
0.931690216 0.001538338 0.363250524 1.000424623 0.011240880 0.999390006 -0.033063721 -0.190049171 -0.363079876 0.034888405 0.931104600 5.694603443
0.930180430 -0.003163964 0.367088974 1.017703176 0.015237282 0.999433875 -0.029996123 -0.191413909 -0.366786301 0.033495255 0.929702044 5.735705376
0.928088903 -0.005605305 0.372316509 1.034468293 0.017470727 0.999440968 -0.028503209 -0.193413943 -0.371948600 0.032958150 0.927668035 5.778178692
0.926519394 -0.003345958 0.376232147 1.050291181 0.014818728 0.999509096 -0.027604025 -0.195173830 -0.375955135 0.031150952 0.926114142 5.815719128
0.924802661 -0.001793136 0.380443037 1.067167759 0.013721796 0.999495447 -0.028644815 -0.196848556 -0.380199730 0.031711161 0.924360633 5.856850624
0.923328221 -0.001864393 0.384007126 1.083792567 0.014358139 0.999456584 -0.029671047 -0.198138490 -0.383743137 0.032909747 0.922853291 5.896171093
0.921854377 0.000033578 0.387536198 1.100770831 0.011997105 0.999518096 -0.028624803 -0.199861869 -0.387350500 0.031037210 0.921409965 5.936752796
0.920346618 -0.000730277 0.391102910 1.117578268 0.012441633 0.999546826 -0.027411381 -0.201512903 -0.390905619 0.030093927 0.919938684 5.975902557
0.919105053 0.001361011 0.394010216 1.134967089 0.010841310 0.999528110 -0.028742071 -0.203063339 -0.393863410 0.030688573 0.918656468 6.015590191
0.917064250 0.001430275 0.398737013 1.151605487 0.010775646 0.999539495 -0.028368508 -0.204709202 -0.398593962 0.030312393 0.916626334 6.055607796
0.916059315 0.002555933 0.401034653 1.169335127 0.010456738 0.999487519 -0.030255781 -0.206922024 -0.400906414 0.031909604 0.915563107 6.093641758
0.914776146 0.004521893 0.403935790 1.186622024 0.008896582 0.999469340 -0.031336356 -0.208860859 -0.403863072 0.032259401 0.914250553 6.133040428
0.913383186 0.005481422 0.407063961 1.203653932 0.008563641 0.999429345 -0.032673445 -0.210585088 -0.407010734 0.033329319 0.912815094 6.171570301
0.912615955 0.003547697 0.408802599 1.222016931 0.010394896 0.999437690 -0.031879082 -0.211709261 -0.408685833 0.033342820 0.912065923 6.209561348
0.911160171 0.006034587 0.412008107 1.239209056 0.007657564 0.999472082 -0.031573817 -0.213111416 -0.411981136 0.031923786 0.910633028 6.247649670
0.910592258 0.006748741 0.413250685 1.256649733 0.005857895 0.999555469 -0.029231396 -0.215347439 -0.413264275 0.029038660 0.910148025 6.285881996
0.910612166 0.008074332 0.413182974 1.274241328 0.004835975 0.999532521 -0.030190628 -0.217021391 -0.413233578 0.029490098 0.910147429 6.323157310
0.909837604 0.007673285 0.414893568 1.292374849 0.005695627 0.999503851 -0.030975582 -0.218147412 -0.414925456 0.030545829 0.909342527 6.361729145
0.909208834 0.009411805 0.416233957 1.308219314 0.003632389 0.999527097 -0.030535595 -0.219880864 -0.416324496 0.029275157 0.908744693 6.399277687
0.909434438 0.007453951 0.415780604 1.325495601 0.005218315 0.999556005 -0.029333631 -0.221621200 -0.415814728 0.028846687 0.908991814 6.436593056
0.910254896 0.009283639 0.413944304 1.342509747 0.003951382 0.999508321 -0.031105245 -0.223281965 -0.414029539 0.029949348 0.909770608 6.474421978
0.911336362 0.009975408 0.411541700 1.360275626 0.003707401 0.999466956 -0.032436032 -0.224807695 -0.411645889 0.031085886 0.910813570 6.511878014
0.912763059 0.003384531 0.408475548 1.378254652 0.011457964 0.999360144 -0.033883963 -0.226172969 -0.408328831 0.035608325 0.912140191 6.547520638
0.912744164 -0.000000618 0.408531696 1.395110607 0.014707573 0.999351919 -0.032858238 -0.228484988 -0.408266872 0.035999674 0.912152529 6.585573196
0.912494302 0.004713758 0.409062266 1.411629558 0.009342684 0.999432683 -0.032357499 -0.230499968 -0.408982664 0.033347771 0.911932766 6.625100613
0.912749767 0.006099728 0.408473492 1.428007960 0.008156987 0.999417126 -0.033151381 -0.232233837 -0.408437550 0.033590827 0.912168026 6.661917686
0.912970006 0.006800216 0.407969832 1.445074081 0.008371560 0.999338448 -0.035391595 -0.233213708 -0.407940596 0.035726815 0.912309229 6.699697495
0.913084149 0.007611410 0.407700151 1.461644173 0.007848670 0.999312460 -0.036234155 -0.235816151 -0.407695681 0.036284737 0.912396669 6.737192631
0.912866473 0.007923196 0.408181399 1.480247736 0.007441877 0.999322593 -0.036040999 -0.237195626 -0.408190489 0.035938259 0.912189066 6.777084827
0.913561285 0.007157849 0.406638235 1.498180747 0.007158092 0.999407232 -0.033673562 -0.239156455 -0.406638265 0.033673614 0.912968457 6.814632416
0.913229048 0.008622142 0.407355309 1.514564037 0.004604122 0.999493897 -0.031477179 -0.240594223 -0.407420516 0.030621385 0.912727177 6.851917267
0.913039505 0.004823314 0.407842547 1.531603694 0.007976330 0.999527693 -0.029677484 -0.242187127 -0.407793105 0.030349810 0.912569821 6.889731407
0.912874699 0.000854607 0.408239007 1.548522949 0.011084813 0.999577224 -0.026879577 -0.243775487 -0.408089399 0.029062942 0.912479281 6.927878380
0.912342131 -0.001746433 0.409425020 1.565371871 0.013952872 0.999542713 -0.026828263 -0.245473981 -0.409190863 0.030189211 0.911949277 6.965123177
0.912179947 -0.000162974 0.409789890 1.582538486 0.013194996 0.999493182 -0.028974164 -0.246766910 -0.409577489 0.031836834 0.911719620 7.001528263
0.911996841 0.001531939 0.410194218 1.599712372 0.013207121 0.999364913 -0.033096086 -0.248815104 -0.409984380 0.035601005 0.911397457 7.038398743
0.911387384 0.000297749 0.411549538 1.616796851 0.015343281 0.999280035 -0.034701072 -0.250250041 -0.411263555 0.037940640 0.910726547 7.074919224
0.910858691 0.001078155 0.412716895 1.633319259 0.014523561 0.999293506 -0.034663733 -0.252068102 -0.412462682 0.037567884 0.910199523 7.111079216
0.909617603 0.003093629 0.415434867 1.650679350 0.010896600 0.999450564 -0.031301346 -0.253745914 -0.415303499 0.032999087 0.909084141 7.149311066
0.908455968 0.007345927 0.417915851 1.666893601 0.005793172 0.999528348 -0.030162295 -0.255726844 -0.417940229 0.029822182 0.907984912 7.186042786
0.907347322 0.004904814 0.420353144 1.684365153 0.008295053 0.999528408 -0.029567985 -0.257819206 -0.420299858 0.030315287 0.906878769 7.222165108
0.905775964 0.006164134 0.423712105 1.701394558 0.009680942 0.999332190 -0.035233315 -0.259330183 -0.423646301 0.036015421 0.905111432 7.258829594
0.904182136 0.008871041 0.427055031 1.718322277 0.008999676 0.999166846 -0.039809842 -0.261004508 -0.427052319 0.039838701 0.903348923 7.294982433
0.902941644 0.013222447 0.429559827 1.735963345 0.005655637 0.999074399 -0.042641133 -0.262254894 -0.429726034 0.040931888 0.902031124 7.331161499
0.902082205 0.011273035 0.431417018 1.753619909 0.007475553 0.999100566 -0.041737944 -0.264157295 -0.431499451 0.040876143 0.901186645 7.366968155
0.901099145 0.010549575 0.433484733 1.771098495 0.006731950 0.999243140 -0.038312186 -0.266958594 -0.433560848 0.037441269 0.900346160 7.404115200
0.899951518 0.006848005 0.435936213 1.789330363 0.010303789 0.999263346 -0.036968406 -0.268493980 -0.435868263 0.037761573 0.899218023 7.440685272
0.899182141 0.006456504 0.437526941 1.807369471 0.011275721 0.999217272 -0.037918519 -0.270907640 -0.437429339 0.039029088 0.898405492 7.476224899
0.898089767 0.003634801 0.439797372 1.825928807 0.014754483 0.999154150 -0.038387168 -0.271988153 -0.439564914 0.040964108 0.897276282 7.513814926
0.897275567 0.005988560 0.441430271 1.842927933 0.012075724 0.999201000 -0.038101204 -0.274100155 -0.441305757 0.039517879 0.896486282 7.548276901
0.896595240 0.003013086 0.442840695 1.861960530 0.016359020 0.999069035 -0.039918873 -0.275673240 -0.442548722 0.043035515 0.895711243 7.586820602
0.896037281 0.002088641 0.443973869 1.879210711 0.018865431 0.998906672 -0.042773873 -0.278622776 -0.443577856 0.046702750 0.895018220 7.623177052
0.896212220 -0.000763211 0.443624973 1.898249984 0.023935249 0.998625159 -0.046636015 -0.280079246 -0.442979455 0.052414045 0.894998312 7.656803131
0.895501614 0.001293739 0.445056349 1.917164564 0.022120574 0.998630464 -0.047411926 -0.282316983 -0.444508195 0.052302361 0.894246697 7.692940712
0.894624114 0.002944854 0.446810007 1.936085224 0.019602351 0.998756766 -0.045831397 -0.284596622 -0.446389496 0.049760390 0.893454194 7.729639530
0.894091606 0.004967759 0.447856426 1.955806136 0.017064037 0.998834610 -0.045145679 -0.287235349 -0.447558820 0.048006609 0.892964959 7.769652367
0.893930078 0.006488126 0.448159248 1.977313042 0.016747918 0.998713315 -0.047865242 -0.288980603 -0.447893143 0.050293919 0.892671406 7.807292938
0.893156230 0.008617781 0.449664026 1.996659994 0.015217384 0.998664796 -0.049365249 -0.291894764 -0.449489087 0.050933588 0.891832530 7.846430779
0.893091500 0.010425523 0.449754238 2.015329361 0.013840238 0.998621464 -0.050631545 -0.293096393 -0.449662089 0.051443309 0.891716063 7.881814957
0.892966628 0.009374005 0.450025350 2.036962986 0.014734381 0.998638570 -0.050038401 -0.294845939 -0.449881792 0.051313467 0.891612709 7.920601845
0.892187953 0.008521081 0.451583952 2.053789139 0.015018617 0.998709440 -0.048517019 -0.298219323 -0.451414585 0.050068468 0.890908539 7.957562447
0.891759813 0.011045562 0.452374130 2.073694706 0.012094501 0.998763025 -0.048228420 -0.298997819 -0.452347279 0.048479412 0.890523255 7.996085167
0.891994655 0.010533059 0.451923311 2.092441082 0.012145177 0.998809159 -0.047251254 -0.301495999 -0.451882869 0.047636557 0.890804470 8.030925751
0.891116261 0.007482293 0.453713387 2.111103058 0.014405152 0.998893619 -0.044765439 -0.304816872 -0.453546435 0.046427015 0.890022576 8.071929932
0.890452564 0.006192441 0.455033869 2.130389214 0.014721282 0.998992145 -0.042403013 -0.307455719 -0.454837829 0.044456553 0.889463961 8.109869003
0.889745533 0.007142837 0.456400901 2.151862144 0.013491337 0.999029160 -0.041936293 -0.310612768 -0.456257313 0.043470092 0.888785422 8.148402214
0.888311744 0.010535976 0.459120035 2.172671080 0.011025433 0.998959363 -0.044256475 -0.311344773 -0.459108561 0.044375546 0.887271106 8.190636635
0.888127923 0.012318219 0.459431142 2.194044352 0.010298689 0.998856366 -0.046689667 -0.314800411 -0.459480792 0.046197932 0.886985421 8.228303909
0.887486100 0.012684174 0.460659802 2.213667393 0.010785106 0.998775542 -0.048279189 -0.317011803 -0.460708141 0.047815371 0.886262715 8.266403198
0.886232793 0.014605354 0.463009864 2.232888460 0.009172856 0.998753667 -0.049062535 -0.318425536 -0.463149309 0.047727946 0.884994149 8.306732178
0.885621667 0.013017886 0.464224935 2.255284548 0.009716050 0.998868883 -0.046546191 -0.321496099 -0.464305758 0.045732755 0.884493411 8.348665237
0.884977400 0.014792771 0.465398818 2.274895668 0.007035749 0.998956323 -0.045130774 -0.323077708 -0.465580791 0.043214146 0.883949757 8.387632370
0.884325206 0.016404692 0.466583192 2.295998096 0.005912396 0.998908877 -0.046326719 -0.324796796 -0.466834038 0.043726515 0.883263230 8.427112579
0.884488404 0.017154010 0.466246694 2.318277836 0.006479990 0.998775840 -0.049039446 -0.328296721 -0.466517150 0.046396099 0.883294463 8.467380524
0.884920716 0.017867936 0.465398729 2.341792822 0.006586354 0.998683691 -0.050865673 -0.331144959 -0.465695053 0.048077367 0.883638322 8.510058403
0.885213017 0.019855654 0.464761794 2.362360477 0.004642219 0.998661816 -0.051506888 -0.333186388 -0.465162635 0.047752094 0.883936405 8.550127983
0.886138260 0.019055793 0.463028699 2.384776115 0.004968063 0.998706102 -0.050609235 -0.336303890 -0.463394016 0.047147144 0.884897292 8.591152191
0.887674451 0.019424031 0.460061550 2.407276630 0.003588572 0.998787761 -0.049093347 -0.339455992 -0.460457444 0.045229878 0.886528671 8.631245613
0.888370633 0.017884986 0.458778381 2.428068161 0.004194688 0.998883069 -0.047062915 -0.341941029 -0.459107667 0.043733746 0.887303472 8.674203873
0.889949679 0.018104708 0.455699116 2.449554920 0.002830392 0.998973191 -0.045216288 -0.344648570 -0.456049800 0.041530035 0.888984680 8.714528084
0.891235590 0.018392652 0.453167558 2.470121384 0.001759650 0.999029636 -0.044008166 -0.347042382 -0.453537196 0.040019054 0.890338421 8.754920006
0.892777920 0.017368969 0.450162053 2.491173744 0.002718742 0.999030530 -0.043938316 -0.349293381 -0.450488865 0.040451031 0.891865194 8.795925140
0.894600868 0.017913306 0.446506917 2.510820866 0.001369412 0.999081612 -0.042825609 -0.351995528 -0.446864009 0.038923278 0.893754721 8.837132454
0.896675348 0.017987173 0.442323118 2.531467676 0.001013167 0.999088228 -0.042682037 -0.354318619 -0.442687541 0.038720079 0.895839512 8.877743721
0.898760557 0.016673153 0.438122571 2.551438808 0.001774743 0.999130070 -0.041663494 -0.357161194 -0.438436121 0.038223062 0.897949219 8.918409348
0.901338518 0.014578653 0.432869881 2.571135521 0.003963343 0.999113858 -0.041901857 -0.359101474 -0.433097184 0.039483368 0.900482059 8.958846092
0.903491437 0.014765947 0.428351700 2.591010809 0.003762278 0.999094665 -0.042375840 -0.361498564 -0.428589642 0.039897781 0.902617872 8.999582291
0.905386746 0.017249025 0.424237221 2.610132456 0.001552102 0.999033332 -0.043932032 -0.363242328 -0.424584895 0.040433943 0.904484749 9.039794922
0.907219231 0.018559597 0.420248479 2.627850294 0.000930987 0.998935163 -0.046126142 -0.365359426 -0.420657128 0.042237774 0.906235993 9.080297470
0.909031689 0.018764852 0.416304290 2.649432182 0.001044401 0.998879969 -0.047304884 -0.368491381 -0.416725665 0.043436419 0.907993972 9.123160362
0.910958052 0.019060640 0.412058324 2.668764591 0.000924440 0.998834968 -0.048246950 -0.371156275 -0.412497848 0.044331871 0.909879267 9.163600922
0.912073314 0.021351028 0.409470767 2.687281609 -0.002287838 0.998892784 -0.046989217 -0.374023199 -0.410020679 0.041920811 0.911112309 9.206716537
0.913962364 0.018303880 0.405385673 2.706497669 -0.000392049 0.999021590 -0.044223692 -0.376712441 -0.405798554 0.040259864 0.913075328 9.247624397
0.915055335 0.016561911 0.402987957 2.724472761 0.000635899 0.999095976 -0.042504549 -0.379012465 -0.403327644 0.039150279 0.914217651 9.289374352
0.916483641 0.019817155 0.399580836 2.742552757 -0.003054175 0.999089897 -0.042544622 -0.381126463 -0.400060236 0.037771072 0.915710151 9.332370758
0.918076158 0.019181971 0.395939767 2.760793686 -0.002144541 0.999054193 -0.043428272 -0.383806199 -0.396398306 0.039021350 0.917248964 9.374547958
0.919875264 0.019575978 0.391722083 2.777966022 -0.002252321 0.999000847 -0.044635128 -0.386056900 -0.392204404 0.040176470 0.919000268 9.415662766
0.921754241 0.019132420 0.387302369 2.797574043 -0.001846728 0.998987377 -0.044954073 -0.388040513 -0.387770176 0.040721368 0.920856118 9.459583282
0.923638344 0.020448612 0.382719547 2.814936399 -0.003063112 0.998937607 -0.045980614 -0.390311182 -0.383253217 0.041297130 0.922719598 9.501861572
0.925483644 0.022184631 0.378137559 2.830104113 -0.005280084 0.998942018 -0.045683194 -0.392902732 -0.378750890 0.040282443 0.924621522 9.541698456
0.927548468 0.020816699 0.373122662 2.850288868 -0.003728756 0.998913109 -0.046460502 -0.395560026 -0.373684287 0.041703086 0.926617920 9.587761879
0.929302871 0.020998046 0.368721157 2.867312431 -0.004366213 0.998937309 -0.045883443 -0.397816747 -0.369292796 0.041029692 0.928406835 9.631183624
0.930864692 0.022041034 0.364698589 2.884571791 -0.006487257 0.999018371 -0.043818746 -0.400626093 -0.365306437 0.038423441 0.930093944 9.674634933
0.932439208 0.020720338 0.360732049 2.901344299 -0.005994977 0.999104023 -0.041892111 -0.403276294 -0.361276895 0.036899269 0.931728184 9.717971802
0.934330285 0.021756720 0.355743587 2.917973757 -0.007275099 0.999091327 -0.041995425 -0.404935628 -0.356334001 0.036649540 0.933639586 9.761226654
0.935834289 0.019390356 0.351906329 2.935451984 -0.005561165 0.999173403 -0.040266402 -0.407970697 -0.352396309 0.035725668 0.935168684 9.806264877
0.937139630 0.019590404 0.348404437 2.951811314 -0.005783195 0.999157608 -0.040625907 -0.410213590 -0.348906845 0.036057252 0.936463475 9.849820137
0.938289583 0.021035833 0.345210135 2.968029022 -0.007447547 0.999145985 -0.040641662 -0.412403822 -0.345770270 0.035562683 0.937645078 9.894478798
0.939890087 0.020277167 0.340874314 2.984483480 -0.006692431 0.999137402 -0.040981468 -0.414949745 -0.341411322 0.036236797 0.939215243 9.938117027
0.941638410 0.019448237 0.336063743 3.000399351 -0.005960452 0.999136388 -0.041119747 -0.416842014 -0.336573273 0.036716837 0.940941334 9.981987000
0.943275869 0.018405180 0.331499785 3.016131878 -0.005205629 0.999159396 -0.040661767 -0.419764310 -0.331969559 0.036629595 0.942578614 10.028023720
0.944980979 0.017910790 0.326634794 3.031461000 -0.004481151 0.999114990 -0.041821435 -0.422212988 -0.327094793 0.038056761 0.944224834 10.071230888
0.946286261 0.018726338 0.322787136 3.046963215 -0.005310317 0.999086857 -0.042393751 -0.424627721 -0.323286265 0.038402531 0.945521593 10.116121292
0.947631776 0.021369582 0.318649173 3.063179731 -0.008182767 0.999056041 -0.042664967 -0.426718622 -0.319260031 0.037823252 0.946912050 10.163189888
0.948881328 0.021309981 0.314912856 3.078218460 -0.008396879 0.999069512 -0.042305376 -0.429207832 -0.315521330 0.037498496 0.948177278 10.208105087
0.950249135 0.020627333 0.310806841 3.093326807 -0.008126779 0.999107003 -0.041461278 -0.431681603 -0.311384529 0.036872692 0.949568272 10.254203796
0.951382279 0.021195350 0.307282597 3.107722282 -0.009415049 0.999164581 -0.039769035 -0.434035689 -0.307868809 0.034942482 0.950786889 10.298989296
0.952353835 0.019919980 0.304344296 3.121911526 -0.008388845 0.999198079 -0.039149281 -0.436380446 -0.304880142 0.034730870 0.951757193 10.343322754
0.953404069 0.019985724 0.301033527 3.137907028 -0.008252240 0.999157608 -0.040198743 -0.438659489 -0.301583409 0.035841450 0.952765942 10.389457703
0.953720331 0.020572202 0.299990535 3.151698828 -0.008555370 0.999109566 -0.041316148 -0.440913051 -0.300573289 0.036837526 0.953047097 10.434657097
0.954138756 0.019432187 0.298733354 3.165726662 -0.007577458 0.999138951 -0.040790599 -0.443873018 -0.299268752 0.036656253 0.953464508 10.478660583
0.954349518 0.018645786 0.298109412 3.181300879 -0.006859427 0.999154568 -0.040534563 -0.446744412 -0.298613191 0.036639284 0.953670681 10.524845123
0.953831434 0.018635271 0.299763322 3.194513559 -0.007267956 0.999213099 -0.038991436 -0.449249327 -0.300254136 0.035012595 0.953216434 10.569320679
0.953980505 0.017974503 0.299329221 3.210620403 -0.006840087 0.999246538 -0.038204245 -0.451065332 -0.299790412 0.034398668 0.953384697 10.613888741
0.953838527 0.015530666 0.299918234 3.224639654 -0.004814134 0.999324322 -0.036437504 -0.453826070 -0.300281465 0.033311639 0.953268826 10.657502174
0.954178393 0.011745009 0.299007446 3.239848614 -0.000764592 0.999321818 -0.036813423 -0.456015587 -0.299237013 0.034897950 0.953540444 10.701321602
0.954122007 0.011280413 0.299205631 3.253820658 -0.000415354 0.999338925 -0.036351770 -0.458940953 -0.299417943 0.034559749 0.953495920 10.746505737
0.954227865 0.010247058 0.298905075 3.268150330 0.000799379 0.999321997 -0.036810689 -0.462036163 -0.299079537 0.035364725 0.953572690 10.789391518
0.954248071 0.009641892 0.298861086 3.281566858 0.001569951 0.999304652 -0.037252463 -0.464079499 -0.299012452 0.036017288 0.953569293 10.832550049
0.954473495 0.009169068 0.298154682 3.296605587 0.001972929 0.999311566 -0.037047427 -0.465860128 -0.298289120 0.035949029 0.953798354 10.876454353
0.954677403 0.006619144 0.297568768 3.310381651 0.004076470 0.999368131 -0.035308391 -0.468252867 -0.297614455 0.034921162 0.954047203 10.918578148
0.954647422 0.008409599 0.297619939 3.323755026 0.002348958 0.999357283 -0.035772532 -0.469295502 -0.297729492 0.034849260 0.954014063 10.959403038
0.954351723 0.009029946 0.298548520 3.337032795 0.001672776 0.999365628 -0.035574228 -0.472571373 -0.298680395 0.034449726 0.953731179 11.002327919
0.954990923 0.010072857 0.296464175 3.351650000 0.001278752 0.999274194 -0.038071193 -0.475177377 -0.296632499 0.036736749 0.954284906 11.042079926
0.954320192 0.011731196 0.298555404 3.363874674 0.000687017 0.999140084 -0.041455436 -0.476855904 -0.298784971 0.039766874 0.953491688 11.084445000
0.954019487 0.009729929 0.299586445 3.376743078 0.003392569 0.999058425 -0.043250777 -0.479052961 -0.299725205 0.042278461 0.953088462 11.124038696
0.953839540 0.009776749 0.300157875 3.390137911 0.003235756 0.999077499 -0.042824540 -0.481233746 -0.300299644 0.041818969 0.952927768 11.165382385
0.953559518 0.010391136 0.301025301 3.402867079 0.002378185 0.999113977 -0.042021945 -0.483639479 -0.301195204 0.040786318 0.952689826 11.204135895
0.953001440 0.008919672 0.302834511 3.415995598 0.003669224 0.999153316 -0.040975835 -0.485541612 -0.302943587 0.040161196 0.952161789 11.245476723
0.952269197 0.009959503 0.305096984 3.428170443 0.002223528 0.999214709 -0.039558180 -0.488283932 -0.305251330 0.038348433 0.951499283 11.283789635
0.951754987 0.010054814 0.306694210 3.441587448 0.002364588 0.999193013 -0.040095985 -0.489966333 -0.306849927 0.038886756 0.950963140 11.323133469
0.951401830 0.010540741 0.307771951 3.454231739 0.001805695 0.999205887 -0.039803207 -0.492342353 -0.307947159 0.038424589 0.950627327 11.359362602
0.950384080 0.010116520 0.310914397 3.466870070 0.001761978 0.999279916 -0.037900440 -0.494294226 -0.311073929 0.036567803 0.949681938 11.398200989
0.949410319 0.010896089 0.313849360 3.478889227 0.000347032 0.999360919 -0.035745181 -0.496203601 -0.314038217 0.034045760 0.948799670 11.433793068
0.948534012 0.009832768 0.316522717 3.491517782 0.000437373 0.999476194 -0.032359388 -0.497976810 -0.316675067 0.030832417 0.948032796 11.470447540
0.947836518 0.007985412 0.318656653 3.503416061 0.002153784 0.999502897 -0.031453524 -0.499142647 -0.318749398 0.030499121 0.947348118 11.504258156
