1.000000000 0.000000000 0.000000000 0.000000000 0.000000000 1.000000000 0.000000000 0.000000000 0.000000000 0.000000000 1.000000000 0.000000000
0.999997795 0.002084311 -0.000173257 0.000176845 -0.002083866 0.999994636 0.002527507 0.000169039 0.000178524 -0.002527140 0.999996781 0.050829936
0.999995232 0.003078985 -0.000037339 0.000148671 -0.003078770 0.999983609 0.004810068 0.000181985 0.000052148 -0.004809929 0.999988437 0.068849020
0.999995351 0.003044224 -0.000190158 0.000355863 -0.003043013 0.999976873 0.006070298 0.000226993 0.000208633 -0.006069691 0.999981523 0.087094277
0.999997914 0.002028291 0.000102127 0.000282187 -0.002029006 0.999969184 0.007576540 0.000264985 -0.000086756 -0.007576731 0.999971271 0.105742820
0.999999642 0.000896277 0.000132043 0.000406113 -0.000897288 0.999968708 0.007861923 0.000444696 -0.000124992 -0.007862038 0.999969065 0.125126719
0.999999523 -0.000637530 0.000714940 0.000429205 0.000631165 0.999960482 0.008868622 0.000653147 -0.000720566 -0.008868168 0.999960423 0.144130126
0.999999762 -0.000526899 0.000392430 0.000830352 0.000522898 0.999948621 0.010125263 0.000524751 -0.000397744 -0.010125056 0.999948680 0.164123490
0.999998808 -0.001417459 0.000753399 0.000530189 0.001410511 0.999957204 0.009144164 0.000894675 -0.000766329 -0.009143090 0.999957860 0.184366107
0.999999285 0.000993357 0.000699016 0.000736679 -0.000997271 0.999983788 0.005620785 0.000969135 -0.000693421 -0.005621477 0.999983907 0.204873607
0.999999046 0.001204285 0.000706202 0.000543561 -0.001205027 0.999998748 0.001051207 0.001035820 -0.000704935 -0.001052057 0.999999225 0.226118490
0.999983132 0.005821998 0.000131715 0.000715109 -0.005821984 0.999983132 -0.000103711 0.001163885 -0.000132317 0.000102943 1.000000119 0.247599602
0.999960005 0.008838614 0.001354482 0.000411240 -0.008840649 0.999959767 0.001505057 0.001349539 -0.001341125 -0.001516971 0.999997973 0.269979417
0.999908447 0.013406008 0.001864071 0.000234519 -0.013415916 0.999895394 0.005408338 0.001510165 -0.001791372 -0.005432852 0.999983668 0.292479783
0.999851227 0.017141011 0.001930926 0.000376740 -0.017154004 0.999828875 0.006924572 0.001198649 -0.001811901 -0.006956664 0.999974072 0.314207286
0.999827504 0.018493090 0.001709425 0.000577616 -0.018505048 0.999802411 0.007266551 0.001582985 -0.001574706 -0.007296930 0.999972045 0.336815447
0.999796808 0.020060388 0.001972117 0.000637025 -0.020072693 0.999777853 0.006431082 0.001300329 -0.001842669 -0.006469362 0.999977350 0.359900713
0.999760866 0.021785932 0.001885827 0.000609622 -0.021795327 0.999749422 0.005113773 0.001619010 -0.001773946 -0.005153652 0.999985158 0.382706910
0.999808788 0.019420264 0.002334292 0.000697561 -0.019432841 0.999796093 0.005488865 0.001431215 -0.002227221 -0.005533176 0.999982238 0.405989558
0.999766171 0.021507431 0.002248316 0.000666159 -0.021521701 0.999747097 0.006526749 0.001546103 -0.002107374 -0.006573609 0.999976158 0.429472417
0.999736905 0.022787273 0.002617381 0.000802893 -0.022803772 0.999719083 0.006456029 0.001508151 -0.002469530 -0.006514016 0.999975741 0.453025371
0.999765158 0.021520341 0.002562956 0.000883943 -0.021530516 0.999760151 0.004009150 0.001544524 -0.002476064 -0.004063390 0.999988675 0.476700217
0.999771297 0.021203931 0.002817002 0.000823997 -0.021208907 0.999773502 0.001747123 0.001762434 -0.002779318 -0.001806469 0.999994457 0.500600934
0.999681175 0.025133511 0.002477583 0.001184705 -0.025139170 0.999681354 0.002276843 0.001545683 -0.002419568 -0.002338402 0.999994338 0.524226010
0.999692917 0.024603305 0.002981187 0.001175482 -0.024617517 0.999685287 0.004827237 0.001365905 -0.002861483 -0.004899144 0.999983907 0.548501432
0.999647558 0.026389010 0.002893087 0.000999796 -0.026405763 0.999633789 0.005913423 0.001474456 -0.002735978 -0.005987734 0.999978364 0.572369277
0.999628484 0.027077068 0.003111928 0.001378144 -0.027101558 0.999599695 0.008118139 0.001284134 -0.002890867 -0.008199461 0.999962211 0.596889257
0.999640286 0.026656326 0.002968501 0.001656070 -0.026681680 0.999604762 0.008858447 0.001512608 -0.002731194 -0.008934464 0.999956369 0.621192455
0.999694407 0.024543570 0.002938814 0.001876793 -0.024573324 0.999642193 0.010558348 0.001395100 -0.002678623 -0.010627340 0.999939919 0.646052241
0.999715447 0.023664396 0.002999226 0.002007990 -0.023696471 0.999656916 0.011152867 0.001559891 -0.002734271 -0.011220765 0.999933302 0.670169652
0.999759555 0.021829775 0.002106528 0.002728293 -0.021849990 0.999710202 0.010104387 0.001512275 -0.001885341 -0.010147984 0.999946713 0.695135772
0.999759257 0.021820882 0.002282145 0.002670850 -0.021833811 0.999744773 0.005801656 0.001352898 -0.002154965 -0.005850088 0.999980569 0.719766676
0.999788940 0.020254387 0.003459613 0.001651938 -0.020265156 0.999789774 0.003106154 0.001579447 -0.003395973 -0.003175607 0.999989152 0.742600679
0.999840379 0.017683839 0.002542801 0.002503273 -0.017696165 0.999831378 0.004910124 0.001462102 -0.002455542 -0.004954339 0.999984741 0.767095268
0.999905109 0.013449987 0.002982541 0.002433721 -0.013484855 0.999837101 0.011996089 0.001235335 -0.002820708 -0.012035170 0.999923587 0.792038321
0.999967575 0.007918941 0.001494469 0.002903319 -0.007943720 0.999817491 0.017373882 0.001406162 -0.001356614 -0.017385190 0.999847889 0.816370130
0.999998748 0.001577937 -0.000207308 0.002403976 -0.001573921 0.999834239 0.018134993 0.001629403 0.000235890 -0.018134644 0.999835491 0.840959549
0.999992728 -0.001255560 -0.003594130 0.002202995 0.001313413 0.999868751 0.016140021 0.001873455 0.003573394 -0.016144624 0.999863267 0.863595903
0.999950051 -0.004628387 -0.008857627 0.003245017 0.004764701 0.999869585 0.015430692 0.002202467 0.008785053 -0.015472122 0.999841690 0.890396953
0.999850988 -0.006028379 -0.016173264 0.003680747 0.006284295 0.999855161 0.015819456 0.002807839 0.016075555 -0.015918735 0.999744058 0.916070163
0.999709308 -0.004818286 -0.023618307 0.003023800 0.005272531 0.999801517 0.019208381 0.002794655 0.023521069 -0.019327328 0.999536514 0.939316034
0.999456108 -0.004535165 -0.032666184 0.001944602 0.005301510 0.999711931 0.023411602 0.002660096 0.032550596 -0.023572046 0.999192059 0.964042485
0.999056756 -0.003917638 -0.043246049 0.000520330 0.005046045 0.999648809 0.026014473 0.002970379 0.043128949 -0.026208160 0.998725653 0.988076806
0.998455882 -0.004122405 -0.055395573 -0.001128294 0.005677272 0.999593437 0.027940463 0.003462475 0.055257872 -0.028211819 0.998073518 1.012164354
0.997541904 -0.003385535 -0.069991335 -0.003012054 0.005458608 0.999551356 0.029448988 0.003899740 0.069860235 -0.029758656 0.997112811 1.037208915
0.996361434 -0.002639775 -0.085187554 -0.004926413 0.005269454 0.999516070 0.030659221 0.004588343 0.085065380 -0.030996563 0.995893121 1.061162472
0.994848549 -0.002897950 -0.101330452 -0.007348031 0.005948275 0.999537766 0.029813567 0.004969293 0.101197220 -0.030262731 0.994405985 1.085088134
0.992986977 -0.002351840 -0.118200138 -0.009930313 0.005812001 0.999564290 0.028937578 0.005409669 0.118080601 -0.029421620 0.992568076 1.109896302
0.990821481 -0.002107378 -0.135160059 -0.013449416 0.006152770 0.999545217 0.029519649 0.006005103 0.135036394 -0.030080313 0.990383863 1.134312272
0.988351583 -0.002142798 -0.152173072 -0.017233849 0.007072006 0.999467313 0.031858269 0.006238136 0.152023748 -0.032563347 0.987840295 1.158611298
0.985604346 -0.004328212 -0.169012740 -0.021391049 0.010111929 0.999391735 0.033374887 0.006632358 0.168765485 -0.034603477 0.985048652 1.182543159
0.982499838 -0.005830258 -0.186172187 -0.025801405 0.012336502 0.999352276 0.033808116 0.007345643 0.185854465 -0.035513174 0.981935322 1.207077265
0.979045212 -0.006576071 -0.203536928 -0.030645743 0.013869564 0.999310911 0.034428097 0.008026052 0.203170270 -0.036529623 0.978461742 1.231732368
0.975355983 -0.006530591 -0.220540494 -0.035950825 0.014980269 0.999215364 0.036662783 0.008204464 0.220128030 -0.039063022 0.974688530 1.256047726
0.971493840 -0.005904166 -0.236991167 -0.041786164 0.015185907 0.999186516 0.037358571 0.008752298 0.236577824 -0.039892547 0.970793247 1.279225349
0.967242956 -0.006286168 -0.253774583 -0.048172623 0.016371716 0.999156833 0.037649784 0.009307206 0.253323972 -0.040571216 0.966530323 1.303298593
0.962540448 -0.007340258 -0.271038711 -0.055195987 0.018347425 0.999105573 0.038099520 0.009980667 0.270516664 -0.041645184 0.961814165 1.326742411
0.957476854 -0.005861801 -0.288450629 -0.062251002 0.018033221 0.999054492 0.039556626 0.010863032 0.287946045 -0.043076243 0.956677437 1.350248098
0.951995909 -0.005177252 -0.306066960 -0.069747925 0.017903749 0.999087036 0.038788147 0.011494070 0.305586755 -0.042405900 0.951219380 1.374278784
0.946460962 -0.004716697 -0.322783828 -0.078092337 0.017308909 0.999196351 0.036152057 0.012143128 0.322353929 -0.039803546 0.945781887 1.397865176
0.940462589 -0.004935626 -0.339861304 -0.086204380 0.017221859 0.999302208 0.033143923 0.012948491 0.339460552 -0.037023664 0.939891338 1.420726418
0.934463143 -0.001567255 -0.356056452 -0.095015556 0.014859461 0.999290764 0.034599777 0.013418995 0.355749667 -0.037623029 0.933823705 1.443748713
0.928503036 0.001991404 -0.371319473 -0.104218245 0.012606231 0.999240100 0.036881484 0.013997994 0.371110708 -0.038925506 0.927772403 1.466621518
0.921892464 0.003812438 -0.387427211 -0.113332897 0.012017912 0.999189079 0.038429327 0.014541306 0.387259483 -0.040083781 0.921099007 1.489713430
0.916021824 0.005079882 -0.401096314 -0.123521447 0.011374465 0.999188840 0.038631670 0.015177943 0.400967151 -0.039949708 0.915220976 1.511756897
0.909803331 0.007314022 -0.414975077 -0.134019911 0.009099926 0.999252796 0.037562974 0.016075816 0.414939731 -0.037951160 0.909057021 1.534321189
0.903880060 0.010384758 -0.427660137 -0.144812137 0.007032621 0.999209523 0.039127320 0.016605806 0.427728385 -0.038373969 0.903092444 1.556355000
0.897800386 0.012998225 -0.440211058 -0.155443728 0.005672001 0.999140322 0.041069791 0.017451674 0.440366387 -0.039369345 0.896954715 1.578845739
0.892456293 0.017724194 -0.450785518 -0.166578352 0.001985734 0.999063909 0.043212980 0.018248331 0.451129407 -0.039460838 0.891585767 1.600804687
0.887991905 0.023038052 -0.459281653 -0.178264856 -0.003676959 0.999068141 0.043005142 0.019038469 0.459844440 -0.036499463 0.887248993 1.622168779
0.883824885 0.023976127 -0.467203110 -0.189233661 -0.005677628 0.999161959 0.040534850 0.019875295 0.467783451 -0.033173099 0.883220375 1.643099785
0.880212724 0.026872773 -0.473818064 -0.200422645 -0.008801814 0.999148250 0.040315941 0.020241037 0.474497855 -0.031316139 0.879699469 1.664161205
0.877448857 0.031216096 -0.478653193 -0.212454200 -0.013050455 0.999064326 0.041231900 0.021060199 0.479492486 -0.029932242 0.877035379 1.684818745
0.874715090 0.034372404 -0.483417034 -0.223670542 -0.014764957 0.998908758 0.044309080 0.021873437 0.484412521 -0.031620190 0.874268055 1.705450773
0.872130930 0.036741823 -0.487891197 -0.234926462 -0.016322242 0.998806298 0.046040662 0.022499960 0.489000380 -0.032190006 0.871689439 1.725422978
0.869694948 0.037637558 -0.492152482 -0.246261775 -0.017365152 0.998804390 0.045697588 0.023058511 0.493283987 -0.031196665 0.869308710 1.745098710
0.867047608 0.037001904 -0.496849298 -0.257254481 -0.018234449 0.998926938 0.042572405 0.023931682 0.497891396 -0.027852528 0.866791964 1.764373183
0.864575386 0.036076311 -0.501206338 -0.268017769 -0.018602332 0.999033630 0.039820597 0.024640691 0.502158523 -0.025104301 0.864411116 1.783279181
0.862315655 0.037074819 -0.505012095 -0.279410720 -0.020239016 0.999042511 0.038785025 0.025127430 0.505966544 -0.023223985 0.862240434 1.802215099
0.860495389 0.037606038 -0.508068383 -0.290564239 -0.020481676 0.999019206 0.039256077 0.025728013 0.509046435 -0.023373578 0.860421717 1.820343971
0.857890844 0.036851432 -0.512508810 -0.301318467 -0.019043429 0.999019921 0.039956640 0.026232980 0.513478994 -0.024518510 0.857751846 1.839254618
0.855569899 0.037808556 -0.516304731 -0.312051773 -0.020144252 0.999005556 0.039775237 0.026588239 0.517295122 -0.023629917 0.855480850 1.857346535
0.853453040 0.038028635 -0.519780457 -0.322919369 -0.020361189 0.999005854 0.039658125 0.027116660 0.520771801 -0.023263000 0.853378952 1.875556707
0.851534605 0.036506161 -0.523025811 -0.334617794 -0.018723983 0.999054074 0.039247595 0.028137900 0.523963809 -0.023627557 0.851412714 1.894188523
0.849630654 0.037099704 -0.526071668 -0.345342696 -0.019535802 0.999051929 0.038904049 0.028671533 0.527016282 -0.022776838 0.849549949 1.911861181
0.848099887 0.041032184 -0.528245091 -0.356374383 -0.022732427 0.998896658 0.041093688 0.029485159 0.529348552 -0.022843258 0.848096907 1.929939508
0.847429037 0.042782120 -0.529182136 -0.367743909 -0.020565253 0.998645067 0.047803141 0.030223124 0.530510247 -0.029627001 0.847160637 1.947654724
0.846327424 0.042715210 -0.530947447 -0.378622532 -0.016549446 0.998406887 0.053943027 0.031119153 0.532405853 -0.036866575 0.845686078 1.965532541
0.845256865 0.043380413 -0.532596529 -0.389380038 -0.016871018 0.998368859 0.054542817 0.031764992 0.534093797 -0.037117239 0.844609976 1.982796907
0.844438910 0.040717494 -0.534102082 -0.400340855 -0.018396080 0.998723090 0.047053050 0.032433894 0.535335898 -0.029908035 0.844109595 1.999972582
0.843618751 0.034736685 -0.535817742 -0.410981834 -0.018045085 0.999175608 0.036364745 0.033225745 0.536639154 -0.021009102 0.843550324 2.016834021
0.843128562 0.030148514 -0.536866069 -0.421605945 -0.015948979 0.999389827 0.031074924 0.033973996 0.537475288 -0.017637689 0.843095005 2.034113407
0.843240917 0.029353099 -0.536733687 -0.432427645 -0.015139319 0.999408722 0.030871266 0.034325402 0.537322402 -0.017906133 0.843186796 2.051254988
0.843081832 0.032117702 -0.536825240 -0.443148136 -0.018772276 0.999364197 0.030309152 0.034635365 0.537457407 -0.015475664 0.843148828 2.068196058
0.843835294 0.031589203 -0.535671711 -0.453921497 -0.018642459 0.999388874 0.029567990 0.034945097 0.536278367 -0.014964275 0.843908489 2.085023642
0.844521821 0.032316599 -0.534545064 -0.464707196 -0.018012155 0.999326825 0.031958371 0.035634018 0.535218000 -0.017361235 0.844535530 2.101995707
0.845079482 0.034840345 -0.533504307 -0.475215375 -0.017726457 0.999151707 0.037170317 0.036162201 0.534346759 -0.021954734 0.844980240 2.118968010
0.844961941 0.036989078 -0.533545971 -0.485186994 -0.017265229 0.998972118 0.041913159 0.036724538 0.534547865 -0.026203226 0.844731987 2.136447191
0.845258713 0.038350239 -0.532979429 -0.496312559 -0.018613484 0.998929083 0.042358033 0.037513215 0.534033000 -0.025882892 0.845067203 2.152852535
0.845188439 0.038046934 -0.533112586 -0.507083476 -0.020346047 0.999030411 0.039042041 0.038017761 0.534081042 -0.022151146 0.845142961 2.169334888
0.844132245 0.034820035 -0.535003185 -0.517716706 -0.019817341 0.999233246 0.033765949 0.038604476 0.535768569 -0.017900582 0.844175041 2.186900139
0.843132436 0.031624731 -0.536775351 -0.528687179 -0.019868858 0.999419510 0.027673209 0.039459936 0.537338912 -0.012667064 0.843271315 2.204268932
0.842103481 0.032168917 -0.538355708 -0.540377557 -0.021747774 0.999433041 0.025701975 0.039795749 0.538877308 -0.009935692 0.842325687 2.222332001
0.840914488 0.037300110 -0.539880931 -0.551982105 -0.026365988 0.999260962 0.027970979 0.040507067 0.540525258 -0.009286712 0.841276526 2.240167379
0.839663625 0.043709610 -0.541345000 -0.564027429 -0.030438753 0.998976886 0.033447392 0.041082531 0.542253137 -0.011606691 0.840135038 2.257968187
0.838020682 0.047580726 -0.543559909 -0.576265454 -0.031666409 0.998752654 0.038605269 0.041652016 0.544718802 -0.015139420 0.838482141 2.277113199
0.836559355 0.048265204 -0.545746267 -0.588340938 -0.032515064 0.998730004 0.038485147 0.042436033 0.546910703 -0.014450137 0.837066352 2.295958042
0.835379541 0.047866013 -0.547585547 -0.600811303 -0.033644911 0.998786032 0.035979096 0.043046102 0.548642993 -0.011632730 0.835975885 2.314529181
0.833904564 0.047069907 -0.549897790 -0.613276362 -0.035062324 0.998862088 0.032329123 0.043903977 0.550793886 -0.007678704 0.834605992 2.333505392
0.832355082 0.048107378 -0.552150965 -0.626527905 -0.037554089 0.998831630 0.030413490 0.044754017 0.552968979 -0.004579295 0.833189249 2.353039980
0.830892742 0.045571309 -0.554563344 -0.639543533 -0.035013482 0.998947501 0.029628545 0.045391731 0.555329859 -0.005200949 0.831613898 2.372802734
0.829308033 0.042013131 -0.557209969 -0.652427316 -0.031363077 0.999097228 0.028652661 0.045975432 0.557910860 -0.006286063 0.829877079 2.392160416
0.827621102 0.039226551 -0.559914708 -0.666169941 -0.029364657 0.999214768 0.026598589 0.046453066 0.560518444 -0.005571850 0.828123212 2.411924839
0.825611234 0.035454482 -0.563124359 -0.679748058 -0.026650518 0.999360442 0.023847006 0.046846002 0.563609660 -0.004680799 0.826027930 2.432641983
0.823249161 0.034630798 -0.566622972 -0.693674207 -0.026984263 0.999396503 0.021875426 0.047629807 0.567038476 -0.002719024 0.823686719 2.452996254
0.820985913 0.034138355 -0.569926858 -0.707774520 -0.026958894 0.999415278 0.021029921 0.047890350 0.570311487 -0.001900671 0.821426332 2.473129511
0.818981588 0.034184597 -0.572800696 -0.722053826 -0.027093967 0.999414206 0.020906247 0.048638970 0.573179841 -0.001602388 0.819428027 2.493213654
0.816418648 0.035039145 -0.576396406 -0.736755311 -0.027325727 0.999383390 0.022047862 0.048938237 0.576813579 -0.002249831 0.816872716 2.514643192
0.814700603 0.036606904 -0.578725159 -0.751102030 -0.029025776 0.999328732 0.022350876 0.049212746 0.579154968 -0.001411322 0.815216243 2.535325289
0.814534247 0.038446248 -0.578840017 -0.766245306 -0.032472339 0.999258697 0.020675696 0.049472246 0.579205930 0.001955227 0.815178931 2.556431770
0.814571619 0.036815695 -0.578893483 -0.781625271 -0.032705188 0.999311268 0.017532796 0.050004669 0.579140246 0.004651102 0.815214634 2.577862978
0.815009117 0.038538773 -0.578165114 -0.797322035 -0.035298578 0.999234855 0.016847484 0.050400004 0.578372002 0.006677550 0.815745771 2.599585295
0.815736830 0.039525021 -0.577071309 -0.813049734 -0.035206139 0.999205709 0.018671317 0.050756607 0.577350914 0.005085574 0.816480339 2.621575356
0.816308975 0.040398117 -0.576201200 -0.828060091 -0.035625838 0.999173343 0.019581759 0.051115599 0.576515794 0.004542882 0.817073286 2.643665075
0.817443073 0.038046204 -0.574751675 -0.843978643 -0.034697887 0.999256730 0.016797487 0.051785983 0.574963450 0.006211679 0.818155587 2.665910959
0.818301082 0.034059323 -0.573779821 -0.858960152 -0.031857684 0.999395967 0.013889593 0.052056447 0.573906243 0.006913425 0.818891764 2.688007832
0.818763018 0.032843370 -0.573191464 -0.875050724 -0.031677946 0.999425888 0.012016548 0.052241337 0.573257089 0.008318823 0.819333315 2.710995197
0.819118083 0.027650623 -0.572958112 -0.889453411 -0.027370866 0.999583781 0.009109121 0.052371047 0.572971582 0.008220912 0.819534004 2.733352661
0.819977701 0.022060446 -0.571970165 -0.905245960 -0.023626696 0.999709785 0.004686752 0.052250590 0.571907640 0.009670732 0.820261002 2.756042719
0.820327640 0.024288088 -0.571377814 -0.920763910 -0.027168460 0.999624729 0.003486192 0.052351475 0.571248174 0.012663638 0.820679724 2.778470993
0.821056426 0.030157652 -0.570049822 -0.936318338 -0.030151460 0.999500692 0.009449244 0.052159641 0.570050180 0.009429473 0.821555734 2.801141024
0.821783900 0.038783051 -0.568478048 -0.952347636 -0.031773642 0.999247611 0.022239765 0.053070385 0.568912745 -0.000213664 0.822397768 2.823389053
0.822866023 0.045984074 -0.566371799 -0.968083084 -0.033938862 0.998918116 0.031793945 0.053537846 0.567221045 -0.006940144 0.823536336 2.846286774
0.822948575 0.051595412 -0.565768242 -0.983319879 -0.037956785 0.998635650 0.035860173 0.053817995 0.566846609 -0.008036330 0.823784113 2.870249271
0.824261725 0.052232251 -0.563794434 -0.999313772 -0.040529951 0.998624504 0.033262324 0.054988056 0.564756274 -0.004566295 0.825245082 2.891884089
0.824933827 0.042812228 -0.563605547 -1.014626265 -0.031277411 0.999057055 0.030109834 0.056151628 0.564363122 -0.007210500 0.825495124 2.915454626
0.824887991 0.040436052 -0.563848138 -1.029864192 -0.031341579 0.999175549 0.025803797 0.056550827 0.564426720 -0.003613349 0.825475276 2.938662529
0.826133966 0.037301425 -0.562237680 -1.045757771 -0.031882849 0.999302268 0.019450661 0.057023183 0.562570989 0.001856892 0.826746881 2.961006165
0.826724112 0.034335293 -0.561558723 -1.061274648 -0.032730263 0.999380708 0.012919627 0.057423703 0.561654627 0.007698997 0.827335835 2.984261513
0.827058077 0.039063763 -0.560757339 -1.077006578 -0.037996806 0.999185801 0.013564489 0.057638098 0.560830712 0.010088373 0.827868998 3.007507324
0.827893198 0.043859735 -0.559168339 -1.092946529 -0.040585432 0.999008954 0.018269766 0.058185365 0.559415519 0.007568673 0.828852832 3.030900002
0.828660131 0.044676535 -0.557966352 -1.108518600 -0.034951005 0.998994291 0.028082535 0.058597542 0.558659911 -0.003769391 0.829388320 3.054712296
0.828552961 0.047932647 -0.557855189 -1.123830318 -0.032359999 0.998762906 0.037754223 0.059459373 0.558974743 -0.013229184 0.829079151 3.078921795
0.829410493 0.047301445 -0.556633353 -1.139698505 -0.029422937 0.998724699 0.041027784 0.059928492 0.557864070 -0.017651090 0.829744577 3.101784945
0.829113126 0.042272639 -0.557480335 -1.155037403 -0.026163153 0.998978734 0.036839411 0.060764540 0.558468223 -0.015958600 0.829372406 3.125606775
0.829346597 0.034818158 -0.557648420 -1.170049429 -0.023287620 0.999343216 0.027762616 0.061921723 0.558248818 -0.010038520 0.829612792 3.148802519
0.829037786 0.034368437 -0.558135390 -1.185672283 -0.026221650 0.999400973 0.022591472 0.062290449 0.558577418 -0.004093953 0.829442203 3.171265125
0.829527676 0.033474058 -0.557461560 -1.201586246 -0.028465491 0.999438822 0.017655684 0.062939391 0.557739794 0.001222537 0.830015004 3.194467545
0.828907192 0.033953264 -0.558354735 -1.216869593 -0.030649859 0.999413490 0.015272485 0.063163288 0.558545828 0.004454019 0.829461694 3.217502832
0.828912079 0.036281209 -0.558201015 -1.232658625 -0.032444980 0.999332726 0.016773466 0.063769281 0.558437228 0.004207093 0.829536140 3.240743637
0.828759253 0.039519150 -0.558208168 -1.248208046 -0.030071437 0.999207199 0.026093919 0.063931376 0.558796763 -0.004839457 0.829290509 3.264183760
0.827981293 0.041527871 -0.559215844 -1.263365746 -0.028771505 0.999086618 0.031593651 0.064389020 0.560017109 -0.010069471 0.828419864 3.287664413
0.828697681 0.041293420 -0.558171153 -1.279335380 -0.026753431 0.999057293 0.034190197 0.065010116 0.559056699 -0.013400345 0.829021275 3.310773134
0.828258574 0.039097816 -0.558980525 -1.294848442 -0.026011378 0.999170065 0.031344980 0.065684639 0.559742033 -0.011421893 0.828588247 3.333991289
0.828092515 0.034644805 -0.559519887 -1.309994578 -0.022432284 0.999336958 0.028677847 0.066244386 0.560142398 -0.011196605 0.828320682 3.356851578
0.827561021 0.032238446 -0.560449362 -1.325387001 -0.020370301 0.999416709 0.027410109 0.066653430 0.561006069 -0.011267018 0.827735066 3.379973888
0.826945662 0.035256151 -0.561175406 -1.340948343 -0.021559551 0.999286532 0.031010656 0.067261659 0.561868370 -0.013545437 0.827115774 3.402835369
0.826507270 0.037385825 -0.561683238 -1.356633186 -0.021467501 0.999159694 0.034915350 0.067993589 0.562516630 -0.016799854 0.826615334 3.426060677
0.825847745 0.039009895 -0.562542260 -1.371867180 -0.023232041 0.999110997 0.035177950 0.068621770 0.563414454 -0.015982628 0.826019824 3.448475599
0.825741589 0.041471425 -0.562522054 -1.387868643 -0.029773906 0.999107838 0.029952371 0.069393083 0.563262403 -0.007984439 0.826239526 3.470995188
0.825179636 0.040406872 -0.563423455 -1.402996182 -0.030679259 0.999171853 0.026725054 0.070007890 0.564036667 -0.004767555 0.825736105 3.493558884
0.825128436 0.041816924 -0.563395679 -1.418546677 -0.031863239 0.999114037 0.027491547 0.070820406 0.564045966 -0.004732447 0.825729847 3.516125202
0.824531972 0.043551970 -0.564136744 -1.433772683 -0.031165654 0.999015391 0.031573929 0.071223542 0.564956367 -0.008452022 0.825077474 3.538898706
0.823948503 0.043460540 -0.564995706 -1.449130774 -0.031342801 0.999023557 0.031138733 0.071550414 0.565797269 -0.007948160 0.824506104 3.561556339
0.824359894 0.038264673 -0.564771175 -1.464361906 -0.025919488 0.999217808 0.029866528 0.072324224 0.565472305 -0.009982190 0.824706793 3.583727837
0.824420393 0.039628781 -0.564588904 -1.480077744 -0.026815144 0.999160349 0.030975739 0.072776072 0.565342486 -0.010397498 0.824790716 3.606115103
0.824081481 0.040917892 -0.564991534 -1.495526314 -0.027925776 0.999109626 0.031625867 0.073401369 0.565782607 -0.010284463 0.824490428 3.628540754
0.823282301 0.041788548 -0.566091835 -1.510284185 -0.029612772 0.999090314 0.030685592 0.073826671 0.566859186 -0.008499359 0.823770881 3.650195122
0.822667539 0.042157181 -0.566957653 -1.525490046 -0.029943118 0.999075770 0.030840028 0.074460842 0.567733705 -0.008394613 0.823169529 3.672446966
0.822860599 0.045721211 -0.566400707 -1.540644765 -0.031468105 0.998894632 0.034916636 0.075167894 0.567371011 -0.010907969 0.823389947 3.693843603
0.822899222 0.048368175 -0.566124737 -1.555843115 -0.033456590 0.998766005 0.036700558 0.075668663 0.567201376 -0.011260255 0.823502064 3.715718746
0.822303712 0.046339292 -0.567158818 -1.570770264 -0.033060264 0.998885632 0.033680290 0.076365046 0.568087518 -0.008945017 0.822919488 3.737849236
0.822096229 0.044753630 -0.567586899 -1.585391283 -0.033861808 0.998984396 0.029723220 0.076972283 0.568340778 -0.005215833 0.822776735 3.758815527
0.821669936 0.044685520 -0.568209112 -1.600440264 -0.033509512 0.998984814 0.030105812 0.077561162 0.568977535 -0.005696625 0.822333276 3.781214237
0.821446061 0.050541583 -0.568042099 -1.615340948 -0.038098529 0.998703361 0.033765376 0.077962331 0.569012105 -0.006094866 0.822306514 3.802530527
0.821408570 0.051532049 -0.568007350 -1.630116224 -0.039034862 0.998654008 0.034152918 0.078635216 0.569002748 -0.005881406 0.822314560 3.823954105
0.821389019 0.048816547 -0.568275452 -1.644973040 -0.037866462 0.998799682 0.031067435 0.079154901 0.569109917 -0.003999875 0.822251737 3.845075846
0.821032286 0.045191016 -0.569090247 -1.658794165 -0.035800818 0.998975515 0.027677666 0.079601496 0.569758058 -0.002350357 0.821809113 3.865819693
0.821189344 0.043005209 -0.569033027 -1.673490882 -0.034023389 0.999072075 0.026405610 0.080076292 0.569640636 -0.002323574 0.821890533 3.886638641
0.821070611 0.041051071 -0.569348693 -1.687772751 -0.030444780 0.999140322 0.028134730 0.080327690 0.570014298 -0.005766904 0.821614563 3.907723427
0.820943058 0.039564237 -0.569637716 -1.701111317 -0.027958248 0.999185264 0.029106006 0.080844834 0.570325196 -0.007968301 0.821380377 3.927929401
0.821481109 0.038029779 -0.568966150 -1.715096474 -0.025323061 0.999222279 0.030226385 0.081396714 0.569673121 -0.010422444 0.821805298 3.947983742
0.822416186 0.037234016 -0.567666471 -1.730189085 -0.022836667 0.999212325 0.032454677 0.081874192 0.568427861 -0.013727642 0.822618604 3.968998909
0.822080672 0.038156394 -0.568091094 -1.742477417 -0.022569139 0.999151468 0.034449358 0.082291476 0.568923593 -0.015498823 0.822244346 3.988297224
0.822505653 0.035895087 -0.567623138 -1.755923510 -0.022171127 0.999271393 0.031064728 0.082733177 0.568324685 -0.012966075 0.822702348 4.008178711
0.823083818 0.031997792 -0.567017674 -1.768895149 -0.020246141 0.999430060 0.027010242 0.083136983 0.567558706 -0.010751775 0.823262691 4.027192116
0.824195564 0.032329001 -0.565381765 -1.782176137 -0.020956168 0.999426544 0.026598809 0.083726823 0.565917313 -0.010074388 0.824400485 4.046954632
0.825907230 0.039246399 -0.562438190 -1.795132875 -0.026280545 0.999169707 0.031129682 0.084044278 0.563192904 -0.010929050 0.826253116 4.065431118
0.828049898 0.039964821 -0.559228122 -1.807955623 -0.026453221 0.999130249 0.032232776 0.084641248 0.560029864 -0.011896960 0.828387022 4.084444046
0.830574870 0.039279908 -0.555519879 -1.820150375 -0.026813859 0.999173224 0.030559678 0.084979519 0.556260943 -0.010486471 0.830941498 4.102649212
0.834265411 0.039070997 -0.549977064 -1.832536101 -0.026927967 0.999182999 0.030135814 0.085588187 0.550705194 -0.010331499 0.834635973 4.121241570
0.837695718 0.041233283 -0.544578314 -1.843840837 -0.026614513 0.999043167 0.034703847 0.086171553 0.545488238 -0.014577581 0.837991774 4.139008522
0.841748536 0.041064713 -0.538305879 -1.854979157 -0.024457660 0.998979807 0.037962843 0.086156398 0.539315522 -0.018789463 0.841894031 4.156623363
0.845880568 0.035783097 -0.532170594 -1.865001440 -0.020061448 0.999175489 0.035296962 0.086485207 0.532994926 -0.019180899 0.845901012 4.173615932
0.850630939 0.033129707 -0.524718463 -1.875591874 -0.020018112 0.999329865 0.030644016 0.086934447 0.525382042 -0.015562878 0.850724101 4.190621853
0.855947256 0.028580949 -0.516272604 -1.885573745 -0.016360791 0.999468207 0.028205587 0.087478906 0.516804278 -0.015695866 0.855959713 4.207025051
0.860966086 0.026084790 -0.507993162 -1.894948959 -0.013423313 0.999501586 0.028572770 0.087538950 0.508485198 -0.017781235 0.860887170 4.223424911
0.866097867 0.021312766 -0.499419957 -1.903539658 -0.007609277 0.999536991 0.029459216 0.087656274 0.499816567 -0.021714335 0.865859032 4.239458084
0.871225119 0.019568924 -0.490493447 -1.911289930 -0.005357972 0.999524593 0.030360490 0.088204823 0.490854353 -0.023822773 0.870915830 4.254887104
0.876489639 0.016267104 -0.481145799 -1.919752479 -0.002038564 0.999545395 0.030080125 0.088228270 0.481416434 -0.025384074 0.876124322 4.270207405
0.881462038 0.012517910 -0.472088933 -1.927366018 -0.000073364 0.999652267 0.026369791 0.088588491 0.472254872 -0.023209337 0.881156445 4.285235405
0.887039781 0.010796595 -0.461566716 -1.934967041 0.000255109 0.999714911 0.023874793 0.088693574 0.461692870 -0.021295641 0.886784136 4.299560547
0.891532123 0.007420206 -0.452896684 -1.941968441 0.001963165 0.999793112 0.020245004 0.088644914 0.452953249 -0.018938184 0.891333103 4.313709736
0.895534277 0.003602185 -0.444978088 -1.948463798 0.004466571 0.999844074 0.017083067 0.088909946 0.444970250 -0.017285999 0.895378470 4.327830791
0.899859905 0.005806717 -0.436140418 -1.955214500 0.001476286 0.999865055 0.016357994 0.088635430 0.436176628 -0.015363772 0.899729908 4.342175961
0.903448701 0.013097003 -0.428496122 -1.961812615 -0.007354013 0.999859631 0.015055424 0.088623337 0.428633153 -0.010450637 0.903418124 4.355712891
0.906153560 0.012833437 -0.422754258 -1.968064427 -0.008569289 0.999891341 0.011985572 0.088711590 0.422862142 -0.007238064 0.906165183 4.369465828
0.908034503 0.012913854 -0.418696433 -1.974609137 -0.008095286 0.999879003 0.013282873 0.088698685 0.418817282 -0.008671839 0.908029139 4.382889271
0.908349812 0.011053210 -0.418065220 -1.980376959 -0.004289922 0.999844313 0.017113935 0.088955320 0.418189347 -0.013751969 0.908255756 4.397260189
0.907535076 0.014709314 -0.419718653 -1.986866117 -0.007134633 0.999782205 0.019611191 0.089025587 0.419915706 -0.014803302 0.907442331 4.410604000
0.905332685 0.017891910 -0.424326092 -1.993081689 -0.010114213 0.999737144 0.020574931 0.089069195 0.424582779 -0.014335432 0.905275643 4.424003601
0.901270092 0.016888103 -0.432928532 -1.999464869 -0.009675252 0.999775350 0.018858302 0.088850409 0.433149785 -0.012807730 0.901230931 4.436607361
0.894576252 0.011667219 -0.446763128 -2.006325006 -0.005697402 0.999875605 0.014703559 0.089027688 0.446879148 -0.010608062 0.894531488 4.449244976
0.884594977 0.001722950 -0.466356903 -2.012749672 0.004188483 0.999923408 0.011639005 0.089146197 0.466341317 -0.012249133 0.884520054 4.461971760
0.871842027 -0.001346168 -0.489785314 -2.019723892 0.007482452 0.999916136 0.010570879 0.089288659 0.489730000 -0.012880932 0.871779025 4.473955631
0.856091142 0.003223017 -0.516815007 -2.027633190 0.003660694 0.999917626 0.012299640 0.089471661 0.516812146 -0.012421515 0.856008828 4.485435486
0.837810457 0.008714153 -0.545891643 -2.036055088 -0.000537463 0.999885321 0.015136449 0.089564420 0.545960963 -0.012388078 0.837719083 4.497120857
0.818238020 0.014748365 -0.574690342 -2.044912100 -0.004167840 0.999796689 0.019723810 0.089741066 0.574864447 -0.013743554 0.818133295 4.508523464
0.796310008 0.019432271 -0.604576528 -2.054324627 -0.003896654 0.999627888 0.026997574 0.090047032 0.604876161 -0.019142611 0.796089411 4.519916534
0.772143245 0.026264206 -0.634905398 -2.063683510 -0.003572858 0.999309123 0.036993384 0.090018615 0.635438323 -0.026295768 0.771703720 4.531121731
0.746518612 0.031459227 -0.664620399 -2.074252605 -0.006812189 0.999190629 0.039644197 0.090460718 0.665329635 -0.025067618 0.746128798 4.541797638
0.719365418 0.032342147 -0.693878353 -2.084936380 -0.009604604 0.999283135 0.036619872 0.090749018 0.694565356 -0.019678645 0.719160557 4.551652908
0.690235853 0.028683932 -0.723015666 -2.096787453 -0.010471170 0.999505341 0.029656569 0.090859801 0.723508596 -0.012899211 0.690194845 4.560849190
0.657526791 0.023178369 -0.753074527 -2.107791901 -0.008440554 0.999690592 0.023399152 0.091434143 0.753383875 -0.009029205 0.657518983 4.571397781
0.625585079 0.027980106 -0.779654026 -2.120964527 -0.013149662 0.999592900 0.025322104 0.092014685 0.780045092 -0.005588946 0.625698328 4.580569267
0.591514885 0.036195785 -0.805481195 -2.134168625 -0.016231010 0.999323964 0.032987028 0.092713580 0.806130648 -0.006438550 0.591702580 4.590027332
0.557787657 0.042241983 -0.828907967 -2.148061991 -0.016989339 0.999075949 0.039481461 0.092590265 0.829809666 -0.007939680 0.557989955 4.598165512
0.522213697 0.041135889 -0.851822078 -2.162301064 -0.017213779 0.999140859 0.037697177 0.093229428 0.852640867 -0.005022903 0.522473097 4.606034279
0.484087348 0.036785796 -0.874246180 -2.176802635 -0.014567045 0.999316275 0.033982337 0.093818359 0.874898434 -0.003715233 0.484292209 4.613859177
0.445710897 0.034522817 -0.894511104 -2.192590475 -0.012941492 0.999400139 0.032122523 0.094243824 0.895083308 -0.002741048 0.445890367 4.620672703
0.405446738 0.034872144 -0.913453281 -2.208321095 -0.011564706 0.999387801 0.033019666 0.094770104 0.914045453 -0.002823895 0.405601859 4.627226830
0.363040179 0.037412491 -0.931022108 -2.224567890 -0.010193336 0.999293208 0.036181167 0.095416687 0.931717694 -0.003644997 0.363165021 4.633694172
0.320418894 0.039481875 -0.946452856 -2.241816044 -0.009054963 0.999213099 0.038617283 0.095828637 0.947232664 -0.003803611 0.320524305 4.639096260
0.278094083 0.040649988 -0.959693313 -2.258654594 -0.009930896 0.999172390 0.039444502 0.096626341 0.960502505 -0.001438669 0.278267682 4.643474579
0.236632824 0.043823011 -0.970610321 -2.277275085 -0.012419301 0.999037087 0.042078670 0.097395435 0.971519768 0.002097108 0.236949250 4.647652626
0.197383374 0.043349791 -0.979367435 -2.295547962 -0.013100028 0.999049246 0.041580766 0.097931214 0.980238795 0.004622390 0.197763637 4.650828362
0.159601986 0.041166209 -0.986322701 -2.314055681 -0.011695203 0.999138772 0.039808657 0.098769307 0.987112164 0.005181703 0.159945995 4.653498173
0.123681359 0.040335804 -0.991501808 -2.333492517 -0.010032805 0.999173284 0.039396375 0.099216223 0.992271245 0.005074949 0.123983786 4.655515671
0.089204937 0.037798356 -0.995295942 -2.353069782 -0.004067217 0.999285161 0.037585326 0.100103609 0.996004999 0.000695288 0.089294910 4.657598972
0.057460092 0.035842925 -0.997704148 -2.372684240 -0.001974613 0.999357462 0.035788599 0.100610510 0.998345852 -0.000086336 0.057493944 4.658484459
0.027142935 0.030584041 -0.999163568 -2.392396927 0.004893366 0.999515831 0.030727752 0.101150542 0.999619603 -0.005723316 0.026980134 4.659222126
-0.002346603 0.024671273 -0.999692857 -2.412426233 0.010327145 0.999642849 0.024645802 0.101777270 0.999943972 -0.010266140 -0.002600549 4.659179688
-0.031418063 0.024207868 -0.999213099 -2.432593584 0.019877145 0.999524057 0.023590412 0.102146119 0.999308765 -0.019120341 -0.031884298 4.659178257
-0.057055525 0.025805736 -0.998037457 -2.453996181 0.023130914 0.999431849 0.024519442 0.102394059 0.998103023 -0.021686550 -0.057620011 4.657677650
-0.080882020 0.028055621 -0.996328831 -2.475123644 0.027519960 0.999285579 0.025904806 0.102784321 0.996343672 -0.025323696 -0.081596330 4.656089783
-0.100689068 0.029863762 -0.994469643 -2.496310711 0.031887740 0.999132812 0.026775191 0.103160530 0.994406819 -0.029015420 -0.101554036 4.654127598
-0.116042025 0.034144647 -0.992657244 -2.518031836 0.033230316 0.998982847 0.030477602 0.103822283 0.992688239 -0.029449636 -0.117058657 4.651540279
-0.128945202 0.037648868 -0.990936756 -2.540098667 0.032286257 0.998908639 0.033750508 0.104091838 0.991126001 -0.027641675 -0.130020007 4.648628235
-0.141255632 0.038599998 -0.989220321 -2.561865807 0.036350816 0.998767972 0.033781830 0.104822047 0.989305496 -0.031187097 -0.142484754 4.645716667
-0.152336061 0.033027783 -0.987776756 -2.583538055 0.038113389 0.998894393 0.027521620 0.105538502 0.987593591 -0.033454992 -0.153426439 4.642488003
-0.160381183 0.028743993 -0.986636519 -2.605755329 0.036652364 0.999059916 0.023147963 0.106117681 0.986374497 -0.032450072 -0.161283985 4.638414383
-0.168636709 0.029351039 -0.985241115 -2.628437996 0.031003274 0.999219894 0.024460867 0.106379420 0.985190570 -0.026420699 -0.169415116 4.634340763
-0.174740985 0.031972934 -0.984095097 -2.651407957 0.028215574 0.999224782 0.027454387 0.106786132 0.984210074 -0.022969406 -0.175507635 4.629901409
-0.178840801 0.031907156 -0.983360469 -2.674144983 0.027776813 0.999239326 0.027370689 0.107397273 0.983485878 -0.022419624 -0.179591030 4.625918388
-0.182431385 0.031328827 -0.982719362 -2.697904348 0.026499484 0.999285817 0.026937615 0.107982039 0.982861340 -0.021127287 -0.183131307 4.621667385
-0.185402051 0.028956117 -0.982236087 -2.720878839 0.024334019 0.999394536 0.024868779 0.108203672 0.982361317 -0.019291028 -0.185994416 4.617083549
-0.187997520 0.025541173 -0.981837332 -2.745016575 0.024468375 0.999473333 0.021314859 0.108955026 0.981864691 -0.020016823 -0.188523442 4.612592697
-0.190103382 0.023706097 -0.981477797 -2.768722534 0.024077490 0.999520302 0.019478293 0.109507143 0.981468856 -0.019928632 -0.190583006 4.607758045
-0.191176653 0.022643603 -0.981294394 -2.793111801 0.024613710 0.999530077 0.018269135 0.109645352 0.981247008 -0.020660665 -0.191644162 4.602999210
-0.192060933 0.019459024 -0.981190085 -2.817167282 0.023147495 0.999615014 0.015293475 0.109957218 0.981109977 -0.019774811 -0.192437440 4.598653793
-0.191794991 0.017985722 -0.981270194 -2.841367722 0.021879597 0.999661922 0.014046330 0.110365033 0.981191039 -0.018775780 -0.192123666 4.593570709
-0.192236274 0.023660501 -0.981063426 -2.866343021 0.025143798 0.999499857 0.019178290 0.110801451 0.981026530 -0.020980900 -0.192735046 4.589071274
-0.191579580 0.029278262 -0.981040299 -2.891609669 0.025971957 0.999356151 0.024753027 0.111023307 0.981133461 -0.020737357 -0.192216650 4.584005356
-0.191330761 0.030976320 -0.981036723 -2.917087793 0.026817584 0.999293745 0.026322579 0.111699112 0.981159151 -0.021272713 -0.192026377 4.579689503
-0.190266907 0.030542577 -0.981257260 -2.942262173 0.023861952 0.999364555 0.026479328 0.112269863 0.981442332 -0.018376572 -0.190874815 4.574512005
-0.190083742 0.031313337 -0.981268406 -2.967841148 0.021137768 0.999390006 0.027796978 0.112692043 0.981540322 -0.015458069 -0.190629736 4.569910049
-0.189949200 0.028099161 -0.981391728 -2.993103504 0.022270745 0.999456465 0.024305867 0.113072634 0.981541216 -0.017239444 -0.190471739 4.565233231
-0.189611778 0.021979028 -0.981613100 -3.018354416 0.023219977 0.999570310 0.017895849 0.113642551 0.981584668 -0.019399773 -0.190040633 4.560688019
-0.189390063 0.017973799 -0.981737375 -3.043561935 0.028717961 0.999506116 0.012759043 0.113984711 0.981481910 -0.025777062 -0.189812705 4.556424618
-0.188082948 0.025040576 -0.981833875 -3.069506168 0.031707745 0.999308646 0.019412220 0.114161193 0.981641173 -0.027480632 -0.188746899 4.551404476
