1.000000000 0.000000000 0.000000000 0.000000000 0.000000000 1.000000000 0.000000000 0.000000000 0.000000000 0.000000000 1.000000000 0.000000000
0.999979794 -0.000385925 0.006349007 -0.005199438 0.000397854 0.999998152 -0.001877581 0.001983559 -0.006348271 0.001880069 0.999978006 0.000993122
0.999755144 0.015195141 0.016086003 -0.012452799 -0.014855276 0.999668241 -0.021040721 0.017148804 -0.016400382 0.020796606 0.999649227 -0.003563152
0.999829829 -0.000527679 0.018441344 -0.015099070 0.000637172 0.999982178 -0.005932016 0.005469972 -0.018437887 0.005942760 0.999812305 0.003482340
0.999757290 0.001591038 0.021974474 -0.016994679 -0.001353258 0.999940395 -0.010831405 0.008852048 -0.021990398 0.010799039 0.999699831 0.004292634
0.999513626 -0.003450621 0.030991949 -0.025610836 0.003728495 0.999953330 -0.008912705 0.008094114 -0.030959748 0.009023925 0.999479830 0.009142819
0.999405563 -0.000794826 0.034464516 -0.026984291 0.001292195 0.999895275 -0.014411443 0.011795930 -0.034449454 0.014447412 0.999302030 0.008357814
0.999275506 -0.001674154 0.038020022 -0.030306850 0.002275460 0.999872863 -0.015777757 0.012669054 -0.037988774 0.015852839 0.999152422 0.012600668
0.999059141 -0.002197602 0.043311089 -0.034829244 0.002878634 0.999873102 -0.015668111 0.012883808 -0.043271158 0.015778050 0.998938799 0.013728944
0.998735249 -0.004322014 0.050092168 -0.041576937 0.005095032 0.999869704 -0.015314495 0.012846576 -0.050019454 0.015550347 0.998627186 0.018319329
0.998594999 -0.004714224 0.052780833 -0.043837555 0.005558887 0.999858677 -0.015867857 0.013202113 -0.052698564 0.016138965 0.998480022 0.020722359
0.998019457 -0.005699451 0.062647261 -0.052671649 0.006813907 0.999822080 -0.017590137 0.015044139 -0.062535852 0.017982168 0.997880697 0.021760911
0.997661829 -0.003405310 0.068259038 -0.056228906 0.004745943 0.999798954 -0.019487841 0.017115885 -0.068178944 0.019766226 0.997477293 0.017621951
0.997349679 -0.003863292 0.072655730 -0.060029343 0.005374475 0.999773026 -0.020615248 0.017853662 -0.072559603 0.020951096 0.997143984 0.019848347
0.997135282 -0.007028870 0.075311467 -0.063716218 0.008673537 0.999730587 -0.021533411 0.017880743 -0.075139813 0.022124942 0.996927381 0.028378353
0.996923268 -0.007916270 0.077982575 -0.066082716 0.009637120 0.999717832 -0.021715555 0.018242870 -0.077788658 0.022400273 0.996718049 0.030516896
0.996655703 -0.007836940 0.081338897 -0.069340616 0.009483913 0.999757290 -0.019881736 0.016720073 -0.081163362 0.020586656 0.996488154 0.033161547
0.996153116 -0.008136237 0.087250680 -0.074244879 0.010087186 0.999708295 -0.021942750 0.018349631 -0.087046705 0.022738457 0.995944679 0.034740500
0.995851219 -0.008967557 0.090552628 -0.076993681 0.010886749 0.999725938 -0.020722585 0.017515341 -0.090341978 0.021622436 0.995675862 0.036882002
0.995729327 -0.009811110 0.091796763 -0.077960536 0.011760002 0.999716222 -0.020713737 0.017390994 -0.091567501 0.021704810 0.995562136 0.039329708
0.995495975 -0.010228680 0.094249621 -0.079925247 0.012235882 0.999709904 -0.020743400 0.017023744 -0.094010130 0.021803200 0.995332301 0.042163230
0.994891286 -0.010746673 0.100377642 -0.085052975 0.013067099 0.999661684 -0.022488153 0.018395502 -0.100102015 0.023684911 0.994695127 0.044234581
0.994865477 -0.010845616 0.100623019 -0.084652968 0.013218892 0.999649167 -0.022949124 0.018498601 -0.100338846 0.024161419 0.994659960 0.046877954
0.994724274 -0.011261403 0.101964705 -0.085641652 0.013788853 0.999614000 -0.024116671 0.019258475 -0.101653777 0.025395414 0.994495690 0.050007340
0.994249821 -0.009762123 0.106640220 -0.089581914 0.012435474 0.999624252 -0.024432743 0.019845976 -0.106361590 0.025618374 0.993997335 0.048804410
0.994332135 -0.012312133 0.105602846 -0.087661795 0.014749082 0.999641955 -0.022326687 0.018374229 -0.105290145 0.023757689 0.994157732 0.054490149
0.994212687 -0.012096426 0.106746547 -0.088248737 0.014573351 0.999641657 -0.022454282 0.018333949 -0.106436685 0.023879984 0.994032741 0.055934682
0.994012117 -0.011762824 0.108634971 -0.089606524 0.014395894 0.999620438 -0.023485377 0.018923180 -0.108317479 0.024908641 0.993804395 0.057769325
0.993754447 -0.012695714 0.110864297 -0.091302931 0.015220339 0.999643028 -0.021955658 0.017922267 -0.110545970 0.023505922 0.993593097 0.060161613
0.993416488 -0.012892269 0.113831751 -0.093534477 0.015626250 0.999609649 -0.023158198 0.019167684 -0.113488756 0.024784498 0.993229985 0.061424512
0.993069351 -0.012715431 0.116840214 -0.095722854 0.015707819 0.999570966 -0.024725910 0.020288616 -0.116475672 0.026389848 0.992842853 0.062680729
0.992925882 -0.013428588 0.117973700 -0.096198894 0.016381785 0.999575317 -0.024098685 0.019689782 -0.117599979 0.025860827 0.992724240 0.064815432
0.992659152 -0.013605414 0.120178133 -0.098228499 0.016624602 0.999570012 -0.024155818 0.019906463 -0.119797796 0.025976403 0.992458403 0.066589557
0.992439449 -0.013568725 0.121983781 -0.099280521 0.016638242 0.999569178 -0.024179995 0.019746421 -0.121603124 0.026026770 0.992237449 0.068320915
0.992095530 -0.013311120 0.124776848 -0.102153420 0.016508939 0.999560297 -0.024629403 0.019439258 -0.124394126 0.026494648 0.991879046 0.071454242
0.992076695 -0.014143039 0.124835022 -0.102085605 0.017501025 0.999512732 -0.025843810 0.019498175 -0.124408662 0.027823782 0.991840780 0.073399320
0.991252363 -0.015116205 0.131111532 -0.109309554 0.018898102 0.999439061 -0.027648736 0.021035843 -0.130620033 0.029884631 0.990981936 0.075098261
0.991160929 -0.014738385 0.131843850 -0.109693825 0.018740160 0.999399066 -0.029163232 0.021723628 -0.131334782 0.031376231 0.990841329 0.077583402
0.990881622 -0.015566035 0.133832887 -0.110003263 0.019403920 0.999435604 -0.027420299 0.020177485 -0.133330524 0.029767154 0.990624428 0.078365102
0.989902377 -0.015331468 0.140919626 -0.118522897 0.019871196 0.999326050 -0.030864447 0.022713143 -0.140351444 0.033353031 0.989539742 0.080721363
0.989946544 -0.014658916 0.140680343 -0.118420281 0.019213634 0.999332368 -0.031072844 0.022057449 -0.140130937 0.033463433 0.989567280 0.084258825
0.989739776 -0.012147465 0.142364457 -0.114340276 0.017300319 0.999237120 -0.035013076 0.024372531 -0.141830534 0.037116785 0.989194870 0.075740874
0.988034964 -0.018415695 0.153126851 -0.129152119 0.023757404 0.999168694 -0.033127796 0.023769701 -0.152389482 0.036369316 0.987651110 0.089462504
0.987375438 -0.018448662 0.157319397 -0.132670388 0.024349403 0.999067187 -0.035663430 0.025332889 -0.156514689 0.039043821 0.986903608 0.092171490
0.985943794 -0.017333204 0.166175753 -0.140597194 0.023837319 0.999022543 -0.037225626 0.026268767 -0.165368065 0.040663555 0.985393405 0.092128471
0.984415531 -0.018982919 0.174830467 -0.147845268 0.026142515 0.998907328 -0.038739942 0.027020890 -0.173904032 0.042706713 0.983836174 0.094670556
0.984527886 -0.014814655 0.174600571 -0.140841633 0.022622537 0.998826861 -0.042813417 0.029059101 -0.173761457 0.046100907 0.983708143 0.086966656
0.983146727 -0.015124148 0.182191670 -0.147026956 0.023636913 0.998723209 -0.044643749 0.030183345 -0.181283861 0.048197798 0.982249081 0.090765208
0.980805933 -0.016932597 0.194249570 -0.156886682 0.026521116 0.998548925 -0.046867765 0.031964172 -0.193174064 0.051119901 0.979831874 0.094003297
0.980677068 -0.017275898 0.194869325 -0.156996906 0.026924746 0.998533010 -0.046974670 0.031589277 -0.193771929 0.051313784 0.979703724 0.098116897
0.979317605 -0.017005390 0.201613113 -0.160802096 0.027608812 0.998372614 -0.049897932 0.033662196 -0.200436518 0.054432217 0.978193402 0.100095615
0.978094578 -0.017510576 0.207423359 -0.165001363 0.028655767 0.998295128 -0.050849263 0.034269288 -0.206179366 0.055679269 0.976928771 0.104683332
0.976228416 -0.018034028 0.215992734 -0.170835078 0.030198170 0.998129845 -0.053149976 0.035621680 -0.214630261 0.058409091 0.974947274 0.108090729
0.975471556 -0.018757114 0.219324499 -0.172718778 0.031054758 0.998124421 -0.052757934 0.034943320 -0.217923567 0.058274940 0.974224448 0.111748487
0.972026646 -0.020554416 0.233969301 -0.183283105 0.034645114 0.997814059 -0.056274407 0.037162825 -0.232301190 0.062806122 0.970614016 0.117926046
0.970607340 -0.020967316 0.239753589 -0.186942115 0.035837296 0.997682929 -0.057831060 0.038197171 -0.237985507 0.064723387 0.969109774 0.122954987
0.968407631 -0.022711396 0.248336166 -0.193278104 0.038256194 0.997586191 -0.057949711 0.038087696 -0.246420622 0.065619342 0.966939032 0.127590537
0.966525197 -0.022452133 0.255587220 -0.197920725 0.038254593 0.997639537 -0.057025135 0.036941431 -0.253703594 0.064893611 0.965102792 0.132111669
0.964372754 -0.023498030 0.263500929 -0.202843726 0.039341554 0.997710347 -0.055011973 0.035020579 -0.261604935 0.063418582 0.963089347 0.137458175
0.962626040 -0.023080260 0.269848764 -0.206516445 0.038891640 0.997815847 -0.053393848 0.033626854 -0.268026978 0.061893165 0.961421192 0.141033322
0.960835874 -0.024059618 0.276071340 -0.210445702 0.039828893 0.997870386 -0.051655699 0.032681845 -0.274240613 0.060628265 0.959747970 0.146119297
0.960207164 -0.024826912 0.278183103 -0.209799051 0.040629104 0.997862458 -0.051183961 0.032359689 -0.276317745 0.060449529 0.959163368 0.147861511
0.958490312 -0.025596801 0.283974111 -0.212800369 0.042083193 0.997754455 -0.052106854 0.032710329 -0.282002687 0.061894447 0.957415104 0.154043406
0.956190705 -0.026429296 0.291549265 -0.217674971 0.042566247 0.997884214 -0.049144603 0.031550307 -0.289633572 0.059401765 0.955292523 0.159208834
0.954197884 -0.029291624 0.297738850 -0.221008629 0.045250472 0.997876525 -0.046848010 0.031279966 -0.295734435 0.058175091 0.953497231 0.165259510
0.952733874 -0.029533409 0.302367270 -0.222982988 0.045483686 0.997912586 -0.045845203 0.031395935 -0.300382167 0.057431061 0.952088356 0.170716539
0.951022565 -0.033055663 0.307349414 -0.225803062 0.049409416 0.997738063 -0.045578618 0.032497365 -0.305147588 0.058532242 0.950504541 0.175184742
0.949226677 -0.034209333 0.312727630 -0.228726372 0.051004548 0.997653127 -0.045681361 0.033136588 -0.310430944 0.059312493 0.948743641 0.181095302
0.947704315 -0.035506979 0.317168713 -0.230748743 0.051996637 0.997691751 -0.043675214 0.031528648 -0.314885795 0.057882883 0.947362900 0.186199605
0.945579767 -0.036304809 0.323358744 -0.233927101 0.053685032 0.997543871 -0.044989772 0.032307401 -0.320931196 0.059900947 0.945206344 0.191930354
0.944410205 -0.036599591 0.326725841 -0.235356897 0.053153601 0.997707784 -0.041879483 0.030108055 -0.324444175 0.056918062 0.944190860 0.196220189
0.940858662 -0.038730331 0.336578190 -0.241079807 0.056735553 0.997426987 -0.043821812 0.031316191 -0.334015012 0.060326092 0.940635264 0.202832550
0.938098788 -0.040070616 0.344042242 -0.245167047 0.059192039 0.997220337 -0.045252431 0.032053400 -0.341272652 0.062815823 0.937863111 0.209054366
0.935332835 -0.041327801 0.351346612 -0.249093845 0.060459360 0.997215688 -0.043651756 0.030687170 -0.348564327 0.062071115 0.935227215 0.215779275
0.932599843 -0.041994423 0.358460605 -0.252818763 0.061713267 0.997134984 -0.043741658 0.030445956 -0.355596691 0.062915243 0.932519376 0.222066700
0.929435492 -0.044248834 0.366321772 -0.256876469 0.064437613 0.996992171 -0.043062832 0.029859127 -0.363314480 0.063629024 0.929491043 0.228458285
0.926752567 -0.045529574 0.372902900 -0.260177195 0.065987758 0.996924400 -0.042275816 0.029483138 -0.369831264 0.063786253 0.926906586 0.234245315
0.926869214 -0.043590154 0.372844875 -0.258769929 0.060836412 0.997547746 -0.034610003 0.024304025 -0.370421767 0.054761488 0.927247882 0.235788703
0.923820198 -0.044372238 0.380246252 -0.262399346 0.061550476 0.997554064 -0.033130888 0.022821320 -0.377846003 0.054011323 0.924291670 0.241197839
0.922975063 -0.043637000 0.382377595 -0.262720466 0.059805136 0.997744262 -0.030493693 0.021107869 -0.380184382 0.051013064 0.923502684 0.244649470
0.918889761 -0.045271609 0.391908169 -0.267783672 0.061756786 0.997653544 -0.029553652 0.020386841 -0.389650613 0.051359545 0.919529498 0.251837671
0.916381896 -0.046264075 0.397622764 -0.270020932 0.063067853 0.997579694 -0.029279426 0.019385627 -0.395305723 0.051908351 0.917081714 0.257044375
0.912647605 -0.047363915 0.405993819 -0.274118096 0.064306386 0.997532248 -0.028182840 0.018367073 -0.403656960 0.051828999 0.913441181 0.262040555
0.910143018 -0.045494229 0.411788672 -0.276469350 0.059214614 0.998032391 -0.020615103 0.012913347 -0.410040468 0.043146603 0.911046207 0.263907850
0.907670021 -0.046212692 0.417132646 -0.278405577 0.059085254 0.998090804 -0.017992955 0.010830676 -0.415504694 0.040978059 0.908667624 0.268918633
0.904485404 -0.046438459 0.423968971 -0.281264633 0.059731558 0.998050094 -0.018110774 0.010376052 -0.422301263 0.041705254 0.905495644 0.274510443
0.901138961 -0.047252983 0.430947363 -0.284208298 0.059995335 0.998070121 -0.016016683 0.009383914 -0.429358900 0.040288091 0.902234912 0.279083133
0.899850726 -0.047476999 0.433606505 -0.284222811 0.059864562 0.998094559 -0.014950504 0.008645006 -0.432070464 0.039410885 0.900978327 0.284237564
0.895015955 -0.049221244 0.443309963 -0.288702756 0.062039003 0.997969031 -0.014447257 0.008106688 -0.441698611 0.040433027 0.896251917 0.290219009
0.891588926 -0.052333664 0.449811369 -0.291611880 0.065560758 0.997752190 -0.013866255 0.007643750 -0.448074609 0.041852973 0.893015921 0.298289955
0.890041411 -0.053151306 0.452770442 -0.291932583 0.069066875 0.997437119 -0.018678967 0.010224531 -0.450617135 0.047896490 0.891431510 0.303054154
0.886998355 -0.054209780 0.458579540 -0.293715119 0.068701074 0.997524977 -0.014963843 0.008049059 -0.456633389 0.044777807 0.888527334 0.308308721
0.881529510 -0.052968472 0.469148308 -0.297527581 0.066878043 0.997676134 -0.013022691 0.006724888 -0.467368335 0.042855605 0.883023441 0.312251598
0.882058501 -0.053617127 0.468078911 -0.295681089 0.068057321 0.997583568 -0.013978416 0.007494379 -0.466198295 0.044185985 0.883576155 0.313877344
0.878861129 -0.055331208 0.473858088 -0.297525644 0.070954770 0.997364640 -0.015139576 0.008331453 -0.471771508 0.046928078 0.880471170 0.318899691
0.876083016 -0.055963516 0.478901327 -0.298808157 0.070322663 0.997451067 -0.012085238 0.006413709 -0.477004230 0.044265289 0.877785683 0.323252171
0.872767329 -0.056474004 0.484858692 -0.300408512 0.070946917 0.997413397 -0.011533715 0.005642883 -0.482953101 0.044465482 0.874516547 0.329034269
0.873815000 -0.056449749 0.482970744 -0.298246145 0.071622550 0.997346878 -0.013012947 0.006432780 -0.480954826 0.045962501 0.875539780 0.329590082
0.872137129 -0.055772241 0.486072302 -0.298426628 0.070923313 0.997399509 -0.012812193 0.005958881 -0.484093726 0.045647848 0.873824716 0.333316147
0.870189130 -0.058665980 0.489212751 -0.298809886 0.074610166 0.997126222 -0.013138614 0.006352157 -0.487036109 0.047933325 0.872065485 0.337126732
0.866353929 -0.058927450 0.495942026 -0.301054657 0.075488053 0.997056663 -0.013399489 0.006291590 -0.493692577 0.049046390 0.868252337 0.342378914
0.864772558 -0.060179364 0.498544931 -0.301047117 0.077045321 0.996938884 -0.013301779 0.006320005 -0.496218234 0.049913563 0.866761744 0.346551538
0.862523079 -0.062191140 0.502181411 -0.301771075 0.079157226 0.996783555 -0.012513055 0.005829150 -0.499787956 0.050544091 0.864671648 0.350463629
0.858244479 -0.063716441 0.509270489 -0.304046452 0.081175283 0.996626258 -0.012109024 0.005673860 -0.506780803 0.051732689 0.860521138 0.355964839
0.856319308 -0.065515667 0.512274146 -0.304328829 0.083549835 0.996428549 -0.012227166 0.006004629 -0.509643495 0.053270783 0.858734846 0.359880000
0.855132341 -0.066281199 0.514154911 -0.304329067 0.081908219 0.996609747 -0.007752301 0.003650722 -0.511897981 0.048742764 0.857662201 0.362923890
0.853015959 -0.065146796 0.517802656 -0.305114090 0.081565693 0.996627450 -0.008979784 0.003719196 -0.515471280 0.049894836 0.855453014 0.367122352
0.852093399 -0.067622885 0.519002736 -0.304814398 0.083636075 0.996468246 -0.007479141 0.003182442 -0.516663849 0.049780279 0.854739964 0.370450526
0.850379109 -0.068846315 0.521646798 -0.305635661 0.084158018 0.996436179 -0.005684413 0.002474121 -0.519396305 0.048734669 0.853142679 0.373215735
0.848569691 -0.068788499 0.524592817 -0.305691153 0.084313363 0.996422827 -0.005725101 0.002345860 -0.522322416 0.049088337 0.851334035 0.377877831
0.845495880 -0.070320465 0.529331505 -0.307106733 0.087718740 0.996114850 -0.007780688 0.003053499 -0.526727796 0.053010836 0.848379433 0.382369190
0.844991922 -0.070874810 0.530061781 -0.306784123 0.087114587 0.996182084 -0.005672739 0.002035856 -0.527636051 0.050969530 0.847940147 0.384531796
0.844198287 -0.071289577 0.531269431 -0.306296170 0.085178800 0.996364295 -0.001651512 0.000139111 -0.529220164 0.046647094 0.847201407 0.388567626
0.843896687 -0.071810953 0.531677902 -0.305566370 0.086757846 0.996224403 -0.003150122 0.000920054 -0.529444396 0.048785627 0.846940875 0.391274393
0.839662850 -0.073898390 0.538056910 -0.307787061 0.090785950 0.995858431 -0.004901490 0.001637512 -0.535466194 0.052963611 0.842894375 0.395862341
0.838769376 -0.075131901 0.539278448 -0.307434708 0.092315614 0.995717883 -0.004860789 0.001614129 -0.536604047 0.053860903 0.842113614 0.399150133
0.836146235 -0.074192278 0.543465674 -0.308469772 0.091774590 0.995765865 -0.005260388 0.001524697 -0.540774405 0.054274805 0.839414895 0.403430402
0.837594271 -0.074588753 0.541176736 -0.306768954 0.091403946 0.995804965 -0.004219659 0.001033488 -0.538591623 0.053000059 0.840898335 0.404680699
0.836585999 -0.074691139 0.542720139 -0.306337565 0.092069417 0.995740592 -0.004884613 0.001144464 -0.540043592 0.054054320 0.839899421 0.407952517
0.835351408 -0.076103196 0.544422984 -0.306166649 0.093822159 0.995577455 -0.004790121 0.001127895 -0.541650593 0.055080373 0.838797212 0.411448449
0.834179223 -0.075817235 0.546256959 -0.306457460 0.093766846 0.995581567 -0.005008857 0.001045324 -0.543463588 0.055399086 0.837602675 0.413545042
0.832866073 -0.076951772 0.548098981 -0.306531489 0.095335476 0.995432019 -0.005111149 0.001097592 -0.545201957 0.056510173 0.836397886 0.416718096
0.831176043 -0.077396050 0.550596356 -0.306550086 0.096171573 0.995350838 -0.005265691 0.001016894 -0.547628999 0.057328422 0.834755063 0.420102119
0.828879654 -0.079644501 0.553728342 -0.307121038 0.097861722 0.995194376 -0.003347914 0.000392102 -0.550800741 0.056963831 0.832690656 0.423565745
0.827533484 -0.079301119 0.555787563 -0.307212114 0.097740926 0.995205641 -0.003531839 0.000560486 -0.552842677 0.057245903 0.831316829 0.426049262
0.825217128 -0.079934113 0.559130847 -0.307383299 0.098679505 0.995113552 -0.003377532 0.000340589 -0.556128740 0.057961948 0.829072535 0.429693878
0.823927879 -0.080260776 0.560982406 -0.307194293 0.099235676 0.995058239 -0.003384911 0.000094089 -0.557938457 0.058458384 0.827820778 0.432603776
0.821579516 -0.081491433 0.564239442 -0.307307631 0.101633012 0.994812727 -0.004308287 0.000488136 -0.560961604 0.060884964 0.825599849 0.436173797
0.822643816 -0.080432348 0.562839210 -0.306069553 0.101156466 0.994854331 -0.005680602 0.001144918 -0.559485972 0.061607938 0.826546848 0.435623288
0.820716798 -0.080438077 0.565644562 -0.306064576 0.101529561 0.994815409 -0.005844628 0.000934326 -0.562241673 0.062226426 0.824628532 0.438626528
0.817979157 -0.081364907 0.569464564 -0.306632131 0.103190050 0.994642913 -0.006107978 0.000930344 -0.565916896 0.063759267 0.821993113 0.441945016
0.816337883 -0.082390502 0.571668029 -0.306343108 0.102874346 0.994688034 -0.003546432 -0.000320960 -0.568339109 0.061705053 0.820477366 0.444703758
0.815478146 -0.081168294 0.573068142 -0.305965096 0.102753133 0.994692624 -0.005331655 0.000359112 -0.569593906 0.063232377 0.819490373 0.446458876
0.812997162 -0.081829876 0.576488912 -0.306252599 0.103692837 0.994596601 -0.005055204 0.000254141 -0.572960258 0.063887626 0.817089379 0.449644268
0.813401937 -0.081309512 0.575991213 -0.305197388 0.102885365 0.994681180 -0.004878744 0.000079137 -0.572530985 0.063229442 0.817441344 0.451239944
0.810253203 -0.082654014 0.580222368 -0.305838794 0.104240194 0.994544566 -0.003891345 -0.000305689 -0.576735437 0.063635476 0.814448774 0.454901934
0.809149444 -0.083833992 0.581591904 -0.305335730 0.105697080 0.994391441 -0.003715523 -0.000383768 -0.578018606 0.064478971 0.813472271 0.457437187
0.807974577 -0.083562866 0.583261788 -0.304926544 0.105879605 0.994370103 -0.004210132 -0.000504674 -0.579626322 0.065157212 0.812273324 0.460258216
0.804868460 -0.084645845 0.587385595 -0.305839360 0.108092993 0.994128883 -0.004855005 -0.000569015 -0.583526254 0.067399912 0.809292614 0.463450670
0.804014325 -0.085262589 0.588465214 -0.305489779 0.107427888 0.994209230 -0.002726942 -0.001399162 -0.584825099 0.065410070 0.808517992 0.465677083
0.801602244 -0.085879155 0.591657460 -0.305867642 0.108454436 0.994097948 -0.002645145 -0.001426846 -0.587938547 0.066288240 0.806185186 0.468493283
0.799874306 -0.086266160 0.593935490 -0.305657029 0.109403424 0.993993104 -0.002964964 -0.001591321 -0.590112150 0.067350164 0.804507256 0.471173793
0.799442351 -0.086444683 0.594490707 -0.305193305 0.109363928 0.993998587 -0.002530287 -0.001842163 -0.590704441 0.067038640 0.804098487 0.472898006
0.796384096 -0.087379746 0.598445714 -0.305778056 0.109017171 0.994039893 0.000065903 -0.003099001 -0.594884813 0.065188356 0.801163435 0.476355970
0.798128307 -0.086027227 0.596314132 -0.304821014 0.108845331 0.994056106 -0.002275066 -0.002160465 -0.592573941 0.066721797 0.802747965 0.475132287
0.796874583 -0.086857513 0.597868443 -0.304419756 0.108663492 0.994078577 -0.000414802 -0.003124360 -0.594292164 0.065297015 0.801594019 0.477534086
0.794267654 -0.086690009 0.601351500 -0.304715842 0.110977046 0.993817508 -0.003311606 -0.002243289 -0.597346604 0.069366522 0.798977613 0.480431020
0.791346729 -0.088079341 0.604989588 -0.304856688 0.112084754 0.993696868 -0.001940147 -0.002895374 -0.601005256 0.069345430 0.796230972 0.483361632
0.788763821 -0.088109724 0.608348787 -0.305125952 0.111507297 0.993763447 -0.000645527 -0.003508711 -0.604497850 0.068344496 0.793669581 0.486415386
0.789151251 -0.088654295 0.607766807 -0.304380447 0.113081448 0.993583918 -0.001896968 -0.003019946 -0.603699088 0.070224151 0.794113278 0.486793578
0.786214650 -0.089316681 0.611464620 -0.304598510 0.114006944 0.993478894 -0.001471399 -0.003414951 -0.607345819 0.070868045 0.791270435 0.489845097
0.783215046 -0.091210149 0.615024209 -0.304714084 0.115717031 0.993282080 -0.000055133 -0.004174282 -0.610887527 0.071211956 0.788508177 0.492883623
0.780144274 -0.091363609 0.618892133 -0.305151969 0.117414646 0.993082047 -0.001403840 -0.003892942 -0.614482343 0.073762193 0.785474837 0.495867640
0.779610395 -0.090733111 0.619657397 -0.304289401 0.116722591 0.993163526 -0.001428725 -0.003948499 -0.615291297 0.073441848 0.784871221 0.497630626
0.778522491 -0.090224966 0.621097863 -0.303770781 0.117326654 0.993089378 -0.002801457 -0.003684618 -0.616552711 0.075052306 0.783728123 0.499978274
0.774950922 -0.091080904 0.625424147 -0.304014683 0.119020052 0.992887676 -0.002880594 -0.004017774 -0.620713413 0.076670319 0.780279696 0.503436029
0.771676958 -0.091217384 0.629439712 -0.303966910 0.120766185 0.992672145 -0.004199830 -0.004298809 -0.624443889 0.079255924 0.777038097 0.506720781
0.768608212 -0.091389216 0.633158565 -0.303963363 0.122270808 0.992483318 -0.005174160 -0.004509317 -0.627926350 0.081393689 0.774004936 0.509363830
0.768724322 -0.090864755 0.633092821 -0.302997231 0.121826120 0.992536366 -0.005471784 -0.004299632 -0.627870500 0.081333540 0.774056554 0.509185076
0.765438557 -0.091843359 0.636921227 -0.302684635 0.122272789 0.992489159 -0.003829008 -0.004656331 -0.631785631 0.080808990 0.770919442 0.511966646
0.761058927 -0.092297338 0.642083108 -0.302221537 0.122234002 0.992498815 -0.002215056 -0.004709491 -0.637062311 0.080170162 0.766631901 0.515315831
0.755014718 -0.093133993 0.649060011 -0.302518070 0.123753868 0.992311656 -0.001568477 -0.004955187 -0.643923759 0.081507921 0.760735571 0.518788218
0.749971092 -0.093368687 0.654847741 -0.302421689 0.124791823 0.992181897 -0.001453096 -0.004837151 -0.649592459 0.082809418 0.755759299 0.520751536
0.742501318 -0.096296594 0.662886679 -0.302595735 0.127166018 0.991880178 0.001649961 -0.005530003 -0.657662988 0.083071582 0.748717785 0.524287403
0.734223366 -0.098913200 0.671663761 -0.302619934 0.129628390 0.991553247 0.004319867 -0.006246768 -0.666417599 0.083894946 0.740843475 0.528295457
0.727166057 -0.099988855 0.679140270 -0.302117169 0.131822959 0.991261721 0.004797123 -0.006306446 -0.673685491 0.086037979 0.733992755 0.532001972
0.719674528 -0.099265493 0.687178910 -0.302504301 0.133692309 0.991017878 0.003141715 -0.006018632 -0.681318402 0.089609526 0.726481438 0.534631610
0.710433602 -0.099367663 0.696713924 -0.302550405 0.134637058 0.990886807 0.004035271 -0.006661996 -0.690765560 0.090936728 0.717337787 0.538866520
0.702051044 -0.101264291 0.704890013 -0.302491188 0.137183428 0.990529418 0.005668224 -0.007028489 -0.698788106 0.092719860 0.709294081 0.542859256
0.691528797 -0.104743518 0.714714468 -0.302437365 0.140308633 0.990063787 0.009339822 -0.007708349 -0.708591104 0.093821846 0.699353993 0.548022389
0.681863368 -0.106471427 0.723689258 -0.302470177 0.142653286 0.989709318 0.011200532 -0.007800048 -0.717434585 0.095599428 0.690035045 0.551420569
0.671236992 -0.109290294 0.733141482 -0.302213699 0.144254178 0.989420474 0.015420361 -0.008851469 -0.727070570 0.095407993 0.679901302 0.556066751
0.658841133 -0.110802509 0.744077384 -0.302563310 0.145305172 0.989211082 0.018645965 -0.009688374 -0.738115728 0.095833570 0.667833209 0.561377168
0.647128582 -0.112955384 0.753966570 -0.302090138 0.148183867 0.988738060 0.020941608 -0.010260961 -0.747840881 0.098173775 0.656578958 0.566649199
0.636181295 -0.114980318 0.762923896 -0.302014828 0.151059255 0.988257587 0.022976223 -0.010529500 -0.756607175 0.100629643 0.646079898 0.570633292
0.623732388 -0.117825165 0.772706389 -0.301564097 0.153551877 0.987780511 0.026672626 -0.011203889 -0.766406953 0.102013931 0.634203017 0.576173723
0.612354875 -0.120542496 0.781339288 -0.300847083 0.155287132 0.987394333 0.030629674 -0.012112211 -0.775182247 0.102575697 0.623354435 0.580801904
0.592567384 -0.124680594 0.795813262 -0.301109195 0.156639636 0.986925006 0.037987396 -0.014249785 -0.790144324 0.102145791 0.604349494 0.588883400
0.580764055 -0.126201376 0.804230273 -0.300858915 0.156336308 0.986812353 0.041956346 -0.015097360 -0.798919320 0.101363659 0.592835009 0.593150258
0.564889550 -0.129591078 0.814926922 -0.299815685 0.158649370 0.986222386 0.046858497 -0.016006216 -0.809771717 0.102817759 0.577666283 0.599922538
0.549381196 -0.129959002 0.825403571 -0.299259722 0.159829885 0.985934973 0.048853215 -0.016346412 -0.820143163 0.105085112 0.562425494 0.605794966
0.535541654 -0.133204356 0.833937466 -0.298128366 0.159911439 0.985612512 0.054738667 -0.017548651 -0.829230666 0.104041301 0.549137533 0.611510158
0.516814291 -0.137485549 0.844985604 -0.298179626 0.160858899 0.985035241 0.061887361 -0.019374317 -0.840849221 0.103939176 0.531196058 0.618172944
0.499684870 -0.141317800 0.854601860 -0.297108114 0.164198697 0.984167218 0.066736072 -0.020576678 -0.850502193 0.106977500 0.514977634 0.625041246
0.481466025 -0.146090820 0.864203572 -0.296045065 0.168868005 0.982998669 0.072092786 -0.021416157 -0.860043108 0.111226127 0.497950524 0.632793903
0.466238678 -0.148595527 0.872089922 -0.294635534 0.167826548 0.982747555 0.077726737 -0.022977877 -0.868594110 0.110120609 0.483133197 0.639308810
0.452568620 -0.153318048 0.878450572 -0.293210924 0.169700146 0.981913745 0.083947964 -0.024414074 -0.875433326 0.111080952 0.470401496 0.645986974
0.434780926 -0.155269027 0.887049615 -0.291325361 0.170204282 0.981438696 0.088366479 -0.025616247 -0.884305477 0.112559602 0.453138232 0.654299140
0.418552279 -0.159232914 0.894124627 -0.288886547 0.170709014 0.980755210 0.094749533 -0.027304912 -0.892004669 0.112977482 0.437679887 0.662268579
0.405093729 -0.162247971 0.899763703 -0.286328346 0.169519424 0.980392694 0.100465797 -0.028738372 -0.898422062 0.111829326 0.424655080 0.669550776
0.388139248 -0.169289649 0.905918837 -0.284008741 0.171355292 0.979099870 0.109548151 -0.030301364 -0.905530393 0.112714075 0.409035712 0.677385092
0.369502276 -0.173737913 0.912843466 -0.280838639 0.170554742 0.978357136 0.117169388 -0.031893056 -0.913443565 0.112395421 0.391136974 0.686131537
0.356242329 -0.182179987 0.916461527 -0.276910901 0.169221744 0.977169216 0.128468826 -0.033715770 -0.918942511 0.109319195 0.378937900 0.693641484
0.341714501 -0.182526305 0.921908498 -0.274125963 0.170596093 0.976708591 0.130142927 -0.034303326 -0.924190521 0.112802260 0.364893824 0.700882614
0.327088445 -0.184208870 0.926865816 -0.270106614 0.174279153 0.975751519 0.132422000 -0.034346517 -0.928784072 0.118219681 0.351260871 0.708831668
0.308302194 -0.190169275 0.932086527 -0.265204221 0.171981946 0.974811852 0.142000586 -0.035664596 -0.935613155 0.116522968 0.333242238 0.717977583
0.302863121 -0.187261999 0.934455395 -0.265574276 0.167318314 0.975724339 0.141303167 -0.035735525 -0.938231587 0.113555968 0.326843292 0.719397545
0.298525602 -0.187123775 0.935877740 -0.264240772 0.163611904 0.976108730 0.142978922 -0.036017265 -0.940273166 0.110437885 0.322009087 0.721879125
0.291404188 -0.188231409 0.937897921 -0.260788620 0.157397553 0.976521134 0.147079587 -0.036753587 -0.943562269 0.104763240 0.314189523 0.726910293
0.279721707 -0.191316530 0.940826118 -0.257720083 0.159581810 0.975577593 0.150937155 -0.037324574 -0.946725547 0.107918352 0.303420842 0.732424915
0.281547129 -0.193472311 0.939840317 -0.256359071 0.157810569 0.975461185 0.153529912 -0.037803322 -0.946481347 0.105090842 0.305170268 0.733760476
0.273595542 -0.194147870 0.942046821 -0.253322780 0.155608520 0.975448728 0.155838877 -0.038103845 -0.949174106 0.103953682 0.297089458 0.738281429
0.270615190 -0.194207355 0.942894936 -0.250874877 0.146673188 0.976323247 0.158996686 -0.038802948 -0.951448619 0.095270485 0.292692870 0.741530478
0.270998299 -0.195095867 0.942601442 -0.249745473 0.148555413 0.975989759 0.159296677 -0.038809486 -0.951047540 0.096859433 0.293474108 0.742889643
0.271256387 -0.194813222 0.942585647 -0.248209596 0.145032391 0.976394117 0.160063431 -0.038999978 -0.951517522 0.093287200 0.293107420 0.744699836
0.275362253 -0.196848899 0.940970778 -0.248144597 0.146455646 0.975975871 0.161313578 -0.039203670 -0.950119138 0.093390837 0.297576487 0.744703770
0.276814669 -0.197451189 0.940418363 -0.247135967 0.145337284 0.976005554 0.162142694 -0.039268769 -0.949868858 0.091794387 0.298869669 0.745811820
0.277038962 -0.198837087 0.940060198 -0.245731294 0.143605933 0.975934088 0.164103776 -0.039500836 -0.950066745 0.089535110 0.298925906 0.747466624
0.273191392 -0.198096365 0.941341758 -0.243255138 0.143356726 0.976023376 0.163790479 -0.039434567 -0.951217711 0.090201542 0.295039684 0.750407457
0.273965269 -0.199041277 0.940917432 -0.241695240 0.141637176 0.976031899 0.165229082 -0.039629187 -0.951252818 0.088001885 0.295590550 0.752030134
0.275351018 -0.200543508 0.940193772 -0.240845412 0.146776244 0.975303292 0.165046558 -0.039507758 -0.950072885 0.092552371 0.297985822 0.752899826
0.281170726 -0.201876789 0.938183725 -0.241386473 0.148287401 0.975021124 0.165362135 -0.039576165 -0.948131800 0.092625849 0.304083169 0.752117097
0.278379917 -0.202983111 0.938777149 -0.240023568 0.148664102 0.974740148 0.166675016 -0.039617140 -0.948895991 0.093163483 0.301524401 0.753858685
0.279041022 -0.204166755 0.938324034 -0.238915995 0.148236647 0.974582374 0.167973116 -0.039749682 -0.948768616 0.092222609 0.302213460 0.754907489
0.280117035 -0.206338122 0.937528193 -0.237780839 0.147566661 0.974274099 0.170335084 -0.039894409 -0.948556125 0.090634167 0.303359360 0.755867004
0.278049201 -0.206255943 0.938161612 -0.236794367 0.144274279 0.974562943 0.171499282 -0.040061425 -0.949670374 0.087667324 0.300733864 0.757071614
0.275362521 -0.206078246 0.938992739 -0.235763460 0.144153506 0.974561036 0.171610922 -0.040150255 -0.950471222 0.088103890 0.298064530 0.758318663
0.269805938 -0.208086342 0.940162122 -0.233705014 0.146191061 0.973904967 0.173601016 -0.040521089 -0.951752543 0.090604700 0.293185711 0.761118233
0.271520942 -0.207032695 0.939900994 -0.233897150 0.147285104 0.974023998 0.172000900 -0.040468000 -0.951095879 0.091731571 0.294960767 0.760839462
0.267017394 -0.210101753 0.940509975 -0.232943535 0.148736417 0.973235667 0.175185084 -0.040576201 -0.952144504 0.093110606 0.291120648 0.762010813
0.267145783 -0.209300846 0.940652192 -0.231152400 0.146361336 0.973616600 0.175068930 -0.040467821 -0.952476501 0.090906151 0.290731132 0.763137758
0.263213247 -0.209535450 0.941707850 -0.230013579 0.145508930 0.973584235 0.175957471 -0.040610865 -0.953701198 0.090712570 0.286749512 0.764552891
0.262351692 -0.210767940 0.941673279 -0.228991613 0.145629317 0.973326325 0.177280039 -0.040473573 -0.953920126 0.090625495 0.286047786 0.765352428
0.265580773 -0.208662048 0.941236854 -0.229401425 0.152453154 0.973102987 0.172709972 -0.039779980 -0.951958477 0.097626090 0.290248603 0.764324963
0.264409661 -0.209369019 0.941409707 -0.228823885 0.152705893 0.972924948 0.173488110 -0.039716426 -0.952244043 0.097886898 0.289222598 0.764829516
0.261215538 -0.210616499 0.942023039 -0.227130875 0.151382640 0.972768486 0.175513297 -0.039780680 -0.953336120 0.096759111 0.285986036 0.766371369
0.256365895 -0.211065367 0.943253994 -0.225956768 0.152758673 0.972450852 0.176080421 -0.039787140 -0.954432368 0.098949187 0.281545341 0.767850280
0.257987171 -0.210477486 0.942943215 -0.225144550 0.148435250 0.973029137 0.176581562 -0.039757192 -0.954677641 0.094410188 0.282271475 0.768090546
0.261553437 -0.210378200 0.941982448 -0.224726424 0.144545302 0.973487794 0.177279651 -0.039823700 -0.954304218 0.089791007 0.285028398 0.767839253
0.256069869 -0.210955873 0.943358779 -0.222876281 0.146044686 0.973137677 0.177972004 -0.039732866 -0.955562234 0.092199281 0.280000240 0.769850016
0.255589724 -0.211411387 0.943386972 -0.222336635 0.145171791 0.973126590 0.178744912 -0.039749440 -0.955823839 0.091267832 0.279412150 0.770212173
0.254451007 -0.212007225 0.943561077 -0.221166849 0.149326339 0.972586751 0.178259969 -0.039455459 -0.955487490 0.095540106 0.279133916 0.771168232
0.253315926 -0.212678462 0.943715394 -0.220303878 0.148421913 0.972528219 0.179331750 -0.039449964 -0.955929875 0.094640464 0.277923048 0.771977007
0.255214542 -0.212638244 0.943212867 -0.219422519 0.151217848 0.972291350 0.178277165 -0.039227948 -0.954986215 0.097131699 0.280297607 0.772329450
0.254384726 -0.213565543 0.943227589 -0.218605146 0.152396724 0.971979082 0.178974688 -0.039135266 -0.955020189 0.098216347 0.279803336 0.773067713
0.254796237 -0.213129878 0.943215013 -0.217770904 0.151680797 0.972142994 0.178692073 -0.039110098 -0.955024481 0.097537600 0.280026108 0.773582757
0.254851490 -0.213386267 0.943142176 -0.216853172 0.152564198 0.972004950 0.178691298 -0.039016970 -0.954869032 0.098349996 0.280272067 0.774329841
0.253738463 -0.212745056 0.943586946 -0.216021925 0.157672361 0.971562147 0.176653072 -0.038625758 -0.954335511 0.103953861 0.280066729 0.774893165
0.253279746 -0.213597059 0.943517745 -0.215078011 0.157370463 0.971425712 0.177670136 -0.038603857 -0.954507113 0.103481539 0.279656321 0.775660634
0.253525317 -0.213492811 0.943475366 -0.214239106 0.158748865 0.971299887 0.177130982 -0.038385246 -0.954213679 0.104868472 0.280140847 0.776117384
0.253480136 -0.212838724 0.943635285 -0.213538185 0.161904603 0.971068621 0.175535411 -0.038117509 -0.953695416 0.108284131 0.280606180 0.776534438
0.252683461 -0.213242888 0.943757713 -0.212624848 0.165116608 0.970606148 0.175100699 -0.037861131 -0.953356028 0.111585028 0.280466080 0.777282119
0.251456738 -0.215930969 0.943474054 -0.211528212 0.161966980 0.970437646 0.178934306 -0.038053807 -0.954220116 0.107817419 0.278996795 0.778050303
0.250837386 -0.216714129 0.943459332 -0.210469589 0.164123327 0.970029593 0.179181904 -0.037939917 -0.954014719 0.109898195 0.278887510 0.778849900
0.250580877 -0.216539666 0.943567574 -0.209522143 0.163738430 0.970101297 0.179145366 -0.037869845 -0.954148293 0.109607875 0.278544724 0.779449284
0.246423230 -0.217082858 0.944537282 -0.208519652 0.163435489 0.969941676 0.180282444 -0.037915710 -0.955282331 0.109945126 0.274495244 0.780528128
0.244720891 -0.216602176 0.945089996 -0.207404718 0.164843038 0.969832480 0.179588377 -0.037801102 -0.955478132 0.111842498 0.273043543 0.781537533
0.241050199 -0.219756410 0.945305228 -0.206060350 0.166453704 0.968955159 0.182809114 -0.037835274 -0.956131816 0.113283381 0.270146072 0.782759070
0.238608956 -0.218817905 0.946141958 -0.204833046 0.166058630 0.969127178 0.182255238 -0.037748285 -0.956812561 0.113627285 0.267579079 0.783954859
0.235787898 -0.220697433 0.946412563 -0.203746423 0.164368346 0.968897164 0.184990197 -0.037792303 -0.957803190 0.111941829 0.264729917 0.784976959
0.229186311 -0.222377792 0.947640061 -0.202446759 0.164664388 0.968379676 0.187420636 -0.037902541 -0.959353507 0.113088317 0.258557081 0.786564171
0.225172952 -0.224156037 0.948183239 -0.201126561 0.164939374 0.967899144 0.189647526 -0.037872218 -0.960256219 0.113689251 0.254916906 0.787879765
0.217826024 -0.225090042 0.949676991 -0.199548841 0.162580386 0.967814922 0.192098290 -0.037876502 -0.962350845 0.112554833 0.247410536 0.789721131
0.207834974 -0.227736712 0.951283693 -0.197613284 0.162300348 0.967067957 0.196056336 -0.038042355 -0.964605212 0.113646306 0.237952337 0.792041481
0.195132554 -0.231592327 0.953041613 -0.195795044 0.167169631 0.965355456 0.200357154 -0.038309891 -0.966425002 0.120223418 0.227087513 0.794338644
0.207952142 -0.228796601 0.951003671 -0.196909904 0.167697653 0.966201901 0.195783272 -0.037868246 -0.963656187 0.118767515 0.239292443 0.791836917
0.188078403 -0.233140737 0.954081774 -0.194294274 0.169423699 0.964556634 0.202301800 -0.038349118 -0.967430592 0.123595469 0.220911905 0.795625150
0.189291820 -0.231014565 0.954358876 -0.193788633 0.170523286 0.964896262 0.199742898 -0.037957054 -0.967000723 0.124930732 0.222040281 0.795627296
0.181453750 -0.237647384 0.954252720 -0.191569671 0.171112254 0.963188767 0.207335413 -0.038755804 -0.968398273 0.125662565 0.215438604 0.797066867
0.174535319 -0.236080468 0.955930650 -0.191573843 0.171190262 0.963322282 0.206649736 -0.038642101 -0.969655275 0.127578348 0.208548427 0.798138976
0.164905310 -0.236330271 0.957577348 -0.189002156 0.173107013 0.962733924 0.207791954 -0.038287427 -0.970999658 0.131497383 0.199670345 0.800059974
0.164668173 -0.240364447 0.956613481 -0.187372461 0.174021780 0.961718798 0.211691692 -0.038529471 -0.970876276 0.131612703 0.200193122 0.800193608
0.166289106 -0.243148983 0.955628872 -0.184780881 0.176044494 0.960872948 0.213849723 -0.038318042 -0.970235229 0.132672340 0.202587754 0.800299168
0.163550407 -0.240874320 0.956676960 -0.183176652 0.175372079 0.961387932 0.212079450 -0.037591197 -0.970822334 0.133088738 0.199478045 0.801170945
0.163720399 -0.242079526 0.956343591 -0.180940568 0.174485072 0.961246192 0.213449702 -0.037313700 -0.970953584 0.131921634 0.199614838 0.801644564
0.163431674 -0.244012386 0.955901682 -0.179908454 0.173002347 0.961003721 0.215736344 -0.037345555 -0.971267343 0.130115107 0.199273139 0.801882863
0.161415920 -0.242514238 0.956625164 -0.177588448 0.173406824 0.961225271 0.214420632 -0.036778353 -0.971532345 0.131274447 0.197210640 0.802567065
0.159594312 -0.242474392 0.956940830 -0.175330728 0.174862877 0.960980415 0.214335173 -0.036374234 -0.971572161 0.133126765 0.195766836 0.803090274
0.161030427 -0.241938472 0.956835866 -0.174787343 0.173872858 0.961279213 0.213800088 -0.036201172 -0.971512914 0.131939486 0.196861759 0.803078413
0.158673733 -0.243306577 0.956882715 -0.173105404 0.175037697 0.960741341 0.215262324 -0.035941958 -0.971691489 0.133334100 0.195032254 0.803623140
