1.000000000 0.000000000 0.000000000 0.000000000 0.000000000 1.000000000 0.000000000 0.000000000 0.000000000 0.000000000 1.000000000 0.000000000
0.999987662 0.000570801 0.004921585 0.000256442 -0.000577583 0.999998808 0.001376577 -0.000776941 -0.004920794 -0.001379403 0.999986887 0.045568295
0.999938369 0.000776337 0.011069100 0.000773052 -0.000797641 0.999997795 0.001920331 -0.001496008 -0.011067585 -0.001929041 0.999936879 0.090576530
0.999827743 0.001117976 0.018527787 0.001545258 -0.001146137 0.999998331 0.001509433 -0.002005392 -0.018526064 -0.001530408 0.999827325 0.134421632
0.999587238 0.002723820 0.028599411 0.002731697 -0.002754525 0.999995649 0.001034298 -0.002770649 -0.028596470 -0.001112649 0.999590397 0.177614912
0.999149382 0.004134236 0.041030154 0.004153393 -0.004159817 0.999991179 0.000538133 -0.003062628 -0.041027572 -0.000708354 0.999157786 0.220699951
0.998385489 0.006851890 0.056386005 0.006308001 -0.006902137 0.999975860 0.000696435 -0.003984629 -0.056379877 -0.001084495 0.998408735 0.262900382
0.997315526 0.008940105 0.072676331 0.009200281 -0.009071643 0.999957681 0.001480007 -0.004802556 -0.072660014 -0.002135328 0.997354507 0.304487467
0.995731771 0.010648972 0.091678105 0.012610082 -0.010690656 0.999942958 -0.000036413 -0.005475902 -0.091673270 -0.000943841 0.995788693 0.344636261
0.993532181 0.013096208 0.112792976 0.016895866 -0.013404713 0.999908149 0.001977154 -0.006115709 -0.112756759 -0.003476324 0.993616521 0.384383887
0.990755737 0.011129758 0.135200545 0.022283562 -0.011497456 0.999932051 0.001939120 -0.006795623 -0.135169804 -0.003475657 0.990816355 0.422968090
0.987316132 0.012074894 0.158307016 0.028170627 -0.011904940 0.999927104 -0.002021850 -0.007352948 -0.158319890 0.000111570 0.987387896 0.460711926
0.983319998 0.007573261 0.181726322 0.035152834 -0.006551056 0.999959230 -0.006224566 -0.008049764 -0.181766048 0.004930241 0.983329535 0.498287320
0.978772759 0.003286966 0.204922184 0.043116398 -0.002499702 0.999988496 -0.004100519 -0.008568114 -0.204933286 0.003501232 0.978769660 0.535668433
0.973586500 -0.005136629 0.228260860 0.052273273 0.005681679 0.999982357 -0.001730776 -0.009360825 -0.228247941 0.002981966 0.973598480 0.572053075
0.967914760 -0.006679549 0.251190007 0.061686970 0.007633707 0.999966800 -0.002824358 -0.009771287 -0.251162827 0.004651248 0.967933655 0.608222067
0.961427987 -0.010372179 0.274860919 0.072337046 0.012256214 0.999911666 -0.005137892 -0.010271510 -0.274783373 0.008308468 0.961470246 0.644529939
0.954104245 -0.010819222 0.299278885 0.083433069 0.013715150 0.999877214 -0.007577519 -0.010993509 -0.299160212 0.011334400 0.954135597 0.679593027
0.946010888 -0.010781337 0.323955089 0.095772594 0.014605189 0.999849319 -0.009374632 -0.011697058 -0.323805213 0.013599930 0.946026087 0.714881361
0.937035501 -0.010952639 0.349062264 0.108391598 0.014859729 0.999853313 -0.008517284 -0.012394148 -0.348917753 0.013167966 0.937060833 0.749858916
0.927689135 -0.012749444 0.373135835 0.122707814 0.016470922 0.999841273 -0.006787010 -0.013163502 -0.372990072 0.012442127 0.927751899 0.784554064
0.917345524 -0.013450757 0.397864610 0.137315422 0.017486369 0.999825895 -0.006516366 -0.013948439 -0.397707611 0.012934969 0.917420983 0.818081081
0.905758798 -0.012114523 0.423620373 0.152491882 0.017317729 0.999814451 -0.008435409 -0.014894685 -0.423439622 0.014976589 0.905800581 0.851100326
0.893394232 -0.008443671 0.449194282 0.169103965 0.015468304 0.999808669 -0.011970849 -0.015488924 -0.449007273 0.017642960 0.893353879 0.884224594
0.880098462 -0.005937646 0.474754214 0.186590210 0.014742523 0.999781430 -0.014825612 -0.016252944 -0.474562377 0.020047070 0.879993558 0.916469812
0.865687490 -0.002940543 0.500576258 0.204975814 0.012620384 0.999793112 -0.015952358 -0.017228929 -0.500425756 0.020127224 0.865545452 0.948407829
0.850506544 -0.000404047 0.525964320 0.223963380 0.010999938 0.999794662 -0.017019322 -0.018188996 -0.525849402 0.020260617 0.850336373 0.979256392
0.834476948 0.002408315 0.551037431 0.244350731 0.010186550 0.999752104 -0.019795679 -0.019115936 -0.550948501 0.022132210 0.834245622 1.010302067
0.817554474 0.005068800 0.575828910 0.264777988 0.010396551 0.999668360 -0.023560587 -0.020367831 -0.575757325 0.025248699 0.817230642 1.039924860
0.800420880 0.008976282 0.599371135 0.286399513 0.008436333 0.999620080 -0.026236644 -0.021793818 -0.599378884 0.026056854 0.800041199 1.068653107
0.781711757 0.010885242 0.623544991 0.308587313 0.008847112 0.999553442 -0.028540477 -0.023033448 -0.623577178 0.027826998 0.781266451 1.097079277
0.762868524 0.012322036 0.646436274 0.332104772 0.009957362 0.999475896 -0.030802321 -0.024641367 -0.646476865 0.029934917 0.762345910 1.124663234
0.743275285 0.014572099 0.668826938 0.355803251 0.010343808 0.999392867 -0.033269513 -0.026100744 -0.668905675 0.031646624 0.742673159 1.151328921
0.723033130 0.016495701 0.690616429 0.381342679 0.011280749 0.999299645 -0.035679001 -0.027819348 -0.690721273 0.033587769 0.722340643 1.177752137
0.701292932 0.018982029 0.712620556 0.406773567 0.012722199 0.999153018 -0.039134335 -0.029481485 -0.712759852 0.036510736 0.700457275 1.203048229
0.679195106 0.021929560 0.733630002 0.433623791 0.013103239 0.999031901 -0.041993909 -0.031133652 -0.733840644 0.038134988 0.678250313 1.227882862
0.656368792 0.025437053 0.754011154 0.460404456 0.012882050 0.998907864 -0.044912662 -0.032928906 -0.754330099 0.039192487 0.655324399 1.251700163
0.633041918 0.026950523 0.773648083 0.488214225 0.013599968 0.998852372 -0.045923911 -0.034944866 -0.773998022 0.039593358 0.631948948 1.274204135
0.608884633 0.030576419 0.792669237 0.516485214 0.012127342 0.998781323 -0.047842536 -0.036757726 -0.793166101 0.038743556 0.607771695 1.296505928
0.583996058 0.032041546 0.811123908 0.546902299 0.013035560 0.998721659 -0.048837550 -0.039165262 -0.811651826 0.039094385 0.582831800 1.317930460
0.559173167 0.034961551 0.828313410 0.576852858 0.013577199 0.998590231 -0.051314238 -0.041436587 -0.828939736 0.039939713 0.557910204 1.337680340
0.533656478 0.038175855 0.844839275 0.608673692 0.014022329 0.998443782 -0.053974241 -0.043324366 -0.845585108 0.040650312 0.532290697 1.358578205
0.508200169 0.041139614 0.860255897 0.640233874 0.015784930 0.998245776 -0.057063658 -0.045330696 -0.861094356 0.042578839 0.506659269 1.377890944
0.483540386 0.042825453 0.874273777 0.673298836 0.017144622 0.998147428 -0.058375571 -0.047842626 -0.875154138 0.043216038 0.481910378 1.395428181
0.458655536 0.046281610 0.887408078 0.706815958 0.017066868 0.997999787 -0.060870361 -0.050213508 -0.888450265 0.043063812 0.456948221 1.412711859
0.433430433 0.046875354 0.899967074 0.740313172 0.018610884 0.997967720 -0.060942907 -0.052697502 -0.900994837 0.043163698 0.431677252 1.428816080
0.407132953 0.048296422 0.912091136 0.774636209 0.017885623 0.997987986 -0.060828436 -0.055086050 -0.913193762 0.041078586 0.405449986 1.444650173
0.381646842 0.049194183 0.922998190 0.808725953 0.017851058 0.998004138 -0.060573034 -0.057638559 -0.924135745 0.039593998 0.380006939 1.458540678
0.355824739 0.052816648 0.933059037 0.843978107 0.017453996 0.997852147 -0.063140437 -0.060546689 -0.934389710 0.038752541 0.354138553 1.472594738
0.331722587 0.055456143 0.941745579 0.877371192 0.017867649 0.997722268 -0.065046161 -0.063549042 -0.943207800 0.038404062 0.329976141 1.483764887
0.308756799 0.056898955 0.949437559 0.913999557 0.020629512 0.997573674 -0.066492409 -0.066184618 -0.950917304 0.040116418 0.306833744 1.495859742
0.287866056 0.058121931 0.955905259 0.949253678 0.025112310 0.997355223 -0.068204656 -0.069046378 -0.957341433 0.043638788 0.285645157 1.505781412
0.268149674 0.060368489 0.961483955 0.985803604 0.029359305 0.997058988 -0.070790187 -0.072029024 -0.962929726 0.047210868 0.265588701 1.515478611
0.250255764 0.063158207 0.966117561 1.020988941 0.033843204 0.996689498 -0.073923275 -0.074480563 -0.967588067 0.051196244 0.247289822 1.524583578
0.234428495 0.067269929 0.969803095 1.058426142 0.037580408 0.996230066 -0.078187265 -0.077522442 -0.971406698 0.054774914 0.231016636 1.533333421
0.221873239 0.070605829 0.972515881 1.095944166 0.040899113 0.995823264 -0.081628852 -0.080461219 -0.974217355 0.057886295 0.218058780 1.541030526
0.210684255 0.071535692 0.974933207 1.133457661 0.043273754 0.995658755 -0.082407936 -0.083561935 -0.976595879 0.059551075 0.206673995 1.548829079
0.200648472 0.072353475 0.976987839 1.170948505 0.043220174 0.995644212 -0.082611464 -0.086682692 -0.978709459 0.058801446 0.196647361 1.556261063
0.191896930 0.072591655 0.978726745 1.210075378 0.046124443 0.995491683 -0.082878634 -0.090186402 -0.980330586 0.061047379 0.187683567 1.563333511
0.182278708 0.073105425 0.980525434 1.247524261 0.047590062 0.995407462 -0.083061934 -0.093249619 -0.982094526 0.061803684 0.177962482 1.570274591
0.174523622 0.072718672 0.981964052 1.288641214 0.050694615 0.995283008 -0.082714900 -0.096623100 -0.983347058 0.064216003 0.170013964 1.577466011
0.167337909 0.073132083 0.983183503 1.327621937 0.053883608 0.995076001 -0.083187684 -0.099359751 -0.984426022 0.066897929 0.162573308 1.582982302
0.161396429 0.071383700 0.984304547 1.369099259 0.056398354 0.995083511 -0.081413031 -0.102977380 -0.985276818 0.068652935 0.156576976 1.589830875
0.157664359 0.068898648 0.985086262 1.406295896 0.058060512 0.995190501 -0.078898020 -0.106345139 -0.985784411 0.069634013 0.152905777 1.591452837
0.148918644 0.068350948 0.986484468 1.450492501 0.059382565 0.995189667 -0.077918440 -0.109810472 -0.987064779 0.070183501 0.144143432 1.601432681
0.145221308 0.071170144 0.986836135 1.493556142 0.059048012 0.995008171 -0.080448918 -0.112830676 -0.987635612 0.069953606 0.140293911 1.606745481
0.139372334 0.073958039 0.987474322 1.535898685 0.054642867 0.995113134 -0.082242459 -0.116951488 -0.988731265 0.065420739 0.134649977 1.611744046
0.133229673 0.074496716 0.988281310 1.578212023 0.055072714 0.995073736 -0.082433023 -0.119361028 -0.989553809 0.065409854 0.128470615 1.617445588
0.126423135 0.072638467 0.989313304 1.620895147 0.052412935 0.995433092 -0.079785571 -0.123344362 -0.990590692 0.061939560 0.122038580 1.622575641
0.121325746 0.071279250 0.990050077 1.664990783 0.054574527 0.995430589 -0.078354463 -0.126420408 -0.991111279 0.063537925 0.116881333 1.627265453
0.115230195 0.070225976 0.990853250 1.707754731 0.056263592 0.995434999 -0.077093832 -0.130067050 -0.991744101 0.064632513 0.110753007 1.631910324
0.109336287 0.072013877 0.991392672 1.752166867 0.056679316 0.995297670 -0.078548461 -0.133147389 -0.992387533 0.064779654 0.104740471 1.636866212
0.105252542 0.071440130 0.991876125 1.795654655 0.057802893 0.995290399 -0.077819772 -0.136501238 -0.992764235 0.065524034 0.100627385 1.641036272
0.103090547 0.069239691 0.992259145 1.839147210 0.060215984 0.995310068 -0.075708725 -0.139878124 -0.992847621 0.067554705 0.098437726 1.644838333
0.101275638 0.067787446 0.992546260 1.883257151 0.059888948 0.995451152 -0.074096687 -0.143378362 -0.993054211 0.066946737 0.096755236 1.648712277
0.100246295 0.066873379 0.992712855 1.928055525 0.060287323 0.995497167 -0.073148914 -0.146719128 -0.993134439 0.067180917 0.095763311 1.652303576
0.096177399 0.068278156 0.993019581 1.972196698 0.058230162 0.995549977 -0.074091934 -0.150003061 -0.993659496 0.064949669 0.091773540 1.657499552
0.095954694 0.069160864 0.992980123 2.016755581 0.058246277 0.995483637 -0.074963748 -0.153547883 -0.993680060 0.065030515 0.091492988 1.660321474
0.094204888 0.070799455 0.993032217 2.062655926 0.058334846 0.995361686 -0.076499529 -0.156672120 -0.993842304 0.065135010 0.089637861 1.664437532
0.094074458 0.069849364 0.993111789 2.106890678 0.058569703 0.995419800 -0.075559802 -0.160345882 -0.993840754 0.065274522 0.089552499 1.667267323
0.091087073 0.070545562 0.993340969 2.152379274 0.056172717 0.995535553 -0.075852320 -0.163611874 -0.994257450 0.062707826 0.086717673 1.671982050
0.091212876 0.068528481 0.993470728 2.198083878 0.057382703 0.995610058 -0.073944494 -0.167680591 -0.994176745 0.063752726 0.086880125 1.675187230
0.089572698 0.068185538 0.993643522 2.242976189 0.058545530 0.995568275 -0.073595233 -0.170884117 -0.994258046 0.064765513 0.085183769 1.679196119
0.088916726 0.067770690 0.993730783 2.287820339 0.061102863 0.995432377 -0.073354065 -0.173541948 -0.994163096 0.067242213 0.084369607 1.682321787
0.090037890 0.065182164 0.993803024 2.336829185 0.062976755 0.995486379 -0.070998229 -0.178663656 -0.993945241 0.068979017 0.085526533 1.685686111
0.088974118 0.065449327 0.993881226 2.383339405 0.064818844 0.995343029 -0.071348295 -0.181673080 -0.993922591 0.070770368 0.084317416 1.690099716
0.089388251 0.064878032 0.993881583 2.429881096 0.065543823 0.995329976 -0.070867509 -0.185723513 -0.993837893 0.071477532 0.084718451 1.693291187
0.088688813 0.065178864 0.993924499 2.476467609 0.065252081 0.995333016 -0.071093731 -0.189119309 -0.993919730 0.071160868 0.084021859 1.697153449
0.087500647 0.065249495 0.994025111 2.523537636 0.064836524 0.995363712 -0.071044676 -0.193161756 -0.994052172 0.070665613 0.082864411 1.701547742
0.088637039 0.066230766 0.993859649 2.570062160 0.066755593 0.995148540 -0.072270259 -0.196847156 -0.993824661 0.072751492 0.083785728 1.704394341
0.087334827 0.067329511 0.993901074 2.616847277 0.065657839 0.995154917 -0.073183857 -0.200773478 -0.994012892 0.071648881 0.082490966 1.708507299
0.087791093 0.067165256 0.993871987 2.663633347 0.066161223 0.995128095 -0.073094316 -0.204210222 -0.993939459 0.072172821 0.082919635 1.712144017
0.086607412 0.065436915 0.994091153 2.711108923 0.066023119 0.995269835 -0.071266592 -0.207624435 -0.994052410 0.071805201 0.081877396 1.716300607
0.086948194 0.063608550 0.994179964 2.757651329 0.064499766 0.995506167 -0.069334358 -0.211415455 -0.994122624 0.070152879 0.082454734 1.719545722
0.086479165 0.063668825 0.994217038 2.804072618 0.063203052 0.995594859 -0.069254600 -0.214671373 -0.994246840 0.068826646 0.082074158 1.723130584
0.086063087 0.064800985 0.994180083 2.850188971 0.060974769 0.995669305 -0.070176430 -0.218157440 -0.994422078 0.066659495 0.081739150 1.726559997
0.085356981 0.065347761 0.994205058 2.897675514 0.059134729 0.995755553 -0.070526659 -0.222138628 -0.994594038 0.064811990 0.081130341 1.730504036
0.084613681 0.065440908 0.994262576 2.944274187 0.057438087 0.995861292 -0.070434242 -0.225607663 -0.994757056 0.063068226 0.080504693 1.734363317
0.084059112 0.064997934 0.994338632 2.990641594 0.055936176 0.995989025 -0.069834545 -0.229147732 -0.994889498 0.061489739 0.080086231 1.737750649
0.083537795 0.065558665 0.994345725 3.037544966 0.055184837 0.995997965 -0.070303820 -0.232794791 -0.994975388 0.060745846 0.079585619 1.741265535
0.081467301 0.067052484 0.994417906 3.083472729 0.054624278 0.995934367 -0.071629800 -0.236315340 -0.995177984 0.060154855 0.077473380 1.745178223
0.081386104 0.067123510 0.994419813 3.132314444 0.054988123 0.995907605 -0.071724318 -0.240156233 -0.995164752 0.060518634 0.077362053 1.748029113
0.079285681 0.066454865 0.994634390 3.179710627 0.054591496 0.995988667 -0.070897020 -0.243836969 -0.995356023 0.059919689 0.075339772 1.751665115
0.077373803 0.067231454 0.994732857 3.228517771 0.054883789 0.995923638 -0.071581006 -0.247394443 -0.995490372 0.060133196 0.073368490 1.754930973
0.073735312 0.069333225 0.994864821 3.277228355 0.056157310 0.995708883 -0.073554195 -0.249935538 -0.995695591 0.061292477 0.069525324 1.759970188
0.072325937 0.067289315 0.995108604 3.323136806 0.056660816 0.995833039 -0.071456499 -0.255278587 -0.995770335 0.061551813 0.068211891 1.761231303
0.071128726 0.067058980 0.995210469 3.370737553 0.057272404 0.995816946 -0.071193159 -0.259011298 -0.995821595 0.062061973 0.066990562 1.763714433
0.068101250 0.066060372 0.995488942 3.418922901 0.058583219 0.995818973 -0.070089936 -0.262008548 -0.995956957 0.063092157 0.063946500 1.767273068
0.067072220 0.065487981 0.995596707 3.467437029 0.057319451 0.995942771 -0.069372304 -0.266043425 -0.996100307 0.061720014 0.063046373 1.769958258
0.064002119 0.066528626 0.995729685 3.513840199 0.058971006 0.995779634 -0.070322409 -0.268758923 -0.996205866 0.063219957 0.059808746 1.773119807
0.062831782 0.067627385 0.995730221 3.562471390 0.059315290 0.995684922 -0.071367167 -0.271977663 -0.996259928 0.063546143 0.058549337 1.775680542
0.061826665 0.066360354 0.995878339 3.609562635 0.059203736 0.995786488 -0.070029728 -0.276254445 -0.996329367 0.063289426 0.057637371 1.777618647
0.060336720 0.066172853 0.995982230 3.656461000 0.059141658 0.995810211 -0.069744229 -0.279852778 -0.996424496 0.063112177 0.056170344 1.780054927
0.059663866 0.065060958 0.996095955 3.703992844 0.059452936 0.995870709 -0.068607323 -0.283679545 -0.996446431 0.063314214 0.055549420 1.782370567
0.058957197 0.064247370 0.996190906 3.753167629 0.058713280 0.995976090 -0.067708336 -0.286687672 -0.996532381 0.062481545 0.054947790 1.784548879
0.058018956 0.063997313 0.996262074 3.801576853 0.058820657 0.995990336 -0.067405380 -0.290336728 -0.996581078 0.062511601 0.054021958 1.787162304
0.057036344 0.065055691 0.996250212 3.849862099 0.059278343 0.995893538 -0.068426132 -0.294043154 -0.996610701 0.062958844 0.052945722 1.789523840
0.056447472 0.067036048 0.996152461 3.898078203 0.059380371 0.995751798 -0.070373900 -0.297669798 -0.996638179 0.063124344 0.052227046 1.791369081
0.055139657 0.067987092 0.996161342 3.946376801 0.060224958 0.995636106 -0.071284853 -0.301059097 -0.996660709 0.063924372 0.050804526 1.794219851
0.055100698 0.069187768 0.996080816 3.995287895 0.059353858 0.995605230 -0.072438054 -0.304695994 -0.996715188 0.063112609 0.050751988 1.796054602
0.054163609 0.068153106 0.996203542 4.043227673 0.060342837 0.995621145 -0.071394116 -0.308747470 -0.996707082 0.063980706 0.049813889 1.798258662
0.052976426 0.067079052 0.996340275 4.091773987 0.060467973 0.995694876 -0.070250742 -0.312453032 -0.996763349 0.063968301 0.048692226 1.800765514
0.053190343 0.064890549 0.996473730 4.139826298 0.061610386 0.995772004 -0.068133511 -0.316501617 -0.996681988 0.065017171 0.048967529 1.802368045
0.053740811 0.062741958 0.996581793 4.186480999 0.062696502 0.995842934 -0.066076331 -0.320402354 -0.996584654 0.066033207 0.049583714 1.803961873
0.053768549 0.061389565 0.996664524 4.235731125 0.063511096 0.995877206 -0.064767405 -0.323820978 -0.996531606 0.066781700 0.049647953 1.806277037
0.054147054 0.061311383 0.996648908 4.282327175 0.063837953 0.995858610 -0.064731032 -0.327210248 -0.996490300 0.067129023 0.050008826 1.808115363
0.055839311 0.061145235 0.996565700 4.330475807 0.065669410 0.995736837 -0.064773947 -0.330815136 -0.996277809 0.069060817 0.051585894 1.810379028
0.057962336 0.061175689 0.996442616 4.377694607 0.066832170 0.995643795 -0.065014236 -0.334540606 -0.996079147 0.070362799 0.053621341 1.812347770
0.059666250 0.062178377 0.996279955 4.425736904 0.067490168 0.995523036 -0.066173054 -0.338037342 -0.995934248 0.071187392 0.055202700 1.815205574
0.060959730 0.063080855 0.996144891 4.471730709 0.065407485 0.995603502 -0.067049213 -0.341483176 -0.995994866 0.069242634 0.056565762 1.817767739
0.061830129 0.063402727 0.996070802 4.519380569 0.065733850 0.995554864 -0.067450248 -0.345152706 -0.995919645 0.069646023 0.057387587 1.820099831
0.061590526 0.062576689 0.996137857 4.564740658 0.064918153 0.995668232 -0.066561036 -0.348802537 -0.995988011 0.068766981 0.057261366 1.822836757
0.061293058 0.060854383 0.996262908 4.612373829 0.064413518 0.995817780 -0.064790100 -0.352084190 -0.996039152 0.068143986 0.057116874 1.825329781
0.061119437 0.059049979 0.996382177 4.656910419 0.065668084 0.995847762 -0.063046485 -0.355307192 -0.995967925 0.069283880 0.056987960 1.826829910
0.057986420 0.058644701 0.996593356 4.702005386 0.066488735 0.995829761 -0.062468380 -0.358245492 -0.996100843 0.069884546 0.053845394 1.829787850
0.054215454 0.057538781 0.996870041 4.749045372 0.064022489 0.996083856 -0.060975317 -0.362770200 -0.996474624 0.067127898 0.050319362 1.830803514
0.047447979 0.057192691 0.997235000 4.793224335 0.061120965 0.996322393 -0.060048465 -0.366308987 -0.997001886 0.063801147 0.043777809 1.832326055
0.039277371 0.056715678 0.997617483 4.839590549 0.060941212 0.996393383 -0.059045423 -0.369273305 -0.997368276 0.063115165 0.035679389 1.834159613
0.028800333 0.057137176 0.997950912 4.885005474 0.060039300 0.996463537 -0.058784734 -0.371994048 -0.997780502 0.061609276 0.025268003 1.835573077
0.016655888 0.056344278 0.998272479 4.926496983 0.057216685 0.996721208 -0.057211369 -0.375377893 -0.998222888 0.058070738 0.013377447 1.834275246
0.001472767 0.055044327 0.998482764 4.974471092 0.056444224 0.996887445 -0.055039633 -0.379184276 -0.998404682 0.056439642 -0.001638751 1.836349964
-0.014357420 0.054949500 0.998385906 5.020983219 0.055429555 0.996997118 -0.054075949 -0.382598400 -0.998359382 0.054563690 -0.017360132 1.836087465
-0.030837763 0.055383485 0.997988820 5.062996864 0.054752681 0.997058034 -0.053639978 -0.385349631 -0.998023629 0.052988429 -0.033779439 1.835133076
-0.048124377 0.055904616 0.997275651 5.105520248 0.053484209 0.997144282 -0.053316329 -0.388514102 -0.997408390 0.050772682 -0.050976962 1.833189964
-0.065367028 0.056007568 0.996288240 5.149429798 0.053545691 0.997182012 -0.052544646 -0.390670627 -0.996423602 0.049912255 -0.068181805 1.830430865
-0.083948724 0.055848680 0.994903803 5.191165447 0.053004079 0.997264981 -0.051508803 -0.392869025 -0.995059371 0.048409861 -0.086679347 1.826912642
-0.102953747 0.054715097 0.993180156 5.234426022 0.055310547 0.997255981 -0.049206108 -0.395188510 -0.993147135 0.049867384 -0.105697565 1.822707891
-0.122294977 0.052565116 0.991100788 5.274701118 0.055704836 0.997385919 -0.046024866 -0.397941113 -0.990929365 0.049580503 -0.124903418 1.817437649
-0.142493039 0.051137891 0.988473833 5.316669941 0.058672138 0.997344911 -0.043138959 -0.400117755 -0.988055229 0.051848881 -0.145115063 1.811748505
-0.162925094 0.052453987 0.985243082 5.358057022 0.062106710 0.997150660 -0.042817649 -0.401970029 -0.984681666 0.054214139 -0.165718615 1.805005908
-0.183441088 0.052199244 0.981643856 5.397729397 0.064156778 0.997096062 -0.041031845 -0.404561222 -0.980934918 0.055452187 -0.186257288 1.797398329
-0.204379678 0.054227758 0.977388501 5.435810089 0.064702362 0.997029305 -0.041787695 -0.407685429 -0.976751089 0.054698788 -0.207281172 1.788395047
-0.227993816 0.056525670 0.972020388 5.476678848 0.065712780 0.996930480 -0.042560890 -0.409299970 -0.971442521 0.054170553 -0.231008455 1.779825211
-0.253505111 0.057640787 0.965615273 5.514690399 0.064506553 0.997008443 -0.042579714 -0.411436915 -0.965180874 0.051494334 -0.256464958 1.770907164
-0.278591663 0.057093948 0.958711028 5.553426743 0.064454012 0.997092426 -0.040649995 -0.413435996 -0.958244443 0.050468013 -0.281461537 1.758818030
-0.305418819 0.055038072 0.950626135 5.591329098 0.062271688 0.997345626 -0.037736207 -0.415756106 -0.950179756 0.047671746 -0.308035374 1.746893406
-0.332915276 0.055097483 0.941345692 5.628448486 0.062542722 0.997383356 -0.036258608 -0.417537808 -0.940880358 0.046803273 -0.335490137 1.734014034
-0.360347271 0.055098120 0.931189656 5.664466381 0.062994592 0.997412503 -0.034639169 -0.419229627 -0.930688798 0.046177771 -0.362885803 1.720140100
-0.388444662 0.056492858 0.919738710 5.701049805 0.063919507 0.997366607 -0.034265064 -0.421029985 -0.919252455 0.045479171 -0.391032696 1.705192804
-0.415976286 0.057679113 0.907544494 5.735557556 0.065699957 0.997284591 -0.033268757 -0.423331290 -0.906999111 0.045786615 -0.418636292 1.688871980
-0.445489943 0.059125926 0.893332422 5.771413326 0.065362632 0.997301996 -0.033411983 -0.424893439 -0.892897904 0.043505862 -0.448152572 1.672042608
-0.474923879 0.061248250 0.877892852 5.806050301 0.065983117 0.997245431 -0.033879496 -0.426865339 -0.877549648 0.041835938 -0.477657080 1.654413462
-0.502145946 0.063656017 0.862436831 5.838351250 0.066994660 0.997153521 -0.034592345 -0.428495198 -0.862183809 0.040408254 -0.504981279 1.634739399
-0.529792428 0.065288134 0.845610619 5.870431900 0.068011843 0.997092187 -0.034372952 -0.430263162 -0.845396042 0.039301004 -0.532692313 1.615005970
-0.556900680 0.066712819 0.827895582 5.903028488 0.068834484 0.997047186 -0.034040350 -0.431592464 -0.827721834 0.038030665 -0.559848368 1.593505621
-0.582728505 0.068302236 0.809791565 5.932452202 0.070934802 0.996933579 -0.033041913 -0.432770163 -0.809565127 0.038187936 -0.585786521 1.571744204
-0.608661532 0.069539994 0.790376604 5.962609768 0.072376199 0.996864855 -0.031971291 -0.434020281 -0.790122032 0.037744761 -0.611786306 1.548955202
-0.634537041 0.068711340 0.769832134 5.992258072 0.069968931 0.997057319 -0.031320158 -0.436114937 -0.769718826 0.033990532 -0.637477577 1.525471687
-0.658198357 0.074411958 0.749158084 6.018476963 0.073785745 0.996688485 -0.034171540 -0.436186433 -0.749220014 0.032785531 -0.661509275 1.501155138
-0.682511210 0.075899571 0.726923466 6.044958591 0.073976807 0.996659279 -0.034606155 -0.437582195 -0.727121651 0.030156385 -0.685845971 1.476335526
-0.705387950 0.076720707 0.704657257 6.070040703 0.074675038 0.996636271 -0.033757940 -0.439238787 -0.704876900 0.028807867 -0.708744347 1.451027632
-0.726939917 0.079032719 0.682137966 6.095944405 0.077593304 0.996446848 -0.032759085 -0.440726399 -0.682303190 0.029115461 -0.730489314 1.423749924
-0.747701466 0.079865351 0.659214795 6.119883060 0.079539880 0.996365130 -0.030495318 -0.442452580 -0.659254134 0.029632479 -0.751336038 1.396422386
-0.767442942 0.080753274 0.636011362 6.143909454 0.081182122 0.996290624 -0.028538920 -0.443803728 -0.635956645 0.029730769 -0.771151781 1.367672920
-0.786304951 0.080653891 0.612551808 6.166517258 0.081639595 0.996312559 -0.026386127 -0.445141733 -0.612421155 0.029260937 -0.789990008 1.338806868
-0.804458320 0.079221442 0.588702619 6.188479424 0.080136858 0.996480525 -0.024589429 -0.446318477 -0.588578701 0.027395610 -0.807975590 1.308644533
-0.821830869 0.080950126 0.563951254 6.209068298 0.080946580 0.996403277 -0.025063477 -0.447526395 -0.563951850 0.025051987 -0.825427592 1.278853178
-0.838285983 0.082467198 0.538957953 6.228733540 0.081074357 0.996359527 -0.026353624 -0.448437393 -0.539169133 0.021603785 -0.841920316 1.248006701
-0.853762627 0.081564099 0.514234066 6.246500015 0.080508403 0.996455550 -0.024385672 -0.449693084 -0.514400303 0.020580573 -0.857303202 1.217162609
-0.868221939 0.083120078 0.489164174 6.265542030 0.082884468 0.996312201 -0.022183597 -0.450730443 -0.489204228 0.021283831 -0.871909499 1.184335232
-0.882388890 0.083273984 0.463093221 6.282097816 0.083254561 0.996316969 -0.020523667 -0.451555073 -0.463096738 0.020444771 -0.886071920 1.152694941
-0.895850003 0.081130728 0.436887294 6.298451424 0.081765957 0.996499836 -0.017388288 -0.452172548 -0.436768919 0.020145211 -0.899348140 1.119492292
-0.908437788 0.080343753 0.410226345 6.312500477 0.080954634 0.996590734 -0.015912175 -0.453266919 -0.410106301 0.018754505 -0.911844909 1.087584376
-0.920403481 0.079825342 0.382734358 6.326840401 0.080004252 0.996674359 -0.015477314 -0.453718036 -0.382697076 0.016375002 -0.923728764 1.054853797
-0.931614995 0.078309387 0.354909986 6.340280533 0.077953637 0.996839166 -0.015325248 -0.454232723 -0.354988307 0.013389294 -0.934774816 1.021091461
-0.941824794 0.078072220 0.326910883 6.352138996 0.077392891 0.996886194 -0.015106779 -0.455060422 -0.327072382 0.011072639 -0.944934428 0.987376213
-0.951494515 0.075655729 0.298218518 6.363965988 0.074667074 0.997099757 -0.014724080 -0.455185980 -0.298467577 0.008257223 -0.954384089 0.951911390
-0.960186124 0.074306548 0.269297510 6.373375416 0.073949575 0.997195840 -0.011484801 -0.456031531 -0.269395828 0.008886888 -0.962988555 0.917970240
-0.967862248 0.073867798 0.240387604 6.381705761 0.074070655 0.997219265 -0.008204263 -0.456488371 -0.240325212 0.009865070 -0.970642388 0.884899914
-0.974665880 0.072793163 0.211488828 6.389616013 0.073025607 0.997307360 -0.006721937 -0.457149446 -0.211408690 0.008892453 -0.977357328 0.848119676
-0.980755568 0.070950113 0.181891412 6.396211624 0.071036592 0.997455359 -0.006047721 -0.457472801 -0.181857646 0.006989611 -0.983300030 0.813640118
-0.986103475 0.069563918 0.150866389 6.402641296 0.069292195 0.997571409 -0.007063674 -0.457866997 -0.150991395 0.003488352 -0.988528848 0.774386644
-0.990710497 0.063501440 0.120250031 6.407079697 0.063442379 0.997976065 -0.004323359 -0.457713693 -0.120281182 0.003345750 -0.992734194 0.738702238
-0.994113088 0.060916848 0.089600936 6.411281109 0.061058778 0.998133421 -0.001158608 -0.458312631 -0.089504287 0.004319136 -0.995977044 0.699756503
-0.996474743 0.059285566 0.059357643 6.413514137 0.059516173 0.998225093 0.002123284 -0.458776921 -0.059126411 0.005648539 -0.998234451 0.665056109
-0.997881591 0.058612321 0.028230522 6.416899681 0.058765516 0.998261034 0.004627202 -0.460672110 -0.027910210 0.006276381 -0.999590755 0.631144583
-0.998339176 0.057564851 -0.002257515 6.415066242 0.057553455 0.998330772 0.004825050 -0.458464891 0.002531500 0.004687109 -0.999985814 0.589793324
-0.997834265 0.056147318 -0.034267463 6.415999413 0.056001429 0.998417199 0.005202918 -0.458099931 0.034505349 0.003272624 -0.999399185 0.553850889
-0.996218920 0.056962337 -0.065598734 6.413020134 0.056568518 0.998367906 0.007846823 -0.458154082 0.065938637 0.004106333 -0.997815251 0.518483639
-0.993520617 0.056993298 -0.098328263 6.412440777 0.056220897 0.998362005 0.010610572 -0.458025813 0.098771945 0.005013720 -0.995097578 0.484350502
-0.989938796 0.056750998 -0.129616708 6.405202389 0.055531938 0.998372257 0.013002954 -0.458154947 0.130143672 0.005674260 -0.991478860 0.445589662
-0.985015452 0.058016278 -0.162414655 6.400075912 0.056599405 0.998307824 0.013341221 -0.457869321 0.162913829 0.003948737 -0.986632407 0.409211874
-0.979034960 0.056896918 -0.195584521 6.392531872 0.055021524 0.998372436 0.015012965 -0.457595974 0.196120337 0.003936857 -0.980571926 0.374542475
-0.971166074 0.057037666 -0.231480241 6.390132904 0.054200646 0.998356819 0.018602505 -0.456435919 0.232160896 0.005519743 -0.972661734 0.341685057
-0.962485075 0.056419469 -0.265404046 6.381465912 0.052288830 0.998375952 0.022609418 -0.456150323 0.266248703 0.007883562 -0.963872135 0.306308627
-0.952018678 0.055182237 -0.301023901 6.373110771 0.049918227 0.998436391 0.025157059 -0.455287248 0.301941454 0.008923410 -0.953284681 0.270610452
-0.940731108 0.053958122 -0.334833503 6.359793663 0.047945831 0.998506308 0.026202202 -0.454756290 0.335747153 0.008595355 -0.941912949 0.235157490
-0.928542614 0.053472336 -0.367354482 6.342768192 0.046668738 0.998534977 0.027385226 -0.457152486 0.368280679 0.008284377 -0.929677784 0.199699402
-0.914460242 0.051731322 -0.401355416 6.330315590 0.044421203 0.998634279 0.027504882 -0.453223079 0.402230084 0.007323438 -0.915509343 0.166172028
-0.898282528 0.050915342 -0.436458409 6.319362640 0.042343006 0.998671770 0.029353837 -0.452146739 0.437373251 0.007887084 -0.899245501 0.130954266
-0.883780539 0.048911903 -0.465338141 6.296744347 0.039226837 0.998765349 0.030480195 -0.451131165 0.466254473 0.008684058 -0.884607971 0.099450588
-0.867067754 0.047778353 -0.495894045 6.279616356 0.037609629 0.998827755 0.030474762 -0.450319767 0.496768802 0.007773289 -0.867848217 0.068323851
-0.850274742 0.047752198 -0.524168491 6.259958267 0.037403923 0.998840153 0.030320778 -0.449972689 0.525008440 0.006175036 -0.851074636 0.035031080
-0.833177328 0.047539555 -0.550958753 6.239543438 0.036660206 0.998854637 0.030747585 -0.448783576 0.551789582 0.005419924 -0.833965838 0.004019976
-0.816425681 0.047826819 -0.575466454 6.215809822 0.035333496 0.998834312 0.032884430 -0.448985100 0.576368451 0.006514454 -0.817163944 -0.027850151
-0.799103558 0.050093833 -0.599102676 6.194796562 0.036412686 0.998725891 0.034939744 -0.447300404 0.600089610 0.006105538 -0.799909413 -0.056183338
-0.782691777 0.051022895 -0.620314598 6.169288635 0.036349732 0.998680472 0.036279865 -0.447174728 0.621347129 0.005847684 -0.783513486 -0.087951422
-0.766369164 0.053456672 -0.640172422 6.144529343 0.040551800 0.998569846 0.034838393 -0.445826471 0.641119301 0.000738926 -0.767440856 -0.117241144
-0.749188066 0.056933988 -0.659905791 6.121344566 0.044043552 0.998375893 0.036133368 -0.445382506 0.660891116 -0.001993906 -0.750479043 -0.144407034
-0.732248247 0.059367016 -0.678445339 6.095645428 0.043523852 0.998236239 0.040374722 -0.445010751 0.679645598 0.000035767 -0.733540595 -0.171347618
-0.714435518 0.060404476 -0.697089136 6.070896149 0.042885285 0.998173892 0.042541768 -0.443681419 0.698385775 0.000498488 -0.715721250 -0.195914984
-0.696092010 0.055845626 -0.715777338 6.044198036 0.038641822 0.998439312 0.040320098 -0.443791300 0.716911912 0.000407554 -0.697163641 -0.221890688
-0.678149939 0.050580118 -0.733180940 6.017855644 0.037531707 0.998710573 0.034183610 -0.441788852 0.733964562 -0.004335913 -0.679173887 -0.245990992
-0.661346197 0.045433514 -0.748703539 5.988919258 0.036515865 0.998930454 0.028362758 -0.441305250 0.749191403 -0.008581957 -0.662297964 -0.270801067
-0.644702256 0.042551365 -0.763248503 5.959942818 0.035077099 0.999044597 0.026068073 -0.440278083 0.763628542 -0.009966399 -0.645578921 -0.294580936
-0.627111435 0.039446536 -0.777930081 5.930713654 0.031223016 0.999187231 0.025496079 -0.439095974 0.778303504 -0.008300443 -0.627833366 -0.318892241
-0.608069003 0.034425098 -0.793137431 5.901794910 0.024668086 0.999396324 0.024465395 -0.438051462 0.793500781 -0.004688535 -0.608551085 -0.342447996
-0.589820385 0.031544514 -0.806918144 5.870706558 0.019017201 0.999502242 0.025172412 -0.436843574 0.807310581 -0.000498123 -0.590126634 -0.365779877
-0.571010172 0.031190958 -0.820350230 5.837276936 0.014197482 0.999503732 0.028120395 -0.435621917 0.820820212 0.004410123 -0.571169615 -0.388714075
-0.551531136 0.031280108 -0.833567560 5.806161880 0.011526532 0.999487102 0.029879780 -0.433383703 0.834074736 0.006871488 -0.551608741 -0.410817862
-0.532716274 0.030481070 -0.845744669 5.773265839 0.006507479 0.999469101 0.031922460 -0.433599144 0.846268833 0.011501947 -0.532632053 -0.430615902
-0.514486432 0.029709520 -0.856983602 5.742857933 0.004016859 0.999472141 0.032237742 -0.432326227 0.857489169 0.013143497 -0.514334261 -0.450075150
-0.499007642 0.029523632 -0.866094530 5.703482628 0.002246797 0.999460340 0.032775313 -0.431211770 0.866594672 0.014409197 -0.498804629 -0.471632719
-0.484485000 0.028425321 -0.874337614 5.669181824 -0.000620345 0.999460578 0.032836888 -0.429805994 0.874799371 0.016451374 -0.484206021 -0.490126610
-0.470848054 0.029494198 -0.881721139 5.627568245 0.000116609 0.999443054 0.033369809 -0.428471148 0.882214308 0.015609294 -0.470589310 -0.511990309
-0.457680792 0.030405153 -0.888596594 5.591765881 -0.000006741 0.999414980 0.034200508 -0.427194238 0.889116585 0.015658904 -0.457412839 -0.529985666
-0.444847703 0.031716097 -0.895044446 5.552885532 0.000086329 0.999374270 0.035370141 -0.426008523 0.895606220 0.015657062 -0.444572210 -0.550616264
-0.431736112 0.033043783 -0.901394486 5.515730381 0.001949604 0.999360621 0.035701282 -0.424084276 0.901997924 0.013656172 -0.431524485 -0.568714619
-0.420395017 0.035260420 -0.906655729 5.474540710 0.001490061 0.999270082 0.038171340 -0.422449768 0.907339990 0.014696072 -0.420140684 -0.588056087
-0.410178900 0.036939301 -0.911256611 5.431896687 0.002539935 0.999221802 0.039361827 -0.421118200 0.912001550 0.013830860 -0.409953475 -0.603613019
-0.399966121 0.036687318 -0.915795386 5.391535759 0.005165818 0.999272883 0.037775341 -0.418859452 0.916515410 0.010378026 -0.399864763 -0.624099851
-0.392615527 0.037799139 -0.918925643 5.352704525 0.007170731 0.999250412 0.038039491 -0.416978478 0.919674814 0.008345526 -0.392592251 -0.640503168
-0.387434363 0.038679697 -0.921085477 5.306308746 0.008768678 0.999228835 0.038272865 -0.415124953 0.921855569 0.006751521 -0.387474746 -0.659662247
-0.381295949 0.038228732 -0.923662245 5.267647743 0.009966894 0.999256551 0.037243016 -0.413078010 0.924399316 0.004994567 -0.381393433 -0.676174164
-0.379083753 0.039593566 -0.924514830 5.220096111 0.012780093 0.999212921 0.037552305 -0.411499590 0.925274014 0.002420087 -0.379291475 -0.694350004
-0.376002371 0.039476182 -0.925777435 5.179568291 0.014249618 0.999220312 0.036820412 -0.409731716 0.926509023 0.000652588 -0.376271784 -0.711211681
-0.372816980 0.039312620 -0.927071691 5.138411999 0.014503527 0.999226928 0.036539856 -0.408154547 0.927791476 0.000176870 -0.373099029 -0.728317261
-0.371616185 0.040036108 -0.927522719 5.085489750 0.015662773 0.999197900 0.036854565 -0.406158805 0.928254306 -0.000831822 -0.371945292 -0.748173356
-0.369164407 0.039222132 -0.928536117 5.041533947 0.015777085 0.999229550 0.035935681 -0.404004365 0.929230213 -0.001383420 -0.369498819 -0.765421867
-0.367688239 0.039181132 -0.929123342 4.994470119 0.014776647 0.999232054 0.036289945 -0.402431577 0.929831624 -0.000385938 -0.367984861 -0.783295035
-0.365277112 0.040217143 -0.930029750 4.949135780 0.014006785 0.999190688 0.037706573 -0.400953591 0.930793345 0.000746621 -0.365544796 -0.800939202
-0.362519473 0.040332101 -0.931103051 4.902166843 0.014207343 0.999186218 0.037749678 -0.398630083 0.931867898 0.000456491 -0.362797469 -0.819664001
-0.361184239 0.041549910 -0.931568325 4.854218483 0.014116468 0.999135971 0.039090384 -0.396818876 0.932387590 0.000968377 -0.361458719 -0.837145925
-0.358788192 0.041087180 -0.932514250 4.806942940 0.014073269 0.999155343 0.038608689 -0.394792944 0.933312893 0.000728818 -0.359063357 -0.854986429
-0.356617212 0.039602354 -0.933410883 4.755774021 0.013644484 0.999215484 0.037181299 -0.393130571 0.934150934 0.000523582 -0.356877744 -0.873228192
-0.353912085 0.036820661 -0.934553683 4.708749294 0.011557440 0.999320686 0.034995668 -0.391203880 0.935207307 0.001584343 -0.354097188 -0.890914202
-0.352085739 0.037610129 -0.935211837 4.658908367 0.012782383 0.999292314 0.035374902 -0.389702797 0.935880423 0.000500762 -0.352317333 -0.909035087
-0.349986821 0.038941398 -0.935944855 4.606801987 0.012810277 0.999241054 0.036784668 -0.387502551 0.936667025 0.000884436 -0.350220084 -0.928638697
-0.348702788 0.041060563 -0.936333477 4.556564331 0.015569024 0.999155760 0.038017370 -0.385029584 0.937103987 -0.001321036 -0.349047720 -0.946915388
-0.347075760 0.041256666 -0.936929166 4.505879402 0.015204078 0.999148071 0.038364213 -0.383469939 0.937713802 -0.000929854 -0.347407430 -0.965225935
-0.345936179 0.042774674 -0.937282443 4.455767632 0.016224394 0.999083579 0.039606918 -0.381587684 0.938117683 -0.001505374 -0.346313179 -0.983248830
-0.345368087 0.042258833 -0.937515318 4.402591705 0.016578864 0.999104500 0.038927555 -0.379417419 0.938320816 -0.002098604 -0.345759392 -1.002850890
-0.344514966 0.041090671 -0.937881172 4.351430416 0.017844710 0.999147773 0.037219949 -0.377192855 0.938611150 -0.003913386 -0.344954610 -1.021728158
-0.344713956 0.041690681 -0.937781453 4.298269272 0.018333368 0.999121726 0.037678607 -0.375322878 0.938528717 -0.004204355 -0.345175505 -1.040599108
-0.344712228 0.040309366 -0.937842548 4.246046543 0.017506624 0.999179900 0.036510989 -0.372955978 0.938545108 -0.003832676 -0.345135242 -1.059596658
-0.344541788 0.040607587 -0.937892437 4.193055630 0.017152591 0.999169528 0.036959566 -0.371417344 0.938614249 -0.003353169 -0.344952166 -1.078711152
-0.344546497 0.039982341 -0.937917471 4.139849663 0.015681991 0.999198377 0.036833860 -0.368961483 0.938638330 -0.002017433 -0.344897270 -1.098391175
-0.346411794 0.040562075 -0.937205195 4.086297989 0.017022014 0.999172151 0.036952272 -0.367111415 0.937928081 -0.003152417 -0.346815437 -1.116587400
-0.347346812 0.040764745 -0.936850309 4.032852173 0.017899876 0.999160945 0.036839470 -0.365141928 0.937565923 -0.003973432 -0.347785056 -1.135769248
-0.349461883 0.039728910 -0.936107874 3.978547573 0.017567933 0.999202728 0.035848342 -0.363284379 0.936785936 -0.003917851 -0.349881202 -1.155379295
