1.000000000 0.000000000 0.000000000 0.000000000 0.000000000 1.000000000 0.000000000 0.000000000 0.000000000 0.000000000 1.000000000 0.000000000
0.999999821 0.000145360 0.000452380 -0.000088354 -0.000145239 0.999999881 -0.000267462 0.000176323 -0.000452418 0.000267400 0.999999881 0.004611301
0.999999821 0.000184814 0.000596172 -0.000109198 -0.000184601 0.999999881 -0.000357993 0.000179119 -0.000596238 0.000357887 0.999999762 0.006510283
0.999973238 -0.000149914 0.007315258 -0.006955962 0.000253086 0.999900520 -0.014104817 0.013473425 -0.007312417 0.014106290 0.999873757 0.013693830
0.999975085 -0.000546561 0.007037106 -0.006485087 0.000643330 0.999905109 -0.013756365 0.013158978 -0.007028920 0.013760548 0.999880612 0.017596731
0.999981344 -0.002253775 0.005680246 -0.005238279 0.002318542 0.999932110 -0.011421449 0.011170801 -0.005654119 0.011434406 0.999918640 0.020837445
0.999984503 -0.002914675 0.004744817 -0.004172446 0.002966218 0.999936283 -0.010892494 0.010490283 -0.004712766 0.010906398 0.999929428 0.023890315
0.999982417 -0.003671721 0.004638236 -0.003900143 0.003718867 0.999941111 -0.010197245 0.009967663 -0.004600521 0.010214316 0.999937177 0.026601365
0.999998569 -0.001086217 0.001282106 -0.000367206 0.001087352 0.999998987 -0.000884618 0.001440120 -0.001281145 0.000886014 0.999998808 0.023578878
0.999998152 -0.000624869 0.001772121 -0.001138525 0.000626774 0.999999225 -0.001074493 0.001267971 -0.001771449 0.001075602 0.999997854 0.026817366
0.999999642 -0.000320075 -0.000667547 -0.000192400 0.000319641 0.999999762 -0.000651772 0.000310886 0.000667755 0.000651557 0.999999583 0.024799475
0.999995708 -0.000338543 -0.002909480 -0.000354427 0.000334039 0.999998748 -0.001548147 0.000379963 0.002910001 0.001547169 0.999994576 0.029147662
0.999979019 -0.000415171 -0.006476554 -0.000864448 0.000399908 0.999997079 -0.002357692 0.000554609 0.006477514 0.002355053 0.999976277 0.034022454
0.999914229 -0.000642870 -0.013081725 -0.000639106 0.000614755 0.999997437 -0.002153066 0.000339351 0.013083076 0.002144840 0.999912143 0.035037655
0.999781311 -0.000798497 -0.020896912 -0.001166210 0.000755882 0.999997616 -0.002047156 0.000217162 0.020898495 0.002030913 0.999779522 0.040333826
0.999500573 -0.001223568 -0.031575412 -0.001980333 0.001157646 0.999997079 -0.002105966 0.000344676 0.031577900 0.002068363 0.999499142 0.046634041
0.999010742 -0.001659878 -0.044439349 -0.003588053 0.001585849 0.999997318 -0.001701056 0.000049996 0.044442058 0.001628900 0.999010742 0.052838266
0.997980952 -0.002209623 -0.063476913 -0.003112660 0.002129093 0.999996841 -0.001336267 0.000244599 0.063479677 0.001198420 0.997982323 0.053795863
0.996433854 -0.001835673 -0.084357619 -0.004122264 0.001751905 0.999997914 -0.001067035 0.000278908 0.084359415 0.000915441 0.996434808 0.059350152
0.994104862 -0.001379892 -0.108413607 -0.005561383 0.001297613 0.999998868 -0.000829472 0.000351837 0.108414598 0.000683904 0.994105518 0.065130785
0.990767062 -0.001293497 -0.135568395 -0.007018874 0.001205166 0.999998987 -0.000733631 0.000301800 0.135569200 0.000563475 0.990767658 0.070946679
0.986312211 -0.001660455 -0.164879814 -0.008978958 0.001485588 0.999998212 -0.001183883 0.000472212 0.164881513 0.000922735 0.986312926 0.077276826
0.980394959 -0.002481710 -0.197026730 -0.011158541 0.002235355 0.999996424 -0.001472748 0.000536377 0.197029680 0.001003450 0.980396986 0.084338076
0.972836494 -0.003102692 -0.231472701 -0.013535399 0.002800456 0.999994636 -0.001634271 0.000611179 0.231476545 0.000941649 0.972840011 0.090997383
0.963457346 -0.003319627 -0.267841071 -0.016578475 0.002989051 0.999994159 -0.001641960 0.000715646 0.267844975 0.000781367 0.963461697 0.098080717
0.951766968 -0.001326750 -0.306818992 -0.020028554 0.001202969 0.999999166 -0.000592539 0.000748959 0.306819469 0.000194865 0.951767623 0.105408370
0.937821150 0.001155840 -0.347116798 -0.024416801 -0.000859672 0.999999106 0.001007215 0.000959553 0.347117573 -0.000646181 0.937821329 0.114164189
0.921439350 0.003604718 -0.388505340 -0.029204072 -0.002478896 0.999991059 0.003399012 0.001111259 0.388514221 -0.002168920 0.921440244 0.122324824
0.902105868 0.006109007 -0.431471586 -0.034175567 -0.003985540 0.999975204 0.005825356 0.001014687 0.431496412 -0.003535441 0.902107716 0.130215049
0.880043089 0.007114961 -0.474840432 -0.040019713 -0.004051041 0.999963880 0.007475378 0.001247915 0.474876404 -0.004655057 0.880040228 0.138513044
0.855529010 0.008002794 -0.517692983 -0.046595659 -0.002960189 0.999939799 0.010565693 0.001442623 0.517746150 -0.007506789 0.855501235 0.146967784
0.828170717 0.010220781 -0.560382783 -0.053588849 -0.001331744 0.999866784 0.016268358 0.001708769 0.560474396 -0.012726695 0.828073978 0.155451983
0.798195720 0.015403789 -0.602201223 -0.061663389 -0.003720904 0.999779999 0.020641591 0.002079586 0.602386713 -0.014235297 0.798077464 0.163679779
0.764843464 0.020442786 -0.643891752 -0.069918424 -0.005858538 0.999675751 0.024779465 0.002350220 0.644189537 -0.015180149 0.764715254 0.171480298
0.729045391 0.026818760 -0.683939695 -0.079255641 -0.008810812 0.999517024 0.029801343 0.002841033 0.684408665 -0.015700471 0.728929639 0.179362282
0.691222668 0.031311184 -0.721963167 -0.089269765 -0.008807743 0.999351680 0.034908667 0.003287714 0.722588181 -0.017770797 0.691050291 0.186909646
0.650421381 0.034642026 -0.758783221 -0.099912435 -0.006972855 0.999189675 0.039640650 0.004010400 0.759541571 -0.020492245 0.650135875 0.194286019
0.606944025 0.037529022 -0.793858111 -0.111383483 -0.004916673 0.999042630 0.043469921 0.004586799 0.794729412 -0.022480670 0.606547415 0.201461241
0.560660124 0.039107494 -0.827122033 -0.123424426 -0.002113125 0.998948455 0.045799319 0.005230582 0.828043342 -0.023930037 0.560153186 0.208138406
0.513493299 0.040146753 -0.857153833 -0.136197433 -0.001508011 0.998945534 0.045884490 0.006077564 0.858092308 -0.022268785 0.513012528 0.213885009
0.464690149 0.040756274 -0.884534895 -0.149904221 -0.000035870 0.998940945 0.046008866 0.006595204 0.885473371 -0.021348137 0.464199573 0.220187843
0.417603761 0.040964287 -0.907705367 -0.163948834 -0.000742418 0.998998284 0.044742730 0.007697487 0.908628881 -0.018010836 0.417215824 0.224618405
0.370547891 0.040731139 -0.927919805 -0.178912848 0.000534602 0.999028444 0.044065937 0.008683266 0.928813219 -0.016824616 0.370166093 0.229119495
0.323933929 0.040585622 -0.945208788 -0.194586337 0.003542471 0.999020398 0.044110239 0.009706568 0.946073055 -0.017637178 0.323472768 0.233361453
0.277590990 0.040986933 -0.959824741 -0.210902587 0.006731591 0.998981893 0.044605903 0.010700291 0.960675776 -0.018843345 0.277032524 0.236985296
0.232081130 0.042763826 -0.971755922 -0.227871001 0.011138479 0.998850763 0.046616346 0.011632622 0.972632647 -0.021642659 0.231338158 0.239990115
0.188337043 0.047607988 -0.980949819 -0.245656475 0.012090768 0.998636246 0.050787710 0.012488046 0.982030034 -0.021425644 0.187504545 0.242359519
0.148038000 0.051040646 -0.987663686 -0.263942719 0.011866015 0.998503923 0.053379394 0.013454342 0.988910496 -0.019621810 0.147210851 0.243878558
0.111721016 0.052277349 -0.992363572 -0.282556117 0.011871750 0.998473763 0.053935766 0.014509493 0.993668616 -0.017806847 0.110929877 0.245006263
0.080174401 0.051971778 -0.995425045 -0.301728070 0.011384356 0.998526931 0.053050660 0.015673578 0.996715784 -0.015585579 0.079464644 0.245645091
0.052260920 0.051757719 -0.997291327 -0.321081638 0.011403046 0.998559952 0.052421112 0.016716875 0.998568416 -0.014111735 0.051595468 0.245911941
0.028166311 0.050853033 -0.998308897 -0.341255814 0.013609493 0.998593032 0.051251478 0.018003784 0.999510586 -0.015030043 0.027434599 0.245946974
0.007055948 0.051167808 -0.998665154 -0.361741513 0.017476562 0.998531163 0.051284421 0.019204302 0.999822378 -0.017815094 0.006151345 0.245623544
-0.011749960 0.051376689 -0.998610198 -0.382594734 0.018734431 0.998515129 0.051151376 0.020508477 0.999755442 -0.018107370 -0.012695025 0.244883642
-0.027858665 0.051097311 -0.998305023 -0.403758377 0.017986843 0.998556733 0.050608255 0.021628037 0.999450028 -0.016546477 -0.028737534 0.243782252
-0.041484848 0.050676171 -0.997853160 -0.425214022 0.016153427 0.998616397 0.050043367 0.022887446 0.999008477 -0.014042708 -0.042246040 0.242473498
-0.052123360 0.050987501 -0.997338176 -0.447552830 0.015543347 0.998616219 0.050240494 0.024138864 0.998519778 -0.012883268 -0.052843738 0.240851074
-0.059411757 0.051803816 -0.996888578 -0.469932228 0.015263788 0.998582900 0.050982196 0.025521692 0.998116791 -0.012187356 -0.060118299 0.239248440
-0.063064322 0.053756386 -0.996560633 -0.492638975 0.016771695 0.998464346 0.052797727 0.026954427 0.997868478 -0.013384361 -0.063869059 0.237436920
-0.066355169 0.056601394 -0.996189475 -0.516567707 0.017575953 0.998301148 0.055550665 0.028335543 0.997641206 -0.013822907 -0.067237265 0.235890046
-0.068568707 0.057891600 -0.995965302 -0.539870083 0.016362658 0.998245895 0.056897659 0.029747983 0.997512221 -0.012395240 -0.069395691 0.233943745
-0.070198171 0.057328165 -0.995884418 -0.563358903 0.015455215 0.998289883 0.056377236 0.031096142 0.997413397 -0.011434028 -0.070964150 0.231970653
-0.072614551 0.056276675 -0.995771110 -0.587797642 0.016415868 0.998338938 0.055224705 0.032671385 0.997224987 -0.012336329 -0.073417768 0.230176181
-0.074937493 0.054749660 -0.995684087 -0.612236023 0.016590068 0.998421907 0.053651597 0.034252897 0.997050166 -0.012497954 -0.075727530 0.228224874
-0.075609900 0.054084212 -0.995669603 -0.636638343 0.015854985 0.998466909 0.053032152 0.035707992 0.997011423 -0.011776572 -0.076351494 0.225950882
-0.075765103 0.055289790 -0.995591581 -0.662577808 0.013997925 0.998422086 0.054381728 0.037391514 0.997027457 -0.009815982 -0.076419488 0.223958746
-0.075163372 0.057858407 -0.995491207 -0.687902749 0.013506964 0.998282671 0.057000823 0.038821407 0.997079730 -0.009161691 -0.075815767 0.221437156
-0.075600624 0.058618885 -0.995413661 -0.714341223 0.012230141 0.998249948 0.057857051 0.040542636 0.997063160 -0.007800021 -0.076185234 0.219734415
-0.075656623 0.056108162 -0.995554030 -0.740333915 0.011363149 0.998399258 0.055404976 0.042141400 0.997069180 -0.007120877 -0.076173089 0.217786759
-0.075554460 0.052371107 -0.995765388 -0.767320991 0.011997871 0.998595238 0.051609579 0.043740891 0.997069478 -0.008047731 -0.076076657 0.215631470
-0.075656906 0.048935186 -0.995932341 -0.794535875 0.013994694 0.998748660 0.048010446 0.045723725 0.997035623 -0.010305448 -0.076247074 0.213882551
-0.074874148 0.049340356 -0.995971501 -0.821970522 0.013769790 0.998731077 0.048441887 0.047251523 0.997097909 -0.010087270 -0.075458534 0.211333543
-0.074053153 0.053365722 -0.995825469 -0.850163877 0.014405373 0.998520195 0.052438907 0.048694715 0.997150242 -0.010461972 -0.074712314 0.208842218
-0.074575834 0.057111200 -0.995578527 -0.878440976 0.015341508 0.998306155 0.056118492 0.050439291 0.997097313 -0.011088594 -0.075325698 0.206698492
-0.075103566 0.058829919 -0.995438755 -0.907131553 0.017473765 0.998182476 0.057673719 0.052099697 0.997022629 -0.013062562 -0.075995043 0.204428434
-0.075595617 0.058704253 -0.995409012 -0.936014950 0.022120442 0.998118579 0.057184123 0.053978302 0.996893167 -0.017696019 -0.076751955 0.202550381
-0.075940698 0.057066150 -0.995478034 -0.965082705 0.025015019 0.998155773 0.055311363 0.055679064 0.996798515 -0.020701516 -0.077228159 0.200173527
-0.077240221 0.053408030 -0.995581031 -0.994119406 0.026060946 0.998331189 0.051533680 0.057628140 0.996671855 -0.021965310 -0.078503184 0.198115960
-0.077985547 0.049555533 -0.995722115 -1.023568034 0.025869498 0.998528123 0.047669068 0.059153877 0.996618807 -0.022041338 -0.079152741 0.195511281
-0.078794599 0.046616547 -0.995800257 -1.053486347 0.028321549 0.998607457 0.044506960 0.060673885 0.996488452 -0.024695702 -0.080005117 0.193090647
-0.079433776 0.045488603 -0.995801687 -1.083455443 0.031204455 0.998582184 0.043126475 0.062413730 0.996351600 -0.027647747 -0.080740593 0.190759912
-0.079823852 0.046363246 -0.995730102 -1.113736868 0.031171845 0.998545229 0.043995395 0.063947126 0.996321380 -0.027526865 -0.081152961 0.188058645
-0.080167584 0.048522212 -0.995599687 -1.144280553 0.030625476 0.998462796 0.046195723 0.065310754 0.996310830 -0.026787315 -0.081530377 0.185363173
-0.081233509 0.049437501 -0.995468259 -1.174335599 0.032408681 0.998371959 0.046937048 0.067108095 0.996168017 -0.028448956 -0.082703486 0.183056802
-0.080874190 0.051519513 -0.995391905 -1.205138683 0.032465104 0.998269618 0.049030699 0.068443358 0.996195495 -0.028350189 -0.082406826 0.180189312
-0.081154376 0.051504824 -0.995369911 -1.235857964 0.035423458 0.998181999 0.048762202 0.070329331 0.996071875 -0.031302173 -0.082831338 0.177990764
-0.081978790 0.050940085 -0.995331466 -1.267057538 0.034253158 0.998246908 0.048268102 0.071849898 0.996045232 -0.030136278 -0.083579950 0.175382569
-0.082164533 0.050165430 -0.995355427 -1.297872663 0.035029601 0.998260558 0.047420233 0.073627025 0.996002972 -0.030970640 -0.083778910 0.172641158
-0.083019190 0.049654335 -0.995310068 -1.329027414 0.034974705 0.998287797 0.046885628 0.075294495 0.995934010 -0.030918268 -0.084613681 0.170291960
-0.082737036 0.049300179 -0.995351255 -1.360573888 0.036045130 0.998270154 0.046448566 0.076879658 0.995919287 -0.032034550 -0.084370956 0.167113543
-0.083418027 0.048468884 -0.995335221 -1.392155647 0.038834225 0.998215914 0.045354508 0.078541704 0.995757639 -0.034869686 -0.085151449 0.164400667
-0.084130906 0.045750923 -0.995403886 -1.422730684 0.041358050 0.998244882 0.042385951 0.079908520 0.995596051 -0.037601996 -0.085875422 0.161801547
-0.085652843 0.044415820 -0.995334446 -1.453900456 0.045845442 0.998123348 0.040595062 0.081461728 0.995269775 -0.042154465 -0.087528370 0.159349814
-0.086143784 0.045628708 -0.995237291 -1.486298680 0.044590913 0.998126209 0.041901536 0.083254866 0.995284319 -0.040768981 -0.088016994 0.156254470
-0.087154128 0.050525293 -0.994912744 -1.518304229 0.045448128 0.997874737 0.046694469 0.084822819 0.995157599 -0.041147310 -0.089265168 0.153093606
-0.088016845 0.054087650 -0.994649470 -1.550469518 0.045804437 0.997688293 0.050199650 0.086273976 0.995065331 -0.041140947 -0.090290837 0.149791017
-0.089609303 0.053822253 -0.994521677 -1.583822489 0.045641638 0.997711658 0.049882453 0.088207304 0.994930685 -0.040921666 -0.091860786 0.147210076
-0.090658315 0.052532692 -0.994495571 -1.616039038 0.044218663 0.997835159 0.048678134 0.089986846 0.994899869 -0.039562184 -0.092784971 0.143810645
-0.092161022 0.050947707 -0.994439900 -1.648447275 0.041797474 0.998007834 0.047256872 0.091771670 0.994866431 -0.037209831 -0.094106883 0.140365601
-0.093649156 0.051646207 -0.994264781 -1.681289196 0.040632818 0.998019814 0.048014078 0.093380570 0.994775772 -0.035903301 -0.095562249 0.137112215
-0.094798148 0.052934639 -0.994088054 -1.714164734 0.040454168 0.997965217 0.049283311 0.095256425 0.994674265 -0.035543047 -0.096746668 0.133651823
-0.096475042 0.054462615 -0.993844390 -1.746899962 0.038133733 0.997970998 0.050987028 0.096861653 0.994604647 -0.032980017 -0.098356180 0.130298927
-0.098041549 0.054757893 -0.993674815 -1.779944181 0.036234003 0.998019457 0.051422264 0.098584160 0.994522452 -0.030963298 -0.099831499 0.126731262
-0.099389441 0.053385235 -0.993615508 -1.812140346 0.035561353 0.998112440 0.050069705 0.100507826 0.994412959 -0.030357910 -0.101100288 0.123191804
-0.100439042 0.052942071 -0.993533671 -1.845423341 0.036520742 0.998106539 0.049493756 0.102213107 0.994272768 -0.031313483 -0.102182344 0.119697124
-0.101611026 0.053126328 -0.993404627 -1.878117323 0.037715077 0.998060822 0.049517628 0.103944644 0.994109035 -0.032434791 -0.103417642 0.116157994
-0.102603950 0.053825539 -0.993264914 -1.911154509 0.037731901 0.998026788 0.050185900 0.105791003 0.994006395 -0.032328498 -0.104432434 0.112376183
-0.103808634 0.054216277 -0.993118644 -1.943908572 0.037192438 0.998026431 0.050596569 0.107230335 0.993901670 -0.031684130 -0.105620213 0.108806118
-0.104697078 0.054605596 -0.993003964 -1.976647496 0.036307111 0.998035729 0.051054273 0.108949602 0.993841171 -0.030707873 -0.106474012 0.105079547
-0.105383419 0.054674879 -0.992927492 -2.009596825 0.033769354 0.998108208 0.051376078 0.110722423 0.993858099 -0.028116329 -0.107030414 0.101238206
-0.105562262 0.055849891 -0.992843032 -2.042467833 0.029544614 0.998156905 0.053007536 0.112525873 0.993973732 -0.023737568 -0.107017778 0.097322837
-0.104889862 0.057406399 -0.992825568 -2.075245142 0.025544876 0.998158634 0.055016000 0.114541031 0.994155765 -0.019590989 -0.106163174 0.093204543
-0.104034752 0.059651088 -0.992783129 -2.108318090 0.022458740 0.998086274 0.057616234 0.116084047 0.994320035 -0.016302573 -0.105175346 0.089660108
-0.101971574 0.060405836 -0.992951572 -2.141353130 0.021841310 0.998050034 0.058472995 0.118211925 0.994547486 -0.015724778 -0.103092059 0.085927621
-0.100147419 0.061732061 -0.993055701 -2.174129009 0.023025259 0.997950017 0.059714250 0.119965374 0.994706154 -0.016885132 -0.101363517 0.082687348
-0.098544046 0.060860798 -0.993269861 -2.207229376 0.024314243 0.997977257 0.058736980 0.121967450 0.994835556 -0.018362425 -0.099824503 0.079325736
-0.097466163 0.058192611 -0.993536115 -2.240251064 0.024268899 0.998131216 0.056080975 0.123826809 0.994942844 -0.018646032 -0.098696284 0.076075166
-0.096837841 0.055608634 -0.993745506 -2.273587942 0.025071975 0.998257518 0.053417921 0.125944301 0.994984269 -0.019742286 -0.098063305 0.072904393
-0.095752910 0.054519098 -0.993910909 -2.306171656 0.024930006 0.998317063 0.052359033 0.127769396 0.995092869 -0.019764675 -0.096950918 0.069555745
-0.094704293 0.054024626 -0.994038463 -2.339245081 0.021937195 0.998397171 0.052171517 0.129703045 0.995263815 -0.016865548 -0.095737636 0.065913290
-0.093920507 0.053890035 -0.994120121 -2.372671843 0.020643437 0.998424709 0.052173067 0.131344646 0.995365560 -0.015621936 -0.094885021 0.062507465
-0.093911164 0.052707713 -0.994184375 -2.406092405 0.019432539 0.998504400 0.051101137 0.133263573 0.995390832 -0.014520561 -0.094794951 0.059486851
-0.093490481 0.051590446 -0.994282663 -2.439221382 0.018586949 0.998572946 0.050065372 0.135109812 0.995446622 -0.013800047 -0.094315968 0.056139618
-0.092928432 0.051456943 -0.994342387 -2.472866058 0.019763408 0.998562217 0.049828302 0.137038276 0.995476604 -0.015021126 -0.093811803 0.052925140
-0.092177339 0.050480496 -0.994462192 -2.506845474 0.021430435 0.998583376 0.048703294 0.138883382 0.995511949 -0.016822416 -0.093128569 0.049687028
-0.091323309 0.050063204 -0.994562030 -2.540218353 0.023353532 0.998568416 0.048120499 0.140563816 0.995547533 -0.018832009 -0.092361718 0.046418682
-0.091069907 0.049062505 -0.994635165 -2.574003458 0.025361944 0.998575926 0.046934724 0.142463937 0.995521486 -0.020951537 -0.092184536 0.043429255
-0.090817489 0.048578214 -0.994682014 -2.607872009 0.027218556 0.998557508 0.046282347 0.144143626 0.995495498 -0.022870567 -0.092008725 0.040277049
-0.089770108 0.047680862 -0.994820535 -2.642295361 0.029608866 0.998539627 0.045187287 0.146005690 0.995522320 -0.025399039 -0.091050789 0.037043631
-0.088490084 0.048300121 -0.994905293 -2.676818609 0.029257940 0.998518765 0.045873240 0.147866741 0.995647311 -0.025049550 -0.089772172 0.033621043
-0.086976811 0.050571300 -0.994926035 -2.711749554 0.029204221 0.998411000 0.048195392 0.149501517 0.995782197 -0.024864156 -0.088315502 0.030560091
-0.085519716 0.051781423 -0.994989932 -2.746915340 0.027017264 0.998401821 0.049636845 0.151485771 0.995970070 -0.022636978 -0.086782038 0.027201414
-0.084105499 0.051866975 -0.995106041 -2.781880856 0.027059775 0.998395026 0.049751341 0.153222561 0.996089399 -0.022742985 -0.085374020 0.023819342
-0.083435871 0.051391378 -0.995187104 -2.817298412 0.027138360 0.998416066 0.049282864 0.155221641 0.996143460 -0.022895787 -0.084698401 0.020880103
-0.082227431 0.051656060 -0.995274007 -2.852418423 0.028624244 0.998366237 0.049451679 0.156989381 0.996202469 -0.024422681 -0.083571695 0.017611697
-0.082078107 0.052006148 -0.995268106 -2.887774229 0.028330149 0.998355806 0.049831148 0.158867329 0.996223152 -0.024106044 -0.083416507 0.014635727
-0.081458367 0.050600458 -0.995391428 -2.923031569 0.028448723 0.998421550 0.048426375 0.160804778 0.996270657 -0.024372881 -0.082769305 0.011250243
-0.081624545 0.050594501 -0.995378256 -2.958336830 0.028578024 0.998418868 0.048405576 0.162519962 0.996253312 -0.024494860 -0.082941376 0.008122653
-0.082253806 0.050436426 -0.995334327 -2.993494749 0.028225409 0.998435855 0.048261061 0.164448977 0.996211588 -0.024124060 -0.083548747 0.005237013
-0.082328223 0.051858917 -0.995255113 -3.029059887 0.026875170 0.998397589 0.049799528 0.166248322 0.996242762 -0.022647746 -0.083590023 0.001965612
-0.083109759 0.052693911 -0.995146275 -3.063730478 0.025457598 0.998387516 0.050739437 0.168038905 0.996215105 -0.021117095 -0.084317200 -0.001072168
-0.083067477 0.053433761 -0.995110333 -3.098368168 0.022936562 0.998399496 0.051695731 0.169828832 0.996279895 -0.018530173 -0.084160104 -0.004605204
-0.083547242 0.052555285 -0.995116889 -3.133461475 0.023561280 0.998433292 0.050752297 0.171707347 0.996225238 -0.019206012 -0.084654622 -0.007517904
-0.083703727 0.052590363 -0.995101988 -3.168249130 0.021685060 0.998466015 0.050944109 0.173579395 0.996254683 -0.017314633 -0.084715754 -0.010951668
-0.084080756 0.052948356 -0.995051205 -3.202763081 0.021131989 0.998457372 0.051343974 0.175132036 0.996234834 -0.016710371 -0.085069977 -0.013777435
-0.084309295 0.054868948 -0.994927883 -3.237675667 0.020643532 0.998364627 0.053309172 0.176911324 0.996225774 -0.016044363 -0.085304096 -0.016874671
-0.083483145 0.054651912 -0.995009363 -3.272027969 0.017649941 0.998419464 0.053358350 0.178935558 0.996352792 -0.013107331 -0.084315814 -0.020140916
-0.082002483 0.054989658 -0.995113909 -3.306342840 0.015854079 0.998422265 0.053866029 0.180938482 0.996506035 -0.011359468 -0.082744919 -0.022999346
-0.080995508 0.054940596 -0.995199025 -3.340743542 0.014381339 0.998440146 0.053949080 0.182565317 0.996610820 -0.009942661 -0.081659280 -0.026132181
-0.079675853 0.054724172 -0.995317519 -3.374836206 0.012946002 0.998464525 0.053860866 0.184323981 0.996736705 -0.008593973 -0.080261968 -0.029381648
-0.079079859 0.052915737 -0.995462835 -3.408513784 0.012386937 0.998565197 0.052096628 0.186236203 0.996791244 -0.008210939 -0.079621866 -0.032056466
-0.078464799 0.050354663 -0.995644271 -3.441987276 0.010739719 0.998708189 0.049663246 0.188110545 0.996859014 -0.006796124 -0.078904234 -0.034926012
-0.078243621 0.048901711 -0.995734155 -3.476087093 0.011065979 0.998777270 0.048181608 0.189715728 0.996872842 -0.007248872 -0.078689091 -0.037876397
-0.078657642 0.049871370 -0.995653391 -3.509706497 0.013137226 0.998713017 0.048986755 0.191662759 0.996815145 -0.009226942 -0.079211593 -0.040450811
-0.079865240 0.053170048 -0.995386600 -3.543107986 0.013756481 0.998540163 0.052234739 0.193389371 0.996710718 -0.009521279 -0.080480076 -0.043212608
-0.081133246 0.055432055 -0.995160639 -3.577294827 0.013671206 0.998420238 0.054499038 0.195063934 0.996609509 -0.009183365 -0.081762880 -0.046197191
-0.082940131 0.055636585 -0.995000243 -3.611030340 0.013890637 0.998407900 0.054669261 0.196916372 0.996457696 -0.009286912 -0.083580926 -0.049206197
-0.085064240 0.053870741 -0.994918048 -3.644340992 0.015293121 0.998490274 0.052756615 0.198893949 0.996258080 -0.010727699 -0.085759677 -0.052170575
-0.086815462 0.051537968 -0.994890392 -3.677334309 0.015545070 0.998609424 0.050374139 0.200550675 0.996103108 -0.011092387 -0.087495901 -0.055155784
-0.088442169 0.049779285 -0.994836688 -3.710435629 0.017705427 0.998671174 0.048397120 0.202194512 0.995923936 -0.013333661 -0.089206018 -0.058305085
-0.090728991 0.049963776 -0.994621575 -3.743586779 0.022382451 0.998590708 0.048121445 0.203987032 0.995624065 -0.017896062 -0.091719426 -0.061310828
-0.093253992 0.052872889 -0.994237423 -3.776629448 0.026063027 0.998376369 0.050648425 0.205698565 0.995301187 -0.021189671 -0.094480611 -0.064215809
-0.096330427 0.057490341 -0.993687749 -3.810391426 0.025422493 0.998146892 0.055283815 0.207657039 0.995024681 -0.019936504 -0.097613491 -0.067557663
-0.098652214 0.060628124 -0.993273377 -3.842948437 0.026331969 0.997951865 0.058298390 0.209296897 0.994773507 -0.020403581 -0.100046635 -0.071209639
-0.101209745 0.060380537 -0.993031144 -3.875906706 0.024412164 0.998006701 0.058194987 0.211300910 0.994565487 -0.018352134 -0.102482028 -0.074807435
-0.103247330 0.056928180 -0.993025243 -3.908822060 0.019551039 0.998284161 0.055196878 0.213229343 0.994463563 -0.013715747 -0.104183167 -0.078578532
-0.105567604 0.054834604 -0.992899060 -3.941593647 0.015909361 0.998443842 0.053449292 0.215050906 0.994284868 -0.010153876 -0.106275693 -0.082598627
-0.108233362 0.054490596 -0.992631018 -3.974396944 0.015011658 0.998472452 0.053174432 0.216866806 0.994012237 -0.009145791 -0.108886018 -0.086467564
-0.110507868 0.056389056 -0.992274284 -4.007512569 0.015580040 0.998364747 0.055000044 0.218882814 0.993753135 -0.009381736 -0.111205675 -0.090278894
-0.113287568 0.057688944 -0.991886020 -4.040150642 0.016742118 0.998282075 0.056148756 0.220612839 0.993421137 -0.010245318 -0.114058778 -0.094157040
-0.115482390 0.056404304 -0.991706729 -4.072870731 0.019129602 0.998327613 0.054553252 0.222490847 0.993125319 -0.012671012 -0.116368257 -0.098065227
-0.117815897 0.054461084 -0.991540849 -4.105851173 0.020945717 0.998409152 0.052349530 0.224372864 0.992814541 -0.014600928 -0.118769206 -0.101933658
-0.119543307 0.053058889 -0.991410136 -4.138395786 0.020758325 0.998486280 0.050934568 0.226175651 0.992611945 -0.014491131 -0.120463774 -0.106038213
-0.120296516 0.052585654 -0.991344273 -4.171266079 0.020588003 0.998513579 0.050467651 0.227998212 0.992524445 -0.014338720 -0.121200353 -0.110367507
-0.121457867 0.051665399 -0.991251051 -4.204582214 0.019722380 0.998572946 0.049630448 0.229693651 0.992400587 -0.013521823 -0.122303508 -0.114678264
-0.121459693 0.052162465 -0.991224825 -4.237321377 0.020549936 0.998536289 0.050029140 0.231422454 0.992383599 -0.014293082 -0.122353837 -0.118793517
-0.122052386 0.051941767 -0.991163611 -4.270745754 0.020019982 0.998555362 0.049863860 0.233308226 0.992321730 -0.013757073 -0.122915938 -0.123106688
-0.121353015 0.052940134 -0.991196632 -4.303000927 0.018594787 0.998522699 0.051054854 0.234900206 0.992435336 -0.012235427 -0.122158170 -0.127320379
-0.120908879 0.050631884 -0.991371453 -4.336059570 0.017039733 0.998657107 0.048925787 0.236719668 0.992517352 -0.010977145 -0.121609263 -0.131608933
-0.119940415 0.047966037 -0.991621673 -4.369224072 0.016195718 0.998793781 0.046354026 0.238435283 0.992648900 -0.010500305 -0.120572589 -0.135832042
-0.118469745 0.046038516 -0.991889715 -4.402431488 0.015900271 0.998884380 0.044464070 0.240369260 0.992830396 -0.010503667 -0.119069606 -0.140121132
-0.117606595 0.047711767 -0.991913438 -4.435837269 0.015941612 0.998807251 0.046153229 0.241910636 0.992932320 -0.010384776 -0.118226908 -0.144125581
-0.116382346 0.049730361 -0.991958678 -4.469384193 0.016417794 0.998705566 0.048142374 0.243588045 0.993068695 -0.010682853 -0.117048152 -0.148300081
-0.115327336 0.049334615 -0.992101669 -4.503012180 0.017467018 0.998712182 0.047632884 0.245281130 0.993173957 -0.011835685 -0.116040543 -0.152140379
-0.113958530 0.047656231 -0.992341816 -4.536326885 0.018124375 0.998782337 0.045884162 0.247110188 0.993320107 -0.012756684 -0.114683516 -0.156281501
-0.112682566 0.047600657 -0.992490232 -4.569950104 0.018114900 0.998784244 0.045845844 0.248842761 0.993465900 -0.012812834 -0.113407850 -0.160290956
-0.110920399 0.047003184 -0.992717206 -4.602977753 0.017989103 0.998812199 0.045281779 0.250404924 0.993666530 -0.012835418 -0.111634187 -0.164497793
-0.110184021 0.046971206 -0.992800653 -4.636874199 0.019434391 0.998793542 0.045097850 0.252043128 0.993721187 -0.014325417 -0.110963941 -0.167925179
-0.108610414 0.047188397 -0.992963791 -4.670306683 0.019429155 0.998782635 0.045339771 0.253661394 0.993894458 -0.014368075 -0.109395035 -0.172053397
-0.107141919 0.050531864 -0.992958784 -4.703620911 0.019603299 0.998620808 0.048704777 0.255188704 0.994050443 -0.014246945 -0.107984744 -0.175892562
-0.106021084 0.053776976 -0.992908657 -4.737279415 0.020632416 0.998440504 0.051873501 0.256955147 0.994149804 -0.014986419 -0.106965311 -0.179516643
-0.104806252 0.053708844 -0.993041217 -4.770348549 0.020305639 0.998448133 0.051858183 0.258498430 0.994285345 -0.014729276 -0.105734177 -0.183153868
-0.103708781 0.050678745 -0.993315756 -4.803160667 0.021594251 0.998580277 0.048692770 0.260258168 0.994373262 -0.016400035 -0.104655907 -0.186727017
-0.102453597 0.046453532 -0.993652642 -4.835948467 0.024402903 0.998725712 0.044174571 0.261880577 0.994438410 -0.019722160 -0.103456661 -0.190184772
-0.101522356 0.044944707 -0.993817508 -4.868737221 0.025606213 0.998766005 0.042552728 0.263396978 0.994503677 -0.021127850 -0.102547944 -0.193708062
-0.100556932 0.044528510 -0.993934333 -4.901318550 0.025936233 0.998775780 0.042121429 0.264775306 0.994593203 -0.021543313 -0.101588733 -0.197517306
-0.100182638 0.046449412 -0.993884265 -4.934232235 0.027896531 0.998648047 0.043860115 0.266227484 0.994577885 -0.023331901 -0.101342991 -0.200640440
-0.099885724 0.047887046 -0.993845880 -4.966971397 0.030764565 0.998512268 0.045019913 0.267692894 0.994523287 -0.026078390 -0.101210333 -0.203748733
-0.098861605 0.050338283 -0.993827045 -4.999427319 0.029718427 0.998423576 0.047614835 0.269075483 0.994657278 -0.024827702 -0.100201733 -0.207518727
-0.098221384 0.053136300 -0.993744969 -5.030993938 0.029210689 0.998297155 0.050492536 0.270613492 0.994735897 -0.024068525 -0.099606283 -0.210484684
-0.098223433 0.057285517 -0.993514180 -5.063043594 0.028024521 0.998105109 0.054779582 0.272407442 0.994769812 -0.022462117 -0.099642701 -0.213666111
-0.097757444 0.059548941 -0.993427098 -5.094789028 0.027992498 0.997977853 0.057067141 0.274119526 0.994816482 -0.022229768 -0.099226691 -0.216797233
-0.097076371 0.060290739 -0.993449152 -5.126455307 0.026413063 0.997968137 0.057983983 0.275916725 0.994926333 -0.020611163 -0.098471589 -0.220249474
-0.096574210 0.059575312 -0.993541300 -5.157402039 0.024000740 0.998056233 0.057513118 0.277605057 0.995036364 -0.018291438 -0.097816363 -0.223720551
-0.096753120 0.059027843 -0.993556499 -5.188292027 0.020848995 0.998140991 0.057269916 0.279340208 0.995090008 -0.015173613 -0.097803928 -0.226746440
-0.096628606 0.059394199 -0.993546724 -5.218743324 0.019506736 0.998139203 0.057771578 0.280974507 0.995129287 -0.013798469 -0.097607389 -0.229903430
-0.095887437 0.060305107 -0.993563712 -5.248547554 0.017462349 0.998111367 0.058895856 0.282697141 0.995239019 -0.011702588 -0.096759394 -0.233186752
-0.095413953 0.061865471 -0.993513405 -5.278304577 0.016047582 0.998032749 0.060605738 0.284459531 0.995308340 -0.010160855 -0.096219040 -0.236377388
-0.094956048 0.063143007 -0.993476927 -5.307467461 0.015403235 0.997959971 0.061955709 0.285921514 0.995362282 -0.009419692 -0.095734946 -0.239430159
-0.094758265 0.062761530 -0.993519962 -5.335890293 0.014946916 0.997987866 0.061618194 0.287784249 0.995388091 -0.009011229 -0.095505670 -0.242236078
-0.094528295 0.062157564 -0.993579805 -5.363819122 0.015757706 0.998017251 0.060935993 0.289490849 0.995397449 -0.009896361 -0.095320351 -0.245057732
-0.094769761 0.061005816 -0.993628204 -5.391288280 0.015540425 0.998089552 0.059797525 0.291059256 0.995377898 -0.009774407 -0.095536754 -0.247839421
-0.095525317 0.059934609 -0.993620992 -5.418232918 0.014773693 0.998161077 0.058788154 0.292522401 0.995317340 -0.009063696 -0.096235119 -0.250952095
-0.097460300 0.059386890 -0.993466020 -5.445697784 0.015716486 0.998185456 0.058127202 0.294198066 0.995115340 -0.009948701 -0.098216809 -0.253295124
-0.098898508 0.058959343 -0.993349254 -5.472437859 0.015914163 0.998209238 0.057663370 0.295865357 0.994970262 -0.010105502 -0.099659704 -0.256192386
-0.100050941 0.059330653 -0.993211687 -5.499260902 0.016587665 0.998181283 0.057956554 0.297399938 0.994844019 -0.010676458 -0.100853160 -0.259115547
-0.101262368 0.058693763 -0.993126869 -5.525601387 0.014931282 0.998235404 0.057473231 0.298952937 0.994747698 -0.009008782 -0.101960063 -0.261691123
-0.101923667 0.058153853 -0.993090987 -5.551640987 0.015745861 0.998259127 0.056840453 0.300473005 0.994667649 -0.009843688 -0.102661915 -0.264426947
-0.102103837 0.057809561 -0.993092597 -5.578141212 0.016743990 0.998268425 0.056389350 0.301894099 0.994632781 -0.010870765 -0.102895007 -0.267187715
-0.101756848 0.058016371 -0.993116081 -5.603803635 0.018103980 0.998240590 0.056460761 0.303360075 0.994644582 -0.012234084 -0.102628171 -0.269829750
-0.101679198 0.058309224 -0.993106961 -5.629182816 0.018931171 0.998213351 0.056670777 0.304790735 0.994637132 -0.013038439 -0.102601409 -0.272356421
-0.100715607 0.060012810 -0.993103623 -5.654174328 0.018704792 0.998116910 0.058418814 0.306200832 0.994739413 -0.012692112 -0.101648495 -0.274991930
-0.099082239 0.060850654 -0.993216932 -5.678750515 0.017916687 0.998075902 0.059360977 0.307698071 0.994917929 -0.011913540 -0.099981830 -0.277533174
-0.097138286 0.060636293 -0.993422091 -5.702682972 0.017488616 0.998092294 0.059211288 0.309135139 0.995117247 -0.011621891 -0.098013416 -0.279854476
-0.094493806 0.061162375 -0.993644834 -5.725888729 0.018121324 0.998051107 0.059710301 0.310266167 0.995360494 -0.012363905 -0.095418006 -0.282077849
-0.091297597 0.059451584 -0.994047463 -5.749128342 0.017766764 0.998154640 0.058065452 0.311827183 0.995665193 -0.012359769 -0.092185378 -0.284281611
-0.087640733 0.057786934 -0.994474590 -5.771587372 0.015282478 0.998276472 0.056661043 0.312972188 0.996034920 -0.010232221 -0.088372789 -0.286266804
-0.082198903 0.056820054 -0.994994938 -5.793865204 0.013343899 0.998346627 0.055909097 0.314002097 0.996526599 -0.008681445 -0.082821198 -0.288295925
-0.075368620 0.054937936 -0.995641172 -5.816416740 0.010833103 0.998467326 0.054273829 0.315239817 0.997096896 -0.006695341 -0.075848252 -0.290014505
-0.066663921 0.052455761 -0.996395648 -5.838406086 0.009574527 0.998604655 0.051931474 0.316355407 0.997729599 -0.006078062 -0.067073151 -0.291395366
-0.056609601 0.049294811 -0.997178733 -5.859898090 0.008600865 0.998767316 0.048885077 0.317414641 0.998359382 -0.005809234 -0.056963801 -0.292805344
-0.046327163 0.046263095 -0.997854471 -5.881644249 0.007901749 0.998912811 0.045945309 0.318633080 0.998894989 -0.005756280 -0.046642352 -0.293339610
-0.035191305 0.044846274 -0.998373866 -5.903339386 0.007318714 0.998977363 0.044615410 0.319591999 0.999353766 -0.005736736 -0.035483535 -0.294161260
-0.023634473 0.045022234 -0.998706400 -5.924520969 0.006116026 0.998973250 0.044889528 0.320649385 0.999701977 -0.005047172 -0.023885557 -0.294673026
-0.011378939 0.046077248 -0.998873055 -5.945579052 0.006086016 0.998922527 0.046010196 0.321517915 0.999916673 -0.005555611 -0.011647105 -0.294436038
0.002137578 0.047045205 -0.998890460 -5.967016220 0.004699816 0.998881161 0.047054823 0.322444260 0.999986649 -0.004795185 0.001914081 -0.294092536
0.016671715 0.046802919 -0.998764992 -5.987834930 0.002849666 0.998897672 0.046856694 0.323424071 0.999856889 -0.003627329 0.016519962 -0.293639749
0.032731850 0.046868302 -0.998364687 -6.008735180 0.000036256 0.998899817 0.046894610 0.324410945 0.999464154 -0.001571144 0.032694142 -0.292987794
0.049246635 0.047071978 -0.997676790 -6.029537201 -0.002412854 0.998891413 0.047010202 0.325527489 0.998783708 0.000092154 0.049305622 -0.291929305
0.067281350 0.048211258 -0.996568501 -6.050185680 -0.003970005 0.998836815 0.048052967 0.326669306 0.997726083 0.000723313 0.067394488 -0.290126115
0.087600686 0.049086042 -0.994945705 -6.070539951 -0.005353836 0.998794019 0.048804522 0.327575833 0.996141195 0.001051467 0.087757848 -0.288364351
0.108964220 0.051167775 -0.992727935 -6.090630054 -0.007616187 0.998688042 0.050639000 0.328612745 0.994016469 0.002042962 0.109210946 -0.286154628
0.130310357 0.053181015 -0.990045965 -6.110892773 -0.012126048 0.998571217 0.052042905 0.329698026 0.991399109 0.005223615 0.130769014 -0.283249080
0.152752146 0.053463031 -0.986817360 -6.130771160 -0.015588108 0.998541772 0.051685303 0.330493808 0.988141537 0.007487576 0.153362751 -0.279851258
0.175873429 0.052100003 -0.983033061 -6.150495529 -0.019565346 0.998586237 0.049423885 0.331380874 0.984218359 0.010541035 0.176644132 -0.276449203
0.199460357 0.051239192 -0.978565276 -6.169982433 -0.022362303 0.998609841 0.047730662 0.332039475 0.979650676 0.012362601 0.200328901 -0.272523403
0.223822117 0.050330829 -0.973329544 -6.189272881 -0.024555560 0.998639941 0.045992948 0.333121091 0.974320650 0.013606417 0.224753633 -0.268436432
0.247389898 0.049568646 -0.967647195 -6.208042622 -0.025441848 0.998678505 0.044653762 0.334016442 0.968581915 0.013571845 0.248324111 -0.262882113
0.271983683 0.049927603 -0.961005747 -6.226738453 -0.028266285 0.998636723 0.043882743 0.334780306 0.961886644 0.015228673 0.273024172 -0.257171869
0.297698766 0.050007943 -0.953349173 -6.245258331 -0.030813929 0.998610079 0.042759951 0.335591435 0.954162419 0.016646851 0.298825949 -0.251241922
0.324741304 0.050391436 -0.944459438 -6.263481617 -0.033184819 0.998571873 0.041868385 0.336862504 0.945220470 0.017745322 0.325949758 -0.244386315
0.352499515 0.051559705 -0.934390545 -6.281091213 -0.034381855 0.998520494 0.042127818 0.337164789 0.935180187 0.017276045 0.353750706 -0.237389565
0.380689621 0.051572632 -0.923263609 -6.298814774 -0.034895487 0.998533547 0.041388679 0.338247240 0.924044311 0.016461492 0.381931007 -0.229602575
0.408908874 0.053400222 -0.911011517 -6.315746307 -0.035819735 0.998456359 0.042448185 0.338400662 0.911871970 0.015274752 0.410190374 -0.221723080
0.437809199 0.054798041 -0.897396445 -6.332766056 -0.036790565 0.998396695 0.043016601 0.339352667 0.898314774 0.014182652 0.439123303 -0.213166714
0.466283530 0.056577295 -0.882824242 -6.349061489 -0.038271423 0.998308539 0.043764386 0.340010166 0.883807123 0.013380328 0.467660129 -0.203791380
0.494918287 0.057744734 -0.867018700 -6.365006447 -0.040208928 0.998242557 0.043532070 0.340433389 0.868008673 0.013317078 0.496370345 -0.193738222
0.525032580 0.056986287 -0.849172115 -6.381224155 -0.041789103 0.998278499 0.041154832 0.341679215 0.850055575 0.013878511 0.526510179 -0.183478355
0.554993033 0.057441086 -0.829869390 -6.396967888 -0.044067971 0.998242438 0.039623953 0.342389822 0.830686927 0.014579642 0.556548893 -0.172502279
0.583847106 0.058997195 -0.809717178 -6.412199497 -0.047658645 0.998126805 0.038360707 0.343120217 0.810463607 0.016193237 0.585565150 -0.160978556
0.612171769 0.059985794 -0.788446248 -6.427399635 -0.050149802 0.998056412 0.036995415 0.343917876 0.789132893 0.016892876 0.613990128 -0.148515463
0.639954746 0.059870966 -0.766076684 -6.441904068 -0.051988680 0.998049200 0.034570634 0.344742000 0.766651869 0.017703664 0.641818881 -0.135656595
0.666823506 0.061138939 -0.742703438 -6.456181049 -0.054924328 0.997950435 0.032837860 0.345098019 0.743188858 0.018895423 0.668814778 -0.122068167
0.693116307 0.061328076 -0.718212068 -6.470308781 -0.056228328 0.997938097 0.030950254 0.345690429 0.718629241 0.018931739 0.695135593 -0.108055115
0.718699932 0.060651653 -0.692670107 -6.483827591 -0.056727424 0.997982085 0.028526232 0.346383870 0.693002582 0.018791584 0.720690250 -0.093305111
0.743341923 0.062217936 -0.666011930 -6.497004509 -0.059241664 0.997875750 0.027100053 0.346898139 0.666283190 0.019311048 0.745448768 -0.078081846
0.766714334 0.063431218 -0.638847113 -6.509538651 -0.061156008 0.997797966 0.025674921 0.347472250 0.639068902 0.019384010 0.768905163 -0.062375307
0.789138615 0.063977167 -0.610874116 -6.521450043 -0.062200740 0.997771561 0.024145057 0.347904801 0.611057520 0.018943030 0.791359484 -0.046119213
