1.000000000 -0.000000000 0.000000000 0.000000000 -0.000000000 1.000000000 0.000000000 -0.000000060 0.000000000 0.000000000 1.000000000 0.000000000
0.999991357 -0.002461104 -0.003350413 -0.003005739 0.002453713 0.999994576 -0.002208344 -0.005167066 0.003355830 0.002200104 0.999991953 0.666506350
0.999969363 -0.001443094 -0.007690972 -0.006767587 0.001415423 0.999992490 -0.003601995 -0.008834664 0.007696112 0.003590999 0.999963939 1.378394842
0.999933422 -0.001212414 -0.011470785 -0.023339752 0.001154186 0.999986529 -0.005081470 -0.009958766 0.011476789 0.005067891 0.999921262 2.079906940
0.999865115 0.000018057 -0.016421232 -0.042417470 -0.000113830 0.999983013 -0.005831296 -0.012079219 0.016420847 0.005832378 0.999848068 2.810190916
0.999788821 -0.000842985 -0.020531010 -0.061250057 0.000725369 0.999983370 -0.005735448 -0.028651871 0.020535499 0.005719345 0.999772727 3.543676853
0.999684632 0.000951697 -0.025095332 -0.086106524 -0.001131869 0.999973595 -0.007166255 -0.031143039 0.025087848 0.007192399 0.999659419 4.298961639
0.999557376 0.003782623 -0.029509960 -0.122248963 -0.004011674 0.999962211 -0.007706495 -0.042306438 0.029479694 0.007821467 0.999534786 5.059003830
0.999403179 0.004271286 -0.034281194 -0.148142517 -0.004491513 0.999969780 -0.006349726 -0.044709422 0.034253035 0.006499910 0.999392033 5.861902237
0.999238014 0.003667532 -0.038860191 -0.182081580 -0.003821810 0.999985158 -0.003896537 -0.049481288 0.038845327 0.004042085 0.999237061 6.663442135
0.999113858 0.003296722 -0.041962132 -0.225890219 -0.003342824 0.999993861 -0.001028517 -0.058314066 0.041958489 0.001167879 0.999118626 7.467760563
0.999006629 0.004650601 -0.044319991 -0.273946822 -0.004731967 0.999987304 -0.001731136 -0.067720592 0.044311389 0.001939137 0.999015868 8.273734093
0.998907089 0.004581932 -0.046514198 -0.317458987 -0.004687423 0.999986708 -0.002159080 -0.076174095 0.046503697 0.002374752 0.998915255 9.104601860
0.998841584 0.001670109 -0.048089776 -0.360471129 -0.001801121 0.999994814 -0.002681121 -0.082252845 0.048085049 0.002764631 0.998839438 9.938860893
0.998719156 0.001045266 -0.050583836 -0.398254693 -0.001123663 0.999998212 -0.001521441 -0.093193658 0.050582148 0.001576331 0.998718679 10.791499138
0.998617113 -0.000502857 -0.052569281 -0.440873832 0.000378895 0.999997199 -0.002368016 -0.096056454 0.052570313 0.002344823 0.998614430 11.644061089
0.998541117 0.001760588 -0.053967431 -0.489443183 -0.001976573 0.999990225 -0.003949032 -0.115891531 0.053959940 0.004049941 0.998534977 12.482649803
0.998472035 0.002200453 -0.055215269 -0.546024263 -0.002586986 0.999972582 -0.006929985 -0.120528430 0.055198506 0.007062238 0.998450398 13.348870277
0.998386025 0.005992269 -0.056474194 -0.612283707 -0.006492351 0.999941289 -0.008675750 -0.134127229 0.056418888 0.009028397 0.998366356 14.220260620
0.998306572 0.006586638 -0.057797398 -0.660697937 -0.007048970 0.999944746 -0.007798956 -0.150682837 0.057742842 0.008193161 0.998297811 15.121014595
0.998213887 0.006517302 -0.059385188 -0.716045380 -0.006895245 0.999957263 -0.006161563 -0.169988468 0.059342485 0.006560033 0.998216152 15.989049911
0.998127162 0.007240642 -0.060743429 -0.775772333 -0.007552085 0.999959469 -0.004899181 -0.179952383 0.060705487 0.005348745 0.998141468 16.887462616
0.998077273 0.006857701 -0.061601199 -0.837254703 -0.007156269 0.999963641 -0.004627461 -0.197047338 0.061567225 0.005059398 0.998090148 17.793066025
0.997951806 0.006469251 -0.063642390 -0.889423132 -0.006842302 0.999960661 -0.005645471 -0.206942379 0.063603364 0.006069369 0.997956812 18.699928284
0.997876048 0.004957652 -0.064951353 -0.950197220 -0.005371001 0.999966443 -0.006190915 -0.220288366 0.064918466 0.006526620 0.997869313 19.615554810
0.997844219 0.004582798 -0.065467522 -1.007763505 -0.004883438 0.999978244 -0.004432913 -0.232023925 0.065445781 0.004743063 0.997844815 20.534954071
0.997860193 0.006565064 -0.065052688 -1.078220963 -0.006656808 0.999977171 -0.001193646 -0.243558556 0.065043330 0.001624136 0.997881114 21.454797745
0.997916162 0.007666944 -0.064066380 -1.141779065 -0.007518459 0.999968529 0.002558443 -0.252948582 0.064083986 -0.002071430 0.997942328 22.387023926
0.998041213 0.006946318 -0.062171418 -1.210701466 -0.006647457 0.999965370 0.005012598 -0.255110323 0.062204070 -0.004589497 0.998052835 23.321329117
0.998112619 0.006717176 -0.061041318 -1.261042237 -0.006348228 0.999960363 0.006236171 -0.265958369 0.061080780 -0.005836896 0.998115659 24.265945435
0.998192132 0.007083914 -0.059684940 -1.317927957 -0.006894025 0.999970496 0.003386861 -0.272885740 0.059707168 -0.002969269 0.998211384 25.211170197
0.998226583 0.007511596 -0.059053872 -1.375366688 -0.007600951 0.999970317 -0.001288618 -0.278570831 0.059042443 0.001735198 0.998253882 26.151088715
0.998303294 0.007351728 -0.057762794 -1.428423166 -0.007601921 0.999962687 -0.004112823 -0.294500411 0.057730403 0.004544953 0.998321891 27.109786987
0.998348773 0.004510680 -0.057267897 -1.479458570 -0.004696369 0.999984145 -0.003108266 -0.303920776 0.057252962 0.003372085 0.998354018 28.067956924
0.998371124 0.002939719 -0.056979317 -1.546173930 -0.002840895 0.999994338 0.001815281 -0.314180762 0.056984331 -0.001650451 0.998373747 29.043769836
0.998331487 -0.000532259 -0.057741478 -1.597935677 0.000843819 0.999985158 0.005371538 -0.327029318 0.057737771 -0.005411298 0.998317063 30.005907059
0.998218477 -0.008133648 -0.059109099 -1.644667864 0.008426704 0.999953449 0.004710310 -0.333232760 0.059068035 -0.005200013 0.998240411 30.983337402
0.998133600 -0.010335729 -0.060187060 -1.703094959 0.010405541 0.999945462 0.000846626 -0.338118911 0.060175028 -0.001471325 0.998186707 31.954589844
0.998050928 -0.010049690 -0.061590355 -1.765530944 0.009864647 0.999945939 -0.003307769 -0.343780011 0.061620269 0.002693755 0.998095989 32.931716919
0.997968137 -0.008469478 -0.063148215 -1.849010468 0.008231634 0.999958038 -0.004025657 -0.353258580 0.063179664 0.003497664 0.997995973 33.913337708
0.997887075 -0.009033361 -0.064341493 -1.897474289 0.008913353 0.999957979 -0.002151970 -0.371486306 0.064358249 0.001573925 0.997925580 34.895835876
0.997816563 -0.005986248 -0.065774739 -1.966214061 0.006030521 0.999981701 0.000474588 -0.382666290 0.065770715 -0.000870207 0.997834325 35.896099091
0.997745693 -0.005969579 -0.066842578 -2.037984848 0.006111806 0.999979436 0.001923498 -0.394142359 0.066829734 -0.002327691 0.997761667 36.879379272
0.997696340 -0.004827099 -0.067666516 -2.110538960 0.005149000 0.999976218 0.004583573 -0.402289271 0.067642786 -0.004921429 0.997697473 37.854911804
0.997700453 -0.004890269 -0.067602813 -2.174272299 0.005414703 0.999956667 0.007576514 -0.410022229 0.067562856 -0.007925140 0.997683525 38.847160339
0.997676373 0.001049711 -0.068123810 -2.253684282 -0.000392114 0.999953210 0.009665629 -0.410344154 0.068130769 -0.009616457 0.997630000 39.833026886
0.997670114 0.000854390 -0.068217516 -2.334557533 -0.000241179 0.999959469 0.008996782 -0.414571375 0.068222441 -0.008959369 0.997629821 40.821811676
0.997664571 0.001106150 -0.068295032 -2.392451048 -0.000595498 0.999971747 0.007497050 -0.421123624 0.068301395 -0.007438870 0.997636974 41.815872192
0.997660995 0.003421942 -0.068269886 -2.473235369 -0.003081217 0.999982297 0.005095523 -0.424013555 0.068286113 -0.004873251 0.997653842 42.813430786
0.997615457 0.002997374 -0.068953544 -2.549701691 -0.002639662 0.999982595 0.005278250 -0.430705726 0.068968177 -0.005083650 0.997605860 43.787391663
0.997526109 0.000827502 -0.070291981 -2.612731457 -0.000372049 0.999978781 0.006492294 -0.439860225 0.070295855 -0.006450080 0.997505307 44.778114319
0.997481346 0.001175745 -0.070919849 -2.684457779 -0.000625335 0.999969423 0.007782714 -0.448844135 0.070926845 -0.007718762 0.997451603 45.759708405
0.997465551 0.003651413 -0.071058169 -2.765247822 -0.003366084 0.999985695 0.004134764 -0.458317876 0.071072266 -0.003885095 0.997463524 46.727649689
0.997370303 0.004450893 -0.072337553 -2.837448597 -0.004474318 0.999989986 -0.000161790 -0.467325628 0.072336093 0.000485027 0.997380197 47.692363739
0.997305870 0.004720404 -0.073203892 -2.899188042 -0.004830258 0.999987364 -0.001323687 -0.473657012 0.073196739 0.001673715 0.997316062 48.663017273
0.997302890 0.003723541 -0.073301479 -2.973075390 -0.003550895 0.999990582 0.002485465 -0.487955451 0.073310055 -0.002218477 0.997306705 49.643115997
0.997310221 0.001687190 -0.073275991 -3.048815012 -0.001289437 0.999984145 0.005475109 -0.498061925 0.073284067 -0.005365897 0.997296691 50.607822418
0.997276127 -0.000747015 -0.073755696 -3.108700752 0.001202460 0.999980450 0.006130842 -0.504664779 0.073749684 -0.006202831 0.997257471 51.564128876
0.997247577 -0.003996902 -0.074036598 -3.178889751 0.004375237 0.999978185 0.004948622 -0.513397574 0.074015193 -0.005258929 0.997243285 52.522842407
0.997205079 -0.007031158 -0.074380852 -3.247590065 0.007326229 0.999966323 0.003694944 -0.522627175 0.074352346 -0.004229548 0.997223020 53.469432831
0.997121692 -0.008273320 -0.075364754 -3.320769310 0.008646664 0.999951899 0.004628857 -0.529904425 0.075322822 -0.005267188 0.997145295 54.426952362
0.996992886 -0.011709068 -0.076602995 -3.392021894 0.012424921 0.999883413 0.008875038 -0.536167085 0.076490149 -0.009800136 0.997022152 55.371070862
0.996933877 -0.012026689 -0.077320315 -3.458686113 0.013137749 0.999817312 0.013876989 -0.539080441 0.077139303 -0.014850255 0.996909618 56.312526703
0.996935487 -0.010285540 -0.077549428 -3.543587208 0.011545336 0.999808252 0.015814273 -0.536294997 0.077371903 -0.016661147 0.996862948 57.257778168
0.996817648 -0.008997760 -0.079206966 -3.619434357 0.009954227 0.999882102 0.011688992 -0.537868321 0.079092450 -0.012440237 0.996789575 58.188446045
0.996733069 -0.006973899 -0.080462940 -3.695041180 0.007322891 0.999964952 0.004043039 -0.545800090 0.080431938 -0.004619053 0.996749401 59.093879700
0.996665716 -0.005608848 -0.081400782 -3.775642633 0.005581581 0.999984205 -0.000562512 -0.555200219 0.081402652 0.000106292 0.996681273 60.020526886
0.996646523 -0.000300833 -0.081827916 -3.864974260 0.000317850 0.999999940 0.000194929 -0.565539718 0.081827849 -0.000220284 0.996646464 60.916927338
0.996519387 0.002196999 -0.083333090 -3.948482752 -0.001961677 0.999993920 0.002905648 -0.581674337 0.083338968 -0.002732061 0.996517420 61.818859100
0.996415615 0.004741592 -0.084459722 -4.021072388 -0.004408106 0.999981761 0.004134521 -0.594529271 0.084477782 -0.003747394 0.996418297 62.698280334
0.996300757 0.005223917 -0.085775800 -4.098398209 -0.004904136 0.999980211 0.003938398 -0.602900982 0.085794672 -0.003503173 0.996306717 63.566047668
0.996165037 0.006946257 -0.087219201 -4.178138733 -0.006550522 0.999966919 0.004822650 -0.612817645 0.087249815 -0.004232823 0.996177495 64.416358948
0.996031880 0.007970386 -0.088639058 -4.256339073 -0.007508263 0.999956429 0.005545738 -0.626261830 0.088679403 -0.004858206 0.996048391 65.257461548
0.995915949 0.007612570 -0.089963615 -4.331829071 -0.007106803 0.999957025 0.005940893 -0.635668159 0.090004988 -0.005277277 0.995927274 66.072029114
0.995813251 0.007346049 -0.091115139 -4.407068253 -0.006745121 0.999953389 0.006901443 -0.641773939 0.091161601 -0.006257966 0.995816410 66.875930786
0.995654762 0.010277885 -0.092552856 -4.485937595 -0.009423971 0.999908924 0.009658536 -0.648693979 0.092643701 -0.008744352 0.995660901 67.677604675
0.995520771 0.011756537 -0.093808636 -4.564918995 -0.010499016 0.999848425 0.013887466 -0.655663669 0.093957685 -0.012840364 0.995493352 68.459243774
0.995336115 0.014879668 -0.095313504 -4.654015064 -0.013459790 0.999788940 0.015522597 -0.657822609 0.095524348 -0.014167305 0.995326281 69.247825623
0.995163143 0.017909147 -0.096590661 -4.734520435 -0.016882407 0.999792099 0.011436677 -0.664457321 0.096775390 -0.009750674 0.995258510 69.997154236
0.995010078 0.017736120 -0.098184891 -4.804538250 -0.017405601 0.999839544 0.004221906 -0.674655318 0.098244011 -0.002491872 0.995159209 70.721801758
0.994879365 0.017083477 -0.099615425 -4.878638268 -0.017335387 0.999848306 -0.001663712 -0.679908097 0.099571891 0.003382064 0.995024621 71.429885864
0.994817555 0.017698063 -0.100125141 -4.952923775 -0.018081609 0.999832213 -0.002924423 -0.684755921 0.100056596 0.004719690 0.994970500 72.122642517
0.994712651 0.020380836 -0.100654766 -5.031935215 -0.020425864 0.999791205 0.000583355 -0.694213271 0.100645632 0.001475690 0.994921207 72.794929504
0.994587719 0.021118401 -0.101731166 -5.107365608 -0.020933006 0.999776721 0.002889694 -0.711851358 0.101769462 -0.000744515 0.994807661 73.447593689
0.994543314 0.017822556 -0.102790423 -5.172231674 -0.017961057 0.999838531 -0.000421956 -0.722236276 0.102766298 0.002265878 0.994702935 74.075836182
0.994625866 0.009317227 -0.103114121 -5.219161034 -0.009932061 0.999935746 -0.005450818 -0.739160120 0.103056692 0.006445660 0.994654715 74.687698364
0.994737566 0.005417403 -0.102313422 -5.270740509 -0.006482746 0.999928057 -0.010082893 -0.750176013 0.102251440 0.010693102 0.994701207 75.283378601
0.995016158 0.007617832 -0.099423066 -5.326150894 -0.008671224 0.999910653 -0.010167216 -0.765443206 0.099336721 0.010978663 0.994993389 75.862426758
0.995403469 0.012808257 -0.094909362 -5.397344589 -0.013565359 0.999881089 -0.007336177 -0.776047051 0.094804116 0.008589935 0.995458901 76.434463501
0.995846868 0.011266408 -0.090344407 -5.446635246 -0.011717962 0.999921381 -0.004469269 -0.782782435 0.090286970 0.005509361 0.995900571 76.992942810
0.996394455 0.007686633 -0.084491335 -5.486013412 -0.007758699 0.999969721 -0.000524621 -0.790808678 0.084484756 0.001178273 0.996424079 77.533843994
0.997064590 0.002967760 -0.076507308 -5.509428501 -0.002726495 0.999990940 0.003257751 -0.809273839 0.076516286 -0.003039591 0.997063637 78.060493469
0.997811317 0.006597925 -0.065795004 -5.543752670 -0.006401716 0.999974370 0.003192500 -0.819169044 0.065814361 -0.002764311 0.997828066 78.576553345
0.998647213 0.011709592 -0.050661404 -5.571306705 -0.011590357 0.999929309 0.002646741 -0.825675011 0.050688803 -0.002055977 0.998712361 79.081176758
0.999326766 0.016873058 -0.032575764 -5.586272717 -0.016789438 0.999854982 0.002838813 -0.827167869 0.032618929 -0.002289974 0.999465227 79.571678162
0.999825180 0.015481711 -0.010488159 -5.576558590 -0.015443652 0.999873877 0.003700108 -0.836641431 0.010544119 -0.003537485 0.999938190 80.043998718
0.999800861 0.012009998 0.015935322 -5.549141884 -0.012082040 0.999917209 0.004432448 -0.841070771 -0.015880771 -0.004624097 0.999863207 80.509391785
0.998911381 0.011152484 0.045297302 -5.501977921 -0.011448949 0.999914646 0.006290693 -0.852487862 -0.045223277 -0.006802451 0.998953819 80.966316223
0.996866763 0.010538352 0.078394927 -5.448108673 -0.011197166 0.999905527 0.007968958 -0.863924205 -0.078303538 -0.008821789 0.996890545 81.418663025
0.993205667 0.010432583 0.115903802 -5.377000809 -0.011442424 0.999902070 0.008050790 -0.865121722 -0.115808472 -0.009322311 0.993227720 81.838279724
0.987461269 0.010687912 0.157499284 -5.283846855 -0.012085706 0.999895513 0.007919862 -0.869245768 -0.157398164 -0.009724045 0.987487257 82.263748169
0.979213953 0.010102917 0.202578098 -5.167522430 -0.011926739 0.999898553 0.007784342 -0.875594378 -0.202478886 -0.010038632 0.979235172 82.681610107
0.967692316 0.012625411 0.251817286 -5.040784836 -0.014469635 0.999880314 0.005473246 -0.881727099 -0.251718074 -0.008940123 0.967759252 83.077758789
0.952384174 0.013508030 0.304601371 -4.888483047 -0.015042832 0.999883235 0.002692371 -0.893837929 -0.304529458 -0.007146237 0.952476084 83.451309204
0.932558775 0.013477171 0.360766500 -4.721971512 -0.014804431 0.999889970 0.000915591 -0.903957427 -0.360714465 -0.006194785 0.932655752 83.805664062
0.908486605 0.013768239 0.417687178 -4.517372131 -0.014719937 0.999891281 -0.000942990 -0.909898818 -0.417654663 -0.005291635 0.908590376 84.152374268
0.879532039 0.014242682 0.475626439 -4.301582336 -0.014389507 0.999890804 -0.003332648 -0.913392067 -0.475622058 -0.003912858 0.879641056 84.477058411
0.845852613 0.012835582 0.533262193 -4.060859680 -0.011769939 0.999916136 -0.005398603 -0.921271145 -0.533286691 -0.001710040 0.845932901 84.789070129
0.808890343 0.013377171 0.587807477 -3.801044464 -0.010757658 0.999910474 -0.007951941 -0.919205546 -0.587861240 0.000108818 0.808961809 85.077507019
0.769157112 0.011206695 0.638961434 -3.517284393 -0.009576567 0.999936104 -0.006009900 -0.938819051 -0.638987958 -0.001496498 0.769215345 85.353363037
0.728621006 0.010833855 0.684831500 -3.224830627 -0.011281907 0.999929070 -0.003815322 -0.947854936 -0.684824169 -0.004946281 0.728691518 85.552291870
0.683113277 0.009972657 0.730244458 -2.923061371 -0.010488358 0.999937654 -0.003844327 -0.952596664 -0.730237126 -0.005032953 0.683175266 85.786087036
0.636736929 0.008760406 0.771031380 -2.599727631 -0.007397636 0.999958754 -0.005252311 -0.959014416 -0.771045566 -0.002359469 0.636775553 85.992416382
0.589839578 0.006071446 0.807497799 -2.264766693 -0.001670225 0.999978840 -0.006298658 -0.967494905 -0.807518840 0.002366495 0.589837134 86.178543091
0.543462992 0.007830089 0.839396715 -1.931365967 -0.003658949 0.999969125 -0.006958979 -0.980633259 -0.839425087 0.000710637 0.543474913 86.344329834
0.495979428 0.011108539 0.868263304 -1.596210480 -0.006979729 0.999936819 -0.008806126 -0.984896779 -0.868306220 -0.001692584 0.496025622 86.506950378
0.451196253 0.013364953 0.892324805 -1.256484985 -0.007951652 0.999908328 -0.010955623 -0.993606269 -0.892389357 -0.002152320 0.451261193 86.633094788
0.407261968 0.011149886 0.913243294 -0.908594131 -0.001361487 0.999931812 -0.011601118 -1.002455950 -0.913310349 0.003481325 0.407249421 86.760406494
0.368010759 0.003304102 0.929815650 -0.539327621 0.014091698 0.999859095 -0.009130340 -1.007047772 -0.929714799 0.016462743 0.367912382 86.845657349
0.332642168 -0.000490339 0.943052888 -0.169984818 0.018186467 0.999817252 -0.005895043 -1.012577534 -0.942877710 0.019111745 0.332590312 86.938049316
0.299692363 0.003674695 0.954028726 0.197107315 0.015731720 0.999837577 -0.008793000 -1.019918203 -0.953906178 0.017643711 0.299585879 87.033546448
0.268744826 0.010932625 0.963149309 0.558557510 0.004533273 0.999910176 -0.012614800 -1.037651181 -0.963200748 0.007756381 0.268671095 87.131774902
0.239557639 0.016292719 0.970745385 0.949056625 0.000120349 0.999858677 -0.016811041 -1.046185017 -0.970882118 0.004144042 0.239521816 87.233535767
0.213899195 0.017800516 0.976693451 1.339673996 0.001745526 0.999825418 -0.018604372 -1.060966372 -0.976854146 0.005684304 0.213830724 87.298149109
0.190224707 0.019384848 0.981549203 1.749332428 0.008898018 0.999729872 -0.021468341 -1.070506811 -0.981700301 0.012817651 0.190000832 87.356155396
0.170382485 0.025272314 0.985053778 2.160233498 0.015802803 0.999472320 -0.028375603 -1.075651646 -0.985251188 0.020401316 0.169893265 87.393959045
0.151097715 0.032630108 0.987980008 2.585935593 0.017278312 0.999215186 -0.035643645 -1.072909117 -0.988367796 0.022456305 0.150415331 87.439743042
0.133148715 0.033020448 0.990545869 3.025006294 0.015507123 0.999253035 -0.035395175 -1.085148811 -0.990974784 0.020073336 0.132537216 87.499824524
0.117421322 0.028623518 0.992669642 3.482170105 0.013386033 0.999448061 -0.030402387 -1.110011697 -0.992991924 0.016857795 0.116973341 87.551193237
0.102928489 0.025307063 0.994366705 3.953296661 0.013572424 0.999547422 -0.026843812 -1.131676197 -0.994596183 0.016258961 0.102538414 87.595100403
0.089895047 0.022951365 0.995686710 4.431955338 0.015727200 0.999577105 -0.024460960 -1.149566174 -0.995827019 0.017858285 0.089496091 87.622482300
0.078265876 0.022061035 0.996688426 4.926226616 0.020200428 0.999514759 -0.023709850 -1.163082719 -0.996727765 0.021989202 0.077782258 87.648239136
0.068147302 0.022774830 0.997415304 5.438377857 0.023274785 0.999431014 -0.024411082 -1.178119063 -0.997403681 0.024878178 0.067578427 87.673294067
0.060125709 0.023304133 0.997918665 5.962797642 0.025491776 0.999365509 -0.024873830 -1.194882154 -0.997865200 0.026934277 0.059493482 87.699348450
0.054672852 0.023543583 0.998226762 6.512994766 0.027140483 0.999317586 -0.025055798 -1.211904526 -0.998135388 0.028462231 0.053996548 87.723670959
0.049269427 0.024570286 0.998483181 7.078322887 0.028348299 0.999260128 -0.025988232 -1.224473715 -0.998383164 0.029585728 0.048536450 87.745033264
0.043578856 0.025211450 0.998731792 7.653482914 0.028836852 0.999233305 -0.026482381 -1.241400242 -0.998633683 0.029954350 0.042818423 87.762786865
0.039050240 0.025070049 0.998922646 8.255955696 0.031417355 0.999160111 -0.026304189 -1.262007952 -0.998743296 0.032410696 0.038229816 87.784103394
0.036089778 0.025210559 0.999030471 8.880311012 0.032754038 0.999114931 -0.026395919 -1.278553367 -0.998811603 0.033674914 0.035232078 87.801933289
0.033077274 0.024728287 0.999146879 9.518190384 0.033765219 0.999095559 -0.025844831 -1.297248483 -0.998882234 0.034591287 0.032212395 87.819183350
0.030662492 0.023930339 0.999243200 10.171131134 0.036058575 0.999036133 -0.025031857 -1.320258737 -0.998879135 0.036798824 0.029770041 87.837791443
0.030062964 0.023599330 0.999269366 10.847604752 0.040654454 0.998865068 -0.024812872 -1.339047790 -0.998720825 0.041370694 0.029069431 87.850326538
0.031265449 0.023190098 0.999242127 11.541322708 0.044046450 0.998727679 -0.024556339 -1.360483408 -0.998540163 0.044780824 0.030204227 87.867225647
0.033618640 0.023248779 0.999164343 12.238858223 0.045390669 0.998662293 -0.024764352 -1.378593802 -0.998403370 0.046185285 0.032518398 87.884315491
0.037346754 0.023300583 0.999030709 12.960674286 0.047782183 0.998542964 -0.025075445 -1.398850083 -0.998159289 0.048672356 0.036178999 87.913139343
0.041682344 0.022602890 0.998875201 13.694093704 0.048396666 0.998524845 -0.024614517 -1.424182653 -0.997958064 0.049368221 0.040526956 87.944808960
0.045558210 0.020940086 0.998742282 14.451765060 0.049764629 0.998491347 -0.023204871 -1.445568323 -0.997721374 0.050759207 0.044447415 87.984802246
0.049695704 0.019525465 0.998573542 15.211847305 0.049488734 0.998532593 -0.021987554 -1.463275909 -0.997537553 0.050510820 0.048656482 88.016708374
0.053709816 0.017314833 0.998406470 15.988077164 0.046379648 0.998727262 -0.019815413 -1.486024976 -0.997479022 0.047370020 0.052838400 88.068481445
0.057804301 0.016346393 0.998194158 16.780443192 0.045534082 0.998782218 -0.018992849 -1.505922079 -0.997288942 0.046549719 0.056989599 88.122940063
0.061993293 0.017459264 0.997923911 17.589202881 0.043092426 0.998867810 -0.020152777 -1.525327444 -0.997145832 0.044252295 0.061170738 88.176132202
0.064768106 0.021704400 0.997664273 18.390459061 0.040710356 0.998873591 -0.024373615 -1.552368760 -0.997069538 0.042193901 0.063811563 88.237541199
0.066364191 0.026625782 0.997440219 19.180454254 0.034977544 0.998967528 -0.028993763 -1.584740162 -0.997182190 0.036812153 0.065364361 88.297828674
0.065862417 0.029768897 0.997384548 20.000347137 0.031992394 0.998977959 -0.031929076 -1.613672733 -0.997315705 0.034011643 0.064842738 88.364356995
0.065846987 0.029560601 0.997391701 20.812864304 0.029697418 0.999060214 -0.031570647 -1.642274857 -0.997387707 0.031698789 0.064907238 88.428909302
0.065791391 0.027759094 0.997447193 21.620643616 0.026907330 0.999200046 -0.029582683 -1.677114248 -0.997470498 0.028784923 0.064991839 88.490173340
0.065898024 0.026226241 0.997481644 22.455890656 0.027549893 0.999225616 -0.028092165 -1.716240883 -0.997445881 0.029331729 0.065124460 88.542945862
0.066199347 0.025343543 0.997484446 23.271905899 0.025315316 0.999312997 -0.027070079 -1.753775835 -0.997485161 0.027043659 0.065512270 88.605186462
0.066099957 0.025660470 0.997482955 24.083183289 0.023378782 0.999355018 -0.027257863 -1.786632538 -0.997539103 0.025121683 0.065457411 88.666458130
0.066461436 0.026485967 0.997437418 24.900115967 0.020251406 0.999405921 -0.027887631 -1.818674922 -0.997583449 0.022052959 0.065885566 88.724395752
0.065037504 0.028002592 0.997489810 25.709430695 0.017607559 0.999418318 -0.029204763 -1.849212170 -0.997727454 0.019462761 0.064506605 88.785835266
0.062083337 0.027330447 0.997696638 26.525400162 0.014293159 0.999498129 -0.028269209 -1.886966467 -0.997968614 0.016015280 0.061661530 88.845977783
0.058569774 0.026394159 0.997934520 27.332111359 0.011983238 0.999559820 -0.027140461 -1.916736722 -0.998211324 0.013548097 0.058227718 88.895484924
0.053767912 0.023841185 0.998268902 28.145038605 0.010162449 0.999650121 -0.024421539 -1.948270440 -0.998501658 0.011457951 0.053506818 88.944328308
0.047529772 0.021621812 0.998635888 28.951349258 0.007944123 0.999725938 -0.022023516 -1.981195450 -0.998838186 0.008980058 0.047344990 88.986053467
0.040180147 0.022112301 0.998947799 29.755796432 0.007895799 0.999716878 -0.022446912 -2.010012627 -0.999161184 0.008789413 0.039994176 89.019332886
0.031606793 0.022909747 0.999237835 30.556921005 0.007796075 0.999701262 -0.023166968 -2.038951159 -0.999469936 0.008522368 0.031418741 89.044387817
0.021429604 0.023545865 0.999493182 31.357372284 0.008269059 0.999684334 -0.023727659 -2.066244841 -0.999736130 0.008773342 0.021228138 89.064888000
0.011192819 0.022389708 0.999686599 32.147960663 0.009655100 0.999700308 -0.022498112 -2.097046852 -0.999890745 0.009903892 0.010973289 89.071159363
0.000218833 0.021276379 0.999773562 32.941608429 0.008424417 0.999738216 -0.021277467 -2.128486872 -0.999964535 0.008427165 0.000039532 89.074790955
-0.011035622 0.020545678 0.999728024 33.724212646 0.009682620 0.999744296 -0.020439127 -2.156758070 -0.999892175 0.009454428 -0.011231734 89.065956116
-0.021747628 0.021188105 0.999538958 34.504619598 0.009984916 0.999730170 -0.020974912 -2.179710627 -0.999713600 0.009524157 -0.021953318 89.046142578
-0.033018276 0.021973539 0.999213219 35.282291412 0.010024869 0.999715269 -0.021653317 -2.205496311 -0.999404371 0.009302027 -0.033229150 89.021484375
-0.043275379 0.022796381 0.998803079 36.055290222 0.009830046 0.999700963 -0.022390969 -2.236939669 -0.999014735 0.008849303 -0.043486517 88.980010986
-0.053815383 0.023639776 0.998271048 36.819335938 0.010406894 0.999678731 -0.023112087 -2.263391495 -0.998496652 0.009145115 -0.054044105 88.939720154
-0.063158534 0.024394933 0.997705281 37.578094482 0.011407882 0.999653578 -0.023720406 -2.294424057 -0.997938275 0.009883559 -0.063414931 88.885437012
-0.072774567 0.025010638 0.997034788 38.332973480 0.011895563 0.999636352 -0.024207622 -2.320424557 -0.997277498 0.010098591 -0.073045619 88.830673218
-0.082273953 0.025277242 0.996289194 39.073406219 0.012617324 0.999624670 -0.024319924 -2.350598335 -0.996529937 0.010569606 -0.082562014 88.771675110
-0.090815149 0.024822185 0.995558381 39.807121277 0.013953342 0.999622941 -0.023650697 -2.375744581 -0.995770037 0.011743526 -0.091127247 88.699699402
-0.098040007 0.023597538 0.994902611 40.537109375 0.015783390 0.999629915 -0.022154331 -2.407255173 -0.995057285 0.013530927 -0.098376170 88.619903564
-0.103394799 0.022073479 0.994395435 41.258884430 0.018589813 0.999621987 -0.020256571 -2.433804989 -0.994466662 0.016391205 -0.103766054 88.544830322
-0.106857233 0.020363674 0.994065821 41.966117859 0.021787614 0.999598145 -0.018134944 -2.459880352 -0.994035661 0.019720472 -0.107257962 88.458358765
-0.109749116 0.019618111 0.993765712 42.677928925 0.023424760 0.999578476 -0.017145887 -2.475737095 -0.993683219 0.021396974 -0.110162400 88.380096436
-0.111641958 0.018570747 0.993574917 43.363460541 0.023272920 0.999599993 -0.016068328 -2.500508785 -0.993475854 0.021329490 -0.112029493 88.306304932
-0.112191826 0.019122129 0.993502617 44.031669617 0.024640439 0.999560893 -0.016456202 -2.520941496 -0.993381023 0.022634085 -0.112613752 88.224845886
-0.111180350 0.020096235 0.993597031 44.682289124 0.025182223 0.999531507 -0.017398452 -2.541959524 -0.993481159 0.023086617 -0.111634344 88.154060364
-0.108168505 0.021527003 0.993899584 45.302268982 0.026105018 0.999482334 -0.018806851 -2.566974401 -0.993789792 0.023911454 -0.108674459 88.087921143
-0.103068054 0.022294734 0.994424462 45.935218811 0.026503107 0.999455333 -0.019660583 -2.588626146 -0.994321167 0.024328958 -0.103602797 88.024208069
-0.094993189 0.023127832 0.995209217 46.533031464 0.026104473 0.999444187 -0.020734560 -2.608753681 -0.995135546 0.024009770 -0.095544115 87.972076416
-0.083966754 0.023007393 0.996202946 47.114253998 0.024457604 0.999479771 -0.021021619 -2.634937763 -0.996168435 0.022599617 -0.084485769 87.934562683
-0.070096746 0.023111396 0.997272491 47.670871735 0.023858158 0.999484479 -0.021485703 -2.659512997 -0.997254908 0.022287004 -0.070612013 87.902694702
-0.053401686 0.024318937 0.998276949 48.212032318 0.022605956 0.999476612 -0.023138877 -2.686902523 -0.998317242 0.021331346 -0.053923491 87.896209717
-0.032024741 0.026875544 0.999125719 48.737457275 0.020700861 0.999441803 -0.026220530 -2.708623886 -0.999272764 0.019843053 -0.032563210 87.888946533
-0.007383551 0.029998474 0.999522805 49.260093689 0.018589599 0.999381244 -0.029856909 -2.732474327 -0.999799907 0.018360274 -0.007936638 87.904907227
0.020945515 0.031699382 0.999277949 49.773708344 0.016718201 0.999346316 -0.032051977 -2.754208565 -0.999640822 0.017377475 0.020401873 87.937118530
0.053856190 0.031015728 0.998066962 50.279079437 0.013758496 0.999399662 -0.031799555 -2.780762196 -0.998453856 0.015444503 0.053397112 87.986900330
0.092904627 0.028189501 0.995275915 50.750965118 0.012339339 0.999489784 -0.029460676 -2.809086084 -0.995598555 0.015018080 0.092509381 88.029983521
0.134736732 0.024714857 0.990573049 51.290138245 0.010828082 0.999592423 -0.026412716 -2.828630447 -0.990822256 0.014284768 0.134414196 88.133621216
0.180281907 0.020477969 0.983401775 51.779804230 0.008176842 0.999717593 -0.022316737 -2.848280907 -0.983581007 0.012064424 0.180063561 88.247154236
0.228889957 0.017234508 0.973299742 52.265228271 0.003560739 0.999821723 -0.018541519 -2.866064072 -0.973445773 0.007709633 0.228787780 88.388633728
0.280991316 0.015789803 0.959580362 52.729400635 -0.000427946 0.999866605 -0.016327398 -2.884456635 -0.959710240 0.004177206 0.280960560 88.552207947
0.335451305 0.015308782 0.941933155 53.177223206 -0.001957664 0.999877155 -0.015553332 -2.904273510 -0.942055464 0.003373397 0.335440040 88.747344971
0.390825003 0.016376896 0.920319319 53.595088959 0.000808677 0.999835253 -0.018135279 -2.912474871 -0.920464694 0.007831961 0.390747398 88.985374451
0.451487482 0.018981388 0.892075598 54.011703491 0.001808636 0.999752164 -0.022187879 -2.935286999 -0.892275691 0.011630989 0.451341212 89.222198486
0.511326611 0.022473581 0.859092653 54.407142639 0.002484610 0.999615133 -0.027628429 -2.951751709 -0.859382987 0.016261661 0.511074007 89.491020203
0.570355177 0.027653974 0.820932567 54.767913818 -0.001184389 0.999459803 -0.032844972 -2.949996471 -0.821397424 0.017760996 0.570079744 89.775794983
0.623536885 0.030654311 0.781192780 55.082801819 -0.005215961 0.999371827 -0.035052426 -2.965195894 -0.781776488 0.017781811 0.623305082 90.117126465
0.676903248 0.031099636 0.735414803 55.408084869 -0.006855773 0.999330044 -0.035949923 -2.986638308 -0.736040115 0.019292785 0.676662982 90.459259033
0.724720359 0.029452354 0.688413501 55.674884796 -0.007394935 0.999360919 -0.034970663 -3.002621174 -0.689003468 0.020253174 0.724475026 90.813522339
0.769848704 0.026671717 0.637668967 55.940563202 -0.010130947 0.999511182 -0.029575510 -3.016380787 -0.638145983 0.016308481 0.769742608 91.201942444
0.812029660 0.022765107 0.583171785 56.204082489 -0.011268044 0.999664247 -0.023333563 -3.019149542 -0.583507121 0.012376343 0.812013686 91.603981018
0.848735929 0.020744761 0.528409779 56.424102783 -0.013866742 0.999759734 -0.016976546 -3.026946545 -0.528635085 0.007081282 0.848819613 92.028594971
0.879625738 0.017625852 0.475339770 56.604454041 -0.014875918 0.999843836 -0.009546559 -3.034993887 -0.475433767 0.001326286 0.879750550 92.460395813
0.905474663 0.018610559 0.423992068 56.767749786 -0.018842272 0.999815881 -0.003646132 -3.049872637 -0.423981845 -0.004687494 0.905658662 92.887847900
0.925080776 0.020181015 0.379233897 56.874015808 -0.022054384 0.999756575 0.000595886 -3.069422960 -0.379129529 -0.008915011 0.925300658 93.289894104
0.940157831 0.025720859 0.339767039 56.992500305 -0.028609289 0.999584496 0.003493792 -3.078816891 -0.339536071 -0.013005209 0.940503120 93.733283997
0.952032089 0.030001329 0.304523975 57.103248596 -0.032379929 0.999471843 0.002762497 -3.080395699 -0.304280221 -0.012490450 0.952500582 94.193756104
0.961189628 0.032281056 0.273993582 57.208118439 -0.034393802 0.999404073 0.002909359 -3.078778744 -0.273736417 -0.012220125 0.961727083 94.659698486
0.967244208 0.026939990 0.252414286 57.315971375 -0.028728057 0.999581337 0.003400473 -3.085097551 -0.252217084 -0.010540457 0.967613280 95.126480103
0.971252084 0.024833789 0.236754507 57.427284241 -0.026572756 0.999638200 0.004156371 -3.096233606 -0.236565679 -0.010328105 0.971560597 95.607765198
0.974027395 0.028935421 0.224573851 57.511222839 -0.030596938 0.999524117 0.003921234 -3.099889040 -0.224353477 -0.010690660 0.974449217 96.112205505
0.976086676 0.033843067 0.214731097 57.603393555 -0.035815801 0.999344230 0.005301721 -3.103303194 -0.214410931 -0.012865706 0.976658821 96.614387512
0.977280080 0.040007163 0.208141759 57.709587097 -0.041532487 0.999132574 0.002961460 -3.086930990 -0.207842782 -0.011538818 0.978094220 97.097702026
0.977616429 0.045837954 0.205341369 57.802722931 -0.046737980 0.998907030 -0.000467701 -3.091842651 -0.205138385 -0.009140007 0.978690326 97.616287231
0.977728486 0.047375068 0.204457060 57.910110474 -0.047736671 0.998854995 -0.003166059 -3.097727299 -0.204372942 -0.006664554 0.978870451 98.155784607
0.977153659 0.046441361 0.207398027 58.020107269 -0.046040971 0.998916566 -0.006759709 -3.107955456 -0.207487270 -0.002943528 0.978233278 98.692565918
0.976456106 0.044818487 0.211008877 58.145469666 -0.042935207 0.998986542 -0.013500528 -3.109110832 -0.211400136 0.004122967 0.977390885 99.246215820
0.975672483 0.044409752 0.214687765 58.276870728 -0.041478980 0.998974681 -0.018139426 -3.113436460 -0.215273216 0.008793109 0.976514280 99.798294067
0.974457681 0.048942626 0.219173342 58.398147583 -0.046093438 0.998773098 -0.018097453 -3.118670464 -0.219790161 0.007532747 0.975518167 100.377944946
0.972967982 0.052268475 0.224947676 58.524986267 -0.050446499 0.998630822 -0.013843590 -3.135287762 -0.225363240 0.002121547 0.974272490 100.970123291
0.972021937 0.049002495 0.229721487 58.670513153 -0.048143286 0.998796701 -0.009346941 -3.145815372 -0.229903087 -0.001974115 0.973211586 101.566383362
0.971308470 0.044903055 0.233545274 58.821441650 -0.045313988 0.998966217 -0.003608570 -3.159745455 -0.233465880 -0.007077836 0.972339332 102.188194275
0.970536828 0.042576026 0.237161249 58.977363586 -0.044147007 0.999024212 0.001314839 -3.172548294 -0.236873820 -0.011746064 0.971469402 102.806777954
0.969960928 0.037754204 0.240313083 59.135192871 -0.039357897 0.999223471 0.001875680 -3.177914858 -0.240055621 -0.011277555 0.970693588 103.443443298
0.969975412 0.034240566 0.240780950 59.295204163 -0.034928102 0.999388814 -0.001413074 -3.182624340 -0.240682185 -0.007039371 0.970578432 104.088256836
0.970167160 0.033633053 0.240092516 59.459983826 -0.032630492 0.999434352 -0.008150949 -3.192972660 -0.240230784 0.000073447 0.970715821 104.731773376
0.970359802 0.035932351 0.238978595 59.618228912 -0.033376452 0.999334216 -0.014734610 -3.204981804 -0.239348978 0.006321614 0.970913053 105.368507385
0.970992982 0.038720973 0.235951841 59.778873444 -0.035317231 0.999202371 -0.018636387 -3.210631847 -0.236485273 0.009762634 0.971586049 106.044563293
0.971548319 0.037408464 0.233868822 59.938484192 -0.034963477 0.999282002 -0.014593211 -3.216970921 -0.234246850 0.006001138 0.972158730 106.741981506
0.971928179 0.033352599 0.232902214 60.101264954 -0.032677885 0.999443054 -0.006755919 -3.235605717 -0.232997820 -0.001044488 0.972476780 107.448204041
0.972505867 0.033833973 0.230407223 60.272537231 -0.034587923 0.999401450 -0.000767166 -3.249677896 -0.230295271 -0.007223235 0.973094046 108.177162170
0.972755253 0.037379753 0.228801072 60.431755066 -0.037978701 0.999276936 -0.001786512 -3.256211042 -0.228702441 -0.006951728 0.973471642 108.904571533
0.973090053 0.042763188 0.226421699 60.588775635 -0.042442534 0.999079049 -0.006286497 -3.265991688 -0.226482049 -0.003492584 0.974009156 109.635818481
0.973925889 0.043852035 0.222588256 60.754669189 -0.042385720 0.999036849 -0.011362893 -3.276832104 -0.222872093 0.001632053 0.974846363 110.376678467
0.974872410 0.042549562 0.218662605 60.922813416 -0.040384974 0.999081016 -0.014361220 -3.286320686 -0.219072685 0.005169675 0.975694835 111.135864258
0.975854635 0.040165517 0.214696035 61.092041016 -0.038284916 0.999183476 -0.012912205 -3.296558380 -0.215039328 0.004380817 0.976595581 111.908691406
0.976674378 0.036862906 0.211538136 61.258342743 -0.035429385 0.999316394 -0.010564217 -3.315817356 -0.211782962 0.002823133 0.977312624 112.683280945
0.977130175 0.035532430 0.209652439 61.427494049 -0.034672949 0.999368489 -0.007774822 -3.328564882 -0.209796295 0.000327745 0.977745056 113.477813721
0.977446258 0.032751124 0.208629638 61.594505310 -0.032315888 0.999462605 -0.005495302 -3.340566158 -0.208697513 -0.001370692 0.977979362 114.278800964
0.977681160 0.027233142 0.208321974 61.766120911 -0.026934020 0.999628007 -0.004272876 -3.352568626 -0.208360851 -0.001433438 0.978051007 115.065567017
0.977794290 0.028072571 0.207678556 61.933090210 -0.028118549 0.999600828 -0.002731193 -3.362562895 -0.207672343 -0.003169076 0.978193343 115.868614197
0.977553844 0.033628706 0.207985252 62.096908569 -0.033403710 0.999431372 -0.004594842 -3.376186848 -0.208021492 -0.002455774 0.978121221 116.691184998
0.977238357 0.039182346 0.208494395 62.262619019 -0.038362462 0.999232113 -0.007976178 -3.386483669 -0.208646774 -0.000203730 0.977991104 117.503608704
0.976647377 0.047750816 0.209475338 62.424903870 -0.046763398 0.998859107 -0.009667005 -3.393314838 -0.209697977 -0.000354524 0.977766275 118.335205078
0.975729048 0.053572174 0.212327674 62.589237213 -0.052813038 0.998561561 -0.009249406 -3.405197859 -0.212517753 -0.002188756 0.977154851 119.169990540
0.974951267 0.056280781 0.215180710 62.765716553 -0.056147426 0.998399734 -0.006737215 -3.434954405 -0.215215564 -0.005513389 0.976551056 119.994277954
0.974364638 0.056711882 0.217708886 62.947040558 -0.056398265 0.998378992 -0.007659161 -3.450100422 -0.217790350 -0.004815589 0.975983739 120.829269409
0.974007666 0.055140108 0.219700903 63.129333496 -0.054094218 0.998477697 -0.010778182 -3.459074259 -0.219960749 -0.001386516 0.975507796 121.661216736
0.974023521 0.049050618 0.221070334 63.324775696 -0.048206102 0.998794913 -0.009217079 -3.478441477 -0.221256062 -0.001679288 0.975214362 122.500305176
0.974317372 0.042603683 0.221111953 63.526306152 -0.041255489 0.999091148 -0.010714115 -3.500039816 -0.221367463 0.001316865 0.975189626 123.323486328
0.974083304 0.041511815 0.222347617 63.709754944 -0.040135588 0.999136865 -0.010706560 -3.519796848 -0.222600132 0.001505028 0.974908650 124.157325745
0.973510146 0.044016276 0.224366829 63.896667480 -0.043325413 0.999028981 -0.008003849 -3.533928394 -0.224501207 -0.001928958 0.974471867 125.004020691
0.973053515 0.046282202 0.225886956 64.080909729 -0.047012586 0.998892009 -0.002147770 -3.550014019 -0.225736067 -0.008529633 0.974151134 125.848861694
0.972662807 0.050408516 0.226685017 64.264602661 -0.052178491 0.998636067 0.001818879 -3.565932751 -0.226284131 -0.013597235 0.973966420 126.688819885
0.972506404 0.049065921 0.227648184 64.452598572 -0.049334709 0.998772085 -0.004512820 -3.583882809 -0.227590084 -0.006842215 0.973732948 127.499847412
0.972809434 0.044870377 0.227218926 64.647308350 -0.041680846 0.998953760 -0.018818464 -3.603623867 -0.227825567 0.008836102 0.973661840 128.310531616
