1.000000000 0.000000000 0.000000000 0.000000000 0.000000000 1.000000000 0.000000000 0.000000000 0.000000000 0.000000000 1.000000000 0.000000000
0.999037683 -0.000491725 0.043857131 0.044988472 0.000589646 0.999997318 -0.002219807 -0.022524305 -0.043855932 0.002243531 0.999035299 1.028560638
0.996032357 -0.004691721 0.088867970 0.139434054 0.005353129 0.999959648 -0.007205716 -0.040654309 -0.088830575 0.007652848 0.996017277 2.051729202
0.990864277 -0.004144579 0.134798646 0.270140588 0.005729170 0.999918997 -0.011369454 -0.062202036 -0.134740606 0.012037870 0.990807831 3.059870720
0.983500481 -0.001242732 0.180900797 0.449665993 0.003742194 0.999902189 -0.013476107 -0.093434200 -0.180866390 0.013930724 0.983408928 4.084235668
0.973966897 -0.003718324 0.226659432 0.686612785 0.006905819 0.999888062 -0.013271593 -0.126145527 -0.226584733 0.014491362 0.973883629 5.090674400
0.962281883 -0.004162045 0.272022337 0.959808111 0.008488405 0.999855459 -0.014729654 -0.153322816 -0.271921694 0.016483121 0.962178171 6.100125313
0.948706090 -0.006780672 0.316086382 1.285518050 0.012913256 0.999766707 -0.017311076 -0.187055960 -0.315895289 0.020504829 0.948572397 7.083829403
0.933573663 -0.008419836 0.358286530 1.659594417 0.016364720 0.999682665 -0.019148108 -0.218960002 -0.358011544 0.023739425 0.933415294 8.037772179
0.916311562 -0.008586549 0.400373966 2.069831371 0.018110650 0.999635756 -0.020010231 -0.252133369 -0.400056362 0.025586644 0.916133285 8.961127281
0.896789372 -0.008913205 0.442367733 2.516391754 0.019105719 0.999644578 -0.018590355 -0.287623644 -0.442044795 0.025123393 0.896641016 9.864232063
0.875051439 -0.009182403 0.483942777 3.008609295 0.020136252 0.999645054 -0.017442372 -0.330325484 -0.483610898 0.025007768 0.874925733 10.739563942
0.851025224 -0.009248299 0.525043368 3.542399406 0.020860724 0.999651074 -0.016204244 -0.365151167 -0.524710357 0.024743004 0.850921273 11.611865044
0.825590730 -0.009845479 0.564183474 4.132773399 0.022991661 0.999604523 -0.016200619 -0.402947426 -0.563800752 0.026346603 0.825490475 12.462234497
0.798258901 -0.011567242 0.602203369 4.743285179 0.026269909 0.999532878 -0.015623210 -0.435298771 -0.601741254 0.028291199 0.798189878 13.270035744
0.769599319 -0.010571869 0.638439596 5.390461922 0.027083023 0.999503553 -0.016096199 -0.469354689 -0.637952507 0.029678499 0.769503593 14.044009209
0.739072025 -0.013744527 0.673486114 6.069457054 0.031969365 0.999380887 -0.014687229 -0.501723707 -0.672867239 0.032385841 0.739053965 14.780973434
0.707099140 -0.012937617 0.706996024 6.810272694 0.032233622 0.999382973 -0.013950200 -0.532474756 -0.706379235 0.032653220 0.707079947 15.513538361
0.672958791 -0.011601148 0.739588916 7.562097549 0.033187080 0.999343634 -0.014521581 -0.567088187 -0.738935113 0.034317218 0.672902107 16.199127197
0.637503624 -0.013100476 0.770335972 8.340090752 0.038315322 0.999157310 -0.014716593 -0.591912687 -0.769493997 0.038897552 0.637468398 16.836679459
0.600589931 -0.011391529 0.799476147 9.125539780 0.038381390 0.999156535 -0.014596499 -0.622614145 -0.798635483 0.039451502 0.600520611 17.431468964
0.563147366 -0.010577455 0.826288760 9.964097977 0.041633952 0.999011338 -0.015586626 -0.653363764 -0.825306892 0.043179236 0.563031018 17.987419128
0.524135470 -0.008651379 0.851590872 10.805306435 0.045868605 0.998783767 -0.018084394 -0.680105686 -0.850398660 0.048539955 0.523894787 18.510431290
0.485566318 -0.007820536 0.874164820 11.680570602 0.047607880 0.998712599 -0.017509643 -0.706060290 -0.872902513 0.050119229 0.485313594 18.983900070
0.447185457 -0.009660588 0.894389093 12.584280968 0.052714709 0.998488188 -0.015571819 -0.732416511 -0.892886519 0.054110944 0.447018594 19.426963806
0.410254717 -0.010138568 0.911914647 13.515491486 0.056284830 0.998313487 -0.014222437 -0.757136822 -0.910232365 0.057161778 0.410133481 19.833438873
0.374948144 -0.007743095 0.927013457 14.489738464 0.057798989 0.998214900 -0.015040081 -0.782485962 -0.925242186 0.059219696 0.374726444 20.230339050
0.341674030 -0.008536312 0.939779758 15.451847076 0.058363792 0.998221517 -0.012152058 -0.804400444 -0.938004553 0.059001151 0.341564476 20.576663971
0.308211178 -0.010065229 0.951264739 16.444423676 0.060853388 0.998104751 -0.009155752 -0.825893939 -0.949369669 0.060709592 0.308239520 20.896791458
0.275786757 -0.009967080 0.961167157 17.438322067 0.061522577 0.998079002 -0.007302766 -0.846002638 -0.959247947 0.061147489 0.275870174 21.172283173
0.243567050 -0.007180590 0.969857454 18.442819595 0.058907036 0.998235941 -0.007403036 -0.868045926 -0.968093455 0.058934566 0.243560404 21.428741455
0.212889120 -0.005494281 0.977060914 19.474121094 0.058814108 0.998242974 -0.007201453 -0.881506026 -0.975304604 0.058998086 0.212838233 21.650743484
0.182262406 -0.005551344 0.983234286 20.509456635 0.060551941 0.998149395 -0.005588972 -0.903507352 -0.981383801 0.060555395 0.182261229 21.843908310
0.151827291 -0.005582927 0.988391221 21.579599380 0.062193926 0.998056412 -0.003916118 -0.914718151 -0.986448348 0.062066507 0.151879385 21.999055862
0.121179290 -0.006354532 0.992610276 22.668443680 0.060550828 0.998164594 -0.001002043 -0.928323865 -0.990782082 0.060224801 0.121341653 22.134225845
0.092174649 -0.006647368 0.995720685 23.753526688 0.061361052 0.998115122 0.000983113 -0.938888907 -0.993850529 0.061007842 0.092408799 22.227962494
0.065262884 -0.006411856 0.997847438 24.874727249 0.063944660 0.997950971 0.002230307 -0.943060875 -0.995817184 0.063661449 0.065539159 22.290954590
0.040600039 -0.005688711 0.999159217 26.002037048 0.068433553 0.997651458 0.002899383 -0.945618153 -0.996829212 0.068258293 0.040893991 22.319679260
0.017950490 -0.005259502 0.999825060 27.182268143 0.072701551 0.997345924 0.003941204 -0.947664559 -0.997192204 0.072618097 0.018285226 22.333621979
-0.002061738 -0.005309696 0.999983788 28.338829041 0.078331314 0.996912479 0.005454889 -0.946627378 -0.996925235 0.078341290 -0.001639457 22.324371338
-0.019425949 -0.006089516 0.999792755 29.531435013 0.082751870 0.996540606 0.007677575 -0.948267221 -0.996380806 0.082883865 -0.018854829 22.289134979
-0.034976922 -0.005866922 0.999370873 30.747026443 0.085954733 0.996259630 0.008856982 -0.944138229 -0.995684862 0.086210467 -0.034341805 22.236572266
-0.049205877 -0.006442680 0.998767793 31.951122284 0.088374063 0.996028960 0.010778901 -0.940360785 -0.994871259 0.088795558 -0.048441119 22.179576874
-0.062053401 -0.007666800 0.998043358 33.158081055 0.088435322 0.995995104 0.013149536 -0.937634826 -0.994147182 0.089078262 -0.061126869 22.089014053
-0.073915593 -0.007545145 0.997235954 34.360618591 0.088218264 0.996001720 0.014074584 -0.935263872 -0.993354917 0.089014754 -0.072954439 21.999252319
-0.085194148 -0.004960959 0.996352017 35.584095001 0.088081315 0.996034980 0.012490869 -0.932442665 -0.992463410 0.088824145 -0.084419399 21.898561478
-0.095253646 -0.001334431 0.995452285 36.811218262 0.088592544 0.996019602 0.009812508 -0.919884205 -0.991503060 0.089124307 -0.094756283 21.781267166
-0.104409546 0.001152232 0.994533718 38.078613281 0.089997143 0.995907485 0.008294383 -0.914703906 -0.990454018 0.090371192 -0.104085945 21.648639679
-0.111896090 0.002164403 0.993717492 39.371574402 0.089804016 0.995927811 0.007943028 -0.907039285 -0.989653826 0.090128630 -0.111634791 21.509147644
-0.117540702 0.002819165 0.993064046 40.678634644 0.089452915 0.995960832 0.007760406 -0.899671912 -0.989030957 0.089744627 -0.117318124 21.357095718
-0.122387797 0.004468283 0.992472291 42.007350922 0.090840861 0.995842636 0.006718683 -0.893879890 -0.988316238 0.090979323 -0.122284897 21.193832397
-0.126885936 0.005879457 0.991899908 43.346191406 0.089725636 0.995950937 0.005574424 -0.888282180 -0.987850845 0.089706160 -0.126899704 21.023275375
-0.131430537 0.006768762 0.991302252 44.723247528 0.090565249 0.995876908 0.005207477 -0.882674932 -0.987179756 0.090461954 -0.131501630 20.855899811
-0.133602500 0.005978364 0.991016984 46.119480133 0.090376057 0.995888531 0.006176159 -0.874046385 -0.986905515 0.090389356 -0.133593500 20.663187027
-0.136126250 0.004334002 0.990682065 47.541385651 0.091146506 0.995803952 0.008167719 -0.865876317 -0.986489654 0.091409042 -0.135950089 20.468633652
-0.137797534 0.002842745 0.990456462 48.949756622 0.091107659 0.995792747 0.009817323 -0.862418294 -0.986261189 0.091590963 -0.137476802 20.270866394
-0.140047103 0.003630931 0.990138233 50.384815216 0.094116926 0.995514154 0.009661442 -0.856520891 -0.985661626 0.094541818 -0.139760628 20.082406998
-0.140255570 0.003719789 0.990108490 51.843532562 0.093531430 0.995570898 0.009509054 -0.832638919 -0.985687673 0.093939945 -0.139982298 19.853965759
-0.140838906 0.005287434 0.990018547 53.319129944 0.095488317 0.995396137 0.008267908 -0.816631377 -0.985416830 0.095699646 -0.140695408 19.643692017
-0.140209109 0.005338533 0.990107477 54.807006836 0.095241301 0.995421112 0.008119934 -0.809364319 -0.985530555 0.095437616 -0.140075535 19.421394348
-0.139250144 0.007046922 0.990232170 56.314109802 0.095172063 0.995440900 0.006299462 -0.798072934 -0.985673189 0.095119625 -0.139285967 19.208337784
-0.137900695 0.007047067 0.990420997 57.851493835 0.095817007 0.995379329 0.006258677 -0.789818466 -0.985800385 0.095762245 -0.137938723 18.992143631
-0.136379480 0.005797695 0.990639627 59.414009094 0.095332175 0.995418727 0.007298536 -0.786314130 -0.986059010 0.095435202 -0.136307418 18.777927399
-0.134820446 0.006630792 0.990847826 61.001129150 0.096473046 0.995314598 0.006465991 -0.778651714 -0.986162484 0.096461855 -0.134828433 18.552890778
-0.133480519 0.007217463 0.991025150 62.591312408 0.096214533 0.995344222 0.005710159 -0.771432936 -0.986369908 0.096113235 -0.133553505 18.340784073
-0.132476911 0.007869860 0.991154909 64.201286316 0.097302690 0.995241761 0.005103081 -0.768627405 -0.986398518 0.097118065 -0.132612303 18.125535965
-0.131635025 0.007642538 0.991268754 65.828094482 0.096469022 0.995322704 0.005136762 -0.763047457 -0.986593127 0.096302912 -0.131756589 17.906097412
-0.130252868 0.006459335 0.991459727 67.479705811 0.098438300 0.995122254 0.006449121 -0.751460373 -0.986582041 0.098437630 -0.130253375 17.680744171
-0.130337149 0.004315447 0.991460323 69.174522400 0.100872286 0.994859278 0.008930408 -0.751451075 -0.986324966 0.101174846 -0.130102456 17.453935623
-0.129003644 0.005154363 0.991630673 70.863403320 0.102090813 0.994742036 0.008110707 -0.746900082 -0.986374915 0.102282710 -0.128851548 17.224945068
-0.128182054 0.007281699 0.991723835 72.545944214 0.104537956 0.994501531 0.006209617 -0.738799214 -0.986225724 0.104468755 -0.128238410 17.000003815
-0.126879081 0.006819491 0.991894603 74.250465393 0.103509478 0.994607866 0.006402362 -0.735908866 -0.986502647 0.103482835 -0.126900822 16.776210785
-0.127273828 0.006726495 0.991844952 75.988006592 0.104578502 0.994494379 0.006675083 -0.737834692 -0.986339033 0.104575224 -0.127276510 16.554435730
-0.127195045 0.005512189 0.991862416 77.725624084 0.104321659 0.994512618 0.007851146 -0.733316958 -0.986376405 0.104471363 -0.127072111 16.334333420
-0.127285987 0.006040052 0.991847694 79.451087952 0.105483465 0.994392931 0.007481369 -0.725369513 -0.986241102 0.105575770 -0.127209410 16.124130249
-0.127291948 0.005789950 0.991848528 81.228691101 0.106443658 0.994287550 0.007856592 -0.716643333 -0.986137092 0.106576048 -0.127181157 15.902053833
-0.127315640 0.007084714 0.991836965 82.989181519 0.107105851 0.994225323 0.006646706 -0.706183195 -0.986062407 0.107077777 -0.127339259 15.674159050
-0.127348110 0.007896479 0.991826594 84.792282104 0.106637448 0.994281173 0.005775964 -0.700190067 -0.986109078 0.106501400 -0.127461866 15.422086716
-0.128516063 0.008737307 0.991668940 86.583106995 0.105896130 0.994364798 0.004962629 -0.700569928 -0.986037314 0.105651684 -0.128717095 15.196915627
-0.130103245 0.009283426 0.991456926 88.381797791 0.104968667 0.994465530 0.004462841 -0.700739026 -0.985928357 0.104652546 -0.130357638 14.978555679
-0.131075189 0.008296113 0.991337717 90.198715210 0.103797682 0.994583786 0.005400905 -0.703488946 -0.985923588 0.103606462 -0.131226376 14.750250816
-0.132114738 0.008010044 0.991201997 92.037452698 0.103840306 0.994577050 0.005803285 -0.701693773 -0.985780358 0.103693426 -0.132230043 14.514537811
-0.132918477 0.007161505 0.991101086 93.904052734 0.101281181 0.994837284 0.006394513 -0.697168171 -0.985938549 0.101229839 -0.132957593 14.276941299
-0.134709463 0.007937901 0.990853369 95.730491638 0.100939900 0.994875908 0.005752951 -0.698460281 -0.985730469 0.100791596 -0.134820446 14.042772293
-0.137236476 0.008906974 0.990498245 97.607162476 0.100085385 0.994966626 0.004919972 -0.691668749 -0.985468984 0.099809580 -0.137437180 13.781419754
-0.141560987 0.009992413 0.989879131 99.475418091 0.100410528 0.994936645 0.004316078 -0.685939908 -0.984823942 0.100005284 -0.141847581 13.527414322
-0.146038309 0.009248732 0.989235699 101.359184265 0.098547459 0.995118558 0.005244574 -0.683982491 -0.984358191 0.098252580 -0.146236852 13.259601593
-0.151030257 0.008356924 0.988493741 103.249572754 0.097092174 0.995254636 0.006420467 -0.689877927 -0.983749449 0.096944705 -0.151124999 12.983815193
-0.155612096 0.008886445 0.987778246 105.150199890 0.095551051 0.995405793 0.006097804 -0.695846975 -0.983186066 0.095332153 -0.155746266 12.693889618
-0.159890607 0.010555201 0.987078309 107.077377319 0.096188828 0.995350838 0.004937363 -0.696416199 -0.982437074 0.095735349 -0.160162553 12.375051498
-0.164559871 0.012114729 0.986292720 109.009956360 0.095892429 0.995384574 0.003772948 -0.706221461 -0.981694818 0.095198877 -0.164962068 12.059972763
-0.169032469 0.012106386 0.985536098 110.954750061 0.094746076 0.995493352 0.004021504 -0.714899659 -0.981045902 0.094055437 -0.169417754 11.728069305
-0.173290700 0.011855104 0.984799325 112.902549744 0.093016088 0.995654941 0.004381834 -0.718412638 -0.980468452 0.092361517 -0.173640415 11.380218506
-0.177856728 0.011583499 0.983988225 114.868644714 0.091400675 0.995802581 0.004798173 -0.718005002 -0.979802549 0.090790562 -0.178168938 11.022939682
-0.183249503 0.010774261 0.983007371 116.801345825 0.090438388 0.995884299 0.005943871 -0.722801864 -0.978897631 0.089990817 -0.183469683 10.677845001
-0.188154846 0.010529831 0.982082963 118.778045654 0.091037177 0.995824516 0.006764417 -0.724679887 -0.977911055 0.090678804 -0.188327819 10.296108246
-0.193269297 0.011933220 0.981073141 120.717285156 0.091461435 0.995791137 0.005905459 -0.731010854 -0.976873457 0.090871677 -0.193547264 9.928512573
-0.198702246 0.012963817 0.979974210 122.680351257 0.091160074 0.995822072 0.005310400 -0.734985411 -0.975811064 0.090389699 -0.199053869 9.539775848
-0.204600811 0.013185523 0.978756607 124.662780762 0.091808729 0.995760024 0.005777257 -0.732081294 -0.974530458 0.091040462 -0.204943806 9.150037766
-0.210023746 0.013041746 0.977609396 126.651672363 0.090650268 0.995863497 0.006189493 -0.732689917 -0.973484755 0.089920491 -0.210337207 8.730049133
-0.215091303 0.013911759 0.976494849 128.645706177 0.090010673 0.995924830 0.005637965 -0.730256677 -0.972437024 0.089107633 -0.215466946 8.295360565
-0.220497072 0.014463954 0.975280404 130.649337769 0.089171737 0.996001601 0.005389203 -0.732720375 -0.971302986 0.088155746 -0.220905229 7.861749649
-0.224668935 0.013876079 0.974336326 132.628387451 0.090417773 0.995881617 0.006666214 -0.731479466 -0.970231175 0.089595027 -0.224998340 7.407238007
-0.228205308 0.013828808 0.973514795 134.633239746 0.092658691 0.995669127 0.007576966 -0.722603798 -0.969193757 0.091933705 -0.228498325 6.931261063
-0.231819674 0.014518770 0.972650409 136.660964966 0.093929321 0.995550394 0.007526336 -0.722831786 -0.968213201 0.093105152 -0.232151911 6.450321198
-0.234870285 0.015241772 0.971907198 138.676467896 0.094462566 0.995502234 0.007215947 -0.722444057 -0.967425823 0.093503661 -0.235253677 5.961805344
-0.238511652 0.015579285 0.971014559 140.717575073 0.093881235 0.995558023 0.007087106 -0.718970120 -0.966591060 0.092850409 -0.238914832 5.472549438
-0.242113039 0.016029652 0.970115602 142.747726440 0.092491314 0.995691359 0.006630931 -0.718416572 -0.965829492 0.091332711 -0.242552504 4.963829041
-0.246816665 0.016716156 0.968917966 144.779312134 0.091785990 0.995759487 0.006201809 -0.725083232 -0.964705586 0.090463825 -0.247304335 4.454547882
-0.251314074 0.015847325 0.967775762 146.806640625 0.089950189 0.995921314 0.007050245 -0.731601655 -0.963716865 0.088823445 -0.251714498 3.942657471
-0.255552143 0.016486531 0.966654718 148.840499878 0.090505071 0.995871723 0.006941767 -0.729626656 -0.962549627 0.089261137 -0.255989254 3.403057098
-0.260399938 0.016918115 0.965352595 150.894744873 0.089952424 0.995922804 0.006810428 -0.733397663 -0.961301446 0.088609241 -0.260860056 2.863399506
-0.265401155 0.017043049 0.963987350 152.951034546 0.089412302 0.995970070 0.007008153 -0.733578086 -0.959983170 0.088052325 -0.265855491 2.315505981
-0.269986868 0.016181592 0.962728024 155.003845215 0.089384332 0.995962381 0.008326696 -0.740688682 -0.958706081 0.088300906 -0.270343184 1.751998901
-0.274734437 0.016350804 0.961381137 157.066314697 0.089597002 0.995940328 0.008665609 -0.736468911 -0.957336605 0.088517599 -0.275084049 1.182788849
-0.279443115 0.017015094 0.960011482 159.160705566 0.090112820 0.995894611 0.008579234 -0.734475493 -0.955924273 0.088906750 -0.279829085 0.598815918
-0.283041060 0.018293176 0.958933353 161.230621338 0.090634912 0.995854020 0.007754521 -0.730594754 -0.954815745 0.089107685 -0.283525556 -0.006717682
-0.286727786 0.019684236 0.957809865 163.300094604 0.090495989 0.995874763 0.006624158 -0.734920502 -0.953728199 0.088577285 -0.287326336 -0.618530273
-0.290070891 0.021077275 0.956773043 165.385726929 0.091527045 0.995785654 0.005812125 -0.736938179 -0.952618241 0.089256510 -0.290777594 -1.239852905
-0.293844074 0.021702487 0.955606937 167.475280762 0.090868205 0.995848715 0.005325078 -0.740898192 -0.951524377 0.088399015 -0.294596314 -1.868473053
-0.297588587 0.021559814 0.954450667 169.579025269 0.090925127 0.995840549 0.005854830 -0.747495174 -0.950354517 0.088525884 -0.298311055 -2.512054443
-0.301803172 0.021689026 0.953123450 171.674377441 0.090533793 0.995875299 0.006005322 -0.749862134 -0.949062049 0.088102326 -0.302521855 -3.161102295
-0.306003064 0.022661932 0.951760769 173.795257568 0.092744313 0.995671213 0.006111001 -0.750656605 -0.947502315 0.090140365 -0.306780219 -3.835453033
-0.308753133 0.023197114 0.950859308 175.893325806 0.095105514 0.995445251 0.006596839 -0.753348112 -0.946375430 0.092468768 -0.309553057 -4.524414062
-0.311036706 0.022967365 0.950120270 177.963134766 0.096349262 0.995319486 0.007481460 -0.755387783 -0.945501447 0.093870386 -0.311793745 -5.203147888
-0.313688040 0.022413764 0.949261427 180.051574707 0.095689513 0.995378137 0.008118400 -0.750840306 -0.944692194 0.093381032 -0.314383000 -5.892452240
-0.316770017 0.023116540 0.948220670 182.176986694 0.095000938 0.995449185 0.007468834 -0.750279784 -0.943732798 0.092447735 -0.317524493 -6.595664978
-0.319428712 0.025089055 0.947278142 184.284027100 0.094445497 0.995514870 0.005481048 -0.751778841 -0.942892015 0.091216967 -0.320365608 -7.302040100
-0.322537869 0.027584234 0.946154535 186.412216187 0.094315566 0.995537460 0.003127605 -0.750063539 -0.941846013 0.090245858 -0.323700130 -8.021629333
-0.325686127 0.028447719 0.945049882 188.542877197 0.093600199 0.995607257 0.002287217 -0.763765335 -0.940833330 0.089201763 -0.326918215 -8.749114990
-0.329365999 0.029858410 0.943730116 190.713470459 0.091996975 0.995759130 0.000602817 -0.765482605 -0.939709842 0.087018862 -0.330716074 -9.490993500
-0.332669795 0.030022070 0.942565382 192.851242065 0.092640378 0.995699167 0.000982109 -0.779646397 -0.938482046 0.087646335 -0.334020287 -10.252048492
-0.336638123 0.029237930 0.941180050 195.032135010 0.092155419 0.995742559 0.002028923 -0.788537621 -0.937113702 0.087417856 -0.337899417 -11.014133453
-0.340283066 0.028489560 0.939891279 197.196060181 0.092107676 0.995744050 0.003164591 -0.803089201 -0.935800970 0.087648056 -0.341458917 -11.794441223
-0.344221324 0.028630048 0.938451827 199.360092163 0.092141971 0.995739937 0.003419616 -0.808825612 -0.934356213 0.087647922 -0.345393002 -12.581333160
-0.348086745 0.028779717 0.937020481 201.532333374 0.091183700 0.995828688 0.003287200 -0.816339493 -0.933017135 0.086585231 -0.349259019 -13.371940613
-0.352247179 0.029201789 0.935451329 203.724655151 0.090160497 0.995923281 0.002860690 -0.832453847 -0.931554079 0.085348420 -0.353443891 -14.178855896
-0.355742216 0.029825812 0.934108078 205.907592773 0.089897484 0.995947957 0.002435889 -0.843242645 -0.930250466 0.084840536 -0.356982112 -14.993652344
-0.358279973 0.030439138 0.933117747 208.017120361 0.091591254 0.995792985 0.002683732 -0.866838813 -0.929110587 0.086426966 -0.359560728 -15.812549591
-0.360508621 0.030133206 0.932269037 210.161254883 0.092449181 0.995711029 0.003566309 -0.882858992 -0.928163052 0.087473191 -0.361748189 -16.644905090
-0.362491757 0.030051127 0.931502342 212.336166382 0.094445676 0.995519221 0.004636921 -0.893333256 -0.927189171 0.089657217 -0.363705695 -17.503475189
-0.365133017 0.030998461 0.930439055 214.526290894 0.095791057 0.995391548 0.004428949 -0.902884483 -0.926014006 0.090744898 -0.366419673 -18.364604950
-0.368037790 0.031881366 0.929264009 216.724700928 0.095891595 0.995384336 0.003828311 -0.915662408 -0.924852967 0.090517573 -0.369396210 -19.228141785
-0.370761544 0.032160960 0.928171098 218.909698486 0.095242299 0.995447695 0.003552811 -0.926765859 -0.923831582 0.089718387 -0.372136861 -20.094863892
-0.373573482 0.033531845 0.926994324 221.088485718 0.095413014 0.995434761 0.002443402 -0.944893003 -0.922680438 0.089360103 -0.375067472 -20.970336914
-0.375898659 0.034592751 0.926014841 223.278045654 0.095147207 0.995462179 0.001436187 -0.958547115 -0.921763062 0.088647589 -0.377484381 -21.860900879
-0.378570795 0.034755263 0.924919605 225.451660156 0.093134761 0.995653272 0.000706984 -0.977294683 -0.920874655 0.086409807 -0.380162090 -22.739284515
-0.381976455 0.035829779 0.923477232 227.631256104 0.094146535 0.995558321 0.000315245 -0.997355640 -0.919364154 0.087062597 -0.383653134 -23.628612518
-0.384767234 0.035378542 0.922335386 229.790542603 0.095517337 0.995426297 0.001664473 -1.021117091 -0.918058097 0.088739462 -0.386386722 -24.528396606
-0.387650996 0.034494393 0.921160460 231.966995239 0.095783986 0.995397508 0.003034350 -1.040057302 -0.916816235 0.089408711 -0.389170736 -25.435127258
-0.391107202 0.034191649 0.919709802 234.107620239 0.094610915 0.995509028 0.003223751 -1.051220417 -0.915469229 0.088275425 -0.392585695 -26.332756042
-0.393997282 0.034493286 0.918464124 236.249664307 0.093481652 0.995617330 0.002710402 -1.071049929 -0.914345205 0.086927444 -0.395494968 -27.247428894
-0.397899806 0.033885576 0.916802883 238.441375732 0.091722049 0.995780110 0.003003492 -1.084958553 -0.912832201 0.085286111 -0.399328798 -28.178092957
-0.401506156 0.033292655 0.915251017 240.605926514 0.091121830 0.995832622 0.003749863 -1.104137063 -0.911312044 0.084904931 -0.402866632 -29.114585876
-0.405319303 0.033698328 0.913553774 242.759887695 0.090846226 0.995858669 0.003571727 -1.121996522 -0.909649968 0.084440611 -0.406702042 -30.062561035
-0.408817261 0.033390030 0.912005246 244.919784546 0.090359926 0.995901108 0.004043323 -1.136477947 -0.908131897 0.084061719 -0.410158634 -31.023445129
-0.413072973 0.032602102 0.910114169 247.092544556 0.088775203 0.996040940 0.004612182 -1.152624846 -0.906360686 0.082700729 -0.414331883 -31.983825684
-0.416441023 0.032804787 0.908570707 249.217529297 0.088143907 0.996097803 0.004435492 -1.161583424 -0.904879749 0.081932075 -0.417707533 -32.954032898
-0.420059472 0.033898428 0.906863093 251.367752075 0.088975102 0.996026039 0.003981997 -1.180894732 -0.903124273 0.082360931 -0.421406150 -33.940986633
-0.423887581 0.034055956 0.905074298 253.478637695 0.089082599 0.996015131 0.004243583 -1.204789877 -0.901323259 0.082425162 -0.425232351 -34.909057617
-0.427741319 0.033866726 0.903266490 255.634887695 0.088660598 0.996051073 0.004639635 -1.218256354 -0.899542451 0.082068712 -0.429054916 -35.911628723
-0.431533784 0.034261931 0.901446044 257.763061523 0.087771066 0.996132016 0.004156416 -1.234615207 -0.897816718 0.080914520 -0.432871878 -36.916358948
-0.434969187 0.034667823 0.899777770 259.899047852 0.088172533 0.996096313 0.004245311 -1.246484041 -0.896117985 0.081182256 -0.436327815 -37.945503235
-0.438579708 0.035345882 0.897997081 262.018768311 0.088664532 0.996053040 0.004098112 -1.247223020 -0.894307792 0.081417814 -0.439982682 -38.973121643
-0.441652358 0.036932394 0.896425784 264.144470215 0.090420187 0.995897412 0.003517755 -1.255656004 -0.892618299 0.082608603 -0.443179905 -40.017173767
-0.445163816 0.039264657 0.894587874 266.275390625 0.092872851 0.995674789 0.002513796 -1.265066624 -0.890619874 0.084201992 -0.446885020 -41.077659607
-0.448342592 0.039922245 0.892969847 268.418670654 0.094236225 0.995545924 0.002806022 -1.281241655 -0.888880432 0.085408166 -0.450107753 -42.150161743
-0.450987339 0.042230181 0.891530752 270.548034668 0.096175231 0.995363295 0.001502398 -1.287305951 -0.887333512 0.086420737 -0.452957690 -43.232986450
-0.453985840 0.044562817 0.889893830 272.689941406 0.097941160 0.995192111 0.000129598 -1.310003161 -0.885609627 0.087216079 -0.456167698 -44.306388855
-0.457072020 0.045218956 0.888279438 274.842132568 0.098625503 0.995124638 0.000090580 -1.323117614 -0.883944631 0.087648392 -0.459303439 -45.388771057
-0.460647166 0.045809973 0.886400402 277.014587402 0.098814301 0.995105803 -0.000075881 -1.345026374 -0.882065892 0.087554082 -0.462919325 -46.491111755
-0.463921636 0.045633063 0.884700060 279.182922363 0.097682968 0.995217502 -0.000110304 -1.355309367 -0.880474150 0.086368971 -0.466160536 -47.621459961
-0.466996521 0.047308203 0.882992744 281.344482422 0.099015236 0.995085478 -0.000946707 -1.369922400 -0.878697932 0.086987615 -0.469385713 -48.759521484
-0.470206708 0.047377344 0.881283760 283.507995605 0.098094031 0.995176494 -0.001162325 -1.384440660 -0.877087891 0.085902140 -0.472586095 -49.907722473
-0.472883701 0.047213044 0.879859090 285.664916992 0.096725829 0.995310187 -0.001422452 -1.400655508 -0.875799716 0.084432438 -0.475232542 -51.059471130
-0.475454628 0.048452951 0.878404915 287.835205078 0.098553710 0.995130539 -0.001547339 -1.409038544 -0.874202549 0.085834369 -0.477914691 -52.225494385
-0.477554798 0.048339918 0.877271175 290.030426025 0.100445643 0.994942546 -0.000144939 -1.434294701 -0.872841418 0.088048831 -0.479995102 -53.408485413
-0.479696333 0.048751585 0.876079082 292.222991943 0.101582296 0.994827092 0.000261669 -1.445988417 -0.871534526 0.089119643 -0.482167184 -54.601074219
-0.481094271 0.048102304 0.875348151 294.384338379 0.101314247 0.994853973 0.001013253 -1.459734440 -0.870794773 0.089172736 -0.483492076 -55.791343689
-0.483554333 0.047619544 0.874018073 296.597900391 0.100825079 0.994902849 0.001576156 -1.460703135 -0.869488001 0.088885099 -0.485890836 -57.000015259
-0.486470133 0.048224330 0.872365296 298.835235596 0.102160886 0.994766057 0.001978884 -1.460751295 -0.867703855 0.090084285 -0.488850594 -58.235740662
-0.488960654 0.047916859 0.870988786 301.046203613 0.102293462 0.994750619 0.002700565 -1.468436956 -0.866287112 0.090416931 -0.491295457 -59.462799072
-0.491017610 0.048859354 0.869778454 303.269897461 0.102156796 0.994766712 0.001790249 -1.481508970 -0.865139306 0.089732826 -0.493439198 -60.711135864
-0.494190276 0.050996765 0.867856622 305.488189697 0.101085529 0.994877338 -0.000898804 -1.488993168 -0.863456726 0.087283596 -0.496813744 -61.946144104
-0.497459501 0.050116029 0.866038322 307.712951660 0.099557392 0.995031655 -0.000394056 -1.507148743 -0.861755371 0.086024500 -0.499977469 -63.217826843
-0.502110243 0.048151471 0.863462090 309.913696289 0.097249217 0.995259523 0.001049980 -1.523618817 -0.859318256 0.084498197 -0.504412711 -64.467681885
-0.507080734 0.045373555 0.860703290 312.143066406 0.094735123 0.995496869 0.003333483 -1.537997007 -0.856676161 0.083229192 -0.509095788 -65.752296448
-0.510948062 0.044319957 0.858468294 314.360595703 0.093844563 0.995576799 0.004456492 -1.543864846 -0.854473650 0.082839593 -0.512847304 -67.070777893
-0.515908301 0.044234872 0.855500996 316.635925293 0.093984872 0.995560050 0.005200587 -1.547706246 -0.851472557 0.083087176 -0.517775059 -68.405929565
-0.520450354 0.046002641 0.852651834 318.922027588 0.096688144 0.995300651 0.005318616 -1.550883055 -0.848400176 0.085209407 -0.522452414 -69.777877808
-0.524122953 0.047024447 0.850343347 321.185363770 0.097156465 0.995257258 0.004845679 -1.540598392 -0.846082568 0.085156068 -0.526205957 -71.174240112
-0.529267192 0.046831999 0.847161651 323.453948975 0.097617738 0.995206058 0.005970960 -1.547330856 -0.842820883 0.085858226 -0.531301498 -72.556617737
-0.532503963 0.046054017 0.845173836 325.656341553 0.098629370 0.995092750 0.007918501 -1.556668520 -0.840661526 0.087575585 -0.534433186 -73.971679688
-0.536804795 0.043896735 0.842563748 327.902893066 0.096386246 0.995298147 0.009554487 -1.553966761 -0.838182747 0.086340450 -0.538511813 -75.391822815
-0.541176856 0.043701313 0.839772463 330.124786377 0.095577359 0.995373785 0.009794451 -1.557005167 -0.835459471 0.085563757 -0.542850137 -76.787132263
-0.545560479 0.043417577 0.836945951 332.329162598 0.095415354 0.995381534 0.010559578 -1.559156895 -0.832622170 0.085618392 -0.547183454 -78.203170776
-0.549762905 0.043364163 0.834194303 334.542358398 0.096422680 0.995270371 0.011808453 -1.562088728 -0.829736948 0.086927116 -0.551343977 -79.638160706
-0.554446161 0.042765211 0.831120014 336.785461426 0.096522763 0.995243609 0.013180881 -1.551144600 -0.826603055 0.087530084 -0.555936813 -81.100013733
-0.557730556 0.041854654 0.828966081 339.014801025 0.094951995 0.995388567 0.013626613 -1.538378239 -0.824572980 0.086311966 -0.559132874 -82.590690613
-0.561061502 0.041119296 0.826752186 341.245513916 0.094945334 0.995370567 0.014927368 -1.526023865 -0.822311044 0.086871438 -0.562368155 -84.088645935
-0.563285768 0.040708806 0.825258613 343.444671631 0.095863581 0.995260358 0.016337574 -1.516165257 -0.820682228 0.088314988 -0.564518452 -85.585227966
-0.566164613 0.039962187 0.823322892 345.668670654 0.093409114 0.995500624 0.015914228 -1.498929501 -0.818982542 0.085915938 -0.567349970 -87.107254028
-0.568986356 0.039229721 0.821410716 347.828765869 0.089862049 0.995845854 0.014686339 -1.484899044 -0.817422390 0.082169972 -0.570147991 -88.585197449
-0.572842479 0.038542610 0.818758786 350.014801025 0.086234003 0.996184289 0.013438580 -1.466981888 -0.815116644 0.078303024 -0.573980391 -90.060684204
-0.575437963 0.035658646 0.817067623 352.177307129 0.084227443 0.996320665 0.015837405 -1.463588715 -0.813496590 0.077932969 -0.576324224 -91.579856873
-0.578893661 0.035100553 0.814647198 354.358886719 0.084805027 0.996246576 0.017337916 -1.445188999 -0.810981035 0.079122998 -0.579697609 -93.099235535
-0.581747472 0.035418935 0.812597930 356.535278320 0.084012896 0.996324420 0.016718639 -1.423875332 -0.809018970 0.077994719 -0.582584858 -94.646881104
-0.584872723 0.034356266 0.810397148 358.737670898 0.082259960 0.996463716 0.017123498 -1.408854008 -0.806943119 0.076678291 -0.585630655 -96.207450867
-0.588234425 0.030516591 0.808114409 360.928100586 0.079740427 0.996606708 0.020409267 -1.392395973 -0.804749489 0.076444827 -0.588671684 -97.767127991
-0.591675460 0.028151628 0.805684566 363.129211426 0.077263214 0.996769905 0.021911871 -1.359279633 -0.802465260 0.075214498 -0.591939390 -99.343307495
-0.595100582 0.027378192 0.803184748 365.340576172 0.076106630 0.996847868 0.022409784 -1.327256203 -0.800039470 0.074463762 -0.595308304 -100.942047119
-0.597863436 0.027548011 0.801124454 367.494842529 0.075532883 0.996898651 0.022088667 -1.295255184 -0.798031390 0.073717251 -0.598090053 -102.531211853
-0.600756168 0.027467433 0.798960268 369.656280518 0.075593859 0.996883214 0.022568904 -1.265580177 -0.795850217 0.073954888 -0.600960195 -104.128036499
-0.604024708 0.026277678 0.796532273 371.801330566 0.074981697 0.996896744 0.023972239 -1.238840103 -0.793430448 0.074205168 -0.604120612 -105.732246399
-0.606827080 0.024989475 0.794440925 373.957916260 0.071974687 0.997127056 0.023612229 -1.207357407 -0.791568398 0.071508184 -0.606882274 -107.357086182
-0.609915793 0.021621313 0.792171121 376.103332520 0.062147450 0.997853994 0.020613955 -1.181101322 -0.790025592 0.061804201 -0.609950602 -108.983161926
-0.613855779 0.024186857 0.789047539 378.257141113 0.054638624 0.998435259 0.011901972 -1.169075012 -0.787525058 0.050418571 -0.614216685 -110.598419189
-0.616368175 0.034598358 0.786697745 380.383117676 0.064969420 0.997862577 0.007017534 -1.168444872 -0.784773350 0.055436686 -0.617298484 -112.251281738
-0.617392302 0.035497669 0.785853982 382.536315918 0.072274759 0.997315764 0.011731824 -1.171454906 -0.783328235 0.064040549 -0.618300796 -113.920822144
-0.619630992 0.026583439 0.784442961 384.674316406 0.071809024 0.997154772 0.022930024 -1.149895668 -0.781601489 0.070538238 -0.619776964 -115.595321655
-0.623280585 0.015473463 0.781845152 386.826568604 0.064820208 0.997385800 0.031934932 -1.102033615 -0.779307127 0.070583783 -0.622654319 -117.254318237
-0.626922965 0.009338791 0.779025257 388.976501465 0.058875296 0.997636676 0.035420615 -1.037430763 -0.776853442 0.068071336 -0.625991225 -118.906303406
-0.629904807 0.009129429 0.776618659 391.074890137 0.057849441 0.997704923 0.035192519 -0.971899986 -0.774514914 0.067094892 -0.628987193 -120.571922302
-0.632919610 0.014157111 0.774088025 393.176849365 0.063220270 0.997438908 0.033449031 -0.924673080 -0.771632016 0.070108607 -0.632193625 -122.252380371
-0.634658098 0.021067504 0.772505820 395.226806641 0.068015143 0.997272015 0.028681118 -0.869237900 -0.769794166 0.070744805 -0.634359658 -123.931434631
-0.637285829 0.023670061 0.770263910 397.310699463 0.068781108 0.997286081 0.026260346 -0.828832626 -0.767551899 0.069714956 -0.637184322 -125.634910583
-0.640371084 0.023603952 0.767702937 399.410369873 0.068650059 0.997286022 0.026600923 -0.788272858 -0.764991701 0.069737300 -0.640253544 -127.358360291
-0.643113434 0.022922177 0.765427768 401.466827393 0.069336586 0.997189105 0.028393989 -0.743370056 -0.762625396 0.071332693 -0.642895103 -129.060043335
-0.645474255 0.022521600 0.763449848 403.511474609 0.070419654 0.997062445 0.030124620 -0.693035126 -0.760528803 0.073206544 -0.645164192 -130.777786255
-0.647099137 0.022750633 0.762066305 405.586059570 0.070346676 0.997072339 0.029967528 -0.638728142 -0.759153366 0.073000789 -0.646805167 -132.515411377
-0.648478806 0.022728102 0.760893464 407.644714355 0.070668839 0.997035205 0.030446500 -0.592667580 -0.757945359 0.073515363 -0.648162365 -134.253280640
-0.649795711 0.023505120 0.759745359 409.689331055 0.071609780 0.996969223 0.030402089 -0.542423248 -0.756728232 0.074160337 -0.649509490 -135.997863770
-0.650777400 0.022823775 0.758925498 411.725219727 0.072629213 0.996835768 0.032300778 -0.487317085 -0.755786836 0.076140769 -0.650375783 -137.742126465
-0.651833355 0.022220114 0.758036673 413.782348633 0.074318312 0.996630967 0.034692124 -0.427713394 -0.754711926 0.078949481 -0.651288629 -139.486419678
-0.653272927 0.021800816 0.756808639 415.830688477 0.076199844 0.996403158 0.037072640 -0.370614052 -0.753278255 0.081887245 -0.652584374 -141.234939575
-0.654607236 0.021973189 0.755649686 417.896087646 0.074251078 0.996613085 0.035342481 -0.290760040 -0.752313673 0.079243258 -0.654021740 -142.996246338
-0.656234443 0.021886509 0.754239559 419.910827637 0.070177421 0.997017026 0.032127216 -0.232274055 -0.751286447 0.074013583 -0.655812919 -144.719284058
-0.657974064 0.021113789 0.752744496 421.926879883 0.067088142 0.997275591 0.030669112 -0.178590775 -0.750046194 0.070679724 -0.657597959 -146.450195312
-0.659140646 0.020252341 0.751746774 423.944671631 0.066383913 0.997301877 0.031338532 -0.126233101 -0.749083877 0.070560411 -0.658706784 -148.190170288
-0.660521448 0.019052505 0.750565350 425.907165527 0.064121708 0.997457087 0.031109503 -0.075691223 -0.748063922 0.068676032 -0.660063565 -149.913848877
-0.661216319 0.018095387 0.749976933 427.918853760 0.061473824 0.997653902 0.030127021 -0.024909019 -0.747672200 0.066024430 -0.660777509 -151.676620483
-0.662290037 0.017315190 0.749047399 429.929931641 0.060216747 0.997729003 0.030178459 0.024226189 -0.746823788 0.065092087 -0.661828697 -153.421417236
-0.662586212 0.016403271 0.748806000 431.910797119 0.061535884 0.997572422 0.032597739 0.080584526 -0.746453524 0.067677259 -0.661987126 -155.174743652
-0.662266910 0.015422065 0.749109268 433.899200439 0.064103767 0.997288525 0.036140997 0.142299652 -0.746520758 0.071955703 -0.661459863 -156.927703857
-0.661143184 0.014348277 0.750122547 435.909332275 0.068847351 0.996758878 0.041614782 0.215147018 -0.747094154 0.079157285 -0.659988165 -158.699890137
-0.659890771 0.013344976 0.751242995 437.922363281 0.072062552 0.996357143 0.045600478 0.300140381 -0.747897804 0.084227808 -0.658448577 -160.449600220
-0.658683717 0.011001029 0.752339303 439.915954590 0.066295721 0.996852756 0.043466438 0.385812759 -0.749493599 0.078507513 -0.657340109 -162.157287598
-0.658474803 0.009979106 0.752536654 441.930969238 0.058797687 0.997537971 0.038220406 0.460695267 -0.750302494 0.069414593 -0.657440364 -163.872711182
-0.657046199 0.008063624 0.753807306 443.939514160 0.054362576 0.997846127 0.036710262 0.522781372 -0.751887739 0.065099247 -0.656069458 -165.601638794
-0.654873133 0.007845537 0.755698264 445.962158203 0.052395135 0.998011291 0.035043396 0.585558891 -0.753920376 0.062543884 -0.653981745 -167.304138184
-0.651854277 0.009156613 0.758288980 447.974548340 0.054771543 0.997884095 0.035033897 0.652977943 -0.756363750 0.064369656 -0.650976539 -169.032348633
-0.649062216 0.008276265 0.760690331 449.986938477 0.054866381 0.997846007 0.035958473 0.710744858 -0.758754194 0.065075606 -0.648118198 -170.735122681
-0.646297872 0.009512324 0.763025880 451.993164062 0.052878816 0.998076916 0.032346789 0.772150040 -0.761250734 0.061253563 -0.645558059 -172.424499512
-0.644974887 0.004607135 0.764189899 454.029663086 0.046279643 0.998381853 0.033040915 0.827124596 -0.762801170 0.056676999 -0.644144475 -174.114746094
-0.643920422 -0.001694405 0.765090585 456.064788818 0.037305530 0.998738587 0.033609178 0.880810738 -0.764182448 0.050183740 -0.643044949 -175.791870117
-0.643462121 -0.005231007 0.765460074 458.112945557 0.030048676 0.999033272 0.032086752 0.935124397 -0.764887929 0.043647662 -0.642682910 -177.474716187
-0.643024206 -0.005907048 0.765822887 460.151611328 0.028312678 0.999103248 0.031479191 0.984099388 -0.765322208 0.041924387 -0.642280340 -179.151672363
-0.641623676 -0.005464386 0.767000139 462.189422607 0.031054389 0.998969555 0.033095155 1.036652565 -0.766390681 0.045053363 -0.640792847 -180.843994141
-0.640190065 -0.006647186 0.768187881 464.238006592 0.032253921 0.998848259 0.035522804 1.093484879 -0.767538965 0.047518425 -0.639238477 -182.514907837
-0.639036655 -0.008521303 0.769129097 466.259887695 0.030871134 0.998848796 0.036715914 1.163663864 -0.768556535 0.047206704 -0.638037920 -184.178192139
-0.638494551 -0.009070788 0.769572854 468.316528320 0.028822858 0.998947263 0.035687946 1.221662521 -0.769086421 0.044967849 -0.637560964 -185.839920044
-0.637647986 -0.008447507 0.770281553 470.361846924 0.027236169 0.999067426 0.033502970 1.285450935 -0.769846261 0.042342618 -0.636823237 -187.500091553
-0.636859715 -0.006773450 0.770949900 472.421752930 0.028393280 0.999077022 0.032232620 1.338324547 -0.770456553 0.042417448 -0.636079669 -189.181549072
-0.635652065 -0.006626168 0.771947265 474.459106445 0.030019827 0.998994648 0.033294592 1.392800331 -0.771391809 0.044337496 -0.634814084 -190.842163086
