1.000000000 0.000000000 0.000000000 0.000000954 0.000000000 0.999999940 0.000000000 0.000000000 0.000000000 0.000000000 1.000000000 0.000000000
0.999995887 -0.002494034 -0.001425680 -0.006106926 0.002498189 0.999992549 0.002920471 -0.015647877 0.001418386 -0.002924020 0.999994755 1.525289655
0.999991298 -0.002951726 -0.002931502 -0.008747878 0.002963059 0.999988139 0.003869167 -0.035383530 0.002920046 -0.003877820 0.999988258 3.044090748
0.999988794 -0.001953702 -0.004314991 -0.025770683 0.001968977 0.999991775 0.003538642 -0.049482785 0.004308043 -0.003547099 0.999984443 4.557000160
0.999982357 -0.001119186 -0.005840972 -0.037625995 0.001139250 0.999993503 0.003432980 -0.065144904 0.005837094 -0.003439573 0.999976993 6.059966087
0.999972343 -0.001334321 -0.007316648 -0.052532237 0.001359247 0.999993384 0.003402888 -0.075528912 0.007312061 -0.003412739 0.999967396 7.560739517
0.999956787 -0.001835396 -0.009105691 -0.071308479 0.001872065 0.999990106 0.004020117 -0.093417004 0.009098224 -0.004036989 0.999950528 9.074519157
0.999934912 -0.003583436 -0.010833565 -0.094037108 0.003617852 0.999988496 0.003158827 -0.106530830 0.010822121 -0.003197815 0.999936402 10.570773125
0.999917686 -0.004610079 -0.011976284 -0.115869075 0.004651635 0.999983251 0.003444306 -0.122116297 0.011960202 -0.003499732 0.999922335 12.057726860
0.999901414 -0.004141170 -0.013413106 -0.136749655 0.004185806 0.999985754 0.003301466 -0.136284605 0.013399242 -0.003357285 0.999904573 13.547454834
0.999886096 -0.004179285 -0.014501353 -0.166456938 0.004228170 0.999985397 0.003342060 -0.154830500 0.014487172 -0.003402994 0.999889255 15.030679703
0.999881446 -0.002472075 -0.015197094 -0.191279352 0.002533597 0.999988675 0.004030334 -0.169058278 0.015186957 -0.004068359 0.999876440 16.505718231
0.999874115 -0.001557084 -0.015790563 -0.225596502 0.001627690 0.999988794 0.004459454 -0.180481672 0.015783438 -0.004484595 0.999865472 17.974328995
0.999864399 -0.000352951 -0.016465960 -0.250427932 0.000446042 0.999983907 0.005650198 -0.198328644 0.016463697 -0.005656775 0.999848485 19.457870483
0.999859512 -0.000361443 -0.016758904 -0.283514798 0.000453510 0.999984860 0.005490185 -0.206707388 0.016756669 -0.005497014 0.999844491 20.926866531
0.999848425 0.000751004 -0.017395597 -0.315531969 -0.000654970 0.999984503 0.005525670 -0.215436637 0.017399475 -0.005513437 0.999833465 22.389060974
0.999846220 0.000746570 -0.017520372 -0.339687794 -0.000639883 0.999981165 0.006094108 -0.231209442 0.017524585 -0.006081958 0.999828100 23.852729797
0.999846995 0.001837761 -0.017393276 -0.373267472 -0.001710471 0.999971688 0.007330377 -0.241677403 0.017406253 -0.007299506 0.999821842 25.292707443
0.999847233 0.002021718 -0.017361507 -0.402377963 -0.001916405 0.999979556 0.006080380 -0.254347384 0.017373443 -0.006046180 0.999830782 26.731630325
0.999847233 0.002525734 -0.017297035 -0.439733088 -0.002457977 0.999989152 0.003937375 -0.262513310 0.017306792 -0.003894257 0.999842584 28.165788651
0.999854743 0.000797347 -0.017028216 -0.466342956 -0.000734444 0.999992847 0.003700007 -0.276740730 0.017031047 -0.003686963 0.999848187 29.599210739
0.999858081 0.000049427 -0.016851613 -0.496449381 0.000057556 0.999979854 0.006347974 -0.292266518 0.016851591 -0.006348043 0.999837816 31.006898880
0.999862373 -0.001816207 -0.016492877 -0.529298663 0.001942606 0.999968827 0.007651106 -0.305022120 0.016478471 -0.007682092 0.999834716 32.431987762
0.999863565 -0.002293483 -0.016360728 -0.560486555 0.002407287 0.999973059 0.006939643 -0.313606590 0.016344372 -0.006978082 0.999842107 33.828739166
0.999870539 -0.002553442 -0.015888622 -0.584644556 0.002636197 0.999983072 0.005189649 -0.328555763 0.015875105 -0.005230862 0.999860287 35.230762482
0.999883056 -0.001097370 -0.015252132 -0.617406249 0.001162977 0.999990046 0.004293251 -0.341672271 0.015247270 -0.004310486 0.999874532 36.582492828
0.999892950 -0.001004140 -0.014594751 -0.636561275 0.001056002 0.999993145 0.003546188 -0.361143589 0.014591090 -0.003561221 0.999887109 37.953750610
0.999912024 -0.000286100 -0.013258079 -0.663274884 0.000348888 0.999988675 0.004733749 -0.379892230 0.013256575 -0.004737959 0.999900877 39.282215118
0.999931157 -0.000038936 -0.011725649 -0.688697934 0.000117282 0.999977648 0.006680957 -0.392920047 0.011725127 -0.006681872 0.999908924 40.615409851
0.999948502 -0.000418251 -0.010132873 -0.709801197 0.000496707 0.999969900 0.007741440 -0.408753067 0.010129332 -0.007746074 0.999918699 41.905673981
0.999969006 -0.000082475 -0.007877082 -0.718605399 0.000148818 0.999964416 0.008422074 -0.421925902 0.007876107 -0.008422985 0.999933541 43.192508698
0.999990404 -0.000569498 -0.004336763 -0.735688925 0.000603814 0.999968469 0.007915780 -0.433758497 0.004332118 -0.007918323 0.999959290 44.465538025
0.999998689 -0.001334378 -0.000826745 -0.743263006 0.001339387 0.999980509 0.006089401 -0.447760940 0.000818603 -0.006090502 0.999981105 45.713756561
0.999995410 -0.001337149 0.002683579 -0.746419430 0.001325209 0.999989271 0.004445989 -0.461937070 -0.002689495 -0.004442413 0.999986470 46.914001465
0.999979436 -0.000833082 0.006343023 -0.738552094 0.000800951 0.999986827 0.005066362 -0.476104766 -0.006347160 -0.005061177 0.999966979 48.126785278
0.999928415 -0.001152265 0.011902993 -0.732975483 0.001090714 0.999985993 0.005176184 -0.491081864 -0.011908789 -0.005162830 0.999915659 49.362648010
0.999830484 0.000678435 0.018398965 -0.714100242 -0.000749915 0.999992192 0.003878411 -0.500219882 -0.018396188 -0.003891551 0.999823213 50.547790527
0.999668598 0.001891938 0.025674257 -0.691412807 -0.001992265 0.999990463 0.003882673 -0.513350189 -0.025666671 -0.003932537 0.999662757 51.745841980
0.999409378 0.003287779 0.034206729 -0.655041456 -0.003451977 0.999982774 0.004742208 -0.524911046 -0.034190547 -0.004857489 0.999403536 52.933097839
0.998987198 0.005829795 0.044616334 -0.613621235 -0.006084950 0.999965847 0.005585204 -0.538560271 -0.044582255 -0.005851035 0.998988628 54.105369568
0.998318791 0.007793827 0.057434477 -0.560177565 -0.008117625 0.999952435 0.005406504 -0.551146507 -0.057389610 -0.005863646 0.998334646 55.229179382
0.997364163 0.009455190 0.071938239 -0.485829353 -0.009879948 0.999935806 0.005550921 -0.560979486 -0.071881138 -0.006247036 0.997393668 56.361030579
0.996012628 0.012031774 0.088396668 -0.402529240 -0.012723786 0.999892652 0.007269177 -0.578361154 -0.088299721 -0.008364934 0.996058881 57.476654053
0.994280398 0.011988538 0.106126055 -0.290898323 -0.012912514 0.999884486 0.008023567 -0.587302208 -0.106017597 -0.009348030 0.994320393 58.588943481
0.992059350 0.011960217 0.125201225 -0.162256241 -0.012966595 0.999889791 0.007226209 -0.598355293 -0.125101015 -0.008792263 0.992105067 59.686286926
0.989306986 0.011186658 0.145419672 -0.004577637 -0.012196243 0.999907255 0.006052854 -0.600168467 -0.145338491 -0.007761703 0.989351571 60.782573700
0.986040294 0.008191820 0.166305527 0.163577080 -0.009332857 0.999937892 0.006080749 -0.617554784 -0.166245401 -0.007547968 0.986055553 61.813602448
0.982191861 0.003050485 0.187856331 0.363918304 -0.004706838 0.999953806 0.008371687 -0.627257109 -0.187822133 -0.009106811 0.982160866 62.847442627
0.977423131 -0.002364803 0.211278334 0.584536552 0.000321794 0.999952912 0.009703611 -0.635938883 -0.211291313 -0.009416547 0.977377772 63.896247864
0.972027481 -0.007297177 0.234754160 0.837122917 0.005280900 0.999943614 0.009216388 -0.645821154 -0.234808177 -0.007718868 0.972011089 64.903160095
0.965479791 -0.013419886 0.260131836 1.107207298 0.011909238 0.999901831 0.007382564 -0.653677940 -0.260205358 -0.004029745 0.965544879 65.895286560
0.957989931 -0.017051376 0.286294669 1.407808304 0.015282876 0.999847770 0.008410725 -0.662218213 -0.286394536 -0.003681984 0.958104730 66.876327515
0.949392498 -0.019602943 0.313479811 1.719459534 0.017137421 0.999796748 0.010618916 -0.669888914 -0.313624322 -0.004709285 0.949535489 67.830520630
0.939731836 -0.024244636 0.341051638 2.064315796 0.020932989 0.999691248 0.013387281 -0.672327638 -0.341270983 -0.005441224 0.939949274 68.773475647
0.928822756 -0.027099961 0.369531929 2.434188843 0.023911757 0.999626815 0.013206057 -0.679818571 -0.369751930 -0.003429928 0.929124236 69.685775757
0.916647732 -0.026077867 0.398844361 2.819158554 0.024367752 0.999659181 0.009357875 -0.681929171 -0.398952514 0.001141065 0.916970968 70.582115173
0.903696775 -0.027845656 0.427266747 3.237127304 0.028765181 0.999576926 0.004303813 -0.693552196 -0.427205831 0.008401064 0.904115379 71.439956665
0.889566362 -0.029801369 0.455832958 3.681871414 0.032478496 0.999470472 0.001960841 -0.701173186 -0.455650032 0.013060472 0.890063226 72.289443970
0.873881519 -0.030463092 0.485183537 4.146268845 0.031841125 0.999478340 0.005403790 -0.711107492 -0.485095054 0.010726519 0.874395669 73.125648499
0.856171072 -0.029102707 0.515872121 4.639322281 0.027370127 0.999565184 0.010965016 -0.716116011 -0.515966952 0.004731555 0.856595457 73.950836182
0.836496830 -0.029601132 0.547171652 5.156358719 0.025664650 0.999560475 0.014839449 -0.724664629 -0.547370434 0.001629817 0.836888850 74.751968384
0.815471590 -0.023567418 0.578317046 5.694160461 0.021679938 0.999713302 0.010169655 -0.729059577 -0.578390896 0.004244812 0.815748751 75.517578125
0.793450713 -0.016557824 0.608409286 6.257694244 0.018565541 0.999823153 0.002998077 -0.733404458 -0.608351290 0.008916620 0.793617725 76.258102417
0.770887256 -0.014119342 0.636815190 6.851940155 0.017725933 0.999842584 0.000710445 -0.733917475 -0.636724949 0.010740469 0.771016181 76.997596741
0.747477710 -0.016443387 0.664083540 7.475910187 0.018623140 0.999819279 0.003794757 -0.739990830 -0.664025903 0.009530822 0.747648954 77.696640015
0.723186970 -0.017209588 0.690437913 8.116329193 0.019229269 0.999803662 0.004779361 -0.756957293 -0.690384507 0.009820244 0.723375857 78.358123779
0.697652340 -0.014983126 0.716279745 8.772773743 0.019692611 0.999804556 0.001733402 -0.763737559 -0.716165721 0.012896107 0.697810948 79.010864258
0.671497464 -0.012843890 0.740895391 9.447551727 0.019608065 0.999807715 -0.000439131 -0.773465812 -0.740747333 0.014822404 0.671620250 79.612716675
0.644406736 -0.010084771 0.764616430 10.143775940 0.017520154 0.999845088 -0.001578432 -0.779884636 -0.764482141 0.014413349 0.644483745 80.204826355
0.616339624 -0.008171814 0.787438154 10.856109619 0.017144272 0.999848306 -0.003042927 -0.789164305 -0.787293851 0.015375528 0.616386294 80.764488220
0.587278962 -0.002156593 0.809381723 11.593814850 0.015840812 0.999835551 -0.008829875 -0.809792399 -0.809229553 0.018006861 0.587216616 81.316116333
0.557338834 0.007224582 0.830253780 12.352821350 0.014623814 0.999721527 -0.018516015 -0.823976636 -0.830156446 0.022461165 0.557078004 81.824676514
0.526383817 0.015520802 0.850105464 13.124111176 0.013433116 0.999556661 -0.026567174 -0.849046052 -0.850141048 0.025404096 0.525942028 82.307327271
0.494591117 0.020655509 0.868880332 13.939674377 0.010671655 0.999497771 -0.029835232 -0.873642206 -0.869060338 0.024028629 0.494122356 82.778182983
0.462128133 0.020076802 0.886585951 14.770336151 0.008772742 0.999591291 -0.027208565 -0.905538201 -0.886769772 0.020351635 0.461763203 83.216499329
0.428904504 0.018947400 0.903151095 15.625082016 0.004395070 0.999724388 -0.023060642 -0.934408784 -0.903339148 0.013860227 0.428703040 83.627357483
0.394555420 0.019910067 0.918656409 16.482450485 0.000217629 0.999763191 -0.021761367 -0.966317415 -0.918872178 0.008785991 0.394457698 84.004165649
0.359377891 0.023188408 0.932903886 17.358221054 -0.007289771 0.999730408 -0.022041257 -0.992854416 -0.933163702 0.001120486 0.359450042 84.355651855
0.322812349 0.025003983 0.946132660 18.272294998 -0.012218582 0.999677718 -0.022250181 -1.027140260 -0.946384251 -0.004377764 0.323013872 84.708793640
0.286674470 0.024180010 0.957722843 19.180847168 -0.014731170 0.999674439 -0.020829713 -1.054786325 -0.957914889 -0.008137030 0.286937356 84.988983154
0.250396192 0.023692137 0.967853487 20.126724243 -0.015692478 0.999668479 -0.020411091 -1.084411860 -0.968016267 -0.010077159 0.250684977 85.239570618
0.214469641 0.023338152 0.976451814 21.081953049 -0.014767799 0.999677718 -0.020649644 -1.111225963 -0.976619124 -0.009991320 0.214745104 85.452545166
0.178978220 0.022602824 0.983593404 22.036445618 -0.012737565 0.999705613 -0.020655300 -1.130372763 -0.983770549 -0.008831735 0.179213405 85.622970581
0.144662783 0.021282192 0.989252090 23.015068054 -0.004374762 0.999772668 -0.020868780 -1.162658453 -0.989471197 -0.001308807 0.144723013 85.751213074
0.111043304 0.024443544 0.993514895 23.998916626 -0.002042022 0.999700904 -0.024367511 -1.199970603 -0.993813515 0.000677070 0.111060001 85.861839294
0.078091308 0.029417880 0.996512055 24.969533920 -0.001027702 0.999566317 -0.029427510 -1.228866816 -0.996945798 0.001273916 0.078087673 85.940696716
0.048877049 0.033250358 0.998251200 25.945026398 0.005808070 0.999419272 -0.033573650 -1.265262604 -0.998787940 0.007438895 0.048655547 85.976486206
0.023840103 0.031795021 0.999210000 26.983602524 0.007465091 0.999460757 -0.031981092 -1.296943069 -0.999687970 0.008221624 0.023589885 85.997497559
0.001647748 0.028728249 0.999585867 27.981121063 0.008921731 0.999547124 -0.028741835 -1.333012104 -0.999958873 0.008965395 0.001390690 85.994613647
-0.017073337 0.026217364 0.999510407 28.979209900 0.009084392 0.999619007 -0.026065033 -1.369741321 -0.999812961 0.008634926 -0.017305002 85.977890015
-0.033930600 0.029477654 0.998989344 30.019084930 0.011003693 0.999515355 -0.029119434 -1.408240795 -0.999363661 0.010004536 -0.034238517 85.948204041
-0.048370764 0.033656508 0.998262227 31.016414642 0.013727515 0.999360085 -0.033028357 -1.443138242 -0.998735130 0.012106056 -0.048801832 85.892066956
-0.060500409 0.039007600 0.997405827 32.021728516 0.018417962 0.999109626 -0.037957054 -1.483121037 -0.997998238 0.016073763 -0.061164983 85.828811646
-0.069432527 0.042723842 0.996671379 33.017131805 0.023636935 0.998872459 -0.041171547 -1.527477622 -0.997306645 0.020699611 -0.070364095 85.754692078
-0.075162560 0.047886632 0.996020734 34.017860413 0.027640952 0.998562396 -0.045922965 -1.578386664 -0.996788144 0.024079273 -0.076378122 85.668144226
-0.078682795 0.052653424 0.995508134 35.018138885 0.029682882 0.998285055 -0.050454222 -1.631422520 -0.996457756 0.025579672 -0.080110788 85.586540222
-0.081718266 0.056552529 0.995049655 36.025924683 0.031054495 0.998048484 -0.054172631 -1.690593719 -0.996171594 0.026473874 -0.083314985 85.501525879
-0.084219031 0.059370946 0.994676948 37.024490356 0.031756874 0.997876167 -0.056873068 -1.753746033 -0.995941162 0.026798036 -0.085925594 85.415496826
-0.086417012 0.063227989 0.994250596 38.051742554 0.032998718 0.997618020 -0.060573991 -1.813508391 -0.995712340 0.027574375 -0.088297628 85.317871094
-0.088363700 0.067249104 0.993815601 39.060897827 0.034209143 0.997334719 -0.064445570 -1.878774405 -0.995500624 0.028302934 -0.090428717 85.220741272
-0.090330519 0.068346813 0.993563831 40.068054199 0.037123304 0.997180104 -0.065220483 -1.953054905 -0.995219707 0.030992972 -0.092613064 85.123947144
-0.092562214 0.066809222 0.993462980 41.082633972 0.037238047 0.997280777 -0.063596427 -2.027254820 -0.995010257 0.031107998 -0.094798379 85.031494141
-0.094815984 0.066721879 0.993256271 42.108039856 0.036379490 0.997317135 -0.063521877 -2.097405195 -0.994829774 0.030111272 -0.096988931 84.935913086
-0.097380348 0.067957066 0.992924392 43.133457184 0.036120497 0.997250080 -0.064710639 -2.167272329 -0.994591534 0.029563375 -0.099567190 84.842437744
-0.099564880 0.070224799 0.992549896 44.146617889 0.036036406 0.997106433 -0.066932306 -2.244230270 -0.994378269 0.029103825 -0.101807438 84.736122131
-0.102124617 0.072297275 0.992141008 45.177143097 0.034394529 0.997015655 -0.069112152 -2.324780464 -0.994176805 0.027066167 -0.104306474 84.630378723
-0.104706571 0.075763240 0.991613030 46.202651978 0.031896077 0.996836782 -0.072794385 -2.402959108 -0.993991554 0.024006519 -0.106791928 84.529800415
-0.106789917 0.080183394 0.991043091 47.242252350 0.028231967 0.996585548 -0.077589691 -2.479463577 -0.993880749 0.019693304 -0.108689032 84.423133850
-0.109632127 0.082483754 0.990543902 48.294425964 0.025953222 0.996448636 -0.080102995 -2.567286730 -0.993633389 0.016925950 -0.111383520 84.314056396
-0.112396777 0.081100427 0.990348160 49.345233917 0.023837838 0.996596932 -0.078906745 -2.649313450 -0.993377447 0.014738898 -0.113947555 84.184463501
-0.115214281 0.077139810 0.990340829 50.401752472 0.020652736 0.996950746 -0.075251974 -2.731491089 -0.993125975 0.011783146 -0.116456114 84.065795898
-0.117730781 0.075121433 0.990200102 51.445381165 0.021334466 0.997095823 -0.073107988 -2.824683666 -0.992816329 0.012518331 -0.118991561 83.948181152
-0.119619265 0.075561516 0.989940226 52.497989655 0.021075148 0.997068226 -0.073558956 -2.911460400 -0.992596090 0.012064073 -0.120861039 83.825241089
-0.121113963 0.078529418 0.989527404 53.550354004 0.021407226 0.996840537 -0.076489642 -2.990142584 -0.992407858 0.011919072 -0.122412398 83.700698853
-0.121526584 0.081349976 0.989248931 54.614814758 0.022190185 0.996609509 -0.079229251 -3.075024128 -0.992340028 0.012323156 -0.122919701 83.564804077
-0.121688679 0.082032099 0.989172697 55.681072235 0.021230659 0.996566117 -0.080033436 -3.168658733 -0.992341220 0.011261629 -0.123012409 83.427673340
-0.121937044 0.080236875 0.989289403 56.736568451 0.018584730 0.996736825 -0.078550212 -3.264201164 -0.992363811 0.008807495 -0.123030335 83.308929443
-0.121839575 0.079831950 0.989333987 57.802223206 0.014676589 0.996796191 -0.078626595 -3.350687027 -0.992441237 0.004940219 -0.122620866 83.181251526
-0.121888749 0.080972828 0.989235222 58.867309570 0.010841879 0.996715784 -0.080249265 -3.439606667 -0.992484510 0.000943686 -0.122366354 83.057579041
-0.121801995 0.081555896 0.989198148 59.960063934 0.006574601 0.996662915 -0.081361800 -3.527842045 -0.992532611 -0.003406445 -0.121931747 82.924888611
-0.122563995 0.080515869 0.989189208 61.020702362 0.002757587 0.996727526 -0.080787770 -3.627015352 -0.992456794 -0.007173898 -0.122384936 82.810638428
-0.123352766 0.075525910 0.989484668 62.098876953 0.002696706 0.997121513 -0.075772636 -3.713327169 -0.992359281 -0.006678414 -0.123201385 82.693260193
-0.123439424 0.066719227 0.990106702 63.190650940 0.006546370 0.997770369 -0.066419482 -3.802601099 -0.992330551 -0.001717179 -0.123601012 82.554138184
-0.122676902 0.061194785 0.990558207 64.303024292 0.012466245 0.998113394 -0.060117632 -3.887401581 -0.992368340 0.004973496 -0.123208359 82.399551392
-0.122450590 0.063625090 0.990433037 65.393791199 0.020800777 0.997888267 -0.061532341 -3.959739208 -0.992256582 0.013067108 -0.123515464 82.264099121
-0.121395260 0.069442064 0.990172207 66.519279480 0.026077958 0.997428596 -0.066753797 -4.031530380 -0.992261648 0.017718075 -0.122894011 82.110534668
-0.119454831 0.075158775 0.989990771 67.604255676 0.030335274 0.996941328 -0.072026126 -4.112927437 -0.992376149 0.021427769 -0.121369414 81.967811584
-0.119344726 0.079752252 0.989644647 68.699722290 0.030671569 0.996589065 -0.076613106 -4.196834564 -0.992379069 0.021210583 -0.121383771 81.849990845
-0.118776366 0.076773986 0.989948511 69.843124390 0.028144453 0.996865809 -0.073933624 -4.285688400 -0.992522061 0.019079987 -0.120564878 81.705497742
-0.118146844 0.072315529 0.990359545 70.968757629 0.027335733 0.997203469 -0.069554217 -4.371914864 -0.992619693 0.018854590 -0.119793266 81.566780090
-0.117892563 0.070616119 0.990512431 72.103172302 0.025395637 0.997356474 -0.068081416 -4.456701279 -0.992701650 0.017128401 -0.119374260 81.433914185
-0.118094064 0.070886023 0.990469038 73.236488342 0.023168992 0.997373939 -0.068617739 -4.537950516 -0.992732108 0.014844822 -0.119426303 81.308715820
-0.118130483 0.076144710 0.990074337 74.371063232 0.024408964 0.996976972 -0.073763222 -4.625022411 -0.992698014 0.015453005 -0.119632006 81.179351807
-0.116929114 0.078841388 0.990005910 75.495002747 0.024603629 0.996767938 -0.076473974 -4.715165138 -0.992835402 0.015415705 -0.118490987 81.039428711
-0.115950085 0.078055017 0.990183294 76.645034790 0.024748389 0.996824861 -0.075680532 -4.800903797 -0.992946625 0.015730275 -0.117513679 80.900566101
-0.116046928 0.070951171 0.990706325 77.787246704 0.026123326 0.997318387 -0.068364725 -4.895056248 -0.992900133 0.017947035 -0.117589213 80.773056030
-0.116661817 0.069359720 0.990746796 78.941673279 0.025269648 0.997442901 -0.066852950 -4.981191635 -0.992850184 0.017236643 -0.118116178 80.644470215
-0.116515040 0.072519109 0.990537822 80.094589233 0.022363622 0.997269392 -0.070381366 -5.062625885 -0.992937148 0.013951526 -0.117818691 80.517494202
-0.116394356 0.075700872 0.990313947 81.241691589 0.021689679 0.997047067 -0.073666312 -5.147585392 -0.992966235 0.012905248 -0.117692582 80.393043518
-0.116007708 0.074864089 0.990423024 82.421852112 0.020964155 0.997117817 -0.072914630 -5.238845825 -0.993027031 0.012304722 -0.117242828 80.256240845
-0.115645967 0.071669988 0.990701497 83.600196838 0.019989930 0.997359455 -0.069818191 -5.323198318 -0.993089378 0.011729859 -0.116773270 80.108970642
-0.114712335 0.070753932 0.990875900 84.778274536 0.020585511 0.997415483 -0.068837747 -5.409183025 -0.993185461 0.012501146 -0.115872376 79.970970154
-0.114001013 0.070930801 0.990945280 85.959594727 0.022218389 0.997380555 -0.068835355 -5.502720833 -0.993232250 0.014169904 -0.115278378 79.849594116
-0.112813815 0.071172275 0.991063833 87.141868591 0.024042206 0.997334778 -0.068885878 -5.589674950 -0.993325233 0.016056087 -0.114224277 79.700553894
-0.112049542 0.070468828 0.991200864 88.331489563 0.023576925 0.997389972 -0.068243630 -5.678274632 -0.993422925 0.015722798 -0.113418557 79.574333191
-0.110711008 0.071222246 0.991297305 89.541961670 0.024831498 0.997315824 -0.068881392 -5.764171600 -0.993542373 0.016989468 -0.112182401 79.439002991
-0.108788453 0.069489814 0.991633058 90.716461182 0.025454646 0.997421324 -0.067102902 -5.848291874 -0.993739009 0.017941650 -0.110276774 79.293556213
-0.108007267 0.069153093 0.991742015 91.925727844 0.023555117 0.997475803 -0.066987589 -5.930264473 -0.993871033 0.016125452 -0.109363548 79.173477173
-0.107357576 0.067770250 0.991907954 93.132873535 0.025027661 0.997542202 -0.065446384 -6.024862766 -0.993905485 0.017798975 -0.108789824 79.059486389
-0.105101347 0.068655387 0.992088735 94.348228455 0.023066897 0.997513890 -0.066587128 -6.114887714 -0.994193971 0.015886016 -0.106423721 78.917449951
-0.104264237 0.071251892 0.991993964 95.562393188 0.022973558 0.997336745 -0.069220982 -6.200965881 -0.994284332 0.015572363 -0.105623454 78.800827026
-0.102573887 0.070120722 0.992250860 96.796295166 0.021323469 0.997438192 -0.068282984 -6.292029858 -0.994496763 0.014154182 -0.103806339 78.671234131
-0.102202952 0.069124803 0.992359042 98.019363403 0.017788775 0.997550249 -0.067654334 -6.379535675 -0.994604468 0.010738377 -0.103182241 78.555587769
-0.102196231 0.069725908 0.992317557 99.257034302 0.014673664 0.997537553 -0.068581492 -6.472643852 -0.994656086 0.007552166 -0.102967702 78.436286926
-0.102912903 0.069242135 0.992277384 100.496185303 0.011667095 0.997589588 -0.068402775 -6.558896065 -0.994621992 0.004537469 -0.103472680 78.320335388
-0.103487842 0.066621415 0.992396951 101.743637085 0.009034683 0.997775972 -0.066040374 -6.652704239 -0.994589746 0.002131615 -0.103859589 78.190345764
-0.104729809 0.065091468 0.992368162 102.992469788 0.006938369 0.997879267 -0.064720705 -6.745229721 -0.994476557 0.000107231 -0.104959317 78.066253662
-0.105785698 0.064191870 0.992314816 104.237731934 0.004884222 0.997935653 -0.064034790 -6.835151672 -0.994376957 -0.001927280 -0.105880879 77.933586121
-0.107537344 0.064455383 0.992109478 105.488792419 0.004693930 0.997918010 -0.064323962 -6.921308994 -0.994189978 -0.002260335 -0.107616015 77.807243347
-0.110200740 0.062921502 0.991915822 106.746093750 0.004100093 0.998014450 -0.062852852 -7.010267735 -0.993900895 -0.002859486 -0.110239930 77.675521851
-0.113682829 0.057852659 0.991831362 108.008224487 0.001220580 0.998310626 -0.058090679 -7.098033905 -0.993516386 -0.005393304 -0.113561384 77.546195984
-0.118158624 0.058168501 0.991289616 109.246513367 0.000833355 0.998288214 -0.058479853 -7.177811623 -0.992994428 -0.006083801 -0.118004836 77.412010193
-0.123516753 0.064032122 0.990274549 110.473152161 -0.004128317 0.997874200 -0.065038450 -7.262618542 -0.992333949 -0.012121504 -0.122989818 77.266517639
-0.130660012 0.067084603 0.989154994 111.710884094 -0.002834482 0.997678757 -0.068037108 -7.349775791 -0.991423190 -0.011693472 -0.130166590 77.112617493
-0.139325142 0.063156538 0.988230646 112.951034546 -0.001184728 0.997952700 -0.063944884 -7.440394878 -0.990245998 -0.010079915 -0.138965085 76.937339783
-0.150365651 0.061117452 0.986739457 114.177520752 0.001084059 0.998096943 -0.061655723 -7.530792236 -0.988629878 -0.008201218 -0.150145769 76.759941101
-0.163087815 0.062139906 0.984652698 115.401626587 0.001182703 0.998026311 -0.062787995 -7.616757393 -0.986610889 -0.009075403 -0.162839398 76.559616089
-0.177565366 0.062252652 0.982138038 116.630935669 0.003553323 0.998031199 -0.062617622 -7.707517624 -0.984102607 -0.007628866 -0.177436963 76.345870972
-0.192072913 0.060203284 0.979532301 117.841567993 0.004339078 0.998158932 -0.060497269 -7.794762611 -0.981371164 -0.007369617 -0.191980481 76.113731384
-0.207522705 0.062387478 0.976238787 119.035247803 0.007731739 0.998037636 -0.062137004 -7.885616779 -0.978199601 -0.005346813 -0.207597837 75.869964600
-0.222821414 0.065965347 0.972624958 120.217567444 0.007959097 0.997797787 -0.065849259 -7.969899654 -0.974826753 -0.006931406 -0.222855732 75.610015869
-0.237803146 0.069718160 0.968808115 121.382545471 0.008047304 0.997527838 -0.069809631 -8.062364578 -0.971279979 -0.008804663 -0.237776309 75.325988770
-0.253385931 0.067693576 0.964993894 122.553802490 0.004315663 0.997617722 -0.068848915 -8.153235435 -0.967355549 -0.013280765 -0.253074497 75.025558472
-0.269706339 0.061752185 0.960960507 123.735008240 -0.001044860 0.997922361 -0.064420633 -8.251570702 -0.962942064 -0.018378723 -0.269081533 74.710571289
-0.285351306 0.057643484 0.956687927 124.902053833 -0.004899226 0.998089015 -0.061599307 -8.337876320 -0.958410442 -0.022264479 -0.284523606 74.378448486
-0.300624311 0.059141133 0.951907158 126.061920166 -0.007048169 0.997910500 -0.064225167 -8.423097610 -0.953716636 -0.026016846 -0.299579322 74.034606934
-0.315233439 0.061182652 0.947039843 127.202713013 -0.007204115 0.997736573 -0.066855833 -8.507565498 -0.948986828 -0.027897783 -0.314079225 73.667343140
-0.328999758 0.063376129 0.942200840 128.346939087 -0.005754147 0.997592509 -0.069111221 -8.600367546 -0.944312453 -0.028159142 -0.327842951 73.279830933
-0.343470931 0.063164279 0.937036753 129.478652954 -0.003518525 0.997642338 -0.068539314 -8.694730759 -0.939156771 -0.026838247 -0.342438817 72.879989624
-0.357252270 0.060892481 0.932020903 130.608810425 -0.004037635 0.997762561 -0.066735312 -8.792551994 -0.933999181 -0.027604502 -0.356207073 72.457687378
-0.371786594 0.059900578 0.926383674 131.727691650 -0.004326747 0.997793436 -0.066254437 -8.879295349 -0.928308189 -0.028640738 -0.370706975 72.013725281
-0.386820346 0.060580019 0.920163274 132.825439453 -0.005894727 0.997657001 -0.068159968 -8.979317665 -0.922136247 -0.031789765 -0.385556877 71.576156616
-0.401653945 0.062958822 0.913624883 133.911163330 -0.005140387 0.997463405 -0.070996076 -9.063230515 -0.915777147 -0.033212230 -0.400311440 71.109268188
-0.416289389 0.064827181 0.906918168 135.019821167 -0.003504848 0.997333169 -0.072898887 -9.159928322 -0.909225404 -0.033525646 -0.414951980 70.610687256
-0.430763036 0.067581326 0.899931073 136.097839355 -0.000376335 0.997178614 -0.075064369 -9.256049156 -0.902464986 -0.032673631 -0.429522246 70.099014282
-0.445800096 0.070616938 0.892342687 137.189575195 -0.001235701 0.996833801 -0.079503328 -9.354660988 -0.895131707 -0.036545262 -0.444301397 69.570800781
-0.460806996 0.073031396 0.884490490 138.253509521 -0.000138436 0.996602476 -0.082360499 -9.452154160 -0.887500346 -0.038074750 -0.459231377 69.024124146
-0.476203859 0.070152231 0.876532018 139.335174561 -0.001614691 0.996741116 -0.080650270 -9.557041168 -0.879333436 -0.039821297 -0.474538714 68.457992554
-0.492403626 0.065581784 0.867892623 140.407897949 -0.004592053 0.996947527 -0.077939071 -9.660833359 -0.870354891 -0.042362880 -0.490599483 67.868850708
-0.508382261 0.065790594 0.858614564 141.475860596 -0.004968242 0.996836543 -0.079323411 -9.761541367 -0.861117184 -0.044592425 -0.506447256 67.258346558
-0.524191618 0.065022193 0.849114418 142.526245117 -0.006018144 0.996773124 -0.080044605 -9.861154556 -0.851579070 -0.047068812 -0.522108853 66.625518799
-0.540239096 0.063860454 0.839084923 143.567901611 -0.006985921 0.996741593 -0.080357127 -9.958030701 -0.841482520 -0.049273849 -0.538032711 65.969772339
-0.555861950 0.063309819 0.828860283 144.596679688 -0.008337148 0.996620774 -0.081714861 -10.064269066 -0.831232786 -0.052332513 -0.553455830 65.295806885
-0.571114540 0.062290400 0.818503499 145.621551514 -0.008737879 0.996598899 -0.081940852 -10.177497864 -0.820823848 -0.053949598 -0.568627894 64.588676453
-0.586242497 0.060214024 0.807894826 146.630218506 -0.008788503 0.996702552 -0.080663539 -10.269993782 -0.810087979 -0.054388586 -0.583780229 63.877876282
-0.601064444 0.056823991 0.797177911 147.632934570 -0.008824518 0.996936381 -0.077716649 -10.373071671 -0.799151897 -0.053747430 -0.598721504 63.133144379
-0.615950525 0.054963771 0.785865068 148.629379272 -0.008219829 0.997060418 -0.076177485 -10.477571487 -0.787741959 -0.053381234 -0.613688111 62.363109589
-0.630526304 0.053435121 0.774326265 149.605392456 -0.008925989 0.997062206 -0.076074168 -10.577550888 -0.776116490 -0.054878395 -0.628197134 61.578968048
-0.645406842 0.054308381 0.761905909 150.582153320 -0.010251484 0.996763527 -0.079732947 -10.685705185 -0.763770223 -0.059270844 -0.642761290 60.778198242
-0.660706460 0.053591967 0.748728752 151.537475586 -0.012411788 0.996531785 -0.082281649 -10.791472435 -0.750541627 -0.063657098 -0.657749951 59.958396912
-0.676599801 0.050374843 0.734625757 152.487670898 -0.014295055 0.996570587 -0.081502907 -10.899833679 -0.736212015 -0.065646358 -0.673559427 59.114814758
-0.692865908 0.042678252 0.719802380 153.418762207 -0.018034022 0.996909022 -0.076467507 -11.008831024 -0.720840931 -0.065962665 -0.689954579 58.250343323
-0.709619999 0.040084895 0.703443468 154.341644287 -0.019174665 0.996911943 -0.076150887 -11.112281799 -0.704323649 -0.067526482 -0.706660092 57.348262787
-0.727088332 0.037471522 0.685520530 155.235382080 -0.020598058 0.996869206 -0.076337367 -11.217771530 -0.686234891 -0.069624394 -0.724040210 56.432834625
-0.744223475 0.033952396 0.667067230 156.111022949 -0.023520809 0.996755600 -0.076974221 -11.320648193 -0.667516649 -0.072975963 -0.741010308 55.485462189
-0.760980368 0.031717557 0.647999287 156.961578369 -0.023307314 0.996822953 -0.076162450 -11.433338165 -0.648356199 -0.073061235 -0.757823527 54.519527435
-0.777015567 0.034031410 0.628560901 157.783996582 -0.021058310 0.996573269 -0.079988174 -11.534707069 -0.629129231 -0.075388484 -0.773636222 53.527927399
-0.791769803 0.034198858 0.609861672 158.572433472 -0.016914597 0.996820986 -0.077858001 -11.647886276 -0.610585451 -0.071961179 -0.788674235 52.512931824
-0.806664705 0.034788858 0.589984596 159.359359741 -0.013417943 0.996930778 -0.077130578 -11.765531540 -0.590856969 -0.070134901 -0.803722024 51.484386444
-0.820910811 0.035917718 0.569925666 160.104003906 -0.011692042 0.996753693 -0.079658188 -11.876689911 -0.570936501 -0.072055869 -0.817826033 50.431041718
-0.834776282 0.037032116 0.549342394 160.831192017 -0.011281581 0.996375680 -0.084310777 -11.990077972 -0.550473750 -0.076578081 -0.831332922 49.368057251
-0.847795188 0.037297755 0.529010475 161.530776978 -0.008517608 0.996437490 -0.083903968 -12.108608246 -0.530255318 -0.075639270 -0.844457209 48.277286530
-0.859283268 0.035445351 0.510270178 162.199401855 -0.007369765 0.996634603 -0.081640594 -12.224824905 -0.511446834 -0.073912978 -0.856130302 47.164260864
-0.869795680 0.037044875 0.492019415 162.843887329 -0.004660167 0.996516466 -0.083267473 -12.340248108 -0.493390083 -0.074718587 -0.866592944 46.047973633
-0.879135847 0.040035050 0.474886626 163.454788208 -0.001738307 0.996189237 -0.087201193 -12.451824188 -0.476568103 -0.077487215 -0.875716090 44.926074982
-0.888116241 0.037482299 0.458087802 164.055862427 -0.003718957 0.996050537 -0.088710360 -12.571085930 -0.459603667 -0.080488741 -0.884469390 43.792118073
-0.896394432 0.034969389 0.441875666 164.643768311 -0.004544553 0.996105731 -0.088049471 -12.692708969 -0.443233937 -0.080935203 -0.892744780 42.645748138
-0.903555453 0.032869451 0.427208364 165.206405640 -0.005542569 0.996073067 -0.088360615 -12.814966202 -0.428435147 -0.082206555 -0.899825156 41.486465454
-0.910141826 0.030924430 0.413140833 165.751922607 -0.005946196 0.996132493 -0.087661900 -12.942469597 -0.414253980 -0.082241379 -0.906438053 40.313354492
-0.916419029 0.028310670 0.399217486 166.278411865 -0.007066024 0.996194959 -0.086865924 -13.063865662 -0.400157630 -0.082426466 -0.912732065 39.140968323
-0.921934962 0.023623804 0.386623442 166.786132812 -0.009430795 0.996473610 -0.083375894 -13.178995132 -0.387229681 -0.080513343 -0.918461144 37.950260162
-0.927167177 0.019533703 0.374138772 167.298233032 -0.011341329 0.996718764 -0.080143824 -13.296595573 -0.374476701 -0.078549944 -0.923903227 36.745109558
-0.931459665 0.020397209 0.363272458 167.767822266 -0.008323911 0.996971488 -0.077321634 -13.398327827 -0.363749355 -0.075045839 -0.928468943 35.551136017
-0.934737623 0.024434920 0.354497790 168.233795166 -0.003902888 0.996866643 -0.079003386 -13.513475418 -0.355317503 -0.075231001 -0.931713343 34.353225708
-0.937052786 0.029286806 0.347957462 168.690155029 0.001166134 0.996733606 -0.080752410 -13.619318008 -0.349185824 -0.075263515 -0.934026003 33.146846771
-0.938874543 0.032418359 0.342729598 169.125930786 0.004147700 0.996549189 -0.082900099 -13.735582352 -0.344234407 -0.076411255 -0.935769200 31.951595306
-0.940471709 0.029091908 0.338624626 169.565704346 0.001897342 0.996763706 -0.080364391 -13.868721008 -0.339866728 -0.074937947 -0.937483311 30.741550446
-0.942420185 0.022420179 0.333678722 170.018386841 -0.003718776 0.996986091 -0.077491462 -13.970628738 -0.334410369 -0.074270397 -0.939496517 29.520549774
-0.944148302 0.016321024 0.329116285 170.456954956 -0.009245234 0.997067451 -0.075967170 -14.075506210 -0.329390973 -0.074767031 -0.941228747 28.306968689
-0.945822656 0.009954713 0.324531108 170.885986328 -0.016041342 0.996876538 -0.077329695 -14.183840752 -0.324287146 -0.078346096 -0.942708731 27.106065750
-0.947071433 0.007285845 0.320940137 171.312774658 -0.019336332 0.996632516 -0.079685278 -14.294543266 -0.320439875 -0.081673451 -0.943741322 25.899503708
-0.947943270 0.007466736 0.318351746 171.728210449 -0.019797007 0.996409416 -0.082318917 -14.403842926 -0.317823231 -0.084336065 -0.944391906 24.703899384
-0.948145270 0.008218177 0.317731231 172.140106201 -0.019566026 0.996260524 -0.084155656 -14.519445419 -0.317234695 -0.086008511 -0.944438815 23.496871948
-0.947917938 0.011080686 0.318321884 172.546905518 -0.017398743 0.996101260 -0.086485006 -14.630975723 -0.318039060 -0.087519087 -0.944029450 22.284393311
-0.947546184 0.011917058 0.319396913 172.964385986 -0.017091963 0.995985448 -0.087867565 -14.754780769 -0.319161892 -0.088717721 -0.943538427 21.053092957
-0.947263956 0.013159634 0.320184290 173.384216309 -0.016406549 0.995854497 -0.089468531 -14.879668236 -0.320034355 -0.090003438 -0.943121135 19.841777802
-0.946390808 0.014802519 0.322684407 173.794464111 -0.014833218 0.995904207 -0.089189015 -14.998515129 -0.322683066 -0.089194112 -0.942295134 18.638763428
-0.945459664 0.014448090 0.325418621 174.214599609 -0.015452323 0.995901763 -0.089111149 -15.125861168 -0.325372458 -0.089279473 -0.941361785 17.419120789
-0.944440484 0.013149580 0.328419626 174.644439697 -0.017182533 0.995857835 -0.089285128 -15.246670723 -0.328233421 -0.089967556 -0.940302432 16.249427795
-0.943031251 0.011446470 0.332507133 175.081451416 -0.018558027 0.996042252 -0.086921357 -15.369771957 -0.332186103 -0.088140242 -0.939086616 15.063224792
-0.941017151 0.009346075 0.338229656 175.525543213 -0.020289676 0.996260941 -0.083978616 -15.490774155 -0.337749928 -0.085887894 -0.937309086 13.867279053
-0.938782454 0.006969708 0.344439775 175.973953247 -0.022204075 0.996492624 -0.080681898 -15.608526230 -0.343794048 -0.083390750 -0.935335040 12.689010620
-0.936046004 0.008853531 0.351766378 176.417648315 -0.021164566 0.996456861 -0.081398234 -15.713967323 -0.351240724 -0.083637476 -0.932542086 11.518074036
-0.932814717 0.009697923 0.360225886 176.866714478 -0.020690687 0.996547282 -0.080407925 -15.838387489 -0.359761924 -0.082459018 -0.929393291 10.363258362
-0.929058433 0.012307652 0.369728237 177.329986572 -0.019693734 0.996383607 -0.082654677 -15.951345444 -0.369408429 -0.084072374 -0.925456226 9.207752228
-0.924842477 0.013411630 0.380114079 177.814559937 -0.018950604 0.996511996 -0.081268169 -16.067489624 -0.379878163 -0.082363650 -0.921362638 8.033458710
-0.920064151 0.015636191 0.391455442 178.304214478 -0.018154612 0.996428013 -0.082471065 -16.182390213 -0.391346812 -0.082985386 -0.916493952 6.893455505
-0.914747357 0.017099231 0.403664142 178.820861816 -0.018126883 0.996360958 -0.083283417 -16.299186707 -0.403619319 -0.083500445 -0.911108732 5.768985748
-0.908795238 0.019566763 0.416783124 179.353363037 -0.016247727 0.996482551 -0.082210138 -16.418754578 -0.416925728 -0.081483983 -0.905280828 4.620826721
-0.902097106 0.019514423 0.431091726 179.908142090 -0.016970452 0.996599853 -0.080625705 -16.521556854 -0.431199372 -0.080048032 -0.898698747 3.425491333
-0.895989418 0.021818627 0.443539232 180.477264404 -0.015587001 0.996631503 -0.080513552 -16.640947342 -0.443801939 -0.079052754 -0.892631233 2.300064087
-0.888917327 0.024114706 0.457432479 181.041061401 -0.013952029 0.996724665 -0.079657480 -16.748107910 -0.457855105 -0.077191047 -0.885669410 1.180511475
-0.881291747 0.026186038 0.471846491 181.623672485 -0.012145494 0.996878624 -0.078008473 -16.841730118 -0.472416431 -0.074479036 -0.878222942 0.072540283
-0.873973548 0.027801935 0.485177636 182.235794067 -0.010265898 0.997083187 -0.075627901 -16.946176529 -0.485865176 -0.071077578 -0.871138930 -1.015892029
-0.865363777 0.031238677 0.500169635 182.838897705 -0.006269010 0.997302473 -0.073133968 -17.056167603 -0.501104951 -0.066423051 -0.862833619 -2.089187622
-0.856792331 0.034086742 0.514533520 183.471832275 -0.003453293 0.997411251 -0.071826711 -17.157613754 -0.515649974 -0.063317418 -0.854456663 -3.121948242
-0.846233010 0.036562156 0.531556964 184.109451294 -0.001048990 0.997526586 -0.070282981 -17.262561798 -0.532811999 -0.060033381 -0.844101608 -4.155860901
-0.835446656 0.039948668 0.548117578 184.772338867 0.002351394 0.997605205 -0.069124825 -17.360954285 -0.549566448 -0.056461275 -0.833539844 -5.180419922
-0.824133933 0.041695844 0.564858079 185.457168579 0.003372210 0.997630179 -0.068721473 -17.452852249 -0.566384792 -0.054730892 -0.822321475 -6.189041138
-0.812300026 0.043240525 0.581634700 186.143463135 0.004941536 0.997722447 -0.067272522 -17.563932419 -0.583218753 -0.051771317 -0.810663700 -7.171279907
-0.799165845 0.045825183 0.599361300 186.866485596 0.007218841 0.997749686 -0.066659316 -17.658691406 -0.601067126 -0.048945166 -0.797698319 -8.154060364
-0.786190987 0.046627071 0.616222143 187.618041992 0.008261640 0.997853458 -0.064963192 -17.743476868 -0.617928445 -0.045982469 -0.784888566 -9.096961975
-0.771198571 0.048621815 0.634735167 188.387298584 0.010021005 0.997882545 -0.064264111 -17.828226089 -0.636515796 -0.043199699 -0.770052910 -10.039070129
