1.000000000 0.000000000 0.000000000 0.000000000 0.000000000 1.000000000 0.000000000 0.000000000 0.000000000 0.000000000 1.000000000 0.000000000
0.999998689 0.000751098 0.001443332 -0.006127064 -0.000744518 0.999989331 -0.004554559 -0.002582148 -0.001446738 0.004553479 0.999988616 0.963960528
0.999996662 -0.001440687 0.002153205 -0.002659297 0.001452172 0.999984682 -0.005341823 -0.000923644 -0.002145477 0.005344932 0.999983430 1.918652773
0.999993443 -0.002361076 0.002755972 -0.011187195 0.002364628 0.999996483 -0.001286445 -0.004254550 -0.002752925 0.001292954 0.999995291 2.851163387
0.999985754 -0.004859630 0.002167941 -0.008880783 0.004848905 0.999976039 0.004925102 -0.008222783 -0.002191824 -0.004914519 0.999985516 3.799228907
0.999963999 -0.008461447 0.000603867 -0.005605158 0.008458332 0.999951780 0.004988209 -0.005427916 -0.000646045 -0.004982922 0.999987423 4.737332821
0.999938667 -0.011071798 -0.000131978 -0.006267426 0.011072043 0.999936640 0.002011521 -0.001251944 0.000109699 -0.002012859 0.999997973 5.668089867
0.999930441 -0.011747165 -0.001042655 -0.010110006 0.011745457 0.999929786 -0.001629473 0.004258343 0.001061723 0.001617113 0.999998152 6.594722748
0.999935746 -0.011233899 -0.001503541 -0.016938172 0.011231107 0.999935150 -0.001851850 -0.002048820 0.001524247 0.001834844 0.999997139 7.520065784
0.999935389 -0.011062454 -0.002597840 -0.026307218 0.011062837 0.999938786 0.000133049 -0.002889185 0.002596209 -0.000161780 0.999996603 8.432427406
0.999938071 -0.010741752 -0.002911658 -0.036927611 0.010749528 0.999938667 0.002668557 0.002914641 0.002882815 -0.002699691 0.999992192 9.372628212
0.999932587 -0.010984750 -0.003768557 -0.046480794 0.011000713 0.999930441 0.004241435 0.004786707 0.003721704 -0.004282606 0.999983907 10.295291901
0.999915779 -0.012165197 -0.004519782 -0.049377233 0.012188459 0.999912441 0.005155084 0.005286109 0.004456673 -0.005209739 0.999976516 11.208119392
0.999907672 -0.012444741 -0.005464744 -0.055651449 0.012473902 0.999907970 0.005334775 0.006221857 0.005397852 -0.005402449 0.999970853 12.121459961
0.999899983 -0.012764446 -0.006072938 -0.067133933 0.012787868 0.999910891 0.003833858 0.010136876 0.006023461 -0.003911135 0.999974191 13.019783020
0.999887824 -0.013125535 -0.007208792 -0.079869896 0.013137227 0.999912441 0.001576737 0.019357039 0.007187465 -0.001671263 0.999972761 13.927079201
0.999857187 -0.014363165 -0.008899257 -0.088431329 0.014363944 0.999896765 0.000023335 0.027252337 0.008898004 -0.000151160 0.999960423 14.832398415
0.999847054 -0.013953141 -0.010541018 -0.106243677 0.013946964 0.999902546 -0.000659307 0.027209621 0.010549189 0.000512191 0.999944210 15.740753174
0.999843478 -0.013028084 -0.011969196 -0.121028461 0.013010514 0.999914229 -0.001544604 0.026970727 0.011988290 0.001388637 0.999927163 16.640071869
0.999843478 -0.011545502 -0.013407368 -0.139862359 0.011526569 0.999932468 -0.001488524 0.027284916 0.013423649 0.001333750 0.999908984 17.529148102
0.999815166 -0.012126683 -0.014916004 -0.157602459 0.012115736 0.999926209 -0.000824047 0.028712394 0.014924898 0.000643177 0.999888361 18.419776917
0.999793291 -0.011744875 -0.016599808 -0.175164044 0.011758622 0.999930561 0.000730748 0.026136264 0.016590076 -0.000925788 0.999861896 19.313074112
0.999773026 -0.011544307 -0.017908527 -0.197214767 0.011575175 0.999931633 0.001620961 0.023728855 0.017888593 -0.001827887 0.999838352 20.189830780
0.999723911 -0.012653123 -0.019800941 -0.209089771 0.012690799 0.999917865 0.001778219 0.021484938 0.019776817 -0.002029018 0.999802291 21.082983017
0.999718547 -0.011777018 -0.020590208 -0.238405511 0.011793343 0.999930203 0.000671578 0.027084909 0.020580864 -0.000914216 0.999787688 21.926652908
0.999682546 -0.011888766 -0.022211092 -0.258927643 0.011913764 0.999928474 0.000993467 0.028742433 0.022197694 -0.001257769 0.999752700 22.789218903
0.999664664 -0.011700726 -0.023101546 -0.283669859 0.011778249 0.999925375 0.003222496 0.028120458 0.023062114 -0.003493512 0.999727845 23.649002075
0.999634445 -0.012720323 -0.023856515 -0.302725405 0.012865424 0.999899626 0.005938588 0.031569026 0.023778582 -0.006243342 0.999697745 24.496517181
0.999606967 -0.013009938 -0.024829889 -0.322625637 0.013198887 0.999885142 0.007461132 0.035156786 0.024729965 -0.007785928 0.999663889 25.336418152
0.999609530 -0.012257943 -0.025105678 -0.354898959 0.012423457 0.999902070 0.006447398 0.036415681 0.025024181 -0.006756780 0.999664009 26.161663055
0.999610364 -0.010449844 -0.025883464 -0.380160093 0.010553516 0.999936819 0.003871989 0.037137359 0.025841363 -0.004143642 0.999657452 26.974096298
0.999592006 -0.010012801 -0.026752569 -0.404610187 0.010068601 0.999947369 0.001951884 0.043290399 0.026731616 -0.002220449 0.999640167 27.776412964
0.999582946 -0.009139823 -0.027394298 -0.436446220 0.009187392 0.999956489 0.001611045 0.045097820 0.027378377 -0.001862056 0.999623418 28.568407059
0.999543369 -0.008994863 -0.028845597 -0.458376378 0.009037547 0.999958217 0.001349705 0.041900434 0.028832246 -0.001609782 0.999582946 29.359775543
0.999476135 -0.008737788 -0.031162128 -0.484373182 0.008756187 0.999961615 0.000454046 0.042733904 0.031156961 -0.000726669 0.999514282 30.134519577
0.999420822 -0.008672043 -0.032906007 -0.515603662 0.008690136 0.999962211 0.000406881 0.043006998 0.032901235 -0.000692603 0.999458373 30.901174545
0.999354124 -0.008997387 -0.034790367 -0.537650585 0.009056716 0.999957800 0.001548090 0.044601768 0.034774970 -0.001862177 0.999393404 31.668346405
0.999272227 -0.009165168 -0.037027128 -0.566886783 0.009314207 0.999949217 0.003854664 0.047121525 0.036989924 -0.004196737 0.999306858 32.423164368
0.999212205 -0.008172012 -0.038833126 -0.600997686 0.008388249 0.999950230 0.005408696 0.048474997 0.038786992 -0.005730177 0.999231040 33.160305023
0.999145329 -0.007095112 -0.040722296 -0.633035481 0.007329505 0.999957383 0.005609470 0.047777265 0.040680759 -0.005903150 0.999154747 33.887744904
0.999089539 -0.004764832 -0.042394485 -0.675449252 0.004974276 0.999975920 0.004836302 0.048454791 0.042370409 -0.005042781 0.999089181 34.593841553
0.999015212 -0.002699066 -0.044286270 -0.712049484 0.002887979 0.999987006 0.004202340 0.052173205 0.044274352 -0.004326100 0.999010026 35.302013397
0.998929977 -0.002625026 -0.046173397 -0.736892104 0.002864481 0.999982715 0.005120590 0.056438327 0.046159167 -0.005247374 0.998920321 36.023712158
0.998895347 -0.000979457 -0.046979528 -0.784376740 0.001317922 0.999973357 0.007174068 0.057899952 0.046971254 -0.007228058 0.998870075 36.698196411
0.998894751 0.001880670 -0.046964128 -0.822627068 -0.001528476 0.999970496 0.007533996 0.063105017 0.046976902 -0.007453887 0.998868108 37.390804291
0.998924375 0.004163431 -0.046181571 -0.848774016 -0.003916183 0.999977529 0.005443037 0.065221161 0.046203185 -0.005256327 0.998918355 38.059917450
0.998995006 0.005785124 -0.044447172 -0.884121180 -0.005680936 0.999980807 0.002470042 0.066576734 0.044460610 -0.002215058 0.999008715 38.702960968
0.999082923 0.006119355 -0.042379402 -0.913276613 -0.006105133 0.999981225 0.000464971 0.074324399 0.042381451 -0.000205813 0.999101400 39.354373932
0.999215782 0.007188730 -0.038939521 -0.945824265 -0.007139711 0.999973595 0.001397777 0.074110895 0.038948540 -0.001118664 0.999240577 39.993934631
0.999263227 0.012127385 -0.036413081 -0.968672991 -0.011996525 0.999920785 0.003810160 0.077485666 0.036456399 -0.003370523 0.999329567 40.647621155
0.999331474 0.016307315 -0.032720432 -0.994710803 -0.016072754 0.999843299 0.007418981 0.077731311 0.032836288 -0.006888114 0.999436975 41.271575928
0.999370098 0.021515299 -0.028225973 -1.022669435 -0.021291560 0.999739587 0.008203517 0.082690865 0.028395124 -0.007597373 0.999567926 41.873371124
0.999420643 0.025252417 -0.022817349 -1.043560863 -0.025063748 0.999649525 0.008517232 0.087674201 0.023024436 -0.007940408 0.999703407 42.459514618
0.999429286 0.029220933 -0.016949555 -1.058873773 -0.029040348 0.999519885 0.010804591 0.085678130 0.017257137 -0.010306204 0.999798000 43.030952454
0.999364078 0.034040377 -0.010617351 -1.067922711 -0.033915691 0.999356091 0.011709735 0.090233266 0.011009119 -0.011342192 0.999875069 43.598266602
0.999282122 0.037724368 -0.003487013 -1.075041294 -0.037681766 0.999222934 0.011565428 0.090941012 0.003920601 -0.011425729 0.999927044 44.131908417
0.999152839 0.040973809 0.003857675 -1.078259587 -0.041015692 0.999092400 0.011488970 0.094166666 -0.003383426 -0.011637461 0.999926567 44.635833740
0.998928189 0.044924032 0.011155581 -1.072994351 -0.045045357 0.998925745 0.010873714 0.099317074 -0.010655107 -0.011364565 0.999878645 45.132602692
0.998613834 0.049197149 0.018709742 -1.067849874 -0.049352288 0.998750031 0.007922492 0.105538666 -0.018296592 -0.008834881 0.999793530 45.607238770
0.998320460 0.051288050 0.026941167 -1.062162995 -0.051448047 0.998661697 0.005278835 0.101732239 -0.026634376 -0.006656040 0.999623001 46.064933777
0.998062015 0.051759988 0.034540810 -1.043457627 -0.051960859 0.998636901 0.004942763 0.104922548 -0.034237884 -0.006727954 0.999391079 46.492229462
0.997789502 0.050758813 0.042891029 -1.022566319 -0.051074520 0.998675048 0.006296486 0.106006786 -0.042514592 -0.008473207 0.999059916 46.892353058
0.997304082 0.052972585 0.050777763 -1.001455784 -0.053399600 0.998548031 0.007089141 0.107373565 -0.050328501 -0.009781543 0.998684824 47.279541016
0.996648669 0.055978198 0.059647568 -0.987104416 -0.056515947 0.998374522 0.007365690 0.105393499 -0.059138287 -0.010712043 0.998192310 47.638969421
0.995825589 0.060990315 0.067908213 -0.955760241 -0.061569508 0.998081803 0.006467003 0.110800654 -0.067383528 -0.010621082 0.997670650 47.963237762
0.994909883 0.064746052 0.077215791 -0.938845396 -0.065465711 0.997831523 0.006822789 0.105628520 -0.076606587 -0.011843046 0.996991038 48.262821198
0.994183183 0.063962728 0.086652428 -0.909893990 -0.064850599 0.997867107 0.007467433 0.104384154 -0.085989960 -0.013043459 0.996210635 48.547248840
0.993286312 0.062800966 0.097150832 -0.869532585 -0.063635565 0.997958004 0.005513192 0.104965657 -0.096606225 -0.011658429 0.995254338 48.823841095
0.992156267 0.061255403 0.108966596 -0.835668564 -0.061750229 0.998090863 0.001169285 0.100423411 -0.108686961 -0.007888825 0.994044721 49.083080292
0.990553498 0.062270943 0.122172572 -0.793282032 -0.062359314 0.998048902 -0.003103885 0.104029238 -0.122127481 -0.004544035 0.992503941 49.350009918
0.988419652 0.063756779 0.137702063 -0.754244804 -0.063639365 0.997959018 -0.005259722 0.101283073 -0.137756392 -0.003564459 0.990459740 49.610588074
0.985921860 0.065665886 0.153772935 -0.703027248 -0.065438323 0.997835159 -0.006546390 0.097128719 -0.153869927 -0.003608415 0.988084435 49.861385345
0.983114839 0.066088736 0.170638323 -0.647340775 -0.065734558 0.997807205 -0.007730937 0.095952690 -0.170775086 -0.003616437 0.985303342 50.116031647
0.979848504 0.064912654 0.188900113 -0.589692116 -0.064339608 0.997886002 -0.009170757 0.099040121 -0.189096078 -0.003167808 0.981953442 50.376186371
0.975955904 0.064346798 0.208253801 -0.521090508 -0.063796192 0.997919023 -0.009366592 0.093862474 -0.208423138 -0.004144419 0.978030026 50.618232727
0.971467614 0.064315617 0.228285313 -0.446101189 -0.063613281 0.997919977 -0.010441366 0.088188171 -0.228482038 -0.004378529 0.973538339 50.855312347
0.966157496 0.066554874 0.249219313 -0.369887352 -0.065389842 0.997775614 -0.012960285 0.089651704 -0.249527514 -0.003774734 0.968360424 51.092128754
0.959893405 0.067895345 0.272019893 -0.288106918 -0.066336788 0.997685552 -0.014932589 0.082333922 -0.272404194 -0.003711234 0.962175786 51.336219788
0.952611804 0.069337778 0.296180815 -0.190319061 -0.067629516 0.997581840 -0.016022155 0.072380424 -0.296575546 -0.004767670 0.954997480 51.576873779
0.944036961 0.072186463 0.321843743 -0.092897415 -0.070485316 0.997368753 -0.016951667 0.065602481 -0.322220564 -0.006682260 0.946641028 51.813301086
0.934188843 0.074250422 0.348967046 0.018537521 -0.072486445 0.997204602 -0.018130230 0.058550656 -0.349337786 -0.008358321 0.936959445 52.052169800
0.922979951 0.075017579 0.377465814 0.138093948 -0.073028997 0.997137189 -0.019600496 0.052791655 -0.377855629 -0.009475090 0.925816059 52.291114807
0.910421491 0.072848357 0.407217234 0.280902863 -0.070084855 0.997304499 -0.021721177 0.042424321 -0.407701969 -0.008764340 0.913072944 52.526832581
0.895468116 0.070328765 0.439534605 0.427021027 -0.066305667 0.997497916 -0.024521850 0.034651279 -0.440159500 -0.007185095 0.897890806 52.754123688
0.878151000 0.069657281 0.473285198 0.580217361 -0.063639872 0.997558951 -0.028739229 0.024468660 -0.474131763 -0.004882426 0.880440295 52.975154877
0.858654618 0.071386911 0.507559001 0.742349625 -0.062893704 0.997444689 -0.033888746 0.017453909 -0.508681238 -0.002823530 0.860950291 53.192569733
0.836881697 0.073308200 0.542452633 0.929769516 -0.062398423 0.997308016 -0.038511686 0.008808613 -0.543815613 -0.001618469 0.839203179 53.419708252
0.812226355 0.076095000 0.578358054 1.124374390 -0.063317701 0.997097969 -0.042267691 -0.000421643 -0.579895914 -0.002289369 0.814687371 53.645347595
0.784726024 0.080150634 0.614638925 1.336761475 -0.066355444 0.996768892 -0.045263678 -0.012282968 -0.616280794 -0.005265051 0.787508845 53.877777100
0.754743278 0.084668033 0.650533557 1.562080383 -0.070130065 0.996367157 -0.048314590 -0.026120901 -0.652261019 -0.009156841 0.757939100 54.107372284
0.721623302 0.085612923 0.686971903 1.821823120 -0.069666184 0.996266901 -0.050978195 -0.045300484 -0.688771784 -0.011071657 0.724893749 54.343360901
0.684999466 0.083060838 0.723793328 2.104906082 -0.065942749 0.996470451 -0.051944293 -0.066056013 -0.725553155 -0.012147101 0.688058913 54.567852020
0.645813167 0.081565514 0.759126008 2.396274567 -0.063083448 0.996577919 -0.053411793 -0.089011431 -0.760884762 -0.013394229 0.648748696 54.775886536
0.603250444 0.080747291 0.793453634 2.727661133 -0.060795266 0.996622622 -0.055201478 -0.112184882 -0.795231283 -0.014937905 0.606122196 54.993156433
0.556989014 0.080750167 0.826584876 3.093118668 -0.057354700 0.996625900 -0.058713578 -0.130456090 -0.828536987 -0.014705709 0.559741080 55.205715179
0.508108556 0.079520568 0.857614160 3.461763382 -0.054120731 0.996708810 -0.060353056 -0.155597210 -0.859590828 -0.015748795 0.510740042 55.399864197
0.459667653 0.078212634 0.884640336 3.890222549 -0.052662503 0.996762097 -0.060761582 -0.172979116 -0.886528254 -0.018657239 0.462298095 55.585838318
0.410620451 0.075748302 0.908654571 4.328159332 -0.051537398 0.996878266 -0.059813201 -0.195678234 -0.910348594 -0.022269174 0.413242489 55.745716095
0.359559238 0.075580627 0.930056393 4.786792755 -0.054840866 0.996702969 -0.059795193 -0.217647076 -0.931509316 -0.029505180 0.362518698 55.915512085
0.310767412 0.076368392 0.947413087 5.252971649 -0.053164992 0.996603072 -0.062894456 -0.238349080 -0.948997974 -0.030823661 0.313771904 56.036930084
0.263097912 0.072830722 0.962016165 5.732529640 -0.042409599 0.997055709 -0.063884981 -0.276394606 -0.963836491 -0.023990709 0.265412003 56.131221771
0.218996033 0.067210354 0.973408222 6.243221283 -0.028742265 0.997636199 -0.062416807 -0.299126863 -0.975302339 -0.014308929 0.220410153 56.204326630
0.176818237 0.066173106 0.982016563 6.762646675 -0.019527270 0.997776747 -0.063719109 -0.328862309 -0.984049797 -0.007909399 0.177717358 56.264575958
0.138315231 0.067693025 0.988072157 7.298625469 -0.016101997 0.997683227 -0.066097446 -0.350670278 -0.990257382 -0.006767649 0.139084741 56.319046021
0.105793960 0.068392724 0.992033243 7.812067986 -0.007887069 0.997658193 -0.067939416 -0.390076041 -0.994356751 -0.000636655 0.106085636 56.336978912
0.076740094 0.066623166 0.994822741 8.373954773 -0.000623343 0.997768044 -0.066772334 -0.427803248 -0.997050941 0.004503998 0.076610349 56.359912872
0.051827975 0.064883769 0.996545970 8.942964554 0.006060636 0.997848272 -0.065283746 -0.462929606 -0.998637617 0.009423228 0.051323228 56.369155884
0.031882226 0.063955598 0.997443318 9.521505356 0.011028947 0.997867286 -0.064335316 -0.489670038 -0.999430835 0.013051903 0.031108864 56.371612549
0.016081229 0.066171519 0.997678638 10.099265099 0.014279447 0.997690737 -0.066402473 -0.512648523 -0.999768674 0.015314135 0.015099202 56.367450714
0.002493946 0.065835185 0.997827470 10.695708275 0.014680664 0.997720540 -0.065864816 -0.549145043 -0.999889076 0.014813033 0.001521761 56.366210938
-0.009098837 0.066725917 0.997729838 11.308691025 0.015598799 0.997659147 -0.066578917 -0.585684180 -0.999836862 0.014957598 -0.010118379 56.359069824
-0.017900903 0.069519974 0.997419953 11.921662331 0.020733858 0.997391045 -0.069145851 -0.622478366 -0.999624729 0.019442590 -0.019295620 56.333732605
-0.024450265 0.071551770 0.997137189 12.540681839 0.024995973 0.997167230 -0.070941024 -0.655333400 -0.999388516 0.023189887 -0.026169511 56.305919647
-0.028922137 0.070940733 0.997061193 13.195772171 0.025465462 0.997206986 -0.070212424 -0.693867862 -0.999257207 0.023359925 -0.030647893 56.290348053
-0.032640770 0.068381652 0.997125149 13.841536522 0.022899324 0.997446001 -0.067654051 -0.722552180 -0.999204874 0.020625208 -0.034123294 56.271133423
-0.035233621 0.061380517 0.997492254 14.543569565 0.020801861 0.997940898 -0.060673349 -0.764251471 -0.999162614 0.018611955 -0.036437903 56.252124786
-0.036405329 0.055810038 0.997777522 15.228764534 0.022070760 0.998240709 -0.055030663 -0.798827052 -0.999093473 0.020018294 -0.037573054 56.224452972
-0.036955539 0.053164519 0.997901738 15.910913467 0.024426563 0.998333514 -0.052282929 -0.834630907 -0.999018431 0.022443162 -0.038192581 56.197635651
-0.036777295 0.055415917 0.997785866 16.617938995 0.027960906 0.998127401 -0.054404285 -0.874356210 -0.998932242 0.025898151 -0.038257908 56.170341492
-0.035482023 0.062890857 0.997389495 17.325000763 0.029143753 0.997658551 -0.061871048 -0.904302239 -0.998945296 0.026872361 -0.037231814 56.137573242
-0.033845749 0.071001925 0.996901810 18.040433884 0.029881494 0.997099161 -0.070001505 -0.940422058 -0.998980284 0.027419660 -0.035869222 56.119583130
-0.031864040 0.071846932 0.996906579 18.759346008 0.030546717 0.997017086 -0.070878543 -0.973870873 -0.999025345 0.028193744 -0.033963684 56.103748322
-0.029183509 0.067297533 0.997306049 19.500181198 0.029964631 0.997341454 -0.066423081 -1.020272613 -0.999124825 0.027945451 -0.031122470 56.075042725
-0.027103189 0.061111674 0.997762918 20.242736816 0.029449711 0.997745037 -0.060310639 -1.061017275 -0.999198794 0.027749218 -0.028841797 56.062583923
-0.023895802 0.059289750 0.997954667 20.984327316 0.028036887 0.997886896 -0.058614388 -1.106729150 -0.999321282 0.026578905 -0.025507605 56.045291901
-0.020900348 0.064853676 0.997675896 21.743501663 0.035425454 0.997315288 -0.064088121 -1.155882716 -0.999153733 0.034003660 -0.023141704 56.026691437
-0.017691962 0.070189804 0.997376859 22.479183197 0.037064645 0.996893346 -0.069498301 -1.198891997 -0.999156237 0.035737861 -0.020238558 56.011280060
-0.015525520 0.070873752 0.997364461 23.218320847 0.031043597 0.997038007 -0.070367314 -1.241710186 -0.999397457 0.029869290 -0.017679710 56.018737793
-0.012266253 0.067234606 0.997661769 23.982355118 0.026791807 0.997400761 -0.066887617 -1.287378788 -0.999565780 0.025908710 -0.014035707 56.021316528
-0.007137118 0.063796572 0.997937381 24.720605850 0.030722277 0.997505844 -0.063549258 -1.336060047 -0.999502420 0.030205356 -0.009079292 55.999870300
-0.003283837 0.064869881 0.997888267 25.464731216 0.035235308 0.997281611 -0.064714484 -1.383955479 -0.999373615 0.034948394 -0.005560621 55.988204956
-0.000980109 0.069109939 0.997608542 26.196262360 0.034794405 0.997007370 -0.069034100 -1.431914330 -0.999394000 0.034643538 -0.003381814 55.997043610
0.003011006 0.070139609 0.997532666 26.954414368 0.031017248 0.997050583 -0.070199333 -1.474211097 -0.999514282 0.031152086 0.000826589 56.003128052
0.006778286 0.069643959 0.997548878 27.705089569 0.030558011 0.997091532 -0.069819659 -1.520149112 -0.999509990 0.030956361 0.004630391 56.012477875
0.010537934 0.066315420 0.997743011 28.449247360 0.034420803 0.997183084 -0.066641748 -1.570752144 -0.999351859 0.035045385 0.008225621 56.013294220
0.014373364 0.066988371 0.997650325 29.196723938 0.038776826 0.996965408 -0.067501053 -1.618738413 -0.999144554 0.039655924 0.011732150 56.014007568
0.017660599 0.067946762 0.997532606 29.948717117 0.041895889 0.996761620 -0.068635993 -1.672055721 -0.998965800 0.043004677 0.014756719 56.029624939
0.020759411 0.068203166 0.997455418 30.701259613 0.042377990 0.996713758 -0.069034450 -1.714074135 -0.998885930 0.043703273 0.017800881 56.041206360
0.024032237 0.066536479 0.997494519 31.446758270 0.043740299 0.996757209 -0.067541108 -1.764685869 -0.998753786 0.045253877 0.021043980 56.066677094
0.027680336 0.065566562 0.997464180 32.190757751 0.045994401 0.996706128 -0.066793121 -1.811747551 -0.998558164 0.047726616 0.024573468 56.082706451
0.030714191 0.065533921 0.997377515 32.918624878 0.044681087 0.996760845 -0.066869348 -1.864173412 -0.998529077 0.046617750 0.027686574 56.108264923
0.033143286 0.067343563 0.997179151 33.714572906 0.041270137 0.996784091 -0.068688579 -1.911043406 -0.998598158 0.043430291 0.030257424 56.148517609
0.036065146 0.067618713 0.997059166 34.469230652 0.043055426 0.996676624 -0.069150165 -1.953248262 -0.998421431 0.045422725 0.033033941 56.172748566
0.038861997 0.067443989 0.996965885 35.233974457 0.040931638 0.996774733 -0.069026574 -1.999822855 -0.998405874 0.043489963 0.035976067 56.206249237
0.041201226 0.067696534 0.996854901 35.986221313 0.039048109 0.996830761 -0.069308802 -2.048088074 -0.998387516 0.041780908 0.038427226 56.243614197
0.044056371 0.067183442 0.996767461 36.748931885 0.036408287 0.996965408 -0.068805993 -2.104051590 -0.998365462 0.039321940 0.041476652 56.282405853
0.046960011 0.069093116 0.996504426 37.501010895 0.035459902 0.996860862 -0.070788875 -2.150245905 -0.998267233 0.038660195 0.044362567 56.321071625
0.049893893 0.073396727 0.996053994 38.268173218 0.033483658 0.996612668 -0.075115129 -2.197496653 -0.998193085 0.037099320 0.047267288 56.372478485
0.053648613 0.075018711 0.995738029 39.040733337 0.033737428 0.996468425 -0.076891474 -2.256411076 -0.997989774 0.037718758 0.050928216 56.411952972
0.056448817 0.077058382 0.995427370 39.810089111 0.027924659 0.996505201 -0.078725383 -2.310578823 -0.998014927 0.032240923 0.054099713 56.467552185
0.059336673 0.076555848 0.995298207 40.590599060 0.023804190 0.996662915 -0.078079961 -2.364273071 -0.997954130 0.028325273 0.057316311 56.526668549
0.062483288 0.076698519 0.995094657 41.345821381 0.026593018 0.996560812 -0.078481354 -2.419327736 -0.997691691 0.031366345 0.060228750 56.582599640
0.066160902 0.078105934 0.994747221 42.138172150 0.024775691 0.996495664 -0.079891041 -2.484504700 -0.997501314 0.029931219 0.063993931 56.643062592
0.069729477 0.079226866 0.994414806 42.921501160 0.021196429 0.996498466 -0.080879197 -2.537287712 -0.997340739 0.026717708 0.067805983 56.711498260
0.074116804 0.077137068 0.994261742 43.712699890 0.020323502 0.996680081 -0.078839689 -2.592542648 -0.997042537 0.026050229 0.072303042 56.773857117
0.077919245 0.077015229 0.993980527 44.516685486 0.019934312 0.996692061 -0.078787990 -2.662568569 -0.996760309 0.025953418 0.076126248 56.858707428
0.083485737 0.080658786 0.993239284 45.296833038 0.016626984 0.996467352 -0.082318492 -2.718125343 -0.996370196 0.023386998 0.081849709 56.919773102
0.089148551 0.089349434 0.992002547 46.083145142 0.014442369 0.995747626 -0.090984620 -2.778957367 -0.995913625 0.022438016 0.087479033 57.003238678
0.096799195 0.093694076 0.990884185 46.883529663 0.013529134 0.995343506 -0.095437385 -2.847111225 -0.995211959 0.022644065 0.095080853 57.084671021
0.103654593 0.097283050 0.989844322 47.678802490 0.008121601 0.995089173 -0.098648988 -2.911630154 -0.994580269 0.018264543 0.102355458 57.183574677
0.111176521 0.095045701 0.989245236 48.486530304 0.005477733 0.995342374 -0.096247129 -2.982345104 -0.993785501 0.016119247 0.110138066 57.279766083
0.118393809 0.093677275 0.988538027 49.294689178 0.005372261 0.995464921 -0.094977118 -3.050485373 -0.992952168 0.016555388 0.117353611 57.388462067
0.126002014 0.090310074 0.987910748 50.119586945 0.004885647 0.995778978 -0.091652505 -3.119209766 -0.992017984 0.016374985 0.125028953 57.500827789
0.133383021 0.084494688 0.987456143 50.924232483 0.002861028 0.996321976 -0.085639790 -3.192529678 -0.991060436 0.014248035 0.132650703 57.616531372
0.140934154 0.077394903 0.986989141 51.737529755 0.000718875 0.996931314 -0.078277171 -3.247592926 -0.990018725 0.011741452 0.140446052 57.731594086
0.147995144 0.074447691 0.986181974 52.544837952 -0.000129984 0.997164071 -0.075257234 -3.324048519 -0.988988042 0.011009514 0.147585094 57.862289429
0.155088007 0.076205522 0.984957039 53.346767426 -0.000564031 0.997026980 -0.077050559 -3.387038708 -0.987900555 0.011394070 0.154669896 57.998523712
0.160858378 0.082642272 0.983511567 54.127098083 0.000331380 0.996483624 -0.083786495 -3.446437836 -0.986977458 0.013803674 0.160265386 58.128871918
0.166424364 0.086729407 0.982232630 54.905845642 -0.001296378 0.996142745 -0.087737992 -3.500364065 -0.986053348 0.013328398 0.165894851 58.258396149
0.171383291 0.089306042 0.981148422 55.675407410 -0.001884046 0.995910943 -0.090320662 -3.567575932 -0.985202610 0.013630925 0.170850754 58.405471802
0.176514447 0.088706151 0.980292678 56.452846527 -0.005373447 0.996002793 -0.089160174 -3.645449877 -0.984283388 0.010470509 0.176285550 58.551521301
0.181773871 0.085708857 0.979597926 57.223003387 -0.001447404 0.996216416 -0.086894281 -3.711519241 -0.983339310 0.014377236 0.181210160 58.694572449
0.185946465 0.079406306 0.979345977 57.980838776 -0.000703305 0.996739507 -0.080683060 -3.766681910 -0.982559681 0.014313951 0.185396031 58.846927643
0.189608783 0.073271997 0.979121864 58.732826233 -0.002099245 0.997239470 -0.074221306 -3.824286938 -0.981857479 0.012017595 0.189239204 58.994266510
0.192662239 0.069583058 0.978794873 59.470909119 -0.006011622 0.997547626 -0.069732890 -3.888006687 -0.981246710 0.007550749 0.192608029 59.150920868
0.196115062 0.069678649 0.978102088 60.202098846 -0.007457346 0.997549236 -0.069568813 -3.941920757 -0.980552673 0.006349443 0.196154043 59.298458099
0.198311225 0.071749412 0.977509439 60.916473389 -0.009382043 0.997410357 -0.071306765 -3.992486000 -0.980094194 0.004969896 0.198470816 59.447357178
0.200026616 0.076156400 0.976826310 61.617252350 -0.013693828 0.997094572 -0.074932463 -4.046384811 -0.979694784 0.001611997 0.200488314 59.600227356
0.201870784 0.080124289 0.976129353 62.314292908 -0.014536530 0.996783435 -0.078813396 -4.098654747 -0.979304314 0.001720588 0.202386186 59.757556915
0.203475699 0.085531853 0.975336850 62.996845245 -0.015260184 0.996333003 -0.084189504 -4.154557228 -0.978961051 0.002246694 0.204034746 59.912494659
0.205035463 0.087505765 0.974834919 63.674762726 -0.014443714 0.996157467 -0.086381830 -4.208240509 -0.978647947 0.003631100 0.205511495 60.058498383
0.206631020 0.087603807 0.974489212 64.379653931 -0.016789395 0.996154428 -0.085991420 -4.265563011 -0.978274822 0.001407414 0.207307264 60.216930389
0.206917405 0.084466197 0.974705398 65.040153503 -0.016640192 0.996425986 -0.082815953 -4.323107243 -0.978216887 0.000916778 0.207583383 60.364070892
0.207769245 0.081906758 0.974742591 65.699501038 -0.016539505 0.996639848 -0.080221310 -4.379713058 -0.978038013 0.000545763 0.208425775 60.507614136
0.207807541 0.080747649 0.974831164 66.345260620 -0.015192870 0.996733189 -0.079323150 -4.428175926 -0.978051782 0.001673463 0.208355427 60.643787384
0.205719605 0.080127157 0.975325167 66.978355408 -0.015724452 0.996784389 -0.078573458 -4.479000092 -0.978484631 0.000827644 0.206318021 60.788948059
0.204808399 0.080990262 0.975445688 67.601226807 -0.017217111 0.996714711 -0.079141237 -4.536036968 -0.978650570 -0.000585563 0.205530003 60.916400909
0.202462941 0.083918728 0.975687623 68.209289551 -0.017996170 0.996472120 -0.081972048 -4.586536407 -0.979124486 -0.000962341 0.203258902 61.047702789
0.200211093 0.087121733 0.975871623 68.803634644 -0.015608760 0.996195793 -0.085733891 -4.641406059 -0.979628384 0.001932731 0.200809345 61.170547485
0.198597655 0.087938465 0.976127923 69.411293030 -0.013719718 0.996118367 -0.086948052 -4.690905571 -0.979984999 0.003875477 0.199033275 61.300033569
0.196314767 0.087188303 0.976656914 69.994522095 -0.013681763 0.996185482 -0.086181551 -4.727350235 -0.980445445 0.003556324 0.196758822 61.413162231
0.193930730 0.084373958 0.977380157 70.581817627 -0.014090337 0.996431291 -0.083222792 -4.775944710 -0.980914056 0.002367839 0.194427505 61.530300140
0.191714972 0.080034100 0.978181958 71.156532288 -0.013384514 0.996789992 -0.078933366 -4.829086304 -0.981359363 0.002040216 0.192170799 61.648212433
0.189873025 0.078930065 0.978630781 71.717735291 -0.010202121 0.996868074 -0.078421555 -4.883179188 -0.981755674 0.004906030 0.190083608 61.753444672
0.188250169 0.080798551 0.978791833 72.269042969 -0.006073643 0.996686757 -0.081107639 -4.919869423 -0.982102334 0.009323691 0.188117206 61.852939606
0.185881868 0.082688801 0.979086578 72.820137024 -0.001796364 0.996479571 -0.083816692 -4.962970257 -0.982570529 0.013821205 0.185375988 61.954902649
0.183860913 0.084650099 0.979300559 73.361038208 -0.002499918 0.996321917 -0.085652061 -5.004516602 -0.982949138 0.013299893 0.183396280 62.057395935
0.182532117 0.087270640 0.979319096 73.902336121 -0.003196747 0.996100307 -0.088170230 -5.049872398 -0.983194649 0.012963267 0.182099298 62.157672882
0.181640387 0.085286751 0.979659617 74.455085754 -0.001073838 0.996248424 -0.086531840 -5.103220940 -0.983364522 0.014665680 0.181050569 62.256011963
0.182703719 0.084112607 0.979563355 74.992469788 0.004843112 0.996244550 -0.086448282 -5.139624119 -0.983156085 0.020538557 0.181610242 62.339797974
0.185046837 0.082367159 0.979271770 75.547920227 0.010005707 0.996271729 -0.085687771 -5.177994728 -0.982678771 0.025654558 0.183532789 62.435329437
0.187183872 0.081519417 0.978936493 76.100051880 0.012660823 0.996267676 -0.085383542 -5.225496292 -0.982243359 0.028376563 0.185453132 62.537284851
0.190321848 0.081272379 0.978351831 76.655494690 0.010141478 0.996351480 -0.084740460 -5.270152092 -0.981669366 0.026049893 0.188803226 62.654853821
0.195683360 0.081875108 0.977243304 77.210052490 0.008964749 0.996317685 -0.085268296 -5.316287041 -0.980626166 0.025446324 0.194228828 62.775897980
0.201939598 0.080996208 0.976042986 77.775321960 0.010193055 0.996346772 -0.084789984 -5.356894970 -0.979344845 0.027071320 0.200376242 62.904273987
0.210108608 0.081380531 0.974285185 78.346611023 0.008292107 0.996345520 -0.085011423 -5.398396492 -0.977642894 0.025940508 0.208665937 63.024139404
0.218426496 0.079299442 0.972625971 78.916786194 0.008504858 0.996500254 -0.083155900 -5.443449974 -0.975816369 0.026435500 0.216987625 63.168773651
0.226885095 0.078915097 0.970719099 79.476615906 0.004806652 0.996608913 -0.082143284 -5.489012718 -0.973909616 0.023302993 0.225736409 63.299007416
0.236557394 0.078738898 0.968421817 80.058746338 0.003678815 0.996631205 -0.081931137 -5.533390045 -0.971610546 0.022944063 0.235470846 63.449028015
0.246329427 0.082651220 0.965655565 80.648124695 -0.001945149 0.996397257 -0.084786251 -5.578917027 -0.969184220 0.019007003 0.245602712 63.613906860
0.255300701 0.084632538 0.963150501 81.250839233 -0.005220391 0.996267676 -0.086158819 -5.626916885 -0.966847718 0.016968383 0.254789680 63.798873901
0.266411215 0.087332740 0.959894896 81.844772339 -0.009082995 0.996069908 -0.088103116 -5.671072006 -0.963816643 0.014752933 0.266157418 63.972732544
0.276449472 0.089282155 0.956872165 82.447158813 -0.010787344 0.995900691 -0.089807220 -5.721365929 -0.960967898 0.014505045 0.276279330 64.158386230
0.286133200 0.089946516 0.953958750 83.068016052 -0.013865276 0.995868683 -0.089739315 -5.773182869 -0.958089530 0.012450494 0.286198229 64.360534668
0.296303481 0.090386160 0.950807273 83.696777344 -0.014836146 0.995827436 -0.090042427 -5.825511456 -0.954978645 0.012573565 0.296408027 64.565650940
0.306425601 0.091258891 0.947509944 84.339645386 -0.018856123 0.995780408 -0.089809939 -5.873150349 -0.951707900 0.009653691 0.306853354 64.789237976
0.317101240 0.087117061 0.944381952 84.986061096 -0.018832585 0.996154308 -0.085569367 -5.914789200 -0.948204696 0.009349006 0.317522347 65.013168335
0.327810705 0.079618484 0.941382527 85.646537781 -0.014743082 0.996752322 -0.079167567 -5.968551636 -0.944628358 0.012073098 0.327919930 65.246879578
0.338759363 0.075553790 0.937834620 86.317436218 -0.013346944 0.997056246 -0.075503685 -6.016744614 -0.940778375 0.013060353 0.338770568 65.493293762
0.349282831 0.072306529 0.934223354 86.999031067 -0.014086597 0.997310698 -0.071922705 -6.065800667 -0.936911464 0.011961339 0.349362075 65.753753662
0.358541638 0.069852725 0.930896640 87.686531067 -0.007567619 0.997381270 -0.071926877 -6.108320713 -0.933483124 0.018744109 0.358131349 66.022743225
0.367359728 0.064337507 0.927850962 88.389907837 -0.001022881 0.997631967 -0.068771146 -6.149537086 -0.930078328 0.024314664 0.366555601 66.293670654
0.374506891 0.055152319 0.925582409 89.110023499 0.008371374 0.997987688 -0.062853895 -6.191843987 -0.927186310 0.031287611 0.373291582 66.572845459
0.381534159 0.050421789 0.922978520 89.817596436 0.013919712 0.998084486 -0.060278822 -6.236320496 -0.924249947 0.035846021 0.380101472 66.862396240
0.388596952 0.050281007 0.920034945 90.523582458 0.015792716 0.997999787 -0.061212286 -6.287407875 -0.921272516 0.038316756 0.387025625 67.166816711
0.396256953 0.056861751 0.916377187 91.237869263 0.018132599 0.997401059 -0.069730178 -6.323858738 -0.917960525 0.044247374 0.394196033 67.471115112
0.403456748 0.061297204 0.912943184 91.945083618 0.022034192 0.996813297 -0.076666012 -6.365740776 -0.914733231 0.051047392 0.400820434 67.778640747
0.408336222 0.063544869 0.910617173 92.649169922 0.019811332 0.996722102 -0.078437217 -6.418560982 -0.912616551 0.050069295 0.405738890 68.108573914
0.413161665 0.064693958 0.908356965 93.353576660 0.012991462 0.996953189 -0.076912962 -6.480798721 -0.910565019 0.043578375 0.411062419 68.439598083
0.417018354 0.068519585 0.906311631 94.041107178 0.006318810 0.996911705 -0.078276634 -6.537174225 -0.908876121 0.038369603 0.415297478 68.776519775
0.420669615 0.071656801 0.904379547 94.716102600 0.005380741 0.996661186 -0.081471391 -6.598223686 -0.907197893 0.039138772 0.418879509 69.106437683
0.424827904 0.076124601 0.902067780 95.382713318 0.001629899 0.996392310 -0.084852144 -6.658764839 -0.905272603 0.037517838 0.423171163 69.420761108
0.428857118 0.078537203 0.899951875 96.061836243 -0.000517996 0.996235073 -0.086692788 -6.714892387 -0.903372169 0.036712654 0.427283138 69.743881226
0.432513744 0.077473491 0.898292661 96.722717285 -0.002186243 0.996388674 -0.084881149 -6.774478436 -0.901624739 0.034748372 0.431121141 70.075119019
0.436808318 0.073838174 0.896519065 97.374778748 -0.000766815 0.996655762 -0.081711911 -6.838110447 -0.899554253 0.035004970 0.435404092 70.388336182
0.440165699 0.071379676 0.895074964 98.007377625 -0.001104387 0.996877670 -0.078955039 -6.889089584 -0.897915840 0.033764787 0.438870132 70.704254150
0.443520874 0.070181862 0.893511951 98.635063171 -0.002632537 0.997027218 -0.077005818 -6.958786011 -0.896260142 0.031801485 0.442387044 71.032127380
0.447022706 0.072362848 0.891590893 99.266220093 -0.004346122 0.996886551 -0.078729741 -6.998806953 -0.894512177 0.031319011 0.445945412 71.350891113
0.449922413 0.072937950 0.890084147 99.875442505 -0.003747120 0.996804714 -0.079789035 -7.052959442 -0.893059850 0.032563623 0.448758066 71.658554077
0.452000320 0.070884638 0.889196873 100.477348328 -0.001079160 0.996880412 -0.078920327 -7.104669571 -0.892017126 0.034712423 0.450666696 71.969688416
0.453654081 0.070089430 0.888417423 101.067428589 0.000366817 0.996887803 -0.078834228 -7.154536247 -0.891177773 0.036089357 0.452216446 72.269760132
0.455329329 0.069887541 0.887575865 101.652664185 -0.000839313 0.996947706 -0.078068875 -7.208539009 -0.890322626 0.034802098 0.453998178 72.582077026
0.457234234 0.068986677 0.886666596 102.224411011 0.001147065 0.996940374 -0.078157991 -7.256669998 -0.889345527 0.036753580 0.455756128 72.888595581
0.460182637 0.070930779 0.884986222 102.787437439 -0.000493402 0.996823668 -0.079637878 -7.312671661 -0.887824118 0.036211304 0.458755910 73.166297913
0.463082403 0.070508957 0.883506179 103.341842651 0.003020462 0.996699214 -0.081125572 -7.362010479 -0.886310101 0.040236421 0.461340874 73.455680847
0.466239333 0.069860727 0.881895959 103.896507263 0.004578006 0.996673167 -0.081373274 -7.412327766 -0.884646773 0.041976742 0.464368403 73.748184204
0.469159663 0.068261959 0.880471289 104.438285828 0.007384804 0.996669948 -0.081205726 -7.462323189 -0.883082449 0.044600554 0.467093289 74.040924072
0.472462654 0.067359574 0.878772795 104.960403442 0.008968023 0.996656060 -0.081217103 -7.506945610 -0.881305099 0.046252906 0.470278651 74.319389343
0.475677907 0.066967018 0.877066731 105.474662781 0.009756530 0.996634662 -0.081387915 -7.554998398 -0.879565418 0.047271557 0.473423779 74.598464966
0.479159176 0.066141702 0.875232399 105.985900879 0.010418349 0.996657908 -0.081021562 -7.601937294 -0.877666175 0.047940698 0.476868778 74.885818481
0.482809395 0.065810449 0.873249173 106.499809265 0.012240740 0.996567667 -0.081871830 -7.643286228 -0.875639915 0.050217707 0.480346739 75.165878296
0.486636132 0.066789426 0.871047914 107.000648499 0.011701262 0.996485412 -0.082944840 -7.692925453 -0.873526394 0.050556324 0.484144390 75.450592041
0.490797639 0.067161255 0.868681312 107.504173279 0.013721501 0.996305108 -0.084780902 -7.738329887 -0.871165574 0.053529885 0.488062680 75.742500305
0.495574862 0.070275635 0.865717590 107.996292114 0.011976903 0.996073782 -0.087713547 -7.786044121 -0.868482709 0.053837251 0.492787421 76.029487610
0.501260936 0.076023959 0.861950040 108.469123840 0.009068201 0.995616674 -0.093086891 -7.825409889 -0.865248621 0.054477170 0.498374403 76.311233521
0.507006347 0.083117515 0.857925415 108.936187744 0.003002347 0.995163381 -0.098187670 -7.883703709 -0.861937106 0.052357566 0.504304647 76.596893311
0.513057828 0.089513302 0.853673816 109.417007446 -0.001785868 0.994656622 -0.103222966 -7.928612709 -0.858352244 0.051434796 0.510476232 76.901527405
0.519068122 0.093960017 0.849552691 109.894989014 -0.005766543 0.994301856 -0.106445856 -7.987686634 -0.854713440 0.050353669 0.516652048 77.217918396
0.524826050 0.094442882 0.845954001 110.379119873 -0.010045592 0.994443893 -0.104788147 -8.039218903 -0.851150274 0.046497438 0.522858739 77.524719238
0.530316055 0.093701847 0.842605889 110.881858826 -0.017126886 0.994854689 -0.099853389 -8.093273163 -0.847626984 0.038522646 0.529192209 77.854537964
0.536135614 0.091215774 0.839188993 111.380256653 -0.022985319 0.995353401 -0.093505375 -8.144480705 -0.843818903 0.030842541 0.535741091 78.191925049
0.542058885 0.089401096 0.835571408 111.884178162 -0.029463125 0.995735407 -0.087424107 -8.201292038 -0.839823723 0.022770468 0.542381287 78.540168762
0.548120260 0.087534048 0.831806302 112.397453308 -0.032109398 0.995977521 -0.083651841 -8.252706528 -0.835782886 0.019142460 0.548726201 78.893501282
0.554349601 0.091185495 0.827273667 112.913253784 -0.037402034 0.995705307 -0.084687926 -8.299109459 -0.831443071 0.016004996 0.555379391 79.251220703
0.560692906 0.095172815 0.822536051 113.434120178 -0.041093547 0.995346665 -0.087156184 -8.344524384 -0.827003419 0.015066926 0.561994910 79.622627258
0.566430509 0.098376691 0.818216562 113.960754395 -0.043989718 0.995043218 -0.089184143 -8.395391464 -0.822934628 0.014523502 0.567950547 80.008102417
0.572513402 0.100788511 0.813676775 114.495208740 -0.046855692 0.994815648 -0.090257548 -8.443771362 -0.818555415 0.013548272 0.574267924 80.394607544
