1.000000000 0.000000000 0.000000000 0.000000000 0.000000000 1.000000000 0.000000000 0.000000000 0.000000000 0.000000000 1.000000000 0.000000000
1.000000000 -0.000056342 0.000118670 -0.014785395 0.000056172 0.999998987 0.001437082 -0.012606668 -0.000118751 -0.001437075 0.999998987 1.315541387
0.999998391 -0.001610090 -0.000678202 -0.008999725 0.001611294 0.999997139 0.001779023 -0.039711948 0.000675336 -0.001780113 0.999998152 2.614944696
0.999995649 -0.002863432 -0.000705688 -0.013444357 0.002863980 0.999995589 0.000777758 -0.055602752 0.000703458 -0.000779775 0.999999404 3.927323818
0.999994993 -0.003123020 -0.000622308 -0.023157923 0.003123533 0.999994814 0.000826212 -0.072831579 0.000619725 -0.000828151 0.999999404 5.255607128
0.999992669 -0.003755476 -0.000672357 -0.022782002 0.003756756 0.999991119 0.001914315 -0.101181634 0.000665162 -0.001916827 0.999997854 6.568446159
0.999986053 -0.005275658 -0.000358447 -0.029997602 0.005276676 0.999981821 0.002897767 -0.114217460 0.000343153 -0.002899618 0.999995649 7.893470287
0.999989271 -0.004592710 -0.000448515 -0.038293250 0.004594267 0.999983191 0.003535559 -0.136706412 0.000432269 -0.003537582 0.999993563 9.230081558
0.999993563 -0.003520112 -0.000620852 -0.049486518 0.003521104 0.999992549 0.001603973 -0.152855232 0.000615201 -0.001606149 0.999998510 10.576045036
0.999998689 -0.001402374 -0.000960704 -0.053401485 0.001402152 0.999998987 -0.000232156 -0.179241210 0.000961029 0.000230808 0.999999523 11.910428047
0.999997258 0.002272676 -0.000580188 -0.070983425 -0.002273301 0.999996841 -0.001078522 -0.202462912 0.000577735 0.001079838 0.999999285 13.248358727
0.999989748 0.004517985 -0.000335872 -0.092218868 -0.004518408 0.999988973 -0.001270972 -0.222023845 0.000330126 0.001272477 0.999999166 14.585578918
0.999983370 0.005739241 -0.000545272 -0.093072824 -0.005739498 0.999983370 -0.000471788 -0.242077172 0.000542556 0.000474909 0.999999762 15.944411278
0.999994755 0.003230049 0.000181381 -0.102209412 -0.003230479 0.999991953 0.002425882 -0.266997159 -0.000173544 -0.002426455 0.999996960 17.299690247
0.999999583 -0.000879298 0.000231175 -0.104054518 0.000878297 0.999990404 0.004301514 -0.285586357 -0.000234955 -0.004301310 0.999990702 18.651178360
0.999995410 -0.003004295 0.000139987 -0.114320070 0.003004035 0.999993861 0.001822298 -0.299726099 -0.000145460 -0.001821869 0.999998331 20.001623154
0.999987364 -0.005031977 0.000019049 -0.114577428 0.005031967 0.999987185 0.000492682 -0.333286583 -0.000021528 -0.000492580 0.999999821 21.358152390
0.999996841 -0.002298259 0.001067817 -0.134808615 0.002299527 0.999996662 -0.001188018 -0.349832445 -0.001065083 0.001190470 0.999998748 22.706291199
0.999998689 0.000348496 0.001545987 -0.136409059 -0.000349786 0.999999583 0.000833904 -0.371293366 -0.001545696 -0.000834444 0.999998391 24.079811096
0.999997497 0.000985254 0.001972635 -0.141054869 -0.000994458 0.999988556 0.004670043 -0.393862456 -0.001968011 -0.004671993 0.999987125 25.452621460
0.999995470 -0.001695813 0.002486741 -0.143878162 0.001679626 0.999977529 0.006497111 -0.404067993 -0.002497703 -0.006492904 0.999975801 26.829338074
0.999977350 -0.006471648 0.001855310 -0.127336398 0.006462843 0.999967992 0.004713197 -0.426120728 -0.001885753 -0.004701099 0.999987185 28.225643158
0.999978662 -0.006214481 0.002003228 -0.130522132 0.006209513 0.999977529 0.002477010 -0.438274205 -0.002018577 -0.002464518 0.999994874 29.601198196
0.999973238 -0.006722472 0.002879460 -0.140400469 0.006723139 0.999977350 -0.000221748 -0.459111929 -0.002877905 0.000241101 0.999995768 30.961980820
0.999987960 -0.003336944 0.003587570 -0.150986567 0.003339889 0.999994159 -0.000815555 -0.482282579 -0.003584827 0.000827527 0.999993265 32.345172882
0.999989212 -0.002449968 0.003944343 -0.155372381 0.002461866 0.999992371 -0.003014411 -0.508383811 -0.003936927 0.003024088 0.999987662 33.717315674
0.999990880 -0.001781443 0.003900547 -0.152975291 0.001790938 0.999995410 -0.002432145 -0.530975819 -0.003896196 0.002439109 0.999989450 35.109260559
0.999990940 -0.001207963 0.004087226 -0.168141589 0.001213273 0.999998450 -0.001296857 -0.556262672 -0.004085653 0.001301804 0.999990821 36.495784760
0.999993801 -0.000040289 0.003531076 -0.168947607 0.000038871 0.999999940 0.000401555 -0.579282403 -0.003531092 -0.000401416 0.999993682 37.897186279
0.999989152 0.002766658 0.003752597 -0.176284477 -0.002770048 0.999995768 0.000898605 -0.609155655 -0.003750095 -0.000908990 0.999992549 39.295787811
0.999978125 0.005230646 0.004070537 -0.184799135 -0.005232135 0.999986291 0.000355452 -0.627274036 -0.004068623 -0.000376741 0.999991655 40.690738678
0.999964654 0.007391965 0.004004989 -0.189388454 -0.007395045 0.999972343 0.000754640 -0.647530496 -0.003999300 -0.000784230 0.999991715 42.103298187
0.999961615 0.007940960 0.003685842 -0.190250993 -0.007943455 0.999968231 0.000663049 -0.667081892 -0.003680459 -0.000692302 0.999993026 43.506969452
0.999967575 0.007386214 0.003204589 -0.197565526 -0.007388915 0.999972343 0.000832038 -0.695304751 -0.003198355 -0.000855690 0.999994516 44.916484833
0.999977469 0.006306241 0.002263958 -0.194338351 -0.006307532 0.999979973 0.000564077 -0.716676176 -0.002260356 -0.000578344 0.999997258 46.318103790
0.999983847 0.005500790 0.001434161 -0.203691959 -0.005501986 0.999984503 0.000831657 -0.739440620 -0.001429565 -0.000839535 0.999998629 47.723251343
0.999983072 0.005800098 0.000369956 -0.206064805 -0.005800705 0.999981701 0.001664673 -0.755350411 -0.000360294 -0.001666791 0.999998569 49.153762817
0.999980807 0.006159691 -0.000690183 -0.217947587 -0.006158735 0.999980092 0.001377848 -0.779789150 0.000698657 -0.001373570 0.999998808 50.569408417
0.999978065 0.006297581 -0.002057458 -0.227754951 -0.006293227 0.999977946 0.002115147 -0.802730620 0.002070732 -0.002102153 0.999995649 51.995033264
0.999975801 0.006021764 -0.003493518 -0.239537328 -0.006009952 0.999976158 0.003382064 -0.826277852 0.003513800 -0.003360986 0.999988198 53.409412384
0.999980092 0.005026425 -0.003801034 -0.249329954 -0.005010847 0.999979198 0.004096604 -0.846031845 0.003821545 -0.004077477 0.999984324 54.867736816
0.999984324 0.003082494 -0.004677371 -0.254205287 -0.003061366 0.999985158 0.004517598 -0.866105199 0.004691228 -0.004503208 0.999978840 56.316574097
0.999987841 0.000844697 -0.004864416 -0.273470074 -0.000827258 0.999993205 0.003585726 -0.883345604 0.004867413 -0.003581658 0.999981761 57.735794067
0.999984622 -0.000924522 -0.005475658 -0.281018734 0.000947508 0.999990702 0.004196553 -0.906621814 0.005471727 -0.004201677 0.999976218 59.161273956
0.999987304 -0.001640185 -0.004764057 -0.295720607 0.001662292 0.999987781 0.004640181 -0.924620867 0.004756389 -0.004648041 0.999977887 60.577751160
0.999985218 -0.003137333 -0.004446247 -0.303563178 0.003161478 0.999980152 0.005433818 -0.940328717 0.004429112 -0.005447794 0.999975383 62.011989594
0.999984920 -0.004169485 -0.003581446 -0.327091306 0.004188334 0.999977350 0.005271586 -0.971538365 0.003559384 -0.005286507 0.999979675 63.389289856
0.999981642 -0.005286741 -0.002977617 -0.340285718 0.005299251 0.999977052 0.004208818 -0.984689951 0.002955298 -0.004224520 0.999986649 64.803398132
0.999982595 -0.005346907 -0.002460873 -0.344551742 0.005357050 0.999977112 0.004134194 -1.011021018 0.002438711 -0.004147306 0.999988377 66.212837219
0.999988496 -0.004567808 -0.001454244 -0.356919974 0.004573555 0.999981642 0.003973192 -1.026842356 0.001436068 -0.003979797 0.999991059 67.638099670
0.999998808 -0.000814465 -0.001268968 -0.370429724 0.000820783 0.999987245 0.004986769 -1.040960312 0.001264890 -0.004987805 0.999986768 69.031944275
0.999997437 0.002187527 -0.000545493 -0.386217594 -0.002183995 0.999977171 0.006394166 -1.060580492 0.000559468 -0.006392958 0.999979436 70.429359436
0.999982595 0.005889550 0.000402745 -0.396951199 -0.005892229 0.999958098 0.007009118 -1.081643820 -0.000361447 -0.007011369 0.999975383 71.832168579
0.999951661 0.009795615 0.000907611 -0.413913727 -0.009801361 0.999930441 0.006559512 -1.095906258 -0.000843293 -0.006568091 0.999978065 73.221450806
0.999908626 0.013425665 0.001573440 -0.426334947 -0.013434893 0.999891639 0.006007665 -1.119553328 -0.001492613 -0.006028255 0.999980628 74.622467041
0.999883473 0.015096129 0.002268057 -0.434739023 -0.015109542 0.999867737 0.006019593 -1.137433887 -0.002176885 -0.006053160 0.999979317 76.012451172
0.999882102 0.015143792 0.002560271 -0.439011753 -0.015159150 0.999866545 0.006088610 -1.147620916 -0.002467724 -0.006126702 0.999978244 77.426376343
0.999889433 0.014584849 0.002875932 -0.452228278 -0.014601717 0.999875724 0.005933941 -1.176650047 -0.002789029 -0.005975279 0.999978244 78.774559021
0.999910653 0.013132002 0.002500700 -0.454613268 -0.013144490 0.999900818 0.005044283 -1.192353010 -0.002434210 -0.005076701 0.999984145 80.165473938
0.999919474 0.012504396 0.002153537 -0.461060584 -0.012515124 0.999908984 0.005042437 -1.209199667 -0.002090288 -0.005068982 0.999984980 81.531745911
0.999920189 0.012515474 0.001702427 -0.459221512 -0.012523847 0.999908984 0.005000775 -1.224882841 -0.001639685 -0.005021697 0.999986053 82.912071228
0.999928892 0.011883500 0.000912635 -0.459091246 -0.011887521 0.999919057 0.004534896 -1.242918849 -0.000858671 -0.004545423 0.999989212 84.291252136
0.999928057 0.011985658 0.000311515 -0.477017522 -0.011987037 0.999916196 0.004886907 -1.255956292 -0.000252916 -0.004890290 0.999987960 85.650115967
0.999932528 0.011604569 -0.000538812 -0.481624335 -0.011601334 0.999916673 0.005658369 -1.276350498 0.000604430 -0.005651736 0.999983847 87.013763428
0.999957383 0.009085163 -0.001624773 -0.491541088 -0.009074300 0.999937177 0.006571517 -1.288213730 0.001684374 -0.006556494 0.999976993 88.437141418
0.999966502 0.007618700 -0.002982508 -0.493304968 -0.007596910 0.999944985 0.007249836 -1.319236755 0.003037578 -0.007226935 0.999969244 89.768287659
0.999978840 0.005199331 -0.003898194 -0.501939893 -0.005171204 0.999960780 0.007191099 -1.334100246 0.003935429 -0.007170788 0.999966502 91.126838684
0.999982893 0.003965730 -0.004285769 -0.514226794 -0.003936552 0.999969184 0.006795402 -1.357273579 0.004312586 -0.006778414 0.999967754 92.507240295
0.999985218 0.003103250 -0.004456018 -0.530453205 -0.003074512 0.999974549 0.006441812 -1.371493816 0.004475895 -0.006428017 0.999969363 93.843658447
0.999984264 0.003670680 -0.004235686 -0.550162613 -0.003646565 0.999977171 0.005686947 -1.388049126 0.004256464 -0.005671412 0.999974847 95.214332581
0.999984741 0.003526316 -0.004232908 -0.568028927 -0.003503734 0.999979675 0.005330570 -1.407161951 0.004251619 -0.005315659 0.999976873 96.564613342
0.999983072 0.004393771 -0.003808717 -0.585998535 -0.004376779 0.999980450 0.004458378 -1.425033092 0.003828231 -0.004441632 0.999982834 97.903625488
0.999977410 0.005835685 -0.003315052 -0.611288011 -0.005820100 0.999972045 0.004691790 -1.441701531 0.003342339 -0.004672390 0.999983490 99.241340637
0.999973953 0.006394260 -0.003343639 -0.610202610 -0.006374029 0.999961555 0.006026556 -1.458187461 0.003382046 -0.006005087 0.999976277 100.603027344
0.999964714 0.007667810 -0.003436903 -0.631443679 -0.007642191 0.999943376 0.007406594 -1.474571228 0.003493500 -0.007380067 0.999966741 101.928146362
0.999971926 0.006754159 -0.003236042 -0.634197056 -0.006734751 0.999959469 0.005971230 -1.498597145 0.003276242 -0.005949269 0.999976933 103.294960022
0.999972284 0.006844854 -0.002908302 -0.653867364 -0.006834637 0.999970436 0.003508586 -1.510497808 0.002932232 -0.003488612 0.999989688 104.617195129
0.999975085 0.006174008 -0.003419446 -0.658665180 -0.006165411 0.999977827 0.002519015 -1.537533283 0.003434923 -0.002497870 0.999991000 105.946563721
0.999988019 0.003738013 -0.003160387 -0.673135161 -0.003725438 0.999985099 0.003975459 -1.558012009 0.003175200 -0.003963638 0.999987125 107.272514343
0.999994934 0.001992168 -0.002486793 -0.691669583 -0.001978526 0.999983013 0.005476249 -1.567776918 0.002497660 -0.005471301 0.999981940 108.603027344
0.999998033 0.000438921 -0.001929558 -0.698959231 -0.000427029 0.999980927 0.006159225 -1.589254379 0.001932224 -0.006158389 0.999979138 109.933769226
0.999999583 0.000171153 -0.000918869 -0.712874115 -0.000167200 0.999990761 0.004300797 -1.597786069 0.000919597 -0.004300642 0.999990344 111.281494141
0.999997497 0.002248152 -0.000219389 -0.722836792 -0.002247688 0.999995291 0.002093786 -1.615034103 0.000224095 -0.002093288 0.999997795 112.611862183
0.999988914 0.004632191 0.000861349 -0.737555683 -0.004632080 0.999989271 -0.000130331 -1.636550307 -0.000861943 0.000126339 0.999999642 113.927085876
0.999969363 0.007538704 0.002118683 -0.746561289 -0.007538411 0.999971569 -0.000146164 -1.656580091 -0.002119725 0.000130188 0.999997795 115.247596741
0.999954283 0.008789750 0.003767966 -0.752042174 -0.008796904 0.999959528 0.001885979 -1.679860115 -0.003751236 -0.001919039 0.999991119 116.579429626
0.999952734 0.008483607 0.004752907 -0.750108421 -0.008504140 0.999954522 0.004316464 -1.700507164 -0.004716071 -0.004356679 0.999979436 117.907699585
0.999949336 0.008231204 0.005793315 -0.757540047 -0.008258699 0.999954641 0.004738539 -1.717944503 -0.005754049 -0.004786144 0.999971986 119.246353149
0.999934196 0.008929010 0.007203591 -0.755955935 -0.008959093 0.999951243 0.004154924 -1.732052207 -0.007166140 -0.004219188 0.999965370 120.600891113
0.999915600 0.010154407 0.008098542 -0.757113695 -0.010185471 0.999940872 0.003803913 -1.753137112 -0.008059436 -0.003886078 0.999959946 121.914993286
0.999887168 0.011896953 0.009172568 -0.748795271 -0.011930370 0.999922335 0.003597347 -1.770318270 -0.009129061 -0.003706374 0.999951363 123.253196716
0.999859035 0.013155514 0.010434281 -0.756382942 -0.013180262 0.999910474 0.002306581 -1.786105871 -0.010403003 -0.002443783 0.999942899 124.581069946
0.999826133 0.014551891 0.011658996 -0.754477739 -0.014565103 0.999893367 0.001049242 -1.797360659 -0.011642486 -0.001218874 0.999931455 125.931594849
0.999842107 0.012910289 0.012212092 -0.743546605 -0.012925489 0.999915898 0.001166736 -1.819407344 -0.012196001 -0.001324399 0.999924719 127.277397156
0.999829352 0.012870225 0.013255147 -0.738164902 -0.012900662 0.999914348 0.002213321 -1.837231159 -0.013225526 -0.002383943 0.999909699 128.623260498
0.999845386 0.010809219 0.013864051 -0.727552772 -0.010857479 0.999935210 0.003410351 -1.858186483 -0.013826290 -0.003560353 0.999898076 129.980697632
0.999847710 0.009984371 0.014313470 -0.715543389 -0.010036107 0.999943316 0.003547234 -1.868537188 -0.014277243 -0.003690345 0.999891222 131.344772339
0.999861538 0.008403950 0.014355438 -0.702646852 -0.008454296 0.999958217 0.003449907 -1.886445284 -0.014325845 -0.003570794 0.999890983 132.675872803
0.999878407 0.006403306 0.014219370 -0.695657969 -0.006466539 0.999969363 0.004405466 -1.907875776 -0.014190725 -0.004496881 0.999889195 134.018554688
0.999894381 0.004791060 0.013728589 -0.685800552 -0.004845786 0.999980390 0.003955778 -1.923357725 -0.013709369 -0.004021886 0.999897897 135.369537354
0.999915898 0.003574076 0.012463109 -0.677275777 -0.003617984 0.999987245 0.003502361 -1.935052633 -0.012450432 -0.003547159 0.999916196 136.703002930
0.999937057 0.001855412 0.011063564 -0.655693293 -0.001909054 0.999986589 0.004839976 -1.957844496 -0.011054436 -0.004860793 0.999927104 138.078186035
0.999948978 0.000502533 0.010096697 -0.649517536 -0.000554629 0.999986529 0.005157618 -1.976607203 -0.010093972 -0.005162956 0.999935746 139.418884277
0.999961436 0.000319306 0.008779055 -0.642176270 -0.000360802 0.999988794 0.004725605 -1.990010262 -0.008777448 -0.004728591 0.999950290 140.769256592
0.999973476 -0.000341066 0.007285633 -0.634416699 0.000311002 0.999991417 0.004127290 -2.007574320 -0.007286978 -0.004124914 0.999964893 142.111038208
0.999979913 0.000191390 0.006322181 -0.634010017 -0.000215566 0.999992669 0.003823604 -2.026817799 -0.006321402 -0.003824890 0.999972701 143.446548462
0.999981046 -0.002311229 0.005693496 -0.640573978 0.002302972 0.999996305 0.001456370 -2.044829845 -0.005696841 -0.001443231 0.999982774 144.778793335
0.999959707 -0.007909549 0.004242525 -0.623150647 0.007906413 0.999968469 0.000755460 -2.061637402 -0.004248367 -0.000721886 0.999990702 146.160308838
0.999879599 -0.015002798 0.003945635 -0.630009949 0.014990352 0.999882638 0.003165239 -2.078923702 -0.003992660 -0.003105711 0.999987185 147.501800537
0.999759972 -0.021810057 0.002028652 -0.618028164 0.021800086 0.999750793 0.004812812 -2.101510763 -0.002133115 -0.004767433 0.999986410 148.854446411
0.999689400 -0.024904504 0.000887551 -0.603928447 0.024903653 0.999689400 0.000958946 -2.112053871 -0.000911158 -0.000936545 0.999999166 150.226608276
0.999690175 -0.024862664 0.001168685 -0.599292517 0.024865063 0.999688566 -0.002082338 -2.134423494 -0.001116549 0.002110753 0.999997199 151.580963135
0.999772131 -0.021239351 0.002129319 -0.616980374 0.021247750 0.999766171 -0.004000850 -2.167368889 -0.002043847 0.004045182 0.999989748 152.888854980
0.999771595 -0.021104088 0.003366529 -0.632662952 0.021117445 0.999769032 -0.003981944 -2.197607279 -0.003281717 0.004052127 0.999986410 154.218872070
0.999699771 -0.024293771 0.003179215 -0.614730835 0.024296252 0.999704480 -0.000742804 -2.217360258 -0.003160230 0.000819824 0.999994695 155.583251953
0.999557436 -0.029466312 0.004068711 -0.609369218 0.029458579 0.999564052 0.001948793 -2.238221169 -0.004124361 -0.001828072 0.999989867 156.943313599
0.999448001 -0.033032455 0.003573874 -0.599867582 0.033021294 0.999449730 0.003139173 -2.257102489 -0.003675601 -0.003019426 0.999988675 158.281860352
0.999411166 -0.034125078 0.003601371 -0.596642375 0.034114398 0.999413490 0.002985238 -2.272955656 -0.003701131 -0.002860621 0.999989033 159.624191284
0.999457836 -0.032585964 0.004706326 -0.602254331 0.032568470 0.999462485 0.003747574 -2.297030210 -0.004825914 -0.003592264 0.999981821 160.969528198
0.999571502 -0.028708443 0.005705874 -0.611071229 0.028692450 0.999584138 0.002865434 -2.315150261 -0.005785763 -0.002700490 0.999979615 162.305252075
0.999677122 -0.024611838 0.006314192 -0.597558737 0.024608299 0.999696910 0.000637830 -2.334750891 -0.006327977 -0.000482243 0.999979854 163.670227051
0.999747157 -0.021269998 0.007286747 -0.598133087 0.021272270 0.999773741 -0.000234769 -2.351242065 -0.007280104 0.000389716 0.999973416 165.021072388
0.999782443 -0.019306349 0.007893498 -0.612224698 0.019300207 0.999813318 0.000853586 -2.370402098 -0.007908504 -0.000701055 0.999968469 166.351425171
0.999812305 -0.018005537 0.007156795 -0.596264839 0.018000361 0.999837637 0.000786935 -2.397205114 -0.007169804 -0.000657962 0.999974072 167.715728760
0.999859929 -0.015028156 0.007362147 -0.612047791 0.015043596 0.999884725 -0.002046428 -2.414108992 -0.007330544 0.002156895 0.999970794 169.061141968
0.999907672 -0.011797214 0.006738017 -0.612249136 0.011830017 0.999918282 -0.004849741 -2.437473774 -0.006680252 0.004929004 0.999965608 170.407424927
0.999958515 -0.005896275 0.006935395 -0.623077393 0.005937384 0.999964774 -0.005921741 -2.469494581 -0.006900235 0.005962673 0.999958396 171.754913330
0.999973297 -0.001423297 0.007167218 -0.628164411 0.001456856 0.999988019 -0.004679247 -2.498363972 -0.007160472 0.004689564 0.999963343 173.115478516
0.999968946 0.001692258 0.007700519 -0.633741021 -0.001669240 0.999994040 -0.002994608 -2.522476673 -0.007705540 0.002981661 0.999965847 174.474777222
0.999967158 0.002712278 0.007629828 -0.631198883 -0.002705267 0.999995887 -0.000929016 -2.544536352 -0.007632317 0.000908345 0.999970436 175.857147217
0.999977827 -0.000514636 0.006639293 -0.627502441 0.000514574 0.999999881 0.000011035 -2.567278862 -0.006639298 -0.000007618 0.999977946 177.231140137
0.999984920 -0.002376793 0.004949710 -0.619926751 0.002377192 0.999997199 -0.000074697 -2.587478399 -0.004949518 0.000086463 0.999987721 178.620834351
0.999990880 -0.002628619 0.003355977 -0.625727475 0.002643416 0.999986827 -0.004412140 -2.612748384 -0.003344335 0.004420972 0.999984622 180.021987915
0.999997735 -0.001585444 0.001440637 -0.619568825 0.001597111 0.999965668 -0.008133990 -2.645205975 -0.001427692 0.008136271 0.999965906 181.427871704
0.999993980 0.003349359 0.000875142 -0.636232138 -0.003341410 0.999954522 -0.008931669 -2.674552679 -0.000905017 0.008928691 0.999959648 182.830825806
0.999976635 0.006807968 0.000649317 -0.647345662 -0.006802496 0.999944091 -0.008089792 -2.706131697 -0.000704356 0.008085187 0.999967039 184.232589722
0.999958098 0.009079235 0.001182105 -0.666186035 -0.009073709 0.999948263 -0.004598534 -2.740097761 -0.001223795 0.004587615 0.999988735 185.616424561
0.999952376 0.009654477 0.001442820 -0.674270153 -0.009651111 0.999950647 -0.002322926 -2.767597198 -0.001465175 0.002308890 0.999996245 187.014389038
0.999957204 0.009132644 0.001500153 -0.678254247 -0.009129955 0.999956667 -0.001791185 -2.784183979 -0.001516447 0.001777412 0.999997258 188.411285400
0.999970376 0.007530367 0.001594284 -0.684415758 -0.007528735 0.999971092 -0.001027535 -2.813600779 -0.001601976 0.001015501 0.999998212 189.802307129
0.999987543 0.004536086 0.002067784 -0.690909863 -0.004536089 0.999989688 -0.000003306 -2.842376709 -0.002067777 -0.000006074 0.999997795 191.230453491
0.999995470 0.002253074 0.001993163 -0.685669065 -0.002252131 0.999997377 -0.000474991 -2.859625578 -0.001994228 0.000470500 0.999997854 192.674392700
0.999996901 -0.001055246 0.002267531 -0.688233554 0.001053840 0.999999285 0.000621405 -2.883401871 -0.002268185 -0.000619013 0.999997258 194.094253540
0.999979675 -0.005723888 0.002791785 -0.685213447 0.005717254 0.999980807 0.002378025 -2.908132076 -0.002805344 -0.002362015 0.999993205 195.550292969
0.999961615 -0.008296178 0.002827239 -0.679380298 0.008289865 0.999963105 0.002237054 -2.927768469 -0.002845695 -0.002213531 0.999993443 196.984405518
0.999974728 -0.006096860 0.003664206 -0.689828277 0.006104708 0.999979019 -0.002134249 -2.952862263 -0.003651117 0.002156564 0.999990940 198.425262451
0.999991000 0.001089645 0.004096327 -0.700424969 -0.001060592 0.999974430 -0.007088080 -2.978344440 -0.004103945 0.007083671 0.999966502 199.846618652
0.999927640 0.010647009 0.005603027 -0.717898607 -0.010605346 0.999916196 -0.007413532 -3.006196737 -0.005681491 0.007353574 0.999956846 201.287918091
0.999811232 0.018307442 0.006492280 -0.729483247 -0.018282272 0.999825060 -0.003915562 -3.030751705 -0.006562830 0.003796129 0.999971211 202.724304199
0.999800801 0.018548708 0.007370036 -0.730273724 -0.018539641 0.999827266 -0.001296256 -3.066340923 -0.007392806 0.001159360 0.999971986 204.141723633
0.999837875 0.016600542 0.006978523 -0.726833701 -0.016594158 0.999861777 -0.000971760 -3.086385727 -0.006993691 0.000855800 0.999975085 205.581192017
0.999889612 0.013630470 0.005909502 -0.721130610 -0.013624455 0.999906540 -0.001057075 -3.111661196 -0.005923358 0.000976444 0.999981999 207.024047852
0.999911189 0.012204195 0.005347185 -0.726864338 -0.012194346 0.999923825 -0.001870829 -3.129921436 -0.005369609 0.001805457 0.999983966 208.474334717
0.999914289 0.012251751 0.004617935 -0.715619862 -0.012241144 0.999922335 -0.002317979 -3.157316685 -0.004645975 0.002261251 0.999986708 209.973358154
0.999888539 0.014243179 0.004476790 -0.719653845 -0.014234248 0.999896646 -0.002020336 -3.188467503 -0.004505103 0.001956387 0.999987900 211.406188965
0.999878943 0.014969387 0.004256867 -0.718949795 -0.014963029 0.999886870 -0.001521738 -3.212227821 -0.004279165 0.001457858 0.999989748 212.866226196
0.999885201 0.014554711 0.004208736 -0.725191236 -0.014548271 0.999892950 -0.001556501 -3.244159937 -0.004230939 0.001495092 0.999989927 214.334594727
0.999887943 0.014322312 0.004350207 -0.735294878 -0.014309919 0.999893427 -0.002866519 -3.269688606 -0.004390798 0.002803947 0.999986470 215.802795410
0.999901891 0.013602176 0.003342884 -0.724150717 -0.013591779 0.999902904 -0.003113362 -3.293125153 -0.003384907 0.003067621 0.999989569 217.271652222
0.999896646 0.014017195 0.003204096 -0.733013749 -0.014007110 0.999896944 -0.003148916 -3.321068048 -0.003247905 0.003103711 0.999989927 218.743362427
0.999891639 0.014417821 0.002970434 -0.738227427 -0.014407755 0.999890506 -0.003383349 -3.347427130 -0.003018890 0.003340185 0.999989867 220.226470947
0.999891222 0.014510144 0.002641931 -0.743230045 -0.014500381 0.999888122 -0.003677950 -3.375708580 -0.002695003 0.003639241 0.999989808 221.711944580
0.999881268 0.015235304 0.002316008 -0.747070551 -0.015226631 0.999877155 -0.003718104 -3.407943010 -0.002372371 0.003682398 0.999990404 223.158325195
0.999881864 0.015237557 0.002009253 -0.753279448 -0.015229705 0.999876559 -0.003866514 -3.435454607 -0.002067921 0.003835457 0.999990523 224.640228271
0.999876976 0.015575280 0.001818685 -0.766275465 -0.015568226 0.999871492 -0.003832414 -3.462357283 -0.001878142 0.003803629 0.999991000 226.121749878
0.999896109 0.014279597 0.001950016 -0.784165025 -0.014271934 0.999890566 -0.003888994 -3.493713140 -0.002005336 0.003860759 0.999990582 227.604431152
0.999906242 0.013564194 0.001846322 -0.780366838 -0.013556424 0.999899447 -0.004157193 -3.521988392 -0.001902526 0.004131773 0.999989569 229.104049683
0.999919951 0.012461430 0.002182260 -0.790567636 -0.012453217 0.999915481 -0.003737195 -3.554740906 -0.002228647 0.003709720 0.999990582 230.597167969
0.999938011 0.010797145 0.002726557 -0.803744376 -0.010789080 0.999937415 -0.002955603 -3.582661152 -0.002758298 0.002926004 0.999991834 232.093963623
0.999937117 0.010892461 0.002688298 -0.807533085 -0.010885509 0.999937415 -0.002587049 -3.611753702 -0.002716309 0.002557623 0.999992967 233.597061157
0.999933243 0.011232566 0.002706826 -0.815479338 -0.011224369 0.999932408 -0.003024988 -3.647706747 -0.002740622 0.002994404 0.999991715 235.094085693
0.999921978 0.012076719 0.003194620 -0.822695851 -0.012065147 0.999920666 -0.003616706 -3.677355766 -0.003238044 0.003577880 0.999988377 236.597366333
0.999905527 0.013276652 0.003534787 -0.827241123 -0.013266138 0.999907613 -0.002981695 -3.706439495 -0.003574047 0.002934521 0.999989271 238.097320557
0.999891520 0.013962202 0.004690521 -0.841740251 -0.013957557 0.999902010 -0.001021752 -3.732762098 -0.004704328 0.000956173 0.999988496 239.607299805
0.999893248 0.013622590 0.005280193 -0.842237830 -0.013619478 0.999907017 -0.000624966 -3.759548664 -0.005288216 0.000552986 0.999985874 241.118438721
0.999880910 0.014217789 0.005995124 -0.847144961 -0.014205657 0.999896944 -0.002061315 -3.786989450 -0.006023813 0.001975905 0.999979913 242.611068726
0.999870718 0.014770487 0.006356973 -0.839917421 -0.014746483 0.999884009 -0.003806224 -3.809162140 -0.006412455 0.003711988 0.999972582 244.127105713
0.999880075 0.014117443 0.006363350 -0.833745837 -0.014101288 0.999897182 -0.002575943 -3.847800732 -0.006399062 0.002485902 0.999976456 245.651412964
0.999885023 0.013944142 0.005955391 -0.823547959 -0.013935097 0.999901652 -0.001557591 -3.876245737 -0.005976525 0.001474423 0.999981046 247.194595337
0.999873459 0.014726541 0.006022162 -0.828736901 -0.014719759 0.999890983 -0.001168996 -3.904745817 -0.006038722 0.001080204 0.999981165 248.713684082
0.999876022 0.014586240 0.005928529 -0.833267093 -0.014580750 0.999893248 -0.000968545 -3.934994221 -0.005942024 0.000881982 0.999981880 250.270690918
0.999856889 0.015706331 0.006283482 -0.831282973 -0.015701434 0.999876380 -0.000827943 -3.960327864 -0.006295709 0.000729164 0.999979913 251.811523438
0.999819517 0.017777912 0.006688229 -0.844396710 -0.017772326 0.999841571 -0.000893928 -3.986410379 -0.006703062 0.000774901 0.999977231 253.353591919
0.999812841 0.017985400 0.007136255 -0.846139193 -0.017983489 0.999838173 -0.000331701 -4.013620853 -0.007141067 0.000203304 0.999974489 254.896041870
0.999838650 0.016583508 0.006898855 -0.845836759 -0.016582502 0.999862492 -0.000202715 -4.043236256 -0.006901268 0.000088282 0.999976158 256.454010010
0.999863505 0.015087817 0.006725416 -0.837824464 -0.015089409 0.999886036 0.000186025 -4.063290119 -0.006721843 -0.000287482 0.999977350 257.986541748
0.999897659 0.012541351 0.006882818 -0.837064862 -0.012548038 0.999920845 0.000929285 -4.086369991 -0.006870619 -0.001015555 0.999975920 259.497741699
0.999911368 0.011016265 0.007480411 -0.852020144 -0.011018224 0.999939263 0.000221027 -4.113471031 -0.007477521 -0.000303428 0.999971986 261.025451660
0.999927938 0.009951562 0.006723619 -0.842153549 -0.009943659 0.999949872 -0.001207705 -4.132651329 -0.006735300 0.001140761 0.999976635 262.580047607
0.999940574 0.007779608 0.007636654 -0.839927435 -0.007788508 0.999969006 0.001136367 -4.167405605 -0.007627576 -0.001195778 0.999970198 264.134338379
0.999951661 0.005665385 0.008039441 -0.831848383 -0.005688922 0.999979615 0.002907796 -4.190052032 -0.008022803 -0.002953391 0.999963462 265.687194824
0.999958217 0.004771598 0.007795537 -0.820056200 -0.004785781 0.999986947 0.001801827 -4.209204197 -0.007786837 -0.001839059 0.999967992 267.272735596
0.999956548 0.004472855 0.008179012 -0.809480429 -0.004479097 0.999989748 0.000744960 -4.229673386 -0.008175596 -0.000781562 0.999966323 268.820190430
0.999952018 0.004653293 0.008623615 -0.795039654 -0.004659111 0.999988914 0.000654771 -4.258944511 -0.008620471 -0.000694918 0.999962628 270.382812500
0.999934494 0.006454003 0.009455285 -0.792024136 -0.006461394 0.999978840 0.000751338 -4.286218643 -0.009450236 -0.000812383 0.999955058 271.913909912
0.999912262 0.008141695 0.010441128 -0.794213295 -0.008143578 0.999966860 0.000137752 -4.307850838 -0.010439662 -0.000222768 0.999945402 273.439636230
0.999893367 0.009232416 0.011309013 -0.783676863 -0.009234324 0.999957442 0.000116435 -4.336981297 -0.011307455 -0.000220854 0.999935985 274.992614746
0.999869764 0.010645160 0.012128446 -0.771152496 -0.010641036 0.999943316 -0.000404554 -4.363751888 -0.012132064 0.000275442 0.999926388 276.522125244
0.999860525 0.011127668 0.012449974 -0.760045052 -0.011111031 0.999937356 -0.001404409 -4.389209270 -0.012464819 0.001265881 0.999921560 278.073913574
0.999858320 0.009845541 0.013650366 -0.745511055 -0.009825601 0.999950528 -0.001527037 -4.416751862 -0.013664724 0.001392698 0.999905586 279.615814209
0.999851704 0.009261789 0.014512637 -0.732451439 -0.009243594 0.999956429 -0.001320258 -4.441401005 -0.014524234 0.001185913 0.999893844 281.185058594
0.999853492 0.008249702 0.014997412 -0.713160992 -0.008245250 0.999965966 -0.000358760 -4.467253208 -0.014999862 0.000235050 0.999887407 282.748413086
0.999860287 0.007207314 0.015077656 -0.694094658 -0.007202335 0.999974132 -0.000384471 -4.491000652 -0.015080035 0.000275823 0.999886274 284.300567627
0.999870837 0.006786956 0.014564732 -0.666301727 -0.006748913 0.999973655 -0.002659608 -4.522885799 -0.014582399 0.002560968 0.999890387 285.871582031
0.999878049 0.005545300 0.014598350 -0.646164417 -0.005477597 0.999974072 -0.004673589 -4.557455540 -0.014623887 0.004593054 0.999882460 287.436126709
0.999892533 0.004851010 0.013830679 -0.635240316 -0.004783975 0.999976695 -0.004875810 -4.582122803 -0.013854009 0.004809121 0.999892473 289.008178711
0.999908328 0.003705652 0.013025290 -0.613070726 -0.003649536 0.999983907 -0.004329433 -4.624531746 -0.013041127 0.004281498 0.999905705 290.563812256
0.999922633 0.003519974 0.011927422 -0.604164839 -0.003460021 0.999981284 -0.005043369 -4.654724598 -0.011944952 0.005001711 0.999916136 292.114074707
0.999928296 0.003643385 0.011403113 -0.594262600 -0.003583500 0.999979734 -0.005267640 -4.687215805 -0.011422073 0.005226399 0.999921083 293.691162109
0.999937177 0.003627059 0.010608615 -0.580213308 -0.003577700 0.999982715 -0.004668042 -4.721229553 -0.010625364 0.004629794 0.999932826 295.259094238
0.999947846 0.003377839 0.009629914 -0.573588371 -0.003334402 0.999984145 -0.004523228 -4.755669117 -0.009645039 0.004490883 0.999943376 296.831329346
0.999960184 0.002922847 0.008425307 -0.562630653 -0.002897784 0.999991357 -0.002985311 -4.790219307 -0.008433959 0.002960778 0.999960065 298.405181885
0.999960303 0.004410423 0.007734315 -0.561607599 -0.004396924 0.999988794 -0.001761418 -4.816465855 -0.007741996 0.001727341 0.999968529 299.988372803
0.999951601 0.004712189 0.008633205 -0.556703329 -0.004696819 0.999987364 -0.001799631 -4.841241360 -0.008641575 0.001758995 0.999961138 301.582733154
0.999943256 0.005082009 0.009362036 -0.547034740 -0.005064360 0.999985337 -0.001907858 -4.871791840 -0.009371596 0.001860337 0.999954343 303.191436768
0.999945104 0.003723265 0.009785053 -0.542892218 -0.003701347 0.999990582 -0.002257041 -4.897608280 -0.009793364 0.002220700 0.999949574 304.770843506
0.999948084 0.002039981 0.009984680 -0.530452967 -0.002010092 0.999993384 -0.003002621 -4.931350708 -0.009990741 0.002982394 0.999945641 306.359954834
0.999947846 0.000385776 0.010205848 -0.513110399 -0.000333692 0.999987006 -0.005104567 -4.959242344 -0.010207684 0.005100896 0.999934912 307.959350586
0.999949932 0.000118847 0.009997407 -0.504083157 -0.000059551 0.999982417 -0.005931210 -4.993858337 -0.009997935 0.005930318 0.999932408 309.559844971
0.999969125 0.000845711 0.007812022 -0.502357960 -0.000788263 0.999972641 -0.007353980 -5.022071838 -0.007818028 0.007347594 0.999942422 311.169860840
0.999982595 0.001746851 0.005640577 -0.495813012 -0.001710369 0.999977589 -0.006466283 -5.056467533 -0.005651748 0.006456523 0.999963105 312.781585693
0.999983847 0.002736449 0.004991861 -0.492922306 -0.002719844 0.999990761 -0.003330158 -5.087582111 -0.005000927 0.003316527 0.999981999 314.412689209
0.999983132 0.001242894 0.005676178 -0.483881593 -0.001242143 0.999999225 -0.000135826 -5.120439053 -0.005676342 0.000128773 0.999983907 316.060485840
0.999984145 0.000366623 0.005625132 -0.479092479 -0.000369225 0.999999821 0.000461575 -5.143501759 -0.005624963 -0.000463645 0.999984086 317.687500000
0.999981642 -0.000456972 0.006039389 -0.476678967 0.000461999 0.999999523 -0.000831079 -5.167214870 -0.006039008 0.000833854 0.999981403 319.323242188
0.999978900 -0.002166309 0.006114109 -0.475323319 0.002168854 0.999997616 -0.000409622 -5.196847916 -0.006113208 0.000422874 0.999981225 320.932525635
0.999973297 -0.002485301 0.006871692 -0.484728336 0.002485993 0.999996901 -0.000092079 -5.223280430 -0.006871442 0.000109159 0.999976337 322.548522949
0.999968171 -0.002642265 0.007519903 -0.480020523 0.002643006 0.999996483 -0.000088637 -5.251744270 -0.007519642 0.000108509 0.999971688 324.173736572
0.999968946 -0.001312828 0.007776786 -0.477048159 0.001322920 0.999998271 -0.001292643 -5.274770737 -0.007775076 0.001302891 0.999968946 325.790069580
0.999961138 -0.000375762 0.008798355 -0.477742195 0.000390304 0.999998569 -0.001651164 -5.312666893 -0.008797720 0.001654534 0.999959886 327.409118652
0.999958098 -0.001941428 0.008944358 -0.461405993 0.001933733 0.999997795 0.000868903 -5.346824646 -0.008946025 -0.000851570 0.999959588 329.047760010
0.999950647 -0.003109103 0.009436190 -0.458378792 0.003096137 0.999994218 0.001388290 -5.372364998 -0.009440452 -0.001359005 0.999954522 330.643676758
0.999948204 -0.004450245 0.009167384 -0.444956064 0.004448283 0.999990106 0.000234410 -5.399161816 -0.009168338 -0.000193619 0.999957979 332.283203125
0.999954343 -0.003744743 0.008795999 -0.425071239 0.003740281 0.999992967 0.000523686 -5.429612160 -0.008797899 -0.000490762 0.999961257 333.927246094
0.999959946 -0.000969902 0.008895721 -0.440713882 0.000986579 0.999997675 -0.001870550 -5.459386826 -0.008893888 0.001879251 0.999958634 335.514862061
0.999968469 0.000304615 0.007923453 -0.435144663 -0.000267582 0.999989033 -0.004674494 -5.491442204 -0.007924790 0.004672226 0.999957621 337.128356934
0.999970257 0.001629411 0.007541439 -0.431506872 -0.001597978 0.999989986 -0.004172234 -5.529940128 -0.007548162 0.004160058 0.999962807 338.735656738
0.999976277 0.002798139 0.006283169 -0.429144859 -0.002793846 0.999995828 -0.000691842 -5.561366081 -0.006285078 0.000674271 0.999980032 340.327606201
0.999980569 0.003432251 0.005206235 -0.427403927 -0.003444448 0.999991357 0.002335836 -5.595536232 -0.005198174 -0.002353723 0.999983728 341.931152344
0.999983191 0.004191168 0.003997120 -0.431520104 -0.004195148 0.999990702 0.000987853 -5.619398117 -0.003992943 -0.001004605 0.999991536 343.531402588
0.999990582 0.003743271 0.002207690 -0.434305906 -0.003741690 0.999992669 -0.000719351 -5.645028114 -0.002210367 0.000711084 0.999997318 345.122131348
0.999997437 0.002197701 0.000375329 -0.429053724 -0.002197962 0.999997258 0.000697909 -5.674050331 -0.000373794 -0.000698733 0.999999702 346.713562012
0.999998868 0.001081602 -0.000996991 -0.430274308 -0.001080803 0.999999106 0.000801675 -5.697431564 0.000997857 -0.000800597 0.999999225 348.310089111
0.999999404 0.000354082 -0.000993812 -0.445990860 -0.000353575 0.999999821 0.000510400 -5.727068901 0.000993992 -0.000510048 0.999999404 349.889038086
0.999998689 -0.000633287 -0.001579643 -0.447941601 0.000632416 0.999999762 -0.000552047 -5.751677036 0.001579992 0.000551047 0.999998629 351.478973389
0.999998629 -0.000641863 -0.001527197 -0.459771663 0.000640544 0.999999404 -0.000864527 -5.776046753 0.001527751 0.000863548 0.999998450 353.071228027
0.999997258 -0.001622951 -0.001678712 -0.468205988 0.001621019 0.999997973 -0.001151639 -5.801469803 0.001680578 0.001148915 0.999997914 354.660400391
0.999997497 -0.001382421 -0.001726268 -0.475109279 0.001379130 0.999997258 -0.001905940 -5.831220627 0.001728898 0.001903554 0.999996722 356.254089355
0.999996603 -0.001880901 -0.001799640 -0.486502290 0.001876697 0.999995530 -0.002334508 -5.861625195 0.001804023 0.002331124 0.999995649 357.850311279
0.999995589 -0.002378940 -0.001779424 -0.495954365 0.002374726 0.999994397 -0.002366562 -5.887071609 0.001785043 0.002362326 0.999995589 359.435394287
0.999994755 -0.002625402 -0.001893859 -0.497073472 0.002620315 0.999992967 -0.002683286 -5.926685810 0.001900890 0.002678310 0.999994576 361.034362793
0.999989867 -0.004117058 -0.001835478 -0.505688190 0.004109484 0.999983072 -0.004110647 -5.957387924 0.001852371 0.004103063 0.999989867 362.618225098
0.999981523 -0.005748261 -0.001945494 -0.511540115 0.005744106 0.999981165 -0.002134428 -5.990090847 0.001957726 0.002123213 0.999995828 364.225402832
0.999967039 -0.007647065 -0.002717227 -0.504627347 0.007642549 0.999969423 -0.001668850 -6.016425133 0.002729906 0.001648028 0.999994934 365.816802979
0.999968171 -0.007743011 -0.001915058 -0.521910012 0.007737767 0.999966323 -0.002730593 -6.042561531 0.001936136 0.002715688 0.999994457 367.411590576
0.999979615 -0.006275191 -0.001167329 -0.544321299 0.006270556 0.999972641 -0.003933458 -6.060754776 0.001191980 0.003926058 0.999991596 369.026031494
0.999983072 -0.005635805 -0.001386128 -0.544708431 0.005632468 0.999981225 -0.002399490 -6.107098579 0.001399625 0.002391643 0.999996185 370.613555908
0.999990880 -0.004068112 -0.001299833 -0.552378058 0.004066310 0.999990821 -0.001386432 -6.134139061 0.001305461 0.001381133 0.999998212 372.220153809
0.999990523 -0.004177506 -0.001217007 -0.554039240 0.004174985 0.999989152 -0.002067313 -6.162765980 0.001225630 0.002062212 0.999997139 373.804321289
0.999991655 -0.003940851 -0.001047394 -0.574406981 0.003937363 0.999986827 -0.003311739 -6.183416843 0.001060431 0.003307588 0.999993980 375.396484375
0.999992013 -0.003871102 -0.001005258 -0.571738005 0.003867802 0.999987304 -0.003264216 -6.221844673 0.001017881 0.003260303 0.999994159 376.986450195
0.999991000 -0.004183316 -0.000785188 -0.573026419 0.004181471 0.999988556 -0.002337111 -6.265665054 0.000794956 0.002333806 0.999996960 378.612762451
0.999999046 -0.001360863 -0.000181729 -0.599331200 0.001360194 0.999992490 -0.003628867 -6.280768871 0.000186666 0.003628617 0.999993384 380.226806641
0.999999940 0.000383901 0.000362548 -0.609085798 -0.000382724 0.999994755 -0.003241529 -6.310270786 -0.000363790 0.003241391 0.999994636 381.829803467
0.999998450 0.001486423 0.000936361 -0.626858950 -0.001482738 0.999991179 -0.003923621 -6.339344025 -0.000942185 0.003922226 0.999991894 383.460021973
