1.000000000 -0.000000000 -0.000000000 0.000000030 -0.000000000 0.999999940 0.000000000 -0.000000060 -0.000000000 0.000000000 1.000000000 -0.000000119
0.999997735 -0.001589945 -0.001427214 -0.002794417 0.001588582 0.999998212 -0.000955736 -0.007427763 0.001428730 0.000953467 0.999998510 0.564104378
0.999995470 -0.001811183 -0.002400371 -0.007974379 0.001804945 0.999994934 -0.002598339 -0.017408036 0.002405065 0.002593995 0.999993742 1.119376421
0.999986351 -0.002547874 -0.004556527 -0.008681407 0.002531743 0.999990463 -0.003542367 -0.035265371 0.004565509 0.003530783 0.999983370 1.685072184
0.999970078 -0.004380415 -0.006373230 -0.020086823 0.004345344 0.999975324 -0.005506253 -0.041535091 0.006397193 0.005478395 0.999964535 2.251679659
0.999948680 -0.007009420 -0.007317641 -0.035055425 0.006954927 0.999948084 -0.007445815 -0.058412146 0.007369454 0.007394539 0.999945521 2.795136213
0.999927402 -0.008234146 -0.008799419 -0.041359551 0.008164003 0.999934852 -0.007977522 -0.072867215 0.008864534 0.007905105 0.999929428 3.364919662
0.999914885 -0.008208578 -0.010144831 -0.052730925 0.008134182 0.999939859 -0.007353126 -0.084952764 0.010204582 0.007269981 0.999921501 3.948004246
0.999900877 -0.008659584 -0.011101654 -0.064861566 0.008573500 0.999932945 -0.007778476 -0.099327870 0.011168269 0.007682527 0.999908149 4.540221214
0.999890327 -0.008139505 -0.012371198 -0.073133297 0.008009261 0.999912322 -0.010541348 -0.114422828 0.012455916 0.010441108 0.999867976 5.129915714
0.999888599 -0.006406480 -0.013480894 -0.089974679 0.006213708 0.999878466 -0.014293246 -0.130542561 0.013570827 0.014207890 0.999807000 5.732933044
0.999875426 -0.005273519 -0.014875231 -0.104338475 0.005004939 0.999824762 -0.018035281 -0.142388299 0.014967736 0.017958587 0.999726772 6.346378803
0.999866545 -0.003195653 -0.016019316 -0.120680794 0.002906487 0.999832928 -0.018041896 -0.157482535 0.016074296 0.017992932 0.999709010 6.976235867
0.999846816 -0.001049378 -0.017469680 -0.130887687 0.000850826 0.999934912 -0.011369065 -0.165164262 0.017480478 0.011352461 0.999782860 7.613445282
0.999841213 -0.000017591 -0.017815631 -0.151474521 0.000004655 0.999999642 -0.000726115 -0.178924993 0.017815636 0.000725918 0.999840975 8.271337509
0.999820828 0.000649706 -0.018916421 -0.167768553 -0.000538639 0.999982595 0.005875993 -0.189073771 0.018919909 -0.005864751 0.999803841 8.960707664
0.999790132 0.003142170 -0.020241739 -0.186251625 -0.003043724 0.999983311 0.004892506 -0.205160439 0.020256776 -0.004829870 0.999783099 9.651614189
0.999771357 0.005140880 -0.020752098 -0.213556916 -0.005189209 0.999983907 -0.002275714 -0.213002056 0.020740068 0.002382881 0.999782085 10.329461098
0.999748886 0.004648337 -0.021922506 -0.232883871 -0.004826508 0.999955595 -0.008081486 -0.215807557 0.021883970 0.008185267 0.999727011 11.040056229
0.999733329 0.002351781 -0.022975268 -0.251308888 -0.002507273 0.999974012 -0.006741325 -0.216814473 0.022958819 0.006797133 0.999713302 11.777293205
0.999727607 0.001860853 -0.023262784 -0.274698377 -0.001806587 0.999995589 0.002353487 -0.223267809 0.023267061 -0.002310820 0.999726593 12.544042587
0.999714494 0.001924557 -0.023816168 -0.294159532 -0.001686793 0.999948502 0.009999374 -0.234800547 0.023834193 -0.009956345 0.999666393 13.312952042
0.999705136 0.000867632 -0.024267934 -0.315335602 -0.000561768 0.999920249 0.012607606 -0.237897694 0.024276940 -0.012590254 0.999625981 14.097751617
0.999703825 -0.000600210 -0.024330478 -0.336357296 0.000876911 0.999935031 0.011363525 -0.237948149 0.024322087 -0.011381496 0.999639392 14.897296906
0.999719799 -0.001083842 -0.023645014 -0.365651876 0.001297252 0.999958456 0.009012098 -0.239531234 0.023634268 -0.009040245 0.999679863 15.734855652
0.999719262 0.001364109 -0.023655374 -0.385893106 -0.001231415 0.999983430 0.005623119 -0.239680216 0.023662655 -0.005592409 0.999704421 16.570568085
0.999746561 -0.002313208 -0.022393564 -0.407625318 0.002313230 0.999997318 -0.000024938 -0.242742330 0.022393556 -0.000026870 0.999749303 17.412656784
0.999750078 -0.005233733 -0.021734094 -0.422967285 0.005098952 0.999967396 -0.006252180 -0.251935989 0.021766108 0.006139798 0.999744236 18.285224915
0.999776304 -0.003947075 -0.020778459 -0.443851441 0.003707738 0.999926507 -0.011544469 -0.267508984 0.020822495 0.011464848 0.999717474 19.172632217
0.999782085 -0.002439357 -0.020734491 -0.468346804 0.002180123 0.999919295 -0.012515960 -0.280787855 0.020763351 0.012468031 0.999706745 20.086429596
0.999779046 -0.002457518 -0.020875141 -0.498092592 0.002209497 0.999926805 -0.011895918 -0.303939819 0.020902844 0.011847165 0.999711335 21.028924942
0.999775648 -0.001495974 -0.021127839 -0.503567159 0.001212372 0.999909043 -0.013429583 -0.325044960 0.021146009 0.013400955 0.999686658 21.971206665
0.999779940 0.001169179 -0.020943429 -0.529912710 -0.001494760 0.999878109 -0.015536819 -0.344760031 0.020922713 0.015564708 0.999660015 22.924526215
0.999765992 0.004689930 -0.021116396 -0.560791552 -0.005034959 0.999854147 -0.016316000 -0.367917240 0.021036798 0.016418505 0.999643922 23.888601303
0.999755383 0.006849890 -0.021026628 -0.593716741 -0.007189597 0.999844193 -0.016123243 -0.399191797 0.020912912 0.016270474 0.999648929 24.860857010
0.999744534 0.007353638 -0.021373563 -0.617050111 -0.007703163 0.999837220 -0.016317077 -0.425989479 0.021250097 0.016477553 0.999638379 25.841707230
0.999737263 0.007549847 -0.021639729 -0.635355711 -0.007899899 0.999838591 -0.016136786 -0.455493629 0.021514405 0.016303498 0.999635577 26.833652496
0.999717116 0.008846320 -0.022078115 -0.665186763 -0.009171922 0.999850094 -0.014690289 -0.488700807 0.021944851 0.014888635 0.999648333 27.833978653
0.999709427 0.009359188 -0.022217928 -0.691920400 -0.009650405 0.999868393 -0.013036404 -0.514093637 0.022092996 0.013247027 0.999668181 28.846637726
0.999698579 0.010117891 -0.022368368 -0.723959327 -0.010382208 0.999877214 -0.011732090 -0.544129133 0.022246923 0.011960790 0.999680936 29.868206024
0.999689519 0.009818650 -0.022902211 -0.746880054 -0.010111948 0.999867857 -0.012726085 -0.574020743 0.022774231 0.012953719 0.999656737 30.889066696
0.999682128 0.010987161 -0.022691322 -0.781542122 -0.011304524 0.999839425 -0.013905572 -0.596218944 0.022534892 0.014157669 0.999645829 31.931903839
0.999678731 0.010936962 -0.022864642 -0.813679099 -0.011235761 0.999852657 -0.012980747 -0.623646259 0.022719307 0.013233480 0.999654233 32.973834991
0.999650061 0.010625025 -0.024227947 -0.832503378 -0.010887741 0.999883115 -0.010737573 -0.644247472 0.024111029 0.010997604 0.999648750 34.024791718
0.999647260 0.011335417 -0.024016883 -0.869486451 -0.011514588 0.999906778 -0.007335084 -0.663802743 0.023931501 0.007609041 0.999684632 35.083744049
0.999637425 0.010806471 -0.024660118 -0.899237990 -0.010917792 0.999930739 -0.004384021 -0.697720170 0.024611032 0.004651666 0.999686420 36.148754120
0.999617636 0.010940250 -0.025394302 -0.927870035 -0.011045143 0.999930978 -0.003993895 -0.716189444 0.025348863 0.004272852 0.999669552 37.221942902
0.999609649 0.010348726 -0.025951967 -0.955198646 -0.010491570 0.999930382 -0.005374007 -0.739856482 0.025894551 0.005644186 0.999648809 38.313488007
0.999590814 0.010799435 -0.026488552 -0.995748043 -0.010962099 0.999921799 -0.006003431 -0.758248270 0.026421651 0.006291346 0.999631047 39.386318207
0.999581277 0.010366353 -0.027012046 -1.035664797 -0.010496738 0.999933958 -0.004689644 -0.782819748 0.026961643 0.004971220 0.999624133 40.470470428
0.999547422 0.011116815 -0.027952347 -1.071149468 -0.011203542 0.999932945 -0.002947932 -0.798753738 0.027917702 0.003259764 0.999604940 41.557209015
0.999546409 0.010573458 -0.028199976 -1.113819599 -0.010579795 0.999944031 -0.000075428 -0.826149404 0.028197605 0.000373744 0.999602318 42.650959015
0.999518156 0.011919768 -0.028660050 -1.154672623 -0.011926795 0.999928951 -0.000074246 -0.851390362 0.028657127 0.000416033 0.999589205 43.728054047
0.999486387 0.013396055 -0.029113472 -1.184464693 -0.013524567 0.999899626 -0.004221831 -0.872971356 0.029053992 0.004613409 0.999567151 44.805694580
0.999470413 0.014652691 -0.029057987 -1.224527478 -0.014902170 0.999853790 -0.008387626 -0.892985165 0.028930839 0.008816210 0.999542475 45.886638641
0.999463201 0.014942837 -0.029155269 -1.261470437 -0.015205747 0.999845505 -0.008816810 -0.917837322 0.029019019 0.009255404 0.999535978 46.969776154
0.999463439 0.015561840 -0.028820969 -1.302906394 -0.015729247 0.999860585 -0.005590910 -0.948661208 0.028729947 0.006041242 0.999568999 48.066978455
0.999465525 0.015905598 -0.028559716 -1.342890263 -0.016016029 0.999865055 -0.003642105 -0.973616958 0.028497936 0.004097573 0.999585450 49.159500122
0.999490499 0.014395554 -0.028491428 -1.378583550 -0.014468146 0.999892533 -0.002343401 -0.995897770 0.028454637 0.002754425 0.999591351 50.246898651
0.999495327 0.014547256 -0.028241713 -1.411878824 -0.014641424 0.999887824 -0.003130427 -1.020021677 0.028193004 0.003542346 0.999596298 51.332851410
0.999504626 0.013895307 -0.028239198 -1.447491169 -0.014050375 0.999887168 -0.005300115 -1.039741158 0.028162368 0.005694261 0.999587178 52.428325653
0.999522626 0.013574010 -0.027750734 -1.480318666 -0.013778956 0.999879062 -0.007207450 -1.069046617 0.027649544 0.007586388 0.999588907 53.504528046
0.999538720 0.012741156 -0.027565032 -1.512283087 -0.013016757 0.999866903 -0.009841957 -1.094550610 0.027435960 0.010196226 0.999571562 54.597942352
0.999562085 0.011519725 -0.027256807 -1.549765825 -0.011883547 0.999841928 -0.013223798 -1.128245711 0.027100166 0.013541915 0.999541044 55.685962677
0.999580443 0.009550346 -0.027343897 -1.573062062 -0.009951886 0.999844074 -0.014586601 -1.163893342 0.027200324 0.014852605 0.999519646 56.761127472
0.999602079 0.007968233 -0.027060492 -1.606167316 -0.008295470 0.999893546 -0.012002237 -1.198171735 0.026961979 0.012221940 0.999561727 57.848377228
0.999616265 0.006668362 -0.026886465 -1.636304975 -0.006839025 0.999956965 -0.006260623 -1.224109650 0.026843563 0.006442101 0.999618828 58.939395905
0.999628901 0.005005272 -0.026779445 -1.666265726 -0.005022143 0.999987185 -0.000562760 -1.247050405 0.026776291 0.000697041 0.999641240 60.040767670
0.999632418 0.003300798 -0.026913418 -1.695758581 -0.003302516 0.999994516 -0.000019390 -1.264963627 0.026913213 0.000108265 0.999637783 61.132320404
0.999654055 0.000282551 -0.026301553 -1.728876948 -0.000361291 0.999995410 -0.002988967 -1.284055233 0.026300590 0.002997436 0.999649644 62.221908569
0.999654412 -0.001439184 -0.026249493 -1.761468172 0.001277502 0.999980032 -0.006175166 -1.306379914 0.026257858 0.006139498 0.999636412 63.317096710
0.999652326 0.000678633 -0.026360495 -1.798576236 -0.000945393 0.999948382 -0.010108575 -1.333666921 0.026352275 0.010129983 0.999601483 64.403808594
0.999668777 0.001047431 -0.025713639 -1.838845015 -0.001420961 0.999893606 -0.014512583 -1.361811757 0.025695704 0.014544317 0.999564052 65.479125977
0.999668598 0.003568799 -0.025493769 -1.870055437 -0.003960883 0.999874413 -0.015345741 -1.388233781 0.025435800 0.015441634 0.999557137 66.595535278
0.999676168 0.007702575 -0.024256106 -1.916373491 -0.007990045 0.999898672 -0.011776971 -1.418746948 0.024162941 0.011966964 0.999636412 67.693611145
0.999655902 0.009160529 -0.024578651 -1.945604444 -0.009393861 0.999911666 -0.009394685 -1.451761603 0.024490422 0.009622337 0.999653757 68.796234131
0.999655366 0.008922226 -0.024688158 -1.969501376 -0.009137684 0.999920964 -0.008628283 -1.484963775 0.024609227 0.008850906 0.999657929 69.887832642
0.999669731 0.007342698 -0.024627097 -1.997374177 -0.007535552 0.999941587 -0.007747361 -1.514216900 0.024568776 0.007930384 0.999666691 70.983329773
0.999669194 0.006136802 -0.024976002 -2.030374527 -0.006298037 0.999959767 -0.006382023 -1.538941860 0.024935834 0.006537211 0.999667704 72.084114075
0.999676883 0.004741314 -0.024974113 -2.068723917 -0.004854384 0.999978244 -0.004468853 -1.560467362 0.024952384 0.004588644 0.999678195 73.176040649
0.999654531 0.003555856 -0.026042657 -2.087983131 -0.003635489 0.999988854 -0.003011125 -1.586179972 0.026031664 0.003104762 0.999656320 74.264305115
0.999646902 0.002800875 -0.026424065 -2.123261452 -0.002898825 0.999989152 -0.003669300 -1.622362614 0.026413502 0.003744605 0.999644101 75.369659424
0.999629617 0.003116327 -0.027032923 -2.156496048 -0.003321294 0.999966085 -0.007540538 -1.646699905 0.027008506 0.007627531 0.999606073 76.444206238
0.999605298 0.003435494 -0.027884977 -2.186280966 -0.003710085 0.999944985 -0.009801527 -1.669536114 0.027849771 0.009901116 0.999563098 77.527770996
0.999583960 0.005607002 -0.028290981 -2.230164051 -0.005832326 0.999951839 -0.007888268 -1.702256680 0.028245386 0.008049986 0.999568582 78.621559143
0.999561012 0.006330878 -0.028942373 -2.266953230 -0.006445006 0.999971807 -0.003851742 -1.723076224 0.028917169 0.004036584 0.999573648 79.700508118
0.999540031 0.007870132 -0.029287968 -2.307719707 -0.007862002 0.999968946 0.000392837 -1.752856612 0.029290158 -0.000162395 0.999570966 80.776512146
0.999503314 0.009130503 -0.030163640 -2.345662594 -0.009102521 0.999957919 0.001064885 -1.771324158 0.030172097 -0.000789791 0.999544501 81.848320007
0.999492943 0.008976062 -0.030548688 -2.386680126 -0.009025096 0.999958098 -0.001467630 -1.786566377 0.030534236 0.001742591 0.999532282 82.918563843
0.999484777 0.008957414 -0.030819830 -2.426892042 -0.009016766 0.999957800 -0.001787261 -1.815511227 0.030802522 0.002064235 0.999523282 83.981460571
0.999474764 0.008290403 -0.031325638 -2.462443352 -0.008356204 0.999963164 -0.001970221 -1.837296963 0.031308152 0.002230950 0.999507248 85.035415649
0.999450803 0.007077273 -0.032371651 -2.498738050 -0.007137760 0.999973059 -0.001753291 -1.855184793 0.032358367 0.001983390 0.999474347 86.077751160
0.999440253 0.005934207 -0.032922465 -2.531031132 -0.005948818 0.999982178 -0.000345840 -1.881553054 0.032919832 0.000541496 0.999457896 87.111579895
0.999431372 0.006178556 -0.033145942 -2.573098183 -0.006100878 0.999978364 0.002444164 -1.903541803 0.033160325 -0.002240556 0.999447644 88.115859985
0.999397814 0.005044389 -0.034329910 -2.612481594 -0.004929532 0.999981940 0.003429484 -1.925995827 0.034346592 -0.003258188 0.999404669 89.092025757
0.999324620 0.004042235 -0.036521472 -2.651689053 -0.003919323 0.999986410 0.003436454 -1.943951130 0.036534864 -0.003290994 0.999326944 90.065376282
0.999202907 0.003167809 -0.039792858 -2.692736149 -0.003069840 0.999992073 0.002522870 -1.963746071 0.039800525 -0.002398702 0.999204755 90.997344971
0.999064088 0.003017743 -0.043148603 -2.738925219 -0.002963239 0.999994695 0.001327091 -1.979562044 0.043152384 -0.001197989 0.999067843 91.917907715
0.998923123 0.002823336 -0.046309926 -2.786770582 -0.002728740 0.999994040 0.002105755 -2.001523733 0.046315592 -0.001977119 0.998924911 92.812591553
0.998776436 0.004011133 -0.049292143 -2.837475777 -0.003851527 0.999986947 0.003332518 -2.020500660 0.049304865 -0.003138591 0.998778880 93.678108215
0.998610437 0.004839025 -0.052476633 -2.888393641 -0.004612741 0.999979496 0.004432375 -2.039067984 0.052497011 -0.004184153 0.998612344 94.523223877
0.998433650 0.006231116 -0.055601791 -2.938841343 -0.005908104 0.999964714 0.005971874 -2.053414345 0.055637047 -0.005634019 0.998435140 95.339797974
0.998280346 0.007564453 -0.058130182 -2.995409489 -0.007196945 0.999952674 0.006528895 -2.066241503 0.058176827 -0.006099308 0.998287678 96.127670288
0.998111665 0.009661876 -0.060660791 -3.043501377 -0.009231644 0.999930203 0.007368694 -2.087497473 0.060727753 -0.006794781 0.998131275 96.886329651
0.997899532 0.011310310 -0.063786194 -3.091597557 -0.010952544 0.999922276 0.005955728 -2.098484755 0.063848600 -0.005244597 0.997945786 97.617935181
0.997738957 0.012751491 -0.065987557 -3.153312206 -0.012618498 0.999917448 0.002431831 -2.118750811 0.066013128 -0.001593669 0.997817576 98.311058044
0.997541606 0.015375017 -0.068369091 -3.214541197 -0.015494515 0.999879181 -0.001217841 -2.131343842 0.068342105 0.002274193 0.997659385 98.987197876
0.997358739 0.016909936 -0.070637561 -3.257286787 -0.017243568 0.999842823 -0.004115957 -2.146027088 0.070556849 0.005323129 0.997493565 99.630729675
0.997252345 0.019009214 -0.071598507 -3.306308985 -0.019413367 0.999799371 -0.004953039 -2.162010670 0.071489982 0.006329400 0.997421205 100.248313904
0.997274101 0.021457266 -0.070596740 -3.359920979 -0.021841202 0.999750555 -0.004670944 -2.175310373 0.070478916 0.006200130 0.997494042 100.831062317
0.997430503 0.025188144 -0.067067645 -3.420924425 -0.025460038 0.999670684 -0.003202300 -2.191049576 0.066964902 0.004901617 0.997743309 101.400741577
0.997668505 0.027714537 -0.062366661 -3.441287041 -0.027877115 0.999609768 -0.001737990 -2.206850290 0.062294170 0.003472542 0.998051822 101.950561523
0.998098016 0.028597087 -0.054613378 -3.477523565 -0.028610747 0.999590456 0.000531926 -2.223813295 0.054606237 0.001031617 0.998507440 102.455757141
0.998573184 0.028651765 -0.045063026 -3.495122910 -0.028542597 0.999587893 0.003064191 -2.236754894 0.045132264 -0.001773601 0.998979449 102.962738037
0.999053299 0.028134506 -0.033179462 -3.495810032 -0.027998120 0.999597490 0.004568143 -2.256284475 0.033294618 -0.003634856 0.999439001 103.445137024
0.999432027 0.027278356 -0.019785468 -3.496874332 -0.027192157 0.999619544 0.004612796 -2.266144991 0.019903768 -0.004072167 0.999793649 103.903411865
0.999619126 0.027219707 -0.004568188 -3.490382433 -0.027203960 0.999623775 0.003474788 -2.274125576 0.004661050 -0.003349192 0.999983549 104.341011047
0.999581277 0.025777757 0.013145126 -3.465517044 -0.025788480 0.999667108 0.000646967 -2.288531303 -0.013124075 -0.000985688 0.999913454 104.764823914
0.999082327 0.025405001 0.034484074 -3.439157248 -0.025277527 0.999671817 -0.004127717 -2.297438622 -0.034577630 0.003252256 0.999396801 105.180038452
0.998018444 0.023237852 0.058473703 -3.388301849 -0.022748351 0.999700427 -0.009023174 -2.307892323 -0.058665875 0.007675115 0.998248219 105.591285706
0.996095598 0.021139912 0.085712597 -3.328477859 -0.020196227 0.999725580 -0.011862269 -2.319246531 -0.085939839 0.010084884 0.996249318 106.002937317
0.993169069 0.018085847 0.115274377 -3.259182930 -0.016699474 0.999776185 -0.012981214 -2.332578182 -0.115483373 0.010967521 0.993248940 106.378547668
0.988862336 0.015798649 0.147992000 -3.175309181 -0.013769053 0.999796689 -0.014728756 -2.348395348 -0.148194656 0.012527003 0.988878846 106.736152649
0.982737482 0.013550316 0.184508234 -3.086174011 -0.010753688 0.999811709 -0.016149474 -2.362706184 -0.184692338 0.013886551 0.982698262 107.108383179
0.974925160 0.010112377 0.222302988 -2.961788177 -0.006533762 0.999837041 -0.016827488 -2.376173973 -0.222436965 0.014953069 0.974832296 107.472373962
0.964865744 0.008110215 0.262618184 -2.838500977 -0.003642903 0.999840379 -0.017493101 -2.393564224 -0.262718171 0.015921801 0.964741290 107.823043823
0.952656150 0.008390957 0.303933859 -2.709018707 -0.002962478 0.999827802 -0.018317442 -2.412485838 -0.304035246 0.016549829 0.952516913 108.135269165
0.937300742 0.010831117 0.348353207 -2.565071106 -0.004420737 0.999806046 -0.019191599 -2.422497511 -0.348493516 0.016448323 0.937166810 108.463180542
0.919570804 0.011478637 0.392756552 -2.391204834 -0.004727460 0.999824047 -0.018152166 -2.431431055 -0.392895848 0.014835463 0.919463277 108.779449463
0.899063826 0.009973079 0.437703848 -2.214942932 -0.002945962 0.999855697 -0.016730562 -2.445757389 -0.437807560 0.013752386 0.898963451 109.088722229
0.875966072 0.008735646 0.482293546 -2.019714355 -0.000505251 0.999852121 -0.017192367 -2.459647655 -0.482372433 0.014816253 0.875840843 109.364128113
0.850704789 0.010410799 0.525540650 -1.798805237 0.000115481 0.999800086 -0.019992664 -2.469087362 -0.525643706 0.017068544 0.850533545 109.655761719
0.823300183 0.011529392 0.567488968 -1.583003998 0.001423482 0.999748528 -0.022376548 -2.498766899 -0.567604423 0.019230431 0.823076963 109.904548645
0.792100847 0.016184837 0.610175669 -1.350986481 -0.000069271 0.999650776 -0.026425689 -2.517045259 -0.610390425 0.020889543 0.791825354 110.171058655
0.758278251 0.022395940 0.651546299 -1.096485138 -0.003565940 0.999537170 -0.030207528 -2.529518604 -0.651921272 0.020582337 0.758007288 110.421905518
0.720817327 0.027287919 0.692587793 -0.825084686 -0.005241889 0.999410808 -0.033921175 -2.531278610 -0.693105340 0.020820504 0.720535576 110.667510986
0.681691051 0.027152121 0.731136143 -0.528469086 -0.003182949 0.999411762 -0.034147345 -2.552542925 -0.731633246 0.020950772 0.681376517 110.892883301
0.640996277 0.024716392 0.767145991 -0.216659546 0.000960740 0.999454796 -0.033003815 -2.564908981 -0.767543435 0.021892354 0.640623033 111.089584351
0.596386611 0.022838319 0.802372456 0.110088348 0.002809979 0.999529600 -0.030538699 -2.572449207 -0.802692533 0.020467520 0.596041918 111.302505493
0.551644325 0.021726677 0.833796322 0.436481476 0.003859679 0.999583423 -0.028600268 -2.581002235 -0.834070563 0.018995361 0.551330864 111.433578491
0.503671110 0.019210229 0.863681912 0.795604706 0.005762191 0.999655724 -0.025594914 -2.591809988 -0.863876402 0.017868120 0.503387094 111.599014282
0.452530086 0.015500849 0.891614377 1.163684845 0.009212103 0.999714255 -0.022055695 -2.599969864 -0.891701639 0.018194512 0.452258110 111.749214172
0.400301158 0.015533784 0.916252017 1.520084381 0.005468118 0.999797940 -0.019339157 -2.628303051 -0.916367412 0.012751661 0.400135398 111.876304626
0.348571599 0.020445079 0.937059164 1.908260345 0.001753188 0.999746025 -0.022464966 -2.642317772 -0.937280595 0.009473493 0.348447323 112.001541138
0.298337907 0.026191603 0.954100847 2.314687729 0.000513781 0.999618888 -0.027601795 -2.649942875 -0.954460323 0.008724862 0.298210770 112.097526550
0.251700819 0.028256208 0.967392504 2.720642090 0.002312255 0.999553323 -0.029797193 -2.662716866 -0.967802346 0.009736837 0.251523107 112.168380737
0.210656673 0.028005302 0.977158904 3.141702652 0.009299660 0.999487042 -0.030650046 -2.680138588 -0.977515876 0.015543886 0.210288167 112.216064453
0.175711215 0.027727636 0.984051287 3.577686310 0.018079070 0.999343932 -0.031386714 -2.691920280 -0.984275699 0.023305733 0.175094649 112.252243042
0.145009100 0.029095737 0.989002466 4.027696609 0.022044266 0.999224424 -0.032628629 -2.706371546 -0.989184737 0.026533281 0.144255310 112.292686462
0.116756350 0.027104445 0.992790699 4.498788834 0.020413458 0.999350905 -0.029684253 -2.729539871 -0.992950797 0.023732120 0.116127297 112.339622498
0.091149569 0.024092061 0.995545805 5.011312485 0.014046890 0.999576747 -0.025475707 -2.740418434 -0.995738149 0.016306423 0.090772614 112.388412476
0.067667112 0.019997001 0.997507513 5.487140656 0.009000127 0.999746144 -0.020652413 -2.759302855 -0.997667313 0.010375185 0.067469962 112.413940430
0.045012373 0.017476883 0.998833537 6.011415482 0.013173971 0.999749541 -0.018086597 -2.779198170 -0.998899579 0.013972726 0.044770863 112.420242310
0.024884112 0.018285731 0.999523044 6.549061775 0.020830944 0.999606013 -0.018805854 -2.795803785 -0.999473274 0.021288976 0.024493385 112.405288696
0.007532902 0.020768836 0.999755919 7.102314472 0.026131269 0.999438763 -0.020959143 -2.812566757 -0.999630153 0.026282778 0.006985955 112.388916016
-0.007461131 0.026066462 0.999632359 7.709301949 0.025218295 0.999347150 -0.025870802 -2.831315756 -0.999654233 0.025016000 -0.008113615 112.399452209
-0.017678021 0.030880699 0.999366760 8.305722237 0.023762329 0.999253511 -0.030456869 -2.839689732 -0.999561369 0.023208870 -0.018398624 112.379196167
-0.024363082 0.030494640 0.999237955 8.926136971 0.025608044 0.999225676 -0.029869905 -2.859201431 -0.999375165 0.024860809 -0.025125125 112.363540649
-0.027077418 0.027781885 0.999247193 9.581996918 0.032092862 0.999122500 -0.026908772 -2.873042583 -0.999118149 0.031340081 -0.027945261 112.346199036
-0.026400309 0.025802409 0.999318421 10.225942612 0.033284519 0.999135196 -0.024918362 -2.902826071 -0.999097288 0.032603983 -0.027236298 112.316635132
-0.024158794 0.025390990 0.999385655 10.915430069 0.031954754 0.999186158 -0.024613464 -2.928283691 -0.999197304 0.031340491 -0.024950497 112.302925110
-0.022580894 0.025925430 0.999408841 11.599675179 0.028887281 0.999263227 -0.025268968 -2.947515726 -0.999327600 0.028299611 -0.023313170 112.292800903
-0.021517063 0.027052745 0.999402463 12.310260773 0.028022230 0.999257445 -0.026445508 -2.969371319 -0.999375820 0.027436456 -0.022259163 112.287322998
-0.020494342 0.027771398 0.999404073 13.033282280 0.027316883 0.999256432 -0.027207114 -2.998717785 -0.999416709 0.026743015 -0.021237733 112.270263672
-0.020013608 0.027502336 0.999421358 13.783634186 0.026526980 0.999284208 -0.026967356 -3.020239830 -0.999447703 0.025971917 -0.020728840 112.266456604
-0.019374229 0.026047725 0.999472916 14.538560867 0.025810421 0.999340355 -0.025543952 -3.047408581 -0.999479055 0.025301924 -0.020033754 112.256828308
-0.018607933 0.024663145 0.999522626 15.288621902 0.026494548 0.999356806 -0.024165809 -3.080621719 -0.999475718 0.026032221 -0.019249400 112.235305786
-0.019376684 0.022448851 0.999560237 16.076520920 0.026869476 0.999398470 -0.021924350 -3.106587648 -0.999451160 0.026432836 -0.019968215 112.227455139
-0.020895276 0.020712022 0.999567151 16.858739853 0.023571026 0.999517620 -0.020218261 -3.137524605 -0.999503791 0.023138357 -0.021373404 112.221374512
-0.021197550 0.019648943 0.999582112 17.653549194 0.024280196 0.999522030 -0.019132862 -3.160144329 -0.999480605 0.023864482 -0.021664502 112.190925598
-0.022242634 0.017302210 0.999602795 18.450059891 0.026633820 0.999505579 -0.016707882 -3.178978920 -0.999397874 0.026251618 -0.022692462 112.170318604
-0.023912000 0.015670963 0.999591172 19.266391754 0.027928306 0.999497354 -0.015001398 -3.202662230 -0.999323964 0.027558180 -0.024337646 112.158920288
-0.025547540 0.014485091 0.999568582 20.088745117 0.025714310 0.999573648 -0.013827946 -3.236077070 -0.999342918 0.025349950 -0.025909122 112.139076233
-0.026198436 0.019323830 0.999469936 20.904657364 0.022241769 0.999576807 -0.018742889 -3.263213158 -0.999409318 0.021738945 -0.026617149 112.119934082
-0.027178966 0.023934599 0.999343991 21.739501953 0.023606332 0.999449730 -0.023295118 -3.288153887 -0.999351859 0.022957707 -0.027729023 112.103057861
-0.028493660 0.025883766 0.999258816 22.578351974 0.023615103 0.999403000 -0.025214128 -3.311796665 -0.999315023 0.022879159 -0.029087903 112.083633423
-0.030285057 0.023540912 0.999263942 23.425556183 0.020127401 0.999534190 -0.022937268 -3.345587969 -0.999338686 0.019417932 -0.030744771 112.071861267
-0.031010963 0.019235527 0.999333918 24.264680862 0.017375931 0.999674082 -0.018702872 -3.377007246 -0.999368012 0.016784366 -0.031335089 112.054687500
-0.031320155 0.013891555 0.999412835 25.120243073 0.015857026 0.999784470 -0.013399782 -3.405559778 -0.999383628 0.015428034 -0.031533685 112.033538818
-0.031401388 0.008014326 0.999474823 25.967300415 0.012488579 0.999892890 -0.007625315 -3.431793928 -0.999428868 0.012242576 -0.031498116 112.011779785
-0.031403642 0.006429606 0.999486148 26.819904327 0.009608115 0.999935031 -0.006130609 -3.461560488 -0.999460638 0.009410655 -0.031463381 111.999542236
-0.030352430 0.013438260 0.999448895 27.648427963 0.011906353 0.999843538 -0.013081979 -3.492545128 -0.999468386 0.011502722 -0.030507682 111.966842651
-0.028825590 0.024670718 0.999280035 28.477708817 0.014642609 0.999598622 -0.024256196 -3.516056538 -0.999477267 0.013932867 -0.029175267 111.936538696
-0.028869277 0.029948715 0.999134362 29.312427521 0.016559979 0.999428213 -0.029479034 -3.539305210 -0.999446034 0.015694609 -0.029348716 111.923873901
-0.027767126 0.024185680 0.999321759 30.158597946 0.017958796 0.999557912 -0.023692392 -3.578290462 -0.999453127 0.017288746 -0.028189193 111.903701782
-0.026623508 0.016626516 0.999507427 30.989187241 0.021308824 0.999643862 -0.016061192 -3.610193253 -0.999418378 0.020870719 -0.026968323 111.876098633
-0.025675278 0.014008394 0.999572277 31.819534302 0.022777626 0.999650300 -0.013424419 -3.635197163 -0.999410748 0.022423204 -0.025985381 111.852691650
-0.026103230 0.014528731 0.999553621 32.637523651 0.021657221 0.999667823 -0.013964818 -3.662199497 -0.999424577 0.021283027 -0.026409214 111.837471008
-0.027119508 0.015192969 0.999516845 33.459125519 0.017959218 0.999730349 -0.014708940 -3.693956614 -0.999470830 0.017551638 -0.027385058 111.824691772
-0.029109590 0.015423366 0.999457181 34.271137238 0.016588125 0.999750733 -0.014944758 -3.719607353 -0.999438584 0.016144089 -0.029358178 111.803825378
-0.031016795 0.015323011 0.999401391 35.079837799 0.016099848 0.999760389 -0.014828851 -3.746386766 -0.999389231 0.015630268 -0.031256068 111.776809692
-0.032907605 0.015588572 0.999336720 35.881488800 0.015433717 0.999767125 -0.015087058 -3.773048878 -0.999339223 0.014927009 -0.033140525 111.752601624
-0.034813508 0.015707683 0.999270320 36.689384460 0.013308093 0.999795139 -0.015252288 -3.803029060 -0.999305129 0.012767402 -0.035015419 111.729705811
-0.037549645 0.014982048 0.999182403 37.492683411 0.011992272 0.999822319 -0.014540969 -3.829431534 -0.999222755 0.011436461 -0.037722647 111.717910767
-0.039631531 0.014119397 0.999114573 38.282966614 0.012423749 0.999829829 -0.013636695 -3.854433537 -0.999137104 0.011872306 -0.039800208 111.687576294
-0.041581772 0.013419381 0.999044895 39.062377930 0.011658092 0.999848187 -0.012944944 -3.888442516 -0.999067068 0.011108684 -0.041731905 111.656127930
-0.043504443 0.014871087 0.998942375 39.862529755 0.012262588 0.999821782 -0.014350135 -3.908227682 -0.998978019 0.011625325 -0.043679044 111.633636475
-0.044257399 0.014892285 0.998909116 40.623222351 0.012674194 0.999816775 -0.014344274 -3.936404467 -0.998939753 0.012025527 -0.044438034 111.593177795
-0.045404933 0.013863436 0.998872399 41.399887085 0.014651490 0.999805450 -0.013210384 -3.960979462 -0.998861134 0.014035155 -0.045599215 111.558265686
-0.046710402 0.012958894 0.998824358 42.171871185 0.014896783 0.999813676 -0.012275075 -3.988780737 -0.998797476 0.014305897 -0.046894740 111.523117065
-0.048667312 0.012173235 0.998740852 42.934829712 0.012991865 0.999848843 -0.011553666 -4.019635201 -0.998730481 0.012413222 -0.048818104 111.499275208
-0.049763869 0.011523595 0.998694539 43.687915802 0.010902056 0.999880075 -0.010994039 -4.037187576 -0.998701453 0.010340717 -0.049883537 111.464172363
-0.050415359 0.010369297 0.998674512 44.414882660 0.010856248 0.999892712 -0.009833898 -4.060595989 -0.998669326 0.010346079 -0.050522529 111.429702759
-0.051312998 0.010180627 0.998630762 45.131095886 0.011270627 0.999890268 -0.009614346 -4.083259106 -0.998619020 0.010761856 -0.051422104 111.398315430
-0.051073961 0.012556116 0.998615921 45.839256287 0.011314976 0.999864042 -0.011993108 -4.107544899 -0.998630762 0.010686781 -0.051209092 111.365409851
-0.051359229 0.015401412 0.998561442 46.546379089 0.011114449 0.999827981 -0.014849294 -4.133005619 -0.998618484 0.010335813 -0.051521569 111.334259033
-0.051616717 0.017060908 0.998521209 47.251098633 0.009359151 0.999818385 -0.016599264 -4.156262875 -0.998623133 0.008488511 -0.051767021 111.302864075
-0.051548637 0.018002436 0.998508215 47.948375702 0.009834912 0.999798179 -0.017517954 -4.178590298 -0.998622060 0.008917213 -0.051715285 111.269401550
-0.051870912 0.017740950 0.998496234 48.640892029 0.011510490 0.999786377 -0.017165910 -4.202584267 -0.998587489 0.010602769 -0.052064043 111.238204956
-0.051966537 0.017221136 0.998500347 49.319072723 0.011568697 0.999794602 -0.016641365 -4.228214264 -0.998581827 0.010686554 -0.052155096 111.198539734
-0.052216332 0.017187417 0.998487890 50.029701233 0.007832928 0.999828160 -0.016800858 -4.256150723 -0.998605072 0.006943805 -0.052341983 111.173950195
-0.052235227 0.017410971 0.998483002 50.721145630 0.005624440 0.999837279 -0.017140344 -4.280248642 -0.998618960 0.004720579 -0.052324645 111.152267456
-0.052057490 0.016010355 0.998515844 51.398136139 0.007136663 0.999851823 -0.015659712 -4.306385040 -0.998618603 0.006310866 -0.052164044 111.117034912
-0.053104371 0.015560415 0.998467684 52.064102173 0.007639364 0.999855578 -0.015175738 -4.327071190 -0.998559773 0.006821761 -0.053215578 111.078437805
-0.056451358 0.014761994 0.998296261 52.738265991 0.004228898 0.999885261 -0.014546356 -4.354432583 -0.998396397 0.003400532 -0.056507304 111.045471191
-0.061695758 0.014498955 0.997989655 53.401641846 0.000723511 0.999894798 -0.014481906 -4.373868465 -0.998094678 -0.000171416 -0.061699778 111.012641907
-0.067538425 0.018270360 0.997549295 54.066196442 0.004240699 0.999828517 -0.018024992 -4.397835732 -0.997707665 0.003012927 -0.067604326 110.966758728
-0.074145608 0.021413229 0.997017443 54.740852356 0.006843613 0.999756873 -0.020963117 -4.415128231 -0.997223973 0.005268879 -0.074274123 110.912841797
-0.081372947 0.023179524 0.996414125 55.405246735 0.006160690 0.999722064 -0.022753356 -4.436600685 -0.996664703 0.004287092 -0.081493139 110.854499817
-0.087879829 0.021910548 0.995890021 56.079994202 0.001785875 0.999759912 -0.021838099 -4.465852261 -0.996129513 -0.000140593 -0.087897852 110.801635742
-0.093516633 0.021162834 0.995392740 56.760848999 0.002147626 0.999776065 -0.021054255 -4.490044117 -0.995615363 0.000168808 -0.093541130 110.743957520
-0.098000988 0.021632101 0.994951129 57.456729889 -0.000179947 0.999763250 -0.021754449 -4.511439323 -0.995186329 -0.002310996 -0.097973935 110.684791565
-0.102466792 0.021391824 0.994506419 58.161006927 -0.002038347 0.999762058 -0.021714892 -4.527954102 -0.994734406 -0.004252204 -0.102398835 110.627365112
-0.104865499 0.017651943 0.994329870 58.862934113 -0.002240336 0.999835610 -0.017985962 -4.557095528 -0.994483888 -0.004113740 -0.104808733 110.552337646
-0.106356286 0.014855796 0.994217038 59.578445435 0.000102171 0.999888539 -0.014929608 -4.577304363 -0.994328082 -0.001486277 -0.106345952 110.473670959
-0.107847691 0.011376512 0.994102359 60.289913177 -0.001064685 0.999932528 -0.011558739 -4.609888077 -0.994166851 -0.002304988 -0.107828319 110.398773193
-0.109323256 0.012013911 0.993933558 61.019645691 -0.000408306 0.999926269 -0.012131255 -4.617938995 -0.994006217 -0.001732057 -0.109310314 110.327346802
-0.109484777 0.015598379 0.993866086 61.745300293 0.001337201 0.999878168 -0.015545429 -4.638280392 -0.993987620 -0.000372989 -0.109492324 110.247589111
-0.109711915 0.019576406 0.993770599 62.475227356 0.006793660 0.999797344 -0.018945111 -4.662710667 -0.993940294 0.004672836 -0.109822690 110.161582947
-0.110851809 0.024792641 0.993527651 63.222137451 0.014264338 0.999625444 -0.023353279 -4.686234474 -0.993734598 0.011583261 -0.111163951 110.076957703
-0.111209631 0.025510462 0.993469417 63.959243774 0.014926018 0.999600589 -0.023997065 -4.713978767 -0.993684947 0.012159840 -0.111546002 109.992462158
-0.111696541 0.023745717 0.993458629 64.721199036 0.013532395 0.999658048 -0.022372423 -4.740746498 -0.993650258 0.010944950 -0.111979708 109.912780762
-0.111216336 0.018379219 0.993626356 65.474014282 0.013841840 0.999760568 -0.016943377 -4.769711018 -0.993699849 0.011869236 -0.111444123 109.827949524
-0.111724332 0.017025145 0.993593395 66.225151062 0.016138114 0.999752402 -0.015316038 -4.793199539 -0.993608236 0.014323550 -0.111971438 109.747665405
-0.112572141 0.016319701 0.993509531 66.973335266 0.016358674 0.999760032 -0.014568808 -4.822850227 -0.993508935 0.014612457 -0.112812102 109.663932800
-0.114430703 0.017180230 0.993282676 67.719009399 0.015025538 0.999766052 -0.015561355 -4.847475052 -0.993317604 0.013143908 -0.114662074 109.586471558
-0.116637714 0.017929129 0.993012607 68.455123901 0.014127959 0.999765813 -0.016391609 -4.870603561 -0.993074059 0.012117361 -0.116863690 109.506164551
-0.118824206 0.018276138 0.992747128 69.189834595 0.015630463 0.999741137 -0.016534051 -4.893930435 -0.992792249 0.013552455 -0.119079106 109.417747498
-0.120638035 0.018465100 0.992524862 69.932167053 0.015793294 0.999736190 -0.016679641 -4.916816235 -0.992570937 0.013663041 -0.120897837 109.329490662
-0.122570328 0.018106962 0.992294669 70.679824829 0.015884671 0.999741256 -0.016280739 -4.942152023 -0.992332757 0.013766740 -0.122826241 109.236007690
-0.124125540 0.018418809 0.992095590 71.427810669 0.013555295 0.999765813 -0.016865244 -4.964654446 -0.992173910 0.011354739 -0.124346197 109.147766113
-0.125184163 0.019898724 0.991933942 72.179107666 0.013452224 0.999740899 -0.018357636 -4.990658760 -0.992042363 0.011045635 -0.125419423 109.056823730
-0.125966296 0.020195367 0.991828978 72.936500549 0.012184261 0.999748766 -0.018809177 -5.015641212 -0.991959810 0.009715379 -0.126180708 108.962112427
-0.127445459 0.020520505 0.991633236 73.701919556 0.012145234 0.999743223 -0.019127417 -5.038361549 -0.991771281 0.009605916 -0.127661988 108.870353699
-0.128609404 0.019109162 0.991511106 74.491203308 0.012745960 0.999763548 -0.017614918 -5.056159496 -0.991613388 0.010372317 -0.128822580 108.777267456
-0.129462466 0.016531855 0.991446435 75.270629883 0.010530190 0.999827623 -0.015296574 -5.081866741 -0.991528392 0.008459788 -0.129614264 108.679252625
-0.131470427 0.014716753 0.991210818 76.058128357 0.007171483 0.999877691 -0.013894233 -5.100222588 -0.991294265 0.005281769 -0.131559879 108.586700439
-0.133466274 0.014251145 0.990951002 76.841728210 0.008625604 0.999875426 -0.013217752 -5.120981693 -0.991015851 0.006783427 -0.133572593 108.477745056
-0.135000870 0.015010216 0.990731776 77.638351440 0.010085141 0.999854207 -0.013774189 -5.142113209 -0.990794241 0.008132143 -0.135132581 108.373283386
-0.137331977 0.016474467 0.990388095 78.432090759 0.009342578 0.999838710 -0.015336183 -5.162227631 -0.990481019 0.007146631 -0.137463734 108.263656616
-0.139018685 0.019676775 0.990094125 79.230354309 0.010734832 0.999773800 -0.018361866 -5.193078995 -0.990231693 0.008075854 -0.139198467 108.157638550
-0.139329091 0.023369726 0.989970267 80.044776917 0.012797116 0.999680459 -0.021797869 -5.219951630 -0.990163445 0.009631690 -0.139583632 108.042968750
-0.140505776 0.027287167 0.989703894 80.840164185 0.013531728 0.999579787 -0.025638392 -5.256760597 -0.989987373 0.009790062 -0.140816003 107.921615601
-0.140427724 0.028590353 0.989678025 81.666091919 0.015760165 0.999520898 -0.026638454 -5.285699368 -0.989965498 0.011856712 -0.140811056 107.807395935
-0.139611930 0.027531371 0.989823580 82.492691040 0.019137019 0.999501646 -0.025101338 -5.322363377 -0.990021408 0.015437827 -0.140069276 107.686859131
-0.139325038 0.025558444 0.989916861 83.320816040 0.020035557 0.999535024 -0.022986881 -5.356729984 -0.990044117 0.016630886 -0.139772356 107.564666748
-0.138292149 0.024131274 0.990097463 84.164733887 0.018875903 0.999585807 -0.021726027 -5.384389400 -0.990211666 0.015684444 -0.138690382 107.448043823
-0.137317300 0.021421270 0.990295589 85.019958496 0.017983997 0.999655187 -0.019130025 -5.417538643 -0.990363777 0.015182589 -0.137655228 107.354873657
-0.136023208 0.018529918 0.990532398 85.876586914 0.018486084 0.999698341 -0.016162822 -5.442084312 -0.990533054 0.016112547 -0.136324763 107.247833252
-0.134173468 0.015179170 0.990841568 86.725685120 0.018956278 0.999738932 -0.012748539 -5.469597816 -0.990776539 0.017072152 -0.134426221 107.132331848
-0.132297873 0.014615446 0.991102338 87.570564270 0.016809691 0.999780595 -0.012499572 -5.501121998 -0.991067410 0.015006459 -0.132514492 107.023796082
-0.131110117 0.018876206 0.991188109 88.423820496 0.017490558 0.999707162 -0.016724868 -5.528708935 -0.991213500 0.015143635 -0.131401896 106.916580200
-0.129253328 0.025152303 0.991292536 89.272735596 0.018400220 0.999566972 -0.022963071 -5.556395054 -0.991440892 0.015271949 -0.129660174 106.809776306
-0.127650708 0.028529303 0.991408765 90.118255615 0.016352016 0.999510765 -0.026657017 -5.584862709 -0.991684318 0.012808747 -0.128054798 106.704444885
-0.126191527 0.026203483 0.991659820 90.981658936 0.015061837 0.999586403 -0.024496274 -5.615276337 -0.991891503 0.011844996 -0.126534030 106.599868774
