1.000000000 -0.000000000 0.000000000 0.000000000 -0.000000000 1.000000000 0.000000000 0.000000000 0.000000000 0.000000000 1.000000000 0.000000000
0.999997377 0.001017448 0.002063520 -0.009529443 -0.001015190 0.999998868 -0.001095044 -0.016509183 -0.002064632 0.001092947 0.999997258 1.205680728
0.999973953 0.002368119 0.006811658 -0.069299400 -0.002359802 0.999996483 -0.001228722 -0.032081578 -0.006814543 0.001212616 0.999976039 2.436827898
0.999965072 0.001995516 0.008111179 -0.069200896 -0.001988801 0.999997675 -0.000835795 -0.052302297 -0.008112828 0.000819635 0.999966741 3.640750408
0.999957323 0.001852796 0.009051682 -0.063647628 -0.001844205 0.999997854 -0.000957269 -0.072526872 -0.009053438 0.000940535 0.999958515 4.834756374
0.999949992 0.001643692 0.009869752 -0.060377762 -0.001637427 0.999998450 -0.000642816 -0.098408096 -0.009870794 0.000626623 0.999951124 6.047249317
0.999942839 0.001921049 0.010525957 -0.050342165 -0.001904696 0.999996960 -0.001563347 -0.120926566 -0.010528928 0.001543209 0.999943376 7.246738434
0.999926746 0.002033551 0.011923210 -0.055613160 -0.002013067 0.999996483 -0.001729711 -0.147896349 -0.011926685 0.001705582 0.999927402 8.426671028
0.999924660 0.001921313 0.012118128 -0.048612371 -0.001918202 0.999998093 -0.000268356 -0.170991451 -0.012118619 0.000245091 0.999926507 9.624152184
0.999940813 0.001373048 0.010789304 -0.042267047 -0.001383103 0.999998569 0.000924529 -0.195720896 -0.010788019 -0.000939397 0.999941349 10.819453239
0.999962091 -0.000288237 0.008693459 -0.044066668 0.000284604 0.999999881 0.000419084 -0.218472704 -0.008693578 -0.000416594 0.999962151 12.019698143
0.999976099 0.000126931 0.006915541 -0.046324603 -0.000126004 1.000000000 -0.000134522 -0.235877305 -0.006915559 0.000133648 0.999976158 13.215163231
0.999985218 0.000049997 0.005446795 -0.041569360 -0.000049160 1.000000119 -0.000153867 -0.259903520 -0.005446804 0.000153597 0.999985218 14.413431168
0.999987602 0.001499112 0.004742975 -0.045120552 -0.001497377 0.999998808 -0.000369254 -0.282496870 -0.004743523 0.000362147 0.999988675 15.613192558
0.999990106 0.001307458 0.004246291 -0.046334185 -0.001306341 0.999999106 -0.000265820 -0.303137630 -0.004246634 0.000260271 0.999990940 16.815841675
0.999993861 0.000411121 0.003472873 -0.044583246 -0.000410914 0.999999940 -0.000060319 -0.320687681 -0.003472898 0.000058892 0.999993980 18.003719330
0.999994814 0.000559141 0.003181296 -0.046288934 -0.000560985 0.999999702 0.000578660 -0.348649055 -0.003180971 -0.000580442 0.999994755 19.194725037
0.999997675 0.000787053 0.002059076 -0.046338975 -0.000786693 0.999999702 -0.000175854 -0.372199833 -0.002059214 0.000174234 0.999997914 20.389854431
0.999996543 0.000730543 0.002584419 -0.068337776 -0.000727738 0.999999166 -0.001085957 -0.397802413 -0.002585211 0.001084072 0.999996006 21.603322983
0.999996483 0.001939829 0.001815914 -0.071099475 -0.001938821 0.999997973 -0.000556532 -0.417461753 -0.001816990 0.000553009 0.999998212 22.801488876
0.999998391 0.001378506 0.001157902 -0.081388235 -0.001377636 0.999998748 -0.000751579 -0.441368163 -0.001158937 0.000749982 0.999999046 23.980693817
0.999998808 0.001512757 0.000173079 -0.087422490 -0.001512526 0.999998033 -0.001324178 -0.463563979 -0.000175083 0.001323914 0.999999106 25.174022675
0.999998629 0.001528617 -0.000650807 -0.094909459 -0.001528839 0.999998808 -0.000341204 -0.493431389 0.000650284 0.000342199 0.999999702 26.365451813
0.999999046 -0.000109566 -0.001367233 -0.101745248 0.000111399 0.999999106 0.001340939 -0.513424575 0.001367084 -0.001341090 0.999998152 27.567035675
0.999997199 -0.000079705 -0.002370031 -0.106452391 0.000082920 0.999999106 0.001356442 -0.534911513 0.002369920 -0.001356635 0.999996185 28.755638123
0.999994397 -0.000894152 -0.003255270 -0.115324244 0.000896247 0.999999404 0.000641893 -0.556596875 0.003254694 -0.000644806 0.999994457 29.955665588
0.999991894 -0.000871015 -0.003935480 -0.123289928 0.000870088 0.999999583 -0.000237091 -0.577471077 0.003935685 0.000233665 0.999992251 31.141899109
0.999988973 -0.000142826 -0.004702297 -0.136681885 0.000142308 1.000000000 -0.000110651 -0.598522902 0.004702313 0.000109981 0.999988914 32.337554932
0.999985635 -0.000426609 -0.005334232 -0.146169543 0.000428630 0.999999821 0.000377667 -0.619012117 0.005334069 -0.000379948 0.999985695 33.533615112
0.999980867 -0.000951088 -0.006106835 -0.157042652 0.000954219 0.999999404 0.000509792 -0.641311824 0.006106346 -0.000515610 0.999981225 34.719860077
0.999977887 -0.001578686 -0.006456599 -0.172101364 0.001583256 0.999998510 0.000702817 -0.664985120 0.006455478 -0.000713024 0.999978900 35.930812836
0.999976158 -0.001668873 -0.006700106 -0.188580632 0.001672201 0.999998510 0.000491168 -0.683064103 0.006699277 -0.000502360 0.999977469 37.136566162
0.999973655 -0.002641937 -0.006754498 -0.202865422 0.002651873 0.999995410 0.001462555 -0.713283479 0.006750600 -0.001480429 0.999976099 38.315223694
0.999972939 -0.002422018 -0.006942928 -0.207463861 0.002440302 0.999993503 0.002626163 -0.727830887 0.006936521 -0.002643035 0.999972463 39.515388489
0.999971211 -0.001873877 -0.007347586 -0.214779466 0.001900311 0.999991775 0.003592208 -0.752707303 0.007340793 -0.003606067 0.999966562 40.707073212
0.999974370 -0.000885040 -0.007119628 -0.227386743 0.000904968 0.999995649 0.002796295 -0.760421216 0.007117123 -0.002802666 0.999970734 41.904357910
0.999974072 0.000007764 -0.007201525 -0.238234252 0.000011280 0.999996543 0.002644369 -0.775225401 0.007201520 -0.002644382 0.999970555 43.095573425
0.999975801 0.002315623 -0.006542842 -0.255211264 -0.002285005 0.999986410 0.004683226 -0.792371809 0.006553597 -0.004668163 0.999967635 44.321327209
0.999986470 0.002179696 -0.004713667 -0.269526452 -0.002143492 0.999968231 0.007672237 -0.811150074 0.004730240 -0.007662030 0.999959409 45.505222321
0.999992013 0.002561367 -0.003050436 -0.283267826 -0.002529430 0.999942422 0.010427888 -0.820779800 0.003076970 -0.010420089 0.999940932 46.703399658
0.999992728 0.003354637 -0.001808525 -0.279956162 -0.003329432 0.999899745 0.013764530 -0.826419771 0.001854519 -0.013758410 0.999903560 47.902645111
0.999995351 0.002987658 0.000665570 -0.306580842 -0.002997281 0.999883652 0.014958939 -0.835216045 -0.000620800 -0.014960862 0.999887943 49.104373932
0.999997795 0.000867212 0.001907982 -0.303864241 -0.000892732 0.999909639 0.013415401 -0.837706745 -0.001896175 -0.013417074 0.999908268 50.312145233
0.999991775 0.002411542 0.003263977 -0.310117900 -0.002450284 0.999926031 0.011917979 -0.843960583 -0.003234994 -0.011925879 0.999923646 51.502586365
0.999988794 0.002447494 0.004063556 -0.311880887 -0.002493679 0.999931931 0.011399584 -0.847268581 -0.004035379 -0.011409589 0.999926805 52.711933136
0.999988794 0.002451772 0.004065892 -0.312342048 -0.002496658 0.999935687 0.011071450 -0.855924070 -0.004038486 -0.011081479 0.999930441 53.902511597
0.999992728 0.001145385 0.003654937 -0.314849198 -0.001180887 0.999952018 0.009725808 -0.864441574 -0.003643622 -0.009730052 0.999945939 55.098926544
0.999997020 0.001574402 0.001921163 -0.316214442 -0.001594081 0.999945819 0.010284971 -0.870315552 -0.001904867 -0.010288004 0.999945223 56.312973022
0.999998450 0.001425919 0.001029146 -0.329282731 -0.001437774 0.999931574 0.011612982 -0.883876860 -0.001012516 -0.011614444 0.999932051 57.510051727
0.999999583 0.000866475 -0.000243306 -0.330585122 -0.000863477 0.999926805 0.012063796 -0.892729640 0.000253740 -0.012063582 0.999927163 58.717082977
0.999996364 0.002343344 -0.001327142 -0.335018277 -0.002327309 0.999925852 0.011957940 -0.902429581 0.001355065 -0.011954809 0.999927580 59.913154602
0.999994338 0.002603581 -0.002157603 -0.340454638 -0.002578374 0.999929368 0.011604493 -0.906244040 0.002187664 -0.011598863 0.999930263 61.115016937
0.999996305 0.001875013 -0.001941978 -0.351424098 -0.001853221 0.999935985 0.011162906 -0.914580107 0.001962783 -0.011159266 0.999935806 62.314292908
0.999997318 0.000882306 -0.002112172 -0.359685659 -0.000860323 0.999945700 0.010386234 -0.923846304 0.002121221 -0.010384390 0.999943852 63.523761749
0.999997020 0.000186994 -0.002464559 -0.366008341 -0.000157776 0.999929786 0.011850304 -0.941017926 0.002466602 -0.011849881 0.999926686 64.700477600
0.999995410 -0.000881367 -0.002872808 -0.369561583 0.000919851 0.999909461 0.013422443 -0.950922728 0.002860717 -0.013425024 0.999905765 65.904701233
0.999994993 0.000870223 -0.003021749 -0.386431575 -0.000835326 0.999933124 0.011530595 -0.954690814 0.003031579 -0.011528015 0.999928951 67.091781616
0.999992788 0.002847490 -0.002485259 -0.404509157 -0.002821551 0.999942183 0.010378523 -0.962002158 0.002514667 -0.010371437 0.999943018 68.290008545
0.999986112 0.004602503 -0.002567633 -0.414790869 -0.004574343 0.999930441 0.010867772 -0.972589672 0.002617473 -0.010855875 0.999937654 69.477722168
0.999974728 0.006706363 -0.002369690 -0.427122593 -0.006679902 0.999917150 0.011002862 -0.978607416 0.002443282 -0.010986756 0.999936700 70.669776917
0.999964952 0.008041747 -0.002320273 -0.437118679 -0.008014882 0.999903262 0.011364229 -0.986826777 0.002411436 -0.011345233 0.999932706 71.879402161
0.999957621 0.009097955 -0.001402001 -0.443754554 -0.009080150 0.999884069 0.012221742 -0.995211124 0.001513030 -0.012208497 0.999924302 73.058250427
0.999937057 0.011190901 0.000773648 -0.456302047 -0.011199910 0.999854863 0.012833852 -0.999336421 -0.000629914 -0.012841711 0.999917388 74.239181519
0.999946535 0.009885987 0.003020666 -0.455794871 -0.009917993 0.999892771 0.010770998 -1.007307410 -0.002913861 -0.010800381 0.999937475 75.423133850
0.999958754 0.007001234 0.005770701 -0.450029999 -0.007035423 0.999957681 0.005925868 -1.026048183 -0.005728968 -0.005966224 0.999965787 76.596534729
0.999935746 0.007936586 0.008093243 -0.444789529 -0.007980628 0.999953449 0.005424187 -1.035232782 -0.008049817 -0.005488429 0.999952555 77.781463623
0.999912918 0.007060010 0.011144006 -0.437009215 -0.007160089 0.999934137 0.008966343 -1.048833609 -0.011079969 -0.009045355 0.999897659 78.943550110
0.999859333 0.007982391 0.014749033 -0.430494547 -0.008130205 0.999917030 0.009989281 -1.058960676 -0.014668072 -0.010107789 0.999841273 80.105293274
0.999792159 0.007535110 0.018942636 -0.415641785 -0.007697758 0.999934018 0.008528086 -1.070283175 -0.018877126 -0.008672130 0.999784112 81.287818909
0.999731421 0.006262615 0.022313884 -0.392933130 -0.006391546 0.999963284 0.005711431 -1.085205317 -0.022277296 -0.005852519 0.999734581 82.449478149
0.999654353 0.005376530 0.025737157 -0.369083643 -0.005433017 0.999983013 0.002125355 -1.102947474 -0.025725298 -0.002264451 0.999666512 83.624702454
0.999575138 0.004333284 0.028826587 -0.334255219 -0.004376732 0.999989450 0.001444320 -1.121203661 -0.028820021 -0.001569872 0.999583483 84.785339355
0.999458075 0.004342463 0.032631207 -0.301855564 -0.004444683 0.999985397 0.003060676 -1.142124891 -0.032617446 -0.003204053 0.999462724 85.945152283
0.999313593 0.005843517 0.036583815 -0.270640373 -0.005980332 0.999975502 0.003631429 -1.164115429 -0.036561705 -0.003847720 0.999323964 87.111396790
0.999174535 0.005215355 0.040287390 -0.227005482 -0.005271258 0.999985337 0.001281515 -1.179410577 -0.040280111 -0.001492823 0.999187350 88.260871887
0.999050736 0.004890900 0.043288272 -0.178183794 -0.004853564 0.999987781 -0.000967551 -1.198753476 -0.043292474 0.000756530 0.999062181 89.407760620
0.998903871 0.004850831 0.046557460 -0.126963139 -0.004795983 0.999987662 -0.001289729 -1.220989227 -0.046563137 0.001065026 0.998914719 90.566909790
0.998770893 0.003467160 0.049444828 -0.071615219 -0.003465404 0.999993980 -0.000121236 -1.241042852 -0.049444944 -0.000050259 0.998776972 91.728279114
0.998634160 0.003070938 0.052158393 -0.016855717 -0.003154387 0.999993861 0.001517677 -1.260251880 -0.052153412 -0.001680132 0.998637617 92.885658264
0.998487473 0.002037035 0.054942511 0.043241978 -0.002209680 0.999992847 0.003081718 -1.276611090 -0.054935835 -0.003198462 0.998484731 94.061561584
0.998358727 0.000640602 0.057266373 0.109148979 -0.000875577 0.999991417 0.004078187 -1.292932510 -0.057263263 -0.004121636 0.998350561 95.220596313
0.998245060 -0.000378671 0.059215918 0.177390575 0.000267460 0.999998212 0.001885973 -1.309686422 -0.059216525 -0.001866826 0.998243332 96.375778198
0.998078108 -0.001730972 0.061942022 0.242075920 0.001846971 0.999996662 -0.001815496 -1.325836658 -0.061938670 0.001926412 0.998078108 97.552742004
0.997968197 -0.000887214 0.063708007 0.311656952 0.001177933 0.999989092 -0.004525898 -1.345116019 -0.063703299 0.004591746 0.997958302 98.709335327
0.997847795 -0.000889554 0.065566577 0.384069920 0.001246644 0.999984622 -0.005405517 -1.368654966 -0.065560758 0.005475622 0.997833610 99.894416809
0.997829437 -0.000930869 0.065844469 0.460206985 0.001245780 0.999988019 -0.004741760 -1.391508818 -0.065839261 0.004813496 0.997818708 101.075157166
0.997866929 -0.000507894 0.065277353 0.529935360 0.000700007 0.999995410 -0.002920206 -1.413779497 -0.065275565 0.002959672 0.997862935 102.261619568
0.997962296 -0.001053820 0.063795857 0.601342201 0.001161225 0.999997914 -0.001646516 -1.432503700 -0.063793987 0.001717242 0.997961640 103.463310242
0.998077035 -0.000732674 0.061981384 0.667870045 0.000779880 0.999999344 -0.000737416 -1.453168392 -0.061980806 0.000784336 0.998077035 104.650268555
0.998232543 -0.000566512 0.059426185 0.735306740 0.000592471 0.999999642 -0.000419213 -1.469310164 -0.059425928 0.000453680 0.998232603 105.855911255
0.998403728 0.000012035 0.056480598 0.796344280 -0.000001258 0.999999940 -0.000190840 -1.493287086 -0.056480598 0.000190464 0.998403728 107.059776306
0.998610020 0.001617572 0.052684158 0.845313072 -0.001573335 0.999998391 -0.000881115 -1.505763412 -0.052685503 0.000797001 0.998610914 108.251564026
0.998808205 0.001730645 0.048777346 0.901947975 -0.001713557 0.999998391 -0.000392138 -1.525793314 -0.048777957 0.000308088 0.998809636 109.469680786
0.999003351 0.001995776 0.044590510 0.957984686 -0.002043365 0.999997318 0.001021684 -1.547589064 -0.044588361 -0.001111781 0.999004841 110.695449829
0.999184906 0.002502344 0.040290587 0.997114420 -0.002573632 0.999995172 0.001717582 -1.569019556 -0.040286094 -0.001819876 0.999186695 111.902671814
0.999353111 0.002639994 0.035866681 1.035109758 -0.002718296 0.999994040 0.002134551 -1.583087921 -0.035860833 -0.002230667 0.999354243 113.123886108
0.999526083 0.003012936 0.030633895 1.075012207 -0.003083081 0.999992728 0.002242801 -1.599305630 -0.030626914 -0.002336185 0.999528170 114.347091675
0.999654531 0.003939252 0.025988782 1.097386241 -0.003998524 0.999989569 0.002229091 -1.616938710 -0.025979729 -0.002332238 0.999659777 115.588127136
0.999770641 0.004287675 0.020982007 1.113835335 -0.004327935 0.999988914 0.001873806 -1.631757975 -0.020973738 -0.001964185 0.999778152 116.811187744
0.999851227 0.005418906 0.016377119 1.125558853 -0.005440284 0.999984384 0.001261070 -1.653068066 -0.016370032 -0.001349979 0.999865115 118.042762756
0.999890566 0.007285411 0.012870304 1.136917114 -0.007301163 0.999972641 0.001177326 -1.669735909 -0.012861376 -0.001271165 0.999916494 119.278022766
0.999906778 0.008781627 0.010444902 1.144478917 -0.008797225 0.999960244 0.001448236 -1.689502478 -0.010431768 -0.001539988 0.999944448 120.503936768
0.999895036 0.010538534 0.009943458 1.139873981 -0.010547674 0.999943972 0.000867285 -1.706842542 -0.009933761 -0.000972075 0.999950230 121.763580322
0.999877095 0.012723505 0.009161822 1.135638595 -0.012735503 0.999918163 0.001252319 -1.725833535 -0.009145139 -0.001368846 0.999957263 123.002014160
0.999871373 0.014022591 0.007789608 1.145470738 -0.014039308 0.999899268 0.002095398 -1.743115306 -0.007759441 -0.002204488 0.999967456 124.249122620
0.999878585 0.013737734 0.007356312 1.143249989 -0.013755771 0.999902487 0.002406765 -1.757861376 -0.007322532 -0.002507664 0.999970078 125.498161316
0.999826074 0.017507568 0.006422362 1.142521858 -0.017535910 0.999836564 0.004383050 -1.773403287 -0.006344576 -0.004494911 0.999969780 126.745033264
0.999811888 0.018513704 0.005770744 1.139508009 -0.018558564 0.999797165 0.007819325 -1.788177609 -0.005624809 -0.007924952 0.999952793 127.999137878
0.999835968 0.017378800 0.005093838 1.143283725 -0.017416071 0.999821126 0.007365924 -1.803730130 -0.004964917 -0.007453433 0.999959946 129.256576538
0.999842346 0.017075431 0.004856625 1.140061617 -0.017102020 0.999838650 0.005486420 -1.806496382 -0.004762158 -0.005568612 0.999973118 130.519424438
0.999878407 0.014967643 0.004372839 1.141141415 -0.014996140 0.999866009 0.006558487 -1.816317797 -0.004274089 -0.006623264 0.999968946 131.775588989
0.999919713 0.012237681 0.003282041 1.141984820 -0.012264262 0.999891102 0.008205186 -1.825597167 -0.003181272 -0.008244777 0.999960959 133.047195435
0.999955297 0.008960950 0.003011451 1.143556118 -0.008992485 0.999903023 0.010626418 -1.845501661 -0.002915936 -0.010653025 0.999938905 134.311294556
0.999973178 0.006849619 0.002587424 1.144534588 -0.006879574 0.999907255 0.011751590 -1.853335738 -0.002506691 -0.011769079 0.999927521 135.577407837
0.999992669 0.002614297 0.002813015 1.148608446 -0.002641946 0.999947965 0.009870654 -1.860245109 -0.002787064 -0.009878015 0.999947309 136.842987061
0.999996662 0.000066528 0.002616125 1.152334452 -0.000089934 0.999960065 0.008947837 -1.868335843 -0.002615427 -0.008948042 0.999956489 138.115798950
0.999994993 -0.000812259 0.003105393 1.152804613 0.000785554 0.999962807 0.008590786 -1.877323866 -0.003112256 -0.008588303 0.999958277 139.391647339
0.999992967 -0.000912432 0.003635659 1.150176287 0.000880236 0.999960482 0.008847564 -1.885605693 -0.003643588 -0.008844304 0.999954224 140.670440674
0.999991119 -0.000562159 0.004165507 1.154296756 0.000516922 0.999940991 0.010852901 -1.894254327 -0.004171361 -0.010850654 0.999932408 141.936431885
0.999984920 0.002032862 0.005099135 1.146713734 -0.002097147 0.999917984 0.012633503 -1.903610826 -0.005073035 -0.012644008 0.999907196 143.217224121
0.999982417 0.001443321 0.005737511 1.151199460 -0.001505387 0.999940276 0.010827924 -1.912097692 -0.005721540 -0.010836373 0.999924898 144.508255005
0.999979496 0.002098432 0.006044269 1.151781321 -0.002153244 0.999956489 0.009076237 -1.922067285 -0.006024959 -0.009089068 0.999940515 145.780395508
0.999974668 0.002210379 0.006756027 1.148355365 -0.002257738 0.999972820 0.007010392 -1.942299128 -0.006740348 -0.007025469 0.999952555 147.062393188
0.999974012 0.001000012 0.007155821 1.155672431 -0.001018036 0.999996305 0.002515550 -1.951536536 -0.007153280 -0.002522769 0.999971211 148.343750000
0.999971211 0.000956814 0.007524064 1.157787204 -0.000947958 0.999998868 -0.001180387 -1.968959928 -0.007525185 0.001173221 0.999970973 149.622589111
0.999968231 0.000895133 0.007917630 1.162297487 -0.000878300 0.999997377 -0.002129190 -1.991382718 -0.007919515 0.002122168 0.999966383 150.890991211
0.999967694 0.000782454 0.008003731 1.163759589 -0.000767839 0.999998093 -0.001828846 -2.016217709 -0.008005147 0.001822642 0.999966264 152.158325195
0.999970019 0.001324498 0.007618967 1.173665762 -0.001316024 0.999998510 -0.001117141 -2.043712139 -0.007620434 0.001107081 0.999970376 153.417846680
0.999970734 0.001310605 0.007531523 1.179573774 -0.001310109 0.999999166 -0.000070882 -2.067038774 -0.007531610 0.000061013 0.999971628 154.678253174
0.999971390 0.002348934 0.007195257 1.179810882 -0.002351799 0.999997199 0.000389830 -2.088382483 -0.007194320 -0.000406741 0.999974012 155.949035645
0.999974191 0.002826667 0.006614353 1.181276321 -0.002829101 0.999996006 0.000358731 -2.112210751 -0.006613312 -0.000377434 0.999978065 157.216125488
0.999979019 0.002898146 0.005778154 1.187271595 -0.002900531 0.999995708 0.000404551 -2.134294033 -0.005776955 -0.000421303 0.999983191 158.491546631
0.999984980 0.002498775 0.004864692 1.190724611 -0.002506936 0.999995410 0.001672227 -2.156693935 -0.004860491 -0.001684397 0.999986768 159.755554199
0.999981105 0.003807329 0.004829055 1.182702541 -0.003817575 0.999990523 0.002114110 -2.178324223 -0.004820958 -0.002132506 0.999986112 161.032531738
0.999984145 0.003935776 0.004020527 1.184679508 -0.003939143 0.999991953 0.000830054 -2.194373369 -0.004017226 -0.000845878 0.999991596 162.301010132
0.999984205 0.004406691 0.003496037 1.182999611 -0.004406564 0.999990284 -0.000043940 -2.217123985 -0.003496197 0.000028534 0.999993861 163.556167603
0.999982417 0.005227126 0.002788607 1.180379391 -0.005226662 0.999986291 -0.000173443 -2.236762524 -0.002789475 0.000158865 0.999996066 164.817749023
0.999984741 0.005066757 0.002269892 1.171684742 -0.005064338 0.999986649 -0.001070170 -2.258660316 -0.002275284 0.001058658 0.999996841 166.098129272
0.999985993 0.005168316 0.001101264 1.171407938 -0.005165888 0.999984324 -0.002196047 -2.280803919 -0.001112597 0.002190328 0.999996960 167.367843628
0.999984264 0.005543137 0.000886340 1.162829757 -0.005541495 0.999982953 -0.001843927 -2.304468393 -0.000896546 0.001838986 0.999997914 168.641357422
0.999984324 0.005581042 -0.000189112 1.160785556 -0.005581134 0.999984324 -0.000495182 -2.328577042 0.000186346 0.000496229 0.999999881 169.916076660
0.999983966 0.005658603 -0.000276500 1.153087616 -0.005658577 0.999984026 0.000096334 -2.352693319 0.000277039 -0.000094767 0.999999940 171.189239502
0.999979973 0.006272285 -0.000921023 1.142479300 -0.006271984 0.999980330 0.000329860 -2.372124910 0.000923072 -0.000324077 0.999999523 172.457733154
0.999976635 0.006647390 -0.001585476 1.134549022 -0.006646107 0.999977648 0.000812823 -2.397390127 0.001590843 -0.000802267 0.999998391 173.743011475
0.999972701 0.007039102 -0.002191074 1.124562263 -0.007039289 0.999975204 -0.000077720 -2.419323206 0.002190472 0.000093141 0.999997556 174.994400024
0.999965668 0.007822007 -0.002694830 1.111897230 -0.007823639 0.999969065 -0.000595539 -2.440734625 0.002690090 0.000616602 0.999996185 176.264526367
0.999964356 0.007876088 -0.003028635 1.090316653 -0.007878882 0.999968469 -0.000911473 -2.451455355 0.003021361 0.000935302 0.999994934 177.537078857
0.999962151 0.008111831 -0.003133684 1.083558083 -0.008116986 0.999965727 -0.001635498 -2.480835915 0.003120310 0.001660872 0.999993742 178.781600952
0.999969602 0.007078340 -0.003259026 1.073536634 -0.007089058 0.999969482 -0.003288536 -2.502649784 0.003235649 0.003311539 0.999989271 180.047653198
0.999987960 0.003765697 -0.003113004 1.060731888 -0.003775019 0.999988437 -0.002994159 -2.530752182 0.003101693 0.003005874 0.999990702 181.310821533
0.999983609 0.004264544 -0.003779599 1.065034389 -0.004262626 0.999990821 0.000515153 -2.548532248 0.003781764 -0.000499033 0.999992669 182.577239990
0.999985576 0.003447493 -0.004104661 1.056507349 -0.003427075 0.999981821 0.004971036 -2.571076155 0.004121727 -0.004956897 0.999979138 183.844345093
0.999983191 0.004280033 -0.003913372 1.044133186 -0.004263805 0.999982357 0.004145507 -2.585651398 0.003931042 -0.004128753 0.999983728 185.097259521
0.999976397 0.005979770 -0.003400392 1.025882363 -0.005976483 0.999981701 0.000975868 -2.602144718 0.003406163 -0.000955523 0.999993682 186.345062256
0.999973714 0.006135994 -0.003864683 1.010340691 -0.006138952 0.999980807 -0.000753949 -2.626117229 0.003859983 0.000777654 0.999992251 187.586456299
0.999972224 0.006467411 -0.003698313 0.996233702 -0.006470236 0.999978781 -0.000752647 -2.645613194 0.003693366 0.000776555 0.999992847 188.834625244
0.999976456 0.005714352 -0.003813497 0.985192001 -0.005712077 0.999983549 0.000607290 -2.670691252 0.003816905 -0.000585493 0.999992490 190.087722778
0.999975324 0.005937028 -0.003752381 0.975614667 -0.005926085 0.999978244 0.002920721 -2.693131447 0.003769639 -0.002898412 0.999988556 191.337051392
0.999982893 0.005158865 -0.002759258 0.963255286 -0.005148671 0.999979973 0.003689187 -2.716865778 0.002778235 -0.003674918 0.999989390 192.584671021
0.999985397 0.005244008 -0.001303666 0.954562306 -0.005240122 0.999981821 0.002965937 -2.734228849 0.001319195 -0.002959063 0.999994755 193.829040527
0.999990880 0.004268739 0.000211479 0.946538210 -0.004269095 0.999989390 0.001707774 -2.758695364 -0.000204185 -0.001708662 0.999998450 195.050903320
0.999990880 0.003973990 0.001526717 0.938253999 -0.003974382 0.999992013 0.000254433 -2.779087543 -0.001525694 -0.000260499 0.999998748 196.285308838
0.999989629 0.003597512 0.002813919 0.939661801 -0.003596259 0.999993443 -0.000449970 -2.801821709 -0.002815520 0.000439845 0.999995887 197.502838135
0.999983370 0.003714416 0.004433828 0.938070118 -0.003716158 0.999993026 0.000384788 -2.825982332 -0.004432367 -0.000401258 0.999990106 198.715209961
0.999979675 0.003052595 0.005582497 0.940228283 -0.003064398 0.999993086 0.002107096 -2.845950127 -0.005576025 -0.002124159 0.999982178 199.952911377
0.999971271 0.004196568 0.006311059 0.944160342 -0.004213278 0.999987602 0.002636747 -2.869565487 -0.006299916 -0.002663261 0.999976575 201.166213989
0.999960482 0.003919157 0.007971507 0.940690756 -0.003939583 0.999989033 0.002548299 -2.888323307 -0.007961432 -0.002579603 0.999965012 202.370162964
0.999955654 0.003790151 0.008620192 0.948989332 -0.003811807 0.999989688 0.002497162 -2.902627945 -0.008610638 -0.002529910 0.999959707 203.579803467
0.999939799 0.004040014 0.010207797 0.946478605 -0.004068276 0.999987960 0.002749487 -2.927572012 -0.010196568 -0.002790850 0.999944091 204.769287109
0.999932289 0.004374779 0.010788700 0.961334467 -0.004401639 0.999987304 0.002467153 -2.944233179 -0.010777769 -0.002514475 0.999938846 205.969909668
0.999919176 0.004177791 0.012012049 0.958814621 -0.004212820 0.999986947 0.002892390 -2.972121477 -0.011999808 -0.002942761 0.999923646 207.136154175
0.999913931 0.003344642 0.012684404 0.964239478 -0.003379032 0.999990702 0.002690780 -2.985516071 -0.012675285 -0.002733409 0.999915898 208.293670654
0.999908328 0.003163843 0.013156200 0.968137741 -0.003214068 0.999987662 0.003798258 -3.011332750 -0.013144019 -0.003840195 0.999906242 209.446426392
0.999915719 0.002773964 0.012681271 0.980753541 -0.002831908 0.999985576 0.004553614 -3.025614738 -0.012668457 -0.004589142 0.999909222 210.575836182
0.999919474 0.002843666 0.012372281 0.986457467 -0.002900248 0.999985456 0.004557735 -3.046967983 -0.012359141 -0.004593252 0.999913037 211.692962646
0.999922037 0.003670848 0.011927618 0.991257429 -0.003713102 0.999986947 0.003522365 -3.066497326 -0.011914530 -0.003566379 0.999922633 212.797286987
0.999932289 0.003895404 0.010966570 1.002592087 -0.003922955 0.999989271 0.002491884 -3.082055569 -0.010956744 -0.002534736 0.999936700 213.884170532
0.999933898 0.003716120 0.010893512 1.003614426 -0.003744839 0.999989569 0.002617028 -3.103826046 -0.010883674 -0.002657650 0.999937296 214.952178955
0.999947965 0.003195429 0.009697254 1.007528543 -0.003220493 0.999991536 0.002570068 -3.122423649 -0.009688960 -0.002601164 0.999949753 216.016174316
0.999963582 0.002657020 0.008106848 1.012653947 -0.002685550 0.999990225 0.003510481 -3.145552158 -0.008097441 -0.003532124 0.999960899 217.062194824
0.999980450 0.001949023 0.005934204 1.012176156 -0.001978339 0.999985814 0.004938515 -3.162269592 -0.005924495 -0.004950159 0.999970138 218.102416992
0.999989986 0.002155641 0.003929581 1.012010932 -0.002181330 0.999976158 0.006544765 -3.177365065 -0.003915380 -0.006553272 0.999970794 219.145812988
0.999995947 0.002183872 0.001829755 1.005135179 -0.002196618 0.999973178 0.006992911 -3.198786974 -0.001814434 -0.006996905 0.999973893 220.141540527
0.999997199 0.002249952 -0.000781595 0.999017954 -0.002244916 0.999977171 0.006385795 -3.209978819 0.000795944 -0.006384023 0.999979317 221.133331299
0.999990165 0.002596936 -0.003589850 0.987986505 -0.002573413 0.999975383 0.006541725 -3.226619720 0.003606754 -0.006532423 0.999972165 222.113204956
0.999970734 0.003481140 -0.006812493 0.981920958 -0.003433314 0.999969482 0.007019472 -3.240380764 0.006836721 -0.006995877 0.999952197 223.057601929
0.999946117 0.003755542 -0.009681119 0.966314316 -0.003687504 0.999968410 0.007036216 -3.259059906 0.009707236 -0.007000138 0.999928355 223.983581543
0.999913990 0.003918539 -0.012514204 0.946738720 -0.003841107 0.999973357 0.006205582 -3.270248890 0.012538187 -0.006156979 0.999902487 224.893859863
0.999869049 0.003781744 -0.015737621 0.926244497 -0.003695657 0.999978065 0.005495657 -3.282844543 0.015758058 -0.005436776 0.999861062 225.773361206
0.999812186 0.004512757 -0.018848518 0.905244350 -0.004410443 0.999975324 0.005466251 -3.303289652 0.018872716 -0.005382094 0.999807358 226.631301880
0.999753356 0.004920816 -0.021660559 0.877859592 -0.004819962 0.999977350 0.004705835 -3.316522598 0.021683227 -0.004600272 0.999754310 227.461044312
0.999690592 0.006339720 -0.024053052 0.849398613 -0.006233170 0.999970436 0.004502156 -3.330651760 0.024080880 -0.004350836 0.999700606 228.281753540
0.999661148 0.007109583 -0.025040297 0.828045368 -0.006985418 0.999962926 0.005042579 -3.344335556 0.025075220 -0.004865953 0.999673724 229.086669922
0.999669790 0.007670545 -0.024521800 0.802310467 -0.007518834 0.999951959 0.006272991 -3.359477997 0.024568746 -0.006086544 0.999679625 229.864669800
0.999670148 0.007442007 -0.024577789 0.785512924 -0.007274758 0.999949753 0.006887264 -3.372708797 0.024627810 -0.006706196 0.999674201 230.622497559
0.999690235 0.007325472 -0.023783056 0.760926723 -0.007171067 0.999952614 0.006570993 -3.387126923 0.023830067 -0.006398409 0.999695599 231.367050171
0.999695539 0.008160637 -0.023285644 0.737271309 -0.008051118 0.999956071 0.004793203 -3.399304152 0.023323739 -0.004604267 0.999717355 232.101043701
0.999712765 0.008041582 -0.022576164 0.720921516 -0.007982652 0.999964476 0.002699222 -3.411240339 0.022597069 -0.002518228 0.999741495 232.832351685
0.999739766 0.008402518 -0.021211164 0.699066162 -0.008374927 0.999963999 0.001389333 -3.425846100 0.021222077 -0.001211329 0.999774039 233.558059692
0.999761999 0.008826667 -0.019949477 0.682217598 -0.008812798 0.999960780 0.000782964 -3.433806658 0.019955605 -0.000606967 0.999800682 234.292785645
0.999803901 0.008376081 -0.017943664 0.664252281 -0.008365568 0.999964714 0.000660839 -3.446932793 0.017948570 -0.000510600 0.999838769 235.012664795
0.999836206 0.008357552 -0.016051086 0.648616791 -0.008347671 0.999964893 0.000682484 -3.462746859 0.016056225 -0.000548383 0.999870896 235.719238281
0.999861777 0.008373535 -0.014362984 0.638528585 -0.008366994 0.999964833 0.000515511 -3.476312876 0.014366798 -0.000395265 0.999896646 236.442367554
0.999889493 0.007946728 -0.012560910 0.630579472 -0.007942051 0.999968469 0.000422116 -3.491801739 0.012563871 -0.000322310 0.999920964 237.154891968
0.999924421 0.008039380 -0.009305886 0.614522696 -0.008032226 0.999967337 0.000806113 -3.504005671 0.009312065 -0.000731305 0.999956369 237.858917236
0.999956250 0.006690587 -0.006547396 0.617086291 -0.006679779 0.999976218 0.001671438 -3.518373489 0.006558422 -0.001627630 0.999977171 238.563385010
0.999975204 0.006254234 -0.003209046 0.609529436 -0.006249732 0.999979436 0.001410883 -3.525172710 0.003217808 -0.001390792 0.999993861 239.259368896
0.999983191 0.005752348 -0.000671807 0.612936854 -0.005751210 0.999982059 0.001683680 -3.540688515 0.000681481 -0.001679788 0.999998331 239.956176758
0.999979973 0.005668378 0.002787246 0.608079731 -0.005672172 0.999982953 0.001355419 -3.552961349 -0.002779515 -0.001371201 0.999995172 240.640991211
0.999968529 0.005483613 0.005721692 0.612283766 -0.005489020 0.999984562 0.000929835 -3.565110922 -0.005716504 -0.000961212 0.999983191 241.348968506
0.999946177 0.006235445 0.008292846 0.620285273 -0.006234099 0.999980569 -0.000188058 -3.574385881 -0.008293857 0.000136349 0.999965608 242.038726807
0.999909401 0.006737004 0.011649365 0.623190403 -0.006729512 0.999977231 -0.000682146 -3.586274385 -0.011653693 0.000603689 0.999931872 242.726776123
0.999874830 0.006718405 0.014323507 0.632329702 -0.006726089 0.999977231 0.000488408 -3.601613283 -0.014319900 -0.000584688 0.999897301 243.432479858
0.999840438 0.006908938 0.016472768 0.643616915 -0.006929364 0.999975204 0.001183189 -3.613401413 -0.016464187 -0.001297146 0.999863565 244.136306763
0.999801815 0.006758308 0.018723320 0.654867411 -0.006770480 0.999976873 0.000586793 -3.622967720 -0.018718921 -0.000713443 0.999824524 244.839767456
0.999748468 0.006795090 0.021371411 0.664371014 -0.006777716 0.999976635 -0.000885255 -3.634673357 -0.021376926 0.000740183 0.999771178 245.550003052
0.999703288 0.007035461 0.023319317 0.675970554 -0.006958941 0.999970138 -0.003360947 -3.645013332 -0.023342269 0.003197672 0.999722421 246.257461548
0.999689221 0.005869672 0.024222746 0.693291187 -0.005745394 0.999969959 -0.005197040 -3.655951023 -0.024252525 0.005056255 0.999693036 246.976135254
0.999694586 0.005643005 0.024060620 0.713500500 -0.005515477 0.999970376 -0.005363393 -3.672068596 -0.024090176 0.005229049 0.999696076 247.696136475
0.999706924 0.004193914 0.023843993 0.732705593 -0.004057372 0.999975085 -0.005771959 -3.687900066 -0.023867609 0.005673524 0.999699056 248.425827026
0.999692380 0.005772790 0.024121530 0.746093750 -0.005626862 0.999965489 -0.006113225 -3.702389240 -0.024155991 0.005975615 0.999690354 249.156799316
0.999681294 0.006349416 0.024432786 0.759413719 -0.006191357 0.999959350 -0.006539345 -3.717357635 -0.024473317 0.006385989 0.999680102 249.893493652
0.999682009 0.005132338 0.024687355 0.776662827 -0.004924296 0.999951899 -0.008480488 -3.732233286 -0.024729691 0.008356223 0.999659240 250.639831543
0.999678731 0.001662656 0.025290240 0.793703079 -0.001394831 0.999942780 -0.010603987 -3.749949217 -0.025306422 0.010565304 0.999623835 251.385543823
0.999666631 -0.001805407 0.025755506 0.816429138 0.002099314 0.999933004 -0.011388953 -3.765482426 -0.025733216 0.011439225 0.999603391 252.154113770
0.999654531 0.000838906 0.026268782 0.834891319 -0.000636717 0.999970078 -0.007704357 -3.777549982 -0.026274459 0.007684968 0.999625206 252.935531616
0.999622822 0.004701870 0.027054604 0.841711998 -0.004659235 0.999987781 -0.001638736 -3.788771868 -0.027061978 0.001512064 0.999632597 253.713150024
0.999609053 0.003714374 0.027709069 0.861777782 -0.003775251 0.999990582 0.002145003 -3.808547497 -0.027700840 -0.002248773 0.999613702 254.501190186
0.999544144 0.002608862 0.030075293 0.887611866 -0.002601488 0.999996603 -0.000284314 -3.816724777 -0.030075938 0.000205943 0.999547601 255.301498413
0.999410093 0.003555403 0.034157980 0.911208630 -0.003329672 0.999972284 -0.006663037 -3.824538708 -0.034180712 0.006545372 0.999394357 256.092315674
0.999256730 0.005870086 0.038096253 0.931630135 -0.005479940 0.999931633 -0.010337372 -3.836760521 -0.038154319 0.010120925 0.999220610 256.895935059
0.999124408 0.007557440 0.041150786 0.961184502 -0.007140325 0.999921739 -0.010273825 -3.851639986 -0.041225210 0.009970998 0.999100149 257.711334229
0.999002576 0.006097512 0.044234812 1.002635956 -0.005758840 0.999953032 -0.007779662 -3.870605230 -0.044280175 0.007517162 0.998990834 258.550018311
0.998879969 0.002834731 0.047231261 1.046040535 -0.002627492 0.999986529 -0.004449279 -3.889912128 -0.047243241 0.004320196 0.998874068 259.385437012
0.998749077 -0.000225671 0.050002456 1.087644577 0.000374719 0.999995410 -0.002971472 -3.906966209 -0.050001562 0.002986491 0.998744667 260.223205566
0.998579860 0.000698848 0.053270180 1.129605293 -0.000566270 0.999996722 -0.002503842 -3.923432350 -0.053271748 0.002470121 0.998577118 261.076232910
0.998456180 0.002957446 0.055465944 1.176238060 -0.002718853 0.999986768 -0.004376579 -3.939792633 -0.055478144 0.004219019 0.998451054 261.917541504
0.998303831 0.003750111 0.058098413 1.214012146 -0.003366916 0.999971986 -0.006692098 -3.959280968 -0.058121882 0.006485134 0.998288393 262.751129150
0.998144746 0.004386788 0.060727477 1.266201973 -0.003967223 0.999967456 -0.007027823 -3.970742702 -0.060756322 0.006773865 0.998129606 263.609680176
0.997961223 0.005387263 0.063595459 1.313459396 -0.005091812 0.999975562 -0.004806918 -3.990998268 -0.063619800 0.004473302 0.997964084 264.450897217
0.997732997 0.007055382 0.066925824 1.360616684 -0.006838656 0.999970615 -0.003466856 -4.006394386 -0.066948317 0.003001314 0.997751951 265.297485352
0.997556925 0.007331997 0.069472432 1.425874710 -0.007082731 0.999967515 -0.003833629 -4.023053169 -0.069498293 0.003332208 0.997576535 266.168579102
0.997380972 0.007566432 0.071930334 1.484821320 -0.007275219 0.999964178 -0.004309690 -4.039958000 -0.071960375 0.003775094 0.997400343 267.010833740
0.997237921 0.005287106 0.074084118 1.552539825 -0.004973838 0.999977827 -0.004412407 -4.059827805 -0.074105822 0.004031738 0.997242332 267.848419189
0.997081935 0.002339254 0.076302096 1.618787766 -0.002046804 0.999990284 -0.003910768 -4.075279236 -0.076310515 0.003743182 0.997076988 268.725067139
0.997038603 0.001865187 0.076879151 1.688758850 -0.001579840 0.999991655 -0.003772277 -4.093751907 -0.076885551 0.003639649 0.997033238 269.573364258
0.997007430 0.001066387 0.077297971 1.748939514 -0.000795082 0.999993443 -0.003540551 -4.115319252 -0.077301227 0.003468498 0.997001767 270.417510986
0.996962130 0.000655335 0.077885352 1.818700790 -0.000368683 0.999993026 -0.003694762 -4.130959511 -0.077887237 0.003654822 0.996955454 271.300201416
0.996974230 0.001011480 0.077727377 1.879165649 -0.000768195 0.999994636 -0.003159809 -4.147114754 -0.077730164 0.003090538 0.996969581 272.164001465
0.997019351 0.001618514 0.077134982 1.941888809 -0.001402868 0.999994874 -0.002849792 -4.161904812 -0.077139214 0.002733088 0.997016549 273.014007568
0.997119129 0.000913287 0.075846203 2.010728836 -0.000646976 0.999993503 -0.003535705 -4.183664322 -0.075848930 0.003476448 0.997113168 273.880279541
0.997255325 0.001081230 0.074032478 2.072952271 -0.000751111 0.999989688 -0.004486810 -4.201317787 -0.074036561 0.004418888 0.997245669 274.732513428
0.997364223 0.001468546 0.072542116 2.134950638 -0.001110812 0.999986947 -0.004971490 -4.222748280 -0.072548471 0.004877806 0.997352958 275.609771729
0.997456074 0.002661126 0.071234398 2.186574936 -0.002270555 0.999981940 -0.005563323 -4.237853050 -0.071247913 0.005387429 0.997444034 276.466186523
0.997593641 0.003803388 0.069227085 2.243097305 -0.003439333 0.999979615 -0.005377274 -4.263691902 -0.069246136 0.005126240 0.997586370 277.312347412
0.997738838 0.004466630 0.067061871 2.293891907 -0.004150657 0.999979615 -0.004850235 -4.279794216 -0.067082182 0.004560918 0.997736931 278.156311035
0.997930706 0.004093414 0.064168908 2.345789909 -0.003883499 0.999986708 -0.003395674 -4.299384594 -0.064181946 0.003139448 0.997933269 279.018371582
0.998188376 0.002615805 0.060109317 2.390344620 -0.002569547 0.999996364 -0.000846840 -4.318619251 -0.060111314 0.000690852 0.998191416 279.858856201
0.998493254 0.000887499 0.054869838 2.435123444 -0.000953881 0.999998808 0.001183638 -4.341232777 -0.054868728 -0.001234194 0.998492837 280.700073242
0.998729169 0.000793697 0.050391886 2.476970673 -0.000911634 0.999996901 0.002317481 -4.353231907 -0.050389893 -0.002360475 0.998726726 281.546875000
0.998955131 0.000518161 0.045696620 2.506882668 -0.000643908 0.999996066 0.002737111 -4.363779068 -0.045695025 -0.002763676 0.998951614 282.363861084
0.999167085 -0.000163995 0.040805969 2.545308113 0.000020987 0.999993801 0.003504983 -4.378621578 -0.040806293 -0.003501207 0.999160945 283.185638428
0.999345064 -0.000960051 0.036176510 2.567245483 0.000840464 0.999994159 0.003320693 -4.388994694 -0.036179490 -0.003288112 0.999339938 283.984008789
0.999482989 -0.001409288 0.032120481 2.589978695 0.001302069 0.999993503 0.003358710 -4.405978203 -0.032125000 -0.003315149 0.999478519 284.774627686
0.999601364 -0.001047851 0.028211718 2.608914852 0.000960374 0.999994695 0.003114080 -4.418720722 -0.028214831 -0.003085745 0.999597073 285.546264648
0.999704957 -0.000841000 0.024275729 2.621894360 0.000767655 0.999995053 0.003030491 -4.432479858 -0.024278162 -0.003010961 0.999700665 286.292846680
