1.000000000 0.000000000 0.000000000 0.000000000 0.000000000 1.000000000 0.000000000 0.000000000 0.000000000 0.000000000 1.000000000 0.000000000
0.999978960 0.000407038 -0.006473668 -0.008235289 -0.000404515 0.999999821 0.000391060 -0.001842901 0.006473827 -0.000388433 0.999978960 0.091791071
0.999907196 0.000935130 -0.013590971 -0.016258776 -0.000932954 0.999999523 0.000166440 -0.001811012 0.013591120 -0.000153745 0.999907613 0.188455969
0.999772370 0.001381183 -0.021290597 -0.026039094 -0.001393566 0.999998868 -0.000566808 -0.002074254 0.021289790 0.000596349 0.999773145 0.285378695
0.999541819 0.001711218 -0.030220207 -0.042933017 -0.001771964 0.999996483 -0.001983454 -0.001958311 0.030216707 0.002036094 0.999541283 0.390498668
0.999125302 0.001924949 -0.041772027 -0.058905296 -0.002069886 0.999992013 -0.003426729 -0.004921256 0.041765098 0.003510195 0.999121308 0.501222372
0.998479187 0.001728871 -0.055103254 -0.084280163 -0.001954392 0.999989927 -0.004039072 -0.008019142 0.055095714 0.004140623 0.998472512 0.625991642
0.997427881 0.001833040 -0.071653970 -0.108633175 -0.002156003 0.999987841 -0.004430179 -0.004238816 0.071644977 0.004573271 0.997419715 0.761424601
0.995905697 0.000236661 -0.090398051 -0.134705693 -0.000617095 0.999991059 -0.004180506 -0.009075163 0.090396255 0.004219174 0.995896935 0.917194307
0.993913352 -0.000735122 -0.110162169 -0.176190764 0.000254771 0.999990404 -0.004374412 -0.012501804 0.110164329 0.004319720 0.993903995 1.075431705
0.991239190 -0.000843382 -0.132075861 -0.218908042 0.000229579 0.999989092 -0.004662513 -0.013593123 0.132078320 0.004591343 0.991228580 1.226338029
0.987724304 0.002718186 -0.156183034 -0.273903131 -0.003725091 0.999974132 -0.006154623 -0.016767135 0.156162277 0.006660869 0.987708986 1.395226836
0.983339906 0.007086306 -0.181638196 -0.340257883 -0.008590038 0.999935031 -0.007493374 -0.023839455 0.181573302 0.008928813 0.983336926 1.569898486
0.977947831 0.010018708 -0.208608970 -0.412931025 -0.012080096 0.999889970 -0.008609878 -0.026819382 0.208499745 0.010940028 0.977961242 1.751158357
0.971261621 0.010735851 -0.237772137 -0.492435664 -0.013238108 0.999872506 -0.008929486 -0.027820680 0.237645984 0.011820520 0.971279979 1.937439322
0.963191330 0.012477087 -0.268527269 -0.580825031 -0.015282159 0.999848247 -0.008358365 -0.032492891 0.268382251 0.012154381 0.963235915 2.134154558
0.953812540 0.014678130 -0.300043553 -0.678859532 -0.017686946 0.999816835 -0.007314245 -0.034805432 0.299881190 0.012283276 0.953897476 2.318053246
0.942528605 0.016485773 -0.333718628 -0.777799308 -0.019684507 0.999787033 -0.006205674 -0.035315737 0.333545208 0.012418113 0.942652225 2.505376816
0.930020392 0.018662971 -0.367033869 -0.882511377 -0.022242360 0.999737322 -0.005524775 -0.040381562 0.366834342 0.013301854 0.930191159 2.686618090
0.916178107 0.021545030 -0.400191963 -1.006336689 -0.025657687 0.999658704 -0.004920973 -0.040386356 0.399949342 0.014776487 0.916418076 2.870414019
0.900111437 0.022333069 -0.435087174 -1.119524479 -0.026839647 0.999630868 -0.004214890 -0.041936841 0.434832394 0.015471457 0.900378466 3.040709019
0.881696463 0.018153848 -0.471467733 -1.242967486 -0.023047613 0.999723732 -0.004607240 -0.045273643 0.471253932 0.014928392 0.881871283 3.217983246
0.860538602 0.013607256 -0.509203613 -1.375304580 -0.018538857 0.999817491 -0.004612351 -0.052369252 0.509047866 0.013409156 0.860633790 3.387465239
0.835482895 0.015166499 -0.549307227 -1.536356688 -0.019100288 0.999816418 -0.001445899 -0.055360369 0.549184501 0.011699948 0.835619211 3.568067312
0.806354046 0.020900747 -0.591063678 -1.712362766 -0.023831517 0.999711990 0.002839092 -0.063739985 0.590952694 0.011796631 0.806620002 3.729776144
0.773888290 0.023968471 -0.632868648 -1.914468288 -0.027189530 0.999619603 0.004610280 -0.064789630 0.632738411 0.013639554 0.774245560 3.899914026
0.737955451 0.023066653 -0.674455106 -2.126073122 -0.026279846 0.999639750 0.005433998 -0.068144038 0.674337626 0.013714531 0.738295794 4.070989609
0.697948694 0.018786915 -0.715901375 -2.342672586 -0.020232653 0.999773979 0.006511116 -0.066388436 0.715862095 0.009940160 0.698171139 4.238101006
0.654929399 0.014964730 -0.755541861 -2.580996990 -0.014730522 0.999866664 0.007035061 -0.064656720 0.755546451 0.006522058 0.655062556 4.403156281
0.611339331 0.014597618 -0.791233957 -2.843688250 -0.012193538 0.999884963 0.009025837 -0.064087123 0.791274667 0.004130092 0.611446977 4.534354210
0.562971890 0.015183531 -0.826336563 -3.122501373 -0.009828131 0.999883592 0.011676598 -0.060416952 0.826417565 0.001547747 0.563055634 4.675205708
0.511835158 0.015620643 -0.858941734 -3.418034077 -0.007972028 0.999877930 0.013433246 -0.054963566 0.859046638 -0.000028101 0.511897206 4.801240444
0.459895521 0.016806610 -0.887813985 -3.721694946 -0.007284690 0.999858677 0.015154119 -0.046533316 0.887943208 -0.000501861 0.459952861 4.894692421
0.405252844 0.018975684 -0.914007723 -4.052792072 -0.005945511 0.999818206 0.018121071 -0.043359056 0.914185286 -0.001909372 0.405291915 4.990167618
0.349661559 0.020908458 -0.936642706 -4.410762787 -0.005733555 0.999779940 0.020177443 -0.036459357 0.936858714 -0.001684982 0.349704415 5.079476357
0.294309109 0.024129698 -0.955405653 -4.787474632 -0.002988746 0.999699593 0.024327714 -0.032086909 0.955705643 -0.004304403 0.294292808 5.153005600
0.240753531 0.025838884 -0.970242262 -5.132870197 0.001626156 0.999633431 0.027025120 -0.034260496 0.970584929 -0.008084157 0.240623251 5.208923817
0.189819261 0.026204512 -0.981469214 -5.518543243 0.004017748 0.999614656 0.027466023 -0.029239222 0.981810927 -0.009156874 0.189640820 5.244171143
0.142137408 0.027336968 -0.989469349 -5.936895370 0.001334324 0.999612331 0.027808871 -0.021518528 0.989845991 -0.005272953 0.142045811 5.265983105
0.099708036 0.027634172 -0.994632900 -6.367966652 0.000059180 0.999614060 0.027778499 -0.011210248 0.995016754 -0.002828600 0.099667937 5.269632816
0.061952576 0.026314735 -0.997732103 -6.804722786 -0.001686339 0.999653697 0.026260702 -0.004959553 0.998077631 0.000055597 0.061975464 5.254920959
0.027527632 0.023464210 -0.999345601 -7.272701740 0.000179543 0.999724269 0.023478048 0.000656366 0.999620974 -0.000825721 0.027515832 5.254117489
-0.003652597 0.020786773 -0.999777317 -7.747307777 0.000540833 0.999783814 0.020784939 0.005259976 0.999993145 -0.000464793 -0.003663046 5.225178242
-0.030367197 0.018976096 -0.999358654 -8.239630699 0.000054559 0.999819815 0.018983200 0.011658177 0.999538839 0.000521942 -0.030362755 5.187285900
-0.050839942 0.016551539 -0.998569608 -8.747426987 -0.000972428 0.999861360 0.016622461 0.022954546 0.998706341 0.001816122 -0.050816804 5.138350010
-0.067549162 0.015558076 -0.997594595 -9.263297081 0.000155875 0.999878585 0.015583143 0.036100052 0.997715831 0.000897129 -0.067543373 5.099411011
-0.080488369 0.015917443 -0.996628404 -9.801307678 0.000373948 0.999872863 0.015939062 0.044380270 0.996755362 0.000910222 -0.080484092 5.044424057
-0.090205260 0.017409401 -0.995770931 -10.358495712 0.000445621 0.999847770 0.017440312 0.046125159 0.995923102 0.001129471 -0.090199292 4.985641479
-0.097019278 0.018478923 -0.995110929 -10.932238579 -0.001700775 0.999823093 0.018732240 0.045972541 0.995281041 0.003509849 -0.096970707 4.921152115
-0.101430751 0.019489665 -0.994651675 -11.523756027 -0.001456980 0.999804139 0.019739201 0.052950218 0.994841516 0.003451350 -0.101382509 4.852413177
-0.102866508 0.020194156 -0.994490206 -12.131295204 0.000631521 0.999795020 0.020236552 0.064249843 0.994694948 0.001453623 -0.102858193 4.787754059
-0.102013275 0.022485767 -0.994529009 -12.746042252 0.002638250 0.999747157 0.022333134 0.066750363 0.994779587 -0.000345540 -0.102046810 4.730609894
-0.100306883 0.024835713 -0.994646490 -13.400525093 0.001627159 0.999691308 0.024797577 0.077029407 0.994955122 0.000868920 -0.100316323 4.658180714
-0.098604426 0.024990210 -0.994812846 -14.053334236 -0.000624193 0.999682963 0.025174417 0.082912475 0.995126486 0.003103264 -0.098557547 4.588470936
-0.096885473 0.022521241 -0.995040655 -14.717726707 -0.001973147 0.999737680 0.022819674 0.093834698 0.995293558 0.004174257 -0.096815616 4.519963741
-0.095547564 0.022219099 -0.995176792 -15.397069931 -0.002573767 0.999742091 0.022568131 0.105524734 0.995421588 0.004717682 -0.095465712 4.449085236
-0.093999013 0.024836309 -0.995262444 -16.094244003 -0.002435982 0.999680042 0.025176620 0.118079990 0.995569289 0.004791019 -0.093908444 4.383444309
-0.092308082 0.028511334 -0.995322227 -16.814455032 -0.003275367 0.999575913 0.028936947 0.128712267 0.995725095 0.005931159 -0.092175551 4.316106796
-0.090392865 0.030385774 -0.995442569 -17.543888092 -0.003369728 0.999519348 0.030816218 0.140876859 0.995900452 0.006139937 -0.090247035 4.243136883
-0.088704973 0.029716458 -0.995614588 -18.282638550 -0.005336966 0.999526262 0.030308718 0.155651689 0.996043622 0.008002094 -0.088504389 4.170592785
-0.086669803 0.026834052 -0.995875657 -19.033117294 -0.007771133 0.999588549 0.027610412 0.166601300 0.996206760 0.010132071 -0.086425610 4.093471527
-0.085147604 0.026175918 -0.996024549 -19.806758881 -0.008664901 0.999597669 0.027010564 0.182947874 0.996330678 0.010930340 -0.084886521 4.020609856
-0.083652630 0.028242357 -0.996094644 -20.589689255 -0.006230861 0.999563932 0.028863991 0.201415151 0.996475458 0.008621076 -0.083440177 3.952281952
-0.082576387 0.030598709 -0.996114910 -21.388444901 -0.004080250 0.999509811 0.031041246 0.210911870 0.996576309 0.006627672 -0.082411051 3.887660027
-0.080886953 0.032372903 -0.996197462 -22.176639557 -0.003332354 0.999458015 0.032749441 0.225517899 0.996717691 0.005968686 -0.080735236 3.809356928
-0.080399364 0.027753826 -0.996376216 -22.972885132 -0.003334300 0.999599278 0.028112646 0.232699305 0.996757150 0.005582456 -0.080274597 3.749387741
-0.080009311 0.021015229 -0.996572495 -23.781757355 -0.001884431 0.999772787 0.021234004 0.240445226 0.996792316 0.003576888 -0.079951532 3.681220293
-0.080368295 0.016377870 -0.996630728 -24.603506088 0.001396180 0.999865890 0.016318446 0.252907395 0.996764243 -0.000079991 -0.080380388 3.619768620
-0.080881514 0.017033851 -0.996578276 -25.435743332 0.002395386 0.999854386 0.016895443 0.264162779 0.996720850 -0.001020661 -0.080910549 3.548150063
-0.080796331 0.024827281 -0.996421456 -26.285440445 0.001728360 0.999691665 0.024768623 0.265599906 0.996729195 0.000279040 -0.080814347 3.470820427
-0.081088379 0.031576972 -0.996206582 -27.115358353 0.000161433 0.999498427 0.031668179 0.276239336 0.996706843 0.002407100 -0.081052817 3.400866032
-0.081664078 0.036919583 -0.995975852 -27.960401535 -0.001727090 0.999306917 0.037184674 0.288858116 0.996658444 0.004756792 -0.081543736 3.327969074
-0.081757344 0.037531476 -0.995945394 -28.802326202 -0.003447868 0.999274075 0.037939955 0.297182500 0.996646285 0.006535759 -0.081568599 3.246380806
-0.082055241 0.033867389 -0.996052086 -29.637603760 -0.003395630 0.999407172 0.034261197 0.313985288 0.996621966 0.006193535 -0.081891604 3.174352169
-0.082086749 0.030730711 -0.996151328 -30.473350525 -0.003648111 0.999508560 0.031134902 0.335382760 0.996618509 0.006189834 -0.081934296 3.092541695
-0.082338408 0.032265514 -0.996081829 -31.302755356 -0.005173240 0.999448538 0.032802198 0.346907556 0.996590912 0.007853854 -0.082126074 3.020202875
-0.082528807 0.034518640 -0.995990634 -32.144496918 -0.006099390 0.999363720 0.035140950 0.358111739 0.996569932 0.008975076 -0.082265750 2.951004028
-0.082172945 0.033312924 -0.996061087 -32.972740173 -0.007336532 0.999393880 0.034029644 0.362648427 0.996591210 0.010103950 -0.081878729 2.871799707
-0.081931069 0.028092161 -0.996241987 -33.796695709 -0.008098074 0.999550939 0.028851463 0.375048876 0.996605098 0.010431471 -0.081666768 2.802396059
-0.081701696 0.023763308 -0.996373475 -34.631549835 -0.009451849 0.999652267 0.024616551 0.389596939 0.996611953 0.011428786 -0.081448674 2.724672079
-0.081055246 0.024835601 -0.996400177 -35.453125000 -0.009086260 0.999629498 0.025655245 0.391426384 0.996668160 0.011133042 -0.080799550 2.655013561
-0.080443390 0.027348246 -0.996384025 -36.283088684 -0.007867729 0.999574900 0.028071037 0.397994816 0.996728122 0.010097408 -0.080194011 2.584946156
-0.079967394 0.032369841 -0.996271789 -37.129005432 -0.007462579 0.999425113 0.033071291 0.409377277 0.996769547 0.010079384 -0.079679869 2.509708881
-0.079568624 0.037700400 -0.996116340 -37.968753815 -0.007190305 0.999236882 0.038392857 0.428786516 0.996803463 0.010217248 -0.079236850 2.443602324
-0.079359174 0.040802479 -0.996010602 -38.797653198 -0.007438957 0.999109805 0.041522153 0.444167137 0.996818364 0.010704443 -0.078984998 2.365114927
-0.079201221 0.040816072 -0.996022642 -39.626842499 -0.006759285 0.999116480 0.041480329 0.463292718 0.996835768 0.010017694 -0.078855343 2.299508095
-0.078982458 0.036481708 -0.996208251 -40.450244904 -0.007296539 0.999282122 0.037172768 0.481544614 0.996849298 0.010204869 -0.078659564 2.228569269
-0.078446552 0.032232255 -0.996397078 -41.281627655 -0.008110764 0.999423444 0.032968715 0.495644331 0.996885359 0.010667824 -0.078139894 2.149759293
-0.078211464 0.029690774 -0.996494591 -42.105434418 -0.012409799 0.999449968 0.030752834 0.504579067 0.996859610 0.014771522 -0.077799998 2.071085930
-0.078418747 0.027580958 -0.996538818 -42.934860229 -0.015387032 0.999464631 0.028872751 0.521125913 0.996801794 0.017597942 -0.077952370 1.987262964
-0.079400294 0.025541266 -0.996515512 -43.746398926 -0.013083317 0.999558866 0.026661720 0.529298723 0.996756971 0.015154678 -0.079031095 1.933459282
-0.080819242 0.021947358 -0.996487081 -44.574375153 -0.009644970 0.999693394 0.022800226 0.536144137 0.996682107 0.011453786 -0.080582798 1.872965097
-0.081124850 0.020236785 -0.996498346 -45.397548676 -0.005215111 0.999771535 0.020727813 0.548161149 0.996690333 0.006878390 -0.081000797 1.797368050
-0.083402820 0.024113232 -0.996224165 -46.217781067 -0.005133493 0.999683499 0.024626737 0.547908902 0.996502697 0.007168048 -0.083252639 1.728738785
-0.085290045 0.030565886 -0.995887160 -47.036407471 -0.002442739 0.999519825 0.030886581 0.551909864 0.996353149 0.005067009 -0.085174441 1.659966946
-0.086726964 0.034262463 -0.995642722 -47.847736359 -0.000541110 0.999406636 0.034439120 0.561285377 0.996232033 0.003525551 -0.086656973 1.581929684
-0.088102207 0.033622533 -0.995543778 -48.645778656 -0.001005406 0.999426663 0.033842642 0.565212727 0.996110916 0.003982537 -0.088017903 1.505954742
-0.088924788 0.029517516 -0.995600760 -49.445030212 -0.004377999 0.999539554 0.030025322 0.576609790 0.996028721 0.007028735 -0.088754609 1.420405865
-0.089999601 0.025984438 -0.995602727 -50.236324310 -0.009126103 0.999596119 0.026913632 0.583900988 0.995899975 0.011508190 -0.089726098 1.334099293
-0.091542147 0.024439435 -0.995501220 -51.026298523 -0.013257020 0.999580264 0.025758637 0.593601227 0.995712936 0.015555381 -0.091179721 1.249966621
-0.092358835 0.025713360 -0.995393753 -51.816436768 -0.014931412 0.999518335 0.027205333 0.598616540 0.995613813 0.017375287 -0.091930412 1.167605877
-0.093356118 0.027337296 -0.995257437 -52.604309082 -0.014946944 0.999471784 0.028855093 0.605822623 0.995520532 0.017569857 -0.092898205 1.089842319
-0.094337948 0.026811715 -0.995179117 -53.385520935 -0.016503733 0.999457777 0.028491460 0.612779081 0.995403469 0.019111995 -0.093844295 1.008169651
-0.094896451 0.026739862 -0.995127916 -54.162796021 -0.017350243 0.999442816 0.028510347 0.620191574 0.995335996 0.019971242 -0.094379649 0.927039623
-0.095551014 0.028480643 -0.995016932 -54.941089630 -0.015651397 0.999423981 0.030109785 0.629555106 0.995301425 0.018450430 -0.095050201 0.851868153
-0.095913388 0.031161707 -0.994901657 -55.706542969 -0.015082051 0.999349594 0.032754999 0.641705513 0.995275438 0.018146807 -0.095381021 0.780616283
-0.095990889 0.035539810 -0.994747519 -56.491573334 -0.014813858 0.999200702 0.037128415 0.650067925 0.995271981 0.018300034 -0.095387682 0.693460464
-0.096605852 0.037597053 -0.994612396 -57.254161835 -0.015026782 0.999117315 0.039226886 0.663784027 0.995209277 0.018735368 -0.095955625 0.618280888
-0.097269185 0.037643157 -0.994545937 -58.005596161 -0.014744970 0.999120295 0.039258376 0.674518108 0.995148838 0.018483179 -0.096628554 0.542203426
-0.097353913 0.035792604 -0.994606018 -58.745296478 -0.013974360 0.999205470 0.037325956 0.683467507 0.995151758 0.017532812 -0.096776396 0.466120243
-0.097553946 0.032076940 -0.994713187 -59.471939087 -0.013682696 0.999342740 0.033568129 0.698715210 0.995136201 0.016885061 -0.097050950 0.392573833
-0.097270399 0.029229907 -0.994828701 -60.203567505 -0.014229641 0.999425590 0.030756291 0.707212687 0.995156288 0.017147729 -0.096798599 0.310798168
-0.096207783 0.026984723 -0.994995415 -60.910907745 -0.014657411 0.999485612 0.028523749 0.716338992 0.995253325 0.017328262 -0.095762789 0.240799904
-0.093828529 0.026181214 -0.995244086 -61.603176117 -0.017457560 0.999457181 0.027937893 0.719984412 0.995435297 0.019995904 -0.093320534 0.168494225
-0.089328744 0.026991740 -0.995636404 -62.294326782 -0.017365165 0.999438524 0.028652823 0.727477789 0.995850801 0.019848911 -0.088809863 0.098606586
-0.083720148 0.028752219 -0.996074438 -62.945152283 -0.017124414 0.999394536 0.030287370 0.730493546 0.996342123 0.019592855 -0.083177097 0.048305035
-0.076357238 0.030133815 -0.996625066 -63.593414307 -0.015975269 0.999377906 0.031441007 0.737694979 0.996952534 0.018322106 -0.075828344 -0.004077435
-0.067467339 0.031342693 -0.997229040 -64.230834961 -0.017212961 0.999321043 0.032572985 0.743494153 0.997573078 0.019362884 -0.066882037 -0.048139095
-0.055677507 0.033218313 -0.997896016 -64.855354309 -0.019260326 0.999224722 0.034337163 0.749976277 0.998263061 0.021131610 -0.054994542 -0.086648464
-0.040670503 0.034579828 -0.998574078 -65.458755493 -0.022356881 0.999119163 0.035509270 0.760377169 0.998922467 0.023769177 -0.039861582 -0.114224672
-0.022276599 0.035812017 -0.999110281 -66.038047791 -0.023872325 0.999054253 0.036342274 0.769563317 0.999466956 0.024660662 -0.021400612 -0.122033477
0.000110961 0.036783177 -0.999323308 -66.610832214 -0.025173150 0.999006748 0.036768731 0.776572585 0.999683142 0.025152033 0.001036799 -0.116719514
0.025573088 0.037294708 -0.998977065 -67.153388977 -0.024280608 0.999032319 0.036675200 0.780146718 0.999378026 0.023317866 0.026453877 -0.085962296
0.054624539 0.036467902 -0.997840822 -67.667976379 -0.022580408 0.999122381 0.035278622 0.792191744 0.998251557 0.020604573 0.055400055 -0.031238079
0.088870689 0.036489636 -0.995374680 -68.170677185 -0.021420665 0.999167562 0.034716178 0.796958804 0.995812774 0.018236332 0.089578345 0.035701275
0.125776023 0.035948813 -0.991407156 -68.646308899 -0.021584887 0.999205828 0.033493202 0.817820072 0.991823792 0.017186768 0.126452059 0.134368896
0.167572781 0.036713600 -0.985175788 -69.056938171 -0.021349007 0.999207139 0.033605140 0.802531481 0.985628426 0.015401218 0.168223724 0.200007439
0.212678969 0.037561607 -0.976399779 -69.511283875 -0.020660505 0.999210358 0.033938847 0.811014414 0.976903677 0.012954835 0.213287055 0.324617386
0.261292756 0.036646839 -0.964563668 -69.938751221 -0.017484412 0.999294758 0.033229984 0.808184624 0.965101182 0.008182078 0.261749208 0.471178055
0.310852319 0.031469777 -0.949936986 -70.346687317 -0.009622784 0.999504685 0.029962944 0.808707476 0.950409532 -0.000173016 0.311001182 0.657161713
0.362024367 0.025982756 -0.931806386 -70.739578247 -0.004537110 0.999648809 0.026111728 0.814615965 0.932157516 -0.005225375 0.362015039 0.850814819
0.414154261 0.022032175 -0.909939885 -71.097152710 0.000729735 0.999698639 0.024537604 0.805008888 0.910206318 -0.010826366 0.414013386 1.058996201
0.465730041 0.020677831 -0.884685159 -71.468536377 0.000690083 0.999718189 0.023729790 0.823586226 0.884926558 -0.011662184 0.465584457 1.280389786
0.514071465 0.019500993 -0.857525647 -71.837463379 0.001908025 0.999713123 0.023878304 0.831160247 0.857745230 -0.013911334 0.513886631 1.538511276
0.559297025 0.015018439 -0.828831315 -72.188018799 0.009791846 0.999646425 0.024721172 0.837186337 0.828909457 -0.021942265 0.558952212 1.822326660
0.602777600 0.008118186 -0.797867954 -72.510742188 0.020636113 0.999455214 0.025759585 0.841809809 0.797642350 -0.031992190 0.602281690 2.135761261
0.644816160 0.003353215 -0.764330387 -72.822708130 0.021511225 0.999514699 0.022532633 0.844994962 0.764034927 -0.030971084 0.644430995 2.452934265
0.686721861 0.000027892 -0.726920187 -73.101043701 0.017746521 0.999701262 0.016803512 0.830613852 0.726703465 -0.024439646 0.686516345 2.742980957
0.727249861 -0.007059927 -0.686336458 -73.381874084 0.014648753 0.999878883 0.005236835 0.837216079 0.686216474 -0.013862461 0.727265298 3.082489014
0.766200304 -0.009469615 -0.642531991 -73.651763916 0.009813827 0.999947131 -0.003034489 0.840196490 0.642526865 -0.003980673 0.766252756 3.455730438
0.803050578 -0.010225305 -0.595823109 -73.906646729 0.008034090 0.999947608 -0.006332392 0.840753675 0.595856726 0.000298340 0.803090811 3.851783752
0.837078691 -0.010520284 -0.546981215 -74.148345947 0.007750879 0.999942780 -0.007370608 0.826514125 0.547027588 0.001930194 0.837112486 4.265048981
0.867439270 -0.009370795 -0.497454822 -74.367958069 0.005030167 0.999936759 -0.010064907 0.825278282 0.497517616 0.006228417 0.867431581 4.713287354
0.893247306 -0.007888370 -0.449496388 -74.578544617 0.004512571 0.999952972 -0.008581066 0.811104894 0.449542969 0.005636631 0.893240988 5.190311432
0.914123774 -0.002066625 -0.405430138 -74.767555237 -0.001052231 0.999971569 -0.007469686 0.801249325 0.405434012 0.007254824 0.914095581 5.685760498
0.931754112 0.003298689 -0.363074899 -74.966217041 -0.007072355 0.999933839 -0.009064862 0.791687250 0.363021046 0.011014017 0.931715786 6.185470581
0.945084035 0.008142351 -0.326726049 -75.135391235 -0.011317037 0.999905348 -0.007816851 0.786509514 0.326631546 0.011085153 0.945086777 6.725650787
0.955043852 0.008849486 -0.296332330 -75.298034668 -0.011127222 0.999920070 -0.006000718 0.775557041 0.296255559 0.009028305 0.955066025 7.281438828
0.962342858 0.008376598 -0.271709204 -75.452209473 -0.010010738 0.999939144 -0.004628751 0.765745997 0.271653950 0.007174456 0.962368309 7.852064133
0.968099058 0.008549683 -0.250421703 -75.598762512 -0.009521907 0.999951124 -0.002671038 0.760550201 0.250386655 0.004970323 0.968133271 8.452358246
0.972600996 0.010384833 -0.232248932 -75.735694885 -0.010726844 0.999942362 -0.000209704 0.754116893 0.232233405 0.002695256 0.972656369 9.068561554
0.976129413 0.015922837 -0.216605708 -75.892486572 -0.016081151 0.999870181 0.001031788 0.750819385 0.216594040 0.002476109 0.976258755 9.711590767
0.978956103 0.019375885 -0.203148723 -76.029312134 -0.019277867 0.999811172 0.002461463 0.742557883 0.203158051 0.001506609 0.979144812 10.357242584
0.981578887 0.018163124 -0.190191865 -76.147796631 -0.018072201 0.999834299 0.002212632 0.735038340 0.190200508 0.001265312 0.981744409 11.016995430
0.984128892 0.017965438 -0.176543310 -76.267517090 -0.017898852 0.999837935 0.001969771 0.726854682 0.176550090 0.001221415 0.984290957 11.700871468
0.986569226 0.018784899 -0.162259981 -76.379272461 -0.018639462 0.999823332 0.002418735 0.721059382 0.162276760 0.000638189 0.986745059 12.410338402
0.988773525 0.020040032 -0.148073047 -76.484504700 -0.019890541 0.999799073 0.002490440 0.721468091 0.148093209 0.000482772 0.988973260 13.121043205
0.990622342 0.020620659 -0.135064125 -76.583320618 -0.020833898 0.999782979 -0.000165411 0.708101749 0.135031432 0.002977772 0.990836740 13.836449623
0.992057562 0.020503122 -0.124102280 -76.677192688 -0.021336079 0.999757767 -0.005386364 0.697555721 0.123961791 0.007991439 0.992254794 14.577184677
0.993172288 0.019533193 -0.115010038 -76.767173767 -0.020982889 0.999714732 -0.011407697 0.681001663 0.114754409 0.013743052 0.993298829 15.339061737
0.994097710 0.019310478 -0.106756315 -76.846649170 -0.020670259 0.999718487 -0.011645326 0.673293471 0.106501386 0.013783273 0.994217098 16.096265793
0.994764864 0.020840868 -0.100043163 -76.925369263 -0.021471230 0.999755681 -0.005228175 0.655701876 0.099909782 0.007348853 0.994969368 16.864984512
0.995151281 0.025799189 -0.094912671 -77.010025024 -0.025639428 0.999667048 0.002902607 0.637377858 0.094955973 -0.000455027 0.995481312 17.641986847
0.995519102 0.026152654 -0.090872839 -77.078674316 -0.025662890 0.999649167 0.006554045 0.630581677 0.091012374 -0.004192619 0.995840907 18.414089203
0.995883703 0.025240943 -0.087054692 -77.163703918 -0.024853777 0.999675930 0.005528476 0.616212368 0.087166026 -0.003342081 0.996188223 19.192640305
0.996180177 0.025021710 -0.083658770 -77.233642578 -0.024710953 0.999683380 0.004748086 0.605880082 0.083751082 -0.002662661 0.996483207 19.957965851
0.996449649 0.023787199 -0.080760129 -77.295570374 -0.023291323 0.999703586 0.007076765 0.596750855 0.080904536 -0.005170630 0.996708393 20.725467682
0.996699989 0.021066250 -0.078392029 -77.363533020 -0.020418327 0.999750435 0.009057621 0.594489098 0.078563273 -0.007427095 0.996881485 21.510971069
0.996971786 0.018507745 -0.075528696 -77.420738220 -0.017747739 0.999784887 0.010721365 0.588992357 0.075710870 -0.009348435 0.997086048 22.274259567
0.997166634 0.018206388 -0.072987594 -77.475440979 -0.017722066 0.999816477 0.007277858 0.574295521 0.073106676 -0.005963746 0.997306287 23.031038284
0.997237384 0.020983621 -0.071255431 -77.538635254 -0.021020245 0.999779105 0.000235934 0.563499153 0.071244642 0.001262524 0.997458100 23.785892487
0.997343838 0.022239475 -0.069358431 -77.595634460 -0.022804415 0.999712825 -0.007363970 0.547158360 0.069174729 0.008926091 0.997564614 24.531099319
0.997378170 0.022902222 -0.068645626 -77.644752502 -0.023747824 0.999651611 -0.011527615 0.533802509 0.068357699 0.013127576 0.997574449 25.285419464
0.997509062 0.024635790 -0.066095680 -77.710556030 -0.025343249 0.999629915 -0.009886418 0.514364243 0.065827653 0.011536867 0.997764289 26.040203094
0.997591197 0.027935455 -0.063493021 -77.770263672 -0.028362406 0.999580622 -0.005832775 0.493979037 0.063303471 0.007619537 0.997965217 26.801748276
0.997648954 0.030868003 -0.061185602 -77.826751709 -0.030972427 0.999519944 -0.000758793 0.478525430 0.061132800 0.002652077 0.998126090 27.559032440
0.997856081 0.029108817 -0.058616597 -77.874351501 -0.029085444 0.999576271 0.001252014 0.461430907 0.058628213 0.000455560 0.998279810 28.315298080
0.998021185 0.026386136 -0.057075281 -77.920288086 -0.026348274 0.999651849 0.001415948 0.446614861 0.057092771 0.000090689 0.998368919 29.068614960
0.998114049 0.025078977 -0.056029685 -77.964462280 -0.025033709 0.999685526 0.001509709 0.429966867 0.056049921 -0.000104231 0.998427987 29.820377350
0.998177469 0.024515707 -0.055145059 -78.005630493 -0.024583001 0.999697685 -0.000542203 0.419095695 0.055115096 0.001896846 0.998478234 30.570333481
0.998286307 0.022060480 -0.054201223 -78.056289673 -0.022200838 0.999751568 -0.001988775 0.409180284 0.054143883 0.003188679 0.998528063 31.321361542
0.998332500 0.020862048 -0.053823184 -78.096786499 -0.021001646 0.999777377 -0.002029316 0.397438943 0.053768866 0.003156308 0.998548448 32.082973480
0.998307705 0.024314187 -0.052824777 -78.149467468 -0.024394277 0.999701977 -0.000871821 0.384949207 0.052787837 0.002158968 0.998603463 32.855167389
0.998312235 0.024561612 -0.052626532 -78.202346802 -0.024702033 0.999692798 -0.002019367 0.376272708 0.052560769 0.003315941 0.998612285 33.636165619
0.998268485 0.023587635 -0.053887177 -78.254470825 -0.023711024 0.999717474 -0.001651426 0.356872618 0.053833000 0.002926287 0.998545706 34.394741058
0.998186588 0.022179097 -0.055960685 -78.293930054 -0.022281712 0.999750972 -0.001210248 0.343757153 0.055919912 0.002454953 0.998432219 35.171844482
0.997958541 0.023885652 -0.059229158 -78.345314026 -0.024018807 0.999710321 -0.001537048 0.334625810 0.059175294 0.002956524 0.998243272 35.954982758
0.997696698 0.027742069 -0.061901070 -78.409362793 -0.027887590 0.999609947 -0.001487981 0.317850143 0.061835658 0.003210825 0.998081088 36.749011993
0.997512877 0.027991248 -0.064687669 -78.467857361 -0.028468221 0.999573767 -0.006463318 0.303382397 0.064479187 0.008288788 0.997884572 37.541248322
0.997332036 0.029436853 -0.066800259 -78.534523010 -0.030183168 0.999492407 -0.010190514 0.297422439 0.066466399 0.012179571 0.997714281 38.347557068
0.997261047 0.028637130 -0.068193287 -78.604187012 -0.029482672 0.999499977 -0.011425040 0.277518988 0.067832001 0.013404268 0.997606695 39.156742096
0.997111380 0.029699059 -0.069907047 -78.678825378 -0.030442258 0.999490499 -0.009589674 0.252657235 0.069586620 0.011690099 0.997507393 39.973850250
0.996976256 0.027371971 -0.072726153 -78.731765747 -0.028131571 0.999559581 -0.009440740 0.241451800 0.072435722 0.011458093 0.997307241 40.795921326
0.996835947 0.026991386 -0.074764222 -78.796615601 -0.027633909 0.999589443 -0.007572658 0.226162225 0.074529141 0.009614725 0.997172415 41.618522644
0.996774256 0.026113970 -0.075888954 -78.865127563 -0.026494062 0.999640942 -0.004005911 0.209453717 0.075757079 0.006003596 0.997108221 42.468704224
0.996729255 0.025485579 -0.076690108 -78.933380127 -0.025491504 0.999674618 0.000901778 0.196463436 0.076688141 0.001056119 0.997054577 43.321277618
0.996773183 0.025200585 -0.076211281 -79.000701904 -0.025038214 0.999681771 0.003085339 0.182528913 0.076264784 -0.001167187 0.997086823 44.181091309
0.996841311 0.028701760 -0.074050866 -79.072326660 -0.028561635 0.999587655 0.002950747 0.172249123 0.074105024 -0.000826412 0.997250021 45.032291412
0.996995270 0.027981188 -0.072230950 -79.141571045 -0.027903868 0.999608397 0.002079486 0.157914370 0.072260857 -0.000057715 0.997385859 45.887687683
0.997152627 0.025613084 -0.070926197 -79.199928284 -0.025690349 0.999670029 -0.000177229 0.145388529 0.070898250 0.001998843 0.997481525 46.750106812
0.997343481 0.021656927 -0.069546007 -79.253341675 -0.021841813 0.999759614 -0.001899126 0.131625056 0.069488153 0.003413092 0.997577012 47.621131897
0.997540057 0.020546393 -0.067019701 -79.325988770 -0.020743502 0.999782324 -0.002246478 0.121788688 0.066958949 0.003631176 0.997749031 48.490219116
0.997643709 0.018080723 -0.066182934 -79.383544922 -0.018085454 0.999836266 0.000527669 0.105339989 0.066181637 0.000670523 0.997807324 49.365158081
0.997774899 0.015547012 -0.064834021 -79.448059082 -0.015412226 0.999877930 0.002578589 0.096865714 0.064866193 -0.001573615 0.997892737 50.242343903
0.997810125 0.015073963 -0.064402558 -79.501358032 -0.014892392 0.999883652 0.003298489 0.076954260 0.064444780 -0.002332157 0.997918546 51.119350433
0.997864127 0.017273938 -0.062998086 -79.563415527 -0.017317073 0.999850035 -0.000138650 0.060885683 0.062986225 0.001229296 0.998013616 51.992523193
0.997883260 0.019789457 -0.061946694 -79.631385803 -0.020183975 0.999779761 -0.005749322 0.040724248 0.061819274 0.006987482 0.998062849 52.847507477
0.997896135 0.021699503 -0.061093450 -79.687652588 -0.022425715 0.999685526 -0.011226391 0.022694290 0.060830615 0.012572836 0.998068869 53.709224701
0.997828007 0.026434481 -0.060335323 -79.751968384 -0.027505171 0.999477327 -0.016984534 -0.000670671 0.059854820 0.018607177 0.998033643 54.560226440
0.997893691 0.026488975 -0.059215944 -79.807281494 -0.027580013 0.999463141 -0.017683871 -0.029840350 0.058715712 0.019279797 0.998088539 55.406639099
0.997957349 0.023034336 -0.059585549 -79.855705261 -0.023782546 0.999646544 -0.011878303 -0.048443675 0.059290875 0.013271136 0.998152494 56.259208679
0.997930586 0.022712748 -0.060154874 -79.912803650 -0.022918977 0.999733508 -0.002740459 -0.072408825 0.060076594 0.004113473 0.998185277 57.116127014
0.997881949 0.021669351 -0.061336525 -79.967926025 -0.021397332 0.999758065 0.005088325 -0.094090939 0.061431944 -0.003765110 0.998104155 57.970268250
0.997776806 0.018839700 -0.063926883 -80.022590637 -0.018735908 0.999821961 0.002222747 -0.100432366 0.063957378 -0.001020079 0.997952104 58.800296783
0.997770786 0.014609132 -0.065116227 -80.085906982 -0.014692822 0.999891639 -0.000806544 -0.122153625 0.065097384 0.001761485 0.997877359 59.642326355
0.997609794 0.012938284 -0.067877024 -80.146026611 -0.013129643 0.999911010 -0.002373822 -0.139741763 0.067840256 0.003259348 0.997690856 60.454807281
0.997390687 0.014961722 -0.070626155 -80.210472107 -0.015316820 0.999872684 -0.004488908 -0.159351856 0.070549995 0.005558963 0.997492731 61.278099060
0.997137368 0.016483044 -0.073792264 -80.282981873 -0.017119508 0.999821424 -0.008000840 -0.179871500 0.073647216 0.009241223 0.997241557 62.092697144
0.996839464 0.017449245 -0.077502578 -80.358024597 -0.018367920 0.999769092 -0.011156389 -0.199875593 0.077290013 0.012544688 0.996929705 62.909427643
0.996543169 0.019475788 -0.080761120 -80.429336548 -0.020763023 0.999669850 -0.015129691 -0.225173354 0.080439799 0.016754236 0.996618629 63.707820892
0.996213138 0.024178367 -0.083515219 -80.526351929 -0.025521034 0.999561012 -0.015046782 -0.248220325 0.083114758 0.017121196 0.996392906 64.507759094
0.995815277 0.027714670 -0.087085105 -80.606994629 -0.028979145 0.999491572 -0.013289296 -0.269105375 0.086672515 0.015757337 0.996112227 65.311744690
0.995401084 0.030780140 -0.090714522 -80.694320679 -0.031568263 0.999475121 -0.007265728 -0.292166889 0.090443261 0.010096014 0.995850444 66.113281250
0.994991958 0.031272441 -0.094937116 -80.777984619 -0.031576071 0.999499917 -0.001697291 -0.311630070 0.094836541 0.004686531 0.995481849 66.928398132
0.994538784 0.030108519 -0.099930011 -80.859611511 -0.030038595 0.999546289 0.002204624 -0.330726445 0.099951066 0.000809173 0.994992018 67.719177246
0.993882418 0.029688099 -0.106377289 -80.949768066 -0.029504899 0.999559224 0.003295884 -0.342241317 0.106428236 -0.000137070 0.994320393 68.508796692
0.993356168 0.027069047 -0.111851186 -81.046585083 -0.026442885 0.999625266 0.007078123 -0.354488492 0.112000868 -0.004073430 0.993699729 69.287986755
0.992525876 0.028489800 -0.118662216 -81.138290405 -0.027890360 0.999588609 0.006709541 -0.364308834 0.118804544 -0.003349860 0.992911994 70.073165894
0.991672158 0.033298686 -0.124409027 -81.250457764 -0.032817807 0.999443948 0.005913261 -0.374656051 0.124536738 -0.001781186 0.992213368 70.843475342
0.990880728 0.035449412 -0.129995883 -81.368942261 -0.035444316 0.999368966 0.002353547 -0.385028839 0.129997283 0.002275531 0.991511762 71.606407166
0.990074158 0.034329608 -0.136289239 -81.478614807 -0.034757502 0.999395430 -0.000760503 -0.391130269 0.136180758 0.005490027 0.990668952 72.362915039
0.989280224 0.035680629 -0.141603768 -81.596855164 -0.036278386 0.999340296 -0.001641162 -0.407136858 0.141451836 0.006760726 0.989922106 73.128570557
0.988576293 0.037654083 -0.145942941 -81.721160889 -0.037570324 0.999288321 0.003331241 -0.414308190 0.145964548 0.002189937 0.989287436 73.895744324
0.987630069 0.038150340 -0.152090311 -81.848617554 -0.037441265 0.999270618 0.007524390 -0.424165368 0.152266458 -0.001736861 0.988337934 74.664894104
0.986646652 0.037657730 -0.158462375 -81.975204468 -0.036521535 0.999282062 0.010077091 -0.441854417 0.158728108 -0.004155239 0.987313509 75.423179626
0.985553920 0.035354983 -0.165631324 -82.105758667 -0.034791969 0.999374688 0.006300248 -0.449100733 0.165750489 -0.000446595 0.986167610 76.169624329
0.984215915 0.032577582 -0.173947677 -82.252281189 -0.033275187 0.999445677 -0.001094860 -0.453516126 0.173815593 0.006865720 0.984754264 76.922714233
0.982599378 0.030177299 -0.183269560 -82.384918213 -0.031195713 0.999509692 -0.002675745 -0.465160131 0.183099002 0.008346410 0.983058989 77.646865845
0.980616570 0.029505141 -0.193701863 -82.542472839 -0.029994952 0.999549925 0.000404299 -0.477319777 0.193626598 0.005413614 0.981060326 78.387481689
0.978332996 0.029912934 -0.204865009 -82.704994202 -0.029186079 0.999552310 0.006569379 -0.485280752 0.204969808 -0.000447833 0.978768229 79.130653381
0.975841582 0.031191764 -0.216241241 -82.886993408 -0.028856596 0.999486148 0.013948651 -0.486394048 0.216565266 -0.007371690 0.976240277 79.863098145
0.973188519 0.032303128 -0.227729067 -83.052772522 -0.029008416 0.999420643 0.017800782 -0.494774938 0.228172153 -0.010717459 0.973561823 80.581306458
0.970274925 0.035498187 -0.239387468 -83.244972229 -0.033278707 0.999357462 0.013308486 -0.501665950 0.239706099 -0.004946388 0.970832884 81.293853760
0.967329443 0.035575617 -0.251014233 -83.450706482 -0.035642322 0.999355435 0.004281929 -0.507609010 0.251004755 0.004804692 0.967973948 81.997474670
0.964166760 0.033219881 -0.263208747 -83.659416199 -0.034522515 0.999403834 -0.000324398 -0.511286914 0.263041019 0.009399403 0.964738846 82.708129883
0.960938275 0.031855278 -0.274923235 -83.873802185 -0.031647056 0.999485552 0.005194255 -0.527422428 0.274947315 0.003709150 0.961452127 83.406715393
0.957501769 0.032746784 -0.286562264 -84.090019226 -0.030603079 0.999460042 0.011957626 -0.525296926 0.286799043 -0.002679760 0.957987010 84.135238647
0.953826606 0.032711748 -0.298570871 -84.323829651 -0.028846122 0.999433279 0.017346019 -0.529009819 0.298969090 -0.007932484 0.954229832 84.853286743
0.949868917 0.030492349 -0.311158061 -84.564559937 -0.026957793 0.999513924 0.015654966 -0.533308506 0.311484188 -0.006482034 0.950229228 85.558822632
0.946077347 0.028166363 -0.322713852 -84.807151794 -0.025804544 0.999599814 0.011595399 -0.537775278 0.322911263 -0.002642659 0.946425557 86.253852844
0.943340540 0.024257414 -0.330938339 -85.078750610 -0.024014691 0.999699891 0.004822980 -0.544704795 0.330955982 0.003397671 0.943640113 86.932693481
0.940344155 0.020271076 -0.339620352 -85.323242188 -0.021887206 0.999760032 -0.000928369 -0.555403054 0.339519978 0.008306325 0.940562189 87.660812378
0.937719226 0.019995145 -0.346818209 -85.591789246 -0.022338152 0.999746680 -0.002758890 -0.564440608 0.346675187 0.010334343 0.937928319 88.367141724
0.934732497 0.025454625 -0.354439348 -85.881484985 -0.028193256 0.999599218 -0.002563838 -0.581317067 0.354232043 0.012389300 0.935075462 89.071868896
0.931684375 0.025803443 -0.362351179 -86.161033630 -0.027800102 0.999613464 -0.000296543 -0.594517887 0.362203479 0.010349686 0.932041645 89.771972656
0.928681612 0.026544578 -0.369926751 -86.451797485 -0.026030887 0.999640763 0.006381359 -0.597738087 0.369963229 0.003703270 0.929039001 90.480819702
0.925931871 0.028230926 -0.376634061 -86.741561890 -0.024517071 0.999592066 0.014651542 -0.601590872 0.376893938 -0.004332365 0.926246285 91.191131592
0.923358858 0.038531274 -0.381999642 -87.060653687 -0.032758322 0.999229729 0.021607103 -0.610882759 0.382537901 -0.007437448 0.923909843 91.894775391
0.920595706 0.045208730 -0.387891084 -87.374252319 -0.041238829 0.998976946 0.018557232 -0.610544920 0.388333201 -0.001087540 0.921518385 92.588569641
0.918264031 0.042072427 -0.393727154 -87.664199829 -0.040814918 0.999099731 0.011570645 -0.617685914 0.393859446 0.005445032 0.919154525 93.253417969
0.916315079 0.033326946 -0.399069101 -87.968322754 -0.034893684 0.999385417 0.003339944 -0.607856631 0.398935139 0.010864547 0.916914701 93.973304749
0.914687216 0.033605572 -0.402763307 -88.284835815 -0.035566427 0.999363840 0.002612070 -0.609169483 0.402594864 0.011935622 0.915300488 94.669448853
0.912583470 0.039848465 -0.406944245 -88.622100830 -0.040005665 0.999166310 0.008125791 -0.618969917 0.406928807 0.008864613 0.913416803 95.369064331
0.910087407 0.042588495 -0.412222445 -88.944824219 -0.040990457 0.999078572 0.012722165 -0.626638889 0.412384421 0.005318902 0.910994351 96.064109802
0.907897353 0.039196663 -0.417356133 -89.260406494 -0.038138703 0.999213099 0.010877514 -0.640190601 0.417454183 0.006041756 0.908677876 96.741828918
0.905691206 0.037637714 -0.422263831 -89.603042603 -0.039406382 0.999212921 0.004542373 -0.645841479 0.422102392 0.012525904 0.906461596 97.454940796
0.903547406 0.035026029 -0.427054256 -89.939704895 -0.039623231 0.999212921 -0.001880324 -0.652709246 0.426652282 0.018620230 0.904224038 98.147224426
