1.000000000 0.000000000 0.000000000 0.000000000 0.000000000 1.000000000 0.000000000 0.000000000 0.000000000 0.000000000 1.000000000 0.000000000
0.999995589 0.002957648 0.000137023 -0.005989622 -0.002957834 0.999994695 0.001379297 -0.012862697 -0.000132943 -0.001379696 0.999999046 0.772062004
0.999984622 0.005504190 0.000612815 -0.013079075 -0.005505360 0.999983132 0.001923443 -0.029831855 -0.000602217 -0.001926787 0.999997973 1.538600922
0.999976635 0.006734611 0.001152464 -0.020936782 -0.006736677 0.999975622 0.001798825 -0.048007872 -0.001140322 -0.001806547 0.999997735 2.274550915
0.999962211 0.008633445 0.001000606 -0.023933288 -0.008634908 0.999961555 0.001468303 -0.061400492 -0.000987891 -0.001476888 0.999998391 3.001817226
0.999957621 0.009032943 0.001754844 -0.034468092 -0.009035082 0.999958396 0.001214684 -0.075296946 -0.001743799 -0.001230488 0.999997735 3.716131210
0.999956846 0.009111339 0.001835445 -0.029899783 -0.009114911 0.999956548 0.001946117 -0.086719453 -0.001817634 -0.001962763 0.999996424 4.412159920
0.999945760 0.009993022 0.002954177 -0.047301609 -0.010007934 0.999936998 0.005077139 -0.103477649 -0.002903255 -0.005106427 0.999982715 5.086166859
0.999941409 0.009954151 0.004245489 -0.038575295 -0.009991499 0.999910772 0.008869374 -0.108763754 -0.004156823 -0.008911272 0.999951661 5.751482010
0.999943614 0.009175297 0.005361990 -0.033002712 -0.009241200 0.999880373 0.012398141 -0.119766079 -0.005247593 -0.012446991 0.999908745 6.382110596
0.999940634 0.008522765 0.006798124 -0.039341740 -0.008621718 0.999855340 0.014662094 -0.128649831 -0.006672180 -0.014719834 0.999869406 6.983510971
0.999930024 0.009146743 0.007503556 -0.025030766 -0.009256562 0.999848604 0.014733817 -0.139880747 -0.007367655 -0.014802243 0.999863207 7.561506748
0.999916375 0.009823026 0.008406133 -0.021671228 -0.009925057 0.999876440 0.012183266 -0.148595572 -0.008285419 -0.012265678 0.999890447 8.113163948
0.999908030 0.009787916 0.009391156 -0.021587379 -0.009873850 0.999909461 0.009148364 -0.150960326 -0.009300762 -0.009240249 0.999913990 8.643763542
0.999909580 0.008097486 0.010737518 -0.005954556 -0.008180613 0.999936700 0.007720576 -0.159586370 -0.010674322 -0.007807717 0.999912560 9.147477150
0.999909520 0.003977973 0.012849826 -0.002253570 -0.004047266 0.999977410 0.005371029 -0.166460633 -0.012828171 -0.005422549 0.999902964 9.612893105
0.999887347 0.002452180 0.014807967 0.006326661 -0.002515434 0.999987721 0.004254553 -0.169869453 -0.014797353 -0.004291323 0.999881268 10.052840233
0.999841809 0.006828744 0.016424177 0.015792206 -0.006866859 0.999973834 0.002265417 -0.180896655 -0.016408280 -0.002377841 0.999862492 10.469660759
0.999742925 0.011255800 0.019681841 0.014323220 -0.011289643 0.999934971 0.001609206 -0.188310504 -0.019662451 -0.001830993 0.999805033 10.855726242
0.999671578 0.011490444 0.022907512 0.021472052 -0.011559246 0.999929070 0.002873281 -0.200532898 -0.022872871 -0.003137130 0.999733508 11.199462891
0.999632597 0.007218724 0.026126463 0.033815086 -0.007309391 0.999967515 0.003376504 -0.206591025 -0.026101245 -0.003566232 0.999653041 11.514826775
0.999581814 0.002947246 0.028766302 0.051543802 -0.003025491 0.999991834 0.002676909 -0.203661799 -0.028758178 -0.002762821 0.999582589 11.803195000
0.999517143 -0.000536078 0.031066943 0.067661613 0.000408590 0.999991477 0.004109846 -0.209848076 -0.031068882 -0.004095168 0.999508858 12.059603691
0.999435723 -0.000950890 0.033577908 0.076962382 0.000775747 0.999986053 0.005228665 -0.216434732 -0.033582415 -0.005199665 0.999422431 12.292882919
0.999354243 -0.000294254 0.035932280 0.078923970 0.000140094 0.999990702 0.004292743 -0.222104922 -0.035933211 -0.004284937 0.999345005 12.493314743
0.999299407 0.000419440 0.037423745 0.100504786 -0.000538704 0.999994814 0.003176831 -0.230733693 -0.037422225 -0.003194766 0.999294400 12.694105148
0.999170840 0.002974678 0.040605761 0.097201675 -0.003063419 0.999993026 0.002123381 -0.233426243 -0.040599160 -0.002246012 0.999172986 12.849214554
0.999092996 0.005676673 0.042202540 0.101988643 -0.005752804 0.999981999 0.001682726 -0.241221547 -0.042192228 -0.001923982 0.999107659 13.019784927
0.999028146 0.007252482 0.043475784 0.107607037 -0.007267511 0.999973595 0.000187664 -0.247790366 -0.043473270 -0.000503442 0.999054492 13.175446510
0.998953164 0.006070226 0.045340635 0.117891908 -0.006014335 0.999980927 -0.001369002 -0.255458236 -0.045348085 0.001094876 0.998970568 13.324326515
0.998880506 0.005093011 0.047032900 0.123553574 -0.004955775 0.999983132 -0.003034027 -0.254256219 -0.047047567 0.002797546 0.998888671 13.464945793
0.998822331 0.004264609 0.048331589 0.131089628 -0.004073994 0.999983609 -0.004041724 -0.257063299 -0.048348024 0.003840061 0.998823225 13.602658272
0.998745620 0.005287281 0.049790058 0.137920797 -0.005016332 0.999971986 -0.005565220 -0.259099841 -0.049818076 0.005308476 0.998744190 13.735697746
0.998678565 0.005714179 0.051072583 0.143701971 -0.005350941 0.999959469 -0.007246098 -0.266210079 -0.051111907 0.006963237 0.998668671 13.858755112
0.998632610 0.005929795 0.051941384 0.151898384 -0.005429832 0.999937594 -0.009761374 -0.266219914 -0.051996022 0.009465992 0.998602450 13.983651161
0.998602033 0.005320740 0.052589972 0.160966098 -0.004695652 0.999916911 -0.012002507 -0.270003051 -0.052649453 0.011738785 0.998544037 14.114974976
0.998622715 0.004515796 0.052270982 0.165395916 -0.003804703 0.999898970 -0.013695482 -0.275994778 -0.052327547 0.013477745 0.998539031 14.235631943
0.998737931 0.003763953 0.050083570 0.172164619 -0.003017795 0.999883473 -0.014965565 -0.279066086 -0.050134063 0.014795536 0.998632848 14.361907005
0.998878360 0.004329277 0.047153484 0.176416516 -0.003579172 0.999865949 -0.015980570 -0.280892968 -0.047216345 0.015793873 0.998759866 14.489880562
0.999053597 0.004719217 0.043240126 0.173003554 -0.003974714 0.999842703 -0.017287709 -0.281994283 -0.043314904 0.017099481 0.998915195 14.610249519
0.999281287 0.004539185 0.037633989 0.169456631 -0.003846520 0.999822259 -0.018457325 -0.284985274 -0.037711076 0.018299300 0.999121130 14.735032082
0.999525249 0.004281228 0.030510098 0.172895849 -0.003708819 0.999816537 -0.018793263 -0.292606115 -0.030584959 0.018671189 0.999357760 14.859239578
0.999715507 0.004746207 0.023372427 0.166992486 -0.004286394 0.999797165 -0.019684238 -0.294316024 -0.023461115 0.019578455 0.999532998 14.982132912
0.999877453 0.004137668 0.015099643 0.162512958 -0.003828795 0.999784052 -0.020427592 -0.298371851 -0.015180901 0.020367274 0.999677300 15.113387108
0.999980152 0.003315117 0.005353145 0.150180548 -0.003197781 0.999757707 -0.021780778 -0.299609423 -0.005424051 0.021763222 0.999748468 15.248632431
0.999967813 0.001858750 -0.007805320 0.144133642 -0.002040431 0.999725699 -0.023333361 -0.303821892 0.007759808 0.023348534 0.999697208 15.397827148
0.999716103 0.000948741 -0.023807948 0.120027691 -0.001550980 0.999678969 -0.025290051 -0.306529701 0.023776315 0.025319796 0.999396622 15.553549767
0.999069035 0.001307176 -0.043120354 0.094768643 -0.002449888 0.999646962 -0.026458332 -0.307292283 0.043070547 0.026539339 0.998719454 15.729868889
0.997901797 0.002498652 -0.064697646 0.056519032 -0.004177426 0.999657810 -0.025825722 -0.315865725 0.064610973 0.026041802 0.997570693 15.896881104
0.996062934 0.002542214 -0.088612571 0.023873687 -0.004720549 0.999691606 -0.024381800 -0.322655350 0.088523269 0.024704110 0.995767713 16.106069565
0.993345678 0.003762174 -0.115109175 -0.026184678 -0.006449937 0.999714911 -0.022986144 -0.327238590 0.114989869 0.023575632 0.993086874 16.315713882
0.989389300 0.004726872 -0.145212010 -0.094227552 -0.007794855 0.999758065 -0.020565918 -0.337598830 0.145079672 0.021479601 0.989186764 16.544055939
0.983972609 0.004879973 -0.178252846 -0.169007063 -0.008073326 0.999819636 -0.017193774 -0.340173632 0.178136796 0.018357296 0.983834445 16.792621613
0.976590216 0.005935035 -0.215026200 -0.254527569 -0.008978048 0.999872923 -0.013177905 -0.347450256 0.214920640 0.014799929 0.976519346 17.035514832
0.966955781 0.007540525 -0.254832715 -0.359529734 -0.009907518 0.999918878 -0.008006110 -0.350019217 0.254751652 0.010266311 0.966951966 17.302526474
0.955218852 0.011513735 -0.295676231 -0.497944355 -0.013005635 0.999910593 -0.003079447 -0.354015589 0.295614362 0.006787002 0.955283225 17.576475143
0.941096246 0.014971552 -0.337807119 -0.637144566 -0.015454265 0.999879777 0.001260483 -0.356601298 0.337785423 0.004034325 0.941214502 17.848651886
0.924389005 0.017414540 -0.381053656 -0.785976410 -0.015863976 0.999848127 0.007210040 -0.362088263 0.381121278 -0.000619857 0.924524784 18.122325897
0.905019283 0.020899223 -0.424856842 -0.939210892 -0.016034955 0.999758601 0.015022079 -0.368314385 0.425068200 -0.006782711 0.905135870 18.389463425
0.883294344 0.025100702 -0.468146384 -1.118309021 -0.017081885 0.999625742 0.021367194 -0.364890635 0.468507469 -0.010876698 0.883392453 18.654174805
0.858499527 0.030745441 -0.511891901 -1.332543850 -0.020185944 0.999453545 0.026175480 -0.368724525 0.512416959 -0.012138616 0.858650982 18.937738419
0.830488443 0.033865057 -0.556005538 -1.558878422 -0.021009801 0.999344349 0.029486138 -0.364546955 0.556639612 -0.012806335 0.830655396 19.211002350
0.799467027 0.037840351 -0.599517107 -1.805215836 -0.023615738 0.999222279 0.031576943 -0.362566888 0.600245774 -0.011086678 0.799738765 19.475770950
0.765337646 0.040812511 -0.642333806 -2.073320389 -0.024030963 0.999103665 0.034848124 -0.356570721 0.643180251 -0.011234678 0.765632391 19.749227524
0.728284657 0.044762235 -0.683811307 -2.386677742 -0.025159936 0.998938203 0.038594142 -0.341797233 0.684812784 -0.010902866 0.728637516 20.031850815
0.689824581 0.044875912 -0.722584486 -2.720906258 -0.022395911 0.998922110 0.040657245 -0.314201772 0.723630190 -0.011863426 0.690086007 20.291143417
0.648611605 0.044653524 -0.759808540 -3.070269585 -0.019801954 0.998929560 0.041802559 -0.299192250 0.760861993 -0.012067929 0.648801684 20.552127838
0.606447518 0.043659829 -0.793924034 -3.455191612 -0.014229163 0.998927414 0.044064362 -0.288662910 0.794996262 -0.015425843 0.606418252 20.797666550
0.560901880 0.043565188 -0.826735318 -3.859965324 -0.009419443 0.998885632 0.046246067 -0.271494806 0.827828705 -0.018152118 0.560687184 21.052131653
0.514720142 0.045153249 -0.856168211 -4.288940430 -0.007420311 0.998809397 0.048214927 -0.250173867 0.857326210 -0.018464163 0.514442384 21.260910034
0.464651316 0.044664197 -0.884366632 -4.745492935 -0.006242267 0.998867512 0.047167245 -0.226688445 0.885471761 -0.016395869 0.464403898 21.459915161
0.412794918 0.044055261 -0.909757912 -5.230440140 -0.000233875 0.998834670 0.048262697 -0.213333905 0.910824001 -0.019709824 0.412324071 21.642814636
0.358136892 0.042888954 -0.932683527 -5.740010262 0.004696619 0.998848915 0.047734976 -0.187112451 0.933657289 -0.021476112 0.357523203 21.823667526
0.305057585 0.041812051 -0.951415539 -6.252640247 0.007266296 0.998904467 0.046228882 -0.163882375 0.952306211 -0.021015737 0.304419547 21.948524475
0.251626462 0.047567196 -0.966654778 -6.811974049 0.008425288 0.998645961 0.051334575 -0.134492636 0.967787802 -0.021061486 0.250885010 22.056999207
0.200390190 0.053000301 -0.978281558 -7.397572517 0.010638559 0.998359144 0.056267235 -0.108880937 0.979658425 -0.021682912 0.199497521 22.141244888
0.152329341 0.053856783 -0.986861229 -7.992726803 0.016612982 0.998233497 0.057041761 -0.080437064 0.988190174 -0.025083842 0.151165530 22.211479187
0.107856393 0.055263765 -0.992629230 -8.609520912 0.018752135 0.998163104 0.057609394 -0.057014644 0.993989646 -0.024827465 0.106621951 22.253326416
0.067766435 0.053493213 -0.996266127 -9.243649483 0.019060180 0.998309970 0.054899435 -0.027841508 0.997519195 -0.022709349 0.066632323 22.264177322
0.032136090 0.049170312 -0.998273253 -9.880002975 0.016737776 0.998622596 0.049726341 0.004969120 0.999343455 -0.018306883 0.031268824 22.260379791
0.003886707 0.048993144 -0.998791635 -10.556561470 0.014211176 0.998695552 0.049043734 0.042274475 0.999891460 -0.014384622 0.003185386 22.235616684
-0.017015196 0.053258702 -0.998435855 -11.260581017 0.013371298 0.998503208 0.053034432 0.072752893 0.999765813 -0.012447992 -0.017701864 22.204414368
-0.030355772 0.059273835 -0.997780085 -11.991552353 0.014994799 0.998154819 0.058839906 0.105837464 0.999426603 -0.013175380 -0.031188557 22.183582306
-0.038289525 0.061845243 -0.997350931 -12.734807014 0.014549422 0.998011649 0.061327647 0.141126275 0.999160707 -0.012162673 -0.039113205 22.145870209
-0.041677713 0.058966521 -0.997389555 -13.493162155 0.015321338 0.998177290 0.058372874 0.178615928 0.999013603 -0.012848494 -0.042505194 22.099201202
-0.041045547 0.055302624 -0.997625649 -14.291545868 0.022962060 0.998255551 0.054392811 0.213495255 0.998893380 -0.020674961 -0.042243809 22.076869965
-0.036580276 0.053668845 -0.997888565 -15.096625328 0.034790963 0.998019934 0.052400567 0.258382559 0.998724818 -0.032800678 -0.038375042 22.060773849
-0.031179238 0.053859603 -0.998061597 -15.929630280 0.035179358 0.997987568 0.052756619 0.295857251 0.998894453 -0.033466268 -0.033011239 22.040021896
-0.026192689 0.052691258 -0.998267233 -16.772882462 0.033228260 0.998103917 0.051810797 0.325553000 0.999104440 -0.031813618 -0.027893864 22.013139725
-0.023102764 0.046113279 -0.998668969 -17.654197693 0.037048884 0.998288929 0.045238659 0.368021131 0.999046326 -0.035954438 -0.024771679 22.004373550
-0.021355882 0.035353709 -0.999146581 -18.525003433 0.035051689 0.998786628 0.034591775 0.401301205 0.999157310 -0.034283038 -0.022569176 21.988039017
-0.020235164 0.026914846 -0.999432862 -19.422668457 0.027134765 0.999284148 0.026361452 0.428995401 0.999427021 -0.026585951 -0.020951007 21.943792343
-0.021684295 0.024073461 -0.999475002 -20.347164154 0.021600237 0.999487996 0.023605138 0.452148229 0.999531448 -0.021077039 -0.022193182 21.919466019
-0.025463488 0.030142624 -0.999221265 -21.293457031 0.012312889 0.999478936 0.029836627 0.473015666 0.999599874 -0.011543556 -0.025821364 21.874080658
-0.030110721 0.038340840 -0.998810947 -22.243629456 0.007417449 0.999245107 0.038133897 0.496824682 0.999519110 -0.006260391 -0.030372379 21.822380066
-0.034737501 0.047897827 -0.998247981 -23.260454178 0.005860188 0.998843431 0.047722466 0.531267166 0.999379277 -0.004192161 -0.034978010 21.784677505
-0.036439996 0.057997514 -0.997651517 -24.274496078 0.004494109 0.998313904 0.057871871 0.575063109 0.999325693 -0.002374704 -0.036639195 21.741947174
-0.037134796 0.065690920 -0.997148812 -25.295875549 0.006323698 0.997832477 0.065500461 0.623996913 0.999290228 -0.003873323 -0.037469711 21.698009491
-0.038920444 0.066332206 -0.997038245 -26.313316345 0.007501867 0.997785628 0.066089056 0.676786542 0.999214172 -0.004907432 -0.039331861 21.662027359
-0.040838312 0.063385986 -0.997153282 -27.332927704 0.006438729 0.997981668 0.063174963 0.732730746 0.999145031 -0.003840440 -0.041164014 21.617362976
-0.043503068 0.058763720 -0.997323632 -28.352485657 0.006189177 0.998265326 0.058549240 0.776013434 0.999034107 -0.003625541 -0.043791313 21.564565659
-0.047896363 0.053635377 -0.997411251 -29.373941422 0.006384394 0.998553336 0.053390201 0.821580172 0.998831868 -0.003810670 -0.048169497 21.507143021
-0.053551748 0.048965473 -0.997363806 -30.402978897 0.006135828 0.998794317 0.048706234 0.864077926 0.998546243 -0.003511349 -0.053787619 21.447774887
-0.060037643 0.047193632 -0.997079790 -31.428108215 0.005235417 0.998882890 0.046963725 0.903720140 0.998182416 -0.002400537 -0.060217652 21.366815567
-0.067281708 0.049611397 -0.996499836 -32.504432678 0.006154743 0.998764634 0.049308587 0.944386363 0.997715056 -0.002815635 -0.067503922 21.304367065
-0.073293716 0.054513823 -0.995819449 -33.574035645 0.004761435 0.998512685 0.054310814 0.986459076 0.997299016 -0.000760889 -0.073444284 21.212543488
-0.079700701 0.057460438 -0.995161355 -34.638668060 0.001963401 0.998344302 0.057486970 1.030877113 0.996816933 0.002627851 -0.079681560 21.122287750
-0.084252819 0.059560686 -0.994662762 -35.709415436 -0.001340384 0.998204350 0.059886288 1.081463099 0.996443510 0.006378819 -0.084021680 21.020792007
-0.086591475 0.060948227 -0.994377792 -36.786724091 -0.005766087 0.998079479 0.061677232 1.128502607 0.996227324 0.011074391 -0.086073741 20.908819199
-0.088796243 0.062156871 -0.994108498 -37.856815338 -0.009731842 0.997949243 0.063266285 1.183535099 0.996002257 0.015292316 -0.088009238 20.814943314
-0.089949019 0.061446965 -0.994048953 -38.936191559 -0.010858006 0.997975111 0.062672168 1.240401506 0.995887160 0.016430693 -0.089099690 20.700382233
-0.091173209 0.060764499 -0.993979394 -40.018913269 -0.011811851 0.998000443 0.062093757 1.288775921 0.995764971 0.017402027 -0.090273157 20.589014053
-0.092553355 0.059929762 -0.993902504 -41.105731964 -0.012532408 0.998037934 0.061346140 1.344205379 0.995628774 0.018133784 -0.091620691 20.484432220
-0.093162097 0.059151836 -0.993892312 -42.192035675 -0.015379854 0.998028994 0.060839668 1.396032572 0.995532155 0.020953868 -0.092068732 20.371536255
-0.094135866 0.056446902 -0.993957877 -43.274787903 -0.019784361 0.998088062 0.058555208 1.448466063 0.995362818 0.025176965 -0.092839129 20.260211945
-0.094522633 0.051842418 -0.994171917 -44.382938385 -0.024655445 0.998214841 0.054397408 1.488386869 0.995217264 0.029653538 -0.093075715 20.145519257
-0.093499370 0.050882872 -0.994318247 -45.485763550 -0.026544826 0.998210788 0.053578172 1.543861151 0.995265365 0.031403530 -0.091981404 20.030904770
-0.091861412 0.055244274 -0.994238198 -46.594207764 -0.027518308 0.997937620 0.057992354 1.588077188 0.995391488 0.032687012 -0.090151742 19.926311493
-0.090193160 0.058704536 -0.994192600 -47.706272125 -0.027170297 0.997744620 0.061379164 1.630515575 0.995553613 0.032548491 -0.088394724 19.825464249
-0.088958211 0.058447748 -0.994319022 -48.810844421 -0.025139784 0.997826993 0.060903125 1.685027838 0.995718122 0.030414803 -0.087295555 19.725412369
-0.085985303 0.057346463 -0.994644523 -49.930988312 -0.024938548 0.997905314 0.059690356 1.740904450 0.995984197 0.029937487 -0.084375046 19.618217468
-0.082125433 0.057655469 -0.994952857 -51.072174072 -0.029236555 0.997756183 0.060231164 1.798119903 0.996192992 0.034035515 -0.080255508 19.519706726
-0.076157376 0.058250796 -0.995392799 -52.200733185 -0.034450907 0.997542202 0.061012417 1.856694579 0.996500373 0.038938742 -0.073963404 19.416107178
-0.069811210 0.057960030 -0.995874941 -53.324592590 -0.038343910 0.997416973 0.060737692 1.908376932 0.996823072 0.042425912 -0.067408450 19.318271637
-0.064522520 0.056820937 -0.996297359 -54.478649139 -0.040123977 0.997422576 0.059483644 1.971645832 0.997109234 0.043813441 -0.062076353 19.240091324
-0.058997247 0.055740982 -0.996700704 -55.613861084 -0.039795827 0.997514844 0.058142129 2.029530525 0.997464597 0.043094754 -0.056632373 19.173231125
-0.053405222 0.055344939 -0.997038007 -56.764179230 -0.038391653 0.997610927 0.057433147 2.085074425 0.997834742 0.041345164 -0.051152840 19.102121353
-0.047744803 0.056235962 -0.997275233 -57.900455475 -0.037293993 0.997617424 0.058040708 2.132756233 0.998163104 0.039963514 -0.045533776 19.042497635
-0.042028103 0.057884466 -0.997438192 -59.067558289 -0.036308963 0.997572303 0.059422169 2.182366133 0.998456478 0.038713336 -0.039824363 18.993696213
-0.036440581 0.059083771 -0.997587621 -60.222843170 -0.036855474 0.997492254 0.060424380 2.236481428 0.998655975 0.038968462 -0.034171633 18.948734283
-0.031435147 0.058231153 -0.997808039 -61.383777618 -0.036446635 0.997570693 0.059365526 2.288323879 0.998841107 0.038232904 -0.029236451 18.912477493
-0.027056418 0.054040756 -0.998172104 -62.548084259 -0.036272321 0.997826993 0.055005275 2.332203388 0.998975635 0.037694264 -0.025037445 18.883562088
-0.022822881 0.048734602 -0.998550951 -63.701995850 -0.036258940 0.998113751 0.049541999 2.378088951 0.999081850 0.037337083 -0.021012766 18.858526230
-0.018672068 0.048561808 -0.998645663 -64.891227722 -0.035809796 0.998146415 0.049207084 2.417605877 0.999184191 0.036680095 -0.016898474 18.818199158
-0.016090296 0.051041011 -0.998566926 -66.070419312 -0.035002675 0.998055339 0.051578876 2.453404903 0.999257684 0.035782438 -0.014272436 18.814058304
-0.013365672 0.050789900 -0.998619914 -67.237152100 -0.035658751 0.998049676 0.051238157 2.498590469 0.999274671 0.036294371 -0.011528501 18.783498764
-0.012847029 0.050412275 -0.998645842 -68.404098511 -0.037640218 0.997996032 0.050863698 2.547066212 0.999208748 0.038242687 -0.010923756 18.767734528
-0.012297820 0.051504519 -0.998597026 -69.584762573 -0.038058408 0.997924805 0.051938549 2.584918737 0.999199808 0.038643748 -0.010312120 18.749977112
-0.010642124 0.051014129 -0.998641253 -70.764289856 -0.038736302 0.997927189 0.051390443 2.628424644 0.999192834 0.039230578 -0.008643966 18.724870682
-0.009582238 0.049237620 -0.998741090 -71.931472778 -0.039080106 0.998005450 0.049576301 2.666146517 0.999190092 0.039505966 -0.007638914 18.705507278
-0.009606661 0.048115835 -0.998795569 -73.130584717 -0.037220616 0.998132288 0.048441879 2.707665920 0.999260902 0.037641149 -0.007797817 18.702821732
-0.008762890 0.047592387 -0.998828411 -74.317802429 -0.034118325 0.998270988 0.047865152 2.752285957 0.999379456 0.034497786 -0.007123965 18.686689377
-0.008848844 0.048835702 -0.998767495 -75.502151489 -0.031771284 0.998288751 0.049093775 2.786676168 0.999455929 0.032166556 -0.007282130 18.677219391
-0.008622599 0.051585771 -0.998631299 -76.688301086 -0.031447381 0.998160541 0.051832981 2.828199863 0.999468267 0.031851269 -0.006984502 18.661191940
-0.008655502 0.055175461 -0.998439133 -77.871246338 -0.033489976 0.997900426 0.055436008 2.869850636 0.999401569 0.033917524 -0.006789505 18.650537491
-0.007883158 0.055439427 -0.998430908 -79.051948547 -0.035648059 0.997811735 0.055686507 2.913883209 0.999333262 0.036031101 -0.005889600 18.631410599
-0.008046187 0.053114086 -0.998556018 -80.241386414 -0.036896206 0.997892737 0.053376101 2.958750963 0.999286652 0.037272401 -0.006069524 18.622348785
-0.007563682 0.050512500 -0.998694777 -81.423683167 -0.036647119 0.998038471 0.050756849 3.006921530 0.999299645 0.036983196 -0.005697709 18.605302811
-0.007493605 0.050062925 -0.998717904 -82.608955383 -0.034397967 0.998142123 0.050292145 3.045608044 0.999380112 0.034730732 -0.005757620 18.589036942
-0.007669705 0.051278833 -0.998654842 -83.783905029 -0.033064250 0.998125196 0.051505569 3.088842630 0.999423802 0.033414796 -0.005959830 18.584091187
-0.007275110 0.054414846 -0.998491883 -84.966255188 -0.032115594 0.997990549 0.054621529 3.126911879 0.999457657 0.032464545 -0.005512924 18.568817139
-0.006436907 0.056748267 -0.998367727 -86.141082764 -0.032698229 0.997842610 0.056929242 3.171445370 0.999444485 0.033011299 -0.004567452 18.554908752
-0.006333344 0.057069048 -0.998350143 -87.312576294 -0.033947114 0.997782469 0.057251953 3.213000536 0.999403417 0.034253698 -0.004381971 18.538803101
-0.006266980 0.054869931 -0.998473823 -88.484825134 -0.033721291 0.997913957 0.055050824 3.259506941 0.999411643 0.034014829 -0.004403622 18.528360367
-0.006051433 0.053236537 -0.998563647 -89.655548096 -0.032226250 0.998052835 0.053404607 3.307674885 0.999462306 0.032503132 -0.004324036 18.520687103
-0.006283029 0.054492030 -0.998494387 -90.822967529 -0.030001685 0.998054385 0.054656804 3.346657753 0.999530077 0.030299926 -0.004635952 18.515073776
-0.005527149 0.057513807 -0.998329401 -91.994949341 -0.028458409 0.997931242 0.057648428 3.395364523 0.999579668 0.028729495 -0.003878964 18.496131897
-0.005875204 0.059804063 -0.998192847 -93.164260864 -0.027104115 0.997833848 0.059942082 3.441645145 0.999615252 0.027407305 -0.004241541 18.490571976
-0.005167814 0.061509419 -0.998093069 -94.326797485 -0.028252307 0.997698963 0.061631419 3.498018503 0.999587476 0.028516930 -0.003418139 18.472724915
-0.004653322 0.063840270 -0.997949302 -95.489219666 -0.030529501 0.997485757 0.063952968 3.540151119 0.999522984 0.030764489 -0.002692610 18.464282990
-0.004483071 0.062864028 -0.998012066 -96.651596069 -0.032418877 0.997488260 0.062976673 3.594639778 0.999464333 0.032636758 -0.002433829 18.450748444
-0.004569200 0.058838237 -0.998257101 -97.804992676 -0.035124131 0.997642040 0.058962751 3.643845797 0.999372482 0.035332333 -0.002491784 18.430322647
-0.003534852 0.057300717 -0.998350680 -98.975761414 -0.036219332 0.997694552 0.057391290 3.694294453 0.999337614 0.036362473 -0.001451308 18.417387009
-0.003421098 0.055518921 -0.998451710 -100.144302368 -0.036138076 0.997798562 0.055606425 3.745213509 0.999341011 0.036272362 -0.001407220 18.407642365
-0.002854670 0.056128353 -0.998419464 -101.311019897 -0.035059277 0.997804165 0.056194004 3.791408777 0.999381125 0.035164274 -0.000880582 18.399787903
-0.003340385 0.058114707 -0.998304307 -102.469146729 -0.035203468 0.997684240 0.058196399 3.836657047 0.999374568 0.035338163 -0.001286810 18.398321152
-0.003485170 0.060074478 -0.998187780 -103.636589050 -0.033652097 0.997621417 0.060157884 3.886987686 0.999427557 0.033800770 -0.001455248 18.396631241
-0.003860898 0.059094157 -0.998244941 -104.798011780 -0.037604544 0.997537732 0.059197728 3.940109730 0.999285221 0.037767101 -0.001629183 18.378795624
-0.004121309 0.060283735 -0.998172760 -105.968582153 -0.040991921 0.997332036 0.060402211 3.995629549 0.999150932 0.041165948 -0.001639168 18.366657257
-0.004044054 0.059681978 -0.998209298 -107.142219543 -0.044901084 0.997199774 0.059803531 4.045768738 0.998983264 0.045062520 -0.001352945 18.338602066
-0.004639424 0.055638816 -0.998440206 -108.321083069 -0.046179600 0.997373819 0.055793963 4.099258423 0.998922348 0.046366423 -0.002057862 18.336339951
-0.005284870 0.051774304 -0.998644769 -109.492416382 -0.045990761 0.997589350 0.051962975 4.147612572 0.998927891 0.046203054 -0.002890992 18.322383881
-0.006147480 0.050933253 -0.998683155 -110.693725586 -0.042261194 0.997796476 0.051148169 4.193872929 0.999087632 0.042519987 -0.003981434 18.311813354
-0.006531628 0.050356645 -0.998709977 -111.902069092 -0.038164474 0.997991085 0.050569996 4.240152836 0.999250054 0.038445551 -0.004596672 18.307888031
-0.006919637 0.052158862 -0.998614848 -113.115104675 -0.036997262 0.997941673 0.052380070 4.289522171 0.999291420 0.037308466 -0.004975657 18.296022415
-0.008020876 0.055886477 -0.998404920 -114.322525024 -0.036133956 0.997768760 0.056141157 4.338818550 0.999314725 0.036526624 -0.005983579 18.283031464
-0.008389716 0.056509659 -0.998366773 -115.562362671 -0.034522470 0.997790396 0.056767140 4.386566162 0.999368727 0.034942348 -0.006420324 18.268764496
-0.008668578 0.052132443 -0.998602569 -116.796630859 -0.034304339 0.998036742 0.052400690 4.429960728 0.999373794 0.034710638 -0.006863190 18.257995605
-0.010236204 0.048540413 -0.998768747 -118.032943726 -0.034543034 0.998207808 0.048867170 4.477403641 0.999350786 0.035000715 -0.008541124 18.246896744
-0.010378617 0.047159217 -0.998833477 -119.279296875 -0.033809882 0.998299599 0.047485318 4.521407604 0.999374390 0.034263276 -0.008766524 18.220033646
-0.010892089 0.047902144 -0.998792648 -120.513809204 -0.035459913 0.998205125 0.048260670 4.573130608 0.999311686 0.035942756 -0.009173932 18.201534271
-0.011126948 0.052648544 -0.998551130 -121.782447815 -0.039995108 0.997790337 0.053054113 4.621802330 0.999137878 0.040527485 -0.008996678 18.171649933
-0.011118986 0.056150571 -0.998360455 -123.053962708 -0.045676205 0.997351468 0.056602530 4.666866302 0.998894393 0.046230674 -0.008524792 18.134965897
-0.011698732 0.055804800 -0.998373151 -124.298736572 -0.053043671 0.997000992 0.056349657 4.722617149 0.998523653 0.053616602 -0.008703554 18.114326477
-0.011555916 0.053615928 -0.998494744 -125.569366455 -0.055840202 0.996968508 0.054180238 4.776070595 0.998372853 0.056382246 -0.008526960 18.083751678
-0.011907754 0.052286491 -0.998561144 -126.838653564 -0.058952354 0.996858180 0.052900322 4.831749916 0.998189688 0.059497453 -0.008787929 18.064846039
-0.012400220 0.052041233 -0.998567939 -128.102416992 -0.058559667 0.996892929 0.052681122 4.864508152 0.998206913 0.059129070 -0.009314172 18.039808273
-0.013400783 0.051225420 -0.998597205 -129.361511230 -0.056218851 0.997068524 0.051901441 4.909090042 0.998328507 0.056835514 -0.010481665 18.026899338
-0.013313824 0.051672228 -0.998575270 -130.631347656 -0.056441434 0.997032762 0.052344926 4.960000992 0.998317122 0.057057936 -0.010357864 18.000719070
-0.013985901 0.056666613 -0.998295069 -131.911392212 -0.056363028 0.996760786 0.057369146 5.011943340 0.998312354 0.057069302 -0.010746694 17.971870422
-0.014514660 0.060963854 -0.998034418 -133.165496826 -0.055083103 0.996575117 0.061675802 5.060168266 0.998376250 0.055870038 -0.011106870 17.956443787
-0.014656440 0.059782308 -0.998103797 -134.419952393 -0.055658933 0.996614575 0.060510416 5.115140915 0.998342276 0.056440257 -0.011279400 17.933519363
-0.013551499 0.058160949 -0.998215258 -135.678543091 -0.055383105 0.996730745 0.058826327 5.170878887 0.998373330 0.056081444 -0.010286059 17.909961700
-0.012431159 0.057733707 -0.998254657 -136.927108765 -0.054467577 0.996810496 0.058328461 5.223448753 0.998438179 0.055097602 -0.009246894 17.887882233
-0.011924443 0.056740463 -0.998317838 -138.175064087 -0.054290302 0.996879339 0.057307180 5.273634911 0.998453975 0.054882329 -0.008806776 17.876075745
-0.010723428 0.059184682 -0.998189449 -139.432876587 -0.055035390 0.996698797 0.059687521 5.320282936 0.998426795 0.055575803 -0.007430776 17.853479385
-0.009914878 0.062803432 -0.997976661 -140.680923462 -0.056018297 0.996423423 0.063262232 5.375138283 0.998380542 0.056532186 -0.006361277 17.832746506
-0.008525245 0.063457333 -0.997948170 -141.929565430 -0.057852931 0.996281505 0.063845582 5.438188076 0.998288631 0.058278523 -0.004822352 17.810504913
-0.007577954 0.060996994 -0.998109102 -143.195587158 -0.059824832 0.996322274 0.061342005 5.491177559 0.998180270 0.060176559 -0.003900951 17.797765732
-0.007900479 0.057860065 -0.998293340 -144.438034058 -0.058380652 0.996595085 0.058223650 5.547629833 0.998263180 0.058741014 -0.004495671 17.789255142
-0.007529335 0.056504909 -0.998373926 -145.681625366 -0.055622425 0.996832848 0.056837175 5.592255592 0.998423457 0.055959918 -0.004362548 17.778451920
-0.008248706 0.055911031 -0.998401701 -146.909240723 -0.053844661 0.996962368 0.056275282 5.639780045 0.998515189 0.054222792 -0.005213140 17.772726059
-0.007944068 0.056766696 -0.998355865 -148.139770508 -0.051426116 0.997042954 0.057101242 5.677483082 0.998645186 0.051795181 -0.005001287 17.755853653
-0.008398899 0.055004042 -0.998450816 -149.380294800 -0.049913924 0.997218311 0.055356007 5.740128517 0.998718202 0.050301518 -0.005630069 17.750757217
-0.008028070 0.055008754 -0.998453677 -150.624099731 -0.048896827 0.997269809 0.055336688 5.792555332 0.998771548 0.049265463 -0.005316398 17.732713699
-0.008491805 0.057357423 -0.998317540 -151.854690552 -0.046989404 0.997227788 0.057694506 5.847249031 0.998859227 0.047400281 -0.005773073 17.725496292
-0.008414089 0.058671683 -0.998241901 -153.095489502 -0.044717986 0.997256458 0.058990687 5.902518272 0.998964131 0.045135722 -0.005767325 17.707126617
-0.008275795 0.057181269 -0.998329520 -154.322555542 -0.042509820 0.997441053 0.057482768 5.953894615 0.999061763 0.042914525 -0.005823854 17.689619064
-0.009293997 0.057632592 -0.998294592 -155.555847168 -0.043074001 0.997387946 0.057981279 6.001736641 0.999028623 0.043539420 -0.006787254 17.680505753
-0.009274411 0.062258579 -0.998016953 -156.785995483 -0.043900900 0.997072160 0.062607609 6.058049202 0.998992860 0.044394489 -0.006514051 17.665504456
-0.008677968 0.069079779 -0.997573376 -158.019271851 -0.049007643 0.996382833 0.069423661 6.110467911 0.998760700 0.049491171 -0.005261140 17.645477295
-0.007499517 0.069201134 -0.997574568 -159.274887085 -0.053312153 0.996156156 0.069503531 6.171432495 0.998549759 0.053704079 -0.003781428 17.623939514
-0.006390277 0.064884305 -0.997872293 -160.502365112 -0.057042062 0.996244252 0.065143734 6.239067078 0.998351395 0.057336971 -0.002665141 17.602529526
-0.004317828 0.060154989 -0.998179674 -161.727249146 -0.059054907 0.996431530 0.060305089 6.284906387 0.998245418 0.059207790 -0.000749972 17.583786011
-0.004071098 0.058818772 -0.998260319 -162.947128296 -0.061700903 0.996351898 0.058957942 6.337187767 0.998086333 0.061833601 -0.000427075 17.575489044
-0.002514730 0.055454489 -0.998457968 -164.155288696 -0.056945723 0.996833026 0.055507656 6.383422852 0.998374104 0.056997504 0.000651129 17.578294754
-0.002168752 0.050679348 -0.998712540 -165.369567871 -0.053926319 0.997255802 0.050722532 6.436354160 0.998542607 0.053966902 0.000570150 17.569131851
-0.002624379 0.047313545 -0.998876512 -166.609497070 -0.047987532 0.997723341 0.047384996 6.480421543 0.998844445 0.048057985 -0.000347943 17.569150925
-0.003496167 0.050084714 -0.998738825 -167.839874268 -0.045577507 0.997699082 0.050192118 6.528789997 0.998954654 0.045695513 -0.001205386 17.562177658
-0.003127876 0.056727380 -0.998384774 -169.075744629 -0.046023868 0.997323573 0.056811273 6.571389675 0.998935521 0.046127230 -0.000508692 17.554498672
-0.001417970 0.060051352 -0.998194218 -170.289581299 -0.047393251 0.997069597 0.060051009 6.617924690 0.998875320 0.047392815 0.001432214 17.547079086
0.000195516 0.056420118 -0.998407006 -171.504180908 -0.048292682 0.997242749 0.056344863 6.673458099 0.998833239 0.048204735 0.002919656 17.540077209
0.000704033 0.056878954 -0.998380780 -172.727661133 -0.050220285 0.997123361 0.056771897 6.722630501 0.998737931 0.050098997 0.003558485 17.540676117
0.001955591 0.058020551 -0.998313487 -173.936218262 -0.049091429 0.997117281 0.057854857 6.768840790 0.998792291 0.048895501 0.004798265 17.533258438
0.002413976 0.055639073 -0.998447955 -175.140502930 -0.048797544 0.997268021 0.055455338 6.821933270 0.998805821 0.048587941 0.005122430 17.536046982
0.004492629 0.054205924 -0.998519659 -176.347503662 -0.049438484 0.997320652 0.053918388 6.868735313 0.998767018 0.049123056 0.007160450 17.528150558
0.005548481 0.055952005 -0.998418033 -177.511703491 -0.050404586 0.997179866 0.055602502 6.912199020 0.998713493 0.050016340 0.008353071 17.540988922
0.007493561 0.058019884 -0.998287261 -178.626907349 -0.050654072 0.997055650 0.057568073 6.945365906 0.998688161 0.050135922 0.010410441 17.528713226
0.007993973 0.059440982 -0.998199821 -179.716369629 -0.051751066 0.996918559 0.058950245 6.981236458 0.998628080 0.051186655 0.011045475 17.531551361
0.008390570 0.060947478 -0.998105824 -180.801391602 -0.052048322 0.996814430 0.060431093 7.012960434 0.998609304 0.051442675 0.011536054 17.527503967
0.008006630 0.061653014 -0.998065591 -181.852890015 -0.051316086 0.996807694 0.061163649 7.055016518 0.998650372 0.050727099 0.011144861 17.537939072
0.008883053 0.060966857 -0.998100281 -182.880706787 -0.051966481 0.996819019 0.060426086 7.091723442 0.998609424 0.051330991 0.012023027 17.533605576
0.010251073 0.061085347 -0.998079836 -183.854980469 -0.052680723 0.996779203 0.060464665 7.124554157 0.998558819 0.051959738 0.013436075 17.541530609
0.011495764 0.061798405 -0.998022556 -184.821166992 -0.053329650 0.996705770 0.061102603 7.160038948 0.998510718 0.052521769 0.014753583 17.551815033
0.011339996 0.060351003 -0.998112798 -185.758438110 -0.052038811 0.996859908 0.059684008 7.191372871 0.998580575 0.051263787 0.014444981 17.553913116
0.007799781 0.057145569 -0.998335302 -186.695983887 -0.049514946 0.997163057 0.056691620 7.225169182 0.998742878 0.048990339 0.010607214 17.563161850
0.002690477 0.053503275 -0.998564065 -187.619781494 -0.049319383 0.997359455 0.053305857 7.258751869 0.998779416 0.049105145 0.005322122 17.564008713
-0.002086069 0.050599210 -0.998716831 -188.545639038 -0.051022742 0.997412741 0.050639708 7.291588306 0.998695314 0.051062915 0.000501036 17.549945831
-0.005727484 0.049821127 -0.998741746 -189.481842041 -0.053003505 0.997338951 0.050055124 7.323815346 0.998577893 0.053223498 -0.003071548 17.536350250
-0.008410800 0.050756387 -0.998675644 -190.400329590 -0.054928947 0.997179568 0.051142961 7.350838661 0.998454869 0.055286344 -0.005599085 17.514595032
-0.010160542 0.052122995 -0.998588979 -191.327133179 -0.053702790 0.997170925 0.052595388 7.388166428 0.998505294 0.054161407 -0.007332646 17.496549606
-0.012330479 0.053841688 -0.998473465 -192.247299194 -0.050301023 0.997251630 0.054396998 7.415661812 0.998657942 0.050894976 -0.009588300 17.500745773
-0.013562961 0.053993072 -0.998449147 -193.163619995 -0.048816577 0.997314692 0.054594845 7.452780724 0.998715639 0.049481343 -0.010890783 17.482616425
-0.014415709 0.052835617 -0.998499155 -194.066421509 -0.049450599 0.997343302 0.053488385 7.487412453 0.998672545 0.050147459 -0.011764660 17.463401794
-0.015097557 0.051855806 -0.998540342 -194.979522705 -0.051192794 0.997304440 0.052565623 7.515556335 0.998574674 0.051911686 -0.012402218 17.438863754
-0.015240623 0.051731173 -0.998544753 -195.887832642 -0.054562137 0.997129619 0.052490644 7.540726662 0.998394191 0.055282716 -0.012374313 17.424743652
-0.014723827 0.049484201 -0.998666406 -196.804306030 -0.057265375 0.997093439 0.050250556 7.578879356 0.998250365 0.057928883 -0.011847300 17.407119751
-0.013689924 0.047271859 -0.998788178 -197.714202881 -0.057280723 0.997204423 0.047982015 7.603426456 0.998264313 0.057868179 -0.010943884 17.390747070
-0.012748866 0.044659574 -0.998920858 -198.640884399 -0.057327662 0.997326195 0.045319926 7.633533001 0.998273969 0.057843573 -0.010154551 17.364118576
-0.011826469 0.044231284 -0.998951256 -199.553466797 -0.056970965 0.997368574 0.044835676 7.662780762 0.998305798 0.057441469 -0.009275450 17.352092743
-0.011842185 0.046927683 -0.998828113 -200.484680176 -0.054526810 0.997381568 0.047506202 7.691919327 0.998442113 0.055025484 -0.009252362 17.347259521
-0.011707444 0.048209079 -0.998768628 -201.426055908 -0.053770259 0.997361600 0.048771452 7.720417976 0.998484612 0.054275040 -0.009084341 17.330589294
-0.010520143 0.044495311 -0.998954177 -202.349288940 -0.048861653 0.997793198 0.044958167 7.751095772 0.998750150 0.049283523 -0.008322812 17.319911957
-0.010186384 0.041504368 -0.999086380 -203.284637451 -0.047528923 0.997988880 0.041943364 7.780865192 0.998818040 0.047912747 -0.008193241 17.309583664
-0.010033954 0.042068295 -0.999064267 -204.226593018 -0.052168265 0.997731984 0.042536139 7.812505722 0.998587847 0.052546263 -0.007816566 17.292314529
-0.008456729 0.045862172 -0.998911977 -205.172760010 -0.052949525 0.997525811 0.046246793 7.843460083 0.998561382 0.053283021 -0.006007425 17.278905869
-0.006081756 0.045530006 -0.998944402 -206.155853271 -0.050865430 0.997655630 0.045780942 7.877516747 0.998686969 0.051090177 -0.003751594 17.264741898
-0.003900575 0.046581823 -0.998906851 -207.117141724 -0.049721930 0.997669816 0.046718296 7.918041706 0.998755515 0.049849801 -0.001575348 17.259069443
-0.002497711 0.050881717 -0.998701513 -208.087219238 -0.050669968 0.997415304 0.050942913 7.957224846 0.998712242 0.050731421 0.000086920 17.254981995
-0.000990529 0.055097107 -0.998480499 -209.088577271 -0.047745742 0.997339785 0.055081528 7.991265297 0.998859048 0.047727752 0.001642759 17.259178162
0.000320521 0.055357084 -0.998466611 -210.078094482 -0.047372945 0.997346461 0.055279788 8.035434723 0.998877168 0.047282577 0.002942100 17.255527496
0.001982870 0.056315418 -0.998411059 -211.090988159 -0.050586943 0.997140348 0.056143280 8.078180313 0.998717725 0.050395228 0.004826025 17.256778717
0.005197313 0.058136921 -0.998295188 -212.125701904 -0.052902468 0.996926546 0.057781812 8.124354362 0.998586178 0.052511964 0.008256924 17.250095367
0.008447189 0.058280107 -0.998264492 -213.152145386 -0.053961348 0.996872008 0.057742201 8.171904564 0.998507321 0.053379934 0.011565641 17.260799408
0.011388069 0.055703033 -0.998382330 -214.178283691 -0.056756526 0.996873498 0.054971442 8.214539528 0.998323143 0.056038696 0.014513973 17.261297226
