1.000000000 0.000000000 0.000000000 0.000000000 0.000000000 1.000000000 0.000000000 0.000000000 0.000000000 0.000000000 1.000000000 0.000000000
0.999933898 -0.002501600 0.011222467 0.015913015 0.002490144 0.999996364 0.001034650 -0.004032784 -0.011225015 -0.001006636 0.999936461 0.295623124
0.999828279 -0.004507548 0.017973404 0.025574345 0.004486816 0.999989212 0.001193659 -0.008719604 -0.017978592 -0.001112810 0.999837756 0.582329988
0.999776781 -0.007397072 0.019790044 0.037810668 0.007399214 0.999972641 -0.000034986 -0.011881454 -0.019789243 0.000181409 0.999804139 0.886316359
0.999817789 -0.008703954 0.016989326 0.054470569 0.008736036 0.999960184 -0.001815067 -0.009047224 -0.016972853 0.001963156 0.999854028 1.204506040
0.999877095 -0.011475679 0.010678191 0.053059161 0.011513587 0.999927580 -0.003495430 -0.009194100 -0.010637305 0.003617945 0.999936819 1.524540305
0.999911726 -0.013177605 -0.001679390 0.048734881 0.013168457 0.999898911 -0.005346994 -0.012930289 0.001749681 0.005324407 0.999984324 1.851652265
0.999754846 -0.012394434 -0.018342540 0.028795172 0.012293844 0.999908745 -0.005586553 -0.018967832 0.018410111 0.005359684 0.999816179 2.187785625
0.999248564 -0.008061090 -0.037911642 -0.002250075 0.007857835 0.999953926 -0.005507297 -0.023230545 0.037954293 0.005205255 0.999265909 2.533505678
0.998323917 -0.004479227 -0.057700191 -0.038896546 0.004090656 0.999968112 -0.006850671 -0.028713256 0.057729032 0.006603157 0.998310447 2.882035732
0.996932924 -0.004184251 -0.078148708 -0.077958107 0.003628486 0.999967217 -0.007252269 -0.032061562 0.078176484 0.006946465 0.996915340 3.245913029
0.995015860 -0.005675865 -0.099555805 -0.122837976 0.004990352 0.999962032 -0.007133388 -0.032128397 0.099592514 0.006601015 0.995006442 3.619915009
0.992882848 -0.007437688 -0.118862487 -0.184968144 0.006776730 0.999959230 -0.005963916 -0.041937359 0.118902005 0.005115970 0.992892742 4.009574413
0.990624309 -0.006206736 -0.136473164 -0.261154056 0.005458674 0.999967992 -0.005854931 -0.040802307 0.136505127 0.005055075 0.990626514 4.408360004
0.988225520 -0.005185889 -0.152916551 -0.328284860 0.004532305 0.999978960 -0.004622396 -0.054204267 0.152937308 0.003874905 0.988228381 4.816495895
0.985982537 -0.004460249 -0.166788504 -0.407015622 0.003651839 0.999979973 -0.005153290 -0.057782374 0.166808143 0.004471970 0.985979259 5.241644859
0.983972728 -0.006054370 -0.178216323 -0.499217808 0.005149003 0.999971330 -0.005542241 -0.068991788 0.178244784 0.004535777 0.983975649 5.667775154
0.982173383 -0.009810081 -0.187721059 -0.590684175 0.008450061 0.999931931 -0.008043781 -0.073570646 0.187787160 0.006314133 0.982189357 6.116608143
0.980549395 -0.008971704 -0.196067125 -0.684206784 0.007182668 0.999925852 -0.009833761 -0.080756031 0.196140796 0.008234203 0.980541110 6.579708099
0.978990972 -0.008653369 -0.203719929 -0.791288793 0.006372991 0.999909520 -0.011847074 -0.085307464 0.203804001 0.010299872 0.978957474 7.052643299
0.977289140 -0.010105576 -0.211669177 -0.894411683 0.007291107 0.999874353 -0.014072850 -0.102522209 0.211784825 0.012209943 0.977239966 7.518249512
0.975447476 -0.014156382 -0.219777018 -1.003342867 0.010924708 0.999813735 -0.015912794 -0.110430010 0.219961330 0.013121094 0.975420356 8.016331673
0.973553240 -0.020243617 -0.227561846 -1.118659019 0.016675301 0.999706268 -0.017592480 -0.121597156 0.227851138 0.013332554 0.973604679 8.527563095
0.971502602 -0.020961814 -0.236100167 -1.245253801 0.016829871 0.999668121 -0.019502714 -0.139866039 0.236430660 0.014973406 0.971533000 9.045942307
0.969387054 -0.017023334 -0.244946569 -1.394371033 0.011427674 0.999640584 -0.024247644 -0.146385521 0.245271340 0.020706184 0.969233274 9.575167656
0.967282832 -0.013764087 -0.253326923 -1.556090951 0.007048025 0.999599636 -0.027399937 -0.163924426 0.253602684 0.024718033 0.966992617 10.112397194
0.964923263 -0.016529940 -0.262011170 -1.707205415 0.009325530 0.999544024 -0.028716259 -0.187448710 0.262366414 0.025265595 0.964637518 10.683951378
0.962507069 -0.019558791 -0.270550609 -1.869766355 0.011592270 0.999451756 -0.031012397 -0.206100777 0.271008909 0.026713355 0.962206066 11.255902290
0.960311353 -0.019012224 -0.278281450 -2.046047926 0.010218894 0.999402583 -0.033015292 -0.232645944 0.278742909 0.028861232 0.959931970 11.826957703
0.957953274 -0.017957957 -0.286361724 -2.236341000 0.007673908 0.999285877 -0.036994778 -0.257138133 0.286821634 0.033241749 0.957407117 12.416009903
0.955546439 -0.018952336 -0.294231236 -2.416574001 0.006814853 0.999085009 -0.042222206 -0.284601301 0.294762194 0.038340125 0.954801202 13.013167381
0.953734279 -0.020330233 -0.299962789 -2.613479614 0.005637687 0.998745024 -0.049765706 -0.317070633 0.300598085 0.045772161 0.952651978 13.622912407
0.952478766 -0.020846901 -0.303890914 -2.822837114 0.003341023 0.998310268 -0.058012344 -0.354178190 0.304586798 0.054240212 0.950939000 14.231365204
0.951262772 -0.020697027 -0.307686150 -3.032542944 0.000222633 0.997790992 -0.066429794 -0.395163119 0.308381349 0.063123688 0.949166059 14.848463058
0.949812949 -0.019961849 -0.312180966 -3.250771046 -0.003795553 0.997152984 -0.075309172 -0.444544077 0.312795430 0.072714515 0.947032988 15.490212440
0.948551893 -0.019848185 -0.315998882 -3.478263378 -0.006535559 0.996593118 -0.082215101 -0.499435425 0.316554129 0.080050528 0.945190668 16.120904922
0.947026610 -0.017552899 -0.320675015 -3.713737011 -0.011635609 0.995974422 -0.088879623 -0.555694699 0.320944250 0.087902606 0.943010151 16.778194427
0.945461750 -0.016613180 -0.325309306 -3.959793329 -0.015118546 0.995384097 -0.094772890 -0.621038437 0.325382233 0.094522335 0.940846443 17.447216034
0.943782330 -0.014371777 -0.330255091 -4.210553169 -0.019920414 0.994766235 -0.100216731 -0.694465637 0.329966933 0.101161599 0.938556373 18.123294830
0.941912591 -0.012287130 -0.335633278 -4.458147526 -0.023775218 0.994384170 -0.103125364 -0.766708493 0.335015595 0.105114833 0.936330855 18.816726685
0.940185308 -0.011376305 -0.340473235 -4.727590561 -0.025876697 0.994169831 -0.104674533 -0.844297051 0.339679003 0.107223794 0.934409618 19.518211365
0.937916875 -0.011066434 -0.346683562 -4.998093605 -0.026623007 0.994245708 -0.103762984 -0.926473141 0.345836937 0.106550820 0.932225227 20.217996597
0.935553491 -0.011379337 -0.353001773 -5.262660027 -0.026426289 0.994423747 -0.102093235 -1.009232640 0.352195024 0.104842216 0.930035889 20.928792953
0.933078825 -0.011644818 -0.359483451 -5.551731110 -0.026172943 0.994627655 -0.100153923 -1.091581345 0.358718395 0.102860250 0.927761257 21.645473480
0.929770708 -0.010758186 -0.367982000 -5.841763496 -0.027061258 0.994871378 -0.097460680 -1.165756941 0.367143214 0.100574136 0.924711108 22.368000031
0.926435292 -0.008910751 -0.376348525 -6.153590202 -0.027606895 0.995419741 -0.091526717 -1.246515036 0.375440359 0.095183387 0.921945989 23.103204727
0.922964036 -0.005060388 -0.384852976 -6.475231647 -0.030556493 0.995793998 -0.086374916 -1.326368213 0.383671403 0.091480702 0.918927312 23.840187073
0.919336200 -0.001368069 -0.393470526 -6.809247017 -0.033833615 0.996015370 -0.082514644 -1.401509166 0.392015606 0.089171231 0.915626645 24.593519211
0.915503383 0.000317048 -0.402310073 -7.150960922 -0.035948858 0.996064007 -0.081020817 -1.470469713 0.400700957 0.088637434 0.911911249 25.330982208
0.911376715 -0.000741386 -0.411572456 -7.497612476 -0.035431989 0.996144533 -0.080254205 -1.541534305 0.410045117 0.087724634 0.907836676 26.091323853
0.907790005 0.000168370 -0.419424862 -7.876118660 -0.036866013 0.996161520 -0.079391763 -1.610331535 0.417801619 0.087533556 0.904311776 26.862478256
0.903770566 0.001604701 -0.428014129 -8.245688438 -0.038460076 0.996252120 -0.077475041 -1.687350512 0.426285654 0.086481117 0.900445163 27.618471146
0.899976611 0.000620652 -0.435937792 -8.632863998 -0.037148640 0.996470690 -0.075273231 -1.756708264 0.434352487 0.083938658 0.896823287 28.409555435
0.896037698 0.001081166 -0.443976671 -9.033267975 -0.036280669 0.996831000 -0.070794493 -1.830834746 0.442493170 0.079542316 0.893237293 29.193420410
0.892373741 0.003180061 -0.451285899 -9.439065933 -0.036395397 0.997225046 -0.064941220 -1.895271778 0.449827105 0.074376576 0.890013397 29.981018066
0.888440549 0.003475418 -0.458978534 -9.860063553 -0.035371628 0.997515976 -0.060915262 -1.960932136 0.457626760 0.070354410 0.886356533 30.780567169
0.884635448 0.002242652 -0.466278017 -10.292063713 -0.033854362 0.997658134 -0.059430972 -2.016378880 0.465052843 0.068360277 0.882639706 31.599058151
0.881449997 0.002187339 -0.472272307 -10.733039856 -0.033724491 0.997727990 -0.058322467 -2.079946756 0.471071720 0.067335479 0.879521072 32.405803680
0.878225625 0.002863634 -0.478238046 -11.190182686 -0.033743177 0.997860968 -0.055990137 -2.143006802 0.477054715 0.065309241 0.876443624 33.234436035
0.875249743 0.000677590 -0.483670831 -11.653421402 -0.031147059 0.998002291 -0.054965526 -2.193842888 0.482667357 0.063173480 0.873522341 34.063800812
0.872847021 -0.000045667 -0.487994045 -12.152960777 -0.030577576 0.998029768 -0.054785762 -2.255884171 0.487035036 0.062741250 0.871125877 34.909576416
0.870337188 -0.002042924 -0.492452025 -12.603372574 -0.028927585 0.998052537 -0.055265684 -2.312554598 0.491605908 0.062345237 0.868583143 35.748840332
0.868897855 -0.001630300 -0.494988739 -13.109471321 -0.029893238 0.997996569 -0.055761270 -2.371740341 0.494087964 0.063247673 0.867108345 36.617759705
0.868420124 -0.001827607 -0.495825708 -13.608673096 -0.029135985 0.998077154 -0.054709483 -2.434551716 0.494972289 0.061957195 0.866697013 37.482463837
0.868236840 -0.001773955 -0.496146858 -14.116916656 -0.028222959 0.998197854 -0.052958053 -2.496676445 0.495346636 0.059982862 0.866622031 38.364486694
0.868129432 -0.002113537 -0.496333390 -14.641354561 -0.027567470 0.998241961 -0.052468680 -2.558634520 0.495571643 0.059232261 0.866545022 39.242816925
0.867400944 -0.004405486 -0.497590333 -15.162620544 -0.025394136 0.998265922 -0.053105414 -2.621410608 0.496961504 0.058699559 0.865785003 40.152317047
0.866247058 -0.007244523 -0.499563277 -15.693256378 -0.022442283 0.998321414 -0.053392470 -2.685636520 0.499111563 0.057462413 0.864630401 41.063442230
0.864609420 -0.007518237 -0.502388358 -16.236888885 -0.021344626 0.998435795 -0.051675629 -2.744032383 0.501990974 0.055402536 0.863096476 42.002094269
0.862551451 -0.007191889 -0.505918205 -16.776262283 -0.019748144 0.998658538 -0.047865499 -2.804070234 0.505583823 0.051277407 0.861252367 42.904411316
0.859809101 -0.007115269 -0.510566056 -17.326871872 -0.017776037 0.998879671 -0.043855827 -2.865859985 0.510306120 0.046783477 0.858719349 43.819610596
0.855672181 -0.007687495 -0.517460942 -17.891067505 -0.016078744 0.999012053 -0.041429274 -2.934367657 0.517268360 0.043770004 0.854703367 44.740734100
0.850478530 -0.010820664 -0.525898278 -18.458442688 -0.014436498 0.998931646 -0.043900192 -2.991292000 0.525811613 0.044928301 0.849413753 45.645721436
0.844214320 -0.015127468 -0.535792053 -19.022567749 -0.012003882 0.998817384 -0.047114223 -3.050229073 0.535871267 0.046206091 0.843034506 46.548526764
0.838249445 -0.014883839 -0.545083761 -19.610477448 -0.012301146 0.998856843 -0.046191525 -3.111755371 0.545148253 0.045425173 0.837108135 47.432662964
0.832198083 -0.011496843 -0.554359257 -20.208826065 -0.013649592 0.999057293 -0.041210040 -3.171165466 0.554310441 0.041861694 0.831256568 48.328868866
0.827087939 -0.006730273 -0.562032223 -20.818304062 -0.016938176 0.999175727 -0.036891270 -3.227737427 0.561817348 0.040032122 0.826292098 49.207771301
0.823296070 -0.006119182 -0.567579150 -21.434848785 -0.018721847 0.999105036 -0.037928335 -3.284906864 0.567303300 0.041852381 0.822444737 50.065498352
0.819379330 -0.009604348 -0.573171258 -22.043045044 -0.017905116 0.998943031 -0.042335130 -3.343257427 0.572972000 0.044951230 0.818341255 50.957645416
0.816799641 -0.011537431 -0.576806128 -22.672760010 -0.020642832 0.998575330 -0.049205527 -3.401075125 0.576552093 0.052097972 0.815397680 51.817691803
0.813155890 -0.012713210 -0.581907034 -23.307079315 -0.020954898 0.998473823 -0.051096492 -3.460714579 0.581668615 0.053743213 0.811648548 52.708480835
0.809858978 -0.010979199 -0.586521864 -23.944919586 -0.020351825 0.998697102 -0.046796218 -3.525806189 0.586271465 0.049835131 0.808580458 53.571929932
0.806768894 -0.008460816 -0.590806603 -24.581985474 -0.020159053 0.998921216 -0.041833289 -3.583218575 0.590523183 0.045659885 0.805728018 54.426204681
0.803988278 -0.005219765 -0.594622254 -25.242025375 -0.022550473 0.998974562 -0.039259762 -3.633355856 0.594217420 0.044973403 0.803046107 55.297302246
0.800764382 -0.005131037 -0.598957419 -25.892814636 -0.023513341 0.998923302 -0.039993092 -3.683750629 0.598517716 0.046108544 0.799781561 56.156280518
0.797197580 -0.006821969 -0.603679776 -26.553298950 -0.022975288 0.998868942 -0.041628189 -3.736798525 0.603281021 0.047055621 0.796139359 57.025615692
0.792981029 -0.009460217 -0.609172821 -27.197418213 -0.021903569 0.998790324 -0.044023447 -3.801633835 0.608852446 0.048252821 0.791814625 57.866455078
0.788942039 -0.010768262 -0.614373207 -27.869718552 -0.021036314 0.998786986 -0.044519562 -3.859577894 0.614107430 0.048047509 0.787758529 58.714637756
0.784197092 -0.010500564 -0.620422959 -28.548717499 -0.021046428 0.998831332 -0.043507162 -3.920385361 0.620154798 0.047175877 0.783059657 59.572448730
0.779253006 -0.010552517 -0.626620650 -29.231809616 -0.020463046 0.998896658 -0.042269219 -3.988100529 0.626375318 0.045760982 0.778177261 60.404502869
0.774123728 -0.011806959 -0.632924199 -29.923681259 -0.020364176 0.998844028 -0.043540291 -4.038779736 0.632706702 0.046594549 0.772988498 61.230281830
0.768912256 -0.013143892 -0.639219224 -30.629327774 -0.019916657 0.998811007 -0.044495571 -4.097344875 0.639044046 0.046944298 0.767736316 62.066211700
0.763122380 -0.014503789 -0.646091223 -31.329475403 -0.019197611 0.998798132 -0.045096554 -4.161723614 0.645968735 0.046817593 0.761926830 62.900306702
0.757369101 -0.016407095 -0.652780831 -32.055435181 -0.017888959 0.998787761 -0.045858797 -4.231098652 0.652741909 0.046409603 0.756157458 63.733566284
0.751042604 -0.018083218 -0.660005987 -32.785091400 -0.017350439 0.998739183 -0.047107652 -4.290269852 0.660025597 0.046831254 0.749781907 64.569541931
0.744961381 -0.019622026 -0.666818976 -33.548980713 -0.015914686 0.998760045 -0.047169510 -4.356588364 0.666917741 0.045751676 0.743725419 65.398765564
0.738598943 -0.019449499 -0.673864543 -34.305530548 -0.014936250 0.998866260 -0.045200989 -4.423377514 0.673979640 0.043450419 0.737471104 66.224678040
0.732177079 -0.019821452 -0.680825770 -35.077049255 -0.014615422 0.998889089 -0.044799276 -4.477786064 0.680957377 0.042751562 0.731074035 67.040962219
0.725808799 -0.021474693 -0.687561154 -35.835208893 -0.013330556 0.998885751 -0.045270436 -4.544371605 0.687767327 0.042023256 0.724713862 67.834556580
0.718909383 -0.023848465 -0.694694519 -36.619472504 -0.012331283 0.998816431 -0.047049906 -4.606049538 0.694994390 0.042391095 0.717764437 68.661346436
0.713157773 -0.023193954 -0.700619757 -37.423538208 -0.013630212 0.998804688 -0.046939474 -4.667546749 0.700871050 0.043024842 0.711989224 69.455810547
0.707544863 -0.022529304 -0.706309140 -38.238815308 -0.014040185 0.998846233 -0.045925166 -4.731255531 0.706528962 0.042410828 0.706412137 70.265426636
0.702489972 -0.022304200 -0.711343944 -39.049438477 -0.014547896 0.998849869 -0.045685779 -4.794427872 0.711544931 0.042442355 0.701357663 71.062179565
0.697570562 -0.022928314 -0.716149032 -39.880050659 -0.015410095 0.998776615 -0.046987269 -4.855282784 0.716350377 0.043812856 0.696363807 71.865798950
0.692538679 -0.024848359 -0.720952690 -40.715400696 -0.015888864 0.998638690 -0.049681745 -4.928799629 0.721205831 0.045861643 0.691201091 72.646530151
0.687738478 -0.028104151 -0.725414217 -41.557029724 -0.014124922 0.998543084 -0.052077081 -4.992549419 0.725821078 0.046061836 0.686339557 73.432701111
0.682319045 -0.027988628 -0.730518520 -42.417106628 -0.015552566 0.998484910 -0.052781727 -5.067378044 0.730889022 0.047375418 0.680850029 74.233245850
0.677476048 -0.027397506 -0.735034406 -43.297481537 -0.015874118 0.998528659 -0.051849999 -5.135320663 0.735373557 0.046795152 0.676044345 75.030090332
0.672635317 -0.027512021 -0.739462614 -44.176200867 -0.014982351 0.998597383 -0.050781596 -5.206131935 0.739822626 0.045236371 0.671279609 75.814834595
0.667124450 -0.028852450 -0.744387269 -45.060317993 -0.014415965 0.998562515 -0.051623952 -5.276836872 0.744806767 0.045170665 0.665749490 76.610168457
0.662398696 -0.029993249 -0.748550892 -45.937164307 -0.013459462 0.998560488 -0.051921126 -5.345355988 0.749030650 0.044467568 0.661041379 77.380416870
0.658140540 -0.030613285 -0.752272427 -46.846168518 -0.012629311 0.998583555 -0.051685777 -5.419573784 0.752789140 0.043517187 0.656821609 78.155540466
0.654119194 -0.031420793 -0.755738616 -47.745288849 -0.011217305 0.998624027 -0.051228039 -5.495310307 0.756308258 0.041986596 0.652866602 78.929214478
0.650247574 -0.034543771 -0.758936644 -48.663238525 -0.008276421 0.998584390 -0.052542716 -5.569906712 0.759677291 0.040447053 0.649041116 79.706108093
0.646174550 -0.038634684 -0.762211084 -49.571517944 -0.006262604 0.998415828 -0.055916548 -5.640297413 0.763163865 0.040905278 0.644908905 80.461853027
0.641419768 -0.043299280 -0.765967309 -50.492126465 -0.001425963 0.998337030 -0.057628985 -5.714968204 0.767188847 0.038056612 0.640291333 81.234184265
0.634388804 -0.046865888 -0.771592200 -51.425430298 0.003734163 0.998334527 -0.057567876 -5.793655396 0.773005188 0.033639155 0.633507252 82.014717102
0.626558125 -0.050403398 -0.777742982 -52.354957581 0.008122546 0.998274624 -0.058151830 -5.877881527 0.779332280 0.030118251 0.625886500 82.750640869
0.617596030 -0.051300861 -0.784820616 -53.310707092 0.010716313 0.998326719 -0.056824028 -5.959408760 0.786422491 0.026683904 0.617112219 83.490531921
0.608806372 -0.049647380 -0.791763783 -54.281394958 0.011106903 0.998475373 -0.054068826 -6.040745258 0.793241084 0.024123400 0.608429670 84.233978271
0.600124478 -0.050041839 -0.798339725 -55.263534546 0.011109379 0.998466492 -0.054235153 -6.116702080 0.799829423 0.023678789 0.599760056 84.960014343
0.590928614 -0.051293690 -0.805091500 -56.266319275 0.010487699 0.998380721 -0.055910602 -6.199255943 0.806655645 0.024595618 0.590509653 85.663948059
0.580482006 -0.053193651 -0.812533677 -57.272960663 0.010540674 0.998271227 -0.057822865 -6.281194687 0.814204872 0.025000481 0.580039084 86.395721436
0.570768178 -0.055150986 -0.819256961 -58.304061890 0.011067776 0.998167932 -0.059484150 -6.357465744 0.821036637 0.024884308 0.570332885 87.108612061
0.560168922 -0.055403046 -0.826523602 -59.337387085 0.014035560 0.998252511 -0.057401802 -6.452647209 0.828259528 0.020553982 0.559967577 87.825866699
0.550202250 -0.055644888 -0.833175242 -60.373420715 0.015078957 0.998276591 -0.056713767 -6.531105518 0.834895313 0.018640628 0.550093234 88.495056152
0.540264547 -0.056341249 -0.839606941 -61.432296753 0.015241224 0.998247564 -0.057179391 -6.612486362 0.841357231 0.018095363 0.540176511 89.160804749
0.529654622 -0.057232451 -0.846280277 -62.506164551 0.014707951 0.998190761 -0.058300730 -6.701850891 0.848085880 0.018432206 0.529537976 89.831275940
0.519183278 -0.058314696 -0.852671027 -63.583564758 0.014362119 0.998123944 -0.059517343 -6.782356262 0.854542255 0.018654240 0.519046724 90.494201660
0.509331167 -0.059159536 -0.858534813 -64.668266296 0.013738555 0.998066187 -0.060623821 -6.873163223 0.860460937 0.019082572 0.509158969 91.132339478
0.499409705 -0.059119523 -0.864346445 -65.758712769 0.012552088 0.998058081 -0.061012670 -6.960973740 0.866275012 0.019620972 0.499182045 91.761932373
0.490987122 -0.057199430 -0.869286895 -66.880187988 0.012131705 0.998194337 -0.058829408 -7.049977779 0.871082306 0.018338548 0.490794539 92.380661011
0.483019829 -0.055866566 -0.873825312 -67.997192383 0.012639272 0.998303354 -0.056838311 -7.133467197 0.875518143 0.016409514 0.482906401 92.994735718
0.475166947 -0.055923648 -0.878116667 -69.101867676 0.012251105 0.998301923 -0.056948435 -7.221122742 0.879810333 0.016302112 0.475045234 93.594192505
0.467491388 -0.058875524 -0.882034779 -70.220367432 0.014482605 0.998155832 -0.058950562 -7.309195042 0.883878946 0.014784723 0.467481941 94.188354492
0.460529327 -0.062152322 -0.885465860 -71.358947754 0.017307952 0.997984707 -0.061048374 -7.400101662 0.887475729 0.012788968 0.460676968 94.778205872
0.454394341 -0.065213628 -0.888410330 -72.489784241 0.018608561 0.997793913 -0.063725218 -7.496252060 0.890606165 0.012424340 0.454605490 95.356895447
0.448092937 -0.069054224 -0.891316056 -73.630653381 0.021090949 0.997551322 -0.066681646 -7.593080521 0.893738151 0.011080873 0.448452085 95.948524475
0.443461955 -0.070207559 -0.893539250 -74.782432556 0.023423119 0.997494638 -0.066750742 -7.686790466 0.895987093 0.008671938 0.443995446 96.515502930
0.439697266 -0.066946946 -0.895647466 -75.908126831 0.024978345 0.997743845 -0.062315799 -7.801897049 0.897798598 0.005028299 0.440377533 97.067337036
0.435469925 -0.065327249 -0.897829831 -77.047454834 0.028445600 0.997863889 -0.058809035 -7.896119595 0.899753809 0.000070257 0.436398000 97.627418518
0.432451308 -0.064332828 -0.899359226 -78.174011230 0.029596042 0.997926652 -0.057152446 -7.990572929 0.901171386 -0.001901826 0.433458626 98.162033081
0.429605961 -0.064069249 -0.900740683 -79.349258423 0.031690203 0.997935116 -0.055868078 -8.092706680 0.902460217 -0.004543396 0.430749208 98.711837769
0.427274615 -0.063305721 -0.901902914 -80.483032227 0.033086341 0.997972250 -0.054374371 -8.176534653 0.903516233 -0.006607877 0.428502828 99.246536255
0.424824744 -0.062743522 -0.903098643 -81.633079529 0.035641495 0.997981012 -0.052569520 -8.259584427 0.904573739 -0.009854957 0.426203251 99.785949707
0.422739893 -0.063501999 -0.904023468 -82.809852600 0.037212655 0.997916996 -0.052696031 -8.349122047 0.905486643 -0.011364394 0.424222440 100.310569763
0.420540392 -0.064224876 -0.904997706 -83.928123474 0.039144415 0.997846842 -0.052624200 -8.424415588 0.906428993 -0.013295007 0.422149003 100.825103760
0.417893618 -0.063093118 -0.906302392 -85.031105042 0.042669095 0.997847736 -0.049791530 -8.508443832 0.907493412 -0.017863547 0.419686317 101.349777222
0.415926337 -0.062607616 -0.907240570 -86.127288818 0.044473018 0.997834027 -0.048470628 -8.581865311 0.908310175 -0.020187523 0.417809784 101.850227356
0.414207369 -0.063670836 -0.907952785 -87.219635010 0.046861194 0.997718990 -0.048587732 -8.663038254 0.908975422 -0.022422353 0.416246295 102.347297668
0.412494719 -0.065073535 -0.908632815 -88.271499634 0.048469145 0.997600198 -0.049441453 -8.742238998 0.909669638 -0.023646308 0.414658844 102.836654663
0.411833197 -0.066243760 -0.908848345 -89.332992554 0.048486438 0.997534335 -0.050736867 -8.821567535 0.909968317 -0.023171686 0.414029717 103.316772461
0.412122875 -0.066798106 -0.908676445 -90.383041382 0.047644041 0.997524440 -0.051720887 -8.900192261 0.909881830 -0.021977652 0.414285183 103.797500610
0.414571196 -0.067091495 -0.907540262 -91.425415039 0.046153951 0.997545242 -0.052661791 -8.978021622 0.908845603 -0.020054508 0.416650116 104.262695312
0.419100374 -0.067393303 -0.905435264 -92.459236145 0.043918766 0.997578740 -0.053922974 -9.055330276 0.906877041 -0.017166460 0.421045482 104.736358643
0.424251705 -0.067867137 -0.902997553 -93.496566772 0.042323057 0.997583985 -0.055091552 -9.136913300 0.904554665 -0.014844933 0.426099002 105.209556580
0.430163413 -0.067595005 -0.900216937 -94.508438110 0.042219415 0.997608006 -0.054733567 -9.221248627 0.901763260 -0.014462251 0.431988358 105.689651489
0.436970949 -0.066576727 -0.897008300 -95.514106750 0.040888298 0.997696340 -0.054131452 -9.294816971 0.898545861 -0.013023271 0.438686520 106.180160522
0.445398450 -0.064741820 -0.892988503 -96.527984619 0.039667349 0.997829616 -0.052557819 -9.375822067 0.894453347 -0.012013319 0.446999967 106.670532227
0.454328299 -0.064657867 -0.888484716 -97.496101379 0.039536633 0.997843266 -0.052399099 -9.451449394 0.889956474 -0.011321308 0.455904812 107.161216736
0.463869840 -0.064238153 -0.883571327 -98.480697632 0.038478699 0.997887254 -0.052348170 -9.522092819 0.885067284 -0.009715939 0.465361625 107.670730591
0.473400712 -0.064388275 -0.878490686 -99.453910828 0.037249453 0.997895956 -0.053067014 -9.605556488 0.880059183 -0.007601338 0.474803060 108.195602417
0.483656377 -0.066467188 -0.872730553 -100.415374756 0.036322970 0.997777641 -0.055861033 -9.672519684 0.874503970 -0.004682628 0.484995753 108.726928711
0.495069087 -0.067679659 -0.866213679 -101.369026184 0.034783304 0.997706175 -0.058073733 -9.744553566 0.868157029 -0.001379268 0.496287644 109.268478394
0.507952988 -0.065551713 -0.858886898 -102.321548462 0.032539912 0.997848690 -0.056913134 -9.827328682 0.860769868 0.000961091 0.508993268 109.814338684
0.520419776 -0.062847316 -0.851594627 -103.241317749 0.030594826 0.998019934 -0.054956563 -9.902207375 0.853362322 0.002546094 0.521312058 110.373336792
0.532676101 -0.060605414 -0.844146371 -104.152450562 0.029897122 0.998157740 -0.052796844 -9.977848053 0.845790923 0.002886077 0.533506751 110.946533203
0.544936419 -0.059957460 -0.836330891 -105.052734375 0.030122695 0.998196125 -0.051934402 -10.050373077 0.837936103 0.003108412 0.545759559 111.522743225
0.556486845 -0.059929229 -0.828692257 -105.934249878 0.030029545 0.998194337 -0.052021697 -10.130492210 0.830313385 0.004064134 0.557281733 112.106704712
0.567965567 -0.061158050 -0.820776880 -106.810546875 0.029977828 0.998110950 -0.053627413 -10.197108269 0.822506070 0.005853416 0.568726182 112.699447632
0.578047931 -0.062878862 -0.813576579 -107.659370422 0.032367915 0.998008907 -0.054135598 -10.271986961 0.815360487 0.004959187 0.578932226 113.319252014
0.590216160 -0.062067688 -0.804855525 -108.517646790 0.032687042 0.998059571 -0.052996878 -10.354911804 0.806583166 0.004971264 0.591099739 113.918197632
0.601056397 -0.059917469 -0.796957433 -109.346496582 0.031844154 0.998189211 -0.051030137 -10.423468590 0.798572004 0.005293546 0.601876080 114.534553528
0.611082792 -0.056361936 -0.789557576 -110.146377563 0.031682979 0.998404026 -0.046749055 -10.499313354 0.790932357 0.003552005 0.611893296 115.151557922
0.620543242 -0.054860827 -0.782250702 -110.947097778 0.030662464 0.998484433 -0.045701828 -10.566284180 0.783572435 0.004374228 0.621284962 115.779129028
0.630434752 -0.054669712 -0.774314642 -111.726249695 0.029025413 0.998479486 -0.046864614 -10.628480911 0.775699437 0.007070275 0.631062984 116.414108276
0.639989376 -0.053663738 -0.766507566 -112.488357544 0.026676787 0.998508573 -0.047632735 -10.696060181 0.767920434 0.010036487 0.640466452 117.047103882
0.649593413 -0.053578433 -0.758391559 -113.266967773 0.026876563 0.998508692 -0.047521204 -10.759019852 0.759806573 0.010486504 0.650064588 117.692146301
0.658763885 -0.051078722 -0.750613868 -114.006584167 0.026272424 0.998645902 -0.044899572 -10.825276375 0.751890898 0.009857773 0.659213781 118.341392517
0.667486548 -0.049540572 -0.742972136 -114.734848022 0.026547540 0.998733222 -0.042744130 -10.885954857 0.744148612 0.008807051 0.667956114 118.989959717
0.675556064 -0.048517007 -0.735710561 -115.443847656 0.026441781 0.998785079 -0.041585840 -10.948711395 0.736834347 0.008640064 0.676018059 119.635482788
0.683502793 -0.047668066 -0.728389740 -116.145881653 0.025223169 0.998811901 -0.041696534 -11.001321793 0.729512036 0.010127401 0.683893085 120.287826538
0.690750539 -0.046610251 -0.721589386 -116.830978394 0.024747778 0.998859525 -0.040830087 -11.057447433 0.722669542 0.010345671 0.691116273 120.947685242
0.698187947 -0.044010621 -0.714560449 -117.519454956 0.023847716 0.998984456 -0.038227331 -11.113768578 0.715517104 0.009649232 0.698528528 121.601341248
0.705586433 -0.041316047 -0.707418323 -118.181640625 0.022885218 0.999106646 -0.035525851 -11.163776398 0.708254218 0.008877141 0.705901682 122.264808655
0.713365555 -0.039848849 -0.699658275 -118.835540771 0.021926606 0.999162316 -0.034550857 -11.213766098 0.700448990 0.009306259 0.713641763 122.915466309
0.720461607 -0.039246280 -0.692383468 -119.470382690 0.021727104 0.999184668 -0.034028448 -11.264366150 0.693154395 0.009472708 0.720726848 123.576416016
0.728346527 -0.036429472 -0.684240043 -120.092018127 0.019014500 0.999275744 -0.032962035 -11.304347038 0.684945226 0.010997303 0.728511572 124.234283447
0.737438858 -0.033289857 -0.674592972 -120.697639465 0.018041309 0.999399126 -0.029596347 -11.359830856 0.675172806 0.009654956 0.737596393 124.886482239
0.746816814 -0.029448265 -0.664377391 -121.282684326 0.016100414 0.999526978 -0.026205391 -11.399503708 0.664834857 0.008873874 0.746937752 125.543693542
0.756978571 -0.027155012 -0.652875185 -121.865554810 0.014218256 0.999584019 -0.025090255 -11.445002556 0.653284967 0.009710038 0.757049859 126.198959351
0.766777873 -0.026186274 -0.641378105 -122.414596558 0.012578988 0.999588668 -0.025772959 -11.480725288 0.641789258 0.011694246 0.766791999 126.856765747
0.776760340 -0.027366817 -0.629201472 -122.964569092 0.012632625 0.999531627 -0.027878942 -11.514276505 0.629669607 0.013706794 0.776742101 127.530059814
0.786756933 -0.026408924 -0.616697729 -123.493415833 0.012246783 0.999555528 -0.027180156 -11.551635742 0.617141426 0.013831615 0.786730647 128.206481934
0.796932518 -0.024867697 -0.603556156 -124.007194519 0.011879345 0.999604344 -0.025500217 -11.585500717 0.603951335 0.013152106 0.796912611 128.887893677
0.807011485 -0.022646105 -0.590101302 -124.508636475 0.011712233 0.999681652 -0.022346986 -11.622591019 0.590419531 0.011122873 0.807019830 129.573135376
0.816671014 -0.021081520 -0.576718330 -124.999313354 0.011723719 0.999732375 -0.019942937 -11.653984070 0.576984465 0.009525534 0.816699564 130.266632080
0.825787127 -0.019616174 -0.563640654 -125.479003906 0.012214784 0.999782622 -0.016899239 -11.684351921 0.563849747 0.007070427 0.825847030 130.974365234
0.834105253 -0.019016018 -0.551277518 -125.950531006 0.013030386 0.999805987 -0.014772262 -11.706651688 0.551451564 0.005138263 0.834191144 131.677947998
0.841329336 -0.019174289 -0.540182590 -126.408203125 0.014263682 0.999810278 -0.013273644 -11.733675003 0.540334582 0.003462513 0.841443121 132.392715454
0.847742140 -0.018990329 -0.530068517 -126.846267700 0.014304589 0.999813974 -0.012942079 -11.754197121 0.530215621 0.003389134 0.847856045 133.106994629
0.854680777 -0.018320078 -0.518830299 -127.290550232 0.013540921 0.999823809 -0.012997854 -11.776641846 0.518977046 0.004083575 0.854778290 133.829620361
0.861301720 -0.016131865 -0.507837534 -127.737884521 0.011685890 0.999860287 -0.011941881 -11.798818588 0.507959247 0.004351030 0.861370087 134.576507568
0.867419362 -0.015282704 -0.497342795 -128.159469604 0.011094181 0.999873698 -0.011375383 -11.818318367 0.497453868 0.004349619 0.867479503 135.321121216
0.873568535 -0.015665172 -0.486448973 -128.585266113 0.011607977 0.999868155 -0.011353181 -11.843896866 0.486562699 0.004271093 0.873635232 136.065856934
0.878537118 -0.017138265 -0.477366537 -128.991989136 0.012813506 0.999842048 -0.012314264 -11.864552498 0.477502227 0.004701799 0.878617883 136.825820923
0.882748604 -0.017715452 -0.469511449 -129.391876221 0.013297797 0.999830604 -0.012723521 -11.882338524 0.469657302 0.004988201 0.882834673 137.596588135
0.886349797 -0.016642993 -0.462716997 -129.795791626 0.012447400 0.999849081 -0.012119145 -11.903787613 0.462848872 0.004982177 0.886423230 138.365066528
0.889497757 -0.014761847 -0.456701040 -130.205657959 0.012140932 0.999888718 -0.008672789 -11.920886040 0.456778198 0.002169650 0.889578044 139.160751343
0.892766833 -0.010623007 -0.450393766 -130.617431641 0.009630195 0.999943495 -0.004495814 -11.939252853 0.450416118 -0.000323667 0.892818689 139.958999634
0.896030366 -0.008038145 -0.443920016 -131.019241333 0.008251325 0.999964952 -0.001451663 -11.954588890 0.443916112 -0.002362195 0.896065235 140.770843506
0.899286568 -0.005341845 -0.437327266 -131.426422119 0.006242829 0.999980330 0.000622767 -11.963715553 0.437315404 -0.003290205 0.899302185 141.597488403
0.902617633 -0.003713071 -0.430427492 -131.835784912 0.005486907 0.999980807 0.002879879 -11.969783783 0.430408597 -0.004961146 0.902620554 142.439132690
0.906003892 -0.002275421 -0.423263311 -132.241241455 0.005131860 0.999971151 0.005609111 -11.972152710 0.423238307 -0.007254004 0.905989349 143.293487549
0.909368455 -0.002400764 -0.415984690 -132.633132935 0.006088198 0.999953091 0.007538175 -11.975413322 0.415947050 -0.009387575 0.909340382 144.167129517
0.912985265 -0.002583720 -0.407984614 -133.033264160 0.006750773 0.999938786 0.008774337 -11.982988358 0.407936931 -0.010765051 0.912946582 145.051254272
0.916669965 -0.002616366 -0.399636507 -133.430053711 0.006712940 0.999938309 0.008851406 -11.986438751 0.399588734 -0.010796555 0.916630864 145.950714111
0.920516729 -0.005497275 -0.390664369 -133.816452026 0.009431240 0.999922335 0.008152185 -11.983613968 0.390589237 -0.011188673 0.920497060 146.868988037
0.924494386 -0.006746071 -0.381136000 -134.198974609 0.010169207 0.999924004 0.006968158 -11.986277580 0.381060123 -0.010317875 0.924492657 147.801513672
0.929054022 -0.007939428 -0.369858950 -134.581054688 0.010494274 0.999932885 0.004896056 -11.988509178 0.369795233 -0.008430101 0.929075003 148.738952637
0.934287310 -0.006052774 -0.356469750 -134.954772949 0.008100375 0.999958158 0.004251570 -11.988071442 0.356429100 -0.006859725 0.934297085 149.707901001
0.940250278 -0.002576667 -0.340474516 -135.308685303 0.004700209 0.999974251 0.005412363 -11.989944458 0.340451777 -0.006689275 0.940238178 150.688339233
0.946735799 0.001300161 -0.322008759 -135.643188477 0.001535794 0.999962270 0.008552878 -12.002324104 0.322007775 -0.008591855 0.946698070 151.648391724
0.953392506 0.004333776 -0.301701933 -135.978820801 -0.001388142 0.999949336 0.009977108 -11.997661591 0.301729858 -0.009093296 0.953350127 152.669479370
0.959698856 0.005873283 -0.280968964 -136.277328491 -0.002933113 0.999936461 0.010883784 -12.000873566 0.281015038 -0.009621042 0.959655166 153.687637329
0.965723276 0.007295833 -0.259471148 -136.571334839 -0.004221193 0.999914169 0.012404852 -11.997671127 0.259539366 -0.010884377 0.965671182 154.747741699
0.971260607 0.007815599 -0.237889871 -136.835296631 -0.004356371 0.999877036 0.015063554 -11.989435196 0.237978324 -0.013594301 0.971175313 155.824920654
0.976457298 0.010930493 -0.215433791 -137.095321655 -0.007025977 0.999796987 0.018881468 -11.992268562 0.215596467 -0.016923318 0.976335824 156.913131714
0.981088817 0.013134796 -0.193112165 -137.320129395 -0.008919405 0.999702871 0.022681979 -11.978620529 0.193352759 -0.020530589 0.980914474 158.014343262
0.985252738 0.014879959 -0.170457110 -137.531250000 -0.010554363 0.999599576 0.026254592 -11.965228081 0.170779571 -0.024068341 0.985015213 159.154144287
0.988802850 0.016873159 -0.148271546 -137.710510254 -0.013097163 0.999565482 0.026406365 -11.950721741 0.148652703 -0.024168748 0.988594115 160.304992676
0.991859198 0.015929883 -0.126339227 -137.857025146 -0.012979957 0.999624372 0.024138262 -11.931791306 0.126676291 -0.022301879 0.991693437 161.460189819
0.994310617 0.016413616 -0.105248444 -137.988830566 -0.014053029 0.999633670 0.023131279 -11.914106369 0.105589569 -0.021520615 0.994176924 162.638534546
0.996232033 0.015072395 -0.085408509 -138.085220337 -0.013001106 0.999609053 0.024756148 -11.894160271 0.085748248 -0.023552462 0.996038556 163.832580566
0.997758389 0.015629269 -0.065068215 -138.174514771 -0.013907806 0.999543369 0.026825719 -11.880474091 0.065457791 -0.025860628 0.997520089 165.035705566
0.998869300 0.016165139 -0.044707745 -138.236236572 -0.014936931 0.999505520 0.027670868 -11.859764099 0.045132954 -0.026971785 0.998616755 166.254333496
0.999538839 0.017788885 -0.024608506 -138.259490967 -0.017090380 0.999453068 0.028309671 -11.842878342 0.025098644 -0.027876042 0.999296188 167.472198486
0.999825299 0.018285321 -0.003912074 -138.275558472 -0.018164625 0.999416232 0.028935783 -11.820053101 0.004438890 -0.028859660 0.999573529 168.717010498
0.999648094 0.020588569 0.016733922 -138.268646240 -0.021062288 0.999367714 0.028643612 -11.800983429 -0.016133605 -0.028985981 0.999449611 169.973281860
0.999085307 0.021813346 0.036779676 -138.230560303 -0.022825990 0.999365509 0.027341411 -11.778787613 -0.036159933 -0.028155938 0.998949289 171.243728638
0.998174012 0.021993050 0.056258354 -138.163192749 -0.023415750 0.999419272 0.024755746 -11.755500793 -0.055681225 -0.026027873 0.998109281 172.535049438
0.996904135 0.023925897 0.074897565 -138.069488525 -0.025653351 0.999424577 0.022187639 -11.738368988 -0.074323587 -0.024040321 0.996944368 173.828842163
0.995243788 0.024326548 0.094328649 -137.960189819 -0.026352733 0.999446630 0.020294026 -11.723498344 -0.093782768 -0.022683317 0.995334268 175.128646851
0.993271649 0.024350777 0.113218248 -137.820144653 -0.026471935 0.999500394 0.017269425 -11.710357666 -0.112741157 -0.020150337 0.993420005 176.437377930
0.990951180 0.025452435 0.131787494 -137.649765015 -0.027262414 0.999556899 0.011947750 -11.703704834 -0.131425038 -0.015432483 0.991205990 177.768539429
0.988351941 0.027156271 0.149743199 -137.461654663 -0.028283974 0.999585450 0.005406014 -11.707277298 -0.149534255 -0.009578375 0.988710165 179.089050293
0.985569894 0.028998684 0.166766614 -137.244323730 -0.029438369 0.999566495 0.000164644 -11.712925911 -0.166689545 -0.005071606 0.985996306 180.413085938
0.982312322 0.031460799 0.184588775 -137.010299683 -0.031262100 0.999503255 -0.003987377 -11.727635384 -0.184622511 -0.001853782 0.982807755 181.757858276
0.978719890 0.033712301 0.202412188 -136.749130249 -0.033024006 0.999431491 -0.006777678 -11.750005722 -0.202525601 -0.000051013 0.979276955 183.094757080
0.974964023 0.033110220 0.219883353 -136.456832886 -0.032448746 0.999451458 -0.006620292 -11.771462440 -0.219981939 -0.000680392 0.975503623 184.465957642
0.971000612 0.032148659 0.236905396 -136.137710571 -0.031278122 0.999483049 -0.007433197 -11.795012474 -0.237021923 -0.000192316 0.971504211 185.819976807
0.966794372 0.032080848 0.253534019 -135.782135010 -0.029857198 0.999474704 -0.012614545 -11.824845314 -0.253805488 0.004625856 0.967244208 187.168167114
0.962353230 0.033432495 0.269737601 -135.414978027 -0.030015793 0.999408543 -0.016782692 -11.857200623 -0.270139128 0.008054491 0.962787628 188.517745972
0.957538843 0.035771560 0.286076516 -135.011505127 -0.032290943 0.999335945 -0.016876504 -11.892553329 -0.286490232 0.006922227 0.958058059 189.893554688
0.952150404 0.037749283 0.303289622 -134.586730957 -0.034025993 0.999266803 -0.017553324 -11.932228088 -0.303729862 0.006393674 0.952736735 191.264160156
0.946258426 0.041442618 0.320745289 -134.144836426 -0.036770131 0.999111116 -0.020613633 -11.972520828 -0.321314454 0.007711974 0.946941137 192.639282227
0.940200210 0.042031638 0.338019043 -133.671096802 -0.035840821 0.999056339 -0.024538314 -12.021818161 -0.338731408 0.010956046 0.940819323 194.005950928
0.933754325 0.043025184 0.355319500 -133.162063599 -0.035819247 0.998997867 -0.026836960 -12.074226379 -0.356118172 0.012331844 0.934359550 195.387893677
0.926962376 0.043741096 0.372595429 -132.632156372 -0.034222819 0.998897791 -0.032124955 -12.135314941 -0.373589903 0.017027367 0.927437663 196.755462646
0.918989003 0.046940435 0.391478807 -132.073501587 -0.034846380 0.998672068 -0.037944980 -12.203937531 -0.392740071 0.021229399 0.919404447 198.127441406
0.909421563 0.050522406 0.412795305 -131.471832275 -0.036666781 0.998468637 -0.041423626 -12.276924133 -0.414255977 0.022535665 0.909881353 199.502075195
0.898321390 0.053138487 0.436113417 -130.852020264 -0.038232200 0.998347938 -0.042892266 -12.357801437 -0.437672049 0.021857474 0.898869097 200.836914062
