1.000000000 0.000000000 0.000000000 0.000000000 0.000000000 1.000000000 0.000000000 0.000000000 0.000000000 0.000000000 1.000000000 0.000000000
0.999873817 0.001505395 0.015814466 0.010620379 -0.001490591 0.999998450 -0.000947903 -0.003217307 -0.015815869 0.000924211 0.999874473 0.126185328
0.999292254 0.004328360 0.037366170 0.027261775 -0.004316520 0.999990582 -0.000397547 -0.004820652 -0.037367538 0.000235974 0.999301553 0.272661477
0.997894526 0.005993672 0.064580567 0.056354873 -0.006069599 0.999981105 0.000979565 -0.005146329 -0.064573474 -0.001369480 0.997911990 0.436598390
0.995133042 0.005638793 0.098378465 0.103056312 -0.005987532 0.999976814 0.003249993 -0.004219746 -0.098357856 -0.003823219 0.995143712 0.609780848
0.990633547 0.002498016 0.136524051 0.163945243 -0.003245533 0.999980927 0.005253034 -0.005085814 -0.136508316 -0.005646925 0.990622818 0.794693649
0.984349847 -0.000292386 0.176224694 0.237050354 -0.000676885 0.999985039 0.005440059 -0.003543492 -0.176223636 -0.005474205 0.984334886 0.990326881
0.975561500 -0.000473475 0.219726056 0.320659578 -0.001030584 0.999976754 0.006730484 -0.001797381 -0.219724119 -0.006792447 0.975538373 1.192193508
0.963395894 -0.000333451 0.268082619 0.413379610 -0.002318310 0.999951422 0.009574978 0.001949212 -0.268072784 -0.009845993 0.963348329 1.410248041
0.948944449 -0.004095157 0.315417111 0.530071557 -0.001274154 0.999857724 0.016814804 -0.003674494 -0.315441102 -0.016358200 0.948804140 1.619590998
0.931881249 -0.013289060 0.362520278 0.671042025 0.004663161 0.999685049 0.024658930 -0.003307447 -0.362733781 -0.021288702 0.931649566 1.840670943
0.910560012 -0.018331457 0.412970185 0.824754536 0.007011202 0.999557316 0.028910616 -0.003263853 -0.413317442 -0.023429431 0.910285532 2.052274942
0.885025501 -0.019755833 0.465122968 0.993485451 0.005051273 0.999447882 0.032839529 0.001617171 -0.465514928 -0.026714355 0.884636760 2.286556482
0.856858373 -0.022183411 0.515074253 1.181704044 0.003394720 0.999294996 0.037390679 0.004596464 -0.515540540 -0.030289985 0.856329620 2.496516466
0.824375808 -0.026322566 0.565430403 1.364771843 0.003478908 0.999134898 0.041440755 0.009531505 -0.566032171 -0.032195672 0.823754191 2.695828438
0.788247228 -0.031995069 0.614526331 1.595768094 0.005543482 0.998975992 0.044900704 0.010334969 -0.615333736 -0.031986244 0.787617385 2.905769587
0.749741197 -0.035565283 0.660774708 1.837997675 0.005687813 0.998864114 0.047308855 0.019015998 -0.661706686 -0.031711034 0.749091864 3.125580311
0.709578216 -0.038534362 0.703572273 2.112313986 0.006555145 0.998821259 0.048093937 0.033653319 -0.704596162 -0.029514389 0.708994448 3.335646391
0.667083204 -0.040151067 0.743900478 2.407685995 0.005280640 0.998776376 0.049172316 0.049061984 -0.744964540 -0.028873753 0.666478932 3.558167458
0.624065161 -0.040082239 0.780343592 2.738609791 0.000201382 0.998691618 0.051136602 0.066311866 -0.781372368 -0.031755421 0.623256624 3.783243418
0.582212210 -0.040672172 0.812018871 3.080052853 -0.003091039 0.998630047 0.052235346 0.079593137 -0.813031018 -0.032922044 0.581288815 3.991703987
0.541536808 -0.041863840 0.839634001 3.454247952 -0.004793349 0.998589396 0.052880846 0.099951833 -0.840663373 -0.032661587 0.540572226 4.196135998
0.502711236 -0.043833181 0.863342285 3.864881992 -0.006840589 0.998480618 0.054677527 0.117265508 -0.864427269 -0.033392780 0.501647711 4.403065681
0.465600729 -0.043410100 0.883929610 4.291548729 -0.009756217 0.998483777 0.054174885 0.136298612 -0.884941101 -0.033847671 0.464471251 4.603070259
0.429097742 -0.042604707 0.902252734 4.751252174 -0.010913509 0.998569429 0.052343130 0.157731324 -0.903192103 -0.032307055 0.428018957 4.793000221
0.395336390 -0.041312210 0.917606890 5.241709232 -0.009650506 0.998746097 0.049123000 0.178337634 -0.918485641 -0.028275480 0.394441962 4.975636482
0.365967482 -0.039309058 0.929797053 5.762194157 -0.007454139 0.998951674 0.045166653 0.203541934 -0.930597782 -0.023460362 0.365290821 5.155873299
0.340924829 -0.037531186 0.939341068 6.310146332 -0.006258979 0.999089956 0.042190075 0.225831717 -0.940069735 -0.020262958 0.340379626 5.328619003
0.320490956 -0.037141420 0.946523070 6.887485504 -0.004957348 0.999151528 0.040885095 0.249044836 -0.947238684 -0.017795548 0.320034951 5.511857986
0.305509955 -0.037571635 0.951447308 7.495745182 -0.003755777 0.999165952 0.040661968 0.272854209 -0.952181518 -0.015996059 0.305114031 5.706674099
0.294226229 -0.038871493 0.954944909 8.125080109 -0.003427595 0.999123335 0.041725852 0.292484760 -0.955729663 -0.015550010 0.293835044 5.890478134
0.283226490 -0.040374570 0.958202720 8.784629822 -0.004610770 0.999044657 0.043458320 0.323725313 -0.959042013 -0.016726602 0.282769799 6.083283424
0.272547215 -0.042159293 0.961218238 9.457895279 -0.005959821 0.998946428 0.045503922 0.349719882 -0.962123930 -0.018130660 0.272008747 6.276212692
0.262643248 -0.044073820 0.963886023 10.159175873 -0.007114792 0.998840630 0.047610797 0.371214837 -0.964866698 -0.019362500 0.262025177 6.464048386
0.252561301 -0.046034615 0.966485202 10.877236366 -0.007975110 0.998734593 0.049654741 0.399981022 -0.967547953 -0.020248689 0.251874596 6.647979259
0.241489574 -0.047566481 0.969236910 11.622082710 -0.008133100 0.998663604 0.051037025 0.430981070 -0.970369279 -0.020207813 0.240779996 6.841606140
0.231969863 -0.049106911 0.971482635 12.378319740 -0.007962121 0.998595476 0.052378610 0.459336668 -0.972690344 -0.019885320 0.231253102 7.008426666
0.221334800 -0.051540457 0.973834932 13.165060043 -0.009881837 0.998432577 0.055088248 0.496105194 -0.975147843 -0.021816226 0.220478535 7.184893608
0.209980071 -0.054808024 0.976168215 13.951817513 -0.011515909 0.998219609 0.058523275 0.535981297 -0.977637887 -0.023530187 0.208975047 7.356056213
0.197986379 -0.058625683 0.978450000 14.738245010 -0.011644772 0.997998655 0.062153272 0.573699653 -0.980135560 -0.023699328 0.196907476 7.511178970
0.184902772 -0.060509898 0.980892241 15.537242889 -0.012675012 0.997872829 0.063946716 0.613985360 -0.982675135 -0.024256745 0.183742508 7.660219193
0.170545101 -0.061289277 0.983441889 16.362766266 -0.014043977 0.997811079 0.064620242 0.649039030 -0.985249877 -0.024832098 0.169311047 7.810138702
0.156078890 -0.060143318 0.985911787 17.179105759 -0.015425826 0.997874379 0.063315123 0.689560831 -0.987624168 -0.025090659 0.154819369 7.938360214
0.139979035 -0.059095107 0.988389373 17.999031067 -0.016217774 0.997946620 0.061963350 0.725385964 -0.990021586 -0.024703046 0.138733253 8.045080185
0.119788468 -0.058001369 0.991103709 18.832674026 -0.018657029 0.997984171 0.060658995 0.754095614 -0.992624164 -0.025757296 0.118464865 8.140561104
0.093552858 -0.056067675 0.994034290 19.654695511 -0.023324113 0.998015583 0.058487371 0.796989560 -0.995341003 -0.028656634 0.092059501 8.226469994
0.063007288 -0.055616591 0.996462166 20.493286133 -0.027267294 0.997977436 0.057425294 0.831952214 -0.997640431 -0.030789036 0.061363332 8.276475906
0.030269593 -0.055482972 0.998000741 21.337678909 -0.029585026 0.997970998 0.056378648 0.862667918 -0.999103904 -0.031232437 0.028566726 8.289032936
-0.004086487 -0.054973144 0.998479486 22.190282822 -0.031345312 0.998004198 0.054818690 0.890444160 -0.999500334 -0.031073634 -0.005801477 8.279017448
-0.038818881 -0.053684570 0.997803211 23.025264740 -0.032375492 0.998099089 0.052440949 0.921583772 -0.998721600 -0.030268669 -0.040483132 8.244960785
-0.071903005 -0.052027941 0.996053755 23.865417480 -0.035173543 0.998149693 0.049598318 0.943226337 -0.996791244 -0.031468470 -0.073599957 8.187986374
-0.104815826 -0.049214188 0.993273199 24.715980530 -0.037342679 0.998265147 0.045520920 0.967938185 -0.993790329 -0.032320168 -0.106471770 8.097742081
-0.137289941 -0.044749871 0.989519536 25.555105209 -0.034024827 0.998602450 0.040439889 0.984525025 -0.989946365 -0.028116232 -0.138620690 7.969668388
-0.168865561 -0.038363028 0.984892249 26.378820419 -0.029004764 0.999002874 0.033939630 1.002624393 -0.985212326 -0.022835327 -0.169809893 7.811237335
-0.198468015 -0.031976581 0.979585528 27.201347351 -0.022346288 0.999355435 0.028094484 1.013962030 -0.979852557 -0.016314246 -0.199054673 7.626183510
-0.227373183 -0.026279368 0.973453045 28.028202057 -0.016306266 0.999598384 0.023176473 1.020405054 -0.973671198 -0.010603679 -0.227710396 7.414268494
-0.254809976 -0.020131424 0.966781557 28.847925186 -0.007338112 0.999794662 0.018884791 1.022210360 -0.966963291 -0.002282321 -0.254905403 7.173271179
-0.280926615 -0.009869230 0.959678531 29.630174637 -0.001153662 0.999949872 0.009945666 1.007650137 -0.959728539 0.001686857 -0.280923903 6.926421642
-0.306437254 0.005943274 0.951872289 30.421768188 0.003639788 0.999980509 -0.005071891 0.995300412 -0.951883852 0.001910397 -0.306452930 6.659335136
-0.331121922 0.022564754 0.943318248 31.199022293 0.003568729 0.999736845 -0.022661638 0.970925450 -0.943581223 -0.004137318 -0.331115335 6.378623009
-0.356403381 0.037481740 0.933580101 31.966270447 0.004203514 0.999249339 -0.038513523 0.938451886 -0.934322715 -0.009802032 -0.356293380 6.079118729
-0.380767375 0.047817171 0.923433602 32.726402283 0.007776415 0.998792410 -0.048512865 0.894681811 -0.924638271 -0.011291110 -0.380679339 5.754162788
-0.403877616 0.052232724 0.913320661 33.481769562 0.010876127 0.998572230 -0.052298736 0.844367623 -0.914748371 -0.011188900 -0.403869063 5.410539627
-0.426669061 0.051875256 0.902918935 34.234428406 0.014613513 0.998618722 -0.050467961 0.788074255 -0.904289782 -0.008338295 -0.426837772 5.047968864
-0.446539104 0.047586448 0.893497825 34.970932007 0.018401483 0.998861969 -0.044001572 0.730788231 -0.894574881 -0.003206741 -0.446906537 4.659866333
-0.464792997 0.046606734 0.884191930 35.695945740 0.026628569 0.998897731 -0.038655169 0.678484678 -0.885018766 0.005578112 -0.465521783 4.266860008
-0.477976292 0.046632871 0.877134025 36.405860901 0.028141215 0.998890102 -0.037771069 0.631015062 -0.877921820 0.006629943 -0.478758037 3.868232727
-0.488760978 0.051008254 0.870925248 37.102195740 0.032337014 0.998662472 -0.040342115 0.584848881 -0.871818185 0.008445473 -0.489756733 3.462361336
-0.498826087 0.053174123 0.865069389 37.793529510 0.032399416 0.998562574 -0.042697161 0.539243698 -0.866096258 0.006729282 -0.499831915 3.060640335
-0.509651303 0.052584965 0.858772635 38.480720520 0.026547756 0.998616397 -0.045392822 0.487787843 -0.859971464 -0.000336023 -0.510342121 2.660612106
-0.520840585 0.050954323 0.852131844 39.180553436 0.025554856 0.998700261 -0.044098914 0.439504623 -0.853271365 -0.001192399 -0.521465778 2.239265442
-0.529360533 0.052205134 0.846789241 39.857067108 0.027561015 0.998636365 -0.044337157 0.393566132 -0.847949207 -0.000131973 -0.530077457 1.806743622
-0.536633372 0.055389903 0.841995537 40.536602020 0.030690927 0.998464227 -0.046122637 0.345210910 -0.843257248 0.001090680 -0.537509143 1.369781494
-0.539906085 0.058214638 0.839709818 41.226432800 0.032197755 0.998303652 -0.048507400 0.296587467 -0.841109395 0.000847333 -0.540864587 0.919506073
-0.539538682 0.060521524 0.839782774 41.927314758 0.032003246 0.998166502 -0.051374685 0.247771859 -0.841352344 -0.000842853 -0.540486395 0.469209671
-0.536020756 0.060750581 0.842016160 42.653026581 0.033855330 0.998151839 -0.050463591 0.199915767 -0.843525708 0.001457205 -0.537086844 0.002784729
-0.530493736 0.059493504 0.845598578 43.388336182 0.032410000 0.998228192 -0.049899329 0.139118791 -0.847069025 0.000934568 -0.531481981 -0.448810577
-0.523647785 0.057972800 0.849960089 44.138492584 0.030012511 0.998318017 -0.049601525 0.090235114 -0.851406038 -0.000464290 -0.524506927 -0.896949768
-0.516410410 0.057412263 0.854414463 44.909694672 0.028429013 0.998349488 -0.049901374 0.035983205 -0.855869114 -0.001479434 -0.517190278 -1.358638763
-0.510492027 0.056038197 0.858054519 45.699634552 0.025370667 0.998421371 -0.050111275 -0.018063068 -0.859508157 -0.003811994 -0.511107862 -1.813829422
-0.505927742 0.053674582 0.860904276 46.508979797 0.020794768 0.998530924 -0.050034691 -0.071210504 -0.862325191 -0.007411635 -0.506300688 -2.286113739
-0.504551411 0.050898995 0.861880064 47.334308624 0.016582381 0.998647928 -0.049268473 -0.127391100 -0.863222420 -0.010566454 -0.504713297 -2.757966995
-0.505191386 0.048465818 0.861645222 48.171485901 0.013481774 0.998743176 -0.048272789 -0.185949564 -0.862902045 -0.012770494 -0.505209804 -3.234283447
-0.506210685 0.047296673 0.861111939 49.016799927 0.012434375 0.998791516 -0.047549102 -0.245851874 -0.862320185 -0.013362480 -0.506187081 -3.722492218
-0.506541669 0.046577215 0.860956490 49.882263184 0.012041832 0.998824596 -0.046951011 -0.300904989 -0.862131357 -0.013415149 -0.506507158 -4.230585098
-0.506741464 0.046291973 0.860854268 50.750385284 0.012258493 0.998843193 -0.046496298 -0.357840776 -0.862010837 -0.013008827 -0.506722748 -4.737697601
-0.506980121 0.045145266 0.860774696 51.628074646 0.011854630 0.998898208 -0.045407314 -0.415409327 -0.861876190 -0.012816442 -0.506956756 -5.245967865
-0.506863356 0.045033924 0.860849261 52.514122009 0.012251909 0.998909950 -0.045042485 -0.477232695 -0.861939311 -0.012283340 -0.506862640 -5.765811920
-0.507247746 0.043500505 0.860701680 53.412292480 0.009759095 0.998951137 -0.044736292 -0.533734441 -0.861744940 -0.014292712 -0.507140279 -6.289224625
-0.507293820 0.042624079 0.860718369 54.292312622 0.009091063 0.998985171 -0.044113129 -0.595836878 -0.861725092 -0.014553475 -0.507166564 -6.795989990
-0.506766438 0.041943934 0.861062348 55.184902191 0.008321604 0.999007165 -0.043765906 -0.659650922 -0.862043202 -0.015013672 -0.506612360 -7.314544678
-0.505399585 0.040457059 0.861936450 56.061046600 0.007952303 0.999076128 -0.042231180 -0.720269322 -0.862848699 -0.014489247 -0.505254507 -7.828439713
-0.503040254 0.038246460 0.863416195 56.947254181 0.008054135 0.999184310 -0.039568070 -0.781971455 -0.864225447 -0.012950261 -0.502938092 -8.343730927
-0.500807583 0.036677018 0.864781201 57.831783295 0.008356440 0.999260068 -0.037541185 -0.843934298 -0.865518332 -0.011574417 -0.500743568 -8.849447250
-0.498307586 0.036561161 0.866229057 58.717662811 0.008548813 0.999269068 -0.037258614 -0.899333239 -0.866958141 -0.011161019 -0.498255908 -9.354736328
-0.496458799 0.036573302 0.867289484 59.603965759 0.008491449 0.999268770 -0.037278101 -0.957731366 -0.868018746 -0.011142498 -0.496406376 -9.854467392
-0.495205253 0.037382361 0.867971301 60.487838745 0.008448358 0.999233723 -0.038215607 -1.011398911 -0.868734956 -0.011591638 -0.495141596 -10.362325668
-0.496060908 0.038896680 0.867415905 61.362411499 0.008628547 0.999167562 -0.039870154 -1.072054625 -0.868244827 -0.012293486 -0.495983601 -10.857841492
-0.499220610 0.040487461 0.865528464 62.237327576 0.006595075 0.999056339 -0.042929679 -1.130995870 -0.866449833 -0.015723156 -0.499016553 -11.350658417
-0.503390431 0.041166589 0.863077879 63.117568970 0.005480329 0.998996437 -0.044453159 -1.189638138 -0.864041686 -0.017647339 -0.503110826 -11.867368698
-0.508991838 0.039687149 0.859855950 63.980239868 0.007100336 0.999096215 -0.041910812 -1.251934052 -0.860742152 -0.015226994 -0.508813500 -12.373546600
-0.514364660 0.037346609 0.856757939 64.839843750 0.008431565 0.999223232 -0.038494762 -1.312594414 -0.857530057 -0.012576535 -0.514279962 -12.888923645
-0.519782364 0.034676082 0.853594601 65.708152771 0.005241742 0.999286532 -0.037402742 -1.374063492 -0.854282618 -0.014966963 -0.519593239 -13.402452469
-0.525104225 0.037956584 0.850191057 66.554901123 0.007781438 0.999177337 -0.039801985 -1.432250857 -0.851002336 -0.014284485 -0.524967551 -13.917627335
-0.530007362 0.039789565 0.847059011 67.397781372 0.007831403 0.999085605 -0.042030707 -1.482989669 -0.847956896 -0.015642921 -0.529834330 -14.441862106
-0.534941673 0.040528011 0.843916416 68.224151611 0.006585137 0.999018490 -0.043802407 -1.543219209 -0.844863415 -0.017874425 -0.534683466 -14.952686310
-0.538134813 0.040975824 0.841862142 69.030296326 0.005754831 0.998972893 -0.044944260 -1.601669431 -0.842839122 -0.019341294 -0.537817955 -15.476661682
-0.541521728 0.040813588 0.839695394 69.843353271 0.007323956 0.999011993 -0.043833967 -1.658584237 -0.840654790 -0.017587157 -0.541285694 -15.997402191
-0.543588936 0.033682749 0.838675380 70.669349670 0.007655472 0.999351919 -0.035173904 -1.709629297 -0.839316547 -0.012699693 -0.543494582 -16.533084869
-0.546157539 0.023879232 0.837342203 71.493080139 0.005499557 0.999674261 -0.024921514 -1.768567681 -0.837664425 -0.009006062 -0.546110988 -17.063011169
-0.547913730 0.022740331 0.836225748 72.306396484 0.006706544 0.999717772 -0.022792052 -1.810454845 -0.836507916 -0.006879894 -0.547911525 -17.591243744
-0.548671901 0.027433975 0.835587502 73.096855164 0.007270496 0.999580204 -0.028044147 -1.857234478 -0.836006165 -0.009311902 -0.548641026 -18.108549118
-0.550521493 0.033499595 0.834148467 73.897384644 0.008725244 0.999370813 -0.034376472 -1.901711464 -0.834775329 -0.011646843 -0.550467432 -18.620676041
-0.549967706 0.037205111 0.834356725 74.680664062 0.014129493 0.999278903 -0.035245728 -1.949733496 -0.835066378 -0.007594971 -0.550096691 -19.165184021
-0.549707353 0.038659263 0.834462225 75.471778870 0.017764132 0.999243677 -0.034591075 -2.001023769 -0.835168302 -0.004191470 -0.549978375 -19.698310852
-0.549409688 0.035337757 0.834805429 76.272254944 0.016123926 0.999367654 -0.031692132 -2.044267893 -0.835397482 -0.003951627 -0.549632013 -20.215808868
-0.548779190 0.030432638 0.835413098 77.065437317 0.014390565 0.999533057 -0.026958138 -2.083128452 -0.835843444 -0.002772002 -0.548960924 -20.736442566
-0.548627734 0.022956252 0.835751474 77.853385925 0.011887421 0.999736130 -0.019657062 -2.139197826 -0.835982323 -0.000849480 -0.548755765 -21.228975296
-0.548124552 0.017718730 0.836208999 78.695938110 0.003196817 0.999812663 -0.019089913 -2.171587706 -0.836390615 -0.007790443 -0.548078537 -21.765707016
-0.546315908 0.012638058 0.837483883 79.492591858 -0.004857284 0.999821484 -0.018256368 -2.195682049 -0.837565243 -0.014041642 -0.546157002 -22.270092010
-0.544173837 0.013691057 0.838860810 80.277404785 -0.001021184 0.999855340 -0.016981099 -2.231874466 -0.838971972 -0.010097302 -0.544081151 -22.783802032
-0.541608036 0.016668845 0.840465903 81.058723450 0.003465302 0.999839187 -0.017596584 -2.276383400 -0.840623975 -0.006617984 -0.541578770 -23.276243210
-0.536533058 0.019536024 0.843653202 81.863510132 0.004946617 0.999787629 -0.020005677 -2.302443981 -0.843864739 -0.006560478 -0.536515772 -23.779298782
-0.528188646 0.022099843 0.848839402 82.649673462 0.010660875 0.999755025 -0.019395279 -2.340932608 -0.849060118 -0.001194996 -0.528294921 -24.286245346
-0.520123899 0.025399884 0.853713095 83.442092896 0.018316634 0.999659479 -0.018582731 -2.381067991 -0.853894413 0.005971829 -0.520412028 -24.776485443
-0.511584520 0.024466617 0.858884573 84.242599487 0.014993962 0.999696434 -0.019546878 -2.406891346 -0.859102130 0.002878200 -0.511796117 -25.226016998
-0.500312865 0.021846134 0.865569055 85.070190430 0.012308320 0.999760091 -0.018118577 -2.436847687 -0.865757227 0.001588743 -0.500461698 -25.697937012
-0.488268197 0.018352482 0.872500777 85.871940613 0.012542203 0.999823153 -0.014011770 -2.474155903 -0.872603476 0.004101579 -0.488412112 -26.153251648
-0.477131128 0.017424447 0.878659368 86.684867859 0.012219197 0.999838233 -0.013192223 -2.506852150 -0.878747165 0.004442091 -0.477266908 -26.590011597
-0.465372086 0.016805533 0.884955704 87.499702454 0.012443949 0.999845147 -0.012443407 -2.530401468 -0.885027647 0.005221528 -0.465509117 -27.009098053
-0.453333169 0.018095227 0.891157508 88.337089539 0.014017766 0.999815047 -0.013170691 -2.558251858 -0.891230881 0.006521327 -0.453503013 -27.434162140
-0.441560388 0.021592913 0.896971643 89.168952942 0.013046887 0.999759138 -0.017644620 -2.593940496 -0.897136688 0.003911523 -0.441735774 -27.836595535
-0.430281132 0.030665835 0.902173936 89.991279602 0.015629262 0.999526024 -0.026520748 -2.627845049 -0.902559638 0.002688932 -0.430556536 -28.222864151
-0.417158484 0.035591625 0.908136606 90.828750610 0.014982657 0.999366462 -0.032284718 -2.657991171 -0.908710301 0.000138453 -0.417427421 -28.609102249
-0.405917615 0.031303823 0.913373351 91.680046082 0.012357520 0.999509871 -0.028764080 -2.703781605 -0.913826108 -0.000388818 -0.406105489 -28.984863281
-0.394248039 0.027714644 0.918586075 92.510673523 0.010275248 0.999615610 -0.025749346 -2.741132975 -0.918946624 -0.000712932 -0.394381255 -29.330692291
-0.384521246 0.028500488 0.922676146 93.346702576 0.007752683 0.999587655 -0.027645310 -2.784876108 -0.923083603 -0.003476994 -0.384583712 -29.667926788
-0.377814889 0.032541383 0.925309181 94.196197510 0.002941017 0.999419212 -0.033946849 -2.833234549 -0.925876558 -0.010104273 -0.377691209 -30.001392365
-0.372773081 0.037196577 0.927176595 95.021789551 -0.004122340 0.999119997 -0.041740187 -2.875403643 -0.927913308 -0.019381760 -0.372291714 -30.319000244
-0.369280577 0.039236661 0.928489268 95.865234375 -0.006606929 0.998972178 -0.044842888 -2.925575018 -0.929294467 -0.022694068 -0.368641794 -30.644447327
-0.365613818 0.039043825 0.929947376 96.699127197 -0.007253603 0.998970032 -0.044793520 -2.980695248 -0.930738389 -0.023122601 -0.364954054 -30.960872650
-0.361061633 0.039214853 0.931717098 97.529441833 -0.008112488 0.998945534 -0.045188192 -3.036036968 -0.932506680 -0.023874264 -0.360362738 -31.272079468
-0.354806781 0.035208140 0.934276462 98.377174377 -0.009633624 0.999099970 -0.041309539 -3.090217113 -0.934890032 -0.023657374 -0.354148269 -31.590925217
-0.349806756 0.030977329 0.936309516 99.231719971 -0.010824200 0.999252737 -0.037103709 -3.143143177 -0.936759353 -0.023113927 -0.349210054 -31.901802063
-0.344118357 0.028000059 0.938508689 100.073631287 -0.013211422 0.999311924 -0.034658272 -3.190455437 -0.938833356 -0.024325581 -0.343511641 -32.201431274
-0.338466197 0.025995759 0.940619349 100.933494568 -0.021242600 0.999152541 -0.035257228 -3.242533445 -0.940738738 -0.031914581 -0.337627113 -32.491458893
-0.332412720 0.026246695 0.942768693 101.779197693 -0.028313620 0.998884439 -0.037792116 -3.287088156 -0.942708910 -0.039255776 -0.331298709 -32.768550873
-0.325741589 0.030301793 0.944973111 102.621513367 -0.026303016 0.998808980 -0.041095022 -3.337939978 -0.945092797 -0.038241997 -0.324556530 -33.052360535
-0.318792731 0.033525310 0.947231352 103.474372864 -0.024767399 0.998738408 -0.043683816 -3.386692047 -0.947500765 -0.037386540 -0.317560166 -33.334960938
-0.311962813 0.031981006 0.949555933 104.330017090 -0.026073502 0.998768687 -0.042204563 -3.433580875 -0.949736476 -0.037924502 -0.310744852 -33.613086700
-0.305353075 0.027112756 0.951853156 105.185249329 -0.026646703 0.998959839 -0.037002780 -3.483567715 -0.951866329 -0.036662664 -0.304312974 -33.875923157
-0.297615439 0.024474317 0.954372048 106.047904968 -0.027398096 0.999040544 -0.034163751 -3.534089565 -0.954292595 -0.036315627 -0.296659321 -34.146892548
-0.291757762 0.027688697 0.956091404 106.903678894 -0.030094676 0.998820245 -0.038109738 -3.576314449 -0.956018567 -0.039892070 -0.290580302 -34.394687653
-0.285120547 0.030138787 0.958017707 107.763442993 -0.029056514 0.998774469 -0.040068630 -3.629615545 -0.958051085 -0.039261043 -0.283895344 -34.644851685
-0.278479993 0.030686153 0.959951639 108.618423462 -0.031077074 0.998678207 -0.040939488 -3.676950455 -0.959939122 -0.041233320 -0.277158231 -34.881122589
-0.271567732 0.030258048 0.961943567 109.483856201 -0.031333640 0.998697817 -0.040260002 -3.727505207 -0.961909056 -0.041074507 -0.270266026 -35.120361328
-0.263227522 0.030045986 0.964265823 110.343559265 -0.027540797 0.998873472 -0.038642496 -3.777329922 -0.964340627 -0.036728416 -0.262103438 -35.356361389
-0.255545735 0.031377073 0.966287673 111.198944092 -0.024778256 0.998932302 -0.038989991 -3.825735569 -0.966479421 -0.033906650 -0.254495382 -35.582962036
-0.249076262 0.031932406 0.967957318 112.062629700 -0.023376253 0.998966813 -0.038970612 -3.873363733 -0.968201637 -0.032333873 -0.248072505 -35.796573639
-0.242483601 0.030792801 0.969666719 112.931434631 -0.029421186 0.998803020 -0.039075378 -3.919845581 -0.969709277 -0.038003877 -0.241287395 -35.996002197
-0.236442938 0.028919669 0.971214890 113.794281006 -0.034060642 0.998695970 -0.038030058 -3.968358755 -0.971048117 -0.042072136 -0.235149592 -36.198204041
-0.231915712 0.028899597 0.972306430 114.670349121 -0.031471364 0.998812377 -0.037194006 -4.017611504 -0.972226620 -0.039225683 -0.230730757 -36.401695251
-0.227711827 0.028998770 0.973296642 115.538177490 -0.029988907 0.998873413 -0.036776993 -4.066751957 -0.973266602 -0.037562661 -0.226585656 -36.591857910
-0.222590789 0.030772742 0.974426150 116.411994934 -0.028761171 0.998859346 -0.038114347 -4.114806175 -0.974487543 -0.036509544 -0.221451864 -36.795883179
-0.216382608 0.029264128 0.975869954 117.269767761 -0.022363368 0.999139786 -0.034920640 -4.168560028 -0.976052463 -0.029379960 -0.215542018 -36.990974426
-0.211210147 0.028328935 0.977030098 118.145820618 -0.015433274 0.999358594 -0.032312650 -4.208718777 -0.977318823 -0.021903532 -0.210637510 -37.185752869
-0.205871761 0.027791373 0.978184223 119.020050049 -0.013610266 0.999418676 -0.031259127 -4.253968239 -0.978484333 -0.019748725 -0.205373809 -37.372509003
-0.201887503 0.028990332 0.978979528 119.891525269 -0.015354469 0.999345303 -0.032759856 -4.298265457 -0.979288340 -0.021645520 -0.201310202 -37.542972565
-0.198713720 0.030966371 0.979568243 120.768455505 -0.017266776 0.999234974 -0.035090785 -4.336360455 -0.979905486 -0.023887010 -0.198026985 -37.711013794
-0.196764335 0.030460931 0.979977608 121.637779236 -0.020106917 0.999181747 -0.035095017 -4.379964352 -0.980244637 -0.026609777 -0.195990860 -37.876827240
-0.196352422 0.029433880 0.980091453 122.510246277 -0.020252818 0.999214411 -0.034065645 -4.421892166 -0.980324209 -0.026538488 -0.195602074 -38.037548065
-0.195302695 0.024425868 0.980438828 123.391204834 -0.019177210 0.999403596 -0.028718429 -4.468959332 -0.980555534 -0.024410866 -0.194717810 -38.211048126
-0.194423616 0.019673787 0.980720341 124.263992310 -0.020595394 0.999496579 -0.024133395 -4.505893707 -0.980701447 -0.024890423 -0.193920538 -38.378227234
-0.193505704 0.017865352 0.980936527 125.133506775 -0.020098086 0.999552190 -0.022169067 -4.543783188 -0.980893373 -0.024004787 -0.193059951 -38.546390533
-0.191667214 0.022200389 0.981208801 125.980117798 -0.020128740 0.999444962 -0.026544895 -4.586584568 -0.981253564 -0.024838286 -0.191113979 -38.715507507
-0.191857710 0.026518144 0.981064379 126.862899780 -0.019569304 0.999332786 -0.030838922 -4.621094704 -0.981227696 -0.025115428 -0.191210747 -38.884109497
-0.192353621 0.025296854 0.980999589 127.700859070 -0.023828791 0.999252498 -0.030439872 -4.656650543 -0.981036305 -0.029231250 -0.191607043 -39.032085419
-0.191969678 0.023561398 0.981117904 128.551910400 -0.025973579 0.999239564 -0.029078683 -4.705211639 -0.981057048 -0.031065375 -0.191211715 -39.188842773
-0.190954372 0.025466548 0.981268466 129.390701294 -0.021125657 0.999325216 -0.030046212 -4.741215229 -0.981371522 -0.026467400 -0.190287545 -39.356803894
-0.189626977 0.027317282 0.981476188 130.248489380 -0.023381749 0.999203801 -0.032328177 -4.783492088 -0.981577754 -0.029078923 -0.188837245 -39.526695251
-0.190263674 0.028362785 0.981323242 131.087554932 -0.029758226 0.998956621 -0.034642097 -4.831138611 -0.981281936 -0.035793573 -0.189221069 -39.668769836
-0.189203203 0.029385826 0.981498122 131.922073364 -0.035787836 0.998681664 -0.036799107 -4.877846718 -0.981285572 -0.042088199 -0.187902093 -39.820114136
-0.188938022 0.033508264 0.981417120 132.748840332 -0.031999256 0.998676717 -0.040257905 -4.922825813 -0.981467545 -0.039010864 -0.187615767 -39.974407196
-0.188669086 0.034482911 0.981435120 133.574432373 -0.031136129 0.998670876 -0.041074038 -4.971819878 -0.981546998 -0.038307492 -0.187344626 -40.131088257
-0.186924040 0.035533994 0.981731474 134.395462036 -0.032363504 0.998580396 -0.042305931 -5.017153263 -0.981841207 -0.039680272 -0.185508668 -40.282218933
-0.184954479 0.035213929 0.982115865 135.223114014 -0.022990951 0.998929262 -0.040146481 -5.065127373 -0.982478142 -0.030005049 -0.183946833 -40.443618774
-0.181132376 0.031978227 0.982938707 136.042648315 -0.016884653 0.999222755 -0.035619445 -5.113861561 -0.983313799 -0.023048416 -0.180451632 -40.606319427
-0.179254442 0.026826646 0.983436882 136.856964111 -0.013609855 0.999464750 -0.029744577 -5.159791470 -0.983708680 -0.018716278 -0.178793415 -40.755069733
-0.175576821 0.026584804 0.984106719 137.669540405 -0.011900740 0.999504983 -0.029124008 -5.199195862 -0.984393716 -0.016825097 -0.175173506 -40.900630951
-0.170530587 0.031609304 0.984845281 138.471313477 -0.010533788 0.999369800 -0.033899456 -5.243683815 -0.985296071 -0.016155045 -0.170090139 -41.041007996
-0.164024204 0.034621317 0.985848606 139.265869141 -0.010314277 0.999269068 -0.036808703 -5.284063339 -0.986402392 -0.016205836 -0.163547233 -41.168258667
-0.156128392 0.035536427 0.987097383 140.064605713 -0.010065299 0.999243498 -0.037565716 -5.319479942 -0.987685502 -0.015800508 -0.155652598 -41.286315918
-0.146686316 0.031135343 0.988692939 140.860565186 -0.009111592 0.999419510 -0.032824975 -5.358674049 -0.989141107 -0.013823542 -0.146317452 -41.398815155
-0.134979472 0.029729381 0.990402281 141.653594971 -0.005729306 0.999509633 -0.030783596 -5.400452614 -0.990831912 -0.009829469 -0.134742960 -41.504310608
-0.120855749 0.032435212 0.992139995 142.444290161 -0.001523806 0.999458790 -0.032860104 -5.436911106 -0.992668867 -0.005483161 -0.120740905 -41.604385376
-0.106796689 0.033480667 0.993717074 143.231521606 -0.002066157 0.999423265 -0.033894978 -5.474842548 -0.994278729 -0.005673046 -0.106665909 -41.683406830
-0.092638016 0.033433579 0.995138407 144.021377563 -0.000493028 0.999434412 -0.033623811 -5.515447617 -0.995699644 -0.003605473 -0.092569157 -41.755378723
-0.079229504 0.035175256 0.996235549 144.802139282 0.000385282 0.999378204 -0.035255570 -5.556999207 -0.996856272 -0.002409450 -0.079193793 -41.812332153
-0.065532781 0.041165486 0.997000933 145.571807861 -0.002557120 0.999138474 -0.041421816 -5.607585907 -0.997847080 -0.005263940 -0.065371066 -41.852264404
-0.052773371 0.050356060 0.997336149 146.336441040 -0.009537578 0.998656809 -0.050927423 -5.651585579 -0.998560965 -0.012199783 -0.052222200 -41.876796722
-0.039190665 0.058314826 0.997528672 147.103317261 -0.013856745 0.998167932 -0.058896605 -5.698231697 -0.999135673 -0.016130703 -0.038310811 -41.890399933
-0.026016379 0.059107430 0.997912645 147.868103027 -0.014581051 0.998121858 -0.059499972 -5.748051643 -0.999555171 -0.016098589 -0.025105666 -41.902633667
-0.013994083 0.055475291 0.998362005 148.642990112 -0.018378783 0.998276949 -0.055728167 -5.800394535 -0.999733150 -0.019128541 -0.012950400 -41.904441833
-0.003456120 0.052844211 0.998596787 149.406829834 -0.022327602 0.998349726 -0.052908413 -5.859037399 -0.999744713 -0.022479128 -0.002270533 -41.891872406
0.005316227 0.059373029 0.998221636 150.159881592 -0.026309866 0.997898579 -0.059213676 -5.917297363 -0.999639630 -0.025948288 0.006867153 -41.873428345
0.012049284 0.067380801 0.997654557 150.906326294 -0.029416077 0.997318983 -0.067002863 -5.970834732 -0.999494553 -0.028539745 0.013999060 -41.853782654
0.015220867 0.070089400 0.997424603 151.655670166 -0.032056101 0.997061551 -0.069574706 -6.025806427 -0.999370158 -0.030914556 0.017422931 -41.836723328
0.015071124 0.065572582 0.997734010 152.409347534 -0.034435924 0.997289360 -0.065023184 -6.084501743 -0.999293268 -0.033377919 0.017288329 -41.816379547
0.013626339 0.061174881 0.998034179 153.166580200 -0.036237042 0.997501194 -0.060647480 -6.151710033 -0.999250233 -0.035339400 0.015809089 -41.802078247
0.010594631 0.058534376 0.998229086 153.922317505 -0.035126466 0.997690856 -0.058130000 -6.202626228 -0.999326706 -0.034448396 0.012626271 -41.793785095
0.008074921 0.058919724 0.998229980 154.667877197 -0.033258490 0.997726142 -0.058620945 -6.253431797 -0.999414146 -0.032726262 0.010016141 -41.790435791
0.003836632 0.058661923 0.998270512 155.407257080 -0.032009218 0.997773468 -0.058509689 -6.310705185 -0.999480188 -0.031729367 0.005705811 -41.780403137
-0.000137484 0.057761043 0.998330414 156.155090332 -0.031626895 0.997830868 -0.057736482 -6.363717079 -0.999499738 -0.031582028 0.001689616 -41.783638000
-0.005326465 0.057917297 0.998307109 156.892852783 -0.032399748 0.997787237 -0.058059994 -6.413635254 -0.999460816 -0.032654159 -0.003438174 -41.784770966
-0.011316300 0.055990022 0.998367190 157.632659912 -0.033680324 0.997843206 -0.056342393 -6.465112209 -0.999368608 -0.034262929 -0.009406134 -41.785266876
-0.016979199 0.053418685 0.998427868 158.383468628 -0.031097367 0.998060405 -0.053927884 -6.525057793 -0.999372125 -0.031964120 -0.015285087 -41.806854248
-0.022080127 0.053265180 0.998336196 159.118560791 -0.031747978 0.998038709 -0.053951472 -6.575190067 -0.999251962 -0.032886408 -0.020345762 -41.823547363
-0.027554560 0.054985557 0.998106897 159.842422485 -0.034130227 0.997852027 -0.055913750 -6.621583462 -0.999037445 -0.035606291 -0.025618706 -41.833850861
-0.031510711 0.057085793 0.997871876 160.566696167 -0.033697717 0.997739553 -0.058142312 -6.679606438 -0.998935223 -0.035458121 -0.029515818 -41.852336884
-0.033976592 0.058989905 0.997680128 161.285629272 -0.033364553 0.997633219 -0.060123369 -6.735709667 -0.998865604 -0.035329942 -0.031928003 -41.876380920
-0.034612864 0.060179263 0.997587323 162.004013062 -0.030275945 0.997664213 -0.061234377 -6.790840626 -0.998942137 -0.032322396 -0.032710027 -41.909755707
-0.034500618 0.058920994 0.997666240 162.728546143 -0.027744452 0.997819424 -0.059889477 -6.842792988 -0.999019504 -0.029745929 -0.032790657 -41.931697845
-0.030531814 0.055111669 0.998013377 163.454574585 -0.024128625 0.998147190 -0.055857234 -6.898445129 -0.999242544 -0.025786111 -0.029145472 -41.955375671
-0.022864003 0.055033520 0.998222709 164.156631470 -0.023496971 0.998178303 -0.055569272 -6.951968193 -0.999462426 -0.024725745 -0.021529227 -41.969497681
-0.011960326 0.056103494 0.998353243 164.851593018 -0.020936191 0.998191774 -0.056345236 -7.000902176 -0.999709249 -0.021575626 -0.010764103 -41.968471527
0.002230963 0.056032684 0.998426437 165.543762207 -0.018893557 0.998253047 -0.055980742 -7.051216125 -0.999819100 -0.018738935 0.003285723 -41.961013794
0.017834289 0.053750973 0.998395026 166.220108032 -0.019290393 0.998386562 -0.053405918 -7.098886967 -0.999654830 -0.018306974 0.018842386 -41.945529938
0.033801109 0.048818417 0.998235524 166.903503418 -0.024267785 0.998551965 -0.048012160 -7.144945621 -0.999133825 -0.022602098 0.034936875 -41.903919220
0.050174467 0.041965775 0.997858286 167.588226318 -0.025403693 0.998847246 -0.040730003 -7.188652515 -0.998417318 -0.023305686 0.051182713 -41.856571198
0.067116886 0.035324723 0.997119606 168.265411377 -0.026051383 0.999094367 -0.033641145 -7.221078396 -0.997405052 -0.023718456 0.067976356 -41.802337646
0.084857106 0.027968759 0.996000469 168.937255859 -0.026370211 0.999318779 -0.025815256 -7.253595352 -0.996044159 -0.024074137 0.085536860 -41.735515594
0.101988390 0.021999814 0.994542241 169.597579956 -0.027973263 0.999423444 -0.019239180 -7.285264969 -0.994392216 -0.025858419 0.102544993 -41.653469086
0.119623460 0.019741744 0.992622972 170.237487793 -0.029329993 0.999436200 -0.016342614 -7.314366341 -0.992385983 -0.027158663 0.120135032 -41.563453674
0.137211278 0.018123411 0.990375996 170.880310059 -0.027849134 0.999508023 -0.014432174 -7.337568283 -0.990150213 -0.025600854 0.137648508 -41.462600708
0.154836088 0.017874494 0.987778485 171.524230957 -0.028729370 0.999494910 -0.013583131 -7.354001999 -0.987522423 -0.026275096 0.155271396 -41.349136353
0.170852900 0.016953429 0.985150695 172.140045166 -0.034773100 0.999332786 -0.011166858 -7.377121449 -0.984682739 -0.032348849 0.171328411 -41.226730347
0.185684115 0.013291015 0.982519627 172.768341064 -0.036790263 0.999301493 -0.006565124 -7.395003319 -0.981920540 -0.034928117 0.186043382 -41.094936371
0.197297558 0.009724571 0.980295360 173.389999390 -0.033419427 0.999436319 -0.003188343 -7.408765316 -0.979773879 -0.032131858 0.197511315 -40.961845398
0.208272323 0.008494674 0.978034019 174.005142212 -0.031380538 0.999505460 -0.001998681 -7.423632622 -0.977567315 -0.030274963 0.208435893 -40.828071594
0.218162015 0.012534301 0.975832045 174.608184814 -0.036061972 0.999338150 -0.004774032 -7.439961433 -0.975246012 -0.034148913 0.218469620 -40.680202484
0.227280945 0.019624768 0.973631382 175.200012207 -0.039883129 0.999145687 -0.010828868 -7.457104683 -0.973012149 -0.036370274 0.227869436 -40.527057648
0.236344278 0.029363945 0.971225500 175.781372070 -0.039673187 0.999001384 -0.020549394 -7.474971771 -0.970859110 -0.033674877 0.237273216 -40.380851746
0.244283929 0.034710348 0.969082296 176.378631592 -0.033857938 0.999055147 -0.027249075 -7.495226383 -0.969112456 -0.026154617 0.245228365 -40.228588104
0.250344872 0.032680672 0.967604935 176.981704712 -0.033927269 0.999112368 -0.024966955 -7.514625549 -0.967562079 -0.026577845 0.251231462 -40.061462402
0.256392390 0.025700390 0.966230929 177.584060669 -0.036802571 0.999181211 -0.016811136 -7.526057243 -0.965871811 -0.031249536 0.257128298 -39.892158508
0.260554850 0.015151693 0.965340078 178.196975708 -0.041003253 0.999148369 -0.004615151 -7.545639515 -0.964587927 -0.038379587 0.260954171 -39.710536957
0.262553602 0.007138706 0.964891016 178.803665161 -0.041166324 0.999144971 0.003809512 -7.563022137 -0.964038849 -0.040721212 0.262622952 -39.539562225
0.263867497 0.006223955 0.964538813 179.407821655 -0.038011283 0.999269545 0.003950625 -7.579720020 -0.963809669 -0.037705798 0.263911247 -39.378822327
0.264646858 0.008449217 0.964308381 180.009918213 -0.034130737 0.999417186 0.000610075 -7.583073139 -0.963741124 -0.033074014 0.264781028 -39.210819244
0.266964346 0.007742437 0.963675320 180.616165161 -0.030764870 0.999526560 0.000492232 -7.590298653 -0.963215172 -0.029778752 0.267076135 -39.051086426
0.268362999 0.005876445 0.963299930 181.225006104 -0.032834277 0.999456108 0.003050198 -7.589078426 -0.962758064 -0.032447819 0.268409997 -38.872264862
0.271083355 0.002380503 0.962552965 181.838989258 -0.033596963 0.999411047 0.006990240 -7.596904278 -0.961969376 -0.034233790 0.271003693 -38.692234039
0.273623139 -0.002900854 0.961832583 182.442749023 -0.032786444 0.999386191 0.012341235 -7.606837273 -0.961278021 -0.034911923 0.273360074 -38.510211945
0.278139651 -0.005686830 0.960523844 183.063156128 -0.031178663 0.999402106 0.014945440 -7.607113361 -0.960034549 -0.034104764 0.277796030 -38.330493927
0.284274906 -0.007895233 0.958710253 183.673980713 -0.029337857 0.999426186 0.016929740 -7.602637291 -0.958293915 -0.032939203 0.283880115 -38.141292572
0.292130232 -0.010955740 0.956315815 184.295257568 -0.028011391 0.999407351 0.020006172 -7.603711605 -0.955968261 -0.032632146 0.291650206 -37.946559906
0.302127868 -0.012965582 0.953179181 184.921600342 -0.025258450 0.999447525 0.021601079 -7.605730534 -0.952932715 -0.030602124 0.301633507 -37.751422882
0.313151091 -0.010882836 0.949640930 185.535919189 -0.026729854 0.999437153 0.020267868 -7.605607033 -0.949327052 -0.031730667 0.312683970 -37.537437439
0.324614167 -0.007241567 0.945818841 186.148117065 -0.027849406 0.999463916 0.017210482 -7.603838921 -0.945436478 -0.031927258 0.324238479 -37.315177917
0.336516321 -0.004204788 0.941668212 186.759307861 -0.028794451 0.999476612 0.014752954 -7.603118896 -0.941237271 -0.032079432 0.336219072 -37.089633942
0.348361075 -0.003904553 0.937352180 187.379516602 -0.027410563 0.999521255 0.014350485 -7.598457336 -0.936959505 -0.030692505 0.348087281 -36.856403351
0.360025465 -0.006965972 0.932916462 188.015609741 -0.026288513 0.999499381 0.017608244 -7.593451977 -0.932572007 -0.030864405 0.359662056 -36.611900330
