1.000000000 0.000000000 0.000000000 0.000000000 0.000000000 1.000000000 0.000000000 0.000000000 0.000000000 0.000000000 1.000000000 0.000000000
0.999760151 -0.002835029 -0.021715326 -0.017429382 0.002843855 0.999995887 0.000375579 -0.003113132 0.021714171 -0.000437244 0.999764144 0.269972771
0.999050617 -0.004271192 -0.043354575 -0.046102345 0.004275785 0.999990880 0.000013215 -0.005846441 0.043354124 -0.000198577 0.999059737 0.544929504
0.997813463 -0.007261154 -0.065692641 -0.080549806 0.007313132 0.999973118 0.000550787 -0.012113119 0.065686874 -0.001030002 0.997839749 0.821141422
0.996025741 -0.009446047 -0.088563316 -0.129521251 0.009345988 0.999955058 -0.001544431 -0.006916241 0.088573955 0.000710581 0.996069312 1.100235462
0.993491948 -0.016854793 -0.112648204 -0.168893203 0.016572354 0.999856770 -0.003443219 -0.012086817 0.112690084 0.001553964 0.993628979 1.394686103
0.990643263 -0.023234613 -0.134484351 -0.218611926 0.022792464 0.999728560 -0.004826591 -0.015020099 0.134559989 0.001716200 0.990903974 1.695921540
0.987436891 -0.020707244 -0.156650811 -0.295154870 0.020521728 0.999785542 -0.002801675 -0.024827765 0.156675220 -0.000448268 0.987650096 1.994016290
0.983421445 -0.018239493 -0.180414990 -0.372931272 0.018181659 0.999832690 -0.001974368 -0.037577111 0.180420816 -0.001338608 0.983588517 2.290108204
0.978967130 -0.020812744 -0.202953741 -0.455400467 0.020407982 0.999783456 -0.004087098 -0.045420855 0.202994838 -0.000140742 0.979179680 2.599874258
0.974086583 -0.026566977 -0.224609554 -0.533571064 0.025447696 0.999645114 -0.007877156 -0.052300099 0.224739090 0.001957236 0.974416971 2.906677008
0.968676507 -0.033564832 -0.246047258 -0.619786441 0.031015042 0.999417543 -0.014232011 -0.052749023 0.246381685 0.006155048 0.969153345 3.227865458
0.963111997 -0.037464906 -0.266480446 -0.716933727 0.033459276 0.999248683 -0.019557655 -0.059373409 0.267012984 0.009919968 0.963641882 3.541853428
0.958028913 -0.040774215 -0.283757061 -0.829501331 0.035233870 0.999076247 -0.024603743 -0.065640047 0.284498125 0.013573236 0.958580613 3.851368189
0.952301204 -0.042132329 -0.302237362 -0.946770906 0.035436697 0.998990595 -0.027605442 -0.077351592 0.303095371 0.015578400 0.952832878 4.175270081
0.945752859 -0.047082487 -0.321457475 -1.071067452 0.039355036 0.998759747 -0.030498460 -0.088223107 0.322494715 0.016193030 0.946432829 4.516653061
0.938721657 -0.055347748 -0.340203553 -1.188900709 0.047362380 0.998373330 -0.031738747 -0.103792377 0.341406971 0.013680999 0.939815938 4.850174427
0.930588007 -0.065057725 -0.360240996 -1.323816895 0.056996841 0.997829914 -0.032966744 -0.119151026 0.361604035 0.010145857 0.932276487 5.205698967
0.921927989 -0.070548937 -0.380882829 -1.476265430 0.061641671 0.997464955 -0.035551418 -0.138126850 0.382425427 0.009297592 0.923939526 5.560763836
0.913108170 -0.075609051 -0.400645345 -1.642327785 0.065715544 0.997099280 -0.038398851 -0.154921144 0.402386487 0.008733673 0.915428162 5.913313866
0.903710186 -0.077540457 -0.421064496 -1.828415513 0.065971151 0.996937215 -0.041998688 -0.169534802 0.423031509 0.010176528 0.906057835 6.284928322
0.893529654 -0.080780536 -0.441677749 -2.013282776 0.066929176 0.996655643 -0.046882998 -0.203436598 0.443987817 0.012330226 0.895947993 6.633401871
0.882788122 -0.081342109 -0.462675482 -2.213593483 0.064157784 0.996542633 -0.052786816 -0.232142270 0.465369612 0.016915346 0.884954810 6.996857643
0.870849967 -0.084962219 -0.484150648 -2.438162804 0.064202890 0.996171474 -0.059332497 -0.257946312 0.487338156 0.020585837 0.872970700 7.366688251
0.857706904 -0.094525211 -0.505374968 -2.664212227 0.070102081 0.995275080 -0.067180894 -0.288960427 0.509337366 0.022193681 0.860280693 7.738655090
0.844292521 -0.103822142 -0.525729239 -2.908832073 0.075833455 0.994327664 -0.074577592 -0.319567800 0.530489922 0.023097444 0.847376585 8.130424500
0.831089437 -0.108703159 -0.545411706 -3.171408653 0.076848045 0.993750453 -0.080959417 -0.357489288 0.550803661 0.025370702 0.834249139 8.508787155
0.819127917 -0.110016115 -0.562961698 -3.461884260 0.074452206 0.993524253 -0.085827887 -0.396692991 0.568758547 0.028390288 0.822014391 8.903458595
0.809202492 -0.106042661 -0.577880859 -3.768226147 0.067103155 0.993821919 -0.088404827 -0.451975673 0.583685279 0.032759771 0.811318874 9.300527573
0.800144136 -0.104714125 -0.590596497 -4.096970081 0.062554017 0.993841946 -0.091461845 -0.501231313 0.596536934 0.036238473 0.801767111 9.711037636
0.791004241 -0.106268652 -0.602510929 -4.436049938 0.061654292 0.993631899 -0.094310530 -0.553423226 0.608696342 0.037452642 0.792518914 10.143298149
0.781971276 -0.109789237 -0.613569260 -4.788213253 0.063750550 0.993290484 -0.096487105 -0.607316196 0.620045841 0.036334772 0.783723772 10.578045845
0.772288620 -0.114254184 -0.624912918 -5.153667450 0.067584924 0.992888153 -0.098008133 -0.669066250 0.631666422 0.033455875 0.774518132 11.020039558
0.762853324 -0.114090770 -0.636426032 -5.548598289 0.066310823 0.992923737 -0.098515771 -0.735229909 0.643162251 0.032951143 0.765020609 11.483362198
0.753763855 -0.114600293 -0.647075534 -5.963149548 0.063488640 0.992769897 -0.101867989 -0.801627874 0.654071212 0.035702460 0.755589902 11.945058823
0.743456602 -0.117769912 -0.658333063 -6.395503998 0.062946022 0.992325425 -0.106433116 -0.871029735 0.665815294 0.037688956 0.745164096 12.429822922
0.733799756 -0.122110009 -0.668301642 -6.846458435 0.065017149 0.991821349 -0.109833233 -0.940567613 0.676247478 0.037144531 0.735737503 12.903036118
0.723853588 -0.124328159 -0.678659260 -7.313029289 0.065392919 0.991565049 -0.111903831 -1.015086412 0.686847806 0.036622480 0.725878119 13.394203186
0.715854883 -0.124773987 -0.687010407 -7.797270775 0.063654117 0.991469026 -0.113742694 -1.092151284 0.695341647 0.037692219 0.717690229 13.885076523
0.708895981 -0.128092274 -0.693584025 -8.307691574 0.065344319 0.991068602 -0.116245374 -1.187829494 0.702279568 0.037084110 0.710934758 14.424642563
0.704697669 -0.131493226 -0.697216451 -8.821978569 0.064308785 0.990468979 -0.121801108 -1.275269866 0.706587315 0.040995818 0.706437409 14.947718620
0.704243481 -0.133126616 -0.697365403 -9.350685120 0.061402403 0.990002513 -0.126982898 -1.370007753 0.707298279 0.046606977 0.705377221 15.459270477
0.705872953 -0.131740108 -0.695979893 -9.889047623 0.056028605 0.989858150 -0.130542517 -1.466630340 0.706119061 0.053151656 0.706095517 15.989148140
0.708279192 -0.132903874 -0.693308830 -10.434766769 0.056627750 0.989649355 -0.131860420 -1.573345661 0.703657448 0.054133475 0.708474278 16.538835526
0.711515188 -0.133450866 -0.689881802 -11.008237839 0.056810305 0.989510715 -0.132819369 -1.678780317 0.700370312 0.055310603 0.711633444 17.122304916
0.714896083 -0.129931614 -0.687052667 -11.585395813 0.052855156 0.989813983 -0.132191002 -1.804252625 0.697230220 0.058188580 0.714481711 17.721094131
0.719829500 -0.125915378 -0.682635248 -12.168107986 0.048534941 0.990133286 -0.131455407 -1.916645288 0.692452073 0.061493836 0.718838453 18.307428360
0.724420965 -0.121345900 -0.678593755 -12.751340866 0.044027671 0.990519822 -0.130123451 -2.034888983 0.687950611 0.064387247 0.722895801 18.913892746
0.730032563 -0.118705899 -0.673024058 -13.332730293 0.042201977 0.990750194 -0.128968760 -2.152112484 0.682108223 0.065748446 0.728289545 19.529979706
0.734330595 -0.117067277 -0.668620706 -13.949184418 0.040261075 0.990793467 -0.129257903 -2.276989222 0.677596927 0.067998663 0.732283235 20.187196732
0.738522828 -0.115922183 -0.664188206 -14.541620255 0.040439978 0.990951002 -0.127986804 -2.395635843 0.673014581 0.067661427 0.736527860 20.836791992
0.741859913 -0.115946852 -0.660454452 -15.142310143 0.042401865 0.991077602 -0.126361564 -2.515907764 0.669212818 0.065738097 0.740157127 21.505554199
0.743632436 -0.115521736 -0.658532798 -15.734986305 0.041756254 0.991061509 -0.126702622 -2.637369156 0.667283356 0.066722326 0.741809309 22.172706604
0.745928764 -0.117914446 -0.655504763 -16.341751099 0.041286282 0.990496874 -0.131192416 -2.760486841 0.664744914 0.070796847 0.743708372 22.850688934
0.747486413 -0.115884475 -0.654090822 -16.963806152 0.035587978 0.990237594 -0.134769738 -2.881911039 0.663323104 0.077460788 0.744313240 23.544008255
0.749711990 -0.113359302 -0.651982903 -17.588436127 0.033827454 0.990495861 -0.133318037 -3.010023355 0.660899103 0.077895209 0.746421337 24.243804932
0.751746774 -0.113574490 -0.649598062 -18.217214584 0.036290128 0.990689635 -0.131213576 -3.150094509 0.658452570 0.075065397 0.748869359 24.960298538
0.753127992 -0.111141905 -0.648417830 -18.873367310 0.033972915 0.990881503 -0.130382791 -3.275722027 0.656996071 0.076166287 0.750036597 25.708496094
0.754124224 -0.116104141 -0.646387398 -19.523860931 0.039116032 0.990441918 -0.132267550 -3.409863234 0.655565917 0.074462056 0.751457810 26.456714630
0.754486263 -0.119994774 -0.645253241 -20.166776657 0.043970488 0.990177155 -0.132724568 -3.550878048 0.654841185 0.071766764 0.752351284 27.219112396
0.755084455 -0.121058330 -0.644354343 -20.822566986 0.044415042 0.989992559 -0.133947656 -3.688219786 0.654121578 0.072522745 0.752904713 27.989524841
0.755567729 -0.117056876 -0.644527078 -21.498634338 0.041339342 0.990463972 -0.131423444 -3.826610565 0.653764844 0.072654963 0.753201663 28.763919830
0.756282568 -0.113710478 -0.644287646 -22.183277130 0.040470723 0.991025269 -0.127400637 -3.966704845 0.652992189 0.070276082 0.754097104 29.547475815
0.756957948 -0.109130703 -0.644286633 -22.877222061 0.036335517 0.991460085 -0.125245914 -4.105265617 0.652452767 0.071395382 0.754458845 30.323751450
0.756013870 -0.107777163 -0.645621419 -23.546947479 0.035792802 0.991682112 -0.123634130 -4.261310101 0.653576016 0.070360526 0.753583372 31.122434616
0.754914761 -0.110364273 -0.646469951 -24.213680267 0.038649634 0.991512179 -0.124136247 -4.403754711 0.654682875 0.068726480 0.752772868 31.882898331
0.752279997 -0.110707462 -0.649475753 -24.873224258 0.039468199 0.991583526 -0.123306490 -4.546206951 0.657660306 0.067127392 0.750317931 32.654045105
0.749323726 -0.107780091 -0.653373897 -25.550235748 0.039062351 0.992141843 -0.118864276 -4.696127415 0.661050677 0.063545495 0.747645617 33.411121368
0.745849073 -0.108225390 -0.657264292 -26.217115402 0.039140522 0.992128611 -0.118948482 -4.829246998 0.664963901 0.062991947 0.744214296 34.182556152
0.745114863 -0.106444120 -0.658387005 -26.871965408 0.035811529 0.992142916 -0.119874902 -4.964489937 0.665973783 0.065742761 0.743072450 34.908172607
0.744960248 -0.103840768 -0.658977509 -27.540088654 0.031563107 0.992191195 -0.120666690 -5.098524094 0.666361809 0.069092512 0.742420495 35.628791809
0.743529797 -0.102595322 -0.660785615 -28.185695648 0.032085042 0.992495716 -0.117994741 -5.221020222 0.667932630 0.066531286 0.741241932 36.356594086
0.743280470 -0.101346001 -0.661258817 -28.841121674 0.032248650 0.992737114 -0.115900397 -5.358023167 0.668202221 0.064821802 0.741150439 37.072013855
0.743933082 -0.101169534 -0.660551488 -29.460498810 0.033085462 0.992837489 -0.114800349 -5.476732731 0.667434573 0.063549116 0.741951883 37.763893127
0.745054662 -0.100324377 -0.659415364 -30.075782776 0.033360817 0.992991269 -0.113381654 -5.601807117 0.666168690 0.062476892 0.743179679 38.452350616
0.745386481 -0.101070985 -0.658926010 -30.678733826 0.036038194 0.993103743 -0.111562707 -5.721113205 0.665657759 0.059410844 0.743888617 39.125003815
0.745093524 -0.103322655 -0.658908248 -31.251554489 0.038610995 0.992953062 -0.112042502 -5.839416504 0.665841460 0.058041047 0.743832290 39.771499634
0.744753599 -0.104536682 -0.659101009 -31.808933258 0.040788036 0.992938638 -0.111396410 -5.948451996 0.666091800 0.056079447 0.743758500 40.393230438
0.744410694 -0.102573939 -0.659796476 -32.343040466 0.039299086 0.993147790 -0.110058866 -6.058255196 0.666564584 0.055999592 0.743340850 40.984992981
0.743393302 -0.101319939 -0.661135852 -32.855468750 0.038736768 0.993322611 -0.108671658 -6.162834644 0.667731762 0.055175532 0.742354274 41.556777954
0.742511868 -0.103999317 -0.661710143 -33.336692810 0.042310238 0.993182600 -0.108619243 -6.258744717 0.668495357 0.052653972 0.741850078 42.096904755
0.742197633 -0.105093122 -0.661889911 -33.804477692 0.041207109 0.992915869 -0.111445740 -6.348495007 0.668913126 0.055440199 0.741270363 42.607620239
0.741435707 -0.104139753 -0.662893534 -34.236354828 0.039149556 0.992914438 -0.112197489 -6.443343639 0.669880927 0.057235230 0.740259349 43.090423584
0.740845382 -0.102365680 -0.663829267 -34.664974213 0.035436030 0.992898762 -0.113562517 -6.529720306 0.670740247 0.060608793 0.739211857 43.555042267
0.740241826 -0.104449026 -0.664178014 -35.082828522 0.035619304 0.992564380 -0.116392732 -6.615997791 0.671396494 0.062501214 0.738458157 44.007179260
0.738906741 -0.106192522 -0.665387094 -35.497470856 0.037467025 0.992450535 -0.116783403 -6.695881844 0.672765255 0.061361972 0.737307012 44.464664459
0.738691092 -0.104240336 -0.665935040 -35.900978088 0.036498044 0.992705762 -0.114904918 -6.776438236 0.673055232 0.060573921 0.737107456 44.906291962
0.738794506 -0.100506909 -0.666394055 -36.306228638 0.032632463 0.992991924 -0.113587253 -6.854316711 0.673140228 0.062171541 0.736896813 45.335960388
0.738413095 -0.097470455 -0.667267323 -36.699069977 0.029201202 0.993192434 -0.112764962 -6.935866833 0.673716187 0.063782126 0.736232579 45.757293701
0.738719761 -0.097842209 -0.666873395 -37.096080780 0.029307880 0.993134618 -0.113245167 -7.008986473 0.673375309 0.064111777 0.736515760 46.174991608
0.739433885 -0.095859729 -0.666369617 -37.479080200 0.027656054 0.993300498 -0.112201542 -7.080032825 0.672660828 0.064536460 0.737131178 46.585617065
0.740081668 -0.094469108 -0.665848792 -37.838794708 0.026589671 0.993420959 -0.111390248 -7.155217171 0.671991050 0.064733185 0.737724602 46.987030029
0.741171896 -0.091060735 -0.665110648 -38.202457428 0.025543731 0.993865430 -0.107605912 -7.223898888 0.670829058 0.062765069 0.738951206 47.380580902
0.741551638 -0.087824106 -0.665122569 -38.561626434 0.026095962 0.994420469 -0.102210604 -7.289093971 0.670387983 0.058437437 0.739706039 47.776290894
0.741881490 -0.086279638 -0.664956808 -38.907054901 0.027845785 0.994795740 -0.098009899 -7.351474285 0.669952631 0.054195486 0.740423203 48.163864136
0.742477894 -0.080462217 -0.665020704 -39.267070770 0.021607393 0.995120049 -0.096277513 -7.416738033 0.669522166 0.057114556 0.740593135 48.542682648
0.743318260 -0.075293891 -0.664686978 -39.630130768 0.015789378 0.995343208 -0.095092490 -7.482031822 0.668751657 0.060188990 0.741045654 48.921779633
0.743044913 -0.077033222 -0.664793313 -39.989528656 0.016174396 0.995130241 -0.097232915 -7.537446022 0.669046104 0.061495788 0.740672410 49.317180634
0.741791964 -0.083320245 -0.665434062 -40.314392090 0.020490741 0.994604647 -0.101694278 -7.593969345 0.670317113 0.061800763 0.739497006 49.703807831
0.741612315 -0.087852277 -0.665051281 -40.668571472 0.026431559 0.994444430 -0.101890251 -7.661795616 0.670307934 0.057984710 0.739814281 50.096069336
0.743787944 -0.084171623 -0.663094759 -41.029491425 0.023261443 0.994698167 -0.100172356 -7.715390205 0.668010950 0.059082448 0.741802394 50.491744995
0.746620178 -0.077222094 -0.660753369 -41.404338837 0.016976694 0.995128155 -0.097117513 -7.772030830 0.665033996 0.061292484 0.744293630 50.891677856
0.750103712 -0.071754768 -0.657415867 -41.769222260 0.015064447 0.995692253 -0.091488145 -7.832758904 0.661148548 0.058722004 0.747953475 51.294178009
0.753830671 -0.071119770 -0.653208375 -42.110462189 0.020234924 0.996166229 -0.085108206 -7.893490314 0.656757116 0.050939567 0.752379775 51.715831757
0.757887661 -0.072322540 -0.648363769 -42.483741760 0.024021881 0.996255934 -0.083048865 -7.946514130 0.651942432 0.047366809 0.756787539 52.151611328
0.760544658 -0.076680690 -0.644741774 -42.842765808 0.029743193 0.996073842 -0.083380058 -7.999882698 0.648603976 0.044237591 0.759839356 52.592407227
0.763757288 -0.080199942 -0.640502036 -43.209823608 0.034207221 0.995886147 -0.083909184 -8.054851532 0.644596577 0.042176459 0.763358712 53.035713196
0.767577052 -0.079350524 -0.636025906 -43.587936401 0.035130378 0.996023893 -0.081867337 -8.108810425 0.639993191 0.040495660 0.767312706 53.487907410
0.770867586 -0.078828193 -0.632099092 -43.954975128 0.034887921 0.996048748 -0.081668779 -8.161630630 0.636039257 0.040903188 0.770571828 53.944786072
0.774169266 -0.078695871 -0.628067613 -44.348255157 0.034541111 0.996015310 -0.082223013 -8.225141525 0.632035494 0.041960377 0.773802578 54.415039062
0.776858091 -0.080758065 -0.624475598 -44.733074188 0.036566455 0.995853782 -0.083295941 -8.281593323 0.628613174 0.041874263 0.776589990 54.891918182
0.778764725 -0.085220963 -0.621500552 -45.114356995 0.041500848 0.995558023 -0.084510006 -8.338969231 0.625941932 0.040020596 0.778842092 55.381931305
0.780144632 -0.086444855 -0.619597971 -45.517814636 0.043271661 0.995491505 -0.084404692 -8.393198967 0.624100924 0.039036822 0.780367911 55.881893158
0.781316459 -0.084518991 -0.618386090 -45.911315918 0.043376520 0.995746136 -0.081290141 -8.457212448 0.622625947 0.036689874 0.781659007 56.393276215
0.782181203 -0.082166865 -0.617609262 -46.316967010 0.043974139 0.996074378 -0.076826178 -8.516863823 0.621497273 0.032933149 0.782723784 56.906547546
0.782520235 -0.081386581 -0.617282987 -46.724803925 0.045707088 0.996253908 -0.073410384 -8.578058243 0.620945156 0.029230889 0.783308744 57.423000336
0.782533467 -0.080825515 -0.617339969 -47.152259827 0.045643821 0.996317148 -0.072585665 -8.633718491 0.620933175 0.028622963 0.783340693 57.957847595
0.781696439 -0.081849486 -0.618264794 -47.574073792 0.046960618 0.996261120 -0.072516665 -8.688414574 0.621888578 0.027651934 0.782617390 58.487548828
0.779880047 -0.082294725 -0.620495498 -47.993080139 0.047515627 0.996242583 -0.072408281 -8.751441956 0.624122918 0.026986532 0.780859888 59.013591766
0.777600884 -0.084707625 -0.623026073 -48.436008453 0.048970018 0.996032715 -0.074302569 -8.806471825 0.626848340 0.027268147 0.778663933 59.546215057
0.773663819 -0.085657731 -0.627779603 -48.868957520 0.050679278 0.996010721 -0.073445074 -8.872370720 0.631566405 0.025006376 0.774918437 60.091693878
0.769580364 -0.084796838 -0.632894695 -49.314006805 0.050726142 0.996129572 -0.071782559 -8.926466942 0.636531949 0.023138139 0.770903111 60.628063202
0.765707970 -0.079473875 -0.638259411 -49.770046234 0.048261166 0.996638536 -0.066199988 -8.988003731 0.641375005 0.019886725 0.766969681 61.157058716
0.761013925 -0.075367786 -0.644342601 -50.229980469 0.046266358 0.997004807 -0.061974317 -9.054897308 0.647083521 0.017351938 0.762221575 61.684589386
0.754586339 -0.077676490 -0.651587188 -50.679771423 0.049363006 0.996874988 -0.061672647 -9.112050056 0.654341459 0.014373035 0.756062567 62.194282532
0.746852219 -0.080135405 -0.660143971 -51.139259338 0.051013742 0.996691346 -0.063274913 -9.165168762 0.663030446 0.013580590 0.748469174 62.706932068
0.738338351 -0.082805961 -0.669327796 -51.603706360 0.050908718 0.996445417 -0.067117743 -9.221135139 0.672506452 0.015480980 0.739929378 63.200946808
0.728532493 -0.081810191 -0.680108368 -52.075355530 0.047835656 0.996494949 -0.068626702 -9.281765938 0.683338881 0.017463353 0.729892313 63.690979004
0.717885792 -0.081474476 -0.691376805 -52.558162689 0.047053304 0.996535480 -0.068578109 -9.336620331 0.694568932 0.016699692 0.719232321 64.169792175
0.706482530 -0.079108037 -0.703295350 -53.032943726 0.046773829 0.996779740 -0.065133937 -9.385900497 0.706183136 0.013120175 0.707907617 64.636695862
0.694710791 -0.074358098 -0.715435326 -53.516563416 0.044895761 0.997185409 -0.060046304 -9.449599266 0.717886686 0.009594800 0.696093798 65.104957581
0.683138907 -0.069200061 -0.727002501 -54.017990112 0.040947728 0.997563899 -0.056476429 -9.504045486 0.729139566 0.008812134 0.684308290 65.556137085
0.670653582 -0.066750579 -0.738761246 -54.532691956 0.037731517 0.997723401 -0.055896059 -9.559631348 0.740810394 0.009612303 0.671645463 65.994621277
0.657238901 -0.070364386 -0.750390351 -55.044158936 0.039115764 0.997475088 -0.059273563 -9.611092567 0.752666593 0.009604795 0.658331811 66.423637390
0.644418955 -0.073430397 -0.761138678 -55.570404053 0.037293337 0.997212172 -0.064630985 -9.659703255 0.763762593 0.013264034 0.645360887 66.847335815
0.633026719 -0.075325646 -0.770456433 -56.111450195 0.034841076 0.997018516 -0.068849728 -9.714647293 0.773345530 0.016740184 0.633763790 67.265281677
0.623260975 -0.072219029 -0.778671980 -56.601329803 0.028886998 0.997173190 -0.069362618 -9.775969505 0.781480193 0.020737525 0.623585284 67.657424927
0.616652131 -0.066684827 -0.784406304 -57.145576477 0.024595922 0.997551441 -0.065469138 -9.824034691 0.786851466 0.021078493 0.616782427 68.063407898
0.613704979 -0.056728911 -0.787494779 -57.706237793 0.019612258 0.998202980 -0.056623653 -9.876629829 0.789291918 0.019305665 0.613714695 68.473670959
0.614075840 -0.050837815 -0.787607968 -58.245906830 0.019138237 0.998589098 -0.049534466 -9.935268402 0.789015055 0.015344501 0.614182353 68.888458252
0.616625249 -0.049950019 -0.785670638 -58.777709961 0.018431697 0.998627484 -0.049023107 -9.987609863 0.787041008 0.015747650 0.616699636 69.306358337
0.621531248 -0.054378144 -0.781499743 -59.313583374 0.018867305 0.998337686 -0.054460820 -10.022712708 0.783161998 0.019104313 0.621524155 69.734207153
0.629746020 -0.056559443 -0.774739325 -59.851661682 0.017756470 0.998133421 -0.058434870 -10.073919296 0.776598275 0.023042491 0.629574716 70.170761108
0.639629900 -0.056713697 -0.766587973 -60.381584167 0.017814115 0.998100400 -0.058977600 -10.118858337 0.768476605 0.024067754 0.639425159 70.615821838
0.651198566 -0.054827370 -0.756924152 -60.910617828 0.018989701 0.998251855 -0.055970531 -10.172000885 0.758669734 0.022074163 0.651101291 71.074272156
0.663036108 -0.053438663 -0.746677518 -61.432701111 0.021986127 0.998408675 -0.051931418 -10.219218254 0.748264313 0.018015858 0.663155973 71.544738770
0.674656689 -0.054217495 -0.736137807 -61.959613800 0.026638892 0.998437464 -0.049122151 -10.262720108 0.737650812 0.013530697 0.675046861 72.033576965
0.686073840 -0.053376526 -0.725571275 -62.503055573 0.029440511 0.998525083 -0.045618445 -10.298650742 0.726935983 0.009936433 0.686633289 72.543601990
0.697534978 -0.048574850 -0.714902401 -62.996936798 0.029536594 0.998800933 -0.039045591 -10.341871262 0.715941727 0.006119886 0.698133230 73.040916443
0.708512425 -0.041001696 -0.704506159 -63.523647308 0.027583143 0.999156952 -0.030410137 -10.376008987 0.705159009 0.002113470 0.709046066 73.568275452
0.718207300 -0.039380394 -0.694713891 -64.040390015 0.031948961 0.999210536 -0.023611639 -10.409294128 0.695095420 -0.005237335 0.718898416 74.109992981
0.725245297 -0.038978420 -0.687386215 -64.551712036 0.035294835 0.999188244 -0.019420465 -10.439436913 0.687585235 -0.010176582 0.726032317 74.660034180
0.730521202 -0.043102525 -0.681528389 -65.062637329 0.040461127 0.998984694 -0.019809971 -10.464574814 0.681690276 -0.013103798 0.731523514 75.220794678
0.734624624 -0.043818697 -0.677057326 -65.574333191 0.040621720 0.998962700 -0.020576568 -10.482384682 0.677256644 -0.012387183 0.735642552 75.771507263
0.737754166 -0.039721407 -0.673899889 -66.102844238 0.040023740 0.999084949 -0.015072534 -10.501516342 0.673882067 -0.015852168 0.738668919 76.347801208
0.740252674 -0.032695062 -0.671533406 -66.641670227 0.038757935 0.999231100 -0.005925620 -10.521844864 0.671210706 -0.021640794 0.740950584 76.931709290
0.742844224 -0.031145591 -0.668739438 -67.180664062 0.043158863 0.999067247 0.001411278 -10.541255951 0.668071747 -0.029910393 0.743495405 77.525093079
0.744579077 -0.032597724 -0.666737854 -67.715034485 0.044885192 0.998991430 0.001283462 -10.556559563 0.666023493 -0.030882299 0.745291233 78.134475708
0.747521937 -0.035004608 -0.663314223 -68.253944397 0.046610586 0.998913109 -0.000187132 -10.564523697 0.662599802 -0.030777575 0.748341024 78.740280151
0.750305235 -0.032907568 -0.660272121 -68.806739807 0.046201773 0.998928487 0.002715731 -10.570363045 0.659475148 -0.032543365 0.751021564 79.355232239
0.753351986 -0.027612327 -0.657037556 -69.366821289 0.045851920 0.998891950 0.010594368 -10.573654175 0.656017065 -0.038107719 0.753783405 79.986236572
0.756633043 -0.020120353 -0.653530061 -69.917564392 0.045016244 0.998757660 0.021369219 -10.576601982 0.652288198 -0.045588136 0.756598830 80.625419617
0.760437369 -0.016106911 -0.649211407 -70.474456787 0.042696711 0.998769403 0.025232296 -10.570358276 0.648006082 -0.046906777 0.760189354 81.269424438
0.764739573 -0.016613614 -0.644125223 -71.033927917 0.044213030 0.998664320 0.026733983 -10.566972733 0.642820716 -0.048923265 0.764452755 81.916549683
0.768816471 -0.014497047 -0.639305115 -71.592201233 0.042647567 0.998679578 0.028640846 -10.551371574 0.638045788 -0.049284369 0.768419564 82.582855225
0.773041427 -0.010959275 -0.634260774 -72.143066406 0.041427173 0.998588562 0.033237305 -10.537915230 0.633001328 -0.051969443 0.772404313 83.251976013
0.776692927 -0.009236266 -0.629811704 -72.695678711 0.043885168 0.998256207 0.039480273 -10.521905899 0.628348827 -0.058303442 0.775743842 83.927787781
0.779987931 -0.011538187 -0.625688136 -73.237846375 0.047989499 0.997988641 0.041420393 -10.507905006 0.623951733 -0.062333867 0.778972745 84.610595703
0.783221722 -0.015991468 -0.621536613 -73.769660950 0.052256275 0.997825146 0.040177144 -10.484354019 0.619542360 -0.063946813 0.782354116 85.297523499
0.785850704 -0.017113896 -0.618179262 -74.312973022 0.053400122 0.997761130 0.040261690 -10.461270332 0.616106272 -0.064650536 0.785005271 85.993408203
0.788077474 -0.016243804 -0.615361691 -74.870002747 0.053692456 0.997655749 0.042427223 -10.440483093 0.613229990 -0.066476218 0.787102163 86.693084717
0.789288104 -0.012438068 -0.613896966 -75.423332214 0.053696483 0.997362614 0.048830234 -10.420433998 0.611670554 -0.071505234 0.787874401 87.401878357
0.790391386 -0.009649203 -0.612526059 -75.974769592 0.053500067 0.997143030 0.053327326 -10.387126923 0.610261381 -0.074919656 0.788649499 88.112968445
0.791057289 -0.012012926 -0.611624241 -76.526145935 0.057060666 0.996897221 0.054220542 -10.359307289 0.609075189 -0.077791229 0.789288282 88.826522827
0.790941238 -0.013370290 -0.611745954 -77.081924438 0.058156952 0.996878088 0.053404838 -10.331338882 0.609121978 -0.077817373 0.789249539 89.541076660
0.790497601 -0.014387080 -0.612296104 -77.644409180 0.057792258 0.997015595 0.051185202 -10.290998459 0.609732389 -0.075847752 0.788969934 90.258277893
0.789618671 -0.015106836 -0.613411725 -78.205718994 0.061065156 0.996668637 0.054061051 -10.257308006 0.610551715 -0.080145709 0.787910759 90.979866028
0.787972629 -0.014954096 -0.615528762 -78.777267456 0.065396495 0.996082783 0.059518140 -10.221764565 0.612227559 -0.087152079 0.785863817 91.715782166
0.785744607 -0.014228888 -0.618387341 -79.359039307 0.068374284 0.995606661 0.063970156 -10.179468155 0.614760518 -0.092546001 0.783265471 92.450088501
0.783029139 -0.014645470 -0.621812582 -79.915847778 0.070803724 0.995323181 0.065718204 -10.143154144 0.617941916 -0.095485933 0.780403852 93.155563354
0.779949307 -0.016508333 -0.625624835 -80.508010864 0.073146887 0.995205343 0.064929776 -10.093440056 0.621553361 -0.096404456 0.777417243 93.879203796
0.775529921 -0.018624384 -0.631036043 -81.113616943 0.076985329 0.994894922 0.065250024 -10.049000740 0.626599371 -0.099183872 0.773004413 94.616714478
0.770381212 -0.014874164 -0.637409985 -81.718788147 0.076032750 0.994737089 0.068681560 -10.005253792 0.633033812 -0.101375021 0.767457724 95.342178345
0.765073836 -0.015757140 -0.643749595 -82.346420288 0.078757614 0.994485021 0.069258556 -9.958927155 0.639107943 -0.103688106 0.762095571 96.096992493
0.760287583 -0.016782345 -0.649369717 -82.974403381 0.081442945 0.994240701 0.069658905 -9.908432961 0.644460738 -0.105847396 0.757275701 96.830894470
0.755652785 -0.014832885 -0.654804349 -83.632476807 0.080523737 0.994263172 0.070403032 -9.848747253 0.650003552 -0.105927542 0.752512276 97.572677612
0.751443684 -0.012976009 -0.659669578 -84.281959534 0.081494696 0.993976176 0.073280364 -9.809411049 0.654744983 -0.108825661 0.747974634 98.309814453
0.747078240 -0.015624684 -0.664552510 -84.939270020 0.085403681 0.993694484 0.072645977 -9.755350113 0.659227073 -0.111027457 0.743701935 99.043708801
0.742918134 -0.019067962 -0.669110715 -85.608001709 0.087488726 0.993785620 0.068818949 -9.698732376 0.663640201 -0.109666504 0.739969492 99.778617859
0.739393830 -0.022317681 -0.672903180 -86.280387878 0.090157725 0.993730962 0.066108011 -9.645189285 0.667209387 -0.109547287 0.736770689 100.518402100
0.736520529 -0.023477895 -0.676007748 -86.964790344 0.091064870 0.993740678 0.064703718 -9.602053642 0.670257151 -0.109216154 0.734048426 101.264244080
0.734955132 -0.024704564 -0.677665651 -87.670745850 0.094214261 0.993364036 0.065965585 -9.555806160 0.671538949 -0.112327524 0.732405484 102.003074646
0.732215226 -0.026170788 -0.680570364 -88.360336304 0.100651152 0.992447376 0.070125245 -9.503384590 0.673595011 -0.119846970 0.729319274 102.770240784
0.730109870 -0.027995022 -0.682756186 -89.067428589 0.103987984 0.992075145 0.070522204 -9.452250481 0.675371230 -0.122487396 0.727234900 103.533409119
0.728292942 -0.030748352 -0.684575737 -89.779991150 0.102273948 0.992681265 0.064218000 -9.402957916 0.677590847 -0.116783783 0.726107478 104.289199829
0.728156328 -0.032307640 -0.684649289 -90.509552002 0.099163763 0.993344724 0.058590725 -9.352584839 0.678199828 -0.110555612 0.726513922 105.047988892
0.728734612 -0.030313898 -0.684124887 -91.217247009 0.096667849 0.993569613 0.058945723 -9.308938026 0.677938879 -0.109088674 0.726979017 105.790115356
0.729254246 -0.023722347 -0.683831394 -91.947601318 0.090982407 0.993886232 0.062547579 -9.261951447 0.678166866 -0.107829727 0.726954162 106.547157288
0.730376422 -0.021571597 -0.682704210 -92.684700012 0.089912012 0.993840098 0.064787798 -9.216279030 0.677101254 -0.108702786 0.727816939 107.318222046
0.731732965 -0.025418796 -0.681117356 -93.427787781 0.093505226 0.993599772 0.063373424 -9.161159515 0.675147116 -0.110060461 0.729426503 108.107521057
0.732829034 -0.030083006 -0.679747403 -94.160385132 0.092261069 0.994188786 0.055466771 -9.131669044 0.674128711 -0.103361890 0.731345832 108.897750854
0.734021604 -0.033899453 -0.678279519 -94.896125793 0.088129662 0.995062828 0.045640457 -9.090106964 0.673383534 -0.093277618 0.733385265 109.681724548
0.734968483 -0.037363030 -0.677071154 -95.635375977 0.087370999 0.995375812 0.039914083 -9.062360764 0.672448933 -0.088491969 0.734834313 110.481758118
0.736613512 -0.037801988 -0.675256610 -96.371475220 0.087530039 0.995368004 0.039761070 -9.041017532 0.670625746 -0.088393785 0.736510396 111.280471802
0.737824798 -0.040456537 -0.673778832 -97.119110107 0.091411613 0.994995117 0.040357016 -9.011085510 0.668773830 -0.091367625 0.737830162 112.102951050
0.738393128 -0.043183003 -0.672986507 -97.863403320 0.096382253 0.994460523 0.041938774 -8.987015724 0.667447329 -0.095831260 0.738464892 112.927215576
0.739431083 -0.048388228 -0.671491086 -98.607566833 0.098705351 0.994427383 0.037032843 -8.968973160 0.665957153 -0.093663007 0.740086675 113.729492188
0.740321875 -0.052452099 -0.670203209 -99.353012085 0.099469401 0.994524658 0.032041714 -8.947379112 0.664852977 -0.090385891 0.741485596 114.548004150
0.740782499 -0.049949501 -0.669885218 -100.100730896 0.096552223 0.994794011 0.032594744 -8.932785988 0.664769828 -0.088824518 0.741748869 115.371170044
0.741620660 -0.045611762 -0.669266999 -100.853172302 0.093714818 0.994946539 0.036038809 -8.915416718 0.664241135 -0.089447372 0.742147446 116.193580627
0.742173851 -0.043718934 -0.668779969 -101.610107422 0.091156624 0.995181739 0.036104195 -8.894471169 0.663979232 -0.087759323 0.742583215 117.019332886
0.742819428 -0.038627807 -0.668376565 -102.360633850 0.086697549 0.995477915 0.038821660 -8.873294830 0.663854599 -0.086784109 0.742809236 117.847923279
0.743449509 -0.037366688 -0.667747319 -103.110679626 0.086583212 0.995413065 0.040696476 -8.853023529 0.663163722 -0.088071495 0.743274689 118.673004150
0.743537724 -0.040854726 -0.667444766 -103.855560303 0.087740704 0.995462954 0.036810763 -8.831220627 0.662912607 -0.085932262 0.743748903 119.497817993
0.743516564 -0.045723390 -0.667152584 -104.606582642 0.087883189 0.995687842 0.029702919 -8.817594528 0.662917554 -0.080716111 0.744328558 120.330978394
0.743684888 -0.050182253 -0.666644216 -105.362838745 0.088953257 0.995739996 0.024277918 -8.803796768 0.662585914 -0.077355303 0.744980514 121.168815613
0.743262291 -0.050925959 -0.667058945 -106.134910583 0.090605848 0.995574236 0.024950325 -8.794379234 0.662836075 -0.078984082 0.744587064 122.031349182
0.743438363 -0.049267922 -0.666987300 -106.895065308 0.087843537 0.995836556 0.024353463 -8.788860321 0.663010478 -0.076695807 0.744670987 122.866249084
0.744007111 -0.052319217 -0.666120231 -107.654762268 0.085633814 0.996174634 0.017403875 -8.786416054 0.662661552 -0.069991015 0.745641291 123.701698303
0.744395912 -0.058115810 -0.665204763 -108.406387329 0.084033154 0.996438503 0.006982956 -8.791734695 0.662429810 -0.061097339 0.746628344 124.535148621
0.744990408 -0.061964229 -0.664191008 -109.171707153 0.084013067 0.996463895 0.001270445 -8.805005074 0.661763549 -0.056747194 0.747561932 125.384658813
0.745568216 -0.062806964 -0.663463056 -109.918914795 0.086333871 0.996262610 0.002706340 -8.818345070 0.660813510 -0.059297100 0.748204052 126.229484558
0.745649695 -0.065080613 -0.663152397 -110.668037415 0.092104815 0.995732248 0.005843383 -8.831940651 0.659941912 -0.065436646 0.748461604 127.086029053
0.746037364 -0.066291817 -0.662596107 -111.427360535 0.094884537 0.995462000 0.007238842 -8.843675613 0.659109473 -0.068270564 0.748941898 127.943702698
0.746081591 -0.070396468 -0.662122846 -112.170783997 0.098730378 0.995099306 0.005451306 -8.858109474 0.658494174 -0.069438756 0.749375522 128.799011230
0.746888161 -0.069696933 -0.661287010 -112.919998169 0.095075540 0.995467007 0.002464566 -8.874384880 0.658117533 -0.064712957 0.750129104 129.637374878
0.748172164 -0.069362499 -0.659869134 -113.673065186 0.091414280 0.995812416 -0.001028080 -8.890756607 0.657176971 -0.059552278 0.751379907 130.477294922
0.748839378 -0.065732561 -0.659483790 -114.414779663 0.087921597 0.996127307 0.000547642 -8.909050941 0.656893730 -0.058392964 0.751718640 131.320129395
0.749932826 -0.060054034 -0.658782423 -115.168907166 0.085843988 0.996284783 0.006901100 -8.933458328 0.655920386 -0.061727881 0.752301872 132.169906616
0.751487255 -0.058315799 -0.657165289 -115.913314819 0.086138271 0.996232033 0.010097531 -8.944976807 0.654100299 -0.064195260 0.753678858 133.020614624
0.754055381 -0.058560602 -0.654195070 -116.674560547 0.084573053 0.996382773 0.008291076 -8.959520340 0.651343167 -0.061579194 0.756280422 133.872634888
0.755267620 -0.064567395 -0.652228355 -117.398544312 0.088670895 0.996052623 0.004074851 -8.967131615 0.649390697 -0.060911275 0.758011580 134.721588135
0.756498575 -0.067665376 -0.650485337 -118.129074097 0.090056062 0.995936096 0.001132878 -8.979733467 0.647765160 -0.059437178 0.759517968 135.577880859
0.758029282 -0.068906754 -0.648570240 -118.871688843 0.091670603 0.995788574 0.001345188 -9.001646996 0.645746052 -0.060474519 0.761153638 136.441558838
0.759566426 -0.068513826 -0.646811187 -119.602760315 0.092304312 0.995726526 0.002922377 -9.029801369 0.643846750 -0.061923198 0.762644768 137.304336548
0.762190104 -0.066036522 -0.643976271 -120.318412781 0.089259475 0.996002197 0.003509696 -9.041444778 0.641170025 -0.060156051 0.765037417 138.140625000
0.764709592 -0.063042328 -0.641283810 -121.047027588 0.087853298 0.996109843 0.006838100 -9.051521301 0.638358116 -0.061568052 0.767273307 139.005203247
0.766904652 -0.059637204 -0.638984025 -121.787696838 0.085792363 0.996262968 0.009984945 -9.066692352 0.636000752 -0.062477451 0.769155085 139.882461548
0.768450081 -0.062621407 -0.636838198 -122.489906311 0.088745087 0.996012390 0.009145937 -9.083924294 0.633726060 -0.063544445 0.770943284 140.742614746
0.769522429 -0.064553387 -0.635348797 -123.199554443 0.087193988 0.996181607 0.004392582 -9.089301109 0.632639229 -0.058778781 0.772212803 141.602416992
0.770752788 -0.068250582 -0.633468211 -123.908607483 0.088830084 0.996046424 0.000766066 -9.108421326 0.630911410 -0.056861483 0.773768306 142.463821411
0.770833254 -0.068306275 -0.633364320 -124.616554260 0.088745944 0.996054113 0.000586670 -9.122511864 0.630825102 -0.056660730 0.773853540 143.324722290
0.771168172 -0.066421643 -0.633157134 -125.320762634 0.087651499 0.996148646 0.002255716 -9.147468567 0.630568743 -0.057236701 0.774020016 144.178619385
0.771066010 -0.065931804 -0.633332610 -125.989379883 0.086661465 0.996236205 0.001796941 -9.164537430 0.630830407 -0.056271087 0.773877621 144.999114990
0.770770252 -0.063142635 -0.633976579 -126.679504395 0.084509343 0.996416569 0.003503175 -9.181978226 0.631483495 -0.056277089 0.773344338 145.827941895
0.770234942 -0.062103730 -0.634729326 -127.361053467 0.084420457 0.996417999 0.004950629 -9.201533318 0.632148266 -0.057397284 0.772718608 146.657501221
0.769153655 -0.060328655 -0.636209965 -128.020950317 0.083753951 0.996463478 0.006765627 -9.222754478 0.633551836 -0.058488905 0.771486282 147.453140259
0.767402947 -0.062065914 -0.638154089 -128.691253662 0.083561860 0.996496201 0.003568390 -9.238908768 0.635696590 -0.056063738 0.769900441 148.259765625
0.766189516 -0.064171404 -0.639402568 -129.357421875 0.083533362 0.996504903 0.000086435 -9.260071754 0.637162268 -0.053477675 0.768872082 149.041320801
0.764128625 -0.068052851 -0.641464174 -130.010375977 0.085534841 0.996327877 -0.003808995 -9.277730942 0.639367878 -0.051956974 0.767143548 149.828872681
0.762948275 -0.067324527 -0.642944336 -130.679428101 0.084102236 0.996446788 -0.004541067 -9.300068855 0.640965462 -0.050608449 0.765899539 150.615158081
0.762274921 -0.064888246 -0.643992722 -131.360885620 0.080727458 0.996724308 -0.004874552 -9.326334000 0.642199397 -0.048272148 0.765016198 151.399459839
0.761021078 -0.065563835 -0.645405531 -132.011459351 0.080934078 0.996702611 -0.005818211 -9.345804214 0.643658757 -0.047807522 0.763817906 152.169311523
0.760166287 -0.066230267 -0.646344125 -132.677337646 0.080967814 0.996692836 -0.006903797 -9.374797821 0.644663811 -0.047085032 0.763014734 152.947692871
0.759613931 -0.066080309 -0.647008538 -133.342773438 0.081263170 0.996672213 -0.006385969 -9.397351265 0.645277500 -0.047727082 0.762455940 153.724227905
0.759104848 -0.066892572 -0.647522390 -134.012649536 0.082613923 0.996562958 -0.006100219 -9.415525436 0.645704865 -0.048863653 0.762022018 154.514419556
0.760127902 -0.067045785 -0.646305144 -134.680877686 0.083446354 0.996498525 -0.005231459 -9.442865372 0.644392848 -0.049955234 0.763061106 155.298141479
0.762003124 -0.063881069 -0.644414783 -135.336563110 0.079458900 0.996826351 -0.004857756 -9.467562675 0.642679930 -0.047502868 0.764660656 156.073593140
0.764288664 -0.062012631 -0.641885817 -136.009979248 0.078344211 0.996921718 -0.003028822 -9.493317604 0.640097678 -0.047973134 0.766794324 156.862915039
0.765908659 -0.065139048 -0.639641166 -136.629516602 0.079429656 0.996819913 -0.006403634 -9.515172958 0.638024151 -0.045901880 0.768646955 157.624053955
0.767183781 -0.073762834 -0.637171745 -137.269882202 0.085947201 0.996229231 -0.011845140 -9.535440445 0.635643005 -0.045675740 0.770630658 158.409866333
0.768788934 -0.079503000 -0.634541571 -137.900543213 0.088572860 0.995916486 -0.017468536 -9.571960449 0.633339107 -0.042773556 0.772691250 159.188537598
0.770061731 -0.083442643 -0.632489026 -138.540283203 0.092425160 0.995541930 -0.018810702 -9.607023239 0.631238878 -0.043972488 0.774340928 159.979949951
0.771317959 -0.084678717 -0.630791664 -139.167114258 0.095852397 0.995260358 -0.016399553 -9.639501572 0.629190683 -0.047813620 0.775778890 160.761795044
