1.000000000 0.000000000 0.000000000 0.000000000 0.000000000 1.000000000 0.000000000 0.000000000 0.000000000 0.000000000 1.000000000 0.000000000
0.999967515 0.000315485 -0.008046430 0.410486937 -0.000308649 0.999999523 0.000850758 -0.054447122 0.008046693 -0.000848247 0.999967277 1.425347567
0.999898612 0.001795919 -0.014124562 0.369003922 -0.001746813 0.999992311 0.003488228 -0.094828174 0.014130719 -0.003463202 0.999894142 3.763011694
0.999795556 0.002830206 -0.020021798 0.319217533 -0.002724219 0.999982119 0.005318874 -0.124700293 0.020036494 -0.005263241 0.999785423 6.171921253
0.999668837 0.002905628 -0.025569111 0.257502377 -0.002782837 0.999984384 0.004836570 -0.149574339 0.025582764 -0.004763814 0.999661326 8.594142914
0.999518514 0.002420943 -0.030932976 0.189245582 -0.002311844 0.999991000 0.003562254 -0.176800400 0.030941317 -0.003489027 0.999515116 11.015563965
0.999347270 0.001795380 -0.036079310 0.095688939 -0.001703476 0.999995232 0.002577876 -0.210590556 0.036083765 -0.002514733 0.999345541 13.457601547
0.999145925 0.001862343 -0.041279200 -0.008130074 -0.001778310 0.999996185 0.002072352 -0.246038184 0.041282903 -0.001997174 0.999145508 15.907522202
0.998909175 0.002863193 -0.046605870 -0.124789834 -0.002785728 0.999994636 0.001726969 -0.278652728 0.046610560 -0.001595254 0.998911858 18.353988647
0.998648763 0.005290924 -0.051697403 -0.254745543 -0.005247755 0.999985754 0.000970737 -0.325230002 0.051701810 -0.000698130 0.998662353 20.797382355
0.998354733 0.006743458 -0.056942083 -0.401900053 -0.006777443 0.999976873 -0.000403751 -0.366990954 0.056938041 0.000789009 0.998377323 23.265403748
0.998036444 0.008253444 -0.062089834 -0.565911412 -0.008307815 0.999965310 -0.000617525 -0.412639797 0.062082577 0.001132143 0.998070300 25.704132080
0.997669995 0.009136789 -0.067610048 -0.734657168 -0.009129768 0.999958217 0.000412790 -0.454026580 0.067610994 0.000205436 0.997711718 28.086212158
0.997299194 0.010022859 -0.072757810 -0.917468786 -0.009885967 0.999948621 0.002241341 -0.498736560 0.072776526 -0.001516007 0.997347116 30.471015930
0.996897817 0.009595858 -0.078118496 -1.113403320 -0.009337022 0.999949634 0.003677946 -0.540994465 0.078149855 -0.002937143 0.996937215 32.854537964
0.996471584 0.007856975 -0.083561219 -1.323936701 -0.007545087 0.999963343 0.004047581 -0.575504601 0.083589956 -0.003402823 0.996494353 35.268520355
0.995987296 0.005606298 -0.089319080 -1.532906651 -0.005192240 0.999974608 0.004867403 -0.614245594 0.089344107 -0.004384105 0.995991170 37.652629852
0.995523036 0.004689597 -0.094401993 -1.758758307 -0.004135970 0.999973238 0.006059356 -0.646145344 0.094427869 -0.005641786 0.995515645 40.003448486
0.994996905 0.002791800 -0.099866517 -2.013510466 -0.002248187 0.999982059 0.005555521 -0.677540362 0.099880248 -0.005303206 0.994985342 42.398292542
0.994457424 0.003574803 -0.105079383 -2.273893833 -0.003207968 0.999988079 0.003659844 -0.718654394 0.105091222 -0.003302468 0.994457126 44.748611450
0.993948579 0.003687471 -0.109783858 -2.544262409 -0.003498933 0.999992073 0.001909950 -0.759077132 0.109790005 -0.001514266 0.993953645 47.157596588
0.993392050 0.005069584 -0.114659540 -2.816496849 -0.004930965 0.999986649 0.001492569 -0.806019664 0.114665583 -0.000917324 0.993403733 49.495586395
0.992896855 0.006689959 -0.118789352 -3.110687971 -0.006473560 0.999976635 0.002207466 -0.846802831 0.118801333 -0.001422797 0.992917001 51.819267273
0.992435098 0.007020234 -0.122569509 -3.404631853 -0.006616763 0.999971271 0.003698507 -0.872419596 0.122591935 -0.002859514 0.992453039 54.175403595
0.992003500 0.007389884 -0.125993714 -3.710914373 -0.006838942 0.999965072 0.004804769 -0.913973451 0.126024857 -0.003904684 0.992019415 56.553806305
0.991545558 0.006860782 -0.129577503 -4.027754784 -0.006434607 0.999972403 0.003707328 -0.950704277 0.129599407 -0.002842204 0.991562366 58.922080994
0.991093755 0.006289722 -0.133017495 -4.353025913 -0.005896221 0.999976993 0.003351966 -0.997101486 0.133035526 -0.002537812 0.991108000 61.253578186
0.990608633 0.004961096 -0.136637986 -4.679204464 -0.004474087 0.999982417 0.003871100 -1.034986973 0.136654824 -0.003223415 0.990613401 63.571464539
0.990075767 0.003311071 -0.140495002 -5.021577835 -0.002628685 0.999983847 0.005042314 -1.071617961 0.140509412 -0.004622957 0.990068555 65.929084778
0.989503384 0.001050867 -0.144505337 -5.353434563 -0.000307316 0.999986589 0.005167719 -1.107797503 0.144508794 -0.005069066 0.989490449 68.244140625
0.989008904 0.000341654 -0.147855788 -5.724512100 0.000133304 0.999994874 0.003202386 -1.146378040 0.147856072 -0.003186898 0.989003897 70.585411072
0.988485396 0.000368895 -0.151315376 -6.089320660 -0.000008858 0.999997079 0.002380045 -1.187973022 0.151315853 -0.002351299 0.988482594 72.906341553
0.987913847 -0.000539039 -0.155002937 -6.454997063 0.001031142 0.999994695 0.003094414 -1.225981355 0.155000448 -0.003216845 0.987909138 75.211257935
0.987338662 -0.000175814 -0.158626452 -6.832903385 0.000952282 0.999988079 0.004818951 -1.279938579 0.158623651 -0.004908994 0.987326920 77.461883545
0.986779213 -0.001255383 -0.162065133 -7.206721783 0.002187757 0.999981999 0.005574759 -1.315983415 0.162055179 -0.005855616 0.986764312 79.735649109
0.986248314 -0.002660260 -0.165249676 -7.603124619 0.003542645 0.999980986 0.005045198 -1.348519802 0.165233105 -0.005561239 0.986238778 82.058944702
0.985806942 -0.002669521 -0.167862475 -8.006342888 0.003271830 0.999989152 0.003311639 -1.385041595 0.167851791 -0.003813853 0.985804856 84.344718933
0.985407054 -0.003329727 -0.170181870 -8.412403107 0.003446186 0.999993980 0.000388932 -1.431530356 0.170179546 -0.000969735 0.985412598 86.614883423
0.985018373 -0.004001548 -0.172403008 -8.831607819 0.004082929 0.999991655 0.000117437 -1.475214124 0.172401100 -0.000819587 0.985026479 88.868377686
0.984560192 -0.006654347 -0.174920559 -9.239504814 0.007195115 0.999971092 0.002457498 -1.516542792 0.174899161 -0.003678128 0.984579504 91.142036438
0.983998299 -0.010655525 -0.177858949 -9.653162003 0.011408092 0.999929786 0.003209092 -1.554672480 0.177812263 -0.005186772 0.984050751 93.408653259
0.983329415 -0.015099164 -0.181205079 -10.064430237 0.015499685 0.999879479 0.000794401 -1.589775562 0.181171238 -0.003589778 0.983444929 95.701385498
0.982876301 -0.016297042 -0.183545306 -10.494075775 0.016132070 0.999867022 -0.002392035 -1.631816745 0.183559865 -0.000609892 0.983008325 97.937248230
0.982531607 -0.013715885 -0.185589671 -10.933100700 0.013351108 0.999905705 -0.003215188 -1.688400388 0.185616270 0.000681195 0.982622087 100.164039612
0.982207716 -0.009002917 -0.187581956 -11.384793282 0.008693144 0.999959171 -0.002474003 -1.740304232 0.187596604 0.000799308 0.982245862 102.420745850
0.982031763 -0.003878935 -0.188675776 -11.836214066 0.003622232 0.999992013 -0.001705346 -1.784929514 0.188680872 0.000991277 0.982037961 104.663665771
0.981804609 0.000382919 -0.189892814 -12.292559624 -0.000454109 0.999999762 -0.000331388 -1.838472724 0.189892665 0.000411590 0.981804788 106.867614746
0.981399834 0.002789528 -0.191954523 -12.742915154 -0.002768360 0.999996126 0.000378470 -1.867840528 0.191954896 0.000159968 0.981403768 109.093208313
0.981063008 0.003205494 -0.193661615 -13.192345619 -0.003168885 0.999994874 0.000498811 -1.920200467 0.193662196 0.000124327 0.981068254 111.307235718
0.980705380 0.001512424 -0.195485696 -13.638330460 -0.001234686 0.999997973 0.001542609 -1.963407278 0.195487648 -0.001271482 0.980705321 113.544303894
0.980405092 -0.001191223 -0.196988568 -14.105142593 0.001733127 0.999995172 0.002578573 -1.994972229 0.196984515 -0.002869452 0.980402410 115.775787354
0.980105221 -0.004246158 -0.198433861 -14.565774918 0.004997589 0.999982119 0.003286133 -2.033942461 0.198416382 -0.004212446 0.980108798 117.997932434
0.979869306 -0.006898592 -0.199521527 -15.032930374 0.007412503 0.999970853 0.001828840 -2.073803902 0.199503124 -0.003270978 0.979891717 120.198997498
0.979798377 -0.008766426 -0.199795246 -15.499431610 0.009004439 0.999959350 0.000282619 -2.114346266 0.199784681 -0.002075954 0.979837656 122.403350830
0.979797781 -0.010510501 -0.199714512 -15.948898315 0.010568846 0.999943852 -0.000773999 -2.156872988 0.199711442 -0.001352390 0.979853749 124.582908630
0.979847431 -0.012392156 -0.199362725 -16.414329529 0.012528007 0.999921381 -0.000580092 -2.200804472 0.199354172 -0.001929216 0.979925752 126.795524597
0.979942679 -0.014443121 -0.198755056 -16.862819672 0.014937792 0.999887943 0.000989551 -2.246307611 0.198718473 -0.003938665 0.980048716 129.003036499
0.980143785 -0.017014505 -0.197556674 -17.318138123 0.018006848 0.999832571 0.003227653 -2.289324760 0.197468713 -0.006720936 0.980286062 131.214218140
0.980413318 -0.020766789 -0.195852771 -17.778324127 0.021947335 0.999751687 0.003859182 -2.322955608 0.195723981 -0.008082039 0.980625689 133.414703369
0.980643749 -0.025457092 -0.194138616 -18.220228195 0.026705915 0.999636054 0.003817692 -2.359375000 0.193970740 -0.008928445 0.980966687 135.586532593
0.981081545 -0.029630028 -0.191313922 -18.667821884 0.030746832 0.999523103 0.002870958 -2.394544125 0.191137657 -0.008698941 0.981524706 137.802062988
0.981650829 -0.032228291 -0.187944174 -19.103977203 0.033079781 0.999451756 0.001394956 -2.433469534 0.187796205 -0.007586511 0.982178748 139.993728638
0.982226014 -0.035286229 -0.184355006 -19.531221390 0.035899483 0.999355555 -0.000011260 -2.475645065 0.184236556 -0.006607189 0.982859731 142.178802490
0.982796967 -0.036604062 -0.181025550 -19.956033707 0.037048735 0.999313056 -0.000925453 -2.512052536 0.180935100 -0.005797235 0.983477950 144.373870850
0.983268440 -0.038616583 -0.178022161 -20.366741180 0.038895607 0.999241412 -0.001923722 -2.552525282 0.177961439 -0.005032745 0.984024584 146.547836304
0.983650208 -0.039878123 -0.175618902 -20.775630951 0.039797910 0.999199808 -0.003980170 -2.610349417 0.175637096 -0.003074169 0.984450161 148.721008301
0.983803511 -0.041362423 -0.174412787 -21.166519165 0.041193385 0.999140501 -0.004590755 -2.666928768 0.174452752 -0.002668251 0.984661937 150.879180908
0.984136820 -0.042112462 -0.172340542 -21.570146561 0.042071372 0.999106944 -0.003892721 -2.721343279 0.172350585 -0.003419634 0.985029757 153.035171509
0.984301031 -0.043746755 -0.170989946 -21.965396881 0.044149820 0.999023855 -0.001446420 -2.778075457 0.170886278 -0.006125465 0.985271633 155.200546265
0.984394670 -0.045843899 -0.169899255 -22.352672577 0.046570569 0.998914957 0.000292193 -2.816822767 0.169701532 -0.008199936 0.985461414 157.409576416
0.984378040 -0.049639408 -0.168924928 -22.726770401 0.050513629 0.998722911 0.000879055 -2.851296425 0.168665588 -0.009398337 0.985628545 159.578033447
0.984377682 -0.052235473 -0.168142408 -23.115232468 0.053147797 0.998586237 0.000927126 -2.888958693 0.167856246 -0.009849041 0.985762298 161.781097412
0.984570801 -0.053751178 -0.166526735 -23.502670288 0.054749601 0.998499095 0.001407310 -2.922367573 0.166201189 -0.010502868 0.986035943 163.982116699
0.984728277 -0.054516759 -0.165342420 -23.874210358 0.055437211 0.998461723 0.000953739 -2.962297916 0.165036082 -0.010105297 0.986235738 166.142868042
0.985016644 -0.054585092 -0.163592488 -24.256290436 0.055273972 0.998471081 -0.000341463 -2.997389078 0.163361028 -0.008706059 0.986527860 168.327682495
0.985392392 -0.054552071 -0.161324978 -24.631259918 0.054864980 0.998490632 -0.002517825 -3.042413950 0.161218807 -0.006370045 0.986898124 170.487014771
0.985821128 -0.053282466 -0.159116238 -24.995103836 0.053217549 0.998571932 -0.004672102 -3.088391781 0.159137964 -0.003861920 0.987248719 172.655578613
0.986392021 -0.051545870 -0.156121060 -25.360561371 0.051357914 0.998666704 -0.005240102 -3.139932156 0.156183004 -0.002849257 0.987723947 174.822830200
0.986976266 -0.049532764 -0.153050289 -25.737833023 0.049304549 0.998769701 -0.005288543 -3.187968493 0.153123945 -0.002326407 0.988204181 176.950866699
0.987406135 -0.049223397 -0.150353447 -26.088119507 0.049085408 0.998783767 -0.004631107 -3.230855227 0.150398582 -0.002807376 0.988621473 179.123657227
0.987728953 -0.049099952 -0.148258448 -26.428995132 0.049146321 0.998786092 -0.003352807 -3.279124260 0.148243055 -0.003974693 0.988942981 181.292968750
0.987930477 -0.051313736 -0.146151066 -26.755638123 0.051494114 0.998670042 -0.002551313 -3.331325293 0.146087587 -0.005005399 0.989259005 183.460891724
0.988080859 -0.055428702 -0.143609151 -27.094928741 0.055604834 0.998448968 -0.002789880 -3.372730970 0.143541053 -0.005228738 0.989630461 185.655319214
0.987963974 -0.060664933 -0.142291814 -27.395908356 0.060875162 0.998141229 -0.002879318 -3.417702198 0.142202020 -0.005817376 0.989820480 187.797500610
0.987934232 -0.064588040 -0.140762776 -27.715768814 0.064869568 0.997890532 -0.002592382 -3.458485603 0.140633330 -0.006570121 0.990039885 189.972885132
0.988118351 -0.067394696 -0.138130754 -28.025852203 0.067683861 0.997703433 -0.002608219 -3.501179457 0.137989342 -0.006771992 0.990410566 192.111053467
0.988409877 -0.068814248 -0.135316238 -28.323181152 0.069178574 0.997602284 -0.002013521 -3.549359083 0.135130346 -0.007370801 0.990800440 194.276611328
0.988823712 -0.069448665 -0.131926298 -28.620388031 0.069733284 0.997562647 -0.002467012 -3.595793009 0.131776035 -0.006760215 0.991256475 196.450332642
0.989335835 -0.068807751 -0.128374949 -28.910213470 0.068890788 0.997616887 -0.003798623 -3.633937120 0.128330410 -0.005085740 0.991718411 198.613128662
0.989937723 -0.066811010 -0.124738149 -29.192481995 0.066791959 0.997757494 -0.004339672 -3.688992739 0.124748342 -0.004035500 0.992180228 200.783920288
0.990657747 -0.064415336 -0.120199554 -29.478851318 0.064360023 0.997917295 -0.004346152 -3.738574028 0.120229177 -0.003430497 0.992740154 202.941955566
0.991404116 -0.062216811 -0.115096644 -29.741968155 0.062176894 0.998057306 -0.003940410 -3.760428667 0.115118213 -0.003249813 0.993346632 205.176864624
0.991777241 -0.063853800 -0.110907406 -29.985092163 0.063788421 0.997954845 -0.004141083 -3.811201572 0.110945009 -0.002967579 0.993822038 207.349639893
0.992067218 -0.066561975 -0.106640399 -30.227497101 0.066443004 0.997779310 -0.004672284 -3.852072716 0.106714562 -0.002450286 0.994286656 209.508804321
0.992323935 -0.068705626 -0.102823786 -30.456920624 0.068603739 0.997633696 -0.004531010 -3.904585123 0.102891795 -0.002557869 0.994689286 211.643005371
0.992559075 -0.070477702 -0.099294148 -30.681928635 0.070303947 0.997511804 -0.005252257 -3.947003126 0.099417269 -0.001767595 0.995044291 213.788925171
0.992745996 -0.072630480 -0.095814876 -30.892156601 0.072319970 0.997358799 -0.006714073 -3.999645233 0.096049465 -0.000263963 0.995376527 215.901306152
0.993081629 -0.073145427 -0.091862142 -31.103982925 0.072827771 0.997321308 -0.006809691 -4.052537918 0.092114188 0.000072461 0.995748460 218.052276611
0.993399441 -0.073488936 -0.088073611 -31.301528931 0.073261753 0.997295797 -0.005813420 -4.103098869 0.088262662 -0.000677380 0.996097147 220.215438843
0.993705690 -0.073699974 -0.084363893 -31.495878220 0.073592842 0.997278750 -0.004383288 -4.152770996 0.084457368 -0.001852880 0.996425390 222.357406616
0.994026840 -0.073248975 -0.080903947 -31.682243347 0.073251165 0.997309268 -0.002944937 -4.194519043 0.080901958 -0.002998962 0.996717572 224.497741699
0.994426548 -0.072109401 -0.076915935 -31.853231430 0.072136939 0.997391760 -0.002424147 -4.236558914 0.076890141 -0.003137843 0.997034609 226.650802612
0.994772255 -0.072239920 -0.072177552 -32.024940491 0.072179802 0.997385621 -0.003444623 -4.283260345 0.072237685 -0.001783145 0.997385859 228.823257446
0.995026648 -0.073112436 -0.067649692 -32.170654297 0.072925374 0.997323632 -0.005234059 -4.326142311 0.067851312 0.000274649 0.997695386 230.958267212
0.995320976 -0.073526792 -0.062688604 -32.322212219 0.073337875 0.997292995 -0.005312194 -4.378544807 0.062909499 0.000689888 0.998018980 233.067428589
0.995502412 -0.075249255 -0.057554420 -32.450542450 0.075052530 0.997164011 -0.005575197 -4.430052280 0.057810728 0.001230519 0.998326778 235.188003540
0.995750248 -0.075727791 -0.052409485 -32.574012756 0.075478531 0.997124732 -0.006722295 -4.481649876 0.052767877 0.002737937 0.998603046 237.318328857
0.996083856 -0.075289644 -0.046350684 -32.696372986 0.075019196 0.997153521 -0.007549224 -4.539529800 0.046787135 0.004042469 0.998896718 239.448150635
0.996393800 -0.074164748 -0.041218426 -32.797958374 0.073915251 0.997235954 -0.007546553 -4.601282597 0.041664176 0.004472669 0.999121666 241.565505981
0.996661901 -0.073453501 -0.035635404 -32.892162323 0.073227718 0.997286379 -0.007601559 -4.649219036 0.036097065 0.004966684 0.999335945 243.694076538
0.996874928 -0.072921507 -0.030377153 -32.973155975 0.072740123 0.997326255 -0.007035322 -4.699707985 0.030808955 0.004803699 0.999513745 245.842071533
0.997026801 -0.072846964 -0.025115721 -33.040466309 0.072678395 0.997326910 -0.007561692 -4.749981880 0.025599426 0.005713840 0.999655962 247.977447510
0.997176766 -0.072437376 -0.019783076 -33.098541260 0.072297841 0.997353494 -0.007681209 -4.806442261 0.020287126 0.006229250 0.999774814 250.134246826
0.997313738 -0.071823463 -0.014378833 -33.153175354 0.071734957 0.997402012 -0.006580881 -4.866498947 0.014814138 0.005531738 0.999874949 252.237258911
0.997314274 -0.072628014 -0.009456106 -33.181865692 0.072574750 0.997345686 -0.005862008 -4.918069839 0.009856753 0.005159990 0.999938130 254.342941284
0.997371137 -0.072342403 -0.004171000 -33.209499359 0.072317958 0.997365057 -0.005746272 -4.971443176 0.004575709 0.005429528 0.999974787 256.477996826
0.997372389 -0.072435841 0.001186228 -33.230445862 0.072441787 0.997353673 -0.006152895 -5.023916245 -0.000737399 0.006222660 0.999980330 258.584320068
0.997313559 -0.072995022 0.006118487 -33.229919434 0.073036000 0.997306347 -0.006764171 -5.079167366 -0.005608254 0.007192869 0.999958396 260.683837891
0.997265935 -0.073016346 0.011369617 -33.216453552 0.073103637 0.997296453 -0.007460442 -5.136819363 -0.010794147 0.008271207 0.999907494 262.829162598
0.997157037 -0.073543862 0.016406665 -33.197418213 0.073669985 0.997256517 -0.007220215 -5.190527916 -0.015830657 0.008408368 0.999839246 264.930969238
0.996985495 -0.074344210 0.022205373 -33.178897858 0.074526832 0.997190833 -0.007511230 -5.247759819 -0.021584574 0.009143484 0.999725163 267.009185791
0.996778488 -0.075520590 0.027010029 -33.123497009 0.075756945 0.997095525 -0.007834709 -5.301081657 -0.026339902 0.009855665 0.999604464 269.094818115
0.996533513 -0.076798201 0.031984206 -33.069866180 0.077082872 0.996994495 -0.007762259 -5.350325584 -0.031291950 0.010200785 0.999458253 271.212554932
0.996318340 -0.077102177 0.037481699 -33.018882751 0.077388629 0.996981382 -0.006251129 -5.406979084 -0.036886580 0.009128771 0.999277771 273.319244385
0.996145010 -0.076794095 0.042399749 -32.946361542 0.077094771 0.997008622 -0.005500008 -5.458947182 -0.041850537 0.008747605 0.999085605 275.412872314
0.995971382 -0.076103598 0.047424767 -32.864341736 0.076433189 0.997061312 -0.005172957 -5.512073040 -0.046891704 0.008776942 0.998861551 277.504760742
0.995804191 -0.075115494 0.052267361 -32.761856079 0.075499944 0.997131109 -0.005417237 -5.567363739 -0.051710490 0.009340688 0.998618424 279.593902588
0.995564401 -0.074514829 0.057436239 -32.657817841 0.074960746 0.997170627 -0.005645831 -5.617868900 -0.056853026 0.009926252 0.998333156 281.676940918
0.995317757 -0.074024096 0.062152766 -32.540916443 0.074507698 0.997205317 -0.005496372 -5.666469574 -0.061572205 0.010101496 0.998051465 283.759399414
0.995004416 -0.073734775 0.067300946 -32.414916992 0.074235573 0.997228324 -0.004967365 -5.720119953 -0.066748150 0.009938674 0.997720301 285.842498779
0.994651318 -0.073997356 0.072063394 -32.273254395 0.074508019 0.997210562 -0.004420125 -5.766988754 -0.071535297 0.009765783 0.997390389 287.915191650
0.994153798 -0.075507537 0.077180482 -32.131393433 0.075970992 0.997105241 -0.003082032 -5.814538002 -0.076724336 0.008927491 0.997012317 289.996215820
0.993459344 -0.078747340 0.082688764 -31.979206085 0.079276226 0.996847808 -0.003127149 -5.855215549 -0.082181849 0.009661948 0.996570647 292.055389404
0.992798507 -0.081305429 0.087980710 -31.801183701 0.082176946 0.996597707 -0.006323312 -5.898594856 -0.087167256 0.013507760 0.996102154 294.114746094
0.992366612 -0.080755755 0.093204163 -31.630886078 0.081954479 0.996594548 -0.009099873 -5.953041077 -0.092151888 0.016668908 0.995605409 296.148010254
0.992019176 -0.078161202 0.098937728 -31.444715500 0.079522073 0.996784151 -0.009880935 -6.011689663 -0.097847253 0.017669810 0.995044529 298.213348389
0.991538763 -0.076104812 0.105161630 -31.248794556 0.077696048 0.996915162 -0.011112442 -6.076874733 -0.103991494 0.019189060 0.994393051 300.263641357
0.991053402 -0.074076861 0.111022063 -31.038410187 0.075857028 0.997047782 -0.011891091 -6.134731293 -0.109813437 0.020206504 0.993746877 302.338226318
0.990601778 -0.071672931 0.116494484 -30.810417175 0.073663943 0.997200072 -0.012870967 -6.194400311 -0.115245819 0.021331452 0.993107915 304.377258301
0.990061224 -0.069981694 0.121988691 -30.572414398 0.071999267 0.997329950 -0.012204747 -6.248691559 -0.120808862 0.020866541 0.992456436 306.426513672
0.989302099 -0.070154443 0.127904654 -30.329441071 0.072208054 0.997323394 -0.011484461 -6.309227943 -0.126756653 0.020597348 0.991719961 308.479400635
0.988560975 -0.071791448 0.132639185 -30.051918030 0.073799990 0.997219980 -0.010282980 -6.365794659 -0.131532222 0.019954128 0.991111040 310.536376953
0.987783968 -0.073088378 0.137626156 -29.776496887 0.074981712 0.997147679 -0.008616307 -6.420478821 -0.136603847 0.018830495 0.990446746 312.575653076
0.986996293 -0.073404923 0.143002987 -29.497306824 0.075430490 0.997112334 -0.008787743 -6.472328186 -0.141944960 0.019460259 0.989683270 314.625335693
0.986167252 -0.073468290 0.148581937 -29.199764252 0.075686485 0.997088075 -0.009322645 -6.533438683 -0.147464320 0.020439330 0.988856137 316.664245605
0.985181928 -0.074719079 0.154381543 -28.897594452 0.077356286 0.996941268 -0.011137935 -6.575699806 -0.153077111 0.022915276 0.987948477 318.713348389
0.984321177 -0.075574175 0.159375101 -28.569023132 0.078334160 0.996865392 -0.011097639 -6.627165794 -0.158036813 0.023408154 0.987155735 320.771148682
0.983346939 -0.076661505 0.164778203 -28.255336761 0.079248145 0.996812701 -0.009171491 -6.686244965 -0.163549930 0.022077125 0.986288011 322.794982910
0.982597649 -0.075327694 0.169786438 -27.894695282 0.078011796 0.996910155 -0.009183800 -6.732593060 -0.168570012 0.022269327 0.985438108 324.869232178
0.981747210 -0.075455107 0.174582377 -27.536800385 0.078074373 0.996914089 -0.008174051 -6.786345482 -0.173426837 0.021655262 0.984608650 326.926422119
0.980929375 -0.073527783 0.179919854 -27.189449310 0.076260149 0.997053325 -0.008307585 -6.817854404 -0.178778842 0.021869864 0.983646214 328.945404053
0.979985356 -0.073517837 0.184996560 -26.815193176 0.076199047 0.997065067 -0.007415854 -6.876425743 -0.183908388 0.021363996 0.982711196 330.986175537
0.979050577 -0.072841957 0.190142199 -26.463462830 0.075756289 0.997093499 -0.008093907 -6.920958519 -0.188999906 0.022328807 0.981723309 333.020141602
0.978054464 -0.072682552 0.195260718 -26.078041077 0.075800948 0.997086406 -0.008535551 -6.973162651 -0.194071412 0.023149177 0.980714262 335.061614990
0.977146447 -0.070701569 0.200464338 -25.683044434 0.074149936 0.997199595 -0.009736344 -7.021130562 -0.199214563 0.024378255 0.979652643 337.105621338
0.976179481 -0.069800608 0.205430120 -25.269607544 0.073406219 0.997252345 -0.009973338 -7.079552650 -0.204169512 0.024815619 0.978620946 339.146057129
0.975091219 -0.069595717 0.210603386 -24.854103088 0.073282667 0.997263610 -0.009743399 -7.126501083 -0.209349021 0.024934281 0.977523029 341.169494629
0.974041820 -0.070102140 0.215240002 -24.426078796 0.073521137 0.997262299 -0.007909508 -7.180358887 -0.214096233 0.023528885 0.976529181 343.185394287
0.972928286 -0.070215322 0.220182270 -23.985023499 0.073479414 0.997274637 -0.006659348 -7.230732918 -0.219114587 0.022657936 0.975435972 345.213867188
0.971796930 -0.069098510 0.225468740 -23.536994934 0.072281301 0.997367084 -0.005881901 -7.279334545 -0.224468619 0.022013189 0.974232674 347.237213135
0.970487654 -0.067095384 0.231628567 -23.087425232 0.070237778 0.997515976 -0.005337009 -7.329981804 -0.230695128 0.021448584 0.972789645 349.245452881
0.969083130 -0.066549540 0.237589836 -22.609115601 0.070206858 0.997508168 -0.006955637 -7.375957966 -0.236534938 0.023421030 0.971340656 351.255676270
0.967671216 -0.064487465 0.243831098 -22.114288330 0.068998076 0.997566700 -0.009994279 -7.430126667 -0.242593303 0.026495060 0.969766200 353.275665283
0.966045856 -0.063504167 0.250444680 -21.626060486 0.068877451 0.997543752 -0.012739757 -7.487138271 -0.249020457 0.029557176 0.968047082 355.266876221
0.964484036 -0.062806524 0.256565660 -21.108917236 0.068844996 0.997520268 -0.014612671 -7.548839569 -0.255011708 0.031756952 0.966416359 357.268859863
0.962671340 -0.063822709 0.263041079 -20.575950623 0.070405558 0.997395396 -0.015666522 -7.613053799 -0.261356056 0.033601262 0.964657545 359.283233643
0.960949481 -0.063820958 0.269263774 -20.032867432 0.070925325 0.997341454 -0.016728511 -7.683156013 -0.267480314 0.035172880 0.962921143 361.293884277
0.959111571 -0.064649664 0.275545716 -19.473762512 0.071686268 0.997306228 -0.015531311 -7.754961014 -0.273799390 0.034649100 0.961162448 363.297454834
0.957274556 -0.065436646 0.281679749 -18.904411316 0.071801722 0.997342825 -0.012323203 -7.820511341 -0.280124903 0.032021780 0.959429264 365.289031982
0.955446064 -0.066774599 0.287513137 -18.325904846 0.072366863 0.997338712 -0.008854358 -7.878269196 -0.286156774 0.029266287 0.957735777 367.267211914
0.953630924 -0.066524610 0.293534905 -17.741798401 0.072167277 0.997357011 -0.008421983 -7.929278374 -0.292198867 0.029215077 0.955911219 369.235412598
0.951887548 -0.066487767 0.299147993 -17.144615173 0.072533421 0.997324109 -0.009138592 -7.980879784 -0.297739893 0.030397138 0.954162955 371.206237793
0.950477183 -0.066177137 0.303667098 -16.525199890 0.072169691 0.997355819 -0.008540579 -8.033674240 -0.302298963 0.030033186 0.952739894 373.164123535
0.948755562 -0.067053378 0.308815122 -15.907501221 0.072878249 0.997313738 -0.007351935 -8.095091820 -0.307492614 0.029481091 0.951093733 375.122924805
0.947486639 -0.068754874 0.312316597 -15.251853943 0.074673928 0.997183323 -0.007016473 -8.147789001 -0.310954481 0.029969931 0.949952066 377.129028320
0.946655989 -0.070563890 0.314424872 -14.597312927 0.076931760 0.997005224 -0.007872562 -8.192593575 -0.312927783 0.031641860 0.949249625 379.087280273
0.945497751 -0.072370194 0.317484796 -13.977996826 0.078584731 0.996884286 -0.006793855 -8.253163338 -0.316003889 0.031373024 0.948238969 381.027923584
0.944502175 -0.072547361 0.320394158 -13.318267822 0.079268359 0.996821463 -0.007966368 -8.301540375 -0.318797737 0.032921366 0.947250843 382.981170654
0.943314672 -0.070374593 0.324353039 -12.670349121 0.077279583 0.996973753 -0.008439406 -8.351041794 -0.322777510 0.033026889 0.945898414 384.901428223
0.941285431 -0.069187209 0.330446482 -12.006698608 0.076062649 0.997071803 -0.007904645 -8.407975197 -0.328932017 0.032575168 0.943791628 386.864257812
0.939330161 -0.067559540 0.336295307 -11.341827393 0.074429572 0.997197628 -0.007564016 -8.450853348 -0.334841847 0.032135431 0.941726267 388.798004150
0.937457860 -0.067724332 0.341447055 -10.634185791 0.074066848 0.997237742 -0.005556653 -8.501858711 -0.340127617 0.030499041 0.939884603 390.750152588
0.935483098 -0.066571869 0.347043961 -9.944030762 0.072934747 0.997322679 -0.005289265 -8.548186302 -0.345762700 0.030259585 0.937833965 392.670257568
0.933574557 -0.065475546 0.352351338 -9.226867676 0.072182439 0.997373879 -0.005914805 -8.596414566 -0.351038754 0.030955499 0.935849130 394.602905273
0.931621850 -0.064413972 0.357675016 -8.509704590 0.071761437 0.997395098 -0.007292507 -8.648304939 -0.356273621 0.032461133 0.933817625 396.519744873
0.929407477 -0.064166844 0.363434106 -7.781402588 0.072273642 0.997346580 -0.008736290 -8.703275681 -0.361909151 0.034386273 0.931578934 398.434448242
0.927367270 -0.064165339 0.368609190 -7.042449951 0.072506562 0.997329056 -0.008806773 -8.753186226 -0.367059588 0.034893699 0.929542720 400.339782715
0.925223231 -0.063537307 0.374065250 -6.299484253 0.072108604 0.997356713 -0.008948206 -8.805622101 -0.372507930 0.035252415 0.927359164 402.241760254
0.923248053 -0.063630134 0.378898710 -5.514236450 0.072405376 0.997335315 -0.008940541 -8.859930038 -0.377320200 0.035688650 0.925394952 404.154174805
0.920980632 -0.064344011 0.384258419 -4.740798950 0.073176377 0.997283697 -0.008392199 -8.912255287 -0.382674664 0.035847686 0.923187435 406.051788330
0.918818235 -0.064868964 0.389313489 -3.950897217 0.074084252 0.997214079 -0.008686358 -8.968341827 -0.387665421 0.036823183 0.921064377 407.944244385
0.916460395 -0.065113701 0.394791842 -3.154327393 0.075184546 0.997118711 -0.010075144 -9.022909164 -0.392998248 0.038915716 0.918715358 409.840423584
0.914205670 -0.065076359 0.399991184 -2.340988159 0.075678661 0.997074246 -0.010749984 -9.079196930 -0.398121387 0.040098500 0.916455925 411.735168457
0.911688507 -0.065191455 0.405677408 -1.532897949 0.076187149 0.997032821 -0.010996213 -9.133750916 -0.403756857 0.040932521 0.913950205 413.605957031
0.909191430 -0.066237666 0.411076367 -0.698684692 0.076979853 0.996986330 -0.009612233 -9.189018250 -0.409200877 0.040383950 0.911550224 415.480895996
0.906774819 -0.066933095 0.416268408 0.128265381 0.077097483 0.996994317 -0.007634864 -9.244461060 -0.414506227 0.039016351 0.909209728 417.324615479
0.904167533 -0.066731580 0.421933591 0.967758179 0.077032588 0.997001171 -0.007391968 -9.295564651 -0.420175016 0.039186224 0.906596601 419.170166016
0.901764333 -0.065266140 0.427272022 1.830963135 0.076050527 0.997070253 -0.008202562 -9.337687492 -0.425484866 0.039891042 0.904085934 421.026885986
0.899583995 -0.064426847 0.431969702 2.713272095 0.075341560 0.997124314 -0.008182237 -9.389743805 -0.430200279 0.039905883 0.901850939 422.873077393
0.897429347 -0.063533857 0.436558992 3.594238281 0.074598417 0.997179806 -0.008228338 -9.446876526 -0.434805036 0.039950974 0.899637938 424.705352783
0.895473838 -0.062724449 0.440672368 4.485382080 0.074075550 0.997215807 -0.008584455 -9.499179840 -0.438906908 0.040330201 0.897626936 426.536651611
0.893650115 -0.060848124 0.444619864 5.377883911 0.072023861 0.997368753 -0.008268044 -9.549378395 -0.442946851 0.039411992 0.895681202 428.369995117
0.891982973 -0.060181148 0.448045343 6.274505615 0.071675211 0.997389972 -0.008724581 -9.598600388 -0.446350813 0.039895926 0.893968284 430.189941406
0.890187442 -0.061490428 0.451425821 7.176040649 0.072343923 0.997356534 -0.006804573 -9.651625633 -0.449814081 0.038715255 0.892282724 431.999542236
0.888311386 -0.063726239 0.454798669 8.095138550 0.073845975 0.997259498 -0.004500026 -9.702016830 -0.453265458 0.037582476 0.890582919 433.823608398
0.886630356 -0.063769579 0.458061218 9.028106689 0.074325100 0.997221351 -0.005035367 -9.747654915 -0.456467241 0.038509946 0.888906419 435.645690918
0.885000467 -0.062883027 0.461324155 9.963699341 0.074552707 0.997191727 -0.007094197 -9.791969299 -0.459582567 0.040671326 0.887203336 437.459381104
0.883070290 -0.063243233 0.464959264 10.910491943 0.075196154 0.997142851 -0.007185483 -9.852236748 -0.463176370 0.041308429 0.885302901 439.270782471
0.881046951 -0.062366962 0.468899369 11.846664429 0.074533537 0.997190952 -0.007412612 -9.900135994 -0.467119932 0.041479588 0.883220494 441.074768066
0.879179358 -0.062390499 0.472388744 12.802352905 0.074559115 0.997191608 -0.007061044 -9.954113960 -0.470621556 0.041428812 0.881362021 442.877960205
0.876983345 -0.061305568 0.476593971 13.748992920 0.074286573 0.997201383 -0.008422456 -10.005062103 -0.474743873 0.042790879 0.879083157 444.655944824
0.874846578 -0.060614664 0.480592936 14.707321167 0.074810617 0.997143328 -0.010416893 -10.063727379 -0.478588641 0.045066632 0.876881957 446.433166504
0.872625470 -0.060129948 0.484674245 15.675109863 0.074959069 0.997123063 -0.011253419 -10.120429039 -0.482603282 0.046150755 0.874622345 448.209411621
0.870284975 -0.061353307 0.488712490 16.653656006 0.076230571 0.997034073 -0.010580818 -10.178931236 -0.486613780 0.046463158 0.872380733 449.977020264
0.868137538 -0.062107142 0.492422521 17.644638062 0.077077225 0.996973515 -0.010142623 -10.235200882 -0.490302265 0.046759747 0.870297134 451.746826172
0.865892172 -0.061954051 0.496379375 18.632308960 0.076553792 0.997023940 -0.009101244 -10.288228989 -0.494338185 0.045880418 0.868058026 453.507354736
0.863690078 -0.060959913 0.500323176 19.628646851 0.075576611 0.997099578 -0.008977532 -10.345746040 -0.498324752 0.045566540 0.865792155 455.262695312
0.861473501 -0.058481574 0.504423976 20.632186890 0.073650040 0.997232318 -0.010165695 -10.405641556 -0.502433479 0.045908317 0.863396287 457.024841309
0.859251440 -0.056122303 0.508465588 21.654800415 0.072012328 0.997336268 -0.011611210 -10.464997292 -0.506459475 0.046592742 0.861003995 458.787597656
0.856831074 -0.053736109 0.512789428 22.679321289 0.069453992 0.997518659 -0.011520464 -10.529300690 -0.510897934 0.045486365 0.858437121 460.539794922
0.854370534 -0.052634828 0.516991854 23.713745117 0.067987204 0.997627854 -0.010786027 -10.588508606 -0.515197754 0.044364091 0.855922401 462.284790039
0.851490736 -0.053210802 0.521662772 24.760177612 0.068130836 0.997631669 -0.009446701 -10.644660950 -0.519924581 0.043585107 0.853099465 464.033691406
0.848519623 -0.055656452 0.526228845 25.821472168 0.069646224 0.997548580 -0.006795857 -10.699216843 -0.524560630 0.042416271 0.850315869 465.775848389
0.845322430 -0.059085518 0.530979216 26.893630981 0.072832376 0.997331798 -0.004970007 -10.742369652 -0.529268742 0.042873714 0.847370446 467.512939453
0.842571080 -0.061024763 0.535116792 27.989471436 0.075281888 0.997150719 -0.004820382 -10.786619186 -0.533297896 0.044346116 0.844764411 469.241088867
0.839091182 -0.061786409 0.540470600 29.053710938 0.077494770 0.996972620 -0.006338612 -10.836337090 -0.538442731 0.047202311 0.841339052 470.933135986
0.835783720 -0.060836583 0.545677960 30.154144287 0.078022875 0.996916533 -0.008358869 -10.878481865 -0.543486893 0.049561568 0.837953269 472.647186279
0.832372367 -0.059177663 0.551048279 31.257507324 0.077843361 0.996910036 -0.010525165 -10.933929443 -0.548722684 0.051656317 0.834406972 474.348510742
0.829233885 -0.056840114 0.556003988 32.385360718 0.076393746 0.997005343 -0.012011409 -10.992735863 -0.553656161 0.052435491 0.831092894 476.059936523
0.825800836 -0.055532776 0.561221004 33.523071289 0.074751720 0.997137785 -0.011325676 -11.050920486 -0.558985770 0.051304981 0.827588499 477.766326904
0.822227299 -0.055011485 0.566494465 34.673095703 0.073126487 0.997279346 -0.009293615 -11.103056908 -0.564441979 0.049067222 0.824013114 479.465454102
0.818828046 -0.055278409 0.571371138 35.832931519 0.071405418 0.997430325 -0.005832291 -11.154555321 -0.569580495 0.045574646 0.820671082 481.156097412
0.815059483 -0.055327870 0.576729476 37.000747681 0.069788456 0.997557521 -0.002928599 -11.201206207 -0.575158775 0.042636026 0.816929936 482.844299316
0.811611831 -0.055306908 0.581573069 38.190628052 0.068721741 0.997635305 -0.001030385 -11.240394592 -0.580141008 0.040802989 0.813493550 484.529418945
0.807903171 -0.055199888 0.586724341 39.381332397 0.069259986 0.997597456 -0.001513650 -11.279746056 -0.585231185 0.041859403 0.809785306 486.198852539
0.804514825 -0.053953737 0.591476798 40.574066162 0.069723986 0.997558892 -0.003841128 -11.314087868 -0.589825749 0.044330373 0.806312680 487.852935791
0.801157951 -0.052114170 0.596179485 41.782806396 0.069734573 0.997544348 -0.006511815 -11.363361359 -0.594376028 0.046791319 0.802824795 489.527679443
0.798590899 -0.051534232 0.599663913 43.010650635 0.071203455 0.997420251 -0.009107028 -11.404178619 -0.597647607 0.049970925 0.800200164 491.176361084
0.796559334 -0.051535588 0.602359831 44.243011475 0.071969844 0.997358263 -0.009842621 -11.452495575 -0.600261271 0.051191960 0.798164010 492.828216553
0.794446468 -0.051505487 0.605146229 45.472625732 0.071869962 0.997369170 -0.009463587 -11.506611824 -0.603066742 0.051010158 0.796058059 494.467590332
0.792235851 -0.051118996 0.608070016 46.719375610 0.070570081 0.997474015 -0.008088347 -11.565473557 -0.606120586 0.049319431 0.793842196 496.123657227
0.790099263 -0.051395923 0.610820293 47.994110107 0.069634899 0.997553647 -0.006136476 -11.615873337 -0.609010696 0.047382835 0.791745424 497.764343262
0.786222637 -0.051207021 0.615817845 49.206802368 0.069170006 0.997590482 -0.005357739 -11.667537689 -0.614059806 0.046808500 0.787870347 499.400390625
0.782899797 -0.050620347 0.620085061 50.480010986 0.069319844 0.997575939 -0.006084400 -11.708909988 -0.618273914 0.047747660 0.784510970 501.031585693
0.779642940 -0.050672147 0.624170899 51.760650635 0.070992000 0.997447193 -0.007699192 -11.758424759 -0.622187316 0.050313763 0.781250060 502.654968262
0.776129186 -0.050506342 0.628547966 53.048690796 0.072416544 0.997331321 -0.009280159 -11.807025909 -0.626401782 0.052719876 0.777715445 504.277557373
0.772530138 -0.049588058 0.633038819 54.342163086 0.073622614 0.997217178 -0.011730134 -11.858449936 -0.630695581 0.055667855 0.774031043 505.889953613
0.769284606 -0.048684191 0.637048662 55.650787354 0.073749259 0.997193992 -0.012850807 -11.917129517 -0.634635508 0.056867804 0.770716369 507.488586426
0.765787601 -0.047563292 0.641332388 56.969573975 0.072208971 0.997314334 -0.012257581 -11.980735779 -0.639026821 0.055696659 0.767165244 509.098144531
0.762125373 -0.046501853 0.645757258 58.297698975 0.069528230 0.997527540 -0.010224177 -12.032608986 -0.643685222 0.052690465 0.763474286 510.701507568
0.758464396 -0.046979222 0.650019050 59.635879517 0.068354197 0.997631729 -0.007655540 -12.080728531 -0.648119986 0.050237972 0.759879351 512.295898438
0.754753232 -0.047651920 0.654275775 60.964370728 0.067027047 0.997740328 -0.004653461 -12.133915901 -0.652575612 0.047366384 0.756241739 513.855895996
0.751336455 -0.049286958 0.658076227 62.330215454 0.067778632 0.997696817 -0.002660970 -12.177016258 -0.656429410 0.046602786 0.752946615 515.432128906
0.747707009 -0.049660560 0.662169218 63.698226929 0.069518261 0.997573853 -0.003683669 -12.221243858 -0.660379767 0.048787154 0.749345303 517.005432129
0.744165361 -0.048777118 0.666212201 65.075515747 0.071227245 0.997438848 -0.006533467 -12.272092819 -0.664187133 0.052314449 0.745733619 518.568786621
0.740825474 -0.048309486 0.669957995 66.462539673 0.073138632 0.997281551 -0.008962977 -12.320333481 -0.667703748 0.055639822 0.742344856 520.116149902
0.737222612 -0.047393341 0.673985720 67.883682251 0.073649935 0.997229457 -0.010436946 -12.370919228 -0.671623826 0.057333354 0.738670647 521.697937012
0.733944297 -0.046232726 0.677634418 69.294525146 0.071914256 0.997362196 -0.009843464 -12.423997879 -0.675391912 0.055956129 0.735333025 523.246643066
0.730104387 -0.046089914 0.681779504 70.705200195 0.070704505 0.997462809 -0.008285213 -12.478924751 -0.679667890 0.054253940 0.731510818 524.791381836
0.726439834 -0.045285542 0.685736418 72.125366211 0.068360455 0.997639298 -0.006534774 -12.530073166 -0.683821678 0.051624380 0.727820635 526.326477051
0.723186493 -0.046065133 0.689114869 73.564285278 0.066802315 0.997760415 -0.003408101 -12.571271896 -0.687414587 0.048499156 0.724644065 527.854125977
0.719136119 -0.048189048 0.693196237 74.994674683 0.066661768 0.997775555 0.000206243 -12.611792564 -0.691664219 0.046061374 0.720748901 529.381591797
0.716129720 -0.049457159 0.696212709 76.447174072 0.067773245 0.997700095 0.001161955 -12.645136833 -0.694668949 0.046352506 0.717834592 530.892150879
