1.000000000 0.000000000 -0.000000000 0.000000000 0.000000000 1.000000000 -0.000000000 0.000000000 -0.000000000 -0.000000000 1.000000000 0.000000000
0.999984801 0.000211272 -0.005511769 -0.007532971 -0.000362681 0.999622166 -0.027483605 0.002286656 0.005503880 0.027485186 0.999607086 0.753416002
0.999951959 -0.001495205 -0.009683710 -0.010975998 0.001128425 0.999285817 -0.037771221 -0.005064115 0.009733269 0.037758477 0.999239445 1.530327201
0.999909222 -0.001557618 -0.013385120 -0.012039153 0.001192336 0.999627829 -0.027254915 -0.029465869 0.013422591 0.027236484 0.999538898 2.324993849
0.999859512 -0.000066944 -0.016757181 -0.029200736 -0.000176690 0.999894381 -0.014537159 -0.057734184 0.016756384 0.014538079 0.999753952 3.135211229
0.999816239 0.001221190 -0.019128527 -0.039890110 -0.001424730 0.999942422 -0.010630689 -0.077758551 0.019114444 0.010655990 0.999760509 3.904569387
0.999808729 0.000706377 -0.019542282 -0.053885095 -0.000972987 0.999906480 -0.013636580 -0.095100820 0.019530822 0.013652987 0.999716043 4.710958481
0.999816120 0.000828192 -0.019158516 -0.067441523 -0.001153492 0.999855161 -0.016974591 -0.111237019 0.019141683 0.016993564 0.999672353 5.524145126
0.999830842 0.001172005 -0.018354055 -0.085326374 -0.001485370 0.999853194 -0.017069018 -0.140068412 0.018331356 0.017093394 0.999685824 6.319998741
0.999831200 0.000956741 -0.018346265 -0.095248304 -0.001260524 0.999862134 -0.016553892 -0.154398993 0.018327901 0.016574226 0.999694645 7.148114681
0.999837816 0.000296782 -0.018006032 -0.111340940 -0.000579102 0.999876916 -0.015675984 -0.179758579 0.017999168 0.015683871 0.999714911 7.985408783
0.999839425 0.000378640 -0.017915690 -0.125628531 -0.000668723 0.999868631 -0.016188361 -0.203866854 0.017907212 0.016197745 0.999708354 8.836572647
0.999833107 -0.000661352 -0.018258590 -0.138421446 0.000355757 0.999859810 -0.016735241 -0.227025211 0.018267101 0.016725954 0.999693215 9.652038574
0.999827921 -0.000945322 -0.018526973 -0.156056792 0.000626697 0.999851882 -0.017196173 -0.247404814 0.018540485 0.017181598 0.999680459 10.515077591
0.999817610 -0.000990822 -0.019071594 -0.168993086 0.000675434 0.999862969 -0.016536376 -0.272188932 0.019085364 0.016520478 0.999681354 11.386071205
0.999822259 -0.000209757 -0.018851653 -0.191727310 -0.000089439 0.999874055 -0.015868876 -0.288698822 0.018852603 0.015867742 0.999696374 12.276337624
0.999823809 -0.000119531 -0.018770061 -0.196416825 -0.000183116 0.999870002 -0.016121397 -0.312139511 0.018769549 0.016121997 0.999693871 13.154265404
0.999831378 -0.000276838 -0.018361120 -0.210365295 -0.000037829 0.999853134 -0.017135141 -0.333017409 0.018363168 0.017132945 0.999684632 14.051539421
0.999834359 -0.000457482 -0.018194772 -0.225098833 0.000123916 0.999831975 -0.018330000 -0.354341060 0.018200103 0.018324705 0.999666512 14.956761360
0.999840677 -0.000026758 -0.017850081 -0.247278720 -0.000305576 0.999826610 -0.018615115 -0.379311025 0.017847488 0.018617602 0.999667466 15.860174179
0.999830067 -0.000586448 -0.018425239 -0.264869452 0.000246353 0.999829650 -0.018454943 -0.404138416 0.018432923 0.018447267 0.999659896 16.788726807
0.999805927 -0.003121221 -0.019450415 -0.276201963 0.002767305 0.999830663 -0.018196220 -0.432287931 0.019503916 0.018138865 0.999645233 17.717748642
0.999783635 -0.003087465 -0.020571416 -0.299041271 0.002717467 0.999834538 -0.017989721 -0.455306113 0.020623554 0.017929928 0.999626517 18.656080246
0.999756992 -0.004608604 -0.021561362 -0.322293609 0.004213218 0.999822795 -0.018347317 -0.476590693 0.021642098 0.018252011 0.999599099 19.596498489
0.999724150 -0.005270439 -0.022888327 -0.335016102 0.004847195 0.999817014 -0.018507924 -0.503702044 0.022981683 0.018391874 0.999566734 20.564353943
0.999677420 -0.006674471 -0.024503807 -0.355048209 0.006233342 0.999817908 -0.018034875 -0.527055860 0.024619719 0.017876310 0.999537051 21.536592484
0.999620855 -0.007375677 -0.026527550 -0.378689408 0.006914673 0.999824166 -0.017428175 -0.551191688 0.026651431 0.017238136 0.999496162 22.520992279
0.999568939 -0.006697799 -0.028582478 -0.406701535 0.006246172 0.999854684 -0.015860941 -0.576089561 0.028684551 0.015675571 0.999465704 23.525150299
0.999474108 -0.005128285 -0.032016054 -0.439939469 0.004652991 0.999878049 -0.014902370 -0.597425580 0.032088574 0.014745560 0.999376237 24.533121109
0.999349236 -0.005180651 -0.035694581 -0.484442264 0.004607284 0.999859273 -0.016126724 -0.620383322 0.035773110 0.015951771 0.999232590 25.550722122
0.999152541 -0.004705664 -0.040889252 -0.517957270 0.003854478 0.999774754 -0.020870810 -0.641380727 0.040978253 0.020695519 0.998945594 26.597753525
0.998891652 -0.004351880 -0.046867419 -0.566128850 0.003275281 0.999729574 -0.023023505 -0.667957306 0.046954945 0.022844486 0.998635590 27.639877319
0.998566687 -0.005845176 -0.053201754 -0.621882558 0.004748202 0.999773979 -0.020722218 -0.693658173 0.053310856 0.020439904 0.998368680 28.709072113
0.998282552 -0.005521881 -0.058321979 -0.683468103 0.004524854 0.999841511 -0.017213505 -0.719261885 0.058407795 0.016920041 0.998149455 29.764940262
0.998015165 -0.005792876 -0.062707298 -0.744714499 0.004773987 0.999854326 -0.016385995 -0.739732385 0.062793091 0.016054103 0.997897506 30.848630905
0.997898996 -0.003514160 -0.064693175 -0.825426459 0.002462223 0.999863565 -0.016332967 -0.771179974 0.064741738 0.016139362 0.997771621 31.930067062
0.997843623 -0.002551868 -0.065586679 -0.897236824 0.001536884 0.999878347 -0.015521262 -0.795055926 0.065618314 0.015386991 0.997726142 33.023677826
0.997848392 -0.001604083 -0.065544821 -0.970488310 0.000682715 0.999900639 -0.014077061 -0.824247777 0.065560892 0.014002024 0.997750342 34.124984741
0.997901559 -0.000360928 -0.064747363 -1.044763446 -0.000538622 0.999903560 -0.013875247 -0.848659873 0.064746127 0.013881003 0.997805238 35.235385895
0.997984350 -0.000106940 -0.063459933 -1.122359276 -0.000761038 0.999906480 -0.013653253 -0.879397392 0.063455462 0.013674030 0.997890949 36.325542450
0.998030484 -0.001120869 -0.062720947 -1.184069395 0.000248683 0.999903202 -0.013911883 -0.911329150 0.062730484 0.013868884 0.997934043 37.425029755
0.998123229 -0.002380642 -0.061191276 -1.250896335 0.001486963 0.999891639 -0.014646081 -0.938748419 0.061219521 0.014527603 0.998018503 38.523849487
0.998191416 -0.002895810 -0.060047794 -1.312093377 0.002019460 0.999890625 -0.014649765 -0.974733293 0.060083669 0.014502004 0.998088002 39.618221283
0.998246491 -0.003191586 -0.059108935 -1.363035202 0.002351332 0.999895155 -0.014279440 -1.004077315 0.059148323 0.014115415 0.998149395 40.719867706
0.998334587 -0.003691562 -0.057570837 -1.425842762 0.002894562 0.999898911 -0.013921059 -1.031618118 0.057616416 0.013731234 0.998244345 41.817363739
0.998429120 -0.003423107 -0.055924833 -1.489517212 0.002619083 0.999892235 -0.014443859 -1.058644533 0.055968244 0.014274699 0.998330474 42.892230988
0.998470545 -0.003554933 -0.055171590 -1.546183944 0.002719056 0.999880493 -0.015218187 -1.081486940 0.055219103 0.015044898 0.998360872 43.978813171
0.998512030 -0.004171284 -0.054372344 -1.603052378 0.003390020 0.999889731 -0.014453106 -1.118031502 0.054426637 0.014247278 0.998416126 45.065708160
0.998534858 -0.004696880 -0.053908270 -1.659852505 0.003914314 0.999885619 -0.014613054 -1.147845268 0.053970732 0.014380629 0.998438954 46.152896881
0.998554409 -0.004416638 -0.053568747 -1.717136383 0.003612730 0.999879479 -0.015094605 -1.176921368 0.053628955 0.014879258 0.998450041 47.222969055
0.998587430 -0.004402447 -0.052952103 -1.773526192 0.003615233 0.999881566 -0.014953131 -1.205996394 0.053011667 0.014740575 0.998485088 48.301895142
0.998579741 -0.004873917 -0.053056221 -1.814417839 0.004094896 0.999882340 -0.014781731 -1.235313416 0.053122021 0.014543477 0.998482168 49.381137848
0.998622954 -0.004395450 -0.052278046 -1.874015808 0.003620788 0.999882340 -0.014903601 -1.265856147 0.052337393 0.014693789 0.998521388 50.463272095
0.998624504 -0.005027350 -0.052190345 -1.929738998 0.004204640 0.999865353 -0.015861485 -1.294118047 0.052263059 0.015620228 0.998511195 51.537864685
0.998623371 -0.005515535 -0.052161824 -1.987978458 0.004702725 0.999865770 -0.015692363 -1.324097872 0.052241363 0.015425458 0.998515427 52.612659454
0.998539031 -0.007029231 -0.053576417 -2.044706106 0.006243853 0.999870777 -0.014812325 -1.352859974 0.053673606 0.014456160 0.998453915 53.700172424
0.998340070 -0.008695415 -0.056932889 -2.086186647 0.007892900 0.999866486 -0.014305512 -1.391298056 0.057049684 0.013832402 0.998275399 54.740783691
0.998027027 -0.011967131 -0.061633285 -2.146693230 0.011033446 0.999819458 -0.015467168 -1.423295856 0.061807260 0.014756622 0.997978926 55.802177429
0.997565866 -0.014435540 -0.068218514 -2.212232828 0.013278808 0.999760866 -0.017379450 -1.457468510 0.068453066 0.016431287 0.997518957 56.867267609
0.997012019 -0.017347423 -0.075274259 -2.285641193 0.015980747 0.999696970 -0.018720513 -1.489192724 0.075576209 0.017461637 0.996987104 57.916572571
0.996456861 -0.017414058 -0.082282580 -2.367903948 0.015995253 0.999712288 -0.017870987 -1.521584988 0.082570113 0.016491542 0.996448755 58.963142395
0.995948792 -0.015752079 -0.088531524 -2.457428932 0.014438017 0.999776185 -0.015463771 -1.552724719 0.088755265 0.014122907 0.995953321 60.010513306
0.995588183 -0.012680252 -0.092969418 -2.560857296 0.011346831 0.999825239 -0.014857208 -1.585558414 0.093141556 0.013736758 0.995558143 61.071895599
0.995380998 -0.010727835 -0.095402151 -2.665481567 0.009189616 0.999820828 -0.016548334 -1.607814312 0.095562577 0.015595191 0.995301306 62.116691589
0.995317280 -0.008342106 -0.096301280 -2.764369249 0.006596818 0.999808371 -0.018427387 -1.648603678 0.096436575 0.017705819 0.995181620 63.143970490
0.995387256 -0.007150980 -0.095671780 -2.864687920 0.005278750 0.999789774 -0.019808119 -1.678312659 0.095793322 0.019211723 0.995215893 64.178009033
0.995550752 -0.007583348 -0.093920514 -2.956655264 0.005810728 0.999800086 -0.019132720 -1.714237928 0.094046824 0.018501852 0.995395780 65.215782166
0.995869875 -0.007056188 -0.090516225 -3.047591448 0.005490760 0.999831200 -0.017531820 -1.749824643 0.090624653 0.016962413 0.995740652 66.262191772
0.996338069 -0.007476860 -0.085172340 -3.129077911 0.006121911 0.999850631 -0.016158428 -1.782295465 0.085280448 0.015577837 0.996235132 67.308898926
0.996876121 -0.004710384 -0.078840405 -3.215807199 0.003459229 0.999866068 -0.015998516 -1.814998150 0.078905217 0.015675815 0.996758997 68.321846008
0.997470558 -0.004931710 -0.070910133 -3.285794258 0.003753000 0.999852777 -0.016746225 -1.841868520 0.070982285 0.016437741 0.997342169 69.344413757
0.998072386 -0.002942992 -0.061989177 -3.348115444 0.001930369 0.999863803 -0.016389040 -1.877911568 0.062028967 0.016237784 0.997942209 70.368171692
0.998678386 -0.000642849 -0.051389758 -3.402854919 -0.000192979 0.999867797 -0.016257873 -1.907659054 0.051393412 0.016246304 0.998546302 71.386062622
0.999184728 -0.000510788 -0.040368795 -3.440905571 -0.000120455 0.999877691 -0.015632918 -1.940734386 0.040371843 0.015625034 0.999062538 72.420539856
0.999591291 0.000704820 -0.028578119 -3.474862099 -0.001159041 0.999873221 -0.015880575 -1.967196345 0.028563298 0.015907209 0.999465525 73.436157227
0.999844253 0.001331934 -0.017596941 -3.490605354 -0.001621092 0.999863803 -0.016428314 -1.992031336 0.017572660 0.016454279 0.999710262 74.460891724
0.999973416 0.001176764 -0.007196845 -3.496213436 -0.001300284 0.999851584 -0.017182546 -2.023464680 0.007175555 0.017191444 0.999826491 75.495956421
0.999998271 -0.000987608 0.001569545 -3.488160372 0.001016954 0.999822617 -0.018807791 -2.052905321 -0.001550691 0.018809354 0.999821901 76.531822205
0.999962628 -0.002698406 0.008210834 -3.472285986 0.002860273 0.999800503 -0.019766387 -2.075820208 -0.008155859 0.019789133 0.999770880 77.559288025
0.999900520 -0.006665535 0.012433777 -3.445707083 0.006914589 0.999774098 -0.020096214 -2.100212336 -0.012297016 0.020180188 0.999720752 78.600990295
0.999846697 -0.009488417 0.014719462 -3.430552959 0.009775818 0.999760509 -0.019577758 -2.132548809 -0.014530176 0.019718651 0.999699950 79.656799316
0.999814212 -0.011893646 0.015164088 -3.408858776 0.012176124 0.999751389 -0.018673878 -2.170584202 -0.014938221 0.018855046 0.999710560 80.686134338
0.999821842 -0.012648816 0.014004624 -3.396431208 0.012893455 0.999763370 -0.017518276 -2.200674772 -0.013779727 0.017695725 0.999748468 81.725303650
0.999835551 -0.013390292 0.012233666 -3.377511501 0.013608954 0.999745905 -0.017968873 -2.225329876 -0.011989950 0.018132407 0.999763727 82.780868530
0.999863684 -0.012789181 0.010437865 -3.371663332 0.012981168 0.999743879 -0.018537723 -2.259276390 -0.010198111 0.018670695 0.999773622 83.833084106
0.999894500 -0.012777206 0.006903952 -3.347250223 0.012911465 0.999721289 -0.019765362 -2.289399147 -0.006649482 0.019852418 0.999780834 84.900306702
0.999903917 -0.013553831 0.002922083 -3.347329855 0.013611439 0.999693274 -0.020690374 -2.317504883 -0.002640753 0.020728150 0.999781668 85.944206238
0.999892771 -0.014605061 -0.001133450 -3.343503952 0.014578748 0.999683321 -0.020514410 -2.351448298 0.001432705 0.020495681 0.999788940 87.015846252
0.999854743 -0.016097095 -0.005612899 -3.346573353 0.015979182 0.999662995 -0.020455180 -2.381512642 0.005940276 0.020362517 0.999775052 88.081405640
0.999826133 -0.015920823 -0.009704230 -3.356819630 0.015724536 0.999676704 -0.019978235 -2.413649797 0.010019163 0.019822165 0.999753475 89.156997681
0.999780893 -0.015821185 -0.013701657 -3.369446993 0.015549890 0.999685228 -0.019685356 -2.444812536 0.014008794 0.019467982 0.999712348 90.241653442
0.999750733 -0.014349345 -0.017101992 -3.390253305 0.014023189 0.999720335 -0.019040873 -2.471358538 0.017370433 0.018796304 0.999672472 91.331260681
0.999715805 -0.013258736 -0.019811606 -3.412296772 0.012916493 0.999766827 -0.017304087 -2.505743504 0.020036416 0.017043272 0.999653935 92.409919739
0.999701798 -0.011858612 -0.021347966 -3.439541340 0.011494071 0.999787390 -0.017118623 -2.534141064 0.021546431 0.016868142 0.999625504 93.499755859
0.999672949 -0.010922207 -0.023120515 -3.466731071 0.010512388 0.999786735 -0.017773286 -2.568669796 0.023309708 0.017524421 0.999574602 94.590087891
0.999607325 -0.012434674 -0.025110815 -3.484209061 0.011968654 0.999754906 -0.018624336 -2.608086348 0.025336249 0.018316481 0.999511182 95.659217834
0.999576032 -0.012884611 -0.026111187 -3.513423920 0.012402536 0.999751210 -0.018540960 -2.638700247 0.026343584 0.018209254 0.999487102 96.733863831
0.999534965 -0.013318621 -0.027431536 -3.532476425 0.012833625 0.999759555 -0.017781008 -2.672303200 0.027661756 0.017420694 0.999465525 97.825859070
0.999518991 -0.012606513 -0.028333321 -3.563218594 0.012136766 0.999787033 -0.016690578 -2.707962036 0.028537693 0.016338676 0.999459147 98.889137268
0.999484122 -0.013121779 -0.029315017 -3.580492258 0.012640783 0.999783397 -0.016533436 -2.736292839 0.029525613 0.016154341 0.999433458 99.965362549
0.999497950 -0.011655875 -0.029462710 -3.608874559 0.011194853 0.999813020 -0.015764477 -2.767992973 0.029640950 0.015426732 0.999441504 101.032302856
0.999545872 -0.009535230 -0.028583793 -3.653625250 0.009128504 0.999855697 -0.014326094 -2.798158169 0.028716270 0.014058660 0.999488652 102.123138428
0.999555230 -0.009175594 -0.028372372 -3.685120583 0.008758103 0.999852121 -0.014804049 -2.828844070 0.028504010 0.014548979 0.999487758 103.189277649
0.999560058 -0.009452495 -0.028111381 -3.714276552 0.008979152 0.999816537 -0.016916923 -2.859063148 0.028266132 0.016657066 0.999461651 104.240554810
0.999545157 -0.010215572 -0.028373551 -3.736684799 0.009719878 0.999798656 -0.017553609 -2.897189617 0.028547157 0.017269837 0.999443352 105.302986145
0.999515712 -0.012738891 -0.028391749 -3.759513378 0.012235737 0.999766290 -0.017825698 -2.928156614 0.028612198 0.017469672 0.999437928 106.356422424
0.999484897 -0.014666962 -0.028542491 -3.784681082 0.014201947 0.999764204 -0.016427053 -2.962065220 0.028776698 0.016013235 0.999457538 107.413681030
0.999474823 -0.014967334 -0.028742690 -3.807818413 0.014540866 0.999781847 -0.014989626 -2.990697622 0.028960779 0.014563808 0.999474466 108.484428406
0.999436855 -0.016765699 -0.029061999 -3.826699018 0.016374145 0.999772608 -0.013659061 -3.029172421 0.029284403 0.013175504 0.999484241 109.518516541
0.999433994 -0.017136963 -0.028947590 -3.859449387 0.016765151 0.999774396 -0.013038690 -3.057142258 0.029164508 0.012546000 0.999495804 110.546279907
0.999427736 -0.017255889 -0.029094370 -3.885112286 0.016893614 0.999777138 -0.012651944 -3.085720539 0.029306211 0.012153194 0.999496520 111.568229675
0.999399602 -0.017944472 -0.029636212 -3.916491985 0.017586805 0.999769866 -0.012285577 -3.112549782 0.029849850 0.011756996 0.999485254 112.587257385
0.999337733 -0.018531267 -0.031313740 -3.934411049 0.018170452 0.999765635 -0.011768254 -3.146302700 0.031524483 0.011191475 0.999440312 113.599914551
0.999295294 -0.018370496 -0.032729302 -3.965648413 0.018001324 0.999771357 -0.011538900 -3.170886040 0.032933794 0.010941599 0.999397635 114.604476929
0.999260545 -0.018369295 -0.033782270 -4.001047611 0.018006183 0.999777079 -0.011021690 -3.205364227 0.033977203 0.010405249 0.999368429 115.552291870
0.999206781 -0.018571595 -0.035227638 -4.036018372 0.018185152 0.999771178 -0.011258857 -3.233322620 0.035428666 0.010609305 0.999315917 116.508628845
0.999109626 -0.019533537 -0.037395231 -4.069292068 0.019094663 0.999744892 -0.012057601 -3.254370928 0.037621219 0.011332816 0.999227762 117.449829102
0.999044836 -0.019256921 -0.039225344 -4.105260372 0.018831998 0.999760211 -0.011173751 -3.290083408 0.039431110 0.010424387 0.999167919 118.368011475
0.998997867 -0.018261477 -0.040863078 -4.146451473 0.017829945 0.999781668 -0.010900060 -3.316870689 0.041053202 0.010160550 0.999105275 119.277770996
0.998893082 -0.018017372 -0.043451108 -4.182081699 0.017583456 0.999791861 -0.010347958 -3.345213890 0.043628510 0.009572484 0.999001920 120.175384521
0.998838723 -0.016720416 -0.045185026 -4.221528530 0.016231969 0.999805927 -0.011155344 -3.367465973 0.045362789 0.010408946 0.998916388 121.037193298
0.998784781 -0.015112616 -0.046909727 -4.260740757 0.014608338 0.999831915 -0.011074296 -3.391154289 0.047069199 0.010375566 0.998837709 121.891769409
0.998733282 -0.014319730 -0.048236765 -4.299415588 0.013764290 0.999835253 -0.011827420 -3.416783333 0.048398171 0.011148491 0.998765826 122.720993042
0.998701572 -0.012686286 -0.049339220 -4.339429855 0.012033408 0.999836326 -0.013507040 -3.443765640 0.049502496 0.012895782 0.998690724 123.536140442
0.998694122 -0.011518718 -0.049772214 -4.385056496 0.010837128 0.999844074 -0.013942413 -3.470511436 0.049925055 0.013384820 0.998663247 124.352073669
0.998691738 -0.010783925 -0.049984034 -4.419337749 0.010102477 0.999852836 -0.013865963 -3.489573479 0.050126210 0.013342861 0.998653769 125.150550842
0.998722851 -0.009940150 -0.049536679 -4.469618797 0.009377965 0.999889016 -0.011568421 -3.518870831 0.049646176 0.011089092 0.998705268 125.945426941
0.998791754 -0.007714178 -0.048534937 -4.509037018 0.007253730 0.999927044 -0.009655941 -3.541561604 0.048605885 0.009292214 0.998774707 126.705284119
0.998914838 -0.004748344 -0.046330448 -4.548079491 0.004379254 0.999957860 -0.008064713 -3.562675476 0.046366792 0.007853067 0.998893619 127.448760986
0.999071121 -0.003155750 -0.042976961 -4.582375050 0.002913956 0.999979556 -0.005687596 -3.578103542 0.042994030 0.005557080 0.999059796 128.165832520
0.999237716 -0.002284296 -0.038972177 -4.604243755 0.002153518 0.999992013 -0.003397305 -3.599544525 0.038979620 0.003310789 0.999234557 128.846054077
0.999427557 0.000121531 -0.033829812 -4.629855633 -0.000190337 0.999997914 -0.002030684 -3.615574360 0.033829492 0.002035961 0.999425471 129.502929688
0.999612153 0.002006204 -0.027776580 -4.646813869 -0.002071680 0.999995172 -0.002328686 -3.631484747 0.027771767 0.002385327 0.999611437 130.133621216
0.999777019 0.003097190 -0.020890284 -4.655095100 -0.003171713 0.999988735 -0.003535178 -3.647231579 0.020879097 0.003600648 0.999775529 130.712966919
0.999915242 0.002578006 -0.012764801 -4.658893108 -0.002630114 0.999988258 -0.004067029 -3.663109779 0.012754166 0.004100258 0.999910176 131.259643555
0.999988079 0.002382498 -0.004265648 -4.650021076 -0.002405506 0.999982536 -0.005396774 -3.678236961 0.004252718 0.005406970 0.999976218 131.788787842
0.999979913 0.003014719 0.005567801 -4.643975258 -0.002978457 0.999974370 -0.006509670 -3.689168215 -0.005587281 0.006492956 0.999963284 132.287216187
0.999861836 0.002381230 0.016456073 -4.629285812 -0.002285406 0.999980330 -0.005839334 -3.701244831 -0.016469657 0.005800918 0.999847531 132.749114990
0.999623179 0.003894925 0.027172405 -4.614621162 -0.003757965 0.999979913 -0.005089684 -3.713856697 -0.027191684 0.004985652 0.999617755 133.194290161
0.999222636 0.004007256 0.039218850 -4.588179588 -0.003807556 0.999979377 -0.005165310 -3.728321075 -0.039238743 0.005011966 0.999217272 133.634475708
0.998650134 0.005782672 0.051620059 -4.556309223 -0.005461729 0.999964833 -0.006356329 -3.734957695 -0.051655002 0.006065813 0.998646557 134.022140503
0.997727990 0.004623330 0.067212716 -4.518199921 -0.004253671 0.999975026 -0.005641920 -3.733148813 -0.067237124 0.005343202 0.997722685 134.410430908
0.996379912 0.003243653 0.084950283 -4.474545479 -0.003006793 0.999991179 -0.002916021 -3.751972198 -0.084958985 0.002650036 0.996380925 134.751266479
0.994473994 0.002588788 0.104951300 -4.418465614 -0.002342853 0.999994159 -0.002466534 -3.759445906 -0.104957089 0.002207019 0.994474292 135.120544434
0.991706848 0.004256433 0.128450394 -4.357797623 -0.003689444 0.999982357 -0.004651696 -3.766132355 -0.128467947 0.004139208 0.991705000 135.475097656
0.987726331 0.011891397 0.155741408 -4.296146393 -0.011011856 0.999918222 -0.006509027 -3.773076534 -0.155806065 0.004714135 0.987776399 135.840026855
0.982677400 0.017817196 0.184465796 -4.221246719 -0.015888536 0.999802649 -0.011928357 -3.793968916 -0.184641927 0.008790839 0.982766569 136.191299438
0.976543605 0.020761888 0.214316174 -4.129880905 -0.015920637 0.999578178 -0.024290897 -3.812792301 -0.214730129 0.020309072 0.976462245 136.518859863
0.968728185 0.019217081 0.247378677 -4.013530731 -0.009957115 0.999203980 -0.038629219 -3.844419718 -0.247924119 0.034958042 0.968148530 136.840820312
0.959438145 0.018697541 0.281298369 -3.891918182 -0.003756265 0.998557448 -0.053561158 -3.864403963 -0.281894088 0.050331987 0.958124518 137.139282227
0.948196650 0.018758191 0.317129731 -3.759368896 0.000925405 0.998087943 -0.061803687 -3.881783962 -0.317682713 0.058895517 0.946366251 137.458160400
0.934553802 0.023237009 0.355062157 -3.630832672 -0.000217549 0.997902453 -0.064735003 -3.874153137 -0.355821669 0.060421105 0.932598650 137.702362061
0.918111861 0.028319530 0.395308316 -3.483036041 -0.002602041 0.997852981 -0.065441974 -3.881937027 -0.396312922 0.059054453 0.916214287 137.982696533
0.899300098 0.030967882 0.436234295 -3.320217133 -0.001459483 0.997696757 -0.067816854 -3.888164520 -0.437329680 0.060351029 0.897273898 138.258300781
0.877769053 0.023631910 0.478500843 -3.145088196 0.007934612 0.997928500 -0.063840449 -3.917065144 -0.479018331 0.059833899 0.875763297 138.516021729
0.852503419 0.011998200 0.522583961 -2.933158875 0.019151552 0.998348415 -0.054163806 -3.951178551 -0.522370756 0.056183126 0.850865543 138.766052246
0.822873771 0.004428937 0.568206847 -2.730247498 0.024796270 0.998737156 -0.043694541 -3.984091759 -0.567682862 0.050044507 0.821724832 139.010848999
0.788181245 0.003895242 0.615430832 -2.502532959 0.023869991 0.999034047 -0.036893439 -4.001876354 -0.614979982 0.043769050 0.787326992 139.250579834
0.747575819 0.005101458 0.664156914 -2.243911743 0.021922743 0.999236047 -0.032351505 -4.010460854 -0.663814545 0.038745344 0.746892869 139.461181641
0.702527761 0.002933988 0.711650252 -1.943794250 0.020439938 0.999495804 -0.024298631 -4.022307873 -0.711362720 0.031616554 0.702113569 139.633331299
0.671744049 -0.006315826 0.740756392 -1.394111633 0.020921165 0.999726474 -0.010448194 -4.043313980 -0.740487933 0.022516007 0.671692431 139.581924438
0.615418673 -0.017275326 0.788011014 -1.092010498 0.024828035 0.999688566 0.002525740 -4.041271210 -0.787809372 0.018010385 0.615655899 139.741912842
0.555722296 -0.027045377 0.830927968 -0.779953003 0.029451119 0.999483824 0.012834774 -4.035815716 -0.830846190 0.017339189 0.556231856 139.872131348
0.492128730 -0.031188000 0.869963527 -0.468143463 0.029485416 0.999381721 0.019148044 -4.036269665 -0.870022953 0.016227935 0.492743999 139.978530884
0.425049126 -0.035507642 0.904473603 -0.137145996 0.027970662 0.999268293 0.026084516 -4.038193226 -0.904738069 0.014211530 0.425731242 140.073348999
0.356548399 -0.039646886 0.933435321 0.183494568 0.024762474 0.999149203 0.032979403 -4.033587933 -0.933948755 0.011355419 0.357226610 140.127227783
0.286229104 -0.044476837 0.957128406 0.520275116 0.023425400 0.998948276 0.039414804 -4.029061794 -0.957874894 0.011139449 0.286969930 140.172943115
0.218562633 -0.046493422 0.974714756 0.856344223 0.019510001 0.998872876 0.043270979 -4.020695686 -0.975627840 0.009559268 0.219223320 140.179122925
0.152614772 -0.046678636 0.987182736 1.204364777 0.016759360 0.998862624 0.044639982 -4.009807587 -0.988143802 0.009731837 0.153223336 140.193572998
0.092190385 -0.045152269 0.994717240 1.557621956 0.013431119 0.998936892 0.044099018 -3.991749763 -0.995650828 0.009294657 0.092698783 140.185699463
0.036479484 -0.045871008 0.998281062 1.875524521 0.014147086 0.998869538 0.045381092 -3.977384567 -0.999234259 0.012467290 0.037087187 140.123992920
-0.018302422 -0.048754718 0.998643100 2.240774632 0.015944375 0.998669147 0.049048208 -3.959617615 -0.999705315 0.016820444 -0.017500699 140.075195312
-0.067696929 -0.054270975 0.996228814 2.616490841 0.018079277 0.998288691 0.055611745 -3.937228680 -0.997542143 0.021775844 -0.066599913 140.009246826
-0.111529551 -0.062240880 0.991810083 3.004900932 0.014581889 0.997826755 0.064258203 -3.911347866 -0.993654132 0.021629153 -0.110379569 139.937484741
-0.151621312 -0.070280120 0.985936940 3.409713745 0.008692580 0.997335672 0.072429419 -3.884078503 -0.988400459 0.019552184 -0.150606424 139.861877441
-0.183899000 -0.078239873 0.979826331 3.801588058 0.001620267 0.996801496 0.079899468 -3.863732338 -0.982943952 0.016281016 -0.183184057 139.737640381
-0.214127928 -0.077020161 0.973764360 4.205526352 0.000090691 0.996884942 0.078868851 -3.847915888 -0.976805568 0.016976334 -0.213453919 139.625350952
-0.240110695 -0.068145342 0.968350828 4.613239288 0.001650545 0.997502863 0.070606150 -3.833626747 -0.970744073 0.018551597 -0.239398658 139.496368408
-0.262073159 -0.054116562 0.963529527 5.018863678 0.006916285 0.998295546 0.057950377 -3.812868595 -0.965023279 0.021851286 -0.261252135 139.356079102
-0.279615998 -0.040400028 0.959261537 5.444438934 0.007110886 0.998999774 0.044146407 -3.789435863 -0.960085571 0.019165238 -0.279049009 139.211944580
-0.294676632 -0.028769862 0.955163896 5.874168396 0.005020895 0.999486208 0.031653877 -3.751248360 -0.955583870 0.014123435 -0.294380784 139.066879272
-0.306756347 -0.022918995 0.951512039 6.317417145 -0.000768825 0.999715686 0.023832209 -3.715512037 -0.951787710 0.006579136 -0.306686729 138.928726196
-0.316740185 -0.025708111 0.948163986 6.784389496 -0.002818777 0.999653757 0.026162557 -3.700036287 -0.948508143 0.005614067 -0.316702902 138.767623901
-0.325657189 -0.032264452 0.944937229 7.266155243 -0.000157554 0.999419391 0.034070425 -3.696497917 -0.945487916 0.010946400 -0.325473189 138.589935303
-0.333342493 -0.035107691 0.942151904 7.751773834 0.003103605 0.999260247 0.038333815 -3.689166069 -0.942800701 0.015702356 -0.332986921 138.404205322
-0.340158582 -0.033496507 0.939771354 8.242637634 0.005105665 0.999284923 0.037465803 -3.675781250 -0.940354168 0.017542474 -0.339744329 138.223983765
-0.344883710 -0.029928910 0.938168168 8.728580475 0.004669759 0.999424517 0.033599742 -3.659903526 -0.938633800 0.015969021 -0.344545424 138.037796021
-0.348863780 -0.028131364 0.936751127 9.237976074 0.003041585 0.999510050 0.031148810 -3.644343853 -0.937168479 0.013715900 -0.348607361 137.838378906
-0.351956785 -0.027839612 0.935602129 9.751167297 0.002126965 0.999531269 0.030541997 -3.626153708 -0.936013758 0.012739455 -0.351732552 137.645431519
-0.354178101 -0.027168965 0.934783280 10.282974243 0.004283594 0.999520302 0.030673511 -3.611704588 -0.935168147 0.014868118 -0.353891790 137.440429688
-0.355467796 -0.026429635 0.934314787 10.817550659 0.007237599 0.999492288 0.031026961 -3.600341797 -0.934660435 0.017791281 -0.355096012 137.232513428
-0.355582327 -0.026340958 0.934273720 11.357532501 0.007435382 0.999491453 0.031009596 -3.588428020 -0.934615374 0.017973144 -0.355205625 137.016387939
-0.355290949 -0.027066570 0.934363782 11.914321899 0.006197264 0.999490499 0.031309657 -3.573392868 -0.934735179 0.016914539 -0.354942143 136.803741455
-0.354566514 -0.027278706 0.934632659 12.470077515 0.005726078 0.999492228 0.031343997 -3.557017088 -0.935013235 0.016465316 -0.354230344 136.595077515
-0.353456438 -0.027573569 0.935044467 13.026390076 0.005999028 0.999478102 0.031741343 -3.544782639 -0.935431838 0.016828541 -0.353106499 136.385635376
-0.352440685 -0.027375832 0.935433567 13.573360443 0.006952300 0.999467909 0.031869214 -3.531810522 -0.935808361 0.017735424 -0.352062821 136.184844971
-0.350557894 -0.027651139 0.936132789 14.115566254 0.007374352 0.999451578 0.032282934 -3.520188332 -0.936512053 0.018220406 -0.350161701 135.968383789
-0.348766088 -0.028810343 0.936766982 14.665191650 0.007092081 0.999417663 0.033377618 -3.506369829 -0.937183022 0.018284606 -0.348358661 135.761566162
-0.347258300 -0.031756282 0.937231660 15.201658249 0.006747168 0.999315977 0.036359821 -3.495679379 -0.937745273 0.018949907 -0.346806556 135.564270020
-0.345982850 -0.034046028 0.937622905 15.736238480 0.007296920 0.999213517 0.038975012 -3.482326984 -0.938212454 0.020326443 -0.345462382 135.372512817
-0.343270391 -0.034532342 0.938601613 16.237188339 0.009053407 0.999155819 0.040071271 -3.469237328 -0.939193010 0.022252820 -0.342667967 135.182525635
-0.340431541 -0.034660272 0.939630270 16.718435287 0.009534500 0.999141753 0.040309869 -3.460113049 -0.940220892 0.022681650 -0.339808881 135.006683350
-0.338131040 -0.034306705 0.940473497 17.164817810 0.009447945 0.999161243 0.039844360 -3.450212002 -0.941051662 0.022358160 -0.337523252 134.850830078
-0.335765570 -0.033197351 0.941360354 17.611797333 0.008248930 0.999236822 0.038180612 -3.438543797 -0.941909432 0.020584954 -0.335235506 134.695327759
-0.333741158 -0.031187057 0.942148685 18.053604126 0.008098044 0.999320805 0.035948176 -3.426690817 -0.942630053 0.019626953 -0.333261907 134.543945312
-0.331366062 -0.030347919 0.943014145 18.481252670 0.009384148 0.999327064 0.035457671 -3.421150446 -0.943455637 0.020598853 -0.330858260 134.390884399
-0.329212010 -0.031967416 0.943714797 18.900646210 0.011011872 0.999228895 0.037689358 -3.410394430 -0.944191813 0.022799853 -0.328606099 134.258422852
-0.325818658 -0.033699594 0.944831550 19.294143677 0.011786929 0.999142051 0.039701343 -3.400407314 -0.945358872 0.024072105 -0.325141907 134.116683960
-0.323271066 -0.035182845 0.945652246 19.679166794 0.011006405 0.999101281 0.040933944 -3.392407894 -0.946242452 0.023640992 -0.322593272 133.996765137
-0.318822712 -0.035296652 0.947156847 20.010755539 0.011279589 0.999094248 0.041028969 -3.387420654 -0.947747171 0.023764510 -0.318135798 133.871871948
-0.313446313 -0.034938503 0.948962927 20.337415695 0.011071597 0.999120533 0.040442180 -3.378166676 -0.949541390 0.023182984 -0.312783837 133.766632080
-0.308720291 -0.034244604 0.950536311 20.635253906 0.010644415 0.999164581 0.039453678 -3.369711399 -0.951093316 0.022298053 -0.308097869 133.677627563
-0.305049926 -0.034815092 0.951699793 20.914903641 0.009725154 0.999165416 0.039668705 -3.365871429 -0.952286661 0.021356357 -0.304456741 133.591278076
-0.302692533 -0.035043266 0.952443779 21.170057297 0.009977456 0.999152541 0.039932720 -3.358812094 -0.953036010 0.021590302 -0.302086294 133.513244629
-0.300313383 -0.034301925 0.953223646 21.398441315 0.010762846 0.999167562 0.039346069 -3.351664782 -0.953779757 0.022075551 -0.299694180 133.438415527
-0.298485368 -0.033385754 0.953830183 21.614500046 0.010820635 0.999205351 0.038360108 -3.347286224 -0.954352856 0.021770976 -0.297886878 133.370498657
-0.297215521 -0.033160955 0.954234421 21.806489944 0.010007746 0.999233544 0.037841853 -3.346608400 -0.954757929 0.020796919 -0.296655864 133.318115234
-0.296683580 -0.030824283 0.954478264 22.008773804 0.007925401 0.999364972 0.034737356 -3.333335876 -0.954942942 0.017870624 -0.296250910 133.254287720
-0.298723400 -0.029066578 0.953896940 22.183889389 0.006452100 0.999451637 0.032475241 -3.335987329 -0.954317868 0.015855752 -0.298372120 133.194076538
-0.302032143 -0.027786154 0.952892601 22.373966217 0.006892430 0.999485314 0.031329434 -3.328652859 -0.953272820 0.016030245 -0.301685244 133.129806519
-0.305448502 -0.027973058 0.951797545 22.564004898 0.008833756 0.999442220 0.032208223 -3.327550411 -0.952167630 0.018245902 -0.305031031 133.061019897
-0.308386654 -0.027818741 0.950854182 22.751091003 0.010868696 0.999403954 0.032764141 -3.322374105 -0.951199055 0.020438571 -0.307900488 132.992294312
-0.309953809 -0.027536172 0.950352728 22.939537048 0.011891641 0.999390006 0.032835420 -3.315252066 -0.950677335 0.021478720 -0.309437305 132.926895142
-0.309583783 -0.027750548 0.950467110 23.122940063 0.012969515 0.999357820 0.033402391 -3.319133759 -0.950783670 0.022667935 -0.309025109 132.871536255
-0.307133526 -0.027778845 0.951260865 23.312244415 0.012050629 0.999380291 0.033074811 -3.311313152 -0.951590180 0.021621676 -0.306608409 132.809494019
-0.303833604 -0.026862547 0.952346265 23.491355896 0.010998135 0.999436855 0.031699628 -3.308638811 -0.952661693 0.020105446 -0.303367078 132.761718750
-0.298778385 -0.024121575 0.954017580 23.679382324 0.010697611 0.999533057 0.028622661 -3.308860540 -0.954262555 0.018757544 -0.298380852 132.705566406
-0.293532819 -0.018307665 0.955773711 23.881866455 0.011111671 0.999683678 0.022561315 -3.300569534 -0.955884457 0.017242730 -0.293236464 132.655319214
-0.285962641 -0.013486249 0.958145857 24.112623215 0.012373922 0.999765575 0.017765112 -3.293408155 -0.958160818 0.016936176 -0.285728753 132.588790894
-0.276978970 -0.011848815 0.960802913 24.360706329 0.012773200 0.999790072 0.016011856 -3.291695595 -0.960791111 0.016707474 -0.276769549 132.528320312
-0.266431928 -0.012087046 0.963777959 24.638011932 0.013182946 0.999782205 0.016182950 -3.279713869 -0.963763535 0.017017091 -0.266214550 132.449951172
-0.255462795 -0.012936439 0.966732323 24.951879501 0.012361109 0.999785006 0.016645210 -3.271963835 -0.966739893 0.016202115 -0.255248010 132.376876831
-0.244261816 -0.013721408 0.969612300 25.288616180 0.012001879 0.999780476 0.017171811 -3.266082048 -0.969635069 0.015831582 -0.244043469 132.300552368
-0.233126238 -0.014365060 0.972340405 25.648015976 0.011966533 0.999772847 0.017639410 -3.259703636 -0.972372830 0.015747752 -0.232901365 132.222106934
-0.222570613 -0.015071643 0.974800050 26.030864716 0.011543939 0.999769688 0.018093467 -3.258718967 -0.974848211 0.015280108 -0.222345322 132.143951416
-0.213625669 -0.015575809 0.976791441 26.431806564 0.011125398 0.999769270 0.018375356 -3.247145176 -0.976852298 0.014792640 -0.213403061 132.067840576
-0.205986857 -0.016882153 0.978409111 26.860811234 0.010615272 0.999753773 0.019485308 -3.242912769 -0.978497207 0.014399797 -0.205756903 131.977691650
-0.200972676 -0.016801387 0.979452729 27.321424484 0.010093792 0.999764264 0.019220943 -3.226527929 -0.979544818 0.013749276 -0.200755686 131.898483276
-0.197314501 -0.018140394 0.980172336 27.798080444 0.008431649 0.999760330 0.020200256 -3.217999458 -0.980304003 0.012250273 -0.197114244 131.793029785
-0.196013242 -0.018832449 0.980420351 28.307262421 0.006617835 0.999767303 0.020527165 -3.207706690 -0.980578899 0.010511857 -0.195842996 131.696075439
-0.196542531 -0.020575706 0.980279386 28.832733154 0.006455536 0.999730885 0.022278300 -3.200805426 -0.980474055 0.010706861 -0.196356818 131.593673706
-0.197636962 -0.022573907 0.980015337 29.373106003 0.006067303 0.999687493 0.024250615 -3.186546087 -0.980256557 0.010738870 -0.197438240 131.477752686
-0.199785411 -0.022140058 0.979589522 29.934549332 0.006454621 0.999693215 0.023910839 -3.174039602 -0.979818463 0.011099914 -0.199581206 131.355895996
-0.202133179 -0.020636806 0.979140580 30.511331558 0.006373924 0.999729097 0.022386570 -3.159641027 -0.979337275 0.010766037 -0.201946899 131.235366821
-0.204102054 -0.019251743 0.978760302 31.108816147 0.006894612 0.999753594 0.021102410 -3.147105217 -0.978925407 0.011055217 -0.203919023 131.108810425
-0.206455424 -0.018904038 0.978273332 31.724775314 0.006642462 0.999763310 0.020721134 -3.130506516 -0.978433430 0.010776136 -0.206280947 130.979568481
-0.208366454 -0.018461147 0.977876544 32.358272552 0.007611904 0.999760985 0.020496242 -3.118710041 -0.978021204 0.011714231 -0.208176091 130.839324951
-0.210055456 -0.019190440 0.977501094 33.009429932 0.007806618 0.999742568 0.021304650 -3.109845161 -0.977658272 0.012106135 -0.209851548 130.693557739
-0.211585462 -0.019369237 0.977167487 33.689155579 0.007053044 0.999747396 0.021343997 -3.090254307 -0.977334082 0.011408085 -0.211395338 130.540832520
-0.213436827 -0.018497732 0.976781726 34.366550446 0.006931811 0.999766827 0.020447686 -3.077369690 -0.976932228 0.011135154 -0.213258848 130.380722046
-0.215183347 -0.017867997 0.976410270 35.065910339 0.006852494 0.999780297 0.019805834 -3.063153744 -0.976549566 0.010952729 -0.215013638 130.226196289
-0.216325954 -0.016993141 0.976173282 35.785694122 0.006890874 0.999796927 0.018931441 -3.046619415 -0.976296842 0.010822048 -0.216164991 130.065597534
-0.217805266 -0.018876823 0.975809693 36.524158478 0.006961477 0.999757469 0.020893920 -3.035410643 -0.975967348 0.011343883 -0.217621043 129.907028198
-0.217866361 -0.021698408 0.975737393 37.257717133 0.008331129 0.999675035 0.024090933 -3.022362709 -0.975943089 0.013377599 -0.217614785 129.719100952
-0.219309747 -0.026398061 0.975298166 38.029689789 0.007488027 0.999558866 0.028738506 -3.005000830 -0.975626588 0.013605693 -0.219015360 129.544754028
-0.220246181 -0.027586970 0.975054204 38.811859131 0.008637759 0.999505639 0.030229874 -2.986665726 -0.975406051 0.015080296 -0.219899058 129.364715576
-0.220415324 -0.027716873 0.975012302 39.616394043 0.009958937 0.999480128 0.030663783 -2.965817690 -0.975355327 0.016468855 -0.220024735 129.175582886
-0.219321683 -0.025051832 0.975330949 40.415615082 0.009689899 0.999565125 0.027853251 -2.942939520 -0.975604475 0.015559683 -0.218983546 128.982131958
-0.218309820 -0.024024837 0.975583732 41.240570068 0.010169796 0.999586642 0.026891667 -2.919337749 -0.975826502 0.015792204 -0.217975229 128.793731689
-0.217245013 -0.022640347 0.975854516 42.080314636 0.010165902 0.999624252 0.025454953 -2.895149946 -0.976064146 0.015450404 -0.216933221 128.604797363
-0.216258571 -0.025019383 0.976015508 42.939765930 0.009114702 0.999576330 0.027642913 -2.879513264 -0.976293623 0.014874111 -0.215938911 128.420944214
-0.214125454 -0.024372105 0.976502061 43.809165955 0.009611438 0.999587834 0.027055861 -2.850755215 -0.976758838 0.015178944 -0.213802919 128.218215942
-0.211405963 -0.023339003 0.977119625 44.691795349 0.009498078 0.999618709 0.025931366 -2.832050323 -0.977352142 0.014762809 -0.211103663 128.025665283
-0.207946897 -0.021603599 0.977901518 45.586227417 0.011056863 0.999640286 0.024435047 -2.809829950 -0.978077531 0.015893716 -0.207633257 127.834220886
-0.204169810 -0.022088448 0.978686273 46.494606018 0.012240936 0.999609530 0.025114337 -2.785105467 -0.978858948 0.017107626 -0.203819737 127.644607544
