1.000000000 0.000000000 0.000000000 0.000000000 0.000000000 1.000000000 0.000000000 0.000000000 0.000000000 0.000000000 1.000000000 0.000000000
0.999999285 -0.000214255 0.001169842 0.002679359 0.000214707 0.999999881 -0.000386332 -0.001576220 -0.001169759 0.000386583 0.999999225 0.434268743
0.999996305 0.001837476 0.001996600 0.002502303 -0.001832090 0.999994695 -0.002695839 -0.003912215 -0.002001543 0.002692171 0.999994397 0.859876812
0.999993205 0.003071951 0.002046420 -0.003297459 -0.003061332 0.999981940 -0.005172050 -0.004871341 -0.002062271 0.005165750 0.999984503 1.281772614
0.999998152 0.001874966 -0.000418029 0.002846552 -0.001877069 0.999985218 -0.005086990 -0.017444469 0.000408484 0.005087765 0.999986887 1.712673664
0.999991834 -0.001215517 -0.003847664 0.005816099 0.001192058 0.999980748 -0.006093567 -0.018052090 0.003854997 0.006088930 0.999974012 2.130271196
0.999957323 -0.004561468 -0.008031633 0.008742491 0.004520923 0.999976993 -0.005059094 -0.022862680 0.008054525 0.005022569 0.999954939 2.546765804
0.999896109 -0.006722547 -0.012744749 0.009444524 0.006666708 0.999968112 -0.004418822 -0.029333673 0.012774048 0.004333399 0.999908984 2.964315891
0.999855697 -0.004894255 -0.016267814 -0.007427767 0.004834235 0.999981344 -0.003726770 -0.037054706 0.016285749 0.003647591 0.999860704 3.373308659
0.999779403 -0.003959817 -0.020626549 -0.017599087 0.003885581 0.999985874 -0.003637859 -0.043676779 0.020640660 0.003556911 0.999780536 3.780303478
0.999680161 -0.003772246 -0.025006112 -0.030198768 0.003670862 0.999984801 -0.004099076 -0.050314493 0.025021192 0.004005970 0.999678850 4.180290222
0.999577582 -0.003312363 -0.028873872 -0.046195738 0.003207397 0.999988079 -0.003680890 -0.056092795 0.028885715 0.003586725 0.999576211 4.570579529
0.999440134 -0.004318322 -0.033178627 -0.057425044 0.004185712 0.999982893 -0.004065300 -0.059431888 0.033195619 0.003924147 0.999441147 4.966920376
0.999249995 -0.004695832 -0.038437791 -0.070266977 0.004478389 0.999973416 -0.005741149 -0.061225906 0.038463734 0.005564703 0.999244452 5.349085808
0.999059618 -0.005670886 -0.042985663 -0.084397718 0.005427341 0.999968529 -0.005780309 -0.070019156 0.043017097 0.005541576 0.999058962 5.725708008
0.998891056 -0.005037052 -0.046811391 -0.105210677 0.004798857 0.999974966 -0.005199376 -0.076363325 0.046836406 0.004968969 0.998890162 6.093357563
0.998742402 -0.003500683 -0.050014075 -0.128863856 0.003283400 0.999984801 -0.004425939 -0.083747350 0.050028808 0.004256157 0.998738706 6.441777706
0.998597860 -0.002918310 -0.052855823 -0.151649594 0.002710866 0.999988377 -0.003995988 -0.087800846 0.052866861 0.003847100 0.998594165 6.783267021
0.998450994 -0.002140844 -0.055596124 -0.168612719 0.001943799 0.999991655 -0.003598057 -0.095760323 0.055603359 0.003484416 0.998446822 7.108446598
0.998363972 -0.001138371 -0.057167698 -0.191858575 0.000902860 0.999991059 -0.004145320 -0.100405566 0.057171896 0.004086924 0.998356044 7.423756599
0.998262703 -0.000793387 -0.058914866 -0.209011957 0.000512117 0.999988317 -0.004789125 -0.105844744 0.058917973 0.004750633 0.998251498 7.725583553
0.998158574 -0.000951435 -0.060652059 -0.226655543 0.000614621 0.999984264 -0.005571628 -0.112315848 0.060656395 0.005524090 0.998143435 8.013522148
0.998081207 -0.000603087 -0.061916497 -0.246619523 0.000226200 0.999981344 -0.006093845 -0.118316367 0.061919022 0.006068146 0.998062730 8.287053108
0.997960031 0.000252628 -0.063841686 -0.264061600 -0.000746820 0.999969840 -0.007717161 -0.123196706 0.063837819 0.007749094 0.997930169 8.551383018
0.997938812 0.001849468 -0.064145632 -0.283206075 -0.002410457 0.999959648 -0.008669262 -0.129201442 0.064127006 0.008806014 0.997902870 8.813650131
0.997887075 0.001429926 -0.064954989 -0.298838884 -0.002049560 0.999953091 -0.009473813 -0.136523455 0.064938404 0.009586925 0.997843206 9.068531990
0.997868001 0.001108211 -0.065254591 -0.315693557 -0.001799340 0.999942899 -0.010533451 -0.140059397 0.065239206 0.010628409 0.997813046 9.312551498
0.997811913 -0.000482847 -0.066114157 -0.329895735 -0.000271913 0.999934852 -0.011406541 -0.149817050 0.066115350 0.011399559 0.997746885 9.558998108
0.997742474 0.000781204 -0.067151256 -0.346482337 -0.001675543 0.999910653 -0.013262988 -0.153545812 0.067134902 0.013345562 0.997654617 9.805336952
0.997700155 0.002540889 -0.067735180 -0.367280513 -0.003467474 0.999901950 -0.013565457 -0.157252729 0.067694068 0.013769127 0.997611105 10.046552658
0.997593641 0.004627035 -0.069176205 -0.384542674 -0.005454896 0.999915659 -0.011783314 -0.159176603 0.069115847 0.012132308 0.997534931 10.287502289
0.997584939 0.003899779 -0.069346838 -0.402484506 -0.004515715 0.999951720 -0.008727416 -0.160952121 0.069309458 0.009019491 0.997554362 10.525956154
0.997574627 0.002957839 -0.069541581 -0.416834414 -0.003452482 0.999969661 -0.006993787 -0.164091766 0.069518767 0.007216916 0.997554421 10.766686440
0.997574508 0.001244493 -0.069595829 -0.427565008 -0.001837429 0.999962568 -0.008456332 -0.172734082 0.069582716 0.008563698 0.997539401 11.009538651
0.997545242 0.001448600 -0.070010573 -0.442687243 -0.002227477 0.999936461 -0.011048339 -0.182290748 0.069990128 0.011177164 0.997485042 11.239930153
0.997566640 0.002807917 -0.069662727 -0.462371618 -0.003683064 0.999915838 -0.012437364 -0.188058317 0.069621958 0.012663673 0.997493088 11.464324951
0.997575283 0.003505348 -0.069507226 -0.477624238 -0.004401142 0.999909222 -0.012738830 -0.195776150 0.069456272 0.013013853 0.997500181 11.695298195
0.997605205 0.003412504 -0.069080919 -0.493912816 -0.004357116 0.999899089 -0.013527952 -0.200537309 0.069027759 0.013796547 0.997519374 11.924030304
0.997612238 0.001872707 -0.069038659 -0.504569292 -0.002800043 0.999907076 -0.013337788 -0.205210194 0.069007263 0.013499252 0.997524858 12.154905319
0.997688830 0.001484282 -0.067933142 -0.520087779 -0.002290369 0.999927878 -0.011789547 -0.212267607 0.067910746 0.011917890 0.997620285 12.386029243
0.997766316 0.004533892 -0.066646889 -0.541616380 -0.005527783 0.999876201 -0.014735955 -0.214517266 0.066571824 0.015071448 0.997667789 12.623270035
0.997802019 0.006685965 -0.065926872 -0.559892774 -0.008231824 0.999696970 -0.023204416 -0.217886582 0.065751731 0.023696117 0.997554600 12.868898392
0.997882664 0.005857171 -0.064774901 -0.577697635 -0.007862896 0.999496162 -0.030753095 -0.220879763 0.064562127 0.031197302 0.997425914 13.133538246
0.997985363 0.002982875 -0.063374661 -0.589300275 -0.005136705 0.999413610 -0.033849970 -0.224100634 0.063236535 0.034107313 0.997415483 13.419547081
0.998082638 0.000827480 -0.061890930 -0.600898504 -0.002719657 0.999531150 -0.030494750 -0.235241637 0.061836679 0.030604603 0.997616947 13.727030754
0.998209238 0.000816105 -0.059812877 -0.620900273 -0.002499926 0.999602497 -0.028082075 -0.248542979 0.059766177 0.028181314 0.997814476 14.040321350
0.998292804 0.002679454 -0.058346119 -0.631330132 -0.004184816 0.999661088 -0.025693655 -0.262777656 0.058257494 0.025893962 0.997965693 14.390604019
0.998381555 0.003105171 -0.056786295 -0.646522164 -0.004523592 0.999680519 -0.024866760 -0.273080260 0.056690939 0.025083389 0.998076618 14.740705490
0.998498082 0.001762232 -0.054757681 -0.660762131 -0.003231058 0.999637008 -0.026747195 -0.280097604 0.054690666 0.026883949 0.998141348 15.094622612
0.998627961 0.000085241 -0.052366499 -0.678367734 -0.001557279 0.999604642 -0.028070142 -0.290502846 0.052343406 0.028113173 0.998233318 15.464481354
0.998735189 -0.000189614 -0.050279293 -0.700131834 -0.001208402 0.999613523 -0.027773160 -0.304615498 0.050265126 0.027798790 0.998348892 15.842398643
0.998797655 -0.000171262 -0.049021382 -0.711516798 -0.001154943 0.999634027 -0.027024012 -0.311410695 0.049008075 0.027048137 0.998432100 16.241266251
0.998884261 -0.000462557 -0.047222164 -0.733032167 -0.000716501 0.999688506 -0.024948338 -0.325146556 0.047218990 0.024954338 0.998572826 16.629362106
0.998915434 -0.000670413 -0.046556648 -0.746662438 -0.000432421 0.999719679 -0.023673885 -0.336670250 0.046559464 0.023668339 0.998635113 17.040180206
0.998928130 -0.000069358 -0.046288133 -0.767309427 -0.001001163 0.999732554 -0.023103738 -0.349491209 0.046277355 0.023125313 0.998660922 17.457954407
0.998876393 0.000310015 -0.047389045 -0.784944832 -0.001397406 0.999736369 -0.022914637 -0.358561397 0.047369447 0.022955116 0.998613596 17.881546021
0.998827457 0.001024879 -0.048401307 -0.810742557 -0.002043604 0.999777317 -0.021002676 -0.370850742 0.048369002 0.021076962 0.998607099 18.315082550
0.998759508 0.000363022 -0.049792465 -0.831397057 -0.001297344 0.999823630 -0.018733278 -0.392213821 0.049776889 0.018774634 0.998583853 18.777030945
0.998731554 0.002070930 -0.050309930 -0.861121356 -0.002998920 0.999826610 -0.018376986 -0.403998405 0.050263152 0.018504551 0.998564601 19.226814270
0.998650908 0.006008286 -0.051577330 -0.883570433 -0.007032049 0.999781430 -0.019690646 -0.411501408 0.051447749 0.020026773 0.998474836 19.703346252
0.998595715 0.007567902 -0.052433796 -0.908758759 -0.008585443 0.999778628 -0.019208213 -0.425967604 0.052276827 0.019631408 0.998439670 20.168823242
0.998570681 0.008211121 -0.052813333 -0.937434673 -0.009078267 0.999827623 -0.016200172 -0.431682557 0.052671209 0.016656470 0.998472989 20.649309158
0.998537898 0.007802994 -0.053490438 -0.952964783 -0.008451978 0.999893248 -0.011917236 -0.433767438 0.053391747 0.012351912 0.998497248 21.133497238
0.998473883 0.007546502 -0.054707494 -0.971705019 -0.007979015 0.999938607 -0.007691825 -0.444218338 0.054646090 0.008116597 0.998472810 21.612874985
0.998443544 0.009371595 -0.054978807 -0.998199940 -0.009723673 0.999933839 -0.006139858 -0.452138811 0.054917626 0.006664896 0.998468637 22.103315353
0.998332381 0.014666863 -0.055833776 -1.030985713 -0.014935750 0.999878705 -0.004401573 -0.468220085 0.055762447 0.005228151 0.998430371 22.571710587
0.998314440 0.014912688 -0.056088720 -1.067331553 -0.015216308 0.999871910 -0.004990020 -0.476051450 0.056007121 0.005835073 0.998413324 23.049798965
0.998257995 0.013592411 -0.057412092 -1.089848280 -0.013991321 0.999880672 -0.006551955 -0.483423710 0.057316180 0.007343812 0.998329103 23.535985947
0.998258471 0.011249883 -0.057908446 -1.117849827 -0.011785354 0.999890864 -0.008913649 -0.485722959 0.057801843 0.009580599 0.998282075 24.021173477
0.998217583 0.010883839 -0.058679909 -1.141659498 -0.011461868 0.999888957 -0.009522939 -0.491435349 0.058569748 0.010178545 0.998231411 24.517637253
0.998206377 0.013881953 -0.058234818 -1.177654743 -0.014451296 0.999851704 -0.009366957 -0.499521464 0.058096144 0.010191726 0.998258948 25.015510559
0.998200536 0.015296170 -0.057980023 -1.198267698 -0.015794421 0.999841988 -0.008144923 -0.512410283 0.057846278 0.009046027 0.998284459 25.544147491
0.998245716 0.016110742 -0.056972452 -1.228761673 -0.016603289 0.999828637 -0.008182534 -0.520555079 0.056830861 0.009114111 0.998342276 26.047607422
0.998339176 0.016020110 -0.055336252 -1.261811137 -0.016486922 0.999832153 -0.007989664 -0.527208209 0.055198971 0.008888719 0.998435795 26.551162720
0.998401403 0.015296668 -0.054411590 -1.279080272 -0.015756950 0.999843478 -0.008040302 -0.540024400 0.054280076 0.008884808 0.998486221 27.060621262
0.998464525 0.013841401 -0.053637125 -1.298523188 -0.014292953 0.999865413 -0.008044204 -0.548777401 0.053518556 0.008798485 0.998528123 27.579290390
0.998539150 0.012598913 -0.052542292 -1.323634386 -0.013044462 0.999881685 -0.008145489 -0.560352921 0.052433446 0.008818976 0.998585463 28.106884003
0.998630047 0.012035208 -0.050922621 -1.353413105 -0.012488727 0.999885023 -0.008597186 -0.567327380 0.050813291 0.009221367 0.998665571 28.625398636
0.998640835 0.011840184 -0.050756156 -1.367241621 -0.012313359 0.999883533 -0.009019991 -0.574834585 0.050643440 0.009632713 0.998670340 29.162014008
0.998676717 0.012247378 -0.049947325 -1.391532898 -0.012740858 0.999873042 -0.009573561 -0.581231892 0.049823727 0.010197266 0.998705983 29.694395065
0.998733222 0.011512246 -0.048983674 -1.416269422 -0.012018986 0.999877155 -0.010063112 -0.591020823 0.048861813 0.010639097 0.998748839 30.224460602
0.998768032 0.010736341 -0.048449975 -1.438381910 -0.011242878 0.999884844 -0.010194412 -0.601547241 0.048334945 0.010726568 0.998773515 30.762899399
0.998785734 0.009898923 -0.048259940 -1.457923889 -0.010431726 0.999887228 -0.010800973 -0.607821763 0.048147582 0.011291293 0.998776436 31.307609558
0.998826623 0.010356008 -0.047309708 -1.485280037 -0.010898991 0.999877453 -0.011233673 -0.617403269 0.047187582 0.011736118 0.998817146 31.850528717
0.998852491 0.008887270 -0.047060881 -1.510927677 -0.009437172 0.999889553 -0.011475615 -0.631895304 0.046953697 0.011906567 0.998826146 32.407817841
0.998852432 0.008734669 -0.047090590 -1.535826087 -0.009346010 0.999874651 -0.012777712 -0.635830641 0.046973087 0.013203159 0.998808920 32.987937927
0.998883665 0.008351471 -0.046491582 -1.564113140 -0.009000606 0.999864638 -0.013770639 -0.645556986 0.046370283 0.014173721 0.998823822 33.548767090
0.998896599 0.008440080 -0.046197239 -1.594743252 -0.009127433 0.999850452 -0.014688026 -0.651882231 0.046066370 0.015093484 0.998824418 34.121776581
0.998845100 0.007774099 -0.047412280 -1.611531496 -0.008456483 0.999863327 -0.014209010 -0.669464350 0.047295339 0.014593543 0.998774350 34.687076569
0.998833060 0.007124958 -0.047766309 -1.629913688 -0.007787689 0.999875784 -0.013702766 -0.687472045 0.047662739 0.014058766 0.998764515 35.286067963
0.998822749 0.007037540 -0.047995523 -1.658355832 -0.007708835 0.999874890 -0.013815877 -0.700202167 0.047892280 0.014169601 0.998751938 35.871704102
0.998766720 0.006707990 -0.049193770 -1.674252629 -0.007408504 0.999873579 -0.014071397 -0.707083642 0.049093157 0.014418493 0.998690128 36.466087341
0.998754799 0.006128539 -0.049510788 -1.707343459 -0.006767013 0.999895930 -0.012738312 -0.726542234 0.049427573 0.013057491 0.998692334 37.043422699
0.998741031 0.006513049 -0.049739793 -1.736937642 -0.007079249 0.999912024 -0.011215556 -0.746295214 0.049662374 0.011553556 0.998699248 37.634536743
0.998695910 0.007578251 -0.050488599 -1.756169438 -0.008172229 0.999899685 -0.011568564 -0.749935865 0.050395872 0.011966082 0.998657644 38.246154785
0.998609543 0.008020320 -0.052103072 -1.779335022 -0.008585074 0.999906719 -0.010624396 -0.763904214 0.052013006 0.011056932 0.998585105 38.846336365
0.998586535 0.007860990 -0.052567497 -1.815967083 -0.008423476 0.999909520 -0.010487292 -0.775492072 0.052480299 0.010915268 0.998562396 39.435489655
0.998532116 0.007728158 -0.053609751 -1.845650196 -0.008360296 0.999897957 -0.011577254 -0.782692432 0.053514816 0.012008452 0.998494864 40.043041229
0.998509467 0.006492014 -0.054191552 -1.881603956 -0.007121617 0.999909282 -0.011433150 -0.802194834 0.054112419 0.011802042 0.998465121 40.630538940
0.998451352 0.007978644 -0.055056047 -1.919148684 -0.008662172 0.999888241 -0.012187718 -0.809454083 0.054952655 0.012645750 0.998408914 41.225326538
0.998353958 0.006904927 -0.056936406 -1.943920493 -0.007642807 0.999889493 -0.012752168 -0.826118469 0.056842063 0.013166329 0.998296320 41.829349518
0.998297811 0.007120144 -0.057885967 -1.979936600 -0.007890339 0.999883235 -0.013087728 -0.833262205 0.057786021 0.013522190 0.998237431 42.438251495
0.998292744 0.005422279 -0.058156695 -2.014840603 -0.006120048 0.999911308 -0.011826687 -0.851821661 0.058087412 0.012162417 0.998237431 43.029808044
0.998207629 0.004714613 -0.059659850 -2.043859959 -0.005408809 0.999919474 -0.011479778 -0.863569975 0.059600931 0.011781892 0.998152792 43.635623932
0.998134017 0.005751791 -0.060789928 -2.079333067 -0.006438032 0.999917567 -0.011098900 -0.881355107 0.060721084 0.011469555 0.998088956 44.232040405
0.998107314 0.007158088 -0.061078854 -2.127205372 -0.007972407 0.999882400 -0.013098996 -0.893308640 0.060977902 0.013561148 0.998047054 44.825859070
0.998054206 0.007298772 -0.061923161 -2.164881229 -0.008348501 0.999825478 -0.016710375 -0.906696856 0.061790396 0.017194826 0.997941077 45.437793732
0.998006523 0.003336268 -0.063022211 -2.191799641 -0.004570092 0.999800503 -0.019443596 -0.928366125 0.062944785 0.019692857 0.997822702 46.043945312
0.997944832 0.001339972 -0.064063527 -2.224390507 -0.002744966 0.999757469 -0.021848273 -0.939395070 0.064018726 0.021979224 0.997706592 46.644348145
0.997916341 0.001450333 -0.064503767 -2.266869545 -0.002944330 0.999729395 -0.023072379 -0.957896233 0.064452849 0.023214225 0.997650683 47.241901398
0.997839987 0.005375663 -0.065470301 -2.312136650 -0.006813019 0.999740183 -0.021750875 -0.971740127 0.065336376 0.022149945 0.997617424 47.829078674
0.997749329 0.004917450 -0.066875510 -2.340641975 -0.005980602 0.999858677 -0.015706582 -0.994667649 0.066788860 0.016071185 0.997637630 48.461917877
0.997702777 0.003888456 -0.067631587 -2.377720833 -0.004526727 0.999946654 -0.009286805 -1.006701112 0.067591868 0.009571619 0.997667134 49.065666199
0.997659147 0.003453123 -0.068295702 -2.412362576 -0.003560280 0.999992549 -0.001447355 -1.020274043 0.068290196 0.001687117 0.997664094 49.674774170
0.997718215 0.005174933 -0.067316905 -2.460102081 -0.004904425 0.999979198 0.004183060 -1.023739934 0.067337155 -0.003843363 0.997722864 50.278495789
0.997815967 0.006138569 -0.065770537 -2.504384756 -0.005664208 0.999956548 0.007396424 -1.030779600 0.065813109 -0.007007733 0.997807384 50.900337219
0.997813225 0.006320148 -0.065794110 -2.524278879 -0.005859286 0.999956965 0.007195196 -1.031563044 0.065836750 -0.006793956 0.997807264 51.524326324
0.997963786 0.007045549 -0.063391998 -2.563600063 -0.006837782 0.999970555 0.003493852 -1.033345103 0.063414738 -0.003053277 0.997982562 52.120704651
0.998067200 0.008000494 -0.061627697 -2.599299431 -0.008022656 0.999967813 -0.000112157 -1.038265944 0.061624814 0.000606359 0.998099208 52.724960327
0.998120308 0.005812461 -0.061008662 -2.628142357 -0.006054778 0.999974430 -0.003787732 -1.039753318 0.060985092 0.004150006 0.998130023 53.335269928
0.998225212 0.003741477 -0.059433006 -2.663380384 -0.004148148 0.999968827 -0.006720602 -1.046246052 0.059406009 0.006955211 0.998209715 53.932338715
0.998333275 0.002901655 -0.057637889 -2.697163105 -0.003370367 0.999962091 -0.008036461 -1.055899739 0.057612378 0.008217327 0.998305142 54.536529541
0.998401940 0.005956458 -0.056195274 -2.745325565 -0.006386629 0.999951601 -0.007478428 -1.068854809 0.056148008 0.007825375 0.998391807 55.126209259
0.998395026 0.007307383 -0.056159910 -2.766711950 -0.007702564 0.999947071 -0.006823475 -1.086679459 0.056107074 0.007245098 0.998398483 55.721439362
0.998441279 0.008617455 -0.055141896 -2.806622744 -0.009024626 0.999933779 -0.007139307 -1.096405625 0.055076722 0.007625814 0.998452961 56.320480347
0.998389244 0.007875144 -0.056185350 -2.832312584 -0.008284765 0.999940813 -0.007061323 -1.103290558 0.056126405 0.007515432 0.998395383 56.921184540
0.998352647 0.008337057 -0.056765880 -2.866604567 -0.008764328 0.999935031 -0.007282105 -1.123581648 0.056701481 0.007767624 0.998360991 57.513210297
0.998324871 0.009799657 -0.057021201 -2.898378372 -0.010277592 0.999914408 -0.008094447 -1.134686470 0.056936994 0.008666929 0.998340130 58.128356934
0.998273671 0.011121634 -0.057673294 -2.933262110 -0.011606866 0.999899864 -0.008085278 -1.144263744 0.057577610 0.008740723 0.998302877 58.724700928
0.998233438 0.012073276 -0.058174547 -2.964225531 -0.012533495 0.999892890 -0.007552666 -1.157776356 0.058077130 0.008268453 0.998277903 59.328350067
0.998216569 0.011699751 -0.058537692 -2.999413013 -0.012139730 0.999900579 -0.007166190 -1.166570544 0.058448043 0.007864040 0.998259425 59.926368713
0.998200178 0.011193847 -0.058915872 -3.035816431 -0.011570947 0.999914646 -0.006063364 -1.187584400 0.058842972 0.006734163 0.998244464 60.510662079
0.998204350 0.011262978 -0.058830936 -3.075215340 -0.011674538 0.999909639 -0.006656603 -1.191173077 0.058750648 0.007331474 0.998245716 61.084976196
0.998132825 0.012308649 -0.059827033 -3.100776911 -0.012688975 0.999901593 -0.005981302 -1.204552889 0.059747521 0.006729278 0.998190820 61.672367096
0.998078465 0.012645368 -0.060659416 -3.133033276 -0.013017356 0.999898791 -0.005741108 -1.213182688 0.060580682 0.006519701 0.998142004 62.251667023
0.998102784 0.012794104 -0.060225688 -3.177047968 -0.013149923 0.999898314 -0.005515390 -1.226904035 0.060148999 0.006296889 0.998169482 62.824752808
0.998048484 0.013413892 -0.060986947 -3.210689545 -0.013767629 0.999890685 -0.005383650 -1.236290216 0.060908068 0.006212788 0.998124003 63.404312134
0.997974277 0.013209488 -0.062232275 -3.241138220 -0.013548261 0.999895632 -0.005024794 -1.247841239 0.062159404 0.005857755 0.998048961 63.990211487
0.997886479 0.013340459 -0.063597262 -3.269558907 -0.013643377 0.999897540 -0.004331104 -1.264685273 0.063532971 0.005189633 0.997966230 64.556388855
0.997791708 0.013915814 -0.064947024 -3.307049513 -0.014251110 0.999887407 -0.004702169 -1.265163422 0.064874284 0.005617352 0.997877657 65.120048523
0.997635663 0.015314775 -0.066995651 -3.342772484 -0.015622864 0.999869645 -0.004077098 -1.269526482 0.066924468 0.005114122 0.997744918 65.691528320
0.997509956 0.016208004 -0.068638586 -3.388501167 -0.016495390 0.999857306 -0.003622199 -1.275902152 0.068570085 0.004745399 0.997634947 66.255264282
0.997350037 0.017060904 -0.070721999 -3.432328701 -0.017309735 0.999845922 -0.002907030 -1.289536357 0.070661493 0.004123505 0.997491777 66.824447632
0.997141719 0.018479729 -0.073259063 -3.474753857 -0.018717885 0.999821484 -0.002565617 -1.295012236 0.073198579 0.003929538 0.997309566 67.392784119
0.996928155 0.019230351 -0.075923406 -3.521325111 -0.019486368 0.999806643 -0.002632644 -1.311798692 0.075858094 0.004104028 0.997110188 67.957298279
0.996659636 0.019530855 -0.079297982 -3.567514896 -0.019818779 0.999799550 -0.002845395 -1.321930885 0.079226516 0.004407479 0.996846914 68.517036438
0.996362388 0.020036155 -0.082827896 -3.617461205 -0.020424619 0.999783933 -0.003845281 -1.328859091 0.082732968 0.005523022 0.996556461 69.071937561
0.996113479 0.019244591 -0.085950151 -3.667758942 -0.019688912 0.999796808 -0.004324774 -1.338679671 0.085849449 0.006000231 0.996290088 69.624931335
0.995785534 0.020207167 -0.089458436 -3.717165709 -0.020780765 0.999769092 -0.005485102 -1.347598791 0.089326933 0.007321001 0.995975435 70.174667358
0.995487213 0.019425228 -0.092885636 -3.771200895 -0.020109275 0.999777198 -0.006434077 -1.358352184 0.092739955 0.008272906 0.995656013 70.716957092
0.995069087 0.019724898 -0.097202681 -3.818009615 -0.020518808 0.999763727 -0.007174639 -1.364340901 0.097038187 0.009133745 0.995238781 71.248435974
0.994832397 0.017636426 -0.099986576 -3.872749567 -0.018462969 0.999802530 -0.007347180 -1.381465077 0.099837251 0.009155263 0.994961619 71.771369934
0.994583368 0.018495305 -0.102283135 -3.927002430 -0.019351641 0.999785483 -0.007386189 -1.385684252 0.102124587 0.009325527 0.994727910 72.287239075
0.994489312 0.018882690 -0.103124410 -3.978891611 -0.019661870 0.999785244 -0.006544376 -1.398777962 0.102978706 0.008535930 0.994646907 72.788436890
0.994561791 0.020316297 -0.102147311 -4.030877113 -0.021036753 0.999760807 -0.005980762 -1.404777288 0.102001362 0.008097085 0.994751275 73.274253845
0.994805098 0.022623476 -0.099252477 -4.079290867 -0.023275964 0.999714375 -0.005420801 -1.414464355 0.099101506 0.007702838 0.995047510 73.757934570
0.995284617 0.024327943 -0.093897261 -4.121315002 -0.024887670 0.999678791 -0.004794424 -1.427586436 0.093750462 0.007108701 0.995570362 74.217849731
0.996017158 0.025800899 -0.085346542 -4.153232574 -0.026316663 0.999641538 -0.004923433 -1.439039946 0.085188910 0.007149860 0.996339142 74.672019958
0.997044981 0.029114036 -0.071088657 -4.181231499 -0.029550737 0.999550283 -0.005098894 -1.438152790 0.070908234 0.007184549 0.997456908 75.118545532
0.998197794 0.031853687 -0.050857678 -4.195575714 -0.032126196 0.999473453 -0.004549612 -1.449881792 0.050685976 0.006175276 0.998695493 75.551544189
0.999122858 0.033639334 -0.024938425 -4.192828178 -0.033767700 0.999418437 -0.004744072 -1.458337545 0.024764339 0.005582024 0.999677718 75.974700928
0.999397278 0.034114424 0.006420917 -4.171367645 -0.034081131 0.999405324 -0.005225337 -1.466272950 -0.006595359 0.005003355 0.999965727 76.400032043
0.998528838 0.032245878 0.043591131 -4.128141880 -0.031986542 0.999466240 -0.006633819 -1.474557996 -0.043781772 0.005229730 0.999027431 76.819015503
0.995827675 0.031051904 0.085809313 -4.064006805 -0.030498212 0.999504745 -0.007756351 -1.479825258 -0.086007662 0.005106959 0.996281385 77.228157043
0.990696251 0.028811164 0.133007213 -3.976606369 -0.027839964 0.999570489 -0.009156206 -1.487548947 -0.133213893 0.005368103 0.991072714 77.626655579
0.982708156 0.025902594 0.183340520 -3.864331245 -0.024389038 0.999647319 -0.010505865 -1.500398874 -0.183548003 0.005852702 0.982993305 78.007827759
0.971332014 0.021991661 0.236707628 -3.731521606 -0.019725233 0.999734104 -0.011939061 -1.508244038 -0.236907274 0.006927680 0.971507549 78.391304016
0.956056774 0.018498212 0.292597264 -3.575126648 -0.015426032 0.999799013 -0.012803705 -1.518260241 -0.292775303 0.007727455 0.956150055 78.739562988
0.936464489 0.014085803 0.350479484 -3.391122818 -0.010590960 0.999873281 -0.011886458 -1.524828911 -0.350602448 0.007419331 0.936495006 79.095504761
0.912988901 0.010497881 0.407849073 -3.187892914 -0.006761772 0.999920905 -0.010601049 -1.539454222 -0.407928079 0.006920859 0.912987828 79.409866333
0.885203004 0.005059718 0.465177476 -2.965682983 -0.001267437 0.999963284 -0.008464713 -1.550142288 -0.465203285 0.006903406 0.885176897 79.709098816
0.854271889 0.001248051 0.519824862 -2.721748352 0.002737789 0.999972463 -0.006900079 -1.563895226 -0.519819140 0.007317714 0.854245007 79.994544983
0.818952262 0.002247636 0.573857248 -2.463787079 0.003000610 0.999961853 -0.008198740 -1.567771792 -0.573853910 0.008436299 0.818914235 80.272651672
0.778893709 0.005442847 0.627132297 -2.183479309 0.000493487 0.999956727 -0.009291478 -1.571328878 -0.627155721 0.007546556 0.778857350 80.560165405
0.734983921 0.008716227 0.678028464 -1.889625549 -0.003671443 0.999953866 -0.008874810 -1.570982218 -0.678074598 0.004033500 0.734982073 80.816017151
0.686627328 0.009749744 0.726944208 -1.567726135 -0.006368432 0.999952435 -0.007396083 -1.577982664 -0.726981699 0.000448858 0.686656773 81.060607910
0.634101152 0.007707816 0.773211658 -1.220436096 -0.004300223 0.999969959 -0.006441713 -1.587286949 -0.773238122 0.000759714 0.634115279 81.287887573
0.578412652 0.006666324 0.815717161 -0.875957489 -0.003507158 0.999977708 -0.005685293 -1.594063163 -0.815736890 0.000427595 0.578423023 81.473060608
0.518736780 0.009385032 0.854882419 -0.506278992 -0.007735646 0.999950349 -0.006283671 -1.597106934 -0.854898989 -0.003353498 0.518783569 81.652519226
0.458028585 0.010026289 0.888880908 -0.118339539 -0.008275468 0.999941170 -0.007014774 -1.601099849 -0.888898969 -0.004142939 0.458084613 81.804832458
0.399977684 0.009645921 0.916474104 0.269918442 -0.006683912 0.999948740 -0.007607428 -1.604847908 -0.916500509 -0.003082831 0.400021672 81.923561096
0.346190304 0.008749948 0.938123465 0.669599533 -0.001697725 0.999960780 -0.008700207 -1.611976147 -0.938162804 0.001419251 0.346191525 82.017387390
0.296671748 0.008640735 0.954940379 1.082225800 0.002303090 0.999949694 -0.009763502 -1.620754361 -0.954976797 0.005095868 0.296636879 82.090408325
0.251678884 0.009005786 0.967768908 1.483261108 0.004370795 0.999935925 -0.010441796 -1.630966902 -0.967800915 0.006857899 0.251623333 82.152145386
0.211197138 0.009343836 0.977398813 1.899244308 0.004631047 0.999933481 -0.010559944 -1.635933042 -0.977432609 0.006756610 0.211139739 82.208274841
0.174542859 0.009680549 0.984601974 2.322829247 0.006018958 0.999922514 -0.010898173 -1.642003059 -0.984631181 0.007828475 0.174471036 82.253463745
0.141869381 0.010387161 0.989830911 2.746446609 0.008186034 0.999898434 -0.011666088 -1.650597215 -0.989851475 0.009757848 0.141769961 82.293556213
0.113834120 0.011297008 0.993435562 3.174667358 0.010334202 0.999867797 -0.012554312 -1.659260035 -0.993445992 0.011695473 0.113702342 82.316665649
0.089149639 0.012201029 0.995943546 3.617054939 0.011307258 0.999848187 -0.013261006 -1.666238785 -0.995954096 0.012443605 0.088998139 82.333435059
0.066731408 0.012635902 0.997691035 4.064489841 0.012605608 0.999829292 -0.013506121 -1.673988938 -0.997691333 0.013477785 0.066560730 82.349037170
0.047632612 0.013585700 0.998772562 4.518788338 0.014142943 0.999798000 -0.014274145 -1.682720065 -0.998764753 0.014805496 0.047430858 82.357635498
0.031883754 0.015426282 0.999372602 4.983404160 0.017541666 0.999718249 -0.015991267 -1.692683220 -0.999337554 0.018040521 0.031604186 82.348358154
0.018076099 0.017101513 0.999690354 5.473258972 0.018264743 0.999681234 -0.017431615 -1.700876832 -0.999669790 0.018574182 0.017757980 82.347755432
0.008047239 0.017285099 0.999818206 5.958836555 0.019072846 0.999666095 -0.017435981 -1.714720488 -0.999785721 0.019209689 0.007714873 82.343284607
0.001255237 0.017285241 0.999849856 6.461258411 0.020047421 0.999649227 -0.017306939 -1.724210858 -0.999798238 0.020066133 0.000908276 82.338783264
-0.002942299 0.017717846 0.999838710 6.979581356 0.021100899 0.999621511 -0.017651901 -1.732744098 -0.999772966 0.021045558 -0.003315050 82.326728821
-0.005497385 0.017753413 0.999827325 7.508277893 0.021467678 0.999614060 -0.017631590 -1.744751930 -0.999754429 0.021367040 -0.005876385 82.315170288
-0.006439068 0.016894445 0.999836504 8.090471268 0.020313729 0.999653280 -0.016760524 -1.750844836 -0.999772906 0.020202491 -0.006780025 82.317878723
-0.004985791 0.016121607 0.999857545 8.651565552 0.019858150 0.999674499 -0.016019629 -1.761894345 -0.999790311 0.019775452 -0.005304312 82.313316345
-0.002476169 0.015586873 0.999875367 9.227024078 0.019733416 0.999684632 -0.015535029 -1.773107767 -0.999802172 0.019692494 -0.002782971 82.309646606
-0.000176378 0.015001444 0.999887466 9.819926262 0.019444175 0.999698520 -0.014995178 -1.779672027 -0.999810934 0.019439342 -0.000468017 82.322441101
0.003678563 0.014626946 0.999886274 10.427274704 0.019141678 0.999708712 -0.014694775 -1.794275761 -0.999810040 0.019193558 0.003397508 82.317420959
0.007608721 0.014585327 0.999864697 11.049128532 0.018678868 0.999717057 -0.014725316 -1.803030610 -0.999796629 0.018788384 0.007334130 82.322319031
0.011134191 0.013228653 0.999850452 11.680013657 0.018933497 0.999730468 -0.013437903 -1.813530207 -0.999758780 0.019080287 0.010880725 82.337028503
0.015876614 0.011943027 0.999802589 12.318427086 0.019166041 0.999741375 -0.012246648 -1.826594353 -0.999690294 0.019356690 0.015643604 82.345817566
0.021087572 0.010961205 0.999717534 12.972562790 0.019825703 0.999738693 -0.011379631 -1.836658001 -0.999580979 0.020060070 0.020864749 82.354270935
0.025229055 0.009068487 0.999640524 13.627111435 0.020726863 0.999739110 -0.009592488 -1.851628900 -0.999466777 0.020961424 0.025034511 82.369255066
0.030075759 0.008669233 0.999510050 14.286218643 0.021455351 0.999726355 -0.009316713 -1.857448339 -0.999317288 0.021725044 0.029881526 82.386604309
0.034829576 0.007360590 0.999366105 14.958440781 0.021780647 0.999729753 -0.008122358 -1.868775010 -0.999155879 0.022049742 0.034659844 82.412063599
0.039650932 0.005777309 0.999196947 15.630275726 0.021805437 0.999740183 -0.006645751 -1.880465865 -0.998975575 0.022051433 0.039514650 82.435165405
0.044054613 0.005654803 0.999013126 16.307397842 0.021825733 0.999739885 -0.006621392 -1.889616013 -0.998790681 0.022095896 0.043919742 82.467681885
0.047476787 0.005749898 0.998855710 16.983951569 0.022130733 0.999731958 -0.006806841 -1.897830129 -0.998627126 0.022428580 0.047336809 82.496826172
0.048250724 0.005807750 0.998818398 17.676054001 0.021426098 0.999746978 -0.006848197 -1.908355594 -0.998605430 0.021731209 0.048114084 82.530670166
0.048131276 0.006959073 0.998816729 18.373479843 0.020562297 0.999756932 -0.007956484 -1.918782592 -0.998629272 0.020920925 0.047976483 82.562263489
0.047689263 0.007207257 0.998836219 19.072711945 0.021695770 0.999730587 -0.008249570 -1.930142522 -0.998626590 0.022063937 0.047520049 82.590728760
0.046636276 0.008008101 0.998879850 19.781923294 0.023120562 0.999691308 -0.009094073 -1.939034820 -0.998644412 0.023518777 0.046436731 82.623710632
0.046039857 0.008298812 0.998905122 20.489969254 0.023702925 0.999674857 -0.009397682 -1.954624295 -0.998658359 0.024109641 0.045828182 82.653877258
0.045724407 0.007301129 0.998927414 21.214212418 0.024974922 0.999652326 -0.008449617 -1.966875434 -0.998641789 0.025334485 0.045526169 82.676147461
0.044996418 0.006445108 0.998966336 21.935567856 0.024785658 0.999664247 -0.007566030 -1.978233814 -0.998679638 0.025100486 0.044821568 82.707550049
0.044155873 0.005765554 0.999008000 22.660030365 0.025731837 0.999645054 -0.006906570 -1.992764354 -0.998693168 0.026011279 0.043991838 82.737747192
0.044182375 0.006674110 0.999001205 23.380155563 0.025826961 0.999635756 -0.007820589 -1.997234941 -0.998689592 0.026146695 0.043993924 82.762039185
0.044423960 0.007583772 0.998984039 24.105693817 0.025865270 0.999627173 -0.008738860 -2.012787104 -0.998677909 0.026227202 0.044211246 82.788436890
0.044399031 0.009605476 0.998967648 24.821365356 0.026563499 0.999588847 -0.010792061 -2.026722670 -0.998660684 0.027015239 0.044125624 82.820724487
0.044804379 0.010100247 0.998944700 25.547655106 0.027945949 0.999544859 -0.011359738 -2.040443420 -0.998604834 0.028425427 0.044501718 82.849487305
0.045426205 0.010209283 0.998915553 26.270374298 0.029606320 0.999494672 -0.011561565 -2.056329966 -0.998528898 0.030099411 0.045100994 82.876182556
0.045744762 0.008905061 0.998913467 26.998540878 0.030436905 0.999483585 -0.010303987 -2.068755150 -0.998489380 0.030875187 0.045450106 82.904632568
0.046176597 0.006514271 0.998912036 27.725200653 0.029668262 0.999528646 -0.007889763 -2.082589865 -0.998492658 0.030000307 0.045961570 82.939315796
0.046731111 0.005403408 0.998892844 28.451957703 0.029736590 0.999534607 -0.006798043 -2.094393969 -0.998464823 0.030021351 0.046548687 82.972969055
0.046963159 0.005100778 0.998883545 29.177768707 0.030217823 0.999522030 -0.006524750 -2.106073141 -0.998439431 0.030490510 0.046786584 83.002014160
0.047503013 0.006175065 0.998852074 29.898406982 0.029520888 0.999535441 -0.007583234 -2.116499424 -0.998434782 0.029847227 0.047298659 83.031906128
0.045803413 0.007160913 0.998924792 30.627639771 0.028135447 0.999568343 -0.008455614 -2.129760742 -0.998554170 0.028492494 0.045582168 83.066665649
0.043394588 0.007471104 0.999029994 31.351642609 0.025726914 0.999632061 -0.008593099 -2.144942760 -0.998726726 0.026074853 0.043186411 83.099700928
0.040865179 0.007328676 0.999137819 32.068714142 0.024055038 0.999675989 -0.008316485 -2.155539036 -0.998875022 0.024374152 0.040675644 83.132247925
0.038465429 0.007540650 0.999231517 32.789257050 0.023331728 0.999692142 -0.008442280 -2.166905642 -0.998987496 0.023638532 0.038277652 83.162231445
0.036631301 0.007342858 0.999301910 33.507755280 0.023058606 0.999700487 -0.008191044 -2.180098534 -0.999062777 0.023342554 0.036451012 83.188377380
0.034322340 0.007602527 0.999381900 34.242916107 0.023161903 0.999696434 -0.008400384 -2.193540096 -0.999142408 0.023435907 0.034135826 83.212615967
0.032603592 0.008038414 0.999436080 34.958160400 0.021843906 0.999723017 -0.008753316 -2.202708244 -0.999229670 0.022116976 0.032418970 83.241218567
0.031673219 0.007200298 0.999472320 35.675025940 0.022115143 0.999724150 -0.007902941 -2.221320868 -0.999253571 0.022353785 0.031505249 83.256179810
0.030795677 0.006660234 0.999503493 36.415985107 0.022952624 0.999709368 -0.007368799 -2.233737230 -0.999262273 0.023168152 0.030633854 83.272270203
0.030646596 0.006083894 0.999511778 37.135498047 0.023574401 0.999698877 -0.006807862 -2.249243259 -0.999252319 0.023771530 0.030493943 83.293251038
0.030499777 0.005776940 0.999518037 37.858417511 0.024113482 0.999687970 -0.006513732 -2.260110378 -0.999243915 0.024300529 0.030350957 83.317161560
0.031334199 0.006247726 0.999489427 38.594406128 0.024429047 0.999676943 -0.007014754 -2.274814367 -0.999210358 0.024636375 0.031171449 83.329307556
0.031268306 0.006780596 0.999487936 39.303245544 0.023812620 0.999688208 -0.007526914 -2.284687281 -0.999227345 0.024035787 0.031097088 83.356040955
0.031544164 0.006650789 0.999480188 40.023387909 0.023838682 0.999688387 -0.007404536 -2.300455093 -0.999218106 0.024059862 0.031375792 83.376861572
0.031661429 0.006650667 0.999476492 40.737754822 0.023834744 0.999688447 -0.007407114 -2.308817863 -0.999214470 0.024056790 0.031493057 83.401031494
0.032162376 0.006361698 0.999462545 41.459510803 0.023484176 0.999698877 -0.007118916 -2.323643923 -0.999206662 0.023700519 0.032003291 83.422035217
0.032119207 0.006193062 0.999464869 42.174049377 0.023129730 0.999708414 -0.006937877 -2.332578659 -0.999216318 0.023340195 0.031966601 83.446281433
0.032191575 0.006818867 0.999458551 42.896453857 0.022003550 0.999729455 -0.007529429 -2.341672182 -0.999239445 0.022234021 0.032032833 83.466865540
0.031456199 0.006281042 0.999485314 43.617698669 0.021213789 0.999750793 -0.006950359 -2.355540991 -0.999279916 0.021421507 0.031315114 83.488815308
0.030426828 0.006354167 0.999516785 44.337524414 0.020736841 0.999760449 -0.006986978 -2.371563196 -0.999321818 0.020939415 0.030287776 83.510444641
0.030109394 0.006632779 0.999524713 45.060344696 0.020876246 0.999755681 -0.007263183 -2.382187366 -0.999328494 0.021085013 0.029963570 83.529823303
0.029417953 0.006127449 0.999548376 45.780780792 0.021453334 0.999746978 -0.006760064 -2.396722794 -0.999336958 0.021642517 0.029279049 83.546463013
0.028680613 0.006923269 0.999564588 46.502731323 0.021632571 0.999737501 -0.007545171 -2.404549599 -0.999354541 0.021839548 0.028523315 83.562866211
0.028136740 0.007169255 0.999578357 47.225952148 0.022230353 0.999722540 -0.007796042 -2.417193174 -0.999356866 0.022440329 0.027969556 83.577644348
0.027387431 0.007750404 0.999594808 47.945091248 0.021272255 0.999739051 -0.008334351 -2.430984259 -0.999398530 0.021491891 0.027215414 83.599838257
0.026980456 0.008050973 0.999603570 48.662754059 0.021204347 0.999737978 -0.008624387 -2.441888332 -0.999411047 0.021428630 0.026802670 83.618247986
0.026563074 0.007422421 0.999619544 49.389183044 0.021004081 0.999747515 -0.007981515 -2.456434250 -0.999426365 0.021208100 0.026400469 83.639747620
0.026530128 0.007007693 0.999623418 50.103271484 0.020630863 0.999758601 -0.007556185 -2.471869946 -0.999435067 0.020823559 0.026379149 83.654495239
0.026252341 0.007032642 0.999630570 50.842922211 0.019667113 0.999778092 -0.007550177 -2.482574224 -0.999461889 0.019858059 0.026108203 83.674690247
0.025632309 0.007042726 0.999646604 51.561943054 0.018752422 0.999795854 -0.007524615 -2.497941732 -0.999495506 0.018938672 0.025495013 83.692001343
0.025453199 0.007261908 0.999649584 52.286563873 0.017822333 0.999811411 -0.007716878 -2.510622025 -0.999517202 0.018012507 0.025318971 83.709289551
0.025004389 0.007557266 0.999658763 53.004215240 0.017290961 0.999818563 -0.007990971 -2.521347046 -0.999537826 0.017484868 0.024869179 83.729927063
0.024613813 0.007675305 0.999667585 53.734317780 0.018155532 0.999802113 -0.008123363 -2.534475803 -0.999532163 0.018349443 0.024469594 83.743453979
0.025004804 0.007598366 0.999658406 54.463584900 0.017771458 0.999809682 -0.008044040 -2.548435450 -0.999529421 0.017966527 0.024865009 83.756683350
0.024489354 0.006882317 0.999676406 55.185344696 0.016343214 0.999839902 -0.007283807 -2.566627264 -0.999566436 0.016516302 0.024372954 83.772872925
0.024402497 0.006198009 0.999683022 55.908958435 0.016197251 0.999847054 -0.006594405 -2.579218388 -0.999571025 0.016353035 0.024298377 83.786201477
0.023664221 0.005992697 0.999702036 56.630104065 0.017577838 0.999825001 -0.006409524 -2.592025757 -0.999565423 0.017724276 0.023554744 83.810874939
