1.000000000 -0.000000000 0.000000000 0.000000000 -0.000000000 1.000000000 0.000000000 0.000000000 0.000000000 0.000000000 1.000000000 0.000000000
0.999994695 -0.001984874 0.002579927 0.007363145 0.001972700 0.999986947 0.004712643 -0.003373190 -0.002589247 -0.004707528 0.999985576 0.752892673
0.999963522 -0.006094692 0.005979709 0.018450223 0.006086295 0.999980450 0.001421560 -0.014876545 -0.005988256 -0.001385114 0.999981105 1.505105138
0.999943554 -0.004928974 0.009412945 0.029474275 0.004988474 0.999967635 -0.006308202 -0.016883280 -0.009381548 0.006354802 0.999935806 2.261630535
0.999922156 0.002468235 0.012225170 0.047278851 -0.002332793 0.999935806 -0.011080901 -0.017076310 -0.012251736 0.011051522 0.999863803 3.051908731
0.999894738 -0.001371427 0.014439501 0.068115674 0.001508524 0.999953866 -0.009487950 -0.021850895 -0.014425822 0.009508738 0.999850690 3.847357988
0.999814749 -0.011125456 0.015707104 0.101375990 0.011198401 0.999926925 -0.004563852 -0.036275614 -0.015655179 0.004738901 0.999866188 4.647546291
0.999686062 -0.017855767 0.017578980 0.132044166 0.017901188 0.999836683 -0.002429576 -0.048375301 -0.017532727 0.002743497 0.999842525 5.447251797
0.999675214 -0.017706646 0.018334640 0.151559502 0.017714079 0.999843121 -0.000243177 -0.050037704 -0.018327454 0.000567880 0.999831855 6.246119976
0.999743640 -0.013281316 0.018337050 0.160702854 0.013162930 0.999891877 0.006561678 -0.055782530 -0.018422214 -0.006318627 0.999810278 7.048605919
0.999731064 -0.013525255 0.018837361 0.179089472 0.013314846 0.999848068 0.011250775 -0.062414050 -0.018986670 -0.010996932 0.999759257 7.855390549
0.999736965 -0.011555965 0.019811759 0.190587506 0.011414298 0.999908566 0.007248829 -0.064008355 -0.019893715 -0.007020785 0.999777436 8.645224571
0.999741495 -0.009912209 0.020464839 0.209055409 0.009944422 0.999949455 -0.001472964 -0.065076478 -0.020449206 0.001676093 0.999789536 9.438299179
0.999737084 -0.008154347 0.021432897 0.221075609 0.008269057 0.999951899 -0.005268752 -0.068117037 -0.021388905 0.005444595 0.999756336 10.234013557
0.999761820 -0.006207713 0.020919465 0.246690378 0.006148458 0.999976933 0.002895702 -0.073728032 -0.020936960 -0.002766390 0.999776959 11.067250252
0.999703884 -0.009160485 0.022539390 0.268531144 0.008890087 0.999887705 0.012067750 -0.079086512 -0.022647407 -0.011863801 0.999673009 11.891178131
0.999624968 -0.012641164 0.024291225 0.299992889 0.012327429 0.999839246 0.013022142 -0.079894856 -0.024451934 -0.012717810 0.999620080 12.702894211
0.999510467 -0.014891169 0.027512230 0.324014932 0.014776286 0.999881268 0.004374265 -0.083272278 -0.027574100 -0.003965595 0.999611914 13.522898674
0.999456644 -0.014200564 0.029742906 0.355473369 0.014296948 0.999893188 -0.003030401 -0.078852937 -0.029696696 0.003453987 0.999552965 14.309718132
0.999398112 -0.013169144 0.032093760 0.384383976 0.013381539 0.999889851 -0.006412229 -0.087907135 -0.032005779 0.006837833 0.999464273 15.118177414
0.999238014 -0.016862554 0.035202622 0.417243361 0.017038122 0.999843836 -0.004693301 -0.104141735 -0.035117984 0.005289510 0.999369204 15.928569794
0.999168396 -0.016061088 0.037477378 0.459956169 0.016163411 0.999866426 -0.002428815 -0.108859226 -0.037433360 0.003032558 0.999294519 16.728239059
0.999099731 -0.012455903 0.040553920 0.488962233 0.012358246 0.999920070 0.002657903 -0.113104403 -0.040583778 -0.002154336 0.999173820 17.536474228
0.998987198 -0.010419380 0.043771133 0.513495326 0.009935316 0.999887168 0.011261965 -0.119674116 -0.043883543 -0.010815679 0.998978019 18.351083755
0.998887718 -0.010316286 0.046010517 0.551564932 0.009527998 0.999804556 0.017319342 -0.119828641 -0.046180192 -0.016861692 0.998790860 19.165098190
0.998757124 -0.011265231 0.048551593 0.598278224 0.010489769 0.999813795 0.016197283 -0.120257407 -0.048725020 -0.015667854 0.998689294 19.947511673
0.998659253 -0.010473796 0.050694905 0.642589688 0.010002372 0.999904394 0.009544017 -0.117018998 -0.050790019 -0.009024152 0.998668551 20.729473114
0.998601794 -0.008943521 0.052099984 0.691712916 0.008912442 0.999959946 0.000828833 -0.123457782 -0.052105311 -0.000363337 0.998641491 21.511697769
0.998465240 -0.007181407 0.054913934 0.727763295 0.007273260 0.999972582 -0.001473008 -0.123921424 -0.054901849 0.001870146 0.998489976 22.288469315
0.998311400 -0.005303503 0.057846222 0.776521027 0.005140688 0.999982357 0.002963097 -0.130418077 -0.057860911 -0.002660724 0.998321056 23.074430466
0.998131037 -0.002108193 0.061073270 0.816774607 0.001478798 0.999945402 0.010348929 -0.135241687 -0.061091751 -0.010239272 0.998079538 23.860099792
0.997882366 0.003131866 0.064969160 0.859219313 -0.004064141 0.999890625 0.014222300 -0.136945128 -0.064917505 -0.014456226 0.997785926 24.630449295
0.997604132 0.007517424 0.068771631 0.908372760 -0.008352294 0.999894738 0.011860220 -0.139102906 -0.068675250 -0.012406205 0.997561872 25.398517609
0.997339547 0.009270373 0.072306134 0.969237924 -0.009723890 0.999935150 0.005922657 -0.142964438 -0.072246544 -0.006609995 0.997364938 26.163541794
0.996992826 0.006376393 0.077230379 1.032763243 -0.006108412 0.999974489 -0.003705644 -0.148929298 -0.077252038 0.003222745 0.997006416 26.917774200
0.996544540 0.004934392 0.082913511 1.104820848 -0.004240138 0.999954462 -0.008547233 -0.152684018 -0.082951896 0.008166137 0.996520162 27.676532745
0.995975852 0.002554301 0.089585461 1.182598114 -0.002265541 0.999991834 -0.003324857 -0.160927966 -0.089593217 0.003108520 0.995973647 28.442466736
0.995216012 -0.001275798 0.097690985 1.256588221 0.000462689 0.999965072 0.008345475 -0.167716727 -0.097698241 -0.008260351 0.995181739 29.200662613
0.994360387 -0.004219218 0.105970412 1.344935179 0.002714823 0.999893546 0.014336615 -0.173911572 -0.106019631 -0.013968069 0.994265854 29.951105118
0.993353426 -0.008812740 0.114766300 1.443606853 0.007479911 0.999899507 0.012038885 -0.178915799 -0.114860855 -0.011100424 0.993319571 30.688196182
0.992291212 -0.009376722 0.123572677 1.539128065 0.008954261 0.999952018 0.003973659 -0.178957686 -0.123604022 -0.002836523 0.992327631 31.412124634
0.991115868 -0.011048019 0.132541567 1.641766787 0.011236996 0.999936581 -0.000677869 -0.189563513 -0.132525682 0.002161216 0.991177201 32.130706787
0.989969492 -0.013875070 0.140598431 1.752554178 0.014083589 0.999900699 -0.000488130 -0.196355432 -0.140577719 0.002463365 0.990066528 32.845954895
0.988755167 -0.020329824 0.148154780 1.869702816 0.020173008 0.999793231 0.002561186 -0.200731814 -0.148176208 0.000456342 0.988960862 33.557003021
0.987824738 -0.024448629 0.153637752 1.993561745 0.023913704 0.999699771 0.005329033 -0.207347751 -0.153721914 -0.001590103 0.988112867 34.270889282
0.986970842 -0.030507220 0.157980442 2.119297028 0.029820951 0.999532640 0.006713218 -0.212618753 -0.158111423 -0.001914624 0.987419426 34.963996887
0.986617088 -0.031752400 0.159932569 2.239863634 0.031446982 0.999495447 0.004440945 -0.213833392 -0.159992889 0.000647884 0.987117946 35.643962860
0.986501753 -0.033658870 0.160253987 2.349020004 0.033600297 0.999430537 0.003076112 -0.224602222 -0.160266295 0.002349991 0.987070918 36.317340851
0.986654043 -0.035990968 0.158803552 2.461889029 0.036266856 0.999341488 0.001161378 -0.228724927 -0.158740774 0.004613427 0.987309515 36.988082886
0.987143755 -0.036046445 0.155717388 2.567100286 0.036265478 0.999341130 0.001435032 -0.235942751 -0.155666530 0.004230582 0.987800598 37.654067993
0.987667859 -0.037977133 0.151887164 2.676545143 0.037906021 0.999275625 0.003364799 -0.238078892 -0.151904926 0.002434133 0.988392115 38.314628601
0.988599300 -0.035107169 0.146420270 2.772556543 0.035011936 0.999381661 0.003228275 -0.244344667 -0.146443069 0.001934987 0.989217222 38.956565857
0.989508331 -0.036774334 0.139717191 2.870203972 0.036703430 0.999321401 0.003085024 -0.251634479 -0.139735818 0.002075443 0.990186691 39.599277496
0.990475655 -0.037463807 0.132493392 2.949282169 0.037273828 0.999297380 0.003914631 -0.256423950 -0.132546976 0.001061191 0.991176188 40.239585876
0.991240144 -0.044155523 0.124472171 3.036102533 0.043863095 0.999024570 0.005090244 -0.250214100 -0.124575533 0.000414081 0.992210031 40.878246307
0.992165685 -0.046709079 0.115868397 3.122288704 0.045805700 0.998895705 0.010448571 -0.255659938 -0.116228491 -0.005059280 0.993209660 41.519412994
0.992969573 -0.049531948 0.107507885 3.207684278 0.048212238 0.998726785 0.014841730 -0.255563021 -0.108106144 -0.009554192 0.994093478 42.162067413
0.993713379 -0.050480552 0.099928193 3.266607761 0.048982084 0.998648107 0.017394155 -0.267430484 -0.100671209 -0.012390111 0.994842589 42.815280914
0.994377792 -0.052662522 0.091866575 3.325850248 0.051544577 0.998565376 0.014501413 -0.261675179 -0.092498451 -0.009684662 0.995665729 43.450073242
0.995091856 -0.052733622 0.083733715 3.376346827 0.052064043 0.998592019 0.010161633 -0.265280575 -0.084151670 -0.005752243 0.996436357 44.074398041
0.995870471 -0.052529484 0.074045703 3.431581259 0.052354060 0.998619258 0.004309485 -0.266476750 -0.074169844 -0.000415093 0.997245550 44.698638916
0.996685505 -0.049636677 0.064452834 3.462765694 0.049716812 0.998763263 0.000360848 -0.268203467 -0.064391032 0.002844741 0.997920632 45.317615509
0.997356296 -0.046536788 0.055808615 3.473397493 0.046817254 0.998896420 -0.003728068 -0.266666412 -0.055573538 0.006331019 0.998434544 45.964931488
0.998035550 -0.043108188 0.045459967 3.511935234 0.043373935 0.999046981 -0.004875224 -0.276356339 -0.045206483 0.006837425 0.998954237 46.621490479
0.998562932 -0.039742835 0.035949145 3.523249149 0.039945051 0.999189734 -0.004924127 -0.283215821 -0.035724320 0.006353042 0.999341488 47.264141083
0.999032080 -0.034792088 0.026913308 3.526977539 0.034916840 0.999381483 -0.004179078 -0.295022428 -0.026751265 0.005114760 0.999629021 47.907909393
0.999311388 -0.032033533 0.018718055 3.533172607 0.032129370 0.999471903 -0.004842040 -0.301059961 -0.018553060 0.005440106 0.999813080 48.562538147
0.999488771 -0.030066911 0.010866575 3.530416965 0.030117158 0.999536157 -0.004490728 -0.311188549 -0.010726515 0.004815702 0.999930859 49.213985443
0.999621511 -0.027356815 0.002898963 3.549485683 0.027367942 0.999617875 -0.003870062 -0.316875875 -0.002791983 0.003947936 0.999988258 49.903530121
0.999655008 -0.026123008 -0.002734688 3.541004658 0.026110381 0.999648631 -0.004556247 -0.319402039 0.002852750 0.004483270 0.999985814 50.563335419
0.999637067 -0.025386963 -0.009010299 3.534688473 0.025355451 0.999672055 -0.003594902 -0.332301199 0.009098608 0.003365137 0.999952912 51.228572845
0.999544203 -0.026740728 -0.014006687 3.525325298 0.026695738 0.999637842 -0.003389346 -0.332336545 0.014092247 0.003013882 0.999896109 51.900962830
0.999528527 -0.025175456 -0.017570803 3.511169910 0.025166100 0.999683022 -0.000753324 -0.340068936 0.017584195 0.000310780 0.999845386 52.578578949
0.999466598 -0.024761336 -0.021295542 3.495745420 0.024799991 0.999691248 0.001552975 -0.353678912 0.021250514 -0.002080276 0.999772012 53.256191254
0.999354243 -0.025824009 -0.024985027 3.488641262 0.025878699 0.999663353 0.001868223 -0.351917088 0.024928369 -0.002513597 0.999686062 53.947002411
0.999180257 -0.029201780 -0.028039940 3.474601746 0.029209917 0.999573350 -0.000119356 -0.355969191 0.028031457 -0.000699786 0.999606788 54.622692108
0.999032795 -0.031869147 -0.030297115 3.451886654 0.031865995 0.999491990 -0.000586917 -0.361974865 0.030300427 -0.000379099 0.999540687 55.297958374
0.998963833 -0.031000430 -0.033324093 3.430316448 0.030958794 0.999519050 -0.001764713 -0.366521657 0.033362769 0.000731210 0.999442935 55.984008789
0.998887122 -0.030632004 -0.035863791 3.415752649 0.030633535 0.999530554 -0.000507018 -0.370704651 0.035862487 -0.000592182 0.999356568 56.679710388
0.998805404 -0.031027813 -0.037749004 3.390040398 0.031067405 0.999517202 0.000462568 -0.376960963 0.037716426 -0.001634780 0.999287128 57.363037109
0.998724937 -0.031287588 -0.039617591 3.369369268 0.031344380 0.999508262 0.000812994 -0.382676005 0.039572667 -0.002053746 0.999214590 58.047798157
0.998706222 -0.030198770 -0.040915135 3.347155094 0.030253939 0.999541998 0.000729656 -0.391881704 0.040874358 -0.001966556 0.999162376 58.724086761
0.998788297 -0.028015429 -0.040459622 3.311950207 0.028010093 0.999607384 -0.000698856 -0.396681130 0.040463317 -0.000435268 0.999180973 59.395095825
0.998890281 -0.026530540 -0.038917817 3.284018755 0.026477581 0.999647617 -0.001875679 -0.408775151 0.038953871 0.000843148 0.999240696 60.065738678
0.998989403 -0.026172869 -0.036540229 3.260538578 0.026018186 0.999650359 -0.004702480 -0.416291237 0.036650524 0.003747017 0.999321163 60.733722687
0.999171376 -0.023086002 -0.033521447 3.237461329 0.022849552 0.999711335 -0.007419903 -0.424744368 0.033683069 0.006647804 0.999410510 61.400875092
0.999330878 -0.022005036 -0.029217241 3.221425533 0.021770515 0.999728322 -0.008320908 -0.441607177 0.029392404 0.007679266 0.999538481 62.068817139
0.999464512 -0.021097992 -0.025015431 3.211347580 0.020902066 0.999749005 -0.008068082 -0.451337963 0.025179371 0.007540887 0.999654531 62.730354309
0.999565721 -0.021537513 -0.020115307 3.199608088 0.021415381 0.999751091 -0.006267198 -0.465913236 0.020245276 0.005833699 0.999778032 63.389404297
0.999674976 -0.020630393 -0.014981376 3.189371586 0.020580411 0.999782145 -0.003482649 -0.479750156 0.015049960 0.003173194 0.999881685 64.046859741
0.999759376 -0.019788496 -0.009468814 3.192738056 0.019767595 0.999801993 -0.002296046 -0.488673687 0.009512375 0.002108318 0.999952555 64.684173584
0.999810815 -0.019165138 -0.003315825 3.197937250 0.019158445 0.999814451 -0.002037507 -0.499818593 0.003354259 0.001973595 0.999992430 65.322456360
0.999832988 -0.017818620 0.004051298 3.202239037 0.017829651 0.999837339 -0.002703504 -0.506404996 -0.004002465 0.002775286 0.999988079 65.954231262
0.999748051 -0.019394604 0.011302669 3.217589617 0.019424001 0.999808252 -0.002496942 -0.517057300 -0.011252072 0.002715856 0.999933004 66.571701050
0.999619484 -0.020842280 0.018067494 3.235941887 0.020889919 0.999778807 -0.002452143 -0.526340842 -0.018012393 0.002828639 0.999833763 67.177726746
0.999435902 -0.022970596 0.024502885 3.260257244 0.023035727 0.999731898 -0.002379190 -0.536666632 -0.024441667 0.002942290 0.999696970 67.764518738
0.999234259 -0.023757953 0.031088967 3.280613422 0.023853829 0.999711692 -0.002716679 -0.545606792 -0.031015474 0.003456190 0.999512851 68.345123291
0.999007285 -0.024504412 0.037202030 3.313677311 0.024676118 0.999686837 -0.004163324 -0.553817749 -0.037088361 0.005077193 0.999299049 68.907722473
0.998773634 -0.024412597 0.043071140 3.341462851 0.024655076 0.999682963 -0.005107392 -0.562301636 -0.042932808 0.006163051 0.999058902 69.463920593
0.998573601 -0.025091045 0.047130264 3.376677990 0.025366347 0.999664366 -0.005252279 -0.569754839 -0.046982665 0.006440310 0.998874962 70.019775391
0.998372972 -0.026534468 0.050469510 3.410076380 0.026760604 0.999634564 -0.003810031 -0.575986147 -0.050349969 0.005154428 0.998718321 70.572219849
0.998228967 -0.028565217 0.052181300 3.444563627 0.028723860 0.999584675 -0.002292689 -0.584005654 -0.052094143 0.003787477 0.998635054 71.120826721
0.998138905 -0.029995847 0.053093299 3.475943565 0.030167038 0.999541879 -0.002425684 -0.587956727 -0.052996214 0.004022838 0.998586535 71.674354553
0.998094976 -0.032077674 0.052700743 3.510790348 0.032329109 0.999469519 -0.003925213 -0.597198367 -0.052546877 0.005621504 0.998602569 72.216934204
0.998170137 -0.031476937 0.051627290 3.532906771 0.031791341 0.999480546 -0.005279816 -0.605286360 -0.051434278 0.006911457 0.998652458 72.755523682
0.998314559 -0.028933665 0.050306644 3.566588163 0.029192211 0.999564052 -0.004412225 -0.609469175 -0.050157052 0.005873351 0.998724043 73.302124023
0.998429477 -0.027663512 0.048715532 3.590373993 0.027876033 0.999604583 -0.003688421 -0.616553545 -0.048594240 0.005040624 0.998805881 73.841163635
0.998473644 -0.030445825 0.046078458 3.621150970 0.030620465 0.999526262 -0.003088836 -0.629814625 -0.045962591 0.004495065 0.998933017 74.374938965
0.998442411 -0.034855846 0.043562911 3.648970842 0.035006445 0.999383271 -0.002698664 -0.636093974 -0.043441989 0.004219443 0.999047101 74.900100708
0.998462021 -0.037374694 0.040950280 3.677556992 0.037471466 0.999296427 -0.001597782 -0.645681858 -0.040861767 0.003129792 0.999159873 75.435279846
0.998648047 -0.036534701 0.036976233 3.693985462 0.036672488 0.999322653 -0.003054824 -0.649677277 -0.036839582 0.004406704 0.999311447 75.960487366
0.998876631 -0.036391463 0.030347351 3.708031178 0.036494177 0.999329865 -0.002837523 -0.654694438 -0.030223750 0.003941837 0.999535441 76.477638245
0.999011099 -0.038386602 0.022431666 3.722462177 0.038414251 0.999261558 -0.000802748 -0.663461030 -0.022384286 0.001663650 0.999747992 76.988357544
0.999046803 -0.041701123 0.012903191 3.728028536 0.041699119 0.999130130 0.000424481 -0.670361638 -0.012909671 0.000113976 0.999916673 77.488487244
0.999014497 -0.044373497 0.001014020 3.731246710 0.044374041 0.999014854 -0.000524916 -0.681432724 -0.000989731 0.000569395 0.999999344 77.988121033
0.998967886 -0.044156116 -0.010662006 3.718564272 0.044146232 0.999024391 -0.001161336 -0.684295893 0.010702886 0.000689450 0.999942482 78.466773987
0.998875201 -0.042102180 -0.021809192 3.698154926 0.042089611 0.999113321 -0.001035446 -0.688451469 0.021833450 0.000116341 0.999761641 78.960868835
0.998712659 -0.039222214 -0.032163240 3.674972534 0.039199885 0.999230504 -0.001324736 -0.695401013 0.032190442 0.000062236 0.999481678 79.450180054
0.998559177 -0.036730506 -0.039121255 3.637194872 0.036679830 0.999325037 -0.002012554 -0.702025056 0.039168771 0.000574693 0.999232411 79.936347961
0.998399973 -0.035571296 -0.043955553 3.619186640 0.035508487 0.999367058 -0.002209171 -0.708613873 0.044006310 0.000644841 0.999031007 80.415031433
0.998288333 -0.035776921 -0.046264917 3.597233057 0.035699524 0.999359488 -0.002498452 -0.718638420 0.046324670 0.000842540 0.998926044 80.907432556
0.998170853 -0.035746839 -0.048756808 3.571941853 0.035638038 0.999360025 -0.003099467 -0.725721598 0.048836388 0.001356201 0.998805881 81.399520874
0.998034537 -0.036770642 -0.050743572 3.565492153 0.036616262 0.999321520 -0.003968703 -0.736785412 0.050855070 0.002102862 0.998703837 81.863426208
0.998014867 -0.036380257 -0.051407896 3.540779114 0.036142256 0.999331236 -0.005551884 -0.740710616 0.051575489 0.003682864 0.998662353 82.349624634
0.998102844 -0.035256501 -0.050474338 3.510807991 0.034968056 0.999366701 -0.006586642 -0.746947885 0.050674587 0.004809157 0.998703659 82.844253540
0.998176038 -0.035012648 -0.049182177 3.485476971 0.034719259 0.999373853 -0.006807288 -0.752184927 0.049389720 0.005087303 0.998766661 83.345146179
0.998262167 -0.035321120 -0.047170468 3.462453842 0.035055738 0.999364555 -0.006441771 -0.760204554 0.047368020 0.004776981 0.998866141 83.857978821
0.998376608 -0.035414394 -0.044611309 3.446737051 0.035179034 0.999362707 -0.006050104 -0.766594768 0.044797141 0.004470900 0.998986125 84.372749329
0.998504698 -0.035407610 -0.041648816 3.432084322 0.035201065 0.999364138 -0.005682506 -0.772101581 0.041823532 0.004207926 0.999116242 84.897964478
0.998619199 -0.035643786 -0.038593329 3.421764851 0.035447802 0.999354959 -0.005750964 -0.772664607 0.038773425 0.004374974 0.999238491 85.436515808
0.998771727 -0.035437956 -0.034630716 3.404645681 0.035285123 0.999364674 -0.005014812 -0.776495516 0.034786426 0.003786703 0.999387681 85.985542297
0.998963892 -0.034736950 -0.029400680 3.389751196 0.034622315 0.999390781 -0.004399355 -0.784235716 0.029535588 0.003376877 0.999558091 86.546478271
0.999124348 -0.034766003 -0.023280231 3.377246857 0.034675021 0.999389410 -0.004300856 -0.790672898 0.023415545 0.003489848 0.999719739 87.110397339
0.999264836 -0.034377154 -0.016968239 3.376450539 0.034331378 0.999406040 -0.002982186 -0.793534279 0.017060675 0.002397451 0.999851584 87.691246033
0.999382138 -0.033799004 -0.009642081 3.376362801 0.033787496 0.999428093 -0.001354295 -0.800220370 0.009682342 0.001027677 0.999952555 88.275413513
0.999479890 -0.032174721 -0.002184365 3.379916430 0.032173205 0.999482036 -0.000726860 -0.803996384 0.002206622 0.000656204 0.999997318 88.855278015
0.999476135 -0.031876016 0.005592439 3.388330936 0.031874061 0.999491870 0.000439150 -0.806991816 -0.005603595 -0.000260666 0.999984264 89.433761597
0.999371171 -0.032215584 0.014811219 3.394124269 0.032191861 0.999480069 0.001837405 -0.814670563 -0.014862712 -0.001359449 0.999888599 90.018463135
0.999173462 -0.032464851 0.024462063 3.417333126 0.032405853 0.999470830 0.002804278 -0.816572845 -0.024540160 -0.002009246 0.999696791 90.595962524
0.998916686 -0.030510414 0.035137352 3.441197872 0.030365922 0.999527991 0.004638725 -0.821903110 -0.035262302 -0.003566722 0.999371767 91.170295715
0.998449087 -0.031374790 0.045989212 3.482629061 0.031103121 0.999494314 0.006611186 -0.822175324 -0.046173386 -0.005170525 0.998920023 91.728271484
0.997838855 -0.030254968 0.058327679 3.521349907 0.029746035 0.999511659 0.009574229 -0.826026976 -0.058588855 -0.007818522 0.998251498 92.280845642
0.996929586 -0.030075796 0.072295740 3.570004463 0.029406564 0.999514461 0.010303713 -0.826849341 -0.072570533 -0.008146109 0.997329950 92.822853088
0.995621562 -0.029560484 0.088678129 3.627899170 0.028779270 0.999535024 0.010075523 -0.828490913 -0.088934727 -0.007479315 0.996009409 93.364181519
0.993657589 -0.028556190 0.108761370 3.695547104 0.027600789 0.999566138 0.010279990 -0.829885423 -0.109007739 -0.007212891 0.994014740 93.898612976
0.990982234 -0.029820209 0.130632788 3.778360367 0.028666189 0.999531627 0.010706039 -0.828647733 -0.130890876 -0.006864751 0.991373003 94.417465210
0.987857282 -0.032162983 0.151997983 3.875116348 0.030794084 0.999461353 0.011352072 -0.825727344 -0.152281195 -0.006533589 0.988315642 94.930130005
0.984255075 -0.036681768 0.172905073 3.998712540 0.034801010 0.999297619 0.013897352 -0.832360864 -0.173293427 -0.007661269 0.984840393 95.467247009
0.980186105 -0.040256210 0.193944514 4.119595528 0.037907057 0.999156237 0.015809990 -0.828431964 -0.194417328 -0.008144868 0.980885088 95.985374451
0.975711942 -0.043790746 0.214636236 4.251913071 0.041007806 0.999007285 0.017403733 -0.826908708 -0.215185270 -0.008179267 0.976538956 96.500076294
0.971171856 -0.048064899 0.233484387 4.396675110 0.045048431 0.998818338 0.018238191 -0.819928050 -0.234085098 -0.007194313 0.972189426 97.010757446
0.967123210 -0.053802457 0.248551637 4.539163589 0.050625648 0.998533905 0.019160341 -0.814784169 -0.249218106 -0.005947324 0.968429089 97.506027222
0.964555323 -0.061727449 0.256559253 4.716659546 0.058679912 0.998085916 0.019524790 -0.801297426 -0.257273346 -0.003777867 0.966331303 98.029396057
0.963774085 -0.069474071 0.257512599 4.869258881 0.066465475 0.997580588 0.020380672 -0.799342752 -0.258305520 -0.002526667 0.966059983 98.530090332
0.964585006 -0.075396366 0.252766699 4.988531113 0.072318047 0.997150660 0.021461029 -0.804512501 -0.253664613 -0.002421390 0.967289209 99.003288269
0.967143595 -0.078958511 0.241658494 5.109086990 0.076173261 0.996876240 0.020861689 -0.800898075 -0.242550850 -0.001768334 0.970137060 99.458793640
0.971035182 -0.079878666 0.225189030 5.213594437 0.077407345 0.996802926 0.019796826 -0.796910763 -0.226050407 -0.001792129 0.974113941 99.933219910
0.975697756 -0.081154935 0.203537583 5.303006172 0.079042375 0.996699572 0.018500671 -0.795747519 -0.204367220 -0.001962971 0.978892326 100.403778076
0.980490386 -0.081108220 0.179053023 5.378383636 0.079434372 0.996703327 0.016510099 -0.791974545 -0.179801881 -0.001965028 0.983700812 100.870338440
0.984879017 -0.081233226 0.153017625 5.437577248 0.079914831 0.996692419 0.014757046 -0.793246984 -0.153710306 -0.002305528 0.988113225 101.329467773
0.988684535 -0.082300320 0.125417501 5.470567226 0.081143163 0.996599555 0.014315922 -0.798813939 -0.126169235 -0.003977158 0.992000699 101.766548157
0.992105007 -0.082959734 0.094048992 5.504339695 0.082088634 0.996538937 0.013100076 -0.794838309 -0.094810247 -0.005276301 0.995481372 102.237068176
0.994916856 -0.081380792 0.059310161 5.503863335 0.080894291 0.996666670 0.010561859 -0.803625226 -0.059972018 -0.005710319 0.998183727 102.636138916
0.996646047 -0.078897633 0.021713991 5.486181259 0.078761294 0.996868372 0.007065173 -0.807508647 -0.022203416 -0.005331257 0.999739289 103.072898865
0.997055531 -0.075047038 -0.015752964 5.447848797 0.075122289 0.997165203 0.004240466 -0.813701630 0.015390072 -0.005411380 0.999866843 103.506950378
0.996289492 -0.069219373 -0.051145118 5.394399643 0.069417514 0.997585297 0.002105947 -0.815388560 0.050875857 -0.005648498 0.998688936 103.939811707
0.994556904 -0.063348517 -0.082724631 5.325572968 0.063535027 0.997979462 -0.000378604 -0.817453504 0.082581475 -0.004879367 0.996572316 104.360610962
0.992386401 -0.056836870 -0.109265760 5.261061668 0.057054479 0.998370409 -0.001136443 -0.825699687 0.109152302 -0.005106310 0.994011939 104.768371582
0.989956319 -0.051314611 -0.131732330 5.179750443 0.051534805 0.998669684 -0.001739435 -0.832165778 0.131646335 -0.005066835 0.991283953 105.185455322
0.987432778 -0.045972191 -0.151205316 5.090209007 0.046241231 0.998928726 -0.001738292 -0.842345655 0.151123255 -0.005275473 0.988500893 105.599029541
0.985056639 -0.041821890 -0.167075366 5.005029678 0.041936155 0.999116182 -0.002845704 -0.845387638 0.167046726 -0.004203318 0.985939980 106.023155212
0.983258665 -0.038312398 -0.178141639 4.926406860 0.037881050 0.999265254 -0.005823288 -0.850603640 0.178233832 -0.001022395 0.983987629 106.443801880
0.982474923 -0.033780109 -0.183308065 4.829517365 0.032692112 0.999425352 -0.008954935 -0.855159760 0.183505222 0.002805270 0.983014762 106.882522583
0.982341409 -0.028545201 -0.184906572 4.740207672 0.027102049 0.999579251 -0.010328064 -0.862305403 0.185123578 0.005134338 0.982701898 107.341171265
0.983101487 -0.022969065 -0.181614667 4.640319824 0.021542447 0.999719679 -0.009824169 -0.869308829 0.181789368 0.005745730 0.983320713 107.825614929
0.984449089 -0.019684704 -0.174563840 4.545196533 0.018314200 0.999787450 -0.009458534 -0.876691699 0.174712896 0.006114448 0.984600425 108.324821472
0.986258388 -0.017096816 -0.164323211 4.472972870 0.015748641 0.999830842 -0.009503811 -0.880544662 0.164457932 0.006785346 0.986360788 108.838729858
0.988475740 -0.013890104 -0.150740772 4.391693115 0.012459650 0.999867976 -0.010429905 -0.887354732 0.150865763 0.008431531 0.988518357 109.378158569
0.990701616 -0.010046344 -0.135681495 4.320090294 0.008634967 0.999902368 -0.010986684 -0.890385449 0.135778606 0.009712921 0.990691662 109.931480408
0.992797732 -0.007617039 -0.119559348 4.256350517 0.006567897 0.999936461 -0.009166670 -0.895126581 0.119621575 0.008315397 0.992784798 110.511169434
0.994568169 -0.009705565 -0.103634030 4.216378212 0.008820791 0.999920666 -0.008992386 -0.898882031 0.103713065 0.008029407 0.994574845 111.114692688
0.996126771 -0.011193447 -0.087213032 4.178351402 0.010395943 0.999899924 -0.009593161 -0.903268456 0.087311685 0.008649344 0.996143460 111.732734680
0.997375488 -0.013753924 -0.071084797 4.144198895 0.012994936 0.999853730 -0.011128671 -0.908162236 0.071227446 0.010175721 0.997408271 112.370666504
0.998362958 -0.012271742 -0.055865202 4.106388092 0.011568095 0.999849856 -0.012901464 -0.915363371 0.056015134 0.012234090 0.998354971 113.036811829
0.999054968 -0.011910702 -0.041801546 4.092560291 0.011302683 0.999827325 -0.014751716 -0.924243510 0.041970018 0.014265307 0.999017060 113.727134705
0.999518156 -0.013639519 -0.027881663 4.084216595 0.013211037 0.999792695 -0.015494733 -0.933056951 0.028087219 0.015118922 0.999491215 114.428840637
0.999779284 -0.015586572 -0.014084715 4.081680775 0.015358240 0.999751151 -0.016176604 -0.935742378 0.014333347 0.015956717 0.999769986 115.162063599
0.999834478 -0.018090971 -0.001908228 4.092893600 0.018059477 0.999718428 -0.015398515 -0.949856758 0.002186254 0.015361507 0.999879658 115.899818420
0.999800920 -0.018209765 0.008173115 4.112517357 0.018322375 0.999735236 -0.013921825 -0.966738105 -0.007917438 0.014068805 0.999869704 116.674446106
0.999698639 -0.018503910 0.016133346 4.127374649 0.018699361 0.999752641 -0.012049236 -0.976503015 -0.015906394 0.012347287 0.999797285 117.443733215
0.999543667 -0.021393649 0.021324674 4.147620201 0.021641372 0.999700248 -0.011454378 -0.985854030 -0.021073231 0.011910647 0.999706984 118.229103088
0.999418616 -0.023496041 0.024705358 4.171273232 0.023759134 0.999663532 -0.010410241 -1.000913858 -0.024452444 0.010991167 0.999640584 119.016242981
0.999366999 -0.023613267 0.026608456 4.204684258 0.023875795 0.999668956 -0.009592235 -1.015740514 -0.026373150 0.010221463 0.999599874 119.802024841
0.999326944 -0.023499297 0.028168365 4.225357533 0.023745373 0.999682546 -0.008433408 -1.027638435 -0.027961241 0.009096600 0.999567628 120.588874817
0.999342322 -0.022185484 0.028681705 4.254754543 0.022404425 0.999722183 -0.007334764 -1.034490466 -0.028511005 0.007972538 0.999561608 121.383232117
0.999318302 -0.021867799 0.029745448 4.281152248 0.022023043 0.999745548 -0.004901488 -1.049621940 -0.029630687 0.005553231 0.999545515 122.176841736
0.999294817 -0.021474833 0.030802099 4.306475163 0.021527395 0.999767363 -0.001375806 -1.056506991 -0.030765381 0.002037924 0.999524534 122.962150574
0.999263525 -0.022341901 0.031199906 4.331903458 0.022272535 0.999748707 0.002568942 -1.067199945 -0.031249458 -0.001872148 0.999509811 123.749244690
0.999271154 -0.023230230 0.030291580 4.362316132 0.023098437 0.999722183 0.004693607 -1.072682381 -0.030392200 -0.003990497 0.999530077 124.540214539
0.999276698 -0.024343373 0.029215248 4.391018391 0.024202596 0.999693811 0.005162516 -1.086786270 -0.029331977 -0.004451696 0.999559700 125.317924500
0.999312282 -0.024293223 0.028015381 4.415148258 0.024230644 0.999703109 0.002571138 -1.088168859 -0.028069526 -0.001890539 0.999604166 126.097183228
0.999312520 -0.025337532 0.027066816 4.436851501 0.025324542 0.999678969 0.000822742 -1.093138814 -0.027078969 -0.000136722 0.999633253 126.875732422
0.999327302 -0.025447216 0.026407797 4.457442284 0.025466105 0.999675572 -0.000379208 -1.097902417 -0.026389586 0.001051457 0.999651134 127.656097412
0.999333739 -0.025687564 0.025925580 4.483783722 0.025706753 0.999669433 -0.000407033 -1.104364753 -0.025906553 0.001073224 0.999663770 128.434906006
0.999376893 -0.023974597 0.025903383 4.510008335 0.023963770 0.999712586 0.000728362 -1.114198923 -0.025913397 -0.000107165 0.999664128 129.215515137
0.999336600 -0.023373250 0.027933661 4.531823635 0.023361841 0.999726832 0.000734791 -1.121931195 -0.027943205 -0.000081721 0.999609411 129.991928101
0.999284029 -0.022362079 0.030519579 4.557353973 0.022343328 0.999749899 0.000955421 -1.131194830 -0.030533312 -0.000272828 0.999533713 130.779663086
0.999216735 -0.019289132 0.034550812 4.582105637 0.019236734 0.999813318 0.001848238 -1.137389183 -0.034580018 -0.001182145 0.999401212 131.554244995
0.999019742 -0.018506164 0.040211521 4.614128590 0.018398082 0.999826074 0.003056139 -1.145420074 -0.040261086 -0.002313328 0.999186456 132.336181641
0.998749673 -0.018060371 0.046613064 4.660903931 0.017881224 0.999831021 0.004257539 -1.149912715 -0.046682082 -0.003418718 0.998903930 133.106597900
0.998293698 -0.017026370 0.055854239 4.701641083 0.016760750 0.999845922 0.005220674 -1.152922869 -0.055934519 -0.004275607 0.998425186 133.879287720
0.997677207 -0.014775279 0.066497609 4.756259441 0.014404344 0.999877930 0.006054209 -1.155714750 -0.066578947 -0.005082292 0.997768164 134.640640259
0.996772528 -0.014261129 0.079000108 4.823304176 0.013782424 0.999883235 0.006601542 -1.159629583 -0.079085022 -0.005491425 0.996852696 135.404922485
0.995529115 -0.014495470 0.093336806 4.903891563 0.013830975 0.999874234 0.007762316 -1.165073037 -0.093437597 -0.006436673 0.995604277 136.156143188
0.993866622 -0.014042857 0.109690189 4.993103027 0.013298878 0.999883354 0.007511249 -1.168901563 -0.109782860 -0.006006423 0.993937433 136.926101685
0.991807640 -0.014553901 0.126908734 5.099743843 0.013694988 0.999877036 0.007637945 -1.171486855 -0.127004281 -0.005837359 0.991884947 137.678436279
0.989320099 -0.015802465 0.144900441 5.218879700 0.014812517 0.999859035 0.007908317 -1.178186655 -0.145004973 -0.005677515 0.989414632 138.419784546
0.986456335 -0.018513318 0.162975863 5.347227097 0.017524106 0.999818265 0.007505327 -1.174448490 -0.163085192 -0.004547671 0.986601472 139.156158447
0.983515561 -0.023806779 0.179249391 5.509523392 0.022559905 0.999705076 0.008991618 -1.178574800 -0.179410562 -0.004799546 0.983762562 139.913436890
0.980956793 -0.029216088 0.192016035 5.673685074 0.027937489 0.999565899 0.009363440 -1.174255848 -0.192206204 -0.003820682 0.981347144 140.641052246
0.979088068 -0.035944022 0.200236186 5.837768555 0.034535844 0.999348044 0.010522335 -1.173112631 -0.200483873 -0.003386965 0.979691207 141.361175537
0.978186131 -0.042211674 0.203396454 6.001708984 0.040843997 0.999105930 0.010919083 -1.176703572 -0.203675508 -0.002373370 0.979035556 142.089157104
0.978217542 -0.048536159 0.201828182 6.158473969 0.047339845 0.998820961 0.010753008 -1.179857135 -0.202112138 -0.000964262 0.979361951 142.810516357
0.979129791 -0.053447798 0.196082309 6.332059860 0.052278377 0.998570442 0.011138502 -1.178380966 -0.196397364 -0.000655173 0.980524182 143.552627563
0.980707824 -0.058264345 0.186594650 6.472814560 0.057323005 0.998301089 0.010441007 -1.179248095 -0.186885998 0.000456590 0.982381523 144.260131836
0.982792735 -0.060958527 0.174363747 6.599864960 0.060287353 0.998139203 0.009148278 -1.177708983 -0.174596965 0.001521068 0.984638810 144.965270996
0.984799206 -0.062846400 0.161928922 6.720485687 0.062353782 0.998020947 0.008127595 -1.177521586 -0.162119299 0.002092830 0.986768961 145.666381836
0.986502528 -0.062858030 0.151200786 6.842715263 0.062408693 0.998020828 0.007720122 -1.173089385 -0.151386768 0.001820326 0.988472939 146.386428833
0.987785876 -0.062706538 0.142642796 6.941173553 0.062144157 0.998031914 0.008398592 -1.172429562 -0.142888710 0.000568407 0.989738584 147.088516235
0.988867044 -0.064887851 0.133908272 7.041574478 0.064212918 0.997892320 0.009357532 -1.178496957 -0.134233192 -0.000654715 0.990949571 147.789367676
0.989885807 -0.066470750 0.125330761 7.144599915 0.065782584 0.997787535 0.009626070 -1.187232494 -0.125693291 -0.001284128 0.992068291 148.501754761
0.990854979 -0.066386491 0.117470883 7.227596283 0.065683499 0.997791827 0.009849994 -1.187298775 -0.117865406 -0.002044017 0.993027449 149.198181152
0.991734207 -0.066739701 0.109586157 7.302765846 0.066064060 0.997767329 0.009788794 -1.187602401 -0.109994769 -0.002468173 0.993929088 149.883743286
0.992505789 -0.068315171 0.101318523 7.375122547 0.067650832 0.997659147 0.009982619 -1.186900854 -0.101763293 -0.003053523 0.994803965 150.567260742
0.993238628 -0.068924062 0.093415678 7.443893909 0.068272032 0.997614980 0.010161719 -1.190354586 -0.093893260 -0.003715334 0.995575368 151.248855591
0.994089127 -0.066497624 0.085820258 7.497486115 0.066033840 0.997783363 0.008234868 -1.192979097 -0.086177617 -0.002519150 0.996276617 151.913787842
0.994731367 -0.066336289 0.078160763 7.548794270 0.066032574 0.997796535 0.006466749 -1.193342447 -0.078417525 -0.001271521 0.996919751 152.567962646
0.995142460 -0.068778433 0.070435107 7.600843906 0.068619750 0.997631848 0.004673055 -1.197376251 -0.070589714 0.000182884 0.997505426 153.212646484
0.995553434 -0.069174968 0.063938364 7.647291660 0.068990543 0.997604370 0.005090293 -1.201383352 -0.064137302 -0.000656517 0.997940898 153.847244263
0.995968282 -0.067518882 0.059063293 7.676688194 0.067325316 0.997717261 0.005263195 -1.207130671 -0.059283834 -0.001265520 0.998240411 154.455017090
0.996330678 -0.066082895 0.054389242 7.714314938 0.065903090 0.997813046 0.005094859 -1.215446949 -0.054606989 -0.001491745 0.998506784 155.058914185
0.996424496 -0.067406073 0.050937641 7.750242710 0.067291059 0.997725546 0.003971607 -1.223277807 -0.051089503 -0.000529759 0.998693883 155.637619019
0.996544838 -0.066890709 0.049234141 7.775433540 0.066793613 0.997760296 0.003616961 -1.232450366 -0.049365800 -0.000315936 0.998780668 156.197601318
0.996613145 -0.066576868 0.048266951 7.805592537 0.066555358 0.997780681 0.002054809 -1.241164207 -0.048296623 0.001164575 0.998832345 156.724899292
0.996732593 -0.064785443 0.048238009 7.830213070 0.064800717 0.997897446 0.001248956 -1.248820424 -0.048217494 0.001880981 0.998835027 157.264266968
0.996811092 -0.062436704 0.049691506 7.864895344 0.062479876 0.998046100 0.000685467 -1.247619510 -0.049637206 0.002421439 0.998764336 157.790512085
0.996653318 -0.061519220 0.053827621 7.887370586 0.061572351 0.998102486 0.000672357 -1.255609274 -0.053766839 0.002644186 0.998549938 158.287689209
0.996524751 -0.058779150 0.059020564 7.922400475 0.058863472 0.998265982 0.000310444 -1.261776447 -0.058936466 0.003164791 0.998256624 158.770980835
0.996104777 -0.057238277 0.067074284 7.951332092 0.057548258 0.998339057 -0.002696818 -1.272489667 -0.066808522 0.006546322 0.997744322 159.242294312
0.995601892 -0.053604059 0.076834463 7.993890285 0.054227285 0.998510301 -0.006046455 -1.281522751 -0.076395907 0.010186384 0.997025549 159.697204590
0.994681001 -0.049189303 0.090499468 8.038282394 0.050382450 0.998670042 -0.010945732 -1.284955382 -0.089840710 0.015447099 0.995836318 160.151107788
0.993123949 -0.045352545 0.107925594 8.091595650 0.047085587 0.998798788 -0.013562594 -1.294530153 -0.107180879 0.018551078 0.994066536 160.598114014
0.990949929 -0.041013394 0.127812877 8.162012100 0.043162223 0.998968780 -0.014087018 -1.291766047 -0.127103314 0.019476216 0.991698325 161.037261963
0.987535775 -0.041237969 0.151896253 8.240619659 0.043715946 0.998959303 -0.013008891 -1.295186162 -0.151201725 0.019487035 0.988310814 161.471908569
0.983014464 -0.045453358 0.177810222 8.355699539 0.047710944 0.998825490 -0.008439163 -1.316003561 -0.177217782 0.016779311 0.984028578 161.904647827
0.977181315 -0.050643485 0.206281170 8.474416733 0.053059734 0.998572111 -0.006194478 -1.323486567 -0.205672920 0.016998354 0.978473067 162.328948975
0.969896793 -0.051954500 0.237909302 8.590423584 0.054184359 0.998526931 -0.002838363 -1.331415176 -0.237411365 0.015643883 0.971283197 162.740478516
0.961220145 -0.047456730 0.271668464 8.722736359 0.049505509 0.998773634 -0.000688912 -1.334583044 -0.271302581 0.014111282 0.962390602 163.144256592
0.951214969 -0.036112394 0.306408167 8.862747192 0.037948318 0.999279678 -0.000034656 -1.346295953 -0.306186259 0.011660639 0.951900125 163.536880493
0.939238548 -0.027465355 0.342164546 9.010021210 0.029629191 0.999560297 -0.001097714 -1.342130065 -0.341984034 0.011169074 0.939639390 163.921356201
0.925766170 -0.025256678 0.377251923 9.189441681 0.028392609 0.999593019 -0.002752847 -1.347101212 -0.377028883 0.013259658 0.926106572 164.298812866
0.909691334 -0.034044366 0.413887262 9.409934998 0.038874783 0.999238789 -0.003251136 -1.353940010 -0.413461566 0.019047307 0.910322309 164.651336670
0.889791727 -0.040672395 0.454551131 9.640213013 0.048323017 0.998818219 -0.005220719 -1.356595039 -0.453801513 0.026610631 0.890705347 165.009155273
0.867007494 -0.039726306 0.496708959 9.879013062 0.047702536 0.998855948 -0.003377450 -1.347913027 -0.496006489 0.026622552 0.867910624 165.364700317
0.841545641 -0.033623330 0.539138556 10.135917664 0.038224563 0.999265552 0.002654109 -1.344537258 -0.538831890 0.018374780 0.842212856 165.739395142
0.813258588 -0.030690180 0.581092477 10.411071777 0.029144941 0.999503195 0.011999060 -1.335457921 -0.581172109 0.007177564 0.813749015 166.097015381
0.781926155 -0.029802967 0.622658253 10.717857361 0.023311611 0.999555826 0.018568406 -1.335172176 -0.622935057 -0.000003954 0.782273531 166.445709229
