1.000000000 0.000000000 0.000000000 0.000000000 0.000000000 1.000000000 0.000000000 0.000000000 0.000000000 0.000000000 1.000000000 0.000000000
0.999970853 -0.000503040 0.007620008 0.012617235 0.000505703 0.999999821 -0.000347446 -0.000018116 -0.007619832 0.000351289 0.999970913 0.594606638
0.999906957 -0.001452167 0.013561583 0.032649323 0.001460945 0.999998748 -0.000637382 0.000275445 -0.013560641 0.000657136 0.999907851 1.213744521
0.999834001 -0.002186916 0.018088154 0.044821013 0.002194284 0.999997497 -0.000387492 -0.005389193 -0.018087262 0.000427118 0.999836326 1.838620186
0.999780297 -0.003161544 0.020721976 0.064173728 0.003163924 0.999994993 -0.000082110 -0.005397643 -0.020721612 0.000147655 0.999785244 2.493837118
0.999747992 -0.002687943 0.022287061 0.105512440 0.002666252 0.999995947 0.001002903 -0.011339465 -0.022289669 -0.000943227 0.999751091 3.092328787
0.999712825 -0.002657742 0.023816781 0.123364225 0.002626006 0.999995589 0.001363695 -0.013352785 -0.023820298 -0.001300760 0.999715328 3.754826784
0.999684095 -0.001658225 0.025081543 0.141051695 0.001619429 0.999997318 0.001567052 -0.014286656 -0.025084080 -0.001525939 0.999684215 4.445554256
0.999652922 -0.002093551 0.026261237 0.157949239 0.002050038 0.999996424 0.001683725 -0.015447363 -0.026264668 -0.001629304 0.999653697 5.143836498
0.999634683 -0.003983709 0.026732275 0.184837282 0.003941618 0.999990880 0.001627038 -0.014359713 -0.026738508 -0.001521076 0.999641299 5.865994930
0.999632835 -0.005197797 0.026594300 0.209152222 0.005125384 0.999982953 0.002790282 -0.016302373 -0.026608348 -0.002652952 0.999642432 6.603547096
0.999620914 -0.006301736 0.026796788 0.231592074 0.006212690 0.999974787 0.003404954 -0.013921618 -0.026817573 -0.003237184 0.999635100 7.353900909
0.999660552 -0.005784647 0.025400558 0.255184829 0.005693062 0.999976993 0.003676443 -0.010404505 -0.025421245 -0.003530588 0.999670565 8.125172615
0.999693990 -0.005446455 0.024131130 0.271138608 0.005350508 0.999977469 0.004038829 -0.011945847 -0.024152588 -0.003908479 0.999700665 8.911548615
0.999723613 -0.004855784 0.022999914 0.294449270 0.004766297 0.999980867 0.003943982 -0.008779038 -0.023018626 -0.003833267 0.999727607 9.728969574
0.999750912 -0.003755430 0.021999633 0.310139954 0.003684209 0.999987841 0.003277016 -0.003994871 -0.022011677 -0.003195149 0.999752522 10.547180176
0.999786615 -0.000606706 0.020645587 0.330169380 0.000596588 0.999999702 0.000496234 -0.006469117 -0.020645885 -0.000483811 0.999786675 11.377947807
0.999790251 0.003760415 0.020133357 0.341180861 -0.003740634 0.999992609 -0.001020038 -0.005262165 -0.020137042 0.000944513 0.999796808 12.229525566
0.999809802 0.005390054 0.018744994 0.357256353 -0.005367234 0.999984801 -0.001267503 -0.006750225 -0.018751543 0.001166654 0.999823511 13.083347321
0.999810219 0.008038216 0.017747790 0.363145411 -0.008053693 0.999967277 0.000800751 -0.011150195 -0.017740773 -0.000943535 0.999842227 13.934739113
0.999799967 0.010730043 0.016878925 0.379272580 -0.010758677 0.999940813 0.001606484 -0.017868370 -0.016860690 -0.001787758 0.999856293 14.795931816
0.999802172 0.012459409 0.015502417 0.400454164 -0.012486877 0.999920607 0.001676290 -0.026177382 -0.015480301 -0.001869535 0.999878407 15.657103539
0.999794304 0.014922295 0.013728940 0.411715925 -0.014940438 0.999887586 0.001219981 -0.030904183 -0.013709192 -0.001424847 0.999904990 16.503591537
0.999820530 0.014338789 0.012384837 0.423460692 -0.014349885 0.999896705 0.000807619 -0.042164445 -0.012371978 -0.000985195 0.999922931 17.347705841
0.999825895 0.015219512 0.010794517 0.435081482 -0.015229295 0.999883652 0.000824580 -0.050317764 -0.010780710 -0.000988830 0.999941409 18.191457748
0.999858320 0.013518186 0.010034558 0.453232586 -0.013538889 0.999906301 0.001997918 -0.053596206 -0.010006613 -0.002133491 0.999947667 19.056556702
0.999921083 0.009635470 0.008066715 0.472028553 -0.009669049 0.999944687 0.004133815 -0.055494696 -0.008026441 -0.004211486 0.999958932 19.893766403
0.999935865 0.009334978 0.006419343 0.476833999 -0.009370602 0.999940693 0.005541596 -0.059902906 -0.006367233 -0.005601394 0.999964058 20.728899002
0.999964058 0.006896598 0.004933845 0.481162369 -0.006927230 0.999956727 0.006218543 -0.066540778 -0.004890746 -0.006252497 0.999968469 21.553672791
0.999985099 0.003525445 0.004170076 0.503189743 -0.003560014 0.999959111 0.008311635 -0.072724983 -0.004140604 -0.008326356 0.999956727 22.394186020
0.999992907 0.002028905 0.003179130 0.511959136 -0.002062041 0.999943256 0.010454444 -0.074191377 -0.003157739 -0.010460925 0.999940336 23.225687027
0.999995112 0.002073451 0.002353750 0.516148806 -0.002101962 0.999923706 0.012175780 -0.075337261 -0.002328324 -0.012180666 0.999923050 24.049217224
0.999999702 0.000244649 0.000827527 0.522675455 -0.000255205 0.999918282 0.012779884 -0.076330811 -0.000824333 -0.012780091 0.999917984 24.867078781
0.999992251 -0.003945129 -0.000253218 0.521482348 0.003948203 0.999899924 0.013581652 -0.074222445 0.000199610 -0.013582544 0.999907792 25.683525085
0.999957144 -0.009161069 -0.001345916 0.542228162 0.009181272 0.999832213 0.015863374 -0.073196560 0.001200364 -0.015875053 0.999873221 26.514600754
0.999911726 -0.012927786 -0.003060988 0.549994469 0.012976411 0.999780774 0.016438367 -0.066642791 0.002847804 -0.016476635 0.999860168 27.338205338
0.999860704 -0.015959878 -0.004903270 0.547610819 0.016033813 0.999752522 0.015430250 -0.060380161 0.004655791 -0.015506716 0.999868929 28.157213211
0.999754488 -0.020889333 -0.007385404 0.553252280 0.020986866 0.999690235 0.013384647 -0.063082606 0.007103520 -0.013536357 0.999883115 28.967544556
0.999708772 -0.022140929 -0.009600976 0.552948475 0.022252901 0.999683797 0.011716921 -0.056201994 0.009338518 -0.011927155 0.999885261 29.787210464
0.999693811 -0.021939350 -0.011444185 0.551858783 0.022067709 0.999693692 0.011213196 -0.055119216 0.011194668 -0.011462310 0.999871612 30.561792374
0.999693513 -0.020493373 -0.013892091 0.542158544 0.020652778 0.999721348 0.011429549 -0.054853439 0.013653991 -0.011712956 0.999838173 31.366489410
0.999672353 -0.019934854 -0.016056025 0.530413866 0.020125931 0.999727428 0.011828309 -0.058028281 0.015815854 -0.012147576 0.999801159 32.168418884
0.999657154 -0.019266479 -0.017733261 0.512318134 0.019474097 0.999742985 0.011610501 -0.057312101 0.017505012 -0.011951857 0.999775290 32.959251404
0.999647915 -0.018223394 -0.019286908 0.502858222 0.018433392 0.999772072 0.010767223 -0.058019221 0.019086296 -0.011118956 0.999755979 33.738067627
0.999617100 -0.017489474 -0.021442147 0.489206076 0.017677935 0.999806464 0.008631538 -0.058300287 0.021287037 -0.009007286 0.999732733 34.521247864
0.999599874 -0.016767547 -0.022783693 0.467111826 0.016896497 0.999842167 0.005479215 -0.062490046 0.022688221 -0.005861986 0.999725401 35.297309875
0.999596298 -0.015958503 -0.023504285 0.446952760 0.016024895 0.999868095 0.002639167 -0.068915851 0.023459066 -0.003014757 0.999720216 36.055553436
0.999570012 -0.016333614 -0.024349581 0.443720877 0.016349424 0.999866247 0.000450390 -0.069228396 0.024338972 -0.000848298 0.999703348 36.861293793
0.999559760 -0.017351184 -0.024065025 0.429524720 0.017330049 0.999849260 -0.001086626 -0.077405557 0.024080252 0.000669100 0.999709785 37.634674072
0.999564767 -0.017810522 -0.023518600 0.420329571 0.017777603 0.999840736 -0.001607955 -0.083657503 0.023543492 0.001189151 0.999722123 38.400474548
0.999584556 -0.018799812 -0.021846594 0.399647176 0.018765280 0.999822199 -0.001784667 -0.096294850 0.021876264 0.001373968 0.999759734 39.165550232
0.999604940 -0.018926373 -0.020778045 0.398529768 0.018895909 0.999820054 -0.001661609 -0.103695437 0.020805759 0.001268332 0.999782741 39.955329895
0.999614000 -0.019593876 -0.019695505 0.389424026 0.019576443 0.999807775 -0.001077542 -0.112446383 0.019712832 0.000691558 0.999805450 40.726196289
0.999653041 -0.019102234 -0.018131960 0.373971462 0.019099789 0.999817550 -0.000308223 -0.122746371 0.018134540 -0.000038200 0.999835551 41.490131378
0.999660969 -0.019517696 -0.017232757 0.371586859 0.019507764 0.999809384 -0.000744320 -0.126304269 0.017243998 0.000407896 0.999851227 42.271553040
0.999684870 -0.019296044 -0.016057998 0.363354683 0.019283805 0.999813616 -0.000916632 -0.131194562 0.016072692 0.000606684 0.999870658 43.046379089
0.999714136 -0.018926682 -0.014612359 0.351009905 0.018920368 0.999820828 -0.000570253 -0.137070656 0.014620532 0.000293618 0.999893069 43.825523376
0.999747455 -0.018205762 -0.013175068 0.345468521 0.018222759 0.999833226 0.001170699 -0.143327042 0.013151560 -0.001410489 0.999912560 44.603656769
0.999756098 -0.018488429 -0.012074130 0.341208637 0.018524339 0.999824286 0.002868842 -0.147574514 0.012018967 -0.003091808 0.999923050 45.388301849
0.999753773 -0.019306805 -0.010932544 0.338395894 0.019353252 0.999804020 0.004158565 -0.150951117 0.010850112 -0.004369122 0.999931693 46.170646667
0.999796450 -0.017978156 -0.009155994 0.343789935 0.018015392 0.999829710 0.004000595 -0.158075571 0.009082512 -0.004164730 0.999950111 46.949531555
0.999835610 -0.016443459 -0.007641821 0.337444276 0.016459825 0.999862313 0.002083543 -0.159794599 0.007606511 -0.002208984 0.999968648 47.744197845
0.999849677 -0.016196188 -0.006195783 0.339952141 0.016200559 0.999868572 0.000656081 -0.164293274 0.006184343 -0.000756358 0.999980628 48.536540985
0.999881625 -0.014732206 -0.004433988 0.334188908 0.014734019 0.999891341 0.000376520 -0.164708510 0.004427959 -0.000441806 0.999990165 49.339038849
0.999912620 -0.012991322 -0.002416929 0.338910997 0.012995355 0.999914169 0.001660744 -0.167935088 0.002395146 -0.001692008 0.999995708 50.137645721
0.999925911 -0.012132478 -0.000917877 0.345664352 0.012134713 0.999923348 0.002473183 -0.168696970 0.000887801 -0.002484137 0.999996483 50.944137573
0.999925613 -0.012167394 0.000839271 0.349655151 0.012164578 0.999920607 0.003282690 -0.176911041 -0.000879146 -0.003272237 0.999994278 51.761058807
0.999948740 -0.009735137 0.002781358 0.346839666 0.009726397 0.999947727 0.003138955 -0.181028754 -0.002811771 -0.003111741 0.999991298 52.588989258
0.999961257 -0.007245631 0.004996030 0.347519100 0.007227615 0.999967337 0.003613967 -0.182856873 -0.005022054 -0.003577717 0.999980927 53.413391113
0.999957502 -0.007093587 0.005895469 0.356839031 0.007065528 0.999963701 0.004766134 -0.182722718 -0.005929064 -0.004724277 0.999971211 54.242511749
0.999926269 -0.009745406 0.007251506 0.364610255 0.009698200 0.999931753 0.006516418 -0.185187101 -0.007314517 -0.006445610 0.999952495 55.085956573
0.999844134 -0.015515901 0.008424016 0.380869955 0.015472425 0.999866784 0.005201847 -0.187140733 -0.008503605 -0.005070697 0.999950945 55.931110382
0.999835074 -0.016419066 0.007766298 0.403030276 0.016426936 0.999864578 -0.000950342 -0.193625584 -0.007749646 0.001077762 0.999969423 56.769336700
0.999846399 -0.016061489 0.007025111 0.407347769 0.016131293 0.999819934 -0.009995795 -0.198875070 -0.006863299 0.010107583 0.999925375 57.610435486
0.999819934 -0.018040264 0.005882816 0.421216935 0.018133935 0.999703050 -0.016278585 -0.207732499 -0.005587400 0.016382331 0.999850273 58.456424713
0.999756038 -0.021456057 0.005252982 0.431029260 0.021527817 0.999670148 -0.014008339 -0.226198494 -0.004950687 0.014118006 0.999888062 59.314483643
0.999847472 -0.016757464 0.004918383 0.447063059 0.016784450 0.999843955 -0.005498366 -0.245407104 -0.004825477 0.005580081 0.999972820 60.173145294
0.999924660 -0.011290060 0.004811761 0.439243734 0.011274214 0.999930978 0.003306761 -0.253669918 -0.004848762 -0.003252265 0.999983013 61.023315430
0.999947667 -0.009306358 0.004259070 0.435595095 0.009267314 0.999915659 0.009096976 -0.259888351 -0.004343371 -0.009057029 0.999949574 61.861145020
0.999957561 -0.008622827 0.003230890 0.448596507 0.008585231 0.999897301 0.011475189 -0.261463642 -0.003329507 -0.011446964 0.999928951 62.702327728
0.999927759 -0.011687808 0.002812062 0.463136196 0.011658248 0.999878883 0.010307936 -0.269055843 -0.002932199 -0.010274407 0.999942899 63.582481384
0.999881387 -0.015320362 0.001604940 0.481602877 0.015310198 0.999863803 0.006162933 -0.262974650 -0.001699139 -0.006137630 0.999979734 64.437561035
0.999844611 -0.017627958 0.000381107 0.490635991 0.017626762 0.999840260 0.002940592 -0.269109845 -0.000432883 -0.002933417 0.999995589 65.288108826
0.999844670 -0.017607408 -0.000595259 0.483750373 0.017608464 0.999843299 0.001824559 -0.273955643 0.000563040 -0.001834757 0.999998152 66.110931396
0.999824822 -0.018583028 -0.002212661 0.487533063 0.018587792 0.999824941 0.002154481 -0.278517962 0.002172237 -0.002195232 0.999995232 66.958251953
0.999838769 -0.017687123 -0.003086652 0.476254880 0.017698618 0.999836385 0.003737646 -0.288931489 0.003020038 -0.003791672 0.999988258 67.794685364
0.999823630 -0.018251611 -0.004434487 0.480853945 0.018269159 0.999825358 0.003950882 -0.291062713 0.004361602 -0.004031200 0.999982357 68.634727478
0.999813616 -0.018501757 -0.005526884 0.479825348 0.018529078 0.999816120 0.004933522 -0.298922390 0.005434589 -0.005035011 0.999972522 69.468849182
0.999819815 -0.017805060 -0.006582030 0.478584707 0.017836684 0.999829471 0.004778231 -0.299128473 0.006495830 -0.004894771 0.999966919 70.308174133
0.999819756 -0.017490171 -0.007380616 0.473200619 0.017523756 0.999836206 0.004510304 -0.308440268 0.007300522 -0.004638828 0.999962509 71.143661499
0.999841332 -0.015894221 -0.008040921 0.470973313 0.015923645 0.999866664 0.003607852 -0.309510380 0.007982505 -0.003735320 0.999961138 71.986915588
0.999849737 -0.015105922 -0.008496639 0.463376641 0.015134502 0.999879956 0.003309116 -0.310362518 0.008445633 -0.003437211 0.999958396 72.826660156
0.999863088 -0.014102419 -0.008651110 0.454280853 0.014144644 0.999888241 0.004838933 -0.316912413 0.008581904 -0.004960638 0.999950826 73.674644470
0.999890506 -0.012127088 -0.008476037 0.455551445 0.012174889 0.999910057 0.005610894 -0.325220674 0.008407230 -0.005713474 0.999948382 74.519905090
0.999924958 -0.009617157 -0.007583127 0.444437981 0.009651728 0.999943137 0.004535637 -0.325875759 0.007539076 -0.004608487 0.999961019 75.376953125
0.999938428 -0.008854641 -0.006677523 0.434132099 0.008868235 0.999958634 0.002008919 -0.330277652 0.006659457 -0.002068013 0.999975801 76.224311829
0.999943078 -0.008536420 -0.006398013 0.445253998 0.008535141 0.999963582 -0.000227364 -0.335647225 0.006399720 0.000172743 0.999979496 77.091400146
0.999941349 -0.009172070 -0.005753910 0.442913443 0.009163818 0.999956965 -0.001458635 -0.339840800 0.005767041 0.001405821 0.999982357 77.957733154
0.999942124 -0.009364737 -0.005303571 0.441929132 0.009354702 0.999954462 -0.001913800 -0.345569611 0.005321251 0.001864076 0.999984086 78.844985962
0.999935925 -0.010329256 -0.004645588 0.435046703 0.010318324 0.999944031 -0.002370829 -0.351898521 0.004669817 0.002322742 0.999986351 79.723991394
0.999931455 -0.010621747 -0.004953476 0.441594422 0.010605072 0.999938011 -0.003380611 -0.361818910 0.004989077 0.003327847 0.999981999 80.614974976
0.999928594 -0.010930976 -0.004838448 0.437721133 0.010909054 0.999930143 -0.004534488 -0.370402098 0.004887676 0.004481381 0.999978006 81.507514954
0.999932230 -0.010468596 -0.005097871 0.436662525 0.010441511 0.999931395 -0.005310394 -0.379513174 0.005153114 0.005256805 0.999972880 82.408836365
0.999930382 -0.010325959 -0.005716991 0.438642770 0.010295555 0.999932826 -0.005322169 -0.387090325 0.005771563 0.005262938 0.999969482 83.313148499
0.999936223 -0.009791042 -0.005631558 0.424427211 0.009770132 0.999945283 -0.003728576 -0.400781631 0.005667757 0.003673318 0.999977112 84.227432251
0.999945402 -0.008562083 -0.005985631 0.427286804 0.008553989 0.999962449 -0.001376546 -0.410845160 0.005997193 0.001325270 0.999981105 85.152992249
0.999948859 -0.008175678 -0.005954993 0.419310808 0.008179109 0.999966443 0.000551982 -0.419245780 0.005950282 -0.000600659 0.999982119 86.082862854
0.999953389 -0.007216613 -0.006419763 0.418239534 0.007224167 0.999973238 0.001154403 -0.425339222 0.006411262 -0.001200726 0.999978721 87.018165588
0.999958217 -0.006526627 -0.006401710 0.413364053 0.006536151 0.999977589 0.001468075 -0.434047222 0.006391986 -0.001509856 0.999978423 87.964904785
0.999961019 -0.006123608 -0.006353256 0.418009996 0.006131794 0.999980390 0.001269811 -0.436834306 0.006345357 -0.001308718 0.999979019 88.891822815
0.999961913 -0.005707256 -0.006603608 0.415278196 0.005708162 0.999983728 0.000118428 -0.441495091 0.006602825 -0.000156117 0.999978185 89.839424133
0.999964416 -0.005958956 -0.005961054 0.405035794 0.005949605 0.999981105 -0.001585101 -0.451704413 0.005970386 0.001549579 0.999980986 90.788604736
0.999958456 -0.006919168 -0.005931584 0.407262206 0.006901892 0.999971807 -0.002928208 -0.455020785 0.005951678 0.002887148 0.999978125 91.759468079
0.999968410 -0.006117383 -0.005064532 0.401287884 0.006098119 0.999974132 -0.003810459 -0.462501287 0.005087710 0.003779454 0.999979913 92.736518860
0.999973834 -0.005127840 -0.005095253 0.400254875 0.005107840 0.999979138 -0.003930609 -0.471008897 0.005115302 0.003904480 0.999979317 93.715301514
0.999985337 -0.002839188 -0.004600087 0.397858769 0.002827229 0.999992549 -0.002604037 -0.479207754 0.004607446 0.002590993 0.999985993 94.711891174
0.999994576 0.000092925 -0.003273159 0.376598239 -0.000093282 0.999999940 -0.000108894 -0.492379248 0.003273150 0.000109199 0.999994576 95.695640564
0.999985039 0.004715163 -0.002821727 0.387363344 -0.004715414 0.999988914 -0.000082225 -0.502241850 0.002821308 0.000095529 0.999996006 96.692092896
0.999960423 0.008641662 -0.002147553 0.379989207 -0.008640856 0.999962628 0.000384685 -0.506398737 0.002150798 -0.000366113 0.999997675 97.694740295
0.999982595 0.005865375 -0.000784161 0.378760397 -0.005862921 0.999978065 0.003095855 -0.511483133 0.000802302 -0.003091203 0.999994934 98.701286316
0.999971509 0.007550798 -0.000168775 0.387747496 -0.007549333 0.999943852 0.007437844 -0.514380157 0.000224928 -0.007436357 0.999972284 99.731575012
0.999982893 0.005857892 -0.000236657 0.393720597 -0.005854791 0.999916971 0.011480719 -0.508349776 0.000303890 -0.011479135 0.999934018 100.754028320
0.999998331 0.001859169 0.000425594 0.393187344 -0.001865801 0.999867857 0.016149566 -0.503729224 -0.000395513 -0.016150333 0.999869525 101.774978638
0.999999464 0.000962146 0.000463761 0.408546120 -0.000970929 0.999812782 0.019325539 -0.501566768 -0.000445081 -0.019325977 0.999813259 102.781471252
0.999999821 -0.000617477 0.000301894 0.407698095 0.000611848 0.999832392 0.018304992 -0.491804838 -0.000313147 -0.018304804 0.999832451 103.799949646
0.999995828 -0.002888493 -0.000161762 0.413359582 0.002890831 0.999850392 0.017056584 -0.484866023 0.000112470 -0.017056983 0.999854505 104.821556091
0.999981344 -0.005960596 -0.001288509 0.439065278 0.005981288 0.999842584 0.016699260 -0.467134714 0.001188768 -0.016706659 0.999859691 105.886856079
0.999958515 -0.008825416 -0.002245478 0.440334052 0.008863944 0.999802828 0.017769461 -0.459007382 0.002088213 -0.017788628 0.999839544 106.929885864
0.999925375 -0.011858795 -0.002941739 0.441384614 0.011910412 0.999763489 0.018197596 -0.448991656 0.002725241 -0.018231276 0.999830008 107.964675903
0.999867380 -0.015754553 -0.004100837 0.460768759 0.015836021 0.999661207 0.020657239 -0.436986923 0.003774001 -0.020719441 0.999778211 109.006271362
0.999813139 -0.018636776 -0.005109833 0.464409530 0.018748451 0.999565244 0.022756102 -0.426834822 0.004683511 -0.022847649 0.999727964 110.054290771
0.999730051 -0.022566384 -0.005535172 0.466260314 0.022680881 0.999509931 0.021578321 -0.418002129 0.005045515 -0.021698033 0.999751806 111.095397949
0.999686360 -0.024294861 -0.006084037 0.473237693 0.024402341 0.999535561 0.018262619 -0.408155680 0.005637523 -0.018405357 0.999814749 112.114990234
0.999678433 -0.024774348 -0.005415010 0.472292066 0.024856988 0.999566734 0.015767761 -0.397723913 0.005022028 -0.015897291 0.999861002 113.152786255
0.999706507 -0.023883546 -0.004069152 0.465580523 0.023942079 0.999600828 0.015000897 -0.393425584 0.003709254 -0.015093917 0.999879181 114.175910950
0.999749482 -0.022258639 -0.002302131 0.474934995 0.022290295 0.999642134 0.014782919 -0.390559912 0.001972260 -0.014830532 0.999888062 115.216033936
0.999770939 -0.021383911 -0.000798082 0.476744115 0.021393295 0.999664247 0.014611701 -0.385734916 0.000485359 -0.014625429 0.999893010 116.251724243
0.999774516 -0.021224316 0.000629925 0.482159436 0.021210775 0.999634206 0.016772998 -0.378834963 -0.000985690 -0.016755855 0.999859154 117.279953003
0.999784231 -0.020676611 0.001972834 0.496829748 0.020633988 0.999594688 0.019613402 -0.375259399 -0.002377573 -0.019568458 0.999805748 118.295845032
0.999782801 -0.020541953 0.003500039 0.503806472 0.020467848 0.999589801 0.020034786 -0.368896961 -0.003910157 -0.019958796 0.999793231 119.323104858
0.999779046 -0.020458521 0.004813758 0.516626596 0.020372123 0.999641657 0.017360160 -0.361862421 -0.005167196 -0.017258259 0.999837697 120.328430176
0.999761343 -0.020998627 0.006027867 0.528340340 0.020908805 0.999674737 0.014595945 -0.353504896 -0.006332401 -0.014466424 0.999875247 121.342407227
0.999753833 -0.021078609 0.006925816 0.543671966 0.020988163 0.999696612 0.012882692 -0.350191951 -0.007195265 -0.012734162 0.999893010 122.354324341
0.999717236 -0.022728262 0.006989949 0.562862813 0.022633826 0.999655247 0.013304558 -0.346203089 -0.007289928 -0.013142588 0.999886990 123.369445801
0.999675572 -0.024581734 0.006680776 0.576771736 0.024482518 0.999594331 0.014547598 -0.341186285 -0.007035672 -0.014379316 0.999871850 124.389244080
0.999637604 -0.026058489 0.006747461 0.588189900 0.025951678 0.999543667 0.015461233 -0.344211221 -0.007147278 -0.015280520 0.999857605 125.375297546
0.999585390 -0.028107448 0.006249260 0.599442720 0.028014803 0.999503136 0.014448516 -0.338223338 -0.006652265 -0.014267454 0.999875963 126.381294250
0.999532223 -0.029958373 0.006142639 0.606675923 0.029875970 0.999467909 0.013094549 -0.335667133 -0.006531661 -0.012904908 0.999895334 127.377693176
0.999551237 -0.029426269 0.005603454 0.627683997 0.029349754 0.999480963 0.013280160 -0.333725810 -0.005991329 -0.013109740 0.999896109 128.353744507
0.999573171 -0.028801948 0.004907081 0.637137532 0.028729279 0.999485016 0.014286302 -0.327978015 -0.005316028 -0.014139225 0.999885857 129.351959229
0.999635041 -0.026557682 0.004975356 0.631340384 0.026470330 0.999507308 0.016870074 -0.326639652 -0.005420935 -0.016732212 0.999845266 130.339767456
0.999681294 -0.024850281 0.004448842 0.657686353 0.024762513 0.999516606 0.018800745 -0.319209814 -0.004913895 -0.018684587 0.999813318 131.320709229
0.999731004 -0.022858245 0.003938920 0.669978201 0.022776494 0.999546826 0.019680960 -0.307637691 -0.004387007 -0.019585947 0.999798536 132.313064575
0.999796391 -0.019767659 0.004066115 0.665514648 0.019684983 0.999616981 0.019455949 -0.305681467 -0.004449155 -0.019371942 0.999802470 133.302093506
0.999826968 -0.018135503 0.004135108 0.669547796 0.018055135 0.999661982 0.018708089 -0.300014496 -0.004472989 -0.018630188 0.999816477 134.260528564
0.999910057 -0.012927354 0.003574251 0.678358555 0.012864845 0.999773026 0.016990792 -0.296648264 -0.003793085 -0.016943280 0.999849200 135.229660034
0.999920487 -0.011961521 0.004009681 0.680748701 0.011905317 0.999834538 0.013759309 -0.291125774 -0.004173599 -0.013710477 0.999897242 136.192733765
0.999939144 -0.010479864 0.003447247 0.688368797 0.010441520 0.999885380 0.010959754 -0.288789630 -0.003561709 -0.010923089 0.999933958 137.157897949
0.999960244 -0.008144689 0.003624585 0.685077727 0.008097548 0.999884844 0.012835896 -0.290557623 -0.003728712 -0.012806034 0.999911070 138.109893799
0.999936044 -0.010932649 0.002902564 0.703008950 0.010879704 0.999784648 0.017669462 -0.280049562 -0.003095113 -0.017636752 0.999839604 139.077438354
0.999920368 -0.012429019 0.002216449 0.711800039 0.012380368 0.999707818 0.020755973 -0.277736187 -0.002473777 -0.020726874 0.999782085 140.032043457
0.999891877 -0.014552173 0.002144207 0.716508508 0.014507930 0.999706984 0.019376572 -0.270875454 -0.002425550 -0.019343369 0.999809921 140.974517822
0.999839962 -0.017826444 0.001576556 0.735629559 0.017795257 0.999680161 0.017969903 -0.267553329 -0.001896391 -0.017938973 0.999837279 141.880920410
0.999828637 -0.018476825 0.001166119 0.738793314 0.018453248 0.999672413 0.017738011 -0.263137817 -0.001493479 -0.017713454 0.999841988 142.792022705
0.999807656 -0.019587360 0.001054723 0.743302822 0.019565970 0.999656022 0.017463980 -0.262290478 -0.001396434 -0.017439982 0.999846935 143.698898315
0.999786019 -0.020682039 0.000338753 0.756577253 0.020673770 0.999653339 0.016304690 -0.257940292 -0.000675850 -0.016294198 0.999867022 144.606246948
0.999796808 -0.020156596 0.000140457 0.759911716 0.020151839 0.999671340 0.015852757 -0.249805450 -0.000459948 -0.015846707 0.999874294 145.494338989
0.999811471 -0.019418577 0.000025924 0.759118140 0.019415077 0.999654889 0.017699840 -0.246864796 -0.000369621 -0.017695999 0.999843359 146.371322632
0.999792874 -0.020349352 0.000041088 0.772682071 0.020344293 0.999585211 0.020380277 -0.242239952 -0.000455797 -0.020375216 0.999792337 147.244750977
0.999784052 -0.020778824 -0.000198476 0.778955340 0.020778209 0.999545932 0.021817198 -0.237136602 -0.000254950 -0.021816611 0.999761999 148.095993042
0.999759138 -0.021943966 0.000078072 0.781293094 0.021936016 0.999480844 0.023593787 -0.234409094 -0.000595773 -0.023586396 0.999721587 148.934921265
0.999768615 -0.021506634 -0.000223279 0.787221909 0.021505773 0.999478638 0.024083493 -0.224112511 -0.000294793 -0.024082728 0.999709904 149.751983643
0.999766886 -0.021587385 -0.000328048 0.786692679 0.021589143 0.999492228 0.023433225 -0.221354485 -0.000177981 -0.023434848 0.999725342 150.547286987
0.999703825 -0.024332199 -0.000736409 0.796780944 0.024342371 0.999476850 0.021298040 -0.217286825 0.000217795 -0.021309650 0.999772906 151.330886841
0.999720871 -0.023531530 -0.002145967 0.800224662 0.023569521 0.999525368 0.019840561 -0.210028887 0.001678069 -0.019885600 0.999800801 152.090408325
0.999677956 -0.025206823 -0.002964776 0.798007846 0.025257010 0.999513149 0.018323116 -0.207381010 0.002501465 -0.018392092 0.999827743 152.829330444
0.999733806 -0.022525208 -0.004976477 0.799730539 0.022608217 0.999594569 0.017306771 -0.207569599 0.004584621 -0.017414676 0.999837816 153.534454346
0.999755085 -0.021004681 -0.006953972 0.792544723 0.021101365 0.999677420 0.014135065 -0.210310221 0.006654827 -0.014278339 0.999875903 154.221008301
0.999765038 -0.019866154 -0.008663028 0.785764694 0.019959250 0.999742448 0.010795631 -0.210538268 0.008446330 -0.010965999 0.999904215 154.888610840
0.999709964 -0.021762073 -0.010306181 0.791396737 0.021838341 0.999734402 0.007346353 -0.215310216 0.010143572 -0.007569292 0.999919951 155.517318726
0.999741971 -0.019440690 -0.011748115 0.783514977 0.019511005 0.999792159 0.005900471 -0.219307244 0.011630964 -0.006128166 0.999913633 156.133865356
0.999780416 -0.017054379 -0.012177476 0.771942139 0.017113034 0.999842346 0.004728888 -0.225823700 0.012094907 -0.004936243 0.999914706 156.735794067
0.999785781 -0.016044365 -0.013075873 0.766911745 0.016126921 0.999850452 0.006232881 -0.231289804 0.012973917 -0.006442420 0.999895036 157.313003540
0.999753773 -0.017972924 -0.013012500 0.766323805 0.018085906 0.999799371 0.008617833 -0.233102679 0.012855000 -0.008851055 0.999878109 157.885848999
0.999765158 -0.018762589 -0.010844495 0.766807318 0.018851005 0.999789417 0.008109245 -0.239621162 0.010690060 -0.008311770 0.999908268 158.440231323
0.999804616 -0.018665405 -0.006501867 0.767481804 0.018713366 0.999797523 0.007395823 -0.250148892 0.006362505 -0.007516050 0.999951541 158.960952759
0.999843836 -0.017594459 -0.001626441 0.770171165 0.017603338 0.999829292 0.005616937 -0.255906045 0.001527336 -0.005644691 0.999982953 159.479888916
0.999847054 -0.016742324 0.005061941 0.775842547 0.016731514 0.999857664 0.002169921 -0.256748974 -0.005097552 -0.002084895 0.999984860 159.975112915
0.999794781 -0.015335608 0.013240756 0.790804148 0.015358441 0.999880672 -0.001624517 -0.260988057 -0.013214266 0.001827543 0.999911070 160.446624756
0.999640644 -0.014702719 0.022411702 0.814363241 0.014778972 0.999885559 -0.003240596 -0.267645955 -0.022361493 0.003570653 0.999743521 160.908615112
0.999367833 -0.014872028 0.032289628 0.836645126 0.014959564 0.999885023 -0.002471060 -0.276499063 -0.032249164 0.002952537 0.999475420 161.349105835
0.998947561 -0.014369990 0.043556172 0.856551170 0.014448549 0.999894619 -0.001489394 -0.280762166 -0.043530181 0.002117150 0.999049902 161.766723633
0.998348117 -0.013860795 0.055757601 0.893288612 0.014028483 0.999898255 -0.002617218 -0.290357530 -0.055715643 0.003395089 0.998440921 162.177444458
0.997556686 -0.012106628 0.068805948 0.917629242 0.012425863 0.999913931 -0.004213515 -0.294916987 -0.068749018 0.005058193 0.997621179 162.563766479
0.996547878 -0.010935273 0.082297020 0.975739479 0.011339521 0.999925852 -0.004446257 -0.303864717 -0.082242295 0.005364117 0.996597946 162.931076050
0.995194733 -0.009686791 0.097435489 1.023862839 0.010038495 0.999944746 -0.003120015 -0.308888316 -0.097399883 0.004083128 0.995236993 163.305282593
0.993528724 -0.009874097 0.113151416 1.079124451 0.010147225 0.999946833 -0.001838135 -0.316626906 -0.113127261 0.002974413 0.993576050 163.659240723
0.991507530 -0.009348954 0.129713312 1.127006531 0.009743138 0.999949753 -0.002404634 -0.322979540 -0.129684299 0.003648029 0.991548598 163.990859985
0.989122093 -0.009092090 0.146816075 1.192985535 0.009845803 0.999941885 -0.004407833 -0.328370750 -0.146767437 0.005805408 0.989153981 164.311645508
0.986243248 -0.008146418 0.165099695 1.260118484 0.009281266 0.999938369 -0.006103407 -0.333564103 -0.165039793 0.007551778 0.986258090 164.647033691
0.982806027 -0.007458532 0.184491068 1.340618134 0.008728062 0.999943495 -0.006070091 -0.342380643 -0.184435427 0.007575969 0.982815385 164.951354980
0.978620470 -0.005616897 0.205598325 1.421691895 0.006758258 0.999965429 -0.004849573 -0.347521991 -0.205564007 0.006135375 0.978624463 165.268707275
0.973635793 -0.005581592 0.228040174 1.509445190 0.006472186 0.999974072 -0.003157788 -0.350043774 -0.228016660 0.004550453 0.973646522 165.574691772
0.967723072 -0.006975337 0.251919746 1.611320496 0.007648924 0.999969304 -0.001694647 -0.353330970 -0.251900196 0.003566863 0.967746615 165.871459961
0.960918128 -0.005315178 0.276781917 1.712421417 0.006115850 0.999979258 -0.002029624 -0.359238178 -0.276765406 0.003643060 0.960930526 166.177154541
0.953249693 -0.003399214 0.302164614 1.825412750 0.004464967 0.999985993 -0.002836404 -0.368153095 -0.302150756 0.004052957 0.953251481 166.459381104
0.944350600 0.000376878 0.328940451 1.938556671 0.000903163 0.999992609 -0.003738597 -0.370047748 -0.328939438 0.003827633 0.944343150 166.742202759
0.934067786 0.002163253 0.357089221 2.067871094 -0.000297190 0.999986053 -0.005280548 -0.377238274 -0.357095599 0.004826267 0.934055388 167.025863647
0.922316372 0.002203602 0.386429220 2.213920593 0.000182423 0.999981225 -0.006137768 -0.380063772 -0.386435479 0.005731458 0.922298670 167.312393188
0.909417272 0.000230043 0.415884972 2.376750946 0.003196310 0.999966502 -0.007542504 -0.381461442 -0.415872753 0.008188580 0.909386039 167.592895508
0.895079195 -0.001540540 0.445904493 2.554977417 0.006395029 0.999935627 -0.009382316 -0.385574937 -0.445861280 0.011249488 0.895031333 167.867553711
0.878828943 -0.000987450 0.477135837 2.728477478 0.006968343 0.999917805 -0.010765516 -0.389178991 -0.477086008 0.012785894 0.878763616 168.152923584
0.861789346 0.000354243 0.507266164 2.930549622 0.006951835 0.999897540 -0.012508666 -0.392365217 -0.507218659 0.014306265 0.861698687 168.439498901
0.843028963 0.001774094 0.537865102 3.148231506 0.006730014 0.999881446 -0.013846369 -0.397360444 -0.537826002 0.015292731 0.842917144 168.725036621
0.822684526 0.002864884 0.568490863 3.378555298 0.005968058 0.999888659 -0.013675495 -0.405152321 -0.568466783 0.014643406 0.822575867 169.017379761
0.801416218 0.003987418 0.598093688 3.618141174 0.004760732 0.999903619 -0.013045383 -0.414573908 -0.598088086 0.013302146 0.801319957 169.299880981
0.779198468 0.004472932 0.626761258 3.873092651 0.004802607 0.999902546 -0.013106551 -0.426735163 -0.626758993 0.013222694 0.779100955 169.579010010
0.755801797 0.003517754 0.654790878 4.152046204 0.007196310 0.999880552 -0.013678133 -0.435395956 -0.654760897 0.015050038 0.755686224 169.848236084
0.730918527 0.003306068 0.682456553 4.450050354 0.009926174 0.999830961 -0.015474586 -0.433168173 -0.682392418 0.018084846 0.730762243 170.128540039
0.704783857 0.003993690 0.709410787 4.760162354 0.011925180 0.999776125 -0.017475730 -0.435716987 -0.709321737 0.020776466 0.704578459 170.414093018
0.679025233 0.002656134 0.734110177 5.102897644 0.014624868 0.999746025 -0.017144721 -0.447758675 -0.733969212 0.022377960 0.678813934 170.660705566
0.651457310 0.001708238 0.758683443 5.450263977 0.014760300 0.999779642 -0.014925287 -0.457805395 -0.758541644 0.020921580 0.651288569 170.926818848
0.622889400 0.001127141 0.782309175 5.819816589 0.013623828 0.999831676 -0.012288097 -0.462302446 -0.782191217 0.018312171 0.622769177 171.191101074
0.593605816 0.000903434 0.804755509 6.209167480 0.012402924 0.999870300 -0.010271152 -0.468645573 -0.804660380 0.016078334 0.593517601 171.456451416
0.564211547 -0.000449810 0.825630128 6.628913879 0.012498140 0.999889791 -0.007996120 -0.471678197 -0.825535595 0.014830343 0.564155161 171.710968018
0.535328209 -0.001329581 0.844643116 7.079086304 0.012806850 0.999896586 -0.006542914 -0.478055954 -0.844547033 0.014319826 0.535289884 171.949874878
0.505421996 -0.000737326 0.862872064 7.526985168 0.011905226 0.999910355 -0.006118988 -0.485182166 -0.862790227 0.013365357 0.505385578 172.185882568
0.475264609 0.004806000 0.879829884 7.990676880 0.005985760 0.999944270 -0.008695491 -0.482818186 -0.879822671 0.009399108 0.475209385 172.425872803
0.446008265 0.008166511 0.894991577 8.483642578 0.002317624 0.999944568 -0.010279130 -0.487596989 -0.895025909 0.006658832 0.445964575 172.660003662
0.417233378 0.008879563 0.908756018 8.995780945 0.001711761 0.999942839 -0.010556472 -0.488406301 -0.908797741 0.005960085 0.417194337 172.871765137
0.387457311 0.008086333 0.921852112 9.550880432 -0.000381581 0.999962926 -0.008611126 -0.497900426 -0.921887517 0.002984682 0.387445986 173.071746826
0.357530206 0.008386017 0.933863819 10.108776093 -0.003790427 0.999964476 -0.007528426 -0.500505567 -0.933893859 -0.000848104 0.357549280 173.274887085
0.328490376 0.009121590 0.944463253 10.677993774 -0.010493719 0.999926865 -0.006007474 -0.501877666 -0.944449008 -0.007937536 0.328562111 173.463821411
0.299073458 0.007242313 0.954202533 11.269210815 -0.013863480 0.999898612 -0.003243944 -0.513161659 -0.954129398 -0.012258391 0.299143583 173.640670776
0.270805597 0.007387083 0.962605715 11.889499664 -0.017246217 0.999847293 -0.002821073 -0.520003855 -0.962479591 -0.015837342 0.270891666 173.788192749
0.242456809 0.008047237 0.970128834 12.522026062 -0.020319832 0.999788463 -0.003214884 -0.522213459 -0.969949365 -0.018933384 0.242569029 173.936370850
0.215358555 0.010627603 0.976477265 13.163490295 -0.022088369 0.999737978 -0.006009254 -0.531137466 -0.976285279 -0.020274647 0.215536892 174.067565918
0.191005230 0.014209915 0.981486142 13.826217651 -0.022106158 0.999704003 -0.010171631 -0.537506282 -0.981340110 -0.019754052 0.191262782 174.188171387
0.170469090 0.016667370 0.985222042 14.511137009 -0.021103241 0.999689341 -0.013260708 -0.546344459 -0.985136986 -0.018530836 0.170767874 174.274597168
0.152310446 0.016841907 0.988189161 15.197587967 -0.019061033 0.999718845 -0.014100519 -0.554234207 -0.988148808 -0.016688254 0.152588651 174.364654541
0.136448815 0.015141829 0.990531445 15.909353256 -0.017808259 0.999759018 -0.012829748 -0.565194249 -0.990487039 -0.015889034 0.136685610 174.454284668
0.122315437 0.011363346 0.992426217 16.635332108 -0.016731683 0.999815941 -0.009385800 -0.580769539 -0.992350221 -0.015456937 0.122483060 174.531219482
0.107940368 0.007113165 0.994131982 17.371875763 -0.013232859 0.999896049 -0.005717617 -0.587778509 -0.994069278 -0.012538048 0.108023278 174.594238281
0.095715076 0.004154631 0.995400250 18.119436264 -0.013378765 0.999906301 -0.002886973 -0.592078388 -0.995318830 -0.013040898 0.095761701 174.661392212
0.084609121 0.004678180 0.996403337 18.875057220 -0.015380939 0.999875963 -0.003388420 -0.600898087 -0.996295452 -0.015038926 0.084670559 174.718734741
0.074444488 0.008950520 0.997184992 19.660564423 -0.017515192 0.999817193 -0.007666556 -0.610281765 -0.997071266 -0.016895153 0.074587658 174.767150879
0.064563021 0.012437545 0.997836053 20.441806793 -0.017892970 0.999776006 -0.011303995 -0.617999911 -0.997753143 -0.017124431 0.064771108 174.813598633
0.053573415 0.014328510 0.998461068 21.251733780 -0.018905092 0.999732435 -0.013332381 -0.626188576 -0.998384893 -0.018161735 0.053829972 174.850311279
0.042108178 0.012409998 0.999035954 22.067110062 -0.022060355 0.999690652 -0.011488311 -0.638983250 -0.998869419 -0.021555334 0.042368919 174.883010864
0.029314803 0.011362644 0.999505579 22.890623093 -0.023045463 0.999677241 -0.010688689 -0.657461643 -0.999304533 -0.022720741 0.029567201 174.899185181
0.016525913 0.010829967 0.999804735 23.724243164 -0.023541236 0.999668300 -0.010439374 -0.674164057 -0.999586284 -0.023364119 0.016775377 174.910186768
0.003732466 0.010215518 0.999940753 24.578435898 -0.020514699 0.999738157 -0.010136872 -0.685630918 -0.999782622 -0.020475652 0.003941056 174.897933960
-0.008761281 0.007038506 0.999936759 25.433351517 -0.019083897 0.999791861 -0.007204696 -0.693737388 -0.999779522 -0.019145813 -0.008625139 174.885894775
-0.020619499 0.002970759 0.999782860 26.276821136 -0.017193770 0.999846637 -0.003325552 -0.705250919 -0.999639571 -0.017258611 -0.020565262 174.858535767
-0.031021949 0.001334601 0.999517858 27.156179428 -0.015510646 0.999878109 -0.001816485 -0.714135110 -0.999398351 -0.015559521 -0.030997474 174.814331055
-0.040690854 0.002400891 0.999168932 28.016716003 -0.013760578 0.999900937 -0.002963045 -0.721508980 -0.999076962 -0.013869711 -0.040653788 174.776428223
-0.049050290 0.005953787 0.998778522 28.882339478 -0.009953762 0.999929667 -0.006449481 -0.740768433 -0.998746812 -0.010257953 -0.048987575 174.717330933
-0.055362973 0.010091796 0.998415291 29.741924286 -0.006083636 0.999926925 -0.010444418 -0.751127362 -0.998447776 -0.006652230 -0.055297539 174.662261963
-0.060406841 0.012408433 0.998096704 30.622051239 -0.001532128 0.999920368 -0.012523834 -0.757016778 -0.998172641 -0.002285738 -0.060383022 174.587310791
-0.063900284 0.010009265 0.997906029 31.502557755 -0.000195774 0.999949515 -0.010042295 -0.775297344 -0.997956216 -0.000837070 -0.063895106 174.521667480
-0.066946745 0.006668035 0.997734189 32.401103973 0.002440746 0.999975801 -0.006519243 -0.788507104 -0.997753561 0.001998774 -0.066961393 174.447723389
-0.069745131 0.004705792 0.997553825 33.298171997 0.003793854 0.999982893 -0.004451999 -0.806569815 -0.997557640 0.003474069 -0.069761805 174.372238159
-0.072558992 0.004916377 0.997352004 34.192203522 0.004693194 0.999978483 -0.004587887 -0.818045497 -0.997353017 0.004347875 -0.072580501 174.306945801
-0.073130697 0.005814895 0.997305393 35.103069305 0.006169294 0.999966562 -0.005378027 -0.824178398 -0.997303307 0.005759371 -0.073164120 174.234024048
-0.072824202 0.005375457 0.997330368 35.985336304 0.009019259 0.999948144 -0.004730989 -0.840238392 -0.997304082 0.008650649 -0.072868899 174.142990112
-0.071811125 0.004993631 0.997405827 36.890853882 0.011357364 0.999926805 -0.004188545 -0.857470155 -0.997353613 0.011027116 -0.071862571 174.067520142
-0.069747604 0.005013689 0.997552097 37.807624817 0.013947973 0.999894559 -0.004050237 -0.872514784 -0.997467279 0.013631331 -0.069810182 173.990127563
