1.000000000 0.000000000 0.000000000 0.000000000 0.000000000 1.000000000 0.000000000 0.000000000 0.000000000 0.000000000 1.000000000 0.000000000
0.999993324 -0.000398793 -0.003626830 0.004696429 0.000403023 0.999999225 0.001165615 -0.017339794 0.003626363 -0.001167069 0.999992728 1.895683289
0.999979615 -0.000502124 -0.006367560 0.000637939 0.000507607 0.999999464 0.000859472 -0.035989057 0.006367126 -0.000862686 0.999979317 3.790589809
0.999961913 0.000376970 -0.008722725 -0.007686261 -0.000373878 0.999999821 0.000356042 -0.056210056 0.008722861 -0.000352767 0.999961853 5.678910732
0.999935806 0.002376605 -0.011074374 -0.020841800 -0.002378366 0.999997139 -0.000145836 -0.075284109 0.011073997 0.000172166 0.999938726 7.574035645
0.999906123 0.004736978 -0.012859406 -0.038481586 -0.004726710 0.999988616 0.000828819 -0.086577229 0.012863183 -0.000767959 0.999916911 9.451712608
0.999865711 0.006617500 -0.014996605 -0.054663859 -0.006617483 0.999978065 0.000050725 -0.102740809 0.014996613 0.000048521 0.999887526 11.354103088
0.999829352 0.006822042 -0.017169137 -0.074688032 -0.006842830 0.999975920 -0.001152348 -0.120645240 0.017160865 0.001269636 0.999851942 13.218991280
0.999799609 0.006108555 -0.019062204 -0.109627068 -0.006129814 0.999980628 -0.001056902 -0.141939610 0.019055376 0.001173537 0.999817729 15.103660583
0.999760509 0.003848991 -0.021536730 -0.142671615 -0.003854157 0.999992609 -0.000198361 -0.167117342 0.021535803 0.000281320 0.999768078 16.995443344
0.999703109 0.001950574 -0.024285175 -0.175143123 -0.001960522 0.999998033 -0.000385873 -0.181892335 0.024284376 0.000433370 0.999705017 18.862628937
0.999620616 0.000016243 -0.027539985 -0.213946581 -0.000028102 0.999999881 -0.000430217 -0.202020541 0.027539970 0.000430827 0.999620736 20.742395401
0.999523580 0.000080564 -0.030863658 -0.258637339 -0.000065668 0.999999821 0.000483667 -0.218122557 0.030863691 -0.000481410 0.999523401 22.616222382
0.999418676 0.001538243 -0.034057856 -0.314892709 -0.001511851 0.999998450 0.000800679 -0.232679129 0.034059040 -0.000748723 0.999419510 24.509975433
0.999333918 0.002604997 -0.036398496 -0.381820798 -0.002627409 0.999996483 -0.000567931 -0.249061167 0.036396887 0.000663186 0.999337137 26.363965988
0.999221146 0.003478837 -0.039304972 -0.449554443 -0.003607462 0.999988377 -0.003202051 -0.264151096 0.039293375 0.003341348 0.999222100 28.248701096
0.999098241 0.004338542 -0.042239521 -0.523299813 -0.004595831 0.999971449 -0.005995972 -0.285603076 0.042212300 0.006184690 0.999089539 30.134492874
0.998959243 0.005300851 -0.045300908 -0.594344378 -0.005540570 0.999971271 -0.005167770 -0.313777924 0.045272205 0.005413384 0.998960018 32.019874573
0.998838842 0.007229598 -0.047629103 -0.687935174 -0.007291912 0.999972701 -0.001134704 -0.335823894 0.047619607 0.001480694 0.998864412 33.905418396
0.998733222 0.006623463 -0.049880151 -0.772385120 -0.006458846 0.999973178 0.003460720 -0.357137352 0.049901735 -0.003134168 0.998749197 35.799003601
0.998618782 0.006205807 -0.052171163 -0.873047113 -0.005901176 0.999964714 0.005991078 -0.359431565 0.052206494 -0.005674932 0.998620212 37.675960541
0.998494744 0.006409667 -0.054474339 -1.016818404 -0.006117215 0.999965906 0.005533674 -0.355433702 0.054507948 -0.005192112 0.998499751 39.593162537
0.998323858 0.007067353 -0.057440415 -1.110216022 -0.007060443 0.999975026 0.000323231 -0.357140183 0.057441261 0.000082866 0.998348892 41.492557526
0.998130798 0.006427846 -0.060775205 -1.218508601 -0.006779046 0.999961495 -0.005574263 -0.379372478 0.060737032 0.005975841 0.998135924 43.401584625
0.997883856 0.004605485 -0.064856939 -1.330532670 -0.005231219 0.999941289 -0.009481402 -0.403474241 0.064809442 0.009800621 0.997849524 45.306190491
0.997649252 -0.000569523 -0.068524659 -1.454651713 -0.000138865 0.999946535 -0.010332501 -0.445271045 0.068526886 0.010317729 0.997595906 47.202392578
0.997309089 -0.006573330 -0.073016599 -1.572219849 0.005993703 0.999948800 -0.008154577 -0.481476009 0.073066436 0.007694993 0.997297525 49.092563629
0.996982932 -0.009790710 -0.077003025 -1.708590269 0.009372505 0.999939322 -0.005790561 -0.505406141 0.077055052 0.005051378 0.997014046 50.994113922
0.996677458 -0.010949464 -0.080710575 -1.840318203 0.010444713 0.999923110 -0.006673401 -0.527989149 0.080777429 0.005808230 0.996715248 52.910362244
0.996485472 -0.007176244 -0.083458066 -2.000761271 0.006673743 0.999957919 -0.006298428 -0.544319749 0.083499737 0.005719314 0.996491373 54.805236816
0.996300161 -0.004325189 -0.085832648 -2.160268307 0.004067894 0.999986708 -0.003172308 -0.570968568 0.085845225 0.002811413 0.996304512 56.728271484
0.996114850 -0.002423651 -0.088030286 -2.322836637 0.002301804 0.999996245 -0.001485640 -0.589319229 0.088033557 0.001277240 0.996116698 58.643428802
0.995986283 0.000969013 -0.089500979 -2.510111094 -0.001094284 0.999998510 -0.001350608 -0.609349430 0.089499526 0.001443127 0.995985746 60.532600403
0.995804012 0.003689295 -0.091437407 -2.680700541 -0.004025249 0.999985814 -0.003490007 -0.624683499 0.091423213 0.003843421 0.995804727 62.438152313
0.995601237 0.006426731 -0.093472756 -2.860869169 -0.006951135 0.999961793 -0.005285730 -0.649071813 0.093435213 0.005912221 0.995607793 64.340248108
0.995409071 0.007403017 -0.095425129 -3.044506311 -0.007898390 0.999957144 -0.004814550 -0.670370162 0.095385402 0.005546150 0.995424986 66.233665466
0.995225310 0.005846668 -0.097430415 -3.225696802 -0.006136143 0.999977589 -0.002671694 -0.693821013 0.097412631 0.003256784 0.995238781 68.129829407
0.994989872 0.002621642 -0.099941388 -3.405050039 -0.002760396 0.999995410 -0.001250082 -0.712080717 0.099937655 0.001519697 0.994992554 70.040336609
0.994758666 0.000023563 -0.102249831 -3.594812155 -0.000146477 0.999999285 -0.001194588 -0.733546615 0.102249712 0.001203304 0.994757950 71.935684204
0.994507611 -0.001672589 -0.104651056 -3.780968666 0.001416167 0.999995828 -0.002524514 -0.753692687 0.104654841 0.002362445 0.994505823 73.841049194
0.994308531 -0.000798526 -0.106536210 -3.988058090 0.000364419 0.999991536 -0.004094136 -0.775626421 0.106538586 0.004032011 0.994300306 75.781517029
0.994137108 0.000415843 -0.108126119 -4.198635101 -0.000954981 0.999987364 -0.004934466 -0.794837236 0.108122684 0.005008793 0.994124949 77.681190491
0.993996203 0.001842221 -0.109398983 -4.418049335 -0.002477102 0.999980867 -0.005667736 -0.817320824 0.109386452 0.005904701 0.993981779 79.605644226
0.993747830 0.001222478 -0.111642510 -4.623867989 -0.001978013 0.999975801 -0.006656937 -0.845230699 0.111631699 0.006836144 0.993726134 81.540992737
0.993463278 0.001180083 -0.114145383 -4.831146240 -0.002216173 0.999957502 -0.008950462 -0.870614946 0.114129946 0.009144921 0.993423879 83.442123413
0.993296921 0.001407106 -0.115583479 -5.054913044 -0.002497485 0.999953747 -0.009289409 -0.902144134 0.115565069 0.009515809 0.993254244 85.347427368
0.993046463 0.002397497 -0.117698856 -5.277347565 -0.003313450 0.999965727 -0.007587117 -0.929289401 0.117676616 0.007924349 0.993020356 87.277359009
0.992813468 0.002859390 -0.119637251 -5.501326084 -0.003577284 0.999976873 -0.005786253 -0.953617990 0.119617917 0.006172645 0.992800951 89.176879883
0.992575228 0.004158691 -0.121561311 -5.740465164 -0.004777015 0.999977112 -0.004795529 -0.974755585 0.121538587 0.005340623 0.992572486 91.107688904
0.992231250 0.003648086 -0.124354802 -5.965941906 -0.004312913 0.999977827 -0.005077418 -1.002249122 0.124333546 0.005574304 0.992224753 93.042098999
0.991927743 0.002600521 -0.126777083 -6.209668636 -0.003291241 0.999980867 -0.005239128 -1.027447939 0.126761034 0.005614092 0.991917312 94.989486694
0.991514683 0.001199822 -0.129988566 -6.451612949 -0.001849312 0.999986410 -0.004875929 -1.052484989 0.129980952 0.005074945 0.991503417 96.926193237
0.991187572 -0.000138092 -0.132466823 -6.705249786 -0.000470832 0.999989390 -0.004565468 -1.076489925 0.132466093 0.004587604 0.991176844 98.855651855
0.990845919 -0.001530555 -0.134988546 -6.965886593 0.001080894 0.999993622 -0.003404327 -1.098378062 0.134992883 0.003227256 0.990841329 100.790634155
0.990354717 -0.003363426 -0.138515413 -7.224104404 0.003083892 0.999992669 -0.002232641 -1.121264935 0.138521895 0.001783940 0.990357757 102.726219177
0.989869535 -0.004924810 -0.141894400 -7.491975784 0.004555399 0.999985278 -0.002928148 -1.148631811 0.141906708 0.002252099 0.989877462 104.674407959
0.989378273 -0.003979110 -0.145308971 -7.765707493 0.003261937 0.999981225 -0.005173427 -1.168387413 0.145326853 0.004644487 0.989372730 106.609375000
0.988850951 -0.001881616 -0.148896858 -8.031237602 0.000881528 0.999976575 -0.006782360 -1.205739021 0.148906171 0.006575486 0.988829494 108.570747375
0.988468707 -0.000148709 -0.151426077 -8.325037956 -0.000471673 0.999991655 -0.004061008 -1.234071612 0.151425421 0.004085603 0.988460243 110.496643066
0.988047481 -0.001447335 -0.154142857 -8.622430801 0.001474905 0.999998927 0.000064501 -1.262367129 0.154142618 -0.000291076 0.988048553 112.420967102
0.987532139 -0.005180533 -0.157331795 -8.907838821 0.005315297 0.999985695 0.000435818 -1.278735638 0.157327294 -0.001266649 0.987545669 114.351448059
0.987109363 -0.006619070 -0.159910440 -9.209754944 0.006333849 0.999977291 -0.002293275 -1.298493505 0.159922004 0.001250864 0.987128854 116.265213013
0.986709952 -0.009416714 -0.162218079 -9.507189751 0.009025676 0.999954343 -0.003147355 -1.323797703 0.162240282 0.001641399 0.986749887 118.172225952
0.986247241 -0.011268184 -0.164892092 -9.821673393 0.010686214 0.999933064 -0.004416116 -1.344766736 0.164930820 0.002593310 0.986301720 120.090538025
0.985748172 -0.013155796 -0.167712599 -10.127502441 0.012221333 0.999903619 -0.006602769 -1.373470068 0.167783290 0.004458996 0.985813797 122.025840759
0.985300779 -0.006312567 -0.170711577 -10.445909500 0.005073157 0.999957502 -0.007695514 -1.400528312 0.170752913 0.006716348 0.985291004 123.925979614
0.985067248 0.004839191 -0.172101706 -10.794380188 -0.005423315 0.999980986 -0.002924035 -1.428106904 0.172084302 0.003813733 0.985074818 125.850158691
0.984689713 0.013716009 -0.173775360 -11.136293411 -0.013521937 0.999905884 0.002300703 -1.446498156 0.173790559 0.000084301 0.984782636 127.771728516
0.984436989 0.012989696 -0.175257176 -11.472588539 -0.012735016 0.999915540 0.002577811 -1.454817176 0.175275847 -0.000305790 0.984519303 129.674026489
0.984172642 0.007491579 -0.177053392 -11.811720848 -0.007321575 0.999971867 0.001613490 -1.465211749 0.177060515 -0.000291643 0.984199882 131.589447021
0.983858526 0.001510296 -0.178941548 -12.138594627 -0.001639144 0.999998510 -0.000572210 -1.486764193 0.178940445 0.000856285 0.983859539 133.516098022
0.983887315 0.000811175 -0.178787962 -12.486090660 -0.001401790 0.999993980 -0.003177132 -1.505215406 0.178784311 0.003376563 0.983882487 135.435104370
0.983950853 0.003966195 -0.178396329 -12.834568024 -0.004709477 0.999981821 -0.003743179 -1.526187897 0.178378314 0.004523257 0.983951569 137.353775024
0.983985841 0.007880353 -0.178072244 -13.188633919 -0.008340256 0.999963522 -0.001834260 -1.549754381 0.178051263 0.003290054 0.984015703 139.278533936
0.984022677 0.008326979 -0.177848309 -13.531460762 -0.008474328 0.999964237 -0.000068900 -1.568297982 0.177841350 0.001574944 0.984057903 141.208709717
0.983839333 0.007028273 -0.178915471 -13.877952576 -0.007389088 0.999971867 -0.001350368 -1.579495430 0.178900957 0.002650567 0.983863533 143.147125244
0.983462036 0.006488744 -0.180998191 -14.208430290 -0.007175200 0.999969304 -0.003138102 -1.606687784 0.180972278 0.004384902 0.983478427 145.033203125
0.983196557 0.010547287 -0.182245359 -14.570633888 -0.010765202 0.999942124 -0.000206508 -1.628783226 0.182232633 0.002164947 0.983253062 146.950103760
0.982916415 0.012396441 -0.183634415 -14.930750847 -0.012530915 0.999921322 0.000428152 -1.640241265 0.183625311 0.001880270 0.982994497 148.877212524
0.982589364 0.014640926 -0.185212582 -15.283766747 -0.015461096 0.999876022 -0.002984671 -1.649717450 0.185145944 0.005796296 0.982693911 150.801742554
0.982446492 0.013446176 -0.186059490 -15.649175644 -0.014624720 0.999880731 -0.004963104 -1.673597217 0.185970560 0.007597052 0.982525945 152.722625732
0.982193828 0.011761311 -0.187502086 -16.012287140 -0.012947170 0.999903142 -0.005101055 -1.699254274 0.187423930 0.007437847 0.982250929 154.634521484
0.981969297 0.010175519 -0.188766509 -16.364299774 -0.011133696 0.999929965 -0.004016312 -1.726619244 0.188712448 0.006045565 0.982013762 156.553939819
0.981639862 0.008572861 -0.190551087 -16.735366821 -0.009288785 0.999952734 -0.002864252 -1.743755817 0.190517545 0.004581653 0.981673121 158.485351562
0.981534839 0.007810782 -0.191123813 -17.094116211 -0.008417755 0.999961734 -0.002364107 -1.775488496 0.191098079 0.003929287 0.981563091 160.401596069
0.981182635 0.008273928 -0.192904070 -17.458103180 -0.008739609 0.999960601 -0.001563224 -1.799218655 0.192883506 0.003219715 0.981216490 162.324111938
0.981133044 0.008436997 -0.193149537 -17.837381363 -0.008976717 0.999957860 -0.001919287 -1.819396973 0.193125173 0.003616923 0.981167436 164.238891602
0.980800033 0.009491751 -0.194784880 -18.214849472 -0.010069139 0.999947369 -0.001974289 -1.839810967 0.194755897 0.003897700 0.980843902 166.158462524
0.980653882 0.010715359 -0.195455953 -18.596555710 -0.011336292 0.999933541 -0.002058429 -1.862797737 0.195420966 0.004234353 0.980710328 168.073501587
0.980306566 0.010447175 -0.197205096 -18.977710724 -0.011016219 0.999937654 -0.001788722 -1.881585360 0.197174132 0.003925951 0.980360627 169.991592407
0.980054200 0.010270601 -0.198464781 -19.345478058 -0.010883703 0.999938786 -0.001998572 -1.897726774 0.198432088 0.004118741 0.980105937 171.893966675
0.979719996 0.008400388 -0.200195074 -19.726016998 -0.009458282 0.999945879 -0.004328459 -1.912777543 0.200147867 0.006134180 0.979746461 173.824417114
0.979502499 0.008879939 -0.201235771 -20.120037079 -0.009916464 0.999942243 -0.004143284 -1.942836523 0.201187313 0.006053906 0.979534090 175.741165161
0.979311466 0.009033957 -0.202156678 -20.527038574 -0.010021563 0.999942362 -0.003862343 -1.962783575 0.202110142 0.005808363 0.979345620 177.675643921
0.979043722 0.009119338 -0.203445852 -20.907869339 -0.010151965 0.999940336 -0.004032637 -1.991343260 0.203396961 0.006013503 0.979077876 179.595077515
0.978776991 0.008461189 -0.204753667 -21.302986145 -0.009596364 0.999943614 -0.004551749 -2.013445139 0.204703599 0.006420037 0.978802919 181.520874023
0.978570163 0.007620382 -0.205772385 -21.701772690 -0.008853063 0.999947906 -0.005070442 -2.039836645 0.205723047 0.006783499 0.978586733 183.425231934
0.978311419 0.005960101 -0.207053617 -22.100828171 -0.006950078 0.999967635 -0.004054178 -2.067888260 0.207022786 0.005405287 0.978321195 185.363464355
0.978012860 0.006937207 -0.208428785 -22.509727478 -0.007655766 0.999967217 -0.002640995 -2.090798855 0.208403632 0.004178610 0.978033900 187.298568726
0.977699220 0.008114801 -0.209852934 -22.921119690 -0.008600503 0.999962032 -0.001402002 -2.112570047 0.209833607 0.003175578 0.977731943 189.230850220
0.977573872 0.009200399 -0.210391670 -23.333190918 -0.009869116 0.999949038 -0.002128696 -2.138433218 0.210361391 0.004157339 0.977614880 191.142517090
0.977319598 0.008881592 -0.211583331 -23.749454498 -0.009619673 0.999950707 -0.002459275 -2.166257620 0.211551055 0.004438860 0.977356851 193.075332642
0.977171957 0.009048354 -0.212256908 -24.147504807 -0.009684797 0.999951184 -0.001958956 -2.186826944 0.212228805 0.003969902 0.977211952 194.967758179
0.977033794 0.009989440 -0.212850332 -24.558891296 -0.010525571 0.999943733 -0.001385771 -2.207561493 0.212824479 0.003594316 0.977083802 196.882278442
0.976992786 0.010269335 -0.213025033 -24.963239670 -0.011082968 0.999935091 -0.002625557 -2.224623919 0.212984249 0.004926100 0.977043211 198.795974731
0.976898491 0.011678740 -0.213384673 -25.375152588 -0.012766752 0.999911606 -0.003721506 -2.249960899 0.213322371 0.006359763 0.976961195 200.710342407
0.977040052 0.011693355 -0.212734714 -25.796146393 -0.012764202 0.999911845 -0.003660958 -2.274924994 0.212673113 0.006292291 0.977103114 202.599975586
0.976953089 0.011337009 -0.213153049 -26.212383270 -0.012377135 0.999917150 -0.003545856 -2.300418377 0.213095173 0.006102358 0.977012336 204.526367188
0.976864338 0.010880090 -0.213582844 -26.609996796 -0.011865927 0.999924004 -0.003334242 -2.320991039 0.213530347 0.005791460 0.976919293 206.433273315
0.976592422 0.010906558 -0.214821503 -27.025810242 -0.012060874 0.999918938 -0.004063290 -2.343164682 0.214759782 0.006559113 0.976644874 208.347366333
0.976610541 0.011440653 -0.214711353 -27.432592392 -0.012460611 0.999916613 -0.003397425 -2.367190361 0.214654550 0.005993395 0.976671636 210.207031250
0.976522565 0.011777878 -0.215092912 -27.854860306 -0.012611505 0.999917448 -0.002503651 -2.390115261 0.215045646 0.005157518 0.976590335 212.095260620
0.976203859 0.010189006 -0.216614991 -28.252161026 -0.011360747 0.999926805 -0.004164738 -2.412492275 0.216556668 0.006526542 0.976248145 213.981002808
0.975928664 0.010470248 -0.217838362 -28.673276901 -0.012029024 0.999910712 -0.005830732 -2.434038877 0.217757851 0.008310760 0.975967407 215.896286011
0.975933254 0.009144153 -0.217877388 -29.093002319 -0.011021023 0.999911845 -0.007400657 -2.466263056 0.217790529 0.009623779 0.975948095 217.792739868
0.975873470 0.008714708 -0.218162909 -29.516410828 -0.010389443 0.999924660 -0.006530579 -2.494205952 0.218089581 0.008639609 0.975890458 219.715957642
0.975858152 0.009240688 -0.218209296 -29.936763763 -0.010723528 0.999926746 -0.005612190 -2.525313854 0.218141422 0.007816675 0.975885868 221.622604370
0.975818932 0.010079407 -0.218348026 -30.368776321 -0.011413083 0.999923110 -0.004847629 -2.545913219 0.218282372 0.007222432 0.975858927 223.553054810
0.975780904 0.010006471 -0.218521208 -30.761056900 -0.011291758 0.999925494 -0.004633678 -2.578941822 0.218458563 0.006988943 0.975821197 225.439727783
0.975655317 0.009645166 -0.219097376 -31.183076859 -0.010956717 0.999928594 -0.004771858 -2.604772568 0.219035730 0.007056276 0.975691319 227.356582642
0.975743175 0.008297497 -0.218761146 -31.613775253 -0.010027502 0.999926567 -0.006799088 -2.629553556 0.218688652 0.008827791 0.975754738 229.274047852
0.975607574 0.007078959 -0.219407469 -32.036891937 -0.008714691 0.999941051 -0.006488288 -2.661229134 0.219348565 0.008242093 0.975611687 231.206497192
0.975551248 0.006999912 -0.219660535 -32.463100433 -0.008281333 0.999953628 -0.004913390 -2.697824955 0.219615996 0.006612346 0.975564003 233.087158203
0.975276649 0.006403565 -0.220894516 -32.890533447 -0.007516114 0.999962986 -0.004196399 -2.723274946 0.220859468 0.005752918 0.975288630 235.011657715
0.975129366 0.004798520 -0.221584126 -33.306579590 -0.005955822 0.999971807 -0.004554981 -2.741513252 0.221556038 0.005761412 0.975130618 236.905731201
0.974806368 0.003657019 -0.223022953 -33.733283997 -0.005130167 0.999968648 -0.006026349 -2.767251253 0.222993970 0.007018669 0.974794507 238.828033447
0.974599540 0.004327578 -0.223912880 -34.166236877 -0.006009815 0.999958575 -0.006831962 -2.806828022 0.223874047 0.008004104 0.974585235 240.743377686
0.974150777 0.004116948 -0.225861117 -34.596595764 -0.005811017 0.999959707 -0.006836171 -2.832005024 0.225823864 0.007971944 0.974135578 242.693527222
0.974128187 0.004730083 -0.225946799 -35.042221069 -0.006385412 0.999957860 -0.006595911 -2.862567425 0.225906074 0.007868025 0.974117339 244.598022461
0.973976076 0.004693805 -0.226602152 -35.489074707 -0.006663253 0.999946356 -0.007927092 -2.892714262 0.226552784 0.009230705 0.973955214 246.525070190
0.973693967 0.005455969 -0.227794424 -35.923141479 -0.007554022 0.999936700 -0.008339458 -2.923458099 0.227734536 0.009840844 0.973673522 248.439270020
0.973446548 0.006407324 -0.228824705 -36.371097565 -0.008153595 0.999944389 -0.006686870 -2.949684381 0.228769168 0.008375054 0.973444700 250.373489380
0.973169386 0.007472599 -0.229968324 -36.818195343 -0.009135688 0.999939263 -0.006167921 -2.974841595 0.229908243 0.008103353 0.973178625 252.300125122
0.973141313 0.007633581 -0.230081543 -37.268295288 -0.009230484 0.999940217 -0.005865060 -3.001904011 0.230022997 0.007831296 0.973153591 254.225463867
0.972967744 0.007180026 -0.230829582 -37.719661713 -0.009174861 0.999929368 -0.007569769 -3.034883499 0.230758891 0.009482970 0.972964764 256.138244629
0.972843587 0.004980912 -0.231409937 -38.159004211 -0.007164166 0.999937356 -0.008595188 -3.060658932 0.231352627 0.010019633 0.972818315 258.062316895
0.972727418 0.005088130 -0.231895611 -38.610736847 -0.007300225 0.999935627 -0.008682034 -3.089047670 0.231836483 0.010138142 0.972701967 260.008300781
0.972969294 0.005673370 -0.230864584 -39.068748474 -0.007220485 0.999956787 -0.005857054 -3.132275105 0.230821386 0.007365688 0.972968280 261.926208496
0.973059177 0.005373468 -0.230492607 -39.528472900 -0.006652973 0.999966562 -0.004774341 -3.160578251 0.230459198 0.006179177 0.973062396 263.858032227
0.973252952 0.004831484 -0.229684949 -39.965927124 -0.005955484 0.999973357 -0.004200696 -3.188541412 0.229658544 0.005456224 0.973255992 265.787353516
0.973338008 0.003116044 -0.229354143 -40.411720276 -0.004203707 0.999982059 -0.004253855 -3.214741230 0.229336783 0.005104577 0.973333776 267.718536377
0.973424733 0.000816814 -0.229005709 -40.855880737 -0.001723032 0.999991477 -0.003757264 -3.240573883 0.229000688 0.004051998 0.973417819 269.635955811
0.973348439 0.002320695 -0.229319602 -41.309425354 -0.003483032 0.999983072 -0.004664005 -3.267995358 0.229304880 0.005338429 0.973340034 271.558807373
0.973189950 0.002649309 -0.229988143 -41.749332428 -0.004308489 0.999968171 -0.006712316 -3.287798405 0.229963064 0.007523258 0.973170280 273.477783203
0.973058105 0.003049153 -0.230540052 -42.200687408 -0.004565035 0.999971330 -0.006042245 -3.324306011 0.230514988 0.006931880 0.973044097 275.381774902
0.972747266 0.002926475 -0.231849447 -42.634353638 -0.004469910 0.999971211 -0.006132004 -3.351649284 0.231824860 0.007001236 0.972732365 277.283264160
0.972540438 0.003598735 -0.232706219 -43.087100983 -0.005319350 0.999962926 -0.006766819 -3.381778479 0.232673258 0.007818850 0.972523510 279.207305908
0.972406030 0.003520312 -0.233268186 -43.526420593 -0.004923689 0.999973118 -0.005434122 -3.413671017 0.233242795 0.006432714 0.972397268 281.100830078
0.972243130 0.005407680 -0.233910546 -43.986522675 -0.006726521 0.999965608 -0.004840822 -3.439779997 0.233876333 0.006279860 0.972246051 283.019683838
0.972362339 0.004977452 -0.233423963 -44.436836243 -0.006386884 0.999965668 -0.005282598 -3.461535215 0.233389631 0.006627450 0.972360671 284.917877197
0.972407341 0.004502196 -0.233245820 -44.887691498 -0.006408935 0.999951899 -0.007417569 -3.493238211 0.233201191 0.008707756 0.972389519 286.839233398
0.972521007 0.003894150 -0.232782602 -45.342525482 -0.005756245 0.999956548 -0.007320511 -3.517478704 0.232744008 0.008459303 0.972501218 288.766632080
0.972612321 0.004838439 -0.232383102 -45.795902252 -0.006429796 0.999960721 -0.006091012 -3.549638748 0.232344568 0.007418368 0.972605228 290.688964844
0.972814441 0.005712064 -0.231515422 -46.259628296 -0.007352991 0.999953568 -0.006225488 -3.572654486 0.231469110 0.007758575 0.972811282 292.614593506
0.972871900 0.005824919 -0.231271371 -46.713790894 -0.007591886 0.999948382 -0.006751001 -3.602337837 0.231220126 0.008323645 0.972865820 294.563537598
0.972911894 0.003961749 -0.231142253 -47.147876740 -0.006175037 0.999941766 -0.008852769 -3.635760307 0.231093720 0.010040277 0.972879708 296.456726074
0.972981274 0.002875461 -0.230865791 -47.600215912 -0.005053607 0.999948144 -0.008843895 -3.668315887 0.230828375 0.009771649 0.972945452 298.385681152
0.972966075 0.003021390 -0.230928361 -48.028911591 -0.005156899 0.999949336 -0.008644456 -3.699638605 0.230890527 0.009601637 0.972932339 300.280487061
0.973103464 0.002696567 -0.230352670 -48.486320496 -0.005184137 0.999934614 -0.010194420 -3.732269526 0.230310082 0.011114406 0.973053873 302.211639404
0.973221481 0.003534107 -0.229842201 -48.931129456 -0.005152602 0.999965966 -0.006441969 -3.767254114 0.229811624 0.007453748 0.973206520 304.133605957
0.973287046 0.001964053 -0.229583174 -49.371425629 -0.003210350 0.999982059 -0.005055134 -3.797892570 0.229569122 0.005657139 0.973275900 306.065246582
0.973237514 0.002309656 -0.229790032 -49.815090179 -0.003938360 0.999970257 -0.006629410 -3.823165417 0.229767889 0.007356986 0.973217666 308.003295898
0.973401189 0.004336308 -0.229065970 -50.273681641 -0.006031329 0.999959350 -0.006700130 -3.854620218 0.229027584 0.007903487 0.973387837 309.929046631
0.973493576 0.005435536 -0.228649795 -50.715965271 -0.006770743 0.999964297 -0.005055473 -3.886782646 0.228614151 0.006469599 0.973495603 311.854309082
0.973398685 0.006423513 -0.229027450 -51.155006409 -0.008313200 0.999938846 -0.007287065 -3.917959213 0.228966653 0.008997170 0.973392606 313.784301758
0.973422408 0.007922045 -0.228880093 -51.604434967 -0.010702806 0.999883294 -0.010910655 -3.951707840 0.228766933 0.013070337 0.973393500 315.703338623
0.973511100 0.008802963 -0.228469908 -52.054241180 -0.011742602 0.999864817 -0.011510405 -3.996793747 0.228337690 0.013888341 0.973482907 317.625579834
0.973516464 0.009401388 -0.228423327 -52.502334595 -0.012133775 0.999870539 -0.010560472 -4.033624172 0.228294477 0.013052431 0.973504603 319.547119141
0.973559439 0.009332039 -0.228243113 -52.960098267 -0.011754707 0.999888062 -0.009257284 -4.066323280 0.228131145 0.011695443 0.973560154 321.482330322
0.973580658 0.008364746 -0.228189990 -53.402267456 -0.010665093 0.999903977 -0.008849583 -4.109742165 0.228094041 0.011049450 0.973576427 323.428771973
0.973691583 0.008166770 -0.227723226 -53.853622437 -0.010564201 0.999900818 -0.009310926 -4.149655342 0.227624550 0.011471685 0.973681390 325.364227295
0.973719001 0.008564515 -0.227591679 -54.294265747 -0.011305761 0.999878466 -0.010743630 -4.183364868 0.227471992 0.013034375 0.973697364 327.276916504
0.973863423 0.008522382 -0.226974547 -54.738304138 -0.011404282 0.999870121 -0.011388670 -4.223894596 0.226848006 0.013679490 0.973834097 329.198425293
0.973949313 0.007791222 -0.226631910 -55.184028625 -0.010912092 0.999862075 -0.012521086 -4.259082794 0.226503119 0.014667932 0.973900020 331.127502441
0.973957956 0.006621252 -0.226631939 -55.631275177 -0.009773489 0.999870360 -0.012789767 -4.296874523 0.226517931 0.014671683 0.973896503 333.058868408
0.973907948 0.005793161 -0.226869330 -56.073936462 -0.008886739 0.999880850 -0.012616930 -4.337932587 0.226769224 0.014303857 0.973843455 334.989288330
0.973847926 0.005436183 -0.227135435 -56.510360718 -0.008285275 0.999898493 -0.011592056 -4.376347065 0.227049395 0.013170782 0.973794162 336.899383545
0.973692119 0.005249488 -0.227807164 -56.949199677 -0.008158401 0.999896765 -0.011829411 -4.413362026 0.227721542 0.013376745 0.973634422 338.802764893
0.973683119 0.004542387 -0.227860942 -57.401069641 -0.007827853 0.999877989 -0.013517080 -4.452557087 0.227771744 0.014945013 0.973599851 340.749938965
0.973625183 0.004254156 -0.228113681 -57.843093872 -0.007517881 0.999881387 -0.013440433 -4.496805191 0.228029445 0.014800875 0.973541737 342.685363770
0.973631084 0.005431966 -0.228063583 -58.295452118 -0.008451561 0.999889016 -0.012265604 -4.531595707 0.227971658 0.013869667 0.973568976 344.612396240
0.973611772 0.005221467 -0.228150949 -58.736557007 -0.008141707 0.999896526 -0.011860284 -4.573370934 0.228065416 0.013404850 0.973553538 346.549133301
0.973616123 0.004723505 -0.228143170 -59.176494598 -0.007717654 0.999895394 -0.012233642 -4.616875648 0.228061512 0.013671601 0.973550856 348.463378906
0.973565400 0.003498755 -0.228381574 -59.619747162 -0.006653729 0.999892771 -0.013045975 -4.662477016 0.228311434 0.014220700 0.973484278 350.408538818
0.973542273 0.003133981 -0.228485584 -60.062789917 -0.006180578 0.999901295 -0.012619536 -4.708728790 0.228423476 0.013697824 0.973465502 352.344726562
0.973525107 0.003654780 -0.228550866 -60.511032104 -0.006571732 0.999906361 -0.012003051 -4.747030258 0.228485629 0.013187247 0.973457932 354.330444336
0.973618507 0.004467780 -0.228138149 -60.962871552 -0.007537081 0.999892414 -0.012584232 -4.785184383 0.228057355 0.013971735 0.973547459 356.274383545
0.973595858 0.003480999 -0.228251815 -61.406356812 -0.006735191 0.999886513 -0.013479631 -4.834078789 0.228178978 0.014661033 0.973508835 358.215545654
0.973734140 0.002529422 -0.227674067 -61.864242554 -0.005824368 0.999887764 -0.013801522 -4.878181458 0.227613613 0.014765070 0.973639607 360.182250977
0.973625362 0.001116596 -0.228149980 -62.305694580 -0.004259462 0.999902725 -0.013283514 -4.921113014 0.228112981 0.013904961 0.973535359 362.125549316
0.973529756 0.000417124 -0.228559762 -62.753425598 -0.003380850 0.999915183 -0.012575572 -4.956620216 0.228535146 0.013015419 0.973448575 364.072326660
0.973456621 -0.000468546 -0.228871062 -63.206813812 -0.002625129 0.999909222 -0.013212471 -4.997045994 0.228856519 0.013462584 0.973367095 366.010803223
0.973402381 -0.000728689 -0.229101017 -63.662048340 -0.002696259 0.999889255 -0.014636131 -5.040233135 0.229086310 0.014864561 0.973292589 367.960723877
0.973279297 -0.001909744 -0.229617059 -64.111694336 -0.001719330 0.999876738 -0.015603788 -5.082542896 0.229618594 0.015581631 0.973155975 369.893829346
0.973083615 -0.001754282 -0.230445534 -64.559150696 -0.001643630 0.999892712 -0.014552177 -5.128367901 0.230446294 0.014539252 0.972976387 371.829986572
0.972927094 -0.000699218 -0.231111243 -65.017257690 -0.002222069 0.999920905 -0.012379643 -5.171033382 0.231101617 0.012558035 0.972848475 373.767395020
0.972927272 -0.000061448 -0.231111482 -65.488098145 -0.002417571 0.999942541 -0.010443290 -5.209258556 0.231098831 0.010719291 0.972871184 375.709899902
0.972722471 0.000276978 -0.231971607 -65.945419312 -0.002810737 0.999939919 -0.010592265 -5.248754978 0.231954724 0.010955347 0.972664893 377.651794434
0.972461283 -0.000158476 -0.233064294 -66.403945923 -0.002908878 0.999913573 -0.012817206 -5.291048527 0.233046234 0.013142194 0.972376823 379.569458008
0.972070336 -0.001247940 -0.234686390 -66.860305786 -0.002200967 0.999893367 -0.014433315 -5.334486961 0.234679386 0.014546735 0.971964002 381.512634277
0.971747637 -0.001782694 -0.236015454 -67.326400757 -0.001508956 0.999904096 -0.013765402 -5.380287647 0.236017376 0.013732635 0.971651733 383.446258545
0.971501827 -0.003044493 -0.237012431 -67.794250488 -0.000169366 0.999908328 -0.013538334 -5.425614834 0.237031922 0.013192657 0.971412420 385.380676270
0.971102834 -0.003464357 -0.238636360 -68.256263733 0.000184199 0.999905229 -0.013766359 -5.472768784 0.238661423 0.013324593 0.971011400 387.297027588
0.970841706 -0.004323218 -0.239682406 -68.731437683 0.000641282 0.999880612 -0.015437588 -5.516304016 0.239720568 0.014833751 0.970728576 389.216156006
0.970421314 -0.003320373 -0.241395369 -69.203704834 -0.000235121 0.999891877 -0.014698626 -5.557374477 0.241418138 0.014320614 0.970315456 391.136108398
0.970068574 -0.002579170 -0.242817417 -69.687271118 -0.000953123 0.999895513 -0.014428513 -5.599872112 0.242829248 0.014228083 0.969964683 393.090301514
0.969768047 -0.001613360 -0.244023278 -70.161392212 -0.002145913 0.999883115 -0.015138756 -5.644408703 0.244019181 0.015204734 0.969651222 395.017791748
0.969263494 -0.001600330 -0.246019825 -70.636169434 -0.002490807 0.999863684 -0.016317220 -5.688803673 0.246012449 0.016428472 0.969127417 396.944396973
0.968890488 -0.001927688 -0.247482002 -71.120544434 -0.001985231 0.999876976 -0.015560413 -5.738915443 0.247481525 0.015567648 0.968767524 398.869720459
0.968583345 -0.002265503 -0.248678863 -71.610054016 -0.001609498 0.999880433 -0.015377926 -5.785436153 0.248684004 0.015295048 0.968463898 400.779571533
0.968272686 -0.002035995 -0.249887720 -72.105049133 -0.001492334 0.999901891 -0.013929380 -5.827067375 0.249891534 0.013860354 0.968174636 402.702239990
0.967917979 -0.001678605 -0.251261145 -72.596549988 -0.001538932 0.999919355 -0.012608512 -5.874469280 0.251262039 0.012590681 0.967837155 404.621887207
0.967525542 -0.001349797 -0.252769619 -73.090072632 -0.002426705 0.999889970 -0.014628134 -5.917891979 0.252761602 0.014766491 0.967415929 406.524200439
0.967196584 -0.001497739 -0.254024565 -73.592643738 -0.002969756 0.999847591 -0.017202463 -5.961663723 0.254011661 0.017392557 0.967044711 408.449615479
0.966852665 -0.001664437 -0.255329221 -74.091835022 -0.002825851 0.999847770 -0.017218417 -6.006960392 0.255318969 0.017369200 0.966700852 410.372100830
0.966411233 -0.000966419 -0.256998837 -74.596549988 -0.003593649 0.999844313 -0.017273277 -6.056915760 0.256975532 0.017616650 0.966257334 412.284240723
0.966047406 0.000206565 -0.258365124 -75.110244751 -0.004786369 0.999842346 -0.017097216 -6.104177952 0.258320898 0.017753353 0.965896010 414.204467773
0.965647757 0.003024832 -0.259837091 -75.625228882 -0.006837519 0.999881744 -0.013770786 -6.152893066 0.259764671 0.015074367 0.965554297 416.109771729
0.965422630 0.004212125 -0.260655761 -76.148559570 -0.007921089 0.999881744 -0.013180495 -6.197036266 0.260569453 0.014789427 0.965341747 418.027587891
0.965113938 0.004989237 -0.261782825 -76.668579102 -0.009065402 0.999855697 -0.014365450 -6.241128922 0.261673391 0.016237462 0.965019882 419.937042236
0.964725137 0.004917296 -0.263213366 -77.183181763 -0.008934466 0.999861121 -0.014067263 -6.284865856 0.263107598 0.015922712 0.964635015 421.854461670
0.964476049 0.003842761 -0.264142454 -77.710205078 -0.007370833 0.999896467 -0.012366926 -6.330763817 0.264067501 0.013874555 0.964404404 423.765350342
0.964269519 0.002567819 -0.264910519 -78.232681274 -0.006435335 0.999885023 -0.013732458 -6.372614384 0.264844835 0.014946582 0.964175224 425.680511475
0.964111924 0.002389125 -0.265485406 -78.744705200 -0.007328013 0.999818146 -0.017614283 -6.420872211 0.265395015 0.018927623 0.963953972 427.588989258
0.964173615 0.004272659 -0.265237629 -79.265884399 -0.009751097 0.999765396 -0.019341504 -6.469306469 0.265092760 0.021234926 0.963989079 429.485260010
0.964382827 0.005819117 -0.264446467 -79.790611267 -0.010750846 0.999794185 -0.017205803 -6.527118206 0.264291853 0.019436004 0.964246869 431.379119873
0.964557171 0.005978221 -0.263806522 -80.313430786 -0.010582062 0.999815524 -0.016034052 -6.575080872 0.263661951 0.018257376 0.964442313 433.288604736
0.964803219 0.005032644 -0.262924761 -80.852996826 -0.009671582 0.999819517 -0.016352344 -6.613621712 0.262795031 0.018319696 0.964677751 435.205322266
0.964904368 0.003722431 -0.262575090 -81.367782593 -0.008337163 0.999829710 -0.016462978 -6.661985397 0.262469113 0.018074332 0.964771092 437.078948975
0.965006888 0.001887483 -0.262217879 -81.888320923 -0.006908524 0.999809980 -0.018227780 -6.705372810 0.262133628 0.019401470 0.964836657 439.003295898
0.964763820 0.000642361 -0.263116568 -82.402252197 -0.005548765 0.999824286 -0.017904609 -6.755958080 0.263058841 0.018733691 0.964597881 440.922882080
0.964527607 0.000901849 -0.263980448 -82.921112061 -0.005723945 0.999830365 -0.017498285 -6.809426308 0.263920009 0.018388592 0.964369237 442.843444824
0.964273512 0.002049954 -0.264901221 -83.447830200 -0.006820910 0.999830604 -0.017091703 -6.856381416 0.264821380 0.018287940 0.964124024 444.773406982
0.963894188 0.003540559 -0.266262114 -83.971107483 -0.008031449 0.999843240 -0.015779424 -6.906385899 0.266164482 0.017348165 0.963771522 446.666442871
0.963637829 0.005110871 -0.267162800 -84.484680176 -0.009603361 0.999833584 -0.015511665 -6.955008984 0.267039061 0.017513292 0.963526547 448.499633789
0.963159144 0.004904155 -0.268887222 -85.006759644 -0.010008227 0.999794781 -0.017614698 -7.005495071 0.268745691 0.019656844 0.963010490 450.396911621
0.962520599 0.004965528 -0.271163613 -85.533996582 -0.010734952 0.999746323 -0.019797415 -7.057707787 0.270996630 0.021966344 0.962329626 452.284454346
0.962026536 0.006647954 -0.272875041 -86.066726685 -0.012362640 0.999738693 -0.019228470 -7.105997562 0.272675931 0.021871759 0.961857200 454.173980713
0.961741328 0.007215052 -0.273864061 -86.612335205 -0.012528074 0.999765635 -0.017656228 -7.159523964 0.273672432 0.020411717 0.961606324 456.083587646
0.961160004 0.008414494 -0.275863469 -87.147491455 -0.013727304 0.999755561 -0.017333580 -7.205248356 0.275650144 0.020447206 0.961040497 457.991485596
0.960692883 0.007716096 -0.277506053 -87.684371948 -0.013338519 0.999742091 -0.018378394 -7.251199245 0.277292699 0.021357514 0.960548103 459.864837646
0.960179627 0.008311207 -0.279259503 -88.234603882 -0.014115092 0.999723971 -0.018778631 -7.300673485 0.279026330 0.021972632 0.960032046 461.758972168
0.959767520 0.008871986 -0.280655444 -88.783424377 -0.014363739 0.999743342 -0.017516645 -7.350582600 0.280427992 0.020843165 0.959648788 463.650543213
0.959218144 0.008646878 -0.282534361 -89.344009399 -0.014045134 0.999755383 -0.017086722 -7.400724411 0.282317489 0.020358128 0.959104955 465.534637451
0.958689690 0.007732569 -0.284348726 -89.895370483 -0.013502407 0.999740601 -0.018336819 -7.449660301 0.284133315 0.021418717 0.958545446 467.404968262
0.958278477 0.007463486 -0.285738915 -90.460647583 -0.013453827 0.999728799 -0.019007040 -7.499261379 0.285519511 0.022058317 0.958118975 469.286437988
0.957787871 0.007066777 -0.287388921 -91.018768311 -0.012906957 0.999746740 -0.018431965 -7.556251526 0.287185848 0.021363229 0.957636595 471.172882080
0.957281291 0.006147141 -0.289092928 -91.576568604 -0.012317387 0.999733388 -0.019529020 -7.605463982 0.288895875 0.022255635 0.957101822 473.068359375
0.956847727 0.006242227 -0.290522754 -92.138832092 -0.012505364 0.999727547 -0.019706555 -7.656505585 0.290320605 0.022489259 0.956665158 474.942626953
0.956563652 0.006356642 -0.291454732 -92.707923889 -0.012804124 0.999713480 -0.020219723 -7.718339920 0.291242748 0.023073269 0.956370890 476.829589844
0.956270874 0.007285849 -0.292391717 -93.276985168 -0.013993301 0.999684572 -0.020855019 -7.773431301 0.292147547 0.024034573 0.956071198 478.703033447
0.956118345 0.007507159 -0.292884588 -93.857513428 -0.013953296 0.999704063 -0.019926157 -7.828477859 0.292648315 0.023138469 0.955940127 480.583923340
0.955999911 0.007535099 -0.293269873 -94.439453125 -0.013493665 0.999741375 -0.018299842 -7.879103184 0.293056220 0.021451931 0.955854595 482.490783691
0.955764949 0.006107595 -0.294068098 -95.003540039 -0.012162318 0.999749959 -0.018765215 -7.932767868 0.293879986 0.021511680 0.955600381 484.419677734
0.955779552 0.005833817 -0.294026256 -95.581474304 -0.012166561 0.999731660 -0.019713536 -7.986373901 0.293832392 0.022419082 0.955594003 486.299499512
0.955834746 0.005768654 -0.293848008 -96.166648865 -0.012249024 0.999720514 -0.020217933 -8.039478302 0.293649256 0.022924356 0.955638289 488.193878174
0.955772519 0.006097902 -0.294043869 -96.742897034 -0.012223475 0.999744773 -0.018998915 -8.097139359 0.293852955 0.021752875 0.955603123 490.075012207
0.955945134 0.006266001 -0.293478429 -97.323654175 -0.011750934 0.999787629 -0.016929969 -8.153615952 0.293310016 0.019632768 0.955815792 491.950927734
0.955686331 0.006442992 -0.294315994 -97.884719849 -0.011479529 0.999815702 -0.015388312 -8.207056999 0.294162631 0.018085010 0.955584347 493.826354980
0.955874562 0.007164256 -0.293687761 -98.477035522 -0.012530341 0.999787092 -0.016393958 -8.262196541 0.293507785 0.019350579 0.955760837 495.685363770
0.955832541 0.007666789 -0.293811768 -99.047378540 -0.013473455 0.999751687 -0.017744288 -8.316267014 0.293602794 0.020919226 0.955698609 497.555114746
0.955654562 0.007851759 -0.294385374 -99.622650146 -0.013738493 0.999744713 -0.017933968 -8.369193077 0.294169366 0.021183088 0.955518544 499.397613525
0.955516636 0.007946961 -0.294830143 -100.190048218 -0.013656965 0.999756753 -0.017313110 -8.423748016 0.294620931 0.020569447 0.955392838 501.254699707
