1.000000000 -0.000000000 0.000000000 0.000000000 -0.000000000 1.000000000 0.000000000 0.000000000 0.000000000 0.000000000 1.000000000 0.000000000
0.999988914 0.000522659 0.004677653 0.002951669 -0.000523241 0.999999881 0.000123162 -0.007558076 -0.004677588 -0.000125608 0.999989033 0.798435152
0.999942422 0.002669769 0.010395198 -0.000574544 -0.002681145 0.999995828 0.001080557 -0.014833417 -0.010392270 -0.001108366 0.999945402 1.608673573
0.999886751 0.001954801 0.014918287 0.031304952 -0.001958894 0.999998033 0.000259788 -0.021090789 -0.014917752 -0.000288982 0.999888599 2.407011032
0.999795020 0.001522916 0.020189807 0.052801669 -0.001494294 0.999997854 -0.001432648 -0.029739352 -0.020191947 0.001402185 0.999795258 3.217203617
0.999648929 0.000743139 0.026487205 0.081574425 -0.000629881 0.999990642 -0.004284040 -0.033708356 -0.026490143 0.004265852 0.999639928 4.017543316
0.999482393 0.000489342 0.032171890 0.115535274 -0.000302612 0.999983013 -0.005808749 -0.045739032 -0.032174204 0.005796005 0.999465466 4.829162121
0.999267161 -0.001804470 0.038236145 0.152463838 0.002039742 0.999979258 -0.006115023 -0.060365640 -0.038224306 0.006188534 0.999250054 5.643328190
0.999041915 -0.001968978 0.043721527 0.185165882 0.002234129 0.999979436 -0.006016518 -0.075351566 -0.043708779 0.006108432 0.999025643 6.460390568
0.998777151 -0.003115077 0.049340427 0.233389631 0.003468023 0.999969006 -0.007069293 -0.084650077 -0.049316868 0.007231762 0.998757124 7.280662060
0.998511136 -0.003644176 0.054425247 0.281749010 0.004112924 0.999955416 -0.008503153 -0.099285334 -0.054391835 0.008714340 0.998481691 8.100323677
0.998207808 -0.003828846 0.059721235 0.335420966 0.004454746 0.999936521 -0.010350751 -0.117045134 -0.059677817 0.010598244 0.998161435 8.909402847
0.997851312 0.000150074 0.065519556 0.382208943 0.000680858 0.999919593 -0.012659680 -0.133555278 -0.065516196 0.012677088 0.997770965 9.721655846
0.997495651 -0.000316459 0.070726737 0.451407731 0.001202347 0.999921322 -0.012483282 -0.150066644 -0.070717245 0.012537058 0.997417569 10.545978546
0.997133136 -0.002392851 0.075628407 0.519716859 0.003295679 0.999924719 -0.011815144 -0.168057740 -0.075594448 0.012030518 0.997066140 11.365453720
0.996805191 0.000308250 0.079870552 0.584169745 0.000645338 0.999928772 -0.011913072 -0.186399579 -0.079868555 0.011926555 0.996734083 12.186787605
0.996465802 0.003580165 0.083922632 0.655256629 -0.002443022 0.999903858 -0.013648674 -0.207622468 -0.083963431 0.013395413 0.996378720 13.018075943
0.996189356 0.005958520 0.087013416 0.725423098 -0.004461358 0.999838769 -0.017390450 -0.225666210 -0.087103024 0.016935980 0.996055305 13.837644577
0.995930374 0.002252102 0.090097599 0.804358363 -0.000380783 0.999783874 -0.020781703 -0.248486549 -0.090124942 0.020662822 0.995716035 14.656758308
0.995607495 0.001963474 0.093604565 0.882529080 0.000327245 0.999700963 -0.024450654 -0.270249814 -0.093624584 0.024373893 0.995309174 15.468561172
0.995346904 0.001206273 0.096348874 0.957499862 0.000880056 0.999766111 -0.021608477 -0.298614532 -0.096352398 0.021592723 0.995113075 16.279825211
0.995189369 -0.001793596 0.097952850 1.039793611 0.003885351 0.999768317 -0.021168143 -0.321787894 -0.097892188 0.021446895 0.994965911 17.104873657
0.995099783 -0.001474883 0.098864429 1.124384403 0.003490459 0.999789536 -0.020217404 -0.343788385 -0.098813802 0.020463418 0.994895577 17.925630569
0.995002151 -0.007467026 0.099574171 1.234045267 0.009543785 0.999746442 -0.020396383 -0.376540512 -0.099396609 0.021244761 0.994821012 18.767259598
0.994944334 -0.008014218 0.100108288 1.307607174 0.010020551 0.999758601 -0.019554896 -0.396964610 -0.099927396 0.020459171 0.994784296 19.583160400
0.995050728 -0.005958594 0.099189945 1.397829533 0.007792506 0.999805629 -0.018111750 -0.419992656 -0.099062733 0.018795049 0.994903624 20.419950485
0.995080590 -0.006089303 0.098881871 1.487249136 0.007965014 0.999795675 -0.018585546 -0.448500544 -0.098748483 0.019281715 0.994925559 21.236019135
0.995140493 -0.006999709 0.098217100 1.566806316 0.008873715 0.999786615 -0.018656407 -0.469119400 -0.098065555 0.019437296 0.994990110 22.048971176
0.995186448 -0.007641316 0.097702436 1.657046556 0.009649420 0.999751508 -0.020097289 -0.492590636 -0.097524568 0.020943319 0.995012760 22.872501373
0.995178699 -0.009908802 0.097577229 1.743096828 0.011822977 0.999748468 -0.019058395 -0.516079366 -0.097363837 0.020120166 0.995045483 23.705516815
0.995157897 -0.011552509 0.097606696 1.824972272 0.013291372 0.999764025 -0.017183602 -0.541784704 -0.097385138 0.018397730 0.995076716 24.532669067
0.995140076 -0.010279289 0.097930901 1.906549692 0.011815585 0.999815881 -0.015120534 -0.559891522 -0.097757444 0.016204162 0.995078385 25.352813721
0.995138228 -0.007534566 0.098199271 1.978574514 0.009052799 0.999846101 -0.015024365 -0.577884376 -0.098070949 0.015840301 0.995053351 26.178527832
0.995062113 -0.006880678 0.099014424 2.059074879 0.008516248 0.999834001 -0.016105359 -0.601579309 -0.098887168 0.016869064 0.994955599 27.009050369
0.995039940 -0.005993355 0.099295788 2.148994684 0.007885629 0.999794424 -0.018675433 -0.628709495 -0.099163450 0.019365810 0.994882703 27.823328018
0.994948328 -0.003108671 0.100340448 2.228898048 0.005367134 0.999738038 -0.022245904 -0.653873444 -0.100245014 0.022672065 0.994704425 28.641469955
0.994892299 0.001025743 0.100937001 2.305278063 0.001234009 0.999750018 -0.022322766 -0.669972479 -0.100934662 0.022333303 0.994642437 29.467094421
0.994862199 0.001216848 0.101231925 2.387780666 0.001002640 0.999760270 -0.021871010 -0.704386830 -0.101234265 0.021860143 0.994622409 30.283103943
0.994801939 -0.003278425 0.101776347 2.480291128 0.005119801 0.999827802 -0.017836437 -0.724584103 -0.101700343 0.018264791 0.994647384 31.102121353
0.994799495 -0.005949364 0.101678729 2.569763899 0.007671930 0.999833465 -0.016558627 -0.746336102 -0.101563275 0.017252587 0.994679451 31.919002533
0.994699597 -0.009555968 0.102379255 2.658821821 0.011209117 0.999815702 -0.015584201 -0.768399239 -0.102211468 0.016649175 0.994623303 32.739730835
0.994591892 -0.011939537 0.103171922 2.745270491 0.013664734 0.999778152 -0.016030978 -0.795554996 -0.102957629 0.017354099 0.994534373 33.553150177
0.994513512 -0.012318230 0.103881247 2.827408791 0.014527253 0.999683559 -0.020535149 -0.817095935 -0.103595421 0.021931591 0.994377792 34.356430054
0.994472265 -0.013306896 0.104152590 2.927233696 0.015846439 0.999596000 -0.023593510 -0.833891809 -0.103796557 0.025113540 0.994281411 35.173351288
0.994325042 -0.013308814 0.105548352 3.018313169 0.015933236 0.999583483 -0.024060514 -0.855161726 -0.105184160 0.025605699 0.994123042 35.998218536
0.994130790 -0.012416970 0.107469723 3.107090950 0.014900240 0.999639511 -0.022334604 -0.878953099 -0.107153647 0.023804847 0.993957460 36.822689056
0.994035959 -0.009364557 0.108649366 3.203401566 0.011634087 0.999726772 -0.020273505 -0.909130037 -0.108429834 0.021416629 0.993873358 37.673828125
0.993864894 -0.006324749 0.110420585 3.299121857 0.008804179 0.999719620 -0.021981299 -0.939063430 -0.110250585 0.022818601 0.993641853 38.464359283
0.993734539 -0.005699120 0.111621976 3.391799927 0.008240088 0.999716997 -0.022315962 -0.960648417 -0.111463204 0.023095915 0.993500173 39.283946991
0.993496597 -0.004197798 0.113785155 3.478121758 0.006624484 0.999758422 -0.020957183 -0.983836293 -0.113669708 0.021574654 0.993284345 40.102138519
0.993284285 -0.004967752 0.115593009 3.576302767 0.007014742 0.999825597 -0.017308543 -1.007478476 -0.115486868 0.018003155 0.993145883 40.935844421
0.992993176 -0.004503813 0.118085667 3.677762985 0.006595927 0.999828041 -0.017332099 -1.032227397 -0.117987297 0.017989546 0.992852151 41.747653961
0.992881596 -0.004221085 0.119030036 3.786762714 0.006651708 0.999777317 -0.020030363 -1.046819806 -0.118918970 0.020679537 0.992688537 42.570144653
0.992639124 -0.004248336 0.121035263 3.880835056 0.006924817 0.999740422 -0.021701200 -1.078741789 -0.120911650 0.022379605 0.992410898 43.379543304
0.992402077 -0.006052445 0.122888140 3.996252537 0.008991094 0.999686301 -0.023372758 -1.100042105 -0.122708119 0.024300076 0.992145240 44.217056274
0.992151320 -0.006087370 0.124894239 4.107659340 0.009021938 0.999696016 -0.022944290 -1.123852372 -0.124716587 0.023891000 0.991904736 45.054286957
0.991824508 -0.005042611 0.127510414 4.219589233 0.008124392 0.999686956 -0.023660332 -1.148317575 -0.127351180 0.024502838 0.991554976 45.879150391
0.991522312 -0.002571142 0.129911423 4.308419228 0.005635679 0.999714315 -0.023227328 -1.181041956 -0.129814535 0.023762552 0.991253495 46.702301025
0.991105258 -0.003539359 0.133033633 4.428847313 0.006891666 0.999670029 -0.024746938 -1.204617620 -0.132902130 0.025443643 0.990802526 47.535102844
0.990812123 -0.003243516 0.135206953 4.538450718 0.006843533 0.999634147 -0.026169706 -1.234957099 -0.135072559 0.026854558 0.990471661 48.353237152
0.990230322 -0.002871632 0.139412716 4.649707794 0.006784975 0.999595940 -0.027603032 -1.265522003 -0.139277130 0.028279271 0.989849567 49.180503845
0.989931166 0.000819373 0.141547546 4.772918701 0.003049512 0.999627709 -0.027113682 -1.290530443 -0.141517058 0.027272329 0.989560068 50.020111084
0.989382923 -0.000981408 0.145328894 4.902421951 0.004800415 0.999652207 -0.025930030 -1.324232817 -0.145252883 0.026352366 0.989043593 50.851470947
0.988979757 0.000559049 0.148049951 5.027805328 0.003223693 0.999674559 -0.025309244 -1.353629589 -0.148015916 0.025507601 0.988655925 51.675498962
0.988427937 0.002428503 0.151671544 5.155052185 0.001767632 0.999619544 -0.027524984 -1.381949663 -0.151680693 0.027474560 0.988047540 52.506580353
0.987812519 0.004122781 0.155594051 5.281116486 0.000622274 0.999536574 -0.030435355 -1.413954735 -0.155647412 0.030161243 0.987352133 53.329383850
0.987215698 0.001823433 0.159379706 5.416428566 0.003125568 0.999520838 -0.030795436 -1.435000181 -0.159359500 0.030899893 0.986736953 54.155189514
0.986652732 -0.001663287 0.162830114 5.564966202 0.006584040 0.999537647 -0.029685197 -1.471137643 -0.162705421 0.030361060 0.986207426 54.990474701
0.986025810 -0.002368219 0.166575670 5.701369286 0.007011176 0.999602973 -0.027290437 -1.508632541 -0.166444868 0.028076965 0.985650897 55.817214966
0.985450506 -0.004425358 0.169905052 5.865361214 0.009428828 0.999544978 -0.028653052 -1.537720919 -0.169700906 0.029838173 0.985043824 56.659446716
0.984926045 -0.004026219 0.172929808 6.011389732 0.009105437 0.999549866 -0.028588327 -1.569008112 -0.172736853 0.029731987 0.984519243 57.482757568
0.984216094 -0.003414669 0.176937550 6.165752888 0.008615641 0.999552846 -0.028634466 -1.600620389 -0.176760674 0.029706931 0.983805478 58.316200256
0.983514845 -0.000702473 0.180825457 6.312812328 0.005964057 0.999574423 -0.028555529 -1.628033638 -0.180728421 0.029163238 0.983100593 59.145835876
0.982875526 -0.000826282 0.184269041 6.469982624 0.006132367 0.999582767 -0.028227290 -1.663857222 -0.184168831 0.028873915 0.982470334 59.965248108
0.982168078 -0.000335499 0.188004568 6.624993801 0.005954243 0.999552250 -0.029322259 -1.692147732 -0.187910587 0.029918812 0.981730282 60.789321899
0.981502295 -0.000721137 0.191448852 6.788515091 0.006567992 0.999531090 -0.029907217 -1.724396706 -0.191337466 0.030611437 0.981046855 61.607379913
0.980914772 -0.000194346 0.194438547 6.945801735 0.005833489 0.999578774 -0.028430022 -1.755491257 -0.194351122 0.029021675 0.980502665 62.422283173
0.980407894 -0.000038979 0.196978092 7.120141506 0.004982825 0.999684870 -0.024602911 -1.783987522 -0.196915030 0.025102390 0.980099201 63.249191284
0.979786277 -0.002648456 0.200029492 7.290861130 0.007404516 0.999707341 -0.023032414 -1.813067198 -0.199909925 0.024047965 0.979519129 64.065650940
0.979190111 -0.002140808 0.202933908 7.464589119 0.007365472 0.999660492 -0.024993919 -1.841261148 -0.202811569 0.025968505 0.978873372 64.883049011
0.978483140 -0.001688379 0.206320003 7.631128788 0.007950565 0.999532342 -0.029526481 -1.863861561 -0.206173703 0.030531524 0.978038967 65.681480408
0.977962315 -0.001187718 0.208778292 7.805197239 0.008250993 0.999422491 -0.032963805 -1.897332191 -0.208618626 0.033959985 0.977407336 66.481193542
0.977352440 -0.001646741 0.211611703 7.996048927 0.008804647 0.999420285 -0.032887880 -1.926254749 -0.211434856 0.034006212 0.976800442 67.297683716
0.976599216 -0.003541908 0.215038255 8.162022591 0.010603284 0.999441385 -0.031693108 -1.965264320 -0.214805886 0.033231571 0.976091325 68.097946167
0.975939095 -0.007041784 0.217929184 8.348522186 0.013892995 0.999455690 -0.029921498 -1.996443987 -0.217599824 0.032229252 0.975505829 68.885658264
0.975471079 -0.003603248 0.220097780 8.541290283 0.010570618 0.999479353 -0.030486291 -2.025939465 -0.219873279 0.032065067 0.975001276 69.689910889
0.974784791 -0.000680670 0.223145887 8.714211464 0.007597850 0.999516726 -0.030141396 -2.058019161 -0.223017558 0.031076804 0.974318922 70.475654602
0.974174619 -0.002814271 0.225778669 8.904850006 0.010364477 0.999425709 -0.032262377 -2.097463846 -0.225558177 0.033769261 0.973644257 71.247352600
0.973595977 -0.003038574 0.228258297 9.096769333 0.011099372 0.999358892 -0.034038961 -2.131399155 -0.228008538 0.035673708 0.973005354 72.044120789
0.972819209 -0.003331906 0.231542125 9.285766602 0.011889276 0.999296367 -0.035572596 -2.164284706 -0.231260672 0.037358578 0.972174227 72.827079773
0.972235799 -0.003566238 0.233976796 9.470312119 0.012034974 0.999322653 -0.034777001 -2.201614618 -0.233694255 0.036627337 0.971620142 73.609191895
0.971744835 -0.004640149 0.235988423 9.665769577 0.012585805 0.999403059 -0.032174498 -2.241528511 -0.235698238 0.034235515 0.971223176 74.387077332
0.971130550 -0.006234086 0.238467053 9.866239548 0.014342776 0.999375999 -0.032283340 -2.271656513 -0.238116995 0.034771618 0.970613837 75.171768188
0.970670342 -0.006690863 0.240321517 10.071473122 0.015163017 0.999326348 -0.033421617 -2.299722433 -0.239936009 0.036085363 0.970117807 75.954833984
0.970008850 -0.005570287 0.243005529 10.267047882 0.014217572 0.999325991 -0.033845484 -2.338574171 -0.242653236 0.036285359 0.969434261 76.730087280
0.969349682 -0.005570518 0.245621815 10.471297264 0.014216472 0.999339521 -0.033441212 -2.369924307 -0.245273322 0.035908114 0.968788683 77.514122009
0.968771756 -0.003512337 0.247929186 10.667236328 0.011848945 0.999413073 -0.032140810 -2.404970169 -0.247670829 0.034074813 0.968244791 78.295791626
0.968013585 -0.001408239 0.250893950 10.871433258 0.010035965 0.999401271 -0.033111807 -2.441688061 -0.250697136 0.034570642 0.967448056 79.081443787
0.966973066 -0.003532364 0.254853696 11.062585831 0.012531669 0.999353468 -0.033696607 -2.477840424 -0.254569948 0.035777461 0.966392338 79.861282349
0.966236115 -0.005656526 0.257595628 11.311049461 0.015458737 0.999230564 -0.036043365 -2.513863087 -0.257193565 0.038808517 0.965580285 80.646064758
0.965455294 -0.005559720 0.260509312 11.524305344 0.015827820 0.999177456 -0.037334189 -2.548835993 -0.260087490 0.040167790 0.964749217 81.409339905
0.964565039 -0.006908334 0.263754576 11.739689827 0.017418185 0.999143720 -0.037529424 -2.578627110 -0.263269424 0.040793698 0.963859499 82.190971375
0.963641703 -0.004319930 0.267162621 11.949994087 0.014740610 0.999206126 -0.037011784 -2.615457296 -0.266790658 0.039604250 0.962940395 82.959556580
0.962700903 -0.003985408 0.270538360 12.185331345 0.014316862 0.999240994 -0.036225803 -2.659321308 -0.270188600 0.038747877 0.962027311 83.738388062
0.961587608 -0.006343212 0.274424791 12.411759377 0.016731052 0.999228597 -0.035529062 -2.692731380 -0.273987681 0.038755726 0.960951924 84.507598877
0.960419595 -0.004628480 0.278519064 12.633162498 0.015063942 0.999261796 -0.035339195 -2.727427721 -0.278149873 0.038136054 0.959780276 85.270690918
0.958850503 -0.002011703 0.283904403 12.838624954 0.011692056 0.999406338 -0.032406762 -2.761753559 -0.283670634 0.034392662 0.958304763 86.017585754
0.957837760 -0.000995356 0.287307858 13.088648796 0.010194466 0.999482036 -0.030524075 -2.794631004 -0.287128657 0.032166064 0.957351804 86.790901184
0.956621230 -0.005169041 0.291288853 13.329092979 0.014268242 0.999474049 -0.029122222 -2.826224089 -0.290985107 0.032015119 0.956191838 87.543754578
0.955336094 -0.005668356 0.295466840 13.574643135 0.015693489 0.999378264 -0.031569455 -2.861564398 -0.295104206 0.034796339 0.954831302 88.299468994
0.953980446 -0.003495228 0.299848318 13.833306313 0.014244379 0.999331534 -0.033670258 -2.890286446 -0.299530149 0.036391925 0.953392506 89.056449890
0.952338576 -0.002536159 0.305032253 14.044098854 0.013453814 0.999341607 -0.033695117 -2.924233913 -0.304745913 0.036193009 0.951745749 89.790176392
0.951146781 -0.003594059 0.308718115 14.296093941 0.013771607 0.999430895 -0.030794455 -2.960777044 -0.308431715 0.033541594 0.950654984 90.542892456
0.949620008 -0.003357765 0.313385606 14.537719727 0.012980793 0.999505937 -0.028625166 -2.994354010 -0.313134581 0.031251028 0.949194431 91.280487061
0.948019207 -0.003348936 0.318195254 14.787869453 0.013498800 0.999467671 -0.029698653 -3.016213179 -0.317926407 0.032450151 0.947559953 92.004325867
0.946629524 -0.004755989 0.322288305 15.047043800 0.015903093 0.999362528 -0.031963233 -3.055344582 -0.321930885 0.035382729 0.946101785 92.732963562
0.945129991 -0.006305302 0.326633692 15.313021660 0.018447107 0.999248624 -0.034088187 -3.082517862 -0.326173335 0.038243212 0.944536150 93.467994690
0.943557620 -0.008008100 0.331111789 15.573386192 0.020088136 0.999250948 -0.033077080 -3.112398148 -0.330598891 0.037861545 0.943011642 94.196098328
0.941895962 -0.008444812 0.335798591 15.828605652 0.019766146 0.999345064 -0.030310953 -3.140518665 -0.335322678 0.035187200 0.941446066 94.905334473
0.940146625 -0.008628745 0.340660661 16.083789825 0.018559478 0.999492168 -0.025903407 -3.191288471 -0.340264112 0.030675486 0.939829469 95.624412537
0.938526809 -0.006003731 0.345154136 16.364337921 0.016513167 0.999484956 -0.027516445 -3.213462830 -0.344811112 0.031524505 0.938142717 96.345321655
0.936282575 -0.007805856 0.351160973 16.634990692 0.020253366 0.999289453 -0.031787608 -3.238052607 -0.350663245 0.036874369 0.935775518 97.050407410
0.934500694 -0.004279592 0.355935663 16.913022995 0.018230516 0.999190927 -0.035850026 -3.268967867 -0.355494231 0.039990760 0.933822632 97.764732361
0.932655811 -0.000374514 0.360767394 17.190917969 0.014441822 0.999236703 -0.036297683 -3.300152063 -0.360478371 0.039063383 0.931949258 98.479560852
0.930861473 0.001912283 0.365367234 17.459241867 0.011430044 0.999344528 -0.034351237 -3.337322950 -0.365193397 0.036152415 0.930229485 99.183998108
0.929300487 -0.003065097 0.369311661 17.760282516 0.015775759 0.999382257 -0.031402253 -3.360283852 -0.368987322 0.035008293 0.928774893 99.879989624
0.927434921 -0.004898792 0.373952299 18.054847717 0.017424151 0.999394298 -0.030121339 -3.386610508 -0.373578280 0.034451380 0.926958680 100.591705322
0.925824583 -0.003243602 0.377939463 18.348585129 0.015350625 0.999460697 -0.029026173 -3.425168037 -0.377641529 0.032674745 0.925375283 101.293045044
0.923689663 -0.001901018 0.383136630 18.626209259 0.014489150 0.999445736 -0.029972378 -3.456702232 -0.382867247 0.033236500 0.923205256 101.996337891
0.922531605 -0.001366148 0.385918915 18.929607391 0.014205448 0.999436319 -0.030419860 -3.491209030 -0.385659814 0.033545434 0.922030985 102.685470581
0.921269655 -0.000691404 0.388923496 19.228549957 0.013346921 0.999465585 -0.029838977 -3.517349720 -0.388695031 0.032680683 0.920786679 103.360366821
0.919479966 -0.001150593 0.393135071 19.519691467 0.013423021 0.999504566 -0.028469035 -3.543703079 -0.392907560 0.031453770 0.919039905 104.050788879
0.918286502 0.000282079 0.395916253 19.820224762 0.012346520 0.999492943 -0.029348584 -3.576533079 -0.395723790 0.031838603 0.917817473 104.738548279
0.916636646 0.000993127 0.399720222 20.118991852 0.011573792 0.999511659 -0.029024309 -3.602942467 -0.399553895 0.031231027 0.916177511 105.422515869
0.915411413 0.001922552 0.402515292 20.418865204 0.011896951 0.999422431 -0.031829949 -3.628210783 -0.402344108 0.033926193 0.914859653 106.077896118
0.914274216 0.004319863 0.405073166 20.717235565 0.009819385 0.999412954 -0.032821078 -3.661407709 -0.404977113 0.033985022 0.913694918 106.753311157
0.912851274 0.004757316 0.408264697 21.017860413 0.009964279 0.999374747 -0.033924673 -3.695679188 -0.408170730 0.035036236 0.912233055 107.427124023
0.911745250 0.003177434 0.410743624 21.325393677 0.011546040 0.999376655 -0.033360224 -3.719783545 -0.410593629 0.035158493 0.911140323 108.091720581
0.910572827 0.004858413 0.413320154 21.621841431 0.009595022 0.999413013 -0.032886203 -3.750516653 -0.413237274 0.033911094 0.909991741 108.755783081
0.909747541 0.006082095 0.415117145 21.923557281 0.007410266 0.999495447 -0.030884046 -3.782397270 -0.415095568 0.031172818 0.909243524 109.422424316
0.909496546 0.008635569 0.415621698 22.223142624 0.005126056 0.999475121 -0.031983819 -3.811719418 -0.415679812 0.031219674 0.908975005 110.084167480
0.908822238 0.008022339 0.417106420 22.530654907 0.005715837 0.999481738 -0.031677432 -3.846547604 -0.417144418 0.031173266 0.908305407 110.737800598
0.908516824 0.007882304 0.417773873 22.834949493 0.005956055 0.999476135 -0.031809919 -3.873986006 -0.417805761 0.031388130 0.907993972 111.397811890
0.908791184 0.007190757 0.417189091 23.142341614 0.006311435 0.999500215 -0.030976215 -3.902668476 -0.417203367 0.030783975 0.908291638 112.054801941
0.909734726 0.008980436 0.415092707 23.440610886 0.005072890 0.999451041 -0.032740854 -3.929282188 -0.415158898 0.031891216 0.909189761 112.689193726
0.910630584 0.008907165 0.413125396 23.743818283 0.005504367 0.999417484 -0.033680879 -3.963049173 -0.413184673 0.032944832 0.910051227 113.350166321
0.911658406 0.003847990 0.410930663 24.049070358 0.011395140 0.999334931 -0.034638215 -3.991971970 -0.410790712 0.036260832 0.911008298 114.003631592
0.911986113 0.000148482 0.410221159 24.351945877 0.015212485 0.999299824 -0.034181450 -4.017459869 -0.409938991 0.037413489 0.911345363 114.660423279
0.911843181 0.004031702 0.410518825 24.643892288 0.010843747 0.999366283 -0.033900872 -4.053315163 -0.410395384 0.035363838 0.911221683 115.321853638
0.912080884 0.005395829 0.409974694 24.937759399 0.009686092 0.999350667 -0.034701720 -4.083539963 -0.409895748 0.035621826 0.911436498 115.979873657
0.912366450 0.005541069 0.409336895 25.233320236 0.010465578 0.999265850 -0.036853366 -4.111429214 -0.409240633 0.037907731 0.911638677 116.632232666
0.912428677 0.006750590 0.409180015 25.523597717 0.009778294 0.999218822 -0.038289536 -4.143852711 -0.409118861 0.038937557 0.911649942 117.291946411
0.912115514 0.006885544 0.409875333 25.818746567 0.009416428 0.999243140 -0.037741248 -4.177512646 -0.409824967 0.038283940 0.911360383 117.948707581
0.912567556 0.006052565 0.408881277 26.132675171 0.009158256 0.999337137 -0.035232924 -4.216303825 -0.408823490 0.035897065 0.911907256 118.608123779
0.912362874 0.007033682 0.409322172 26.425962448 0.007143960 0.999426544 -0.033097476 -4.243358612 -0.409320325 0.033121094 0.911789477 119.270889282
0.912200391 0.002950111 0.409733921 26.732290268 0.010828990 0.999451160 -0.031304955 -4.276298523 -0.409601390 0.032993402 0.911667824 119.931411743
0.912152767 -0.000162952 0.409850359 27.028656006 0.012857766 0.999519050 -0.028218532 -4.302916050 -0.409648687 0.031009376 0.911716163 120.584892273
0.911920071 -0.002478767 0.410360217 27.333105087 0.015169805 0.999501884 -0.027673539 -4.336408138 -0.410087258 0.031461146 0.911503494 121.242698669
0.911426365 -0.001686991 0.411459774 27.622238159 0.015229098 0.999444664 -0.029636303 -4.366230488 -0.411181331 0.033277471 0.910946012 121.882095337
0.910985529 0.000509454 0.412438214 27.916631699 0.014808120 0.999314189 -0.033942275 -4.403060436 -0.412172616 0.037028342 0.910353124 122.508758545
0.910474777 -0.000629907 0.413564086 28.213703156 0.016960377 0.999214470 -0.035816900 -4.427755833 -0.413216680 0.039624587 0.909770250 123.143028259
0.910009861 0.000100527 0.414586574 28.510169983 0.016167244 0.999230802 -0.035729092 -4.460355282 -0.414271265 0.039216541 0.909308195 123.784736633
0.908752263 0.001996096 0.417331159 28.794456482 0.012676184 0.999395132 -0.032382924 -4.488559246 -0.417143375 0.034718215 0.908177257 124.424957275
0.907397568 0.006876149 0.420216739 29.084754944 0.006962780 0.999482870 -0.031390008 -4.517188072 -0.420215309 0.031409096 0.906880617 125.074897766
0.906219423 0.004415792 0.422784448 29.392137527 0.009554164 0.999476194 -0.030917995 -4.553220749 -0.422699600 0.032057844 0.905702651 125.706787109
0.904990971 0.005167606 0.425399482 29.699663162 0.011491367 0.999264419 -0.036585342 -4.582226753 -0.425275564 0.037997827 0.904265881 126.341796875
0.903412819 0.007747451 0.428701699 30.004095078 0.010800501 0.999108255 -0.040815916 -4.616066933 -0.428635627 0.041503817 0.902523637 126.974533081
0.901785076 0.012705203 0.431998044 30.299163818 0.006531590 0.999052942 -0.043017000 -4.648796082 -0.432135493 0.041613720 0.900848091 127.612800598
0.901041508 0.010836909 0.433597594 30.612537384 0.008289511 0.999075055 -0.042195980 -4.677797794 -0.433653831 0.041614637 0.900118113 128.240234375
0.900003135 0.009633925 0.435777098 30.921636581 0.008495745 0.999178052 -0.039635412 -4.713096142 -0.435800791 0.039374240 0.899181545 128.873794556
0.898909986 0.005873330 0.438094229 31.238925934 0.011711694 0.999230683 -0.037427042 -4.752365112 -0.437977046 0.038774360 0.898149610 129.506729126
0.898029685 0.005519376 0.439900368 31.559017181 0.013160449 0.999136746 -0.039402280 -4.783049583 -0.439738154 0.041173711 0.897181809 130.131744385
0.896954656 0.002573634 0.442115009 31.881084442 0.016307667 0.999109983 -0.038900703 -4.811864376 -0.441821635 0.042102028 0.896114469 130.763793945
0.896378875 0.004444041 0.443266362 32.198146820 0.014335052 0.999136150 -0.039005518 -4.846780777 -0.443056881 0.041317970 0.895540774 131.395538330
0.895891905 0.002275808 0.444266111 32.521030426 0.017346332 0.999045134 -0.040097766 -4.881301880 -0.443933129 0.043629639 0.894997060 132.025634766
0.895684719 0.001120716 0.444688350 32.846000671 0.020383954 0.998842239 -0.043574370 -4.917142868 -0.444222450 0.048093393 0.894624770 132.654357910
0.895180464 -0.000444367 0.445703626 33.174770355 0.024086224 0.998586476 -0.047380775 -4.950876236 -0.445052534 0.053149652 0.893925846 133.285614014
0.894266725 0.002208028 0.447528929 33.494514465 0.021877259 0.998576641 -0.048642632 -4.987584591 -0.446999311 0.053290207 0.892945588 133.931884766
0.893515646 0.002626014 0.449024439 33.819709778 0.020687567 0.998680234 -0.047006827 -5.028276920 -0.448555231 0.051290561 0.892282188 134.574981689
0.892795444 0.004874624 0.450435787 34.147598267 0.017799912 0.998778641 -0.046089485 -5.068780422 -0.450110227 0.049166206 0.891618490 135.228805542
0.892418265 0.006142281 0.451167285 34.480648041 0.017426822 0.998692214 -0.048067007 -5.113093853 -0.450872421 0.050758287 0.891144037 135.876281738
0.892105579 0.006944482 0.451773524 34.819091797 0.017945388 0.998548388 -0.050785590 -5.147533417 -0.451470345 0.053413361 0.890685916 136.529678345
0.891708016 0.007198907 0.452553719 35.155799866 0.018258149 0.998487473 -0.051858943 -5.188750744 -0.452242553 0.054505832 0.890227973 137.182693481
0.891418159 0.006598482 0.453133613 35.499244690 0.018244103 0.998560846 -0.050431289 -5.231493950 -0.452814221 0.053222392 0.890015006 137.841522217
0.891001821 0.005650741 0.453964442 35.835483551 0.018965524 0.998586297 -0.049653821 -5.275400639 -0.453603238 0.052851319 0.889635205 138.513671875
0.890707254 0.004822189 0.454551876 36.183799744 0.019763231 0.998587370 -0.049320288 -5.317916870 -0.454147607 0.052913345 0.889353752 139.176773071
0.890426338 0.005536602 0.455093682 36.522102356 0.018445013 0.998665512 -0.048238732 -5.367041111 -0.454753488 0.051347237 0.889135957 139.843566895
0.889910698 0.004644260 0.456111103 36.874259949 0.018136358 0.998797238 -0.045555606 -5.407387733 -0.455774009 0.048812617 0.888756096 140.518646240
0.889116943 0.003933831 0.457663268 37.226028442 0.018094882 0.998879075 -0.043739352 -5.443755627 -0.457322270 0.047170743 0.888049126 141.198257446
0.888274074 0.005298633 0.459283292 37.579597473 0.016804257 0.998889148 -0.044024091 -5.483166695 -0.459006310 0.046823371 0.887198269 141.883468628
0.887305558 0.006774960 0.461132318 37.935188293 0.015841454 0.998854280 -0.045157131 -5.522784233 -0.460909873 0.047373168 0.886181593 142.574462891
0.886565983 0.009127785 0.462511986 38.304588318 0.014698086 0.998744726 -0.047884494 -5.572549820 -0.462368488 0.049250811 0.885318995 143.263992310
0.885953426 0.010402397 0.463657349 38.672763824 0.014215617 0.998669505 -0.049568791 -5.614005089 -0.463556111 0.050506823 0.884626925 143.954864502
0.885383010 0.010987064 0.464732081 39.042945862 0.013635146 0.998676717 -0.049587388 -5.655461311 -0.464661896 0.050240535 0.884061754 144.655166626
0.884793460 0.010345533 0.465868533 39.419387817 0.013174482 0.998798490 -0.047201719 -5.700903416 -0.465797126 0.047901355 0.883594096 145.347442627
0.884111881 0.010742213 0.467151791 39.793834686 0.012132944 0.998870850 -0.045931451 -5.746560097 -0.467117816 0.046276465 0.882983267 146.065338135
0.883742869 0.010803578 0.467848152 40.175266266 0.012561453 0.998825610 -0.046792932 -5.789222717 -0.467804193 0.047229774 0.882569313 146.776947021
0.883580625 0.013334281 0.468089163 40.549240112 0.011205523 0.998706222 -0.049601682 -5.834706306 -0.468145013 0.049072269 0.882288098 147.483978271
0.883652389 0.015059384 0.467901468 40.926776886 0.010399725 0.998604298 -0.051780354 -5.876787186 -0.468028188 0.050621882 0.882262409 148.207611084
0.884516478 0.015125554 0.466263622 41.311309814 0.010264033 0.998601317 -0.051865723 -5.928375721 -0.466396034 0.050661836 0.883123994 148.896301270
0.885248363 0.014937163 0.464878589 41.687992096 0.009926644 0.998649716 -0.050990816 -5.976200104 -0.465012640 0.049754228 0.883904815 149.610717773
0.886358857 0.015303761 0.462745875 42.059238434 0.009001843 0.998695016 -0.050270908 -6.020082474 -0.462911338 0.048723627 0.885064423 150.320251465
0.887474358 0.013971303 0.460645229 42.431858063 0.009234614 0.998800635 -0.048084788 -6.066369534 -0.460764587 0.046927899 0.886280835 151.031936646
0.889092863 0.014102131 0.457509488 42.800109863 0.007936642 0.998900115 -0.046213306 -6.117328167 -0.457658052 0.044719011 0.888002992 151.741683960
0.890310347 0.014950849 0.455108702 43.156829834 0.006141947 0.998975694 -0.044832751 -6.163535595 -0.455312759 0.042710315 0.889306486 152.444808960
0.892064989 0.013978245 0.451690763 43.520568848 0.006844762 0.998989046 -0.044433244 -6.203007698 -0.451855183 0.042729061 0.891067386 153.146392822
0.893658102 0.014105960 0.448526740 43.876018524 0.006449024 0.998999059 -0.044267286 -6.242656231 -0.448702127 0.042452376 0.892672360 153.862365723
0.895781338 0.014391113 0.444262147 44.229450226 0.005630469 0.999028325 -0.043714732 -6.289843559 -0.444459558 0.041660242 0.894829690 154.580780029
0.898296297 0.011525645 0.439238936 44.584545135 0.008431355 0.999019623 -0.043457448 -6.330482960 -0.439309210 0.042741034 0.897318542 155.277801514
0.900547743 0.010234422 0.434636593 44.928833008 0.009828048 0.998988092 -0.043886535 -6.365292072 -0.434645951 0.043793548 0.899535954 155.988922119
0.902545393 0.010468950 0.430467308 45.275749207 0.009645251 0.998961985 -0.044517577 -6.407015800 -0.430486530 0.044331096 0.901507556 156.705902100
0.904678226 0.011768319 0.425932974 45.621032715 0.008117662 0.998961091 -0.044842653 -6.459653854 -0.426018208 0.044025745 0.903642833 157.431503296
0.906657279 0.012030650 0.421696365 45.963729858 0.008917438 0.998823464 -0.047668319 -6.496666908 -0.421773672 0.046979278 0.905483246 158.154403687
0.908220947 0.012633745 0.418300390 46.294345856 0.008589328 0.998770952 -0.048814740 -6.545154095 -0.418403029 0.047927476 0.906996131 158.872314453
0.909706593 0.014310387 0.415004969 46.623329163 0.006922228 0.998744547 -0.049612936 -6.587939262 -0.415193915 0.048005980 0.908465445 159.593353271
0.911288679 0.015968835 0.411458343 46.949905396 0.004537122 0.998797655 -0.048812389 -6.633774757 -0.411743104 0.046349011 0.910120547 160.326538086
0.912725270 0.013646889 0.408345878 47.276580811 0.005767532 0.998912156 -0.046275031 -6.675526142 -0.408533096 0.044591531 0.911653578 161.059066772
0.914076924 0.011699317 0.405372173 47.606025696 0.007025475 0.998976946 -0.044672955 -6.719889641 -0.405480117 0.043682445 0.913059533 161.794525146
0.915637016 0.013211882 0.401788950 47.926849365 0.005124852 0.998994946 -0.044528626 -6.764641285 -0.401973426 0.042831156 0.914649069 162.544342041
0.917334199 0.012803128 0.397912264 48.252182007 0.005931981 0.998932123 -0.045816816 -6.807195187 -0.398073941 0.044389725 0.916278720 163.284011841
0.919266999 0.013247957 0.393411636 48.576438904 0.005879622 0.998859942 -0.047374800 -6.849238396 -0.393590719 0.045863189 0.918141007 164.016906738
0.920891702 0.012611705 0.389614671 48.890148163 0.006236857 0.998871982 -0.047074590 -6.888339996 -0.389768839 0.045780558 0.919774115 164.764724731
0.922877729 0.013557564 0.384854376 49.204757690 0.005295826 0.998838902 -0.047886223 -6.934958458 -0.385056674 0.046231244 0.921734273 165.521804810
0.924644232 0.016078938 0.380492598 49.503852844 0.002313966 0.998852730 -0.047832962 -6.981034756 -0.380825132 0.045108907 0.923546076 166.275863647
0.926731884 0.014792941 0.375432044 49.824714661 0.003761576 0.998809218 -0.048640765 -7.028153419 -0.375704557 0.046489149 0.925572753 167.025131226
0.928444564 0.014867058 0.371173382 50.124042511 0.003046997 0.998860359 -0.047630269 -7.073815346 -0.371458471 0.045353021 0.927341163 167.787643433
0.930271268 0.016043587 0.366521627 50.428199768 0.000907860 0.998939693 -0.046030395 -7.119441032 -0.366871446 0.043153495 0.929270208 168.541091919
0.931986213 0.014389531 0.362207949 50.723747253 0.001964058 0.998996794 -0.044741061 -7.159429550 -0.362488359 0.042409450 0.931022882 169.315017700
0.933749855 0.015062516 0.357609034 51.033233643 0.000659884 0.999040008 -0.043802641 -7.208608150 -0.357925475 0.041136693 0.932843566 170.085632324
0.935180783 0.012997979 0.353932083 51.323341370 0.002313279 0.999080896 -0.042803023 -7.250504971 -0.354163110 0.040847313 0.934291124 170.855239868
0.936366916 0.013414682 0.350766152 51.608711243 0.001880218 0.999063492 -0.043227360 -7.294984341 -0.351017475 0.041136194 0.935464859 171.628173828
0.937777817 0.014258817 0.346942902 51.899444580 0.000703567 0.999076486 -0.042962212 -7.338107586 -0.347235113 0.040533110 0.936901808 172.411483765
0.939243972 0.013800436 0.342972726 52.197998047 0.001285480 0.999043047 -0.043719538 -7.379226685 -0.343247861 0.041504193 0.938327432 173.186706543
0.941126406 0.012934400 0.337806970 52.484657288 0.001769842 0.999065518 -0.043184306 -7.423554897 -0.338049889 0.041239757 0.940224230 173.967224121
0.942876875 0.011659899 0.332937390 52.767719269 0.003040560 0.999044538 -0.043598682 -7.467886925 -0.333127588 0.042120505 0.941940486 174.756134033
0.944424570 0.012378637 0.328495115 53.043163300 0.002448369 0.998998165 -0.044684190 -7.512296677 -0.328719109 0.043005120 0.943448067 175.543579102
0.945798516 0.013020956 0.324492961 53.318641663 0.001831922 0.998966038 -0.045425083 -7.555275440 -0.324748904 0.043557424 0.944796681 176.324554443
0.947127759 0.014694876 0.320520312 53.582656860 -0.000142939 0.998969853 -0.045377336 -7.597982407 -0.320856959 0.042932309 0.946154118 177.119323730
0.948385894 0.014491134 0.316787481 53.850055695 -0.000192510 0.998981535 -0.045121100 -7.645706177 -0.317118734 0.042731229 0.947422683 177.915008545
0.949799836 0.014023104 0.312543839 54.109180450 -0.000261520 0.999030173 -0.044029381 -7.692843914 -0.312858164 0.041737359 0.948882401 178.700302124
0.951005697 0.013964943 0.308858216 54.367885590 -0.000726579 0.999077499 -0.042935804 -7.736638546 -0.309173018 0.040607780 0.950138450 179.481842041
0.951955020 0.012483058 0.305983633 54.622440338 0.000558318 0.999096453 -0.042496637 -7.780889511 -0.306237638 0.040625714 0.951087892 180.271896362
0.952755392 0.012614512 0.303476810 54.873287201 0.000480246 0.999073386 -0.043035839 -7.825780392 -0.303738534 0.041148365 0.951866448 181.072113037
0.953368843 0.012553574 0.301546246 55.136981964 0.000725012 0.999036372 -0.043882743 -7.874721527 -0.301806539 0.042055078 0.952441156 181.855087280
0.953624785 0.012037273 0.300757080 55.387840271 0.001185359 0.999042034 -0.043743379 -7.918940544 -0.300995469 0.042071290 0.952697158 182.642486572
0.953804553 0.010670575 0.300238252 55.645946503 0.002713553 0.999022186 -0.044126105 -7.965901852 -0.300415516 0.042902391 0.952843070 183.433090210
0.953493953 0.010701057 0.301222116 55.894268036 0.001994493 0.999123633 -0.041807741 -8.017392159 -0.301405460 0.040464219 0.952637076 184.215377808
0.953261197 0.010356959 0.301970005 56.155738831 0.002225637 0.999144495 -0.041294537 -8.050043106 -0.302139372 0.040036555 0.952422619 184.999267578
0.953192592 0.008247972 0.302251428 56.408248901 0.004026984 0.999192834 -0.039966080 -8.091103554 -0.302337170 0.039312538 0.952390015 185.780181885
0.953212321 0.005411797 0.302252978 56.659690857 0.006860060 0.999194980 -0.039524958 -8.136367798 -0.302223623 0.039749153 0.952407897 186.550628662
0.953155518 0.004470989 0.302447975 56.903976440 0.008045301 0.999162257 -0.040124800 -8.179909706 -0.302374005 0.040678464 0.952320993 187.311569214
0.953149259 0.002859905 0.302487046 57.156459808 0.010126439 0.999093175 -0.041354895 -8.221753120 -0.302331001 0.042480502 0.952255845 188.083312988
0.953109920 0.002436038 0.302614659 57.397041321 0.010690554 0.999072373 -0.041713282 -8.263670921 -0.302435577 0.042992458 0.952199697 188.846862793
0.953066707 0.001306396 0.302757740 57.640380859 0.011814341 0.999068558 -0.041501958 -8.299939156 -0.302529961 0.043131009 0.952163398 189.598907471
0.953234851 -0.000329911 0.302230418 57.886222839 0.013021252 0.999115705 -0.039978415 -8.341599464 -0.301950008 0.042044237 0.952396095 190.348663330
0.953258574 0.000873293 0.302154630 58.127578735 0.011308899 0.999192059 -0.038565982 -8.389447212 -0.301944256 0.040180389 0.952478468 191.082321167
0.952896178 0.001120639 0.303294808 58.359516144 0.011483778 0.999142826 -0.039771624 -8.428114891 -0.303079426 0.041381195 0.952066422 191.812026978
0.952923059 0.003064172 0.303196847 58.593711853 0.010493249 0.999016702 -0.043075696 -8.465478897 -0.303030699 0.044229344 0.951953888 192.533706665
0.952702105 0.003594611 0.303884506 58.818145752 0.010833645 0.998892725 -0.045780115 -8.508893967 -0.303712636 0.046906989 0.951608241 193.243927002
0.952358484 0.001850440 0.304975301 59.050277710 0.013356253 0.998769164 -0.047768146 -8.548369408 -0.304688275 0.049565721 0.951161504 193.960540771
0.952049196 0.001767320 0.305939972 59.284477234 0.013308687 0.998797476 -0.047184810 -8.592482567 -0.305655509 0.048993919 0.950880766 194.669158936
0.951754093 0.002633756 0.306850702 59.513507843 0.012262269 0.998838067 -0.046606895 -8.634335518 -0.306616843 0.048120994 0.950615764 195.369796753
0.951154768 0.000366448 0.308714360 59.743335724 0.014327802 0.998869359 -0.045329895 -8.672016144 -0.308381855 0.047538947 0.950074017 196.067123413
0.950481296 0.001901633 0.310776174 59.967601776 0.012672912 0.998912394 -0.044871289 -8.716200829 -0.310523510 0.046587758 0.949423373 196.747467041
0.949781001 0.001849715 0.312910199 60.197380066 0.012738125 0.998925090 -0.044569209 -8.758647919 -0.312656254 0.046316870 0.948736429 197.429428101
0.949124336 0.002814804 0.314889044 60.419876099 0.011712926 0.998952508 -0.044234239 -8.798903465 -0.314683706 0.045672067 0.948097169 198.100173950
0.948333681 0.002062006 0.317268163 60.641952515 0.012051090 0.999023139 -0.042514339 -8.834461212 -0.317045957 0.044141207 0.947382390 198.750579834
