1.000000000 -0.000000000 0.000000000 0.000000001 -0.000000000 0.999999940 0.000000000 0.000000007 0.000000000 0.000000000 0.999999940 -0.000000002
0.999999881 0.000473125 -0.000256892 0.002689898 -0.000473073 0.999999821 0.000204915 0.002340731 0.000256989 -0.000204793 0.999999881 0.608956456
0.999999166 0.001288051 -0.000123951 0.000325576 -0.001287938 0.999998748 0.000906793 0.003249954 0.000125119 -0.000906633 0.999999583 1.234315634
0.999997973 0.002005180 -0.000286445 0.000932276 -0.002004496 0.999995172 0.002368844 0.008494491 0.000291194 -0.002368266 0.999997079 1.880931139
0.999996006 0.002812590 -0.000381370 0.002365396 -0.002810812 0.999985456 0.004583688 0.007711430 0.000394257 -0.004582596 0.999989390 2.545591831
0.999996006 0.002791589 -0.000313511 0.003863824 -0.002789677 0.999978542 0.005941025 0.009371944 0.000330089 -0.005940126 0.999982297 3.228896856
0.999998629 0.001654925 -0.000183503 0.006926257 -0.001653526 0.999971330 0.007379004 0.012453029 0.000195710 -0.007378689 0.999972701 3.924541235
0.999999642 0.000919359 -0.000423297 0.012559523 -0.000916040 0.999969363 0.007775371 0.016864337 0.000430432 -0.007774978 0.999969661 4.633303165
0.999999762 -0.000530126 0.000135514 0.014657168 0.000528916 0.999961317 0.008779925 0.024881430 -0.000140163 -0.008779852 0.999961436 5.354172230
0.999999702 -0.000664399 0.000174550 0.017509025 0.000662630 0.999950349 0.009944093 0.026572950 -0.000181148 -0.009943975 0.999950528 6.093707085
0.999999046 -0.001442515 0.000067042 0.022308588 0.001441843 0.999957204 0.009131818 0.032621771 -0.000080212 -0.009131714 0.999958277 6.846972942
0.999999642 0.000812652 -0.000135903 0.023239734 -0.000811856 0.999983072 0.005755199 0.036541607 0.000140578 -0.005755087 0.999983370 7.611620903
0.999998987 0.001444703 0.000094907 0.022430340 -0.001444802 0.999998331 0.001045794 0.037371412 -0.000093396 -0.001045930 0.999999404 8.397523880
0.999982297 0.005948261 0.000037196 0.017165700 -0.005948254 0.999982297 -0.000181241 0.043633342 -0.000038274 0.000181016 0.999999940 9.194834709
0.999963462 0.008538777 0.000346066 0.016223852 -0.008539419 0.999961734 0.001899112 0.041065529 -0.000329837 -0.001901998 0.999998093 9.988895416
0.999913216 0.013134894 0.000988262 0.008777315 -0.013140561 0.999895871 0.005965386 0.044242732 -0.000909804 -0.005977854 0.999981701 10.846827507
0.999850631 0.017238839 0.001264629 0.004913269 -0.017247181 0.999827385 0.006912756 0.047423374 -0.001145243 -0.006933534 0.999975324 11.687460899
0.999839127 0.017890539 0.001241628 0.010393684 -0.017899700 0.999809325 0.007808228 0.049201839 -0.001101698 -0.007829197 0.999968708 12.534646988
0.999824047 0.018708222 0.001385705 0.020209875 -0.018716803 0.999803901 0.006463861 0.045134924 -0.001264506 -0.006488658 0.999978185 13.405528069
0.999789655 0.020466065 0.001311562 0.021475770 -0.020473020 0.999775171 0.005530381 0.055380501 -0.001198082 -0.005556070 0.999983788 14.262959480
0.999812365 0.019320136 0.001408517 0.029026696 -0.019327525 0.999798477 0.005434677 0.057549171 -0.001303234 -0.005460880 0.999984264 15.134575844
0.999785364 0.020678336 0.001291507 0.029611364 -0.020686567 0.999763489 0.006721851 0.060149629 -0.001152205 -0.006747126 0.999976516 16.008571625
0.999773145 0.021268213 0.001107433 0.042038076 -0.021275170 0.999751091 0.006701780 0.057385072 -0.000964622 -0.006723820 0.999976933 16.893066406
0.999775231 0.021147430 0.001471822 0.036714286 -0.021153240 0.999768078 0.004054548 0.060777649 -0.001385737 -0.004084770 0.999990702 17.805438995
0.999764204 0.021668989 0.001362402 0.039106913 -0.021671236 0.999763727 0.001657551 0.065873750 -0.001326163 -0.001686685 0.999997675 18.699764252
0.999705076 0.024268361 0.000808775 0.043044537 -0.024270063 0.999703050 0.002174562 0.063815713 -0.000755762 -0.002193550 0.999997258 19.586791992
0.999711573 0.023986921 0.001160265 0.046888769 -0.023991657 0.999702990 0.004261875 0.059316203 -0.001057691 -0.004288482 0.999990284 20.507625580
0.999672234 0.025545478 0.001706820 0.045416962 -0.025554694 0.999657631 0.005618276 0.064735621 -0.001562714 -0.005660052 0.999982655 21.415189743
0.999641836 0.026692543 0.001974967 0.046527997 -0.026707549 0.999611199 0.008007620 0.061765283 -0.001760456 -0.008057497 0.999965906 22.320196152
0.999638975 0.026778787 0.002211203 0.045895953 -0.026797188 0.999602556 0.008760666 0.066938937 -0.001975724 -0.008816758 0.999959052 23.234649658
0.999701679 0.024341596 0.002029595 0.056571379 -0.024361657 0.999647737 0.010530239 0.065372854 -0.001772558 -0.010576541 0.999942422 24.164072037
0.999725401 0.023349693 0.002048356 0.062718675 -0.023370741 0.999666989 0.010936417 0.070750922 -0.001792312 -0.010981281 0.999938011 25.081785202
0.999732375 0.023054609 0.001927919 0.066962875 -0.023071771 0.999689400 0.009413370 0.072465524 -0.001710299 -0.009455332 0.999953747 25.996189117
0.999753833 0.022125619 0.001669648 0.073620357 -0.022134311 0.999740422 0.005379779 0.069538549 -0.001550184 -0.005415410 0.999984086 26.908138275
0.999809802 0.019439209 0.001657005 0.080376863 -0.019443627 0.999807239 0.002693098 0.069715396 -0.001604335 -0.002724803 0.999994993 27.814414978
0.999853373 0.017061802 0.001453832 0.088579379 -0.017068237 0.999844015 0.004536235 0.066400096 -0.001376209 -0.004560384 0.999988616 28.725856781
0.999911249 0.013249380 0.001392743 0.096965782 -0.013264335 0.999847651 0.011343552 0.067894906 -0.001242235 -0.011361019 0.999934614 29.641681671
0.999972224 0.007452770 0.000051161 0.110922776 -0.007452572 0.999829590 0.016891157 0.068610519 0.000074734 -0.016891072 0.999857247 30.563503265
0.999996006 0.000576540 -0.002755526 0.122913390 -0.000528081 0.999845743 0.017554488 0.075331986 0.002765223 -0.017552963 0.999841988 31.477094650
0.999978662 -0.002588112 -0.005988603 0.126319036 0.002682311 0.999871790 0.015775554 0.079568684 0.005947008 -0.015791278 0.999857545 32.390266418
0.999927104 -0.005714690 -0.010634620 0.120922595 0.005876452 0.999866486 0.015242252 0.089114219 0.010546099 -0.015303632 0.999827385 33.302211761
0.999825478 -0.006681084 -0.017444488 0.115307927 0.006961550 0.999846578 0.016066696 0.093616188 0.017334472 -0.016185332 0.999718726 34.195060730
0.999668062 -0.005609313 -0.025140338 0.094820499 0.006092917 0.999797046 0.019201053 0.103108346 0.025027530 -0.019347861 0.999499500 35.124359131
0.999404609 -0.005579998 -0.034047365 0.061531186 0.006366127 0.999714553 0.023024689 0.109525442 0.033909176 -0.023227733 0.999154925 36.031044006
0.998949349 -0.005280004 -0.045522552 0.028685331 0.006456136 0.999648035 0.025728079 0.120132506 0.045370691 -0.025994945 0.998631954 36.952213287
0.998247564 -0.005472193 -0.058922313 -0.017683268 0.007108579 0.999593794 0.027598208 0.138470471 0.058747359 -0.027968701 0.997881055 37.863620758
0.997320056 -0.004632428 -0.073015288 -0.090541363 0.006748568 0.999563396 0.028762167 0.157332063 0.072850183 -0.029177833 0.996916056 38.770313263
0.996125519 -0.004703687 -0.087817088 -0.165482044 0.007412665 0.999505758 0.030547380 0.170095921 0.087630019 -0.031079978 0.995668113 39.668628693
0.994470358 -0.004164634 -0.104934409 -0.254643440 0.007341288 0.999525726 0.029904725 0.185970783 0.104760081 -0.030509714 0.994029462 40.574207306
0.992676675 -0.004034992 -0.120734550 -0.368299484 0.007538435 0.999563217 0.028575068 0.209497809 0.120566510 -0.029275950 0.992273510 41.491725922
0.990442097 -0.003309523 -0.137889534 -0.485531330 0.007406204 0.999545872 0.029207410 0.226242423 0.137730271 -0.029949488 0.990016758 42.393161774
0.987750530 -0.003637409 -0.155998960 -0.617145061 0.008614006 0.999474764 0.031237334 0.247009158 0.155803397 -0.032198466 0.987263024 43.299102783
0.985024154 -0.005507993 -0.172328234 -0.780581951 0.011262902 0.999410510 0.032435119 0.267732382 0.172047943 -0.033890296 0.984505415 44.205989838
0.981847346 -0.006868265 -0.189548045 -0.946557999 0.013387627 0.999361277 0.033135287 0.283964872 0.189199388 -0.035071399 0.981312096 45.104972839
0.978368342 -0.007910482 -0.206719249 -1.125428200 0.015253356 0.999307096 0.033951361 0.304936171 0.206307456 -0.036370095 0.977811038 45.983795166
0.974687099 -0.008075133 -0.223427519 -1.333504677 0.016470660 0.999225438 0.035738029 0.327821136 0.222965881 -0.038513388 0.974065125 46.900157928
0.970768988 -0.007081185 -0.239910975 -1.562549591 0.016236925 0.999212325 0.036207989 0.345363140 0.239465669 -0.039045017 0.970119357 47.798423767
0.966301739 -0.007659357 -0.257298172 -1.796490669 0.017492037 0.999200583 0.035947993 0.373679280 0.256817162 -0.039237276 0.965663135 48.693687439
0.961352110 -0.009012952 -0.275174290 -2.042547226 0.019743970 0.999147654 0.036252081 0.397888780 0.274612993 -0.040284045 0.960710645 49.573390961
0.956423044 -0.007166713 -0.291896701 -2.323521614 0.019192206 0.999079883 0.038355161 0.423917174 0.291353226 -0.042285912 0.955680490 50.459445953
0.950867534 -0.006203349 -0.309535831 -2.590385437 0.018824261 0.999107778 0.037803568 0.440275550 0.309025198 -0.041772973 0.950136006 51.310356140
0.945105672 -0.005660084 -0.326715916 -2.890354156 0.018172447 0.999212980 0.035257690 0.458731294 0.326259255 -0.039259475 0.944464684 52.171401978
0.939193368 -0.005398225 -0.343346179 -3.205194473 0.017698528 0.999308348 0.032701254 0.484987020 0.342932165 -0.036789525 0.938639402 53.038433075
0.933054268 -0.002678505 -0.359725654 -3.535016060 0.015847178 0.999307573 0.033663504 0.510228157 0.359386414 -0.037110519 0.932450652 53.893074036
0.927032113 0.001271291 -0.374979794 -3.873641968 0.012972060 0.999287128 0.035457645 0.532380223 0.374757469 -0.037734639 0.926354587 54.714622498
0.920855761 0.003434481 -0.389888287 -4.231376648 0.011981505 0.999239743 0.037100658 0.552457333 0.389719248 -0.038835794 0.920114458 55.552616119
0.914493561 0.004171404 -0.404578984 -4.600513458 0.011966554 0.999230564 0.037351247 0.575499535 0.404423445 -0.038998891 0.913739979 56.374603271
0.908351064 0.007038679 -0.418149382 -4.993783951 0.008921821 0.999304712 0.036202211 0.605416298 0.418113410 -0.036614966 0.907656550 57.197231293
0.902136385 0.009765953 -0.431340307 -5.372222900 0.007107620 0.999271750 0.037489846 0.627948880 0.431392401 -0.036886763 0.901409864 58.000259399
0.896392047 0.012407855 -0.443088204 -5.773424149 0.005911586 0.999184608 0.039939761 0.651944637 0.443222493 -0.038421046 0.895587742 58.801349640
0.891116440 0.017183186 -0.453449339 -6.185092926 0.002199608 0.999107540 0.042183224 0.676249981 0.453769535 -0.038587578 0.890283167 59.590282440
0.886577010 0.022802718 -0.462018639 -6.603588104 -0.003819050 0.999111116 0.041982211 0.706175208 0.462565273 -0.035455991 0.885875881 60.371685028
0.882138312 0.023620803 -0.470397741 -7.011131287 -0.005702351 0.999204040 0.039480928 0.732446909 0.470955878 -0.032145265 0.881570876 61.158699036
0.878606021 0.026206369 -0.476827621 -7.431467056 -0.008842961 0.999214649 0.038622569 0.758709073 0.477465361 -0.029717453 0.878147840 61.925773621
0.875758052 0.029992966 -0.481817782 -7.863504410 -0.012357623 0.999133825 0.039734315 0.783733726 0.482592195 -0.028843520 0.875370026 62.676048279
0.873037100 0.033514325 -0.486500710 -8.279836655 -0.014464142 0.998976350 0.042861767 0.808303237 0.487439126 -0.030383095 0.872628152 63.425075531
0.870398104 0.036378145 -0.491002768 -8.698520660 -0.016348805 0.998852193 0.045023005 0.825538397 0.492076904 -0.031160634 0.869993746 64.164978027
0.867775738 0.037378795 -0.495548248 -9.106281281 -0.017649120 0.998856366 0.044436771 0.847319841 0.496642441 -0.029815165 0.867442906 64.874832153
0.865316987 0.037291814 -0.499835759 -9.514074326 -0.018909073 0.998947322 0.041794159 0.870767713 0.500868142 -0.026713761 0.865111232 65.576965332
0.862811446 0.035990011 -0.504243076 -9.921976089 -0.018904254 0.999061882 0.038960259 0.898932934 0.505172133 -0.024083018 0.862682462 66.267921448
0.860448420 0.037147727 -0.508181810 -10.333539963 -0.020904507 0.999072850 0.037636191 0.921347618 0.509108543 -0.021760717 0.860427022 66.960258484
0.858193457 0.037897896 -0.511925519 -10.744274139 -0.021339035 0.999042869 0.038186409 0.943362951 0.512882590 -0.021847332 0.858180583 67.642837524
0.855896771 0.036492839 -0.515857518 -11.146713257 -0.019441834 0.999072552 0.038419109 0.966689825 0.516781032 -0.022853576 0.855812430 68.314506531
0.853575289 0.037388917 -0.519626081 -11.550056458 -0.020656263 0.999065936 0.037954822 0.984248638 0.520559788 -0.021663768 0.853550255 68.985900879
0.851521254 0.036947157 -0.523016810 -11.947385788 -0.020220682 0.999086142 0.037656642 1.005324841 0.523930073 -0.021489674 0.851490080 69.638175964
0.849671006 0.035801858 -0.526096344 -12.339202881 -0.018414222 0.999098480 0.038250688 1.024742603 0.526991427 -0.022812843 0.849564314 70.270996094
0.847848058 0.036621686 -0.528972983 -12.741645813 -0.019812133 0.999103427 0.037414327 1.047419190 0.529868841 -0.021241579 0.847813487 70.916152954
0.846577227 0.040748037 -0.530703783 -13.151239395 -0.022869706 0.998929203 0.040217210 1.065894127 0.531774223 -0.021909939 0.846602678 71.559463501
0.845577776 0.042350225 -0.532169819 -13.551433563 -0.020576574 0.998693168 0.046781652 1.092028856 0.533455491 -0.028607287 0.845344305 72.196807861
0.844486356 0.042118579 -0.533918202 -13.955478668 -0.016024390 0.998443663 0.053417638 1.117483854 0.535337090 -0.036554750 0.843847036 72.847381592
0.843777716 0.042848129 -0.534979641 -14.354475021 -0.016380023 0.998399556 0.054130003 1.142579079 0.536442757 -0.036910705 0.843129098 73.484359741
0.842978418 0.040394988 -0.536428630 -14.754350662 -0.018549129 0.998766422 0.046061371 1.168371439 0.537627518 -0.028878450 0.842687786 74.095458984
0.842179835 0.034449164 -0.538095236 -15.140913010 -0.018066712 0.999199450 0.035692878 1.194623113 0.538893938 -0.020338204 0.842127979 74.708007812
0.841586769 0.030442651 -0.539263308 -15.531770706 -0.016660515 0.999398530 0.030417537 1.223222613 0.539864838 -0.016614592 0.841587603 75.333625793
0.841520250 0.029341165 -0.539428115 -15.918203354 -0.015728666 0.999431372 0.029825076 1.233661413 0.539996445 -0.016613925 0.841503263 75.945396423
0.841759205 0.031463072 -0.538935602 -16.319002151 -0.018670917 0.999399722 0.029183019 1.249881983 0.539530277 -0.014502654 0.841841340 76.559761047
0.842261910 0.031373173 -0.538154662 -16.708761215 -0.019029727 0.999413192 0.028480185 1.261546254 0.538732409 -0.013746838 0.842364728 77.171745300
0.842773974 0.032021303 -0.537314236 -17.097753525 -0.018212523 0.999353707 0.030990366 1.279141188 0.537959218 -0.016332028 0.842812538 77.788253784
0.843460858 0.034415387 -0.536087036 -17.488077164 -0.017750772 0.999186218 0.036216691 1.295113683 0.536897182 -0.021031402 0.843385398 78.399230957
0.843758166 0.036727574 -0.535465539 -17.865594864 -0.017660333 0.999015570 0.040694259 1.316036463 0.536432922 -0.024879610 0.843576193 79.010337830
0.843732834 0.038057178 -0.535412490 -18.251163483 -0.018496754 0.998952329 0.041857436 1.332069635 0.536444426 -0.025413103 0.843552828 79.611740112
0.843490481 0.037736028 -0.535816908 -18.644260406 -0.020302653 0.999056160 0.038399894 1.351272106 0.536760271 -0.021511436 0.843460500 80.214141846
0.842485845 0.034582838 -0.537607253 -19.041465759 -0.019888656 0.999253631 0.033111762 1.372524023 0.538351178 -0.017203905 0.842544973 80.859458923
0.841583073 0.031255454 -0.539222658 -19.443143845 -0.019609241 0.999434114 0.027326314 1.396414399 0.539771676 -0.012423613 0.841719747 81.492973328
0.840467334 0.031789176 -0.540928841 -19.851289749 -0.021734109 0.999451876 0.024966227 1.418109775 0.541426122 -0.009226693 0.840697825 82.126228333
0.839315891 0.036832333 -0.542394638 -20.282060623 -0.026170479 0.999282897 0.027361292 1.439647198 0.543013692 -0.008770040 0.839678109 82.770713806
0.837722123 0.043347917 -0.544373512 -20.720808029 -0.030228838 0.998997033 0.033030767 1.460200071 0.545259356 -0.011214826 0.838192403 83.441528320
0.836220682 0.047286153 -0.546350598 -21.156826019 -0.031573553 0.998774230 0.038117897 1.475117803 0.547483385 -0.014624745 0.836688697 84.109352112
0.835041821 0.048184786 -0.548072577 -21.603891373 -0.032645959 0.998741746 0.038066894 1.500008941 0.549217224 -0.013895093 0.835564196 84.785636902
0.833823919 0.047951747 -0.549943864 -22.064558029 -0.034192994 0.998793483 0.035245348 1.526991487 0.550970435 -0.010584190 0.834457576 85.465591431
0.832224846 0.047226805 -0.552423239 -22.521335602 -0.035447877 0.998859346 0.031990577 1.552625656 0.553303957 -0.007041119 0.832949638 86.159324646
0.830501437 0.047371075 -0.554998517 -22.977664948 -0.036847603 0.998866856 0.030117944 1.582497001 0.555796385 -0.004562626 0.831305921 86.839324951
0.828872442 0.044551894 -0.557660937 -23.449996948 -0.034078803 0.998993695 0.029157644 1.609945536 0.558398843 -0.005163546 0.829556584 87.564056396
0.827478945 0.040861726 -0.560008109 -23.928777695 -0.030251589 0.999144197 0.028203538 1.628617048 0.560681224 -0.006396693 0.828006983 88.267082214
0.825641155 0.038267434 -0.562896311 -24.406103134 -0.028527884 0.999252498 0.026088331 1.646017790 0.563473821 -0.005481359 0.826115608 88.974716187
0.823807597 0.034595475 -0.565812767 -24.898500443 -0.025927044 0.999390960 0.023356674 1.663233876 0.566276193 -0.004571554 0.824202836 89.703659058
0.821543515 0.034025427 -0.569129407 -25.404064178 -0.026273010 0.999416590 0.021824822 1.682248354 0.569540024 -0.002977299 0.821958184 90.429939270
0.819116414 0.033832885 -0.572628558 -25.913711548 -0.026481295 0.999425232 0.021169344 1.694981337 0.573015571 -0.002176213 0.819541574 91.163116455
0.816961110 0.033739638 -0.575704932 -26.441881180 -0.026255628 0.999428093 0.021313882 1.715592384 0.576094747 -0.002297119 0.817379653 91.902633667
0.814460516 0.034594882 -0.579186797 -26.970504761 -0.026833242 0.999398589 0.021960905 1.731428623 0.579598188 -0.002344836 0.814898968 92.667343140
0.813121617 0.036097348 -0.580973566 -27.509700775 -0.028704312 0.999347568 0.021917874 1.747532129 0.581385612 -0.001145454 0.813627243 93.415931702
0.812700272 0.036626760 -0.581529796 -28.046627045 -0.030729584 0.999327660 0.019995872 1.761588573 0.581871092 0.001619515 0.813279331 94.164688110
0.812764823 0.036652394 -0.581437886 -28.604656219 -0.032996360 0.999313056 0.016870132 1.777612925 0.581656814 0.005473885 0.813415825 94.941406250
0.813099325 0.038417071 -0.580856085 -29.162500381 -0.035733096 0.999232233 0.016067704 1.795037508 0.581027448 0.007691150 0.813847661 95.715934753
0.813658237 0.039282486 -0.580014765 -29.721187592 -0.035100482 0.999213874 0.018433664 1.806261063 0.580282867 0.005360096 0.814397395 96.506271362
0.814687610 0.039758775 -0.578535557 -30.288133621 -0.035016283 0.999199212 0.019358544 1.817776561 0.578842044 0.004487002 0.815427423 97.298599243
0.816048741 0.038157191 -0.576722205 -30.848920822 -0.034524530 0.999254763 0.017261444 1.832492828 0.576951087 0.005824881 0.816757977 98.076629639
0.816295445 0.033365220 -0.576670229 -31.397012711 -0.030942628 0.999422729 0.014024694 1.843744040 0.576805234 0.006395402 0.816856623 98.908248901
0.816950917 0.031001421 -0.575873435 -31.960256577 -0.029243311 0.999496341 0.012321210 1.852680445 0.575965226 0.006774621 0.817446053 99.712547302
0.817860842 0.027082469 -0.574778438 -32.523864746 -0.026432212 0.999605477 0.009488722 1.851275206 0.574808717 0.007432211 0.818254113 100.520126343
0.818586767 0.021321848 -0.573987007 -33.087966919 -0.022553401 0.999733269 0.004972653 1.851431489 0.573939800 0.008874813 0.818849385 101.339401245
0.819129467 0.023761911 -0.573116302 -33.636718750 -0.026281497 0.999647021 0.003883288 1.852597237 0.573006272 0.011881439 0.819464862 102.128845215
0.819966853 0.029000249 -0.571675837 -34.207435608 -0.028682338 0.999542892 0.009565596 1.855773211 0.571691751 0.008553529 0.820423841 102.943023682
0.820011556 0.039745584 -0.570965469 -34.784564972 -0.032377135 0.999209702 0.023056667 1.863617420 0.571430564 -0.000420515 0.820650339 103.777008057
0.821274459 0.047029350 -0.568591654 -35.354583740 -0.034708783 0.998869359 0.032485057 1.875466824 0.569476545 -0.006944029 0.821978211 104.589401245
0.822058201 0.052996274 -0.566931963 -35.929004669 -0.039511923 0.998568416 0.036052492 1.902331114 0.568031013 -0.007236673 0.822975338 105.415397644
0.822969675 0.053397708 -0.565570235 -36.503181458 -0.041048732 0.998559654 0.034547318 1.926455259 0.566600382 -0.005215450 0.823976159 106.243316650
0.823675811 0.044689171 -0.565297246 -37.052326202 -0.032113709 0.998965979 0.032180738 1.954208136 0.566150844 -0.008352705 0.824259281 107.078147888
0.823887706 0.041787498 -0.565210462 -37.615436554 -0.031708263 0.999114692 0.027647145 1.976114273 0.565865397 -0.004856301 0.824483275 107.908370972
0.824343979 0.038345028 -0.564788997 -38.183418274 -0.032040842 0.999264300 0.021077149 1.994592786 0.565181553 0.000721496 0.824966192 108.745536804
0.825197220 0.035075411 -0.563754618 -38.747528076 -0.032530241 0.999364674 0.014561767 2.010450840 0.563907146 0.006322744 0.825813949 109.589630127
0.825496495 0.039593697 -0.563016832 -39.310428619 -0.037321966 0.999182403 0.015545133 2.015791893 0.563171864 0.008180441 0.826299250 110.420730591
0.826118171 0.045740437 -0.561637282 -39.887855530 -0.041447010 0.998932719 0.020389466 2.028670311 0.561970413 0.006434078 0.827132225 111.258056641
0.827147245 0.047075428 -0.560010076 -40.470207214 -0.036196131 0.998878956 0.030505028 2.044648647 0.560818315 -0.004961950 0.827923954 112.115821838
0.827667773 0.050768849 -0.558917582 -41.040260315 -0.034227457 0.998612225 0.040022798 2.076106548 0.560173750 -0.013995254 0.828256786 112.971160889
0.828061819 0.049442444 -0.558452547 -41.608695984 -0.030573342 0.998603702 0.043077592 2.101756573 0.559802651 -0.018597145 0.828417242 113.819168091
0.827906668 0.043813180 -0.559151947 -42.167556763 -0.027002700 0.998901725 0.038288947 2.144042492 0.560215414 -0.016601060 0.828180492 114.668609619
0.828077316 0.037489060 -0.559359252 -42.709228516 -0.024328711 0.999224544 0.030953180 2.165819645 0.560086071 -0.012023132 0.828347266 115.493469238
0.827745140 0.037365939 -0.559858620 -43.291435242 -0.027714519 0.999284923 0.025718398 2.175640106 0.560419321 -0.005772065 0.828188777 116.337905884
0.827709913 0.036683261 -0.559955895 -43.857894897 -0.029856885 0.999326468 0.021333331 2.195697069 0.560361385 -0.000939269 0.828247607 117.186523438
0.827643812 0.037330162 -0.560010970 -44.436141968 -0.032510404 0.999298871 0.018565647 2.208244085 0.560311377 0.002840438 0.828277171 118.021995544
0.827548385 0.039588086 -0.559996784 -45.014984131 -0.033826094 0.999214351 0.020650569 2.225698471 0.560374320 0.001853157 0.828237295 118.878883362
0.827450991 0.042281143 -0.559943855 -45.574951172 -0.031194277 0.999082506 0.029343324 2.243445635 0.560670793 -0.006813119 0.828010798 119.732284546
0.827401400 0.044972718 -0.559807420 -46.145118713 -0.030829893 0.998922765 0.034682583 2.267328739 0.560764194 -0.011437615 0.827896595 120.582321167
0.827249467 0.044281852 -0.560086846 -46.714279175 -0.028203061 0.998905301 0.037319936 2.291435242 0.561126351 -0.015076734 0.827592790 121.430961609
0.826935828 0.042047866 -0.560721993 -47.292633057 -0.027226456 0.999024808 0.034762897 2.316456318 0.561636746 -0.013480220 0.827274084 122.282409668
0.826844454 0.037879851 -0.561153650 -47.864482880 -0.024074694 0.999198675 0.031976026 2.340301514 0.561915219 -0.012929598 0.827093720 123.131187439
0.826411426 0.035483923 -0.561947584 -48.428077698 -0.022356721 0.999293149 0.030221669 2.366181612 0.562622666 -0.012412232 0.826620638 123.970832825
0.825667083 0.038342565 -0.562853217 -49.001262665 -0.023316475 0.999154508 0.033860527 2.389911652 0.563675582 -0.014833772 0.825863004 124.821426392
0.825443685 0.040512115 -0.563028991 -49.580551147 -0.022940561 0.999004781 0.038249657 2.413336515 0.564018130 -0.018656738 0.825551510 125.667877197
0.824445248 0.042928036 -0.564311266 -50.161285400 -0.025755757 0.998931944 0.038361758 2.440865755 0.565355301 -0.017092910 0.824670315 126.523773193
0.824348927 0.043851733 -0.564381003 -50.731624603 -0.030397199 0.998985767 0.033221088 2.468539476 0.565265357 -0.010230167 0.824845672 127.328865051
0.823977828 0.043556832 -0.564945519 -51.305671692 -0.032256078 0.999029934 0.029978620 2.494360209 0.565703273 -0.006478789 0.824583352 128.168914795
0.823722661 0.045168221 -0.565190971 -51.879135132 -0.033035427 0.998951793 0.031686343 2.511391640 0.566029727 -0.007429431 0.824351251 129.015243530
0.823418617 0.046662673 -0.565512478 -52.463455200 -0.032403450 0.998853385 0.035238065 2.537895203 0.566508412 -0.010691122 0.823986590 129.859054565
0.822782278 0.046160996 -0.566479087 -53.027984619 -0.031983923 0.998877347 0.034941044 2.557741165 0.567456067 -0.010630650 0.823334992 130.693069458
0.823248088 0.042045515 -0.566122711 -53.595710754 -0.027924750 0.999045491 0.033590559 2.585581303 0.566994607 -0.011844530 0.823636353 131.521575928
0.822916389 0.042314265 -0.566584587 -54.150932312 -0.027879266 0.999028862 0.034118235 2.614350319 0.567477882 -0.012280498 0.823296964 132.326934814
0.822710574 0.044300463 -0.566731572 -54.720558167 -0.029766070 0.998948216 0.034875438 2.637344122 0.567680538 -0.011823027 0.823163986 133.150390625
0.821883082 0.045215890 -0.567858875 -55.288475037 -0.031528488 0.998927534 0.033907481 2.658561468 0.568782866 -0.009964258 0.822427332 133.977630615
0.821620405 0.046103373 -0.568167627 -55.843391418 -0.032302842 0.998887956 0.034340985 2.670825958 0.569118977 -0.009861827 0.822196007 134.767425537
0.821424723 0.049405124 -0.568172932 -56.407924652 -0.033338789 0.998696744 0.038642142 2.698789835 0.569341540 -0.012799420 0.822001398 135.587295532
0.821285963 0.051318895 -0.568204105 -56.974441528 -0.034893800 0.998600006 0.039755538 2.729345798 0.569448769 -0.012823869 0.821926773 136.400512695
0.821035802 0.049898155 -0.568691790 -57.532924652 -0.035035737 0.998699188 0.037045810 2.754494667 0.569800436 -0.010491406 0.821716011 137.208160400
0.820355713 0.048785277 -0.569768965 -58.093490601 -0.036269698 0.998787105 0.033297803 2.775421619 0.570702255 -0.006650699 0.821130157 138.029373169
0.820147038 0.048948180 -0.570055127 -58.629875183 -0.036086384 0.998775363 0.033842511 2.802729845 0.571013451 -0.007184608 0.820909142 138.828506470
0.819828808 0.054306824 -0.570027769 -59.187294006 -0.040417321 0.998497605 0.036998127 2.826343536 0.571180582 -0.007293139 0.820791960 139.618087769
0.820080221 0.055233896 -0.569576681 -59.743137360 -0.040770710 0.998440921 0.038120490 2.847337484 0.570794106 -0.008039813 0.821053684 140.413162231
0.819620311 0.051964544 -0.570545614 -60.289024353 -0.039407108 0.998632848 0.034343679 2.883501053 0.571550190 -0.005665229 0.820547521 141.213226318
0.819593608 0.048799213 -0.570863605 -60.832450867 -0.037837487 0.998801172 0.031057075 2.904508591 0.571694732 -0.003854142 0.820457339 141.994812012
0.819336355 0.046793554 -0.571400285 -61.361236572 -0.036223117 0.998897433 0.029861797 2.920242548 0.572167575 -0.003768963 0.820128083 142.769683838
0.819477379 0.044144928 -0.571408808 -61.890197754 -0.031998131 0.998998046 0.031289242 2.940306187 0.572217524 -0.007356813 0.820068836 143.538711548
0.819385052 0.042568989 -0.571660817 -62.413337708 -0.029215945 0.999044001 0.032517858 2.960473537 0.572498620 -0.009943035 0.819845438 144.300170898
0.819633424 0.041861407 -0.571356893 -62.933601379 -0.027657349 0.999055207 0.033521906 2.981242418 0.572220385 -0.011673456 0.820016801 145.051818848
0.820295632 0.040650226 -0.570493281 -63.449008942 -0.024103008 0.999041915 0.036529232 2.999191046 0.571431518 -0.016214164 0.820489407 145.806915283
0.820589602 0.042360757 -0.569945872 -63.981178284 -0.025021357 0.998955965 0.038221635 3.018792868 0.570969820 -0.017103456 0.820792794 146.587448120
0.821056247 0.039726119 -0.569463372 -64.485198975 -0.023992503 0.999095619 0.035104960 3.039284229 0.570342839 -0.015160300 0.821266711 147.317077637
0.821792841 0.036351927 -0.568625450 -64.984283447 -0.022944570 0.999264598 0.030722329 3.059622049 0.569324076 -0.012200527 0.822022617 148.035827637
0.822803736 0.037403330 -0.567093432 -65.477195740 -0.024487492 0.999238491 0.030376732 3.079258442 0.567797661 -0.011107391 0.823093176 148.754425049
0.824401498 0.042647470 -0.564396501 -65.976211548 -0.027938876 0.999007881 0.034678299 3.095933914 0.565315485 -0.012820237 0.824775100 149.479309082
0.826591730 0.044109397 -0.561070859 -66.462509155 -0.028436866 0.998923957 0.036637522 3.111583710 0.562083244 -0.014329177 0.826956511 150.190277100
0.829383910 0.043639950 -0.556972027 -66.931274414 -0.029492429 0.998974442 0.034354769 3.129289389 0.557900131 -0.012066831 0.829820275 150.881835938
0.832486749 0.043875568 -0.552304983 -67.374954224 -0.029673189 0.998959541 0.034631900 3.144905806 0.553249776 -0.012441952 0.832922399 151.582061768
0.836359501 0.046154048 -0.546235025 -67.822837830 -0.029356759 0.998790443 0.039443500 3.163874149 0.547394693 -0.016953254 0.836702704 152.259567261
0.840410113 0.045459170 -0.540041089 -68.244491577 -0.026996568 0.998750329 0.042060059 3.176507235 0.541278064 -0.020768447 0.840586960 152.930984497
0.844881117 0.040948972 -0.533384502 -68.653968811 -0.023684150 0.998951614 0.039175745 3.194494724 0.534429610 -0.020466087 0.844965100 153.595367432
0.849353015 0.037074391 -0.526521564 -69.042274475 -0.022340922 0.999161363 0.034315705 3.214715004 0.527352333 -0.017383173 0.849468887 154.240570068
0.854359269 0.032164048 -0.518686533 -69.411186218 -0.018205840 0.999322772 0.031980637 3.236403227 0.519364059 -0.017879831 0.854366064 154.872909546
0.859455824 0.029388176 -0.510364532 -69.763450623 -0.014855417 0.999360323 0.032529309 3.238610029 0.510994017 -0.020375829 0.859342635 155.485580444
0.864757538 0.025873402 -0.501522481 -70.097999573 -0.010570148 0.999388337 0.033332422 3.250151157 0.502078116 -0.023523297 0.864502192 156.091430664
0.870287120 0.023549307 -0.491981477 -70.421661377 -0.007706345 0.999385059 0.034204733 3.265178680 0.492484421 -0.025976557 0.869933426 156.683181763
0.875326514 0.020366451 -0.483103216 -70.728218079 -0.004534562 0.999414265 0.033916768 3.273154020 0.483511031 -0.027497591 0.874906242 157.263931274
0.880351961 0.016449103 -0.474035740 -71.013191223 -0.002407757 0.999540567 0.030212644 3.285695791 0.474314868 -0.025456399 0.879987061 157.830032349
0.885814130 0.014643582 -0.463809282 -71.297470093 -0.001940795 0.999610007 0.027853444 3.286312580 0.464036316 -0.023772815 0.885497034 158.379043579
0.890372336 0.011923910 -0.455076754 -71.569023132 -0.001174791 0.999713719 0.023895953 3.298266172 0.455231458 -0.020741675 0.890131533 158.929534912
0.894517124 0.008626296 -0.446950346 -71.830703735 0.000851169 0.999779105 0.020999592 3.302985668 0.447032720 -0.019164927 0.894312203 159.476211548
0.898934424 0.009963353 -0.437969923 -72.083724976 -0.001389267 0.999801099 0.019892946 3.307552099 0.438081056 -0.017273998 0.898769498 159.998229980
0.902536213 0.016696507 -0.430290282 -72.330032349 -0.009743681 0.999784052 0.018357085 3.309857607 0.430503905 -0.012375324 0.902503848 160.500152588
0.905190051 0.016978137 -0.424667865 -72.576217651 -0.011402219 0.999812186 0.015668185 3.314750195 0.424854100 -0.009340529 0.905213594 161.031738281
0.906875670 0.017165672 -0.421048790 -72.812133789 -0.011177552 0.999798357 0.016685860 3.321514130 0.421250343 -0.010425705 0.906884432 161.547012329
0.907428026 0.015824692 -0.419909477 -73.034873962 -0.007820333 0.999753535 0.020776868 3.327771187 0.420134783 -0.015569681 0.907328129 162.055618286
0.906541407 0.019135350 -0.421683013 -73.289070129 -0.010201508 0.999673367 0.023432316 3.332713604 0.421993643 -0.016940564 0.906440377 162.580383301
0.904452801 0.022528745 -0.425978392 -73.532051086 -0.013472412 0.999614835 0.024261573 3.337765217 0.426360905 -0.016204493 0.904407978 163.079879761
0.900240541 0.021381563 -0.434867620 -73.776489258 -0.013067688 0.999670327 0.022099722 3.341171741 0.435196728 -0.014212351 0.900223196 163.571044922
0.893229604 0.015819306 -0.449322373 -74.019538879 -0.008526084 0.999797106 0.018250467 3.344374895 0.449519873 -0.012470897 0.893183291 164.056823730
0.883394420 0.006417914 -0.468586296 -74.267509460 0.000670040 0.999887884 0.014957973 3.355677605 0.468629718 -0.013527760 0.883291185 164.531524658
0.870557129 0.003262025 -0.492056549 -74.535018921 0.004272956 0.999890208 0.014188450 3.359294415 0.492048770 -0.014454392 0.870447636 164.988769531
0.854696035 0.007402019 -0.519075990 -74.836883545 0.001181404 0.999867976 0.016203376 3.363504648 0.519127369 -0.014462197 0.854574442 165.428207397
0.836313128 0.012663009 -0.548105896 -75.154830933 -0.002576473 0.999812901 0.019167649 3.370290518 0.548245966 -0.014617974 0.836189270 165.864440918
0.816616952 0.019368077 -0.576854825 -75.496482849 -0.006865164 0.999692082 0.023846384 3.379384279 0.577139020 -0.015513157 0.816498458 166.301818848
0.794749141 0.023515318 -0.606482267 -75.853729248 -0.005982885 0.999504030 0.030913956 3.397281170 0.606908441 -0.020940326 0.794495702 166.731781006
0.770614684 0.030222865 -0.636584401 -76.213516235 -0.005294155 0.999143958 0.041027151 3.401993513 0.637279391 -0.028245941 0.770114958 167.143966675
0.744758248 0.035584066 -0.666384995 -76.612075806 -0.008519269 0.999002934 0.043824200 3.413797379 0.667280018 -0.026961319 0.744318724 167.546463013
0.717281520 0.035973217 -0.695854366 -77.027465820 -0.010619446 0.999114811 0.040704269 3.429919481 0.696702659 -0.021806831 0.717028499 167.936370850
0.687415540 0.032029435 -0.725557864 -77.455718994 -0.011416329 0.999380052 0.033301037 3.449939251 0.726174593 -0.014608443 0.687355042 168.309051514
0.655499578 0.026078895 -0.754745245 -77.897857666 -0.008487968 0.999594808 0.027167408 3.473079681 0.755147874 -0.011401975 0.655455291 168.678222656
0.622940481 0.031099029 -0.781650841 -78.363197327 -0.013557710 0.999488533 0.028961116 3.502380848 0.782151699 -0.007443654 0.623043537 169.015045166
0.589137137 0.039625142 -0.807060957 -78.870223999 -0.016180841 0.999175012 0.037245914 3.517660141 0.807871044 -0.008884024 0.589292407 169.353332520
0.555089295 0.044524740 -0.830598354 -79.404830933 -0.016580263 0.998960137 0.042469289 3.535927057 0.831625521 -0.009802708 0.555250347 169.678619385
0.519259572 0.043856211 -0.853490591 -79.950416565 -0.017023308 0.999015033 0.040977016 3.560744286 0.854446948 -0.006748474 0.519494712 169.988250732
0.480518460 0.039792351 -0.876081407 -80.491157532 -0.013939231 0.999190390 0.037738603 3.573842287 0.876873851 -0.005922196 0.480684072 170.286041260
0.441513598 0.036907058 -0.896495223 -81.078506470 -0.011887968 0.999306619 0.035284929 3.602392673 0.897175789 -0.004921271 0.441646188 170.550659180
0.401219308 0.037416600 -0.915217519 -81.681823730 -0.010534089 0.999287724 0.036235623 3.624552488 0.915921450 -0.004897451 0.401327699 170.794479370
0.358543426 0.040543675 -0.932632208 -82.301376343 -0.009732902 0.999164402 0.039694235 3.643596172 0.933462262 -0.005154895 0.358638465 171.038253784
0.315789491 0.041702766 -0.947912455 -82.948692322 -0.007869698 0.999114335 0.041333631 3.676006794 0.948796570 -0.005592945 0.315838009 171.232284546
0.273417771 0.043645367 -0.960904717 -83.597030640 -0.008679958 0.999041259 0.042907756 3.693075180 0.961856127 -0.003391134 0.273534477 171.395294189
0.231269285 0.046700023 -0.971768379 -84.289192200 -0.010775172 0.998908877 0.045439947 3.728527069 0.972830057 -0.000037892 0.231520206 171.559753418
0.191898555 0.046222746 -0.980325580 -84.971992493 -0.011900788 0.998926342 0.044770200 3.752714872 0.981342554 0.003075313 0.192242622 171.672836304
0.154017091 0.044189278 -0.987079561 -85.680892944 -0.009532372 0.999019325 0.043236431 3.778934002 0.988022208 0.002750060 0.154287308 171.770965576
0.117401525 0.042822149 -0.992160857 -86.395309448 -0.008180854 0.999077678 0.042152643 3.807672977 0.993050814 0.003167938 0.117643557 171.853713989
0.084093556 0.040730126 -0.995625138 -87.112922668 -0.002104762 0.999169290 0.040697340 3.837015629 0.996455610 -0.001326830 0.084109426 171.907379150
0.052033059 0.038965486 -0.997884929 -87.845886230 0.000132458 0.999238193 0.039025240 3.855637312 0.998645425 -0.002162778 0.051988244 171.937271118
0.022249486 0.033241794 -0.999199688 -88.605125427 0.006829792 0.999418676 0.033401154 3.885522366 0.999729097 -0.007567486 0.022009518 171.959197998
-0.007306727 0.027335007 -0.999599695 -89.355232239 0.012511961 0.999550581 0.027242204 3.912392139 0.999895036 -0.012307902 -0.007645456 171.951049805
-0.035651747 0.026709871 -0.999007344 -90.113075256 0.021669235 0.999428391 0.025947817 3.928900242 0.999129355 -0.020722637 -0.036210150 171.930999756
-0.061558582 0.027660392 -0.997720182 -90.889511108 0.025627788 0.999330103 0.026123812 3.947693110 0.997774422 -0.023961220 -0.062226217 171.885528564
-0.085293025 0.030292572 -0.995895207 -91.680671692 0.029991468 0.999162793 0.027823355 3.960333347 0.995904386 -0.027495218 -0.086130135 171.821548462
-0.105183139 0.031818990 -0.993943572 -92.466117859 0.034617443 0.998999357 0.028317481 3.979350328 0.993850172 -0.031429261 -0.106179357 171.739776611
-0.120223843 0.036292341 -0.992083192 -93.272277832 0.035985008 0.998834133 0.032178521 4.003157616 0.992094398 -0.031831492 -0.121389657 171.640090942
-0.133584321 0.039896846 -0.990234017 -94.072158813 0.035730567 0.998733580 0.035419166 4.019122124 0.990393043 -0.030650180 -0.134840697 171.535003662
-0.145271793 0.040950116 -0.988543928 -94.882011414 0.038875110 0.998607755 0.035654094 4.040387630 0.988627732 -0.033250216 -0.146661445 171.419982910
-0.156248510 0.035487447 -0.987080157 -95.701248169 0.040590409 0.998740792 0.029481471 4.065351009 0.986883342 -0.035459548 -0.157492176 171.294738770
-0.165308759 0.031000543 -0.985754490 -96.515022278 0.038820717 0.998935819 0.024904931 4.085921288 0.985477448 -0.034150690 -0.166336298 171.161087036
-0.173579276 0.031572856 -0.984313607 -97.339492798 0.033517119 0.999096334 0.026136430 4.103263855 0.984249294 -0.028454619 -0.174480617 171.010055542
-0.179874599 0.033904016 -0.983105063 -98.163162231 0.031037396 0.999103904 0.028776977 4.122971535 0.983199716 -0.025336772 -0.180765644 170.851486206
-0.183929265 0.034365363 -0.982338488 -99.005722046 0.030677622 0.999102533 0.029207861 4.143500328 0.982460558 -0.024763623 -0.184818417 170.689453125
-0.187326148 0.032976992 -0.981744051 -99.864250183 0.029022349 0.999185801 0.028025120 4.174738884 0.981868863 -0.023242682 -0.188130677 170.536666870
-0.190796688 0.029907865 -0.981173873 -100.763786316 0.025513412 0.999349058 0.025500601 4.192442894 0.981297970 -0.020167662 -0.191435546 170.351638794
-0.193041265 0.027386997 -0.980808377 -101.638191223 0.026750952 0.999385655 0.022640642 4.212878704 0.980825901 -0.021866977 -0.193655297 170.182952881
-0.195610598 0.026011482 -0.980336607 -102.514427185 0.026169501 0.999430597 0.021296397 4.227621078 0.980332434 -0.021489115 -0.196179897 170.007110596
-0.196202189 0.024556460 -0.980256021 -103.410766602 0.025885645 0.999467611 0.019856619 4.240807056 0.980221748 -0.021478636 -0.196733400 169.822647095
-0.197369441 0.021143436 -0.980101109 -104.333091736 0.024527505 0.999560893 0.016623968 4.249360561 0.980022192 -0.020758370 -0.197801411 169.648117065
-0.197223738 0.019719381 -0.980160177 -105.241760254 0.023135316 0.999612868 0.015455546 4.268642426 0.980085373 -0.019628111 -0.197603613 169.462112427
-0.197353855 0.025548140 -0.979999244 -106.163146973 0.026580503 0.999432325 0.020701919 4.283071995 0.979971826 -0.021963272 -0.197920874 169.281478882
-0.197457105 0.030721385 -0.979830027 -107.073661804 0.027077120 0.999298453 0.025875160 4.289916992 0.979937434 -0.021421742 -0.198150396 169.110534668
-0.196428820 0.032908626 -0.979965687 -108.002487183 0.027724821 0.999223351 0.027998038 4.312690735 0.980125964 -0.021669753 -0.197188646 168.928329468
