1.000000000 0.000000000 0.000000000 0.000000000 0.000000000 1.000000000 0.000000000 0.000000000 0.000000000 0.000000000 1.000000000 0.000000000
0.999999940 0.000306237 0.000263038 -0.012529819 -0.000306337 0.999999881 0.000377901 -0.006493033 -0.000262922 -0.000377981 0.999999881 0.301478803
0.999999642 0.000746460 0.000360122 -0.023406826 -0.000746670 0.999999523 0.000582719 -0.008058181 -0.000359687 -0.000582987 0.999999762 0.647760570
0.999999940 0.000267741 -0.000159226 0.003955782 -0.000267691 0.999999881 0.000313220 -0.016030580 0.000159310 -0.000313178 0.999999940 0.981951356
0.999999881 0.000426476 0.000322070 -0.013274332 -0.000426573 0.999999881 0.000302080 -0.020133354 -0.000321941 -0.000302217 0.999999821 1.267029524
0.999999225 0.000072960 0.001276193 -0.042118240 -0.000073927 0.999999762 0.000757313 -0.024640985 -0.001276138 -0.000757407 0.999998927 1.542017698
0.999998450 -0.000188298 0.001758331 -0.075814173 0.000187822 0.999999940 0.000270463 -0.016009670 -0.001758381 -0.000270132 0.999998391 1.815379500
0.999997854 0.000025361 0.002087467 -0.087820508 -0.000025883 1.000000000 0.000250115 -0.012627337 -0.002087460 -0.000250169 0.999997735 2.066626787
0.999997616 0.000190038 0.002150913 -0.140345097 -0.000190200 0.999999940 0.000075063 -0.003089187 -0.002150899 -0.000075472 0.999997616 2.388936520
0.999998271 0.000084169 0.001859369 -0.180404589 -0.000083918 1.000000000 -0.000135208 0.010221626 -0.001859381 0.000135052 0.999998271 2.794670105
0.999998987 -0.000351995 0.001408168 -0.168734759 0.000352133 0.999999940 -0.000097137 0.009143056 -0.001408134 0.000097633 0.999999046 3.086128235
0.999999225 -0.000165332 0.001250690 -0.177288279 0.000165278 0.999999940 0.000043339 0.000499795 -0.001250697 -0.000043132 0.999999225 3.398329020
0.999999166 -0.000204699 0.001317374 -0.199967474 0.000204510 1.000000000 0.000143768 0.006156432 -0.001317404 -0.000143499 0.999999106 3.678923607
0.999999821 -0.000188566 0.000393026 -0.180710629 0.000188623 1.000000000 -0.000145946 -0.000397212 -0.000392998 0.000146020 0.999999940 3.992472887
0.999999881 -0.000488799 -0.000017784 -0.188839942 0.000488788 0.999999762 -0.000611584 -0.003384650 0.000018083 0.000611575 0.999999881 4.278375626
0.999999881 -0.000176008 -0.000419387 -0.181656823 0.000175836 0.999999881 -0.000411389 -0.011034960 0.000419460 0.000411316 0.999999821 4.571208477
0.999999702 0.000077958 -0.000776314 -0.163966060 -0.000078135 1.000000000 -0.000227898 -0.009977601 0.000776296 0.000227959 0.999999702 4.820428848
0.999998927 0.000693747 -0.001246363 -0.172482103 -0.000694033 0.999999762 -0.000229221 -0.018337404 0.001246204 0.000230086 0.999999225 5.131417274
0.999998748 0.000760903 -0.001365214 -0.184052542 -0.000761252 0.999999642 -0.000254920 -0.021683475 0.001365019 0.000255959 0.999999046 5.405499458
0.999998391 0.000385703 -0.001717456 -0.178706452 -0.000386438 0.999999762 -0.000427536 -0.023795685 0.001717291 0.000428200 0.999998450 5.698842049
0.999998391 0.000378692 -0.001724954 -0.176645711 -0.000379585 0.999999702 -0.000517251 -0.027930545 0.001724757 0.000517905 0.999998391 5.945805073
0.999998033 0.000494750 -0.001924977 -0.182484955 -0.000495892 0.999999642 -0.000592992 -0.031455472 0.001924683 0.000593945 0.999997973 6.244315147
0.999998271 0.000459580 -0.001761355 -0.188750207 -0.000461028 0.999999523 -0.000822182 -0.030164987 0.001760976 0.000822993 0.999998152 6.483503819
0.999998152 0.000301819 -0.001895668 -0.186424464 -0.000303194 0.999999702 -0.000725017 -0.038966589 0.001895449 0.000725591 0.999997854 6.782951355
0.999998391 0.000373843 -0.001726678 -0.202388451 -0.000374708 0.999999821 -0.000500690 -0.041570965 0.001726490 0.000501336 0.999998331 7.047873020
0.999997914 0.000740925 -0.001918333 -0.195654362 -0.000740634 0.999999702 0.000152494 -0.046776909 0.001918446 -0.000151073 0.999998152 7.322519302
0.999997854 0.001033885 -0.001816327 -0.186891899 -0.001033433 0.999999464 0.000250135 -0.048769902 0.001816585 -0.000248257 0.999998331 7.542290211
0.999996960 0.001492564 -0.001958959 -0.201924860 -0.001492864 0.999998868 -0.000151561 -0.054575924 0.001958731 0.000154484 0.999998033 7.825139999
0.999996960 0.001661960 -0.001810622 -0.219173878 -0.001661746 0.999998629 0.000119261 -0.056312121 0.001810818 -0.000116252 0.999998391 8.079950333
0.999997497 0.001260206 -0.001861057 -0.207782805 -0.001259142 0.999998987 0.000572727 -0.059246883 0.001861777 -0.000570382 0.999998093 8.327236176
0.999997616 0.001250024 -0.001782122 -0.212700501 -0.001249937 0.999999166 0.000049564 -0.061255436 0.001782183 -0.000047337 0.999998391 8.574681282
0.999998331 0.001215830 -0.001376019 -0.211259976 -0.001215681 0.999999285 0.000109634 -0.067772239 0.001376152 -0.000107961 0.999999046 8.805628777
0.999998152 0.001514736 -0.001220750 -0.218394846 -0.001514394 0.999998868 0.000280973 -0.069914788 0.001221174 -0.000279123 0.999999225 9.029366493
0.999998152 0.001669116 -0.000978596 -0.220816359 -0.001668840 0.999998569 0.000282118 -0.074201807 0.000979066 -0.000280484 0.999999464 9.275285721
0.999997854 0.001837428 -0.000993773 -0.222168773 -0.001838031 0.999998152 -0.000606571 -0.076455913 0.000992657 0.000608397 0.999999285 9.519878387
0.999997735 0.001840201 -0.001160966 -0.222033918 -0.001841876 0.999997199 -0.001443719 -0.079871349 0.001158306 0.001445854 0.999998212 9.746180534
0.999998689 0.001501241 -0.000489895 -0.262681752 -0.001502224 0.999996781 -0.002011224 -0.075966790 0.000486874 0.002011957 0.999997795 9.953485489
0.999999464 0.001025080 0.000173904 -0.355979443 -0.001024622 0.999996066 -0.002613587 -0.047722481 -0.000176583 0.002613407 0.999996543 10.215683937
0.999999046 0.001126754 0.000776713 -0.394398808 -0.001124616 0.999995530 -0.002747527 -0.048208378 -0.000779805 0.002746651 0.999995828 10.388159752
0.999998689 0.000808087 0.001402033 -0.486730874 -0.000802968 0.999993026 -0.003647752 -0.018435117 -0.001404971 0.003646621 0.999992371 10.671670914
0.999999762 0.000603492 0.000487674 -0.484262496 -0.000601552 0.999991953 -0.003968900 -0.021049688 -0.000490066 0.003968605 0.999992013 10.935923576
0.999999642 0.000801804 -0.000098595 -0.500220537 -0.000802216 0.999990582 -0.004253262 -0.030734414 0.000095184 0.004253339 0.999990940 11.219222069
0.999999702 0.000756865 -0.000283073 -0.544037700 -0.000758167 0.999988973 -0.004627902 -0.023231851 0.000279567 0.004628115 0.999989271 11.454463005
0.999999404 0.001066821 0.000326823 -0.623592198 -0.001065147 0.999986529 -0.005080747 -0.005456105 -0.000332239 0.005080396 0.999987066 11.724401474
0.999996960 0.002194107 0.001154336 -0.663259625 -0.002187446 0.999981165 -0.005740275 -0.007715885 -0.001166909 0.005737732 0.999982893 11.908890724
0.999998748 0.001467311 0.000601360 -0.701533616 -0.001463510 0.999979377 -0.006273071 0.006326333 -0.000610552 0.006272184 0.999980152 12.140871048
0.999997020 0.002064792 0.001273619 -0.727892578 -0.002055951 0.999974072 -0.006904359 0.005635872 -0.001287841 0.006901719 0.999975443 12.339138985
0.999992549 0.003514346 0.001581887 -0.754647791 -0.003502147 0.999964535 -0.007649696 0.007685497 -0.001608714 0.007644099 0.999969423 12.537551880
0.999991357 0.003257200 0.002574803 -0.751918495 -0.003238217 0.999967754 -0.007342737 -0.001531489 -0.002598636 0.007334336 0.999969661 12.678482056
0.999993742 0.002317665 0.002646424 -0.716600418 -0.002300343 0.999975979 -0.006529556 -0.020658657 -0.002661494 0.006523428 0.999975145 12.776960373
0.999989092 0.001994006 0.004219288 -0.698198974 -0.001968126 0.999979258 -0.006128835 -0.027048983 -0.004231422 0.006120463 0.999972343 12.916007042
0.999985456 0.001377452 0.005218461 -0.693697512 -0.001351051 0.999986231 -0.005059374 -0.036176383 -0.005225358 0.005052250 0.999973595 13.093126297
0.999974787 0.003738917 0.006032718 -0.761140823 -0.003697775 0.999969900 -0.006816668 -0.021435440 -0.006058023 0.006794190 0.999958575 13.499521255
0.999970436 0.003806961 0.006687461 -0.775032043 -0.003760720 0.999968946 -0.006913646 -0.024868958 -0.006713575 0.006888292 0.999953747 13.799234390
0.999965966 0.003612360 0.007415978 -0.802355230 -0.003556125 0.999964952 -0.007582329 -0.022382699 -0.007443109 0.007555698 0.999943674 14.119873047
0.999960363 0.004046374 0.007930093 -0.831935346 -0.003984010 0.999961138 -0.007864224 -0.018094063 -0.007961607 0.007832319 0.999937594 14.476799011
0.999963224 0.004399152 0.007361719 -0.816668868 -0.004342147 0.999960601 -0.007741776 -0.027383305 -0.007395485 0.007709525 0.999942958 14.765893936
0.999966919 0.004093648 0.007041530 -0.792736053 -0.004038938 0.999961674 -0.007766481 -0.033629879 -0.007073053 0.007737783 0.999945045 15.061037064
0.999960303 0.004016909 0.007954221 -0.844574153 -0.003950711 0.999957561 -0.008320659 -0.024484403 -0.007987306 0.008288902 0.999933720 15.497473717
0.999965549 0.003634804 0.007469043 -0.847410440 -0.003573915 0.999960363 -0.008149353 -0.026898541 -0.007498368 0.008122378 0.999938846 15.874746323
0.999959052 0.003792358 0.008216597 -0.885208130 -0.003730372 0.999964595 -0.007546358 -0.024897173 -0.008244925 0.007515398 0.999937773 16.313905716
0.999962330 0.003114711 0.008099734 -0.896849632 -0.003055995 0.999969065 -0.007251426 -0.023610473 -0.008122070 0.007226401 0.999940872 16.729930878
0.999956667 0.003729164 0.008523337 -0.915787041 -0.003665699 0.999965549 -0.007449618 -0.023441382 -0.008550823 0.007418052 0.999935925 17.166410446
0.999961197 0.003823462 0.007932887 -0.902396441 -0.003778239 0.999976516 -0.005707751 -0.031557135 -0.007954523 0.005677557 0.999952257 17.565731049
0.999957144 0.003393800 0.008611966 -0.941302657 -0.003361171 0.999987066 -0.003800362 -0.026898734 -0.008624751 0.003771253 0.999955714 18.046592712
0.999958456 0.002914984 0.008638011 -0.943517208 -0.002900958 0.999994397 -0.001635814 -0.031381525 -0.008642731 0.001610688 0.999961376 18.462999344
0.999962747 0.002442263 0.008276844 -0.964030325 -0.002445783 0.999996901 0.000415265 -0.030083202 -0.008275807 -0.000435493 0.999965608 18.914268494
0.999964476 0.002656128 0.007997425 -0.973091125 -0.002667825 0.999995351 0.001452337 -0.026550051 -0.007993530 -0.001473621 0.999966919 19.331573486
0.999955535 0.003094494 0.008908465 -0.981715381 -0.003112465 0.999993145 0.002004107 -0.037415631 -0.008902202 -0.002031745 0.999958277 19.627820969
0.999965847 0.002740684 0.007786637 -0.936596930 -0.002751536 0.999995232 0.001383250 -0.026783111 -0.007782807 -0.001404628 0.999968708 19.942115784
0.999955237 0.002641483 0.009086457 -0.938076079 -0.002662501 0.999993801 0.002301773 -0.047347855 -0.009080322 -0.002325862 0.999956012 20.239028931
0.999952257 0.003053207 0.009278698 -0.935810924 -0.003076882 0.999992073 0.002538337 -0.055618960 -0.009270871 -0.002566766 0.999953747 20.595571518
0.999957144 0.002802581 0.008828789 -0.895556033 -0.002831689 0.999990642 0.003286225 -0.063510209 -0.008819496 -0.003311085 0.999955654 20.899473190
0.999929965 0.005777107 0.010337162 -0.911051869 -0.005808733 0.999978542 0.003032096 -0.075529411 -0.010319425 -0.003091930 0.999942005 21.201547623
0.999928057 0.006573784 0.010032171 -0.901136637 -0.006600813 0.999974608 0.002663513 -0.083819553 -0.010014409 -0.002729542 0.999946117 21.547704697
0.999947846 0.005128562 0.008824574 -0.883267760 -0.005153187 0.999982893 0.002769850 -0.082475796 -0.008810218 -0.002815180 0.999957204 21.920711517
0.999940634 0.005799426 0.009228241 -0.845271766 -0.005830201 0.999977529 0.003311433 -0.092046693 -0.009208828 -0.003365039 0.999951899 22.182302475
0.999947667 0.006182942 0.008142791 -0.796119452 -0.006215298 0.999972880 0.003954229 -0.111630589 -0.008118122 -0.004004632 0.999958992 22.468929291
0.999960005 0.005876476 0.006745787 -0.744269907 -0.005899362 0.999976814 0.003377628 -0.119744003 -0.006725783 -0.003417289 0.999971509 22.731273651
0.999965727 0.006302501 0.005371917 -0.710265934 -0.006320557 0.999974370 0.003350693 -0.123147011 -0.005350661 -0.003384532 0.999979973 23.057167053
0.999972463 0.006045519 0.004298749 -0.698709130 -0.006062937 0.999973416 0.004050500 -0.132923901 -0.004274148 -0.004076452 0.999982536 23.439329147
0.999968708 0.006508917 0.004501321 -0.724696159 -0.006521650 0.999974787 0.002819782 -0.135424852 -0.004482854 -0.002849050 0.999985874 23.889999390
0.999977708 0.005076823 0.004338060 -0.762705982 -0.005087314 0.999984086 0.002410593 -0.123999387 -0.004325753 -0.002432607 0.999987662 24.366121292
0.999974489 0.005523962 0.004527742 -0.799444795 -0.005532184 0.999983013 0.001805334 -0.115945563 -0.004517692 -0.001830337 0.999988079 24.823627472
0.999978304 0.004698629 0.004618841 -0.836307824 -0.004703953 0.999988258 0.001142537 -0.109983549 -0.004613419 -0.001164239 0.999988675 25.295166016
0.999964595 0.006080895 0.005808467 -0.886736453 -0.006085644 0.999981165 0.000800327 -0.107440375 -0.005803491 -0.000835647 0.999982774 25.739667892
0.999975204 0.005172218 0.004770795 -0.842785060 -0.005177137 0.999986053 0.001019549 -0.114266008 -0.004765456 -0.001044223 0.999988079 26.084234238
0.999972820 0.005960784 0.004358338 -0.852913022 -0.005964838 0.999981821 0.000918097 -0.117703974 -0.004352787 -0.000944068 0.999990106 26.493225098
0.999975622 0.004870770 0.005005213 -0.843252063 -0.004875019 0.999987781 0.000836859 -0.122968823 -0.005001076 -0.000861239 0.999987066 26.869237900
0.999967098 0.006107362 0.005345008 -0.859542608 -0.006109256 0.999981225 0.000338106 -0.126985207 -0.005342843 -0.000370749 0.999985695 27.281322479
0.999974012 0.004749471 0.005424705 -0.855987489 -0.004752333 0.999988556 0.000514869 -0.126128346 -0.005422200 -0.000540635 0.999985099 27.685358047
0.999971449 0.005634297 0.005031460 -0.848535419 -0.005636883 0.999983966 0.000500054 -0.132480904 -0.005028562 -0.000528401 0.999987185 28.078401566
0.999971867 0.004924185 0.005663522 -0.848632157 -0.004928310 0.999987721 0.000714839 -0.135080963 -0.005659932 -0.000742730 0.999983728 28.462177277
0.999973536 0.005480764 0.004775541 -0.837847352 -0.005487404 0.999983966 0.001378596 -0.137155443 -0.004767910 -0.001404765 0.999987662 28.859640121
0.999970555 0.005078649 0.005750375 -0.851432681 -0.005086947 0.999986053 0.001429319 -0.135117069 -0.005743035 -0.001458529 0.999982417 29.242681503
0.999963641 0.005697124 0.006328608 -0.862299085 -0.005705496 0.999982893 0.001305653 -0.142550066 -0.006321061 -0.001341714 0.999979079 29.639751434
0.999962628 0.004969141 0.007071624 -0.877123713 -0.004979402 0.999986589 0.001434200 -0.139523730 -0.007064403 -0.001469358 0.999973893 30.040515900
0.999965370 0.005006328 0.006668931 -0.886094391 -0.005014009 0.999986768 0.001135607 -0.142183959 -0.006663159 -0.001169006 0.999977052 30.447839737
0.999955654 0.005846261 0.007382197 -0.881172836 -0.005849119 0.999982834 0.000365623 -0.143244922 -0.007379933 -0.000408786 0.999972582 30.780408859
0.999960423 0.005157755 0.007246949 -0.891960561 -0.005162896 0.999986410 0.000690785 -0.141332209 -0.007243288 -0.000728173 0.999973476 31.196050644
0.999957681 0.005427791 0.007420359 -0.903677344 -0.005436103 0.999984562 0.001100524 -0.148138016 -0.007414272 -0.001140815 0.999971807 31.577255249
0.999962866 0.005411977 0.006707035 -0.889470637 -0.005419083 0.999984741 0.001041669 -0.145870984 -0.006701296 -0.001077976 0.999976993 31.924411774
0.999970555 0.003959282 0.006575958 -0.878836870 -0.003968737 0.999991119 0.001425347 -0.150966242 -0.006570256 -0.001451404 0.999977291 32.265785217
0.999971747 0.003935451 0.006397388 -0.857447922 -0.003946978 0.999990582 0.001790328 -0.159075052 -0.006390282 -0.001815528 0.999977946 32.583488464
0.999974132 0.004018971 0.005966034 -0.869923592 -0.004032409 0.999989331 0.002241868 -0.157774627 -0.005956961 -0.002265868 0.999979675 32.947566986
0.999970734 0.005065434 0.005733943 -0.885346711 -0.005077658 0.999984801 0.002119367 -0.162335396 -0.005723120 -0.002148420 0.999981344 33.317859650
0.999975026 0.004332724 0.005602919 -0.896407664 -0.004343413 0.999988794 0.001897009 -0.160200149 -0.005594637 -0.001921297 0.999982417 33.674514771
0.999979377 0.004193779 0.004859694 -0.903723240 -0.004205383 0.999988377 0.002380211 -0.162238419 -0.004849654 -0.002400598 0.999985278 34.023616791
0.999983013 0.003704916 0.004506253 -0.943042040 -0.003718848 0.999988317 0.003087424 -0.158743292 -0.004494762 -0.003104129 0.999985039 34.419643402
0.999982238 0.004614139 0.003772038 -0.962895930 -0.004624645 0.999985456 0.002780988 -0.159605831 -0.003759150 -0.002798383 0.999988973 34.773540497
0.999988854 0.003492474 0.003170471 -0.995193183 -0.003500939 0.999990404 0.002668775 -0.151721194 -0.003161120 -0.002679846 0.999991417 35.138931274
0.999987602 0.004404047 0.002351629 -1.011894226 -0.004409390 0.999987781 0.002271990 -0.153520852 -0.002341594 -0.002282331 0.999994636 35.480667114
0.999991298 0.003504231 0.002224679 -1.071329117 -0.003511311 0.999988854 0.003186559 -0.147452533 -0.002213487 -0.003194343 0.999992430 35.873134613
0.999988198 0.004412242 0.002048306 -1.105227947 -0.004418842 0.999985039 0.003228341 -0.151418358 -0.002034032 -0.003237354 0.999992609 36.221714020
0.999993801 0.002830619 0.002081894 -1.168891549 -0.002837836 0.999989927 0.003472558 -0.156523451 -0.002072044 -0.003478444 0.999991775 36.548831940
0.999988794 0.004141991 0.002242717 -1.205672979 -0.004149477 0.999985754 0.003343115 -0.157186151 -0.002228837 -0.003352383 0.999991894 36.889102936
0.999995172 0.002854649 0.001224314 -1.247291803 -0.002858693 0.999990404 0.003314928 -0.143673569 -0.001214839 -0.003318412 0.999993682 37.250049591
0.999996364 0.002588332 0.000756001 -1.279989243 -0.002590867 0.999991000 0.003371716 -0.145590916 -0.000747267 -0.003373662 0.999993980 37.585739136
0.999996603 0.002423076 0.000901827 -1.336957693 -0.002425686 0.999992847 0.002904218 -0.131493315 -0.000894783 -0.002906396 0.999995351 37.929851532
0.999995887 0.002687313 0.000905399 -1.379979253 -0.002690083 0.999991715 0.003072122 -0.130113214 -0.000897136 -0.003074546 0.999994874 38.267082214
0.999994814 0.003013236 0.001168431 -1.468036294 -0.003016192 0.999992311 0.002535643 -0.115552895 -0.001160781 -0.002539154 0.999996126 38.583736420
0.999995112 0.002681569 0.001568198 -1.544087410 -0.002686799 0.999990821 0.003342399 -0.127029613 -0.001559220 -0.003346597 0.999993205 38.900539398
0.999995708 0.002793473 0.001022686 -1.551132917 -0.002796724 0.999991000 0.003190934 -0.121274360 -0.001013763 -0.003193780 0.999994397 39.164901733
0.999994636 0.003185438 0.000808460 -1.583342075 -0.003188638 0.999986947 0.003988723 -0.128580898 -0.000795744 -0.003991280 0.999991775 39.541275024
0.999994218 0.002860521 0.001863356 -1.642808437 -0.002867405 0.999989092 0.003702469 -0.106749654 -0.001852745 -0.003707791 0.999991417 39.805759430
0.999984384 0.004936509 0.002630073 -1.617917657 -0.004946871 0.999979973 0.003948171 -0.129180476 -0.002610530 -0.003961118 0.999988735 39.877323151
0.999978602 0.006093557 0.002345242 -1.632252336 -0.006100832 0.999976575 0.003107589 -0.128563046 -0.002326250 -0.003121830 0.999992430 40.144962311
0.999970555 0.006247845 0.004464415 -1.663240671 -0.006263043 0.999974608 0.003398289 -0.140106216 -0.004443070 -0.003426148 0.999984264 40.330986023
0.999976039 0.005742323 0.003870449 -1.619839072 -0.005756969 0.999976218 0.003783634 -0.138901651 -0.003848629 -0.003805826 0.999985337 40.477416992
0.999963880 0.006902722 0.004952672 -1.692331076 -0.006920397 0.999969780 0.003560495 -0.136380211 -0.004927944 -0.003594640 0.999981344 40.814502716
0.999958098 0.007520595 0.005228037 -1.723772764 -0.007536663 0.999966919 0.003060566 -0.130877256 -0.005204846 -0.003099840 0.999981701 41.117523193
0.999956965 0.006898253 0.006206091 -1.768857598 -0.006916533 0.999971747 0.002928824 -0.131680340 -0.006185714 -0.002971623 0.999976456 41.379798889
0.999956429 0.006875461 0.006326387 -1.794245481 -0.006892144 0.999972820 0.002619019 -0.129056752 -0.006308208 -0.002662508 0.999976575 41.679183960
0.999960959 0.006449634 0.006038516 -1.792387128 -0.006471080 0.999972761 0.003538751 -0.131275728 -0.006015528 -0.003577690 0.999975443 41.838226318
0.999955118 0.007221793 0.006132999 -1.798628211 -0.007242328 0.999968231 0.003332683 -0.133229241 -0.006108737 -0.003376951 0.999975622 42.035541534
0.999948382 0.007810066 0.006499215 -1.846545935 -0.007833193 0.999963045 0.003540616 -0.124553069 -0.006471323 -0.003591344 0.999972582 42.300331116
0.999945819 0.007450113 0.007259706 -1.919837236 -0.007477362 0.999965072 0.003733414 -0.123501509 -0.007231637 -0.003787494 0.999966681 42.580440521
0.999936104 0.007637148 0.008333300 -1.987292528 -0.007667321 0.999964178 0.003594761 -0.128129944 -0.008305547 -0.003658426 0.999958813 42.857334137
0.999932647 0.007791252 0.008596422 -2.053107023 -0.007812694 0.999966443 0.002463558 -0.113165215 -0.008576940 -0.002530553 0.999959946 43.109359741
0.999922335 0.008677726 0.008946607 -2.086956024 -0.008708651 0.999956131 0.003423584 -0.127400756 -0.008916506 -0.003501231 0.999954104 43.309917450
0.999923706 0.008363546 0.009087762 -2.070333004 -0.008390639 0.999960423 0.002947339 -0.122931123 -0.009062754 -0.003023366 0.999954283 43.427860260
0.999908388 0.009302946 0.009824717 -2.075611591 -0.009328463 0.999953151 0.002554827 -0.130960017 -0.009800489 -0.002646243 0.999948502 43.565868378
0.999863505 0.011668750 0.011686759 -2.134573698 -0.011699446 0.999928296 0.002561612 -0.144980013 -0.011656029 -0.002697991 0.999928415 43.759140015
0.999869347 0.011166571 0.011682035 -2.146423817 -0.011194242 0.999934733 0.002306108 -0.131315172 -0.011655520 -0.002436579 0.999929070 43.952804565
0.999877274 0.010427261 0.011693567 -2.140231371 -0.010449627 0.999943674 0.001853254 -0.130539209 -0.011673585 -0.001975219 0.999929905 44.057834625
0.999839306 0.011670725 0.013606434 -2.177748203 -0.011693246 0.999930382 0.001576703 -0.140245110 -0.013587085 -0.001735553 0.999906182 44.227371216
0.999822915 0.011271513 0.015069485 -2.213715315 -0.011282246 0.999936163 0.000627411 -0.128860116 -0.015061451 -0.000797318 0.999886274 44.397197723
0.999785721 0.011630271 0.017132884 -2.245037317 -0.011641051 0.999932051 0.000529465 -0.126245365 -0.017125562 -0.000728796 0.999853075 44.552112579
0.999708354 0.013545391 0.019993328 -2.280817509 -0.013540167 0.999908209 -0.000396579 -0.120969892 -0.019996863 0.000125751 0.999799967 44.731342316
0.999717772 0.011867617 0.020577548 -2.306465864 -0.011866792 0.999929547 -0.000162319 -0.122133180 -0.020578025 -0.000081916 0.999788284 44.871505737
0.999699831 0.011259352 0.021759901 -2.334689140 -0.011259241 0.999936521 -0.000127665 -0.119155057 -0.021759957 -0.000117374 0.999763310 45.030838013
0.999648094 0.012620593 0.023332227 -2.360677958 -0.012604394 0.999920130 -0.000841200 -0.117041886 -0.023340983 0.000546815 0.999727428 45.251159668
0.999574184 0.013138203 0.026056629 -2.409496784 -0.013105460 0.999913096 -0.001427039 -0.117798515 -0.026073115 0.001084947 0.999659479 45.425846100
0.999569595 0.011828530 0.026844753 -2.456307411 -0.011805521 0.999929667 -0.001015449 -0.111169443 -0.026854884 0.000698096 0.999639094 45.686214447
0.999474406 0.013252336 0.029584251 -2.521416664 -0.013198288 0.999910831 -0.002021447 -0.110745221 -0.029608402 0.001629923 0.999560237 45.898929596
0.999393463 0.014426613 0.031695209 -2.565071106 -0.014349178 0.999893486 -0.002669197 -0.125819370 -0.031730343 0.002212778 0.999494016 46.118473053
0.999371767 0.013257147 0.032868739 -2.606917381 -0.013103647 0.999902189 -0.004881157 -0.114010513 -0.032930229 0.004447390 0.999447763 46.380203247
0.999248266 0.014519249 0.035944436 -2.650638103 -0.014276755 0.999873519 -0.006993898 -0.118039921 -0.036041435 0.006475470 0.999329388 46.613410950
0.999172628 0.013762398 0.038270447 -2.713417053 -0.013496704 0.999883056 -0.007192239 -0.103210419 -0.038364947 0.006669764 0.999241531 46.927547455
0.999025404 0.014935346 0.041533921 -2.744344234 -0.014694423 0.999873459 -0.006099867 -0.106646419 -0.041619767 0.005483605 0.999118507 47.195930481
0.998879969 0.015895611 0.044565830 -2.760159254 -0.015671017 0.999862671 -0.005384533 -0.102480024 -0.044645298 0.004680111 0.998991907 47.517982483
0.998654425 0.016599627 0.049130000 -2.805759668 -0.016343663 0.999850690 -0.005607105 -0.093915522 -0.049215745 0.004796596 0.998776615 47.846572876
0.998358428 0.016416123 0.054872438 -2.834394932 -0.016097156 0.999850869 -0.006249874 -0.091778815 -0.054966856 0.005356325 0.998473823 48.190830231
0.998050809 0.014480515 0.060702294 -2.872817993 -0.014170795 0.999884248 -0.005529671 -0.073761150 -0.060775340 0.004658693 0.998140574 48.509387970
0.997723758 0.013087804 0.066151388 -2.896591902 -0.012781436 0.999905527 -0.005052445 -0.072296247 -0.066211268 0.004195435 0.997796834 48.822505951
0.997311473 0.013544748 0.072016597 -2.910369873 -0.013178382 0.999897718 -0.005559976 -0.064880729 -0.072084531 0.004595965 0.997387946 49.140113831
0.996838689 0.014784372 0.078064837 -2.922220945 -0.014261999 0.999872148 -0.007244832 -0.052977264 -0.078161947 0.006108568 0.996921957 49.471061707
0.996357620 0.014968810 0.083948985 -2.929907322 -0.014261615 0.999857664 -0.009017491 -0.042830229 -0.084072016 0.007787398 0.996429265 49.817596436
0.995864093 0.014624046 0.089670949 -2.934502602 -0.013822694 0.999858797 -0.009551108 -0.028177023 -0.089797974 0.008272111 0.995925605 50.193607330
0.995229542 0.013796956 0.096580200 -2.962504864 -0.013074682 0.999881566 -0.008107368 -0.029201776 -0.096680611 0.006805937 0.995292127 50.637626648
0.994555950 0.013259072 0.103356957 -2.973255634 -0.012494581 0.999889553 -0.008040587 -0.019850612 -0.103452161 0.006705410 0.994611859 51.063701630
0.993805528 0.013627392 0.110294081 -2.990557671 -0.012837107 0.999886632 -0.007872208 -0.017903745 -0.110388845 0.006407587 0.993867815 51.541328430
0.993094563 0.014013213 0.116476104 -2.982235909 -0.013176217 0.999881446 -0.007952901 -0.017657965 -0.116573736 0.006363267 0.993161678 51.982101440
0.992330849 0.013192018 0.122904345 -2.944595337 -0.012223809 0.999888003 -0.008628488 -0.006131858 -0.123004399 0.007059953 0.992381036 52.462238312
0.991519630 0.012796752 0.129325330 -2.910044193 -0.011769915 0.999892890 -0.008701161 -0.000591338 -0.129422829 0.007105224 0.991564035 52.949703217
0.990650535 0.013486185 0.135755911 -2.890018463 -0.012517133 0.999889731 -0.007989300 -0.004506201 -0.135848671 0.006215330 0.990710080 53.468204498
0.989799082 0.013491309 0.141829938 -2.835203648 -0.012446163 0.999888420 -0.008253581 -0.011216998 -0.141925484 0.006404147 0.989856660 53.985900879
0.989019930 0.012375757 0.147263020 -2.692641735 -0.011331923 0.999904394 -0.007925113 -0.029394835 -0.147347018 0.006169321 0.989065588 54.673599243
0.988148451 0.012620348 0.152981699 -2.596581459 -0.011579920 0.999903321 -0.007690130 -0.029657036 -0.153063983 0.005827474 0.988199174 55.309623718
0.987413526 0.011734278 0.157724038 -2.479186058 -0.010726299 0.999916255 -0.007240512 -0.042624742 -0.157795817 0.005457586 0.987456679 55.913810730
0.986467242 0.011845455 0.163530245 -2.370079041 -0.010884173 0.999917805 -0.006773068 -0.052205175 -0.163597018 0.004901520 0.986515105 56.547229767
0.985588074 0.011949966 0.168740615 -2.258329391 -0.010972230 0.999917090 -0.006725580 -0.054171652 -0.168807030 0.004777189 0.985637605 57.192672729
0.984723032 0.011540195 0.173744753 -2.135845184 -0.010565275 0.999922812 -0.006535070 -0.065188497 -0.173806742 0.004599574 0.984769046 57.848564148
0.984126627 0.010245701 0.177171692 -2.001831055 -0.009260631 0.999936700 -0.006385997 -0.073411047 -0.177225932 0.004643907 0.984159172 58.491233826
0.983786762 0.009354642 0.179098502 -1.871150970 -0.008572165 0.999949992 -0.005142377 -0.086838126 -0.179137662 0.003523740 0.983817697 59.170021057
0.983515859 0.008307470 0.180631548 -1.743947029 -0.007424032 0.999956846 -0.005566366 -0.090016842 -0.180670053 0.004133593 0.983535051 59.850181580
0.983467281 0.008074864 0.180905744 -1.608702660 -0.007148247 0.999957800 -0.005773490 -0.100978583 -0.180944741 0.004384880 0.983483493 60.539653778
0.983484626 0.008762005 0.180779427 -1.490138054 -0.007740654 0.999949872 -0.006354434 -0.101994276 -0.180826068 0.004850138 0.983503163 61.209953308
0.983649552 0.008772541 0.179879233 -1.352665901 -0.007724662 0.999948919 -0.006525108 -0.110427558 -0.179927289 0.005028914 0.983667076 61.921173096
0.983921409 0.008194965 0.178413913 -1.218994141 -0.007080109 0.999951303 -0.006884514 -0.120327652 -0.178461641 0.005510631 0.983931482 62.654926300
0.984203875 0.008378701 0.176840305 -1.086812973 -0.007214259 0.999947906 -0.007226636 -0.130078942 -0.176891640 0.005836712 0.984213054 63.391143799
0.984505951 0.007393525 0.175195068 -0.958813667 -0.006359290 0.999958873 -0.006464009 -0.144316703 -0.175235659 0.005249739 0.984512568 64.124969482
0.984901249 0.008787019 0.172893792 -0.852314949 -0.007623949 0.999943614 -0.007390011 -0.138230741 -0.172948986 0.005960297 0.984912753 64.841514587
0.985690594 0.008138519 0.168367997 -0.709830284 -0.007010382 0.999948919 -0.007293754 -0.147948414 -0.168418750 0.006009062 0.985697210 65.603263855
0.986361861 0.008136084 0.164389670 -0.594500542 -0.007187057 0.999953926 -0.006366997 -0.163309097 -0.164433926 0.005098685 0.986374974 66.355331421
0.987029791 0.008111895 0.160332069 -0.475147247 -0.007335297 0.999958336 -0.005434976 -0.167161182 -0.160369456 0.004188398 0.987048149 67.122840881
0.987797320 0.008011067 0.155538067 -0.360987663 -0.007476737 0.999963999 -0.004020082 -0.179293990 -0.155564666 0.002808109 0.987821698 67.890350342
0.988653660 0.007910467 0.150004268 -0.238020897 -0.007459722 0.999965787 -0.003567326 -0.183796093 -0.150027364 0.002407859 0.988678873 68.658576965
0.989397287 0.006780972 0.145076066 -0.127790451 -0.006497635 0.999975920 -0.002426774 -0.199054912 -0.145089045 0.001458391 0.989417493 69.440032959
0.990178764 0.007227311 0.139619976 -0.025433540 -0.006959453 0.999972820 -0.002406609 -0.204073861 -0.139633581 0.001411294 0.990202188 70.183212280
0.991018772 0.006989975 0.133540094 0.080954552 -0.006759487 0.999974787 -0.002179268 -0.214190245 -0.133551970 0.001257033 0.991041064 70.948974609
0.991786718 0.007513053 0.127681032 0.178073883 -0.007272835 0.999970734 -0.002347500 -0.219585001 -0.127694935 0.001399616 0.991812468 71.715171814
0.992535353 0.009852809 0.121559203 0.279379845 -0.009487520 0.999948561 -0.003583460 -0.214048505 -0.121588282 0.002403415 0.992577672 72.496925354
0.993128896 0.009191002 0.116664231 0.352375984 -0.008869566 0.999955237 -0.003274082 -0.224357039 -0.116689108 0.002216825 0.993166029 73.240173340
0.993891478 0.009009138 0.109993510 0.444158554 -0.008782410 0.999958217 -0.002545579 -0.238511339 -0.110011838 0.001564021 0.993929148 73.993736267
0.994412780 0.009161592 0.105163127 0.507774353 -0.008917940 0.999956369 -0.002786913 -0.241595715 -0.105184063 0.001833503 0.994451165 74.740470886
0.994949341 0.010496161 0.099827901 0.586747169 -0.010290195 0.999943733 -0.002577902 -0.247602850 -0.099849343 0.001537633 0.995001376 75.502418518
0.995465815 0.011088916 0.094471201 0.646223068 -0.010868937 0.999936879 -0.002842787 -0.254584312 -0.094496764 0.001803096 0.995523512 76.233169556
0.995965540 0.011169958 0.089038700 0.705238342 -0.010954911 0.999935806 -0.002903532 -0.265315294 -0.089065410 0.001916407 0.996023953 76.946388245
0.996452153 0.011794132 0.083331928 0.762147903 -0.011582116 0.999928355 -0.003027201 -0.269905329 -0.083361655 0.002051301 0.996517241 77.691612244
0.996848404 0.011413197 0.078506626 0.826844215 -0.011218119 0.999932766 -0.002925438 -0.281780720 -0.078534745 0.002035522 0.996909320 78.426193237
0.997209370 0.012232188 0.073647782 0.876077652 -0.012038752 0.999922752 -0.003069862 -0.290436506 -0.073679656 0.002174668 0.997279644 79.152503967
0.997490227 0.012696687 0.069656685 0.928356647 -0.012536939 0.999917686 -0.002730039 -0.298355281 -0.069685601 0.001849905 0.997567296 79.900489807
0.997737825 0.012276824 0.066095084 0.971866608 -0.012156785 0.999923646 -0.002218029 -0.310041368 -0.066117279 0.001409508 0.997810841 80.628257751
0.997971833 0.012790738 0.062358979 1.020889282 -0.012710929 0.999917805 -0.001676368 -0.316654742 -0.062375296 0.000880327 0.998052359 81.354995728
0.998170614 0.012364130 0.059182659 1.065070629 -0.012287202 0.999923170 -0.001663567 -0.322408259 -0.059198678 0.000933335 0.998245835 82.081481934
0.998316288 0.012734218 0.056589872 1.110706091 -0.012612299 0.999917328 -0.002511078 -0.333765596 -0.056617171 0.001793121 0.998394370 82.814071655
0.998439193 0.013229514 0.054259464 1.151516438 -0.013058848 0.999908566 -0.003498719 -0.339810371 -0.054300796 0.002784692 0.998520732 83.543586731
0.998537660 0.013384284 0.052377813 1.196500301 -0.013189585 0.999904752 -0.004061129 -0.345570803 -0.052427180 0.003364349 0.998619080 84.255958557
0.998627484 0.013216521 0.050680310 1.232016563 -0.013051418 0.999908388 -0.003587304 -0.356472969 -0.050723080 0.002920930 0.998708427 84.983070374
0.998703182 0.012862816 0.049257983 1.268858910 -0.012686272 0.999911964 -0.003895024 -0.365127683 -0.049303744 0.003265073 0.998778522 85.722442627
0.998772144 0.012660396 0.047894381 1.301476002 -0.012481023 0.999913871 -0.004042398 -0.374962658 -0.047941439 0.003439663 0.998844206 86.461776733
0.998830020 0.013419180 0.046457261 1.330199480 -0.013250488 0.999904394 -0.003937184 -0.384405941 -0.046505660 0.003316997 0.998912513 87.204910278
0.998885989 0.013510804 0.045213819 1.362970829 -0.013332346 0.999902070 -0.004246245 -0.393061399 -0.045266762 0.003638708 0.998968303 87.959365845
0.998929977 0.013149213 0.044338625 1.369587183 -0.012997150 0.999908566 -0.003716138 -0.411264628 -0.044383433 0.003135887 0.999009669 88.689201355
0.998916209 0.014549611 0.044211291 1.343919516 -0.014366169 0.999886811 -0.004464177 -0.400054663 -0.044271234 0.003824192 0.999012232 89.368537903
0.998913407 0.014537033 0.044279985 1.322754145 -0.014324364 0.999884248 -0.005116364 -0.393348455 -0.044349238 0.004476521 0.999006033 90.045509338
0.998901486 0.015980957 0.044049945 1.298167229 -0.015744520 0.999859750 -0.005709192 -0.389553547 -0.044135008 0.005009375 0.999012947 90.714538574
0.998893559 0.016258923 0.044127833 1.274370909 -0.015994145 0.999851942 -0.006346666 -0.383374810 -0.044224482 0.005633857 0.999005735 91.396469116
0.998888969 0.016684275 0.044076610 1.246569395 -0.016411155 0.999844015 -0.006550995 -0.381321371 -0.044179022 0.005820367 0.999006689 92.074127197
0.998889506 0.017147982 0.043882322 1.229214668 -0.016843099 0.999831438 -0.007308100 -0.374327898 -0.044000246 0.006560870 0.999009967 92.751480103
0.998918712 0.016751785 0.043366700 1.207981586 -0.016456220 0.999839067 -0.007163443 -0.372440875 -0.043479711 0.006442045 0.999033511 93.422294617
0.998928308 0.017964708 0.042658843 1.182167768 -0.017667856 0.999817073 -0.007325752 -0.374344081 -0.042782653 0.006564210 0.999062836 94.077209473
0.998969018 0.017343599 0.041952632 1.162153482 -0.017028442 0.999824107 -0.007857963 -0.373552442 -0.042081535 0.007135475 0.999088645 94.749008179
0.998976231 0.018555155 0.041257419 1.144811630 -0.018235577 0.999800861 -0.008108872 -0.373732746 -0.041399669 0.007348218 0.999115586 95.403228760
0.998994231 0.017981678 0.041074242 1.103553772 -0.017608635 0.999800503 -0.009425985 -0.366228759 -0.041235540 0.008693242 0.999111652 96.085136414
0.998989463 0.019006748 0.040727552 1.087114096 -0.018615911 0.999777079 -0.009954152 -0.372379959 -0.040907674 0.009185912 0.999120772 96.714973450
0.999000788 0.019679585 0.040127214 1.071687460 -0.019269427 0.999758184 -0.010582805 -0.373661637 -0.040325787 0.009799002 0.999138474 97.385620117
0.998911619 0.022190494 0.041027900 1.058614016 -0.021722773 0.999694169 -0.011811045 -0.379483044 -0.041277446 0.010906948 0.999088228 97.998283386
0.998970628 0.021391118 0.040000904 1.007591009 -0.020957489 0.999717236 -0.011228577 -0.376552522 -0.040229786 0.010378700 0.999136567 98.810920715
0.999017537 0.021057617 0.038994819 1.008417845 -0.020646911 0.999727309 -0.010905359 -0.389351606 -0.039213825 0.010089522 0.999179959 99.642684937
0.999102116 0.021702871 0.036385074 1.066174269 -0.021361427 0.999724269 -0.009746751 -0.410207510 -0.036586571 0.008960762 0.999290347 100.571769714
0.999216020 0.021150609 0.033463113 1.125008583 -0.020848775 0.999738932 -0.009343287 -0.424737155 -0.033651993 0.008638299 0.999396265 101.482154846
0.999298751 0.021843374 0.030412164 1.172842026 -0.021543292 0.999716401 -0.010160203 -0.425998628 -0.030625461 0.009497901 0.999485791 102.410072327
0.999415994 0.020844523 0.027078507 1.215802908 -0.020595625 0.999743342 -0.009438397 -0.450855613 -0.027268298 0.008875187 0.999588728 103.314071655
0.999513328 0.020486021 0.023522338 1.265070200 -0.020262750 0.999747694 -0.009691200 -0.464190245 -0.023714934 0.009209856 0.999676347 104.233322144
0.999559283 0.019871457 0.022050019 1.273975968 -0.019662270 0.999760091 -0.009663533 -0.478731573 -0.022236750 0.009225723 0.999710143 105.136604309
0.999589622 0.019900328 0.020602858 1.306773901 -0.019699546 0.999756932 -0.009902674 -0.486195266 -0.020794919 0.009492745 0.999738812 106.070297241
0.999633670 0.019556936 0.018708857 1.324585676 -0.019369161 0.999760807 -0.010165874 -0.501914740 -0.018903194 0.009799776 0.999773324 106.994476318
0.999668717 0.019438019 0.016871890 1.349036217 -0.019277619 0.999767900 -0.009618065 -0.514821649 -0.017054930 0.009289630 0.999811411 107.931335449
0.999668419 0.020088086 0.016111342 1.360037565 -0.019944821 0.999760449 -0.009004342 -0.529874682 -0.016288368 0.008680020 0.999829650 108.847953796
0.999660134 0.020358510 0.016287263 1.317101240 -0.020227982 0.999762177 -0.008139332 -0.544082880 -0.016449099 0.007807109 0.999834180 109.697845459
0.999660134 0.020032654 0.016684737 1.262063026 -0.019902989 0.999770641 -0.007901847 -0.552155018 -0.016839210 0.007567085 0.999829590 110.519485474
0.999596357 0.022477973 0.017375810 1.240801573 -0.022348031 0.999721110 -0.007636701 -0.569896817 -0.017542625 0.007245303 0.999819875 111.313255310
0.999596417 0.021745279 0.018281363 1.186370492 -0.021609560 0.999737680 -0.007589010 -0.583740473 -0.018441593 0.007190896 0.999804080 112.140853882
0.999544978 0.023169829 0.019314140 1.205252409 -0.023027185 0.999706149 -0.007575377 -0.606133878 -0.019483978 0.007127181 0.999784887 112.779739380
0.999534190 0.023174111 0.019858811 1.217675805 -0.023024131 0.999704957 -0.007747941 -0.617883205 -0.020032495 0.007287099 0.999772847 113.442863464
0.999496520 0.025509879 0.018865144 1.247392416 -0.025372351 0.999650002 -0.007493821 -0.638829410 -0.019049702 0.007011394 0.999794066 114.093437195
0.999577224 0.022836793 0.017999969 1.267526865 -0.022690147 0.999707997 -0.008309675 -0.634920478 -0.018184481 0.007897739 0.999803483 114.754577637
0.999446332 0.027556846 0.018644361 1.265265942 -0.027396262 0.999585807 -0.008814387 -0.654532611 -0.018879535 0.008298720 0.999787271 115.446189880
0.999392152 0.029368473 0.018781973 1.272017121 -0.029235326 0.999545753 -0.007324937 -0.677532971 -0.018988561 0.006771388 0.999796689 116.121154785
0.999405086 0.028229360 0.019811220 1.286152244 -0.028090391 0.999579072 -0.007258157 -0.684695959 -0.020007771 0.006697332 0.999777436 116.767189026
0.999499023 0.025583547 0.018629795 1.324184895 -0.025440330 0.999645174 -0.007884460 -0.687559843 -0.018824892 0.007406563 0.999795377 117.405250549
0.999428868 0.027604653 0.019490862 1.321594000 -0.027468225 0.999596536 -0.007233033 -0.701620460 -0.019682659 0.006693523 0.999783874 118.082420349
0.999421835 0.027310682 0.020246848 1.329740524 -0.027181033 0.999608397 -0.006651132 -0.715893030 -0.020420564 0.006096959 0.999772906 118.738029480
0.999457836 0.025953041 0.020258296 1.341857314 -0.025811974 0.999640882 -0.007194022 -0.724251568 -0.020437730 0.006667215 0.999768913 119.411933899
0.999402881 0.027523531 0.020890694 1.362162471 -0.027371760 0.999597013 -0.007516619 -0.742551684 -0.021089163 0.006940315 0.999753535 120.049781799
