1.000000000 0.000000000 0.000000000 0.000000000 0.000000000 1.000000000 0.000000000 0.000000000 0.000000000 0.000000000 1.000000000 0.000000000
0.999998927 0.000957893 -0.001115840 0.007521007 -0.000957866 0.999999523 0.000025331 -0.023978336 0.001115863 -0.000024262 0.999999404 1.575578094
0.999997258 0.002047050 -0.001217536 0.004296157 -0.002047625 0.999997795 -0.000471379 -0.050330058 0.001216569 0.000473870 0.999999166 3.126513720
0.999990821 0.003942904 -0.001641158 0.000312569 -0.003945503 0.999990940 -0.001583400 -0.074645117 0.001634900 0.001589861 0.999997437 4.648391724
0.999981105 0.006061779 -0.000998316 0.015559856 -0.006064295 0.999978423 -0.002536671 -0.099789724 0.000982917 0.002542678 0.999996305 6.183277130
0.999961913 0.008718755 0.000346160 0.014809199 -0.008717604 0.999956906 -0.003193767 -0.131298974 -0.000373991 0.003190627 0.999994755 7.672809601
0.999933541 0.011123842 0.003030613 0.016576502 -0.011115453 0.999934375 -0.002770744 -0.158290535 -0.003061237 0.002736873 0.999991536 9.147018433
0.999907196 0.011682611 0.007001201 0.028782181 -0.011654939 0.999924183 -0.003980255 -0.185818255 -0.007047171 0.003898288 0.999967575 10.603829384
0.999853611 0.012285071 0.011910235 0.046699896 -0.012249910 0.999920428 -0.003020788 -0.213181198 -0.011946399 0.002874447 0.999924481 12.040656090
0.999772191 0.011991001 0.017654425 0.081183240 -0.011952277 0.999925911 -0.002297354 -0.247383252 -0.017680662 0.002085821 0.999841511 13.473269463
0.999611795 0.012367766 0.024964454 0.116892844 -0.012308854 0.999921083 -0.002512116 -0.276101619 -0.024993552 0.002203857 0.999685168 14.866494179
0.999291897 0.013817785 0.034997411 0.167997360 -0.013705671 0.999900162 -0.003441343 -0.300382912 -0.035041466 0.002959244 0.999381423 16.246936798
0.998729944 0.016031906 0.047764596 0.224611104 -0.015884357 0.999867737 -0.003467046 -0.331332058 -0.047813870 0.002703932 0.998852551 17.580026627
0.997909546 0.017849268 0.062112521 0.306262791 -0.017672952 0.999838054 -0.003386952 -0.362589121 -0.062162921 0.002282160 0.998063385 18.907457352
0.996730804 0.019966910 0.078289472 0.411177397 -0.019783624 0.999799430 -0.003116152 -0.389175177 -0.078335986 0.001557114 0.996925712 20.219932556
0.995049775 0.021218063 0.097086206 0.533046365 -0.020875642 0.999771714 -0.004541512 -0.418401092 -0.097160399 0.002492294 0.995265543 21.488376617
0.992777348 0.023608668 0.117624976 0.676450610 -0.023444045 0.999721289 -0.002783148 -0.447639972 -0.117657878 0.000005441 0.993054152 22.746622086
0.989873111 0.021821802 0.140268013 0.851314306 -0.021583404 0.999761939 -0.003220823 -0.471804559 -0.140304908 0.000160745 0.990108311 23.987026215
0.986364782 0.022984002 0.162960291 1.047992706 -0.022018727 0.999727726 -0.007727301 -0.497804165 -0.163093522 0.004033760 0.986602366 25.178466797
0.982329369 0.018328283 0.186260834 1.280644655 -0.016364515 0.999793172 -0.012075264 -0.525336504 -0.186443627 0.008813820 0.982426107 26.377725601
0.977692306 0.013966520 0.209577546 1.539046288 -0.012128133 0.999875903 -0.010054537 -0.552122474 -0.209691972 0.007288459 0.977740347 27.552280426
0.972443819 0.005676145 0.233068153 1.827625751 -0.003969966 0.999961793 -0.007788970 -0.581932545 -0.233103424 0.006649063 0.972429156 28.710840225
0.966647983 0.003904239 0.256079048 2.132850647 -0.001680484 0.999958992 -0.008902103 -0.609237671 -0.256103307 0.008174863 0.966614842 29.875579834
0.960153699 -0.000123522 0.279472768 2.478737354 0.003584187 0.999923110 -0.011871847 -0.626545429 -0.279449791 0.012400478 0.960080206 31.012517929
0.952583075 -0.000188381 0.304278612 2.844239235 0.004799210 0.999884784 -0.014405502 -0.656822026 -0.304240823 0.015182734 0.952474117 32.164077759
0.944234192 -0.000135564 0.329274356 3.235890865 0.005832615 0.999849856 -0.016314093 -0.691698253 -0.329222679 0.017324854 0.944093347 33.277992249
0.935326576 -0.000653251 0.353784680 3.656342506 0.006569102 0.999857962 -0.015521019 -0.721778393 -0.353724301 0.016841266 0.935198009 34.391311646
0.925691366 -0.002197954 0.378273219 4.113979340 0.007990655 0.999873638 -0.013744575 -0.757383585 -0.378195196 0.015745886 0.925591946 35.498443604
0.915108919 -0.002673780 0.403197736 4.587132454 0.008994931 0.999864578 -0.013784613 -0.788143516 -0.403106242 0.016241159 0.915009022 36.573074341
0.903379142 -0.000742852 0.428842187 5.084863663 0.008554995 0.999830723 -0.016289625 -0.822258353 -0.428757489 0.018384449 0.903232634 37.641052246
0.891060650 0.001988350 0.453879952 5.635124207 0.007826318 0.999774456 -0.019744487 -0.856959343 -0.453816831 0.021145746 0.890844047 38.703121185
0.877466679 0.005181282 0.479609698 6.193346977 0.006572986 0.999717832 -0.022825643 -0.892060637 -0.479592592 0.023181209 0.877185047 39.727012634
0.862862468 0.007716659 0.505379975 6.786438942 0.005267684 0.999691844 -0.024258120 -0.935043156 -0.505411327 0.023593603 0.862555802 40.746891022
0.847504675 0.010108759 0.530691504 7.400946617 0.004043669 0.999666631 -0.025499588 -0.975391746 -0.530772507 0.023756966 0.847181380 41.742504120
0.831220686 0.012841020 0.555794299 8.049416542 0.003237095 0.999604464 -0.027936019 -1.022903442 -0.555933237 0.025020154 0.830850244 42.712684631
0.814415693 0.015305907 0.580079973 8.722601891 0.003983500 0.999481022 -0.031964883 -1.072441816 -0.580268204 0.028343454 0.813932121 43.655735016
0.796656847 0.019548297 0.604115546 9.418461800 0.002114491 0.999380648 -0.035126906 -1.121735215 -0.604428053 0.029261494 0.796122074 44.593730927
0.778418303 0.021251556 0.627386093 10.151504517 0.002832276 0.999297678 -0.037363470 -1.176436424 -0.627739489 0.030861342 0.777811468 45.495498657
0.759077489 0.023076016 0.650591075 10.902713776 0.003961309 0.999189317 -0.040062409 -1.234550714 -0.650988102 0.032987677 0.758370876 46.374519348
0.739670098 0.024904858 0.672508419 11.675798416 0.005095081 0.999079108 -0.042602587 -1.298216820 -0.672950208 0.034938350 0.738862276 47.222587585
0.719259202 0.026619721 0.694231451 12.494407654 0.006815583 0.998947203 -0.045365077 -1.356799364 -0.694708228 0.037360851 0.718320727 48.062164307
0.697630167 0.028895497 0.715875089 13.318332672 0.008533673 0.998780489 -0.048630834 -1.424286485 -0.716407239 0.040035386 0.696532726 48.869628906
0.675340593 0.031773016 0.736821234 14.169628143 0.009063408 0.998638570 -0.051370185 -1.493420005 -0.737450242 0.041370481 0.674133182 49.647407532
0.652238131 0.035103749 0.757200837 15.048456192 0.009329611 0.998479664 -0.054325763 -1.563206434 -0.757956684 0.042497732 0.650919020 50.413642883
0.628762424 0.037209090 0.776706636 15.939823151 0.009959207 0.998387218 -0.055891179 -1.633993030 -0.777533591 0.042877663 0.627377868 51.139110565
0.604375482 0.040246714 0.795682490 16.856853485 0.009177367 0.998305261 -0.057466503 -1.712162375 -0.796646714 0.042033602 0.602981746 51.847167969
0.579207718 0.042046711 0.814094961 17.809488297 0.010439568 0.998204410 -0.058983158 -1.789079189 -0.815113068 0.042662296 0.577728689 52.524402618
0.553867936 0.045203406 0.831376553 18.791801453 0.011268419 0.998026729 -0.061771564 -1.868800640 -0.832528293 0.043581594 0.552265584 53.188270569
0.528406858 0.048129920 0.847625911 19.773818970 0.012064256 0.997865319 -0.064181626 -1.951708674 -0.848905563 0.044139985 0.526698112 53.812622070
0.503289998 0.051213026 0.862598658 20.813789368 0.013891160 0.997633696 -0.067335039 -2.030219555 -0.864005923 0.045871556 0.501387656 54.412410736
0.478244752 0.053118531 0.876618803 21.846557617 0.015421811 0.997507274 -0.068857215 -2.116267681 -0.878091216 0.046449643 0.476233453 54.974464417
0.453011483 0.056285802 0.889726102 22.911600113 0.016055137 0.997328043 -0.071267515 -2.207542419 -0.891360104 0.046569675 0.450897366 55.525451660
0.427241445 0.057271216 0.902321935 23.991601944 0.017411446 0.997285545 -0.071542822 -2.297327518 -0.903969884 0.046276785 0.425084561 56.044807434
0.401727170 0.058001973 0.913920641 25.095172882 0.017574657 0.997320056 -0.071020097 -2.393862724 -0.915590763 0.044592541 0.399631143 56.517730713
0.375588626 0.059540812 0.924871981 26.191383362 0.016867204 0.997329831 -0.071055181 -2.485947609 -0.926632941 0.042287521 0.373581439 56.971866608
0.350265592 0.062796272 0.934542954 27.297624588 0.017498828 0.997137129 -0.073560804 -2.580543995 -0.936486959 0.042119227 0.348164022 57.390716553
0.325420588 0.065563768 0.943293631 28.415527344 0.018693790 0.996952116 -0.075742356 -2.678779364 -0.945384622 0.042281862 0.323203117 57.782718658
0.302964300 0.067103386 0.950636506 29.558502197 0.021188764 0.996797085 -0.077114560 -2.782284260 -0.952766240 0.043505765 0.300572038 58.132118225
0.281519443 0.068945467 0.957075417 30.711139679 0.025344215 0.996533155 -0.079242796 -2.882711172 -0.959220767 0.046564721 0.278796047 58.461513519
0.261270463 0.071046390 0.962647498 31.829502106 0.029754620 0.996221066 -0.081599854 -2.986783981 -0.964806914 0.049962848 0.258169144 58.761497498
0.243722409 0.074113846 0.967009008 32.986099243 0.034765441 0.995767534 -0.085080124 -3.083871603 -0.969221830 0.054354433 0.240114257 59.037635803
0.228441074 0.077504948 0.970467746 34.160942078 0.039452288 0.995270312 -0.088772550 -3.193948746 -0.972758055 0.058566470 0.224302843 59.296073914
0.214765012 0.080922030 0.973307610 35.345119476 0.042609122 0.994836509 -0.092113890 -3.298217297 -0.975735962 0.061254621 0.210208043 59.552200317
0.204050139 0.081914552 0.975527346 36.536796570 0.045334049 0.994633377 -0.093001358 -3.410564184 -0.977910221 0.063201547 0.199241564 59.784111023
0.193901077 0.082229450 0.977568746 37.748634338 0.046913221 0.994563639 -0.092964247 -3.519204855 -0.979898751 0.063886754 0.188989341 60.015991211
0.185185015 0.083096601 0.979184031 38.977909088 0.048424330 0.994436443 -0.093549050 -3.639780998 -0.981509864 0.064740233 0.180130765 60.235260010
0.176777139 0.083736219 0.980682373 40.233928680 0.050014533 0.994323015 -0.093916520 -3.751881123 -0.982979357 0.065650664 0.171585530 60.447052002
0.168806404 0.082912184 0.982155800 41.500518799 0.052989036 0.994251251 -0.093040667 -3.880983829 -0.984223843 0.067749351 0.163442552 60.642826080
0.161324203 0.083085388 0.983397841 42.786575317 0.055602957 0.994101822 -0.093111284 -3.994988441 -0.985333920 0.069700919 0.155752912 60.843002319
0.155372053 0.081386209 0.984497666 44.077320099 0.058994461 0.994057238 -0.091486886 -4.117206573 -0.986092865 0.072294421 0.149647355 61.029872894
0.149765849 0.079451881 0.985523999 45.387714386 0.060983665 0.994125962 -0.089412779 -4.241783142 -0.986838937 0.073491856 0.144040853 61.215049744
0.143836215 0.078443065 0.986487687 46.703876495 0.062212046 0.994164824 -0.088124447 -4.361068249 -0.987643957 0.074046902 0.138116807 61.393783569
0.137892574 0.081394136 0.987097085 48.025382996 0.060624074 0.994055271 -0.090436794 -4.480711937 -0.988590002 0.072312422 0.132138401 61.566799164
0.131983012 0.084747449 0.987622499 49.375991821 0.057822287 0.993983805 -0.093020499 -4.594921112 -0.989564002 0.069383726 0.126288682 61.739013672
0.125666499 0.084401540 0.988475740 50.752933502 0.056920722 0.994119704 -0.092119873 -4.723319530 -0.990438282 0.067841135 0.120123342 61.903350830
0.119362943 0.083898716 0.989299595 52.142959595 0.054160945 0.994389296 -0.090865113 -4.845813751 -0.991372347 0.064427316 0.114149213 62.063323975
0.113016419 0.081106134 0.990277290 53.509906769 0.055667449 0.994580388 -0.087811671 -4.980235100 -0.992032409 0.065050364 0.107888937 62.210247040
0.106742755 0.081065953 0.990976512 54.905303955 0.056648593 0.994555891 -0.087460659 -5.105675220 -0.992671549 0.065473214 0.101569377 62.354701996
0.101393417 0.081575133 0.991496205 56.319236755 0.058358364 0.994428575 -0.087784283 -5.228086948 -0.993133187 0.066762857 0.096067905 62.482917786
0.097438097 0.081258014 0.991918743 57.734306335 0.059852272 0.994379044 -0.087338954 -5.350314140 -0.993440211 0.067878745 0.092026912 62.609809875
0.095382757 0.078837141 0.992313862 59.169998169 0.061970599 0.994454980 -0.084963970 -5.472190380 -0.993509769 0.069598384 0.089968286 62.728111267
0.093878277 0.076927692 0.992607176 60.604698181 0.062286168 0.994603336 -0.082973272 -5.600994110 -0.993633389 0.069615088 0.088580124 62.843177795
0.091716483 0.076300561 0.992857754 62.039249420 0.062462132 0.994655788 -0.082208782 -5.722021103 -0.993824124 0.069555901 0.086460441 62.959701538
0.089955740 0.076904625 0.992972136 63.485729218 0.061304808 0.994696081 -0.082591899 -5.850627899 -0.994057119 0.068303600 0.084764019 63.077922821
0.088389628 0.078765675 0.992966831 64.935569763 0.060781136 0.994584501 -0.084304459 -5.966373444 -0.994229853 0.067805290 0.083123475 63.191776276
0.086851850 0.079501070 0.993043959 66.371040344 0.060335927 0.994560957 -0.084899522 -6.091044426 -0.994392455 0.067289904 0.081582695 63.290004730
0.085680000 0.079320274 0.993160129 67.838661194 0.059517827 0.994638085 -0.084572911 -6.220253944 -0.994543433 0.066356942 0.080499627 63.403690338
0.084393889 0.078440800 0.993340194 69.310791016 0.059379794 0.994728982 -0.083595373 -6.353454590 -0.994661629 0.066039264 0.079291254 63.513137817
0.083221249 0.077636920 0.993502259 70.798828125 0.059677765 0.994783103 -0.082735948 -6.482064247 -0.994742632 0.066175379 0.078153886 63.631111145
0.082419284 0.076775864 0.993635952 72.291236877 0.060955010 0.994773090 -0.081919760 -6.613315105 -0.994732022 0.067318864 0.077308603 63.735176086
0.082226634 0.075952291 0.993715227 73.800376892 0.063066378 0.994696736 -0.081245840 -6.741417885 -0.994616270 0.069350608 0.077000521 63.843585968
0.081443287 0.074807264 0.993866622 75.292205811 0.065855399 0.994596183 -0.080258757 -6.863857746 -0.994499922 0.071988039 0.076076724 63.943763733
0.080907606 0.074748144 0.993914843 76.800910950 0.067263626 0.994501173 -0.080267705 -6.989754677 -0.994449437 0.073348582 0.075434886 64.055549622
0.080922097 0.074400403 0.993939757 78.292503357 0.068151042 0.994463325 -0.079988144 -7.121731758 -0.994387805 0.074210837 0.075403593 64.155410767
0.080211520 0.075054534 0.993948221 79.793441772 0.067889355 0.994434297 -0.080569901 -7.248532772 -0.994463265 0.073941126 0.074669681 64.272743225
0.080621049 0.075141110 0.993908346 81.299438477 0.068467125 0.994381607 -0.080730610 -7.376126766 -0.994390428 0.074558631 0.075023398 64.367721558
0.079868361 0.076687381 0.993851066 82.814849854 0.068018876 0.994293034 -0.082187653 -7.504144669 -0.994482040 0.074164815 0.074196376 64.485382080
0.079474516 0.077182256 0.993844390 84.316246033 0.067858130 0.994266391 -0.082641430 -7.646439552 -0.994524479 0.074008308 0.073781416 64.584083557
0.079092599 0.076955408 0.993892491 85.839958191 0.067834735 0.994289339 -0.082384348 -7.781977654 -0.994556487 0.073936418 0.073420681 64.695129395
0.078258760 0.075401142 0.994077563 87.341667175 0.066747144 0.994502008 -0.080688022 -7.905373573 -0.994696140 0.072666384 0.072795704 64.802963257
0.078022830 0.073983923 0.994202554 88.861328125 0.065627851 0.994698405 -0.079171143 -8.033620834 -0.994789124 0.071424544 0.072753794 64.913558960
0.077326186 0.073344886 0.994304359 90.373596191 0.063973829 0.994870186 -0.078361824 -8.174234390 -0.994951248 0.069668874 0.072237365 65.018470764
0.075943962 0.074431993 0.994330108 91.887786865 0.061816778 0.994940281 -0.079199046 -8.303457260 -0.995194077 0.067480974 0.070958562 65.137710571
0.075719066 0.075521454 0.994265139 93.391792297 0.060089923 0.994969785 -0.080151156 -8.431521416 -0.995316923 0.065814264 0.070800126 65.233352661
0.075075239 0.075661942 0.994303346 94.908782959 0.058209863 0.995084286 -0.080116525 -8.560297012 -0.995477498 0.063893020 0.070301920 65.344406128
0.074579172 0.075276770 0.994369686 96.433242798 0.056243442 0.995242059 -0.079561129 -8.689181328 -0.995627761 0.061860394 0.069990493 65.438461304
0.073706686 0.076192729 0.994365156 97.970550537 0.055004694 0.995248854 -0.080337651 -8.818123817 -0.995761931 0.060616162 0.069165543 65.542846680
0.072526433 0.077012315 0.994388640 99.470932007 0.054647788 0.995209754 -0.081061676 -8.958413124 -0.995868206 0.060220260 0.067970462 65.635253906
0.071318693 0.077049516 0.994473159 100.993026733 0.054558799 0.995218158 -0.081019901 -9.092187881 -0.995960295 0.060035497 0.066773929 65.730705261
0.069300264 0.076924182 0.994625628 102.516860962 0.054998860 0.995211661 -0.080801517 -9.219703674 -0.996078610 0.060302842 0.064737692 65.829254150
0.067044601 0.077206098 0.994758368 104.068321228 0.054782595 0.995212793 -0.080933593 -9.354001045 -0.996244907 0.059921596 0.062494095 65.926109314
0.064624436 0.077385239 0.994904578 105.605499268 0.054856833 0.995205641 -0.080971912 -9.491219521 -0.996400654 0.059810083 0.060069498 66.009674072
0.062582619 0.077789851 0.995003521 107.152008057 0.055787645 0.995126486 -0.081308328 -9.628700256 -0.996479392 0.060597397 0.057937905 66.089065552
0.060328443 0.077921920 0.995132446 108.697433472 0.056749124 0.995068133 -0.081357203 -9.760448456 -0.996564031 0.061381064 0.055608917 66.170944214
0.057649095 0.076452591 0.995405197 110.255157471 0.057069849 0.995180607 -0.079740547 -9.891702652 -0.996704280 0.061404593 0.053008132 66.257545471
0.056252517 0.076080076 0.995513678 111.799316406 0.056762099 0.995236099 -0.079266265 -10.022100449 -0.996801734 0.060966369 0.051666070 66.324951172
0.054522417 0.077133305 0.995528877 113.383026123 0.057032809 0.995143652 -0.080226988 -10.145601273 -0.996882379 0.061151985 0.049858503 66.400070190
0.053090639 0.077115551 0.995607615 114.929573059 0.057596233 0.995117426 -0.080148920 -10.281731606 -0.996927321 0.061598402 0.048389867 66.461532593
0.052069765 0.076914929 0.995677054 116.507606506 0.057733424 0.995130181 -0.079891920 -10.414100647 -0.996973276 0.061643794 0.047375634 66.531791687
0.050364684 0.076543771 0.995793402 118.068290710 0.057518084 0.995181561 -0.079405867 -10.547216415 -0.997073174 0.061275382 0.045719355 66.612556458
0.048828710 0.075943559 0.995915890 119.635002136 0.057342902 0.995247364 -0.078704052 -10.681939125 -0.997159779 0.060951717 0.044241812 66.694252014
0.048590519 0.074648596 0.996025383 121.215171814 0.057602350 0.995334208 -0.077406876 -10.805446625 -0.997156382 0.061134644 0.044063874 66.743087769
0.047529012 0.074513599 0.996086717 122.797935486 0.058123011 0.995317698 -0.077229448 -10.936149597 -0.997177362 0.061566189 0.042975515 66.811943054
0.046765581 0.075718753 0.996031940 124.371498108 0.058013190 0.995234013 -0.078381926 -11.069300652 -0.997219861 0.061448574 0.042150006 66.870948792
0.046128832 0.077458985 0.995927751 125.950004578 0.058215618 0.995086193 -0.080089927 -11.201981544 -0.997237682 0.061673012 0.041392837 66.931381226
0.045832567 0.078651249 0.995848060 127.525527954 0.058543839 0.994970620 -0.081276372 -11.334585190 -0.997232139 0.062025879 0.040997516 66.984443665
0.044152576 0.078693531 0.995920599 129.095336914 0.059054628 0.994943976 -0.081234440 -11.479791641 -0.997277796 0.062400427 0.039282113 67.057998657
0.043352939 0.078902744 0.995939136 130.698410034 0.058621768 0.994957983 -0.081376776 -11.618488312 -0.997338474 0.061911639 0.038508933 67.121665955
0.042865228 0.077624962 0.996060729 132.298049927 0.058619715 0.995064080 -0.080069982 -11.758772850 -0.997359633 0.061821010 0.038103305 67.175292969
0.042634353 0.076153763 0.996184170 133.910247803 0.059789356 0.995109260 -0.078630440 -11.896400452 -0.997300148 0.062913559 0.037872653 67.229949951
0.042745590 0.074221663 0.996325254 135.501602173 0.060742822 0.995198846 -0.076743811 -12.036632538 -0.997237742 0.063800082 0.038031921 67.284492493
0.043220565 0.072694808 0.996417224 137.082595825 0.061768092 0.995246828 -0.075288668 -12.175893784 -0.997154295 0.064800806 0.038524915 67.337165833
0.043508407 0.072379686 0.996427715 138.657409668 0.061522562 0.995285213 -0.074983031 -12.312071800 -0.997157037 0.064565167 0.038850285 67.395706177
0.045188785 0.072550319 0.996340454 140.217102051 0.062835611 0.995177984 -0.075315572 -12.442462921 -0.997000337 0.066009067 0.040412147 67.443710327
0.046994578 0.073207878 0.996208787 141.798767090 0.062925592 0.995112956 -0.076095760 -12.576513290 -0.996911108 0.066263124 0.042158261 67.502609253
0.048947670 0.073580578 0.996087372 143.330184937 0.064298876 0.994981945 -0.076658562 -12.710067749 -0.996729553 0.067799553 0.043970902 67.556228638
0.050406758 0.074627005 0.995936692 144.888534546 0.062886894 0.994988382 -0.077738777 -12.846237183 -0.996746957 0.066549920 0.045461081 67.622039795
0.050836217 0.074665785 0.995912015 146.416137695 0.062458489 0.995011687 -0.077786475 -12.988059998 -0.996752024 0.066157512 0.045919124 67.691787720
0.051178746 0.074243471 0.995926023 147.962478638 0.061159842 0.995128214 -0.077326901 -13.117395401 -0.996815026 0.064868160 0.046388697 67.757270813
0.050118838 0.072018385 0.996143281 149.498413086 0.060968671 0.995315969 -0.075026073 -13.255765915 -0.996880591 0.064493753 0.045493208 67.837829590
0.049129870 0.070317909 0.996314049 151.025024414 0.061424002 0.995417833 -0.073283575 -13.388423920 -0.996901810 0.064798012 0.044585541 67.892654419
0.046787187 0.069606349 0.996476769 152.558776855 0.061209910 0.995494783 -0.072411731 -13.515369415 -0.997027755 0.064382188 0.042315792 67.953750610
0.042118534 0.068932936 0.996731818 154.064575195 0.060856897 0.995587707 -0.071425423 -13.648559570 -0.997257471 0.063666344 0.037737649 68.008758545
0.035839461 0.068451099 0.997010529 155.565612793 0.059316602 0.995746851 -0.070496604 -13.774648666 -0.997595668 0.061665848 0.031626746 68.055076599
0.027058369 0.067856640 0.997328103 157.067825317 0.058324873 0.995886564 -0.069340967 -13.897377968 -0.997930884 0.060045287 0.022989336 68.092048645
0.016259562 0.067959554 0.997555614 158.576354980 0.056411989 0.996035933 -0.068775520 -14.017349243 -0.998275161 0.057392355 0.012361374 68.120307922
0.003871324 0.067517608 0.997710586 160.071273804 0.055403948 0.996171057 -0.067628406 -14.136281967 -0.998456538 0.055538923 0.000115759 68.124031067
-0.010891927 0.066482820 0.997728169 161.566406250 0.054970346 0.996318221 -0.065788783 -14.258161545 -0.998428643 0.054128896 -0.014506409 68.112182617
-0.026046269 0.066428274 0.997451186 163.017745972 0.053995907 0.996426582 -0.064950064 -14.369951248 -0.998201311 0.052166574 -0.029540047 68.054985046
-0.042026244 0.067022428 0.996865928 164.500549316 0.053057175 0.996489346 -0.064760305 -14.486723900 -0.997706652 0.050169259 -0.045434728 67.989997864
-0.059212685 0.067710347 0.995946288 165.944992065 0.051783498 0.996561944 -0.064673476 -14.598874092 -0.996901333 0.047744092 -0.062515400 67.907287598
-0.076823704 0.067580141 0.994751811 167.389083862 0.051259175 0.996648610 -0.063750297 -14.704808235 -0.995726168 0.046092618 -0.080030337 67.802009583
-0.095460340 0.066337846 0.993220270 168.803146362 0.051136278 0.996786296 -0.061661214 -14.816141129 -0.994118869 0.044903394 -0.098545834 67.674781799
-0.114334889 0.065336183 0.991291463 170.211441040 0.052827489 0.996823072 -0.059607670 -14.916923523 -0.992036700 0.045552202 -0.117423184 67.510543823
-0.133578733 0.063280515 0.989015818 171.592361450 0.053956620 0.996943533 -0.056500245 -15.019266129 -0.989568353 0.045816727 -0.136584848 67.322219849
-0.153769657 0.061847582 0.986169219 172.965118408 0.056866907 0.996938825 -0.053655963 -15.107173920 -0.986468971 0.047829736 -0.156816036 67.108406067
-0.174258992 0.062679075 0.982702971 174.330307007 0.060662184 0.996759772 -0.052818667 -15.195888519 -0.982829571 0.050408781 -0.177496597 66.860656738
-0.194448605 0.062771291 0.978902221 175.649932861 0.062380858 0.996721625 -0.051522650 -15.285895348 -0.978927135 0.051046249 -0.197726861 66.587638855
-0.215770841 0.066300102 0.974190533 176.962783813 0.064664088 0.996472239 -0.053494241 -15.365790367 -0.974300504 0.051452644 -0.219296858 66.280166626
-0.238842353 0.067780793 0.968689859 178.266479492 0.064986289 0.996440232 -0.053699367 -15.446079254 -0.968881369 0.050125875 -0.242396951 65.969779968
-0.263519764 0.069081701 0.962177157 179.558776855 0.063952774 0.996489227 -0.054029912 -15.531419754 -0.962531745 0.047295965 -0.267012537 65.619758606
-0.289422452 0.067993708 0.954783499 180.804031372 0.064115815 0.996610761 -0.051537056 -15.621253967 -0.955051720 0.046300735 -0.292801023 65.245422363
-0.316274852 0.066205218 0.946354628 182.065338135 0.062327337 0.996856689 -0.048908267 -15.704553604 -0.946617901 0.043515302 -0.319407046 64.834411621
-0.343530476 0.066311419 0.936797500 183.286239624 0.063325562 0.996869445 -0.047341682 -15.782112122 -0.937004089 0.043059915 -0.346654236 64.390411377
-0.371195018 0.066021472 0.926204860 184.488723755 0.063543931 0.996936917 -0.045596875 -15.859403610 -0.926378131 0.041929364 -0.374253273 63.917926788
-0.398743302 0.067377232 0.914584100 185.692169189 0.064839214 0.996872842 -0.045170613 -15.933100700 -0.914767563 0.041289438 -0.401865065 63.398296356
-0.426876336 0.069049835 0.901669979 186.870941162 0.067119338 0.996749640 -0.044554815 -16.006750107 -0.901815772 0.041500106 -0.430123478 62.841362000
-0.455331922 0.070536174 0.887523234 188.009536743 0.067748725 0.996711493 -0.044456363 -16.081207275 -0.887740374 0.039886169 -0.458613276 62.272296906
-0.483890176 0.073022038 0.872076869 189.140869141 0.069399372 0.996576250 -0.044939097 -16.150268555 -0.872372627 0.038775999 -0.487301171 61.649238586
-0.512010455 0.074721262 0.855723143 190.231842041 0.069614217 0.996541977 -0.045364749 -16.228433609 -0.856153727 0.036343277 -0.515441537 61.007659912
-0.539185643 0.076094180 0.838742256 191.296417236 0.070594415 0.996488452 -0.045023948 -16.297460556 -0.839223087 0.034934260 -0.542664111 60.325798035
-0.565658569 0.077786326 0.820962667 192.329421997 0.072250739 0.996387661 -0.044625755 -16.362667084 -0.821468353 0.034072217 -0.569235444 59.612640381
-0.592491210 0.078402609 0.801752567 193.352172852 0.073812075 0.996349573 -0.042885322 -16.431581497 -0.802188218 0.033769839 -0.596115470 58.881248474
-0.618379414 0.077807806 0.782018423 194.333267212 0.073955819 0.996432304 -0.040660765 -16.500223160 -0.782392144 0.032691021 -0.621927619 58.112373352
-0.643766165 0.077486016 0.761289060 195.298614502 0.072430357 0.996563673 -0.040183865 -16.566993713 -0.761786759 0.029271435 -0.647166252 57.310012817
-0.667975783 0.080930188 0.739769340 196.200683594 0.073437274 0.996385515 -0.042693507 -16.626174927 -0.740550697 0.025808422 -0.671504736 56.492332458
-0.692248940 0.082147665 0.716968060 197.104919434 0.073400155 0.996362507 -0.043290168 -16.686092377 -0.717916429 0.022658005 -0.695760548 55.634529114
-0.714995146 0.083318844 0.694146991 197.966094971 0.074589819 0.996297300 -0.042756066 -16.746902466 -0.695139170 0.021205924 -0.718562365 54.751228333
-0.736111283 0.085785665 0.671402216 198.777816772 0.078136168 0.996074259 -0.041602429 -16.802122116 -0.672335327 0.021836778 -0.739924490 53.859298706
-0.756162584 0.087794207 0.648467600 199.575744629 0.081595525 0.995875180 -0.039682135 -16.861318588 -0.649276733 0.022905907 -0.760207236 52.920341492
-0.775783598 0.088092923 0.624819458 200.344573975 0.082769863 0.995857656 -0.037637271 -16.917804718 -0.625546932 0.022517849 -0.779861450 51.970428467
-0.794587731 0.087731645 0.600777328 201.087066650 0.082981884 0.995912015 -0.035681434 -16.969150543 -0.601451695 0.021501608 -0.798619747 50.994102478
-0.812255323 0.086769544 0.576812029 201.805236816 0.082297161 0.996029556 -0.033942986 -17.020755768 -0.577467203 0.019899618 -0.816171408 49.981464386
-0.829210281 0.088701315 0.551853597 202.476058960 0.083420262 0.995909035 -0.034729339 -17.069446564 -0.552676558 0.017237848 -0.833217621 48.975234985
-0.845328808 0.088690802 0.526833057 203.119049072 0.082474336 0.995966554 -0.035334028 -17.125625610 -0.527841985 0.013581340 -0.849233925 47.939071655
-0.860178709 0.089235082 0.502125323 203.737121582 0.083874620 0.995919526 -0.033306066 -17.171806335 -0.503048480 0.013466405 -0.864153206 46.871932983
-0.874546409 0.089333981 0.476642400 204.324584961 0.084815949 0.995913208 -0.031036692 -17.227603912 -0.477467120 0.013283847 -0.878549159 45.788532257
-0.888352096 0.089139007 0.450427383 204.868179321 0.085122898 0.995942116 -0.029212635 -17.269006729 -0.451203525 0.012390583 -0.892335057 44.710399628
-0.901319206 0.087851092 0.424153268 205.393478394 0.084727675 0.996058047 -0.026259612 -17.308540344 -0.424788237 0.012269230 -0.905209661 43.592758179
-0.913680315 0.086725391 0.397073060 205.882766724 0.083967932 0.996170759 -0.024361851 -17.350635529 -0.397665292 0.011082465 -0.917463779 42.473297119
-0.925133705 0.086674109 0.369614929 206.335739136 0.083644509 0.996200562 -0.024248071 -17.386344910 -0.370312244 0.008483551 -0.928868592 41.333919525
-0.935939848 0.084808335 0.341795474 206.754684448 0.081669465 0.996380150 -0.023592034 -17.427991867 -0.342559099 0.005833528 -0.939478159 40.192573547
-0.945862114 0.084183544 0.313461035 207.141204834 0.080869555 0.996445537 -0.023584679 -17.463335037 -0.314332306 0.003041597 -0.949308097 39.031948090
-0.955036223 0.082376711 0.284815609 207.501419067 0.079282239 0.996600509 -0.022397865 -17.495832443 -0.285692453 0.001190052 -0.958320618 37.840320587
-0.963264406 0.080932572 0.256069630 207.819274902 0.078485727 0.996718943 -0.019777969 -17.527187347 -0.256830156 0.001046400 -0.966455996 36.661476135
-0.970698595 0.079208858 0.226870447 208.108688354 0.077449232 0.996857047 -0.016661705 -17.557991028 -0.227477148 0.001397450 -0.973782420 35.435714722
-0.976808369 0.079801783 0.198688507 208.353103638 0.078352161 0.996810377 -0.015160502 -17.578754425 -0.199264631 0.000758770 -0.979945362 34.199993134
-0.982371867 0.078583583 0.169617459 208.565368652 0.077196509 0.996906519 -0.014767397 -17.600172043 -0.170253232 -0.001413201 -0.985399246 32.962612152
-0.987261653 0.077188358 0.139128268 208.740417480 0.075867526 0.997008383 -0.014780194 -17.633188248 -0.139852926 -0.004036598 -0.990164042 31.715822220
-0.991568804 0.070935853 0.108441144 208.889450073 0.070079930 0.997472942 -0.011688419 -17.650642395 -0.108996235 -0.003990319 -0.994034171 30.432024002
-0.994594157 0.068397030 0.078129783 208.996017456 0.067942388 0.997653246 -0.008465884 -17.672101974 -0.078525499 -0.003111795 -0.996907234 29.133533478
-0.996594429 0.066822678 0.048313029 209.061233521 0.066644914 0.997762740 -0.005283058 -17.688165665 -0.048557967 -0.002045248 -0.998818278 27.864452362
-0.997668862 0.065938421 0.017579049 209.088760376 0.065887868 0.997821033 -0.003439445 -17.705957413 -0.017767537 -0.002273181 -0.999839544 26.598196030
-0.997778893 0.065252498 -0.013393600 209.076873779 0.065280713 0.997865498 -0.001678781 -17.717346191 0.013255466 -0.002549395 -0.999908805 25.333887100
-0.996940911 0.064029761 -0.044821404 209.028457642 0.064138226 0.997940540 -0.000984508 -17.725059509 0.044666056 -0.003856261 -0.998994529 24.066562653
-0.995025218 0.064666510 -0.075781830 208.930130005 0.064696483 0.997902989 0.002061987 -17.733650208 0.075756237 -0.002851088 -0.997122288 22.776313782
-0.992071390 0.064942822 -0.107594892 208.802291870 0.064740457 0.997887671 0.005376244 -17.738847733 0.107716754 -0.001632125 -0.994180262 21.498144150
-0.988015711 0.065425925 -0.139801204 208.631317139 0.064940050 0.997856796 0.008039351 -17.744546890 0.140027553 -0.001135691 -0.990146935 20.223058701
-0.982750952 0.065999106 -0.172756523 208.414489746 0.065504961 0.997815490 0.008566272 -17.740774155 0.172944516 -0.002897896 -0.984927297 18.953193665
-0.976382673 0.065738522 -0.205803737 208.155136108 0.064939693 0.997832477 0.010641344 -17.739295959 0.206057191 -0.002974809 -0.978535354 17.700084686
-0.968708992 0.065220840 -0.239476845 207.848983765 0.063514516 0.997870445 0.014844356 -17.734188080 0.239935040 -0.000830393 -0.970788598 16.434032440
-0.959593654 0.064420760 -0.273915857 207.510543823 0.061448254 0.997921169 0.019427424 -17.726182938 0.274597943 0.001810782 -0.961557448 15.203113556
-0.949334502 0.064146914 -0.307651430 207.101364136 0.060107708 0.997936070 0.022597684 -17.710748672 0.308466107 0.002960539 -0.951230764 13.954772949
-0.937753499 0.062737674 -0.341587901 206.662994385 0.058071140 0.998026788 0.023880972 -17.688909531 0.342412084 0.002558066 -0.939546406 12.736450195
-0.924779236 0.061897874 -0.375435829 206.172668457 0.057010703 0.998082101 0.024123568 -17.667362213 0.376208961 0.000905112 -0.926534414 11.525581360
-0.910820961 0.060158785 -0.408394516 205.648925781 0.054250598 0.998187602 0.026046311 -17.639112473 0.409221202 0.001567879 -0.912433863 10.338035583
-0.895624042 0.058841135 -0.440902799 205.079757690 0.051562797 0.998263478 0.028482644 -17.615304947 0.441813201 0.002775553 -0.897102773 9.162940979
-0.879497945 0.057504497 -0.472415745 204.470855713 0.049125697 0.998340130 0.030064804 -17.581514359 0.473360389 0.003234178 -0.880862892 8.002212524
-0.862769783 0.056745414 -0.502402484 203.815216064 0.048020933 0.998386562 0.030300099 -17.546314240 0.503311336 0.002016178 -0.864102781 6.858688354
-0.845612705 0.056292947 -0.530820370 203.127410889 0.047482233 0.998414218 0.030240146 -17.515455246 0.531680942 0.000366920 -0.846944690 5.744262695
-0.828196228 0.056204710 -0.557612836 202.395507812 0.046676639 0.998419285 0.031309284 -17.483255386 0.558491111 -0.000097257 -0.829510510 4.643890381
-0.810529947 0.057081275 -0.582908988 201.623352051 0.046238068 0.998369515 0.033471547 -17.453615189 0.583869159 0.000177107 -0.811847746 3.561042786
-0.793132067 0.058059864 -0.606275976 200.815948486 0.045763690 0.998313010 0.035734974 -17.415523529 0.607327938 0.000597128 -0.794451058 2.497230530
-0.775884926 0.059880920 -0.628026187 199.981140137 0.046732102 0.998205602 0.037442278 -17.382415771 0.629141271 -0.000298078 -0.777290940 1.455245972
-0.758952260 0.061986141 -0.648189306 199.106567383 0.050329700 0.998064935 0.036514595 -17.340986252 0.649198294 -0.004910334 -0.760603249 0.441772461
-0.742168069 0.064644150 -0.667088985 198.209640503 0.053391501 0.997876763 0.037298519 -17.296054840 0.668083727 -0.007935113 -0.744043708 -0.546112061
-0.724922061 0.068290539 -0.685437441 197.296112061 0.054242168 0.997642875 0.042028971 -17.262451172 0.686691940 -0.006711879 -0.726917565 -1.505462646
-0.706743598 0.069721311 -0.704025924 196.353790283 0.053561822 0.997549117 0.045021020 -17.219978333 0.705439329 -0.005890587 -0.708745837 -2.451652527
-0.688763738 0.064547829 -0.722106695 195.384704590 0.049549352 0.997890770 0.041938242 -17.171960831 0.723290622 -0.006894375 -0.690509319 -3.372261047
-0.670758247 0.059662476 -0.739272475 194.399307251 0.048569236 0.998153150 0.036487319 -17.122947693 0.740084052 -0.011431728 -0.672417343 -4.275413513
-0.653580487 0.054126061 -0.754919052 193.363098145 0.047269780 0.998411536 0.030659545 -17.075544357 0.755379438 -0.015646379 -0.655100763 -5.176925659
-0.636921823 0.051161844 -0.769228816 192.301513672 0.045752417 0.998545229 0.028530790 -17.030920029 0.769569576 -0.017022194 -0.638336003 -6.058036804
-0.619371057 0.048432279 -0.783603072 191.213317871 0.042079996 0.998708606 0.028466715 -16.990882874 0.783969879 -0.015342558 -0.620609224 -6.930381775
-0.600784659 0.043181345 -0.798243701 190.109130859 0.035101607 0.999001920 0.027622804 -16.948846817 0.798639774 -0.011424281 -0.601700783 -7.797370911
-0.582031727 0.040245119 -0.812169552 188.937210083 0.029261746 0.999164164 0.028541105 -16.903522491 0.812639475 -0.007153674 -0.582722843 -8.649490356
-0.562836230 0.039947670 -0.825602531 187.757156372 0.024189677 0.999199688 0.031856582 -16.867050171 0.826214433 -0.002041024 -0.563352108 -9.500495911
-0.543912709 0.039161567 -0.838227451 186.503570557 0.019885087 0.999231339 0.033780474 -16.810626984 0.838906229 0.001705403 -0.544273376 -10.315505981
-0.523968101 0.039593618 -0.850817144 185.282775879 0.016836168 0.999205172 0.036130607 -16.771591187 0.851571620 0.004606786 -0.524218202 -11.118080139
-0.506340384 0.038501047 -0.861473799 183.977081299 0.014025400 0.999238253 0.036414456 -16.712038040 0.862219751 0.006355593 -0.506494641 -11.888397217
-0.490124881 0.037989758 -0.870823979 182.604568481 0.011765188 0.999247193 0.036970433 -16.656173706 0.871572793 0.007874724 -0.490202725 -12.663841248
-0.475750089 0.037939940 -0.878761888 181.232147217 0.010577799 0.999243796 0.037414979 -16.595880508 0.879516900 0.008504816 -0.475791663 -13.403266907
-0.462519020 0.038054872 -0.885792315 179.762573242 0.010006736 0.999238849 0.037703652 -16.531835556 0.886552930 0.008574765 -0.462547719 -14.149444580
-0.449754417 0.039508395 -0.892277956 178.335662842 0.010605160 0.999186933 0.038896568 -16.474151611 0.893089294 0.008031152 -0.449807703 -14.868080139
-0.436466545 0.040333595 -0.898815989 176.829055786 0.010448131 0.999154508 0.039762564 -16.402708054 0.899659812 0.007964085 -0.436518937 -15.596328735
-0.423957050 0.041924998 -0.904711485 175.361007690 0.011456561 0.999096334 0.040930200 -16.337829590 0.905609787 0.006987767 -0.424054265 -16.290168762
-0.412210375 0.044291466 -0.910011470 173.846694946 0.012000035 0.998994946 0.043186720 -16.265426636 0.911009669 0.006881842 -0.412327558 -16.971908569
-0.401390284 0.046210624 -0.914740622 172.310058594 0.013780998 0.998918116 0.044415947 -16.196788788 0.915803432 0.005222088 -0.401592791 -17.642494202
-0.390878677 0.045962881 -0.919293880 170.732376099 0.015750425 0.998940170 0.043248042 -16.124589920 0.920307398 0.002425469 -0.391188413 -18.322456360
-0.384722352 0.046771828 -0.921846569 169.165420532 0.017110646 0.998905122 0.043540623 -16.039894104 0.922873735 0.000977658 -0.385101467 -18.971664429
-0.378168762 0.048052564 -0.924488723 167.537261963 0.019194709 0.998844206 0.044065636 -15.965332031 0.925537646 -0.001081042 -0.378654003 -19.625240326
-0.373607755 0.047502972 -0.926369667 165.904037476 0.021119187 0.998864591 0.042702980 -15.881299973 0.927346230 -0.003610010 -0.374186814 -20.266811371
-0.369567811 0.048370920 -0.927943885 164.264251709 0.022655698 0.998816311 0.043042306 -15.806697845 0.928927541 -0.005116168 -0.370226294 -20.932323456
-0.366418749 0.048520472 -0.929184139 162.588851929 0.024296133 0.998797774 0.042574536 -15.725849152 0.930132806 -0.006975475 -0.367157161 -21.589466095
-0.364731669 0.048658341 -0.929840386 160.840866089 0.025431445 0.998781621 0.042290486 -15.654853821 0.930765331 -0.008222505 -0.365524739 -22.248954773
-0.362693906 0.049431991 -0.930596352 159.109603882 0.026837066 0.998732030 0.042591687 -15.575129509 0.931521833 -0.009526729 -0.363560677 -22.899536133
-0.360994756 0.048920348 -0.931283772 157.348571777 0.026875298 0.998754025 0.042046856 -15.492809296 0.932180524 -0.009849835 -0.361859739 -23.554180145
-0.358257920 0.048834447 -0.932344615 155.592010498 0.026275445 0.998762906 0.042216834 -15.408832550 0.933252752 -0.009373252 -0.359097898 -24.257175446
-0.356321841 0.050303496 -0.933008194 153.825225830 0.025468159 0.998701572 0.044118915 -15.328077316 0.934016109 -0.008041467 -0.357140362 -24.927761078
-0.353972346 0.050402775 -0.933896780 152.057510376 0.026127160 0.998689950 0.043996785 -15.241319656 0.934890866 -0.008826423 -0.354825467 -25.603050232
-0.351664692 0.051810637 -0.934691191 150.226028442 0.026396593 0.998619020 0.045422852 -15.149139404 0.935753703 -0.008699045 -0.352546751 -26.271442413
-0.349225551 0.051463585 -0.935624421 148.390655518 0.025984634 0.998638570 0.045230791 -15.066171646 0.936678350 -0.008516111 -0.350087374 -26.954917908
-0.346631795 0.049065709 -0.936717093 146.551467896 0.025133224 0.998758256 0.043014921 -14.973065376 0.937664568 -0.008632385 -0.347434521 -27.625415802
-0.343997061 0.047429364 -0.937772095 144.688034058 0.024128923 0.998840153 0.041666921 -14.896232605 0.938660681 -0.008294133 -0.344742477 -28.304374695
-0.342349529 0.046635419 -0.938414574 142.782150269 0.023108816 0.998883247 0.041209981 -14.803646088 0.939288557 -0.007577433 -0.343044817 -28.975601196
