1.000000000 0.000000000 0.000000000 0.000000000 0.000000000 1.000000000 0.000000000 0.000000000 0.000000000 0.000000000 1.000000000 0.000000000
1.000000000 -0.000032838 0.000119057 -0.000209763 0.000032841 1.000000000 -0.000025612 -0.001640069 -0.000119056 0.000025616 1.000000000 0.043619689
1.000000000 -0.000172241 0.000041696 0.003169135 0.000172250 0.999999940 -0.000218760 0.003765107 -0.000041658 0.000218767 1.000000000 0.091501236
0.999999940 0.000229263 0.000225674 0.004091239 -0.000229236 0.999999940 -0.000117833 -0.001375523 -0.000225701 0.000117782 0.999999940 0.138029650
0.999999881 0.000132249 0.000432246 0.001655224 -0.000132205 1.000000000 -0.000102110 -0.003085345 -0.000432259 0.000102053 0.999999881 0.197170869
0.999999762 0.000305249 0.000613447 0.001661388 -0.000305247 0.999999940 -0.000003071 -0.003724921 -0.000613448 0.000002884 0.999999821 0.253552496
0.999999702 0.000157461 0.000767108 0.003293136 -0.000157707 0.999999940 0.000321159 -0.005387517 -0.000767058 -0.000321280 0.999999642 0.313241512
0.999999583 0.000473340 0.000804547 0.004936501 -0.000473745 0.999999762 0.000503790 -0.004269145 -0.000804309 -0.000504170 0.999999523 0.380079150
0.999999344 0.000411520 0.001064623 0.003566077 -0.000412198 0.999999702 0.000636593 -0.006587491 -0.001064360 -0.000637031 0.999999225 0.445837468
0.999999464 0.000166448 0.001041594 0.009339461 -0.000167235 0.999999702 0.000755406 -0.005735885 -0.001041468 -0.000755580 0.999999166 0.518139064
0.999999642 -0.000201838 0.000856377 0.009300839 0.000201072 0.999999583 0.000894995 -0.007964194 -0.000856557 -0.000894823 0.999999225 0.592207849
0.999999821 -0.000306117 0.000545127 0.004054303 0.000305882 0.999999881 0.000430423 -0.007813483 -0.000545259 -0.000430256 0.999999762 0.673042238
0.999999404 -0.000193826 -0.001088637 0.007363180 0.000193493 0.999999940 -0.000305496 -0.012034831 0.001088696 0.000305285 0.999999344 0.763570368
0.999993682 -0.000073277 -0.003547145 0.003005555 0.000069076 0.999999285 -0.001184465 -0.010665605 0.003547229 0.001184213 0.999993026 0.857410073
0.999970615 -0.000097691 -0.007663830 0.000963517 0.000083432 0.999998271 -0.001860860 -0.008505667 0.007663998 0.001860166 0.999968886 0.957728863
0.999904156 -0.000261364 -0.013843237 -0.005612878 0.000236058 0.999998271 -0.001829640 -0.013981099 0.013843692 0.001826197 0.999902487 1.077324390
0.999755859 -0.000273368 -0.022095028 -0.016672149 0.000226943 0.999997735 -0.002103618 -0.011308294 0.022095554 0.002098090 0.999753654 1.200072527
0.999458611 -0.000818868 -0.032890283 -0.033797741 0.000754975 0.999997795 -0.001954985 -0.010999257 0.032891814 0.001929095 0.999457061 1.328274727
0.998875558 -0.001375103 -0.047388658 -0.049813207 0.001296229 0.999997735 -0.001695115 -0.015075613 0.047390882 0.001631783 0.998875082 1.473939538
0.997870624 -0.001060944 -0.065215290 -0.074247889 0.000987127 0.999998808 -0.001164111 -0.021431858 0.065216452 0.001097257 0.997870564 1.624912858
0.996245444 -0.000803736 -0.086570233 -0.102321036 0.000751047 0.999999523 -0.000641203 -0.023544593 0.086570702 0.000573777 0.996245563 1.789687276
0.993853629 0.000398384 -0.110701360 -0.155843884 -0.000443435 0.999999821 -0.000382341 -0.025226364 0.110701188 0.000429080 0.993853629 1.973786592
0.990393996 0.001084842 -0.138269737 -0.197473049 -0.001103670 0.999999404 -0.000059496 -0.033379667 0.138269559 0.000211528 0.990394592 2.121316671
0.985723078 0.001007055 -0.168371126 -0.254924268 -0.001076332 0.999999344 -0.000320186 -0.032091994 0.168370664 0.000496838 0.985723555 2.319888115
0.979614735 0.000554331 -0.200884670 -0.324578196 -0.000660045 0.999999702 -0.000459261 -0.033438154 0.200884342 0.000582491 0.979614794 2.526499033
0.971905231 0.000685773 -0.235371485 -0.408822000 -0.000814843 0.999999523 -0.000451109 -0.033963814 0.235371083 0.000630226 0.971905410 2.732191086
0.962168097 0.000622320 -0.272455871 -0.507122397 -0.000862580 0.999999225 -0.000762058 -0.028978525 0.272455215 0.000968243 0.962167978 2.959883928
0.950190783 0.002898448 -0.311655402 -0.616300464 -0.002906550 0.999995649 0.000438491 -0.029290410 0.311655343 0.000489192 0.950195074 3.177489519
0.935702264 0.006205578 -0.352736086 -0.739099503 -0.005801191 0.999980688 0.002203548 -0.025680013 0.352743030 -0.000015576 0.935720265 3.405305386
0.918842256 0.009370024 -0.394513667 -0.881078303 -0.008112079 0.999955416 0.004856316 -0.024738915 0.394541472 -0.001261863 0.918877244 3.636420727
0.899137139 0.011585018 -0.437513530 -1.044866800 -0.009596892 0.999931216 0.006754755 -0.018546263 0.437561721 -0.001874681 0.899186432 3.880993843
0.876202047 0.013602411 -0.481751949 -1.205987453 -0.010165600 0.999900877 0.009743484 -0.028398171 0.481836706 -0.003639964 0.876253545 4.115534306
0.851014614 0.015337324 -0.524917960 -1.402002811 -0.009940156 0.999864817 0.013099251 -0.024358705 0.525047839 -0.005929889 0.851052046 4.352436066
0.822337151 0.018154180 -0.568710804 -1.598091006 -0.008619249 0.999773681 0.019451261 -0.022388346 0.568935275 -0.011093632 0.822307587 4.603392601
0.791560590 0.024381967 -0.610604048 -1.830779076 -0.011372032 0.999618411 0.025173450 -0.025091082 0.610984862 -0.012982502 0.791535795 4.827024460
0.757337868 0.029851010 -0.652340531 -2.076678276 -0.013913524 0.999465525 0.029582424 -0.015613556 0.652875006 -0.013327535 0.757348418 5.048554897
0.720592916 0.036713440 -0.692385793 -2.347443104 -0.016987698 0.999232233 0.035304073 -0.007526100 0.693150401 -0.013677822 0.720663249 5.267427444
0.681072414 0.042077415 -0.731006026 -2.625127792 -0.017057603 0.998988271 0.041610301 -0.001938552 0.732017398 -0.015870415 0.681101203 5.477110386
0.638684034 0.045744464 -0.768108070 -2.937905073 -0.015510125 0.998793840 0.046586171 0.021090955 0.769312739 -0.017840397 0.638623238 5.699701309
0.593787670 0.049173906 -0.803117633 -3.255182743 -0.012903957 0.998584390 0.051601499 0.027378052 0.804518342 -0.020276934 0.593581676 5.886700630
0.546340168 0.051146671 -0.836000323 -3.599681854 -0.010342866 0.998469651 0.054327354 0.044116944 0.837499440 -0.021034578 0.546033084 6.067650795
0.497258723 0.052256614 -0.866027176 -3.965391159 -0.009309441 0.998448372 0.054901659 0.065120578 0.867552400 -0.019238094 0.496973634 6.235817909
0.447755158 0.052926585 -0.892588496 -4.347248077 -0.007805252 0.998439968 0.055287722 0.079400092 0.894122124 -0.017788487 0.447469771 6.388388634
0.398644954 0.053866792 -0.915521979 -4.754764080 -0.007641469 0.998434067 0.055417791 0.097751588 0.917073429 -0.015096088 0.398432344 6.526709557
0.349456936 0.054039422 -0.935392737 -5.164947510 -0.007085752 0.998459220 0.055035707 0.127825469 0.936925650 -0.012604648 0.349301428 6.652337074
0.301830888 0.054268517 -0.951815665 -5.601516247 -0.004207076 0.998444557 0.055592995 0.155395776 0.953352153 -0.012775323 0.301589698 6.756126881
0.253965229 0.054638367 -0.965668917 -6.048931599 -0.001107235 0.998418868 0.056200206 0.183205217 0.967212737 -0.013203673 0.253624201 6.846576214
0.207790032 0.056759719 -0.976525247 -6.522642136 0.002092692 0.998286903 0.058469892 0.216975614 0.978171289 -0.014193026 0.207315251 6.917994499
0.162278652 0.061388228 -0.984833539 -6.993595600 0.004605121 0.998004913 0.062968068 0.234067410 0.986734211 -0.014753652 0.161672220 6.982210159
0.120987691 0.064772658 -0.990538538 -7.490252972 0.004492995 0.997822821 0.065797776 0.262244791 0.992643833 -0.012411205 0.120433256 7.014011383
0.084130011 0.065810047 -0.994279146 -8.002328873 0.004379814 0.997782588 0.066412523 0.293146580 0.996445119 -0.009942045 0.083655216 7.031765938
0.051760636 0.065591484 -0.996503174 -8.524552345 0.003835226 0.997820318 0.065877385 0.322176009 0.998652101 -0.007231672 0.051396243 7.039864540
0.023404703 0.065635636 -0.997569263 -9.057059288 0.003642847 0.997830212 0.065738298 0.350549430 0.999719441 -0.005172576 0.023114821 7.037446499
-0.001442678 0.064905897 -0.997890472 -9.601950645 0.006076257 0.997873604 0.064896010 0.382724375 0.999980450 -0.005969814 -0.001833996 7.027087688
-0.023078261 0.065412432 -0.997591436 -10.159993172 0.010152478 0.997821093 0.065192625 0.415889323 0.999682069 -0.008623491 -0.023692071 7.007414818
-0.042146552 0.065793566 -0.996942699 -10.724600792 0.011355832 0.997796535 0.065369815 0.447890669 0.999046862 -0.008566003 -0.042800814 6.977581978
-0.058736414 0.065186448 -0.996142924 -11.290032387 0.011442888 0.997844160 0.064623050 0.476748616 0.998207927 -0.007603025 -0.059355706 6.935577869
-0.072604373 0.064822689 -0.995252013 -11.874605179 0.009490956 0.997885406 0.064301819 0.510957241 0.997315645 -0.004777301 -0.073066063 6.886119366
-0.083389170 0.065199621 -0.994381845 -12.477536201 0.008776043 0.997866631 0.064692140 0.545076251 0.996478379 -0.003332113 -0.083783463 6.828530312
-0.091086537 0.066048637 -0.993650258 -13.078426361 0.008510755 0.997813225 0.065545164 0.583805740 0.995806575 -0.002486430 -0.091449484 6.774089336
-0.095011517 0.067722648 -0.993169904 -13.705329895 0.009675039 0.997698963 0.067105919 0.621724486 0.995429158 -0.003233122 -0.095448099 6.713229179
-0.097840063 0.070685774 -0.992688656 -14.339597702 0.010581487 0.997491956 0.069984876 0.661181450 0.995145857 -0.003656799 -0.098342642 6.653361320
-0.100299627 0.071878113 -0.992357612 -14.986228943 0.008995132 0.997411788 0.071335033 0.701557159 0.994916618 -0.001771509 -0.100686595 6.593849182
-0.102138959 0.071170166 -0.992220998 -15.623512268 0.008851561 0.997462869 0.070634983 0.740893483 0.994730771 -0.001568122 -0.102509797 6.525760174
-0.104361445 0.070554510 -0.992033660 -16.268938065 0.009918812 0.997504652 0.069900163 0.774580359 0.994489968 -0.002544913 -0.104800850 6.466147423
-0.106928006 0.068803146 -0.991883337 -16.927257538 0.010054246 0.997626603 0.068117656 0.819709063 0.994215906 -0.002688953 -0.107366003 6.403314114
-0.107946172 0.068075188 -0.991823256 -17.599533081 0.009684617 0.997677445 0.067422979 0.862991452 0.994109631 -0.002327377 -0.108354747 6.334378719
-0.107908547 0.070079856 -0.991687775 -18.268623352 0.008092292 0.997541308 0.069612965 0.898204327 0.994127870 -0.000513192 -0.108210333 6.264457703
-0.107468501 0.072194822 -0.991583824 -18.955667496 0.007393489 0.997390449 0.071816266 0.942673624 0.994180977 0.000386725 -0.107721850 6.187055111
-0.107416697 0.073061883 -0.991525829 -19.655233383 0.005732135 0.997325122 0.072868213 0.984040856 0.994197547 0.002143703 -0.107548170 6.114476204
-0.107196786 0.070585363 -0.991729081 -20.362861633 0.004665696 0.997501373 0.070491888 1.026183009 0.994226813 0.002929398 -0.107258283 6.041159630
-0.107179217 0.066827208 -0.991991222 -21.089399338 0.005828708 0.997763574 0.066586316 1.072800756 0.994222641 0.001354642 -0.107329033 5.970048428
-0.107216701 0.063448638 -0.992209136 -21.818319321 0.007947459 0.997984350 0.062959164 1.121959805 0.994203866 -0.001135265 -0.107504874 5.903957367
-0.106483884 0.063736103 -0.992269576 -22.556032181 0.007665717 0.997966349 0.063279383 1.167773962 0.994284868 -0.000868223 -0.106755927 5.822251320
-0.106149666 0.067682140 -0.992044032 -23.308517456 0.008375322 0.997706234 0.067172274 1.209323525 0.994314909 -0.001178373 -0.106473058 5.751530647
-0.106550425 0.071478330 -0.991734803 -24.068284988 0.009844650 0.997439682 0.070831798 1.254581571 0.994258642 -0.002216121 -0.106981300 5.676748753
-0.106941961 0.073326275 -0.991557658 -24.830394745 0.011507886 0.997301340 0.072509870 1.300808191 0.994198680 -0.003656385 -0.107497193 5.597289562
-0.107314028 0.073657773 -0.991492867 -25.613767624 0.016333280 0.997247875 0.072317466 1.347981215 0.994091034 -0.008433654 -0.108221740 5.526674271
-0.108240724 0.071950361 -0.991517484 -26.392866135 0.019307243 0.997341454 0.070265263 1.396243334 0.993937194 -0.011537910 -0.109342113 5.453946114
-0.109267011 0.068594605 -0.991642833 -27.168331146 0.020372858 0.997561157 0.066759154 1.444787025 0.993803620 -0.012908025 -0.110397987 5.376652718
-0.109944582 0.064483337 -0.991843760 -27.977628708 0.019881504 0.997836232 0.062669091 1.489219427 0.993738830 -0.012829216 -0.110988721 5.288937569
-0.110536300 0.061420873 -0.991972387 -28.774030685 0.022123726 0.997993290 0.059328411 1.534473062 0.993625820 -0.015388180 -0.111673340 5.205088139
-0.111260548 0.060286261 -0.991961002 -29.579839706 0.025249274 0.998007596 0.057821728 1.580170155 0.993470490 -0.018613020 -0.112561055 5.124350548
-0.111683317 0.061239935 -0.991855085 -30.404493332 0.024940018 0.997957647 0.058808472 1.623659492 0.993430912 -0.018168956 -0.112982541 5.033113480
-0.112223834 0.063328065 -0.991662920 -31.232234955 0.024798052 0.997834802 0.060915887 1.657356143 0.993373454 -0.017755097 -0.113551259 4.943612576
-0.113067098 0.064833395 -0.991469800 -32.052242279 0.026181545 0.997716665 0.062256154 1.703497887 0.993242264 -0.018919090 -0.114506379 4.856085300
-0.112975538 0.066785693 -0.991350710 -32.883407593 0.026655586 0.997583032 0.064167857 1.744271040 0.993240118 -0.019175636 -0.114482693 4.764816284
-0.112828568 0.067360841 -0.991328537 -33.710536957 0.028715814 0.997503698 0.064512156 1.785403490 0.993199408 -0.021187987 -0.114481248 4.683730125
-0.113517053 0.066391401 -0.991315305 -34.548442841 0.028304178 0.997575939 0.063569546 1.832598805 0.993132770 -0.020842137 -0.115121044 4.591438293
-0.114284776 0.065919548 -0.991258562 -35.383682251 0.029101400 0.997590125 0.062985405 1.878084898 0.993021727 -0.021648737 -0.115927696 4.504138470
-0.114197224 0.065288201 -0.991310477 -36.226451874 0.028427031 0.997644365 0.062430613 1.922916889 0.993051291 -0.021050612 -0.115784161 4.410839081
-0.114652790 0.065266162 -0.991259336 -37.079826355 0.029325059 0.997626960 0.062293559 1.968768954 0.992972732 -0.021926606 -0.116294660 4.317401409
-0.115078419 0.064718716 -0.991245925 -37.927532196 0.032156281 0.997595251 0.061400082 2.011989117 0.992835820 -0.024808962 -0.116882779 4.228368759
-0.116171062 0.061399151 -0.991329670 -38.778564453 0.035894744 0.997695088 0.057586998 2.057912588 0.992580414 -0.028893584 -0.118107177 4.141571522
-0.116725937 0.060291395 -0.991332412 -39.634651184 0.039038531 0.997662783 0.056079745 2.100095272 0.992396533 -0.032154206 -0.118806832 4.048368931
-0.118103988 0.061693072 -0.991082907 -40.491542816 0.039105415 0.997582912 0.057437621 2.145070553 0.992230833 -0.031973101 -0.120231062 3.953114033
-0.119226858 0.066901237 -0.990610480 -41.364219666 0.041022249 0.997207165 0.062409449 2.186462879 0.992019236 -0.033196185 -0.121638313 3.852760315
-0.120342180 0.069971852 -0.990263402 -42.236518860 0.041634761 0.996990979 0.065387540 2.232149124 0.991858900 -0.033360511 -0.122893326 3.753715515
-0.121742338 0.070370741 -0.990063965 -43.115821838 0.041158061 0.996983528 0.065801576 2.276503801 0.991707981 -0.032738272 -0.124271430 3.650821209
-0.123046800 0.068725228 -0.990018308 -43.991889954 0.039748378 0.997139990 0.064279392 2.329851627 0.991604567 -0.031442251 -0.125426590 3.545430183
-0.124420449 0.067253590 -0.989947677 -44.871253967 0.036934800 0.997322738 0.063112497 2.380103827 0.991541922 -0.028711028 -0.126571342 3.424725533
-0.125877529 0.067957826 -0.989715397 -45.770145416 0.036027897 0.997305989 0.063896805 2.422343969 0.991391361 -0.027614195 -0.127986789 3.321082592
-0.127279505 0.069508970 -0.989428282 -46.660346985 0.036077395 0.997205853 0.065414377 2.474202394 0.991210520 -0.027370088 -0.129431561 3.211316586
-0.128908157 0.070822068 -0.989124358 -47.563430786 0.033436257 0.997189641 0.067041963 2.518345356 0.991092741 -0.024430364 -0.130913913 3.095355034
-0.130326405 0.070848830 -0.988936543 -48.451618195 0.031648420 0.997232676 0.067272387 2.571125031 0.990965903 -0.022530917 -0.132207975 2.978171825
-0.131873667 0.069854744 -0.988802135 -49.334251404 0.031019954 0.997316182 0.066319190 2.616929531 0.990781009 -0.021926843 -0.133686647 2.857353687
-0.132860065 0.069526553 -0.988693237 -50.236968994 0.031720817 0.997323871 0.065870844 2.668432474 0.990627110 -0.022610553 -0.134709969 2.742952347
-0.134330302 0.070078470 -0.988455594 -51.125682831 0.032733083 0.997265697 0.066254683 2.712648630 0.990395844 -0.023455184 -0.136256874 2.628872871
-0.135829046 0.070438541 -0.988225043 -52.020698547 0.033030666 0.997236848 0.066540897 2.763939857 0.990181506 -0.023603547 -0.137780383 2.512184143
-0.136652097 0.070988953 -0.988072276 -52.921249390 0.033268191 0.997195303 0.067043357 2.806630373 0.990060329 -0.023709759 -0.138630509 2.392244339
-0.137273565 0.071052380 -0.987981498 -53.813903809 0.032326270 0.997213960 0.067224838 2.858005285 0.990005612 -0.022709558 -0.139187992 2.268250465
-0.138062403 0.071468331 -0.987841606 -54.707935333 0.030313326 0.997230828 0.067910992 2.906376839 0.989959598 -0.020568809 -0.139846548 2.142728329
-0.138301805 0.072806053 -0.987710476 -55.597026825 0.025684549 0.997222602 0.069910787 2.950251102 0.990057051 -0.015700115 -0.139787659 2.014937401
-0.137915373 0.074301966 -0.987653077 -56.510166168 0.021537814 0.997171283 0.072010502 3.010637522 0.990209818 -0.011340534 -0.139125526 1.893460751
-0.136464700 0.076009847 -0.987724602 -57.399421692 0.018409180 0.997074366 0.074185953 3.063677788 0.990473926 -0.008059438 -0.137464732 1.766237736
-0.134576559 0.077776618 -0.987846136 -58.302818298 0.018736757 0.996936381 0.075939782 3.114740372 0.990725994 -0.008289320 -0.135621533 1.654913425
-0.132610038 0.078329571 -0.988068342 -59.198688507 0.018948967 0.996890604 0.076485783 3.175740242 0.990987182 -0.008580093 -0.133681968 1.537178516
-0.131018922 0.077548280 -0.988342226 -60.108253479 0.020465484 0.996935070 0.075509518 3.230370522 0.991168618 -0.010333728 -0.132204413 1.426697254
-0.129769415 0.074633509 -0.988731384 -61.002189636 0.020600265 0.997150898 0.072565302 3.288640976 0.991330147 -0.010951371 -0.130937129 1.311889648
-0.128978476 0.072213247 -0.989014626 -61.898441315 0.021236455 0.997317374 0.070050009 3.345681190 0.991420031 -0.011968216 -0.130166039 1.207536221
-0.128147066 0.071161635 -0.989198864 -62.791240692 0.020858098 0.997395217 0.069049180 3.396907806 0.991535902 -0.011784355 -0.129297540 1.094181061
-0.127645940 0.070570923 -0.989305973 -63.719100952 0.018044598 0.997465551 0.068824761 3.452125311 0.991655588 -0.009066423 -0.128595904 0.986582756
-0.127088338 0.069661133 -0.989442229 -64.616004944 0.015614435 0.997547626 0.068226203 3.510371447 0.991768479 -0.006778821 -0.127864420 0.877096176
-0.126416594 0.069015369 -0.989573538 -65.516502380 0.015406132 0.997593105 0.067606561 3.555646420 0.991857648 -0.006698908 -0.127175570 0.761405945
-0.125942767 0.068155959 -0.989693463 -66.429641724 0.014703597 0.997655749 0.066833168 3.605632067 0.991928458 -0.006134898 -0.126649737 0.652404785
-0.125218019 0.068075493 -0.989790976 -67.340362549 0.015683813 0.997654378 0.066632159 3.659807920 0.992005229 -0.007180151 -0.125992000 0.547291756
-0.124599971 0.067258693 -0.989924788 -68.252410889 0.017105114 0.997697115 0.065633796 3.710708618 0.992059588 -0.008754808 -0.125463530 0.441570282
-0.123909943 0.066486850 -0.990063548 -69.175659180 0.019486884 0.997723341 0.064562403 3.762926817 0.992102087 -0.011293331 -0.124923475 0.345164299
-0.123418666 0.065654531 -0.990180373 -70.092880249 0.020783903 0.997761130 0.063566610 3.813349247 0.992137015 -0.012734506 -0.124506913 0.225134850
-0.123263560 0.065204486 -0.990229487 -71.022659302 0.023078592 0.997757435 0.062827364 3.864608765 0.992105603 -0.015108774 -0.124491967 0.120942116
-0.122257270 0.064309709 -0.990412712 -71.956016541 0.025442027 0.997773707 0.061647087 3.916120768 0.992172301 -0.017661301 -0.123621270 0.015467644
-0.121209510 0.065143839 -0.990487039 -72.887718201 0.024912734 0.997729540 0.062571503 3.966827869 0.992314219 -0.017091477 -0.122557223 -0.092294693
-0.119253740 0.067138083 -0.990591288 -73.832977295 0.023953008 0.997615278 0.064730518 4.017266750 0.992574811 -0.016008282 -0.120577522 -0.208830833
-0.117893733 0.068568684 -0.990656018 -74.783561707 0.023100801 0.997532725 0.066295505 4.074514389 0.992757440 -0.015069126 -0.119186826 -0.311889648
-0.116749018 0.068690829 -0.990783095 -75.747695923 0.023279017 0.997520566 0.066414841 4.125662804 0.992888570 -0.015310591 -0.118058607 -0.417413712
-0.115753621 0.068225436 -0.990932047 -76.684211731 0.023120588 0.997553051 0.065980509 4.182362080 0.993008852 -0.015273451 -0.117047787 -0.522941589
-0.114912942 0.068255067 -0.991027892 -77.640419006 0.024588715 0.997526407 0.065851495 4.235892773 0.993071139 -0.016800914 -0.116307028 -0.626007080
-0.114580862 0.068769075 -0.991030753 -78.588562012 0.024404543 0.997494817 0.066396020 4.288521767 0.993114173 -0.016577939 -0.115972102 -0.728217125
-0.114263952 0.067306295 -0.991167784 -79.535202026 0.024447847 0.997590661 0.064924046 4.342689037 0.993149519 -0.016813442 -0.115634151 -0.833387375
-0.114570864 0.067320183 -0.991131425 -80.494194031 0.024869632 0.997582912 0.064883552 4.396536350 0.993103683 -0.017215310 -0.115968160 -0.940227509
-0.114717491 0.067146190 -0.991126180 -81.449645996 0.024172585 0.997606218 0.064787351 4.444751263 0.993104041 -0.016525839 -0.116065986 -1.047311783
-0.114727534 0.068788126 -0.991012514 -82.397758484 0.022707341 0.997520566 0.066611089 4.496909618 0.993137538 -0.014861131 -0.116005071 -1.155475616
-0.115363985 0.069437616 -0.990893245 -83.339294434 0.021015970 0.997500896 0.067453891 4.548071384 0.993100941 -0.013042832 -0.116534971 -1.261807442
-0.115790106 0.070618860 -0.990760148 -84.275466919 0.019431105 0.997439563 0.068824038 4.595751762 0.993083596 -0.011282419 -0.116865836 -1.372207642
-0.116089970 0.069405973 -0.990810692 -85.223823547 0.019010542 0.997528017 0.067649126 4.649094582 0.993056774 -0.010982467 -0.117122419 -1.476700783
-0.116437927 0.069554724 -0.990759373 -86.154640198 0.017176533 0.997536600 0.068011850 4.699448586 0.993049443 -0.009098652 -0.117345788 -1.584933281
-0.116200693 0.069570191 -0.990786195 -87.093063354 0.016247710 0.997543514 0.068139106 4.752565861 0.993092775 -0.008180196 -0.117045604 -1.693701744
-0.116313711 0.071188919 -0.990657926 -88.026535034 0.015418155 0.997437239 0.069865830 4.805729389 0.993092835 -0.007147769 -0.117113248 -1.800284386
-0.115622856 0.071502842 -0.990716219 -88.954704285 0.013056376 0.997428894 0.070463546 4.857675076 0.993207455 -0.004787969 -0.116259165 -1.908574104
-0.114081003 0.072252847 -0.990840495 -89.895240784 0.011201706 0.997381985 0.071440145 4.909042835 0.993408322 -0.002949145 -0.114591718 -2.010444641
-0.112848461 0.071452208 -0.991039753 -90.818809509 0.009225915 0.997443318 0.070863359 4.964268208 0.993569434 -0.001146429 -0.113219164 -2.118117332
-0.111949801 0.071325012 -0.991150796 -91.733123779 0.007863094 0.997453094 0.070890397 5.013984680 0.993682742 0.000142654 -0.112225518 -2.216724396
-0.111244999 0.069318168 -0.991372585 -92.654838562 0.007812957 0.997594655 0.068876520 5.073653221 0.993762314 -0.000083384 -0.111519001 -2.311873436
-0.110843681 0.066918172 -0.991582334 -93.580566406 0.006631441 0.997758090 0.066593647 5.126912594 0.993815720 0.000805866 -0.111038961 -2.416804314
-0.110135235 0.065392822 -0.991762996 -94.475196838 0.005894499 0.997858703 0.065140150 5.167026520 0.993899107 0.001328279 -0.110284857 -2.508948803
-0.110600516 0.066479452 -0.991639018 -95.389396667 0.008442944 0.997787237 0.065949939 5.220749378 0.993829072 -0.001078253 -0.110917054 -2.600351810
-0.111634277 0.069837131 -0.991292298 -96.297676086 0.008959519 0.997557759 0.069269545 5.268775463 0.993708968 -0.001148649 -0.111987352 -2.696376801
-0.112918906 0.072248906 -0.990973949 -97.198722839 0.008991490 0.997386277 0.071691848 5.317979813 0.993563592 -0.000814969 -0.113273397 -2.795944214
-0.114826173 0.072720729 -0.990720212 -98.100135803 0.009003095 0.997352064 0.072164059 5.364999294 0.993344843 -0.000633228 -0.115176827 -2.892039299
-0.116748370 0.070903942 -0.990627229 -99.010864258 0.010581573 0.997480512 0.070147388 5.421346664 0.993105173 -0.002292802 -0.117204510 -2.990947723
-0.118974544 0.068450779 -0.990534961 -99.907646179 0.010946206 0.997650564 0.067627750 5.470908165 0.992836893 -0.002796620 -0.119444296 -3.093047142
-0.120594792 0.066738456 -0.990455866 -100.801582336 0.013435763 0.997755885 0.065594450 5.517005920 0.992610812 -0.005397182 -0.121220842 -3.195683479
-0.122713067 0.066976979 -0.990179539 -101.707427979 0.018136185 0.997704864 0.065238379 5.569352627 0.992276490 -0.009952477 -0.123646118 -3.301272392
-0.125281900 0.070148282 -0.989638150 -102.580596924 0.021515286 0.997454703 0.067978643 5.615813732 0.991887808 -0.012775852 -0.126472309 -3.397768974
-0.128295273 0.074951023 -0.988899827 -103.476089478 0.020900331 0.997123003 0.072862782 5.666172028 0.991515756 -0.011320383 -0.129492700 -3.512856483
-0.130950138 0.078375876 -0.988286018 -104.373535156 0.022440195 0.996849060 0.076081589 5.715349197 0.991134942 -0.012214434 -0.132296309 -3.623815536
-0.133317769 0.077883467 -0.988008380 -105.264129639 0.020445013 0.996911407 0.075826518 5.773979187 0.990862370 -0.010090823 -0.134498313 -3.739961624
-0.135343209 0.073888704 -0.988039732 -106.156089783 0.015016145 0.997253776 0.072520815 5.837282181 0.990684986 -0.005021348 -0.136081040 -3.865164757
-0.137709275 0.072109357 -0.987844348 -107.050888062 0.011847694 0.997394979 0.071154900 5.886889458 0.990401864 -0.001904987 -0.138204858 -3.989662170
-0.140469432 0.071739264 -0.987482488 -107.946815491 0.010775900 0.997423112 0.070928559 5.939226151 0.990026295 -0.000677718 -0.140880555 -4.116395950
-0.142669559 0.073437281 -0.987042189 -108.833053589 0.011200980 0.997299552 0.072581418 5.995773792 0.989706933 -0.000700682 -0.143106833 -4.242615700
-0.145648912 0.074677140 -0.986513913 -109.713142395 0.012108396 0.997207046 0.073698901 6.047183990 0.989262164 -0.001210936 -0.146146357 -4.365403175
-0.148115352 0.073774509 -0.986214578 -110.614875793 0.015400660 0.997264802 0.072288200 6.099404335 0.988850176 -0.004481365 -0.148846388 -4.483570099
-0.150285006 0.071603604 -0.986046314 -111.493080139 0.016829532 0.997414529 0.069864117 6.155038357 0.988499463 -0.006095169 -0.151101515 -4.611187935
-0.151666164 0.070215933 -0.985934615 -112.372520447 0.016507996 0.997514427 0.068501212 6.206630230 0.988293886 -0.005886490 -0.152448311 -4.744591713
-0.152339563 0.069914959 -0.985852182 -113.251586914 0.016461022 0.997535884 0.068199888 6.257503510 0.988191068 -0.005838593 -0.153115019 -4.881636620
-0.153372020 0.068609253 -0.985783875 -114.140945435 0.015053757 0.997633338 0.067091823 6.308735847 0.988053858 -0.004549744 -0.154041842 -5.015721321
-0.153606772 0.069423497 -0.985690236 -115.030250549 0.016250404 0.997571468 0.067727901 6.356140137 0.987998366 -0.005614404 -0.154361933 -5.144701958
-0.154225901 0.069938757 -0.985557079 -115.923500061 0.016232569 0.997536302 0.068248659 6.405878067 0.987902284 -0.005472413 -0.154981241 -5.274958611
-0.153568938 0.070469379 -0.985621929 -116.817047119 0.014900253 0.997505486 0.068997420 6.456921577 0.988025546 -0.004090154 -0.154235899 -5.411964417
-0.153324515 0.068253927 -0.985815883 -117.716293335 0.013443192 0.997663498 0.066983394 6.506093502 0.988084435 -0.002982318 -0.153883815 -5.543750763
-0.152419478 0.065494202 -0.986143351 -118.604972839 0.012918399 0.997848570 0.064274915 6.555784702 0.988231480 -0.002942644 -0.152937651 -5.675761223
-0.151339561 0.063747935 -0.986424088 -119.505683899 0.012629684 0.997961521 0.062555872 6.607657909 0.988401175 -0.002991049 -0.151836216 -5.802442551
-0.150415421 0.064990528 -0.986484230 -120.414291382 0.011900680 0.997883558 0.063926935 6.660566330 0.988551259 -0.002124237 -0.150870532 -5.925454140
-0.149072140 0.067290440 -0.986534059 -121.313423157 0.012901748 0.997729242 0.066104501 6.705993652 0.988742173 -0.002873671 -0.149601832 -6.058897018
-0.148172855 0.066856094 -0.986698985 -122.226188660 0.014194135 0.997753322 0.065473564 6.754911423 0.988859653 -0.004303935 -0.148788944 -6.180875778
-0.146713153 0.065265007 -0.987023592 -123.134475708 0.014157465 0.997857451 0.063876972 6.803512573 0.989077747 -0.004602163 -0.147322774 -6.314506531
-0.145483062 0.065275662 -0.987204969 -124.043174744 0.014105611 0.997856498 0.063901238 6.856290340 0.989260137 -0.004628586 -0.146091968 -6.442797661
-0.144263431 0.064904675 -0.987408459 -124.956741333 0.014511908 0.997878075 0.063472636 6.900107861 0.989432812 -0.005172402 -0.144899219 -6.565608025
-0.142880589 0.064649440 -0.987626255 -125.859771729 0.015452136 0.997888446 0.063085742 6.946736813 0.989619255 -0.006247208 -0.143577859 -6.687153816
-0.141258121 0.065063901 -0.987832367 -126.776115417 0.015557903 0.997860730 0.063499637 6.991832256 0.989850521 -0.006398763 -0.141968131 -6.821677208
-0.139847755 0.068449259 -0.987804294 -127.679618835 0.016108206 0.997633040 0.066849828 7.039565086 0.990041971 -0.006562957 -0.140619323 -6.942776680
-0.138586655 0.071739592 -0.987748563 -128.592681885 0.016667979 0.997400582 0.070101999 7.089395046 0.990210056 -0.006748565 -0.139422163 -7.062458992
-0.137250260 0.071586713 -0.987946212 -129.489959717 0.016496489 0.997411907 0.069980837 7.137553692 0.990399003 -0.006692756 -0.138075978 -7.184762955
-0.135917619 0.068888865 -0.988322198 -130.372192383 0.017363604 0.997591972 0.067147091 7.183938503 0.990567982 -0.008034360 -0.136786491 -7.300889969
-0.134886697 0.064427160 -0.988764167 -131.282135010 0.020265367 0.997854531 0.062254883 7.232891560 0.990653694 -0.011640313 -0.135902941 -7.411455154
-0.134219348 0.063014090 -0.988946080 -132.172378540 0.021718787 0.997923493 0.060638450 7.278952599 0.990713596 -0.013339855 -0.135309219 -7.520141602
-0.133574694 0.062722512 -0.989051938 -133.072052002 0.022011617 0.997936785 0.060313240 7.319788933 0.990794420 -0.013714307 -0.134679705 -7.633872032
-0.132621676 0.064932957 -0.989037454 -133.948944092 0.024583368 0.997760355 0.062209211 7.360423565 0.990861952 -0.016063584 -0.133920908 -7.745111465
-0.132155642 0.066426314 -0.989000738 -134.833831787 0.027458802 0.997614563 0.063335665 7.403133869 0.990848601 -0.018786609 -0.133664370 -7.852849007
-0.131829172 0.068410501 -0.988909006 -135.736145020 0.026320495 0.997505605 0.065496452 7.455334663 0.990922868 -0.017394235 -0.133300960 -7.963343620
-0.130910277 0.071171604 -0.988836229 -136.608032227 0.025394527 0.997333229 0.068421260 7.503828049 0.991068840 -0.016153984 -0.132368535 -8.074226379
-0.131341249 0.075431243 -0.988463223 -137.487762451 0.024842404 0.997038186 0.072784707 7.553582668 0.991025805 -0.014996175 -0.132826179 -8.174839973
-0.130082384 0.077482596 -0.988471031 -138.350372314 0.024455635 0.996889234 0.074924126 7.603563786 0.991201460 -0.014427378 -0.131572619 -8.294033051
-0.130010128 0.078283727 -0.988417387 -139.211715698 0.022738514 0.996851444 0.075960845 7.657776833 0.991251767 -0.012599465 -0.131380856 -8.398915291
-0.129485115 0.077831514 -0.988522053 -140.060043335 0.019915473 0.996917725 0.075883858 7.705131054 0.991381288 -0.009861052 -0.130636081 -8.512569427
-0.128896192 0.077242643 -0.988645136 -140.885345459 0.017398627 0.996984482 0.075625800 7.754848957 0.991505504 -0.007453192 -0.129851446 -8.627445221
-0.128859118 0.077224270 -0.988651454 -141.725997925 0.015862962 0.996996224 0.075808525 7.806777954 0.991536021 -0.005914320 -0.129697070 -8.730519295
-0.128766447 0.078207567 -0.988586187 -142.544281006 0.013989098 0.996929407 0.077045485 7.858512402 0.991576314 -0.003908558 -0.129465118 -8.831002235
-0.128425494 0.079819933 -0.988501847 -143.357589722 0.012725302 0.996806264 0.078837246 7.910036087 0.991637528 -0.002454271 -0.129031107 -8.935891151
-0.127779916 0.081360057 -0.988459766 -144.143615723 0.011990075 0.996683538 0.080486976 7.947818756 0.991730034 -0.001567089 -0.128331661 -9.042465210
-0.127187163 0.081015363 -0.988564551 -144.928009033 0.011741892 0.996711791 0.080172367 7.998641968 0.991809189 -0.001410722 -0.127720237 -9.146750450
-0.126927629 0.080305137 -0.988655865 -145.681228638 0.013137095 0.996765971 0.079277329 8.053399086 0.991824925 -0.002925584 -0.127572119 -9.229648590
-0.127320498 0.079350732 -0.988682330 -146.428497314 0.013390689 0.996841371 0.078281142 8.098434448 0.991771221 -0.003272346 -0.127980888 -9.320036888
-0.128268585 0.077957481 -0.988670647 -147.164398193 0.012666838 0.996953070 0.076967187 8.144482613 0.991658509 -0.002650859 -0.128865242 -9.412396431
-0.129925758 0.077680774 -0.988476098 -147.890808105 0.013201400 0.996973515 0.076613344 8.188838005 0.991435945 -0.003095219 -0.130558029 -9.505932808
-0.131314471 0.077056006 -0.988341451 -148.616317749 0.012785305 0.997023225 0.076034181 8.235254288 0.991258264 -0.002651861 -0.131908745 -9.596406937
-0.132173732 0.077245392 -0.988212109 -149.333328247 0.012970375 0.997008324 0.076198176 8.280967712 0.991141677 -0.002746088 -0.132780179 -9.689599037
-0.133281514 0.076402895 -0.988128901 -150.047302246 0.011176703 0.997076571 0.075587198 8.327661514 0.991015136 -0.000969649 -0.133745804 -9.785088539
-0.133969888 0.076155551 -0.988054872 -150.769760132 0.012213805 0.997093976 0.075196184 8.371021271 0.990910113 -0.001993885 -0.134510681 -9.879375458
-0.134113267 0.075821228 -0.988061190 -151.472503662 0.013246804 0.997116745 0.074718095 8.412201881 0.990877509 -0.003067967 -0.134730935 -9.967374802
-0.133639976 0.076563723 -0.988068044 -152.167419434 0.014755906 0.997054458 0.075264268 8.450841904 0.990920007 -0.004521524 -0.134376079 -10.056083679
-0.133604392 0.076495998 -0.988078058 -152.861328125 0.015526036 0.997055709 0.075091675 8.496640205 0.990913212 -0.005308355 -0.134398684 -10.139420509
-0.132764250 0.078144580 -0.988062263 -153.543594360 0.015294480 0.996929944 0.076790832 8.539532661 0.991029561 -0.004916823 -0.133551821 -10.223978996
-0.130947009 0.079114735 -0.988227606 -154.204406738 0.014658370 0.996856272 0.077863179 8.580387115 0.991280973 -0.004289854 -0.131695017 -10.309145927
-0.128891826 0.079002850 -0.988506615 -154.858413696 0.014588729 0.996864617 0.077768601 8.623888016 0.991551340 -0.004397317 -0.129640222 -10.386710167
-0.126148194 0.079189606 -0.988845587 -155.502639771 0.014447913 0.996849597 0.077987455 8.666238785 0.991906166 -0.004448778 -0.126894906 -10.463302612
-0.122602262 0.077621520 -0.989415765 -156.126617432 0.013924383 0.996973097 0.076488994 8.704420090 0.992358148 -0.004399280 -0.123312011 -10.539308548
-0.119373895 0.075473070 -0.989976585 -156.759872437 0.011787022 0.997143984 0.074598163 8.748455048 0.992779374 -0.002763800 -0.119922563 -10.601971626
-0.113816693 0.074580871 -0.990698457 -157.369445801 0.009888973 0.997213960 0.073935255 8.782058716 0.993452489 -0.001381924 -0.114237130 -10.672994614
-0.106714487 0.072604708 -0.991635263 -157.982513428 0.007278856 0.997360587 0.072240576 8.820275307 0.994263053 0.000491146 -0.106961302 -10.732654572
-0.098063789 0.069982804 -0.992716432 -158.596679688 0.006242584 0.997547984 0.069706745 8.852407455 0.995160580 0.000638592 -0.098260209 -10.781873703
-0.088140152 0.066799365 -0.993865848 -159.190689087 0.004735212 0.997765720 0.066641547 8.884521484 0.996096849 0.001167631 -0.088259533 -10.825180054
-0.077061087 0.063688159 -0.994990170 -159.779464722 0.004010516 0.997969389 0.063568249 8.919484138 0.997018278 0.000908214 -0.077160031 -10.864217758
-0.066101246 0.062222999 -0.995870948 -160.386032104 0.003368904 0.998062134 0.062136278 8.946706772 0.997807205 0.000752292 -0.066182770 -10.893679619
-0.054231923 0.062377095 -0.996578157 -160.968872070 0.002077427 0.998051822 0.062356282 8.977452278 0.998526216 0.001311384 -0.054255880 -10.918720245
-0.041589689 0.063506268 -0.997114480 -161.561248779 0.001925485 0.997981191 0.063481160 9.004827499 0.999132931 0.000720233 -0.041628007 -10.930088043
-0.028305255 0.064223632 -0.997533977 -162.154266357 0.000732495 0.997934937 0.064228669 9.035602570 0.999599099 0.001087320 -0.028293844 -10.928119659
-0.012804583 0.064087451 -0.997862160 -162.721740723 -0.001633199 0.997941256 0.064113460 9.062520027 0.999916673 0.002450654 -0.012673556 -10.935037613
0.003479952 0.063801020 -0.997956634 -163.298431396 -0.004358953 0.997954071 0.063785665 9.097252846 0.999984384 0.004128076 0.003750937 -10.930543900
0.020314675 0.064231306 -0.997728229 -163.878158569 -0.006861741 0.997919559 0.064103924 9.126599312 0.999770105 0.005543902 0.020713151 -10.911423683
0.039017919 0.065318562 -0.997101367 -164.449417114 -0.008622548 0.997846007 0.065029941 9.161857605 0.999201417 0.006060222 0.039497085 -10.883745193
0.059678040 0.065926686 -0.996038258 -165.008575439 -0.010175025 0.997804999 0.065433979 9.192225456 0.998165846 0.006229744 0.060217854 -10.837331772
0.081186593 0.068051614 -0.994373083 -165.566680908 -0.012298019 0.997658789 0.067272402 9.222408295 0.996623099 0.006767201 0.081833407 -10.779472351
0.102759257 0.070320040 -0.992217541 -166.145065308 -0.016854215 0.997477949 0.068947345 9.245800018 0.994563460 0.009638069 0.103685297 -10.705606461
0.125673607 0.070323959 -0.989576101 -166.690795898 -0.020560633 0.997454822 0.068272717 9.274285316 0.991858661 0.011766229 0.126799643 -10.623767853
0.148920238 0.068778262 -0.986454427 -167.249618530 -0.024415670 0.997529924 0.065864570 9.302745819 0.988547802 0.014276380 0.150231630 -10.522449493
0.172378972 0.067158222 -0.982738674 -167.800018311 -0.027640138 0.997610033 0.063326240 9.334653854 0.984642863 0.016246915 0.173823267 -10.407312393
0.196241200 0.066238314 -0.978315830 -168.334518433 -0.029457193 0.997663677 0.061639447 9.361665726 0.980113089 0.016722232 0.197733968 -10.278373718
0.220885828 0.064914078 -0.973137081 -168.871963501 -0.030432811 0.997755408 0.059648540 9.396718025 0.974824846 0.016439775 0.222365573 -10.137565613
0.246368840 0.064665914 -0.967016459 -169.396560669 -0.033395894 0.997745395 0.058212478 9.424753189 0.968600631 0.017952630 0.247972965 -9.995048523
0.272408783 0.065491758 -0.959950149 -169.906890869 -0.036183298 0.997672379 0.057797454 9.435345650 0.961501062 0.018989624 0.274144411 -9.827301025
0.299933881 0.066459715 -0.951642215 -170.416351318 -0.039083686 0.997588813 0.057350285 9.457882881 0.953159034 0.019992391 0.301808208 -9.647712708
0.327003479 0.067353405 -0.942619860 -170.898956299 -0.040386844 0.997541666 0.057267185 9.468769073 0.944159746 0.019342871 0.328919768 -9.432720184
0.355711997 0.067042530 -0.932187915 -171.387573242 -0.040585089 0.997590959 0.056259505 9.497638702 0.933713973 0.017820746 0.357576013 -9.220729828
0.384738237 0.067064203 -0.920586169 -171.875259399 -0.041277070 0.997609317 0.055424482 9.530025482 0.922102273 0.016675174 0.386586696 -8.997291565
0.414199650 0.068760835 -0.907584965 -172.344741821 -0.042485490 0.997515976 0.056184888 9.550183296 0.909193933 0.015287435 0.416092128 -8.761318207
0.443974078 0.069468059 -0.893342674 -172.812683105 -0.043351766 0.997487962 0.056021608 9.577602386 0.894990325 0.013855837 0.445870399 -8.509704590
0.472952604 0.071271397 -0.878200531 -173.250991821 -0.045474473 0.997369170 0.056452505 9.576045990 0.879913628 0.013236351 0.474949360 -8.231117249
0.503714859 0.069559231 -0.861064911 -173.696212769 -0.047184028 0.997480392 0.052977040 9.619548798 0.862580419 0.013943198 0.505727708 -7.945137024
0.533950210 0.072505616 -0.842401385 -174.130325317 -0.050567411 0.997271419 0.053783499 9.599430084 0.844002426 0.013880345 0.536159694 -7.639190674
0.563233554 0.073569193 -0.823016167 -174.548522949 -0.053838786 0.997179449 0.052292857 9.620215416 0.824541986 0.014857103 0.565605700 -7.313674927
0.592535913 0.074163422 -0.802122831 -174.970092773 -0.056459777 0.997127593 0.050485961 9.643194199 0.803562999 0.015372932 0.595021188 -6.976791382
0.621279716 0.073556483 -0.780128896 -175.375854492 -0.058328785 0.997163534 0.047568236 9.668717384 0.781414986 0.015950788 0.623807907 -6.622001648
0.649506211 0.074397109 -0.756707728 -175.784088135 -0.061216507 0.997087538 0.045486417 9.679696083 0.757887959 0.016779296 0.652168870 -6.252151489
