0.999991 -0.00258855 -0.00337776 -0.00132345 0.00258148 0.999994 -0.00209743 -0.00151067 0.00338318 0.00208869 0.999992 0.726265
0.999969 -0.0023813 -0.00753255 -0.0119306 0.00235616 0.999992 -0.00334477 -0.0081373 0.00754045 0.00332692 0.999966 1.47058
0.99993 -0.0024806 -0.0115341 -0.0252612 0.00243053 0.999988 -0.00435247 -0.0175314 0.0115448 0.00432413 0.999924 2.22693
0.99986 -0.00129769 -0.0167102 -0.0399999 0.00121198 0.999986 -0.00513826 -0.0200553 0.0167167 0.00511728 0.999847 3.00357
0.999774 -0.00218671 -0.0211572 -0.0600935 0.00207261 0.999983 -0.00541312 -0.0255953 0.0211687 0.00536804 0.999762 3.79674
0.999657 -8.009e-05 -0.0261759 -0.0814675 -0.000112448 0.999973 -0.00735401 -0.0256119 0.0261758 0.00735444 0.99963 4.60674
0.999516 0.00260552 -0.0309863 -0.118113 -0.00284241 0.999967 -0.00760315 -0.0374063 0.0309655 0.00768755 0.999491 5.42305
0.999367 0.00281324 -0.0354697 -0.147215 -0.00302858 0.999977 -0.00601895 -0.0445186 0.035452 0.00612256 0.999353 6.26746
0.999204 0.00221509 -0.0398347 -0.18779 -0.002349 0.999992 -0.00331512 -0.0525062 0.039827 0.00340605 0.999201 7.11793
0.999065 0.00156325 -0.0432093 -0.231158 -0.0015846 0.999999 -0.000459822 -0.066103 0.0432085 0.000527862 0.999066 7.99036
0.99893 0.00267429 -0.046171 -0.273553 -0.00271937 0.999996 -0.000913642 -0.0795479 0.0461684 0.00103822 0.998933 8.86346
0.998823 0.00219056 -0.048445 -0.323292 -0.00225086 0.999997 -0.00119023 -0.0867781 0.0484422 0.00129787 0.998825 9.73971
0.998746 -0.00117555 -0.0500546 -0.36878 0.00109777 0.999998 -0.00158137 -0.0942578 0.0500563 0.00152444 0.998745 10.6248
0.998635 -0.00137417 -0.0522129 -0.417573 0.00135592 0.999999 -0.000385045 -0.108928 0.0522133 0.000313723 0.998636 11.5165
0.998544 -0.00325212 -0.0538508 -0.467569 0.00321094 0.999994 -0.000851336 -0.114638 0.0538532 0.000677185 0.998549 12.419
0.998435 -0.00112349 -0.0559147 -0.519854 0.000945003 0.999994 -0.00321843 -0.121075 0.055918 0.00316055 0.99843 13.3417
0.998358 -0.000781793 -0.0572835 -0.580252 0.000445152 0.999983 -0.00588928 -0.130617 0.0572871 0.00585411 0.998341 14.2507
0.99826 0.00267271 -0.0589027 -0.649021 -0.00309367 0.99997 -0.00705661 -0.147659 0.0588821 0.00722656 0.998239 15.1834
0.9982 0.00365363 -0.0598567 -0.711786 -0.00407242 0.999968 -0.00687597 -0.157395 0.0598297 0.00710736 0.998183 16.1413
0.998117 0.00263543 -0.0612845 -0.773544 -0.00297359 0.999981 -0.00542728 -0.172999 0.061269 0.00559929 0.998106 17.0976
0.998019 0.00333771 -0.0628193 -0.83821 -0.00358913 0.999986 -0.00388989 -0.183801 0.0628055 0.00410766 0.998017 18.0527
0.997967 0.00295172 -0.0636626 -0.904782 -0.0031898 0.999988 -0.00363847 -0.199909 0.0636511 0.00383414 0.997965 19.0156
0.99782 0.00233758 -0.0659537 -0.963606 -0.002635 0.999987 -0.00442282 -0.215389 0.0659424 0.00458696 0.997813 19.9821
0.997735 0.00073254 -0.0672652 -1.0286 -0.00107108 0.999987 -0.00499698 -0.226565 0.0672606 0.00505771 0.997723 20.9493
0.997704 0.000177086 -0.0677301 -1.10453 -0.000393823 0.999995 -0.00318667 -0.241398 0.0677292 0.00320603 0.997699 21.939
0.997678 0.000913226 -0.0681044 -1.17189 -0.000893453 1 0.000320794 -0.256122 0.0681046 -0.000259201 0.997678 22.9259
0.997725 0.00195793 -0.0673916 -1.24357 -0.00169414 0.999991 0.0039712 -0.264302 0.0673987 -0.00384799 0.997719 23.9234
0.997841 0.000797411 -0.0656754 -1.31524 -0.000342962 0.999976 0.00693061 -0.271503 0.0656794 -0.00689312 0.997817 24.9245
0.997934 0.000976622 -0.0642362 -1.382 -0.000480388 0.99997 0.00774014 -0.274942 0.0642418 -0.00769329 0.997905 25.9263
0.998017 0.000453245 -0.0629508 -1.45129 -0.000152767 0.999989 0.00477795 -0.275486 0.0629523 -0.00475886 0.998005 26.944
0.998057 0.000638869 -0.0623046 -1.51588 -0.00064911 1 -0.000144123 -0.274983 0.0623045 0.000184286 0.998057 27.96
0.998128 -0.000714475 -0.0611494 -1.58058 0.00054577 0.999996 -0.00277557 -0.285281 0.0611511 0.002737 0.998125 28.9824
0.998146 -0.00396512 -0.0607367 -1.63948 0.00386256 0.999991 -0.00180595 -0.295364 0.0607434 0.001568 0.998152 30.0162
0.998117 -0.0059227 -0.0610603 -1.70156 0.00612312 0.999976 0.00309581 -0.305878 0.0610406 -0.00346386 0.998129 31.0478
0.998024 -0.0103423 -0.0619796 -1.76155 0.0107705 0.99992 0.00657819 -0.313646 0.0619067 -0.00723274 0.998056 32.0894
0.997843 -0.0178604 -0.0631739 -1.81902 0.0182828 0.999814 0.00611377 -0.322835 0.063053 -0.00725558 0.997984 33.1173
0.997723 -0.0198511 -0.06446 -1.89012 0.0200315 0.999797 0.0021535 -0.330288 0.0644041 -0.00343983 0.997918 34.1728
0.997649 -0.0194677 -0.0657027 -1.96286 0.0193963 0.99981 -0.00172461 -0.339716 0.0657238 0.000446166 0.997838 35.2182
0.997505 -0.018525 -0.0681154 -2.03596 0.018386 0.999827 -0.00266729 -0.345168 0.068153 0.00140826 0.997674 36.2639
0.997454 -0.0182878 -0.0689237 -2.11047 0.0182426 0.999833 -0.00128491 -0.35591 0.0689357 2.4288e-05 0.997621 37.3395
0.997405 -0.0159418 -0.0702092 -2.19706 0.0160706 0.99987 0.00126933 -0.363885 0.0701798 -0.00239434 0.997531 38.3951
0.997333 -0.0162969 -0.0711461 -2.27953 0.0165341 0.99986 0.00274647 -0.37501 0.0710914 -0.00391548 0.997462 39.4648
0.997263 -0.0153082 -0.0723349 -2.36045 0.0157477 0.999861 0.00551012 -0.385828 0.0722405 -0.00663415 0.997365 40.523
0.997281 -0.0156446 -0.0720109 -2.44244 0.016319 0.999828 0.00878527 -0.394801 0.0718611 -0.00993652 0.997365 41.5865
0.997294 -0.0102499 -0.0727946 -2.53089 0.0111105 0.999873 0.0114274 -0.404701 0.0726682 -0.0122053 0.997281 42.6412
0.997275 -0.011115 -0.0729284 -2.61488 0.0119527 0.999867 0.0110599 -0.410159 0.0727958 -0.0119015 0.997276 43.7189
0.997286 -0.0109577 -0.072806 -2.69541 0.0116684 0.999888 0.00934467 -0.415326 0.0726955 -0.0101688 0.997302 44.7832
0.997292 -0.00891744 -0.0730053 -2.77808 0.00947464 0.999929 0.00728958 -0.4255 0.0729351 -0.00796154 0.997305 45.8433
0.997205 -0.00951547 -0.0741094 -2.85789 0.0100778 0.999923 0.00721697 -0.429283 0.074035 -0.00794365 0.997224 46.8968
0.997062 -0.0117738 -0.0756838 -2.93304 0.0124628 0.999885 0.00863778 -0.437449 0.0755734 -0.00955564 0.997094 47.9453
0.997011 -0.0110641 -0.0764584 -3.01695 0.0118439 0.999882 0.00975329 -0.448863 0.0763415 -0.0106297 0.997025 48.9974
0.997015 -0.00942915 -0.0766264 -3.10182 0.00996885 0.999928 0.0066638 -0.464041 0.0765581 -0.00740779 0.997038 50.0256
0.996948 -0.00966322 -0.0774723 -3.18739 0.00989133 0.999948 0.0025611 -0.47329 0.0774435 -0.00331959 0.996991 51.048
0.996875 -0.00909343 -0.0784722 -3.26547 0.00924256 0.999956 0.00153743 -0.485181 0.0784548 -0.00225791 0.996915 52.0818
0.996872 -0.0100763 -0.0783873 -3.3554 0.0105182 0.999931 0.00522651 -0.503463 0.0783292 -0.00603465 0.996909 53.1206
0.996842 -0.0123389 -0.078449 -3.4385 0.0130152 0.999882 0.00811527 -0.511931 0.0783396 -0.00911067 0.996885 54.154
0.99678 -0.0148388 -0.0788057 -3.51893 0.0155931 0.999838 0.00896398 -0.521387 0.0786599 -0.0101639 0.99685 55.1776
0.996712 -0.0179991 -0.0790063 -3.59963 0.0186713 0.999795 0.0077777 -0.526014 0.0788501 -0.00922728 0.996844 56.1896
0.996638 -0.0207504 -0.0792637 -3.68086 0.0212908 0.999755 0.00597896 -0.525025 0.0791203 -0.00764645 0.996836 57.215
0.996514 -0.0221481 -0.080437 -3.76311 0.0227938 0.999715 0.00711704 -0.532628 0.0802565 -0.00892569 0.996734 58.2286
0.996301 -0.0260408 -0.0818879 -3.8421 0.0270543 0.99957 0.011292 -0.541643 0.0815586 -0.0134656 0.996578 59.2344
0.996221 -0.0269184 -0.0825799 -3.92404 0.0283465 0.999467 0.0161695 -0.539745 0.0821007 -0.0184492 0.996453 60.2413
0.996215 -0.0250716 -0.0832351 -4.01012 0.0266981 0.999473 0.0184853 -0.541266 0.0827277 -0.0206376 0.996358 61.2524
0.996102 -0.0243625 -0.0847764 -4.09757 0.0256717 0.999567 0.014387 -0.54047 0.0843892 -0.0165073 0.996296 62.2624
0.996039 -0.0227794 -0.0859546 -4.18894 0.0234272 0.999704 0.00653493 -0.541778 0.0857804 -0.00852271 0.996278 63.2484
0.996027 -0.020632 -0.0866289 -4.28308 0.0208389 0.999782 0.00148432 -0.545 0.0865794 -0.00328368 0.99624 64.2197
0.996034 -0.0154539 -0.0876229 -4.37193 0.0157092 0.999874 0.00222409 -0.552902 0.0875775 -0.00359175 0.996151 65.1853
0.995942 -0.012587 -0.0891117 -4.46159 0.0130545 0.999904 0.004665 -0.570405 0.0890444 -0.00580938 0.996011 66.1343
0.995873 -0.0103334 -0.0901677 -4.55468 0.0109446 0.99992 0.00628713 -0.579059 0.0900955 -0.00724804 0.995907 67.096
0.995812 -0.00940818 -0.0909358 -4.64901 0.00999068 0.999932 0.00595256 -0.582936 0.0908737 -0.00683614 0.995839 68.0154
0.995659 -0.0083754 -0.0926955 -4.7384 0.00904367 0.999936 0.0067916 -0.595317 0.0926326 -0.00760043 0.995671 68.9181
0.995544 -0.00719564 -0.094025 -4.82654 0.00793744 0.99994 0.00751787 -0.607641 0.0939653 -0.00823068 0.995541 69.8114
0.995384 -0.0078441 -0.0956487 -4.90757 0.00864213 0.999931 0.00793196 -0.615506 0.0955799 -0.00872196 0.995384 70.6908
0.995283 -0.00811388 -0.0966793 -4.99812 0.00901631 0.99992 0.00890104 -0.620577 0.0965994 -0.00973074 0.995276 71.5473
0.995143 -0.00576083 -0.098269 -5.09012 0.00692927 0.999909 0.0115531 -0.627961 0.0981935 -0.0121779 0.995093 72.3948
0.995015 -0.00456561 -0.0996184 -5.1816 0.00615383 0.999859 0.0156416 -0.634364 0.0995329 -0.0161766 0.994903 73.2315
0.994857 -0.00159879 -0.10128 -5.27172 0.00335403 0.999847 0.0171627 -0.639093 0.101237 -0.0174141 0.99471 74.0524
0.994724 0.000615309 -0.102587 -5.36389 0.000731686 0.999914 0.0130921 -0.650512 0.102587 -0.0130981 0.994638 74.8513
0.99458 5.29181e-05 -0.10397 -5.44969 0.000574818 0.999982 0.00600767 -0.662316 0.103969 -0.00603487 0.994562 75.6233
0.994428 -0.00086102 -0.105416 -5.53115 0.00089703 1 0.000294189 -0.670751 0.105416 -0.000387111 0.994428 76.3783
0.994389 2.8561e-05 -0.10579 -5.60946 -0.000131926 1 -0.000970086 -0.678809 0.10579 0.000978599 0.994388 77.1076
0.994303 0.00229526 -0.106568 -5.70138 -0.00205928 0.999995 0.00232432 -0.684582 0.106573 -0.00209162 0.994303 77.8374
0.994153 0.00233575 -0.107952 -5.78436 -0.00183101 0.999987 0.00477445 -0.703823 0.107962 -0.00454888 0.994145 78.5377
0.994069 -0.00121998 -0.108745 -5.85965 0.00141144 0.999998 0.00168373 -0.718524 0.108742 -0.00182723 0.994068 79.2084
0.993999 -0.00992869 -0.108937 -5.92016 0.00958473 0.999947 -0.00368064 -0.725864 0.108968 0.00261443 0.994042 79.8714
0.994073 -0.014234 -0.107778 -5.98209 0.0134228 0.999876 -0.00824829 -0.741354 0.107882 0.00675273 0.994141 80.4956
0.994409 -0.011974 -0.104913 -6.0478 0.0111493 0.999902 -0.00844444 -0.751536 0.105004 0.00722753 0.994446 81.1203
0.994885 -0.00697678 -0.100774 -6.11775 0.00648773 0.999966 -0.00517986 -0.768597 0.100806 0.00449957 0.994896 81.7263
0.995332 -0.0088636 -0.0961046 -6.17413 0.00869562 0.99996 -0.00216663 -0.777413 0.09612 0.00132082 0.995369 82.3252
0.995776 -0.0128304 -0.0909117 -6.20979 0.0130716 0.999912 0.00205837 -0.787235 0.0908773 -0.00323804 0.995857 82.9068
0.996412 -0.0173418 -0.0828347 -6.24588 0.0178693 0.999824 0.00563129 -0.797832 0.0827226 -0.00709129 0.996547 83.4749
0.997291 -0.0136715 -0.07228 -6.28231 0.0141225 0.999884 0.00573239 -0.807175 0.0721932 -0.00673763 0.997368 84.0241
0.998326 -0.00842934 -0.0572183 -6.31623 0.00875144 0.999947 0.00538113 -0.808307 0.05717 -0.00587286 0.998347 84.5636
0.999227 -0.00332771 -0.0391824 -6.33592 0.00357895 0.999973 0.00634368 -0.80964 0.0391603 -0.00647901 0.999212 85.0921
0.999835 -0.00536785 -0.0173716 -6.3276 0.00549672 0.999958 0.00737885 -0.814517 0.0173312 -0.00747311 0.999822 85.6057
0.999922 -0.00890731 0.00878843 -6.3002 0.00882615 0.999918 0.00922998 -0.826535 -0.00886993 -0.00915169 0.999919 86.1005
0.99921 -0.0102201 0.0384127 -6.26573 0.00976623 0.99988 0.0119839 -0.837376 -0.0385306 -0.0115993 0.99919 86.586
0.997399 -0.0109119 0.0712409 -6.21152 0.00991335 0.999848 0.014355 -0.845149 -0.0713867 -0.0136114 0.997356 87.0535
0.99401 -0.0116499 0.108666 -6.13095 0.0100233 0.99983 0.015503 -0.846987 -0.108828 -0.014321 0.993957 87.526
0.988584 -0.0117502 0.150211 -6.03431 0.00938369 0.999821 0.0164538 -0.847998 -0.150377 -0.0148564 0.988517 87.9802
0.980725 -0.0122907 0.195006 -5.90846 0.00907994 0.999808 0.0173505 -0.851095 -0.195182 -0.0152454 0.980649 88.4277
0.969835 -0.0102758 0.243547 -5.76377 0.00649655 0.999846 0.0163157 -0.856662 -0.243677 -0.0142413 0.969752 88.8563
0.954964 -0.00986547 0.296559 -5.59857 0.00580845 0.999877 0.0145583 -0.85901 -0.296666 -0.0121801 0.954904 89.2706
0.935755 -0.00917737 0.35253 -5.40804 0.00478098 0.9999 0.0133396 -0.858114 -0.352617 -0.0107972 0.935705 89.676
0.912092 -0.00842171 0.409899 -5.20077 0.00363791 0.999916 0.0124492 -0.858022 -0.409969 -0.0098636 0.912046 90.0461
0.883695 -0.00796403 0.467995 -4.97218 0.00278674 0.999927 0.011754 -0.859283 -0.468054 -0.00908281 0.883653 90.3927
0.850865 -0.00970658 0.525295 -4.71597 0.00469568 0.99993 0.0108711 -0.86295 -0.525363 -0.0067832 0.850851 90.7192
0.814317 -0.0101664 0.580332 -4.44576 0.00452563 0.999927 0.0111667 -0.873026 -0.580403 -0.00646686 0.814303 91.0292
0.774764 -0.0121796 0.632134 -4.15608 0.00432189 0.999893 0.0139684 -0.886391 -0.632236 -0.0080902 0.774734 91.3207
0.732575 -0.0121673 0.680577 -3.84844 0.00132123 0.999864 0.0164533 -0.882877 -0.680685 -0.0111541 0.732492 91.5931
0.687748 -0.0138068 0.725818 -3.52444 0.0012829 0.999841 0.0178037 -0.883332 -0.725949 -0.0113133 0.687656 91.8407
0.641758 -0.0152542 0.766756 -3.18395 0.00312624 0.999846 0.0172748 -0.885422 -0.766901 -0.00868919 0.641707 92.0598
0.59491 -0.0181781 0.803586 -2.83714 0.00699184 0.999823 0.0174411 -0.890318 -0.803762 -0.00475733 0.594933 92.2588
0.548618 -0.0161425 0.835917 -2.49078 0.00404786 0.999853 0.0166517 -0.89029 -0.836063 -0.00575174 0.548603 92.4385
0.501356 -0.0130072 0.865143 -2.13525 -0.000907634 0.999879 0.0155589 -0.888294 -0.865241 -0.00858577 0.501283 92.6152
0.456137 -0.0114684 0.889836 -1.776 -0.00236077 0.999898 0.0140971 -0.891871 -0.889907 -0.00853089 0.456063 92.7608
0.414051 -0.0139004 0.910148 -1.39767 0.00430019 0.999902 0.0133149 -0.884217 -0.910243 -0.00159924 0.41407 92.8812
0.374417 -0.021995 0.926999 -1.00578 0.0182658 0.9997 0.0163424 -0.883204 -0.92708 0.0108135 0.374707 92.9793
0.339168 -0.0258492 0.940371 -0.617801 0.0218409 0.999569 0.019599 -0.87825 -0.940472 0.0138912 0.339586 93.0789
0.306272 -0.0216298 0.951698 -0.22861 0.0185685 0.999687 0.0167449 -0.873569 -0.951763 0.0125431 0.306578 93.1837
0.275641 -0.0143307 0.961154 0.161786 0.00758934 0.99989 0.0127318 -0.880828 -0.961231 0.00378511 0.27572 93.2928
0.2478 -0.00991453 0.96876 0.568987 0.00227086 0.999951 0.00965287 -0.88909 -0.968809 -0.000192061 0.24781 93.385
0.222341 -0.00803738 0.974936 0.987813 0.00347986 0.999966 0.00745012 -0.893054 -0.974963 0.00173618 0.222361 93.4572
0.198788 -0.00682243 0.980019 1.41252 0.0104861 0.999933 0.00483406 -0.893462 -0.979986 0.00931561 0.198846 93.5129
0.178663 -0.000854883 0.98391 1.84912 0.0180675 0.999834 -0.00241206 -0.881071 -0.983744 0.0182078 0.178648 93.5661
0.159003 0.00560662 0.987262 2.29249 0.0203462 0.999753 -0.0089544 -0.869989 -0.987068 0.0215108 0.158849 93.6215
0.141723 0.00621 0.989887 2.75882 0.0175963 0.999807 -0.00879151 -0.876413 -0.98975 0.0186643 0.141587 93.6796
0.126549 0.00178613 0.991959 3.24381 0.0159629 0.999865 -0.00383682 -0.887436 -0.991832 0.01632 0.126503 93.7349
0.112175 -0.00192636 0.993687 3.74366 0.0156817 0.999877 0.000168084 -0.902485 -0.993565 0.0155638 0.112192 93.7839
0.098881 -0.00474671 0.995088 4.25569 0.0173342 0.999845 0.00304692 -0.912251 -0.994948 0.0169478 0.0989479 93.8246
0.0874656 -0.00568395 0.996151 4.78445 0.021132 0.999769 0.00384913 -0.915408 -0.995943 0.020714 0.0875655 93.8559
0.0774312 -0.00517846 0.996984 5.33383 0.0242195 0.999701 0.00331155 -0.918082 -0.996703 0.02389 0.0775335 93.886
0.0695838 -0.00468498 0.997565 5.89315 0.0261866 0.999653 0.00286817 -0.917704 -0.997232 0.0259233 0.0696823 93.9169
0.0640034 -0.00454429 0.997939 6.46877 0.0284875 0.99959 0.00272475 -0.921801 -0.997543 0.0282544 0.0641066 93.949
0.0584269 -0.00356265 0.998285 7.06837 0.0300071 0.999548 0.00181092 -0.924362 -0.997841 0.0298498 0.0585074 93.9787
0.052522 -0.0031268 0.998615 7.68761 0.0302392 0.999542 0.00153927 -0.927376 -0.998162 0.0301165 0.0525924 94.0099
0.0480112 -0.00314358 0.998842 8.3291 0.0327835 0.999461 0.00156973 -0.929376 -0.998309 0.0326702 0.0480884 94.0383
0.0452226 -0.00358528 0.998971 8.99313 0.0342298 0.999412 0.00203731 -0.935257 -0.99839 0.0341024 0.0453187 94.0612
0.0421475 -0.00436425 0.999102 9.67112 0.0350884 0.99938 0.00288525 -0.941577 -0.998495 0.0349352 0.0422745 94.0896
0.0399689 -0.00523057 0.999187 10.3699 0.0376191 0.999285 0.00372627 -0.946011 -0.998493 0.0374396 0.0401371 94.1125
0.0391779 -0.00572338 0.999216 11.0862 0.0419861 0.99911 0.00407656 -0.948372 -0.99835 0.0417935 0.0393833 94.1371
0.0401202 -0.00632228 0.999175 11.8181 0.0462565 0.99892 0.00446332 -0.951048 -0.998124 0.0460393 0.0403693 94.1655
0.0424972 -0.0066131 0.999075 12.5754 0.0482337 0.998826 0.00455976 -0.953212 -0.997932 0.0479952 0.0427663 94.1965
0.0466683 -0.00667348 0.998888 13.3452 0.0516987 0.998654 0.00425654 -0.952821 -0.997572 0.0514425 0.0469505 94.2271
0.0508085 -0.00700896 0.998684 14.1278 0.0520989 0.998632 0.00435804 -0.950247 -0.997349 0.0518089 0.0511042 94.2726
0.0547394 -0.00854813 0.998464 14.9368 0.0535938 0.998547 0.00561064 -0.948043 -0.997061 0.0532043 0.055118 94.3182
0.058861 -0.0101301 0.998215 15.7567 0.0537964 0.998528 0.00696114 -0.947188 -0.996816 0.0532907 0.0593193 94.3654
0.0630514 -0.012023 0.997938 16.5901 0.0511183 0.998654 0.00880189 -0.943682 -0.9967 0.0504579 0.0635811 94.4282
0.0670997 -0.0135583 0.997654 17.4327 0.0507389 0.99866 0.0101594 -0.952098 -0.996455 0.0499382 0.0676977 94.4926
0.0710903 -0.0126484 0.99739 18.2839 0.0480781 0.998801 0.00923944 -0.955137 -0.996311 0.0472958 0.0716132 94.5654
0.0743142 -0.00844999 0.997199 19.1348 0.0464316 0.998909 0.00500426 -0.957469 -0.996153 0.0459297 0.0746255 94.634
0.0758498 -0.00303636 0.997115 19.9967 0.0414208 0.999142 -0.000108317 -0.955137 -0.996259 0.0413095 0.0759105 94.7186
0.0756292 0.000214866 0.997136 20.8736 0.0389296 0.999237 -0.00316799 -0.959016 -0.996376 0.0390577 0.0755632 94.7996
0.075793 -0.000391675 0.997123 21.742 0.0367457 0.999322 -0.00240056 -0.972518 -0.996446 0.0368219 0.075756 94.876
0.076259 -0.00236705 0.997085 22.6127 0.0345035 0.999405 -0.000266338 -0.989466 -0.996491 0.0344233 0.0762952 94.9453
0.0761075 -0.00438455 0.99709 23.4916 0.0359809 0.999351 0.00164809 -1.01021 -0.99645 0.0357508 0.0762158 95.0152
0.0766001 -0.00535804 0.997047 24.369 0.0338439 0.999423 0.00277069 -1.02529 -0.996487 0.0335318 0.0767373 95.0926
0.0767853 -0.00555343 0.997032 25.2354 0.0320485 0.999482 0.0030989 -1.04701 -0.996532 0.0317154 0.0769234 95.1686
0.0769557 -0.00477354 0.997023 26.0942 0.0294158 0.999564 0.00251523 -1.05363 -0.9966 0.0291347 0.0770626 95.2441
0.0755808 -0.00299967 0.997135 26.9554 0.0260358 0.99966 0.00103381 -1.06091 -0.9968 0.025883 0.0756333 95.3219
0.0727743 -0.00356912 0.997342 27.8165 0.0231658 0.99973 0.0018873 -1.07166 -0.997079 0.0229669 0.0728373 95.3967
0.0686982 -0.00493471 0.997625 28.6832 0.0212066 0.999769 0.00348499 -1.08161 -0.997412 0.0209168 0.068787 95.4711
0.0641065 -0.00713322 0.997918 29.5498 0.0191707 0.999799 0.00591513 -1.08863 -0.997759 0.0187516 0.0642304 95.5309
0.0580268 -0.00916199 0.998273 30.413 0.017601 0.999812 0.00815302 -1.09476 -0.99816 0.0170975 0.0581771 95.5858
0.0504077 -0.00859904 0.998692 31.2748 0.0169089 0.999827 0.00775536 -1.09933 -0.998586 0.0164958 0.0505444 95.6384
0.0418505 -0.00780758 0.999093 32.1296 0.0170151 0.99983 0.00710059 -1.10362 -0.998979 0.0167025 0.0419763 95.6734
0.0320261 -0.00782006 0.999456 32.9849 0.0169348 0.99983 0.00728033 -1.11337 -0.999344 0.0166925 0.032153 95.698
0.022134 -0.00886023 0.999716 33.8381 0.0181061 0.9998 0.00846011 -1.11823 -0.999591 0.0179137 0.02229 95.711
0.0117448 -0.00998873 0.999881 34.6877 0.0176244 0.999797 0.00978087 -1.12633 -0.999776 0.0175075 0.0119185 95.716
0.000743524 -0.0110515 0.999939 35.526 0.0192712 0.999753 0.0110351 -1.13108 -0.999814 0.0192618 0.000956316 95.7136
-0.0101047 -0.0110196 0.999888 36.3571 0.0181183 0.999773 0.0112014 -1.14024 -0.999785 0.0182295 -0.00990278 95.7013
-0.0211187 -0.0106567 0.99972 37.1883 0.0184277 0.999769 0.0110465 -1.14839 -0.999607 0.0186558 -0.0209175 95.6813
-0.0317622 -0.00944002 0.999451 38.012 0.0183799 0.999781 0.0100272 -1.15173 -0.999326 0.0186883 -0.0315818 95.6559
-0.042178 -0.00829556 0.999076 38.8288 0.0193651 0.999771 0.00911887 -1.1584 -0.998922 0.0197318 -0.0420077 95.6251
-0.0520375 -0.00774817 0.998615 39.6541 0.0201455 0.999758 0.00880681 -1.16557 -0.998442 0.0205759 -0.0518688 95.5924
-0.0614656 -0.00708681 0.998084 40.4637 0.0207577 0.999749 0.00837697 -1.16717 -0.997893 0.0212328 -0.0613031 95.5401
-0.0711142 -0.00651412 0.997447 41.2499 0.0216471 0.999733 0.00807241 -1.16961 -0.997233 0.0221659 -0.0709542 95.4903
-0.0800319 -0.00705896 0.996767 42.036 0.0225443 0.999706 0.00888988 -1.17627 -0.996537 0.0231829 -0.0798492 95.4342
-0.0872764 -0.00838087 0.996149 42.8141 0.0242714 0.99965 0.0105368 -1.18359 -0.995888 0.0250975 -0.0870425 95.3627
-0.0926798 -0.0100603 0.995645 43.5831 0.0268777 0.999559 0.0126018 -1.1886 -0.995333 0.0279286 -0.0923685 95.2904
-0.0964596 -0.011898 0.995266 44.3401 0.029711 0.999449 0.0148276 -1.19535 -0.994893 0.0310006 -0.096053 95.2119
-0.098935 -0.0130169 0.995009 45.0904 0.0311806 0.999383 0.0161745 -1.19484 -0.994605 0.0326252 -0.0984681 95.1353
-0.10052 -0.0141168 0.994835 45.8183 0.0314809 0.999354 0.0173618 -1.19962 -0.994437 0.0330635 -0.100011 95.0616
-0.101254 -0.013622 0.994767 46.5374 0.0325148 0.999327 0.016994 -1.19913 -0.994329 0.0340654 -0.100743 94.9889
-0.100376 -0.0125074 0.994871 47.2386 0.0335545 0.99931 0.0159487 -1.20234 -0.994384 0.0349833 -0.099887 94.92
-0.0975641 -0.0111285 0.995167 47.9241 0.0341776 0.99931 0.0145255 -1.20894 -0.994642 0.0354295 -0.0971165 94.8603
-0.092045 -0.0104178 0.9957 48.5845 0.0351814 0.999287 0.0137075 -1.20246 -0.995133 0.0362918 -0.0916129 94.8007
-0.0839905 -0.0101958 0.996414 49.2273 0.0346203 0.999314 0.0131437 -1.20916 -0.995865 0.0356002 -0.0835799 94.7536
-0.0728136 -0.0103081 0.997292 49.8415 0.0343523 0.999327 0.0128372 -1.2158 -0.996754 0.035194 -0.0724105 94.7187
-0.059278 -0.0100109 0.998191 50.4395 0.0344488 0.999334 0.0120681 -1.218 -0.997647 0.0351019 -0.0588936 94.6983
-0.0418475 -0.00880281 0.999085 51.0035 0.0345806 0.999349 0.0102536 -1.22431 -0.998525 0.0349781 -0.0415159 94.6857
-0.0207812 -0.00658204 0.999762 51.5594 0.03392 0.999398 0.00728471 -1.23402 -0.999208 0.0340634 -0.0205454 94.695
0.00390948 -0.00374916 0.999985 52.1188 0.0323985 0.999468 0.00362056 -1.24446 -0.999467 0.0323839 0.00402887 94.7158
0.0322388 -0.00250629 0.999477 52.6663 0.0313986 0.999506 0.00149358 -1.25655 -0.998987 0.031334 0.0323015 94.7553
0.0655234 -0.00317641 0.997846 53.2164 0.0305122 0.999534 0.0011782 -1.26608 -0.997384 0.0303692 0.0655898 94.8114
0.104085 -0.00543712 0.994554 53.7594 0.0303883 0.999536 0.00228408 -1.26794 -0.994104 0.0299851 0.104202 94.8832
0.146619 -0.00891553 0.989153 54.3047 0.0301135 0.999536 0.00454549 -1.27097 -0.988735 0.0291204 0.14682 94.9834
0.19152 -0.0140365 0.981388 54.831 0.0287397 0.999549 0.00868762 -1.28684 -0.981068 0.026541 0.191837 95.1208
0.240207 -0.0178186 0.970558 55.34 0.024936 0.999615 0.0121806 -1.30291 -0.970401 0.0212759 0.240559 95.277
0.291625 -0.019832 0.956327 55.8312 0.0224672 0.999651 0.0138792 -1.31368 -0.956269 0.0174384 0.291968 95.4612
0.346756 -0.0207585 0.937726 56.3097 0.0236576 0.999631 0.0133806 -1.32082 -0.937657 0.0175446 0.347119 95.6675
0.404357 -0.0202411 0.914377 56.7682 0.0268271 0.999587 0.0102639 -1.32519 -0.914208 0.0203798 0.404733 95.9025
0.464008 -0.0178901 0.88565 57.2039 0.0298188 0.999545 0.0045682 -1.33807 -0.885329 0.0242893 0.46433 96.163
0.523244 -0.0148965 0.852053 57.6141 0.0330268 0.999451 -0.00280823 -1.34476 -0.851543 0.02961 0.523449 96.4509
0.580731 -0.0107435 0.814025 57.995 0.0303926 0.999502 -0.00849089 -1.35242 -0.813528 0.0296712 0.580768 96.7777
0.635928 -0.00771655 0.77171 58.3543 0.0281465 0.999517 -0.0131997 -1.35234 -0.771235 0.0301149 0.635838 97.1292
0.687313 -0.00714842 0.726326 58.6747 0.0281283 0.999463 -0.0167809 -1.36312 -0.725816 0.031964 0.687146 97.5066
0.735483 -0.00885833 0.677485 58.9833 0.0288656 0.999416 -0.0182691 -1.37094 -0.676928 0.0329926 0.735309 97.8979
0.779962 -0.0129897 0.625692 59.2633 0.0286946 0.999475 -0.0150199 -1.38393 -0.625169 0.0296689 0.779925 98.3123
0.820267 -0.0171059 0.571725 59.5139 0.0285658 0.999531 -0.0110782 -1.38637 -0.571267 0.0254188 0.820371 98.7536
0.85589 -0.0195295 0.516789 59.7414 0.0271485 0.999606 -0.00718736 -1.39433 -0.516445 0.0201816 0.856083 99.2146
0.88606 -0.0223338 0.463033 59.9313 0.0266994 0.999639 -0.00287572 -1.39575 -0.462802 0.0149108 0.886336 99.6781
0.91108 -0.0226117 0.411609 60.1024 0.0243572 0.999703 0.00100495 -1.41458 -0.41151 0.00911004 0.91136 100.151
0.930677 -0.0207437 0.365254 60.2478 0.0212601 0.999771 0.0026081 -1.42579 -0.365224 0.00533804 0.930904 100.63
0.945662 -0.0152656 0.324793 60.3739 0.0148324 0.999883 0.00380989 -1.43585 -0.324813 0.0012146 0.945777 101.125
0.957112 -0.0112899 0.289498 60.4893 0.011278 0.999935 0.00170954 -1.44183 -0.289499 0.00162873 0.957177 101.625
0.965929 -0.00977499 0.258623 60.5935 0.00995582 0.99995 0.000610493 -1.44571 -0.258616 0.00198511 0.965978 102.128
0.971479 -0.01547 0.236618 60.703 0.0159047 0.999874 7.20167e-05 -1.4541 -0.23659 0.00369337 0.971603 102.634
0.975141 -0.0183015 0.220828 60.8146 0.0187709 0.999824 -2.68586e-05 -1.46167 -0.220788 0.00417132 0.975313 103.148
0.977978 -0.0141381 0.208229 60.9063 0.0146128 0.999893 -0.000741377 -1.46944 -0.208196 0.00376785 0.97808 103.674
0.98005 -0.00971247 0.198514 60.9911 0.0100396 0.999949 -0.000641537 -1.4691 -0.198498 0.00262174 0.980098 104.209
0.981328 -0.00204861 0.192333 61.0828 0.00250061 0.999995 -0.00210737 -1.47224 -0.192328 0.00254898 0.981327 104.757
0.981854 0.0033594 0.189606 61.176 -0.00228986 0.99998 -0.00585961 -1.47891 -0.189622 0.00531912 0.981843 105.311
0.98203 0.00429774 0.188675 61.2841 -0.00281672 0.999963 -0.00811702 -1.49456 -0.188703 0.00743971 0.982006 105.868
0.981583 0.00258638 0.19102 61.4029 -0.000380739 0.999933 -0.0115824 -1.50733 -0.191038 0.0112964 0.981518 106.447
0.980821 0.000473495 0.194909 61.5282 0.00309959 0.999833 -0.0180267 -1.51316 -0.194885 0.0182851 0.980656 107.022
0.979913 0.000356038 0.199425 61.6462 0.00424105 0.999735 -0.022624 -1.52448 -0.199381 0.0230153 0.979652 107.625
0.979042 0.00484069 0.203602 61.7711 -0.00035318 0.999756 -0.0220711 -1.53927 -0.203659 0.0215367 0.978805 108.239
0.977881 0.00765607 0.209024 61.8978 -0.00406148 0.999836 -0.0176208 -1.55905 -0.209125 0.0163821 0.977752 108.873
0.976993 0.00405873 0.213235 62.05 -0.0013908 0.999919 -0.0126602 -1.57705 -0.213269 0.0120724 0.976919 109.518
0.976192 -0.000186932 0.216909 62.2007 0.00170367 0.999975 -0.00680554 -1.59247 -0.216902 0.00701305 0.976168 110.18
0.97546 -0.00297652 0.220156 62.3563 0.00346244 0.999992 -0.00182131 -1.60728 -0.220149 0.0025389 0.975463 110.839
0.974818 -0.00710669 0.222888 62.5179 0.00738873 0.999973 -0.000431469 -1.62381 -0.222879 0.00206746 0.974844 111.515
0.974683 -0.0112745 0.223305 62.6796 0.0123516 0.999918 -0.00342707 -1.63329 -0.223248 0.00609848 0.974743 112.2
0.974697 -0.0119846 0.223208 62.8395 0.0147112 0.999836 -0.0105564 -1.63998 -0.223045 0.013573 0.974714 112.9
0.974894 -0.00986153 0.22245 62.9923 0.0140134 0.999756 -0.0170934 -1.65743 -0.222227 0.0197816 0.974794 113.603
0.975554 -0.0076609 0.219627 63.1493 0.0125499 0.999703 -0.0208741 -1.67063 -0.219402 0.0231202 0.975361 114.321
0.976135 -0.0101366 0.216929 63.3101 0.0141149 0.999759 -0.0167974 -1.68708 -0.216706 0.0194585 0.976043 115.066
0.976462 -0.0144172 0.215205 63.4798 0.0167664 0.999818 -0.00909448 -1.707 -0.215035 0.0124886 0.976526 115.825
0.977096 -0.0147407 0.212288 63.6444 0.0158152 0.999869 -0.00336445 -1.72336 -0.212211 0.00664477 0.977201 116.591
0.977516 -0.0112694 0.210561 63.8015 0.0123837 0.999915 -0.00397395 -1.7381 -0.210498 0.00649211 0.977573 117.367
0.977949 -0.00616343 0.208755 63.9457 0.00817695 0.999928 -0.00878377 -1.74796 -0.208686 0.0102971 0.977929 118.154
0.978729 -0.00580974 0.205074 64.1095 0.0089378 0.999857 -0.0143304 -1.75779 -0.204961 0.0158585 0.978642 118.954
0.979495 -0.00749446 0.201327 64.2704 0.0111322 0.999794 -0.0169426 -1.77438 -0.201159 0.0188364 0.979378 119.764
0.980285 -0.00998513 0.197338 64.4335 0.0133321 0.999789 -0.0156393 -1.79038 -0.19714 0.0179619 0.980211 120.583
0.980946 -0.0142518 0.193756 64.5991 0.0172139 0.999759 -0.0136129 -1.80929 -0.193515 0.0166888 0.980955 121.415
0.981306 -0.0153598 0.191839 64.7634 0.0178559 0.999777 -0.0112891 -1.82309 -0.191623 0.0145035 0.981361 122.268
0.981557 -0.0193131 0.19019 64.938 0.0214338 0.999729 -0.00909931 -1.83855 -0.189963 0.013008 0.981705 123.135
0.981551 -0.0250926 0.189546 65.1121 0.0269993 0.999607 -0.00748352 -1.86112 -0.189284 0.0124631 0.981843 123.99
0.981704 -0.0242663 0.18886 65.2677 0.0259005 0.999645 -0.00618925 -1.87132 -0.188643 0.0109676 0.981984 124.851
0.981732 -0.0191636 0.189304 65.4216 0.0211007 0.999744 -0.00822222 -1.88678 -0.189098 0.0120665 0.981884 125.723
0.981732 -0.0144433 0.189722 65.5864 0.0169112 0.999792 -0.0113957 -1.90743 -0.189518 0.014396 0.981772 126.614
0.981639 -0.0063587 0.190642 65.7408 0.00906834 0.99987 -0.0133441 -1.91589 -0.190533 0.0148279 0.981569 127.505
0.981086 -0.00109641 0.193567 65.9014 0.00362526 0.999913 -0.0127108 -1.93362 -0.193536 0.0131721 0.981005 128.392
0.980556 0.00102838 0.196236 66.0621 0.00108438 0.999943 -0.0106587 -1.95275 -0.196236 0.0106642 0.980499 129.282
0.980056 0.0017248 0.198712 66.239 0.000561574 0.999934 -0.011449 -1.97277 -0.198718 0.0113323 0.979991 130.177
0.979722 -0.000456436 0.200362 66.4251 0.00325258 0.999902 -0.0136265 -2.00149 -0.200336 0.0140018 0.979627 131.075
0.979439 -0.00717703 0.201615 66.6196 0.00986036 0.999876 -0.012308 -2.01843 -0.201501 0.014043 0.979388 131.984
0.979346 -0.0144155 0.201676 66.8081 0.0175748 0.999749 -0.0138832 -2.04031 -0.201425 0.0171409 0.979354 132.858
0.979054 -0.0149264 0.203053 66.9892 0.0180879 0.999742 -0.0137228 -2.06509 -0.202795 0.0171082 0.979072 133.76
0.978735 -0.0118833 0.204787 67.1709 0.0144382 0.999835 -0.0109865 -2.08465 -0.204622 0.0137096 0.978745 134.666
0.978515 -0.009826 0.205942 67.3495 0.0111368 0.999924 -0.00520648 -2.10123 -0.205875 0.00738814 0.97855 135.572
0.9784 -0.00668072 0.206611 67.5243 0.00707501 0.999974 -0.00116957 -2.11905 -0.206597 0.00260608 0.978423 136.456
0.978169 -0.00787314 0.207663 67.7126 0.00957244 0.999928 -0.00717938 -2.14465 -0.207591 0.00901049 0.978174 137.335
0.978071 -0.0130338 0.207864 67.9092 0.0178725 0.999611 -0.0214171 -2.17078 -0.207504 0.0246625 0.977923 138.209
0.978053 -0.015904 0.207749 68.1024 0.0227247 0.999277 -0.0304865 -2.19546 -0.207114 0.0345384 0.977707 139.085
0.978245 -0.0193896 0.206543 68.2841 0.0243533 0.999472 -0.0215167 -2.21826 -0.206017 0.0260787 0.978201 139.959
0.978541 -0.0264177 0.204352 68.4752 0.0271982 0.99963 -0.00101134 -2.23807 -0.20425 0.00654765 0.978897 140.847
0.978825 -0.0303827 0.202433 68.6602 0.0280051 0.999501 0.0145998 -2.26662 -0.202776 -0.00862144 0.979187 141.735
0.979005 -0.0266058 0.202091 68.8327 0.0253083 0.999639 0.00900162 -2.27848 -0.202257 -0.00369805 0.979325 142.619
0.979456 -0.019378 0.200723 68.9961 0.0212524 0.999748 -0.00718726 -2.28133 -0.200533 0.0113054 0.979622 143.472
0.979595 -0.0202478 0.19996 69.1658 0.0237724 0.999601 -0.015241 -2.28917 -0.199572 0.0196835 0.979685 144.338
0.97997 -0.0247615 0.1976 69.3454 0.0284573 0.999469 -0.0158854 -2.31485 -0.197102 0.0211904 0.980154 145.196
0.980578 -0.0253981 0.19448 69.5158 0.0287297 0.999485 -0.0143291 -2.34351 -0.194016 0.0196381 0.980802 146.067
0.981265 -0.0260335 0.190896 69.6797 0.029571 0.999439 -0.0157052 -2.36493 -0.19038 0.021056 0.981485 146.931
0.982251 -0.025449 0.185835 69.8444 0.0291999 0.999421 -0.0174745 -2.39294 -0.185283 0.0225907 0.982426 147.797
0.982903 -0.0204376 0.182988 69.9907 0.0240564 0.999556 -0.0175785 -2.42402 -0.182548 0.02168 0.982958 148.659
0.983351 -0.0150289 0.181092 70.1306 0.0186071 0.999663 -0.0180761 -2.44854 -0.180759 0.0211448 0.9833 149.522
0.98379 -0.0139605 0.178781 70.284 0.0171429 0.999721 -0.0162679 -2.47333 -0.178504 0.019069 0.983754 150.376
0.984008 -0.0158537 0.177417 70.4346 0.0181654 0.99977 -0.0114129 -2.50002 -0.177195 0.0144532 0.98407 151.234
0.9843 -0.0179089 0.175591 70.5833 0.020245 0.999729 -0.0115216 -2.5245 -0.175337 0.0148955 0.984396 152.081
0.984669 -0.0195753 0.173334 70.7288 0.0224189 0.999644 -0.0144628 -2.55144 -0.172989 0.0181271 0.984757 152.93
0.985349 -0.025102 0.168694 70.8786 0.0286555 0.999415 -0.0186628 -2.57595 -0.168127 0.0232234 0.985492 153.771
0.986345 -0.02871 0.162173 71.0164 0.0323694 0.999276 -0.0199676 -2.60083 -0.161483 0.0249444 0.98656 154.606
0.98739 -0.0306973 0.1553 71.1493 0.0333719 0.999336 -0.0146438 -2.62761 -0.154747 0.0196418 0.987759 155.464
0.988286 -0.0335647 0.148874 71.2654 0.0348835 0.999372 -0.00625549 -2.65456 -0.148571 0.0113755 0.988836 156.305
0.988814 -0.0367482 0.144558 71.4007 0.0366665 0.999322 0.00322985 -2.67513 -0.144579 0.00210672 0.989491 157.18
0.989668 -0.0298675 0.140234 71.5043 0.0293574 0.999553 0.00570501 -2.68518 -0.140342 -0.00152915 0.990102 158.02
0.990332 -0.0273259 0.136001 71.6034 0.0274726 0.999622 0.000798469 -2.69439 -0.135972 0.00294556 0.990708 158.858
0.991281 -0.0273016 0.128909 71.7063 0.0288183 0.999535 -0.00991448 -2.70648 -0.128578 0.013543 0.991607 159.684
0.991922 -0.0309707 0.123011 71.8031 0.0331436 0.999328 -0.0156563 -2.71644 -0.122444 0.0196069 0.992282 160.533
0.992688 -0.0319863 0.116392 71.895 0.0339547 0.999311 -0.0149676 -2.73241 -0.115833 0.0188102 0.993091 161.394
0.993769 -0.0259888 0.108384 71.9722 0.0274492 0.999551 -0.0120039 -2.75584 -0.108024 0.0149042 0.994037 162.262
0.994682 -0.0211657 0.100791 72.0368 0.0226907 0.999644 -0.0140075 -2.78084 -0.100458 0.01622 0.994809 163.135
0.995685 -0.0181518 0.0910089 72.1022 0.0200923 0.999589 -0.0204516 -2.79754 -0.0906002 0.022192 0.99564 163.986
0.996386 -0.0200489 0.0825355 72.1694 0.0220433 0.999485 -0.023324 -2.82169 -0.0820254 0.0250591 0.996315 164.863
0.99703 -0.020439 0.0742529 72.2298 0.0220611 0.999534 -0.0210914 -2.84382 -0.0737872 0.0226669 0.997016 165.749
0.99766 -0.0183344 0.0658604 72.2824 0.0193261 0.999709 -0.0144513 -2.87005 -0.0655763 0.0156903 0.997724 166.635
0.998248 -0.0147415 0.0573052 72.3212 0.0152926 0.999841 -0.00919098 -2.89187 -0.0571606 0.0100512 0.998314 167.514
0.998649 -0.0157222 0.0495341 72.3592 0.0160669 0.999849 -0.0065694 -2.90639 -0.0494234 0.00735638 0.998751 168.396
0.998954 -0.0152217 0.0431186 72.3879 0.0154434 0.999869 -0.00481284 -2.92444 -0.0430397 0.0054737 0.999058 169.269
0.999104 -0.0164312 0.0389969 72.4175 0.0167138 0.999836 -0.00693232 -2.94198 -0.0388766 0.0075779 0.999215 170.147
0.999325 -0.0118186 0.0347729 72.4342 0.0122667 0.999844 -0.0127008 -2.96217 -0.0346173 0.0131188 0.999315 171.017
0.9995 -0.00564721 0.0311171 72.4444 0.00625703 0.99979 -0.019535 -2.98825 -0.0310002 0.01972 0.999325 171.886
0.999596 -0.00436706 0.0280702 72.4583 0.0049955 0.999738 -0.0223571 -3.008 -0.0279652 0.0224883 0.999356 172.757
0.999698 -0.00285983 0.0244256 72.4752 0.00326297 0.999859 -0.0164808 -3.02971 -0.024375 0.0165555 0.999566 173.641
0.999761 -0.000754817 0.0218449 72.4859 0.000882655 0.999983 -0.00584306 -3.05541 -0.0218401 0.00586095 0.999744 174.522
0.999832 0.000478196 0.0183384 72.4898 -0.000497392 0.999999 0.00104224 -3.07082 -0.0183379 -0.00105118 0.999831 175.415
0.999904 -0.00331162 0.0134229 72.4998 0.00334435 0.999991 -0.00241651 -3.09158 -0.0134148 0.00246117 0.999907 176.276
0.999837 -0.015979 0.00836544 72.5132 0.0160797 0.999797 -0.0121078 -3.11463 -0.00817028 0.0122403 0.999892 177.141
0.999832 -0.0182764 0.00139966 72.5177 0.0182974 0.99969 -0.0168714 -3.12876 -0.00109088 0.0168942 0.999857 178.005
0.999872 -0.0149722 -0.00556124 72.4988 0.0148823 0.999764 -0.0158561 -3.1507 0.00579733 0.0157714 0.999859 178.892
0.999769 -0.0168529 -0.0133547 72.4809 0.0167156 0.999807 -0.0103245 -3.1768 0.0135261 0.0100988 0.999858 179.787
0.999521 -0.0225509 -0.021182 72.4646 0.0224013 0.999723 -0.00727666 -3.19444 0.0213403 0.00679867 0.999749 180.67
0.999125 -0.0317837 -0.0271879 72.4471 0.031707 0.999492 -0.00325062 -3.20887 0.0272774 0.00238573 0.999625 181.557
0.998811 -0.0356292 -0.0332862 72.411 0.0355236 0.999362 -0.00375933 -3.22419 0.0333989 0.00257241 0.999439 182.455
0.998417 -0.0399976 -0.0395392 72.3814 0.0395893 0.999155 -0.011054 -3.24078 0.0399479 0.00947115 0.999157 183.332
0.997697 -0.0492518 -0.0466275 72.3487 0.0483065 0.998608 -0.0211889 -3.2651 0.0476062 0.0188877 0.998688 184.202
0.99685 -0.0593192 -0.052642 72.3147 0.0580352 0.997986 -0.0255952 -3.28411 0.0540543 0.0224595 0.998285 185.087
0.99662 -0.0562022 -0.059916 72.2615 0.0551577 0.998298 -0.0189477 -3.30001 0.0608789 0.0155788 0.998024 185.967
0.996813 -0.045369 -0.0656187 72.1776 0.0450649 0.998965 -0.00610778 -3.3257 0.0658279 0.00313121 0.997826 186.865
0.996651 -0.0406952 -0.0709243 72.1031 0.040902 0.999162 0.00146531 -3.35228 0.0708053 -0.00436136 0.997481 187.764
0.99638 -0.0414245 -0.0742331 72.0261 0.0414165 0.999141 -0.00164749 -3.36959 0.0742375 -0.00143295 0.99724 188.651
0.996333 -0.0401727 -0.0755386 71.9501 0.0393291 0.999147 -0.0126227 -3.38318 0.0759813 0.00960559 0.997063 189.544
0.996515 -0.0301035 -0.0777966 71.8551 0.0284735 0.999353 -0.0219762 -3.4043 0.0784078 0.0196845 0.996727 190.428
0.996265 -0.0325003 -0.0800012 71.7787 0.0305081 0.999196 -0.0259999 -3.42547 0.0807819 0.0234621 0.996456 191.32
0.99582 -0.0380892 -0.0830193 71.7164 0.0364407 0.999109 -0.0212824 -3.44931 0.0837559 0.0181682 0.996321 192.231
0.995799 -0.0380829 -0.0832735 71.6349 0.0371723 0.999231 -0.0124578 -3.47262 0.0836839 0.00931001 0.996449 193.151
0.995817 -0.0364592 -0.083786 71.5569 0.0360148 0.999328 -0.00680913 -3.49877 0.0839779 0.00376311 0.996461 194.058
0.995656 -0.0368644 -0.0854976 71.4751 0.0363472 0.99931 -0.00759864 -3.52275 0.0857188 0.00445803 0.996309 194.966
0.99539 -0.0404169 -0.0869772 71.3965 0.0391052 0.999095 -0.0167324 -3.54555 0.0875747 0.013254 0.99607 195.854
0.994712 -0.0519648 -0.08859 71.3296 0.0496078 0.998359 -0.028604 -3.56938 0.0899311 0.024058 0.995657 196.759
0.993949 -0.0626571 -0.0902163 71.2578 0.0599257 0.997668 -0.0326765 -3.59819 0.0920533 0.0270725 0.995386 197.667
0.994062 -0.0595491 -0.0910715 71.1622 0.0572273 0.997971 -0.0278992 -3.63571 0.0925481 0.0225218 0.995453 198.574
0.994209 -0.0538093 -0.0930191 71.0689 0.0524234 0.998475 -0.017281 -3.66987 0.0938072 0.0123046 0.995514 199.481
0.994015 -0.0533092 -0.0953509 70.9839 0.0522372 0.998541 -0.0137048 -3.70591 0.0959424 0.00864187 0.995349 200.376
0.993846 -0.055209 -0.096027 70.8965 0.0537632 0.998399 -0.0175809 -3.7371 0.0968439 0.01231 0.995223 201.273
0.993859 -0.0557721 -0.0955715 70.8088 0.0537356 0.998273 -0.0237528 -3.7665 0.0967311 0.0184714 0.995139 202.169
0.994151 -0.049384 -0.0960513 70.7106 0.0472727 0.99859 -0.0241356 -3.79634 0.0971078 0.0194538 0.995084 203.054
0.994252 -0.0465994 -0.0963871 70.6124 0.0447447 0.998771 -0.0213162 -3.82693 0.0972619 0.0168809 0.995116 203.943
0.994328 -0.0429292 -0.0973094 70.5164 0.0413371 0.998977 -0.0183194 -3.8585 0.0979963 0.014193 0.995086 204.833
0.994473 -0.0392189 -0.0973913 70.4198 0.0378685 0.99916 -0.0156772 -3.88686 0.0979243 0.0119025 0.995123 205.722
0.994484 -0.0369806 -0.0981483 70.3242 0.0355834 0.999239 -0.0159494 -3.91694 0.0986634 0.012369 0.995044 206.591
0.994329 -0.0400094 -0.0985345 70.2382 0.0382565 0.999075 -0.0196154 -3.95022 0.0992282 0.0157346 0.99494 207.467
0.994393 -0.0375169 -0.0988656 70.139 0.0351824 0.999062 -0.0252518 -3.97562 0.0997202 0.0216319 0.99478 208.327
0.994278 -0.0367679 -0.100296 70.046 0.0344195 0.999094 -0.0250454 -4.00061 0.101126 0.0214499 0.994642 209.186
