0.999057 -0.00103767 0.0434002 0.0492845 0.00113802 0.999997 -0.00228742 -0.0285734 -0.0433976 0.00233465 0.999055 1.08789
0.996076 -0.00569533 0.0883136 0.149708 0.00635397 0.999954 -0.00717862 -0.052728 -0.0882687 0.00771159 0.996067 2.16576
0.991003 -0.00590571 0.133708 0.292178 0.00743567 0.999912 -0.0109461 -0.0784191 -0.133632 0.0118418 0.99096 3.23648
0.983687 -0.00422561 0.179837 0.492198 0.00668834 0.999892 -0.0130901 -0.110253 -0.179762 0.0140794 0.983609 4.38876
0.974215 -0.00634371 0.225534 0.737739 0.00952378 0.99987 -0.013015 -0.140158 -0.225422 0.0148273 0.974148 5.44802
0.962689 -0.0079584 0.270492 1.03949 0.0121481 0.999831 -0.0138184 -0.174144 -0.270337 0.0165888 0.962623 6.49958
0.949288 -0.0112923 0.314205 1.39387 0.0172785 0.999718 -0.0162733 -0.20481 -0.313933 0.0208771 0.949216 7.58244
0.934106 -0.0132067 0.356753 1.7807 0.021012 0.999617 -0.0180118 -0.228841 -0.356378 0.024321 0.934025 8.61206
0.916899 -0.013311 0.398898 2.21213 0.0225919 0.999572 -0.0185741 -0.263571 -0.39848 0.0260425 0.916807 9.59329
0.897424 -0.0145233 0.44093 2.68632 0.0244962 0.999556 -0.0169338 -0.298446 -0.440488 0.0259979 0.897382 10.5624
0.875497 -0.014138 0.483017 3.19043 0.0249822 0.999559 -0.0160243 -0.336538 -0.482577 0.0260961 0.875464 11.4943
0.851491 -0.0138343 0.524187 3.7558 0.0253209 0.999571 -0.0147508 -0.364265 -0.523757 0.025833 0.851476 12.4221
0.826093 -0.0142469 0.563354 4.36007 0.0272128 0.999523 -0.014627 -0.398355 -0.562876 0.0274137 0.826086 13.3013
0.798714 -0.0159396 0.6015 5.0116 0.0306909 0.999427 -0.014269 -0.424225 -0.600928 0.0298574 0.798745 14.1701
0.770247 -0.0153649 0.637561 5.71274 0.0319173 0.999386 -0.0144752 -0.467922 -0.636947 0.0314987 0.770264 15.0058
0.739818 -0.0192168 0.672533 6.43785 0.0374642 0.999218 -0.012661 -0.507132 -0.671764 0.0345627 0.739959 15.7922
0.707916 -0.0186459 0.706051 7.18431 0.0380479 0.999207 -0.0117606 -0.536887 -0.705271 0.0351893 0.708064 16.5388
0.674007 -0.0181856 0.738501 7.96582 0.0405164 0.999102 -0.0123751 -0.565272 -0.737613 0.0382624 0.674138 17.2444
0.638318 -0.0192923 0.769531 8.79564 0.0446524 0.998931 -0.0119953 -0.606241 -0.768476 0.0420182 0.638497 17.9429
0.602071 -0.0182566 0.798234 9.64827 0.0451201 0.998919 -0.0111855 -0.645739 -0.797167 0.0427508 0.602244 18.5739
0.564467 -0.0171881 0.825277 10.5134 0.0479681 0.998777 -0.0120073 -0.682618 -0.824061 0.0463647 0.564601 19.158
0.526112 -0.0153928 0.850276 11.42 0.0525741 0.998512 -0.0144541 -0.707789 -0.848789 0.0523069 0.526139 19.6925
0.487875 -0.0144244 0.872795 12.3558 0.0542771 0.99843 -0.013839 -0.733736 -0.871225 0.0541245 0.487892 20.198
0.449932 -0.016221 0.892915 13.3629 0.0596644 0.998147 -0.0119317 -0.758798 -0.891068 0.0586437 0.450066 20.6714
0.412948 -0.0172018 0.910592 14.3462 0.0641245 0.997889 -0.0102292 -0.79091 -0.908494 0.0626154 0.41318 21.1038
0.37815 -0.0151678 0.92562 15.3376 0.0664304 0.997733 -0.0107898 -0.812725 -0.923358 0.0655694 0.3783 21.496
0.344773 -0.0162985 0.938545 16.3822 0.0679193 0.997662 -0.00762489 -0.829831 -0.936226 0.0663742 0.345073 21.8828
0.311514 -0.0179254 0.950072 17.4384 0.0701172 0.99753 -0.00416957 -0.849206 -0.947651 0.0679153 0.312002 22.231
0.278589 -0.017994 0.960242 18.5268 0.070941 0.997479 -0.00188984 -0.863815 -0.957787 0.068647 0.279163 22.5494
0.246729 -0.0151049 0.968967 19.6149 0.0688644 0.997624 -0.00198333 -0.877311 -0.966635 0.0672167 0.247183 22.8207
0.215844 -0.0138393 0.97633 20.7075 0.0696069 0.997574 -0.00124807 -0.886623 -0.973944 0.0682287 0.216284 23.0666
0.185684 -0.0135381 0.982516 21.98 0.0724609 0.997371 4.85364e-05 -0.885394 -0.979934 0.071185 0.186177 23.2909
0.155122 -0.0139596 0.987797 23.1757 0.0740819 0.997249 0.00245949 -0.894999 -0.985114 0.0727963 0.15573 23.4923
0.124273 -0.01422 0.992146 24.3867 0.07261 0.997347 0.00519964 -0.89292 -0.989588 0.0713936 0.124976 23.6739
0.0952084 -0.014693 0.995349 25.69 0.0740894 0.997222 0.00763376 -0.905119 -0.992696 0.073018 0.0960326 23.7899
0.0684923 -0.0143193 0.997549 27.018 0.0773731 0.996962 0.00899834 -0.895476 -0.994647 0.0765672 0.0693921 23.8376
0.0432208 -0.0137645 0.998971 28.3573 0.0820975 0.996572 0.0101795 -0.889038 -0.995687 0.081573 0.0442027 23.8928
0.0206405 -0.0134134 0.999697 29.6966 0.0866013 0.996176 0.0115781 -0.880473 -0.996029 0.0863361 0.0217232 23.8966
0.000578736 -0.014027 0.999901 31.0741 0.0932235 0.995548 0.013912 -0.893222 -0.995645 0.0932062 0.00188381 23.8421
-0.016984 -0.0146989 0.999748 32.4483 0.0981568 0.995038 0.0162971 -0.874981 -0.995026 0.0984088 -0.015457 23.7982
-0.0324747 -0.0145871 0.999366 33.8312 0.101657 0.99466 0.0178218 -0.861242 -0.994289 0.102172 -0.0308184 23.738
-0.0464091 -0.0153679 0.998804 35.1588 0.104737 0.994296 0.0201651 -0.852719 -0.993417 0.105548 -0.0445348 23.6653
-0.059527 -0.016185 0.998095 36.5323 0.104976 0.994223 0.0223831 -0.822973 -0.992692 0.106109 -0.057484 23.5768
-0.0717608 -0.0160302 0.997293 37.8957 0.105242 0.994168 0.0235527 -0.808378 -0.991854 0.106647 -0.0696552 23.4796
-0.0827147 -0.0130571 0.996488 39.3077 0.105499 0.994181 0.021784 -0.783238 -0.990973 0.106931 -0.0808559 23.336
-0.0927977 -0.009511 0.99564 40.6958 0.10647 0.994126 0.01942 -0.763488 -0.989976 0.107808 -0.0912399 23.19
-0.102072 -0.0069154 0.994753 42.1442 0.107841 0.994006 0.0179758 -0.734813 -0.988914 0.10911 -0.100714 23.0208
-0.10939 -0.00590039 0.993981 43.5615 0.108619 0.993923 0.0178538 -0.723939 -0.988046 0.109918 -0.108085 22.8701
-0.115039 -0.00517365 0.993348 44.9908 0.109391 0.993839 0.0178447 -0.714284 -0.987319 0.110716 -0.113764 22.694
-0.11993 -0.00336187 0.992777 46.4764 0.111213 0.993655 0.0167997 -0.684912 -0.986534 0.112424 -0.118795 22.4959
-0.124262 -0.00153019 0.992248 47.9495 0.111173 0.993681 0.0154549 -0.664819 -0.986002 0.112232 -0.123306 22.2982
-0.128161 -0.000570242 0.991753 49.441 0.112447 0.993543 0.0151025 -0.643292 -0.985358 0.113455 -0.12727 22.1003
-0.131112 -0.00166434 0.991366 50.9741 0.113375 0.993413 0.0166621 -0.630153 -0.984863 0.114581 -0.13006 21.8969
-0.133718 -0.00319869 0.991014 52.4977 0.113638 0.993349 0.0185395 -0.592547 -0.984483 0.115096 -0.132465 21.7051
-0.136221 -0.00450116 0.990668 54.049 0.114566 0.993209 0.020266 -0.57585 -0.984032 0.116258 -0.13478 21.5073
-0.138152 -0.00382311 0.990404 55.6442 0.117885 0.99282 0.0202763 -0.555257 -0.98337 0.119555 -0.136709 21.2573
-0.139336 -0.00418832 0.990236 57.2222 0.117903 0.992808 0.0207892 -0.529947 -0.983201 0.119648 -0.13784 21.0479
-0.139775 -0.00286056 0.990179 58.8396 0.12056 0.992507 0.0198857 -0.507402 -0.982816 0.122155 -0.138383 20.8019
-0.139923 -0.00260989 0.990159 60.4888 0.119902 0.992593 0.0195602 -0.478486 -0.982876 0.121459 -0.138574 20.5635
-0.138981 -0.00123784 0.990294 62.1285 0.120631 0.992531 0.0181704 -0.460015 -0.98292 0.121985 -0.137794 20.3191
-0.137951 -0.0012451 0.990438 63.7997 0.121478 0.992428 0.0181674 -0.428504 -0.982961 0.122823 -0.136755 20.0781
-0.136213 -0.00228503 0.990677 65.453 0.121308 0.992434 0.0189683 -0.405065 -0.983224 0.122761 -0.134905 19.8495
-0.134659 -0.00146848 0.990891 67.1715 0.123212 0.992213 0.0182146 -0.378394 -0.983202 0.124542 -0.13343 19.5951
-0.133646 -0.000787695 0.991029 68.8927 0.123278 0.992219 0.0174134 -0.357934 -0.983332 0.124499 -0.132509 19.3594
-0.13254 9.11279e-05 0.991178 70.5918 0.124684 0.992058 0.0165816 -0.329161 -0.983304 0.125782 -0.131499 19.1322
-0.131471 -5.13201e-05 0.99132 72.3468 0.12525 0.991985 0.0166623 -0.303384 -0.983376 0.126354 -0.130411 18.9157
-0.130546 -0.00153063 0.991441 74.1276 0.127769 0.991634 0.0183547 -0.271994 -0.983175 0.129071 -0.129259 18.6739
-0.129926 -0.00317086 0.991519 75.9183 0.129921 0.991319 0.0201947 -0.24335 -0.982975 0.131442 -0.128386 18.4436
-0.129235 -0.00177611 0.991612 77.7101 0.131804 0.991095 0.0189529 -0.214975 -0.982815 0.133148 -0.12785 18.2226
-0.128696 0.000101371 0.991684 79.5303 0.13392 0.990841 0.0172782 -0.187063 -0.9826 0.13503 -0.127531 17.99
-0.128351 -0.000352254 0.991729 81.3429 0.133409 0.990904 0.0176181 -0.170577 -0.982715 0.134567 -0.127137 17.7708
-0.128153 -0.000440589 0.991754 83.1656 0.134358 0.990773 0.0178017 -0.154505 -0.982611 0.135532 -0.126912 17.5384
-0.128098 -0.00151217 0.99176 85.0309 0.134529 0.99073 0.0188866 -0.132197 -0.982595 0.135839 -0.126707 17.3241
-0.127735 -0.00135084 0.991807 86.9094 0.136864 0.990408 0.0189757 -0.115483 -0.98232 0.138167 -0.126325 17.0667
-0.127662 -0.00138286 0.991817 88.7627 0.13871 0.990146 0.0192345 -0.0897591 -0.98207 0.14003 -0.126212 16.8377
-0.12756 -0.00038147 0.991831 90.6757 0.139296 0.990082 0.0182958 -0.062304 -0.982001 0.140492 -0.126242 16.5957
-0.128309 0.00031995 0.991734 92.5495 0.139365 0.990083 0.0177114 -0.0346247 -0.981893 0.140485 -0.127081 16.3857
-0.129399 0.0011922 0.991592 94.4445 0.139303 0.990104 0.0169881 -0.0115834 -0.981759 0.14033 -0.128284 16.1529
-0.130387 0.0020675 0.991461 96.4188 0.139179 0.990134 0.0162387 0.0158764 -0.981646 0.140108 -0.129388 15.8741
-0.130833 0.00153065 0.991403 98.3875 0.138831 0.990174 0.0167924 0.0488016 -0.981636 0.139834 -0.12976 15.5924
-0.131972 0.00135416 0.991253 100.375 0.139024 0.99014 0.0171565 0.0733864 -0.981456 0.140072 -0.130859 15.3406
-0.132378 0.00050954 0.991199 102.357 0.137007 0.99041 0.0177887 0.10193 -0.981685 0.138156 -0.131178 15.0835
-0.133722 0.0017458 0.991017 104.357 0.138743 0.990183 0.0169767 0.120498 -0.981259 0.139766 -0.132651 14.8086
-0.136285 0.00250035 0.990667 106.342 0.138085 0.990283 0.0164968 0.135943 -0.980999 0.139044 -0.135306 14.5674
-0.14038 0.00382352 0.99009 108.4 0.13885 0.990186 0.0158631 0.161504 -0.980313 0.139701 -0.139534 14.2704
-0.144606 0.00273919 0.989485 110.413 0.137111 0.990405 0.0172961 0.171461 -0.979944 0.138171 -0.143594 13.9745
-0.14994 0.0019173 0.988693 112.44 0.135514 0.9906 0.0186304 0.186282 -0.979364 0.136775 -0.148791 13.6915
-0.15458 0.00251123 0.987977 114.461 0.134991 0.990672 0.0186027 0.196399 -0.978715 0.136243 -0.153477 13.3877
-0.158922 0.00439245 0.987281 116.462 0.136269 0.990517 0.0175283 0.213702 -0.977842 0.137322 -0.158013 13.0699
-0.163475 0.00600922 0.986529 118.526 0.136171 0.990547 0.0165308 0.227328 -0.977105 0.137039 -0.162748 12.7279
-0.168333 0.00632689 0.98571 120.603 0.1349 0.990719 0.0166783 0.245317 -0.976456 0.13578 -0.167624 12.3778
-0.173254 0.00628072 0.984857 122.661 0.133126 0.990952 0.0170997 0.26587 -0.975838 0.134073 -0.172522 12.0254
-0.178559 0.00536696 0.983915 124.757 0.130783 0.991242 0.0183275 0.282542 -0.975199 0.131952 -0.177697 11.6574
-0.184465 0.00445994 0.982829 126.847 0.130014 0.991312 0.0199037 0.294008 -0.974202 0.131453 -0.183442 11.2824
-0.189937 0.00430362 0.981787 128.962 0.130622 0.991211 0.0209253 0.318413 -0.973068 0.132218 -0.18883 10.8837
-0.195561 0.00603778 0.980673 131.082 0.131041 0.991175 0.0200291 0.342307 -0.971897 0.132425 -0.194627 10.4708
-0.201354 0.00687841 0.979494 133.187 0.131028 0.991177 0.0199749 0.354257 -0.970715 0.132363 -0.200479 10.052
-0.207181 0.00665818 0.97828 135.347 0.131531 0.991087 0.0211103 0.3756 -0.96942 0.133047 -0.20621 9.59515
-0.212438 0.0070532 0.977149 137.484 0.131452 0.991091 0.0214245 0.414251 -0.968293 0.132999 -0.211473 9.1388
-0.217812 0.00784055 0.975959 139.608 0.1309 0.991168 0.0212513 0.433775 -0.967173 0.132382 -0.216915 8.67574
-0.222955 0.00825571 0.974794 141.731 0.130012 0.991283 0.0213411 0.470993 -0.96612 0.131493 -0.222085 8.19102
-0.226972 0.00780321 0.97387 143.868 0.132019 0.990984 0.0228282 0.505199 -0.964912 0.133751 -0.225955 7.69751
-0.230745 0.00760163 0.972985 145.984 0.135165 0.990525 0.024316 0.525136 -0.96358 0.137125 -0.229586 7.20052
-0.233675 0.00845289 0.972278 148.203 0.136595 0.990331 0.0242191 0.572603 -0.962672 0.138468 -0.23257 6.6208
-0.236661 0.00940449 0.971547 150.287 0.137704 0.990184 0.0239586 0.610354 -0.961785 0.139456 -0.235632 6.11422
-0.239684 0.00945001 0.970805 152.426 0.137202 0.990247 0.0242348 0.648744 -0.961107 0.139005 -0.238643 5.59427
-0.24375 0.0102546 0.969784 154.559 0.135612 0.990481 0.0236119 0.693353 -0.96031 0.13727 -0.242821 5.07506
-0.247986 0.0111521 0.968699 156.727 0.134979 0.990578 0.0231504 0.732698 -0.959314 0.136495 -0.247155 4.52441
-0.252217 0.010933 0.967609 158.859 0.134196 0.990669 0.023786 0.756904 -0.95832 0.135849 -0.251331 3.98275
-0.256607 0.0113175 0.96645 161.012 0.134681 0.990594 0.0241596 0.789097 -0.957086 0.136362 -0.255718 3.42394
-0.261008 0.011496 0.965268 163.162 0.133802 0.990708 0.0243811 0.813832 -0.956019 0.135519 -0.260121 2.85686
-0.265273 0.0117763 0.964102 165.331 0.13381 0.990699 0.0247167 0.855384 -0.954843 0.135563 -0.264381 2.27349
-0.269229 0.0117015 0.963005 167.523 0.134689 0.990557 0.025619 0.895406 -0.953611 0.136604 -0.268263 1.6694
-0.273559 0.0117785 0.961783 169.726 0.135801 0.990382 0.026497 0.933837 -0.95222 0.137859 -0.272527 1.07434
-0.277747 0.0126674 0.960571 171.903 0.137572 0.990131 0.0267215 0.972072 -0.950753 0.13957 -0.276749 0.462498
-0.280956 0.0145586 0.95961 174.091 0.138408 0.990047 0.025503 1.03121 -0.949688 0.139983 -0.280175 -0.179279
-0.284143 0.0162029 0.958645 176.178 0.138905 0.990004 0.0244386 1.06069 -0.948666 0.140104 -0.283554 -0.793905
-0.287426 0.0174318 0.957644 178.375 0.139808 0.989889 0.0239429 1.09353 -0.947544 0.140768 -0.286957 -1.4346
-0.290667 0.0181949 0.956651 180.592 0.140165 0.989843 0.0237613 1.12669 -0.946502 0.140996 -0.290265 -2.10109
-0.29449 0.0182183 0.955481 182.817 0.140257 0.989815 0.024356 1.17396 -0.945306 0.141186 -0.294046 -2.76376
-0.298551 0.0185199 0.954214 185.008 0.140156 0.989823 0.0246404 1.2158 -0.944046 0.141095 -0.298108 -3.42312
-0.302236 0.0194135 0.953035 187.221 0.142536 0.989473 0.0250465 1.25632 -0.942516 0.143412 -0.301821 -4.11962
-0.305081 0.0198456 0.95212 189.425 0.14534 0.989041 0.0259552 1.3039 -0.94117 0.1463 -0.304622 -4.82788
-0.307682 0.0196545 0.951286 191.614 0.146667 0.988817 0.0270078 1.34944 -0.940117 0.147832 -0.307124 -5.51338
-0.310499 0.019476 0.950374 193.86 0.147289 0.988701 0.0278598 1.38565 -0.939093 0.14863 -0.309859 -6.24015
-0.313276 0.0205715 0.949439 196.09 0.147458 0.988693 0.0272333 1.44035 -0.938144 0.148534 -0.312768 -6.95891
-0.315862 0.0228624 0.94853 198.333 0.147327 0.988766 0.025228 1.48665 -0.937297 0.147713 -0.315682 -7.70168
-0.318891 0.0248903 0.947465 200.564 0.147683 0.98875 0.0237311 1.51742 -0.936215 0.147492 -0.318979 -8.44707
-0.322032 0.025705 0.94638 202.814 0.146662 0.988918 0.0230454 1.5551 -0.9353 0.146219 -0.322233 -9.2006
-0.32511 0.026733 0.945298 205.028 0.145451 0.98912 0.0220516 1.59493 -0.934424 0.144664 -0.325461 -9.95039
-0.328405 0.0272032 0.944145 207.29 0.146737 0.988919 0.0225466 1.63181 -0.933069 0.145945 -0.328758 -10.7553
-0.331751 0.0264927 0.942995 209.591 0.14711 0.98883 0.0239739 1.66592 -0.931826 0.146678 -0.331943 -11.568
-0.335548 0.0264092 0.941653 211.797 0.147062 0.988819 0.0246722 1.72178 -0.930473 0.14676 -0.33568 -12.3322
-0.33915 0.0262937 0.940365 214.102 0.147592 0.988717 0.0255847 1.74974 -0.929082 0.147468 -0.339205 -13.1708
-0.342675 0.0265442 0.939079 216.428 0.146865 0.988824 0.0256415 1.79207 -0.927903 0.146705 -0.342743 -13.9931
-0.346092 0.027366 0.937801 218.697 0.146713 0.988856 0.0252882 1.82798 -0.926658 0.14634 -0.34625 -14.8325
-0.34878 0.0283401 0.936776 220.9 0.147686 0.988716 0.0250749 1.86582 -0.925495 0.147094 -0.34903 -15.6635
-0.351881 0.0293323 0.935585 223.198 0.148858 0.988543 0.0249942 1.90651 -0.924132 0.148065 -0.352216 -16.4987
-0.354113 0.0293824 0.934741 225.471 0.150425 0.988282 0.0259208 1.946 -0.923026 0.149787 -0.354384 -17.3585
-0.356432 0.0293011 0.933862 227.764 0.15189 0.988029 0.0269721 2.01703 -0.921892 0.151458 -0.356616 -18.2091
-0.359241 0.030166 0.932757 230.048 0.153595 0.987759 0.0272106 2.05297 -0.920519 0.153042 -0.359476 -19.0717
-0.362038 0.031277 0.931638 232.315 0.154147 0.987686 0.0267437 2.09122 -0.91933 0.153292 -0.362401 -19.9288
-0.364175 0.0324316 0.930766 234.653 0.154757 0.987607 0.0261389 2.13729 -0.918383 0.153562 -0.364681 -20.8437
-0.366451 0.0336074 0.92983 236.975 0.15505 0.98758 0.0254113 2.16947 -0.917427 0.153482 -0.367111 -21.7681
-0.369049 0.034814 0.928758 239.285 0.155538 0.987519 0.0247877 2.19695 -0.916303 0.153605 -0.369857 -22.6988
-0.371495 0.0348463 0.927781 241.562 0.153374 0.987869 0.0243098 2.22695 -0.915679 0.151328 -0.372333 -23.6083
-0.374575 0.035611 0.926512 243.822 0.154321 0.987719 0.0244261 2.24853 -0.914264 0.152129 -0.375471 -24.5188
-0.377189 0.0353275 0.925462 246.053 0.155803 0.987451 0.0258065 2.27525 -0.912937 0.153924 -0.37796 -25.4202
-0.379843 0.0348432 0.924395 248.359 0.156902 0.987238 0.0272606 2.31467 -0.911648 0.155394 -0.380462 -26.3593
-0.382712 0.0346531 0.923218 250.428 0.156004 0.98737 0.0276091 2.34881 -0.910601 0.154592 -0.383284 -27.2258
-0.384716 0.0354537 0.922354 252.519 0.155918 0.987399 0.0270797 2.39968 -0.909771 0.154229 -0.385396 -28.1408
-0.387847 0.0350136 0.921059 254.877 0.155273 0.987479 0.0278449 2.4348 -0.908551 0.153815 -0.388427 -29.1356
-0.391433 0.0351584 0.919535 257.102 0.155388 0.987445 0.0283916 2.5109 -0.906992 0.153998 -0.391982 -30.0451
-0.394786 0.0358114 0.918075 259.376 0.155406 0.987445 0.0283097 2.57034 -0.905535 0.153851 -0.395394 -30.999
-0.398802 0.0359755 0.916331 261.724 0.155699 0.987379 0.0289978 2.62774 -0.903723 0.154236 -0.39937 -31.9995
-0.402717 0.0357205 0.914627 263.947 0.155591 0.987367 0.0299466 2.6649 -0.902004 0.154368 -0.403187 -32.9524
-0.405926 0.0363359 0.913183 266.201 0.155755 0.987342 0.0299492 2.71071 -0.900536 0.15439 -0.406447 -33.974
-0.4096 0.0374983 0.911494 268.335 0.156768 0.987185 0.0298348 2.752 -0.898694 0.155113 -0.41023 -34.9452
-0.413081 0.038987 0.909859 270.595 0.158028 0.986995 0.0294535 2.83837 -0.896879 0.15595 -0.41387 -35.9472
-0.41698 0.0389041 0.908083 272.829 0.158341 0.986916 0.0304267 2.88404 -0.895017 0.156474 -0.417684 -36.9463
-0.420194 0.0392491 0.906585 275.061 0.157327 0.987085 0.0301852 2.92502 -0.893692 0.155314 -0.420942 -37.9904
-0.423785 0.039318 0.904909 277.383 0.158297 0.986897 0.031253 2.95033 -0.891823 0.156489 -0.424456 -39.0757
-0.426649 0.0404843 0.903511 279.678 0.159946 0.986629 0.0313199 3.01648 -0.890162 0.157876 -0.427419 -40.18
-0.429678 0.0419233 0.902008 281.954 0.161371 0.986406 0.0310244 3.08164 -0.888446 0.158889 -0.430602 -41.2563
-0.433444 0.043704 0.90012 284.213 0.163574 0.986047 0.0308914 3.12063 -0.886211 0.160626 -0.434545 -42.3141
-0.435876 0.044583 0.898902 286.527 0.164667 0.985864 0.0309505 3.1847 -0.884815 0.16151 -0.437055 -43.4425
-0.438588 0.0469974 0.897459 288.812 0.167058 0.985489 0.0300339 3.24443 -0.883025 0.1631 -0.440075 -44.5444
-0.441065 0.0494245 0.896113 291.069 0.168553 0.985277 0.0286192 3.30194 -0.881505 0.163665 -0.442902 -45.642
-0.443785 0.0499675 0.894739 293.28 0.170451 0.984923 0.0295388 3.33455 -0.879773 0.165618 -0.445611 -46.7391
-0.446724 0.0512091 0.893205 295.544 0.17136 0.984774 0.0292445 3.38668 -0.878108 0.166124 -0.448697 -47.8708
-0.449718 0.0513358 0.891694 297.852 0.17148 0.984737 0.0297919 3.4403 -0.876555 0.166305 -0.451657 -49.0435
-0.453291 0.0529365 0.889789 300.183 0.172758 0.984524 0.029437 3.51149 -0.874461 0.167062 -0.455422 -50.2127
-0.45651 0.0536606 0.888098 302.412 0.172211 0.984632 0.0290283 3.58441 -0.872893 0.166192 -0.458736 -51.3399
-0.459789 0.0535454 0.886412 304.72 0.170779 0.98488 0.029091 3.63765 -0.871452 0.164756 -0.461981 -52.5087
-0.462458 0.0548303 0.884944 306.986 0.173047 0.984474 0.0294345 3.71735 -0.869591 0.166749 -0.464766 -53.656
-0.464999 0.0549737 0.883603 309.339 0.174763 0.984131 0.0307414 3.78753 -0.86789 0.168715 -0.467227 -54.8584
-0.466787 0.0555943 0.882621 311.642 0.176724 0.983756 0.0314987 3.85721 -0.866532 0.170684 -0.469029 -56.0798
-0.468526 0.0558533 0.881683 313.912 0.17755 0.98359 0.0320408 3.92467 -0.865425 0.171554 -0.470754 -57.2735
-0.470688 0.0554623 0.880555 316.232 0.178366 0.983397 0.0334034 3.97912 -0.864082 0.172784 -0.472766 -58.502
-0.472921 0.0560297 0.879322 318.585 0.180482 0.982975 0.0344331 4.05081 -0.862422 0.174986 -0.474982 -59.7686
-0.475125 0.0559947 0.878135 320.864 0.180534 0.982946 0.0350017 4.14063 -0.861199 0.175163 -0.477131 -61.0007
-0.476969 0.0571164 0.877062 323.191 0.180385 0.983005 0.0340824 4.22597 -0.86021 0.174465 -0.479166 -62.2435
-0.47938 0.0597699 0.87557 325.604 0.18088 0.982987 0.0319303 4.28499 -0.858765 0.17368 -0.482036 -63.563
-0.482913 0.059462 0.873647 327.962 0.179896 0.983148 0.0325238 4.35111 -0.85699 0.172872 -0.485472 -64.8384
-0.487183 0.0578361 0.871383 330.297 0.177976 0.983439 0.0342313 4.42077 -0.854972 0.171762 -0.489408 -66.1222
-0.491678 0.0561716 0.868963 332.655 0.17691 0.983549 0.0365207 4.50257 -0.852617 0.171685 -0.493527 -67.432
-0.49583 0.0551705 0.866665 335.14 0.175214 0.983811 0.0376147 4.63157 -0.85056 0.170503 -0.49747 -68.8597
-0.499509 0.055877 0.864505 337.571 0.176921 0.983466 0.0386583 4.70606 -0.848051 0.172259 -0.501136 -70.2846
-0.504221 0.0569787 0.861693 340.02 0.179324 0.982979 0.0399334 4.77827 -0.844751 0.174658 -0.505857 -71.6861
-0.508012 0.0582587 0.859378 342.472 0.180613 0.982735 0.0401459 4.879 -0.842201 0.175609 -0.509763 -73.1403
-0.511832 0.0585108 0.857091 344.837 0.181452 0.982533 0.0412842 4.9697 -0.839704 0.176652 -0.513509 -74.541
-0.51536 0.0575225 0.855041 347.214 0.182105 0.982309 0.0436759 5.07243 -0.837402 0.178216 -0.516717 -75.955
-0.519336 0.0559287 0.852738 349.649 0.180731 0.982473 0.0456313 5.1752 -0.83524 0.177814 -0.520342 -77.4249
-0.522869 0.0561215 0.850563 352.048 0.181005 0.982385 0.0464505 5.27512 -0.832973 0.178244 -0.523817 -78.8938
-0.526808 0.0563884 0.848112 354.422 0.181138 0.982324 0.0472028 5.38666 -0.830459 0.178492 -0.52771 -80.3446
-0.530323 0.0568137 0.84589 356.859 0.182915 0.981921 0.0487267 5.50591 -0.827828 0.180567 -0.531127 -81.8956
-0.53512 0.056125 0.84291 359.301 0.182771 0.98185 0.0506554 5.63486 -0.824768 0.181166 -0.535665 -83.391
-0.538505 0.0555193 0.840791 361.673 0.18201 0.981935 0.0517333 5.75273 -0.82273 0.180891 -0.538882 -84.8888
-0.541905 0.0548727 0.838647 364.075 0.182501 0.981739 0.0536906 5.86841 -0.820386 0.182149 -0.542023 -86.4084
-0.544662 0.0542483 0.8369 366.404 0.183084 0.981528 0.0555298 5.97685 -0.818428 0.183468 -0.544532 -87.925
-0.547832 0.0536619 0.834866 368.717 0.180858 0.981939 0.0555621 6.08564 -0.816805 0.181431 -0.547642 -89.3673
-0.550783 0.0532576 0.832948 371.073 0.177726 0.982559 0.0546971 6.21843 -0.815507 0.178163 -0.550642 -90.884
-0.554314 0.0530507 0.830615 373.424 0.175002 0.983086 0.053999 6.32764 -0.813702 0.175291 -0.554222 -92.4187
-0.556905 0.0503595 0.829048 375.684 0.172746 0.983356 0.0563076 6.43643 -0.812413 0.174572 -0.556335 -93.9134
-0.560233 0.0497656 0.826839 378.069 0.173398 0.983124 0.0583154 6.55951 -0.809983 0.176042 -0.559408 -95.5081
-0.563223 0.0495022 0.824821 380.373 0.172409 0.983274 0.0587162 6.66786 -0.808118 0.175277 -0.562337 -97.0707
-0.566434 0.0481741 0.822698 382.553 0.170168 0.983613 0.0595654 6.78914 -0.806347 0.173737 -0.565349 -98.5852
-0.570077 0.0458064 0.820313 384.874 0.169484 0.983526 0.062863 6.94885 -0.80392 0.174867 -0.568449 -100.06
-0.573272 0.0432685 0.818222 387.215 0.166997 0.983814 0.0649786 7.09211 -0.802166 0.173891 -0.571219 -101.644
-0.576022 0.0420032 0.816354 389.571 0.165442 0.984001 0.0661072 7.24247 -0.800517 0.173138 -0.573755 -103.294
-0.578721 0.0424579 0.81442 391.886 0.165735 0.983927 0.0664756 7.39003 -0.798507 0.173449 -0.576456 -104.927
-0.580645 0.0427911 0.813031 393.984 0.166462 0.983762 0.0671061 7.5832 -0.796957 0.174304 -0.57834 -106.468
-0.584157 0.0425764 0.810524 396.411 0.166326 0.98371 0.0681999 7.75817 -0.794416 0.17465 -0.581722 -108.13
-0.586996 0.0416488 0.808518 398.708 0.163616 0.984172 0.0680902 7.9135 -0.792884 0.172255 -0.58452 -109.757
-0.589678 0.0391619 0.806688 401.043 0.15454 0.985839 0.0651079 8.06714 -0.792715 0.163059 -0.58738 -111.429
-0.593195 0.0430746 0.803906 403.418 0.147833 0.987416 0.0561771 8.25721 -0.791369 0.152168 -0.592097 -113.093
-0.594972 0.0537654 0.801946 406.181 0.158963 0.985923 0.0518366 8.35989 -0.78787 0.158321 -0.595143 -115.152
-0.595556 0.0545278 0.801461 408.472 0.166031 0.984507 0.0563938 8.48249 -0.785969 0.166653 -0.595382 -116.834
-0.597527 0.0450827 0.80058 410.728 0.165381 0.983881 0.0680303 8.63035 -0.784609 0.173051 -0.595351 -118.515
-0.600962 0.035239 0.798501 413.025 0.159978 0.984115 0.0769707 8.80855 -0.783104 0.173999 -0.597053 -120.197
-0.604829 0.0295427 0.795807 414.87 0.153933 0.984802 0.0804333 9.00894 -0.781336 0.171149 -0.600184 -121.662
-0.606917 0.0289247 0.794239 416.884 0.152877 0.984924 0.0809518 9.22072 -0.779924 0.170552 -0.602189 -123.343
-0.608814 0.0341284 0.792578 419.171 0.15817 0.984237 0.0791164 9.40466 -0.777385 0.17353 -0.604616 -125.096
-0.610605 0.0389129 0.790979 421.395 0.160009 0.984255 0.0750997 9.59203 -0.775602 0.17242 -0.607217 -126.805
-0.612807 0.0417692 0.789128 423.648 0.160921 0.984274 0.0728664 9.75946 -0.773674 0.17164 -0.609892 -128.561
-0.6166 0.041693 0.786172 425.967 0.160406 0.984303 0.0736075 9.93262 -0.770762 0.171493 -0.613609 -130.298
-0.619489 0.0409724 0.783935 427.912 0.161057 0.984027 0.0758418 10.0473 -0.768306 0.173241 -0.616192 -131.802
-0.621739 0.04006 0.782199 429.867 0.161283 0.983836 0.0778109 10.2033 -0.766439 0.174534 -0.61815 -133.339
-0.62375 0.0399342 0.780603 432.118 0.16102 0.983838 0.0783337 10.3836 -0.764858 0.174553 -0.620099 -135.096
-0.624943 0.0400651 0.779642 434.355 0.161149 0.983794 0.0786173 10.5702 -0.763857 0.17477 -0.621272 -136.842
-0.62603 0.0406995 0.778736 436.614 0.162157 0.983601 0.0789523 10.774 -0.762753 0.175704 -0.622363 -138.686
-0.627251 0.0402165 0.777778 438.843 0.163705 0.983163 0.0811861 10.9421 -0.761418 0.17825 -0.623274 -140.426
-0.628047 0.0388183 0.777207 441.055 0.164666 0.982768 0.0839784 11.1257 -0.760554 0.180722 -0.623616 -142.196
-0.628964 0.0385285 0.776479 443.273 0.165999 0.982393 0.085717 11.3452 -0.759506 0.182808 -0.624286 -143.997
-0.630442 0.0395402 0.775228 445.397 0.165771 0.98252 0.084698 11.5425 -0.758329 0.181908 -0.625977 -145.694
-0.632122 0.0400926 0.773831 447.604 0.162387 0.983339 0.0817026 11.7447 -0.757662 0.177306 -0.6281 -147.466
-0.633524 0.0387927 0.77275 449.72 0.158698 0.984023 0.080707 11.9132 -0.757273 0.173764 -0.629559 -149.191
-0.634797 0.0379597 0.771746 451.934 0.157358 0.984212 0.0810237 12.1078 -0.756486 0.172874 -0.630748 -150.963
-0.635597 0.0366759 0.771149 454.139 0.155356 0.984514 0.0812236 12.2964 -0.756228 0.171428 -0.631452 -152.776
-0.636996 0.0360672 0.770023 456.351 0.152937 0.984961 0.0803814 12.4831 -0.755544 0.168968 -0.632932 -154.564
-0.637303 0.0362663 0.769759 458.493 0.153475 0.984855 0.0806655 12.6851 -0.755176 0.169547 -0.633217 -156.371
-0.637677 0.0346357 0.769525 460.569 0.153435 0.984681 0.0828265 12.8266 -0.754868 0.170889 -0.633223 -157.998
-0.637471 0.033274 0.769755 462.628 0.156313 0.983876 0.0869202 12.9803 -0.754451 0.175732 -0.632393 -159.602
-0.636285 0.032058 0.770788 464.768 0.161188 0.982608 0.0921926 13.1878 -0.754427 0.182902 -0.630386 -161.364
-0.635241 0.030692 0.771704 466.961 0.164581 0.981638 0.0964365 13.4089 -0.754574 0.188268 -0.628628 -163.116
-0.633646 0.0276076 0.77313 469.162 0.15818 0.982874 0.0945443 13.6398 -0.757279 0.182201 -0.627161 -164.932
-0.63275 0.0267752 0.773893 471.341 0.150601 0.984574 0.0890701 13.8652 -0.75957 0.172908 -0.627022 -166.67
-0.630985 0.0250353 0.775391 473.638 0.146413 0.985361 0.0873314 14.0729 -0.761853 0.168632 -0.625414 -168.498
-0.627941 0.0251835 0.777853 475.817 0.145626 0.985625 0.08565 14.2679 -0.764515 0.167059 -0.622582 -170.273
-0.624833 0.0274948 0.780274 478.185 0.15048 0.984883 0.0857977 14.512 -0.766119 0.171025 -0.619525 -172.032
-0.622236 0.0271434 0.782359 480.328 0.150538 0.984895 0.0855574 14.7194 -0.768219 0.171011 -0.616924 -173.716
-0.619793 0.0280437 0.784264 482.573 0.149115 0.985363 0.0826088 14.913 -0.770469 0.168146 -0.614903 -175.475
-0.618562 0.0235642 0.785382 484.778 0.142677 0.986302 0.0827795 15.1128 -0.772673 0.163261 -0.613451 -177.191
-0.617711 0.0171542 0.786218 487.009 0.133515 0.987535 0.0833522 15.2973 -0.774989 0.156459 -0.612302 -178.904
-0.617332 0.0137706 0.786582 489.187 0.126325 0.988608 0.0818359 15.4764 -0.776494 0.149885 -0.612039 -180.598
-0.616586 0.0129749 0.787181 491.388 0.124448 0.9889 0.0811784 15.6695 -0.77739 0.148017 -0.611356 -182.292
-0.615254 0.0124275 0.788231 493.62 0.125578 0.988653 0.0824322 15.8604 -0.778263 0.149701 -0.609833 -184.009
-0.613871 0.0113921 0.789324 495.874 0.127633 0.988172 0.0850003 16.0636 -0.77902 0.152923 -0.608065 -185.718
-0.612534 0.00939284 0.790389 498.026 0.126376 0.988231 0.0861948 16.269 -0.780276 0.152683 -0.606512 -187.361
-0.611592 0.00902981 0.791122 500.225 0.12402 0.988667 0.0845917 16.4644 -0.781392 0.149851 -0.605781 -189.032
-0.610505 0.00993338 0.79195 502.402 0.122633 0.989048 0.0821306 16.665 -0.782461 0.14726 -0.605037 -190.671
-0.609181 0.0115078 0.792948 504.682 0.123493 0.989073 0.0805193 16.8569 -0.783357 0.146974 -0.603945 -192.273
-0.607805 0.0120838 0.793994 506.955 0.125995 0.988685 0.0814027 17.0433 -0.784027 0.149516 -0.60245 -193.969
-0.60657 0.0117827 0.794943 509.199 0.127425 0.988404 0.0825798 17.2439 -0.784752 0.151386 -0.601038 -195.676
-0.605716 0.0120043 0.795591 511.532 0.127916 0.98835 0.0824749 17.462 -0.785332 0.151725 -0.600194 -197.438
-0.604598 0.0108325 0.796457 513.72 0.127319 0.988366 0.0832064 17.6381 -0.78629 0.151711 -0.598943 -199.078
-0.603984 0.00971619 0.796937 516.107 0.12729 0.988266 0.084422 17.85 -0.786766 0.152432 -0.598134 -200.735
-0.602597 0.00901839 0.797995 518.265 0.126936 0.988289 0.0846854 18.0818 -0.787886 0.152326 -0.596684 -202.353
-0.601525 0.00989415 0.798793 520.487 0.126855 0.988419 0.0832843 18.295 -0.788718 0.151428 -0.595814 -204.021
-0.601345 0.0109873 0.798914 522.957 0.126813 0.988543 0.0818575 18.5285 -0.788862 0.150538 -0.595849 -205.839
-0.600046 0.0108309 0.799892 525.247 0.127435 0.988434 0.0822124 18.7444 -0.78975 0.151265 -0.594486 -207.546
-0.599632 0.00913071 0.800224 527.507 0.126494 0.988446 0.0835075 18.9236 -0.790216 0.151297 -0.593859 -209.198
-0.599559 0.0087391 0.800283 529.831 0.126063 0.988489 0.08365 19.1296 -0.79034 0.151039 -0.59376 -210.866
-0.599839 0.00861313 0.800074 532.111 0.126041 0.988475 0.083855 19.3421 -0.790131 0.151141 -0.594011 -212.572
-0.599873 0.00919333 0.800043 534.382 0.127014 0.988348 0.0838783 19.5307 -0.789949 0.151933 -0.594051 -214.258
-0.599631 0.00933429 0.800222 536.374 0.127285 0.988316 0.0838503 19.6859 -0.790089 0.152136 -0.593813 -215.777
-0.599657 0.00817149 0.800216 538.547 0.127544 0.988142 0.0854872 19.8731 -0.790028 0.153326 -0.593588 -217.406
-0.59958 0.00699972 0.800284 540.649 0.127591 0.988008 0.0869507 20.094 -0.790079 0.154243 -0.593283 -218.965
-0.599525 0.00688339 0.800327 542.887 0.127432 0.988028 0.0869614 20.3225 -0.790146 0.154123 -0.593224 -220.592
-0.599628 0.00675677 0.800251 545.44 0.126892 0.988117 0.0867368 20.5515 -0.790155 0.153555 -0.59336 -222.467
-0.599328 0.00811398 0.800463 547.604 0.12751 0.988149 0.0854536 20.7702 -0.790283 0.153282 -0.59326 -224.083
-0.59935 0.00843294 0.800443 549.718 0.128096 0.988069 0.085505 20.9606 -0.790172 0.153781 -0.593279 -225.667
-0.598873 0.0088141 0.800795 552.006 0.128688 0.988004 0.0853643 21.2094 -0.790437 0.154175 -0.592824 -227.364
-0.598954 0.00886357 0.800734 554.295 0.128267 0.98809 0.0850071 21.4141 -0.790444 0.153623 -0.592958 -229.054
-0.598906 0.00813166 0.800778 556.801 0.126653 0.988325 0.0846883 21.6208 -0.790741 0.152141 -0.592944 -230.697
-0.598445 0.00679292 0.801135 558.809 0.126224 0.988275 0.0859091 21.7695 -0.791158 0.152534 -0.592286 -232.199
-0.597751 0.00601476 0.801659 561.08 0.12653 0.988146 0.0869322 21.9862 -0.791634 0.153398 -0.591427 -233.853
-0.597076 0.00498286 0.802169 563.368 0.126812 0.987993 0.0882524 22.2082 -0.792098 0.154418 -0.590539 -235.543
-0.596454 0.00652666 0.802621 565.472 0.128044 0.987935 0.0871202 22.4252 -0.792368 0.154734 -0.590093 -237.125
-0.595848 0.00714682 0.803065 567.676 0.129104 0.987807 0.0870002 22.628 -0.792652 0.155518 -0.589506 -238.734
-0.595392 0.00778237 0.803398 569.86 0.130587 0.987594 0.08721 22.8019 -0.792752 0.156837 -0.589021 -240.243
-0.594751 0.00670626 0.803882 572.166 0.129981 0.98761 0.0879272 23.0225 -0.793332 0.156784 -0.588254 -241.952
-0.594893 0.00624467 0.803781 574.433 0.129667 0.987619 0.0882958 23.2079 -0.793277 0.15675 -0.588337 -243.55
-0.595088 0.00655766 0.803634 576.593 0.129911 0.9876 0.08814 23.3922 -0.793091 0.156852 -0.588561 -245.134
-0.594792 0.00543209 0.803862 578.666 0.129951 0.987474 0.0894805 23.5704 -0.793307 0.157685 -0.588047 -246.677
-0.59496 0.00454803 0.803742 580.977 0.130302 0.987302 0.0908678 23.7998 -0.793123 0.158792 -0.587998 -248.349
-0.595355 0.00328621 0.803456 583.16 0.128931 0.987423 0.0914984 24.0056 -0.793051 0.158065 -0.588291 -249.924
-0.59511 0.00445169 0.803632 585.363 0.127907 0.987763 0.0892467 24.2238 -0.7934 0.155902 -0.588397 -251.578
-0.595509 0.00672356 0.80332 587.58 0.12793 0.987998 0.0865667 24.4284 -0.793097 0.15432 -0.589222 -253.175
-0.595605 0.00684537 0.803248 589.867 0.127894 0.988016 0.0864126 24.6385 -0.793031 0.154198 -0.589343 -254.807
-0.595547 0.00484286 0.803306 592.055 0.128759 0.987629 0.0895041 24.8342 -0.792935 0.156737 -0.588802 -256.39
-0.595244 0.00410274 0.803534 594.398 0.130415 0.987222 0.0915688 25.0907 -0.792891 0.159299 -0.588173 -258.138
-0.595222 0.0048359 0.803547 596.753 0.131144 0.987159 0.0912029 25.3319 -0.792787 0.159666 -0.588213 -259.868
-0.594965 0.00621485 0.803727 599.181 0.131864 0.987176 0.0899798 25.5998 -0.792861 0.159517 -0.588155 -261.627
-0.594905 0.00736784 0.803762 601.484 0.133338 0.987008 0.0896429 25.8121 -0.792659 0.160501 -0.588159 -263.282
-0.594524 0.00799902 0.804038 603.736 0.134883 0.986773 0.0899185 26.053 -0.792684 0.16191 -0.587739 -264.957
-0.594232 0.00738747 0.80426 606.183 0.135835 0.986516 0.0913005 26.3034 -0.792741 0.1635 -0.587222 -266.755
-0.59451 0.0060368 0.804066 608.689 0.135254 0.986475 0.0925979 26.506 -0.792631 0.163804 -0.587286 -268.482
-0.594595 0.00610371 0.804002 610.957 0.135731 0.986381 0.0928911 26.7191 -0.792486 0.164361 -0.587326 -270.124
-0.594198 0.00711778 0.804288 613.505 0.137634 0.986112 0.0929553 26.9952 -0.792456 0.165931 -0.586925 -271.949
-0.593631 0.00636607 0.804712 615.901 0.138277 0.985903 0.0942065 27.2294 -0.792768 0.167197 -0.586143 -273.71
-0.593604 0.00460934 0.804744 618.49 0.13662 0.986046 0.0951273 27.4768 -0.793076 0.166412 -0.58595 -275.505
-0.593373 0.00336043 0.80492 620.75 0.134886 0.986266 0.0953178 27.7086 -0.793545 0.165131 -0.585677 -277.111
-0.592828 0.00449509 0.805316 623.211 0.135048 0.986379 0.0939088 27.9618 -0.793925 0.164428 -0.58536 -278.869
-0.591721 0.00651214 0.806117 625.504 0.137119 0.986209 0.0926839 28.2097 -0.794396 0.165377 -0.584453 -280.564
-0.590844 0.00734148 0.806753 628.224 0.138354 0.986068 0.0923532 28.4638 -0.794835 0.166184 -0.583627 -282.474
-0.590357 0.00661606 0.807115 630.544 0.138605 0.985943 0.0932991 28.6965 -0.795153 0.16695 -0.582975 -283.909
-0.589113 0.00544708 0.808033 632.554 0.139436 0.985662 0.0950143 28.8594 -0.79593 0.168643 -0.581426 -285.472
-0.588626 0.00655993 0.808379 634.703 0.139749 0.985738 0.0937603 29.0666 -0.796235 0.16816 -0.581148 -286.985
-0.587552 0.00697586 0.809157 637.015 0.140265 0.985703 0.0933523 29.2559 -0.796937 0.168345 -0.58013 -288.722
-0.586593 0.00702909 0.809852 639.173 0.140185 0.98575 0.0929828 29.4731 -0.797657 0.168072 -0.579219 -290.315
-0.585643 0.00618753 0.810546 641.797 0.139658 0.985787 0.093382 29.791 -0.798447 0.167888 -0.578183 -292.325
-0.585152 0.00599297 0.810902 644.504 0.13959 0.98579 0.0934436 30.0705 -0.798819 0.167872 -0.577674 -294.211
-0.584236 0.00557878 0.811564 646.809 0.139008 0.985887 0.0932932 30.3133 -0.79959 0.167319 -0.576767 -295.85
-0.5835 0.00477219 0.812099 649.002 0.13747 0.986132 0.0929785 30.5467 -0.800393 0.165892 -0.576065 -297.444
-0.583929 0.00532762 0.811788 651.158 0.136605 0.986364 0.0917885 30.7097 -0.800229 0.164492 -0.576694 -298.868
-0.583553 0.00531643 0.812058 653.258 0.137473 0.986193 0.0923328 30.9038 -0.800354 0.165517 -0.576227 -300.496
-0.583538 0.00420302 0.812075 655.511 0.137969 0.985962 0.0940382 31.1141 -0.80028 0.166916 -0.575927 -302.083
-0.583465 0.00199751 0.812136 657.735 0.135717 0.986175 0.0950777 31.3137 -0.800718 0.165695 -0.575669 -303.63
-0.583517 0.00255063 0.812097 659.969 0.135023 0.986381 0.0939203 31.5384 -0.800798 0.164456 -0.575914 -305.221
-0.583071 0.00445493 0.812409 662.259 0.135523 0.986507 0.0918564 31.7755 -0.801038 0.163659 -0.575807 -306.871
-0.582528 0.00605118 0.812788 664.422 0.136329 0.986534 0.0903628 31.9858 -0.801296 0.163446 -0.575508 -308.396
-0.582611 0.00658652 0.812724 667.087 0.137152 0.986423 0.0903251 32.2972 -0.801095 0.164092 -0.575605 -310.342
-0.582646 0.00568428 0.812706 669.321 0.137772 0.986194 0.0918736 32.497 -0.800964 0.165498 -0.575385 -311.919
-0.582531 0.00535078 0.812791 671.631 0.139101 0.985882 0.0932038 32.7171 -0.800818 0.167354 -0.575051 -313.543
-0.582038 0.00591218 0.81314 673.914 0.140394 0.985688 0.0933257 32.9519 -0.800951 0.168479 -0.574537 -315.152
-0.58168 0.00621453 0.813394 676.247 0.140444 0.98572 0.0929044 33.1695 -0.801202 0.168277 -0.574246 -316.814
-0.581255 0.00687869 0.813692 678.651 0.14045 0.985805 0.0919957 33.4246 -0.801509 0.167756 -0.57397 -318.546
-0.580938 0.00738288 0.813914 680.929 0.141312 0.985688 0.0919218 33.6698 -0.801587 0.168417 -0.573667 -320.157
-0.580083 0.00682894 0.814529 683.109 0.141414 0.985624 0.0924478 33.8746 -0.802188 0.168814 -0.57271 -321.69
-0.579906 0.00659216 0.814657 685.337 0.140919 0.985706 0.0923353 34.1097 -0.802403 0.168346 -0.572545 -323.266
-0.579549 0.00632908 0.814913 687.572 0.140565 0.985759 0.0923108 34.3147 -0.802723 0.168047 -0.572185 -324.79
-0.579212 0.00766571 0.815141 690.02 0.141004 0.985825 0.0909218 34.5476 -0.802889 0.167601 -0.572083 -326.532
-0.578151 0.0074324 0.815896 692.334 0.140792 0.985868 0.0907859 34.778 -0.803691 0.16736 -0.571027 -328.157
-0.577357 0.0073119 0.816459 694.633 0.141923 0.985637 0.0915337 34.9906 -0.804063 0.168722 -0.570102 -329.755
-0.576437 0.00692878 0.817112 696.984 0.141969 0.985606 0.0917953 35.2192 -0.804714 0.168919 -0.569123 -331.427
-0.576196 0.00857266 0.817267 699.878 0.142928 0.985593 0.0904299 35.4841 -0.804717 0.168916 -0.56912 -333.543
-0.57627 0.00993969 0.817199 702.362 0.1434 0.985643 0.0891336 35.6984 -0.804581 0.168551 -0.569421 -335.136
-0.575381 0.010511 0.817818 704.67 0.144591 0.985475 0.089062 35.9373 -0.805003 0.169494 -0.568543 -336.709
-0.574353 0.00982277 0.818548 707.054 0.14549 0.985234 0.0902634 36.1694 -0.805575 0.170934 -0.567301 -338.408
-0.573166 0.0104189 0.819373 709.411 0.146341 0.985146 0.0898413 36.4363 -0.806266 0.171402 -0.566177 -340.064
-0.572761 0.009803 0.819663 711.773 0.146 0.98516 0.0902389 36.6558 -0.806615 0.171356 -0.565693 -341.721
-0.572215 0.0098045 0.820045 714.02 0.146214 0.985128 0.0902475 36.8611 -0.806964 0.171543 -0.565139 -343.28
-0.571883 0.00964042 0.820278 716.264 0.145745 0.985217 0.0900317 37.0464 -0.807284 0.171039 -0.564834 -344.77
-0.57076 0.0108678 0.821045 718.661 0.146093 0.985303 0.0885161 37.2733 -0.808016 0.17047 -0.563959 -346.492
-0.570445 0.0119607 0.821249 721 0.146654 0.985309 0.0875169 37.4959 -0.808137 0.170363 -0.563819 -348.049
-0.569658 0.0118563 0.821797 723.362 0.146537 0.98534 0.0873614 37.7058 -0.808713 0.17019 -0.563044 -349.691
-0.56965 0.0114246 0.821808 725.588 0.146183 0.985369 0.0876309 37.9203 -0.808783 0.170053 -0.562985 -351.176
-0.569875 0.0114437 0.821652 727.983 0.146148 0.985373 0.0876402 38.1409 -0.808631 0.170027 -0.563212 -352.809
-0.570116 0.0104995 0.821497 730.255 0.14512 0.985482 0.0881177 38.342 -0.808645 0.169453 -0.563363 -354.36
-0.570456 0.0106813 0.821259 732.552 0.144713 0.985579 0.0877009 38.5301 -0.808479 0.168876 -0.563775 -355.955
