0.999995 -0.0025616 -0.00158292 -0.00319185 0.00256686 0.999991 0.00333196 -0.0264569 0.00157437 -0.00333601 0.999993 1.62685
0.999988 -0.00366498 -0.00325754 -0.0102678 0.00367848 0.999985 0.00414724 -0.0386628 0.00324229 -0.00415917 0.999986 3.23527
0.999986 -0.00253991 -0.00454893 -0.0289626 0.00255726 0.999989 0.00381309 -0.0511175 0.0045392 -0.00382467 0.999982 4.85884
0.999977 -0.00257261 -0.0062257 -0.046293 0.00259564 0.99999 0.00369336 -0.0649725 0.00621614 -0.00370943 0.999974 6.45113
0.999969 -0.0024028 -0.00751682 -0.0680482 0.00243257 0.999989 0.00395294 -0.0798725 0.00750724 -0.0039711 0.999964 8.06
0.999953 -0.00304114 -0.00916583 -0.0880596 0.0030807 0.999986 0.0043053 -0.0956987 0.00915261 -0.00433334 0.999949 9.6626
0.999929 -0.00496209 -0.0108639 -0.106946 0.00500398 0.99998 0.00383158 -0.115728 0.0108447 -0.00388567 0.999934 11.2578
0.999906 -0.00614965 -0.0122228 -0.12928 0.00619889 0.999973 0.00399481 -0.132297 0.0121979 -0.00407021 0.999917 12.8528
0.999886 -0.00657069 -0.0135757 -0.152635 0.00662602 0.99997 0.0040348 -0.148597 0.0135488 -0.00412429 0.9999 14.4453
0.999869 -0.00672027 -0.0147537 -0.189725 0.00678494 0.999968 0.00433809 -0.170544 0.014724 -0.00443762 0.999882 16.0421
0.999871 -0.00549815 -0.0150755 -0.228336 0.00557454 0.999972 0.0050301 -0.194239 0.0150474 -0.00511349 0.999874 17.6358
0.99987 -0.00423802 -0.0155538 -0.265579 0.00432476 0.999975 0.00554758 -0.202796 0.0155299 -0.00561412 0.999864 19.207
0.999862 -0.00320948 -0.0162857 -0.294938 0.0033158 0.999973 0.00650506 -0.209584 0.0162644 -0.00655817 0.999846 20.7915
0.999853 -0.00352173 -0.0167621 -0.324199 0.0036308 0.999972 0.00648078 -0.224946 0.0167389 -0.00654068 0.999839 22.3619
0.999844 -0.00326723 -0.0173651 -0.355532 0.00338378 0.999972 0.00668672 -0.237414 0.0173428 -0.00674443 0.999827 23.9298
0.999841 -0.00301567 -0.0175705 -0.390389 0.00314762 0.999967 0.00748651 -0.249851 0.0175474 -0.00754063 0.999818 25.4871
0.999845 -0.00216852 -0.0174495 -0.434926 0.00232228 0.999959 0.00879642 -0.266914 0.0174297 -0.00883558 0.999809 27.0089
0.999842 -0.00254413 -0.0175853 -0.46158 0.00267596 0.999968 0.00747698 -0.279055 0.0175657 -0.00752286 0.999817 28.5321
0.999842 -0.00245018 -0.0175958 -0.501583 0.00254758 0.999982 0.00551512 -0.291049 0.0175819 -0.00555908 0.99983 30.0705
0.999842 -0.00422387 -0.0172464 -0.528332 0.00431949 0.999975 0.00551069 -0.306229 0.0172227 -0.00558432 0.999836 31.6017
0.999837 -0.00530205 -0.0172526 -0.557612 0.00544267 0.999952 0.0081139 -0.311484 0.0172088 -0.00820648 0.999818 33.1735
0.999829 -0.00713094 -0.017073 -0.591087 0.00729244 0.999929 0.00941583 -0.31941 0.0170046 -0.00953872 0.99981 34.6496
0.999821 -0.00820409 -0.0170315 -0.617732 0.00835466 0.999926 0.0087879 -0.331579 0.0169582 -0.00892862 0.999816 36.138
0.999831 -0.00813354 -0.0165046 -0.648692 0.00824959 0.999942 0.0069753 -0.34546 0.0164469 -0.00711027 0.999839 37.6331
0.999845 -0.00722422 -0.0160822 -0.681413 0.00732738 0.999953 0.0063646 -0.357363 0.0160354 -0.00648145 0.99985 39.0829
0.999859 -0.00711584 -0.0152073 -0.717765 0.00719641 0.99996 0.00525012 -0.370507 0.0151694 -0.00535882 0.999871 40.531
0.999883 -0.00670052 -0.0137225 -0.754107 0.00678876 0.999957 0.00639365 -0.385515 0.0136791 -0.00648606 0.999885 41.9841
0.999902 -0.00628942 -0.0124789 -0.772828 0.00639641 0.999943 0.00855236 -0.39996 0.0124244 -0.00863134 0.999886 43.4113
0.999911 -0.00753475 -0.0109801 -0.792719 0.00764346 0.999922 0.00989204 -0.419534 0.0109047 -0.00997509 0.999891 44.8203
0.999935 -0.00737295 -0.00873181 -0.81818 0.00746795 0.999913 0.0108979 -0.438007 0.0086507 -0.0109624 0.999902 46.2071
0.999949 -0.00839669 -0.00559162 -0.82842 0.00845451 0.99991 0.0103977 -0.448751 0.00550381 -0.0104444 0.99993 47.5541
0.999956 -0.00918268 -0.00188211 -0.83677 0.00919855 0.999921 0.00860349 -0.459577 0.00180296 -0.00862042 0.999961 48.8747
0.999955 -0.00924978 0.00186173 -0.853729 0.00923722 0.999935 0.00664199 -0.462421 -0.00192305 -0.00662449 0.999976 50.2154
0.999943 -0.00883219 0.00600369 -0.853545 0.00878726 0.999934 0.00746848 -0.475244 -0.00606926 -0.00741529 0.999954 51.5127
0.999896 -0.00854161 0.0116581 -0.852775 0.00845579 0.999937 0.00739088 -0.486905 -0.0117204 -0.00729153 0.999905 52.8031
0.999813 -0.00726936 0.0179251 -0.833832 0.00715535 0.999954 0.00641669 -0.499682 -0.0179709 -0.00628723 0.999819 54.0668
0.999659 -0.0053571 0.0255673 -0.817321 0.00519194 0.999965 0.00652161 -0.508503 -0.0256013 -0.00638664 0.999652 55.3644
0.999413 -0.00501715 0.033877 -0.781028 0.0047558 0.999958 0.00779073 -0.523375 -0.0339147 -0.00762504 0.999396 56.6352
0.999025 -0.00304579 0.0440421 -0.732128 0.00266696 0.999959 0.00865776 -0.541619 -0.0440667 -0.00853187 0.998992 57.9124
0.998381 -0.00145905 0.0568665 -0.674765 0.000967869 0.999962 0.00866396 -0.555623 -0.056877 -0.00859489 0.998344 59.1463
0.997449 0.000963738 0.0713817 -0.593601 -0.00163046 0.999956 0.00928251 -0.564703 -0.0713696 -0.00937521 0.997406 60.3732
0.996164 0.00257206 0.0874656 -0.496804 -0.00351965 0.999937 0.0106813 -0.577234 -0.0874326 -0.0109482 0.99611 61.5815
0.994465 0.00278925 0.105031 -0.380921 -0.00403538 0.999924 0.0116537 -0.581539 -0.104991 -0.012013 0.994401 62.7782
0.99225 0.00117904 0.12425 -0.248959 -0.00258197 0.999935 0.0111307 -0.593248 -0.124229 -0.0113653 0.992188 63.9383
0.989468 -0.000301817 0.144752 -0.0951226 -0.00126121 0.999942 0.010706 -0.604657 -0.144747 -0.0107758 0.98941 65.0781
0.986158 -0.00344007 0.165775 0.0924464 0.00168389 0.999941 0.0107331 -0.611229 -0.165802 -0.0103054 0.986105 66.2125
0.982319 -0.00912044 0.186991 0.308237 0.00675447 0.999889 0.0132861 -0.620655 -0.187092 -0.0117882 0.982272 67.3159
0.977567 -0.0151252 0.210081 0.549849 0.0122557 0.999813 0.0149546 -0.624576 -0.210268 -0.0120444 0.97757 68.4328
0.972051 -0.0202841 0.23389 0.811412 0.0172425 0.999738 0.0150419 -0.630368 -0.234134 -0.0105886 0.972147 69.5069
0.965567 -0.0269668 0.258753 1.10176 0.0242534 0.999612 0.0136735 -0.635596 -0.259021 -0.00692702 0.965847 70.5587
0.958055 -0.0307713 0.284927 1.40859 0.0275982 0.999504 0.015146 -0.646291 -0.285252 -0.00664721 0.95843 71.5935
0.949516 -0.0338371 0.311887 1.7505 0.0297791 0.999399 0.0177661 -0.646775 -0.312301 -0.00758152 0.949953 72.6182
0.939906 -0.038919 0.339207 2.11779 0.0336376 0.999204 0.0214377 -0.64885 -0.339772 -0.00873928 0.940467 73.614
0.928995 -0.0423704 0.367659 2.51647 0.0369811 0.99908 0.0216946 -0.648957 -0.36824 -0.00655773 0.929708 74.6048
0.916995 -0.0420981 0.396671 2.93189 0.0379551 0.999112 0.0182925 -0.645471 -0.397088 -0.0017185 0.917779 75.562
0.903969 -0.0436713 0.425362 3.37426 0.0421023 0.999027 0.0130939 -0.641558 -0.42552 0.00607222 0.904929 76.487
0.889899 -0.0457215 0.45386 3.85051 0.0455882 0.998897 0.0112418 -0.642396 -0.453874 0.0106866 0.891002 77.399
0.874241 -0.0467292 0.483238 4.34466 0.0450262 0.998871 0.0151326 -0.644192 -0.4834 0.00852886 0.875358 78.2944
0.856704 -0.0462882 0.513728 4.87022 0.0411783 0.998924 0.0213358 -0.642014 -0.514162 0.00287596 0.857688 79.1807
0.837312 -0.0466825 0.544728 5.42811 0.039199 0.99891 0.0253518 -0.640448 -0.545318 0.00012549 0.838229 80.0312
0.816496 -0.0409296 0.575899 5.99932 0.0353735 0.999156 0.0208592 -0.633235 -0.576267 0.00334011 0.817255 80.8512
0.794717 -0.0343528 0.606007 6.60012 0.0322887 0.999376 0.0143084 -0.624242 -0.606121 0.00819608 0.79533 81.6441
0.772465 -0.0325771 0.634222 7.23626 0.0315404 0.999419 0.0129203 -0.620415 -0.634274 0.0100232 0.773043 82.4162
0.749255 -0.0353656 0.661337 7.89451 0.0325546 0.999333 0.0165579 -0.621633 -0.661481 0.0091235 0.749906 83.156
0.724821 -0.035854 0.688004 8.55945 0.0325268 0.999312 0.0178098 -0.625932 -0.688169 0.00946961 0.725489 83.8602
0.699719 -0.0342997 0.713595 9.25304 0.0329848 0.999333 0.0156905 -0.627378 -0.713657 0.0125588 0.700383 84.533
0.673703 -0.0321888 0.738301 9.97592 0.032673 0.999371 0.0137568 -0.623548 -0.73828 0.0148545 0.674331 85.1863
0.646929 -0.0298945 0.761964 10.7076 0.0307988 0.99944 0.0130625 -0.617106 -0.761928 0.0150171 0.647488 85.8091
0.619326 -0.0288243 0.784605 11.4729 0.0306749 0.999451 0.012504 -0.616634 -0.784535 0.0163236 0.61987 86.4049
0.590869 -0.0229964 0.80644 12.2573 0.0293165 0.999546 0.00702314 -0.624876 -0.806235 0.0194923 0.591274 86.9767
0.561246 -0.0136779 0.827536 13.0617 0.0277063 0.999614 -0.0022687 -0.626162 -0.827185 0.0242012 0.561408 87.5205
0.530758 -0.00489398 0.84751 13.8976 0.0261664 0.999601 -0.0106146 -0.622887 -0.84712 0.0278101 0.530674 88.0438
0.499173 -0.000206503 0.866502 14.7446 0.0231762 0.999645 -0.0131131 -0.638501 -0.866192 0.026628 0.499001 88.5373
0.466908 -0.0010636 0.884305 15.6171 0.0211575 0.999726 -0.0099686 -0.65812 -0.884053 0.0233641 0.466803 89.0032
0.434025 -0.00242725 0.900898 16.5134 0.0161295 0.999857 -0.00507682 -0.674085 -0.900757 0.0167345 0.434002 89.4414
0.399971 -0.00138354 0.916527 17.4192 0.0115846 0.999927 -0.00354605 -0.693104 -0.916455 0.0120359 0.399958 89.8473
0.365105 0.00129988 0.930966 18.3473 0.00436965 0.999986 -0.00310993 -0.709889 -0.930956 0.00520344 0.365094 90.2233
0.329873 0.00317345 0.94402 19.2951 -0.0012801 0.999995 -0.0029143 -0.72308 -0.944024 -0.000247093 0.329875 90.5581
0.294035 0.00234708 0.955792 20.2626 -0.00431499 0.99999 -0.00112817 -0.739135 -0.955785 -0.00379251 0.294042 90.8651
0.257675 0.00186377 0.96623 21.2516 -0.00589667 0.999983 -0.000356352 -0.753127 -0.966214 -0.00560572 0.257681 91.1385
0.222124 0.00105592 0.975018 22.2714 -0.00558713 0.999984 0.000189882 -0.765089 -0.975002 -0.00548973 0.222127 91.3615
0.187058 -0.000350624 0.982349 23.2789 -0.00391017 0.999992 0.00110149 -0.773317 -0.982341 -0.00404719 0.187055 91.5474
0.152301 -0.00146485 0.988333 24.2943 0.00325803 0.999994 0.000980077 -0.784206 -0.988329 0.00307075 0.152305 91.6941
0.118873 0.00162438 0.992908 25.3153 0.00540661 0.999983 -0.00228324 -0.801644 -0.992895 0.00563968 0.118862 91.8072
0.0861259 0.00687192 0.996261 26.3374 0.00542403 0.999958 -0.00736632 -0.808959 -0.996269 0.00603818 0.0860851 91.901
0.0572368 0.0109129 0.998301 27.3724 0.0122048 0.999858 -0.0116297 -0.820262 -0.998286 0.0128497 0.0570954 91.951
0.0322658 0.00943397 0.999435 28.4229 0.0138315 0.999855 -0.00988447 -0.830167 -0.999384 0.0141426 0.0321306 91.9702
0.00987179 0.00636018 0.999931 29.4785 0.0156588 0.999856 -0.0065143 -0.848641 -0.999829 0.015722 0.00977078 91.9811
-0.00876092 0.00378636 0.999954 30.5304 0.0155786 0.999872 -0.00364956 -0.866868 -0.99984 0.0155459 -0.00881879 91.9698
-0.0251751 0.0066695 0.999661 31.5857 0.0172334 0.999832 -0.00623664 -0.885931 -0.999535 0.0170706 -0.0252858 91.9389
-0.0397532 0.0112074 0.999147 32.6447 0.0202193 0.999741 -0.0104096 -0.900938 -0.999005 0.0197883 -0.0399695 91.8911
-0.0513891 0.0164812 0.998543 33.7021 0.0245528 0.999582 -0.0152348 -0.92112 -0.998377 0.0237342 -0.0517724 91.8255
-0.0601776 0.0200094 0.997987 34.7643 0.0299495 0.999385 -0.0182315 -0.946192 -0.997738 0.0287921 -0.0607399 91.7556
-0.0663664 0.0252481 0.997476 35.8408 0.0335913 0.99917 -0.023056 -0.976138 -0.99723 0.0319763 -0.0671594 91.6821
-0.0699675 0.0299394 0.9971 36.9037 0.035673 0.998985 -0.0274928 -1.00949 -0.996911 0.0336459 -0.0709646 91.607
-0.0725998 0.0341977 0.996775 37.9636 0.0380608 0.998779 -0.0314943 -1.04526 -0.996635 0.0356516 -0.0738128 91.527
-0.0752103 0.037098 0.996477 39.0379 0.0384469 0.998673 -0.0342779 -1.08778 -0.996426 0.0357334 -0.0765368 91.4446
-0.0778339 0.0401909 0.996156 40.0956 0.0396392 0.998522 -0.0371892 -1.1355 -0.996178 0.0365922 -0.0793119 91.3661
-0.0796847 0.0443432 0.995833 41.1794 0.0409339 0.998313 -0.0411782 -1.17508 -0.995979 0.0374821 -0.0813654 91.2771
-0.0818194 0.0457336 0.995597 42.2645 0.0434887 0.998159 -0.0422773 -1.22422 -0.995698 0.0398381 -0.0836577 91.18
-0.0838674 0.0443352 0.99549 43.3546 0.043703 0.998212 -0.0407746 -1.27763 -0.995518 0.0400862 -0.0856551 91.0915
-0.0859533 0.0436361 0.995343 44.439 0.0437189 0.998243 -0.0399879 -1.33912 -0.995339 0.0400782 -0.0877101 90.9945
-0.0884318 0.0451347 0.995059 45.5378 0.0430878 0.998211 -0.0414484 -1.38564 -0.99515 0.0392096 -0.0902183 90.899
-0.0907827 0.0474659 0.994739 46.632 0.041873 0.998162 -0.0438078 -1.43639 -0.99499 0.0376757 -0.0926034 90.8045
-0.0934925 0.049978 0.994365 47.7193 0.0403073 0.99811 -0.0463764 -1.48618 -0.994804 0.0357443 -0.0953303 90.7098
-0.095563 0.0539487 0.99396 48.8434 0.0382108 0.997993 -0.0504938 -1.53835 -0.99469 0.0331547 -0.0974326 90.5923
-0.0977803 0.0582603 0.993501 49.9502 0.034494 0.997884 -0.0551224 -1.6013 -0.99461 0.02888 -0.099583 90.4906
-0.10025 0.060603 0.993115 51.0541 0.0330218 0.997796 -0.0575553 -1.66812 -0.994414 0.0270245 -0.10203 90.3879
-0.102868 0.05905 0.992941 52.1654 0.0313747 0.997932 -0.0560965 -1.74055 -0.9942 0.0253826 -0.104508 90.2748
-0.10576 0.0545959 0.992892 53.2898 0.0284471 0.998249 -0.0518604 -1.81719 -0.993985 0.0227601 -0.107128 90.1582
-0.10792 0.0529858 0.992747 54.4054 0.0287357 0.998328 -0.0501598 -1.88303 -0.993744 0.0231141 -0.109262 90.0435
-0.10979 0.0534743 0.992515 55.5407 0.0281046 0.99832 -0.0506781 -1.94968 -0.993557 0.0223303 -0.111108 89.9218
-0.111186 0.0563855 0.992199 56.6667 0.0295538 0.998135 -0.053411 -2.01242 -0.99336 0.0233847 -0.112645 89.7984
-0.111742 0.0591526 0.991975 57.7984 0.0302644 0.997966 -0.0561007 -2.0813 -0.993276 0.0237528 -0.113305 89.664
-0.112005 0.0599508 0.991898 58.9268 0.0295033 0.997939 -0.0569844 -2.15261 -0.99327 0.0228817 -0.113543 89.5381
-0.111673 0.0586735 0.992011 60.0699 0.0261581 0.998083 -0.056088 -2.22481 -0.993401 0.0196856 -0.112993 89.4138
-0.112399 0.0579213 0.991974 61.192 0.022321 0.998195 -0.0557554 -2.30184 -0.993412 0.015875 -0.113489 89.3126
-0.1123 0.0590149 0.99192 62.3318 0.0185444 0.998185 -0.0572881 -2.37554 -0.993501 0.0119611 -0.11319 89.1921
-0.112643 0.059087 0.991877 63.4845 0.0147988 0.998219 -0.0577841 -2.45617 -0.993525 0.00816959 -0.113317 89.0791
-0.112959 0.0584048 0.991882 64.632 0.0120426 0.998278 -0.05741 -2.53351 -0.993527 0.0054599 -0.113468 88.9599
-0.113243 0.053092 0.992148 65.7923 0.0124715 0.998569 -0.0520121 -2.61045 -0.993489 0.0064836 -0.113743 88.8312
-0.113628 0.0442295 0.992538 66.9537 0.0159024 0.998962 -0.0426952 -2.67952 -0.993396 0.0109323 -0.114214 88.7024
-0.113601 0.0387028 0.992772 68.1221 0.0215736 0.999101 -0.0364809 -2.73984 -0.993292 0.0172734 -0.114334 88.5665
-0.113271 0.0410257 0.992717 69.2824 0.0300066 0.998833 -0.0378547 -2.79118 -0.993111 0.0255003 -0.114369 88.4357
-0.11189 0.0463299 0.99264 70.4312 0.0362362 0.998438 -0.042516 -2.85271 -0.99306 0.0312124 -0.113394 88.2944
-0.110904 0.05188 0.992476 71.6144 0.0395528 0.998076 -0.0477529 -2.91376 -0.993044 0.0339592 -0.112743 88.1577
-0.110039 0.056346 0.992329 72.8022 0.0410263 0.997798 -0.0521071 -2.97482 -0.99308 0.0349778 -0.112109 88.023
-0.109852 0.0533796 0.992514 73.997 0.0378457 0.998057 -0.049489 -3.04433 -0.993227 0.0321259 -0.111659 87.8959
-0.10967 0.0484165 0.992788 75.2023 0.0372211 0.998312 -0.0445742 -3.11652 -0.993271 0.0320642 -0.111287 87.764
-0.109562 0.0459584 0.992917 76.4129 0.0354066 0.998477 -0.0423089 -3.18458 -0.993349 0.0305203 -0.111023 87.6344
-0.109413 0.0469044 0.992889 77.6102 0.0332261 0.9985 -0.0435081 -3.23558 -0.993441 0.0282295 -0.110808 87.5098
-0.109124 0.0518463 0.992675 78.8107 0.0346826 0.998229 -0.0483237 -3.30446 -0.993423 0.0291552 -0.110729 87.3857
-0.10838 0.054274 0.992627 80.0125 0.034721 0.998106 -0.0507826 -3.37063 -0.993503 0.0289612 -0.11006 87.2607
-0.108173 0.0529153 0.992723 81.2274 0.0351377 0.998162 -0.0493764 -3.44149 -0.993511 0.0295408 -0.109833 87.1326
-0.107406 0.04609 0.993146 82.4556 0.0368152 0.998424 -0.0423535 -3.50893 -0.993533 0.0320139 -0.108933 86.9975
-0.10825 0.0440986 0.993145 83.6923 0.0357896 0.998541 -0.0404372 -3.57898 -0.993479 0.0311669 -0.10967 86.8728
-0.107572 0.0473227 0.99307 84.9035 0.0334112 0.998474 -0.043961 -3.63503 -0.993636 0.0284507 -0.108989 86.7545
-0.107537 0.0502064 0.992933 86.137 0.0328058 0.998359 -0.0469279 -3.69852 -0.99366 0.0275275 -0.109008 86.6342
-0.107274 0.0494589 0.992998 87.3828 0.0321866 0.998411 -0.0462513 -3.7659 -0.993708 0.0269997 -0.108696 86.5021
-0.106894 0.0458276 0.993214 88.6489 0.031932 0.99858 -0.0426386 -3.82932 -0.993758 0.0271575 -0.108206 86.3688
-0.105639 0.0446439 0.993402 89.9106 0.03335 0.998589 -0.0413306 -3.89445 -0.993845 0.0287639 -0.106978 86.227
-0.103965 0.0449425 0.993565 91.1818 0.0356158 0.998506 -0.0414392 -3.96036 -0.993943 0.0310784 -0.10541 86.081
-0.102809 0.0450522 0.99368 92.4564 0.0378393 0.998428 -0.0413525 -4.01676 -0.993981 0.0333487 -0.104352 85.9393
-0.10143 0.0445477 0.993845 93.7348 0.0375514 0.998456 -0.040922 -4.07439 -0.994134 0.0331696 -0.102946 85.8037
-0.0998717 0.0450496 0.99398 95.0137 0.0391925 0.998377 -0.041311 -4.13715 -0.994228 0.0348307 -0.101475 85.6732
-0.0987671 0.0430995 0.994177 96.3069 0.0397985 0.998433 -0.0393303 -4.20389 -0.994314 0.0356822 -0.100328 85.5475
-0.0974388 0.0424026 0.994338 97.5984 0.0384332 0.998507 -0.0388142 -4.26103 -0.994499 0.0344336 -0.098923 85.4226
-0.0962414 0.0417391 0.994482 98.8881 0.0395199 0.998493 -0.0380829 -4.31916 -0.994573 0.0356367 -0.0977459 85.3063
-0.0947571 0.0422801 0.994602 100.183 0.038121 0.998519 -0.0388148 -4.3859 -0.99477 0.0342373 -0.0962286 85.1972
-0.0930322 0.0448481 0.994653 101.481 0.03857 0.998398 -0.0414094 -4.44463 -0.994916 0.0345113 -0.0946129 85.0789
-0.0917961 0.0435142 0.994827 102.775 0.0368912 0.998508 -0.0402711 -4.50925 -0.995094 0.0330036 -0.0932644 84.9678
-0.091113 0.0423299 0.994941 104.087 0.0333526 0.998665 -0.0394341 -4.56911 -0.995282 0.0295909 -0.0924032 84.8514
-0.0909202 0.0432984 0.994916 105.395 0.0313539 0.998684 -0.0405971 -4.63079 -0.995364 0.0275034 -0.0921581 84.75
-0.0910314 0.0426081 0.994936 106.711 0.0294716 0.998762 -0.0400754 -4.69247 -0.995412 0.0256742 -0.0921745 84.6347
-0.0920989 0.0401726 0.994939 108.04 0.0270319 0.998918 -0.037831 -4.75371 -0.995383 0.023411 -0.0930852 84.5181
-0.0932361 0.0386414 0.994894 109.378 0.0244549 0.999034 -0.0365104 -4.81566 -0.995344 0.020926 -0.094091 84.3978
-0.0943223 0.0378075 0.994824 110.721 0.022866 0.999097 -0.0358019 -4.87337 -0.995279 0.0193707 -0.0951017 84.2699
-0.0959494 0.0374947 0.99468 112.054 0.0228765 0.999109 -0.0354549 -4.94277 -0.995123 0.0193529 -0.0967217 84.1397
-0.0978252 0.0361838 0.994546 113.409 0.0226684 0.999161 -0.034122 -5.00293 -0.994945 0.0192067 -0.0985633 84.0043
-0.100961 0.0312012 0.994401 114.756 0.0193131 0.999381 -0.0293966 -5.06022 -0.994703 0.016237 -0.101501 83.8761
-0.105366 0.0309916 0.99395 116.081 0.0184244 0.999404 -0.0292085 -5.11474 -0.994263 0.0152354 -0.105874 83.7423
-0.110618 0.0369395 0.993176 117.411 0.0135646 0.999272 -0.0356555 -5.16633 -0.99377 0.00952785 -0.111039 83.6012
-0.117348 0.0400995 0.992281 118.711 0.0145944 0.999146 -0.0386509 -5.2207 -0.992984 0.00994613 -0.117833 83.4505
-0.126491 0.0359906 0.991315 120.037 0.0168099 0.999276 -0.0341347 -5.27871 -0.991825 0.0123462 -0.127004 83.2918
-0.13707 0.0336246 0.989991 121.366 0.019196 0.999326 -0.0312839 -5.34461 -0.990375 0.0147158 -0.137623 83.1021
-0.150345 0.0346533 0.988026 122.686 0.0191532 0.9993 -0.0321343 -5.39843 -0.988448 0.0140927 -0.150904 82.9134
-0.164732 0.0349117 0.98572 123.976 0.0207842 0.999274 -0.0319183 -5.45037 -0.986119 0.0152294 -0.165338 82.7067
-0.179028 0.0327029 0.9833 125.26 0.021283 0.999342 -0.0293615 -5.50424 -0.983614 0.015671 -0.179607 82.4836
-0.194854 0.0354855 0.98019 126.551 0.0252737 0.999195 -0.0311493 -5.55192 -0.980507 0.0187035 -0.195594 82.236
-0.210215 0.0385413 0.976895 127.817 0.0254515 0.9991 -0.0339405 -5.61173 -0.977324 0.0177287 -0.211007 81.9713
-0.225413 0.0424914 0.973336 129.055 0.0249086 0.998973 -0.0378421 -5.66466 -0.973945 0.0157143 -0.22624 81.6981
-0.241586 0.0401386 0.969549 130.293 0.0207019 0.99913 -0.0362049 -5.72632 -0.970159 0.0113249 -0.242207 81.4064
-0.257352 0.034627 0.965697 131.554 0.0149877 0.999381 -0.0318406 -5.78633 -0.966201 0.00627936 -0.257712 81.0852
-0.27258 0.031081 0.961631 132.819 0.0110304 0.999513 -0.0291787 -5.83331 -0.96207 0.00265362 -0.27279 80.731
-0.287557 0.0325358 0.957211 134.068 0.00844354 0.99947 -0.0314357 -5.88184 -0.957726 -0.000957308 -0.287679 80.369
-0.301757 0.0344355 0.952763 135.304 0.00834266 0.999405 -0.033479 -5.9367 -0.953348 -0.00215393 -0.301865 79.9773
-0.315191 0.0370429 0.948305 136.524 0.0100197 0.999312 -0.0357051 -5.98993 -0.948975 -0.00175223 -0.315345 79.563
-0.329317 0.0371006 0.94349 137.739 0.0119673 0.999311 -0.0351185 -6.04312 -0.944144 -0.000274099 -0.329534 79.1401
-0.343336 0.0347474 0.93857 138.942 0.0108251 0.999395 -0.0330394 -6.10115 -0.93915 -0.00118352 -0.343505 78.7104
-0.35785 0.0339217 0.933163 140.15 0.0107347 0.999423 -0.0322138 -6.15248 -0.933717 -0.00151045 -0.358008 78.2536
-0.372466 0.0354365 0.927369 141.333 0.00880677 0.999361 -0.0346503 -6.20694 -0.928004 -0.00473892 -0.37254 77.7905
-0.387543 0.0377274 0.921079 142.496 0.00966032 0.999274 -0.0368657 -6.26388 -0.921801 -0.0053891 -0.387626 77.3161
-0.402573 0.0395652 0.914532 143.667 0.010476 0.999199 -0.0386166 -6.3176 -0.915328 -0.00596536 -0.402665 76.8243
-0.416944 0.0421008 0.907957 144.832 0.0130513 0.999101 -0.0403338 -6.38268 -0.908839 -0.0049669 -0.417119 76.285
-0.431633 0.0455903 0.900896 145.975 0.0130249 0.998933 -0.044311 -6.44743 -0.901955 -0.00739201 -0.431767 75.7438
-0.446819 0.0481846 0.893326 147.139 0.0138038 0.998801 -0.0469694 -6.50804 -0.894518 -0.0086555 -0.446948 75.1731
-0.462238 0.0456947 0.885578 148.293 0.0121766 0.998904 -0.0451865 -6.57026 -0.886672 -0.0101036 -0.462288 74.5826
-0.47822 0.0410537 0.87728 149.434 0.00887389 0.999082 -0.0419163 -6.64331 -0.878195 -0.0122604 -0.478146 73.9787
-0.494068 0.0414048 0.868437 150.582 0.0078005 0.999036 -0.0431936 -6.69881 -0.869388 -0.0145663 -0.493915 73.3348
-0.509578 0.0413402 0.859431 151.713 0.00689799 0.999009 -0.0439642 -6.7557 -0.860397 -0.0164748 -0.509358 72.6619
-0.525468 0.0404239 0.849853 152.841 0.0055654 0.999013 -0.0440777 -6.81923 -0.850795 -0.0184317 -0.525174 71.9789
-0.541501 0.0398691 0.839754 153.956 0.00342273 0.998971 -0.0452212 -6.88446 -0.840693 -0.0216131 -0.54108 71.2871
-0.55711 0.0389779 0.829524 155.062 0.0019356 0.998956 -0.0456393 -6.94912 -0.830437 -0.0238205 -0.556604 70.5622
-0.572542 0.0366037 0.819058 156.168 0.00145241 0.999047 -0.0436321 -7.01558 -0.819874 -0.0237916 -0.572049 69.8081
-0.587597 0.0327489 0.808491 157.26 0.000731039 0.999202 -0.0399426 -7.08065 -0.809154 -0.0228791 -0.587151 69.027
-0.602888 0.0309908 0.797224 158.329 0.000629606 0.999263 -0.0383687 -7.14166 -0.797826 -0.0226301 -0.602463 68.2369
-0.617805 0.0294961 0.785778 159.384 -0.000348643 0.999286 -0.0377848 -7.20406 -0.786331 -0.0236176 -0.617353 67.4269
-0.632746 0.0307596 0.773748 160.421 -0.00204973 0.999141 -0.0413961 -7.26973 -0.774356 -0.0277792 -0.632139 66.5953
-0.647932 0.0301823 0.7611 161.445 -0.00484355 0.999031 -0.0437411 -7.33617 -0.761683 -0.0320276 -0.647158 65.7355
-0.663719 0.0275654 0.747474 162.47 -0.00693862 0.999051 -0.0430041 -7.39521 -0.74795 -0.0337291 -0.662897 64.8455
-0.680125 0.0195817 0.732835 163.484 -0.0120299 0.99921 -0.037864 -7.45666 -0.732997 -0.0345682 -0.679352 63.9318
-0.697139 0.0173931 0.716725 164.481 -0.0133585 0.999217 -0.037242 -7.5156 -0.716811 -0.0355372 -0.696361 62.9893
-0.71436 0.0147955 0.699622 165.435 -0.0155285 0.999195 -0.0369864 -7.57949 -0.699606 -0.0372856 -0.713555 62.0268
-0.73207 0.0112791 0.681137 166.39 -0.0191921 0.999125 -0.037172 -7.63925 -0.68096 -0.0402849 -0.731212 61.0403
-0.748952 0.00975434 0.662553 167.32 -0.0193348 0.999144 -0.0365658 -7.69454 -0.662343 -0.0401963 -0.748122 60.0174
-0.765182 0.0121427 0.6437 168.209 -0.0175819 0.999055 -0.0397461 -7.76146 -0.643574 -0.0417304 -0.764245 58.9866
-0.780538 0.0119311 0.624994 169.069 -0.0147974 0.999185 -0.0375544 -7.82331 -0.624933 -0.038561 -0.779726 57.9252
-0.795414 0.0129766 0.605928 169.91 -0.0116841 0.999257 -0.0367381 -7.89403 -0.605954 -0.0363017 -0.794671 56.8313
-0.810369 0.0141078 0.58575 170.735 -0.0111415 0.999158 -0.0394787 -7.96035 -0.585814 -0.0385185 -0.80953 55.7205
-0.824328 0.016034 0.565885 171.512 -0.0106786 0.998981 -0.0438611 -8.02872 -0.566011 -0.0421988 -0.823317 54.6172
-0.837546 0.0170004 0.546102 172.27 -0.00813758 0.999017 -0.0435803 -8.10209 -0.546306 -0.0409445 -0.836584 53.4561
-0.849531 0.0151876 0.527319 173.005 -0.00758588 0.99913 -0.0409977 -8.17602 -0.527483 -0.038829 -0.848678 52.2808
-0.860381 0.0171268 0.509363 173.713 -0.00522403 0.999086 -0.0424173 -8.25173 -0.509624 -0.039156 -0.859506 51.1019
-0.870013 0.0205216 0.492602 174.382 -0.002477 0.998939 -0.0459902 -8.32131 -0.493023 -0.0412323 -0.869039 49.9311
-0.879198 0.0182198 0.476108 175.056 -0.00496889 0.998864 -0.0474005 -8.39542 -0.47643 -0.0440402 -0.878108 48.7194
-0.887602 0.0157766 0.460341 175.696 -0.00643252 0.998891 -0.0466364 -8.475 -0.460566 -0.0443557 -0.886516 47.5013
-0.894905 0.0144212 0.446023 176.317 -0.00727011 0.998874 -0.0468831 -8.55664 -0.446197 -0.0451986 -0.893793 46.2799
-0.901715 0.0127713 0.432143 176.93 -0.00783239 0.998917 -0.0458646 -8.642 -0.43226 -0.0447415 -0.900638 45.0164
-0.908164 0.0099324 0.418497 177.522 -0.00984724 0.998935 -0.0450774 -8.71211 -0.418499 -0.0450587 -0.907099 43.7637
-0.914077 0.00510281 0.40551 178.099 -0.0126875 0.999072 -0.0411714 -8.78335 -0.405343 -0.0427787 -0.913163 42.5022
-0.919429 0.00193786 0.393251 178.653 -0.0141497 0.999177 -0.0380061 -8.8472 -0.393001 -0.0405083 -0.918645 41.2509
-0.924088 0.00159786 0.382177 179.189 -0.0124264 0.999337 -0.0342248 -8.91734 -0.381978 -0.0363758 -0.923455 39.9926
-0.927493 0.00582556 0.373795 179.699 -0.00817051 0.999324 -0.0358478 -8.9814 -0.373751 -0.0363027 -0.926819 38.7243
-0.929965 0.0107716 0.367491 180.212 -0.0033162 0.999284 -0.0376822 -9.0326 -0.367634 -0.0362618 -0.929263 37.4299
-0.932013 0.0138317 0.362161 180.706 -0.000931689 0.999177 -0.0405585 -9.08641 -0.362424 -0.0381384 -0.931233 36.166
-0.933801 0.011114 0.35762 181.195 -0.00313167 0.999225 -0.0392308 -9.1562 -0.357779 -0.0377537 -0.933043 34.9034
-0.935669 0.00399203 0.352856 181.696 -0.00919507 0.999321 -0.0356884 -9.21858 -0.352759 -0.036637 -0.934997 33.6378
-0.937527 -0.00205315 0.347906 182.195 -0.0146671 0.999327 -0.0336271 -9.28377 -0.347603 -0.0366291 -0.936926 32.3632
-0.938979 -0.00797947 0.343883 182.682 -0.0213067 0.99916 -0.0349938 -9.34106 -0.343315 -0.0401855 -0.93836 31.069
-0.940284 -0.010124 0.340239 183.164 -0.0244804 0.998981 -0.0379287 -9.39684 -0.339509 -0.043993 -0.939574 29.7948
-0.941062 -0.00988235 0.338089 183.638 -0.025072 0.998861 -0.0405906 -9.45499 -0.337303 -0.0466749 -0.940238 28.505
-0.941359 -0.00940759 0.337274 184.107 -0.0252139 0.998778 -0.0425151 -9.52324 -0.336462 -0.0485259 -0.940446 27.229
-0.941326 -0.00634479 0.337438 184.576 -0.0226407 0.998758 -0.0443796 -9.59041 -0.336737 -0.0494155 -0.940301 25.9318
-0.940829 -0.00519497 0.338842 185.045 -0.0219977 0.99871 -0.045767 -9.66405 -0.338167 -0.0505127 -0.939729 24.6382
-0.940419 -0.00432655 0.339989 185.521 -0.0217813 0.998632 -0.0475396 -9.73772 -0.339318 -0.0521126 -0.939227 23.3454
-0.939629 -0.00237211 0.342188 185.985 -0.0196394 0.998702 -0.0470054 -9.81245 -0.341632 -0.050888 -0.938455 22.0696
-0.938781 -0.0032389 0.3445 186.462 -0.0209379 0.998644 -0.047668 -9.88499 -0.343879 -0.0519629 -0.937575 20.7881
-0.937589 -0.00580606 0.347698 186.947 -0.0239687 0.998562 -0.0479585 -9.95247 -0.346919 -0.0532992 -0.936379 19.5398
-0.935734 -0.00680318 0.35264 187.421 -0.0242589 0.998688 -0.0451044 -10.0328 -0.351871 -0.0507604 -0.934671 18.2825
-0.933419 -0.00877033 0.358682 187.913 -0.0256779 0.998771 -0.0424014 -10.0947 -0.357869 -0.0487885 -0.932496 17.0008
-0.930672 -0.011328 0.365679 188.411 -0.0279978 0.998795 -0.0403152 -10.149 -0.364781 -0.0477585 -0.929868 15.7412
-0.928129 -0.00938722 0.372139 188.923 -0.0261681 0.998854 -0.0400681 -10.2109 -0.371337 -0.0469265 -0.927312 14.5079
-0.924525 -0.00887182 0.381019 189.431 -0.0259527 0.998874 -0.0397148 -10.2779 -0.380237 -0.0466058 -0.923714 13.2557
-0.920646 -0.00561362 0.390358 189.955 -0.0238157 0.998842 -0.0418043 -10.3424 -0.389672 -0.0477836 -0.919713 12.0183
-0.916381 -0.00579237 0.400266 190.49 -0.0240444 0.998886 -0.0405928 -10.404 -0.399585 -0.0468226 -0.9155 10.8081
-0.911064 -0.00456392 0.41224 191.046 -0.0239668 0.998834 -0.0419093 -10.4703 -0.411568 -0.0480621 -0.910111 9.57959
-0.905107 -0.00266866 0.425175 191.618 -0.023004 0.998823 -0.0427014 -10.5373 -0.42456 -0.04843 -0.904104 8.37657
-0.898551 0.000594905 0.438869 192.211 -0.0203404 0.998868 -0.0429995 -10.5978 -0.438398 -0.047564 -0.897522 7.13808
-0.891902 0.00111557 0.452227 192.822 -0.0187752 0.999043 -0.0394939 -10.6751 -0.451838 -0.0437153 -0.891028 5.93468
-0.884994 0.00447625 0.465582 193.449 -0.0159351 0.999077 -0.0398955 -10.7398 -0.465331 -0.0427263 -0.884105 4.7301
-0.877901 0.00695609 0.478791 194.1 -0.0132717 0.999157 -0.0388509 -10.8023 -0.478657 -0.0404616 -0.877069 3.53086
-0.870089 0.00880167 0.492817 194.755 -0.0105119 0.999282 -0.0364062 -10.8682 -0.492783 -0.0368571 -0.869371 2.35503
-0.86212 0.0107161 0.506592 195.428 -0.00711964 0.999421 -0.0332574 -10.9288 -0.506655 -0.0322786 -0.861544 1.20212
-0.853731 0.013463 0.520541 196.122 -0.0033276 0.999504 -0.0313082 -10.9942 -0.520704 -0.0284609 -0.853263 0.0607284
-0.844406 0.0165205 0.535448 196.827 0.000487714 0.999548 -0.0300705 -11.0458 -0.535703 -0.0251306 -0.844032 -1.0583
-0.833549 0.0191264 0.552115 197.55 0.00377808 0.999574 -0.0289234 -11.0975 -0.552433 -0.0220231 -0.833266 -2.17244
-0.822169 0.0219463 0.56882 198.291 0.00705689 0.999573 -0.0283657 -11.141 -0.5692 -0.0193073 -0.821972 -3.2586
-0.810748 0.0236117 0.584919 199.055 0.00883288 0.999566 -0.0281068 -11.1895 -0.585329 -0.017621 -0.810605 -4.32246
-0.798526 0.0256327 0.601415 199.846 0.0108052 0.999542 -0.0282546 -11.235 -0.601864 -0.0160637 -0.798437 -5.38262
-0.785698 0.0282413 0.617965 200.648 0.0134244 0.999501 -0.0286096 -11.2771 -0.618464 -0.0141827 -0.785685 -6.40061
-0.771678 0.029423 0.635332 201.484 0.0161654 0.999514 -0.0266541 -11.3227 -0.635808 -0.010298 -0.771779 -7.4257
-0.755847 0.0305165 0.654036 202.331 0.0187036 0.999512 -0.0250208 -11.3718 -0.654481 -0.0066791 -0.756049 -8.42007
-0.738791 0.0330085 0.673126 203.201 0.0197338 0.999431 -0.0273508 -11.4079 -0.673646 -0.00692311 -0.739022 -9.39132
-0.721079 0.0361233 0.691911 204.08 0.0213018 0.999324 -0.0299729 -11.4503 -0.692526 -0.00687387 -0.72136 -10.3212
-0.702626 0.0370778 0.710592 204.977 0.0217585 0.999294 -0.0306273 -11.4982 -0.711226 -0.00605812 -0.702937 -11.2132
-0.682639 0.0368678 0.729825 205.899 0.0214855 0.999307 -0.0303846 -11.5504 -0.73044 -0.0050611 -0.682958 -12.0984
-0.661776 0.0365516 0.74881 206.845 0.021052 0.999323 -0.0301748 -11.6055 -0.749406 -0.00420506 -0.662098 -12.9506
-0.640697 0.0370363 0.7669 207.81 0.0205001 0.999305 -0.0311334 -11.6606 -0.76752 -0.00422556 -0.641011 -13.7651
-0.61919 0.0365898 0.784388 208.793 0.0192517 0.999321 -0.0314187 -11.717 -0.785005 -0.00435333 -0.619474 -14.5496
-0.597934 0.0366812 0.800705 209.795 0.0189735 0.99932 -0.0316113 -11.7628 -0.801321 -0.00370931 -0.598224 -15.2905
-0.574508 0.0366884 0.817676 210.814 0.0206314 0.999327 -0.0303431 -11.8174 -0.818239 -0.000562564 -0.574878 -16.0234
-0.550071 0.0375376 0.834274 211.847 0.0211097 0.999295 -0.0310441 -11.862 -0.834851 0.000534775 -0.550476 -16.7108
-0.524108 0.0406648 0.85068 212.907 0.0243914 0.999166 -0.0327352 -11.9169 -0.851302 0.00359253 -0.524663 -17.3771
-0.497462 0.0411968 0.866507 213.973 0.0254777 0.999135 -0.0328756 -11.9718 -0.867111 0.00572228 -0.498081 -17.9866
-0.469379 0.0401095 0.882086 215.084 0.024037 0.999178 -0.0326432 -12.0156 -0.88267 0.00588068 -0.469957 -18.5953
-0.440919 0.0381623 0.896735 216.195 0.023659 0.999243 -0.0308917 -12.0666 -0.897235 0.00759513 -0.441488 -19.1484
-0.410585 0.0393892 0.910971 217.323 0.025136 0.999176 -0.031874 -12.1162 -0.911476 0.00981115 -0.411237 -19.667
-0.378778 0.0414052 0.924561 218.488 0.0269546 0.999068 -0.033699 -12.1783 -0.925095 0.0121567 -0.379541 -20.1642
-0.34684 0.0425201 0.93696 219.63 0.0294592 0.998973 -0.0344292 -12.2378 -0.937461 0.0156606 -0.347737 -20.5936
-0.314379 0.0428153 0.948331 220.811 0.0333381 0.998864 -0.0340449 -12.2974 -0.948712 0.0209126 -0.31545 -21.002
-0.281114 0.0425644 0.95873 222.004 0.0343328 0.998822 -0.0342774 -12.3486 -0.95906 0.0232801 -0.282244 -21.3643
-0.246829 0.0412931 0.968179 223.212 0.0374338 0.998752 -0.0330537 -12.404 -0.968336 0.028084 -0.248067 -21.6901
-0.21191 0.03866 0.976524 224.43 0.0391721 0.99875 -0.0310394 -12.4686 -0.976504 0.0316749 -0.21316 -21.9685
-0.176882 0.0376339 0.983512 225.656 0.0410133 0.998683 -0.0308383 -12.5155 -0.983377 0.0348823 -0.178192 -22.1999
-0.141212 0.037959 0.989251 226.886 0.0418203 0.998601 -0.0323481 -12.5583 -0.989096 0.0368029 -0.142602 -22.3912
-0.1053 0.0371724 0.993745 228.121 0.0435485 0.998515 -0.0327362 -12.6135 -0.993486 0.039829 -0.106763 -22.5382
-0.0693421 0.0370038 0.996906 229.348 0.0449979 0.998411 -0.0339297 -12.6663 -0.996578 0.0425059 -0.070897 -22.6355
-0.033865 0.0375238 0.998722 230.587 0.0444165 0.998364 -0.0360042 -12.7189 -0.998439 0.0431405 -0.0354763 -22.6915
0.000836981 0.0365705 0.999331 231.83 0.04427 0.99835 -0.0365717 -12.7818 -0.999019 0.0442709 -0.000783374 -22.7045
0.0341315 0.0358778 0.998773 233.05 0.0433726 0.998361 -0.0373451 -12.8336 -0.998476 0.044594 0.0325194 -22.6621
0.067333 0.0363687 0.997067 234.275 0.0423884 0.998329 -0.0392773 -12.891 -0.99683 0.0449088 0.0656788 -22.5849
0.100072 0.0363978 0.994314 235.508 0.0433657 0.998222 -0.0409053 -12.9433 -0.994035 0.0472126 0.0983157 -22.4703
0.131872 0.0343529 0.990671 236.733 0.0448636 0.998168 -0.0405848 -13.0008 -0.990251 0.0497971 0.130089 -22.3117
0.162665 0.033737 0.986104 237.95 0.0461674 0.99806 -0.0417617 -13.0533 -0.985601 0.0523191 0.160792 -22.1138
0.19248 0.0339552 0.980713 239.17 0.0475362 0.997905 -0.0438802 -13.1099 -0.980149 0.0550654 0.190463 -21.8808
0.222631 0.033765 0.974318 240.388 0.0493079 0.997731 -0.0458432 -13.1714 -0.973655 0.0582477 0.220461 -21.6153
0.252543 0.0333739 0.96701 241.585 0.051088 0.997551 -0.04777 -13.2281 -0.966236 0.0614665 0.250219 -21.3089
0.282372 0.0329312 0.95874 242.787 0.0520541 0.997412 -0.0495908 -13.283 -0.957892 0.0639094 0.279927 -20.965
0.312307 0.0318896 0.949446 243.98 0.0537137 0.997245 -0.0511634 -13.3549 -0.948462 0.0669769 0.309733 -20.5878
0.341708 0.02994 0.939329 245.167 0.0576464 0.996943 -0.0527469 -13.4384 -0.938037 0.072173 0.338937 -20.1729
0.369907 0.0291239 0.928612 246.341 0.0582306 0.996817 -0.0544587 -13.5108 -0.927242 0.0742183 0.367033 -19.7117
0.397984 0.0269768 0.916996 247.504 0.0592993 0.996721 -0.0550586 -13.5882 -0.915474 0.0762896 0.395079 -19.2205
0.426029 0.0252109 0.904358 248.657 0.0599522 0.996628 -0.0560257 -13.6763 -0.902721 0.0780869 0.423081 -18.6934
0.454146 0.0256946 0.890556 249.798 0.0615461 0.996291 -0.0601312 -13.7603 -0.888799 0.0821186 0.450881 -18.1273
0.481825 0.0262325 0.875875 250.912 0.0632275 0.995906 -0.0646093 -13.8484 -0.873983 0.0865098 0.478194 -17.5278
0.508587 0.0253025 0.860639 252.014 0.0635159 0.995742 -0.0668086 -13.9304 -0.858665 0.0886423 0.504814 -16.8837
0.53459 0.022929 0.844801 253.088 0.0635406 0.995712 -0.0672334 -14.0262 -0.84272 0.0896214 0.530841 -16.2124
0.559309 0.0216261 0.828677 254.146 0.0619213 0.995777 -0.0677802 -14.117 -0.826643 0.0892228 0.555608 -15.5093
0.582247 0.0214815 0.812728 255.196 0.060244 0.995763 -0.0694788 -14.2204 -0.810777 0.0894158 0.578485 -14.773
0.602793 0.0202752 0.79764 256.204 0.0594501 0.995757 -0.0702388 -14.3331 -0.79568 0.0897593 0.59903 -14.0172
0.62213 0.0186988 0.782691 257.199 0.0584193 0.995819 -0.0702258 -14.4372 -0.780731 0.0894139 0.618437 -13.2355
0.63967 0.0162942 0.768477 258.193 0.0573083 0.995982 -0.0688207 -14.5393 -0.76651 0.0880627 0.636166 -12.4021
0.656321 0.0128325 0.754372 259.172 0.0586497 0.995962 -0.0679687 -14.6412 -0.752199 0.088853 0.652918 -11.5586
0.672107 0.0102079 0.740383 260.131 0.0596348 0.995911 -0.0678663 -14.7353 -0.738049 0.089766 0.66875 -10.6971
0.687207 0.00913015 0.726404 261.084 0.0598724 0.995807 -0.0691579 -14.8192 -0.72399 0.0910173 0.683779 -9.80797
0.702019 0.00852873 0.712108 262.008 0.0588946 0.995808 -0.0699867 -14.923 -0.709719 0.0910713 0.698573 -8.89772
0.716794 0.00652925 0.697254 262.94 0.0597253 0.995706 -0.0707231 -15.0272 -0.694722 0.0923376 0.713326 -7.95416
0.730942 0.00380142 0.682429 263.84 0.0592959 0.995849 -0.0690584 -15.1296 -0.679859 0.0909429 0.727682 -6.99275
0.744865 7.82309e-08 0.667215 264.716 0.0604233 0.995891 -0.0674555 -15.236 -0.664473 0.0905606 0.741805 -6.02156
0.75839 -0.00114971 0.6518 265.58 0.0598479 0.995897 -0.0678783 -15.3278 -0.649048 0.0904871 0.755347 -5.02058
0.771447 -0.00263368 0.636288 266.413 0.0612659 0.995653 -0.0701587 -15.4354 -0.633337 0.0931064 0.768255 -4.01897
0.783409 -0.00404882 0.621494 267.236 0.0617131 0.995544 -0.0713054 -15.542 -0.618435 0.0942156 0.780168 -2.98805
0.79469 -0.00468925 0.606998 268.042 0.0605763 0.995591 -0.0716161 -15.6449 -0.603986 0.0936822 0.79147 -1.93297
0.805406 -0.00789471 0.592671 268.844 0.0610192 0.995703 -0.0696583 -15.7583 -0.589574 0.0922676 0.802427 -0.856332
0.815714 -0.0111397 0.578348 269.63 0.0627329 0.995621 -0.069303 -15.8624 -0.575043 0.0928129 0.812841 0.237829
0.825396 -0.012299 0.56442 270.404 0.0628656 0.995547 -0.0702399 -15.9702 -0.561043 0.0934583 0.822494 1.35202
0.834319 -0.0157326 0.551057 271.164 0.0670733 0.995063 -0.0731424 -16.0747 -0.547186 0.0979853 0.831256 2.46909
0.842523 -0.0183356 0.538348 271.902 0.0681361 0.99502 -0.0727447 -16.1867 -0.534333 0.09797 0.839577 3.6101
0.849805 -0.0214404 0.52666 272.623 0.0702248 0.99487 -0.0728115 -16.2966 -0.522398 0.0988602 0.846952 4.76869
0.856525 -0.0228857 0.515598 273.336 0.0710404 0.994735 -0.0738611 -16.4023 -0.511193 0.0998921 0.853641 5.93985
0.861884 -0.0243913 0.506518 274.043 0.0715737 0.994695 -0.0738895 -16.5102 -0.502028 0.0999375 0.859058 7.12755
0.865813 -0.0257671 0.499703 274.745 0.0712441 0.994847 -0.0721423 -16.621 -0.495269 0.0980626 0.863187 8.33087
0.868746 -0.0278385 0.494475 275.44 0.0723476 0.994842 -0.071099 -16.7307 -0.489946 0.0975411 0.866279 9.54426
0.871206 -0.0289453 0.490063 276.125 0.0728829 0.994824 -0.0708085 -16.8452 -0.485476 0.097406 0.868807 10.7666
0.873522 -0.0309258 0.485801 276.801 0.0743924 0.994738 -0.0704411 -16.9553 -0.481066 0.0976718 0.871226 11.9848
0.875589 -0.0337832 0.481874 277.473 0.0758683 0.994789 -0.0681137 -17.0746 -0.477062 0.0961986 0.873589 13.2055
0.877452 -0.0366105 0.478264 278.144 0.0781004 0.994682 -0.0671462 -17.1897 -0.473263 0.0962702 0.875645 14.4462
0.879476 -0.0377161 0.474446 278.807 0.0790961 0.994575 -0.0675561 -17.298 -0.469324 0.0969408 0.877689 15.6794
0.881638 -0.0387297 0.470334 279.486 0.0796245 0.994546 -0.0673598 -17.3998 -0.46516 0.0968371 0.879914 16.9462
0.883561 -0.0380171 0.466771 280.129 0.0785262 0.994615 -0.0676356 -17.4967 -0.461686 0.0964139 0.881788 18.1856
0.88541 -0.0384153 0.463221 280.793 0.0783517 0.994653 -0.0672756 -17.6056 -0.45816 0.0958606 0.883686 19.4531
0.887265 -0.0388316 0.459622 281.434 0.0782716 0.994674 -0.0670612 -17.7176 -0.45457 0.0954764 0.885579 20.7067
0.888524 -0.0374986 0.457295 282.08 0.0766032 0.99479 -0.0672663 -17.8232 -0.45239 0.094798 0.886767 21.9733
0.889411 -0.0370733 0.455602 282.707 0.0756233 0.994905 -0.0666718 -17.9401 -0.450809 0.0937528 0.887683 23.2174
0.889881 -0.0369045 0.454698 283.353 0.0753549 0.994922 -0.0667251 -18.0465 -0.449927 0.0936412 0.888143 24.4713
0.890505 -0.034813 0.45364 283.998 0.0734749 0.994985 -0.0678761 -18.1593 -0.449002 0.0937751 0.888596 25.7417
0.891173 -0.0330582 0.452458 284.627 0.0722139 0.994962 -0.0695389 -18.2683 -0.44788 0.0946449 0.88907 26.9883
