0.999998 0.00106878 0.00141201 -0.00655515 -0.00106203 0.999988 -0.00476784 -0.000540054 -0.00141709 0.00476633 0.999988 1.02338
0.999997 -0.000665913 0.00247007 -0.00870956 0.000679722 0.999984 -0.0055942 0.00413719 -0.0024663 0.00559586 0.999981 2.04183
0.999993 -0.00282012 0.00239361 -0.00813516 0.00282319 0.999995 -0.00128108 0.0013057 -0.00238998 0.00128783 0.999996 3.06121
0.999988 -0.00453477 0.00185897 -0.0106125 0.00452604 0.999979 0.00467609 0.00302432 -0.00188014 -0.00466762 0.999987 4.06621
0.999966 -0.00820329 0.000336249 -0.00730685 0.00820167 0.999956 0.00456656 0.00518613 -0.000373695 -0.00456365 0.99999 5.07236
0.999943 -0.0106576 -0.000692098 -0.00614435 0.0106589 0.999941 0.00195869 0.00581403 0.000671182 -0.00196596 0.999998 6.07373
0.999936 -0.011165 -0.00162241 -0.00915759 0.0111624 0.999936 -0.00155645 0.0125433 0.00163968 0.00153824 0.999997 7.06131
0.999944 -0.010221 -0.00258346 -0.0150193 0.0102158 0.999946 -0.00198499 0.0100666 0.00260361 0.00195849 0.999995 8.04867
0.99994 -0.0103126 -0.00374732 -0.0186106 0.0103121 0.999947 -0.000152645 0.0115075 0.0037487 0.000113994 0.999993 9.03704
0.999936 -0.0103346 -0.00454026 -0.0242858 0.010349 0.999941 0.00314931 0.00759795 0.00450745 -0.0031961 0.999985 10.0214
0.999934 -0.010226 -0.00530153 -0.0372996 0.0102489 0.999938 0.00431435 0.0134215 0.00525709 -0.00436839 0.999977 11.0056
0.999915 -0.011666 -0.00589191 -0.0436359 0.0116965 0.999918 0.00516573 0.0198547 0.00583116 -0.0052342 0.999969 11.987
0.999915 -0.0113026 -0.00647919 -0.05855 0.011336 0.999923 0.00513351 0.0269661 0.00642067 -0.00520652 0.999966 12.9502
0.999908 -0.0116744 -0.00693965 -0.0749009 0.0116989 0.999925 0.00350717 0.036085 0.00689818 -0.00358803 0.99997 13.9304
0.99989 -0.0124621 -0.00802666 -0.0933312 0.0124719 0.999922 0.00117732 0.0482659 0.00801136 -0.0012773 0.999967 14.8956
0.99986 -0.0137407 -0.00951156 -0.106214 0.0137382 0.999906 -0.000326517 0.0572349 0.00951515 0.0001958 0.999955 15.846
0.999842 -0.0135754 -0.0114481 -0.115653 0.013561 0.999907 -0.0013332 0.0643811 0.0114651 0.00117775 0.999934 16.8084
0.999838 -0.0124573 -0.0129588 -0.134606 0.0124296 0.99992 -0.00221442 0.0659953 0.0129853 0.00205299 0.999914 17.7655
0.999827 -0.0113317 -0.014756 -0.15314 0.0113059 0.999934 -0.00182921 0.0634477 0.0147758 0.00166207 0.999889 18.7201
0.999795 -0.0119903 -0.0163258 -0.172743 0.0119767 0.999928 -0.000932914 0.0645388 0.0163358 0.000737194 0.999866 19.6718
0.999777 -0.0113951 -0.0178001 -0.19502 0.0114118 0.999935 0.000835309 0.0598306 0.0177894 -0.00103825 0.999841 20.6141
0.999752 -0.0109294 -0.019387 -0.2153 0.0109573 0.999939 0.00133423 0.0640053 0.0193712 -0.00154633 0.999811 21.5509
0.999714 -0.0118826 -0.0207316 -0.240689 0.0119128 0.999928 0.00133492 0.0660586 0.0207143 -0.00158151 0.999784 22.4778
0.999679 -0.0116977 -0.0224609 -0.264791 0.0117303 0.99993 0.00132062 0.0645016 0.0224438 -0.00158367 0.999747 23.4069
0.99965 -0.011601 -0.0237623 -0.290805 0.0116494 0.99993 0.00190237 0.063657 0.0237386 -0.00217853 0.999716 24.323
0.999627 -0.011483 -0.0247787 -0.320453 0.011581 0.999926 0.00381766 0.0677084 0.024733 -0.0041032 0.999686 25.24
0.999587 -0.012821 -0.0257274 -0.344309 0.0130005 0.999892 0.00682069 0.0715598 0.0256372 -0.00715234 0.999646 26.1468
0.999568 -0.012544 -0.0265647 -0.370049 0.0127708 0.999883 0.00838463 0.0773985 0.0264564 -0.00872026 0.999612 27.0358
0.999551 -0.0120739 -0.0274237 -0.398089 0.0122829 0.999897 0.00746753 0.0799809 0.0273307 -0.00780102 0.999596 27.9154
0.999546 -0.0106327 -0.0282074 -0.428669 0.0107632 0.999932 0.00448136 0.0916753 0.0281578 -0.00478292 0.999592 28.7755
0.999528 -0.010154 -0.0289997 -0.458139 0.0102429 0.999943 0.00291752 0.094824 0.0289685 -0.00321318 0.999575 29.6265
0.9995 -0.00958104 -0.0301401 -0.48652 0.00966229 0.99995 0.00255104 0.0994093 0.0301141 -0.00284098 0.999542 30.4679
0.999468 -0.00928425 -0.0312664 -0.516138 0.0093624 0.999953 0.00235407 0.0970009 0.0312431 -0.00264555 0.999508 31.2975
0.99941 -0.00866095 -0.033245 -0.550122 0.00872531 0.99996 0.00179129 0.0935856 0.0332282 -0.00208031 0.999446 32.1131
0.999355 -0.00833035 -0.0349353 -0.589066 0.0084059 0.999963 0.00201634 0.0909867 0.0349172 -0.0023087 0.999388 32.9242
0.999284 -0.00883783 -0.0367792 -0.626219 0.00897688 0.999953 0.00361732 0.0878566 0.0367455 -0.00394489 0.999317 33.7252
0.999202 -0.00914236 -0.0388813 -0.655527 0.00939702 0.999936 0.00637203 0.086018 0.0388206 -0.00673231 0.999224 34.5313
0.999137 -0.00787366 -0.0407716 -0.693957 0.00820595 0.999934 0.007989 0.0891082 0.040706 -0.00831668 0.999137 35.3178
0.999079 -0.00612092 -0.0424747 -0.736665 0.00647706 0.999945 0.00825206 0.092448 0.0424219 -0.00851957 0.999063 36.0985
0.99901 -0.0032208 -0.044374 -0.777583 0.00357146 0.999963 0.0078255 0.0899906 0.0443471 -0.00797624 0.998984 36.86
0.99893 -0.00140504 -0.0462181 -0.816985 0.00174161 0.999972 0.00724257 0.0964017 0.0462067 -0.00731531 0.998905 37.6145
0.998861 -0.00119016 -0.0477077 -0.857395 0.00159751 0.999963 0.00850128 0.102389 0.0476958 -0.00856781 0.998825 38.364
0.998806 0.000178401 -0.0488494 -0.900298 0.000336405 0.999944 0.0105302 0.110648 0.0488485 -0.0105341 0.998751 39.1036
0.9988 0.00292063 -0.0488868 -0.941945 -0.00239119 0.999938 0.0108849 0.117907 0.0489156 -0.0107549 0.998745 39.8177
0.998855 0.00600533 -0.0474537 -0.988803 -0.00557441 0.999942 0.00920809 0.118061 0.0475063 -0.00893302 0.998831 40.5142
0.998909 0.00699181 -0.0461822 -1.0219 -0.00671235 0.999958 0.0062036 0.123708 0.0462236 -0.00588684 0.998914 41.2054
0.99899 0.00786188 -0.044241 -1.05081 -0.00766027 0.999959 0.00472481 0.128407 0.0442764 -0.00438114 0.99901 41.8946
0.999121 0.00900691 -0.040939 -1.08184 -0.00878276 0.999945 0.0056519 0.133676 0.0409877 -0.00528737 0.999146 42.5709
0.999191 0.013588 -0.0378493 -1.11585 -0.0132774 0.999876 0.00844501 0.13518 0.0379593 -0.00793564 0.999248 43.241
0.999269 0.0178748 -0.0337996 -1.148 -0.0174738 0.999774 0.0121238 0.135083 0.0340087 -0.0115243 0.999355 43.9056
0.999284 0.0234142 -0.0297129 -1.16996 -0.0230343 0.999649 0.0130633 0.141547 0.0300084 -0.0123695 0.999473 44.5447
0.99933 0.0272572 -0.0244169 -1.19182 -0.0269363 0.999548 0.0133737 0.151809 0.0247704 -0.012707 0.999612 45.1745
0.999342 0.0311729 -0.0185174 -1.21118 -0.0308845 0.9994 0.0156626 0.154381 0.0189945 -0.0150804 0.999706 45.7803
0.999295 0.0355431 -0.0121157 -1.22386 -0.0353353 0.999232 0.0169544 0.161321 0.012709 -0.0165144 0.999783 46.3705
0.999238 0.0387136 -0.00499341 -1.23016 -0.0386235 0.999109 0.0170148 0.162198 0.00564766 -0.016809 0.999843 46.9376
0.999123 0.0418134 0.00227291 -1.23211 -0.0418467 0.998972 0.0174506 0.163436 -0.0015409 -0.0175305 0.999845 47.4789
0.998904 0.0458043 0.00964352 -1.23247 -0.0459635 0.998799 0.0169914 0.172318 -0.00885365 -0.017416 0.999809 48.0036
0.998615 0.0497774 0.0170457 -1.22621 -0.0500225 0.998646 0.0142672 0.178142 -0.0163124 -0.0151001 0.999753 48.4978
0.998348 0.0517152 0.0250472 -1.21552 -0.0520088 0.998584 0.0112151 0.184182 -0.0244317 -0.0124993 0.999623 48.9742
0.99808 0.0524084 0.0330118 -1.20155 -0.0528024 0.998542 0.0111773 0.184531 -0.0323779 -0.0128989 0.999392 49.4214
0.997829 0.0515802 0.0409517 -1.17906 -0.0521362 0.99856 0.0126262 0.187197 -0.0402415 -0.0147338 0.999081 49.8464
0.997382 0.0531778 0.048993 -1.15683 -0.0538873 0.998459 0.0132743 0.19439 -0.0482115 -0.0158796 0.998711 50.2522
0.996784 0.0557478 0.0575626 -1.1346 -0.0566049 0.998307 0.0133654 0.201365 -0.05672 -0.0165807 0.998252 50.6338
0.995957 0.0605313 0.066368 -1.11428 -0.0615344 0.998018 0.0131735 0.200451 -0.065439 -0.0172042 0.997708 50.9797
0.995068 0.0643138 0.0755182 -1.094 -0.0654962 0.997764 0.0132838 0.201554 -0.074495 -0.0181645 0.997056 51.2983
0.994359 0.063557 0.084921 -1.06253 -0.0649668 0.99779 0.0139401 0.202059 -0.0838473 -0.0193785 0.99629 51.5985
0.993482 0.0622708 0.095472 -1.02441 -0.0637219 0.997893 0.012224 0.20282 -0.0945096 -0.018228 0.995357 51.8855
0.99237 0.0608827 0.107215 -0.977984 -0.0620751 0.998041 0.00781672 0.201994 -0.106529 -0.0144125 0.994205 52.1666
0.99079 0.0618085 0.120474 -0.934858 -0.0627161 0.998024 0.00375275 0.206072 -0.120004 -0.0112739 0.992709 52.444
0.988717 0.0632452 0.135788 -0.888854 -0.0640328 0.997947 0.0014357 0.208557 -0.135419 -0.0101144 0.990737 52.7173
0.986261 0.0647882 0.151958 -0.838636 -0.0656004 0.997846 0.000332304 0.208105 -0.151609 -0.0102962 0.988387 52.9855
0.983552 0.0646076 0.168676 -0.779446 -0.0653786 0.99786 -0.00098471 0.21475 -0.168379 -0.0100593 0.985671 53.2596
0.98041 0.0634119 0.186479 -0.710952 -0.0641291 0.997939 -0.00218958 0.215744 -0.186234 -0.00981208 0.982456 53.5206
0.976629 0.0618857 0.205831 -0.64387 -0.0626964 0.998029 -0.00258782 0.210974 -0.205585 -0.0103775 0.978584 53.7644
0.972086 0.0623041 0.226202 -0.572285 -0.0630979 0.998 -0.00372627 0.210312 -0.225982 -0.0106507 0.974073 54.0234
0.966733 0.064496 0.247524 -0.496658 -0.0650854 0.997863 -0.00580914 0.210147 -0.247369 -0.0104943 0.968864 54.2881
0.96055 0.0655161 0.27028 -0.409403 -0.065883 0.997797 -0.0077249 0.206793 -0.270191 -0.0103867 0.962751 54.5405
0.95337 0.0666755 0.294346 -0.304975 -0.0670682 0.99771 -0.00877202 0.205338 -0.294257 -0.0113783 0.955659 54.8042
0.944906 0.0696071 0.319856 -0.19957 -0.0702312 0.997485 -0.00959833 0.201432 -0.31972 -0.0133944 0.947417 55.0628
0.93503 0.071694 0.347246 -0.0890908 -0.0725063 0.997311 -0.0106716 0.195713 -0.347077 -0.0151993 0.937713 55.3218
0.924018 0.0724111 0.37543 0.0392549 -0.0732556 0.99724 -0.0120443 0.187537 -0.375266 -0.0163732 0.926772 55.5712
0.91137 0.0708033 0.405453 0.175446 -0.0711644 0.997363 -0.0142053 0.179386 -0.40539 -0.0159076 0.914005 55.8151
0.896552 0.0680948 0.437673 0.33139 -0.0675647 0.997573 -0.0168033 0.171876 -0.437756 -0.0145062 0.898977 56.0541
0.879337 0.0673455 0.471414 0.494073 -0.0651184 0.997655 -0.021057 0.163768 -0.471727 -0.0121815 0.88166 56.2895
0.859732 0.0694358 0.506003 0.670299 -0.0652366 0.99753 -0.0260438 0.154431 -0.506561 -0.0106192 0.862139 56.5339
0.837994 0.0716592 0.540953 0.861398 -0.0655746 0.99738 -0.0305394 0.145092 -0.541725 -0.00988098 0.840498 56.7719
0.813414 0.0744023 0.576907 1.0698 -0.0667574 0.997173 -0.0344779 0.139058 -0.577841 -0.0104679 0.816082 57.02
0.786138 0.0783345 0.613067 1.29622 -0.070094 0.996836 -0.0374888 0.125616 -0.614063 -0.0135009 0.789141 57.2709
0.756384 0.0826187 0.648889 1.54114 -0.0742334 0.996425 -0.0403371 0.111517 -0.649902 -0.0176589 0.759813 57.5157
0.723439 0.0839985 0.685259 1.81048 -0.0748031 0.996264 -0.0431504 0.0946357 -0.686324 -0.0200428 0.72702 57.7552
0.687015 0.0814224 0.722067 2.10899 -0.0717825 0.996446 -0.0440644 0.0741235 -0.723089 -0.0215589 0.690418 57.9928
0.648439 0.0796387 0.75709 2.4548 -0.0687483 0.996575 -0.0459481 0.0587002 -0.758156 -0.0222541 0.651693 58.2345
0.606289 0.0793902 0.791272 2.80695 -0.0673774 0.996555 -0.0483608 0.0432107 -0.792385 -0.0239932 0.609549 58.4614
0.560485 0.079341 0.824355 3.17581 -0.0645329 0.996558 -0.0520385 0.0235009 -0.825646 -0.0240312 0.563676 58.671
0.512715 0.0781699 0.854993 3.58508 -0.0616685 0.996627 -0.0541384 0.00138617 -0.856341 -0.0249685 0.515807 58.8748
0.464246 0.076326 0.882411 4.02258 -0.060479 0.996686 -0.0543918 -0.0210333 -0.883639 -0.0281162 0.467324 59.0717
0.414661 0.0738697 0.906973 4.47543 -0.0608238 0.996721 -0.0533712 -0.0502154 -0.907941 -0.0330346 0.417794 59.2494
0.364345 0.073424 0.928365 4.93707 -0.0649537 0.996463 -0.0533182 -0.0783124 -0.928996 -0.0408745 0.367825 59.4147
0.315163 0.0735295 0.946185 5.43075 -0.062811 0.996424 -0.056512 -0.0987944 -0.946957 -0.0416204 0.318654 59.5565
0.268533 0.0702588 0.960705 5.95597 -0.0515366 0.996956 -0.0585046 -0.127178 -0.961891 -0.033801 0.271336 59.6578
0.224483 0.0640473 0.972371 6.48516 -0.0379775 0.997655 -0.0569451 -0.158373 -0.973738 -0.024145 0.226389 59.7347
0.182525 0.062747 0.981197 7.0334 -0.02912 0.997869 -0.0583962 -0.184647 -0.98277 -0.0179136 0.183963 59.7965
0.144349 0.0638987 0.987462 7.60065 -0.0260038 0.997813 -0.0607673 -0.214019 -0.989185 -0.0169061 0.145695 59.855
0.111667 0.0640937 0.991677 8.17204 -0.0175436 0.99789 -0.0625198 -0.253152 -0.993591 -0.0104162 0.112556 59.8877
0.0825111 0.0620509 0.994657 8.76351 -0.0103711 0.998059 -0.0614029 -0.292249 -0.996536 -0.00524927 0.0829945 59.9191
0.0575143 0.0600882 0.996535 9.36619 -0.00317729 0.998193 -0.0600048 -0.32191 -0.99834 0.00028485 0.0576012 59.9346
0.0376294 0.0586869 0.997567 9.97673 0.00151585 0.998269 -0.0587854 -0.352593 -0.999291 0.00372422 0.0374753 59.9369
0.0218577 0.0600027 0.997959 10.5997 0.00429786 0.998182 -0.0601103 -0.385763 -0.999752 0.00560296 0.0215601 59.9373
0.0082508 0.059815 0.998175 11.2431 0.00483855 0.998195 -0.0598561 -0.415479 -0.999954 0.00532358 0.00794649 59.9407
-0.00362233 0.0607746 0.998145 11.8889 0.00537289 0.998138 -0.0607547 -0.443483 -0.999979 0.00514285 -0.00394212 59.9378
-0.0126521 0.0636667 0.997891 12.5489 0.00996085 0.997929 -0.0635429 -0.471641 -0.99987 0.00913589 -0.0132601 59.9208
-0.0191209 0.0653376 0.99768 13.2163 0.0147425 0.997772 -0.0650611 -0.501936 -0.999708 0.0134642 -0.0200416 59.8986
-0.0235813 0.0645447 0.997636 13.9041 0.0152021 0.997821 -0.0641973 -0.530554 -0.999606 0.0136523 -0.0245111 59.877
-0.0271438 0.0616699 0.997727 14.6023 0.0128502 0.998034 -0.0613392 -0.568099 -0.999549 0.011156 -0.0278829 59.8653
-0.0298241 0.0548244 0.998051 15.3273 0.0109928 0.998452 -0.054518 -0.600092 -0.999495 0.00934544 -0.0303806 59.8538
-0.0309812 0.0493094 0.998303 16.0621 0.0123066 0.998725 -0.0489483 -0.626359 -0.999444 0.0107693 -0.0315485 59.8327
-0.0315966 0.046639 0.998412 16.7954 0.0147578 0.998824 -0.0461912 -0.655817 -0.999392 0.0132748 -0.0322477 59.8083
-0.0311567 0.0487582 0.998325 17.5423 0.017963 0.998675 -0.0482148 -0.688269 -0.999353 0.0164306 -0.0319912 59.7781
-0.0303198 0.0560264 0.997969 18.2834 0.0192766 0.998275 -0.055458 -0.721224 -0.999354 0.017556 -0.0313475 59.7549
-0.0280633 0.0635403 0.997585 19.0438 0.020078 0.997812 -0.06299 -0.754989 -0.999404 0.0182618 -0.0292776 59.7314
-0.0260404 0.0641525 0.9976 19.8075 0.0208976 0.997756 -0.063617 -0.78702 -0.999442 0.0191908 -0.0273226 59.7142
-0.0240086 0.0595447 0.997937 20.5911 0.0201198 0.998051 -0.0590675 -0.828755 -0.999509 0.0186601 -0.0251598 59.7017
-0.0214815 0.0527598 0.998376 21.3831 0.0197997 0.998433 -0.0523368 -0.872229 -0.999573 0.0186433 -0.0224925 59.6885
-0.0187912 0.0511183 0.998516 22.1665 0.0179024 0.998549 -0.0507831 -0.911934 -0.999663 0.0169216 -0.0196791 59.6837
-0.0149974 0.0562655 0.998303 22.9461 0.0255888 0.99811 -0.0558702 -0.950571 -0.99956 0.0247075 -0.0164088 59.6569
-0.0119605 0.0615023 0.998035 23.7234 0.0270718 0.997761 -0.0611609 -0.989088 -0.999562 0.0262871 -0.0135987 59.6501
-0.00947131 0.0619273 0.998036 24.5085 0.0214239 0.997864 -0.0617133 -1.02668 -0.999726 0.0207973 -0.0107778 59.6577
-0.0061788 0.0580476 0.998295 25.3001 0.0174054 0.998169 -0.0579326 -1.07157 -0.999829 0.0170178 -0.00717783 59.6655
-0.00152215 0.0538231 0.998549 26.082 0.0211287 0.998329 -0.053779 -1.12145 -0.999776 0.0210162 -0.00265683 59.6622
0.00191925 0.0546831 0.998502 26.8603 0.025635 0.998173 -0.0547143 -1.17073 -0.99967 0.0257016 0.000513947 59.6604
0.00475004 0.0587004 0.998264 27.6527 0.0255541 0.997942 -0.0588031 -1.21501 -0.999662 0.0257891 0.00324023 59.6657
0.00839721 0.0592073 0.99821 28.4313 0.0215601 0.998003 -0.0593764 -1.25446 -0.999732 0.0220201 0.00710393 59.6876
0.012168 0.0587805 0.998197 29.2306 0.02092 0.998037 -0.0590261 -1.29372 -0.999707 0.0216005 0.0109144 59.6978
0.0157632 0.0556113 0.998328 30.0257 0.0255253 0.998104 -0.0560019 -1.33613 -0.99955 0.0263654 0.0143139 59.7072
0.0193368 0.0558292 0.998253 30.8185 0.0303795 0.997946 -0.0564005 -1.37661 -0.999351 0.031417 0.017601 59.7201
0.0228317 0.0566212 0.998135 31.6106 0.0330469 0.997807 -0.0573586 -1.41212 -0.999193 0.0342949 0.0209104 59.7358
0.0252868 0.0565441 0.99808 32.4152 0.032963 0.997809 -0.0573639 -1.4497 -0.999137 0.0343502 0.0233675 59.7621
0.0287468 0.054655 0.998091 33.2183 0.0346411 0.99785 -0.0556395 -1.49583 -0.998986 0.0361744 0.0267917 59.7887
0.0323951 0.0534904 0.998043 34.0235 0.0368958 0.997822 -0.0546762 -1.54161 -0.998794 0.0385948 0.030351 59.8093
0.0353856 0.0538609 0.997921 34.8192 0.0357352 0.99784 -0.0551237 -1.57823 -0.998735 0.0376115 0.0333845 59.841
0.0385554 0.0558777 0.997693 35.6172 0.0327826 0.997827 -0.0571521 -1.61788 -0.998719 0.0349105 0.0366398 59.878
0.041111 0.0558047 0.997595 36.4236 0.0344348 0.997767 -0.0572334 -1.66009 -0.998561 0.0367049 0.0390976 59.9153
0.0439688 0.0554013 0.997496 37.2271 0.0322303 0.997863 -0.0568424 -1.70233 -0.998513 0.0346488 0.0420892 59.9545
0.0462529 0.0557832 0.997371 38.0378 0.0306808 0.997889 -0.057235 -1.74024 -0.998458 0.0332474 0.0444438 60.0009
0.0491272 0.0560569 0.997218 38.8466 0.0276949 0.997963 -0.0574631 -1.77886 -0.998408 0.0304409 0.0474746 60.0493
0.0524655 0.0578337 0.996947 39.6616 0.0261681 0.997899 -0.0592661 -1.82394 -0.99828 0.0291976 0.0508419 60.098
0.0558454 0.0610446 0.996572 40.4632 0.0250213 0.99773 -0.0625177 -1.86991 -0.998126 0.0284269 0.0541912 60.1457
0.0593894 0.0626959 0.996264 41.2721 0.0252618 0.997612 -0.0642866 -1.9208 -0.997915 0.0289854 0.0576638 60.1966
0.062363 0.0651444 0.995925 42.0915 0.0194572 0.997599 -0.0664723 -1.96241 -0.997864 0.0235233 0.0609458 60.2585
0.0650176 0.0643323 0.995808 42.9121 0.0153917 0.997736 -0.0654618 -2.0066 -0.997765 0.0195833 0.0638802 60.3229
0.0688599 0.0649124 0.995512 43.7351 0.0173583 0.997652 -0.0662526 -2.05489 -0.997475 0.0218425 0.0675715 60.3803
0.0724939 0.0661323 0.995174 44.5692 0.0161307 0.997591 -0.067468 -2.10357 -0.997238 0.0209439 0.0712525 60.4482
0.0760976 0.0672395 0.994831 45.4027 0.0121696 0.997587 -0.0683567 -2.14843 -0.997026 0.0173085 0.0750957 60.5272
0.0800077 0.0652104 0.994659 46.2452 0.011223 0.997736 -0.0663148 -2.19846 -0.996731 0.0164687 0.0790947 60.6023
0.0847776 0.0649999 0.994278 47.0995 0.0116623 0.997737 -0.0662204 -2.25356 -0.996332 0.0172096 0.0838277 60.6792
0.0895949 0.0688682 0.993594 47.9468 0.00790426 0.997526 -0.0698534 -2.30182 -0.995947 0.0141121 0.0888289 60.7697
0.0959895 0.0769055 0.992407 48.7895 0.00649797 0.996941 -0.0778854 -2.36123 -0.995361 0.0139248 0.0951962 60.8554
0.103199 0.0815511 0.991312 49.6426 0.00483438 0.99658 -0.0824877 -2.41624 -0.994649 0.0133051 0.102452 60.953
0.110728 0.0842825 0.990271 50.4938 0.000637388 0.996391 -0.0848747 -2.4792 -0.993851 0.0100292 0.110274 61.0601
0.117776 0.0824995 0.989607 51.3572 -0.00325675 0.99657 -0.0826924 -2.53987 -0.993035 0.00651631 0.117641 61.1765
0.12539 0.0805189 0.988835 52.2242 -0.00338485 0.99673 -0.0807325 -2.60983 -0.992102 0.00677602 0.125253 61.2898
0.132928 0.077018 0.988129 53.09 -0.00363853 0.997007 -0.0772205 -2.66733 -0.991119 0.00666942 0.13281 61.4099
0.140576 0.0710627 0.987516 53.9443 -0.00600962 0.997464 -0.070923 -2.73469 -0.990052 0.00403549 0.140647 61.5353
0.147913 0.0636603 0.986949 54.8204 -0.0082828 0.997971 -0.0631298 -2.7845 -0.988966 0.00116304 0.14814 61.6784
0.155344 0.0607201 0.985993 55.6778 -0.00803853 0.998154 -0.0602026 -2.83965 -0.987828 0.00142618 0.155545 61.8247
0.162566 0.0620258 0.984746 56.5275 -0.0078955 0.998072 -0.0615617 -2.89709 -0.986666 0.0022328 0.162743 61.9708
0.168161 0.0682831 0.983392 57.3645 -0.00745632 0.997658 -0.0679987 -2.95549 -0.985731 0.00410224 0.168276 62.1252
0.173213 0.0720305 0.982247 58.1984 -0.00867676 0.997395 -0.0716112 -3.00004 -0.984846 0.00388125 0.173386 62.2835
0.177982 0.0747538 0.98119 59.0171 -0.0102506 0.997197 -0.074114 -3.05928 -0.98398 0.00313316 0.178249 62.4477
0.183325 0.0742269 0.980246 59.8369 -0.012582 0.997241 -0.0731607 -3.11689 -0.982972 0.00107867 0.183753 62.6089
0.188551 0.0711266 0.979484 60.6489 -0.00858191 0.997455 -0.0707795 -3.17068 -0.982026 0.00493972 0.188682 62.7628
0.193147 0.0639508 0.979084 61.4571 -0.00794746 0.997943 -0.0636149 -3.22836 -0.981138 0.00450577 0.193258 62.9245
0.196565 0.0573878 0.97881 62.2529 -0.0096167 0.99835 -0.0566022 -3.28329 -0.980444 0.0017131 0.196793 63.093
0.199372 0.0540244 0.978434 63.042 -0.0138997 0.998535 -0.052302 -3.32991 -0.979825 -0.00317239 0.19983 63.2731
0.202667 0.0539126 0.977762 63.8146 -0.0156747 0.998534 -0.051809 -3.37475 -0.979122 -0.00482618 0.203215 63.4392
0.204736 0.0559128 0.977219 64.5766 -0.0178572 0.998414 -0.0533843 -3.41733 -0.978654 -0.00652076 0.20541 63.6094
0.206255 0.0601042 0.97665 65.3175 -0.0222819 0.998141 -0.0567212 -3.46208 -0.978244 -0.0100625 0.207211 63.7792
0.208466 0.0642913 0.975914 66.0516 -0.0230014 0.997883 -0.0608252 -3.50139 -0.977759 -0.00976741 0.209504 63.9417
0.210654 0.0699311 0.975056 66.779 -0.0232428 0.997514 -0.0665203 -3.54021 -0.977284 -0.00865024 0.211755 64.1072
0.212482 0.0717885 0.974524 67.5034 -0.0219275 0.997397 -0.0686924 -3.58346 -0.976919 -0.00677299 0.213503 64.2673
0.213846 0.0715207 0.974246 68.2155 -0.0245986 0.997394 -0.0678207 -3.63134 -0.976558 -0.00946182 0.215049 64.4353
0.214357 0.0684436 0.974354 68.9259 -0.0247024 0.997603 -0.0646421 -3.6793 -0.976443 -0.0102124 0.215534 64.5972
0.21494 0.0656511 0.974418 69.6217 -0.0248626 0.997782 -0.061741 -3.7277 -0.976311 -0.010956 0.216096 64.7582
0.214645 0.063986 0.974594 70.3127 -0.0242748 0.997893 -0.0601694 -3.77494 -0.976391 -0.010743 0.215746 64.9134
0.212999 0.0632716 0.975002 70.9997 -0.0247834 0.99793 -0.0593453 -3.81519 -0.976738 -0.0115233 0.214126 65.0719
0.21167 0.0637714 0.975258 71.6629 -0.0254712 0.99789 -0.059723 -3.85676 -0.977009 -0.0121994 0.212848 65.2202
0.209489 0.0663391 0.975558 72.3066 -0.0261653 0.997719 -0.0622274 -3.89934 -0.977461 -0.0124898 0.210747 65.366
0.206972 0.0702056 0.975825 72.9458 -0.0250385 0.997475 -0.0664526 -3.94292 -0.978027 -0.0106794 0.208207 65.5081
0.205395 0.0703755 0.976146 73.5834 -0.0224155 0.997488 -0.0671976 -3.98233 -0.978422 -0.00807874 0.206457 65.6411
0.203101 0.069415 0.976694 74.2103 -0.0233762 0.997543 -0.0660358 -4.01627 -0.978879 -0.00941945 0.204224 65.7752
0.200499 0.0662373 0.977452 74.8347 -0.0236362 0.997748 -0.0627643 -4.05464 -0.979409 -0.0105191 0.201613 65.9087
0.198625 0.062147 0.978103 75.4502 -0.0235834 0.998002 -0.0586222 -4.09567 -0.979792 -0.0114232 0.199693 66.035
0.197108 0.0610489 0.978479 76.0489 -0.019743 0.998104 -0.0582963 -4.13701 -0.980183 -0.00782746 0.19794 66.1463
0.195418 0.0622718 0.978741 76.6392 -0.0158413 0.998052 -0.0603376 -4.16832 -0.980592 -0.00371344 0.196024 66.2577
0.192903 0.063757 0.979144 77.2214 -0.0115392 0.997965 -0.0627091 -4.20448 -0.98115 0.000798171 0.193246 66.3679
0.191249 0.0654813 0.979355 77.8069 -0.0119146 0.997854 -0.0643915 -4.23792 -0.981469 0.00064617 0.191619 66.485
0.190097 0.068364 0.979382 78.3878 -0.0124247 0.99766 -0.0672283 -4.26616 -0.981687 0.000611326 0.190501 66.5994
0.188967 0.0666068 0.979722 78.9711 -0.010658 0.997777 -0.0657786 -4.30447 -0.981926 0.00198812 0.189257 66.7087
0.189703 0.0644909 0.979721 79.554 -0.00413753 0.997884 -0.0648854 -4.34087 -0.981833 0.00825529 0.189568 66.8156
0.191917 0.0625925 0.979413 80.1417 0.00106451 0.99795 -0.0639858 -4.36996 -0.981411 0.0133225 0.191457 66.9207
0.194209 0.0617169 0.979017 80.7327 0.00451863 0.997952 -0.0638069 -4.39841 -0.98095 0.0168157 0.193532 67.0323
0.197196 0.0611744 0.978454 81.3267 0.00193785 0.998025 -0.0627886 -4.44067 -0.980362 0.0142777 0.196688 67.1669
0.202866 0.0614431 0.977277 81.92 0.000901106 0.998017 -0.0629342 -4.47885 -0.979206 0.0136478 0.202408 67.2955
0.209409 0.0605334 0.975953 82.519 0.00203785 0.998053 -0.0623414 -4.50442 -0.977826 0.0150437 0.208877 67.4246
0.216945 0.060716 0.974294 83.1262 0.00025796 0.99806 -0.0622545 -4.53484 -0.976184 0.0137571 0.216508 67.5676
0.225542 0.0577782 0.972519 83.741 0.00167954 0.998215 -0.0596943 -4.57562 -0.974232 0.0150969 0.225042 67.7162
0.234623 0.0572297 0.9704 84.3577 -0.00187357 0.99829 -0.0584215 -4.61379 -0.972085 0.0118889 0.234329 67.8768
0.244536 0.0568687 0.967971 84.991 -0.00264385 0.998314 -0.0579834 -4.64722 -0.969637 0.0116199 0.244274 68.041
0.254298 0.0606271 0.965224 85.617 -0.00777169 0.998129 -0.0606464 -4.67816 -0.967095 0.00792084 0.254293 68.2218
0.263787 0.0628923 0.962528 86.2522 -0.0108256 0.998002 -0.0622433 -4.70665 -0.96452 0.00599899 0.263941 68.4112
0.274646 0.0655836 0.959306 86.8922 -0.0150293 0.997842 -0.0639153 -4.73834 -0.961428 0.00313636 0.275039 68.6122
0.285201 0.067093 0.956116 87.5504 -0.0158141 0.997741 -0.0652966 -4.77552 -0.958337 0.00350254 0.285618 68.8122
0.295137 0.0680434 0.953029 88.2137 -0.0192711 0.997682 -0.0652635 -4.80789 -0.955261 0.000895723 0.295764 69.0295
0.30542 0.0682707 0.949767 88.8817 -0.0198469 0.997666 -0.0653315 -4.84501 -0.952011 0.00110367 0.306062 69.2616
0.315511 0.0693635 0.946383 89.5681 -0.0239411 0.997589 -0.0651349 -4.87588 -0.94862 -0.00210666 0.316411 69.5083
0.325959 0.0642727 0.943197 90.2686 -0.023323 0.997929 -0.0599422 -4.91001 -0.945096 -0.00245942 0.326783 69.7598
0.336655 0.0567219 0.939918 90.9756 -0.018744 0.99839 -0.0535369 -4.94244 -0.941442 0.000405668 0.337176 70.0186
0.347637 0.0522479 0.936172 91.6841 -0.0170874 0.998633 -0.0493886 -4.97453 -0.937474 0.00117254 0.348055 70.2869
0.357979 0.048723 0.932457 92.4038 -0.0174529 0.998812 -0.0454899 -5.00661 -0.933566 1.03237e-05 0.358405 70.5773
0.367497 0.0459358 0.92889 93.1327 -0.0107643 0.998923 -0.0451404 -5.03566 -0.929962 0.00659017 0.367596 70.8629
0.376054 0.0403162 0.92572 93.8796 -0.00408984 0.999115 -0.0418512 -5.05906 -0.926589 0.0119523 0.375886 71.1626
0.383053 0.0304092 0.923226 94.6356 0.00588586 0.999357 -0.0353589 -5.08148 -0.923708 0.0189783 0.382627 71.4677
0.389982 0.0255144 0.920469 95.4028 0.0117785 0.999396 -0.0326925 -5.10363 -0.920747 0.0235912 0.389446 71.787
0.397083 0.0255001 0.917429 96.1515 0.0138319 0.999334 -0.0337634 -5.12894 -0.917679 0.0260967 0.396465 72.1182
0.404111 0.0319717 0.914151 96.9107 0.0162615 0.99898 -0.0421271 -5.14665 -0.914565 0.0318895 0.403179 72.4597
0.411354 0.0362378 0.910755 97.6679 0.0203492 0.998595 -0.0489238 -5.16249 -0.911248 0.0386581 0.410039 72.7963
0.417055 0.0380318 0.908085 98.4189 0.0187675 0.998551 -0.0504399 -5.1964 -0.908687 0.0380787 0.415737 73.141
0.421822 0.0391323 0.905834 99.1614 0.0123913 0.998726 -0.0489156 -5.23458 -0.906594 0.0318581 0.4208 73.5027
0.42624 0.0424693 0.903613 99.8893 0.0063198 0.998733 -0.049921 -5.27245 -0.904588 0.026989 0.425431 73.8584
0.430383 0.0458592 0.901481 100.618 0.0052589 0.998564 -0.0533086 -5.30825 -0.902631 0.0276839 0.429524 74.211
0.434746 0.0499151 0.899169 101.338 0.00235065 0.998396 -0.05656 -5.34734 -0.90055 0.0267029 0.433932 74.5669
0.438132 0.0527589 0.897361 102.041 -0.000554676 0.998292 -0.0584221 -5.38489 -0.89891 0.0250989 0.437413 74.9269
0.442232 0.0510066 0.895449 102.741 -0.00134057 0.998418 -0.0562098 -5.42863 -0.896899 0.0236574 0.441601 75.2795
0.446097 0.0474632 0.893725 103.433 -9.98832e-06 0.998593 -0.0530275 -5.4797 -0.894985 0.0236465 0.44547 75.6408
0.449478 0.0446798 0.892173 104.112 -0.000425843 0.998759 -0.0498031 -5.51974 -0.893291 0.0220054 0.448939 75.9896
0.453135 0.0433965 0.890385 104.775 -0.00129338 0.998845 -0.0480245 -5.5636 -0.891441 0.02061 0.452668 76.3384
0.456477 0.045295 0.888581 105.426 -0.00305892 0.998777 -0.0493408 -5.59382 -0.88973 0.0198048 0.456058 76.6781
0.459395 0.0453773 0.887072 106.072 -0.0013901 0.99873 -0.0503691 -5.62444 -0.888231 0.0219062 0.458874 77.0162
0.461681 0.0434565 0.885981 106.706 0.00108436 0.998771 -0.0495538 -5.65315 -0.887045 0.0238388 0.461067 77.3422
0.46333 0.0423148 0.885175 107.332 0.00303903 0.998778 -0.0493362 -5.68708 -0.886181 0.025549 0.462635 77.6727
0.465076 0.0420453 0.884272 107.944 0.00159228 0.99883 -0.0483297 -5.72834 -0.885269 0.023885 0.464465 78.0027
0.467224 0.0412101 0.883178 108.556 0.00359653 0.998816 -0.0485086 -5.75963 -0.884132 0.0258408 0.466523 78.326
0.469673 0.0431042 0.881788 109.148 0.00234622 0.998743 -0.050071 -5.79772 -0.882837 0.0255859 0.468981 78.6493
0.472441 0.0431068 0.880307 109.742 0.00508172 0.998653 -0.0516292 -5.82969 -0.881347 0.0288653 0.471586 78.9676
0.475308 0.0424057 0.878797 110.322 0.00674067 0.998633 -0.0518341 -5.8641 -0.879793 0.0305609 0.474373 79.2856
0.478543 0.0402729 0.87714 110.896 0.010183 0.998626 -0.0514063 -5.89684 -0.878005 0.0335321 0.477476 79.598
0.481773 0.039179 0.87542 111.457 0.0114034 0.998635 -0.050969 -5.93031 -0.876222 0.0345382 0.480668 79.9072
0.484873 0.038782 0.873724 112.007 0.012742 0.998597 -0.0513959 -5.95774 -0.874492 0.0360535 0.483699 80.2133
0.488297 0.0377893 0.871859 112.55 0.0134288 0.998618 -0.0508045 -5.9893 -0.872574 0.0365157 0.487114 80.5239
0.491742 0.0371695 0.869947 113.094 0.0150304 0.998577 -0.0511614 -6.01777 -0.870611 0.0382338 0.490484 80.8355
0.496057 0.0382185 0.867448 113.628 0.0146869 0.998519 -0.0523921 -6.05167 -0.868165 0.0387296 0.494761 81.1371
0.5004 0.0382173 0.86495 114.158 0.0172962 0.998385 -0.0541194 -6.07597 -0.865622 0.0420417 0.498931 81.4404
0.505094 0.0411541 0.862083 114.673 0.0153031 0.998278 -0.0566218 -6.1131 -0.862929 0.0417919 0.503594 81.7502
0.510693 0.0466393 0.858497 115.186 0.0125612 0.998016 -0.0616911 -6.14551 -0.859671 0.042289 0.509094 82.0654
0.516566 0.0537655 0.854558 115.697 0.00748144 0.997705 -0.0672942 -6.17689 -0.856215 0.0411552 0.514979 82.3914
0.522705 0.0602299 0.850384 116.203 0.00233124 0.997396 -0.0720753 -6.21098 -0.852511 0.0396565 0.521203 82.72
0.529144 0.0647201 0.84606 116.713 -0.000984881 0.997133 -0.0756606 -6.24456 -0.848531 0.0392021 0.527691 83.0536
0.534595 0.064841 0.842617 117.227 -0.00474505 0.997267 -0.0737311 -6.28203 -0.845095 0.035418 0.533442 83.3976
0.540173 0.063819 0.839131 117.754 -0.0109832 0.99757 -0.0687987 -6.32046 -0.841482 0.0279469 0.539562 83.7559
0.546133 0.0615183 0.835437 118.281 -0.0174554 0.997919 -0.0620721 -6.36019 -0.837517 0.0193167 0.54607 84.1184
0.552206 0.0597141 0.831566 118.815 -0.0233709 0.998148 -0.0561566 -6.39634 -0.83338 0.0115756 0.55258 84.4903
0.558377 0.0576614 0.827581 119.355 -0.0256136 0.998304 -0.0522746 -6.4312 -0.829192 0.00799159 0.558907 84.8706
0.564931 0.0612923 0.822859 119.893 -0.030517 0.998107 -0.0533947 -6.45654 -0.824574 0.00505313 0.565732 85.25
0.571064 0.0650925 0.818321 120.438 -0.0343366 0.997873 -0.0554131 -6.48761 -0.820187 0.00354602 0.572084 85.6494
0.577263 0.0683695 0.813691 120.987 -0.0370391 0.997655 -0.05755 -6.51828 -0.815718 0.00308311 0.578442 86.0559
0.583953 0.0706603 0.808706 121.554 -0.0392315 0.997497 -0.0588273 -6.54221 -0.810839 0.00262564 0.585264 86.4685
0.590406 0.0714423 0.803938 122.128 -0.0417047 0.997444 -0.0580106 -6.56701 -0.806028 0.000721775 0.591876 86.9089
0.596781 0.073631 0.799018 122.707 -0.0475159 0.997276 -0.0564115 -6.59857 -0.800996 -0.00430072 0.598654 87.3662
0.603976 0.0713499 0.793803 123.301 -0.0475207 0.997437 -0.0534966 -6.62921 -0.795585 -0.00541139 0.605818 87.8273
0.611409 0.0691491 0.788288 123.898 -0.0474168 0.997586 -0.0507316 -6.662 -0.789893 -0.00636032 0.613212 88.2998
0.619088 0.0691368 0.782272 124.5 -0.0477878 0.997588 -0.0503471 -6.69243 -0.783866 -0.00621373 0.620899 88.7836
0.626791 0.0710293 0.775943 125.106 -0.0518763 0.997431 -0.0493995 -6.72878 -0.777458 -0.00928989 0.628866 89.3036
0.634567 0.0718446 0.769521 125.72 -0.0525239 0.997377 -0.0498052 -6.75341 -0.771081 -0.00881349 0.636676 89.8279
0.641537 0.0728 0.76363 126.343 -0.0546277 0.997295 -0.0491826 -6.78025 -0.765145 -0.0101629 0.643778 90.3643
0.646511 0.0713246 0.759563 126.974 -0.0542125 0.997398 -0.0475142 -6.81756 -0.760976 -0.0104593 0.648695 90.919
0.649983 0.0701182 0.756707 127.613 -0.0529946 0.997492 -0.0469096 -6.83779 -0.758099 -0.00961101 0.652069 91.4916
0.653655 0.0673314 0.753792 128.264 -0.0492627 0.997707 -0.0464003 -6.86874 -0.755188 -0.00680405 0.655473 92.0543
0.657237 0.0632263 0.751027 128.934 -0.0434919 0.997996 -0.0459572 -6.89751 -0.752428 -0.00245878 0.65867 92.6403
0.660877 0.0565841 0.748358 129.605 -0.0357288 0.998395 -0.0439374 -6.93164 -0.749643 0.00229924 0.661838 93.2258
0.664325 0.0508599 0.745711 130.283 -0.0298302 0.998691 -0.0415394 -6.95638 -0.746848 0.00535094 0.664973 93.8317
0.667514 0.0453979 0.743212 130.964 -0.0241309 0.998934 -0.0393452 -6.98082 -0.744206 0.0083291 0.667898 94.4349
0.671051 0.0433191 0.740144 131.637 -0.0236015 0.999034 -0.037073 -7.01804 -0.741035 0.00740934 0.671425 95.0508
0.67383 0.0447717 0.737528 132.309 -0.024022 0.998962 -0.0386949 -7.04025 -0.738496 0.00835688 0.674207 95.6815
0.677042 0.0497403 0.734262 132.977 -0.0298757 0.998749 -0.0401096 -7.06365 -0.735338 0.0052193 0.677681 96.3236
0.680089 0.0531546 0.7312 133.643 -0.0359613 0.998586 -0.0391447 -7.08936 -0.732247 0.000326973 0.681039 96.9707
0.682925 0.0498434 0.728786 134.324 -0.0359911 0.998754 -0.0345809 -7.11418 -0.729601 -0.00261366 0.683868 97.6262
0.686407 0.0473436 0.725675 135.004 -0.0389911 0.998839 -0.0282838 -7.12914 -0.726171 -0.00888061 0.687456 98.2952
0.689722 0.0417148 0.722871 135.689 -0.038132 0.999046 -0.0212687 -7.14815 -0.723069 -0.0128951 0.690655 98.9688
0.693969 0.0381889 0.718992 136.373 -0.036323 0.999178 -0.0180119 -7.16086 -0.719088 -0.0136162 0.694785 99.6426
0.698277 0.0348326 0.71498 137.057 -0.030149 0.99936 -0.0192424 -7.17123 -0.715193 -0.00811939 0.69888 100.312
0.703049 0.0317761 0.710432 137.743 -0.0196145 0.999488 -0.0252943 -7.1819 -0.710871 0.00384837 0.703312 100.985
0.708159 0.0331347 0.705275 138.42 -0.0136869 0.999355 -0.0332081 -7.2018 -0.70592 0.0138636 0.708156 101.661
0.713741 0.033374 0.699615 139.099 -0.0104584 0.999261 -0.0369986 -7.21953 -0.700332 0.0190905 0.713562 102.352
0.71951 0.0292535 0.693865 139.783 -0.00805223 0.999397 -0.033785 -7.23885 -0.694435 0.0187215 0.719312 103.07
0.725056 0.0234995 0.688289 140.459 -0.00335258 0.999526 -0.0305941 -7.27168 -0.688682 0.0198749 0.724791 103.783
0.730295 0.0202786 0.682831 141.132 0.000975359 0.999527 -0.0307269 -7.30078 -0.683131 0.0231057 0.72993 104.503
0.734857 0.0220564 0.677864 141.798 0.00360067 0.99933 -0.0364197 -7.3249 -0.678213 0.029204 0.734285 105.22
0.738511 0.0231833 0.673843 142.46 0.00315595 0.999279 -0.0378386 -7.35383 -0.674234 0.0300708 0.737905 105.953
0.741469 0.0205773 0.670671 143.113 0.00516524 0.999325 -0.0363715 -7.38565 -0.670967 0.0304325 0.740862 106.687
0.743912 0.0147467 0.668115 143.775 0.00894352 0.999447 -0.032018 -7.41031 -0.668218 0.0297938 0.743368 107.421
0.745156 0.0109481 0.666801 144.445 0.0114772 0.999507 -0.0292367 -7.43916 -0.666792 0.0294389 0.744662 108.169
0.745575 0.00604653 0.666394 145.109 0.0151309 0.999547 -0.0259981 -7.46304 -0.666249 0.0294667 0.745147 108.917
0.745768 0.00550962 0.666183 145.768 0.0146549 0.999588 -0.0246726 -7.48767 -0.666045 0.0281629 0.74538 109.665
0.745587 0.00642726 0.666378 146.431 0.0127135 0.999634 -0.0238663 -7.50997 -0.666287 0.0262664 0.745232 110.418
0.74518 0.00862453 0.666808 147.091 0.0110092 0.999621 -0.0252323 -7.5324 -0.666773 0.0261436 0.744802 111.162
0.743967 0.0125982 0.668098 147.748 0.00673898 0.99963 -0.026354 -7.55504 -0.668183 0.0241088 0.743607 111.912
0.741963 0.0164208 0.67024 148.418 0.00346517 0.999593 -0.0283259 -7.57167 -0.670432 0.0233392 0.741604 112.674
0.740088 0.019167 0.672237 149.078 -0.00110826 0.999627 -0.0272816 -7.60305 -0.672509 0.0194457 0.739834 113.417
0.737801 0.0211594 0.674687 149.739 -0.00416522 0.999632 -0.0267954 -7.628 -0.675006 0.0169594 0.737618 114.156
0.735741 0.0206171 0.676949 150.413 -0.00484632 0.999671 -0.0251787 -7.64157 -0.677246 0.0152443 0.735599 114.888
0.733264 0.0192468 0.679671 151.082 -0.00559637 0.999736 -0.0222727 -7.65278 -0.679921 0.0125281 0.733179 115.624
0.730714 0.0150174 0.682519 151.764 -0.00137398 0.999788 -0.0205273 -7.67056 -0.682683 0.0140618 0.73058 116.35
0.728003 0.0189506 0.685311 152.436 -0.00186839 0.999669 -0.0256586 -7.69239 -0.685571 0.0173991 0.727798 117.066
0.724668 0.0289647 0.688489 153.094 -0.0077013 0.999394 -0.0339385 -7.7186 -0.689055 0.0192919 0.724452 117.777
0.721206 0.0359461 0.691787 153.76 -0.010764 0.999114 -0.0406934 -7.74354 -0.692637 0.021902 0.720954 118.491
0.717562 0.0345666 0.695636 154.43 -0.0127881 0.999253 -0.0364624 -7.7682 -0.696377 0.0172681 0.717468 119.197
0.713916 0.032581 0.699473 155.109 -0.0157121 0.999411 -0.0305154 -7.80593 -0.700055 0.0107953 0.714008 119.902
0.710591 0.0308799 0.702928 155.786 -0.0179985 0.999507 -0.025714 -7.8314 -0.703375 0.00562043 0.710796 120.599
0.707508 0.0310276 0.706024 156.462 -0.0179899 0.999503 -0.0258974 -7.85481 -0.706476 0.00562127 0.707715 121.28
0.704252 0.0294105 0.70934 157.147 -0.0166082 0.999551 -0.0249541 -7.88393 -0.709756 0.00579311 0.704424 121.965
0.701165 0.0286721 0.712422 157.832 -0.0133802 0.999544 -0.0270588 -7.91411 -0.712874 0.00944029 0.701229 122.638
0.697572 0.0278319 0.715974 158.517 -0.0100493 0.999527 -0.0290633 -7.94001 -0.716445 0.0130787 0.697521 123.305
0.693836 0.0285488 0.719567 159.203 -0.00814132 0.999461 -0.0318034 -7.97163 -0.720087 0.0162081 0.693694 123.963
0.689901 0.0288965 0.723327 159.893 -0.0087425 0.999463 -0.0315894 -7.99609 -0.723851 0.0154699 0.689783 124.625
0.685972 0.0302883 0.726998 160.584 -0.0106645 0.999444 -0.0315764 -8.02109 -0.72755 0.0139074 0.685913 125.282
0.681052 0.0295553 0.731638 161.28 -0.00984818 0.999464 -0.0312071 -8.04887 -0.732168 0.0140484 0.680979 125.942
0.675409 0.0323177 0.736735 161.984 -0.012842 0.999403 -0.032067 -8.0746 -0.737332 0.0121972 0.675421 126.598
0.669418 0.0397273 0.741823 162.685 -0.0175576 0.999136 -0.0376635 -8.10898 -0.742678 0.012188 0.669537 127.244
0.663302 0.0456461 0.746959 163.4 -0.0208724 0.998878 -0.042506 -8.12996 -0.748061 0.0126035 0.66351 127.899
0.656899 0.0484947 0.752418 164.118 -0.0220027 0.998737 -0.0451609 -8.16455 -0.753658 0.0131109 0.657136 128.539
0.650233 0.04299 0.758518 164.863 -0.0234038 0.999057 -0.0365602 -8.2007 -0.759374 0.00602052 0.650626 129.187
0.643515 0.0395007 0.764413 165.616 -0.0298036 0.999203 -0.0265434 -8.22686 -0.764853 -0.0057012 0.64418 129.836
0.636414 0.0345397 0.770574 166.37 -0.0294758 0.999356 -0.0204506 -8.25245 -0.770784 -0.0096982 0.637023 130.472
0.62954 0.0355844 0.776153 167.136 -0.0342992 0.99925 -0.0179925 -8.25862 -0.77621 -0.0152944 0.630288 131.102
0.621682 0.0371604 0.782388 167.926 -0.0333968 0.999223 -0.0209224 -8.26351 -0.782558 -0.0131222 0.62244 131.741
0.614854 0.0373088 0.787758 168.716 -0.028346 0.99928 -0.0252022 -8.27838 -0.788131 -0.00683405 0.61547 132.357
0.608013 0.0455274 0.79262 169.497 -0.0276525 0.998963 -0.0361675 -8.30288 -0.793445 7.23851e-05 0.608642 132.96
0.600838 0.0459329 0.79805 170.296 -0.0235913 0.998932 -0.0397334 -8.32906 -0.799023 0.00504628 0.601279 133.554
0.594154 0.0416449 0.803272 171.106 -0.0211779 0.999123 -0.036134 -8.36674 -0.804072 0.0044575 0.594515 134.148
0.586823 0.0354355 0.808939 171.938 -0.0174763 0.999364 -0.0310993 -8.40733 -0.809526 0.00411252 0.587069 134.751
0.579868 0.0344029 0.813984 172.741 -0.0167318 0.9994 -0.03032 -8.43225 -0.814539 0.00396224 0.580096 135.327
0.572748 0.0361161 0.818935 173.539 -0.0187081 0.999345 -0.0309883 -8.46093 -0.819518 0.00242783 0.573048 135.9
0.566803 0.0334029 0.823176 174.336 -0.0139152 0.999423 -0.0309733 -8.48587 -0.823736 0.00610114 0.566941 136.446
0.561654 0.0274016 0.826918 175.145 -0.00940763 0.999598 -0.0267339 -8.52144 -0.827319 0.00723586 0.561686 136.99
0.556609 0.0248504 0.830403 175.934 -0.00972924 0.999679 -0.0233947 -8.55226 -0.830718 0.0049425 0.556672 137.527
0.55236 0.0235575 0.833273 176.721 -0.0114344 0.999721 -0.0206835 -8.5792 -0.833527 0.00189672 0.552475 138.055
0.547412 0.0258809 0.836463 177.504 -0.011781 0.999661 -0.0232204 -8.59252 -0.83678 0.00285677 0.547531 138.578
0.543985 0.0281884 0.838621 178.277 -0.0107191 0.999587 -0.0266458 -8.61553 -0.839026 0.00550569 0.544063 139.08
0.540815 0.0338893 0.840458 179.038 -0.0115391 0.999393 -0.0328727 -8.64012 -0.841062 0.0080799 0.540878 139.576
