0.999999 -0.00123418 -0.00016789 -0.00458941 0.00123448 0.999998 0.00181857 -0.0230512 0.000165645 -0.00181877 0.999998 1.41939
0.999997 -0.00255789 -0.000616516 -0.0174163 0.00255902 0.999995 0.00183616 -0.0390855 0.000611816 -0.00183773 0.999998 2.81133
0.999989 -0.00458363 -0.00100659 -0.00200357 0.00458435 0.999989 0.000712453 -0.0565232 0.00100331 -0.00071706 0.999999 4.2738
0.999984 -0.00557555 -0.00112693 -0.00622741 0.00557652 0.999984 0.00085268 -0.0787705 0.00112215 -0.000858951 0.999999 5.68388
0.999977 -0.00661755 -0.0016597 0.00560145 0.00662054 0.999976 0.00179983 -0.105324 0.00164775 -0.00181078 0.999997 7.15441
0.999962 -0.00863082 -0.00145082 0.00344086 0.00863548 0.999957 0.00323618 -0.132438 0.00142283 -0.00324858 0.999994 8.58949
0.999963 -0.0084291 -0.00170304 -0.00686781 0.00843542 0.999957 0.00373962 -0.152084 0.00167145 -0.00375385 0.999992 10.0095
0.999963 -0.00839948 -0.00195756 -0.019752 0.00840331 0.999963 0.00195582 -0.17472 0.00194106 -0.0019722 0.999996 11.4307
0.99998 -0.00594625 -0.00205943 -0.0227807 0.00594623 0.999982 -1.27922e-05 -0.196196 0.00205947 5.46068e-07 0.999998 12.8874
0.999996 -0.0021451 -0.00171816 -0.0398773 0.00214326 0.999997 -0.00107435 -0.217594 0.00172046 0.00107066 0.999998 14.3273
0.999999 -0.000118005 -0.0016891 -0.0518801 0.000116086 0.999999 -0.00113602 -0.241328 0.00168924 0.00113582 0.999998 15.7984
0.999998 0.000714285 -0.00158233 -0.0649238 -0.000714957 1 -0.00042422 -0.260024 0.00158203 0.00042535 0.999999 17.2597
0.999996 -0.00239366 -0.00175615 -0.0552483 0.0023976 0.999995 0.00224125 -0.284134 0.00175077 -0.00224545 0.999996 18.7182
0.999978 -0.00627514 -0.00193399 -0.0495897 0.00628177 0.999974 0.00344221 -0.292064 0.00191234 -0.00345429 0.999992 20.1683
0.999956 -0.00915163 -0.00223864 -0.0511507 0.00915383 0.999958 0.000973151 -0.313521 0.00222964 -0.0009936 0.999997 21.6249
0.999946 -0.010115 -0.00237963 -0.0570495 0.0101122 0.999948 -0.00117885 -0.328488 0.00239143 0.00115472 0.999996 23.0874
0.999965 -0.00809788 -0.00209473 -0.0592916 0.00809227 0.999964 -0.00267086 -0.354631 0.00211628 0.00265381 0.999994 24.5573
0.999979 -0.00624601 -0.00157928 -0.064269 0.00624531 0.99998 -0.000449694 -0.388915 0.00158206 0.000439821 0.999999 26.019
0.999979 -0.0063317 -0.00150962 -0.0685974 0.00633671 0.999974 0.00334103 -0.418436 0.00148843 -0.00335053 0.999993 27.4898
0.999964 -0.0083937 -0.000824542 -0.0812477 0.0083979 0.999951 0.00521969 -0.433466 0.000780689 -0.00522643 0.999986 28.9562
0.999919 -0.0126663 -0.00109191 -0.0854626 0.0126701 0.999913 0.0035877 -0.45855 0.00104637 -0.00360124 0.999993 30.4315
0.999912 -0.0131898 -0.00128753 -0.0909043 0.0131912 0.999912 0.00107885 -0.47299 0.00127318 -0.00109574 0.999999 31.8955
0.999911 -0.01335 -0.000408703 -0.0979981 0.0133493 0.999909 -0.00176294 -0.485008 0.000432202 0.00175732 0.999998 33.3777
0.999946 -0.0103571 0.000161957 -0.105282 0.0103575 0.999944 -0.00235512 -0.516617 -0.000137556 0.00235667 0.999997 34.8574
0.999953 -0.00969631 0.000452881 -0.11268 0.00969818 0.999944 -0.00431326 -0.54741 -0.000411032 0.00431745 0.999991 36.3386
0.999957 -0.00921994 0.000409216 -0.119079 0.00922143 0.99995 -0.00381273 -0.573832 -0.000374042 0.00381634 0.999993 37.8224
0.999963 -0.00861514 0.000408279 -0.129171 0.00861624 0.999959 -0.00277427 -0.590999 -0.000384361 0.00277768 0.999996 39.3426
0.999971 -0.00764721 0.000304344 -0.135176 0.00764773 0.999969 -0.00175955 -0.612768 -0.000290879 0.00176183 0.999998 40.8237
0.99999 -0.00449695 0.000452185 -0.151782 0.00449769 0.999989 -0.00164278 -0.639026 -0.000444792 0.0016448 0.999999 42.3185
0.999997 -0.00234605 0.000664172 -0.161477 0.00234754 0.999995 -0.00225043 -0.652413 -0.000658889 0.00225198 0.999997 43.8347
1 -4.38412e-06 0.000750257 -0.176437 5.7523e-06 0.999998 -0.00182362 -0.674646 -0.000750248 0.00182363 0.999998 45.3122
1 0.000198952 0.000456078 -0.184461 -0.000198174 0.999999 -0.00170477 -0.705672 -0.000456417 0.00170468 0.999998 46.8
1 -0.000769661 0.000109596 -0.193606 0.00076985 0.999998 -0.00173617 -0.73422 -0.00010826 0.00173625 0.999998 48.3111
0.999999 -0.0014237 -0.000638534 -0.199654 0.00142223 0.999996 -0.00229654 -0.758246 0.000641802 0.00229563 0.999997 49.8274
0.999996 -0.00230717 -0.00175626 -0.212706 0.00230437 0.999996 -0.00159102 -0.792868 0.00175993 0.00158697 0.999997 51.3001
0.999995 -0.00174268 -0.00272705 -0.226851 0.00174089 0.999998 -0.000658776 -0.817302 0.00272819 0.000654025 0.999996 52.8238
0.999989 -0.00222589 -0.00416497 -0.23836 0.00222232 0.999997 -0.000861932 -0.848106 0.00416688 0.000852666 0.999991 54.3314
0.999984 -0.00175701 -0.00537024 -0.256542 0.00175491 0.999998 -0.00039641 -0.869913 0.00537093 0.000386979 0.999986 55.8425
0.999977 -0.00217492 -0.00636502 -0.269824 0.00217939 0.999997 0.000694903 -0.901687 0.00636349 -0.000708759 0.99998 57.4014
0.999966 -0.00416174 -0.00710456 -0.282065 0.00417261 0.99999 0.00151672 -0.929995 0.00709818 -0.00154631 0.999974 58.94
0.99995 -0.00649516 -0.00756223 -0.298516 0.00650956 0.999977 0.00188103 -0.963661 0.00754984 -0.00193017 0.99997 60.4727
0.999931 -0.00878812 -0.00781442 -0.322761 0.00879568 0.999961 0.000932451 -0.982714 0.00780592 -0.00100112 0.999969 62.0088
0.999928 -0.00915931 -0.00771707 -0.336314 0.00916691 0.999958 0.000950213 -0.99941 0.00770804 -0.00102089 0.99997 63.5475
0.999916 -0.010599 -0.00743534 -0.351705 0.0106116 0.999942 0.00164981 -1.02572 0.00741743 -0.00172857 0.999971 65.0768
0.999901 -0.0122569 -0.00691748 -0.370179 0.0122733 0.999922 0.00233434 -1.05237 0.00688833 -0.00241901 0.999973 66.6057
0.999877 -0.0141922 -0.00667594 -0.385355 0.0142069 0.999897 0.0021624 -1.07881 0.00664456 -0.00225698 0.999975 68.1284
0.999852 -0.0158518 -0.00662867 -0.39558 0.0158602 0.999873 0.00120556 -1.09704 0.00660872 -0.00131051 0.999977 69.6744
0.99986 -0.0155338 -0.00625651 -0.405048 0.0155407 0.999879 0.00105495 -1.12368 0.00623937 -0.00115203 0.99998 71.1827
0.999882 -0.0143419 -0.00544543 -0.41883 0.0143462 0.999897 0.000762169 -1.14789 0.00543394 -0.0008402 0.999985 72.714
0.999911 -0.012295 -0.00514306 -0.438681 0.0123066 0.999922 0.00223368 -1.18523 0.00511519 -0.00229678 0.999984 74.1911
0.999957 -0.00818321 -0.00445418 -0.447673 0.0081992 0.99996 0.00358384 -1.21021 0.00442468 -0.00362021 0.999984 75.7052
0.999983 -0.00452959 -0.00373448 -0.468873 0.00454486 0.999981 0.00409218 -1.237 0.00371587 -0.00410908 0.999985 77.191
0.999995 -0.000233782 -0.00309827 -0.487758 0.000245316 0.999993 0.00372292 -1.25962 0.00309738 -0.00372366 0.999988 78.704
0.999992 0.00316049 -0.00242685 -0.510442 -0.00315201 0.999989 0.00348725 -1.28723 0.00243785 -0.00347958 0.999991 80.2046
0.999983 0.00563497 -0.00142604 -0.528715 -0.00563039 0.999979 0.00319914 -1.3025 0.00144404 -0.00319105 0.999994 81.7056
0.999985 0.0053514 -0.00108611 -0.540003 -0.00534759 0.99998 0.00348443 -1.32102 0.00110474 -0.00347857 0.999993 83.2124
0.999991 0.00414235 -0.00101533 -0.542534 -0.00413905 0.999986 0.00322718 -1.34486 0.00102869 -0.00322295 0.999994 84.7122
0.999994 0.00319851 -0.00148448 -0.540772 -0.00319506 0.999992 0.00232174 -1.36353 0.00149189 -0.00231698 0.999996 86.233
0.999994 0.00282022 -0.0019649 -0.541283 -0.00281625 0.999994 0.00201575 -1.3888 0.00197058 -0.0020102 0.999996 87.738
0.999993 0.00309896 -0.00225075 -0.550398 -0.00309467 0.999993 0.00190595 -1.41287 0.00225664 -0.00189897 0.999996 89.2043
0.999993 0.00257476 -0.00255314 -0.577499 -0.00257053 0.999995 0.00165835 -1.44561 0.0025574 -0.00165178 0.999995 90.6463
0.99999 0.00256498 -0.0037763 -0.57607 -0.00255643 0.999994 0.00226738 -1.47026 0.00378209 -0.0022577 0.99999 92.158
0.999989 0.00119427 -0.00460803 -0.592686 -0.00118053 0.999995 0.00298393 -1.49195 0.00461157 -0.00297846 0.999985 93.6726
0.999984 -0.000646014 -0.00554354 -0.608689 0.000667131 0.999993 0.00380819 -1.50989 0.00554104 -0.00381183 0.999977 95.1632
0.999966 -0.00356729 -0.00738171 -0.610486 0.00359896 0.999984 0.00428196 -1.5334 0.00736632 -0.00430838 0.999964 96.6408
0.999951 -0.00518474 -0.00837462 -0.619735 0.00521608 0.999979 0.00372482 -1.5426 0.00835513 -0.00376832 0.999958 98.1438
0.999939 -0.00663221 -0.00883705 -0.634726 0.00665932 0.999973 0.00304201 -1.56394 0.00881663 -0.00310067 0.999956 99.6062
0.999932 -0.00744788 -0.00898182 -0.660762 0.00747019 0.999969 0.00245283 -1.58031 0.00896327 -0.00251976 0.999957 101.075
0.999936 -0.0071309 -0.00880735 -0.68888 0.00714314 0.999974 0.00135931 -1.59155 0.00879742 -0.00142213 0.99996 102.531
0.999934 -0.00744425 -0.00876371 -0.712831 0.00744974 0.999972 0.000594679 -1.61151 0.00875904 -0.000659927 0.999961 103.965
0.999942 -0.00668515 -0.00845336 -0.746637 0.00668235 0.999978 -0.000360196 -1.63286 0.00845558 0.000303687 0.999964 105.391
0.999946 -0.00595287 -0.00846674 -0.762139 0.00595386 0.999982 9.17879e-05 -1.66407 0.00846605 -0.000142193 0.999964 106.842
0.999946 -0.00589805 -0.00852035 -0.777933 0.00590974 0.999982 0.00134774 -1.69127 0.00851224 -0.00139802 0.999963 108.287
0.999954 -0.00509646 -0.00818623 -0.809965 0.00511616 0.999984 0.002387 -1.72312 0.00817393 -0.00242877 0.999964 109.726
0.999955 -0.00524608 -0.00790083 -0.831481 0.00525281 0.999986 0.000830465 -1.74913 0.00789636 -0.00087193 0.999968 111.171
0.99996 -0.00507848 -0.007414 -0.858849 0.00506448 0.999985 -0.00190653 -1.7702 0.00742357 0.00186891 0.999971 112.596
0.99995 -0.00597278 -0.00797925 -0.872236 0.00594526 0.999976 -0.00346796 -1.79188 0.00799978 0.00342035 0.999962 114.015
0.999926 -0.00917072 -0.00793432 -0.888772 0.00915803 0.999957 -0.00163472 -1.84071 0.00794897 0.00156194 0.999967 115.472
0.999912 -0.010864 -0.00767665 -0.896152 0.0108671 0.999941 0.000364871 -1.86314 0.00767224 -0.000448262 0.99997 116.927
0.999888 -0.0132651 -0.00696056 -0.904858 0.0132743 0.999911 0.00128165 -1.89672 0.00694294 -0.0013739 0.999975 118.386
0.99986 -0.0153263 -0.00674271 -0.902849 0.0153244 0.999883 -0.000339249 -1.92707 0.00674712 0.000235874 0.999977 119.825
0.999888 -0.0135514 -0.00635063 -0.919227 0.0135369 0.999906 -0.00232106 -1.96022 0.00638149 0.00223483 0.999977 121.223
0.999922 -0.0114583 -0.00505892 -0.938402 0.0114364 0.999925 -0.00433101 -1.98751 0.00510817 0.00427281 0.999978 122.646
0.999957 -0.00829263 -0.00404254 -0.946034 0.00827419 0.999955 -0.00455692 -2.01782 0.00408015 0.00452328 0.999981 124.089
0.999972 -0.00691935 -0.00269041 -0.959676 0.00691142 0.999972 -0.00294394 -2.04348 0.0027107 0.00292527 0.999992 125.54
0.999976 -0.00666668 -0.00190651 -0.978386 0.00666535 0.999978 -0.000705755 -2.07023 0.00191118 0.000693031 0.999998 126.959
0.999973 -0.00722826 -0.00123305 -0.982198 0.00722816 0.999974 -9.06032e-05 -2.09877 0.00123368 8.16881e-05 0.999999 128.381
0.99997 -0.00773201 -0.000351056 -0.98268 0.00773194 0.99997 -0.000200507 -2.12519 0.000352596 0.000197786 1 129.827
0.999978 -0.00655313 0.000942948 -0.988848 0.00655375 0.999978 -0.000661216 -2.15155 -0.000938595 0.000667382 0.999999 131.25
0.999986 -0.00477753 0.00218333 -0.998556 0.00477931 0.999988 -0.000810288 -2.17884 -0.00217943 0.000820712 0.999997 132.696
0.999984 -0.00440985 0.00342686 -1.00286 0.00441558 0.999989 -0.00166399 -2.20428 -0.00341949 0.0016791 0.999993 134.147
0.999985 -0.00334014 0.00437081 -1.00738 0.00335236 0.99999 -0.00279244 -2.22775 -0.00436144 0.00280705 0.999987 135.587
0.999977 -0.00433928 0.0052319 -1.00365 0.00435507 0.999986 -0.00301027 -2.25536 -0.00521877 0.00303299 0.999982 137.02
0.999968 -0.00450412 0.00655946 -1.01516 0.00451797 0.999988 -0.00209831 -2.27934 -0.00654992 0.00212788 0.999976 138.467
0.999956 -0.00590079 0.00730141 -1.00899 0.00591178 0.999981 -0.00148366 -2.30321 -0.00729251 0.00152676 0.999972 139.894
0.999948 -0.00695392 0.00750147 -1.00203 0.00696254 0.999975 -0.00112343 -2.33251 -0.00749347 0.00117561 0.999971 141.32
0.999925 -0.0097278 0.00738171 -0.994113 0.00973515 0.999952 -0.000960578 -2.35053 -0.00737202 0.00103237 0.999972 142.761
0.999906 -0.0117326 0.00704949 -0.988987 0.0117339 0.999931 -0.000145617 -2.37579 -0.0070473 0.000228321 0.999975 144.201
0.999895 -0.0128095 0.00679855 -0.991479 0.0128123 0.999918 -0.000360226 -2.40472 -0.00679337 0.000447293 0.999977 145.613
0.999882 -0.0143081 0.00564913 -0.993236 0.0143118 0.999897 -0.000604425 -2.42642 -0.0056399 0.000685202 0.999984 147.075
0.999869 -0.0154951 0.00459109 -0.987532 0.0154939 0.99988 0.000298494 -2.44679 -0.00459517 -0.000227321 0.999989 148.523
0.999849 -0.0170236 0.00355161 -0.990113 0.0170217 0.999855 0.000561816 -2.47376 -0.00356066 -0.000501276 0.999994 149.948
0.999828 -0.0184265 0.00200603 -0.989466 0.0184248 0.99983 0.00087156 -2.51294 -0.00202175 -0.00083445 0.999998 151.406
0.999826 -0.0186255 0.000520787 -0.98259 0.0186255 0.999827 0.000102109 -2.53738 -0.000522599 -9.23911e-05 1 152.875
0.999822 -0.0188517 -0.000563182 -0.981946 0.0188516 0.999822 -0.000154582 -2.55816 0.000565996 0.000143938 1 154.322
0.999757 -0.0219672 -0.0016844 -0.977245 0.0219643 0.999757 -0.00173553 -2.59798 0.00172211 0.00169811 0.999997 155.789
0.999612 -0.0276783 -0.00301434 -0.971481 0.0276727 0.999615 -0.00189864 -2.61921 0.00306573 0.00181448 0.999994 157.257
0.99934 -0.0361093 -0.00406792 -0.968301 0.0361131 0.999347 0.000856988 -2.64944 0.00403432 -0.00100333 0.999991 158.712
0.999035 -0.0435006 -0.00602599 -0.958332 0.0435158 0.99905 0.00242071 -2.67783 0.00591497 -0.0026806 0.999979 160.147
0.998887 -0.0466803 -0.00678259 -0.962589 0.0466744 0.99891 -0.00101787 -2.69978 0.00682271 0.000700168 0.999976 161.588
0.998905 -0.0463271 -0.00652413 -0.971484 0.0462998 0.998918 -0.00426893 -2.72345 0.00671484 0.00396219 0.99997 163.01
0.999053 -0.0431376 -0.00563052 -0.986684 0.0431014 0.99905 -0.00639387 -2.75097 0.00590099 0.00614513 0.999964 164.451
0.999024 -0.0438827 -0.00501498 -0.996863 0.0438529 0.999021 -0.00590087 -2.78435 0.00526901 0.00567519 0.99997 165.888
0.998856 -0.0475436 -0.00511584 -0.989622 0.0475315 0.998867 -0.00246478 -2.81234 0.00522723 0.0022188 0.999984 167.348
0.998554 -0.0535206 -0.00506135 -0.990794 0.053525 0.998566 0.000744161 -2.84953 0.00501426 -0.00101399 0.999987 168.807
0.998327 -0.0575874 -0.00521155 -0.992244 0.0575983 0.998338 0.00195816 -2.87395 0.00509012 -0.00225506 0.999985 170.254
0.998243 -0.0590111 -0.00537771 -0.98914 0.0590198 0.998256 0.00147498 -2.88988 0.00528129 -0.00178978 0.999984 171.726
0.998375 -0.0568259 -0.00423504 -1.00744 0.0568353 0.998381 0.00211301 -2.90752 0.00410811 -0.00235027 0.999989 173.168
0.998621 -0.052432 -0.00263288 -1.03373 0.0524347 0.998624 0.000986593 -2.92776 0.00257753 -0.00112329 0.999996 174.605
0.998788 -0.0491762 -0.00190505 -1.04654 0.0491744 0.99879 -0.000955601 -2.96777 0.00194974 0.000860764 0.999998 176.046
0.998913 -0.0465911 -0.00133941 -1.05824 0.0465893 0.998913 -0.00132255 -3.00044 0.00139957 0.00125871 0.999998 177.493
0.999011 -0.0444443 -0.00119359 -1.06082 0.0444442 0.999012 -0.00010619 -3.02409 0.00119713 5.30369e-05 0.999999 178.964
0.999127 -0.0417597 -0.00122087 -1.07213 0.0417586 0.999127 -0.000946008 -3.04257 0.00125931 0.0008942 0.999999 180.383
0.999199 -0.0399798 -0.00185048 -1.07443 0.0399737 0.999196 -0.00321622 -3.07783 0.00197757 0.00313967 0.999993 181.843
0.999336 -0.0363436 -0.00239913 -1.08397 0.0363282 0.999321 -0.00619225 -3.1078 0.00262255 0.00610099 0.999978 183.328
0.999491 -0.0317901 -0.0025666 -1.10402 0.0317703 0.999468 -0.00742263 -3.14109 0.0028012 0.00733732 0.999969 184.779
0.999628 -0.0271413 -0.00257245 -1.11349 0.0271253 0.999614 -0.00607486 -3.17693 0.00273634 0.00600283 0.999978 186.254
0.99971 -0.0240047 -0.00206549 -1.13042 0.0239959 0.999703 -0.00420284 -3.205 0.00216577 0.00415205 0.999989 187.715
0.9997 -0.0244029 -0.00216012 -1.14473 0.0243995 0.999701 -0.00161033 -3.24413 0.00219878 0.00155714 0.999996 189.187
0.999604 -0.0279865 -0.00286465 -1.15513 0.0279846 0.999608 -0.000715042 -3.275 0.00288354 0.000634593 0.999996 190.66
0.999532 -0.0302909 -0.00426707 -1.17593 0.0302891 0.999541 -0.000485157 -3.29283 0.00427981 0.000355685 0.999991 192.14
0.999513 -0.0306192 -0.00603142 -1.19354 0.0305902 0.99952 -0.00484971 -3.31576 0.00617702 0.00466284 0.99997 193.608
0.999545 -0.0292387 -0.00739634 -1.21569 0.029172 0.999534 -0.00896884 -3.34988 0.00765513 0.00874899 0.999932 195.093
0.999644 -0.025391 -0.00817892 -1.23653 0.0253139 0.999635 -0.0093934 -3.39316 0.00841445 0.00918302 0.999922 196.563
0.999729 -0.0218127 -0.00810818 -1.2694 0.0217446 0.999728 -0.00840045 -3.4297 0.00828921 0.00822186 0.999932 198.046
0.999765 -0.0200718 -0.00816832 -1.29438 0.0200325 0.999787 -0.00486345 -3.45704 0.00826421 0.00469868 0.999955 199.574
0.999789 -0.0190985 -0.0075544 -1.32658 0.0190731 0.999812 -0.00341467 -3.47571 0.0076182 0.00326986 0.999966 201.058
0.999778 -0.0196702 -0.00755844 -1.34226 0.0196498 0.999803 -0.00276656 -3.50048 0.00761137 0.00261743 0.999968 202.589
0.999731 -0.0219243 -0.00760894 -1.35552 0.0219107 0.999758 -0.00187026 -3.53172 0.00764811 0.00170304 0.999969 204.117
0.999666 -0.0247088 -0.00757573 -1.37233 0.0246999 0.999694 -0.00127298 -3.55899 0.00760487 0.00108544 0.99997 205.636
0.999597 -0.0273731 -0.00756235 -1.38172 0.0273622 0.999624 -0.00153976 -3.57824 0.00760166 0.00133222 0.99997 207.148
0.999522 -0.0300565 -0.00730572 -1.39508 0.0300529 0.999548 -0.000602671 -3.5957 0.00732053 0.000382824 0.999973 208.693
0.999357 -0.0351195 -0.00717283 -1.3989 0.0351272 0.999382 0.000946826 -3.62172 0.00713515 -0.00119818 0.999974 210.209
0.999242 -0.0382824 -0.00702046 -1.4109 0.0382897 0.999266 0.000908843 -3.64114 0.00698051 -0.00117697 0.999975 211.746
0.999319 -0.0363137 -0.00657565 -1.42728 0.036292 0.999336 -0.00338098 -3.66069 0.00669405 0.00314003 0.999973 213.292
0.999564 -0.0289026 -0.00606092 -1.45292 0.0288511 0.999548 -0.00841925 -3.6921 0.00630152 0.00824071 0.999946 214.788
0.999795 -0.0196589 -0.00476408 -1.48565 0.0196201 0.999775 -0.00805949 -3.72954 0.00492145 0.00796437 0.999956 216.312
0.999926 -0.0115393 -0.0039387 -1.51163 0.0115205 0.999922 -0.00478267 -3.75546 0.00399359 0.00473693 0.999981 217.855
0.999942 -0.0104313 -0.00283343 -1.53742 0.0104239 0.999942 -0.00260954 -3.78575 0.00286049 0.00257985 0.999993 219.423
0.999918 -0.0124387 -0.00319672 -1.54904 0.0124307 0.99992 -0.00250493 -3.80353 0.00322763 0.00246499 0.999992 220.988
0.999858 -0.0161832 -0.00467751 -1.55928 0.0161717 0.999866 -0.00246563 -3.83304 0.00471679 0.00238964 0.999986 222.516
0.999821 -0.0180273 -0.00574086 -1.56666 0.0180099 0.999833 -0.00305559 -3.85979 0.00579498 0.00295165 0.999979 224.079
0.999818 -0.0179919 -0.00639862 -1.57925 0.0179687 0.999832 -0.00365305 -3.89134 0.00646327 0.00353741 0.999973 225.65
0.99985 -0.0160788 -0.006473 -1.59646 0.0160531 0.999863 -0.00399349 -3.91329 0.00653632 0.00388898 0.999971 227.222
0.999868 -0.0147262 -0.00681403 -1.61299 0.014704 0.999886 -0.00329094 -3.93515 0.00686172 0.00319031 0.999971 228.805
0.999856 -0.0153769 -0.00718669 -1.63002 0.0153513 0.999876 -0.00359693 -3.9666 0.00724111 0.00348608 0.999968 230.381
0.999858 -0.0152131 -0.00718178 -1.65224 0.0151799 0.999874 -0.00465666 -3.99072 0.00725172 0.00454698 0.999963 231.941
0.999851 -0.0155667 -0.00740577 -1.67249 0.0155295 0.999867 -0.00505583 -4.01769 0.00748349 0.00494007 0.99996 233.497
0.99984 -0.0160691 -0.00786722 -1.69374 0.0160305 0.999859 -0.00494664 -4.04949 0.0079456 0.00481973 0.999957 235.063
0.999834 -0.0162521 -0.008177 -1.71636 0.0162111 0.999856 -0.0050513 -4.08911 0.00825792 0.0049179 0.999954 236.63
0.999827 -0.0166487 -0.00834216 -1.73826 0.0166077 0.99985 -0.00495831 -4.12761 0.00842345 0.00481891 0.999953 238.205
0.999834 -0.0159792 -0.00879151 -1.76427 0.0159324 0.999859 -0.00537475 -4.15359 0.00887615 0.00523379 0.999947 239.792
0.999831 -0.016034 -0.00897044 -1.79172 0.0159823 0.999855 -0.00580311 -4.17284 0.00906219 0.00565876 0.999943 241.371
0.999833 -0.0157222 -0.00928245 -1.8126 0.0156707 0.999862 -0.00559932 -4.20569 0.00936919 0.00545293 0.999941 242.957
0.999818 -0.0165428 -0.00948019 -1.83404 0.0164923 0.99985 -0.00538275 -4.24595 0.00956781 0.00522542 0.999941 244.573
0.999784 -0.0184791 -0.00952752 -1.85245 0.0184231 0.999813 -0.0059285 -4.27336 0.00963529 0.00575169 0.999937 246.199
0.999758 -0.0198351 -0.00956494 -1.87241 0.0197779 0.999786 -0.00603916 -4.30418 0.00968269 0.00584852 0.999936 247.794
0.999708 -0.0221296 -0.00968065 -1.89788 0.0220799 0.999743 -0.00520327 -4.34115 0.0097933 0.004988 0.99994 249.394
0.999701 -0.022462 -0.00971366 -1.91996 0.0224142 0.999736 -0.00500481 -4.37485 0.00982351 0.00478558 0.99994 251.018
0.999722 -0.0214861 -0.0097422 -1.93923 0.0214336 0.999755 -0.00546156 -4.40035 0.00985716 0.00525123 0.999938 252.65
0.999733 -0.0210459 -0.00952331 -1.95977 0.0209896 0.999762 -0.0059743 -4.44171 0.00964678 0.00577282 0.999937 254.251
0.999757 -0.0199427 -0.00943931 -1.97926 0.0198917 0.999787 -0.00547192 -4.47467 0.00954642 0.00528282 0.99994 255.858
0.999772 -0.0194382 -0.00887594 -2.00009 0.0194087 0.999806 -0.00339785 -4.51026 0.00894026 0.0032248 0.999955 257.472
0.999773 -0.0196397 -0.00822735 -2.02296 0.0196161 0.999803 -0.00293915 -4.54761 0.00828346 0.00277709 0.999962 259.104
0.999788 -0.019079 -0.00777311 -2.04576 0.0190463 0.99981 -0.00426435 -4.58676 0.00785299 0.00411539 0.999961 260.702
0.999788 -0.0192267 -0.00737905 -2.06515 0.019188 0.999802 -0.00528509 -4.62729 0.0074792 0.00514238 0.999959 262.33
0.999804 -0.0184573 -0.00720795 -2.09037 0.0184217 0.999818 -0.00497084 -4.65385 0.00729839 0.00483709 0.999962 263.955
0.999796 -0.0187256 -0.00760392 -2.10196 0.0186947 0.999817 -0.00411445 -4.68289 0.00767958 0.00397145 0.999963 265.582
0.99978 -0.0193295 -0.00819589 -2.11755 0.0192997 0.999807 -0.0037001 -4.72264 0.00826583 0.00354111 0.99996 267.235
0.999759 -0.0201815 -0.00864953 -2.13546 0.020153 0.999791 -0.00335985 -4.7524 0.00871553 0.00318473 0.999957 268.875
0.999784 -0.0188724 -0.00867226 -2.15474 0.0188442 0.999817 -0.00332289 -4.78044 0.00873338 0.00315875 0.999957 270.534
0.999801 -0.0180334 -0.00849709 -2.18052 0.0180068 0.999833 -0.00318704 -4.81879 0.00855315 0.0030334 0.999959 272.178
0.999799 -0.0179768 -0.00893103 -2.18921 0.0179523 0.999835 -0.00282241 -4.85618 0.00898029 0.0026615 0.999956 273.839
0.999769 -0.0194484 -0.00911523 -2.20538 0.0194259 0.999808 -0.00255263 -4.89 0.00916313 0.00237497 0.999955 275.476
0.999723 -0.0215841 -0.00938561 -2.22862 0.0215645 0.999765 -0.002185 -4.91561 0.00943056 0.001982 0.999954 277.098
0.999667 -0.023972 -0.00958429 -2.23725 0.0239592 0.999712 -0.00144136 -4.94639 0.00961608 0.00121125 0.999953 278.762
0.99962 -0.0257572 -0.00985562 -2.26399 0.0257356 0.999666 -0.0023059 -4.97818 0.00991172 0.00205138 0.999949 280.398
0.999574 -0.0274014 -0.0100428 -2.28053 0.0273716 0.999621 -0.00309191 -5.01966 0.0101237 0.0028157 0.999945 282.063
0.999535 -0.0289314 -0.00963211 -2.30458 0.0289201 0.999581 -0.00131447 -5.05052 0.00966611 0.0010353 0.999953 283.692
0.999459 -0.0315674 -0.00920541 -2.32364 0.0315752 0.999501 0.000711309 -5.08741 0.00917836 -0.00100159 0.999957 285.34
0.999423 -0.0326938 -0.00920771 -2.3367 0.0326904 0.999465 -0.00051842 -5.10403 0.00921974 0.000217117 0.999957 287.001
0.99938 -0.0340856 -0.00879793 -2.35802 0.0340735 0.999418 -0.00151444 -5.13834 0.00884443 0.00121373 0.99996 288.648
0.99939 -0.0339275 -0.00822051 -2.37604 0.0339173 0.999424 -0.0013817 -5.17857 0.00826265 0.00110204 0.999965 290.291
0.999474 -0.0315227 -0.00764169 -2.39809 0.031514 0.999503 -0.00125896 -5.21191 0.00767757 0.00101748 0.99997 291.923
0.999502 -0.0307245 -0.00713403 -2.41473 0.0307166 0.999527 -0.001212 -5.24995 0.00716789 0.000992267 0.999974 293.584
0.999541 -0.0296735 -0.00608698 -2.43284 0.029665 0.999559 -0.00147316 -5.27715 0.00612801 0.00129191 0.99998 295.239
0.999564 -0.0290899 -0.00495901 -2.45627 0.02908 0.999575 -0.00207557 -5.2987 0.00501728 0.00193046 0.999986 296.849
0.999563 -0.0292563 -0.00434104 -2.46693 0.0292465 0.99957 -0.00231268 -5.33919 0.00440683 0.0021847 0.999988 298.47
0.999519 -0.0307834 -0.00367657 -2.47354 0.0307735 0.999523 -0.00270489 -5.36612 0.00375808 0.00259045 0.99999 300.13
0.999501 -0.0314551 -0.00279654 -2.48359 0.0314489 0.999503 -0.00224192 -5.39536 0.00286567 0.00215285 0.999994 301.79
0.999471 -0.0324472 -0.00222377 -2.48569 0.0324452 0.999473 -0.000922927 -5.44454 0.00225255 0.000850288 0.999997 303.433
0.999419 -0.03401 -0.00200817 -2.49668 0.0340092 0.999421 -0.00042515 -5.48248 0.00202147 0.000356607 0.999998 305.074
0.999388 -0.0349221 -0.00212496 -2.49259 0.0349156 0.999386 -0.00303503 -5.51084 0.00222965 0.00295898 0.999993 306.717
0.999334 -0.0364246 -0.00216214 -2.5055 0.0364131 0.999324 -0.00512586 -5.54287 0.00234738 0.00504371 0.999985 308.406
0.999295 -0.0374016 -0.0032035 -2.51316 0.0373861 0.999289 -0.00477298 -5.58926 0.00337974 0.00464985 0.999983 310.061
0.999208 -0.0395087 -0.00465917 -2.52637 0.039487 0.999209 -0.00466402 -5.62283 0.00483976 0.00447635 0.999978 311.695
0.999171 -0.0402613 -0.00595551 -2.54221 0.0402314 0.999178 -0.00506036 -5.66395 0.00615435 0.00481657 0.999969 313.344
0.999156 -0.0405785 -0.00632294 -2.5624 0.0405465 0.999165 -0.00510108 -5.70123 0.00652465 0.00484041 0.999967 315.026
0.999141 -0.0408494 -0.00704113 -2.59103 0.0408147 0.999154 -0.00500693 -5.73469 0.00723971 0.00471524 0.999963 316.703
0.999067 -0.0423516 -0.00842595 -2.60839 0.0423121 0.999093 -0.00481658 -5.77026 0.00862229 0.00445556 0.999953 318.374
0.998993 -0.043844 -0.00948011 -2.63852 0.0438104 0.999033 -0.00372599 -5.80474 0.00963431 0.00330692 0.999948 320.074
0.99904 -0.0425817 -0.0102743 -2.65405 0.0425615 0.999091 -0.00217702 -5.84348 0.0103576 0.00173765 0.999945 321.803
0.999019 -0.0432918 -0.00934325 -2.69121 0.043273 0.999061 -0.00221278 -5.87236 0.00943027 0.0018063 0.999954 323.501
0.999019 -0.0434273 -0.00869338 -2.7157 0.0434094 0.999055 -0.00224031 -5.90997 0.00878246 0.00186074 0.99996 325.216
0.998963 -0.0447474 -0.00842842 -2.74238 0.0447298 0.998997 -0.00226911 -5.94075 0.0085215 0.00188975 0.999962 326.9
0.998846 -0.0473153 -0.00822119 -2.7606 0.0472897 0.998876 -0.00328103 -5.96589 0.00836719 0.00288847 0.999961 328.611
0.998763 -0.0490757 -0.00802219 -2.77261 0.0490324 0.998782 -0.00550097 -5.99577 0.00828238 0.00510082 0.999953 330.353
0.998721 -0.0498876 -0.0082198 -2.78982 0.0498356 0.998737 -0.00641027 -6.02666 0.00852921 0.00599244 0.999946 332.069
0.998691 -0.050052 -0.0105387 -2.81163 0.0499788 0.998725 -0.00710043 -6.06554 0.0108806 0.00656442 0.999919 333.791
0.998703 -0.049265 -0.0128248 -2.83049 0.0491867 0.998769 -0.00634972 -6.09999 0.0131219 0.00571068 0.999898 335.534
0.998734 -0.0484792 -0.013411 -2.86451 0.0484429 0.998821 -0.00302192 -6.13198 0.0135417 0.00236843 0.999906 337.26
0.998629 -0.0507023 -0.0130068 -2.89431 0.0507099 0.998713 0.000255261 -6.16354 0.0129772 -0.000914488 0.999915 338.965
0.998569 -0.0518932 -0.0129306 -2.9261 0.0519105 0.998651 0.0010047 -6.19457 0.012861 -0.00167449 0.999916 340.684
0.998491 -0.0533809 -0.012883 -2.94589 0.0533823 0.998574 -0.000233286 -6.21612 0.0128771 -0.000454792 0.999917 342.452
0.998449 -0.0542932 -0.0123496 -2.97526 0.0542945 0.998525 -0.000224076 -6.24226 0.0123436 -0.000446789 0.999924 344.218
0.99847 -0.053988 -0.011943 -3.00739 0.0539904 0.998541 -0.00011782 -6.25564 0.011932 -0.000527171 0.999929 345.96
0.998473 -0.0539911 -0.0116895 -3.01587 0.0539898 0.998541 -0.000430804 -6.27271 0.0116957 -0.000200967 0.999932 347.731
0.998532 -0.0529258 -0.0114873 -3.03032 0.0529145 0.998598 -0.00128109 -6.31062 0.011539 0.000671364 0.999933 349.492
0.998555 -0.0525847 -0.0110943 -3.0476 0.0525682 0.998616 -0.00176817 -6.34829 0.0111719 0.0011824 0.999937 351.264
0.998447 -0.0546747 -0.0106522 -3.07403 0.0546837 0.998504 0.000557517 -6.39779 0.0106057 -0.00113915 0.999943 353.011
0.998365 -0.0561119 -0.0108623 -3.09156 0.0561314 0.998422 0.00150321 -6.43603 0.0107608 -0.00211047 0.99994 354.752
0.998313 -0.0570215 -0.0109246 -3.11522 0.0570258 0.998373 8.18709e-05 -6.46472 0.0109022 -0.000704718 0.99994 356.469
0.998392 -0.0556275 -0.0108626 -3.14374 0.0556304 0.998451 -4.00797e-05 -6.49642 0.010848 -0.000564273 0.999941 358.209
0.9985 -0.0536711 -0.0108068 -3.17795 0.0536506 0.998557 -0.00218123 -6.52752 0.0109083 0.00159817 0.999939 359.937
0.998575 -0.0521465 -0.0113132 -3.20492 0.05209 0.998629 -0.00523702 -6.56033 0.0115707 0.00464025 0.999922 361.698
0.998631 -0.0508806 -0.0121409 -3.22958 0.0508195 0.998694 -0.00529552 -6.57486 0.0123945 0.00467128 0.999912 363.423
0.998628 -0.0506179 -0.0133969 -3.26043 0.0505986 0.998717 -0.00177539 -6.61511 0.0134696 0.00109508 0.999909 365.13
0.998671 -0.0494608 -0.0145179 -3.29534 0.0494851 0.998774 0.00132081 -6.65022 0.0144347 -0.00203747 0.999894 366.844
0.998657 -0.0494076 -0.0156192 -3.33008 0.0494132 0.998778 -2.55791e-05 -6.67924 0.0156014 -0.000746251 0.999878 368.559
0.998553 -0.0508296 -0.0175494 -3.35733 0.0508074 0.998707 -0.00170599 -6.70532 0.0176134 0.000811879 0.999845 370.274
0.998443 -0.0523764 -0.0192156 -3.40317 0.0523805 0.998627 -0.000292424 -6.73505 0.0192046 -0.000714555 0.999815 372.014
0.998322 -0.0542681 -0.0202172 -3.44007 0.0542675 0.998526 -0.000579106 -6.74091 0.0202188 -0.000519 0.999795 373.759
0.998264 -0.0550534 -0.020918 -3.47827 0.0550335 0.998483 -0.00152388 -6.76927 0.0209701 0.000370041 0.99978 375.477
0.998196 -0.0560755 -0.0214705 -3.52049 0.0560422 0.998426 -0.00215075 -6.80826 0.0215574 0.00094361 0.999767 377.176
0.998158 -0.056772 -0.0214095 -3.56525 0.0567338 0.998386 -0.0023882 -6.83787 0.0215105 0.00116916 0.999768 378.889
0.998135 -0.0572267 -0.0212453 -3.61095 0.0571875 0.99836 -0.0024508 -6.87628 0.0213507 0.00123127 0.999771 380.602
0.998052 -0.058588 -0.0214433 -3.6559 0.0585421 0.998281 -0.00276237 -6.91658 0.0215683 0.00150166 0.999766 382.31
0.998049 -0.0587055 -0.0212559 -3.70578 0.0586438 0.998273 -0.00351487 -6.95652 0.0214255 0.00226149 0.999768 384.032
0.998032 -0.0590708 -0.0210386 -3.75288 0.0590034 0.998251 -0.00380872 -6.98629 0.0212268 0.00255987 0.999771 385.74
0.998026 -0.0590968 -0.0212384 -3.79191 0.0590118 0.998247 -0.0046097 -7.02457 0.0214735 0.00334729 0.999764 387.438
0.997899 -0.0611658 -0.0213636 -3.8272 0.06106 0.998119 -0.00557131 -7.05405 0.0216642 0.00425515 0.999756 389.126
0.997816 -0.0625138 -0.0213564 -3.87533 0.0624365 0.99804 -0.00426959 -7.0842 0.0215814 0.00292685 0.999763 390.816
0.997711 -0.0641643 -0.0213487 -3.92038 0.0641019 0.997937 -0.00359779 -7.1211 0.0215355 0.00222106 0.999766 392.535
0.997638 -0.0653742 -0.0210966 -3.97696 0.0653002 0.997857 -0.00417921 -7.16168 0.0213246 0.00279173 0.999769 394.229
0.997664 -0.0651214 -0.0206394 -4.03087 0.0650348 0.997871 -0.00484086 -7.19414 0.0209107 0.00348727 0.999775 395.92
0.997754 -0.0638014 -0.0204244 -4.07682 0.0637398 0.99796 -0.00365481 -7.23731 0.0206159 0.00234475 0.999785 397.612
0.997857 -0.062281 -0.020061 -4.1182 0.0622381 0.998058 -0.002758 -7.27265 0.0201938 0.00150353 0.999795 399.333
0.997886 -0.0619483 -0.01963 -4.17537 0.0619047 0.998078 -0.0028216 -7.30321 0.019767 0.00160045 0.999803 401.032
0.997867 -0.0623423 -0.019356 -4.21701 0.0622734 0.998051 -0.00414376 -7.32934 0.0195766 0.00292956 0.999804 402.722
0.997885 -0.0620863 -0.0192473 -4.24366 0.0620117 0.998065 -0.00445262 -7.36479 0.0194865 0.00324964 0.999805 404.469
0.99788 -0.0622899 -0.0188497 -4.29018 0.0622143 0.998052 -0.00456766 -7.40247 0.0190975 0.00338526 0.999812 406.193
0.997978 -0.0608626 -0.0183351 -4.33617 0.060794 0.998141 -0.00427127 -7.44652 0.018561 0.00314797 0.999823 407.898
0.998018 -0.0602077 -0.0183227 -4.37689 0.0601583 0.998184 -0.003238 -7.48694 0.0184844 0.00212932 0.999827 409.64
0.998066 -0.0594945 -0.0180103 -4.41645 0.0594391 0.998225 -0.00359838 -7.52446 0.0181924 0.00252091 0.999831 411.36
0.99808 -0.0592399 -0.0181069 -4.4524 0.0591767 0.998239 -0.00400641 -7.56449 0.0183124 0.00292721 0.999828 413.067
0.998108 -0.058726 -0.0182182 -4.48583 0.0586603 0.998269 -0.00412232 -7.59745 0.0184288 0.00304584 0.999826 414.798
0.998169 -0.0577206 -0.0180575 -4.52553 0.0576744 0.998331 -0.00306881 -7.63028 0.0182045 0.00202174 0.999832 416.522
0.99821 -0.0570893 -0.0177958 -4.56418 0.0570466 0.998367 -0.00290163 -7.65908 0.0179324 0.00188125 0.999837 418.255
0.998267 -0.0562446 -0.0173213 -4.6074 0.0561965 0.998414 -0.00325174 -7.69531 0.0174768 0.00227271 0.999845 419.995
0.99825 -0.0565827 -0.0171934 -4.64574 0.056546 0.998397 -0.00261382 -7.73566 0.0173137 0.00163703 0.999849 421.728
