0.999997 -0.00205984 -0.00162931 0.00113247 0.00205836 0.999997 -0.000905201 -0.0106278 0.00163118 0.000901844 0.999998 0.605325
0.999991 -0.00277275 -0.00316337 0.00137349 0.00276481 0.999993 -0.00251168 -0.0216973 0.00317031 0.00250291 0.999992 1.20622
0.999981 -0.0034699 -0.00500971 -0.00817511 0.0034502 0.999986 -0.00393573 -0.0375017 0.0050233 0.00391837 0.99998 1.80957
0.99996 -0.00563584 -0.00695077 -0.0138449 0.00559848 0.99997 -0.00538214 -0.054081 0.00698089 0.00534301 0.999961 2.40446
0.999927 -0.00820822 -0.00884625 -0.0129519 0.00814629 0.999942 -0.00701469 -0.070381 0.00890332 0.00694212 0.999936 3.00835
0.999904 -0.00956289 -0.0100236 -0.0252294 0.00948463 0.999924 -0.00782663 -0.0796684 0.0100977 0.00773081 0.999919 3.61671
0.99988 -0.0100796 -0.0117758 -0.0349953 0.00999537 0.999924 -0.00719055 -0.0957328 0.0118474 0.00707198 0.999905 4.2398
0.999856 -0.0109067 -0.0130086 -0.0471239 0.0108133 0.999915 -0.00722759 -0.117485 0.0130863 0.00708588 0.999889 4.86025
0.999837 -0.0108628 -0.0143942 -0.0561446 0.0107217 0.999894 -0.00984218 -0.140348 0.0144996 0.00968625 0.999848 5.49655
0.999835 -0.00912511 -0.0157303 -0.0713234 0.00890921 0.999866 -0.0137407 -0.154435 0.0158535 0.0135983 0.999782 6.135
0.999823 -0.00767552 -0.0171551 -0.0856398 0.00737056 0.999815 -0.0177696 -0.164545 0.0172884 0.01764 0.999695 6.79247
0.999811 -0.00614264 -0.0184632 -0.102677 0.00581261 0.999823 -0.0178754 -0.175832 0.0185697 0.0177647 0.99967 7.46638
0.999796 -0.00378311 -0.0198348 -0.125584 0.00356769 0.999934 -0.0108848 -0.19077 0.0198747 0.0108119 0.999744 8.15296
0.999779 -0.00329284 -0.0207757 -0.14609 0.0032847 0.999995 -0.000426 -0.201916 0.020777 0.000357664 0.999784 8.8669
0.999765 -0.0022685 -0.0215804 -0.167179 0.00240307 0.999978 0.00621157 -0.218187 0.0215658 -0.00626197 0.999748 9.59045
0.999738 -0.000841272 -0.0228888 -0.190002 0.000965073 0.999985 0.00539832 -0.237378 0.0228839 -0.005419 0.999723 10.3155
0.999719 0.000869911 -0.0236738 -0.21687 -0.000915621 0.999998 -0.00192003 -0.244063 0.0236721 0.00194116 0.999718 11.0533
0.999693 0.00011753 -0.0247831 -0.24002 -0.000307863 0.99997 -0.00767628 -0.248474 0.0247815 0.00768155 0.999663 11.8154
0.999657 -0.00216978 -0.0260885 -0.258615 0.0020174 0.999981 -0.00586562 -0.25111 0.0261007 0.00581098 0.999642 12.5948
0.999644 -0.00318406 -0.0265073 -0.281093 0.00328155 0.999988 0.00363521 -0.260496 0.0264954 -0.0037209 0.999642 13.4041
0.999627 -0.00369329 -0.0270543 -0.306156 0.0039912 0.999932 0.0109659 -0.265353 0.027012 -0.0110698 0.999574 14.235
0.999603 -0.00459018 -0.0277917 -0.330638 0.00496951 0.999895 0.0135954 -0.268587 0.0277264 -0.0137281 0.999521 15.0798
0.999586 -0.00657172 -0.0280212 -0.350609 0.00692208 0.999899 0.0124248 -0.264446 0.0279368 -0.0126136 0.99953 15.9302
0.999587 -0.0074341 -0.0277517 -0.370178 0.00770422 0.999924 0.00963929 -0.258594 0.0276779 -0.00984912 0.999568 16.8146
0.999625 -0.00486755 -0.0269569 -0.403116 0.00503241 0.999969 0.00605141 -0.25819 0.0269266 -0.00618479 0.999618 17.7064
0.999632 -0.00811149 -0.0258995 -0.429658 0.00812025 0.999967 0.000233079 -0.259244 0.0258968 -0.000443304 0.999665 18.6096
0.999618 -0.0115011 -0.0251216 -0.449411 0.0113604 0.999919 -0.00573824 -0.275568 0.0251855 0.00545066 0.999668 19.538
0.999655 -0.0104989 -0.0240822 -0.47165 0.0102304 0.999884 -0.0112464 -0.285156 0.0241975 0.0109962 0.999647 20.4842
0.999669 -0.0094958 -0.0239231 -0.501536 0.00921353 0.999887 -0.0118817 -0.301424 0.0240333 0.0116574 0.999643 21.4464
0.999657 -0.00959801 -0.0243731 -0.529208 0.00932531 0.999893 -0.0112778 -0.323552 0.0244787 0.0110467 0.999639 22.4313
0.999665 -0.00832322 -0.0245101 -0.560664 0.00801852 0.99989 -0.0125038 -0.347487 0.0246115 0.0123031 0.999621 23.429
0.99968 -0.00600904 -0.0245576 -0.593908 0.00565939 0.999882 -0.0142828 -0.376787 0.0246405 0.0141393 0.999596 24.4447
0.999693 -0.00280485 -0.0246022 -0.634348 0.0024338 0.999883 -0.0150991 -0.397758 0.0246417 0.0150346 0.999583 25.4751
0.999692 -0.00129707 -0.0247975 -0.666745 0.000919606 0.999884 -0.0152272 -0.425065 0.0248144 0.0151997 0.999577 26.5079
0.999683 -0.000745342 -0.0251856 -0.697406 0.000357193 0.999881 -0.0154125 -0.45399 0.0251941 0.0153987 0.999564 27.5564
0.999677 -0.000942636 -0.0254024 -0.730334 0.00055215 0.999882 -0.0153747 -0.479775 0.0254139 0.0153557 0.999559 28.6227
0.999666 -0.000137771 -0.0258584 -0.761635 -0.000227998 0.9999 -0.0141416 -0.510961 0.0258578 0.0141428 0.999566 29.6847
0.999674 0.000496459 -0.0255255 -0.809856 -0.000810242 0.999924 -0.0122841 -0.531855 0.0255175 0.0123007 0.999599 30.7617
0.99967 0.000870681 -0.0256801 -0.847186 -0.00116406 0.999934 -0.0114115 -0.554196 0.0256685 0.0114376 0.999605 31.8448
0.999665 0.000138462 -0.0258994 -0.87998 -0.000464205 0.999921 -0.0125717 -0.586272 0.0258956 0.0125795 0.999586 32.9353
0.999657 0.00149369 -0.026163 -0.91522 -0.00185067 0.999905 -0.0136255 -0.60928 0.0261401 0.0136693 0.999565 34.0388
0.999648 0.00105646 -0.0265119 -0.953554 -0.00140658 0.999912 -0.013191 -0.625931 0.0264957 0.0132236 0.999561 35.1435
0.999636 0.000214729 -0.0269909 -0.989992 -0.000497519 0.999945 -0.010471 -0.656422 0.0269872 0.0104806 0.999581 36.265
0.999629 0.000585725 -0.0272227 -1.03198 -0.000766223 0.999978 -0.00662047 -0.685411 0.0272183 0.00663888 0.999607 37.3984
0.999602 0.000854997 -0.0281867 -1.06126 -0.000983398 0.999989 -0.00454183 -0.707024 0.0281825 0.00456774 0.999592 38.5369
0.999592 0.000427873 -0.0285729 -1.10189 -0.000543391 0.999992 -0.00403524 -0.732545 0.028571 0.00404912 0.999584 39.6714
0.999581 6.24043e-05 -0.0289408 -1.14082 -0.000221582 0.999985 -0.00549691 -0.753431 0.0289401 0.00550102 0.999566 40.8126
0.999566 0.000428358 -0.0294427 -1.18708 -0.0005986 0.999983 -0.00577358 -0.779878 0.0294398 0.0057887 0.99955 41.968
0.999547 -0.000108172 -0.0300939 -1.22841 -2.15814e-05 0.999991 -0.00431127 -0.805001 0.0300941 0.00430997 0.999538 43.1203
0.999523 -0.000374303 -0.0308947 -1.27119 0.000299336 0.999997 -0.00243113 -0.826469 0.0308955 0.00242072 0.99952 44.2963
0.99951 -0.00056349 -0.0312923 -1.31362 0.000570165 1 0.000204409 -0.852878 0.0312922 -0.000222151 0.99951 45.4541
0.9995 0.000671668 -0.0316218 -1.36159 -0.000679982 1 -0.000252144 -0.87622 0.0316216 0.00027352 0.9995 46.5985
0.999487 0.00183108 -0.031985 -1.40775 -0.00195875 0.99999 -0.00396078 -0.899277 0.0319774 0.0040214 0.999481 47.7438
0.999484 0.00284196 -0.031989 -1.45479 -0.00310005 0.999963 -0.00802149 -0.924187 0.031965 0.00811652 0.999456 48.8902
0.999492 0.00311906 -0.0317262 -1.50416 -0.0033856 0.999959 -0.00835076 -0.951081 0.0316988 0.00845393 0.999462 50.0329
0.999495 0.00337842 -0.0316118 -1.54642 -0.00355654 0.999978 -0.00558023 -0.980233 0.0315922 0.00568984 0.999485 51.1932
0.999485 0.00375139 -0.0318636 -1.58643 -0.00385274 0.999988 -0.00311968 -1.01073 0.0318515 0.00324083 0.999487 52.3439
0.999487 0.00200287 -0.0319697 -1.62778 -0.00206123 0.999996 -0.00179255 -1.03474 0.031966 0.00185753 0.999487 53.5007
0.999495 0.00154868 -0.0317394 -1.66327 -0.00163072 0.999995 -0.00255889 -1.06222 0.0317353 0.00260935 0.999493 54.672
0.999496 0.00041345 -0.0317298 -1.6997 -0.000549245 0.999991 -0.00427114 -1.08748 0.0317278 0.00428641 0.999487 55.8336
0.999507 0.000669372 -0.0313827 -1.74092 -0.000866403 0.99998 -0.00626515 -1.11955 0.0313779 0.00628926 0.999488 56.9976
0.999509 -0.00118474 -0.031319 -1.78327 0.000905817 0.99996 -0.00891859 -1.14545 0.0313283 0.00888584 0.99947 58.1658
0.99951 -0.00286493 -0.0311801 -1.8238 0.0024922 0.999925 -0.0119864 -1.18674 0.0312121 0.0119028 0.999442 59.313
0.999508 -0.00450036 -0.0310338 -1.86051 0.00408159 0.9999 -0.0135442 -1.22315 0.0310916 0.0134108 0.999427 60.4708
0.999513 -0.00593799 -0.0306508 -1.90196 0.00560639 0.999925 -0.0108932 -1.26396 0.0307132 0.010716 0.999471 61.6193
0.999497 -0.00788593 -0.0307303 -1.93788 0.00773042 0.999957 -0.00517619 -1.29262 0.0307697 0.00493602 0.999514 62.7888
0.999479 -0.00999989 -0.0306928 -1.97439 0.0100331 0.999949 0.000927519 -1.32123 0.0306819 -0.00123498 0.999528 63.9493
0.999472 -0.0111339 -0.0305327 -2.01349 0.0111903 0.999936 0.00167617 -1.34201 0.0305121 -0.00201696 0.999532 65.102
0.999432 -0.0147783 -0.0302876 -2.0471 0.0147454 0.99989 -0.00130995 -1.35786 0.0303036 0.000862607 0.99954 66.2677
0.999403 -0.0166682 -0.0302742 -2.0847 0.0165395 0.999853 -0.00449405 -1.38102 0.0303447 0.00399065 0.999532 67.425
0.99943 -0.0149508 -0.0302839 -2.12861 0.014698 0.999855 -0.0085509 -1.41242 0.0304074 0.00810091 0.999505 68.5809
0.999417 -0.0155469 -0.0304061 -2.16555 0.0151615 0.999802 -0.0128646 -1.44038 0.0306 0.0123961 0.999455 69.7378
0.999471 -0.0127739 -0.0299237 -2.21002 0.0123635 0.999828 -0.0138578 -1.46814 0.0300955 0.0134805 0.999456 70.9035
0.999542 -0.00859942 -0.0290043 -2.25779 0.00831455 0.999916 -0.00992795 -1.50717 0.0290872 0.00968224 0.99953 72.0965
0.999538 -0.007527 -0.0294487 -2.29678 0.00729309 0.999941 -0.00804214 -1.53825 0.0295075 0.00782365 0.999534 73.2742
0.999527 -0.00853612 -0.0295299 -2.33638 0.00831579 0.999937 -0.00757593 -1.56475 0.0295927 0.00732678 0.999535 74.4443
0.999495 -0.0106529 -0.0299533 -2.36886 0.0104647 0.999925 -0.00643076 -1.59927 0.0300196 0.00611405 0.999531 75.6118
0.999473 -0.0118422 -0.0302291 -2.40923 0.0117014 0.99992 -0.00482797 -1.62888 0.0302838 0.0044717 0.999531 76.7648
0.999441 -0.0135284 -0.0305852 -2.44945 0.013456 0.999906 -0.00257011 -1.66154 0.0306171 0.00215712 0.999529 77.9394
0.999393 -0.0148465 -0.0315147 -2.48479 0.0148281 0.99989 -0.000818404 -1.6859 0.0315234 0.000350604 0.999503 79.1061
0.999356 -0.0157672 -0.0322467 -2.52228 0.0157088 0.999874 -0.00206602 -1.71112 0.0322753 0.00155813 0.999478 80.2548
0.999336 -0.0157116 -0.0328819 -2.56276 0.0155212 0.999861 -0.00603634 -1.73492 0.0329722 0.00552196 0.999441 81.4135
0.99932 -0.0154754 -0.0334734 -2.60725 0.0152109 0.999851 -0.00814102 -1.76388 0.0335944 0.00762632 0.999406 82.5659
0.999329 -0.0135662 -0.0340297 -2.65645 0.0133556 0.99989 -0.00640763 -1.79559 0.0341129 0.00594884 0.9994 83.7188
0.999335 -0.0124305 -0.0342912 -2.71247 0.0123642 0.999921 -0.00214288 -1.82027 0.0343151 0.00171747 0.99941 84.8746
0.999325 -0.0114197 -0.0349153 -2.75577 0.0114963 0.999932 0.0019936 -1.84995 0.0348902 -0.00239365 0.999388 86.0488
0.999303 -0.0109481 -0.0356774 -2.80355 0.0110569 0.999935 0.00285322 -1.87213 0.0356438 -0.00324571 0.999359 87.1908
0.999283 -0.0112136 -0.0361645 -2.85249 0.0112462 0.999937 0.000698235 -1.8912 0.0361544 -0.00110445 0.999346 88.3311
0.999262 -0.0117118 -0.0365915 -2.90171 0.0117155 0.999931 -0.000112399 -1.90937 0.0365903 -0.000316372 0.99933 89.4662
0.999231 -0.012659 -0.0371225 -2.94865 0.0126663 0.99992 -3.75014e-05 -1.93652 0.03712 -0.000432734 0.999311 90.575
0.999174 -0.0143297 -0.0380321 -2.99302 0.0143491 0.999897 0.000236831 -1.96094 0.0380248 -0.000782362 0.999276 91.6761
0.999122 -0.0160993 -0.0386715 -3.03769 0.0161794 0.999868 0.00175876 -1.98329 0.0386381 -0.0023829 0.99925 92.7646
0.999098 -0.01624 -0.0392264 -3.0871 0.01643 0.999855 0.00452426 -2.00254 0.0391472 -0.00516467 0.99922 93.8316
0.999036 -0.0175999 -0.0402163 -3.13432 0.017828 0.999827 0.00531937 -2.02172 0.0401157 -0.00603121 0.999177 94.874
0.998947 -0.0183456 -0.0420522 -3.18462 0.0185868 0.999813 0.00535058 -2.0411 0.0419462 -0.00612656 0.999101 95.8923
0.9988 -0.0185156 -0.0453354 -3.23338 0.0187175 0.999817 0.00403193 -2.05355 0.0452524 -0.00487566 0.998964 96.8948
0.998639 -0.0191524 -0.048514 -3.29233 0.0193219 0.999809 0.00302676 -2.07502 0.0484467 -0.00396002 0.998818 97.8752
0.998487 -0.0194297 -0.0514412 -3.34957 0.0196065 0.999803 0.00293404 -2.09078 0.051374 -0.00393818 0.998672 98.8247
0.99833 -0.0181407 -0.0548378 -3.40093 0.0183855 0.999823 0.00396326 -2.10887 0.0547562 -0.00496486 0.998487 99.7529
0.998174 -0.0172681 -0.0578779 -3.45983 0.0175928 0.999832 0.00510521 -2.12889 0.05778 -0.00611412 0.998311 100.65
0.99799 -0.016649 -0.0611529 -3.51879 0.0170754 0.999833 0.00645595 -2.14208 0.0610352 -0.00748718 0.998108 101.523
0.997837 -0.0153059 -0.0639293 -3.57898 0.0158083 0.999848 0.00735941 -2.16217 0.0638069 -0.00835411 0.997927 102.373
0.99771 -0.0130473 -0.0663724 -3.64285 0.0135815 0.999879 0.00760448 -2.17718 0.0662651 -0.0084885 0.997766 103.185
0.997545 -0.0115121 -0.0690742 -3.70566 0.011973 0.999909 0.00626174 -2.19496 0.0689958 -0.0070734 0.997592 103.966
0.997398 -0.0101568 -0.0713742 -3.76988 0.0103529 0.999944 0.0023782 -2.21188 0.0713461 -0.00311094 0.997447 104.706
0.997229 -0.00818913 -0.0739376 -3.83255 0.00812198 0.999966 -0.00120887 -2.23106 0.0739451 0.000605004 0.997262 105.41
0.997104 -0.00637844 -0.0757842 -3.89427 0.00608747 0.999973 -0.00406982 -2.24529 0.0758081 0.0035967 0.997116 106.094
0.997031 -0.00444912 -0.0768736 -3.94726 0.00408823 0.99998 -0.00485133 -2.26573 0.0768937 0.00452265 0.997029 106.742
0.997083 -0.00252144 -0.0762772 -3.99755 0.00218159 0.999987 -0.00453848 -2.28192 0.0762877 0.00435884 0.997076 107.365
0.997294 0.00128441 -0.0735026 -4.04594 -0.00151028 0.999994 -0.00301737 -2.29926 0.0734983 0.00312022 0.99729 107.97
0.997677 0.00326994 -0.0680409 -4.09078 -0.00340234 0.999993 -0.00183003 -2.31245 0.0680344 0.00205727 0.997681 108.553
0.998142 0.0035919 -0.0608226 -4.1224 -0.00359064 0.999994 0.000130072 -2.32385 0.0608227 8.85619e-05 0.998149 109.107
0.998687 0.00323106 -0.0511196 -4.14777 -0.00309307 0.999991 0.00277821 -2.33393 0.0511281 -0.00261644 0.998689 109.643
0.999213 0.00248724 -0.0395876 -4.15919 -0.00231682 0.999988 0.0043503 -2.34796 0.0395979 -0.00425516 0.999207 110.155
0.999664 0.00167331 -0.0258767 -4.16834 -0.00154995 0.999987 0.00478651 -2.36063 0.0258844 -0.0047448 0.999654 110.644
0.999942 0.00139288 -0.0106367 -4.16584 -0.00134611 0.999989 0.00440289 -2.37378 0.0106428 -0.00438832 0.999934 111.114
0.999973 -0.000383655 0.00732547 -4.14605 0.000370537 0.999998 0.00179201 -2.38559 -0.00732615 -0.00178924 0.999972 111.569
0.999594 -0.00112124 0.0284807 -4.11458 0.00118693 0.999997 -0.00228973 -2.3961 -0.0284781 0.0023226 0.999592 112.013
0.998576 -0.00357211 0.0532285 -4.0776 0.00391223 0.999973 -0.0062871 -2.40732 -0.0532046 0.00648638 0.998563 112.447
0.996721 -0.00588235 0.080701 -4.02463 0.00656914 0.999944 -0.00824742 -2.42117 -0.080648 0.00875051 0.996704 112.872
0.993823 -0.00862201 0.110644 -3.95093 0.00962114 0.999918 -0.00849946 -2.4336 -0.110561 0.00951147 0.993824 113.29
0.989611 -0.0111377 0.143336 -3.86709 0.0126133 0.999876 -0.00938993 -2.4454 -0.143214 0.0111003 0.98963 113.694
0.983766 -0.0135572 0.178945 -3.76395 0.0156636 0.999824 -0.0103634 -2.45142 -0.178773 0.0129981 0.983804 114.093
0.975952 -0.0168629 0.217331 -3.64375 0.0194189 0.999765 -0.00963037 -2.46566 -0.217118 0.0136191 0.97605 114.478
0.966049 -0.0191672 0.257646 -3.51098 0.0223308 0.999707 -0.00935815 -2.47961 -0.257391 0.0147939 0.966194 114.859
0.953843 -0.0186541 0.299725 -3.37073 0.0224662 0.999705 -0.00927745 -2.49159 -0.299463 0.0155829 0.953981 115.227
0.93869 -0.0167717 0.344353 -3.2147 0.0210953 0.999739 -0.00881252 -2.49871 -0.344115 0.0155365 0.938799 115.583
0.920955 -0.0166859 0.389312 -3.04 0.0207759 0.999764 -0.00629737 -2.50999 -0.389115 0.0138879 0.921085 115.926
0.900689 -0.0172464 0.434121 -2.84851 0.0212518 0.999765 -0.00437423 -2.51258 -0.433944 0.0131657 0.900844 116.253
0.87736 -0.0190489 0.479455 -2.643 0.0236066 0.999715 -0.00347882 -2.52548 -0.479252 0.0143704 0.87756 116.568
0.852118 -0.0188878 0.523009 -2.42382 0.0247499 0.999685 -0.00422179 -2.53864 -0.522764 0.0165419 0.852317 116.862
0.824574 -0.0170162 0.565499 -2.18796 0.0249174 0.99967 -0.00625228 -2.55087 -0.565206 0.0192462 0.824725 117.149
0.794127 -0.0119463 0.607634 -1.93459 0.0224365 0.999702 -0.00966822 -2.55664 -0.607337 0.021311 0.794158 117.428
0.76053 -0.00581735 0.649277 -1.6694 0.018153 0.999759 -0.012306 -2.56586 -0.649049 0.0211454 0.760453 117.697
0.723677 -0.00108329 0.690138 -1.38146 0.0153274 0.999777 -0.0145029 -2.56503 -0.689969 0.0210735 0.723532 117.953
0.684578 -0.000521368 0.72894 -1.07168 0.0168767 0.999743 -0.0151346 -2.56322 -0.728744 0.0226629 0.684411 118.19
0.643136 -0.0037545 0.765742 -0.743088 0.0196526 0.99974 -0.0116041 -2.57674 -0.765499 0.0225119 0.643043 118.415
0.599113 -0.00583696 0.800643 -0.395957 0.020412 0.99976 -0.00798551 -2.57712 -0.800404 0.021127 0.599088 118.63
0.55293 -0.00735294 0.833196 -0.0322471 0.0206301 0.999775 -0.00486765 -2.57225 -0.832973 0.0198804 0.552957 118.824
0.504927 -0.0103511 0.8631 0.342005 0.0208875 0.999782 -0.000229237 -2.58435 -0.862909 0.0181438 0.505034 118.999
0.454109 -0.0145428 0.890827 0.731893 0.022238 0.99974 0.00498477 -2.59352 -0.890668 0.0175466 0.454315 119.153
0.40253 -0.0144101 0.915293 1.13584 0.0183992 0.999801 0.0076489 -2.59773 -0.915222 0.0137618 0.402716 119.299
0.351934 -0.00929419 0.935979 1.53157 0.0135798 0.999896 0.0048228 -2.60335 -0.935926 0.0110131 0.352023 119.413
0.301596 -0.00435466 0.953426 1.94712 0.0126453 0.99992 0.000566941 -2.60322 -0.953352 0.0118854 0.301627 119.513
0.254969 -0.00244573 0.966946 2.37816 0.0120437 0.999927 -0.000646586 -2.61116 -0.966874 0.0118104 0.25498 119.594
0.213402 -0.00254443 0.976961 2.82334 0.0175857 0.999845 -0.00123728 -2.61507 -0.976806 0.0174445 0.213413 119.651
0.178324 -0.00247921 0.983969 3.28555 0.0245425 0.999697 -0.00192899 -2.61531 -0.983666 0.024493 0.178331 119.694
0.147495 -0.00127643 0.989062 3.75706 0.0281178 0.9996 -0.00290305 -2.61573 -0.988663 0.0282384 0.147471 119.745
0.119902 -0.00286918 0.992782 4.2591 0.025803 0.999667 -0.000227244 -2.61907 -0.99245 0.025644 0.119936 119.787
0.0944873 -0.00620313 0.995507 4.78008 0.0182636 0.999823 0.00449656 -2.62132 -0.995359 0.0177567 0.0945839 119.837
0.0708667 -0.0102341 0.997433 5.3146 0.0125362 0.999878 0.00936851 -2.62755 -0.997407 0.0118401 0.0709863 119.871
0.0481326 -0.0127938 0.998759 5.87215 0.0153343 0.99981 0.0120682 -2.63568 -0.998723 0.0147344 0.0483196 119.881
0.0279026 -0.0123536 0.999534 6.44671 0.0226779 0.999674 0.0117222 -2.64236 -0.999353 0.0223402 0.0281736 119.871
0.0106757 -0.0100602 0.999892 7.03579 0.0277199 0.999568 0.00976099 -2.64169 -0.999559 0.0276127 0.01095 119.857
-0.00344236 -0.00451723 0.999984 7.64899 0.0288068 0.999574 0.00461455 -2.63143 -0.999579 0.0288223 -0.00331077 119.85
-0.0142512 -6.12743e-05 0.999898 8.27792 0.0256955 0.99967 0.00042749 -2.63098 -0.999568 0.025699 -0.0142449 119.844
-0.0203116 7.58372e-06 0.999794 8.93566 0.0289298 0.999581 0.000580151 -2.61946 -0.999375 0.0289356 -0.0203034 119.819
-0.0230803 -0.00332229 0.999728 9.61864 0.0348899 0.999383 0.00412663 -2.62969 -0.999125 0.0349757 -0.0229502 119.795
-0.0226573 -0.00472738 0.999732 10.3264 0.0366756 0.999312 0.00555659 -2.63116 -0.99907 0.0367916 -0.0224683 119.786
-0.0203388 -0.00501603 0.999781 11.0436 0.0359734 0.999336 0.00574561 -2.63195 -0.999146 0.0360824 -0.0201449 119.773
-0.0190544 -0.00472928 0.999807 11.7854 0.0318226 0.999479 0.0053342 -2.63825 -0.999312 0.0319181 -0.018894 119.779
-0.0178023 -0.00365603 0.999835 12.5242 0.0307319 0.999519 0.00420207 -2.64229 -0.999369 0.0308017 -0.0176814 119.769
-0.0165936 -0.0029159 0.999858 13.3014 0.0312019 0.999507 0.0034327 -2.63976 -0.999375 0.0312544 -0.0164944 119.759
-0.0159076 -0.00346707 0.999867 14.0812 0.0309535 0.999513 0.00395831 -2.64293 -0.999394 0.0310124 -0.0157925 119.755
-0.0155308 -0.00459685 0.999869 14.894 0.0303862 0.999525 0.00506726 -2.64283 -0.999418 0.0304609 -0.0153838 119.755
-0.0151733 -0.00601172 0.999867 15.7145 0.0313992 0.999486 0.00648593 -2.64981 -0.999392 0.0314934 -0.0149768 119.747
-0.0159523 -0.00813398 0.99984 16.5503 0.0323239 0.99944 0.00864646 -2.65091 -0.99935 0.0324567 -0.0156804 119.74
-0.0171097 -0.009879 0.999805 17.3934 0.0306411 0.999476 0.0104001 -2.65917 -0.999384 0.0308131 -0.016798 119.732
-0.0184297 -0.0106991 0.999773 18.2503 0.0296205 0.999498 0.0112422 -2.65705 -0.999391 0.0298209 -0.0181036 119.723
-0.0196507 -0.013227 0.999719 19.1088 0.0317849 0.999399 0.0138475 -2.65962 -0.999302 0.0320481 -0.0192184 119.71
-0.0205192 -0.0146697 0.999682 19.9893 0.0339215 0.999306 0.0153604 -2.65776 -0.999214 0.0342259 -0.0200073 119.686
-0.0221884 -0.0155085 0.999634 20.8682 0.0311298 0.999384 0.0161956 -2.66314 -0.999269 0.0314778 -0.021692 119.675
-0.0228981 -0.0109008 0.999678 21.7539 0.0282833 0.999533 0.0115471 -2.66705 -0.999338 0.0285386 -0.0225791 119.661
-0.0238394 -0.00623174 0.999696 22.6339 0.029905 0.999529 0.00694383 -2.667 -0.999268 0.0300615 -0.0236418 119.644
-0.0248002 -0.00467553 0.999681 23.528 0.0305646 0.999518 0.00543301 -2.67444 -0.999225 0.0306896 -0.0246454 119.627
-0.0262445 -0.00650764 0.999634 24.4272 0.0270294 0.999609 0.00721711 -2.67416 -0.99929 0.027209 -0.0260584 119.616
-0.0271665 -0.010711 0.999574 25.3268 0.0239869 0.999648 0.0113637 -2.68197 -0.999343 0.0242854 -0.0269 119.6
-0.0273196 -0.0158798 0.999501 26.2361 0.022767 0.999605 0.0165038 -2.6861 -0.999367 0.0232065 -0.0269472 119.58
-0.0272379 -0.0219132 0.999389 27.1445 0.0192055 0.999564 0.0224405 -2.69053 -0.999444 0.019805 -0.0268051 119.561
-0.0269357 -0.0229222 0.999374 28.0439 0.0171595 0.999579 0.0233894 -2.68887 -0.99949 0.0177788 -0.0265311 119.546
-0.0261116 -0.0162676 0.999527 28.9365 0.0207706 0.999643 0.0168121 -2.69446 -0.999443 0.0211998 -0.0257644 119.527
-0.0250479 -0.00516149 0.999673 29.8162 0.023805 0.9997 0.00575809 -2.69349 -0.999403 0.0239414 -0.0249175 119.507
-0.0245264 5.42779e-05 0.999699 30.6987 0.0263333 0.999653 0.000591781 -2.69206 -0.999352 0.0263399 -0.0245193 119.487
-0.0232957 -0.00573719 0.999712 31.5984 0.0276336 0.999598 0.00638046 -2.7094 -0.999347 0.0277742 -0.0231278 119.468
-0.0224784 -0.0137061 0.999653 32.4944 0.0307962 0.999422 0.0143954 -2.72186 -0.999273 0.0311091 -0.0220433 119.447
-0.022163 -0.0166632 0.999615 33.3738 0.0319731 0.999338 0.0173674 -2.72702 -0.999243 0.0323457 -0.0216156 119.433
-0.0223738 -0.0161909 0.999619 34.2496 0.0311787 0.999371 0.0168848 -2.7269 -0.999263 0.0315446 -0.021855 119.427
-0.0232234 -0.0148158 0.999621 35.1227 0.0294093 0.999447 0.0154965 -2.71603 -0.999298 0.029758 -0.0227748 119.422
-0.0251045 -0.0148326 0.999575 35.9836 0.0273424 0.999506 0.0155183 -2.7211 -0.999311 0.0277203 -0.0246866 119.41
-0.0275188 -0.0151284 0.999507 36.8533 0.0263595 0.999527 0.0158544 -2.72866 -0.999274 0.0267828 -0.027107 119.399
-0.0293517 -0.0145261 0.999464 37.6955 0.0255013 0.999558 0.0152764 -2.72893 -0.999244 0.025936 -0.0289683 119.374
-0.0313561 -0.0145063 0.999403 38.5488 0.0236117 0.999605 0.01525 -2.73629 -0.999229 0.0240758 -0.0310012 119.356
-0.0335169 -0.0154236 0.999319 39.4101 0.0219094 0.999629 0.0161632 -2.74 -0.999198 0.0224363 -0.0331666 119.337
-0.0354095 -0.0164271 0.999238 40.2548 0.023494 0.999575 0.0172652 -2.7412 -0.999097 0.0240874 -0.0350085 119.312
-0.0372894 -0.0161953 0.999173 41.0986 0.02466 0.999549 0.0171217 -2.7452 -0.999 0.0252781 -0.0368732 119.292
-0.0387626 -0.01482 0.999139 41.9254 0.0254968 0.99955 0.0158153 -2.7385 -0.998923 0.0260879 -0.0383673 119.261
-0.0397565 -0.0147365 0.999101 42.7528 0.0262877 0.99953 0.0157889 -2.74222 -0.998864 0.0268917 -0.0393504 119.232
-0.0411048 -0.0158309 0.999029 43.5854 0.0281053 0.999461 0.0169941 -2.74698 -0.998759 0.0287765 -0.0406377 119.203
-0.0427869 -0.0164988 0.998948 44.4065 0.028088 0.999449 0.0177101 -2.75111 -0.998689 0.0288162 -0.0422999 119.177
-0.0441032 -0.0169751 0.998883 45.2176 0.0270531 0.999469 0.0181795 -2.75287 -0.998661 0.0278247 -0.0436206 119.148
-0.0451366 -0.0176385 0.998825 46.0102 0.0254451 0.999499 0.0188002 -2.75392 -0.998657 0.0262637 -0.0446652 119.116
-0.0458595 -0.0187486 0.998772 46.7924 0.0252442 0.999483 0.0199211 -2.75371 -0.998629 0.0261267 -0.0453625 119.089
-0.0464544 -0.0188919 0.998742 47.5559 0.0264685 0.999447 0.0201363 -2.75754 -0.99857 0.0273706 -0.0459287 119.054
-0.0466644 -0.0163036 0.998778 48.3054 0.0267937 0.999487 0.017567 -2.76012 -0.998551 0.0275807 -0.0462036 119.023
-0.0465504 -0.0136881 0.998822 49.0512 0.0273545 0.999514 0.0149725 -2.76594 -0.998541 0.0280193 -0.0461533 118.989
-0.0467563 -0.0118855 0.998836 49.7964 0.0258397 0.99958 0.0131039 -2.76826 -0.998572 0.0264223 -0.0464295 118.967
-0.0467718 -0.0112181 0.998843 50.5348 0.0260516 0.999583 0.0124463 -2.77541 -0.998566 0.0266035 -0.04646 118.934
-0.0468813 -0.0116731 0.998832 51.2784 0.0272263 0.999545 0.0129593 -2.78517 -0.998529 0.027802 -0.0465422 118.904
-0.0470644 -0.0119257 0.998821 52.0136 0.0284724 0.999506 0.0132756 -2.78611 -0.998486 0.0290636 -0.0467016 118.869
-0.0473467 -0.0118451 0.998808 52.743 0.0252836 0.999595 0.013053 -2.79012 -0.998558 0.0258715 -0.0470281 118.847
-0.0472604 -0.0116354 0.998815 53.4783 0.0228202 0.999659 0.012725 -2.79851 -0.998622 0.0233946 -0.0469788 118.828
-0.0470478 -0.0130377 0.998808 54.206 0.0249718 0.999587 0.0142241 -2.80307 -0.99858 0.0256112 -0.0467028 118.792
-0.0481882 -0.013603 0.998746 54.9268 0.0256551 0.999561 0.014852 -2.80496 -0.998509 0.0263386 -0.0478181 118.76
-0.0514388 -0.0141154 0.998576 55.6388 0.0227943 0.999623 0.0153044 -2.80999 -0.998416 0.0235491 -0.0510976 118.729
-0.0563047 -0.0151406 0.998299 56.3514 0.0184322 0.999699 0.0162014 -2.82596 -0.998243 0.019313 -0.0560087 118.694
-0.0621226 -0.0114361 0.998003 57.0677 0.0221391 0.999673 0.0128334 -2.82825 -0.997823 0.0228921 -0.061849 118.648
-0.0689268 -0.00877364 0.997583 57.775 0.0243711 0.999648 0.0104757 -2.82936 -0.997324 0.0250342 -0.0686887 118.597
-0.0761085 -0.00730471 0.997073 58.4958 0.0238321 0.999674 0.00914292 -2.83502 -0.996815 0.0244582 -0.0759096 118.542
-0.0823556 -0.00818146 0.996569 59.2156 0.0201129 0.999749 0.00986967 -2.84397 -0.9964 0.0208567 -0.0821704 118.491
-0.0877557 -0.00968091 0.996095 59.9355 0.0192686 0.999749 0.011414 -2.85177 -0.995956 0.020195 -0.0875471 118.432
-0.0921035 -0.00904813 0.995708 60.665 0.0169606 0.999799 0.0106542 -2.85769 -0.995605 0.0178691 -0.0919316 118.365
-0.0958763 -0.00970939 0.995346 61.4015 0.0152841 0.99982 0.0112253 -2.85842 -0.995276 0.0162892 -0.0957107 118.3
-0.0985279 -0.0130208 0.995049 62.157 0.015951 0.999765 0.0146619 -2.85966 -0.995006 0.0173166 -0.0982971 118.229
-0.10018 -0.0163247 0.994835 62.9141 0.0183095 0.999666 0.0182477 -2.85869 -0.994801 0.020043 -0.0998475 118.151
-0.101318 -0.0189871 0.994673 63.6799 0.0185599 0.999608 0.0209719 -2.85731 -0.994681 0.0205859 -0.100926 118.076
-0.102523 -0.0193367 0.994543 64.449 0.0181974 0.999607 0.021311 -2.85424 -0.994564 0.0202829 -0.102131 118.004
-0.102983 -0.0156798 0.99456 65.2175 0.0208219 0.999623 0.0179157 -2.84918 -0.994465 0.0225536 -0.102618 117.928
-0.103101 -0.011912 0.9946 65.9986 0.0270291 0.999525 0.0147728 -2.84894 -0.994304 0.0284062 -0.10273 117.841
-0.104066 -0.00713483 0.994545 66.7903 0.0345149 0.999346 0.0107808 -2.84942 -0.993971 0.0354486 -0.103752 117.755
-0.104707 -0.00595622 0.994485 67.5876 0.0353995 0.999326 0.00971233 -2.84718 -0.993873 0.0362212 -0.104425 117.673
-0.104961 -0.00814023 0.994443 68.3839 0.0337341 0.999362 0.011741 -2.85331 -0.993904 0.034779 -0.10462 117.6
-0.104958 -0.0128778 0.994393 69.1875 0.0342819 0.999275 0.0165595 -2.85388 -0.993886 0.0358277 -0.10444 117.522
-0.104695 -0.0149447 0.994392 69.9742 0.0369928 0.999137 0.0189108 -2.85771 -0.993816 0.0387652 -0.104052 117.439
-0.105697 -0.0151954 0.994282 70.7692 0.0372137 0.999122 0.0192253 -2.85606 -0.993702 0.0390329 -0.105038 117.357
-0.10735 -0.0143385 0.994118 71.5573 0.0357987 0.999192 0.0182774 -2.85727 -0.993577 0.0375502 -0.10675 117.278
-0.109646 -0.014386 0.993867 72.341 0.0350635 0.999217 0.0183317 -2.86367 -0.993352 0.0368585 -0.109056 117.199
-0.111852 -0.0142327 0.993623 73.1273 0.0364139 0.999167 0.0184112 -2.86417 -0.993057 0.0382411 -0.111241 117.113
-0.113584 -0.0140781 0.993429 73.9075 0.0368452 0.999152 0.018372 -2.86327 -0.992845 0.0386899 -0.112969 117.025
-0.11536 -0.0142754 0.993221 74.7014 0.0370201 0.99914 0.0186603 -2.85837 -0.992634 0.0389218 -0.114732 116.936
-0.116883 -0.013801 0.99305 75.4977 0.0349818 0.999226 0.0180042 -2.85559 -0.992529 0.036843 -0.11631 116.848
-0.117547 -0.0123716 0.99299 76.2943 0.0361056 0.999208 0.0167231 -2.85788 -0.992411 0.0378183 -0.117007 116.755
-0.118468 -0.0120611 0.992885 77.1155 0.0354991 0.999236 0.0163739 -2.85776 -0.992323 0.0371863 -0.11795 116.667
-0.120033 -0.0117286 0.992701 77.9306 0.0355197 0.999239 0.0161008 -2.85385 -0.992134 0.0371931 -0.119525 116.579
-0.121326 -0.0132846 0.992524 78.759 0.0358716 0.999199 0.0177589 -2.84917 -0.991964 0.037758 -0.120752 116.489
-0.122489 -0.0156852 0.992346 79.5958 0.0337198 0.999232 0.0199563 -2.84782 -0.991897 0.0359062 -0.121866 116.399
-0.124432 -0.0181434 0.992062 80.4357 0.0306542 0.999285 0.0221204 -2.84839 -0.991755 0.0331633 -0.123787 116.308
-0.126766 -0.0185516 0.991759 81.2917 0.0320097 0.999228 0.0227828 -2.84294 -0.991416 0.034634 -0.126074 116.207
-0.128769 -0.0179915 0.991511 82.1315 0.0323039 0.999229 0.0223269 -2.84227 -0.991148 0.0349047 -0.128088 116.104
-0.130875 -0.0166508 0.991259 82.983 0.0316392 0.99928 0.0209628 -2.83785 -0.990894 0.0341061 -0.130254 115.994
-0.132707 -0.013575 0.991062 83.838 0.0324465 0.999311 0.0180327 -2.83929 -0.990624 0.0345496 -0.132175 115.888
-0.13333 -0.00997287 0.991021 84.7017 0.0345673 0.999294 0.0147067 -2.84418 -0.990469 0.0362178 -0.132891 115.775
-0.134307 -0.00616343 0.990921 85.5647 0.0355369 0.999307 0.0110322 -2.84851 -0.990302 0.036696 -0.133995 115.656
-0.134007 -0.00515074 0.990967 86.4435 0.0380866 0.999221 0.010344 -2.84878 -0.990248 0.0391287 -0.133707 115.54
-0.133554 -0.00571441 0.991025 87.3236 0.041479 0.999075 0.0113507 -2.8538 -0.990173 0.0426226 -0.133193 115.415
-0.133377 -0.00776105 0.991035 88.219 0.0425285 0.999003 0.0135471 -2.85516 -0.990153 0.0439541 -0.132914 115.298
-0.132714 -0.00934897 0.99111 89.1185 0.0416113 0.999021 0.0149955 -2.86139 -0.99028 0.0432315 -0.132195 115.185
-0.130997 -0.012272 0.991307 90.0142 0.0405214 0.999021 0.0177223 -2.87095 -0.990554 0.0424907 -0.130372 115.071
-0.129333 -0.015486 0.99148 90.9128 0.0412211 0.99893 0.0209794 -2.86836 -0.990744 0.0435832 -0.128556 114.957
-0.127901 -0.0186066 0.991612 91.8212 0.0422157 0.998816 0.0241869 -2.85956 -0.990888 0.0449551 -0.126964 114.848
-0.126103 -0.0189556 0.991836 92.7299 0.0407379 0.998875 0.0242696 -2.85858 -0.99118 0.0434658 -0.125189 114.736
-0.124628 -0.0146659 0.992095 93.6448 0.0420673 0.998914 0.0200512 -2.85357 -0.991311 0.0442337 -0.123876 114.624
-0.122843 -0.00834801 0.992391 94.5573 0.0434383 0.998961 0.0137803 -2.84846 -0.991475 0.0448006 -0.122353 114.522
-0.121326 -0.0049216 0.9926 95.4662 0.0417711 0.999077 0.0100594 -2.84491 -0.991733 0.0426825 -0.121009 114.418
-0.119704 -0.00725068 0.992783 96.3694 0.0411617 0.999077 0.0122597 -2.84238 -0.991956 0.0423322 -0.119296 114.312
-0.118354 -0.010005 0.992921 97.2715 0.0416524 0.999019 0.0150313 -2.84987 -0.992097 0.0431366 -0.117822 114.208
-0.117866 -0.0116238 0.992961 98.2026 0.0428481 0.998941 0.01678 -2.84925 -0.992105 0.0445243 -0.117243 114.108
-0.116956 -0.0122427 0.993062 99.1258 0.0422151 0.998959 0.0172873 -2.85476 -0.992239 0.0439441 -0.116318 114.007
-0.116378 -0.0125145 0.993126 100.041 0.0408328 0.999015 0.0173736 -2.85818 -0.992365 0.042574 -0.115752 113.906
-0.115604 -0.0145042 0.993189 100.965 0.0437437 0.998849 0.0196785 -2.86054 -0.992332 0.0457207 -0.114836 113.8
-0.114343 -0.0151854 0.993325 101.881 0.0467509 0.998693 0.0206491 -2.85497 -0.992341 0.0487999 -0.113484 113.694
-0.113709 -0.0142326 0.993412 102.797 0.0486919 0.998616 0.0198805 -2.85846 -0.99232 0.0506317 -0.112859 113.594
-0.112601 -0.0122376 0.993565 103.709 0.0492702 0.998625 0.0178837 -2.86031 -0.992418 0.0509669 -0.111843 113.485
-0.111877 -0.010879 0.993662 104.621 0.0464428 0.99879 0.0161642 -2.8632 -0.992636 0.0479569 -0.111237 113.393
-0.111072 -0.0147295 0.993703 105.533 0.042512 0.998904 0.0195585 -2.85749 -0.992903 0.0444167 -0.110325 113.306
-0.111189 -0.0168683 0.993656 106.444 0.0380635 0.99905 0.0212191 -2.8594 -0.99307 0.0401814 -0.110441 113.22
-0.112178 -0.0166036 0.993549 107.345 0.0350946 0.99917 0.0206599 -2.86169 -0.993068 0.0371858 -0.111502 113.129
-0.113211 -0.0121114 0.993497 108.239 0.0322713 0.999353 0.0158602 -2.86551 -0.993047 0.033857 -0.112747 113.037
-0.113939 -0.00936091 0.993444 109.129 0.0322043 0.999395 0.0131105 -2.86491 -0.992966 0.033487 -0.113568 112.941
-0.114107 -0.00890327 0.993429 110.023 0.0335293 0.999356 0.0128076 -2.8711 -0.992903 0.0347704 -0.113735 112.833
-0.114296 -0.00938425 0.993402 110.911 0.0350503 0.999295 0.0134726 -2.875 -0.992828 0.0363589 -0.113886 112.729
-0.11458 -0.00862033 0.993377 111.793 0.0367345 0.999242 0.0129083 -2.88312 -0.992735 0.0379702 -0.114176 112.624
-0.115179 -0.00538506 0.99333 112.662 0.0384036 0.999214 0.00986995 -2.89105 -0.992602 0.0392842 -0.114882 112.53
-0.115624 -0.00423909 0.993284 113.525 0.0383679 0.999226 0.00873068 -2.89943 -0.992552 0.0391197 -0.115371 112.433
-0.116871 -0.0040874 0.993139 114.383 0.0364534 0.9993 0.00840254 -2.91172 -0.992478 0.0371853 -0.11664 112.337
-0.119103 -0.00531067 0.992868 115.24 0.0345914 0.999356 0.00949493 -2.91939 -0.992279 0.0354756 -0.118843 112.244
-0.122189 -0.00420795 0.992498 116.092 0.0349353 0.999353 0.00853798 -2.93288 -0.991892 0.0357164 -0.121963 112.147
-0.125343 -0.00174434 0.992112 116.936 0.0346666 0.99938 0.00613687 -2.94612 -0.991508 0.0351623 -0.125204 112.044
-0.128454 -0.000410295 0.991715 117.777 0.0339399 0.999412 0.00480962 -2.95829 -0.991135 0.0342765 -0.128365 111.942
-0.131619 -0.000485463 0.9913 118.609 0.0340343 0.999408 0.0050083 -2.97048 -0.990716 0.0343974 -0.131524 111.831
-0.134623 -0.00198794 0.990895 119.443 0.0347387 0.999374 0.00672454 -2.98144 -0.990288 0.0353276 -0.134469 111.723
-0.137404 -0.000917317 0.990515 120.265 0.0365958 0.999312 0.00600203 -2.98873 -0.989839 0.0370733 -0.137276 111.612
-0.139066 0.00370181 0.990276 121.088 0.0321893 0.999481 0.000784194 -2.99803 -0.98976 0.0319854 -0.139114 111.507
-0.14066 0.00999188 0.990008 121.893 0.0295113 0.999547 -0.0058952 -3.02542 -0.989618 0.0283872 -0.140891 111.397
-0.143386 0.0128027 0.989584 122.712 0.0337446 0.999398 -0.00804027 -3.03752 -0.989091 0.0322402 -0.143732 111.275
-0.14623 0.0108439 0.989191 123.522 0.0352958 0.99936 -0.00573765 -3.05395 -0.988621 0.0340753 -0.146519 111.15
-0.149293 0.00273921 0.988789 124.347 0.033573 0.999434 0.00230035 -3.07861 -0.988223 0.0335401 -0.1493 111.035
-0.151706 0.000799515 0.988425 125.171 0.0324662 0.999464 0.00417454 -3.09516 -0.987892 0.0327237 -0.15165 110.916
-0.153162 0.00395923 0.988193 125.976 0.0326665 0.999466 0.00105864 -3.10745 -0.987661 0.0324429 -0.153209 110.792
-0.155857 0.00758199 0.98775 126.775 0.0305926 0.999528 -0.00284519 -3.11838 -0.987306 0.0297744 -0.156016 110.67
-0.158468 0.0103923 0.987309 127.569 0.0302647 0.999526 -0.00566326 -3.13231 -0.9869 0.0289832 -0.158707 110.551
-0.160336 0.0142886 0.986959 128.349 0.0343012 0.999372 -0.00889595 -3.15904 -0.986466 0.0324276 -0.160726 110.422
-0.161875 0.0190309 0.986628 129.121 0.0355043 0.999279 -0.0134497 -3.17183 -0.986172 0.0328523 -0.162434 110.291
-0.165021 0.0213284 0.986059 129.912 0.0347367 0.999272 -0.0158009 -3.18971 -0.985678 0.0316449 -0.165641 110.167
-0.167411 0.0186995 0.98571 130.706 0.035732 0.999278 -0.0128882 -3.21293 -0.98524 0.0330638 -0.167958 110.042
-0.171582 0.0152039 0.985053 131.487 0.0395088 0.999183 -0.00854011 -3.23318 -0.984377 0.0374529 -0.172042 109.904
-0.17735 0.0138278 0.984051 132.272 0.0418323 0.999104 -0.00650009 -3.25396 -0.983258 0.0400123 -0.177769 109.762
-0.183109 0.0126385 0.983011 133.045 0.0411639 0.999139 -0.00517813 -3.27471 -0.982231 0.0395164 -0.183471 109.618
-0.191551 0.0131158 0.981395 133.827 0.039537 0.999202 -0.00563685 -3.29609 -0.980686 0.0377217 -0.191916 109.468
-0.201891 0.013307 0.979318 134.591 0.0384486 0.999245 -0.00565144 -3.3179 -0.978653 0.0365124 -0.20225 109.309
-0.213844 0.0139369 0.976769 135.348 0.0385073 0.999241 -0.00582716 -3.33736 -0.976109 0.0363666 -0.214218 109.142
-0.225687 0.0143281 0.974095 136.098 0.039335 0.99921 -0.0055841 -3.35842 -0.973406 0.0370558 -0.226072 108.952
-0.237352 0.0142001 0.97132 136.846 0.0417341 0.999119 -0.00440839 -3.37538 -0.970527 0.0394908 -0.237735 108.761
-0.248784 0.0143524 0.968453 137.598 0.0444254 0.999007 -0.00339285 -3.39078 -0.96754 0.0421798 -0.249174 108.563
-0.259112 0.0144834 0.965739 138.344 0.0484242 0.998825 -0.00198711 -3.40545 -0.964633 0.0462502 -0.259509 108.364
-0.267989 0.0152359 0.963302 139.078 0.0537017 0.998557 -0.000853855 -3.41682 -0.961924 0.0515021 -0.26842 108.147
-0.275674 0.01532 0.961129 139.812 0.0587051 0.998275 0.000925902 -3.43132 -0.959457 0.0566784 -0.276097 107.931
-0.281761 0.0153753 0.959361 140.543 0.0586089 0.99828 0.00121415 -3.44554 -0.957693 0.0565692 -0.282178 107.713
-0.286855 0.0134663 0.957879 141.274 0.061526 0.998096 0.00439347 -3.45055 -0.955996 0.0601948 -0.287137 107.496
-0.289227 0.0108942 0.957199 142.008 0.0674844 0.997679 0.00903611 -3.45608 -0.954879 0.0672095 -0.289291 107.269
-0.290432 0.00940378 0.956849 142.739 0.0742945 0.997155 0.0127507 -3.466 -0.954007 0.0747919 -0.290305 107.038
-0.291224 0.00778113 0.956623 143.46 0.076495 0.996954 0.0151781 -3.47688 -0.953592 0.0775971 -0.290932 106.814
-0.290704 0.0133531 0.95672 144.169 0.0797809 0.996759 0.0103299 -3.48272 -0.953481 0.0793309 -0.290827 106.593
-0.289372 0.0163963 0.957076 144.874 0.0795468 0.996807 0.00697402 -3.49164 -0.953906 0.0781504 -0.289752 106.382
-0.288475 0.0163731 0.957348 145.574 0.082188 0.996587 0.00772127 -3.49562 -0.953954 0.0809098 -0.288836 106.17
-0.286885 0.0148459 0.95785 146.279 0.0831246 0.996494 0.00945176 -3.49801 -0.954352 0.0823324 -0.287114 105.959
-0.284806 0.0123603 0.958505 146.97 0.0855694 0.996253 0.0125786 -3.50869 -0.954758 0.0856012 -0.284796 105.75
-0.283691 0.0126035 0.958833 147.659 0.086691 0.996156 0.0125553 -3.51871 -0.954989 0.086684 -0.283693 105.553
-0.281091 0.014829 0.959567 148.334 0.0885336 0.996017 0.0105423 -3.52696 -0.955589 0.0879173 -0.281284 105.359
-0.276911 0.0161518 0.96076 149.01 0.0897258 0.995925 0.00911783 -3.5341 -0.956697 0.0887298 -0.277232 105.168
-0.27135 0.015156 0.962362 149.688 0.091037 0.995797 0.00998644 -3.53945 -0.958166 0.0903203 -0.271589 104.976
-0.265964 0.0133627 0.96389 150.362 0.093232 0.995573 0.0119234 -3.54847 -0.959464 0.0930366 -0.266033 104.792
-0.26105 0.0113885 0.965258 151.024 0.0935346 0.995524 0.0135504 -3.55567 -0.960783 0.0938224 -0.260946 104.612
-0.256835 0.0100942 0.966403 151.68 0.0935234 0.995512 0.0144569 -3.56796 -0.96192 0.0940943 -0.256626 104.441
-0.253063 0.00843667 0.967413 152.338 0.0947996 0.995366 0.0161179 -3.57427 -0.962794 0.0957892 -0.25269 104.274
-0.249406 0.00699272 0.968374 152.986 0.0980894 0.995013 0.0180779 -3.57491 -0.963419 0.0994959 -0.248848 104.107
-0.245937 0.00564931 0.969269 153.633 0.100277 0.994766 0.0196457 -3.57416 -0.964085 0.102027 -0.245216 103.943
-0.242472 0.00401552 0.97015 154.267 0.0989861 0.994875 0.020622 -3.58184 -0.965095 0.101032 -0.241627 103.79
-0.238944 0.00492942 0.971021 154.905 0.096041 0.995204 0.0185811 -3.5864 -0.966272 0.0976977 -0.238272 103.645
-0.234021 0.00846119 0.972195 155.533 0.0976716 0.995108 0.0148504 -3.58888 -0.967313 0.0984311 -0.233703 103.493
-0.228734 0.0112707 0.973424 156.155 0.0995615 0.994961 0.0118748 -3.59588 -0.968384 0.0996317 -0.228704 103.354
-0.22166 0.0123487 0.975046 156.777 0.0992836 0.995009 0.00996882 -3.59542 -0.970057 0.0990157 -0.221779 103.217
-0.212895 0.0108868 0.977014 157.397 0.097041 0.99523 0.0100559 -3.60262 -0.972244 0.0969513 -0.212936 103.092
-0.202322 0.00879252 0.979279 158.019 0.0968571 0.995237 0.0110752 -3.61265 -0.974517 0.097091 -0.20221 102.976
-0.189903 0.00735333 0.981775 158.632 0.0988222 0.995037 0.0116624 -3.61943 -0.976817 0.099236 -0.189687 102.864
-0.176686 0.0057641 0.98425 159.244 0.0993833 0.994977 0.0120137 -3.62972 -0.979237 0.0999407 -0.176371 102.766
