0.999999 0.00053516 0.00150594 -0.00401919 -0.000534051 1 -0.000736689 -0.0219293 -0.00150633 0.000735884 0.999999 1.28752
0.999996 0.00087175 0.00286753 -0.00112159 -0.000870801 1 -0.000332221 -0.0460027 -0.00286782 0.000329723 0.999996 2.56729
0.999992 7.58904e-05 0.00408558 -0.00326525 -7.53928e-05 1 -0.000121961 -0.0648006 -0.00408559 0.000121652 0.999992 3.85514
0.999988 -0.000273161 0.00496302 -0.00270407 0.000272117 1 0.000211058 -0.0940346 -0.00496308 -0.000209705 0.999988 5.13419
0.999984 -0.00128095 0.00545613 0.00250941 0.00127996 0.999999 0.000183415 -0.113977 -0.00545636 -0.000176429 0.999985 6.40977
0.99998 -0.000999784 0.00621202 0.00479544 0.00100301 0.999999 -0.000516394 -0.139403 -0.0062115 0.000522615 0.999981 7.68274
0.999977 -0.00183172 0.00658884 0.0164265 0.00183509 0.999998 -0.000505363 -0.171482 -0.00658791 0.000517442 0.999978 8.9657
0.999974 -0.00313416 0.00656252 0.0184311 0.00312784 0.999995 0.0009739 -0.193629 -0.00656554 -0.000953347 0.999978 10.2623
0.999977 -0.00428571 0.00525506 0.0230749 0.00427345 0.999988 0.00234197 -0.220033 -0.00526504 -0.00231946 0.999983 11.5253
0.99998 -0.00554658 0.00295664 0.0207846 0.00554079 0.999983 0.00196276 -0.236449 -0.00296748 -0.00194634 0.999994 12.8004
0.999985 -0.00544513 0.000848869 0.0173435 0.00544368 0.999984 0.0017127 -0.259044 -0.000858181 -0.00170805 0.999998 14.0715
0.999984 -0.00556247 -0.000744004 0.00993675 0.00556364 0.999983 0.00158013 -0.28452 0.000735202 -0.00158425 0.999998 15.3457
0.999989 -0.00447003 -0.0016594 -0.0023535 0.00447256 0.999989 0.00152159 -0.306502 0.00165258 -0.001529 0.999997 16.6373
0.999987 -0.00468475 -0.00200373 -0.0209069 0.00468772 0.999988 0.00148398 -0.32943 0.00199675 -0.00149336 0.999997 17.9084
0.99998 -0.00583555 -0.00251608 -0.0371246 0.00584 0.999981 0.00176408 -0.34686 0.00250574 -0.00177874 0.999995 19.1843
0.999976 -0.0063897 -0.0028376 -0.0520352 0.00639459 0.999978 0.00171666 -0.366712 0.00282657 -0.00173476 0.999995 20.4673
0.999977 -0.0059393 -0.00319968 -0.0658507 0.00594215 0.999982 0.00088109 -0.391922 0.00319439 -0.000900083 0.999994 21.7433
0.99997 -0.006662 -0.00388126 -0.0717754 0.00666262 0.999978 0.000147939 -0.4155 0.00388019 -0.000173794 0.999992 23.0118
0.999969 -0.00618535 -0.00489214 -0.0821043 0.00618991 0.99998 0.000917474 -0.437237 0.00488637 -0.000947728 0.999988 24.2824
0.999961 -0.00661567 -0.00584483 -0.0922744 0.00661862 0.999978 0.000486946 -0.456869 0.00584148 -0.000525612 0.999983 25.5648
0.999956 -0.00677676 -0.00650223 -0.11712 0.00677736 0.999977 7.02923e-05 -0.485369 0.0065016 -0.000114357 0.999979 26.8466
0.999949 -0.00671179 -0.00757193 -0.128605 0.00671742 0.999977 0.000718173 -0.505521 0.00756693 -0.000769 0.999971 28.1198
0.999933 -0.0079101 -0.00841907 -0.141887 0.00792896 0.999966 0.00220874 -0.521967 0.00840132 -0.00227534 0.999962 29.4003
0.999924 -0.00811848 -0.00931094 -0.162676 0.00813918 0.999964 0.00218721 -0.539198 0.00929285 -0.00226283 0.999954 30.6735
0.999895 -0.00989438 -0.0105751 -0.172866 0.00991211 0.99995 0.00162592 -0.564585 0.0105585 -0.00173057 0.999943 31.9548
0.999872 -0.0112098 -0.0114131 -0.194687 0.0112167 0.999937 0.000537144 -0.582809 0.0114064 -0.000665093 0.999935 33.2495
0.999861 -0.0110137 -0.012492 -0.20191 0.0110184 0.999939 0.000308483 -0.601851 0.0124878 -0.000446081 0.999922 34.5426
0.99984 -0.0120358 -0.0132653 -0.22344 0.0120513 0.999927 0.00108492 -0.632119 0.0132513 -0.00124461 0.999911 35.8142
0.999818 -0.0130181 -0.0139628 -0.248474 0.0130375 0.999914 0.00129685 -0.651844 0.0139447 -0.00147865 0.999902 37.1008
0.999805 -0.013809 -0.0140866 -0.280838 0.0138298 0.999903 0.00138081 -0.677235 0.0140662 -0.00157535 0.9999 38.391
0.999787 -0.0145321 -0.0146599 -0.304756 0.0145522 0.999893 0.00126609 -0.700781 0.01464 -0.00147916 0.999892 39.6641
0.99976 -0.0159867 -0.0149572 -0.327209 0.0160129 0.99987 0.00163191 -0.71342 0.0149291 -0.00187103 0.999887 40.9474
0.99976 -0.0160748 -0.0149064 -0.355875 0.0161206 0.999866 0.00296171 -0.734532 0.0148567 -0.0032013 0.999885 42.2198
0.999752 -0.0163522 -0.0151397 -0.379889 0.0164111 0.999858 0.00377527 -0.75592 0.0150759 -0.0040228 0.999878 43.4969
0.999771 -0.0153653 -0.0148825 -0.409909 0.0154179 0.999875 0.00343105 -0.779213 0.0148279 -0.00365972 0.999883 44.7796
0.99978 -0.0148557 -0.014787 -0.437595 0.0149089 0.999883 0.00349883 -0.800314 0.0147333 -0.00371852 0.999885 46.0633
0.999815 -0.0127114 -0.014457 -0.4675 0.012785 0.999906 0.00501086 -0.812036 0.014392 -0.00519477 0.999883 47.352
0.999836 -0.012644 -0.0129932 -0.492429 0.0127438 0.99989 0.00763138 -0.82044 0.0128953 -0.00779571 0.999886 48.6502
0.99986 -0.0122808 -0.0113817 -0.515859 0.012395 0.999873 0.0100113 -0.832149 0.0112573 -0.010151 0.999885 49.93
0.999878 -0.0121808 -0.00976903 -0.544437 0.0123107 0.999835 0.0133415 -0.838243 0.00960491 -0.0134601 0.999863 51.2163
0.999889 -0.0122551 -0.0084276 -0.564997 0.0123783 0.999815 0.0147205 -0.84924 0.00824564 -0.0148232 0.999856 52.4943
0.999866 -0.0146259 -0.00733921 -0.565549 0.0147236 0.999801 0.0134384 -0.85532 0.0071412 -0.0135447 0.999883 53.7745
0.999883 -0.0140723 -0.00606435 -0.586522 0.0141422 0.999832 0.0116456 -0.857926 0.00589945 -0.01173 0.999914 55.0565
0.999881 -0.0144258 -0.00547249 -0.59741 0.014486 0.999833 0.0111296 -0.862303 0.00531103 -0.0112075 0.999923 56.347
0.999862 -0.0156658 -0.00556101 -0.610148 0.0157271 0.999814 0.0111502 -0.879739 0.0053853 -0.0112361 0.999922 57.626
0.999836 -0.0169539 -0.00632213 -0.626228 0.0170164 0.999806 0.00996638 -0.886809 0.00615194 -0.0100723 0.99993 58.9147
0.999833 -0.0165045 -0.0078673 -0.645779 0.0165871 0.999807 0.0105485 -0.894949 0.00769168 -0.0106773 0.999913 60.2041
0.999813 -0.0169395 -0.00927977 -0.668172 0.0170497 0.999784 0.011925 -0.907375 0.00907576 -0.012081 0.999886 61.4767
0.999812 -0.0167215 -0.00981336 -0.695996 0.0168386 0.999787 0.0119743 -0.910352 0.00961104 -0.0121373 0.99988 62.7599
0.999816 -0.0158218 -0.0108445 -0.716971 0.0159494 0.999803 0.0117862 -0.919253 0.0106559 -0.011957 0.999872 64.0404
0.999815 -0.0155043 -0.0113866 -0.739608 0.0156366 0.99981 0.0116247 -0.925077 0.0112042 -0.0118006 0.999868 65.325
0.999798 -0.0164382 -0.011577 -0.765016 0.0165681 0.9998 0.011216 -0.936721 0.0113903 -0.0114055 0.99987 66.6165
0.999782 -0.0173815 -0.0115542 -0.790218 0.017499 0.999795 0.0101473 -0.945488 0.0113755 -0.0103472 0.999882 67.8959
0.999762 -0.0180519 -0.0122436 -0.809061 0.0181991 0.999762 0.0120246 -0.963312 0.0120236 -0.0122446 0.999853 69.18
0.999744 -0.0187415 -0.0126717 -0.830014 0.0189133 0.999729 0.0135773 -0.973327 0.0124138 -0.0138135 0.999828 70.4735
0.999749 -0.0184524 -0.0127271 -0.856764 0.0186 0.99976 0.0115704 -0.972151 0.0125106 -0.0118042 0.999852 71.7535
0.999793 -0.0162788 -0.0121996 -0.891803 0.0164023 0.999815 0.0100909 -0.972154 0.0120331 -0.0102889 0.999875 73.0368
0.999833 -0.0138187 -0.011956 -0.920852 0.0139444 0.999848 0.0104934 -0.984365 0.0118092 -0.0106583 0.999873 74.2969
0.999865 -0.0115245 -0.0117416 -0.949934 0.0116482 0.999877 0.0105174 -0.988096 0.0116189 -0.0106528 0.999876 75.5714
0.999876 -0.0105552 -0.0117004 -0.975508 0.0106831 0.999883 0.0109286 -0.998339 0.0115837 -0.0110522 0.999872 76.8395
0.999895 -0.00998917 -0.0105339 -0.999496 0.0101153 0.999877 0.0119915 -1.01016 0.0104128 -0.0120968 0.999873 78.1012
0.999928 -0.00828519 -0.00871797 -1.01916 0.00839575 0.999884 0.0127226 -1.0183 0.00861155 -0.0127949 0.999881 79.3579
0.999935 -0.00964584 -0.00603575 -1.0355 0.00970774 0.9999 0.0103115 -1.02797 0.00593568 -0.0103694 0.999929 80.615
0.999913 -0.0127497 -0.0033203 -1.04665 0.0127669 0.999905 0.0052194 -1.03917 0.00325344 -0.00526134 0.999981 81.8613
0.999926 -0.0120799 -0.0010371 -1.05614 0.0120849 0.999914 0.00499739 -1.05449 0.000976642 -0.00500955 0.999987 83.112
0.999906 -0.0135919 0.00168831 -1.05847 0.0135766 0.999869 0.00877954 -1.07352 -0.00180742 -0.00875579 0.99996 84.3638
0.999903 -0.0129119 0.00513602 -1.06003 0.0128591 0.999866 0.0101781 -1.08834 -0.00526675 -0.0101111 0.999935 85.6094
0.999878 -0.0125099 0.00932842 -1.056 0.0124292 0.999885 0.00865351 -1.10054 -0.00943561 -0.00853651 0.999919 86.8571
0.999825 -0.0137141 0.0127109 -1.04573 0.0136413 0.99989 0.00579422 -1.11342 -0.0127889 -0.00561982 0.999902 88.1034
0.999759 -0.0151068 0.0159256 -1.02461 0.0150678 0.999883 0.00256417 -1.12947 -0.0159624 -0.00232359 0.99987 89.3344
0.999682 -0.0164342 0.0191164 -1.00291 0.0164032 0.999864 0.00177966 -1.15314 -0.0191431 -0.00146552 0.999816 90.5752
0.999601 -0.0170563 0.0225193 -0.976212 0.0169757 0.999849 0.00376539 -1.17547 -0.0225801 -0.0033816 0.999739 91.798
0.999535 -0.01598 0.0259727 -0.94221 0.0158578 0.999862 0.00490439 -1.20749 -0.0260475 -0.00449024 0.999651 93.0242
0.99942 -0.016705 0.0296845 -0.912624 0.0166291 0.999858 0.00279896 -1.22628 -0.029727 -0.0023037 0.999555 94.2548
0.999312 -0.0167781 0.0330765 -0.88144 0.0167693 0.999859 0.000540851 -1.24363 -0.0330809 1.4192e-05 0.999453 95.4799
0.999201 -0.017009 0.0361779 -0.843857 0.0170067 0.999855 0.000372978 -1.26404 -0.036179 0.000242586 0.999345 96.7219
0.999062 -0.0188215 0.0389977 -0.797214 0.0187632 0.999822 0.00186134 -1.28804 -0.0390258 -0.00112787 0.999238 97.9608
0.99894 -0.0192986 0.0417802 -0.754077 0.0191733 0.99981 0.003397 -1.30146 -0.0418378 -0.00259234 0.999121 99.2081
0.998805 -0.0206037 0.0443072 -0.705841 0.0203766 0.999777 0.00557082 -1.32234 -0.0444121 -0.00466133 0.999002 100.432
0.998657 -0.0224457 0.0466894 -0.650077 0.0221607 0.999733 0.00661109 -1.33812 -0.0468253 -0.00556755 0.998888 101.667
0.998518 -0.0240902 0.0488078 -0.593167 0.0239007 0.999704 0.00446339 -1.3517 -0.0489009 -0.00329024 0.998798 102.897
0.998374 -0.0259822 0.0507367 -0.522918 0.0259815 0.999662 0.0006721 -1.36161 -0.050737 0.00064721 0.998712 104.133
0.998285 -0.0256044 0.052652 -0.460323 0.0257574 0.999666 -0.00222932 -1.37908 -0.0525773 0.00358167 0.99861 105.371
0.9982 -0.0260659 0.0540157 -0.394537 0.0262596 0.999651 -0.00287938 -1.40857 -0.0539218 0.00429262 0.998536 106.621
0.998178 -0.0265866 0.0541594 -0.324166 0.026736 0.99964 -0.00203513 -1.43323 -0.0540858 0.00347943 0.99853 107.881
0.998221 -0.0266651 0.0533329 -0.263601 0.0267148 0.999643 -0.000219205 -1.44916 -0.053308 0.00164359 0.998577 109.132
0.998271 -0.0275752 0.0519083 -0.205152 0.0275416 0.99962 0.00136194 -1.47048 -0.0519261 7.00549e-05 0.998651 110.393
0.998384 -0.0275587 0.0496895 -0.145102 0.0274786 0.99962 0.00229282 -1.493 -0.0497338 -0.000923712 0.998762 111.654
0.99852 -0.0272801 0.0470509 -0.0912514 0.0271679 0.999626 0.00302413 -1.51132 -0.0471158 -0.00174138 0.998888 112.935
0.998677 -0.0270205 0.0437399 -0.0335264 0.0269249 0.999634 0.00277437 -1.52767 -0.0437988 -0.00159301 0.999039 114.221
0.998875 -0.0256858 0.0398522 0.0117888 0.0256138 0.999669 0.00231588 -1.54581 -0.0398985 -0.00129251 0.999203 115.512
0.999015 -0.0260679 0.0359004 0.0538891 0.0259989 0.999659 0.00238622 -1.55888 -0.0359504 -0.0014505 0.999353 116.794
0.999165 -0.0255066 0.0319284 0.0891862 0.0254162 0.999672 0.00323437 -1.57243 -0.0320004 -0.00242017 0.999485 118.082
0.999289 -0.0258849 0.0274073 0.122446 0.0257769 0.999659 0.00428432 -1.594 -0.0275088 -0.0035748 0.999615 119.38
0.999387 -0.0266448 0.022724 0.150027 0.0265353 0.999635 0.00510808 -1.62084 -0.0228518 -0.00450196 0.999729 120.697
0.999495 -0.0262331 0.0179526 0.170038 0.0261412 0.999644 0.00533796 -1.6359 -0.0180862 -0.00486596 0.999825 122.007
0.999579 -0.0260378 0.0127952 0.183142 0.0259747 0.99965 0.00507506 -1.65238 -0.0129229 -0.00474057 0.999905 123.322
0.999636 -0.0257862 0.00793625 0.190364 0.0257481 0.999657 0.00485834 -1.67327 -0.0080588 -0.00465223 0.999957 124.628
0.999669 -0.0255602 0.00306919 0.191293 0.0255469 0.999664 0.00427471 -1.68543 -0.00317742 -0.00419488 0.999986 125.969
0.999716 -0.0238224 -0.000205307 0.1772 0.023823 0.999708 0.00416527 -1.70261 0.00010602 -0.00416898 0.999991 127.263
0.999758 -0.0218623 -0.00239799 0.163581 0.0218726 0.999751 0.00434905 -1.72152 0.00230231 -0.00440044 0.999988 128.568
0.999769 -0.0212422 -0.00332453 0.142931 0.0212558 0.999766 0.00410478 -1.73864 0.00323655 -0.00417449 0.999986 129.884
0.999801 -0.0194155 -0.00463114 0.134386 0.0194365 0.999801 0.00454294 -1.75239 0.00454202 -0.00463205 0.999979 131.195
0.999814 -0.0183913 -0.00576778 0.116929 0.0184228 0.999815 0.00545961 -1.76849 0.00566631 -0.00556486 0.999968 132.519
0.999808 -0.0185843 -0.00626239 0.101188 0.0186226 0.999808 0.00611156 -1.78684 0.00614761 -0.00622701 0.999962 133.847
0.999862 -0.0149923 -0.00709228 0.0764238 0.0150487 0.999855 0.00797051 -1.79301 0.00697175 -0.00807615 0.999943 135.181
0.999868 -0.0141403 -0.00798577 0.0542781 0.0142313 0.999833 0.0114639 -1.80703 0.00782233 -0.011576 0.999902 136.502
0.999837 -0.0158732 -0.00856566 0.0355769 0.0159662 0.999813 0.010895 -1.816 0.00839112 -0.0110299 0.999904 137.833
0.999832 -0.0159563 -0.0089843 0.00935411 0.0160408 0.999827 0.00940396 -1.82544 0.00883269 -0.00954649 0.999915 139.174
0.999765 -0.0191305 -0.0101475 -0.00465917 0.0192392 0.999757 0.0107185 -1.83702 0.00994003 -0.0109112 0.999891 140.514
0.99969 -0.0220089 -0.0116799 -0.0102991 0.0221521 0.999679 0.0122728 -1.83899 0.011406 -0.0125277 0.999856 141.853
0.999586 -0.0260861 -0.0121667 -0.026898 0.0262577 0.999555 0.0141652 -1.84715 0.0117917 -0.0144788 0.999826 143.205
0.99953 -0.0280045 -0.0124523 -0.0510588 0.0281967 0.999482 0.0155364 -1.85863 0.0120107 -0.0158802 0.999802 144.552
0.999399 -0.0325031 -0.0120593 -0.0692173 0.032667 0.999373 0.0136593 -1.86572 0.0116078 -0.014045 0.999834 145.919
0.999282 -0.035904 -0.012063 -0.083882 0.0360532 0.999273 0.0123896 -1.86518 0.0116093 -0.0128156 0.99985 147.27
0.999229 -0.0373732 -0.0120025 -0.105588 0.0375196 0.999221 0.0122193 -1.86975 0.0115364 -0.0126603 0.999853 148.618
0.999243 -0.0371784 -0.011476 -0.129075 0.0373234 0.999223 0.012688 -1.87602 0.0109953 -0.0131067 0.999854 149.977
0.999259 -0.0368642 -0.0110753 -0.152783 0.0370238 0.999208 0.0145701 -1.87673 0.0105294 -0.0149694 0.999833 151.324
0.999344 -0.0346858 -0.0104208 -0.174635 0.034852 0.999261 0.0162126 -1.88146 0.00985079 -0.0165652 0.999814 152.68
0.999327 -0.0353068 -0.00997506 -0.192431 0.0354524 0.999261 0.0148222 -1.88802 0.00944437 -0.0151658 0.99984 154.055
0.999319 -0.0355499 -0.00990082 -0.203589 0.0356761 0.99928 0.0128831 -1.89169 0.0094357 -0.0132275 0.999868 155.416
0.999321 -0.0356732 -0.00920602 -0.224831 0.0357671 0.999308 0.0102474 -1.89671 0.00883409 -0.0105697 0.999905 156.792
0.999273 -0.0370798 -0.00889023 -0.23826 0.037136 0.999291 0.0062391 -1.90913 0.00865258 -0.00656471 0.999941 158.146
0.999277 -0.0371481 -0.00814058 -0.258583 0.0371711 0.999305 0.00268532 -1.92389 0.00803517 -0.00298597 0.999963 159.506
0.999255 -0.0378305 -0.00770033 -0.27887 0.0378442 0.999282 0.00164378 -1.93974 0.00763261 -0.00193397 0.999969 160.86
0.999233 -0.0383849 -0.00775999 -0.299961 0.0383998 0.999261 0.00178003 -1.95801 0.00768593 -0.00207665 0.999968 162.217
0.999251 -0.0378723 -0.00799816 -0.31392 0.037892 0.999279 0.00231867 -1.97948 0.00790458 -0.00262 0.999965 163.573
0.999288 -0.036784 -0.00834273 -0.331688 0.0368167 0.999315 0.00379997 -2.00852 0.00819724 -0.00410442 0.999958 164.919
0.999294 -0.0366111 -0.0083827 -0.359564 0.03665 0.999318 0.004538 -2.03077 0.00821084 -0.00484202 0.999955 166.288
0.999287 -0.0366708 -0.00899325 -0.376249 0.0367106 0.999317 0.00430363 -2.0515 0.00882929 -0.00463071 0.99995 167.646
0.99928 -0.0366382 -0.00983738 -0.39193 0.0366811 0.999318 0.00421762 -2.0609 0.00967615 -0.00457543 0.999943 168.999
0.999221 -0.038019 -0.0105618 -0.413752 0.038076 0.999261 0.00524491 -2.07678 0.0103546 -0.00564298 0.99993 170.348
0.999232 -0.0374734 -0.0114529 -0.433161 0.037538 0.99928 0.00547354 -2.09427 0.0112395 -0.00589926 0.999919 171.704
0.999237 -0.0371826 -0.01198 -0.458523 0.0372379 0.999297 0.00443136 -2.11085 0.0118068 -0.00487408 0.999918 173.057
0.999225 -0.0372365 -0.0127734 -0.479378 0.0372791 0.9993 0.00311341 -2.12821 0.0126485 -0.00358717 0.999914 174.404
0.999234 -0.0366993 -0.0136139 -0.501162 0.0367448 0.99932 0.0031092 -2.14985 0.0134906 -0.00360706 0.999902 175.755
0.999204 -0.0372961 -0.0141466 -0.529782 0.0373254 0.999302 0.00181657 -2.16915 0.014069 -0.00234315 0.999898 177.104
0.999174 -0.0377064 -0.0151744 -0.552974 0.0377226 0.999288 0.00078519 -2.19319 0.015134 -0.00135696 0.999885 178.454
0.999148 -0.0379948 -0.0160964 -0.57834 0.0380154 0.999277 0.000974679 -2.21259 0.0160478 -0.00158576 0.99987 179.803
0.999136 -0.0380386 -0.0167457 -0.605933 0.0380781 0.999273 0.00204326 -2.23083 0.0166558 -0.00267913 0.999858 181.173
0.999107 -0.0383714 -0.0176866 -0.629705 0.0384163 0.999259 0.00220475 -2.24779 0.0175889 -0.00288223 0.999841 182.527
0.999083 -0.0384133 -0.0189067 -0.656172 0.0384691 0.999256 0.00259418 -2.27052 0.018793 -0.00331913 0.999818 183.872
0.999095 -0.0377588 -0.0195887 -0.690412 0.0378275 0.999279 0.00314901 -2.29923 0.0194557 -0.00388716 0.999803 185.224
0.999081 -0.0378785 -0.0200423 -0.720399 0.0379353 0.999277 0.00245998 -2.32166 0.0199346 -0.00321803 0.999796 186.583
0.999089 -0.0373199 -0.0206787 -0.758739 0.0373711 0.999299 0.00209684 -2.34259 0.0205859 -0.00286771 0.999784 187.934
0.999089 -0.0372348 -0.0208521 -0.801341 0.0372961 0.999301 0.00255789 -2.37099 0.0207422 -0.00333326 0.999779 189.3
0.999065 -0.0377083 -0.0211263 -0.83501 0.0377473 0.999286 0.00145079 -2.39328 0.0210565 -0.0022469 0.999776 190.643
0.998992 -0.0396105 -0.0211178 -0.872709 0.0396211 0.999215 8.59739e-05 -2.42218 0.0210978 -0.000922599 0.999777 191.982
0.99886 -0.0426305 -0.0214837 -0.905116 0.0426477 0.99909 0.000344874 -2.447 0.0214494 -0.00126071 0.999769 193.326
0.998842 -0.0426859 -0.0221978 -0.937976 0.0427837 0.999077 0.00395148 -2.47004 0.0220086 -0.00489661 0.999746 194.668
0.998811 -0.0432494 -0.022482 -0.970058 0.0434481 0.99902 0.00842519 -2.492 0.0220956 -0.00939198 0.999712 196.023
0.998792 -0.0435469 -0.022763 -0.996657 0.0437448 0.999009 0.0082702 -2.51297 0.0223803 -0.00925597 0.999707 197.358
0.998832 -0.0426843 -0.0226257 -1.03487 0.0428073 0.999071 0.00498176 -2.52373 0.022392 -0.00594449 0.999732 198.68
0.998833 -0.0424232 -0.0230651 -1.07421 0.0425114 0.99909 0.00334613 -2.5464 0.0229022 -0.00432276 0.999728 199.998
0.998822 -0.0426378 -0.0231837 -1.11171 0.0427404 0.999078 0.00394773 -2.57126 0.022994 -0.00493396 0.999723 201.336
0.998804 -0.0430557 -0.0231543 -1.15004 0.0431835 0.999054 0.00504636 -2.59667 0.0229151 -0.00604021 0.999719 202.676
0.998804 -0.0432919 -0.0227314 -1.19732 0.0434568 0.999032 0.00681172 -2.6111 0.0224145 -0.0077914 0.999718 204.002
0.998797 -0.043914 -0.0218133 -1.23558 0.0440846 0.999 0.00740107 -2.62481 0.0214665 -0.0083538 0.999735 205.329
0.998812 -0.0442512 -0.0203845 -1.27221 0.0444036 0.998989 0.00708422 -2.64288 0.0200504 -0.00798095 0.999767 206.64
0.998768 -0.045788 -0.0191312 -1.2984 0.0459038 0.99893 0.00565832 -2.65949 0.0188517 -0.00652955 0.999801 207.954
0.998778 -0.046139 -0.0177325 -1.33153 0.0462259 0.998921 0.00451966 -2.68225 0.0175048 -0.00533383 0.999833 209.262
0.998759 -0.0470201 -0.0164422 -1.35216 0.0470913 0.998883 0.00396587 -2.70296 0.0162374 -0.00473523 0.999857 210.553
0.998778 -0.0468662 -0.0157124 -1.37328 0.0469508 0.998884 0.0050647 -2.72767 0.0154575 -0.00579622 0.999864 211.853
0.998773 -0.0473621 -0.0144938 -1.39569 0.047468 0.998848 0.00705796 -2.74577 0.0141428 -0.00773729 0.99987 213.148
0.998822 -0.0465876 -0.0135516 -1.41926 0.0466932 0.99888 0.0075846 -2.76395 0.0131831 -0.00820843 0.999879 214.438
0.998791 -0.047552 -0.0124433 -1.44368 0.0476475 0.998836 0.00749269 -2.78111 0.0120725 -0.00807653 0.999895 215.739
0.998837 -0.0468816 -0.0112819 -1.46315 0.046967 0.998869 0.00742892 -2.79187 0.0109208 -0.00795015 0.999909 217.02
0.998864 -0.0465999 -0.00992293 -1.48103 0.0466758 0.998881 0.00756328 -2.80072 0.00955939 -0.00801785 0.999922 218.323
0.998864 -0.0467122 -0.00945992 -1.49328 0.0467864 0.998875 0.00778568 -2.82115 0.00908559 -0.00821943 0.999925 219.584
0.998837 -0.0474141 -0.008744 -1.51311 0.0474802 0.998844 0.00752107 -2.83201 0.00837729 -0.00792749 0.999933 220.846
0.998776 -0.0487186 -0.00854649 -1.51852 0.0487862 0.998778 0.00788954 -2.85981 0.00815168 -0.00829683 0.999932 222.116
0.998737 -0.0495355 -0.00846249 -1.53673 0.0496088 0.998731 0.00868817 -2.87418 0.00802138 -0.00909701 0.999926 223.332
0.998694 -0.0502824 -0.0090668 -1.54667 0.0503693 0.998684 0.00962514 -2.89149 0.00857089 -0.0100693 0.999913 224.553
0.998681 -0.0504128 -0.00970816 -1.56197 0.0505065 0.998677 0.00965768 -2.90621 0.00920845 -0.0101353 0.999906 225.728
0.998675 -0.050423 -0.0102467 -1.58011 0.0505156 0.998683 0.00899287 -2.92534 0.00977978 -0.00949858 0.999907 226.898
0.998656 -0.0507021 -0.0107497 -1.59742 0.0507887 0.998678 0.00793692 -2.93362 0.010333 -0.00847222 0.999911 228.059
0.998628 -0.0511347 -0.0113245 -1.61509 0.0512247 0.998657 0.00780894 -2.95283 0.01091 -0.00837832 0.999905 229.203
0.99857 -0.0519489 -0.0126477 -1.6344 0.052048 0.998615 0.00763358 -2.96875 0.0122336 -0.00828095 0.999891 230.333
0.998515 -0.0525634 -0.0142952 -1.65513 0.0526804 0.99858 0.00792776 -2.98143 0.0138582 -0.00866906 0.999866 231.448
0.9984 -0.0541786 -0.0162058 -1.67789 0.0543328 0.99848 0.00923165 -2.99651 0.015681 -0.0100974 0.999826 232.57
0.998379 -0.0538705 -0.0183449 -1.7075 0.0540658 0.998484 0.0103234 -3.00433 0.017761 -0.0112985 0.999778 233.681
0.99838 -0.0531969 -0.0202098 -1.74348 0.053416 0.998518 0.0104595 -3.02308 0.0196234 -0.0115221 0.999741 234.749
0.998349 -0.0527492 -0.0227428 -1.77319 0.0529826 0.998547 0.00978499 -3.03509 0.0221936 -0.0109738 0.999693 235.811
0.998268 -0.0529688 -0.0256079 -1.80496 0.0532398 0.998532 0.0100158 -3.05449 0.0250398 -0.0113618 0.999622 236.843
0.998212 -0.0526587 -0.0282963 -1.84491 0.0529588 0.998547 0.00996239 -3.06272 0.0277306 -0.0114431 0.99955 237.849
0.9981 -0.0530947 -0.0312641 -1.8782 0.0534174 0.998526 0.00957921 -3.08128 0.0307094 -0.0112311 0.999465 238.841
0.99799 -0.0532542 -0.0343504 -1.91181 0.0535813 0.998526 0.00867287 -3.09298 0.0338379 -0.010496 0.999372 239.794
0.997874 -0.0531078 -0.0377769 -1.9478 0.0534508 0.998537 0.00812966 -3.10987 0.0372899 -0.0101316 0.999253 240.726
0.997805 -0.0521879 -0.040767 -1.98978 0.0525497 0.998587 0.00785224 -3.1274 0.0402997 -0.0099773 0.999138 241.641
0.997714 -0.0517833 -0.0434273 -2.03695 0.0521317 0.998616 0.00692989 -3.14228 0.0430084 -0.00917799 0.999033 242.525
0.997702 -0.0500036 -0.0457207 -2.08607 0.0503773 0.998705 0.00705876 -3.16199 0.0453085 -0.00934582 0.998929 243.402
0.997706 -0.04917 -0.0465332 -2.13331 0.0495878 0.998739 0.00786448 -3.18015 0.0460878 -0.0101539 0.998886 244.247
0.997691 -0.0493978 -0.0466114 -2.1727 0.049872 0.998714 0.00906373 -3.19783 0.0461038 -0.0113674 0.998872 245.078
0.997717 -0.049368 -0.046093 -2.21393 0.0498893 0.998702 0.010227 -3.21295 0.0455283 -0.0125032 0.998885 245.889
0.997743 -0.0494153 -0.0454609 -2.25501 0.049919 0.998703 0.0100105 -3.22808 0.0449073 -0.0122573 0.998916 246.682
0.997759 -0.0493299 -0.0451955 -2.29154 0.0497593 0.998726 0.00842381 -3.24385 0.0447223 -0.0106538 0.998943 247.468
0.997796 -0.0494452 -0.0442522 -2.32395 0.0497793 0.998739 0.00647819 -3.25608 0.0438761 -0.00866675 0.998999 248.248
0.997852 -0.0494284 -0.0429967 -2.35858 0.0496793 0.998754 0.00478477 -3.26521 0.0427066 -0.00691054 0.999064 249.021
0.997896 -0.04951 -0.0418688 -2.39022 0.0497371 0.998753 0.00439995 -3.27705 0.0415988 -0.00647312 0.999113 249.794
0.997875 -0.0509826 -0.0405853 -2.41563 0.0512188 0.998676 0.00480099 -3.29672 0.0402868 -0.00686952 0.999165 250.574
0.997929 -0.0511458 -0.0390111 -2.44541 0.0513753 0.998667 0.00490166 -3.30822 0.0387084 -0.00689571 0.999227 251.337
0.997989 -0.0512557 -0.037288 -2.47156 0.0514867 0.99866 0.00526176 -3.32529 0.0369683 -0.00717102 0.999291 252.101
0.998021 -0.0518617 -0.035547 -2.49518 0.0520804 0.998629 0.00525442 -3.33852 0.0352258 -0.00709533 0.999354 252.863
0.998128 -0.0516414 -0.0327743 -2.52268 0.0518608 0.998637 0.00588173 -3.34785 0.0324259 -0.00757042 0.999445 253.609
0.99816 -0.0529872 -0.0294937 -2.54638 0.0532038 0.998562 0.0066102 -3.3546 0.029101 -0.00816721 0.999543 254.357
0.998169 -0.054281 -0.0267043 -2.56591 0.0544899 0.998489 0.00715764 -3.36425 0.0262754 -0.00859965 0.999618 255.095
0.998212 -0.0548897 -0.0236645 -2.58589 0.0550774 0.998455 0.00735113 -3.37312 0.0232244 -0.00864136 0.999693 255.841
0.998257 -0.0552929 -0.0206496 -2.60082 0.0554595 0.998432 0.00758274 -3.38581 0.0201979 -0.00871474 0.999758 256.573
0.998311 -0.0554417 -0.0173791 -2.61891 0.0555779 0.998427 0.00745443 -3.39359 0.0169384 -0.00840773 0.999821 257.302
0.998405 -0.0545768 -0.0144359 -2.63199 0.0546739 0.998484 0.00642096 -3.3966 0.0140636 -0.00719999 0.999875 258.039
0.998431 -0.0548154 -0.0114794 -2.641 0.054888 0.998474 0.00610346 -3.40721 0.0111273 -0.00672397 0.999915 258.779
0.998473 -0.0544997 -0.00900112 -2.64457 0.0545664 0.998483 0.00734201 -3.41815 0.00858733 -0.00782195 0.999933 259.523
0.998516 -0.054114 -0.00617459 -2.65578 0.054163 0.998499 0.0080763 -3.42677 0.00572829 -0.00839875 0.999948 260.27
0.998478 -0.0549982 -0.00400112 -2.65789 0.0550286 0.998453 0.00793797 -3.43271 0.00355836 -0.00814607 0.99996 261.018
0.998456 -0.0555136 -0.00179623 -2.66236 0.0555245 0.998435 0.00670617 -3.44192 0.00142113 -0.00679555 0.999976 261.766
0.998428 -0.056056 -4.94631e-05 -2.66758 0.0560557 0.998417 0.00465144 -3.4507 -0.000211356 -0.00464689 0.999989 262.515
0.998371 -0.0570444 0.0011605 -2.66708 0.0570404 0.998367 0.00322231 -3.46002 -0.00134242 -0.00315087 0.999994 263.279
0.99836 -0.0572302 0.00134251 -2.67287 0.0572264 0.998357 0.00273916 -3.4671 -0.00149707 -0.00265784 0.999995 264.041
0.998318 -0.0579575 0.00140113 -2.67587 0.0579537 0.998316 0.00265863 -3.47865 -0.00155286 -0.00257296 0.999995 264.807
0.998366 -0.0571272 0.00156267 -2.67962 0.0571236 0.998365 0.00227646 -3.48678 -0.00169016 -0.00218347 0.999996 265.582
0.998392 -0.0566572 0.00176145 -2.68101 0.0566537 0.998392 0.00197109 -3.49726 -0.0018703 -0.00186813 0.999997 266.361
0.998327 -0.0577892 0.00205177 -2.68065 0.0577886 0.998329 0.000331973 -3.50996 -0.00206753 -0.000212849 0.999998 267.15
0.998062 -0.0621837 0.00229008 -2.67387 0.0621873 0.998063 -0.0015273 -3.52987 -0.00219067 0.00166675 0.999996 267.939
0.997849 -0.0654932 0.00287564 -2.66774 0.0655002 0.99785 -0.0023875 -3.53801 -0.00271309 0.00257072 0.999993 268.767
0.997936 -0.0641313 0.00321605 -2.67297 0.0641257 0.99794 0.00178678 -3.54991 -0.00332402 -0.00157686 0.999993 269.59
0.998132 -0.0609995 0.00325216 -2.68306 0.0609726 0.998109 0.00783262 -3.55115 -0.00372379 -0.0076197 0.999964 270.422
0.99802 -0.0627787 0.0038872 -2.67824 0.0627297 0.997963 0.0116455 -3.56731 -0.00461037 -0.0113786 0.999925 271.268
0.99795 -0.0637121 0.00602996 -2.66601 0.0636545 0.997929 0.00929394 -3.57077 -0.00660961 -0.00889106 0.999939 272.108
0.997989 -0.062472 0.010758 -2.66392 0.0624404 0.998043 0.00325097 -3.57057 -0.0109401 -0.0025727 0.999937 272.95
0.99805 -0.0606616 0.0147106 -2.66007 0.0606682 0.998158 -1.06359e-06 -3.57849 -0.0146835 0.00089353 0.999892 273.803
0.998077 -0.0592949 0.0180751 -2.65535 0.0592982 0.99824 0.000351441 -3.58785 -0.0180642 0.000721058 0.999837 274.67
0.997898 -0.061204 0.021282 -2.64041 0.0611538 0.998124 0.00300115 -3.60061 -0.0214257 -0.00169337 0.999769 275.548
0.997589 -0.0651718 0.0238456 -2.61334 0.0650355 0.997862 0.0064502 -3.61111 -0.024215 -0.00488384 0.999695 276.442
0.997323 -0.0680407 0.0267772 -2.59173 0.067844 0.997662 0.00818782 -3.61917 -0.0272717 -0.00634923 0.999608 277.332
0.997234 -0.0681419 0.0296928 -2.56573 0.0679153 0.997654 0.00857656 -3.62547 -0.0302076 -0.00653624 0.999522 278.232
0.997257 -0.0663771 0.0327354 -2.55313 0.0661988 0.997785 0.00650151 -3.63444 -0.0330945 -0.00431664 0.999443 279.13
0.997158 -0.0667111 0.03501 -2.52141 0.0665858 0.997769 0.00473438 -3.64792 -0.0352477 -0.00238976 0.999376 280.017
0.99708 -0.0664643 0.0376072 -2.49287 0.0663285 0.997786 0.00484846 -3.65606 -0.0378462 -0.00233987 0.999281 280.915
0.997014 -0.0658668 0.0403057 -2.4611 0.0656285 0.997818 0.00720756 -3.66885 -0.0406925 -0.00454083 0.999161 281.812
0.996963 -0.0646069 0.043491 -2.4314 0.0642752 0.997892 0.00898435 -3.67929 -0.0439797 -0.00616167 0.999013 282.718
0.996883 -0.0638337 0.0463585 -2.39422 0.0634941 0.997944 0.00876317 -3.68207 -0.0468225 -0.00579237 0.998886 283.627
0.996726 -0.0642306 0.0491051 -2.35639 0.063902 0.997922 0.00823405 -3.685 -0.0495319 -0.00506919 0.99876 284.524
0.996475 -0.066091 0.0516593 -2.30792 0.0657595 0.997803 0.00809292 -3.69696 -0.0520807 -0.00466731 0.998632 285.426
0.996181 -0.0693135 0.0530945 -2.2561 0.0689294 0.997581 0.00903431 -3.70815 -0.0535923 -0.00534004 0.998549 286.324
0.996039 -0.0705282 0.0541575 -2.21638 0.0701287 0.997495 0.00924266 -3.71853 -0.0546737 -0.00540805 0.99849 287.228
0.995915 -0.0716009 0.0550093 -2.16987 0.0711827 0.997418 0.00952645 -3.72536 -0.0555494 -0.00557183 0.99844 288.134
0.995865 -0.0720252 0.0553661 -2.12116 0.0715888 0.997386 0.00982898 -3.73913 -0.0559293 -0.00582475 0.998418 289.049
0.995876 -0.0718818 0.0553526 -2.07978 0.0713833 0.997389 0.0109331 -3.75266 -0.0559939 -0.00693679 0.998407 289.952
0.995928 -0.0714881 0.0549207 -2.03723 0.0709778 0.997415 0.011188 -3.76122 -0.0555786 -0.00724431 0.998428 290.866
0.995981 -0.0718361 0.0535006 -1.98733 0.0713686 0.997394 0.0106008 -3.77154 -0.0541227 -0.00673991 0.998512 291.771
0.996026 -0.072258 0.0520694 -1.94717 0.0718562 0.997369 0.00955022 -3.78005 -0.0526225 -0.00577077 0.998598 292.686
0.996166 -0.0711922 0.0508353 -1.90971 0.0708514 0.997451 0.00847622 -3.78288 -0.0513092 -0.00484196 0.998671 293.594
0.996347 -0.0697196 0.0493179 -1.87163 0.0694126 0.997557 0.00791132 -3.78963 -0.049749 -0.00445913 0.998752 294.496
0.996521 -0.0683242 0.0477345 -1.83686 0.0680448 0.997654 0.00745643 -3.80127 -0.048132 -0.0041824 0.998832 295.402
0.996668 -0.06776 0.0454074 -1.80198 0.0674807 0.997691 0.00765762 -3.80688 -0.0458214 -0.00456798 0.998939 296.319
0.996784 -0.0679449 0.0424848 -1.76751 0.0676349 0.997672 0.00869517 -3.81341 -0.0429767 -0.00579375 0.999059 297.226
0.996848 -0.0696237 0.0380345 -1.73126 0.0692588 0.99754 0.0108305 -3.82413 -0.0386949 -0.00816212 0.999218 298.128
0.996987 -0.0700503 0.0333267 -1.70617 0.0696804 0.997496 0.0121343 -3.8313 -0.0340933 -0.00977549 0.999371 299.028
0.997098 -0.0706024 0.0284757 -1.68512 0.0702569 0.997445 0.0129602 -3.83723 -0.029318 -0.010922 0.99951 299.91
0.997195 -0.0709928 0.0237164 -1.66562 0.0706904 0.997409 0.0133541 -3.84197 -0.024603 -0.0116401 0.99963 300.801
0.997201 -0.0723136 0.0190027 -1.65119 0.0720613 0.997307 0.0136387 -3.85259 -0.0199378 -0.0122312 0.999726 301.667
0.997206 -0.0733508 0.0141038 -1.63942 0.0731608 0.997228 0.0135463 -3.86188 -0.0150583 -0.0124766 0.999809 302.526
0.997232 -0.07366 0.0101041 -1.63525 0.0735273 0.997209 0.0129316 -3.87241 -0.0110284 -0.0121529 0.999865 303.36
0.997267 -0.0736274 0.00618723 -1.63233 0.0735449 0.997212 0.0126444 -3.88172 -0.00710095 -0.0121548 0.999901 304.184
0.99728 -0.0736668 0.00235188 -1.63506 0.0736324 0.997209 0.0123557 -3.89016 -0.00325551 -0.0121489 0.999921 304.981
0.997205 -0.074702 -0.00156882 -1.63789 0.0747155 0.997131 0.0121381 -3.90121 0.000657581 -0.0122214 0.999925 305.757
0.99713 -0.0754921 -0.0057063 -1.64338 0.0755527 0.997078 0.0112796 -3.91474 0.0048381 -0.0116784 0.99992 306.51
0.997152 -0.0746377 -0.0108233 -1.6454 0.0747386 0.99716 0.00924477 -3.92055 0.0101026 -0.0100274 0.999899 307.275
0.997131 -0.0737521 -0.0170266 -1.66863 0.0738815 0.997242 0.00709919 -3.94117 0.016456 -0.00833678 0.99983 307.984
0.996998 -0.073205 -0.0252081 -1.69176 0.0733551 0.997293 0.00508166 -3.95567 0.0247679 -0.00691555 0.999669 308.678
0.996645 -0.0736952 -0.0356063 -1.72319 0.0738501 0.997265 0.00305455 -3.96699 0.0352838 -0.00567383 0.999361 309.366
0.996081 -0.0737137 -0.0488711 -1.7658 0.0738981 0.997264 0.001975 -3.98591 0.0485918 -0.00557875 0.998803 310.029
0.995185 -0.0727025 -0.0657308 -1.82167 0.072963 0.997333 0.00156731 -4.00403 0.0654416 -0.00635567 0.997836 310.682
0.993868 -0.0701775 -0.0854505 -1.89382 0.0704999 0.997511 0.000757997 -4.01721 0.0851846 -0.0067776 0.996342 311.318
0.991761 -0.069079 -0.107881 -1.98128 0.0693952 0.997589 -0.000825414 -4.03448 0.107678 -0.0066678 0.994163 311.95
0.988726 -0.0681514 -0.133324 -2.07325 0.0683883 0.997655 -0.00280701 -4.05237 0.133203 -0.00634246 0.991068 312.555
0.984645 -0.0669211 -0.16123 -2.18779 0.0670653 0.997738 -0.00455371 -4.06541 0.16117 -0.00632916 0.986906 313.142
0.97919 -0.0662282 -0.191837 -2.3199 0.0663895 0.997778 -0.00559401 -4.0822 0.191782 -0.0072584 0.981411 313.711
0.971917 -0.0667853 -0.22565 -2.46759 0.067015 0.99773 -0.0066505 -4.09473 0.225581 -0.00865817 0.974186 314.27
0.962871 -0.0667211 -0.261586 -2.63366 0.0669607 0.997723 -0.00800774 -4.10806 0.261525 -0.00980556 0.965147 314.805
0.951974 -0.0660712 -0.298965 -2.8192 0.0666919 0.99774 -0.00813803 -4.13025 0.298827 -0.0121913 0.954229 315.312
0.939027 -0.0645687 -0.337726 -3.02748 0.0654085 0.997819 -0.00890537 -4.14435 0.337565 -0.0137278 0.941202 315.814
0.92399 -0.0638349 -0.37705 -3.25652 0.0649076 0.997842 -0.00987457 -4.16279 0.376867 -0.0153494 0.92614 316.291
0.906554 -0.0634893 -0.417288 -3.50064 0.0648093 0.997837 -0.0110207 -4.18358 0.417085 -0.0170533 0.908708 316.757
0.886229 -0.0645589 -0.458727 -3.76243 0.065963 0.997738 -0.0129805 -4.20119 0.458527 -0.0187554 0.888482 317.206
0.863121 -0.0652891 -0.500759 -4.04507 0.0666832 0.997659 -0.0151383 -4.22741 0.500575 -0.020326 0.865454 317.63
0.836859 -0.0668463 -0.543322 -4.3529 0.0682514 0.997513 -0.0176014 -4.2434 0.543147 -0.0223526 0.83934 318.051
0.807727 -0.066369 -0.585809 -4.66274 0.0681011 0.997495 -0.0191115 -4.27262 0.58561 -0.0244574 0.810224 318.422
0.775426 -0.064986 -0.628086 -4.9925 0.0656906 0.997595 -0.0221171 -4.29102 0.628013 -0.0241092 0.77783 318.777
0.739902 -0.0659257 -0.669476 -5.35349 0.0657334 0.997509 -0.0255801 -4.31519 0.669495 -0.0250801 0.742393 319.124
0.700327 -0.0674441 -0.710629 -5.72643 0.0681502 0.997296 -0.0274888 -4.33454 0.710561 -0.0291783 0.70303 319.447
0.656268 -0.0684044 -0.751421 -6.10918 0.0720458 0.997013 -0.0278388 -4.36107 0.75108 -0.035867 0.659236 319.741
0.607896 -0.0681952 -0.791083 -6.5101 0.0734384 0.996863 -0.0295018 -4.37994 0.790613 -0.0401618 0.610997 320.003
0.557 -0.0643113 -0.828019 -6.93251 0.069013 0.997133 -0.0310219 -4.40727 0.82764 -0.0398648 0.559842 320.225
0.504433 -0.0579398 -0.861505 -7.3615 0.0606259 0.99766 -0.0315988 -4.43565 0.86132 -0.03629 0.506765 320.411
0.448939 -0.0540351 -0.891927 -7.79404 0.0543284 0.997974 -0.0331143 -4.45645 0.891909 -0.0335907 0.450965 320.582
0.391275 -0.0517823 -0.918816 -8.22227 0.050285 0.998127 -0.0348384 -4.48301 0.918899 -0.0325713 0.393146 320.722
0.333117 -0.0495818 -0.941581 -8.65806 0.0483111 0.998202 -0.0354716 -4.50892 0.941647 -0.0336726 0.334914 320.823
0.274344 -0.0467781 -0.960493 -9.09371 0.0470559 0.998273 -0.0351775 -4.53107 0.96048 -0.0355461 0.276071 320.903
0.21457 -0.04314 -0.975755 -9.529 0.0450556 0.998398 -0.0342332 -4.54746 0.975669 -0.0366178 0.21617 320.956
0.151106 -0.0397212 -0.987719 -9.9368 0.0433241 0.998498 -0.0335268 -4.57547 0.987568 -0.037726 0.1526 320.992
0.0871968 -0.0355553 -0.995556 -10.3889 0.0392452 0.99871 -0.0322306 -4.60078 0.995418 -0.0362604 0.0884796 320.977
0.0221287 -0.0292142 -0.999328 -10.8431 0.0365069 0.99893 -0.0283941 -4.63235 0.999088 -0.035854 0.0231715 320.943
-0.0451042 -0.0225325 -0.998728 -11.3 0.033661 0.999144 -0.024062 -4.65088 0.998415 -0.0347035 -0.0443071 320.884
-0.112287 -0.0152247 -0.993559 -11.7581 0.031406 0.999329 -0.0188625 -4.67737 0.993179 -0.0333218 -0.111734 320.789
-0.179275 -0.00905202 -0.983757 -12.2343 0.0288539 0.999479 -0.0144549 -4.69238 0.983376 -0.0309766 -0.17892 320.661
-0.244397 -0.00373134 -0.969668 -12.7118 0.0276369 0.99956 -0.010812 -4.70054 0.969281 -0.0294411 -0.244186 320.487
-0.309306 0.000978463 -0.950962 -13.2104 0.0278073 0.999581 -0.008016 -4.71396 0.950556 -0.028923 -0.309204 320.296
-0.370957 0.00387762 -0.928642 -13.6974 0.0273093 0.999604 -0.00673508 -4.72939 0.928249 -0.027859 -0.370916 320.06
-0.429365 0.00463489 -0.903119 -14.1743 0.0268396 0.999611 -0.00763014 -4.73764 0.902732 -0.0275155 -0.429323 319.782
-0.485131 0.0055328 -0.874424 -14.6519 0.0253809 0.999648 -0.00775621 -4.75188 0.874073 -0.0259564 -0.485101 319.479
-0.535989 0.00535641 -0.844208 -15.1274 0.0229516 0.999703 -0.00822897 -4.75487 0.843913 -0.0237865 -0.535952 319.13
-0.582258 0.00548138 -0.812986 -15.6123 0.0210193 0.999745 -0.00831339 -4.7605 0.812733 -0.0219289 -0.582224 318.748
-0.622414 0.00661728 -0.782661 -16.0942 0.0188653 0.999801 -0.0065495 -4.77402 0.782461 -0.0188416 -0.622414 318.321
-0.659836 0.0102706 -0.751339 -16.5827 0.0203078 0.999785 -0.00416777 -4.7794 0.751135 -0.0180081 -0.659903 317.867
-0.696355 0.0179773 -0.717473 -17.0624 0.0260281 0.999661 -0.000214114 -4.79186 0.717226 -0.0188236 -0.696587 317.38
-0.731876 0.0239549 -0.681017 -17.5319 0.0295662 0.999557 0.00338545 -4.79927 0.680796 -0.0176573 -0.73226 316.856
-0.764602 0.0262785 -0.643967 -18.016 0.0303243 0.999529 0.00478302 -4.80916 0.643789 -0.0158707 -0.765039 316.273
-0.793881 0.0233824 -0.607624 -18.4544 0.0274834 0.999619 0.00255897 -4.82181 0.607452 -0.0146681 -0.794221 315.653
-0.820792 0.0203657 -0.570864 -18.8896 0.0257354 0.999668 -0.00133907 -4.82477 0.570648 -0.0157905 -0.821043 315.002
-0.844999 0.0167822 -0.534505 -19.2936 0.0229822 0.999724 -0.00494348 -4.83559 0.534274 -0.0164613 -0.845151 314.309
-0.867115 0.0145293 -0.497896 -19.701 0.0215643 0.999732 -0.00838188 -4.83567 0.497641 -0.0180048 -0.867196 313.574
-0.887157 0.0121702 -0.461307 -20.079 0.0180732 0.999802 -0.00838042 -4.83697 0.461114 -0.015772 -0.887201 312.8
-0.905525 0.00776579 -0.424221 -20.4221 0.0127134 0.99988 -0.00883366 -4.84771 0.424102 -0.0133924 -0.905515 312.002
-0.922333 0.0077431 -0.386319 -20.7613 0.0119783 0.999892 -0.00855696 -4.86224 0.386211 -0.0125198 -0.922325 311.148
-0.937872 0.0101865 -0.346833 -21.0792 0.0134731 0.999884 -0.00706578 -4.87439 0.346721 -0.0112997 -0.9379 310.272
-0.951289 0.0140033 -0.307982 -21.3691 0.0163677 0.999853 -0.00509492 -4.89229 0.307866 -0.0098877 -0.951378 309.351
-0.962833 0.0145258 -0.269706 -21.6271 0.0154998 0.999879 -0.00148176 -4.89931 0.269652 -0.00560707 -0.962942 308.385
-0.972503 0.0164633 -0.232309 -21.8543 0.0168425 0.999858 0.0003512 -4.89776 0.232281 -0.00357112 -0.972642 307.395
-0.98048 0.0160466 -0.195962 -22.0324 0.0160676 0.99987 0.00148263 -4.90864 0.195961 -0.00169495 -0.98061 306.392
-0.986804 0.0144734 -0.161274 -22.193 0.0147975 0.99989 -0.000808563 -4.91472 0.161244 -0.00318434 -0.986909 305.347
-0.991739 0.0131412 -0.127599 -22.3219 0.0135731 0.999905 -0.00251581 -4.91962 0.127554 -0.00422694 -0.991823 304.27
-0.995335 0.0122654 -0.0956914 -22.4247 0.0124945 0.99992 -0.00179536 -4.91848 0.0956618 -0.0029826 -0.995409 303.161
-0.99781 0.0106487 -0.0652751 -22.4827 0.0107155 0.999942 -0.000673254 -4.91902 0.0652642 -0.00137123 -0.997867 302.027
-0.999282 0.0100929 -0.0365306 -22.516 0.0101264 0.999948 -0.000730639 -4.92947 0.0365213 -0.00110004 -0.999332 300.865
-0.999908 0.00971454 -0.00947166 -22.5187 0.009712 0.999953 0.000314128 -4.94557 0.00947426 0.00022211 -0.999955 299.701
-0.999857 0.00734532 0.0152537 -22.4868 0.00738626 0.999969 0.00262933 -4.9553 -0.0152339 0.00274162 -0.99988 298.471
-0.999238 0.0058695 0.0385946 -22.4346 0.00604481 0.999972 0.00442712 -4.96193 -0.0385675 0.00465704 -0.999245 297.232
-0.998249 0.00263951 0.0590927 -22.3556 0.00289903 0.999987 0.00430637 -4.97091 -0.0590805 0.00447014 -0.998243 295.983
-0.99714 -0.00197879 0.0755444 -22.2451 -0.00178789 0.999995 0.00259453 -4.97734 -0.0755491 0.00245205 -0.997139 294.723
