0.999979 -0.000186144 -0.00651459 -0.011512 0.000187508 1 0.000208655 0.000638259 0.00651455 -0.000209872 0.999979 0.098008
0.999908 0.000198475 -0.0135453 -0.0220557 -0.000191872 1 0.000488774 -0.00147932 0.0135454 -0.00048613 0.999908 0.200522
0.999776 0.000225739 -0.0211713 -0.0312372 -0.00022322 1 0.00012136 -0.00550083 0.0211713 -0.000116607 0.999776 0.311006
0.99954 0.000715649 -0.0303086 -0.0471079 -0.000760385 0.999999 -0.0014645 -0.004577 0.0303075 0.00148688 0.99954 0.423687
0.999132 0.000565162 -0.0416433 -0.068446 -0.000670527 0.999997 -0.00251626 -0.00958608 0.0416418 0.002542 0.999129 0.543154
0.998462 -0.000147477 -0.0554446 -0.0866867 -3.94436e-05 0.999994 -0.00337019 -0.0099672 0.0554448 0.00336719 0.998456 0.686364
0.997405 -0.000318392 -0.0719939 -0.110338 9.72792e-05 0.999995 -0.00307475 -0.0132528 0.0719946 0.00305977 0.9974 0.839926
0.995893 -0.00196123 -0.0905144 -0.141135 0.0017038 0.999994 -0.00292127 -0.016105 0.0905196 0.00275505 0.995891 1.00069
0.993839 -0.00349157 -0.110774 -0.17376 0.00320815 0.999991 -0.00273672 -0.0212353 0.110782 0.00236449 0.993842 1.1695
0.991096 -0.00354551 -0.133101 -0.218623 0.00318927 0.999991 -0.00288959 -0.0266144 0.13311 0.00243936 0.991098 1.35052
0.987535 9.64799e-06 -0.1574 -0.276859 -0.00067427 0.999991 -0.0041691 -0.0348735 0.157399 0.00422326 0.987526 1.53896
0.983123 0.00369875 -0.182909 -0.34644 -0.00482223 0.999972 -0.00569788 -0.0398535 0.182883 0.00648375 0.983113 1.7278
0.977725 0.0064185 -0.209793 -0.421595 -0.00803774 0.999944 -0.00686655 -0.0448774 0.209738 0.00839986 0.977722 1.92177
0.970899 0.00714749 -0.239383 -0.496357 -0.00907812 0.999935 -0.00696336 -0.0487263 0.239317 0.00893386 0.9709 2.12192
0.962808 0.00874332 -0.270045 -0.587698 -0.011024 0.999915 -0.00693002 -0.0470194 0.269961 0.00964926 0.962823 2.32574
0.953356 0.0106486 -0.301659 -0.69083 -0.0130763 0.999896 -0.00602951 -0.0523419 0.301564 0.00969286 0.953397 2.52444
0.942004 0.0126108 -0.335364 -0.793474 -0.0151385 0.999873 -0.00492407 -0.0568128 0.33526 0.0097154 0.942076 2.72486
0.929337 0.0147231 -0.368939 -0.909579 -0.0175849 0.999836 -0.00439556 -0.064209 0.368814 0.0105727 0.929443 2.92446
0.915344 0.0175552 -0.402291 -1.03282 -0.0208376 0.999776 -0.0037841 -0.0645124 0.402134 0.0118465 0.915504 3.11508
0.899252 0.0183301 -0.437047 -1.16834 -0.0219477 0.999754 -0.0032283 -0.0648868 0.43688 0.0124952 0.899433 3.31143
0.880782 0.0135021 -0.473329 -1.30845 -0.0174261 0.999841 -0.0039057 -0.0669291 0.473201 0.0116884 0.880877 3.50619
0.859378 0.0086933 -0.511267 -1.45843 -0.0126135 0.999912 -0.0041999 -0.0720727 0.511185 0.0100582 0.859412 3.70645
0.834102 0.0105285 -0.55151 -1.63205 -0.0129196 0.999916 -0.000450946 -0.0821194 0.551459 0.00750143 0.834168 3.90592
0.804691 0.0166912 -0.59346 -1.82659 -0.0181913 0.999829 0.00345422 -0.0894198 0.593415 0.00801625 0.804856 4.09167
0.771984 0.0191485 -0.635353 -2.03607 -0.0206801 0.999774 0.00500422 -0.0920182 0.635305 0.00927599 0.772205 4.26767
0.735692 0.01815 -0.677073 -2.26051 -0.019894 0.999789 0.00518459 -0.0905485 0.677024 0.00965545 0.735897 4.45006
0.695404 0.0137033 -0.718488 -2.49335 -0.0137313 0.999889 0.00578016 -0.0879983 0.718488 0.00584626 0.695515 4.63642
0.652378 0.00986919 -0.75783 -2.74792 -0.00805927 0.999949 0.00608448 -0.0870051 0.757851 0.00213817 0.652424 4.81093
0.607436 0.00932565 -0.794314 -3.03135 -0.00522673 0.999956 0.00774296 -0.0871913 0.794351 -0.000551688 0.607458 4.97549
0.559499 0.00986301 -0.828772 -3.33323 -0.0024946 0.999945 0.010216 -0.0875472 0.828827 -0.00364839 0.559493 5.12249
0.508286 0.0102519 -0.861127 -3.65496 -0.000993028 0.999935 0.0113183 -0.0799332 0.861188 -0.00489781 0.508263 5.26152
0.455604 0.0114779 -0.890109 -3.99492 -0.000461767 0.99992 0.0126576 -0.0693215 0.890182 -0.00535582 0.455573 5.38122
0.401237 0.0133247 -0.915877 -4.35677 0.000401175 0.999892 0.0147227 -0.0620141 0.915974 -0.00627472 0.401188 5.48683
0.346082 0.015172 -0.938082 -4.72979 0.000570016 0.999866 0.0163815 -0.0570605 0.938204 -0.00620406 0.346026 5.56765
0.290841 0.0183541 -0.956595 -5.1265 0.00274686 0.999796 0.0200182 -0.0568695 0.956768 -0.00844973 0.290731 5.64485
0.236729 0.0204201 -0.971361 -5.55063 0.00782894 0.999707 0.022924 -0.0607729 0.971544 -0.0130315 0.2365 5.71882
0.18565 0.0211608 -0.982388 -5.97437 0.00969342 0.99968 0.0233652 -0.0583306 0.982568 -0.0138605 0.185386 5.76245
0.1382 0.0223704 -0.990152 -6.41044 0.00768199 0.999691 0.0236581 -0.0545964 0.990375 -0.0108759 0.137986 5.7788
0.0959152 0.0225433 -0.995134 -6.86817 0.00495208 0.99972 0.0231245 -0.0417572 0.995377 -0.00714597 0.0957767 5.77963
0.0580528 0.0211132 -0.99809 -7.3539 0.00313513 0.999768 0.021331 -0.0301136 0.998309 -0.00436747 0.0579731 5.77578
0.0235824 0.0183786 -0.999553 -7.83691 0.00384149 0.999822 0.0184742 -0.0245504 0.999715 -0.00427543 0.0235076 5.75912
-0.00753331 0.0154675 -0.999852 -8.34529 0.00399706 0.999873 0.0154377 -0.0191266 0.999964 -0.00388017 -0.00759417 5.72814
-0.0339938 0.0137557 -0.999327 -8.86294 0.00368621 0.9999 0.0136382 -0.0155976 0.999415 -0.00322011 -0.0340412 5.68383
-0.0547953 0.0117248 -0.998429 -9.4055 0.00307687 0.999928 0.0115736 -0.0101156 0.998493 -0.00243786 -0.0548274 5.63523
-0.0712343 0.0111637 -0.997397 -9.96804 0.00400134 0.999933 0.0109063 -0.00842316 0.997452 -0.00321402 -0.0712741 5.5849
-0.0844639 0.0118219 -0.996356 -10.5465 0.00502364 0.999922 0.0114384 -0.00650587 0.996414 -0.0040392 -0.0845167 5.5282
-0.0940306 0.0130598 -0.995484 -11.1401 0.00383438 0.999911 0.0127557 -0.00893158 0.995562 -0.00261764 -0.0940724 5.45897
-0.100896 0.0144095 -0.994793 -11.7478 0.00259469 0.999896 0.0142203 -0.0103812 0.994894 -0.00114642 -0.100923 5.3855
-0.105443 0.0155556 -0.994304 -12.3694 0.0036838 0.999877 0.0152522 -0.00722116 0.994419 -0.00205458 -0.105487 5.31616
-0.10692 0.0165126 -0.99413 -13.0172 0.00681576 0.999851 0.0158746 -0.0009384 0.994244 -0.00507844 -0.107017 5.24921
-0.10577 0.0186196 -0.994216 -13.6761 0.00930237 0.999799 0.0177346 0.00920009 0.994347 -0.00737278 -0.105922 5.17661
-0.10415 0.0210767 -0.994338 -14.3498 0.0085243 0.999758 0.0202988 0.0148927 0.994525 -0.00636193 -0.104304 5.10011
-0.10234 0.0209909 -0.994528 -15.039 0.00650946 0.99977 0.0204317 0.0196606 0.994728 -0.00438286 -0.102453 5.01829
-0.100772 0.0185494 -0.994737 -15.7422 0.00481516 0.999824 0.0181564 0.0222906 0.994898 -0.00296016 -0.100843 4.94337
-0.0995807 0.0182197 -0.994863 -16.4689 0.0050038 0.999829 0.0178098 0.0360087 0.995017 -0.00320458 -0.0996548 4.87006
-0.0978472 0.0208069 -0.994984 -17.2157 0.00575982 0.999777 0.0203407 0.050629 0.995185 -0.00374064 -0.0979451 4.79399
-0.0961139 0.0240679 -0.995079 -17.9839 0.00488741 0.999707 0.0237077 0.0626878 0.995358 -0.00258472 -0.0962033 4.71582
-0.0942745 0.026467 -0.995194 -18.7623 0.0045418 0.999648 0.0261552 0.0639763 0.995536 -0.00205421 -0.0943615 4.63849
-0.0924607 0.0258734 -0.99538 -19.5439 0.00295754 0.999665 0.0257101 0.0773024 0.995712 -0.000566708 -0.0925062 4.56115
-0.0910502 0.0228563 -0.995584 -20.3474 0.00123759 0.999738 0.0228385 0.0950862 0.995846 0.000847328 -0.0910547 4.48223
-0.0895006 0.0223927 -0.995735 -21.169 0.000565716 0.999748 0.0224321 0.104801 0.995987 0.00144439 -0.0894907 4.4032
-0.0882209 0.0246205 -0.995797 -22.0067 0.00378319 0.999696 0.0243817 0.119342 0.996094 -0.00161631 -0.0882872 4.33106
-0.0870635 0.0270371 -0.995836 -22.8493 0.00638165 0.999626 0.026582 0.12757 0.996182 -0.00404075 -0.0872035 4.25672
-0.0857503 0.0290707 -0.995892 -23.6984 0.00763631 0.999564 0.0285204 0.135703 0.996287 -0.00515931 -0.0859349 4.17758
-0.0853632 0.0245833 -0.996047 -24.5488 0.00818361 0.999679 0.0239716 0.141771 0.996316 -0.00610497 -0.085537 4.10214
-0.0848769 0.01759 -0.996236 -25.4018 0.00954408 0.999813 0.01684 0.153911 0.996346 -0.00807883 -0.0850289 4.02389
-0.0851624 0.013254 -0.996279 -26.2715 0.0128832 0.999843 0.0122002 0.163562 0.996284 -0.0117962 -0.0853197 3.95316
-0.0854938 0.0144727 -0.996234 -27.1535 0.0142652 0.99981 0.0133004 0.163608 0.996237 -0.0130744 -0.085684 3.87132
-0.0855984 0.0220661 -0.996085 -28.0475 0.0141306 0.999681 0.0209315 0.162668 0.99623 -0.0122836 -0.0858829 3.78625
-0.0857443 0.0292682 -0.995887 -28.9486 0.012809 0.999518 0.0282721 0.169155 0.996235 -0.0103322 -0.0860779 3.70123
-0.0859379 0.0347459 -0.995694 -29.8369 0.0109439 0.999364 0.0339294 0.17597 0.99624 -0.007981 -0.0862635 3.61752
-0.0861848 0.0350838 -0.995661 -30.7276 0.00894468 0.999367 0.0344401 0.182453 0.996239 -0.00593766 -0.0864441 3.5296
-0.086321 0.0319323 -0.995755 -31.6172 0.00898724 0.99947 0.0312723 0.190788 0.996227 -0.00624964 -0.0865623 3.44799
-0.0868187 0.0294255 -0.995789 -32.5026 0.00907175 0.999546 0.0287455 0.203216 0.996183 -0.0065379 -0.0870461 3.36568
-0.0870817 0.0302769 -0.995741 -33.3984 0.00731857 0.999531 0.0297521 0.222766 0.996174 -0.00469654 -0.0872624 3.28399
-0.0869507 0.0328259 -0.995672 -34.2928 0.00672148 0.999454 0.0323636 0.229126 0.99619 -0.00387835 -0.0871238 3.19562
-0.0868195 0.0314087 -0.995729 -35.1756 0.00622675 0.9995 0.0309847 0.235686 0.996205 -0.00351008 -0.0869717 3.11379
-0.0866379 0.0263863 -0.99589 -36.0507 0.00608595 0.999645 0.0259564 0.246394 0.996221 -0.00381214 -0.0867677 3.03934
-0.0864974 0.0221015 -0.996007 -36.9385 0.00520479 0.99975 0.0217326 0.255639 0.996238 -0.0033042 -0.0865909 2.95187
-0.0859131 0.0229427 -0.996038 -37.8165 0.00592679 0.999729 0.0225165 0.259408 0.996285 -0.00396885 -0.0860258 2.86929
-0.0854906 0.025624 -0.996009 -38.7061 0.00767617 0.999657 0.0250589 0.259788 0.996309 -0.00550324 -0.085658 2.78905
-0.0849185 0.0304134 -0.995924 -39.6003 0.00810223 0.999522 0.0298324 0.2735 0.996355 -0.00553588 -0.0851243 2.70613
-0.084385 0.0361812 -0.995776 -40.4874 0.00980572 0.999322 0.0354791 0.288098 0.996385 -0.0067704 -0.0846826 2.62937
-0.0844809 0.0397602 -0.995632 -41.3743 0.0098219 0.999188 0.0390688 0.29436 0.996377 -0.00647843 -0.0848029 2.55102
-0.0840903 0.0397817 -0.995664 -42.2591 0.0101247 0.999185 0.0390673 0.310078 0.996407 -0.00679558 -0.0844245 2.47241
-0.0841346 0.0352902 -0.995829 -43.1384 0.0105805 0.999348 0.0345209 0.329971 0.996398 -0.00763198 -0.0844532 2.39397
-0.0838756 0.0307995 -0.996 -44.0183 0.0104092 0.999495 0.030031 0.348397 0.996422 -0.00784873 -0.0841538 2.31466
-0.0836152 0.0281013 -0.996102 -44.8936 0.00648185 0.999596 0.0276558 0.359667 0.996477 -0.00414414 -0.0837636 2.22822
-0.0840133 0.0262348 -0.996119 -45.7807 0.00341592 0.999655 0.0260399 0.370045 0.996459 -0.00121497 -0.084074 2.13955
-0.084503 0.0246758 -0.996118 -46.6647 0.00595662 0.999688 0.0242589 0.369552 0.996405 -0.00388354 -0.0846236 2.05647
-0.0854726 0.021133 -0.996116 -47.5474 0.00957127 0.999746 0.0203888 0.375443 0.996295 -0.00779142 -0.0856532 1.97768
-0.0863222 0.0196431 -0.996074 -48.4183 0.0146803 0.999722 0.0184428 0.385696 0.996159 -0.0130306 -0.0865866 1.90464
-0.0881749 0.0234044 -0.99583 -49.2807 0.0147251 0.999645 0.0221903 0.383285 0.995996 -0.0127071 -0.0884883 1.82244
-0.0899031 0.0295812 -0.995511 -50.1634 0.0173754 0.999453 0.0281292 0.39041 0.995799 -0.0147685 -0.090368 1.74113
-0.0918303 0.0331648 -0.995222 -51.0316 0.0194882 0.999314 0.031503 0.396236 0.995584 -0.0165022 -0.0924136 1.66215
-0.0933849 0.0323879 -0.995103 -51.8944 0.0193244 0.999341 0.0307124 0.401209 0.995443 -0.0163617 -0.0939493 1.57642
-0.0942553 0.0287082 -0.995134 -52.7449 0.0156545 0.999503 0.0273515 0.401677 0.995425 -0.0130003 -0.0946579 1.48132
-0.0954171 0.0250323 -0.995123 -53.5892 0.0113244 0.999646 0.0240603 0.412252 0.995373 -0.00897336 -0.0956668 1.38562
-0.096778 0.0239699 -0.995017 -54.4311 0.00717511 0.999701 0.0233849 0.413385 0.99528 -0.00487622 -0.0969211 1.28876
-0.0978497 0.0250556 -0.994886 -55.2704 0.00599058 0.99968 0.0245871 0.416545 0.995183 -0.0035541 -0.0979685 1.19827
-0.0987192 0.0262564 -0.994769 -56.1122 0.00600427 0.999649 0.0257894 0.425345 0.995097 -0.00342695 -0.0988423 1.10558
-0.0996966 0.0260673 -0.994676 -56.9419 0.00391637 0.999659 0.0258054 0.42713 0.99501 -0.00132281 -0.0997648 1.01596
-0.100119 0.0262465 -0.994629 -57.7637 0.00396484 0.999655 0.02598 0.42737 0.994968 -0.00134246 -0.100188 0.923378
-0.100454 0.028088 -0.994545 -58.5974 0.00586282 0.999601 0.0276386 0.431337 0.994924 -0.00305444 -0.100579 0.832163
-0.100555 0.0312119 -0.994442 -59.4184 0.00682232 0.999506 0.030681 0.440155 0.994908 -0.00369927 -0.100718 0.744467
-0.100684 0.0353593 -0.99429 -60.2517 0.00653308 0.99937 0.0348784 0.449129 0.994897 -0.00298407 -0.100852 0.654577
-0.101423 0.0377233 -0.994128 -61.0663 0.00776278 0.99928 0.0371269 0.457563 0.994813 -0.00395169 -0.101643 0.568223
-0.102374 0.0376508 -0.994033 -61.8642 0.00792534 0.999283 0.0370334 0.470869 0.994714 -0.00408679 -0.102599 0.48427
-0.102938 0.0357328 -0.994046 -62.654 0.00913228 0.999346 0.0349776 0.482289 0.994646 -0.00547737 -0.103197 0.40386
-0.103126 0.0322564 -0.994145 -63.4406 0.0101086 0.999456 0.0313802 0.494388 0.994617 -0.00681333 -0.103396 0.315248
-0.102916 0.0295151 -0.994252 -64.2038 0.00985639 0.999541 0.0286519 0.500698 0.994641 -0.00685099 -0.10316 0.231625
-0.101594 0.0271096 -0.994457 -64.9592 0.00942994 0.99961 0.0262867 0.50945 0.994781 -0.00670709 -0.10181 0.1465
-0.0993957 0.0264879 -0.994695 -65.6966 0.0068793 0.99964 0.0259321 0.511398 0.995024 -0.00426527 -0.0995421 0.0640532
-0.0956328 0.0274524 -0.995038 -66.4131 0.00638019 0.999616 0.0269655 0.511148 0.995396 -0.00376975 -0.0957713 -0.00551328
-0.0896893 0.0288707 -0.995551 -67.1341 0.00805205 0.999568 0.0282618 0.521805 0.995937 -0.00548144 -0.0898831 -0.0767002
-0.0826135 0.0304406 -0.996117 -67.8258 0.00927151 0.999514 0.0297754 0.526859 0.996539 -0.00677566 -0.0828555 -0.130114
-0.0739868 0.0318643 -0.99675 -68.5021 0.00849543 0.999473 0.0313207 0.528419 0.997223 -0.0061505 -0.0742185 -0.180665
-0.0622707 0.0335502 -0.997495 -69.1622 0.00666474 0.999427 0.0331991 0.534086 0.998037 -0.00458071 -0.0624586 -0.225375
-0.0476446 0.034991 -0.998251 -69.8077 0.00444272 0.999384 0.0348186 0.545144 0.998854 -0.00277603 -0.0477707 -0.256075
-0.0294854 0.0362428 -0.998908 -70.4257 0.00331483 0.99934 0.0361606 0.553507 0.99956 -0.00224499 -0.0295861 -0.266031
-0.00717602 0.037075 -0.999287 -71.0298 0.00234782 0.99931 0.037059 0.560726 0.999971 -0.00208021 -0.00725812 -0.26677
0.0181623 0.0375879 -0.999128 -71.6033 0.00318727 0.999286 0.0376518 0.565395 0.99983 -0.00386834 0.0180295 -0.244298
0.0477129 0.0370938 -0.998172 -72.1559 0.00471704 0.999291 0.0373608 0.574394 0.99885 -0.00649101 0.047504 -0.200398
0.0816516 0.0371748 -0.995967 -72.6847 0.00603889 0.999267 0.037793 0.582202 0.996643 -0.0091004 0.0813673 -0.133133
0.119166 0.0375271 -0.992165 -73.198 0.00644165 0.999235 0.0385682 0.591455 0.992853 -0.0109872 0.118833 -0.0493026
0.159665 0.0376122 -0.986454 -73.6883 0.00683927 0.999208 0.0392054 0.594479 0.987147 -0.0130064 0.159282 0.0597897
0.204688 0.0388443 -0.978056 -74.1742 0.00776707 0.999116 0.0413062 0.598856 0.978796 -0.0160515 0.204206 0.191931
0.25282 0.0376805 -0.966779 -74.6449 0.0102983 0.99908 0.0416325 0.604489 0.967458 -0.0204817 0.252199 0.354725
0.302992 0.0329698 -0.952423 -75.0829 0.0175176 0.99904 0.0401564 0.606143 0.952832 -0.0288512 0.302124 0.536924
0.354558 0.0276038 -0.934626 -75.5037 0.0222875 0.999031 0.0379609 0.613842 0.934768 -0.0342899 0.353599 0.737928
0.407083 0.0227698 -0.913107 -75.9194 0.0267359 0.998964 0.0368302 0.628811 0.913 -0.0394057 0.406053 0.969541
0.458627 0.0224815 -0.888344 -76.3259 0.0259629 0.998914 0.0386837 0.643463 0.888249 -0.0408054 0.457546 1.21102
0.507177 0.0210011 -0.861586 -76.7147 0.0270287 0.998824 0.0402569 0.658394 0.861418 -0.043705 0.506013 1.47746
0.552411 0.0169455 -0.8334 -77.0836 0.0337058 0.998522 0.0426445 0.668813 0.83289 -0.0516477 0.551023 1.77469
0.596349 0.010719 -0.802653 -77.4224 0.0431571 0.998037 0.0453927 0.674776 0.801564 -0.0617101 0.594716 2.09358
0.639118 0.00540798 -0.76909 -77.7535 0.0442235 0.998062 0.043768 0.687339 0.767836 -0.0619847 0.63764 2.42157
0.680149 0.000841587 -0.733074 -78.0627 0.0400827 0.998461 0.0383352 0.696323 0.731978 -0.0554572 0.679068 2.75501
0.720841 -0.00503801 -0.693082 -78.3608 0.0347112 0.998981 0.0288399 0.706432 0.69223 -0.0448467 0.720282 3.10873
0.760319 -0.00803971 -0.6495 -78.6548 0.0292331 0.999334 0.0218508 0.720736 0.648892 -0.0356005 0.760047 3.49356
0.797417 -0.00926061 -0.603357 -78.927 0.0268075 0.999439 0.0200898 0.728204 0.602832 -0.0321944 0.797218 3.91403
0.831479 -0.00978329 -0.55547 -79.1808 0.0249788 0.999492 0.0197869 0.730973 0.554995 -0.0303274 0.831301 4.36273
0.862291 -0.00863464 -0.50634 -79.4285 0.0207898 0.999615 0.0183583 0.740561 0.505987 -0.0263569 0.862139 4.83961
0.888534 -0.00782591 -0.458745 -79.6584 0.0193704 0.999603 0.0204655 0.74398 0.458402 -0.0270704 0.888332 5.35013
0.910025 -0.00153768 -0.41455 -79.8824 0.0118571 0.999681 0.0223208 0.748655 0.414383 -0.0252279 0.909753 5.88235
0.927767 0.0016777 -0.373155 -80.0899 0.00673791 0.999752 0.0212472 0.756732 0.373098 -0.0222267 0.927526 6.42886
0.941439 0.00700426 -0.33711 -80.2785 0.000824014 0.999733 0.023073 0.765824 0.337182 -0.0219996 0.941182 7.00034
0.951597 0.00762753 -0.307253 -80.4494 0.000200878 0.999676 0.025439 0.768247 0.307348 -0.0242694 0.951288 7.60219
0.959182 0.00721933 -0.282697 -80.616 0.000483867 0.999631 0.0271697 0.776209 0.282788 -0.0261975 0.958825 8.21427
0.965148 0.00746233 -0.261599 -80.7733 0.000278385 0.999564 0.0295404 0.782923 0.261705 -0.0285837 0.964724 8.8495
0.969899 0.00991574 -0.243306 -80.9343 -0.00207335 0.999471 0.0324675 0.791904 0.243499 -0.0309858 0.969406 9.49985
0.973592 0.0145398 -0.227832 -81.0948 -0.00692009 0.999391 0.0342075 0.812113 0.228191 -0.0317276 0.973099 10.1681
0.976536 0.0179596 -0.214605 -81.245 -0.0106065 0.999318 0.0353656 0.829617 0.215094 -0.0322596 0.97606 10.8541
0.97929 0.016685 -0.201772 -81.3786 -0.00978429 0.999334 0.0351495 0.848141 0.202224 -0.0324474 0.978802 11.5578
0.982045 0.0166884 -0.187908 -81.5164 -0.0102954 0.999336 0.0349466 0.866584 0.188367 -0.0323845 0.981565 12.2801
0.984676 0.0172061 -0.173544 -81.6419 -0.0111222 0.999291 0.0359685 0.882151 0.17404 -0.0334872 0.984169 13.0226
0.987 0.0188251 -0.159614 -81.7589 -0.0131081 0.999237 0.0367952 0.898011 0.160185 -0.0342246 0.986494 13.7814
0.988982 0.0191718 -0.146788 -81.8731 -0.014315 0.999317 0.0340723 0.911204 0.147341 -0.0315956 0.988581 14.5482
0.990565 0.0197415 -0.135617 -81.9846 -0.0159144 0.999446 0.0292463 0.918027 0.136119 -0.0268121 0.99033 15.3198
0.991861 0.0173601 -0.126136 -82.0835 -0.0145575 0.999627 0.023107 0.934731 0.12649 -0.0210827 0.991744 16.1075
0.992884 0.0172699 -0.117823 -82.1807 -0.0146474 0.999626 0.0230884 0.950264 0.118178 -0.0211983 0.992766 16.9156
0.993628 0.0193617 -0.111036 -82.2797 -0.0162187 0.999444 0.02914 0.964975 0.111538 -0.0271535 0.993389 17.731
0.994066 0.0236153 -0.106183 -82.3706 -0.0197697 0.999115 0.037125 0.977769 0.106966 -0.0348055 0.993653 18.553
0.994507 0.0240152 -0.101879 -82.4638 -0.0199201 0.99896 0.0410243 0.990949 0.102758 -0.0387696 0.993951 19.3824
0.994906 0.0226056 -0.0982437 -82.5484 -0.01875 0.999024 0.0399933 1.00712 0.0990519 -0.0379474 0.994358 20.195
0.995198 0.0226837 -0.0952183 -82.6268 -0.0190083 0.999045 0.039331 1.02324 0.0960196 -0.0373322 0.994679 21.0019
0.995497 0.0206006 -0.0925232 -82.7056 -0.0168194 0.998998 0.0414629 1.04734 0.0932847 -0.03972 0.994847 21.8249
0.995794 0.0181944 -0.0897912 -82.7863 -0.0142833 0.998929 0.044009 1.06611 0.0904957 -0.0425414 0.994988 22.6458
0.996066 0.0164564 -0.0870731 -82.8521 -0.0125093 0.998878 0.0456836 1.08549 0.0877272 -0.0444147 0.995154 23.4569
0.996312 0.0150095 -0.0844861 -82.9223 -0.011475 0.999045 0.0421675 1.10314 0.0850383 -0.0410425 0.995532 24.2651
0.996404 0.0173664 -0.0829312 -82.9974 -0.0145337 0.999294 0.03464 1.12625 0.0834743 -0.0333101 0.995953 25.0751
0.996514 0.0175747 -0.0815479 -83.0659 -0.0154186 0.999517 0.0269938 1.14216 0.0819829 -0.0256424 0.996304 25.876
0.996619 0.0181621 -0.0801237 -83.1399 -0.0163528 0.999598 0.0231805 1.14945 0.0805125 -0.0217919 0.996515 26.6867
0.996741 0.0197125 -0.0782179 -83.205 -0.0177444 0.99951 0.0257774 1.14482 0.0786877 -0.0243054 0.996603 27.4926
0.996863 0.0229253 -0.0757546 -83.2796 -0.0207086 0.999338 0.0299178 1.14872 0.0763903 -0.0282552 0.996678 28.3019
0.996946 0.0258955 -0.073671 -83.3501 -0.0233513 0.999108 0.0351886 1.15531 0.0745165 -0.0333608 0.996662 29.1084
0.997194 0.0232703 -0.0711543 -83.4114 -0.0206683 0.999098 0.0370886 1.16794 0.0719532 -0.0355138 0.996776 29.92
0.997361 0.0204507 -0.0696623 -83.4699 -0.0179138 0.99916 0.0368496 1.18277 0.0703574 -0.0355045 0.99689 30.7249
0.997476 0.0186998 -0.0684998 -83.5249 -0.0162043 0.999191 0.0368071 1.19709 0.0691327 -0.0356042 0.996972 31.5237
0.997572 0.0172692 -0.0674716 -83.5825 -0.0149479 0.999284 0.0347593 1.2176 0.0680236 -0.0336663 0.997116 32.3168
0.997649 0.0152465 -0.0668134 -83.6357 -0.0130291 0.999354 0.033498 1.23441 0.067281 -0.0325487 0.997203 33.1182
0.997724 0.0141016 -0.0659366 -83.6965 -0.0118903 0.999358 0.0338095 1.2462 0.066371 -0.0329485 0.997251 33.9306
0.997725 0.0165849 -0.0653405 -83.7563 -0.0143342 0.999293 0.0347655 1.26505 0.0658709 -0.0337499 0.997257 34.7469
0.997735 0.0160489 -0.0653304 -83.8132 -0.0138476 0.999326 0.0340094 1.27771 0.0658322 -0.0330276 0.997284 35.5631
0.997632 0.0152422 -0.0670636 -83.8738 -0.0129898 0.999341 0.0338952 1.2929 0.067536 -0.0329438 0.997173 36.3946
0.997537 0.0124308 -0.0690371 -83.9381 -0.0100829 0.999362 0.0342548 1.31107 0.0694189 -0.0334743 0.997026 37.2281
0.997309 0.0138216 -0.0719963 -84.0078 -0.0114018 0.99936 0.0339144 1.33319 0.0724189 -0.0330022 0.996828 38.0612
0.997062 0.0175958 -0.0745562 -84.0845 -0.0151121 0.999316 0.0337472 1.34788 0.0750991 -0.0325213 0.996646 38.9101
0.996879 0.017481 -0.0769869 -84.1627 -0.015281 0.99946 0.0290736 1.36066 0.0774536 -0.0278065 0.996608 39.7566
0.996653 0.0186098 -0.079599 -84.2341 -0.0166152 0.999533 0.0256477 1.37306 0.0800391 -0.0242393 0.996497 40.6111
0.996515 0.0173331 -0.081596 -84.313 -0.0154459 0.9996 0.0237038 1.39312 0.0819742 -0.0223609 0.996384 41.4649
0.996336 0.0171425 -0.0837867 -84.3926 -0.0150527 0.999561 0.0255104 1.39549 0.0841873 -0.0241557 0.996157 42.3416
0.996163 0.0156505 -0.0861079 -84.47 -0.0134142 0.999559 0.0264889 1.40398 0.0864845 -0.0252321 0.995934 43.2192
0.996005 0.0150037 -0.0880234 -84.5486 -0.0125459 0.999518 0.028409 1.41925 0.0884072 -0.0271911 0.995713 44.111
0.995901 0.0148996 -0.0892196 -84.6357 -0.0120802 0.999413 0.0320586 1.43659 0.0896449 -0.0308494 0.995496 44.9978
0.995839 0.0146378 -0.0899426 -84.7254 -0.011375 0.999262 0.0366821 1.4548 0.0904131 -0.0355064 0.995271 45.8993
0.995892 0.0147337 -0.0893421 -84.8128 -0.0113202 0.999191 0.0385936 1.47521 0.0898385 -0.0374237 0.995253 46.8095
0.996008 0.0174274 -0.0875419 -84.8987 -0.0140534 0.99914 0.0390115 1.49239 0.0881465 -0.0376255 0.995397 47.7219
0.996171 0.0170592 -0.0857447 -84.9843 -0.0138614 0.999191 0.0377517 1.51968 0.0863194 -0.0364186 0.995602 48.6412
0.996334 0.0148646 -0.0842446 -85.065 -0.0119114 0.9993 0.0354509 1.54145 0.0847126 -0.0343175 0.995814 49.5646
0.996521 0.0101348 -0.0827288 -85.137 -0.00737672 0.999409 0.0335771 1.56313 0.0830202 -0.03285 0.996006 50.4929
0.99668 0.00859369 -0.0809599 -85.2147 -0.00589956 0.999423 0.0334579 1.58118 0.0812007 -0.0328692 0.996156 51.4167
0.996763 0.00576421 -0.0801829 -85.2915 -0.00289092 0.999351 0.0359042 1.59779 0.0803379 -0.0355562 0.996133 52.3458
0.996853 0.00232367 -0.0792422 -85.3662 0.000729868 0.999259 0.0384835 1.61445 0.0792729 -0.0384202 0.996112 53.2762
0.99692 0.00135372 -0.0784102 -85.4458 0.0016867 0.99925 0.0386966 1.62942 0.0784037 -0.0387097 0.99617 54.1949
0.997018 0.00265608 -0.0771183 -85.5313 9.34028e-05 0.999365 0.0356273 1.64221 0.077164 -0.0355283 0.996385 55.123
0.99705 0.00545168 -0.0765559 -85.61 -0.00319224 0.999557 0.029605 1.65985 0.0766834 -0.0292733 0.996626 56.0391
0.997111 0.00748367 -0.0755823 -85.6821 -0.00566738 0.999691 0.0242165 1.67342 0.0757402 -0.0237182 0.996845 56.948
0.997105 0.0125129 -0.0750033 -85.763 -0.011143 0.999764 0.0186547 1.67772 0.075219 -0.0177649 0.997009 57.8527
0.997199 0.0116211 -0.0738879 -85.8362 -0.0103018 0.999781 0.0182125 1.67685 0.0740833 -0.0174003 0.9971 58.7638
0.997216 0.0088268 -0.0740451 -85.902 -0.00706543 0.999687 0.0240161 1.68958 0.0742339 -0.0234261 0.996966 59.6703
0.997163 0.0073568 -0.0749128 -85.9739 -0.0048795 0.999437 0.0331987 1.69427 0.0751149 -0.032739 0.996637 60.5807
0.99707 0.00588299 -0.0762674 -86.0442 -0.00276553 0.999159 0.0409167 1.7044 0.076444 -0.0405859 0.996248 61.4894
0.99689 0.0031768 -0.0787412 -86.1152 -0.000120009 0.999247 0.038795 1.7211 0.0788052 -0.0386649 0.99614 62.3793
0.996718 -0.00210356 -0.0809252 -86.1801 0.00497168 0.999366 0.0352565 1.73941 0.0807997 -0.0355431 0.996096 63.2742
0.996494 -0.00397698 -0.0835733 -86.254 0.00682694 0.999404 0.0338434 1.7538 0.0833889 -0.0342953 0.995927 64.1592
0.996257 -0.00182338 -0.0864187 -86.3372 0.00457493 0.999488 0.0316525 1.76323 0.0863167 -0.0319294 0.995756 65.0303
0.995948 -2.42686e-05 -0.0899344 -86.4211 0.00257583 0.999597 0.0282554 1.77553 0.0898976 -0.0283726 0.995547 65.9016
0.995576 0.0003762 -0.0939596 -86.5113 0.00198215 0.999685 0.025005 1.78413 0.0939394 -0.0250806 0.995262 66.7682
0.995299 0.00208781 -0.0968227 -86.6085 -6.88478e-05 0.999783 0.0208508 1.78969 0.0968452 -0.0207461 0.995083 67.6254
0.994946 0.00616486 -0.100218 -86.7096 -0.00408362 0.999772 0.0209591 1.79147 0.100324 -0.0204439 0.994745 68.4875
0.994572 0.00909825 -0.103657 -86.8134 -0.00678148 0.99972 0.0226809 1.79998 0.103834 -0.0218548 0.994354 69.3413
0.994135 0.0116012 -0.10752 -86.9172 -0.0085733 0.999555 0.0285807 1.8079 0.107803 -0.0274913 0.993792 70.1959
0.99367 0.0119952 -0.111697 -87.0207 -0.00820872 0.999378 0.0342982 1.81296 0.112039 -0.0331642 0.99315 71.0512
0.993113 0.0111908 -0.116625 -87.1258 -0.00686381 0.999275 0.0374378 1.83284 0.116959 -0.0363795 0.99247 71.8986
0.992349 0.0105227 -0.123016 -87.2367 -0.00586883 0.999255 0.0381328 1.85335 0.123325 -0.0371191 0.991672 72.7364
0.991627 0.00742795 -0.12892 -87.3535 -0.00204451 0.999122 0.0418402 1.86728 0.129118 -0.0412263 0.990772 73.5766
0.990731 0.00753242 -0.135627 -87.4693 -0.00194369 0.999145 0.041292 1.88631 0.135822 -0.0406457 0.989899 74.4021
0.989797 0.0123175 -0.141953 -87.5935 -0.00672041 0.999183 0.0398416 1.90839 0.142327 -0.0384811 0.989071 75.2227
0.988873 0.0141507 -0.148087 -87.7268 -0.00892011 0.999315 0.0359256 1.9251 0.148493 -0.0342049 0.988322 76.0346
0.987956 0.0126047 -0.154221 -87.8572 -0.00759781 0.999426 0.0330124 1.9415 0.154549 -0.031443 0.987485 76.8497
0.987103 0.0134929 -0.159516 -87.9993 -0.00851188 0.999456 0.0318681 1.95271 0.159859 -0.0300993 0.986681 77.6666
0.986285 0.0148221 -0.164387 -88.1463 -0.00886549 0.999279 0.0369101 1.97163 0.164815 -0.0349465 0.985705 78.4875
0.985213 0.0155132 -0.170632 -88.2939 -0.00863578 0.999123 0.0409741 1.98718 0.171118 -0.0388947 0.984483 79.2964
0.98409 0.0137079 -0.177139 -88.4391 -0.00620212 0.999062 0.0428566 2.00287 0.17756 -0.0410761 0.983252 80.0962
0.982822 0.0108173 -0.184236 -88.5925 -0.0037188 0.999239 0.0388311 2.02174 0.184516 -0.037479 0.982115 80.8886
0.981225 0.00892973 -0.192659 -88.752 -0.00289296 0.999497 0.0315926 2.04158 0.192844 -0.0304421 0.980757 81.6762
0.979406 0.00599197 -0.201811 -88.9198 -5.20303e-05 0.999567 0.0294257 2.05883 0.2019 -0.0288092 0.978982 82.4601
0.977082 0.00554821 -0.212789 -89.0957 0.00131777 0.999483 0.0321113 2.06964 0.212857 -0.0316558 0.97657 83.2434
0.974614 0.00490319 -0.22384 -89.2852 0.00373484 0.999265 0.0381505 2.08535 0.223863 -0.038018 0.973879 84.0276
0.971799 0.00675768 -0.235713 -89.4872 0.00404301 0.998965 0.045308 2.10611 0.235775 -0.0449832 0.970766 84.8014
0.969055 0.0074728 -0.246733 -89.6985 0.00466112 0.99881 0.0485577 2.12364 0.246802 -0.0482051 0.967866 85.5788
0.966089 0.0104505 -0.257999 -89.9189 0.000847904 0.999047 0.0436425 2.14316 0.258209 -0.0423813 0.965159 86.3324
0.962925 0.00908134 -0.269618 -90.1454 0.000263818 0.999401 0.0346043 2.15225 0.26977 -0.0333925 0.962346 87.0841
0.959453 0.00647844 -0.281794 -90.3762 0.00180872 0.999574 0.0291385 2.17742 0.281863 -0.0284667 0.959032 87.8292
0.955601 0.00485226 -0.294622 -90.6033 0.00530963 0.999419 0.0336815 2.20067 0.294614 -0.0337505 0.95502 88.5896
0.952026 0.00610183 -0.305957 -90.8638 0.00671324 0.999144 0.0408155 2.21309 0.305944 -0.0409114 0.95117 89.3527
0.948062 0.00560702 -0.318037 -91.1272 0.00959845 0.998885 0.0462232 2.22836 0.317942 -0.0468751 0.946951 90.1093
0.9438 0.00295056 -0.330503 -91.3976 0.0122996 0.998954 0.0440416 2.25044 0.330287 -0.0456315 0.942777 90.8554
0.93978 0.000682313 -0.34178 -91.6782 0.0135156 0.999142 0.0391579 2.26906 0.341514 -0.0414191 0.938964 91.6032
0.936438 -0.00329165 -0.350818 -91.9575 0.0155914 0.999358 0.0322413 2.2827 0.350486 -0.0356617 0.935889 92.3424
0.933592 -0.00768222 -0.358256 -92.2533 0.0183354 0.999485 0.0263486 2.29474 0.357869 -0.0311677 0.933251 93.0835
0.930816 -0.00810183 -0.365399 -92.5571 0.018205 0.999541 0.0242129 2.30855 0.365035 -0.0291898 0.930536 93.8338
0.927845 -0.00298016 -0.372954 -92.8741 0.0128761 0.999628 0.0240457 2.3158 0.372744 -0.0271129 0.927538 94.5707
0.924668 -0.00260003 -0.380766 -93.1921 0.0135256 0.99957 0.0260206 2.3275 0.380535 -0.0292105 0.924305 95.3098
0.921378 -0.00164169 -0.388664 -93.5147 0.0155469 0.999346 0.0326347 2.33641 0.388357 -0.0361114 0.920801 96.0559
0.918546 0.000495406 -0.395315 -93.846 0.0168413 0.999042 0.0403841 2.35452 0.394956 -0.0437522 0.917658 96.8058
0.91601 0.0104072 -0.40102 -94.1941 0.00932511 0.998841 0.0472221 2.3645 0.401046 -0.0469955 0.914851 97.5447
0.913545 0.0167839 -0.406392 -94.5476 0.00127349 0.999025 0.0441222 2.3805 0.406736 -0.0408251 0.912633 98.2734
0.91109 0.0128245 -0.412007 -94.8834 0.00240713 0.999333 0.036429 2.39742 0.4122 -0.0341819 0.910452 98.9996
0.908927 0.00494328 -0.416927 -95.2173 0.00768782 0.999561 0.0286112 2.41899 0.416885 -0.0292107 0.90849 99.732
0.907215 0.00518718 -0.420635 -95.5661 0.00723363 0.999584 0.027928 2.43696 0.420605 -0.0283794 0.9068 100.462
0.905167 0.0112766 -0.424906 -95.9314 0.00305093 0.99945 0.0330238 2.4489 0.425045 -0.0311884 0.904635 101.19
0.902607 0.0137152 -0.430248 -96.2948 0.00263496 0.999298 0.037383 2.46069 0.430458 -0.0348758 0.901936 101.934
0.90031 0.0100681 -0.435132 -96.6584 0.00588875 0.999359 0.0353074 2.46859 0.435209 -0.03435 0.899674 102.673
0.897885 0.00784653 -0.440159 -97.0215 0.00534935 0.999573 0.0287311 2.48318 0.440197 -0.0281518 0.89746 103.398
0.895623 0.00536265 -0.444782 -97.3969 0.00494202 0.999746 0.0220051 2.49552 0.444787 -0.0219064 0.895368 104.126
0.893259 0.00579407 -0.449504 -97.7705 0.00381212 0.999783 0.0204626 2.50735 0.449526 -0.019992 0.893044 104.852
0.891285 0.00858325 -0.453362 -98.1624 0.00304846 0.999685 0.0249196 2.50968 0.453433 -0.0235925 0.890978 105.584
0.889141 0.00954773 -0.457533 -98.549 0.00302374 0.999638 0.0267365 2.51842 0.457622 -0.025156 0.888791 106.314
0.886795 0.0110462 -0.462031 -98.9378 0.00184411 0.999622 0.0274383 2.52105 0.462159 -0.0251842 0.886439 107.041
0.884444 0.00903584 -0.466558 -99.3237 0.00375498 0.999642 0.0264783 2.52897 0.466631 -0.0251705 0.884094 107.763
0.882255 0.0065661 -0.470725 -99.7104 0.00645792 0.99964 0.0260476 2.53189 0.470727 -0.0260206 0.881895 108.478
0.879908 0.00566508 -0.47511 -100.1 0.0077743 0.999623 0.0263173 2.54268 0.47508 -0.0268505 0.879533 109.189
0.877593 0.00729826 -0.479352 -100.492 0.00628557 0.999623 0.0267271 2.54803 0.479366 -0.0264685 0.877216 109.885
0.87528 0.00758863 -0.483558 -100.886 0.00622597 0.999617 0.0269569 2.55001 0.483577 -0.0266054 0.874897 110.583
0.872898 0.00476187 -0.487879 -101.282 0.00736667 0.99971 0.0229378 2.55115 0.487846 -0.0236164 0.87261 111.277
0.870524 0.00147381 -0.492124 -101.674 0.00886314 0.999786 0.0186722 2.5453 0.492047 -0.0206164 0.870325 111.961
0.86842 -0.000915883 -0.495828 -102.07 0.0100373 0.999826 0.0157331 2.55287 0.495727 -0.0186397 0.868278 112.643
0.86632 0.000444427 -0.49949 -102.459 0.0107329 0.999752 0.0195048 2.55683 0.499374 -0.0222584 0.8661 113.316
0.864287 0.00473109 -0.502977 -102.845 0.0108979 0.999545 0.0281282 2.56223 0.502881 -0.0297923 0.863842 113.983
0.862859 0.00631726 -0.505404 -103.246 0.0145068 0.9992 0.0372564 2.57433 0.505236 -0.0394788 0.862078 114.642
0.861124 0.00594555 -0.508361 -103.63 0.0177981 0.998966 0.041832 2.58399 0.508084 -0.0450703 0.860127 115.295
0.859365 0.00276214 -0.511355 -104.01 0.0213724 0.998918 0.0413135 2.59274 0.510916 -0.0464323 0.858376 115.935
0.857363 0.000267104 -0.514713 -104.382 0.0221873 0.999051 0.037476 2.60574 0.514234 -0.0435506 0.856543 116.56
0.855834 -0.00148291 -0.517249 -104.755 0.0227466 0.999136 0.0347718 2.61244 0.51675 -0.0415245 0.855129 117.154
0.853951 -0.00359864 -0.520341 -105.103 0.024619 0.999136 0.0334932 2.62143 0.519771 -0.0414118 0.853301 117.739
0.85223 -0.0056936 -0.523136 -105.443 0.0269185 0.999093 0.0329787 2.62988 0.522474 -0.0421875 0.851611 118.315
0.850863 -0.00507474 -0.525363 -105.793 0.0269448 0.999059 0.0339886 2.63576 0.524696 -0.0430755 0.850199 118.868
0.849638 -0.00545291 -0.527339 -106.126 0.0282287 0.998983 0.0351515 2.64361 0.526611 -0.0447521 0.848928 119.396
0.847894 -0.0069827 -0.53012 -106.438 0.0305607 0.998894 0.0357225 2.64709 0.529285 -0.0464898 0.84717 119.904
0.846789 -0.00789994 -0.53187 -106.75 0.0321431 0.998822 0.0363393 2.64642 0.530957 -0.0478677 0.846046 120.386
0.845608 -0.00914565 -0.533726 -107.053 0.0327844 0.998856 0.0348261 2.65899 0.532796 -0.0469471 0.84494 120.857
0.84448 -0.00957762 -0.535501 -107.342 0.0309803 0.99904 0.0309875 2.66797 0.53469 -0.0427583 0.843966 121.288
0.842914 -0.0121971 -0.53791 -107.616 0.0315271 0.999145 0.0267478 2.67324 0.537124 -0.0395049 0.842578 121.708
0.840541 -0.01615 -0.541507 -107.879 0.0350757 0.999081 0.0246487 2.67553 0.540611 -0.0397119 0.840335 122.114
0.83765 -0.019992 -0.545841 -108.127 0.0402413 0.998873 0.0251697 2.67595 0.544723 -0.0430487 0.83751 122.506
0.834274 -0.0188253 -0.551029 -108.375 0.040059 0.998845 0.026526 2.6775 0.549893 -0.0442036 0.834064 122.871
0.830423 -0.0153907 -0.55692 -108.619 0.0373305 0.998909 0.0280584 2.6817 0.555881 -0.0440905 0.830092 123.22
0.82664 -0.009727 -0.562647 -108.852 0.0337802 0.998905 0.0323609 2.68454 0.561716 -0.0457572 0.826064 123.551
0.822613 -0.00411749 -0.568587 -109.079 0.0321762 0.998709 0.0393192 2.68479 0.567691 -0.0506395 0.821683 123.868
0.817867 -0.00247568 -0.575402 -109.294 0.0337735 0.998473 0.0437091 2.67663 0.574415 -0.0551816 0.816702 124.159
0.81203 -0.005378 -0.583591 -109.49 0.0389086 0.998232 0.0449397 2.6738 0.582318 -0.0591991 0.810803 124.442
0.804854 -0.00709922 -0.593431 -109.677 0.0424719 0.998054 0.0456637 2.6734 0.591951 -0.0619568 0.803589 124.698
0.796137 -0.00847504 -0.605057 -109.867 0.0460553 0.99785 0.0466229 2.67197 0.603361 -0.0649843 0.794816 124.934
0.785767 -0.00800364 -0.61847 -110.052 0.0469985 0.997798 0.0467992 2.67518 0.616734 -0.0658405 0.784413 125.149
0.77369 -0.00655182 -0.633531 -110.234 0.0461877 0.997869 0.0460864 2.66987 0.631879 -0.0649179 0.772344 125.339
0.75952 -0.00770454 -0.650438 -110.413 0.0469992 0.997966 0.0430602 2.66329 0.648783 -0.0632752 0.758338 125.526
0.744544 -0.0104182 -0.667492 -110.578 0.0473059 0.998188 0.037187 2.65901 0.665895 -0.0592637 0.743688 125.688
0.729671 -0.0142003 -0.683651 -110.746 0.0481225 0.998372 0.0306244 2.66269 0.682103 -0.0552447 0.729166 125.835
0.71474 -0.0137667 -0.699255 -110.921 0.0444967 0.998676 0.0258206 2.66471 0.697973 -0.0495695 0.714406 125.972
0.698958 -0.0103187 -0.715088 -111.097 0.0379305 0.999023 0.0226591 2.66785 0.714156 -0.0429615 0.698667 126.105
0.681869 -0.0083541 -0.731426 -111.277 0.0359496 0.999109 0.0221024 2.66634 0.73059 -0.0413654 0.681562 126.24
0.663101 -0.00938352 -0.748471 -111.451 0.0395769 0.998962 0.0225388 2.66489 0.747483 -0.0445677 0.662784 126.374
0.64254 -0.0104723 -0.76618 -111.631 0.0434137 0.998798 0.0227561 2.67097 0.765021 -0.0478845 0.642222 126.512
0.620395 -0.00903052 -0.784238 -111.823 0.044493 0.998729 0.0236971 2.67525 0.783027 -0.0495946 0.620008 126.634
0.596478 -0.00472043 -0.802616 -112.021 0.0418435 0.998806 0.0252225 2.6783 0.801538 -0.0486289 0.595963 126.743
0.572133 -0.000213866 -0.820161 -112.226 0.0401877 0.998806 0.0277739 2.6751 0.819175 -0.0488507 0.571459 126.85
0.546906 0.00242168 -0.837191 -112.429 0.0389993 0.998837 0.0283661 2.67964 0.836285 -0.0481634 0.546175 126.947
0.521623 0.00510823 -0.853161 -112.638 0.036746 0.99892 0.0284475 2.6815 0.852384 -0.0461892 0.520872 127.029
0.494892 0.00883211 -0.86891 -112.847 0.0334093 0.999016 0.029183 2.68492 0.868312 -0.0434721 0.49411 127.115
0.467345 0.0115046 -0.884 -113.059 0.0311171 0.999082 0.0294531 2.69026 0.883527 -0.0412723 0.466558 127.189
0.437721 0.011571 -0.899036 -113.268 0.0326307 0.999054 0.0287454 2.68029 0.898518 -0.0419186 0.436929 127.261
0.405555 0.00852278 -0.914031 -113.499 0.032897 0.999173 0.023913 2.68121 0.913479 -0.0397669 0.404939 127.332
0.370829 0.00426701 -0.928691 -113.748 0.0337992 0.999265 0.0180874 2.68101 0.928086 -0.0380963 0.370412 127.402
0.331504 0.00253941 -0.94345 -114.012 0.0346772 0.999288 0.0148744 2.67243 0.942816 -0.0376471 0.33118 127.465
0.289947 0.000907269 -0.957042 -114.306 0.0352786 0.99931 0.0116354 2.68261 0.956392 -0.0371368 0.289715 127.521
0.246669 -0.000557214 -0.9691 -114.609 0.0358708 0.99932 0.00855576 2.67965 0.968436 -0.0368728 0.246522 127.557
0.199363 -0.00274923 -0.979922 -114.936 0.0370279 0.999303 0.00472965 2.67724 0.979226 -0.0372274 0.199326 127.59
0.15053 -0.00420858 -0.988596 -115.28 0.0371595 0.999308 0.00140396 2.67499 0.987907 -0.0369471 0.150582 127.601
0.100049 -0.00438812 -0.994973 -115.637 0.0377024 0.999289 -0.000616013 2.67469 0.994268 -0.0374512 0.100143 127.6
0.0479552 -0.00281377 -0.998846 -116.002 0.0379218 0.99928 -0.000994343 2.67273 0.998129 -0.0378303 0.0480274 127.577
-0.00518825 -0.000617815 -0.999986 -116.382 0.0404516 0.999181 -0.000827194 2.6721 0.999168 -0.0404553 -0.00515901 127.538
-0.0589173 0.00161293 -0.998262 -116.771 0.043456 0.999055 -0.000950556 2.66541 0.997317 -0.0434365 -0.0589317 127.48
-0.112659 0.00402741 -0.993626 -117.181 0.0466939 0.998908 -0.0012454 2.65358 0.992536 -0.0465366 -0.112724 127.4
-0.165914 0.0058273 -0.986123 -117.606 0.0481674 0.998837 -0.00220168 2.64822 0.984963 -0.0478643 -0.166002 127.295
-0.21745 0.00768139 -0.976041 -118.04 0.0492048 0.998784 -0.00310185 2.64133 0.97483 -0.0487004 -0.217564 127.165
-0.267238 0.00961628 -0.963583 -118.473 0.0519101 0.998642 -0.00443046 2.6312 0.962231 -0.0512036 -0.267374 127.018
-0.315528 0.010504 -0.948858 -118.915 0.0546668 0.998479 -0.0071253 2.63323 0.94734 -0.0541193 -0.315623 126.839
-0.362392 0.0119499 -0.931949 -119.375 0.058043 0.998266 -0.00976997 2.6263 0.930217 -0.0576337 -0.362458 126.635
-0.406651 0.0144873 -0.913469 -119.847 0.0611869 0.998061 -0.0114098 2.61303 0.911532 -0.0605321 -0.406749 126.399
-0.448285 0.0163277 -0.893742 -120.317 0.0634596 0.997892 -0.0135998 2.60185 0.891635 -0.0628131 -0.448376 126.134
-0.4868 0.0176811 -0.873334 -120.792 0.0643821 0.997802 -0.0156858 2.59071 0.871138 -0.063863 -0.486869 125.842
-0.520287 0.017643 -0.853809 -121.272 0.0632205 0.997839 -0.0179056 2.58169 0.851648 -0.0632942 -0.520278 125.517
-0.548396 0.017362 -0.836038 -121.765 0.0618364 0.997889 -0.0198382 2.56636 0.833929 -0.0625768 -0.548312 125.169
-0.570586 0.0155326 -0.821091 -122.255 0.0588113 0.998027 -0.0219889 2.55291 0.81913 -0.060836 -0.570373 124.793
-0.58795 0.0137939 -0.80878 -122.757 0.0564264 0.998118 -0.0239966 2.53547 0.806927 -0.0597454 -0.587622 124.4
-0.601386 0.0135104 -0.798844 -123.276 0.0546551 0.99821 -0.0242634 2.51498 0.797087 -0.0582526 -0.601048 123.987
