0.999997 0.00229299 0.000240877 -0.00191142 -0.00229332 0.999996 0.00138216 -0.00745398 -0.000237707 -0.00138271 0.999999 0.865052
0.999987 0.00499435 0.00050628 -0.00907309 -0.00499534 0.999986 0.00197546 -0.0251079 -0.000496407 -0.00197796 0.999998 1.67461
0.999986 0.0052764 0.000624555 -0.012136 -0.00527763 0.999984 0.00198653 -0.0495065 -0.000614063 -0.0019898 0.999998 2.47078
0.999977 0.00671152 0.000729881 -0.0199702 -0.00671299 0.999975 0.00203448 -0.0698121 -0.000716209 -0.00203933 0.999998 3.24287
0.999978 0.0064827 0.00129376 -0.0308534 -0.00648532 0.999977 0.00202492 -0.0863041 -0.00128061 -0.00203327 0.999997 4.00905
0.99998 0.00604239 0.00159497 -0.0335039 -0.00604741 0.999977 0.00316101 -0.0984226 -0.00157583 -0.00317059 0.999994 4.75653
0.99998 0.00603294 0.00165691 -0.0273978 -0.00604274 0.999964 0.00597272 -0.111814 -0.00162082 -0.00598262 0.999981 5.4932
0.99998 0.00554468 0.00309796 -0.0320767 -0.00557628 0.999932 0.0102875 -0.126391 -0.0030407 -0.0103045 0.999942 6.1866
0.999982 0.00420301 0.00423629 -0.0278059 -0.00426298 0.999889 0.0142493 -0.140859 -0.00417594 -0.0142671 0.99989 6.88173
0.999982 0.00272695 0.00533703 -0.0264271 -0.00281665 0.999854 0.016873 -0.154747 -0.00529024 -0.0168878 0.999843 7.53445
0.999975 0.00293472 0.00645956 -0.0181893 -0.00304439 0.99985 0.0170337 -0.164374 -0.00640861 -0.017053 0.999834 8.16915
0.999962 0.00396506 0.00773552 -0.0208178 -0.00407357 0.999893 0.0140617 -0.167519 -0.00767894 -0.0140927 0.999871 8.75443
0.999951 0.00392954 0.00905454 -0.023378 -0.00403154 0.999928 0.0112745 -0.170496 -0.00900959 -0.0113105 0.999895 9.32847
0.999942 0.00198783 0.0105385 -0.0138662 -0.00209214 0.999949 0.00989654 -0.173536 -0.0105183 -0.00991802 0.999895 9.8695
0.999925 -0.00198641 0.0120971 -0.000904604 0.00189732 0.999971 0.00737209 -0.178253 -0.0121114 -0.00734858 0.9999 10.3682
0.999897 -0.00436664 0.0136451 0.0147103 0.0042804 0.999971 0.0063434 -0.187785 -0.0136724 -0.00628434 0.999887 10.848
0.999877 -0.000711556 0.0156475 0.0140853 0.000635157 0.999988 0.0048869 -0.201898 -0.0156508 -0.00487636 0.999866 11.2823
0.999816 0.00339606 0.018901 0.0103292 -0.00347544 0.999985 0.00416837 -0.210979 -0.0188866 -0.00423329 0.999813 11.6845
0.99975 0.0034585 0.0220991 0.0197078 -0.00357887 0.999979 0.00540944 -0.220658 -0.0220799 -0.00548718 0.999741 12.0625
0.999688 -0.00112876 0.0249651 0.0384566 0.000979548 0.999982 0.00598825 -0.225717 -0.0249714 -0.00596193 0.99967 12.4064
0.999604 -0.00611129 0.0274652 0.0585793 0.00594771 0.999964 0.00603353 -0.231532 -0.0275011 -0.00586779 0.999605 12.7148
0.999506 -0.00960713 0.0299355 0.0722897 0.00938335 0.999927 0.0076069 -0.238277 -0.0300064 -0.00732224 0.999523 12.9925
0.999426 -0.0104108 0.0322517 0.0837605 0.0101252 0.999908 0.00900597 -0.247508 -0.0323425 -0.00867424 0.999439 13.2413
0.99936 -0.00948232 0.0344956 0.0884524 0.00920271 0.999924 0.00825559 -0.253973 -0.0345712 -0.00793285 0.999371 13.4569
0.999302 -0.008471 0.0363967 0.0983324 0.00823147 0.999944 0.00672585 -0.256822 -0.0364516 -0.00642155 0.999315 13.6513
0.999217 -0.00678886 0.0389683 0.102387 0.00654966 0.999959 0.00626265 -0.264506 -0.0390092 -0.00600252 0.999221 13.8326
0.999163 -0.00466583 0.0406319 0.0986025 0.00442211 0.999972 0.00608618 -0.276235 -0.0406592 -0.00590141 0.999156 13.9996
0.999106 -0.00370637 0.0421025 0.104331 0.00350446 0.999982 0.00486859 -0.285696 -0.0421198 -0.00471669 0.999101 14.1725
0.999024 -0.00450694 0.0439297 0.114869 0.00437027 0.999985 0.00320672 -0.292335 -0.0439435 -0.00301161 0.999029 14.3401
0.998958 -0.00616549 0.0452278 0.127155 0.00609077 0.99998 0.00178963 -0.297074 -0.045238 -0.00151229 0.998975 14.4939
0.998903 -0.00722507 0.0462603 0.13918 0.00720459 0.999974 0.000609515 -0.297092 -0.0462635 -0.000275561 0.998929 14.6427
0.998843 -0.00712968 0.0475568 0.148984 0.00716702 0.999974 -0.000614694 -0.301256 -0.0475511 0.000954823 0.998868 14.7857
0.998791 -0.00634289 0.0487523 0.156195 0.00647372 0.999976 -0.00252615 -0.306314 -0.0487351 0.0028387 0.998808 14.9206
0.998744 -0.00647558 0.0496892 0.160798 0.00670221 0.999968 -0.00439574 -0.313114 -0.0496591 0.00472324 0.998755 15.0538
0.998704 -0.00777299 0.0503062 0.171303 0.00811554 0.999945 -0.00660863 -0.315213 -0.0502521 0.00700833 0.998712 15.1812
0.998718 -0.00921174 0.0497777 0.180738 0.00962774 0.999921 -0.0081237 -0.32309 -0.0496989 0.00859253 0.998727 15.3159
0.998813 -0.0102616 0.0476059 0.190614 0.0106917 0.999904 -0.00878823 -0.33358 -0.0475111 0.00928679 0.998828 15.4559
0.998949 -0.0104648 0.0446301 0.195048 0.0109142 0.999892 -0.0098366 -0.333556 -0.0445224 0.0103134 0.998955 15.5934
0.999132 -0.0104303 0.040335 0.198741 0.0108849 0.99988 -0.0110672 -0.338758 -0.0402147 0.0114966 0.999125 15.7293
0.999346 -0.0104762 0.0346003 0.198743 0.0109163 0.999862 -0.012556 -0.337884 -0.0344639 0.0129255 0.999322 15.8726
0.999552 -0.0110841 0.0277999 0.20085 0.011465 0.999842 -0.0135791 -0.337333 -0.027645 0.0138918 0.999521 16.0171
0.999722 -0.0115561 0.0205348 0.198548 0.0118486 0.999829 -0.0141786 -0.343456 -0.0203675 0.0144179 0.999689 16.1522
0.999851 -0.0118556 0.0125731 0.186046 0.0120486 0.999809 -0.0153889 -0.344704 -0.0123883 0.0155381 0.999803 16.2872
0.999915 -0.0127649 0.00270313 0.175716 0.0128085 0.999777 -0.0167684 -0.344899 -0.00248848 0.0168016 0.999856 16.4368
0.99985 -0.0140279 -0.0101988 0.165538 0.013838 0.999734 -0.0184598 -0.349169 0.010455 0.0183158 0.999778 16.5949
0.999534 -0.0151055 -0.02653 0.147259 0.0145742 0.999692 -0.020109 -0.359872 0.0268256 0.019713 0.999446 16.7641
0.998828 -0.015177 -0.045951 0.122215 0.0142094 0.999672 -0.021311 -0.366383 0.0462593 0.0206331 0.998716 16.9522
0.997591 -0.0141858 -0.0679061 0.0878383 0.0127742 0.999694 -0.0211771 -0.371781 0.0681857 0.0202586 0.997467 17.1611
0.995707 -0.013497 -0.0915672 0.0398864 0.0116921 0.999727 -0.0202186 -0.377544 0.0918151 0.0190612 0.995594 17.3809
0.992917 -0.0126728 -0.118131 -0.0210465 0.0105062 0.999765 -0.0189451 -0.383826 0.118344 0.0175698 0.992817 17.62
0.988891 -0.0120478 -0.148156 -0.0933323 0.00954993 0.9998 -0.0175594 -0.384833 0.148338 0.0159494 0.988808 17.867
0.983409 -0.0117561 -0.181022 -0.178369 0.0093085 0.999853 -0.0143644 -0.393134 0.181164 0.012441 0.983374 18.1297
0.975875 -0.011192 -0.218045 -0.2641 0.00905835 0.999901 -0.0107827 -0.401877 0.218144 0.00854745 0.975879 18.3968
0.96613 -0.00931986 -0.257886 -0.375276 0.00814063 0.999951 -0.00564007 -0.414699 0.257926 0.00334969 0.966159 18.6784
0.954118 -0.00558263 -0.299378 -0.507293 0.00542896 0.999984 -0.00134503 -0.420616 0.299381 -0.000341993 0.954134 18.9638
0.940057 -0.00168192 -0.341014 -0.663651 0.00275331 0.999993 0.00265782 -0.431765 0.341007 -0.00343742 0.940055 19.2495
0.923245 0.000568323 -0.384212 -0.821935 0.00263327 0.999966 0.00780677 -0.442741 0.384204 -0.00821929 0.923212 19.5385
0.903966 0.00377373 -0.427587 -1.0022 0.00297244 0.999881 0.0151087 -0.456495 0.427594 -0.0149287 0.903848 19.8279
0.882111 0.00800177 -0.470973 -1.21242 0.00215067 0.999777 0.0210142 -0.457848 0.471036 -0.0195498 0.881897 20.1313
0.857151 0.012738 -0.514908 -1.43611 8.41597e-05 0.999691 0.0248708 -0.461438 0.515065 -0.0213614 0.856885 20.4212
0.829091 0.0163796 -0.558874 -1.6759 -0.00103515 0.999614 0.0277613 -0.470588 0.559113 -0.0224381 0.828787 20.7038
0.79825 0.0193894 -0.602014 -1.94813 -0.00294436 0.999595 0.0282904 -0.463947 0.602319 -0.0208103 0.797984 20.9908
0.76438 0.0218222 -0.644397 -2.2471 -0.00343604 0.999551 0.0297735 -0.451658 0.644757 -0.0205441 0.764111 21.2824
0.72747 0.025627 -0.685661 -2.57965 -0.00456992 0.999461 0.032507 -0.44092 0.686124 -0.0205144 0.727195 21.5717
0.688405 0.026173 -0.724854 -2.92701 -0.00182341 0.999408 0.0343549 -0.42837 0.725324 -0.0223284 0.688046 21.8511
0.647805 0.0259725 -0.761363 -3.30747 0.000408628 0.999407 0.0344406 -0.418637 0.761806 -0.0226219 0.64741 22.1211
0.604864 0.0251322 -0.795932 -3.71108 0.00537203 0.99935 0.0356378 -0.410529 0.796311 -0.0258318 0.604336 22.3897
0.559656 0.0252809 -0.828339 -4.14762 0.00963556 0.999269 0.0370078 -0.398453 0.828669 -0.0286931 0.559003 22.6542
0.512994 0.0270953 -0.857964 -4.60842 0.0112432 0.999204 0.0382784 -0.390463 0.858318 -0.0292829 0.512281 22.8858
0.463381 0.026555 -0.885761 -5.09862 0.0119102 0.999274 0.0361889 -0.369731 0.886079 -0.0273188 0.462728 23.0936
0.411002 0.0252646 -0.911284 -5.60756 0.0163293 0.999252 0.0350682 -0.349396 0.911488 -0.0292938 0.410282 23.286
0.357364 0.0243786 -0.933647 -6.15124 0.0214281 0.999182 0.0342916 -0.337351 0.933719 -0.0322609 0.356549 23.4624
0.30313 0.0233236 -0.952664 -6.72378 0.023122 0.999226 0.0318208 -0.316649 0.952669 -0.0316733 0.302356 23.6143
0.249633 0.0292455 -0.967899 -7.32524 0.0232618 0.999074 0.036187 -0.293498 0.968061 -0.0315485 0.248721 23.7351
0.19807 0.0341338 -0.979593 -7.94744 0.024982 0.998893 0.0398576 -0.271071 0.979869 -0.0323668 0.196998 23.826
0.149729 0.0355005 -0.98809 -8.58206 0.0297684 0.99874 0.0403941 -0.257024 0.988279 -0.035462 0.148484 23.895
0.105308 0.0372586 -0.993741 -9.23902 0.0315782 0.998669 0.0407897 -0.249157 0.993938 -0.035676 0.103991 23.9394
0.0651075 0.0355534 -0.997245 -9.91948 0.0305183 0.998827 0.0376022 -0.229284 0.997411 -0.0328824 0.0639461 23.9548
0.0295364 0.0309192 -0.999085 -10.6169 0.0274431 0.99912 0.0317315 -0.196299 0.999187 -0.0283553 0.0286618 23.9476
0.00109718 0.0308567 -0.999523 -11.3512 0.0249194 0.999213 0.0308744 -0.170668 0.999689 -0.0249413 0.000327391 23.9232
-0.0198534 0.0351821 -0.999184 -12.105 0.023806 0.999114 0.0347066 -0.151898 0.999519 -0.0230976 -0.0206734 23.888
-0.0326237 0.0415101 -0.998605 -12.8803 0.0254709 0.998847 0.0406881 -0.135685 0.999143 -0.0241079 -0.0336434 23.8513
-0.0406322 0.0440256 -0.998204 -13.675 0.0251686 0.998757 0.0430255 -0.113842 0.998857 -0.0233752 -0.0416898 23.8104
-0.044623 0.0413923 -0.998146 -14.4872 0.0263248 0.998843 0.0402444 -0.0921674 0.998657 -0.0244802 -0.045661 23.7702
-0.044218 0.0376907 -0.998311 -15.323 0.0346017 0.998746 0.0361745 -0.069735 0.998423 -0.0329436 -0.0454667 23.7429
-0.0404902 0.0359334 -0.998534 -16.1802 0.0468263 0.998323 0.034027 -0.0347136 0.998082 -0.0453799 -0.0421049 23.7282
-0.0350418 0.0360982 -0.998734 -17.0587 0.0475957 0.998274 0.0344116 -0.0102624 0.998252 -0.0463296 -0.0366995 23.7015
-0.0299702 0.0347705 -0.998946 -17.9607 0.0463357 0.998369 0.0333602 0.00570162 0.998476 -0.045287 -0.0315325 23.6683
-0.0270387 0.0285394 -0.999227 -18.8871 0.0503072 0.998365 0.0271535 0.0236158 0.998368 -0.0495341 -0.0284302 23.652
-0.0250565 0.0177577 -0.999528 -19.8199 0.0485546 0.998684 0.0165255 0.0433846 0.998506 -0.0481176 -0.0258857 23.6295
-0.0242927 0.00954008 -0.999659 -20.775 0.0412336 0.999113 0.00853285 0.0512205 0.998854 -0.0410123 -0.0246645 23.586
-0.0256867 0.00650959 -0.999649 -21.7612 0.0359277 0.999339 0.00558438 0.0690936 0.999024 -0.0357716 -0.0259036 23.5453
-0.0287444 0.0127899 -0.999505 -22.762 0.0268484 0.999567 0.0120185 0.0699523 0.999226 -0.0264897 -0.0290754 23.4889
-0.0337383 0.0209337 -0.999211 -23.8001 0.0223201 0.999547 0.0201871 0.0757826 0.999181 -0.0216214 -0.0341902 23.4367
-0.0382332 0.0305182 -0.998803 -24.8849 0.0208098 0.999341 0.0297381 0.096355 0.999052 -0.0196479 -0.0388431 23.3859
-0.0396435 0.0407417 -0.998383 -25.9683 0.0201315 0.998998 0.0399674 0.121187 0.999011 -0.0185145 -0.0404239 23.3342
-0.0405249 0.0485663 -0.997998 -27.0564 0.0218188 0.998623 0.0477107 0.150405 0.99894 -0.0198417 -0.0415287 23.2839
-0.0419194 0.0494672 -0.997896 -28.1347 0.0226248 0.998564 0.04855 0.186247 0.998865 -0.020542 -0.0429784 23.2352
-0.0435707 0.0469283 -0.997948 -29.2161 0.0219808 0.998699 0.046004 0.219364 0.998809 -0.0199313 -0.0445456 23.176
-0.0463587 0.0421755 -0.998034 -30.3006 0.0217062 0.998915 0.0412045 0.247745 0.998689 -0.0197533 -0.0472239 23.1183
-0.0512078 0.0370588 -0.998 -31.3821 0.0224937 0.999101 0.0359455 0.271568 0.998435 -0.020608 -0.0519953 23.0591
-0.05665 0.0327431 -0.997857 -32.4735 0.0232084 0.999235 0.0314707 0.290735 0.998124 -0.0213759 -0.0573666 22.9875
-0.063685 0.0308556 -0.997493 -33.5525 0.0224259 0.999314 0.0294801 0.313543 0.997718 -0.0204922 -0.0643333 22.9068
-0.0703392 0.033479 -0.996961 -34.6567 0.0227839 0.99923 0.0319477 0.33545 0.997263 -0.0204675 -0.0710478 22.8199
-0.0769429 0.0382 -0.996303 -35.8228 0.0214562 0.999098 0.0366501 0.358697 0.996805 -0.0185569 -0.0776931 22.7304
-0.083131 0.0412812 -0.995683 -36.9641 0.0191179 0.999024 0.0398235 0.385173 0.996355 -0.0157248 -0.083839 22.6236
-0.0875434 0.0436267 -0.995205 -38.1041 0.0161426 0.998971 0.0423718 0.413169 0.99603 -0.0123559 -0.0881576 22.5109
-0.0902404 0.0448215 -0.994911 -39.2433 0.0118544 0.998964 0.0439289 0.450209 0.995849 -0.00782995 -0.0906783 22.3955
-0.0917959 0.0461416 -0.994708 -40.3852 0.00849791 0.998926 0.045553 0.480293 0.995742 -0.00427136 -0.0920894 22.275
-0.0935064 0.0462299 -0.994545 -41.5391 0.00751108 0.998926 0.0457273 0.509313 0.99559 -0.00319431 -0.0937532 22.1579
-0.0949428 0.0449672 -0.994467 -42.6757 0.00723156 0.998984 0.0444811 0.547726 0.995456 -0.00296838 -0.0951715 22.0427
-0.0964168 0.0443254 -0.994354 -43.8398 0.00622717 0.999015 0.0439294 0.577851 0.995322 -0.00195648 -0.0965979 21.9333
-0.0973984 0.0434456 -0.994297 -44.999 0.0040974 0.999056 0.0432522 0.612781 0.995237 0.00013866 -0.0974845 21.8105
-0.0982158 0.0407805 -0.994329 -46.1593 -0.000748838 0.999157 0.0410524 0.646668 0.995165 0.00477659 -0.0981025 21.6851
-0.098258 0.0360613 -0.994507 -47.3225 -0.00569327 0.999307 0.0367978 0.670284 0.995145 0.00927768 -0.0979845 21.5535
-0.0973837 0.0357371 -0.994605 -48.4843 -0.00655773 0.99931 0.0365482 0.692285 0.995225 0.0100815 -0.0970822 21.4283
-0.0958602 0.0402933 -0.994579 -49.6641 -0.00672658 0.999131 0.0411261 0.716202 0.995372 0.0106325 -0.0955059 21.3081
-0.0938635 0.0431822 -0.994648 -50.8675 -0.006306 0.999013 0.0439668 0.751866 0.995565 0.0103991 -0.0934985 21.1854
-0.0927002 0.042928 -0.994768 -52.0537 -0.0043156 0.999043 0.0435147 0.788292 0.995685 0.00832684 -0.0924263 21.0739
-0.0901812 0.0422097 -0.99503 -53.2332 -0.00410723 0.999077 0.0427536 0.819095 0.995917 0.0079424 -0.0899246 20.9554
-0.0861308 0.0431084 -0.995351 -54.4091 -0.00780812 0.999004 0.0439423 0.84762 0.996253 0.0115566 -0.0857084 20.8392
-0.0802462 0.0443939 -0.995786 -55.6153 -0.0120442 0.998892 0.045503 0.876899 0.996702 0.0156449 -0.0796225 20.7225
-0.0743886 0.044244 -0.996247 -56.8176 -0.0154641 0.998844 0.045514 0.909237 0.997109 0.0187918 -0.0736184 20.6158
-0.0684601 0.0436751 -0.996697 -58.018 -0.0170232 0.998845 0.0449385 0.944145 0.997509 0.0200435 -0.0676375 20.5177
-0.0628078 0.0429173 -0.997102 -59.2237 -0.0156811 0.998909 0.0439828 0.980586 0.997902 0.0183981 -0.0620663 20.4345
-0.0574207 0.0433429 -0.997409 -60.4153 -0.013581 0.998931 0.0441909 1.00274 0.998258 0.0160833 -0.0567707 20.361
-0.0522118 0.0441108 -0.997661 -61.6258 -0.0122771 0.99892 0.0448089 1.03747 0.998561 0.014588 -0.0516138 20.2987
-0.0465354 0.0454002 -0.997884 -62.8524 -0.0110311 0.998882 0.04596 1.08163 0.998856 0.0131465 -0.0459826 20.232
-0.0409434 0.0465757 -0.998075 -64.0845 -0.0115691 0.998824 0.0470852 1.12214 0.999094 0.0134747 -0.0403564 20.1707
-0.0357345 0.046089 -0.998298 -65.3092 -0.0109404 0.998858 0.0465065 1.15463 0.999301 0.0125837 -0.0351895 20.1215
-0.0310922 0.0413666 -0.99866 -66.5545 -0.0104744 0.999075 0.0417099 1.19775 0.999462 0.0117572 -0.0306302 20.08
-0.026949 0.0361546 -0.998983 -67.7937 -0.0100319 0.999286 0.0364362 1.22809 0.999586 0.0110036 -0.026567 20.0446
-0.0232913 0.0360052 -0.99908 -69.0321 -0.00948403 0.999298 0.0362341 1.25038 0.999684 0.0103192 -0.0229334 20.007
-0.0203206 0.0385974 -0.999048 -70.2706 -0.00837371 0.999213 0.0387741 1.27612 0.999758 0.00915366 -0.0199814 19.9786
-0.0181519 0.0382534 -0.999103 -71.5125 -0.00839575 0.999227 0.0384106 1.30867 0.9998 0.00908545 -0.0178167 19.9448
-0.0169309 0.0379775 -0.999135 -72.7501 -0.00996736 0.999222 0.0381498 1.33975 0.999807 0.0106047 -0.0165392 19.9081
-0.0159265 0.0390262 -0.999111 -73.9916 -0.0113353 0.999167 0.039209 1.36336 0.999809 0.0119497 -0.0154708 19.875
-0.014885 0.0384336 -0.99915 -75.233 -0.012012 0.999182 0.0386138 1.39604 0.999817 0.0125765 -0.0144112 19.8486
-0.0138557 0.0364035 -0.999241 -76.4747 -0.0128754 0.999248 0.0365822 1.42361 0.999821 0.0133725 -0.0133766 19.8222
-0.0135093 0.0349433 -0.999298 -77.7358 -0.0110679 0.999323 0.0350938 1.45284 0.999847 0.0115342 -0.0131134 19.8027
-0.0131176 0.035012 -0.999301 -79.0029 -0.00767264 0.999354 0.0351146 1.47902 0.999885 0.00812789 -0.0128404 19.7824
-0.0130275 0.035762 -0.999275 -80.271 -0.00491699 0.999346 0.0358286 1.50418 0.999903 0.00538018 -0.0128431 19.7663
-0.0133005 0.0387151 -0.999162 -81.5221 -0.00428421 0.999239 0.0387751 1.53128 0.999902 0.00479634 -0.0131246 19.7474
-0.0127012 0.0427289 -0.999006 -82.7669 -0.00584066 0.999066 0.0428058 1.55097 0.999902 0.00637853 -0.0124398 19.7197
-0.0120093 0.0427575 -0.999013 -84.0083 -0.00745738 0.999054 0.0428488 1.57983 0.9999 0.0079646 -0.011679 19.6884
-0.0119196 0.0405956 -0.999105 -85.2534 -0.00852171 0.999135 0.0406985 1.61223 0.999893 0.00899919 -0.0115633 19.6668
-0.011716 0.0383832 -0.999194 -86.5202 -0.00775801 0.999229 0.0384755 1.63993 0.999901 0.00820254 -0.0114092 19.6455
-0.0115465 0.0380728 -0.999208 -87.7763 -0.00562312 0.999257 0.0381396 1.66395 0.999918 0.00605905 -0.0113239 19.6237
-0.0117376 0.039664 -0.999144 -89.0236 -0.0046476 0.9992 0.0397209 1.69089 0.99992 0.00510985 -0.0115439 19.6115
-0.0115732 0.0427153 -0.99902 -90.2651 -0.0031222 0.999081 0.0427541 1.71314 0.999928 0.00361394 -0.0114292 19.5957
-0.0114432 0.0447102 -0.998934 -91.5068 -0.00312904 0.998993 0.0447486 1.75289 0.99993 0.00363778 -0.0112918 19.5835
-0.0115791 0.0452185 -0.99891 -92.7544 -0.00383779 0.998968 0.0452656 1.77998 0.999926 0.00435774 -0.0113936 19.5646
-0.0116131 0.0434374 -0.998989 -93.9866 -0.00277837 0.999051 0.0434724 1.80395 0.999929 0.00328041 -0.0114814 19.5487
-0.0115371 0.0418656 -0.999057 -95.2243 -0.00061862 0.999123 0.0418755 1.83889 0.999933 0.00110116 -0.0115011 19.5321
-0.0115681 0.0428998 -0.999012 -96.4609 0.00103267 0.999079 0.0428907 1.86708 0.999933 -0.000535483 -0.0116018 19.514
-0.0110527 0.0461192 -0.998875 -97.729 0.0038753 0.99893 0.0460789 1.89516 0.999931 -0.00336164 -0.0112196 19.4889
-0.0109583 0.0487444 -0.998751 -98.9745 0.00507412 0.998801 0.0486911 1.92274 0.999927 -0.00453421 -0.0111925 19.4695
-0.010342 0.0505922 -0.998666 -100.22 0.00486924 0.99871 0.0505441 1.96095 0.999935 -0.00434002 -0.010575 19.4487
-0.00983397 0.0524799 -0.998574 -101.446 0.00391587 0.998616 0.0524436 2.00178 0.999944 -0.00339455 -0.0100259 19.4174
-0.0094507 0.0518887 -0.998608 -102.677 0.00214637 0.998652 0.0518706 2.03767 0.999953 -0.00165317 -0.00954933 19.3932
-0.00959734 0.0481714 -0.998793 -103.892 0.00048108 0.998839 0.048169 2.06692 0.999954 -1.8205e-05 -0.00960937 19.367
-0.00912337 0.0468466 -0.99886 -105.128 -0.000719266 0.998901 0.0468551 2.09781 0.999958 0.00114592 -0.00907965 19.3409
-0.00887367 0.0453627 -0.998931 -106.347 -0.000591579 0.99897 0.0453697 2.13018 0.99996 0.000993542 -0.00883769 19.3198
-0.00848117 0.0461406 -0.998899 -107.58 0.000950069 0.998935 0.0461342 2.1619 0.999964 -0.000557751 -0.00851597 19.3024
-0.00860394 0.048257 -0.998798 -108.796 0.00143553 0.998834 0.0482464 2.19822 0.999962 -0.00101869 -0.00866319 19.2845
-0.00854542 0.0501259 -0.998706 -110.034 0.00235089 0.998741 0.0501075 2.24017 0.999961 -0.00191966 -0.00865251 19.2709
-0.00889958 0.0485738 -0.99878 -111.293 -0.000723416 0.998819 0.0485821 2.29689 0.99996 0.00115489 -0.00885393 19.2442
-0.00902128 0.0497996 -0.998718 -112.534 -0.00398114 0.998749 0.0498371 2.33703 0.999951 0.00442563 -0.00881174 19.2187
-0.00961277 0.0492222 -0.998742 -113.763 -0.00619869 0.998766 0.049283 2.3731 0.999935 0.00666463 -0.00929579 19.197
-0.00996242 0.0453369 -0.998922 -115.005 -0.00644415 0.998948 0.0454024 2.41268 0.99993 0.00688952 -0.00965978 19.1791
-0.0107016 0.0412489 -0.999092 -116.239 -0.00620103 0.999127 0.0413168 2.45307 0.999924 0.00663756 -0.0104364 19.1541
-0.0118234 0.0403824 -0.999114 -117.512 -0.00289862 0.999179 0.0404193 2.48697 0.999926 0.00337394 -0.0116967 19.1357
-0.0122821 0.0400228 -0.999123 -118.786 0.00155656 0.999198 0.0400067 2.51385 0.999923 -0.00106383 -0.0123345 19.1202
-0.0126455 0.0421331 -0.999032 -120.088 0.00277619 0.999109 0.0421012 2.54492 0.999916 -0.00224111 -0.0127513 19.0951
-0.0135892 0.046147 -0.998842 -121.395 0.00349382 0.998931 0.0461035 2.58275 0.999902 -0.00286327 -0.0137359 19.0744
-0.0141128 0.0464529 -0.998821 -122.714 0.0052157 0.99891 0.0463833 2.62484 0.999887 -0.00455495 -0.0143397 19.0465
-0.0152576 0.0420738 -0.998998 -124.017 0.00531534 0.999104 0.0419971 2.66855 0.999869 -0.00466924 -0.0154675 19.0351
-0.0161472 0.0386297 -0.999123 -125.348 0.00490843 0.999244 0.038555 2.70519 0.999858 -0.00428156 -0.0163247 19.0057
-0.016816 0.0373397 -0.999161 -126.673 0.00574239 0.99929 0.0372478 2.73433 0.999842 -0.00511121 -0.0170185 18.9719
-0.0175448 0.0386142 -0.9991 -127.988 0.00475828 0.999246 0.0385363 2.76492 0.999835 -0.00407789 -0.0177153 18.9372
-0.0182043 0.0430904 -0.998905 -129.342 2.10681e-05 0.999071 0.0430971 2.80195 0.999834 0.000763508 -0.0181883 18.9054
-0.0184178 0.0461489 -0.998765 -130.691 -0.0051635 0.998916 0.0462511 2.84518 0.999817 0.00600896 -0.0181595 18.8611
-0.0183805 0.0465395 -0.998747 -132.038 -0.0119269 0.998835 0.0467631 2.87733 0.99976 0.0127715 -0.017804 18.8104
-0.0182272 0.0447641 -0.998831 -133.376 -0.0149204 0.998874 0.0450383 2.91283 0.999723 0.0157239 -0.0175388 18.7692
-0.0182986 0.043639 -0.99888 -134.724 -0.0178094 0.998874 0.043965 2.95031 0.999674 0.018594 -0.0175008 18.7238
-0.0190299 0.0430807 -0.99889 -136.062 -0.018122 0.998892 0.043426 2.98113 0.999655 0.0189283 -0.0182281 18.6912
-0.0196481 0.0423839 -0.998908 -137.397 -0.0160008 0.99896 0.0427008 3.0104 0.999679 0.0168223 -0.0189495 18.6663
-0.0198266 0.043293 -0.998866 -138.73 -0.0163332 0.998915 0.0436194 3.03906 0.99967 0.0171795 -0.019098 18.6277
-0.0205518 0.0484711 -0.998613 -140.072 -0.0166661 0.998669 0.0488168 3.07773 0.99965 0.0176463 -0.0197167 18.5916
-0.0207795 0.052816 -0.998388 -141.421 -0.0152717 0.99847 0.0531383 3.11664 0.999667 0.0163512 -0.0199411 18.5447
-0.0208801 0.0513919 -0.99846 -142.756 -0.0151688 0.998547 0.0517136 3.16926 0.999667 0.0162253 -0.0200702 18.5102
-0.0203653 0.0505098 -0.998516 -144.103 -0.015599 0.998585 0.0508315 3.20964 0.999671 0.016611 -0.0195486 18.479
-0.0188243 0.050437 -0.99855 -145.431 -0.0152387 0.998596 0.0507267 3.24399 0.999707 0.0161715 -0.0180293 18.4388
-0.0178259 0.0502852 -0.998576 -146.757 -0.0163801 0.998586 0.0505781 3.28164 0.999707 0.0172583 -0.016977 18.4071
-0.0174445 0.0523265 -0.998478 -148.082 -0.0158666 0.998489 0.0526044 3.32499 0.999722 0.0167601 -0.0165879 18.3845
-0.0163738 0.0561408 -0.998289 -149.402 -0.0165919 0.99827 0.0564119 3.36684 0.999728 0.0174872 -0.015414 18.3488
-0.0153194 0.0575555 -0.998225 -150.735 -0.0178084 0.998168 0.0578255 3.40732 0.999724 0.0186627 -0.0142664 18.3197
-0.0146438 0.0548372 -0.998388 -152.079 -0.01955 0.998288 0.0551185 3.46184 0.999702 0.0203256 -0.0135466 18.2905
-0.0145887 0.0518162 -0.99855 -153.383 -0.0177475 0.998486 0.0520721 3.50722 0.999736 0.0184815 -0.013647 18.2676
-0.014171 0.0503557 -0.998631 -154.722 -0.0143105 0.998619 0.0505581 3.55756 0.999797 0.0150074 -0.0134308 18.2372
-0.0146143 0.0500958 -0.998637 -156.043 -0.0123584 0.998659 0.0502778 3.60008 0.999817 0.0130763 -0.0139756 18.2122
-0.0148014 0.0505115 -0.998614 -157.358 -0.0086862 0.998679 0.0506436 3.64396 0.999853 0.00942376 -0.0143431 18.1889
-0.0150316 0.0498122 -0.998645 -158.679 -0.00664649 0.998731 0.0499166 3.67277 0.999865 0.00738781 -0.0146815 18.1663
-0.0152935 0.0499307 -0.998636 -159.986 -0.00530126 0.998734 0.0500169 3.7122 0.999869 0.00605897 -0.0150095 18.1474
-0.0156851 0.0526817 -0.998488 -161.301 -0.00257031 0.998606 0.0527283 3.75808 0.999874 0.00339347 -0.0155278 18.1274
-0.0160981 0.0540497 -0.998408 -162.624 0.000199995 0.998538 0.0540535 3.80804 0.99987 0.000670484 -0.0160854 18.1055
-0.015916 0.0527493 -0.998481 -163.91 0.00276954 0.998606 0.0527118 3.85018 0.999869 -0.00192638 -0.0160399 18.0724
-0.0166902 0.0531824 -0.998445 -165.21 0.00190226 0.998584 0.053158 3.89575 0.999859 -0.00101208 -0.0167678 18.0441
-0.0164813 0.0579791 -0.998182 -166.541 0.00123444 0.998318 0.0579667 3.94727 0.999863 -0.00027683 -0.0165252 18.0067
-0.0154426 0.0648551 -0.997775 -167.867 -0.00384078 0.997883 0.0649216 4.0007 0.999873 0.00483479 -0.0151608 17.9641
-0.0148645 0.0647703 -0.997789 -169.144 -0.00806038 0.99786 0.0648949 4.0574 0.999857 0.00900719 -0.0143107 17.9392
-0.0136493 0.0613181 -0.998025 -170.471 -0.0117284 0.998039 0.0614794 4.11316 0.999838 0.0125443 -0.0129034 17.9102
-0.0118116 0.0559803 -0.998362 -171.756 -0.0134184 0.998333 0.0561374 4.16127 0.99984 0.0140595 -0.0110408 17.879
-0.0107538 0.0543563 -0.998464 -173.079 -0.0160495 0.998383 0.0545248 4.21869 0.999813 0.0166112 -0.00986399 17.8486
-0.00944329 0.051906 -0.998607 -174.367 -0.0106121 0.99859 0.0520054 4.25288 0.999899 0.0110884 -0.00887915 17.8307
-0.00956787 0.0473967 -0.99883 -175.654 -0.00629868 0.998853 0.0474581 4.29681 0.999934 0.00674538 -0.00925837 17.8192
-0.0101774 0.0441953 -0.998971 -176.946 0.000322385 0.999023 0.0441943 4.33569 0.999948 0.000127732 -0.0101817 17.81
-0.0114902 0.0472137 -0.998819 -178.257 0.00295882 0.998882 0.0471827 4.37455 0.99993 -0.00241319 -0.011617 17.7954
-0.0110998 0.0532643 -0.998519 -179.578 0.00308494 0.998577 0.0532331 4.41868 0.999934 -0.0024895 -0.0112483 17.7787
-0.00945141 0.0564762 -0.998359 -180.886 0.00144291 0.998404 0.0564651 4.46837 0.999954 -0.000906866 -0.00951781 17.7517
-0.00791837 0.0532213 -0.998551 -182.17 0.000388972 0.998583 0.0532198 4.51333 0.999969 3.30058e-05 -0.00792785 17.7347
-0.00753949 0.0533121 -0.998549 -183.457 -0.00113291 0.998577 0.0533221 4.55954 0.999971 0.00153329 -0.00746836 17.7164
-0.00650042 0.0546749 -0.998483 -184.748 0.00113923 0.998504 0.0546686 4.59849 0.999978 -0.000782134 -0.00655298 17.7006
-0.00582168 0.0529443 -0.99858 -186.023 0.00113491 0.998597 0.0529386 4.6412 0.999982 -0.000825112 -0.0058736 17.6789
-0.00428249 0.0515074 -0.998663 -187.291 0.00150371 0.998672 0.0515014 4.68926 0.99999 -0.00128114 -0.00435426 17.6673
-0.00274779 0.0535913 -0.998559 -188.521 0.000857585 0.998563 0.0535891 4.71998 0.999996 -0.000709098 -0.0027898 17.6485
-0.00153503 0.0554002 -0.998463 -189.741 0.00160043 0.998463 0.0553977 4.75935 0.999998 -0.00151293 -0.00162133 17.6359
-0.00124675 0.0566429 -0.998394 -190.906 0.00160629 0.998393 0.0566409 4.79594 0.999998 -0.00153309 -0.00133573 17.6257
-0.00147162 0.0578574 -0.998324 -192.052 0.00247105 0.998322 0.0578536 4.82939 0.999996 -0.00238177 -0.00161212 17.6205
-0.00150287 0.0590486 -0.998254 -193.167 0.00308913 0.998251 0.0590437 4.85832 0.999994 -0.002995 -0.00168265 17.6045
-0.00124028 0.0581131 -0.998309 -194.272 0.00382606 0.998303 0.058108 4.89465 0.999992 -0.00374752 -0.00146052 17.6033
0.000289819 0.0581873 -0.998306 -195.32 0.00291885 0.998301 0.0581879 4.92838 0.999996 -0.00293076 0.000119487 17.5928
0.00163712 0.0592035 -0.998245 -196.342 0.00264924 0.998242 0.0592077 4.95884 0.999995 -0.00274152 0.00147739 17.585
0.000742091 0.0578835 -0.998323 -197.339 0.00447935 0.998313 0.0578862 4.98672 0.99999 -0.00451479 0.000481558 17.5836
-0.0024628 0.0553878 -0.998462 -198.346 0.00713291 0.99844 0.055369 5.01187 0.999972 -0.00698558 -0.00285404 17.579
-0.00751308 0.0517261 -0.998633 -199.351 0.00737184 0.998637 0.0516708 5.04925 0.999945 -0.00697355 -0.00788416 17.565
-0.0125429 0.04897 -0.998721 -200.338 0.00622643 0.998785 0.0488949 5.07446 0.999902 -0.00560519 -0.0128326 17.5446
-0.016491 0.0481656 -0.998703 -201.327 0.00468385 0.998832 0.0480945 5.10425 0.999853 -0.00388465 -0.0166974 17.5206
-0.0194263 0.0490292 -0.998608 -202.312 0.00227461 0.998796 0.0489942 5.12937 0.999809 -0.00131967 -0.0195144 17.4902
-0.0216036 0.050849 -0.998473 -203.301 0.00339697 0.998704 0.0507872 5.15886 0.999761 -0.00229459 -0.0217483 17.4697
-0.0232033 0.0523343 -0.99836 -204.284 0.00690625 0.998613 0.0521871 5.19168 0.999707 -0.00568401 -0.0235326 17.446
-0.0246346 0.0528299 -0.9983 -205.252 0.00908928 0.998573 0.0526201 5.2255 0.999655 -0.00777755 -0.0250796 17.4165
-0.0256447 0.0517785 -0.998329 -206.214 0.00935193 0.998626 0.0515537 5.25683 0.999627 -0.00801422 -0.0260937 17.3852
-0.0262582 0.0504996 -0.998379 -207.171 0.00724756 0.998707 0.0503255 5.28783 0.999629 -0.00591435 -0.0265902 17.3494
-0.0259449 0.0496249 -0.998431 -208.144 0.00337993 0.998766 0.0495537 5.32223 0.999658 -0.00208896 -0.0260806 17.3064
-0.0253713 0.048032 -0.998524 -209.115 0.00105029 0.998846 0.0480208 5.3528 0.999678 0.000169606 -0.0253924 17.2714
-0.0244796 0.0456544 -0.998657 -210.091 0.00170133 0.998957 0.0456264 5.37977 0.999699 -0.000582129 -0.0245317 17.2398
-0.0238923 0.0432542 -0.998778 -211.053 0.00209246 0.999064 0.0432165 5.40398 0.999712 -0.00105736 -0.0239604 17.2054
-0.0230479 0.042576 -0.998827 -212.029 0.00202438 0.999093 0.0425406 5.43621 0.999732 -0.00104153 -0.0231132 17.1723
-0.0224408 0.0453003 -0.998721 -213.02 0.00505972 0.998965 0.0451977 5.4679 0.999735 -0.00403898 -0.0226468 17.143
-0.0225275 0.0465911 -0.99866 -214.008 0.00607676 0.998901 0.0464653 5.49576 0.999728 -0.00502188 -0.0227859 17.1136
-0.0216914 0.0430175 -0.998839 -215.008 0.0113406 0.99902 0.042779 5.52244 0.9997 -0.0103995 -0.0221579 17.091
-0.0216012 0.0399842 -0.998967 -216.011 0.0129873 0.999127 0.0397098 5.55182 0.999682 -0.0121161 -0.0221017 17.0682
-0.0209942 0.0401301 -0.998974 -217.016 0.00880553 0.999163 0.0399526 5.58527 0.999741 -0.00795772 -0.02133 17.0301
-0.0196331 0.044179 -0.998831 -218.037 0.00761837 0.999001 0.0440368 5.61362 0.999778 -0.00674488 -0.01995 17.001
-0.0176216 0.0434703 -0.998899 -219.068 0.0100826 0.999011 0.0432973 5.64789 0.999794 -0.00930853 -0.0180425 16.9768
-0.0155631 0.0449497 -0.998868 -220.097 0.0113568 0.998933 0.0447756 5.68367 0.999814 -0.0106471 -0.0160569 16.9592
-0.0138746 0.0499641 -0.998655 -221.15 0.0103467 0.998704 0.0498229 5.7172 0.99985 -0.00964155 -0.0143736 16.936
-0.0120533 0.0540343 -0.998466 -222.217 0.0124021 0.99847 0.0538848 5.75342 0.99985 -0.0117336 -0.012705 16.9235
-0.0108174 0.0545896 -0.99845 -223.279 0.0130496 0.998431 0.0544472 5.79446 0.999856 -0.0124404 -0.0115128 16.9082
-0.00875254 0.0555265 -0.998419 -224.35 0.00980535 0.998414 0.0554402 5.83754 0.999914 -0.00930461 -0.00928312 16.8933
-0.0059065 0.0572363 -0.998343 -225.431 0.00704715 0.998338 0.0571943 5.88264 0.999958 -0.00669766 -0.00630004 16.872
-0.00226955 0.0576865 -0.998332 -226.527 0.00604759 0.998317 0.0576719 5.92528 0.999979 -0.00590662 -0.0026146 16.8613
0.000494255 0.0552636 -0.998472 -227.613 0.00334515 0.998466 0.0552649 5.96706 0.999994 -0.00336735 0.000308632 16.8554
0.00315803 0.0520407 -0.99864 -228.717 0.0035795 0.998638 0.0520519 6.01384 0.999989 -0.00373901 0.00296745 16.854
0.00478937 0.0511484 -0.99868 -229.814 0.00481423 0.998678 0.0511714 6.05759 0.999977 -0.00505296 0.0045368 16.8545
0.0062679 0.0534913 -0.998549 -230.942 0.00393988 0.998559 0.0535166 6.10405 0.999973 -0.0042696 0.00604812 16.8562
0.00777697 0.0571685 -0.998334 -232.075 0.00209095 0.998361 0.0571863 6.14334 0.999968 -0.00253221 0.00764469 16.8529
0.00925309 0.0568112 -0.998342 -233.206 0.00300262 0.998379 0.0568411 6.19124 0.999953 -0.0035236 0.00906751 16.8544
0.0102524 0.0542609 -0.998474 -234.341 0.00348523 0.998519 0.0542991 6.23616 0.999941 -0.00403661 0.0100481 16.8567
0.00996528 0.0514334 -0.998627 -235.478 0.00691355 0.998649 0.0515035 6.27925 0.999926 -0.0074173 0.00959623 16.8704
0.010198 0.0501033 -0.998692 -236.628 0.00822152 0.998706 0.050188 6.32957 0.999914 -0.00872259 0.00977287 16.869
0.0103118 0.0489834 -0.998746 -237.791 0.00846709 0.998759 0.0490715 6.37527 0.999911 -0.00896249 0.0098843 16.8741
0.0109009 0.0490883 -0.998735 -238.961 0.00861055 0.998753 0.0491832 6.4159 0.999904 -0.0091358 0.0104646 16.8719
0.010665 0.0498424 -0.9987 -240.15 0.00743502 0.998725 0.049923 6.46051 0.999915 -0.00795778 0.0102808 16.8729
0.0102972 0.0525653 -0.998564 -241.341 0.00682778 0.99859 0.0526371 6.50223 0.999924 -0.00735999 0.00992373 16.8717
0.00903864 0.0542411 -0.998487 -242.524 0.00665943 0.998502 0.0543022 6.55031 0.999937 -0.00714018 0.00866389 16.889
0.00835753 0.0561253 -0.998389 -243.737 0.00601241 0.998403 0.0561764 6.59425 0.999947 -0.00647221 0.00800674 16.8911
0.0071424 0.0572098 -0.998337 -244.928 0.00389735 0.998353 0.0572386 6.64273 0.999967 -0.00429969 0.00690767 16.8949
0.00587249 0.0559087 -0.998419 -246.148 0.00193155 0.998433 0.0559209 6.69613 0.999981 -0.00225689 0.0057553 16.8915
0.00473555 0.0515196 -0.998661 -247.37 0.00360066 0.998665 0.0515368 6.74042 0.999982 -0.00383989 0.00454373 16.8863
0.00333784 0.0456844 -0.99895 -248.604 0.00658064 0.998933 0.0457056 6.78242 0.999973 -0.00672629 0.00303365 16.8878
0.00133948 0.0413886 -0.999142 -249.837 0.0115564 0.999076 0.0414014 6.8202 0.999932 -0.0116019 0.000859936 16.8869
-0.000794127 0.0412026 -0.99915 -251.102 0.0180813 0.998988 0.0411815 6.86197 0.999836 -0.0180332 -0.00153832 16.8862
-0.00304359 0.0452947 -0.998969 -252.363 0.0230403 0.998712 0.0452128 6.89456 0.99973 -0.0228789 -0.00408327 16.8824
-0.00532594 0.047891 -0.998838 -253.639 0.025086 0.998545 0.0477431 6.93404 0.999671 -0.0248026 -0.00651958 16.8736
-0.00735071 0.0473787 -0.99885 -254.927 0.0273187 0.998514 0.0471617 6.97435 0.9996 -0.0269407 -0.00863411 16.8582
-0.00946344 0.0483719 -0.998785 -256.214 0.0270642 0.998476 0.0481005 7.01375 0.999589 -0.0265761 -0.0107582 16.8345
-0.0114597 0.0498443 -0.998691 -257.505 0.0278804 0.998384 0.0495091 7.05278 0.999546 -0.0272765 -0.0128309 16.809
-0.0137905 0.049687 -0.99867 -258.811 0.0294786 0.998351 0.0492641 7.09467 0.99947 -0.02876 -0.0152324 16.7851
-0.0159629 0.0481958 -0.99871 -260.116 0.030298 0.998402 0.0476967 7.13972 0.999413 -0.0294975 -0.0173977 16.7567
-0.0182887 0.0480598 -0.998677 -261.416 0.0305785 0.998404 0.0474866 7.17691 0.999365 -0.0296696 -0.0197291 16.7237
-0.0208858 0.0489316 -0.998584 -262.735 0.0306229 0.998364 0.0482803 7.22103 0.999313 -0.0295711 -0.0223501 16.6925
-0.0233264 0.049284 -0.998512 -264.068 0.0304613 0.998355 0.0485647 7.26412 0.999264 -0.0292831 -0.0247893 16.6586
-0.0257222 0.0505399 -0.998391 -265.388 0.0296842 0.998319 0.0497715 7.30616 0.999228 -0.0283562 -0.0271792 16.6132
-0.0282639 0.052423 -0.998225 -266.718 0.0289494 0.998248 0.0516045 7.34751 0.999181 -0.0274395 -0.029732 16.5688
-0.0294771 0.0532282 -0.998147 -268.055 0.0277356 0.99824 0.0524141 7.3937 0.999181 -0.0261392 -0.0309015 16.5129
-0.0308689 0.0536617 -0.998082 -269.394 0.0260307 0.998262 0.0528663 7.44292 0.999184 -0.0243489 -0.0322121 16.4663
-0.0306727 0.0536669 -0.998088 -270.726 0.0257534 0.998268 0.0528852 7.49082 0.999198 -0.024082 -0.0320017 16.4059
-0.0305908 0.0524671 -0.998154 -272.072 0.0270257 0.9983 0.0516465 7.53841 0.999167 -0.0253959 -0.0319567 16.3532
-0.0303967 0.0513653 -0.998217 -273.415 0.0299372 0.998277 0.0504568 7.58549 0.999089 -0.0283501 -0.031882 16.3098
-0.0307761 0.0511022 -0.998219 -274.735 0.0321284 0.998227 0.0501121 7.62986 0.99901 -0.0305289 -0.0323633 16.2706
-0.0304465 0.0517721 -0.998195 -276.083 0.0321734 0.998191 0.0507905 7.67042 0.999018 -0.0305689 -0.0320571 16.2118
-0.0299645 0.0522107 -0.998186 -277.402 0.0324262 0.99816 0.0512359 7.7048 0.999025 -0.0308322 -0.0316023 16.1564
-0.0295492 0.052662 -0.998175 -278.737 0.0330825 0.998116 0.0516795 7.75254 0.999016 -0.031495 -0.0312357 16.1053
-0.0292915 0.0536526 -0.99813 -280.077 0.0356997 0.997978 0.0525968 7.79831 0.998933 -0.0340923 -0.0311476 16.0543
-0.0295172 0.0561289 -0.997987 -281.43 0.0408477 0.997656 0.0549021 7.8479 0.998729 -0.0391449 -0.0317408 16.019
-0.029819 0.0599637 -0.997755 -282.733 0.0439224 0.997313 0.0586245 7.88956 0.99859 -0.0420756 -0.0323726 15.9783
-0.0296639 0.062673 -0.997593 -284.055 0.0458187 0.997069 0.0612776 7.94135 0.998509 -0.0438907 -0.0324485 15.9338
-0.0293663 0.0611743 -0.997695 -285.363 0.04512 0.997189 0.0598152 7.98868 0.99855 -0.0432595 -0.0320439 15.8815
-0.0293783 0.05991 -0.997771 -286.669 0.0433587 0.997339 0.0586074 8.03938 0.998628 -0.0415403 -0.0318978 15.8301
-0.0298457 0.0629486 -0.99757 -287.971 0.0381627 0.997359 0.0617935 8.09229 0.998826 -0.0362257 -0.0321692 15.7739
-0.0300607 0.0691452 -0.997154 -289.299 0.0340366 0.997097 0.0681152 8.1505 0.998968 -0.0318921 -0.0323269 15.7151
-0.0300082 0.0688298 -0.997177 -290.603 0.0305713 0.997223 0.067913 8.21028 0.999082 -0.028447 -0.0320291 15.6577
-0.030109 0.0621679 -0.997611 -291.916 0.0319424 0.997614 0.061204 8.27164 0.999036 -0.0300233 -0.032023 15.6152
-0.0305624 0.0568939 -0.997912 -293.213 0.0348362 0.997833 0.0558225 8.32596 0.998926 -0.0330574 -0.0324781 15.5704
-0.0304631 0.0560478 -0.997963 -294.513 0.0406764 0.997669 0.0547896 8.37127 0.998708 -0.0389245 -0.0326719 15.5309
-0.0292447 0.0576612 -0.997908 -295.811 0.0433951 0.997467 0.056364 8.41896 0.99863 -0.0416559 -0.0316729 15.4839
-0.0275731 0.0598492 -0.997827 -297.118 0.0449929 0.997269 0.0585725 8.47298 0.998607 -0.0432801 -0.0301906 15.4339
-0.0266729 0.0622531 -0.997704 -298.419 0.0446211 0.997138 0.0610249 8.52462 0.998648 -0.0428909 -0.0293744 15.3898
-0.0257853 0.0636433 -0.99764 -299.703 0.0436428 0.997092 0.0624804 8.57744 0.998714 -0.0419287 -0.0284879 15.3452
-0.0250227 0.0647563 -0.997587 -301.005 0.0428321 0.997053 0.0636473 8.63537 0.998769 -0.0411361 -0.0277226 15.3001
-0.0243626 0.0637836 -0.997666 -302.307 0.0429811 0.997107 0.0626982 8.69472 0.998779 -0.0413533 -0.0270336 15.2587
-0.0240657 0.0623244 -0.997766 -303.615 0.0426138 0.997212 0.061262 8.75003 0.998802 -0.0410443 -0.0266545 15.2119
-0.0239622 0.0612276 -0.997836 -304.911 0.0433586 0.997247 0.0601502 8.80615 0.998772 -0.0418235 -0.026551 15.1702
-0.0239022 0.0609734 -0.997853 -306.216 0.04256 0.997295 0.0599198 8.86404 0.998808 -0.0410364 -0.0264326 15.1251
-0.0236219 0.0608375 -0.997868 -307.517 0.042238 0.997316 0.059804 8.91688 0.998828 -0.0407353 -0.0261282 15.0839
-0.0235994 0.0612165 -0.997845 -308.818 0.042143 0.997297 0.0601862 8.96967 0.998833 -0.0406319 -0.0261155 15.0432
-0.0233018 0.0615911 -0.997829 -310.135 0.0427033 0.997251 0.0605581 9.02637 0.998816 -0.0411995 -0.0258679 15.0036
-0.0232031 0.060247 -0.997914 -311.436 0.0431224 0.997314 0.0592081 9.0756 0.9988 -0.0416586 -0.0257387 14.9574
-0.0235032 0.0577234 -0.998056 -312.736 0.0438499 0.99743 0.0566546 9.13117 0.998762 -0.042433 -0.025974 14.9177
-0.0240268 0.0550147 -0.998196 -314.031 0.0433107 0.997604 0.0539396 9.1782 0.998773 -0.0419366 -0.0263519 14.8798
-0.0240032 0.0537039 -0.998268 -315.343 0.0415915 0.997745 0.0526757 9.22693 0.998846 -0.0402551 -0.0261827 14.8281
-0.0244598 0.0535836 -0.998264 -316.652 0.0384226 0.997875 0.0526212 9.2756 0.998962 -0.0370688 -0.0264667 14.7826
-0.0248223 0.0547164 -0.998193 -317.964 0.0358389 0.997908 0.0538095 9.31889 0.999049 -0.0344385 -0.0267314 14.7366
-0.0251585 0.055913 -0.998119 -319.29 0.0322763 0.99796 0.0550905 9.3698 0.999162 -0.0308295 -0.0269118 14.6853
-0.0253827 0.055907 -0.998113 -320.601 0.0311371 0.997995 0.0551085 9.42351 0.999193 -0.0296796 -0.0270726 14.6384
-0.0262918 0.0539211 -0.998199 -321.901 0.0320985 0.998075 0.053069 9.47094 0.999139 -0.0306454 -0.0279719 14.6059
-0.0268896 0.051805 -0.998295 -323.215 0.035263 0.998084 0.0508442 9.51847 0.999016 -0.0338357 -0.0286649 14.5638
-0.0277159 0.0516557 -0.99828 -324.525 0.0383769 0.997983 0.0505748 9.56209 0.998879 -0.0369092 -0.0296423 14.5191
-0.028874 0.0535372 -0.998148 -325.832 0.0413356 0.997774 0.0523214 9.61329 0.998728 -0.0397484 -0.0310228 14.4802
-0.0297217 0.0548134 -0.998054 -327.149 0.0433385 0.997627 0.0534993 9.65553 0.998618 -0.0416641 -0.0320267 14.4405
