0.999935 -0.00312424 0.0109454 0.0206393 0.00310813 0.999994 0.00148833 -0.00916652 -0.01095 -0.00145422 0.999939 0.31739
0.999835 -0.00552296 0.0173281 0.0329707 0.00548761 0.999983 0.00208706 -0.0193706 -0.0173393 -0.00199162 0.999848 0.623678
0.999783 -0.00827085 0.0191306 0.0461359 0.00825673 0.999966 0.0008171 -0.0177703 -0.0191367 -0.000658966 0.999817 0.963042
0.999815 -0.0101627 0.0163509 0.0642842 0.0101808 0.999948 -0.00102233 -0.0130011 -0.0163396 0.0011886 0.999866 1.3048
0.999868 -0.0131161 0.00957739 0.0655725 0.0131371 0.999911 -0.00213982 -0.0195748 -0.00954848 0.00226536 0.999952 1.6512
0.999879 -0.0152852 -0.00281647 0.0605438 0.0152734 0.999875 -0.0041733 -0.0205362 0.0028799 0.00412978 0.999987 2.00402
0.999702 -0.0145965 -0.0195871 0.0427921 0.0145265 0.999888 -0.00371243 -0.0333066 0.0196391 0.00342679 0.999801 2.36334
0.999189 -0.0106591 -0.0388272 0.00645205 0.0105266 0.999938 -0.0036148 -0.04326 0.0388634 0.00320315 0.999239 2.72406
0.998218 -0.00790834 -0.0591542 -0.0288328 0.0076705 0.999962 -0.00424675 -0.0571492 0.0591855 0.00378544 0.99824 3.09493
0.996849 -0.00714465 -0.0790029 -0.0811973 0.00677044 0.999965 -0.00500346 -0.0539669 0.0790358 0.00445281 0.996862 3.48719
0.99494 -0.0088698 -0.100079 -0.134011 0.00846963 0.999954 -0.00442265 -0.055558 0.100114 0.00355264 0.99497 3.88909
0.992693 -0.0108554 -0.120181 -0.191879 0.0105075 0.999939 -0.00352861 -0.0597655 0.120211 0.00224003 0.992746 4.31325
0.990434 -0.00957206 -0.137655 -0.274209 0.0092054 0.999952 -0.00329996 -0.0649357 0.13768 0.00200122 0.990475 4.72708
0.988129 -0.00881682 -0.153374 -0.35515 0.00854284 0.999961 -0.00244527 -0.0695283 0.153389 0.00110599 0.988165 5.16868
0.985897 -0.00883391 -0.167118 -0.445113 0.00854463 0.99996 -0.00244999 -0.0775454 0.167133 0.000987475 0.985934 5.61552
0.983768 -0.0102753 -0.179149 -0.54258 0.00982966 0.999946 -0.0033748 -0.0823199 0.179174 0.00155905 0.983816 6.08177
0.981934 -0.0136153 -0.188732 -0.638653 0.0128744 0.999904 -0.00515127 -0.0959573 0.188784 0.0026284 0.982015 6.55917
0.980417 -0.0131435 -0.196494 -0.746048 0.0119106 0.999901 -0.00745496 -0.0959586 0.196572 0.00496862 0.980477 7.05863
0.978898 -0.0130307 -0.203932 -0.860985 0.0114172 0.999894 -0.00908668 -0.104029 0.204029 0.00656661 0.978943 7.56366
0.977172 -0.0136681 -0.212011 -0.979276 0.0114805 0.999867 -0.011546 -0.118073 0.212141 0.00884843 0.977199 8.07955
0.975386 -0.0178004 -0.219782 -1.09986 0.0153212 0.999798 -0.0129797 -0.13121 0.219969 0.00929294 0.975463 8.61595
0.97343 -0.0247639 -0.227643 -1.22585 0.0221282 0.999655 -0.0141236 -0.144373 0.227915 0.00871099 0.973642 9.16344
0.971352 -0.0253011 -0.236294 -1.36457 0.0220153 0.999621 -0.0165342 -0.155267 0.236623 0.0108584 0.971541 9.71528
0.969293 -0.021797 -0.24494 -1.52735 0.0172333 0.999636 -0.0207599 -0.168053 0.245303 0.0159013 0.969316 10.2922
0.967132 -0.0186364 -0.253591 -1.69623 0.0130863 0.999637 -0.0235558 -0.188727 0.253938 0.019463 0.967025 10.8657
0.964777 -0.0214701 -0.262193 -1.86086 0.0154159 0.999565 -0.0251262 -0.21238 0.262619 0.0201992 0.964688 11.4575
0.962296 -0.0246534 -0.270886 -2.0306 0.0180108 0.999474 -0.0269809 -0.237198 0.271409 0.0210847 0.962233 12.0679
0.959954 -0.0249172 -0.279048 -2.21401 0.0173937 0.999416 -0.0294053 -0.259481 0.279618 0.0233741 0.959827 12.6864
0.957632 -0.0242983 -0.286969 -2.4113 0.0154596 0.999335 -0.0330266 -0.284138 0.287581 0.0271909 0.95737 13.3008
0.95527 -0.0256834 -0.294617 -2.61342 0.0150761 0.999156 -0.0382192 -0.313604 0.29535 0.032068 0.954851 13.937
0.953614 -0.0266237 -0.299854 -2.83022 0.0134938 0.998861 -0.0457741 -0.345118 0.300731 0.0396046 0.952886 14.5808
0.952373 -0.0267479 -0.303761 -3.05587 0.0108989 0.998495 -0.0537522 -0.38635 0.304742 0.0478815 0.951231 15.2429
0.951167 -0.0263637 -0.30755 -3.28635 0.00747779 0.998022 -0.0624253 -0.426107 0.308587 0.057077 0.949482 15.9085
0.949844 -0.0255052 -0.311682 -3.52405 0.00332036 0.997435 -0.0715024 -0.472621 0.312706 0.0668812 0.947492 16.5969
0.948479 -0.0257044 -0.315796 -3.76558 0.000962874 0.996933 -0.078254 -0.530391 0.316839 0.0739182 0.945595 17.2883
0.946934 -0.0231349 -0.320595 -4.01995 -0.00442406 0.996374 -0.084968 -0.592256 0.321399 0.0818774 0.943398 17.9802
0.945279 -0.0224908 -0.325488 -4.27561 -0.00748855 0.995863 -0.0905611 -0.662605 0.326178 0.0880429 0.941199 18.6909
0.943647 -0.0209009 -0.330294 -4.54706 -0.0114976 0.995331 -0.0958327 -0.73483 0.330755 0.0942298 0.939 19.4051
0.94187 -0.0181076 -0.335488 -4.82127 -0.0161242 0.99496 -0.0989701 -0.807562 0.33559 0.0986265 0.936831 20.1477
0.940066 -0.0169699 -0.34057 -5.10799 -0.0183237 0.994804 -0.100147 -0.89443 0.3405 0.100386 0.93487 20.8957
0.937665 -0.0165061 -0.347149 -5.39447 -0.0190439 0.994931 -0.098745 -0.984445 0.347019 0.0992007 0.932597 21.6531
0.935302 -0.0163054 -0.353474 -5.6934 -0.0193718 0.99508 -0.0971603 -1.07132 0.353319 0.0977216 0.930385 22.4211
0.932711 -0.0163883 -0.360251 -6.00445 -0.0193232 0.995261 -0.0953046 -1.15707 0.360105 0.0958529 0.927974 23.2032
0.92934 -0.0158029 -0.368888 -6.31861 -0.0196925 0.99554 -0.0922596 -1.24184 0.3687 0.0930048 0.924884 24.0019
0.925959 -0.0137507 -0.377375 -6.64385 -0.0205652 0.996018 -0.0867531 -1.32113 0.377065 0.0880906 0.921988 24.7855
0.922231 -0.010877 -0.386486 -6.98453 -0.0222877 0.996446 -0.0812262 -1.40771 0.385996 0.0835232 0.918712 25.5909
0.918461 -0.00801923 -0.39543 -7.34074 -0.0245231 0.996716 -0.0771728 -1.48693 0.39475 0.0805774 0.915248 26.3962
0.914634 -0.00738867 -0.404215 -7.71475 -0.0253281 0.996822 -0.0755319 -1.55421 0.403488 0.0793221 0.91154 27.207
0.910644 -0.00697805 -0.413132 -8.1017 -0.0264426 0.996824 -0.075123 -1.62522 0.412344 0.0793347 0.907567 28.0305
0.906642 -0.00677877 -0.421847 -8.48813 -0.0267567 0.996934 -0.0735261 -1.70202 0.421052 0.0779491 0.903681 28.8553
0.902636 -0.0058189 -0.430365 -8.8926 -0.0277728 0.997037 -0.0717308 -1.77393 0.429507 0.0766992 0.8998 29.6824
0.898676 -0.00688323 -0.43856 -9.30442 -0.0259267 0.997295 -0.0687804 -1.85083 0.437847 0.0731817 0.896066 30.5184
0.894853 -0.00635782 -0.446315 -9.74233 -0.0251585 0.997591 -0.0646531 -1.92038 0.445651 0.0690836 0.892537 31.3642
0.891048 -0.00442184 -0.453888 -10.1844 -0.0251465 0.997936 -0.0590882 -1.98482 0.453213 0.0640641 0.889097 32.2129
0.887186 -0.00413416 -0.461393 -10.6367 -0.0239174 0.998204 -0.0549336 -2.05091 0.460791 0.0597717 0.885494 33.0655
0.883422 -0.00552458 -0.468545 -11.0995 -0.0217899 0.998364 -0.0528555 -2.1179 0.468071 0.0569033 0.881857 33.9339
0.880036 -0.00667242 -0.47486 -11.5754 -0.0204977 0.998436 -0.0520168 -2.17062 0.474465 0.0555102 0.878523 34.8027
0.87687 -0.0058904 -0.480692 -12.065 -0.0207584 0.998528 -0.0501031 -2.22871 0.48028 0.0539122 0.875457 35.6845
0.873713 -0.00770472 -0.486381 -12.5607 -0.018474 0.998628 -0.0490052 -2.28463 0.486091 0.0518019 0.872372 36.576
0.870844 -0.00902877 -0.491477 -13.0706 -0.0170884 0.998671 -0.0486251 -2.34697 0.491263 0.0507435 0.869532 37.4819
0.868603 -0.0103577 -0.495401 -13.588 -0.0161065 0.998663 -0.0491199 -2.40578 0.495247 0.0506449 0.867275 38.3891
0.867139 -0.0105646 -0.497954 -14.1307 -0.0161929 0.998649 -0.0493857 -2.46569 0.497803 0.0508876 0.865796 39.3074
0.866455 -0.0112265 -0.49913 -14.6608 -0.0148925 0.998721 -0.0483157 -2.52421 0.499034 0.0492967 0.865179 40.2389
0.866342 -0.0107976 -0.499335 -15.2181 -0.0142825 0.998822 -0.0463785 -2.58442 0.499247 0.0473113 0.865167 41.1785
0.865877 -0.0123305 -0.500105 -15.7743 -0.0124447 0.998856 -0.0461742 -2.63614 0.500102 0.0462049 0.864733 42.1311
0.865146 -0.0145641 -0.501309 -16.3367 -0.0102786 0.998853 -0.0467575 -2.6952 0.501415 0.0456048 0.864004 43.0927
0.86404 -0.0167573 -0.503144 -16.9097 -0.0078828 0.998873 -0.0468046 -2.76067 0.503361 0.0444073 0.862934 44.0626
0.862354 -0.0176453 -0.505998 -17.4837 -0.00559748 0.998999 -0.044377 -2.82586 0.506275 0.041101 0.861392 45.0394
0.860121 -0.0171465 -0.509801 -18.0666 -0.00392608 0.999183 -0.0402301 -2.88632 0.510074 0.0366043 0.859351 46.0208
0.857126 -0.0171477 -0.514822 -18.6521 -0.00178192 0.999341 -0.0362528 -2.94357 0.515104 0.0319905 0.85653 46.9923
0.852914 -0.0178909 -0.521745 -19.2474 6.43546e-05 0.999416 -0.0341653 -3.0028 0.522052 0.0291064 0.852417 47.961
0.847658 -0.0208452 -0.530133 -19.8427 0.0019931 0.999346 -0.036108 -3.05854 0.530539 0.0295507 0.847145 48.903
0.841412 -0.0245755 -0.539834 -20.4427 0.00383432 0.999212 -0.0395119 -3.11276 0.54038 0.0311759 0.840843 49.8411
0.835057 -0.0250507 -0.549593 -21.0738 0.00424464 0.999226 -0.0390958 -3.16152 0.550147 0.0303144 0.834518 50.7933
0.828982 -0.0222483 -0.558832 -21.7082 0.00415222 0.999426 -0.0336299 -3.22769 0.559259 0.0255582 0.828599 51.7307
0.823763 -0.0180579 -0.566647 -22.3613 0.00146694 0.999557 -0.0297212 -3.27409 0.566932 0.023652 0.823425 52.6612
0.819483 -0.0182681 -0.572813 -23.0185 0.000625159 0.99952 -0.0309822 -3.32866 0.573103 0.0250313 0.819101 53.5886
0.815965 -0.0205197 -0.577738 -23.6838 0.000570476 0.999398 -0.0346902 -3.38802 0.578102 0.0279764 0.815485 54.5232
0.812782 -0.0230528 -0.582112 -24.3571 -0.00136804 0.999138 -0.041478 -3.44578 0.582567 0.0345089 0.81205 55.4437
0.809582 -0.0243983 -0.5865 -25.0367 -0.0011845 0.999066 -0.0431961 -3.50106 0.587006 0.0356655 0.808797 56.3676
0.806128 -0.0231924 -0.591287 -25.7268 -3.86087e-05 0.99923 -0.039246 -3.56215 0.591742 0.0316601 0.805506 57.2928
0.802918 -0.0205893 -0.595734 -26.4163 0.000420551 0.999423 -0.0339744 -3.62261 0.596089 0.0270281 0.802463 58.2062
0.799752 -0.0191209 -0.600026 -27.1085 0.000807552 0.999526 -0.0307753 -3.67762 0.60033 0.024128 0.799388 59.1151
0.796552 -0.018904 -0.604274 -27.8055 4.50945e-05 0.999513 -0.0312092 -3.72491 0.60457 0.0248325 0.796165 60.0178
0.792945 -0.0201588 -0.60896 -28.5111 0.000151025 0.999459 -0.0328891 -3.77713 0.609293 0.0259872 0.792519 60.9191
0.78897 -0.0226088 -0.614015 -29.221 0.00113711 0.999375 -0.035337 -3.83275 0.614431 0.0271817 0.788503 61.8219
0.784245 -0.0242246 -0.619978 -29.93 0.00242171 0.999349 -0.0359845 -3.87504 0.620446 0.0267193 0.783794 62.7425
0.779549 -0.0246186 -0.625857 -30.6612 0.00343159 0.99938 -0.0350372 -3.93108 0.626332 0.0251655 0.77915 63.6423
0.774462 -0.024428 -0.632149 -31.3981 0.00361165 0.999409 -0.0341952 -3.98768 0.63261 0.0241997 0.774092 64.5379
0.768918 -0.0258612 -0.638824 -32.1455 0.00426126 0.999367 -0.0353279 -4.03979 0.639333 0.024442 0.768541 65.434
0.763199 -0.0278944 -0.645561 -32.8978 0.00624843 0.99934 -0.0357939 -4.09902 0.646133 0.0232841 0.762869 66.3237
0.757505 -0.0292931 -0.652172 -33.663 0.00707924 0.999303 -0.0366622 -4.15631 0.652791 0.023155 0.757184 67.2022
0.751816 -0.0310451 -0.658642 -34.4376 0.00845122 0.999263 -0.0374535 -4.22247 0.659319 0.0225918 0.751524 68.0726
0.745599 -0.0328871 -0.665583 -35.2065 0.00922668 0.999195 -0.0390352 -4.27757 0.666331 0.0229635 0.745302 68.9245
0.739233 -0.0336358 -0.672609 -36.0074 0.00982156 0.999184 -0.0391728 -4.34102 0.673378 0.0223517 0.73896 69.7938
0.7328 -0.0331975 -0.679634 -36.8109 0.0104087 0.999239 -0.0375861 -4.40106 0.680364 0.020469 0.732588 70.6588
0.726173 -0.0331259 -0.686714 -37.6205 0.0107681 0.999264 -0.0368159 -4.46998 0.687428 0.0193401 0.725995 71.5091
0.719377 -0.0350284 -0.693736 -38.4426 0.0120831 0.999208 -0.0379226 -4.52782 0.694515 0.0188982 0.71923 72.3633
0.712811 -0.0362723 -0.700418 -39.2897 0.0117529 0.999139 -0.0397812 -4.58277 0.701258 0.0201245 0.712624 73.2184
0.706581 -0.0355125 -0.70674 -40.1519 0.0103983 0.999153 -0.0398098 -4.64022 0.707556 0.0207799 0.706352 74.0708
0.70104 -0.0350105 -0.712262 -41.02 0.0101256 0.999182 -0.0391477 -4.70309 0.71305 0.020232 0.700822 74.9248
0.696209 -0.0341267 -0.717027 -41.9011 0.0085714 0.999193 -0.0392338 -4.76174 0.717788 0.021169 0.69594 75.7514
0.691197 -0.0352711 -0.721805 -42.7854 0.00870304 0.999142 -0.0404892 -4.82266 0.722614 0.0217041 0.690911 76.5992
0.686061 -0.0365279 -0.726626 -43.6686 0.0075418 0.999042 -0.0431016 -4.88895 0.727505 0.0240903 0.68568 77.4149
0.681145 -0.038739 -0.731123 -44.5742 0.00755757 0.998918 -0.0458873 -4.95423 0.73211 0.0257304 0.6807 78.2412
0.675796 -0.0390351 -0.736054 -45.4862 0.00700916 0.998892 -0.0465388 -5.02078 0.737055 0.0262916 0.675321 79.0793
0.670703 -0.039275 -0.740685 -46.4132 0.00861809 0.998942 -0.0451654 -5.0891 0.741676 0.0239093 0.670332 79.9156
0.665622 -0.0391004 -0.745264 -47.3468 0.00903865 0.998976 -0.0443388 -5.15693 0.746234 0.0227767 0.665294 80.7445
0.66022 -0.0403239 -0.749989 -48.2874 0.00993563 0.998939 -0.0449626 -5.22679 0.751007 0.0222336 0.65992 81.5722
0.655205 -0.0417857 -0.754295 -49.2343 0.0117122 0.998911 -0.0451631 -5.29799 0.75536 0.0207566 0.654981 82.3927
0.65044 -0.0427951 -0.758351 -50.1898 0.0134409 0.998904 -0.0448416 -5.37444 0.759439 0.0189739 0.650302 83.215
0.646603 -0.0433434 -0.761595 -51.1524 0.0144768 0.998902 -0.0445579 -5.44573 0.76269 0.0177858 0.64652 84.0145
0.642344 -0.0458856 -0.765041 -52.1186 0.0171796 0.998817 -0.0454827 -5.52209 0.766224 0.0160724 0.642373 84.8306
0.63806 -0.0504496 -0.768332 -53.0976 0.0204153 0.998609 -0.0486161 -5.59516 0.769716 0.0153343 0.638203 85.6386
0.633146 -0.0545592 -0.772107 -54.0857 0.0248664 0.998432 -0.0501608 -5.66703 0.773633 0.0125596 0.63351 86.4513
0.626155 -0.058261 -0.777519 -55.0798 0.030197 0.998268 -0.0504839 -5.74417 0.779114 0.00813202 0.62683 87.2587
0.617762 -0.0620711 -0.783911 -56.0956 0.0353012 0.998064 -0.0512088 -5.82126 0.785572 0.00396184 0.618757 88.0569
0.608399 -0.0635693 -0.791081 -57.1067 0.0392347 0.997977 -0.0500206 -5.89893 0.792661 -0.000605342 0.609663 88.8379
0.599762 -0.0620594 -0.797768 -58.1523 0.0395791 0.998068 -0.0478854 -5.9752 0.799199 -0.0028551 0.60106 89.6095
0.590646 -0.062032 -0.804543 -59.2087 0.039238 0.998069 -0.0481472 -6.04968 0.805976 -0.00313074 0.59194 90.3791
0.580744 -0.063364 -0.811617 -60.267 0.0390612 0.997987 -0.0499643 -6.12985 0.813149 -0.0026863 0.58205 91.1342
0.570709 -0.0658454 -0.818508 -61.3574 0.0397708 0.997827 -0.0525404 -6.20708 0.820188 -0.00256739 0.572088 91.8924
0.560586 -0.0674758 -0.825342 -62.4477 0.0405155 0.997716 -0.0540493 -6.28599 0.827104 -0.00313984 0.56204 92.6327
0.550233 -0.068527 -0.832195 -63.5633 0.0442419 0.997619 -0.0528969 -6.37082 0.833839 -0.00771224 0.551954 93.3779
0.539632 -0.0687618 -0.839088 -64.6729 0.0460648 0.997578 -0.0521246 -6.45749 0.84064 -0.0105243 0.541493 94.1036
0.529019 -0.0695084 -0.845758 -65.8041 0.0465843 0.997516 -0.0528422 -6.54127 0.84733 -0.0114445 0.530943 94.8122
0.518689 -0.070059 -0.852088 -66.937 0.0458708 0.997482 -0.0540906 -6.63125 0.853732 -0.0110298 0.520596 95.4981
0.50882 -0.0707743 -0.857959 -68.091 0.0443375 0.997447 -0.0559862 -6.70733 0.85973 -0.00955282 0.510659 96.1649
0.498563 -0.0719275 -0.863864 -69.2473 0.0439475 0.997367 -0.0576798 -6.80177 0.865739 -0.00920764 0.500412 96.8377
0.488753 -0.071979 -0.869448 -70.4152 0.0436097 0.99736 -0.0580537 -6.89333 0.871332 -0.00954245 0.490601 97.4914
0.479709 -0.069768 -0.87465 -71.5852 0.0429961 0.997505 -0.0559863 -6.9836 0.876374 -0.0107494 0.481512 98.135
0.471596 -0.0683905 -0.879159 -72.7634 0.0437654 0.997575 -0.0541256 -7.0697 0.880728 -0.0129513 0.473445 98.7648
0.463591 -0.0687004 -0.883382 -73.9607 0.0444218 0.997538 -0.0542662 -7.17138 0.884935 -0.0140841 0.465501 99.3936
0.455348 -0.0718901 -0.887406 -75.1554 0.0467515 0.99729 -0.0568027 -7.2607 0.889085 -0.0156226 0.457475 100.019
0.448477 -0.0753667 -0.890611 -76.3772 0.0498333 0.996997 -0.0592753 -7.35409 0.892404 -0.0177985 0.450886 100.63
0.44223 -0.0778109 -0.89352 -77.5916 0.0508411 0.996803 -0.0616423 -7.45799 0.89546 -0.0181675 0.444772 101.23
0.436846 -0.0810474 -0.895878 -78.8164 0.0524817 0.996533 -0.0645624 -7.56649 0.898004 -0.0188134 0.439585 101.826
0.43175 -0.0817285 -0.898283 -80.0346 0.0554416 0.996408 -0.0640088 -7.67888 0.900288 -0.0221665 0.43473 102.426
0.427634 -0.0791127 -0.900483 -81.2599 0.0573308 0.996531 -0.060325 -7.78554 0.902132 -0.0258284 0.430686 103.006
0.42357 -0.0772401 -0.902564 -82.4745 0.0608075 0.996535 -0.0567452 -7.88754 0.90382 -0.0308471 0.4268 103.581
0.419987 -0.0764512 -0.904304 -83.7 0.0623239 0.996523 -0.0553023 -7.9902 0.905387 -0.0331335 0.423292 104.158
0.417034 -0.0763424 -0.905679 -84.9134 0.0643046 0.996447 -0.0543835 -8.08853 0.906613 -0.0355596 0.420461 104.72
0.414543 -0.0757418 -0.906872 -86.1341 0.065861 0.996414 -0.0531144 -8.17449 0.907643 -0.0377093 0.418045 105.273
0.412022 -0.0750954 -0.908074 -87.3799 0.0680426 0.996351 -0.0515226 -8.26614 0.90863 -0.0405593 0.415628 105.836
0.409401 -0.0759989 -0.909184 -88.5914 0.0711599 0.996149 -0.0512254 -8.36266 0.909575 -0.0437257 0.413232 106.388
0.407121 -0.0757849 -0.910225 -89.7882 0.073257 0.996051 -0.0501647 -8.45306 0.910432 -0.0462572 0.411065 106.929
0.404017 -0.0748743 -0.911682 -90.9807 0.0770704 0.995887 -0.0476357 -8.5392 0.911499 -0.051018 0.408126 107.481
0.401622 -0.0743268 -0.912785 -92.1502 0.079538 0.995766 -0.0460874 -8.62016 0.912345 -0.0540914 0.405833 108
0.39975 -0.0754434 -0.913514 -93.3311 0.0818982 0.995561 -0.0463809 -8.70389 0.912958 -0.0562744 0.404154 108.527
0.398233 -0.0769386 -0.914052 -94.4949 0.083554 0.995376 -0.0473812 -8.77726 0.913471 -0.057504 0.40282 109.047
0.397326 -0.0785719 -0.914308 -95.6432 0.0840927 0.995253 -0.0489843 -8.85847 0.913817 -0.0574239 0.402047 109.555
0.397918 -0.0792512 -0.913992 -96.7788 0.0827395 0.995302 -0.0502799 -8.94076 0.913682 -0.0556159 0.402606 110.045
0.40038 -0.0793718 -0.912905 -97.8984 0.0807985 0.995419 -0.0511095 -9.0152 0.91278 -0.0532982 0.404959 110.526
0.404588 -0.0799977 -0.910993 -99.0123 0.0790678 0.995496 -0.0523028 -9.09672 0.911075 -0.0508692 0.409091 111.02
0.409445 -0.0796178 -0.908854 -100.094 0.0779397 0.995596 -0.0521042 -9.1927 0.909 -0.049502 0.413847 111.51
0.415536 -0.0801098 -0.906042 -101.186 0.0776412 0.995602 -0.0524201 -9.26682 0.906257 -0.0485637 0.419928 112
0.422531 -0.0790912 -0.902891 -102.259 0.0766813 0.995733 -0.051339 -9.34715 0.903099 -0.0475425 0.426793 112.498
0.43049 -0.0779524 -0.899223 -103.333 0.075679 0.995873 -0.0501006 -9.42615 0.899417 -0.0464845 0.434612 113.01
0.439545 -0.0769554 -0.894918 -104.404 0.074763 0.996 -0.0489273 -9.51009 0.895104 -0.045401 0.44354 113.529
0.448599 -0.0763194 -0.890469 -105.459 0.0737898 0.996108 -0.0481998 -9.59016 0.890682 -0.0440851 0.452484 114.069
0.458571 -0.0772017 -0.885298 -106.497 0.0732678 0.996112 -0.0489135 -9.66835 0.885632 -0.0424336 0.462444 114.603
0.468886 -0.0782124 -0.879789 -107.522 0.07138 0.996169 -0.0505163 -9.75019 0.88037 -0.039113 0.472673 115.148
0.480623 -0.0791654 -0.873347 -108.561 0.0699783 0.996203 -0.0517911 -9.83046 0.874131 -0.0362233 0.484338 115.706
0.493034 -0.0776869 -0.866535 -109.579 0.0683137 0.996387 -0.0504599 -9.90544 0.867324 -0.0343178 0.496559 116.279
0.505672 -0.0750303 -0.859457 -110.577 0.06661 0.996633 -0.0478149 -9.97705 0.86015 -0.0330697 0.508967 116.868
0.518109 -0.0723579 -0.852249 -111.57 0.0662218 0.996818 -0.0443739 -10.0558 0.852747 -0.0334469 0.521252 117.466
0.529288 -0.0722739 -0.845358 -112.549 0.0670098 0.996814 -0.043267 -10.1242 0.845792 -0.0337466 0.532445 118.089
0.540697 -0.0727198 -0.838069 -113.512 0.0671518 0.996808 -0.0431694 -10.1926 0.838533 -0.0329363 0.543854 118.712
0.551903 -0.0741936 -0.830601 -114.45 0.0677006 0.996733 -0.0440488 -10.2564 0.831155 -0.0319215 0.555123 119.33
0.562427 -0.0760286 -0.823344 -115.358 0.0701345 0.996562 -0.0441149 -10.3241 0.823867 -0.0329335 0.565825 119.965
0.572578 -0.0757488 -0.816343 -116.258 0.0699135 0.996607 -0.0434386 -10.3875 0.816864 -0.0322014 0.575931 120.619
0.583056 -0.0733431 -0.809114 -117.142 0.0694446 0.996771 -0.0403109 -10.4501 0.809458 -0.0326851 0.586267 121.264
0.593138 -0.0707111 -0.801989 -118.03 0.0698637 0.996899 -0.0362261 -10.5107 0.802063 -0.0345428 0.596239 121.921
0.603217 -0.0689196 -0.794594 -118.891 0.0685883 0.997051 -0.034411 -10.5692 0.794623 -0.0337425 0.606165 122.579
0.613078 -0.0683755 -0.787058 -119.748 0.0669187 0.997162 -0.0345019 -10.6342 0.787183 -0.0315165 0.615914 123.258
0.622685 -0.0677303 -0.779536 -120.579 0.0643733 0.997304 -0.0352304 -10.6885 0.77982 -0.0282439 0.625366 123.926
0.631852 -0.06728 -0.772163 -121.411 0.0641107 0.997348 -0.0344397 -10.745 0.772433 -0.0277431 0.63449 124.62
0.641063 -0.0654446 -0.764693 -122.221 0.0639019 0.99745 -0.0317939 -10.7968 0.764823 -0.0284834 0.64361 125.299
0.649889 -0.0633164 -0.757387 -123.002 0.0636526 0.997557 -0.0287761 -10.8521 0.757359 -0.0295084 0.652332 125.977
0.658093 -0.0629873 -0.750298 -123.78 0.0639268 0.997571 -0.0276751 -10.8977 0.750218 -0.0297513 0.66052 126.666
0.66606 -0.0619559 -0.743321 -124.548 0.0624982 0.997676 -0.0271543 -10.9482 0.743275 -0.0283698 0.668384 127.348
0.673598 -0.0615509 -0.73653 -125.292 0.0620692 0.997717 -0.0266122 -10.9844 0.736487 -0.0277899 0.675881 128.033
0.680893 -0.0589491 -0.730007 -126.017 0.0614293 0.99784 -0.0232806 -11.0276 0.729802 -0.0289922 0.683043 128.71
0.688267 -0.055831 -0.723306 -126.744 0.060243 0.997989 -0.0197087 -11.0754 0.722951 -0.0300093 0.690247 129.405
0.695694 -0.0548095 -0.716244 -127.459 0.0597425 0.998045 -0.0183454 -11.1085 0.71585 -0.0300274 0.697609 130.098
0.703174 -0.0540791 -0.708958 -128.151 0.0595222 0.998081 -0.0170967 -11.1518 0.708522 -0.0301768 0.705043 130.788
0.711407 -0.0510486 -0.700924 -128.828 0.0564854 0.998285 -0.0153754 -11.1818 0.700506 -0.0286538 0.713071 131.465
0.720525 -0.0485438 -0.691727 -129.491 0.0558164 0.99837 -0.0119231 -11.2103 0.691179 -0.0300189 0.72206 132.155
0.73007 -0.0451148 -0.681882 -130.135 0.0541505 0.9985 -0.00808566 -11.2337 0.681224 -0.0310212 0.731417 132.852
0.740509 -0.0428913 -0.670676 -130.757 0.0519037 0.998631 -0.00655667 -11.256 0.670039 -0.0299553 0.741721 133.531
0.750858 -0.0416685 -0.659148 -131.37 0.0496494 0.998745 -0.00657898 -11.2841 0.658595 -0.0277865 0.751984 134.226
0.761094 -0.0426456 -0.647238 -131.957 0.049242 0.998756 -0.00790245 -11.3004 0.64677 -0.0258568 0.762247 134.912
0.771118 -0.0418932 -0.635313 -132.537 0.048797 0.998787 -0.00663316 -11.3202 0.63482 -0.0258864 0.772227 135.625
0.781787 -0.0398666 -0.62227 -133.112 0.0478317 0.998848 -0.00389943 -11.3437 0.621708 -0.0267157 0.782793 136.337
0.79216 -0.0375205 -0.609159 -133.662 0.0472383 0.998884 -9.57332e-05 -11.3602 0.608482 -0.0286997 0.793048 137.059
0.802054 -0.0364859 -0.596136 -134.201 0.0473348 0.998876 0.00255 -11.364 0.595373 -0.0302632 0.802879 137.79
0.811385 -0.0353473 -0.583442 -134.738 0.0478209 0.998838 0.00599018 -11.3666 0.582552 -0.032761 0.812133 138.541
0.819676 -0.0348235 -0.571768 -135.252 0.048417 0.99879 0.00857843 -11.3738 0.570777 -0.0347148 0.820371 139.284
0.827229 -0.0354579 -0.560745 -135.754 0.0500465 0.99869 0.0106794 -11.3822 0.559632 -0.0368977 0.82792 140.03
0.834113 -0.0357898 -0.550431 -136.249 0.0503466 0.998667 0.0113594 -11.3802 0.549291 -0.0371873 0.834803 140.781
0.841122 -0.0351607 -0.539702 -136.735 0.0493649 0.99871 0.0118706 -11.3711 0.538588 -0.036627 0.841773 141.538
0.848039 -0.0340142 -0.528841 -137.221 0.0483015 0.998745 0.0132176 -11.3661 0.527728 -0.0367529 0.848618 142.316
0.854701 -0.033275 -0.518054 -137.7 0.0473711 0.998779 0.0140019 -11.3651 0.516955 -0.0365082 0.855234 143.088
0.860628 -0.0344261 -0.50807 -138.162 0.0485235 0.998716 0.0145231 -11.3671 0.506918 -0.0371523 0.861193 143.874
0.865893 -0.0358926 -0.498939 -138.621 0.0493802 0.998684 0.0138545 -11.3646 0.497786 -0.0366342 0.866526 144.673
0.870405 -0.0364357 -0.490986 -139.068 0.0497479 0.998663 0.0140816 -11.3633 0.489817 -0.0366822 0.871053 145.479
0.873954 -0.0357331 -0.484693 -139.518 0.0493993 0.99866 0.0154478 -11.3611 0.483492 -0.0374441 0.874548 146.299
0.877113 -0.0342212 -0.479064 -139.97 0.0493657 0.998599 0.0190497 -11.3532 0.477741 -0.0403581 0.877573 147.135
0.880522 -0.030152 -0.473045 -140.427 0.0469514 0.998615 0.0237431 -11.3469 0.471674 -0.0431165 0.880718 147.969
0.884003 -0.0274619 -0.466674 -140.884 0.0451883 0.998618 0.0268338 -11.3368 0.465292 -0.0448094 0.884022 148.829
0.887357 -0.0248484 -0.460413 -141.339 0.043243 0.998631 0.0294468 -11.3225 0.45905 -0.0460394 0.887217 149.705
0.890668 -0.0232365 -0.45406 -141.79 0.042533 0.998572 0.0323293 -11.3091 0.452661 -0.0481072 0.890384 150.6
0.894052 -0.0219467 -0.447425 -142.244 0.0422484 0.998478 0.035445 -11.2802 0.445967 -0.0505927 0.893619 151.51
0.897629 -0.0219152 -0.440208 -142.685 0.0430505 0.998347 0.0380831 -11.2596 0.438645 -0.0531357 0.897088 152.418
0.901368 -0.0224278 -0.432473 -143.138 0.0437885 0.99826 0.0394956 -11.2318 0.430834 -0.0545374 0.900782 153.354
0.905249 -0.0234956 -0.424231 -143.586 0.0446785 0.998198 0.0400534 -11.2035 0.422526 -0.0552123 0.904668 154.305
0.909284 -0.02624 -0.415348 -144.029 0.0470525 0.998093 0.0399522 -11.1694 0.413508 -0.0558711 0.908785 155.284
0.913466 -0.0283503 -0.405927 -144.469 0.048309 0.998071 0.0390046 -11.1291 0.404038 -0.0552393 0.913073 156.272
0.918113 -0.0298952 -0.395189 -144.899 0.0485249 0.998128 0.037228 -11.0925 0.393337 -0.053356 0.917845 157.276
0.923649 -0.029056 -0.382136 -145.328 0.0468665 0.998202 0.0373804 -11.0611 0.380363 -0.0524358 0.92335 158.297
0.930055 -0.0259548 -0.366503 -145.736 0.0434411 0.998273 0.0395429 -11.0274 0.364844 -0.0526984 0.929576 159.328
0.937078 -0.0229987 -0.348361 -146.129 0.0406571 0.998227 0.0434637 -10.9897 0.346744 -0.0548922 0.936352 160.392
0.944211 -0.0198525 -0.328743 -146.507 0.0369963 0.998257 0.0459763 -10.9484 0.327257 -0.0555736 0.9433 161.474
0.951255 -0.019079 -0.307814 -146.874 0.0355356 0.998218 0.0479462 -10.9082 0.30635 -0.0565474 0.950238 162.578
0.957784 -0.0178152 -0.286935 -147.216 0.0336717 0.99816 0.0504219 -10.8572 0.285509 -0.0579549 0.956622 163.71
0.963894 -0.0179205 -0.265684 -147.531 0.0333554 0.998 0.0536969 -10.8041 0.264191 -0.06062 0.962563 164.836
0.969628 -0.0163892 -0.244035 -147.834 0.0315267 0.997804 0.0582537 -10.7527 0.242544 -0.0641781 0.968015 166.006
0.974899 -0.0147571 -0.222158 -148.113 0.0295526 0.997549 0.0634232 -10.6943 0.220677 -0.0683966 0.972946 167.179
0.97971 -0.0126841 -0.200017 -148.364 0.0267369 0.997346 0.0677143 -10.631 0.198627 -0.0716882 0.97745 168.369
0.983994 -0.0114006 -0.177839 -148.596 0.0239382 0.997363 0.0685143 -10.5558 0.176589 -0.0716748 0.981672 169.591
0.987683 -0.0127786 -0.155943 -148.794 0.0235016 0.997468 0.0671141 -10.4784 0.15469 -0.0699524 0.985483 170.816
0.990752 -0.013049 -0.13506 -148.962 0.0222748 0.997503 0.0670252 -10.4045 0.133848 -0.0694138 0.988568 172.079
0.993261 -0.0144214 -0.114996 -149.111 0.0225574 0.997308 0.0697656 -10.3312 0.113681 -0.0718894 0.990913 173.347
0.995336 -0.0141813 -0.0954225 -149.233 0.0211361 0.997161 0.0722727 -10.2568 0.0941267 -0.0739524 0.99281 174.624
0.997062 -0.0138196 -0.0753361 -149.34 0.0193895 0.997091 0.0737115 -10.1704 0.0740982 -0.0749557 0.99443 175.916
0.998423 -0.0120972 -0.0548223 -149.428 0.0161776 0.997082 0.0746074 -10.0844 0.0537598 -0.0753767 0.995705 177.219
0.999342 -0.0120881 -0.034188 -149.478 0.0146626 0.996994 0.0760841 -10.0026 0.0331655 -0.0765353 0.996515 178.541
0.999858 -0.00995116 -0.0135649 -149.525 0.0109542 0.997048 0.0759968 -9.90919 0.0127686 -0.0761347 0.997016 179.908
0.999937 -0.0091694 0.00641327 -149.532 0.00866158 0.997133 0.0751684 -9.81358 -0.00708414 -0.0751081 0.99715 181.295
0.999614 -0.00969616 0.0260233 -149.506 0.00776294 0.997273 0.0733871 -9.73593 -0.0266639 -0.0731568 0.996964 182.652
0.998958 -0.00788024 0.0449509 -149.455 0.0046423 0.997416 0.0716874 -9.65289 -0.0453997 -0.0714041 0.996414 184.041
0.997892 -0.00819323 0.0643849 -149.382 0.00363705 0.997501 0.0705657 -9.56759 -0.0648021 -0.0701827 0.995427 185.432
0.996489 -0.00882591 0.0832524 -149.275 0.00312574 0.997656 0.0683519 -9.49224 -0.0836606 -0.0678517 0.994182 186.822
0.994766 -0.0086401 0.101814 -149.131 0.00218403 0.997989 0.0633519 -9.40347 -0.102157 -0.062798 0.992784 188.274
0.992748 -0.00799348 0.119948 -148.973 0.00109776 0.998348 0.0574456 -9.33212 -0.120209 -0.0568973 0.991117 189.702
0.990515 -0.0066927 0.13724 -148.779 -0.000565892 0.998606 0.0527826 -9.25456 -0.137402 -0.0523596 0.98913 191.134
0.987931 -0.00508207 0.154814 -148.563 -0.00262424 0.998769 0.049533 -9.20628 -0.154875 -0.0493414 0.986701 192.566
0.984986 -0.00405356 0.172585 -148.319 -0.00419949 0.998866 0.0474284 -9.15007 -0.172581 -0.0474411 0.983852 194.072
0.981707 -0.00479145 0.190336 -148.056 -0.00445777 0.998831 0.0481362 -9.09432 -0.190344 -0.0481042 0.980538 195.531
0.978195 -0.00622387 0.207594 -147.758 -0.00389711 0.998825 0.0483091 -9.04595 -0.207651 -0.0480648 0.977021 196.988
0.974417 -0.00700109 0.224637 -147.434 -0.00285389 0.999049 0.043516 -8.99016 -0.224728 -0.0430439 0.97347 198.447
0.970516 -0.00625524 0.240955 -147.085 -0.00343688 0.999202 0.0397826 -8.9388 -0.241012 -0.0394377 0.969721 199.904
0.966223 -0.00435001 0.25767 -146.707 -0.00628057 0.999163 0.0404191 -8.89812 -0.257631 -0.0406721 0.965387 201.37
0.961313 -0.00223944 0.275449 -146.311 -0.00924593 0.999141 0.0403913 -8.85449 -0.275303 -0.0413754 0.960467 202.837
0.956122 0.0005021 0.292967 -145.858 -0.012197 0.9992 0.0380933 -8.82352 -0.292714 -0.0399952 0.955363 204.322
0.950579 0.000463963 0.310483 -145.384 -0.0116367 0.99935 0.0341339 -8.76741 -0.310265 -0.0360599 0.949966 205.824
0.944734 0.00077861 0.327838 -144.893 -0.0120773 0.999401 0.0324296 -8.73624 -0.327617 -0.0345967 0.944177 207.293
0.938476 0.000499736 0.345345 -144.352 -0.0108285 0.99955 0.0279801 -8.7173 -0.345176 -0.0299982 0.938059 208.762
0.931356 0.00304292 0.364096 -143.774 -0.0121168 0.99967 0.0226399 -8.69648 -0.363907 -0.0254975 0.931086 210.248
0.9227 0.00601353 0.385472 -143.171 -0.014829 0.999692 0.0199004 -8.67612 -0.385234 -0.0240782 0.922505 211.721
0.912387 0.00904518 0.409228 -142.538 -0.0184155 0.999651 0.0189627 -8.65517 -0.408914 -0.0248375 0.912235 213.189
0.900726 0.0130688 0.434192 -141.836 -0.0227119 0.999597 0.0170286 -8.64894 -0.433794 -0.0251994 0.900659 214.683
0.887995 0.0166183 0.459553 -141.119 -0.025817 0.999572 0.0137397 -8.63532 -0.459128 -0.0240651 0.888044 216.135
0.87452 0.0207368 0.484547 -140.357 -0.029782 0.999496 0.0109765 -8.62743 -0.484075 -0.02403 0.874697 217.585
0.860758 0.0215821 0.508556 -139.557 -0.0304422 0.999495 0.00910858 -8.62977 -0.508103 -0.0233219 0.860981 218.995
0.846505 0.0228696 0.53189 -138.694 -0.0312831 0.999487 0.00681232 -8.63158 -0.531461 -0.0224058 0.846786 220.416
0.831285 0.0242551 0.555317 -137.768 -0.0301208 0.999545 0.00143134 -8.61695 -0.55503 -0.0179165 0.831637 221.906
0.816176 0.0265088 0.577194 -136.824 -0.0299179 0.999546 -0.00360097 -8.64013 -0.577028 -0.0143294 0.816599 223.273
0.80123 0.028138 0.597695 -135.839 -0.0301383 0.999524 -0.0066536 -8.6687 -0.597597 -0.0126824 0.801696 224.63
0.786055 0.0291056 0.617471 -134.851 -0.0295361 0.999518 -0.00951393 -8.70286 -0.617451 -0.0107592 0.786536 225.932
0.771424 0.0289968 0.635661 -133.806 -0.028528 0.999533 -0.0109745 -8.74094 -0.635682 -0.00966815 0.77189 227.222
0.75722 0.0289127 0.652519 -132.717 -0.0273476 0.999547 -0.0125535 -8.78132 -0.652587 -0.00833907 0.757668 228.511
0.742931 0.0290319 0.668738 -131.607 -0.0252697 0.999563 -0.0153208 -8.81723 -0.668891 -0.00551647 0.74334 229.777
0.729007 0.0293913 0.683875 -130.482 -0.0225964 0.999567 -0.0188713 -8.85995 -0.684133 -0.00169579 0.729355 231.007
0.715112 0.0309538 0.698324 -129.318 -0.0206275 0.999518 -0.0231811 -8.91535 -0.698705 0.00217242 0.715406 232.213
0.70076 0.0324726 0.712658 -128.139 -0.0203308 0.999467 -0.0255499 -8.97331 -0.713107 0.00341545 0.701046 233.397
0.686146 0.0331599 0.726707 -126.926 -0.0202598 0.999444 -0.026476 -9.03308 -0.727181 0.00344346 0.686437 234.572
0.670081 0.0342643 0.741497 -125.677 -0.0206608 0.999408 -0.0275115 -9.06695 -0.742 0.00311503 0.670392 235.772
0.653589 0.0356355 0.75601 -124.439 -0.0244271 0.999364 -0.0259884 -9.14052 -0.756455 -0.00148136 0.654044 236.878
0.636795 0.0364847 0.77017 -123.17 -0.0277547 0.999317 -0.0243917 -9.21076 -0.770534 -0.00584337 0.637373 237.965
0.619801 0.0385535 0.783811 -121.877 -0.0315119 0.99921 -0.0242303 -9.27163 -0.784126 -0.00968144 0.620526 239.022
0.602598 0.0409396 0.796994 -120.603 -0.0328429 0.999109 -0.0264895 -9.34873 -0.797369 -0.0102131 0.603406 240.023
0.585711 0.044406 0.809303 -119.313 -0.0362944 0.998933 -0.0285439 -9.43198 -0.809707 -0.0126547 0.586698 240.978
0.567434 0.0439641 0.822245 -118.004 -0.0367809 0.99893 -0.0280287 -9.50713 -0.822597 -0.0143385 0.568444 241.902
0.548078 0.043046 0.835319 -116.676 -0.0386345 0.998912 -0.026127 -9.58074 -0.835534 -0.0179525 0.549145 242.781
0.527688 0.0410134 0.848448 -115.347 -0.0391405 0.998947 -0.0239452 -9.64723 -0.848536 -0.0205731 0.528737 243.643
0.507082 0.0399365 0.860972 -114.007 -0.0412045 0.998907 -0.0220667 -9.71439 -0.860912 -0.0242862 0.508174 244.46
0.486535 0.0387454 0.872802 -112.652 -0.0408334 0.998933 -0.0215825 -9.77716 -0.872706 -0.0251388 0.487598 245.243
0.46596 0.0377772 0.883999 -111.299 -0.0403474 0.998956 -0.0214225 -9.83825 -0.883885 -0.025685 0.466998 245.981
0.445836 0.0368012 0.894358 -109.968 -0.0386716 0.999013 -0.0218299 -9.89725 -0.894279 -0.0248537 0.446819 246.668
0.425404 0.0374176 0.90423 -108.607 -0.0378639 0.999006 -0.0235261 -9.9568 -0.904211 -0.0242296 0.426397 247.334
0.405166 0.0366007 0.91351 -107.219 -0.0348555 0.99909 -0.0245702 -10.0203 -0.913579 -0.0218859 0.406073 247.969
0.384908 0.0346167 0.922306 -105.833 -0.0341478 0.999146 -0.0232497 -10.0914 -0.922323 -0.0225457 0.385761 248.563
0.365228 0.033819 0.930303 -104.46 -0.0333049 0.999175 -0.0232475 -10.1644 -0.930322 -0.0224931 0.366053 249.108
0.345774 0.0387521 0.937517 -103.112 -0.0347862 0.998989 -0.0284632 -10.2274 -0.937673 -0.0227708 0.346773 249.624
0.327245 0.0473186 0.943754 -101.764 -0.0362248 0.998639 -0.0375096 -10.3101 -0.944245 -0.0219125 0.328514 250.104
0.308894 0.0551182 0.949498 -100.374 -0.0392033 0.998209 -0.0451921 -10.3891 -0.950288 -0.0232639 0.310501 250.556
0.290109 0.0590507 0.95517 -99.0256 -0.041271 0.997938 -0.0491597 -10.477 -0.956103 -0.0251591 0.291948 250.978
0.270895 0.0601328 0.960729 -97.6769 -0.0446508 0.997758 -0.0498604 -10.5763 -0.961573 -0.0293904 0.272973 251.38
0.251457 0.0603087 0.965988 -96.3435 -0.0495115 0.997552 -0.049391 -10.6764 -0.966601 -0.0354078 0.253827 251.752
0.232798 0.0605445 0.970639 -95.0139 -0.05132 0.997434 -0.0499073 -10.7707 -0.97117 -0.0381948 0.235308 252.092
0.214121 0.0593431 0.975003 -93.6859 -0.0522873 0.997418 -0.0492246 -10.8581 -0.975407 -0.0404403 0.216671 252.402
0.195972 0.0593833 0.97881 -92.3554 -0.0525427 0.997367 -0.0499893 -10.9455 -0.979201 -0.0416328 0.198576 252.684
0.178203 0.0598401 0.982172 -91.0379 -0.0523612 0.997312 -0.0512621 -11.0384 -0.9826 -0.0422926 0.180857 252.928
0.159578 0.0635318 0.985139 -89.7132 -0.0566209 0.996873 -0.0551168 -11.1238 -0.98556 -0.046984 0.162677 253.171
0.141197 0.0651362 0.987836 -88.4003 -0.0578265 0.996672 -0.0574533 -11.222 -0.988291 -0.0490109 0.144494 253.381
0.124533 0.0620966 0.99027 -87.0796 -0.0587382 0.996751 -0.0551163 -11.3247 -0.990475 -0.0513029 0.127776 253.557
0.10933 0.0574364 0.992345 -85.7649 -0.056382 0.99708 -0.0514987 -11.4219 -0.992405 -0.0503201 0.112249 253.706
0.09536 0.0533379 0.994013 -84.46 -0.0564502 0.997246 -0.0480959 -11.5141 -0.993841 -0.0515258 0.0981084 253.837
0.0830623 0.0499858 0.99529 -83.2081 -0.0543646 0.997481 -0.0455588 -11.5978 -0.99506 -0.0503243 0.0855706 253.95
0.0727827 0.0501598 0.996086 -81.9666 -0.0540941 0.997463 -0.0462765 -11.6808 -0.99588 -0.0505142 0.0753114 254.05
0.0642568 0.0524635 0.996553 -80.7295 -0.0546402 0.997304 -0.0489798 -11.7636 -0.996436 -0.0513045 0.0669502 254.143
0.0580488 0.054044 0.99685 -79.5058 -0.0556329 0.997157 -0.050821 -11.8507 -0.996762 -0.0525076 0.0608904 254.216
0.0525985 0.0579443 0.996933 -78.3147 -0.0560037 0.996915 -0.0549885 -11.9414 -0.997044 -0.0529396 0.0556813 254.28
0.0474714 0.0666414 0.996647 -77.129 -0.055431 0.99641 -0.0639853 -12.0286 -0.997333 -0.0522077 0.050995 254.343
0.0426931 0.0695089 0.996667 -75.9731 -0.0574768 0.996096 -0.0670069 -12.1115 -0.997434 -0.0544245 0.0465215 254.409
0.0385563 0.0611622 0.997383 -74.7948 -0.0572573 0.99662 -0.058902 -12.2033 -0.997615 -0.0548364 0.0419279 254.472
0.0365799 0.051068 0.998025 -73.6334 -0.0561746 0.997219 -0.0489679 -12.2912 -0.997751 -0.0542724 0.039347 254.519
0.0353813 0.0476065 0.998239 -72.4759 -0.0554916 0.997417 -0.0456004 -12.3544 -0.997832 -0.0537805 0.0379317 254.566
0.0353087 0.0495092 0.998149 -71.3373 -0.0569518 0.997249 -0.0474499 -12.4217 -0.997752 -0.055171 0.0380312 254.618
0.0356876 0.0525814 0.997979 -70.201 -0.0556393 0.997171 -0.0505491 -12.4863 -0.997813 -0.0537229 0.0385122 254.67
0.0377858 0.0553409 0.997752 -69.0949 -0.0576481 0.996923 -0.0531118 -12.5555 -0.997622 -0.0555117 0.0408599 254.723
0.0397402 0.055911 0.997645 -67.986 -0.0591219 0.996816 -0.0535095 -12.6356 -0.997459 -0.0568562 0.0429192 254.783
0.0430266 0.0570084 0.997446 -66.8916 -0.0593444 0.996754 -0.0544089 -12.7193 -0.99731 -0.0568518 0.0462701 254.841
0.0470733 0.0576412 0.997227 -65.8047 -0.0607331 0.996652 -0.0547411 -12.7968 -0.997043 -0.0579878 0.0504164 254.903
0.0522043 0.05879 0.996904 -64.7225 -0.0618189 0.996541 -0.0555313 -12.871 -0.996721 -0.0587286 0.0556581 254.97
0.0582962 0.0579402 0.996617 -63.6363 -0.062894 0.996544 -0.0542571 -12.9461 -0.996316 -0.0595182 0.0617388 255.052
0.0650864 0.0564033 0.996284 -62.5574 -0.0611244 0.996752 -0.0524366 -13.0239 -0.996006 -0.0574844 0.0683226 255.132
0.072041 0.0554999 0.995856 -61.5008 -0.0592639 0.996925 -0.0512722 -13.0959 -0.995639 -0.0553246 0.0751086 255.217
0.0792719 0.0560033 0.995279 -60.4428 -0.0574011 0.99702 -0.0515294 -13.1695 -0.995199 -0.0530452 0.0822504 255.311
0.0865334 0.0553838 0.994708 -59.4007 -0.056394 0.997125 -0.0506125 -13.243 -0.994652 -0.0517159 0.0894079 255.408
0.0934314 0.0544059 0.994138 -58.3378 -0.0566595 0.997178 -0.0492473 -13.3075 -0.994012 -0.0517262 0.0962503 255.513
0.100217 0.0521277 0.993599 -57.2936 -0.0568573 0.997295 -0.0465868 -13.3767 -0.99334 -0.0518246 0.10291 255.632
0.107139 0.0505253 0.992959 -56.237 -0.0563119 0.997413 -0.044676 -13.4395 -0.992648 -0.0511289 0.109707 255.755
0.113812 0.0508185 0.992202 -55.1984 -0.0562648 0.997418 -0.0446317 -13.5069 -0.991908 -0.0507463 0.116378 255.89
0.120979 0.0527833 0.991251 -54.1625 -0.0548655 0.997414 -0.0464153 -13.5725 -0.991138 -0.0487702 0.123562 256.022
0.127404 0.0540527 0.990377 -53.1303 -0.0544114 0.997391 -0.0474359 -13.6359 -0.990357 -0.0478443 0.130013 256.167
0.133969 0.0554746 0.989432 -52.1149 -0.0552516 0.997297 -0.0484346 -13.7051 -0.989444 -0.048179 0.136672 256.318
0.140347 0.0561527 0.988509 -51.1073 -0.0573091 0.997177 -0.0485085 -13.7678 -0.988442 -0.0498426 0.143169 256.478
0.147431 0.0558018 0.987497 -50.0906 -0.0573049 0.997212 -0.0477953 -13.8307 -0.987411 -0.0495419 0.150218 256.638
0.153581 0.053771 0.986672 -49.07 -0.0582734 0.997273 -0.0452782 -13.8899 -0.986416 -0.0505428 0.156296 256.813
0.160103 0.0520773 0.985726 -48.0575 -0.0575043 0.997403 -0.0433543 -13.9489 -0.985424 -0.0497423 0.162682 256.99
0.16682 0.051093 0.984663 -47.0447 -0.0566036 0.997506 -0.0421697 -14.0068 -0.984361 -0.0487007 0.169296 257.165
0.174269 0.0522376 0.983311 -46.0397 -0.0553979 0.99753 -0.0431749 -14.0632 -0.983138 -0.0469493 0.176733 257.345
0.181376 0.0522596 0.982024 -45.0377 -0.0523079 0.997686 -0.0434321 -14.1193 -0.982022 -0.0434901 0.18369 257.533
0.189958 0.0534605 0.980336 -44.0421 -0.049811 0.997755 -0.0447586 -14.1801 -0.980528 -0.0403292 0.192194 257.735
0.199273 0.0553737 0.978378 -43.0655 -0.0487892 0.997725 -0.0465314 -14.2414 -0.978729 -0.0384618 0.201522 257.948
0.208893 0.0559052 0.976339 -42.0831 -0.0477861 0.997756 -0.0469074 -14.3068 -0.97677 -0.0368568 0.211096 258.166
0.216273 0.055421 0.974759 -41.0967 -0.0496417 0.99772 -0.0457123 -14.3595 -0.97507 -0.0385023 0.218531 258.398
