0.999876 0.00119725 0.0157047 0.0119642 -0.00118055 0.999999 -0.00107254 0.0011913 -0.0157059 0.00105387 0.999876 0.134837
0.999302 0.00399334 0.0371357 0.0319134 -0.00396492 0.999992 -0.000838784 0.0019048 -0.0371388 0.000690959 0.99931 0.291925
0.997932 0.00512047 0.0640787 0.0636558 -0.00516524 0.999987 0.00053307 0.0010006 -0.0640751 -0.000862949 0.997945 0.466952
0.995205 0.00422967 0.0977178 0.11523 -0.00457894 0.999984 0.00335029 -0.00480633 -0.097702 -0.00378167 0.995209 0.652188
0.990729 0.000572477 0.135853 0.178347 -0.00135292 0.999983 0.00565248 -0.0047543 -0.135847 -0.00578387 0.990713 0.846542
0.984489 -0.00286505 0.175425 0.257404 0.00183226 0.99998 0.00604907 -0.0017847 -0.175438 -0.00563382 0.984474 1.05549
0.9757 -0.00308425 0.219087 0.347577 0.00145756 0.99997 0.00758609 0.00120109 -0.219104 -0.00708242 0.975676 1.27398
0.963603 -0.00303302 0.267319 0.448685 0.000228943 0.999945 0.0105202 0.0085847 -0.267336 -0.0100761 0.963551 1.50547
0.949102 -0.00675335 0.314896 0.573735 0.00116912 0.999839 0.0179191 0.00956204 -0.314966 -0.0166389 0.948957 1.74466
0.932117 -0.0164056 0.361787 0.72543 0.00735848 0.999625 0.0263706 0.00277258 -0.362084 -0.0219182 0.931888 1.97569
0.910739 -0.0216896 0.412413 0.88804 0.00983377 0.999476 0.0308482 0.00790095 -0.412866 -0.0240391 0.910474 2.21297
0.885369 -0.0226313 0.464338 1.06419 0.00729212 0.999368 0.0348038 0.0171816 -0.464832 -0.0274282 0.884974 2.45506
0.857115 -0.024836 0.514526 1.261 0.00529807 0.999209 0.0394057 0.0244182 -0.515098 -0.0310493 0.856569 2.68138
0.82478 -0.0296624 0.564676 1.48902 0.00592089 0.999021 0.0438303 0.0325006 -0.565423 -0.0328069 0.824148 2.92387
0.788746 -0.0356699 0.613683 1.73592 0.00813719 0.998833 0.047598 0.0348558 -0.614665 -0.0325491 0.788116 3.15103
0.750598 -0.0396244 0.65957 2.00823 0.00871428 0.998707 0.0500814 0.0487204 -0.660701 -0.0318434 0.749973 3.38582
0.710518 -0.0428628 0.702372 2.29589 0.00972598 0.998646 0.0511043 0.0599421 -0.703612 -0.0294793 0.709973 3.60903
0.668629 -0.0450187 0.742232 2.59872 0.00921497 0.998591 0.0522665 0.0726162 -0.743539 -0.0281073 0.668102 3.81982
0.625803 -0.0460287 0.778622 2.93488 0.00452974 0.998455 0.0553835 0.0774894 -0.779968 -0.0311322 0.625044 4.04877
0.583994 -0.0470324 0.810394 3.30828 0.00146276 0.998379 0.0568883 0.0924654 -0.811756 -0.0320371 0.583117 4.27411
0.543812 -0.0484167 0.837809 3.71167 -0.000415545 0.998319 0.0579622 0.111616 -0.839207 -0.0318687 0.542878 4.49359
0.505147 -0.0507994 0.861537 4.13861 -0.00196886 0.998196 0.0600117 0.130102 -0.863031 -0.032011 0.504136 4.70848
0.467716 -0.0510231 0.882405 4.59174 -0.00499329 0.998164 0.0603633 0.146458 -0.883865 -0.032639 0.466603 4.92178
0.43157 -0.050929 0.90064 5.08352 -0.00560286 0.998234 0.0591325 0.167529 -0.902062 -0.030566 0.430523 5.12416
0.398147 -0.0496543 0.915977 5.60614 -0.00411891 0.998427 0.0559143 0.196375 -0.917312 -0.0260349 0.397317 5.31961
0.368514 -0.0481426 0.928375 6.15822 -0.00182672 0.998619 0.0525104 0.223086 -0.92962 -0.0210467 0.367917 5.51218
0.343454 -0.0467125 0.938007 6.74109 -7.32291e-06 0.998762 0.0497408 0.252435 -0.939169 -0.0170905 0.343029 5.6992
0.323232 -0.0460554 0.945198 7.34777 0.0008146 0.998828 0.0483899 0.282509 -0.946319 -0.0148712 0.322891 5.89474
0.308773 -0.0471346 0.949967 7.99099 0.00235352 0.998806 0.0487928 0.305968 -0.951133 -0.0128301 0.308515 6.09066
0.297331 -0.0489497 0.953519 8.65502 0.00352432 0.998734 0.0501719 0.335635 -0.954768 -0.0115572 0.297128 6.28525
0.286021 -0.0509688 0.956867 9.343 0.00209438 0.998615 0.0525665 0.363943 -0.958221 -0.0130311 0.285731 6.49819
0.275487 -0.0525042 0.95987 10.0653 0.000390228 0.998513 0.054506 0.394937 -0.961305 -0.0146411 0.275098 6.70539
0.265754 -0.0543729 0.962506 10.8062 -0.000865906 0.998394 0.0566393 0.428016 -0.964041 -0.0158855 0.26528 6.90282
0.255323 -0.0569553 0.965177 11.5785 -0.00179364 0.998234 0.0593805 0.45787 -0.966854 -0.0168924 0.25477 7.11282
0.244749 -0.0591217 0.967782 12.3611 -0.00168891 0.998112 0.0614016 0.490618 -0.969585 -0.0166625 0.244187 7.31444
0.234952 -0.0602263 0.970139 13.1855 -0.00155059 0.998054 0.0623348 0.540393 -0.972006 -0.01615 0.234401 7.50128
0.224085 -0.0632994 0.972512 14.0092 -0.00306584 0.997838 0.0656543 0.579715 -0.974565 -0.0176937 0.223406 7.70135
0.212994 -0.0671508 0.974743 14.8371 -0.00434857 0.99756 0.0696729 0.623466 -0.977044 -0.0190786 0.212182 7.87769
0.200904 -0.0708178 0.977048 15.6745 -0.00513866 0.997294 0.0733419 0.672728 -0.979598 -0.0197554 0.199996 8.04612
0.187872 -0.0734478 0.979443 16.527 -0.00564105 0.997103 0.0758541 0.715408 -0.982177 -0.019776 0.186913 8.20883
0.174362 -0.0742095 0.981881 17.3768 -0.00640589 0.99705 0.0764934 0.76284 -0.984661 -0.0196274 0.173372 8.35452
0.159979 -0.073084 0.984411 18.2435 -0.00759637 0.997135 0.0752631 0.817464 -0.987091 -0.0195185 0.158966 8.49687
0.143228 -0.0720414 0.987064 19.1172 -0.0079978 0.99723 0.0739439 0.868685 -0.989657 -0.0184852 0.142255 8.62416
0.123015 -0.0703989 0.989905 19.994 -0.0110382 0.997322 0.0722981 0.91564 -0.992343 -0.0198206 0.121909 8.7327
0.0974974 -0.0691059 0.992834 20.8693 -0.0159195 0.99735 0.0709836 0.961246 -0.995108 -0.0227261 0.0961389 8.82045
0.0667813 -0.068403 0.99542 21.7698 -0.0199529 0.997356 0.0698747 1.01293 -0.997568 -0.0245278 0.0652399 8.88503
0.0335906 -0.0683774 0.997094 22.6604 -0.0234235 0.997329 0.0691827 1.05891 -0.999161 -0.0256794 0.0318992 8.91061
-0.000666388 -0.0680842 0.997679 23.564 -0.0242476 0.997387 0.0680481 1.09793 -0.999706 -0.024146 -0.00231553 8.90065
-0.0347238 -0.0667992 0.997162 24.462 -0.0258969 0.997489 0.0659193 1.14235 -0.999061 -0.0235344 -0.0363665 8.86612
-0.0673655 -0.0650205 0.995607 25.3702 -0.0280139 0.997604 0.0632555 1.18175 -0.997335 -0.0236296 -0.0690256 8.7955
-0.0998503 -0.0618602 0.993078 26.2691 -0.0305076 0.997787 0.0590861 1.21993 -0.994535 -0.0243967 -0.101516 8.70385
-0.131965 -0.0574377 0.989589 27.1603 -0.0275335 0.998147 0.0542627 1.25089 -0.990872 -0.0200861 -0.133302 8.57054
-0.163592 -0.0514985 0.985183 28.0449 -0.0228854 0.998566 0.0483979 1.28184 -0.986263 -0.0146288 -0.164535 8.4073
-0.193771 -0.0453017 0.98 28.9235 -0.0165993 0.998942 0.0428952 1.30378 -0.980906 -0.00795553 -0.194318 8.21032
-0.222725 -0.0398937 0.974065 29.7982 -0.0106063 0.999202 0.0384981 1.32146 -0.974824 -0.00175675 -0.222971 7.99219
-0.250494 -0.033783 0.967528 30.673 -0.00196858 0.999407 0.0343865 1.33792 -0.968116 0.00670896 -0.250412 7.74265
-0.276564 -0.0235258 0.960707 31.5317 0.0043176 0.99966 0.0257227 1.34186 -0.960986 0.0112619 -0.276369 7.47386
-0.301928 -0.00812929 0.953296 32.3732 0.00860408 0.9999 0.0112518 1.33692 -0.953292 0.0115995 -0.301828 7.18933
-0.326656 0.0088687 0.945102 33.197 0.00921393 0.999938 -0.00619866 1.32589 -0.945098 0.00668327 -0.326718 6.89825
-0.351644 0.023812 0.935831 34.0197 0.00955642 0.999716 -0.0218466 1.30465 -0.936085 0.00126096 -0.351772 6.57817
-0.376166 0.0341647 0.925922 34.8282 0.0126854 0.999416 -0.0317229 1.27206 -0.926466 -0.000187324 -0.376379 6.2411
-0.399505 0.0383684 0.915928 35.6344 0.0156136 0.999264 -0.0350491 1.23304 -0.916598 0.000298663 -0.39981 5.87756
-0.422483 0.0380932 0.90557 36.4344 0.0194567 0.999267 -0.0329573 1.18671 -0.906162 0.00369551 -0.422914 5.49957
-0.442622 0.0338131 0.89607 37.2143 0.0228604 0.99939 -0.0264198 1.14485 -0.896417 0.00879058 -0.443125 5.10116
-0.460265 0.0325978 0.887183 37.987 0.0309102 0.999308 -0.0206816 1.10351 -0.887243 0.017904 -0.460954 4.67899
-0.473855 0.0326829 0.879996 38.7369 0.0327985 0.999273 -0.0194517 1.06573 -0.879992 0.0196453 -0.474582 4.26335
-0.484708 0.0370028 0.873893 39.4849 0.0369334 0.99908 -0.0218183 1.03158 -0.873896 0.0217003 -0.485629 3.83458
-0.494562 0.0396846 0.868236 40.2263 0.0381656 0.998985 -0.023921 0.991354 -0.868304 0.0213064 -0.495574 3.40691
-0.505067 0.0393456 0.862183 40.961 0.0325632 0.999118 -0.0265191 0.953312 -0.862466 0.0146815 -0.505902 2.98125
-0.516026 0.0378272 0.855737 41.6922 0.0321612 0.999176 -0.024774 0.912244 -0.855969 0.0147375 -0.516817 2.5412
-0.524735 0.0393092 0.850358 42.421 0.0344063 0.999096 -0.0249536 0.880045 -0.85057 0.0161637 -0.525613 2.08443
-0.531994 0.0420747 0.845702 43.1528 0.0368547 0.998969 -0.0265162 0.844845 -0.845946 0.0170616 -0.532996 1.6158
-0.53548 0.044975 0.843349 43.8897 0.0376266 0.99886 -0.0293774 0.813946 -0.843709 0.0160013 -0.536562 1.1476
-0.535225 0.0472303 0.843388 44.6502 0.0374143 0.998781 -0.0321888 0.785113 -0.84388 0.0143265 -0.53634 0.662693
-0.531956 0.0475644 0.845435 45.4238 0.0396272 0.998726 -0.0312547 0.751927 -0.845844 0.0168761 -0.533163 0.177591
-0.525996 0.0462887 0.849227 46.2158 0.0378119 0.998803 -0.0310217 0.711497 -0.849646 0.0157936 -0.527116 -0.30572
-0.518644 0.0453806 0.853785 47.0268 0.0368635 0.998849 -0.0306978 0.672929 -0.854195 0.0155522 -0.51972 -0.795298
-0.511449 0.0446676 0.858152 47.8525 0.0355076 0.998894 -0.0308312 0.630219 -0.85858 0.0147023 -0.512469 -1.27972
-0.505095 0.0433251 0.861976 48.699 0.0331218 0.998977 -0.0308026 0.589846 -0.862428 0.0129919 -0.506013 -1.76582
-0.500786 0.0409387 0.864602 49.5645 0.029056 0.999113 -0.0304782 0.549868 -0.865083 0.00985883 -0.501532 -2.25218
-0.499464 0.03808 0.865497 50.4452 0.0248336 0.999252 -0.0296338 0.509576 -0.865979 0.00669241 -0.500036 -2.74645
-0.499995 0.0356167 0.865295 51.3471 0.022259 0.999352 -0.0282727 0.46268 -0.865742 0.00512439 -0.500464 -3.25112
-0.500838 0.0345787 0.86485 52.253 0.0214434 0.999391 -0.02754 0.422599 -0.865275 0.00475229 -0.501274 -3.76738
-0.501257 0.0338828 0.864635 53.1747 0.0217444 0.999411 -0.0265584 0.38088 -0.865025 0.00548841 -0.501698 -4.2995
-0.50138 0.0335258 0.864577 54.1101 0.0218007 0.999421 -0.0261121 0.33826 -0.864952 0.00575626 -0.501821 -4.83602
-0.501358 0.0325819 0.864626 55.0502 0.0220879 0.999447 -0.0248546 0.295206 -0.864958 0.00663677 -0.501801 -5.37443
-0.501576 0.032198 0.864514 55.9971 0.0220161 0.999459 -0.0244506 0.25196 -0.864833 0.00676937 -0.502014 -5.9156
-0.501758 0.0305859 0.864467 56.9549 0.0201347 0.999517 -0.0236774 0.209522 -0.864774 0.00552541 -0.502131 -6.46518
-0.50189 0.0299596 0.864412 57.9005 0.0196736 0.999537 -0.0232201 0.168683 -0.864707 0.00535213 -0.502247 -7.00428
-0.501257 0.0291813 0.864806 58.84 0.0190426 0.999561 -0.0226909 0.123129 -0.865089 0.00509422 -0.501592 -7.53825
-0.499975 0.0277699 0.865595 59.784 0.0188225 0.999598 -0.021197 0.07909 -0.865835 0.00569467 -0.500297 -8.07397
-0.497887 0.0255456 0.866866 60.7292 0.0188456 0.999649 -0.0186345 0.0390271 -0.867037 0.00705874 -0.498193 -8.61411
-0.49542 0.0237778 0.868328 61.6698 0.0188709 0.999684 -0.0166081 -0.00543287 -0.868448 0.00815816 -0.495712 -9.14547
-0.492769 0.0234363 0.869844 62.6189 0.0196311 0.999682 -0.0158135 -0.0499063 -0.869939 0.00928357 -0.493073 -9.68398
-0.490701 0.0240446 0.870996 63.5697 0.0198425 0.999668 -0.0164179 -0.0823522 -0.871102 0.0092265 -0.491015 -10.2157
-0.489916 0.0244364 0.871427 64.5164 0.0197284 0.999662 -0.0169411 -0.123477 -0.871546 0.0088921 -0.490233 -10.7389
-0.490681 0.0261025 0.870948 65.4552 0.0197002 0.999628 -0.0188602 -0.163419 -0.871117 0.00790354 -0.491012 -11.2619
-0.493518 0.0279057 0.869288 66.3949 0.0184683 0.999596 -0.0216038 -0.205549 -0.86954 0.00539243 -0.493834 -11.792
-0.498193 0.0280208 0.866613 67.3232 0.0165215 0.999603 -0.0228231 -0.249194 -0.866909 0.00294748 -0.498458 -12.3132
-0.50393 0.0266603 0.863333 68.2449 0.0175169 0.999633 -0.0206446 -0.288915 -0.863567 0.00471951 -0.504212 -12.8418
-0.509347 0.0244871 0.860213 69.1669 0.019076 0.999671 -0.0171618 -0.336596 -0.86035 0.00766809 -0.509646 -13.3891
-0.514551 0.0217079 0.857185 70.0823 0.015678 0.999751 -0.0159071 -0.378381 -0.857316 0.00525393 -0.514763 -13.9295
-0.519426 0.0251282 0.854146 70.986 0.0177522 0.999669 -0.0186138 -0.414732 -0.854331 0.0054945 -0.5197 -14.4835
-0.524542 0.0267476 0.850965 71.8768 0.0178418 0.999632 -0.0204227 -0.447864 -0.851198 0.00447021 -0.524826 -15.0306
-0.528916 0.0277549 0.84822 72.7513 0.0167157 0.999612 -0.0222854 -0.493439 -0.848509 0.00239145 -0.529175 -15.5747
-0.53245 0.0278779 0.846002 73.6302 0.0153813 0.999611 -0.0232591 -0.53227 -0.846322 0.000628317 -0.532671 -16.1277
-0.535785 0.0272382 0.843915 74.511 0.0164231 0.999627 -0.0218372 -0.575576 -0.844195 0.00215967 -0.536032 -16.6813
-0.538196 0.0201135 0.84258 75.3891 0.0170037 0.999771 -0.0130048 -0.611643 -0.842648 0.00732785 -0.538415 -17.2381
-0.540353 0.0111992 0.841364 76.2663 0.0161294 0.999866 -0.00295015 -0.642708 -0.841284 0.0119765 -0.540461 -17.8005
-0.541761 0.00984113 0.840475 77.1278 0.0176178 0.999845 -0.000350977 -0.670498 -0.840348 0.0146172 -0.54185 -18.3535
-0.542827 0.0143109 0.839723 77.9824 0.0177539 0.999827 -0.00556271 -0.691208 -0.839657 0.0118888 -0.542987 -18.9028
-0.544071 0.0208491 0.83878 78.8351 0.0199871 0.99973 -0.0118852 -0.716374 -0.838801 0.0102984 -0.544341 -19.4538
-0.544283 0.0246615 0.838539 79.6787 0.0260157 0.999583 -0.0125114 -0.746282 -0.838498 0.0150055 -0.544698 -20.0132
-0.54393 0.0261586 0.838723 80.5279 0.0300131 0.999481 -0.0117083 -0.780674 -0.838594 0.0188041 -0.544432 -20.5769
-0.543716 0.0224392 0.838969 81.3854 0.0280879 0.999569 -0.00853151 -0.803049 -0.838799 0.0189261 -0.544112 -21.126
-0.542992 0.0180216 0.839544 82.2377 0.0274757 0.999616 -0.00368719 -0.824142 -0.839288 0.021065 -0.543279 -21.6759
-0.541979 0.0114117 0.840315 83.0844 0.0242338 0.999704 0.00205381 -0.843901 -0.840043 0.0214772 -0.542095 -22.2174
-0.541251 0.0063105 0.840837 83.9374 0.0165818 0.999857 0.0031698 -0.860438 -0.840698 0.0156582 -0.541278 -22.7478
-0.539598 0.000955289 0.841922 84.7777 0.00914341 0.999947 0.00472553 -0.874682 -0.841873 0.0102479 -0.539578 -23.2641
-0.53759 0.00169384 0.843204 85.6257 0.0123886 0.999906 0.00588984 -0.888833 -0.843115 0.0136125 -0.537561 -23.8051
-0.534234 0.00481486 0.845323 86.47 0.016602 0.999851 0.00479722 -0.90708 -0.845173 0.0165968 -0.534235 -24.3459
-0.528775 0.00844638 0.84872 87.313 0.0191549 0.999815 0.00198392 -0.912326 -0.848546 0.0173062 -0.528839 -24.871
-0.520955 0.0105655 0.853519 88.1646 0.0246581 0.999692 0.0026754 -0.931026 -0.853228 0.02244 -0.521055 -25.3953
-0.51273 0.0140369 0.858435 89.0206 0.0322451 0.999476 0.00291638 -0.94644 -0.857944 0.0291757 -0.512914 -25.9146
-0.502697 0.0131481 0.864363 89.8804 0.0297786 0.999554 0.00211416 -0.956441 -0.863949 0.0268023 -0.502865 -26.412
-0.491702 0.0107426 0.870697 90.7398 0.0275012 0.999617 0.00319729 -0.966824 -0.870329 0.0255173 -0.491809 -26.8879
-0.479905 0.00756375 0.877288 91.6091 0.0285684 0.999567 0.00700981 -0.9816 -0.876855 0.0284267 -0.479913 -27.3584
-0.469088 0.00689057 0.883125 92.4923 0.0279466 0.999585 0.00704512 -0.989509 -0.882709 0.0279851 -0.469085 -27.818
-0.457091 0.00622444 0.889398 93.3688 0.0297658 0.999522 0.00830247 -1.00022 -0.888922 0.0302686 -0.457058 -28.2632
-0.445261 0.00717722 0.895372 94.2498 0.0310943 0.999489 0.00745112 -1.01238 -0.894861 0.0311586 -0.445257 -28.6956
-0.433048 0.010929 0.901305 95.1359 0.0319599 0.999484 0.00323621 -1.03692 -0.900804 0.030207 -0.433174 -29.1181
-0.421791 0.0203042 0.906466 96.0166 0.035251 0.999361 -0.00598226 -1.05192 -0.906008 0.0294306 -0.422237 -29.5204
-0.40914 0.0252365 0.912123 96.9003 0.035783 0.999292 -0.0115975 -1.07179 -0.91177 0.0278935 -0.409753 -29.9067
-0.397842 0.0216249 0.917199 97.805 0.0352037 0.999346 -0.0082918 -1.10437 -0.916778 0.02899 -0.398343 -30.2884
-0.386095 0.0181976 0.922279 98.7134 0.0347515 0.999383 -0.00517088 -1.13399 -0.921804 0.0300541 -0.386489 -30.6612
-0.376405 0.0188796 0.926263 99.6112 0.0324529 0.999447 -0.00718343 -1.16293 -0.925887 0.0273561 -0.37681 -31.0152
-0.369421 0.0230663 0.928976 100.512 0.0280949 0.999512 -0.0136454 -1.19883 -0.928837 0.0210585 -0.369889 -31.3596
-0.364395 0.0279932 0.930824 101.414 0.0225328 0.99952 -0.0212382 -1.22925 -0.930972 0.013235 -0.364851 -31.6995
-0.361093 0.0303781 0.932035 102.305 0.0210051 0.999481 -0.0244385 -1.26555 -0.932293 0.0107529 -0.361544 -32.0303
-0.357226 0.0299798 0.933537 103.197 0.019733 0.999504 -0.0245473 -1.30574 -0.933809 0.00965254 -0.357641 -32.3664
-0.351883 0.0300656 0.935561 104.092 0.0190734 0.999507 -0.0249467 -1.34364 -0.93585 0.009066 -0.352283 -32.7037
-0.345794 0.0259923 0.93795 104.996 0.0176353 0.99962 -0.0211997 -1.38457 -0.938145 0.00921032 -0.346121 -33.0338
-0.340438 0.0223144 0.940002 105.908 0.0186596 0.999682 -0.0169732 -1.42438 -0.940082 0.0117617 -0.340746 -33.3583
-0.33467 0.0194412 0.942135 106.808 0.0174787 0.999743 -0.0144211 -1.46219 -0.942173 0.011641 -0.334924 -33.6681
-0.328938 0.0176654 0.944186 107.727 0.00910927 0.999838 -0.0155331 -1.49337 -0.944308 0.00349142 -0.329045 -33.9732
-0.322647 0.0178853 0.94635 108.638 0.00229726 0.999833 -0.0181129 -1.52512 -0.946517 -0.00367005 -0.322634 -34.2633
-0.315618 0.0223396 0.948623 109.536 0.00458699 0.999747 -0.0220173 -1.55823 -0.948875 -0.00259773 -0.31564 -34.5601
-0.308561 0.0256661 0.950858 110.433 0.0058369 0.999668 -0.0250895 -1.5915 -0.951186 -0.00219158 -0.308609 -34.8458
-0.302184 0.0240087 0.952947 111.357 0.00461034 0.999708 -0.0237249 -1.62261 -0.953238 -0.00277586 -0.302206 -35.1307
-0.294858 0.0189037 0.955354 112.27 0.00416884 0.99982 -0.0184969 -1.6614 -0.955532 -0.00147124 -0.294884 -35.4079
-0.288092 0.0160898 0.957468 113.172 0.00223962 0.999867 -0.0161284 -1.69343 -0.9576 -0.00250209 -0.288089 -35.6684
-0.28145 0.0195685 0.959376 114.091 0.00127157 0.999799 -0.0200199 -1.72584 -0.959575 -0.00441468 -0.281418 -35.9314
-0.274772 0.0222736 0.961251 115.009 0.00278476 0.999746 -0.0223695 -1.76296 -0.961505 -0.00346966 -0.274764 -36.1918
-0.268245 0.0225546 0.963087 115.921 8.54297e-05 0.999726 -0.0233888 -1.79515 -0.963351 -0.00619167 -0.268174 -36.4322
-0.261483 0.0220392 0.964957 116.842 0.000299472 0.999741 -0.0227525 -1.83321 -0.965208 -0.0056604 -0.261422 -36.6732
-0.253272 0.0220172 0.967144 117.751 0.00475779 0.999757 -0.0215137 -1.86822 -0.967383 -0.000847347 -0.253315 -36.9119
-0.245471 0.0230858 0.969129 118.668 0.00755724 0.999732 -0.0219006 -1.90199 -0.969374 0.00194797 -0.24558 -37.1486
-0.238621 0.0235807 0.970826 119.584 0.00956601 0.999714 -0.0219311 -1.94454 -0.971066 0.0040537 -0.238779 -37.3692
-0.231854 0.0220397 0.972501 120.511 0.0034688 0.999756 -0.0218303 -1.98875 -0.972744 -0.00168805 -0.231874 -37.577
-0.226039 0.0201205 0.97391 121.429 -0.00027563 0.999785 -0.020719 -2.02784 -0.974118 -0.00495174 -0.225985 -37.7744
-0.221316 0.0199664 0.974998 122.359 0.00328783 0.9998 -0.019728 -2.06903 -0.975197 -0.0011605 -0.221337 -37.9813
-0.216587 0.0204511 0.976049 123.297 0.00570356 0.99979 -0.0196829 -2.10287 -0.976247 0.0013039 -0.216659 -38.1908
-0.211734 0.0219486 0.977081 124.22 0.00685886 0.999757 -0.0209717 -2.12983 -0.977303 0.00226124 -0.211833 -38.3879
-0.2057 0.0214877 0.978379 125.143 0.0137518 0.999724 -0.0190652 -2.15908 -0.978519 0.00953277 -0.205938 -38.586
-0.200431 0.0198217 0.979507 126.075 0.020787 0.999656 -0.0159759 -2.19578 -0.979487 0.017159 -0.200774 -38.7839
-0.195393 0.0190238 0.980541 126.997 0.0227436 0.999631 -0.014862 -2.22945 -0.980461 0.0193971 -0.195753 -38.9697
-0.191469 0.0203271 0.981288 127.927 0.0211256 0.999639 -0.0165852 -2.26317 -0.981271 0.0175547 -0.191829 -39.1436
-0.188421 0.0222999 0.981835 128.85 0.0189704 0.999638 -0.0190637 -2.29075 -0.981905 0.0150338 -0.188775 -39.3081
-0.186896 0.0216399 0.982141 129.772 0.016075 0.999691 -0.0189676 -2.32368 -0.982248 0.012243 -0.187187 -39.4677
-0.185833 0.0204988 0.982367 130.705 0.015835 0.999715 -0.0178653 -2.35671 -0.982454 0.0122358 -0.186105 -39.6359
-0.184834 0.0159625 0.98264 131.631 0.0175343 0.999762 -0.0129424 -2.38499 -0.982613 0.0148377 -0.18507 -39.8106
-0.183705 0.0109737 0.98292 132.557 0.0173223 0.999819 -0.00792487 -2.41612 -0.982829 0.0155706 -0.183861 -39.9787
-0.182946 0.00930984 0.983079 133.484 0.0182452 0.999815 -0.00607299 -2.44131 -0.982954 0.0168255 -0.183082 -40.1444
-0.181729 0.01409 0.983248 134.398 0.0183488 0.999772 -0.0109355 -2.46505 -0.983177 0.0160541 -0.181946 -40.3095
-0.181761 0.0181025 0.983176 135.308 0.0191978 0.999705 -0.0148577 -2.49461 -0.983155 0.0161743 -0.182055 -40.4693
-0.181815 0.0171864 0.983183 136.214 0.0162782 0.999763 -0.014466 -2.5216 -0.983198 0.0133743 -0.182051 -40.6247
-0.180961 0.0161933 0.983357 137.121 0.0156321 0.999785 -0.0135872 -2.55956 -0.983366 0.0129132 -0.181175 -40.7874
-0.180343 0.0166206 0.983463 138.021 0.0198698 0.999715 -0.0132516 -2.59115 -0.983403 0.0171514 -0.180622 -40.9551
-0.179335 0.0192703 0.983599 138.916 0.0178998 0.999707 -0.0163223 -2.61362 -0.983625 0.0146791 -0.179627 -41.1185
-0.179763 0.0201887 0.983503 139.805 0.00949401 0.999778 -0.0187875 -2.64833 -0.983664 0.0059601 -0.179914 -41.2603
-0.178915 0.0217518 0.983624 140.69 0.00409489 0.999763 -0.0213638 -2.68323 -0.983856 0.000205529 -0.178961 -41.4088
-0.178605 0.0254294 0.983592 141.568 0.0071585 0.999673 -0.0245452 -2.71654 -0.983895 0.00265715 -0.178728 -41.5674
-0.178033 0.026189 0.983676 142.446 0.00842806 0.99965 -0.0250889 -2.75569 -0.983989 0.00382383 -0.178191 -41.7225
-0.176097 0.0273336 0.983993 143.319 0.0083166 0.99962 -0.0262793 -2.792 -0.984338 0.00355575 -0.176258 -41.8742
-0.174266 0.0265045 0.984342 144.186 0.0169301 0.999571 -0.0239173 -2.82824 -0.984553 0.012497 -0.17464 -42.0284
-0.170614 0.0232572 0.985063 145.061 0.0234007 0.999535 -0.0195458 -2.86728 -0.98506 0.0197164 -0.171079 -42.1947
-0.168815 0.0180115 0.985483 145.924 0.0271111 0.99954 -0.0136242 -2.90359 -0.985275 0.0244176 -0.169226 -42.3425
-0.165249 0.0177305 0.986092 146.778 0.029313 0.999485 -0.013059 -2.93517 -0.985816 0.0267473 -0.165684 -42.4811
-0.160117 0.0230918 0.986828 147.627 0.031317 0.999342 -0.0183033 -2.96742 -0.986601 0.0279738 -0.160735 -42.6182
-0.153301 0.0263215 0.987829 148.479 0.0340704 0.999192 -0.0213369 -3.00068 -0.987592 0.0303848 -0.154074 -42.748
-0.145006 0.0269173 0.989065 149.324 0.0345807 0.999157 -0.0221221 -3.0289 -0.988826 0.0309947 -0.145815 -42.8665
-0.13528 0.0222024 0.990559 150.181 0.0366643 0.999176 -0.0173883 -3.0635 -0.990129 0.0339659 -0.135983 -42.9827
-0.123503 0.0209408 0.992123 151.025 0.0409537 0.999033 -0.0159886 -3.09288 -0.991499 0.0386565 -0.124241 -43.0871
-0.109263 0.0234777 0.993736 151.859 0.0456178 0.998786 -0.0185813 -3.12178 -0.992966 0.0433018 -0.110202 -43.1827
-0.0952326 0.0243733 0.995157 152.704 0.044712 0.998796 -0.0201836 -3.15272 -0.99445 0.0425733 -0.0962078 -43.2592
-0.0810855 0.0242662 0.996412 153.542 0.0472423 0.998674 -0.0204768 -3.18587 -0.995587 0.0454124 -0.0821244 -43.3248
-0.0675706 0.0256728 0.997384 154.37 0.0482948 0.998581 -0.0224318 -3.22171 -0.996545 0.0466528 -0.0687146 -43.377
-0.0539214 0.0319264 0.998035 155.186 0.0453231 0.998537 -0.0294938 -3.26391 -0.997516 0.0436436 -0.0552895 -43.4106
-0.0411788 0.040881 0.998315 155.999 0.0384142 0.998489 -0.0393036 -3.30651 -0.998413 0.036731 -0.042687 -43.4253
-0.0274237 0.0485732 0.998443 156.806 0.0347739 0.998261 -0.0476092 -3.35104 -0.999019 0.0334142 -0.0290651 -43.4339
-0.0141384 0.0490077 0.998698 157.614 0.0340454 0.998243 -0.0485033 -3.39861 -0.99932 0.0333153 -0.015782 -43.4423
-0.00212837 0.0451154 0.99898 158.427 0.030784 0.998511 -0.0450287 -3.45179 -0.999524 0.0306567 -0.00351403 -43.4341
0.00860542 0.0428574 0.999044 159.238 0.0269826 0.998707 -0.0430754 -3.50494 -0.999599 0.0273275 0.00743789 -43.4125
0.0174471 0.0491721 0.998638 160.035 0.0237055 0.998489 -0.0495789 -3.56129 -0.999567 0.0245382 0.0162551 -43.3852
0.02418 0.057241 0.998068 160.829 0.0216345 0.998096 -0.0577668 -3.612 -0.999473 0.0229895 0.0228956 -43.3566
0.027059 0.0601707 0.997821 161.626 0.0184338 0.997987 -0.0606806 -3.66245 -0.999464 0.0200356 0.0258954 -43.3238
0.0268333 0.0553563 0.998106 162.429 0.0158879 0.998316 -0.055795 -3.7204 -0.999514 0.017355 0.0259086 -43.2928
0.0248993 0.0506197 0.998408 163.229 0.0139247 0.998603 -0.0509769 -3.78659 -0.999593 0.0151718 0.0241596 -43.2656
0.0217789 0.0471674 0.99865 164.03 0.0154299 0.998752 -0.0475087 -3.84303 -0.999644 0.0164438 0.0210239 -43.2448
0.0189397 0.0474263 0.998695 164.817 0.0171187 0.998713 -0.0477517 -3.88812 -0.999674 0.0180008 0.0181035 -43.2273
0.0151682 0.0471185 0.998774 165.61 0.0185297 0.998704 -0.0473966 -3.94483 -0.999713 0.019226 0.0142754 -43.2157
0.0104829 0.0457558 0.998898 166.396 0.0170616 0.998799 -0.0459304 -3.99516 -0.999799 0.0175243 0.00968964 -43.202
0.00483445 0.0457532 0.998941 167.19 0.0153221 0.998832 -0.0458224 -4.04033 -0.999871 0.0155274 0.00412777 -43.195
-0.00117829 0.043595 0.999049 167.977 0.0136882 0.998956 -0.0435748 -4.08809 -0.999906 0.0136238 -0.0017738 -43.193
-0.00692816 0.0404323 0.999158 168.762 0.0156513 0.999064 -0.04032 -4.1416 -0.999854 0.0153587 -0.00755449 -43.2006
-0.0123245 0.0410217 0.999082 169.538 0.0139695 0.999068 -0.0408488 -4.17792 -0.999826 0.0134533 -0.0128861 -43.207
-0.0175594 0.0424639 0.998944 170.312 0.0124564 0.999029 -0.0422486 -4.2214 -0.999768 0.0117014 -0.0180713 -43.2157
-0.0216334 0.0445021 0.998775 171.087 0.0118575 0.99895 -0.0442531 -4.27264 -0.999696 0.0108857 -0.0221384 -43.231
-0.0242658 0.0463324 0.998631 171.855 0.0118418 0.998869 -0.0460557 -4.32354 -0.999635 0.010708 -0.024787 -43.2487
-0.0255343 0.0473764 0.998551 172.619 0.0151288 0.99878 -0.0470005 -4.37246 -0.999559 0.0139067 -0.0262199 -43.2727
-0.0246611 0.0458425 0.998644 173.381 0.0184937 0.998798 -0.0453929 -4.41849 -0.999525 0.0173492 -0.0254792 -43.2957
-0.0202454 0.0420111 0.998912 174.148 0.0211955 0.99891 -0.0415814 -4.46994 -0.99957 0.0203306 -0.0211138 -43.3189
-0.0131969 0.0413605 0.999057 174.894 0.0227771 0.998897 -0.0410531 -4.52272 -0.999653 0.0222138 -0.0141244 -43.322
-0.00199598 0.0422143 0.999107 175.638 0.024975 0.998799 -0.0421514 -4.56713 -0.999686 0.0248686 -0.00304788 -43.3207
0.0130685 0.0415697 0.99905 176.376 0.0281431 0.998724 -0.0419242 -4.61493 -0.999518 0.0286642 0.0118819 -43.3149
0.0277698 0.0386882 0.998865 177.094 0.0271697 0.998852 -0.0394431 -4.65817 -0.999245 0.0282342 0.0266868 -43.2782
0.0438622 0.0341599 0.998453 177.822 0.0219611 0.999141 -0.0351482 -4.69393 -0.998796 0.0234688 0.0430744 -43.2318
0.0598927 0.0273973 0.997829 178.544 0.0201865 0.999386 -0.0286517 -4.73361 -0.998001 0.0218587 0.0593029 -43.1731
0.07697 0.0201909 0.996829 179.265 0.0198036 0.999567 -0.0217755 -4.76328 -0.996837 0.0214169 0.0765368 -43.1083
0.0945613 0.0129837 0.995434 179.982 0.0195986 0.999697 -0.0149011 -4.79281 -0.995326 0.0209182 0.0942782 -43.0305
0.112039 0.00713169 0.993678 180.691 0.0173531 0.999808 -0.00913228 -4.82164 -0.993552 0.0182665 0.111894 -42.941
0.130213 0.00480631 0.991474 181.376 0.0167059 0.999836 -0.00704088 -4.84892 -0.991345 0.0174803 0.130111 -42.8396
0.14811 0.00333712 0.988965 182.061 0.0186758 0.999807 -0.00617062 -4.86786 -0.988795 0.0193836 0.148019 -42.7272
0.165354 0.00227766 0.986232 182.736 0.0177395 0.999829 -0.0052833 -4.88729 -0.986075 0.0183689 0.165285 -42.5985
0.181668 0.00142667 0.983359 183.412 0.0134022 0.999902 -0.00392663 -4.90043 -0.983269 0.0138925 0.181631 -42.456
0.19606 -0.00182044 0.98059 184.075 0.0115541 0.999933 -0.000453782 -4.91485 -0.980524 0.0114188 0.196068 -42.3069
0.208137 -0.00639295 0.978079 184.739 0.0158832 0.999869 0.00315539 -4.93143 -0.977971 0.0148783 0.208212 -42.1605
0.21891 -0.00775632 0.975714 185.393 0.0181324 0.999828 0.00387985 -4.94451 -0.975577 0.0168427 0.219013 -42.0096
0.228718 -0.00416075 0.973484 186.03 0.0142449 0.999898 0.000926849 -4.95967 -0.973389 0.0136552 0.228753 -41.8427
0.237785 0.00290863 0.971313 186.658 0.0101291 0.999934 -0.00547402 -4.97785 -0.971265 0.0111402 0.23774 -41.6734
0.246983 0.0125605 0.968938 187.28 0.0109195 0.999816 -0.0157441 -4.99513 -0.968958 0.0144689 0.246801 -41.5078
0.255112 0.0185205 0.966734 187.907 0.0170627 0.999575 -0.0236523 -5.00449 -0.966761 0.022529 0.254687 -41.3461
0.261661 0.01615 0.965025 188.543 0.0180487 0.999603 -0.0216225 -5.02531 -0.964991 0.0230752 0.261266 -41.1695
0.267362 0.00874096 0.963556 189.184 0.0155372 0.99979 -0.0133808 -5.04141 -0.963471 0.0185485 0.26717 -40.9777
0.271817 -0.00198378 0.962347 189.833 0.0118287 0.999929 -0.00127979 -5.06387 -0.962276 0.0117312 0.271821 -40.7855
0.273738 -0.00999927 0.961752 190.482 0.0119582 0.999904 0.00699234 -5.08051 -0.96173 0.00958676 0.273831 -40.5924
0.274451 -0.0107875 0.96154 191.126 0.015353 0.999859 0.00683521 -5.09563 -0.961478 0.0128866 0.274578 -40.4089
0.275738 -0.00880722 0.961193 191.765 0.0191875 0.999809 0.00365674 -5.10322 -0.961041 0.0174346 0.275854 -40.2294
0.277542 -0.00936887 0.960668 192.411 0.0229149 0.999733 0.00312963 -5.10721 -0.96044 0.021145 0.277682 -40.0456
0.279395 -0.012024 0.960101 193.057 0.0217252 0.999745 0.00619836 -5.11451 -0.959931 0.0191266 0.279585 -39.8517
0.282073 -0.0154978 0.959268 193.709 0.0212012 0.999726 0.00991725 -5.11739 -0.959159 0.0175402 0.282324 -39.6546
0.2852 -0.0207734 0.958243 194.361 0.022382 0.999637 0.0150093 -5.12576 -0.958207 0.0171667 0.285562 -39.4572
0.289639 -0.0238525 0.956839 195.018 0.0239566 0.999557 0.0176656 -5.12706 -0.956836 0.0178059 0.290082 -39.2548
0.295771 -0.0262365 0.954898 195.668 0.0264557 0.999464 0.0192666 -5.12535 -0.954892 0.019564 0.296307 -39.0483
0.303876 -0.0294769 0.952255 196.33 0.0280221 0.999365 0.021993 -5.12356 -0.952299 0.0200011 0.30451 -38.8365
0.313455 -0.032038 0.949062 196.982 0.0310572 0.999242 0.0234743 -5.12942 -0.949095 0.0221171 0.314212 -38.616
0.324437 -0.0304298 0.945418 197.636 0.0300956 0.999308 0.0218366 -5.13084 -0.945428 0.0213683 0.325128 -38.382
0.335991 -0.0266517 0.941488 198.285 0.0292629 0.999412 0.0178483 -5.12485 -0.941411 0.0215538 0.336573 -38.1401
0.347834 -0.0237642 0.937255 198.935 0.0284186 0.999487 0.0147954 -5.12416 -0.937125 0.0214891 0.348331 -37.8878
0.358975 -0.0232256 0.933058 199.592 0.0298501 0.999465 0.0133944 -5.11363 -0.93287 0.0230436 0.359476 -37.6226
0.370093 -0.0266066 0.928614 200.254 0.0312166 0.999381 0.016193 -5.11251 -0.92847 0.0229952 0.370695 -37.3452
0.381422 -0.0280531 0.923975 200.92 0.0305499 0.999376 0.0177313 -5.11026 -0.923896 0.0214642 0.382041 -37.0615
0.392689 -0.0289059 0.919217 201.577 0.0291014 0.999396 0.0189951 -5.1119 -0.919211 0.0192913 0.393293 -36.7687
0.40202 -0.0302047 0.915132 202.24 0.0256484 0.999435 0.0217197 -5.10893 -0.915271 0.01474 0.402568 -36.4589
0.408786 -0.0290569 0.912167 202.905 0.0222494 0.999513 0.0218683 -5.10313 -0.912359 0.0113557 0.409234 -36.1428
0.413215 -0.0321307 0.910067 203.579 0.0230773 0.999426 0.0248073 -5.09235 -0.910341 0.0107511 0.413719 -35.8249
0.415613 -0.0364245 0.908812 204.264 0.0264221 0.99926 0.0279664 -5.08633 -0.909158 0.0123896 0.416268 -35.5154
0.41555 -0.0357483 0.908868 204.953 0.0308939 0.999206 0.0251763 -5.07871 -0.909046 0.0176164 0.416324 -35.2012
0.414327 -0.0356135 0.909431 205.651 0.0321731 0.999183 0.0244705 -5.0761 -0.909559 0.0191204 0.415134 -34.8788
0.413571 -0.0348809 0.909803 206.359 0.0360099 0.999111 0.0219357 -5.07309 -0.909759 0.0236899 0.41446 -34.5599
0.413252 -0.036807 0.909872 207.078 0.0392335 0.998975 0.0225921 -5.06279 -0.909771 0.0263612 0.414273 -34.2374
0.412641 -0.0426401 0.909895 207.802 0.0432117 0.998695 0.0272049 -5.04916 -0.909868 0.0280922 0.413945 -33.9164
0.411393 -0.0457047 0.910311 208.528 0.0439435 0.998575 0.030277 -5.04013 -0.910398 0.0275465 0.412815 -33.5864
0.409466 -0.0480851 0.911057 209.253 0.0450191 0.998458 0.0324647 -5.03104 -0.911214 0.0277218 0.410999 -33.2544
0.408054 -0.0480749 0.911691 209.977 0.0439539 0.998489 0.0329791 -5.01391 -0.911899 0.0266151 0.40955 -32.9237
0.405977 -0.0483543 0.912603 210.704 0.0427092 0.998512 0.0339067 -4.99852 -0.912885 0.0252111 0.407439 -32.5918
0.404412 -0.0475722 0.913339 211.432 0.0426214 0.998542 0.033138 -4.99149 -0.913583 0.0255264 0.40585 -32.2674
0.403126 -0.0443823 0.914068 212.161 0.043583 0.998621 0.0292666 -4.98148 -0.914106 0.0280397 0.404505 -31.9429
0.4024 -0.0386836 0.914646 212.888 0.0439433 0.998771 0.0229087 -4.97021 -0.914409 0.0309741 0.403606 -31.6252
0.401461 -0.035861 0.915174 213.621 0.0423845 0.99889 0.0205485 -4.95636 -0.914895 0.0305398 0.402535 -31.3017
0.39999 -0.0384137 0.915714 214.345 0.041477 0.998856 0.023784 -4.94792 -0.91558 0.0284677 0.401126 -30.9778
0.398913 -0.0417295 0.916039 215.078 0.0401204 0.998802 0.0280282 -4.94253 -0.916111 0.0255711 0.400109 -30.6524
0.396474 -0.0409904 0.91713 215.808 0.0370317 0.998904 0.0286365 -4.93267 -0.917299 0.0226093 0.397557 -30.3259
0.391938 -0.0404468 0.919102 216.54 0.0341942 0.998983 0.0293804 -4.91944 -0.919356 0.0199127 0.392922 -30.0038
0.385589 -0.0417979 0.921723 217.269 0.034623 0.998925 0.0308148 -4.9074 -0.922021 0.020031 0.386622 -29.7012
0.376827 -0.0425504 0.925306 218.002 0.0355964 0.998872 0.0314368 -4.90067 -0.925599 0.0210913 0.377917 -29.4061
0.366765 -0.0416686 0.92938 218.733 0.0381009 0.998831 0.0297465 -4.89642 -0.929533 0.0245002 0.367924 -29.1218
0.35637 -0.0385761 0.933548 219.464 0.037045 0.998945 0.027137 -4.88857 -0.93361 0.0249125 0.357423 -28.847
0.344917 -0.0387305 0.937834 220.2 0.0340972 0.999006 0.0287165 -4.87414 -0.938014 0.0220727 0.345895 -28.5706
0.333991 -0.0465328 0.941427 220.947 0.0391717 0.998603 0.0354619 -4.85825 -0.941762 0.0250334 0.335347 -28.3136
0.325687 -0.0551623 0.943867 221.7 0.0436803 0.998109 0.0432601 -4.84275 -0.944468 0.0271391 0.327481 -28.0679
0.318718 -0.0607351 0.945902 222.449 0.0436935 0.997826 0.0493467 -4.8256 -0.946842 0.0256021 0.320679 -27.8181
0.31485 -0.0615083 0.947146 223.197 0.0382295 0.99791 0.0520967 -4.80055 -0.948371 0.0198063 0.316543 -27.5648
0.312409 -0.06351 0.947822 223.947 0.0395128 0.997768 0.0538329 -4.77323 -0.949126 0.0206332 0.314221 -27.3184
0.310365 -0.0644613 0.948429 224.695 0.0405334 0.997688 0.054545 -4.7449 -0.949753 0.0215142 0.312261 -27.0679
0.309832 -0.0626103 0.948728 225.446 0.040428 0.997795 0.0526456 -4.71616 -0.949931 0.0220438 0.31168 -26.821
0.309388 -0.0607456 0.948994 226.207 0.0369479 0.997972 0.0518351 -4.68769 -0.950218 0.0190262 0.311005 -26.5598
0.309701 -0.0614465 0.948846 226.972 0.0360592 0.997951 0.0528568 -4.66068 -0.95015 0.0178449 0.311282 -26.3027
0.311312 -0.0624809 0.948252 227.733 0.0358753 0.997898 0.0539742 -4.62629 -0.94963 0.017216 0.312899 -26.0457
0.312677 -0.0644309 0.947672 228.501 0.037317 0.99776 0.0555238 -4.59899 -0.949126 0.0180032 0.314381 -25.7879
0.31413 -0.0658052 0.947096 229.269 0.0413714 0.997596 0.055592 -4.56842 -0.948478 0.0217196 0.316098 -25.5346
0.316914 -0.0673525 0.94606 230.039 0.0433017 0.997463 0.0565067 -4.52982 -0.947465 0.0230583 0.319026 -25.2699
0.320988 -0.0689182 0.944572 230.817 0.0413633 0.997417 0.0587177 -4.50392 -0.946179 0.0202229 0.32301 -24.9966
0.326141 -0.0726061 0.942529 231.588 0.039861 0.997216 0.0630258 -4.46575 -0.94448 0.0170149 0.328127 -24.7174
0.331093 -0.0762106 0.940515 232.362 0.0396378 0.996977 0.0668318 -4.42787 -0.942765 0.0151524 0.333113 -24.4378
0.335732 -0.0764464 0.93885 233.141 0.0386427 0.99698 0.067361 -4.39351 -0.941165 0.0136645 0.337672 -24.1515
0.340004 -0.0716753 0.937689 233.919 0.0332323 0.997384 0.0641883 -4.36107 -0.939837 0.00933728 0.341497 -23.8518
0.344537 -0.065819 0.936463 234.691 0.0291171 0.997808 0.0594182 -4.31833 -0.938321 0.00679533 0.345698 -23.5493
0.349364 -0.0635235 0.934831 235.476 0.0256591 0.997974 0.0582249 -4.29434 -0.936636 0.0036452 0.350286 -23.2439
0.353392 -0.0641378 0.933274 236.257 0.0245023 0.997939 0.0593038 -4.26495 -0.935154 0.00190986 0.354235 -22.9336
0.357168 -0.0612584 0.932029 237.034 0.0225202 0.998122 0.0569723 -4.22829 -0.933769 0.000640771 0.357877 -22.6208
0.361056 -0.058577 0.930703 237.815 0.0220087 0.998283 0.0542924 -4.19736 -0.932284 0.000880976 0.361725 -22.3095
0.365676 -0.058516 0.928901 238.596 0.0221695 0.998286 0.0541596 -4.1656 -0.930478 0.000788374 0.366346 -21.9949
0.370118 -0.0598033 0.927058 239.377 0.0227404 0.99821 0.0553144 -4.13381 -0.928707 0.000608817 0.370815 -21.6757
0.374359 -0.0600601 0.925337 240.153 0.0267276 0.998185 0.0539754 -4.1036 -0.926899 0.00452587 0.375284 -21.3612
0.378267 -0.0598335 0.923761 240.922 0.0294758 0.998181 0.0525839 -4.07352 -0.925227 0.00733778 0.379343 -21.0392
0.382197 -0.0576477 0.922281 241.698 0.028396 0.998314 0.0506327 -4.04275 -0.923645 0.00683746 0.383189 -20.7072
0.38697 -0.0577569 0.920281 242.468 0.0237175 0.99833 0.0526822 -4.01321 -0.921787 0.00144035 0.387694 -20.3722
0.391556 -0.0578524 0.918334 243.239 0.0207985 0.998323 0.0540235 -3.98792 -0.919919 -0.00205326 0.392103 -20.0294
0.395513 -0.055499 0.916782 244.008 0.0237466 0.998457 0.0501987 -3.96815 -0.918153 0.00191621 0.396221 -19.6929
0.399355 -0.0493699 0.915466 244.771 0.0246185 0.998766 0.0431228 -3.95095 -0.916466 0.00531609 0.400078 -19.3563
0.40257 -0.0427117 0.914392 245.533 0.0184125 0.999087 0.0385616 -3.92206 -0.915204 0.00131246 0.402989 -18.9991
0.405639 -0.0443869 0.912955 246.301 0.0127112 0.998998 0.0429224 -3.90334 -0.913945 -0.00580631 0.405797 -18.6392
0.408088 -0.0546921 0.911303 247.076 0.0138552 0.99846 0.0537184 -3.87993 -0.912838 -0.00929554 0.408217 -18.2859
0.409976 -0.0671279 0.909623 247.853 0.0180932 0.99769 0.0654723 -3.84151 -0.911917 -0.0103841 0.410244 -17.9373
0.411555 -0.0746255 0.908324 248.625 0.0167359 0.997093 0.0743356 -3.80512 -0.911231 -0.0153915 0.411608 -17.5765
0.41379 -0.0764822 0.907154 249.39 0.0151608 0.996905 0.0771337 -3.76981 -0.910246 -0.0181639 0.413669 -17.22
0.416311 -0.0723612 0.906338 250.15 0.0155563 0.997249 0.0724739 -3.72977 -0.909089 -0.0160724 0.416292 -16.8627
0.420307 -0.0670655 0.9049 250.909 0.0173752 0.997677 0.0658711 -3.68915 -0.907215 -0.0119632 0.420496 -16.5068
0.424853 -0.0626412 0.903092 251.667 0.0173612 0.997983 0.0610556 -3.65078 -0.905096 -0.0102609 0.425084 -16.1451
0.428855 -0.0609685 0.901314 252.44 0.019433 0.998112 0.0582699 -3.61411 -0.903164 -0.00747405 0.42923 -15.7756
0.433201 -0.0589747 0.899366 253.203 0.0203508 0.998243 0.055656 -3.57731 -0.901068 -0.00580734 0.433639 -15.4067
0.437052 -0.06018 0.897421 253.96 0.0212419 0.998171 0.0565912 -3.54139 -0.899185 -0.00567034 0.437531 -15.0291
0.440408 -0.0656707 0.895393 254.733 0.0235293 0.997823 0.0616101 -3.50811 -0.897489 -0.00606562 0.440994 -14.6471
0.443236 -0.0717372 0.89353 255.489 0.0254847 0.997398 0.0674345 -3.47575 -0.896043 -0.00711802 0.443911 -14.2659
0.445676 -0.0769193 0.891883 256.263 0.0268214 0.997002 0.0725824 -3.42626 -0.894792 -0.0084267 0.446403 -13.8777
0.447921 -0.0822446 0.890282 257.03 0.0291795 0.996574 0.0773831 -3.37625 -0.893597 -0.0086835 0.448786 -13.4911
0.449448 -0.0888159 0.88888 257.808 0.030904 0.995995 0.0838926 -3.32065 -0.892772 -0.0102354 0.450393 -13.0962
0.45112 -0.0895664 0.887958 258.571 0.0310906 0.995925 0.0846614 -3.27087 -0.891922 -0.0105853 0.452066 -12.7043
0.452629 -0.0778497 0.888294 259.32 0.0220092 0.996854 0.076149 -3.22392 -0.891427 -0.0149166 0.452918 -12.2944
0.453465 -0.064018 0.888972 260.07 0.0200263 0.997897 0.0616467 -3.17296 -0.891049 -0.0101518 0.453793 -11.9011
0.454411 -0.0567612 0.888982 260.826 0.0207117 0.998371 0.0531587 -3.1249 -0.890551 -0.00574359 0.454846 -11.5105
0.453838 -0.0586525 0.889152 261.588 0.0203981 0.998254 0.0554378 -3.08368 -0.890851 -0.00702284 0.454242 -11.1064
0.454355 -0.0646278 0.888473 262.359 0.0201728 0.997856 0.0622682 -3.05564 -0.890592 -0.0103689 0.454684 -10.7051
0.455956 -0.0661514 0.88754 263.128 0.0217355 0.997764 0.0632005 -3.02036 -0.889737 -0.00952549 0.456374 -10.3111
0.456554 -0.0663376 0.887219 263.894 0.0246086 0.997776 0.0619406 -2.98265 -0.889356 -0.00644595 0.457171 -9.91457
0.457507 -0.0685094 0.886563 264.666 0.0284885 0.997645 0.0623919 -2.94388 -0.888749 -0.00328787 0.458382 -9.51291
0.458981 -0.0729256 0.885448 265.436 0.029132 0.997325 0.067039 -2.90418 -0.887968 -0.00497474 0.459878 -9.11168
0.46 -0.0744847 0.884789 266.2 0.0275414 0.997193 0.0696285 -2.86381 -0.887492 -0.00766076 0.46076 -8.70733
0.461118 -0.0730079 0.88433 266.965 0.0260529 0.997294 0.068749 -2.81855 -0.886956 -0.00866206 0.461772 -8.29701
