0.999772 -0.00304369 -0.0211494 -0.0217027 0.0030606 0.999995 0.000766878 -0.00655186 0.021147 -0.000831433 0.999776 0.285029
0.999071 -0.00455509 -0.0428513 -0.0505701 0.00459282 0.999989 0.000782132 -0.0132035 0.0428473 -0.000978214 0.999081 0.572942
0.997827 -0.00761827 -0.0654535 -0.0845974 0.00772296 0.999969 0.00134654 -0.0207816 0.0654412 -0.00184911 0.997855 0.876919
0.995978 -0.0108358 -0.0889435 -0.129394 0.0108511 0.999941 -0.000311731 -0.0229932 0.0889417 -0.000654659 0.996037 1.176
0.993454 -0.0178526 -0.112832 -0.171633 0.0176987 0.999841 -0.00236502 -0.0261756 0.112856 0.000352552 0.993611 1.48715
0.990617 -0.0238031 -0.134577 -0.224778 0.0235487 0.999717 -0.00348212 -0.0308804 0.134622 0.000280326 0.990897 1.8047
0.987266 -0.0215026 -0.157617 -0.300363 0.021582 0.999766 -0.00120828 -0.0423302 0.157606 -0.00220879 0.9875 2.12962
0.983141 -0.0195139 -0.181802 -0.380719 0.0198178 0.999804 -0.000144985 -0.0582906 0.181769 -0.00346039 0.983335 2.4508
0.978701 -0.0220583 -0.204101 -0.470238 0.0221167 0.999753 -0.00199513 -0.0692443 0.204095 -0.00256141 0.978948 2.78508
0.973807 -0.0274511 -0.225712 -0.555732 0.0268405 0.999623 -0.00577398 -0.0732198 0.225785 -0.000435477 0.974177 3.12097
0.968415 -0.0335861 -0.24707 -0.649004 0.0314693 0.999426 -0.0125126 -0.0707961 0.247349 0.00434221 0.968917 3.44862
0.963109 -0.0372197 -0.266526 -0.763716 0.0333195 0.999261 -0.0191422 -0.0638025 0.267042 0.00955552 0.963638 3.77331
0.958058 -0.0399256 -0.283781 -0.886926 0.0344662 0.999113 -0.0242072 -0.0714906 0.284496 0.013411 0.958583 4.11855
0.952333 -0.0407732 -0.302323 -1.01465 0.0341417 0.999047 -0.0271895 -0.0814319 0.303144 0.0155717 0.952818 4.47081
0.945651 -0.0460999 -0.3219 -1.1409 0.0384692 0.998808 -0.0300299 -0.0935637 0.322901 0.0160146 0.946297 4.8311
0.938639 -0.0546919 -0.340537 -1.27486 0.0469877 0.998419 -0.0308366 -0.113751 0.341685 0.0129434 0.939725 5.20159
0.930663 -0.0642484 -0.360192 -1.42135 0.0564293 0.997887 -0.032194 -0.12816 0.361499 0.00963639 0.932323 5.57577
0.922077 -0.0699719 -0.380628 -1.58233 0.0614697 0.997514 -0.0344644 -0.15239 0.382094 0.00838167 0.924086 5.95261
0.91322 -0.0748812 -0.400528 -1.76014 0.0656367 0.997166 -0.0367719 -0.177592 0.402147 0.00729149 0.915546 6.33293
0.903955 -0.0769571 -0.420647 -1.96545 0.0664132 0.997003 -0.0396816 -0.200416 0.42244 0.00793388 0.906356 6.72562
0.893925 -0.0802437 -0.440975 -2.1735 0.0671929 0.996717 -0.0451609 -0.225568 0.443151 0.0107401 0.896383 7.11012
0.883712 -0.079771 -0.461183 -2.40245 0.0632377 0.996683 -0.0512213 -0.253108 0.463739 0.0161007 0.885825 7.49523
0.871617 -0.0834855 -0.483026 -2.63827 0.0635236 0.996318 -0.0575742 -0.279405 0.486054 0.019499 0.873711 7.89268
0.858664 -0.0932465 -0.503986 -2.8772 0.0694971 0.995412 -0.0657638 -0.306819 0.507806 0.0214434 0.861205 8.29019
0.845469 -0.101554 -0.52428 -3.1382 0.0743226 0.994574 -0.0727953 -0.340681 0.528828 0.0225803 0.848429 8.70207
0.832366 -0.106216 -0.543954 -3.42323 0.0749439 0.99402 -0.0794192 -0.374899 0.549137 0.0253397 0.835348 9.1076
0.820486 -0.107168 -0.561532 -3.73682 0.0719316 0.993818 -0.0845658 -0.415022 0.567123 0.0289931 0.823122 9.53099
0.810329 -0.103536 -0.576755 -4.06703 0.0644427 0.994042 -0.0879045 -0.465715 0.58242 0.034064 0.812174 9.96348
0.801178 -0.102324 -0.589613 -4.41605 0.060049 0.994047 -0.0909155 -0.517271 0.595406 0.0374338 0.802553 10.404
0.792125 -0.104116 -0.601414 -4.77562 0.059925 0.993849 -0.0931267 -0.575726 0.607411 0.0377283 0.793492 10.8624
0.783379 -0.107499 -0.612178 -5.1589 0.0612374 0.993487 -0.0960941 -0.626098 0.618521 0.0377899 0.784859 11.333
0.773342 -0.112032 -0.624012 -5.55051 0.0650779 0.993091 -0.0976439 -0.693015 0.630641 0.0349026 0.77529 11.8187
0.763572 -0.111721 -0.635984 -5.96124 0.0639028 0.993158 -0.0977411 -0.76192 0.642552 0.0339913 0.765487 12.3025
0.754514 -0.11194 -0.646667 -6.41243 0.0609646 0.993041 -0.100766 -0.83553 0.653446 0.0366053 0.756087 12.8003
0.744423 -0.115183 -0.657699 -6.86992 0.060312 0.992582 -0.105566 -0.90777 0.664979 0.038919 0.745847 13.3061
0.733927 -0.119613 -0.668614 -7.34893 0.0635275 0.992145 -0.107758 -0.993289 0.676251 0.0366114 0.735761 13.8244
0.724052 -0.12192 -0.678885 -7.85255 0.0642052 0.991894 -0.109656 -1.07958 0.686751 0.0358084 0.72601 14.3554
0.715847 -0.122555 -0.687417 -8.37843 0.0633507 0.991816 -0.110853 -1.16801 0.695377 0.0358057 0.717753 14.8849
0.708835 -0.126451 -0.693948 -8.91227 0.0651904 0.991334 -0.114051 -1.25908 0.702356 0.0356046 0.710935 15.4373
0.704836 -0.130047 -0.697347 -9.46201 0.0645157 0.99073 -0.11955 -1.35384 0.70643 0.0392737 0.706693 15.9875
0.704018 -0.131763 -0.697852 -10.0262 0.0615845 0.990263 -0.124845 -1.45402 0.707507 0.0449165 0.705278 16.5412
0.705512 -0.130194 -0.696637 -10.6053 0.0562388 0.990166 -0.128096 -1.55487 0.706463 0.051195 0.705896 17.1053
0.708069 -0.131514 -0.693788 -11.1876 0.0563906 0.989897 -0.130093 -1.65891 0.703888 0.052992 0.708332 17.6858
0.711359 -0.131487 -0.69042 -11.7787 0.0559419 0.98982 -0.130868 -1.77406 0.700599 0.0544704 0.711473 18.2911
0.71548 -0.12761 -0.68688 -12.3784 0.05087 0.990083 -0.130951 -1.89126 0.696778 0.0587513 0.714876 18.9003
0.719985 -0.123207 -0.682965 -12.9925 0.0459801 0.990421 -0.130199 -2.01258 0.692464 0.0623388 0.718754 19.5255
0.724541 -0.11883 -0.678911 -13.6102 0.0415314 0.990763 -0.12909 -2.13535 0.68798 0.0653351 0.722783 20.1643
0.73003 -0.115887 -0.673518 -14.2332 0.0391718 0.990993 -0.128055 -2.259 0.682292 0.0671007 0.727994 20.8246
0.734596 -0.113834 -0.668887 -14.8613 0.0367439 0.991053 -0.128309 -2.38311 0.677509 0.0696774 0.732207 21.4989
0.738433 -0.11295 -0.6648 -15.4907 0.0370958 0.991183 -0.127198 -2.50761 0.673305 0.0692663 0.736113 22.1897
0.741577 -0.113288 -0.661233 -16.1207 0.0397998 0.991332 -0.125208 -2.63511 0.669686 0.0665342 0.739658 22.8901
0.743502 -0.112658 -0.659176 -16.7536 0.0387627 0.991311 -0.125701 -2.7641 0.667609 0.0679073 0.741408 23.6015
0.745723 -0.115122 -0.656235 -17.3958 0.03846 0.990755 -0.130101 -2.89507 0.665145 0.0717806 0.743256 24.3127
0.747411 -0.112965 -0.654687 -18.0386 0.0326698 0.990495 -0.133611 -3.02207 0.663558 0.0784737 0.743998 25.0201
0.749324 -0.11121 -0.652798 -18.7055 0.0318336 0.990707 -0.132236 -3.15364 0.661438 0.0783065 0.745901 25.767
0.751133 -0.112009 -0.650579 -19.3785 0.0345845 0.990824 -0.130658 -3.2939 0.659244 0.0756415 0.748114 26.5302
0.752634 -0.109187 -0.649323 -20.06 0.03242 0.991104 -0.12908 -3.43585 0.65764 0.0760993 0.749478 27.3017
0.753518 -0.113744 -0.647513 -20.7459 0.0371078 0.990708 -0.130848 -3.58035 0.656379 0.0745688 0.750737 28.0989
0.754017 -0.117851 -0.646196 -21.4378 0.0424638 0.990461 -0.131089 -3.72772 0.65548 0.0714031 0.751829 28.9095
0.754569 -0.119055 -0.645331 -22.1439 0.0429025 0.990251 -0.132523 -3.86635 0.654817 0.0723114 0.75232 29.7297
0.754815 -0.115006 -0.645777 -22.8563 0.0399718 0.990745 -0.12972 -4.0173 0.654719 0.0721014 0.752426 30.5568
0.755532 -0.111772 -0.645506 -23.5778 0.0393634 0.991303 -0.125575 -4.16681 0.653928 0.0694669 0.753361 31.38
0.755681 -0.107597 -0.646041 -24.2967 0.0361906 0.991766 -0.122845 -4.31316 0.653939 0.0694507 0.753352 32.1953
0.755219 -0.106418 -0.646776 -25.0136 0.0353788 0.991912 -0.121895 -4.46599 0.654517 0.069175 0.752876 33.0221
0.75376 -0.108927 -0.648059 -25.7287 0.0383148 0.991774 -0.122136 -4.61732 0.656031 0.0672308 0.751733 33.8456
0.751556 -0.10925 -0.650559 -26.4379 0.0389252 0.991817 -0.12159 -4.76281 0.658519 0.0660586 0.749659 34.6585
0.748404 -0.106228 -0.654681 -27.144 0.0379139 0.992328 -0.117672 -4.91197 0.662158 0.063245 0.74669 35.4567
0.745646 -0.105777 -0.657893 -27.848 0.0373543 0.992403 -0.117223 -5.05902 0.665294 0.0628319 0.743933 36.2495
0.74476 -0.104394 -0.659117 -28.5576 0.0338581 0.992327 -0.118912 -5.19689 0.666473 0.0662448 0.74258 37.0264
0.744192 -0.10263 -0.660034 -29.2586 0.0308223 0.99235 -0.11955 -5.337 0.667254 0.0686246 0.741662 37.7913
0.744104 -0.0982635 -0.660798 -29.9527 0.0274555 0.992786 -0.116715 -5.4781 0.6675 0.0687054 0.741434 38.5454
0.743546 -0.0980541 -0.661457 -30.6309 0.028889 0.992977 -0.114724 -5.6163 0.66806 0.066194 0.741157 39.2927
0.744062 -0.0984983 -0.66081 -31.311 0.0305788 0.993057 -0.113591 -5.74289 0.66741 0.0643117 0.741908 40.0461
0.744923 -0.0985963 -0.659825 -31.9712 0.0318425 0.993147 -0.112455 -5.87036 0.66639 0.0627596 0.742957 40.7764
0.745256 -0.0992715 -0.659347 -32.6098 0.0344211 0.993264 -0.11064 -5.99507 0.665889 0.0597599 0.743653 41.4882
0.745076 -0.101514 -0.659209 -33.2115 0.0370592 0.993124 -0.111049 -6.1199 0.665949 0.05831 0.743715 42.1673
0.744676 -0.103488 -0.659354 -33.8037 0.0401833 0.993065 -0.110482 -6.23225 0.666216 0.0557781 0.74367 42.8296
0.744237 -0.102077 -0.66007 -34.3675 0.0392851 0.993232 -0.109304 -6.34651 0.66676 0.0554175 0.743209 43.4555
0.743149 -0.100869 -0.66148 -34.9064 0.0388817 0.993412 -0.107803 -6.45711 0.667996 0.0543943 0.742174 44.0564
0.742183 -0.103449 -0.662165 -35.4189 0.0423157 0.993277 -0.10775 -6.56174 0.66886 0.05195 0.741571 44.6325
0.7417 -0.105042 -0.662456 -35.9009 0.0421032 0.993004 -0.110315 -6.65667 0.66941 0.0539291 0.740934 45.1636
0.741266 -0.104447 -0.663035 -36.3746 0.040295 0.992962 -0.11137 -6.75163 0.670001 0.0558381 0.740257 45.6791
0.740684 -0.102707 -0.663957 -36.8346 0.0366053 0.992947 -0.112763 -6.84649 0.670855 0.0592174 0.73922 46.1751
0.739675 -0.105597 -0.664627 -37.2839 0.0379477 0.992586 -0.11547 -6.93951 0.671893 0.0601894 0.738198 46.6712
0.738506 -0.106831 -0.66573 -37.716 0.0394572 0.992523 -0.115502 -7.03444 0.673092 0.0590308 0.737199 47.1485
0.738585 -0.105007 -0.665932 -38.1604 0.0386145 0.992763 -0.113716 -7.11716 0.673053 0.0582744 0.737294 47.6232
0.73865 -0.101265 -0.666439 -38.5928 0.0348152 0.993063 -0.112308 -7.20235 0.673189 0.0597539 0.737052 48.0813
0.738124 -0.0995042 -0.667286 -39.0184 0.0327374 0.993181 -0.111888 -7.27952 0.67387 0.0607421 0.736349 48.5344
0.737942 -0.0995706 -0.667478 -39.4267 0.0328313 0.993181 -0.11186 -7.36441 0.674065 0.060632 0.73618 48.9825
0.738634 -0.0978848 -0.666962 -39.829 0.0315589 0.993338 -0.110834 -7.43827 0.673368 0.0608172 0.736802 49.4147
0.739547 -0.0969438 -0.666087 -40.2215 0.030786 0.99341 -0.110402 -7.51215 0.6724 0.0611412 0.737658 49.843
0.740529 -0.0936427 -0.665468 -40.6107 0.0298059 0.993846 -0.106683 -7.58846 0.671363 0.0591672 0.738763 50.2638
0.741021 -0.0900329 -0.665419 -40.9919 0.0300538 0.994424 -0.10108 -7.65799 0.670809 0.0549039 0.739595 50.6817
0.741188 -0.088494 -0.665439 -41.3598 0.0323107 0.994827 -0.0963093 -7.72837 0.670519 0.0498825 0.740213 51.093
0.741672 -0.0826305 -0.665653 -41.7361 0.0258312 0.995166 -0.0947531 -7.79243 0.670265 0.0530811 0.740221 51.4927
0.742282 -0.0788024 -0.665437 -42.1176 0.0205587 0.995272 -0.0949292 -7.85271 0.669772 0.0567838 0.740393 51.8992
0.742381 -0.0797431 -0.665215 -42.4925 0.0202804 0.995111 -0.0966566 -7.91645 0.66967 0.0582653 0.740369 52.3087
0.741273 -0.0864106 -0.665618 -42.8543 0.0254423 0.994583 -0.100783 -7.98201 0.670721 0.0577726 0.739456 52.7223
0.740593 -0.0922611 -0.66559 -43.2207 0.0323861 0.994279 -0.101787 -8.03817 0.671173 0.0538267 0.739344 53.1415
0.742934 -0.0885226 -0.663485 -43.61 0.0290984 0.994551 -0.100111 -8.09372 0.668732 0.0550694 0.741461 53.5595
0.745935 -0.0815363 -0.661009 -44.0063 0.0226848 0.995012 -0.0971366 -8.15328 0.665633 0.0574627 0.744064 53.9785
0.74881 -0.0765043 -0.658354 -44.3947 0.0211873 0.995571 -0.0915924 -8.21624 0.662446 0.0546365 0.747115 54.4162
0.753102 -0.0754166 -0.653567 -44.7878 0.0258026 0.99603 -0.085202 -8.28821 0.657397 0.047302 0.752058 54.8726
0.756881 -0.0774751 -0.648944 -45.1728 0.0306182 0.996062 -0.0832054 -8.33794 0.652835 0.0431071 0.756273 55.3348
0.759585 -0.0814975 -0.645282 -45.5591 0.0361991 0.995878 -0.0831656 -8.39663 0.6494 0.0398127 0.759404 55.8006
0.762493 -0.0855605 -0.641314 -45.9475 0.0412929 0.995632 -0.0837363 -8.45023 0.645678 0.0373667 0.762695 56.2749
0.766221 -0.0852502 -0.636897 -46.3423 0.0423817 0.995707 -0.0822904 -8.49859 0.641178 0.0360598 0.766544 56.7488
0.769688 -0.0847074 -0.632776 -46.743 0.0421938 0.995741 -0.081973 -8.55424 0.637024 0.0363944 0.769984 57.2371
0.772791 -0.084753 -0.628976 -47.1457 0.0417853 0.995688 -0.082827 -8.61222 0.633284 0.037726 0.773 57.7303
0.775355 -0.0871728 -0.625481 -47.553 0.0446665 0.995517 -0.0833753 -8.68048 0.629945 0.0367074 0.775772 58.2378
0.777037 -0.0917559 -0.622732 -47.961 0.0496359 0.99517 -0.0846974 -8.73934 0.627495 0.0349031 0.777838 58.7606
0.778279 -0.0933457 -0.620942 -48.3759 0.0520563 0.995076 -0.0843425 -8.79611 0.625757 0.0333181 0.779306 59.2845
0.779339 -0.0923746 -0.619756 -48.8028 0.0532273 0.995258 -0.0814102 -8.86027 0.624337 0.0304582 0.780561 59.8243
0.780284 -0.089941 -0.618924 -49.2344 0.0537538 0.995588 -0.0769092 -8.92076 0.623111 0.0267415 0.781676 60.3668
0.780244 -0.0900312 -0.618962 -49.666 0.0561908 0.995674 -0.0739936 -8.97952 0.622946 0.022953 0.781928 60.9187
0.780233 -0.0901698 -0.618955 -50.1153 0.0571471 0.995692 -0.0730154 -9.03622 0.622873 0.0215975 0.782025 61.4775
0.779313 -0.0910619 -0.619983 -50.5635 0.0587204 0.995644 -0.0724273 -9.1048 0.623878 0.0200378 0.781265 62.041
0.777363 -0.0919554 -0.622295 -51.0182 0.0596832 0.995577 -0.0725591 -9.16468 0.626215 0.0192642 0.779413 62.6025
0.774576 -0.0946691 -0.625356 -51.4802 0.0618315 0.995333 -0.0740923 -9.23084 0.629451 0.0187234 0.776814 63.1728
0.770842 -0.0960813 -0.629739 -51.9484 0.0639073 0.995237 -0.0736198 -9.29494 0.633813 0.0165043 0.773311 63.744
0.766659 -0.0955553 -0.634904 -52.4259 0.0645289 0.995324 -0.0718798 -9.35521 0.638803 0.0141377 0.76924 64.3111
0.762688 -0.0899776 -0.640478 -52.9115 0.0615776 0.995879 -0.066579 -9.41812 0.643829 0.0113399 0.765085 64.8744
0.75781 -0.0861751 -0.646759 -53.4001 0.0595903 0.996238 -0.062918 -9.47992 0.649748 0.00913928 0.760094 65.4314
0.751199 -0.0885838 -0.654105 -53.8848 0.0631276 0.996053 -0.0623948 -9.54207 0.657051 0.0055788 0.753826 65.9826
0.743179 -0.0912008 -0.662847 -54.3693 0.0652197 0.995823 -0.063891 -9.6064 0.665906 0.00425181 0.746024 66.5276
0.734406 -0.0942795 -0.672131 -54.8598 0.0654327 0.995527 -0.068147 -9.6643 0.675549 0.00606824 0.73729 67.0513
0.724502 -0.0937096 -0.682872 -55.3652 0.0627316 0.995568 -0.0700644 -9.72284 0.686412 0.00792416 0.72717 67.5685
0.713963 -0.0933943 -0.693927 -55.8745 0.062084 0.995605 -0.07012 -9.78839 0.697426 0.00698135 0.716623 68.0694
0.702718 -0.0905464 -0.705683 -56.386 0.0620619 0.995889 -0.0659817 -9.85355 0.708757 0.00257047 0.705448 68.565
0.691216 -0.0859608 -0.717517 -56.9104 0.06015 0.996298 -0.0614144 -9.91667 0.72014 -0.000708032 0.693828 69.0538
0.679543 -0.0808165 -0.72917 -57.445 0.0561822 0.996728 -0.0581123 -9.97526 0.731481 -0.0014766 0.68186 69.5344
0.667037 -0.078528 -0.740875 -57.9807 0.0532516 0.996911 -0.0577219 -10.0354 0.743119 -0.000950118 0.669159 69.989
0.653154 -0.082481 -0.75272 -58.5215 0.0551851 0.996592 -0.0613184 -10.0919 0.755212 -0.00148855 0.655479 70.445
0.640123 -0.0852569 -0.763527 -59.0711 0.0532686 0.996357 -0.066596 -10.1493 0.766424 0.00195757 0.642332 70.8931
0.628523 -0.0865479 -0.772961 -59.6285 0.0496587 0.996227 -0.0711675 -10.2067 0.776204 0.00634618 0.630449 71.3319
0.619654 -0.0841801 -0.780347 -60.2061 0.0437598 0.996391 -0.0727372 -10.2601 0.783654 0.0109241 0.621102 71.7556
0.612615 -0.0782557 -0.786498 -60.7785 0.0392057 0.99687 -0.0686496 -10.3184 0.789408 0.0112206 0.613766 72.187
0.609429 -0.0680065 -0.789919 -61.3686 0.0342762 0.997643 -0.0594458 -10.3815 0.792099 0.00915257 0.610323 72.6236
0.609997 -0.0627315 -0.789917 -61.9491 0.0340293 0.998016 -0.0529794 -10.441 0.791673 0.00543696 0.610921 73.0663
0.612763 -0.0614337 -0.787876 -62.5252 0.0332425 0.998095 -0.0519712 -10.5036 0.789568 0.00565503 0.613638 73.5021
0.618167 -0.0647534 -0.783375 -63.0918 0.0330042 0.99786 -0.0564388 -10.5561 0.785353 0.00903389 0.618982 73.9435
0.62631 -0.0682031 -0.776585 -63.6633 0.0332853 0.997597 -0.060769 -10.5999 0.778863 0.0122114 0.627075 74.3987
0.636018 -0.0685508 -0.768623 -64.2204 0.0339496 0.997568 -0.060877 -10.6513 0.770927 0.0126244 0.636798 74.8713
0.647552 -0.0667805 -0.75909 -64.7825 0.035079 0.997709 -0.0578482 -10.71 0.761214 0.0108316 0.648411 75.3554
0.659465 -0.0644885 -0.748964 -65.3435 0.0373692 0.997894 -0.0530187 -10.7712 0.750806 0.00697577 0.660486 75.8539
0.671012 -0.0649679 -0.738595 -65.8982 0.0414154 0.997883 -0.0501494 -10.8176 0.740289 0.00306168 0.672282 76.3721
0.682115 -0.0639047 -0.728447 -66.4468 0.0445706 0.997955 -0.0458122 -10.8606 0.729885 -0.00121817 0.683568 76.8983
0.693865 -0.0601472 -0.717589 -67.007 0.0459336 0.998173 -0.0392504 -10.9004 0.718639 -0.00572698 0.69536 77.442
0.704943 -0.0521935 -0.707341 -67.563 0.0435165 0.998593 -0.0303156 -10.939 0.707928 -0.00941024 0.706222 77.9957
0.71464 -0.0509703 -0.697632 -68.1169 0.0483894 0.998555 -0.0233871 -10.9755 0.697816 -0.0170446 0.716074 78.5676
0.721761 -0.0506611 -0.690285 -68.6593 0.0517903 0.998475 -0.0191276 -11.0074 0.690202 -0.0219446 0.723284 79.1441
0.726547 -0.0554907 -0.684873 -69.2043 0.0579475 0.998131 -0.0193984 -11.0353 0.684669 -0.0255928 0.728405 79.7418
0.730675 -0.0557641 -0.680444 -69.7586 0.057695 0.998137 -0.0198458 -11.0549 0.680283 -0.0247574 0.732531 80.3337
0.733898 -0.0514354 -0.67731 -70.3217 0.0568088 0.998283 -0.0142553 -11.0779 0.67688 -0.0280152 0.73556 80.9439
0.736234 -0.0438195 -0.675307 -70.8924 0.0548574 0.998482 -0.00498304 -11.1003 0.6745 -0.0333769 0.73752 81.5611
0.738681 -0.0420921 -0.67274 -71.4667 0.0588718 0.998263 0.00218288 -11.1193 0.671479 -0.0412179 0.739876 82.1928
0.740534 -0.0443028 -0.670557 -72.0312 0.0614848 0.998106 0.00195762 -11.132 0.6692 -0.0426787 0.741856 82.8253
0.743216 -0.0469707 -0.667401 -72.6021 0.0635493 0.997979 0.000532018 -11.1387 0.666027 -0.0428082 0.744699 83.464
0.74597 -0.0449068 -0.664464 -73.1917 0.0632317 0.997993 0.00354008 -11.1446 0.662971 -0.044656 0.747312 84.1141
0.748976 -0.0395809 -0.661414 -73.784 0.0631568 0.997934 0.0117987 -11.1534 0.65958 -0.0506097 0.749928 84.7824
0.752479 -0.031903 -0.657844 -74.3838 0.0620811 0.997815 0.0226215 -11.1555 0.655684 -0.0578619 0.752815 85.4605
0.756495 -0.0280067 -0.653399 -74.9825 0.060093 0.997833 0.0268044 -11.153 0.651232 -0.0595421 0.756539 86.1398
0.760307 -0.029037 -0.648915 -75.5689 0.0622646 0.997658 0.0283106 -11.1447 0.646573 -0.0619292 0.760334 86.8333
0.764417 -0.0275536 -0.644133 -76.1627 0.0614337 0.997653 0.0302297 -11.1292 0.641789 -0.0626796 0.764316 87.5244
0.768921 -0.0241532 -0.638888 -76.7566 0.060521 0.997549 0.0351264 -11.114 0.636473 -0.0656755 0.768497 88.232
0.772174 -0.0228186 -0.635001 -77.3402 0.063643 0.997107 0.0415604 -11.0974 0.632216 -0.0725053 0.771393 88.9534
0.775554 -0.025072 -0.630784 -77.9215 0.0676154 0.996762 0.043515 -11.0766 0.62765 -0.0763989 0.774738 89.6782
0.778831 -0.0293425 -0.626547 -78.5056 0.0717893 0.996511 0.0425694 -11.0532 0.623111 -0.0781337 0.778221 90.4115
0.78161 -0.0308478 -0.623004 -79.0916 0.0734925 0.996374 0.0428673 -11.0294 0.619423 -0.0792917 0.781043 91.144
0.783642 -0.029511 -0.620511 -79.6793 0.0734771 0.996262 0.0454126 -11.0048 0.616852 -0.0811806 0.782881 91.8808
0.785107 -0.0256949 -0.618827 -80.2663 0.0732096 0.995985 0.051526 -10.9773 0.615018 -0.0857575 0.783836 92.6236
0.786286 -0.0228023 -0.617442 -80.8637 0.073311 0.995702 0.0565869 -10.9452 0.613498 -0.0897587 0.784579 93.3735
0.786612 -0.0255939 -0.616917 -81.4511 0.077514 0.995329 0.0575427 -10.9118 0.612563 -0.0930835 0.784922 94.1321
0.786459 -0.0275256 -0.617028 -82.0411 0.0792566 0.995245 0.056622 -10.8769 0.612536 -0.0934345 0.784901 94.8826
0.786009 -0.0287016 -0.617549 -82.6419 0.0795711 0.99531 0.0550186 -10.8394 0.613073 -0.0923842 0.784606 95.6372
0.785138 -0.0296294 -0.618612 -83.2481 0.0835154 0.994797 0.0583498 -10.8085 0.613664 -0.0974763 0.783527 96.3989
0.783382 -0.029874 -0.620822 -83.8548 0.088564 0.994017 0.063922 -10.7699 0.615198 -0.105058 0.781341 97.1693
0.781071 -0.0292907 -0.623754 -84.471 0.092118 0.993375 0.0687035 -10.7235 0.61761 -0.111121 0.778595 97.9407
0.77834 -0.029619 -0.627144 -85.0883 0.0944952 0.993035 0.0703773 -10.6769 0.620691 -0.11404 0.775717 98.7066
0.774988 -0.0307048 -0.63123 -85.7267 0.096479 0.992859 0.0701559 -10.6307 0.624568 -0.11527 0.772416 99.4849
0.770437 -0.0326147 -0.636681 -86.3617 0.100051 0.992501 0.0702278 -10.5745 0.629616 -0.117807 0.767923 100.261
0.765576 -0.0290159 -0.64269 -87.0244 0.0991909 0.992361 0.073354 -10.5245 0.635652 -0.119907 0.762606 101.034
0.760636 -0.0291592 -0.648523 -87.6971 0.100892 0.992162 0.0737236 -10.469 0.641291 -0.121508 0.757616 101.809
0.755689 -0.030665 -0.654212 -88.3731 0.104044 0.991839 0.0736924 -10.4039 0.646613 -0.123756 0.752712 102.584
0.751108 -0.0281478 -0.659579 -89.0642 0.103023 0.991848 0.0749919 -10.3494 0.652091 -0.124279 0.747885 103.357
0.746791 -0.0269859 -0.664512 -89.7713 0.104561 0.991514 0.0772421 -10.2949 0.656788 -0.127166 0.743275 104.144
0.74211 -0.0303335 -0.669591 -90.4782 0.11006 0.990931 0.0770894 -10.2376 0.66118 -0.130904 0.738718 104.929
0.73769 -0.0333265 -0.674317 -91.191 0.11227 0.99093 0.0738466 -10.1819 0.66574 -0.130181 0.73474 105.708
0.734345 -0.0364078 -0.677799 -91.9242 0.114466 0.990902 0.070789 -10.1276 0.669055 -0.129568 0.731832 106.494
0.731588 -0.0379629 -0.68069 -92.6614 0.115552 0.990907 0.0689279 -10.0711 0.671883 -0.129082 0.729322 107.282
0.72915 -0.0398699 -0.683191 -93.4001 0.120085 0.990266 0.0703725 -10.0192 0.673736 -0.133353 0.726841 108.077
0.726811 -0.0410765 -0.685608 -94.1526 0.126111 0.98922 0.0744235 -9.96129 0.67516 -0.140555 0.724157 108.885
0.724785 -0.0425122 -0.687662 -94.9092 0.12895 0.988827 0.074781 -9.90805 0.6768 -0.142874 0.72217 109.686
0.722935 -0.0454033 -0.689422 -95.6681 0.127394 0.989489 0.0684218 -9.84858 0.67907 -0.137293 0.721121 110.475
0.722577 -0.0473752 -0.689665 -96.4386 0.124731 0.99021 0.062663 -9.78956 0.679944 -0.131301 0.721412 111.274
0.723397 -0.0444812 -0.688998 -97.2184 0.121514 0.990548 0.0636319 -9.74012 0.679655 -0.129754 0.721964 112.074
0.723969 -0.0381994 -0.688774 -97.9982 0.116252 0.990941 0.0672351 -9.68622 0.679967 -0.128748 0.721851 112.873
0.724785 -0.0367377 -0.687994 -98.789 0.116413 0.99075 0.069734 -9.62886 0.679068 -0.130634 0.722358 113.697
0.725796 -0.0403584 -0.686725 -99.574 0.120354 0.99033 0.0690006 -9.57432 0.6773 -0.132731 0.723635 114.532
0.726751 -0.0460104 -0.685358 -100.359 0.119683 0.990974 0.0603842 -9.52246 0.676394 -0.12591 0.725699 115.358
0.72785 -0.0499509 -0.683914 -101.154 0.115886 0.991958 0.050881 -9.47791 0.675873 -0.11629 0.727786 116.197
0.728807 -0.0538602 -0.682598 -101.948 0.115647 0.992262 0.0451817 -9.44411 0.674882 -0.111869 0.729396 117.046
0.730136 -0.0545796 -0.681119 -102.751 0.116278 0.99219 0.0451396 -9.41561 0.673336 -0.112157 0.73078 117.903
0.731135 -0.0574918 -0.679806 -103.549 0.120703 0.991624 0.0459537 -9.38061 0.671471 -0.115653 0.731951 118.771
0.731562 -0.0605451 -0.679082 -104.344 0.125567 0.990975 0.046918 -9.34316 0.670112 -0.119593 0.732562 119.635
0.732066 -0.0670687 -0.677925 -105.138 0.129909 0.990624 0.0422787 -9.31627 0.668733 -0.119019 0.733915 120.5
0.732401 -0.0712853 -0.677132 -105.934 0.131113 0.990657 0.0375231 -9.29137 0.668131 -0.116263 0.734904 121.366
0.733062 -0.0694913 -0.676603 -106.74 0.129216 0.990879 0.0382296 -9.26785 0.667775 -0.115453 0.735355 122.234
0.733881 -0.0651842 -0.676143 -107.551 0.126589 0.991072 0.0418531 -9.24848 0.667378 -0.116307 0.735581 123.106
0.734174 -0.0641123 -0.675927 -108.347 0.125543 0.991184 0.0423473 -9.2225 0.667253 -0.115949 0.735751 123.97
0.735452 -0.058819 -0.675019 -109.162 0.120367 0.991721 0.0447283 -9.19536 0.6668 -0.114146 0.736443 124.833
0.735984 -0.0572363 -0.674575 -109.967 0.120289 0.991621 0.0471019 -9.17265 0.666227 -0.11581 0.736702 125.706
0.73593 -0.0608046 -0.674321 -110.77 0.121789 0.991602 0.0435016 -9.14361 0.666013 -0.114139 0.737156 126.579
0.735956 -0.0661927 -0.673786 -111.583 0.122426 0.991814 0.0362865 -9.12071 0.665868 -0.109194 0.738035 127.464
0.735745 -0.0708568 -0.673542 -112.394 0.123656 0.991849 0.0307332 -9.09803 0.665875 -0.105899 0.73851 128.351
0.735557 -0.0715594 -0.673673 -113.201 0.125031 0.991663 0.0311797 -9.07628 0.665825 -0.107165 0.738372 129.235
0.736079 -0.0692903 -0.67334 -114.034 0.121371 0.992136 0.0305839 -9.06825 0.665925 -0.104236 0.7387 130.137
0.736387 -0.0724007 -0.672676 -114.851 0.119348 0.992567 0.0238205 -9.05982 0.665951 -0.0978233 0.739554 131.028
0.736731 -0.0781763 -0.671652 -115.664 0.117504 0.992983 0.0133116 -9.05312 0.665898 -0.0887285 0.740747 131.907
0.737486 -0.082419 -0.670314 -116.478 0.117616 0.993032 0.00730269 -9.05878 0.665042 -0.084225 0.742042 132.803
0.737661 -0.0835502 -0.669981 -117.287 0.120498 0.992674 0.00887921 -9.06587 0.664331 -0.0872815 0.742325 133.699
0.737627 -0.0858886 -0.669724 -118.092 0.126219 0.991932 0.0118066 -9.073 0.663306 -0.093241 0.742516 134.598
0.737769 -0.0875517 -0.669351 -118.898 0.129363 0.991513 0.0128953 -9.07522 0.662542 -0.0961032 0.742834 135.496
0.73759 -0.0918336 -0.668975 -119.693 0.133222 0.991027 0.0108433 -9.08136 0.661976 -0.0971202 0.743206 136.387
0.738707 -0.0919762 -0.667722 -120.5 0.130369 0.991436 0.0076624 -9.08908 0.661298 -0.0927108 0.744372 137.277
0.739876 -0.0914422 -0.666499 -121.305 0.126789 0.991919 0.00465831 -9.10305 0.660687 -0.0879512 0.745491 138.162
0.740892 -0.0881501 -0.665814 -122.121 0.1241 0.992247 0.00672559 -9.12642 0.660059 -0.0876104 0.746087 139.063
0.742235 -0.0819903 -0.665106 -122.924 0.120848 0.992592 0.0125016 -9.14217 0.659154 -0.089656 0.746645 139.943
0.743596 -0.0805903 -0.663754 -123.732 0.121955 0.992404 0.0161316 -9.15232 0.657413 -0.0929437 0.747777 140.858
0.745653 -0.0820804 -0.66126 -124.538 0.121698 0.992468 0.0140374 -9.15649 0.655127 -0.090941 0.750026 141.763
0.747064 -0.0872533 -0.659001 -125.325 0.124912 0.992115 0.0102455 -9.16737 0.652911 -0.0899711 0.752072 142.659
0.747939 -0.0906924 -0.657542 -126.112 0.127064 0.991864 0.00772793 -9.17607 0.651492 -0.0893299 0.753378 143.576
0.749231 -0.0924456 -0.655826 -126.903 0.129288 0.991575 0.00792839 -9.18778 0.649568 -0.0907305 0.754871 144.482
0.750823 -0.0914722 -0.654139 -127.688 0.128513 0.991668 0.00883698 -9.20614 0.64788 -0.0907005 0.756323 145.382
0.753164 -0.0896182 -0.6517 -128.479 0.126382 0.991935 0.00965267 -9.20748 0.645579 -0.0896329 0.758415 146.301
0.755812 -0.0864327 -0.649059 -129.269 0.125011 0.992064 0.013462 -9.21935 0.642745 -0.0913141 0.760619 147.215
0.757725 -0.0835695 -0.6472 -130.055 0.123524 0.992204 0.0165012 -9.22739 0.640776 -0.0924484 0.762141 148.129
0.759003 -0.0868689 -0.645266 -130.825 0.126585 0.991837 0.0153719 -9.2329 0.638663 -0.0933485 0.763804 149.045
0.760127 -0.0887131 -0.64369 -131.589 0.12542 0.992038 0.0113848 -9.24172 0.637556 -0.0893855 0.765201 149.959
0.761245 -0.0925281 -0.64183 -132.351 0.126807 0.9919 0.00740436 -9.24868 0.635946 -0.0870248 0.766811 150.863
0.761348 -0.0923219 -0.641737 -133.108 0.126923 0.991881 0.00788475 -9.26844 0.635799 -0.087454 0.766884 151.765
0.761818 -0.0897842 -0.641539 -133.861 0.125161 0.992088 0.00978262 -9.28178 0.635585 -0.0877481 0.767028 152.659
0.761944 -0.0894093 -0.641442 -134.612 0.124261 0.992206 0.00930314 -9.29698 0.635611 -0.0867947 0.767115 153.541
0.761582 -0.0864713 -0.642274 -135.35 0.122211 0.99244 0.0112976 -9.31411 0.636442 -0.0870971 0.766392 154.409
0.761066 -0.0856648 -0.642992 -136.09 0.12192 0.992466 0.0120841 -9.32275 0.637113 -0.0875906 0.765777 155.282
0.759945 -0.0839108 -0.644548 -136.81 0.121005 0.992561 0.0134524 -9.33348 0.638624 -0.0882167 0.764446 156.132
0.758304 -0.0856384 -0.646251 -137.526 0.121227 0.992567 0.0107153 -9.34947 0.64053 -0.0864683 0.763049 156.97
0.756654 -0.0884298 -0.647807 -138.245 0.1215 0.992571 0.00642222 -9.35812 0.642427 -0.0835678 0.761777 157.807
0.755273 -0.0911237 -0.649045 -138.964 0.121752 0.992558 0.00232683 -9.37209 0.644003 -0.0807798 0.760746 158.639
0.754047 -0.0905407 -0.65055 -139.681 0.120445 0.992719 0.00144492 -9.38933 0.645682 -0.0794452 0.759462 159.462
0.753067 -0.0892188 -0.651867 -140.408 0.118683 0.992931 0.00120903 -9.4088 0.647151 -0.078276 0.758333 160.29
0.752199 -0.0884726 -0.65297 -141.132 0.117049 0.993126 0.000275252 -9.4279 0.648457 -0.0766365 0.757384 161.118
0.751438 -0.0883915 -0.653856 -141.842 0.116392 0.993203 -0.000503448 -9.45748 0.649457 -0.0757255 0.756619 161.934
0.750798 -0.0882086 -0.654615 -142.554 0.116945 0.993138 0.000303627 -9.4838 0.650097 -0.0767819 0.755962 162.746
0.750899 -0.0864631 -0.654733 -143.266 0.115042 0.99336 0.000756989 -9.5078 0.65032 -0.0758899 0.75586 163.557
0.751912 -0.085768 -0.65366 -143.978 0.114754 0.993393 0.00165818 -9.53166 0.649199 -0.0762571 0.756786 164.378
0.753828 -0.0836159 -0.65173 -144.698 0.112046 0.993701 0.00210866 -9.54843 0.647448 -0.0746133 0.758448 165.201
0.756291 -0.081507 -0.649138 -145.412 0.110427 0.993877 0.00386231 -9.56944 0.644848 -0.0746035 0.760661 166.024
0.757935 -0.0829771 -0.647031 -146.102 0.10982 0.993951 0.00117647 -9.59515 0.64302 -0.0719487 0.762462 166.849
0.75926 -0.0903796 -0.644481 -146.797 0.114941 0.993365 -0.00389438 -9.61625 0.640557 -0.0711205 0.76461 167.679
0.760199 -0.0978771 -0.642276 -147.481 0.11969 0.992765 -0.00962266 -9.64274 0.63857 -0.0695591 0.766413 168.511
0.761524 -0.101564 -0.64013 -148.168 0.123574 0.992281 -0.010428 -9.67513 0.636248 -0.0711623 0.768196 169.343
0.763147 -0.101877 -0.638144 -148.857 0.125968 0.992004 -0.00772656 -9.70889 0.633829 -0.0744891 0.769878 170.172
0.765688 -0.0984025 -0.635641 -149.525 0.126729 0.991937 -0.000902852 -9.73195 0.630604 -0.079863 0.771985 170.977
0.76857 -0.0947409 -0.632712 -150.165 0.125542 0.99208 0.0039466 -9.76119 0.627327 -0.0824651 0.774377 171.761
0.771361 -0.0931789 -0.629539 -150.785 0.125525 0.992066 0.00696591 -9.78751 0.623895 -0.084396 0.776938 172.519
0.774303 -0.0906546 -0.626288 -151.374 0.123512 0.992302 0.00906833 -9.80658 0.620644 -0.084376 0.779539 173.259
0.778446 -0.088932 -0.62138 -151.936 0.121793 0.9925 0.010532 -9.83651 0.615783 -0.0838784 0.783439 173.972
0.7834 -0.0893368 -0.615064 -152.47 0.123404 0.992271 0.0130523 -9.86059 0.609144 -0.0861262 0.788369 174.675
0.789719 -0.086879 -0.607286 -152.986 0.118268 0.992912 0.01175 -9.86601 0.601961 -0.0811019 0.794396 175.341
0.796174 -0.083973 -0.599212 -153.489 0.112289 0.993626 0.00995286 -9.88273 0.594557 -0.0752092 0.800528 176.002
0.801975 -0.0914232 -0.59032 -153.973 0.118579 0.992918 0.00732126 -9.89991 0.58547 -0.0758712 0.807136 176.685
0.80655 -0.100227 -0.582608 -154.436 0.125613 0.992074 0.00322781 -9.91804 0.577667 -0.0757865 0.812747 177.362
0.811573 -0.103227 -0.57506 -154.903 0.124551 0.992211 -0.00233166 -9.93192 0.570821 -0.0697317 0.818108 178.033
0.816694 -0.104434 -0.567543 -155.375 0.121169 0.992597 -0.00828613 -9.94784 0.564207 -0.0620012 0.823302 178.706
0.821542 -0.10056 -0.561209 -155.838 0.117355 0.993071 -0.00614897 -9.9605 0.557939 -0.0608093 0.827651 179.375
0.827108 -0.0979983 -0.553433 -156.288 0.117487 0.993074 -0.000261727 -9.97668 0.549626 -0.0648049 0.832893 180.06
0.832059 -0.095027 -0.546487 -156.736 0.116183 0.993219 0.0041878 -9.99336 0.542383 -0.066977 0.837457 180.739
0.836283 -0.0919071 -0.54054 -157.175 0.112876 0.993593 0.00569472 -10.012 0.536553 -0.0657766 0.841299 181.411
0.839798 -0.0918791 -0.535068 -157.609 0.112563 0.993626 0.00604845 -10.0215 0.531102 -0.0653081 0.844787 182.095
0.842273 -0.0879267 -0.531833 -158.038 0.11024 0.993852 0.0102783 -10.0306 0.527659 -0.0672866 0.846787 182.773
0.844975 -0.0856605 -0.527902 -158.475 0.111525 0.993611 0.0172802 -10.0291 0.523049 -0.0734754 0.84913 183.471
0.84789 -0.0820023 -0.523793 -158.914 0.11126 0.993488 0.0245672 -10.0307 0.518367 -0.0791076 0.851492 184.175
0.850408 -0.0810713 -0.51984 -159.347 0.11337 0.993082 0.0305866 -10.0241 0.513764 -0.0849454 0.853716 184.892
0.852442 -0.0846742 -0.515919 -159.771 0.118088 0.99248 0.032226 -10.0188 0.509311 -0.0883949 0.856031 185.605
0.853067 -0.0925928 -0.51352 -160.188 0.125902 0.991578 0.0303585 -10.0121 0.506384 -0.0905509 0.857541 186.326
0.853852 -0.0994361 -0.51093 -160.61 0.128983 0.991389 0.0226104 -10.0013 0.504282 -0.0852071 0.859325 187.041
0.854674 -0.107112 -0.507996 -161.035 0.132364 0.991106 0.0137171 -9.99889 0.502009 -0.0789639 0.86125 187.771
0.855206 -0.110777 -0.506312 -161.455 0.133994 0.990936 0.00951912 -9.9905 0.500668 -0.0759837 0.862298 188.491
0.855733 -0.112124 -0.505123 -161.881 0.135054 0.990799 0.00886428 -9.99132 0.499481 -0.0758041 0.863002 189.225
0.856937 -0.106554 -0.504286 -162.332 0.131467 0.991222 0.0139616 -10.001 0.498372 -0.0782612 0.863424 189.971
0.857576 -0.106748 -0.503159 -162.771 0.13327 0.990935 0.016911 -10.0038 0.496793 -0.0815585 0.864028 190.72
0.858434 -0.103116 -0.502452 -163.209 0.13067 0.991228 0.0198232 -10.011 0.496 -0.0826723 0.864378 191.471
0.859455 -0.101373 -0.501059 -163.652 0.128725 0.991474 0.0202071 -10.0114 0.494739 -0.081866 0.865177 192.223
0.859651 -0.101761 -0.500645 -164.093 0.129961 0.991282 0.0216672 -10.0123 0.494075 -0.0836907 0.865382 192.989
0.859316 -0.104709 -0.500612 -164.535 0.133955 0.990727 0.022715 -10.0108 0.493591 -0.0865786 0.865374 193.763
0.859702 -0.102837 -0.500337 -164.992 0.132784 0.990842 0.0245014 -10.0058 0.493235 -0.0875004 0.865484 194.541
0.859859 -0.102142 -0.50021 -165.446 0.131674 0.991003 0.0239866 -9.99993 0.49326 -0.0864898 0.865572 195.321
0.859345 -0.106305 -0.500226 -165.897 0.135538 0.99052 0.0223421 -9.99353 0.493109 -0.0869992 0.865607 196.106
0.858555 -0.109781 -0.500832 -166.349 0.137142 0.990388 0.0180074 -9.98397 0.494041 -0.0841456 0.865357 196.884
0.858139 -0.111493 -0.501166 -166.801 0.136809 0.9905 0.0139009 -9.98094 0.494855 -0.0804928 0.86524 197.662
0.856967 -0.113313 -0.502761 -167.259 0.138729 0.990241 0.0132838 -9.9831 0.496349 -0.0811312 0.864323 198.466
0.856513 -0.112502 -0.503715 -167.733 0.138228 0.990303 0.0138634 -9.98321 0.497271 -0.0815018 0.863759 199.263
0.85605 -0.110562 -0.50493 -168.206 0.137786 0.99032 0.0167558 -9.98966 0.49819 -0.0839162 0.862997 200.061
0.855511 -0.106965 -0.506616 -168.686 0.136448 0.990418 0.0213026 -9.99394 0.499483 -0.0873511 0.861909 200.864
0.855091 -0.102781 -0.508188 -169.164 0.133926 0.990676 0.0249834 -9.99226 0.500882 -0.0894227 0.860884 201.663
0.854203 -0.101835 -0.50987 -169.641 0.133503 0.990713 0.0257904 -9.99124 0.502508 -0.0900994 0.859865 202.458
0.853116 -0.103665 -0.511318 -170.119 0.13441 0.990649 0.0234137 -9.98628 0.50411 -0.0887011 0.859072 203.251
0.852284 -0.105344 -0.512361 -170.601 0.133478 0.990883 0.0183021 -9.9844 0.505762 -0.0839875 0.858575 204.048
0.851459 -0.105021 -0.513797 -171.086 0.131898 0.991134 0.0159898 -9.98581 0.507563 -0.0813835 0.857763 204.846
0.850711 -0.10322 -0.515399 -171.578 0.131031 0.991219 0.017766 -9.98816 0.50904 -0.0826472 0.856766 205.653
0.850338 -0.102577 -0.516142 -172.068 0.132217 0.991001 0.0208763 -9.99139 0.509356 -0.0859946 0.856248 206.457
0.85081 -0.0996962 -0.515929 -172.559 0.12851 0.9915 0.0203296 -9.99463 0.509517 -0.0835985 0.85639 207.261
0.851956 -0.100579 -0.513862 -173.047 0.128781 0.991482 0.0194486 -9.99369 0.507529 -0.0827452 0.857652 208.062
0.853184 -0.10007 -0.511921 -173.531 0.128451 0.991509 0.020261 -9.98806 0.505547 -0.0830429 0.858794 208.868
0.855735 -0.0986441 -0.507925 -174.018 0.128171 0.991476 0.0233838 -9.987 0.501289 -0.0851116 0.861084 209.682
0.858229 -0.0993544 -0.50356 -174.499 0.128324 0.991464 0.0230857 -9.98622 0.496967 -0.0844316 0.863652 210.496
0.860741 -0.0998648 -0.499151 -174.976 0.127427 0.991618 0.0213438 -9.9843 0.492836 -0.0819769 0.866252 211.314
0.863382 -0.100387 -0.494463 -175.446 0.12745 0.991618 0.0212202 -9.9752 0.488188 -0.0813403 0.86894 212.142
0.866196 -0.0989855 -0.489802 -175.911 0.126227 0.991739 0.0228051 -9.97453 0.483498 -0.0815801 0.871535 212.963
0.869027 -0.0997595 -0.484603 -176.373 0.12619 0.991759 0.0221311 -9.97229 0.478402 -0.0803844 0.874454 213.795
0.870714 -0.103689 -0.480735 -176.822 0.129791 0.991313 0.0212636 -9.96589 0.474354 -0.0809095 0.876608 214.619
0.871602 -0.103746 -0.479111 -177.272 0.130908 0.991115 0.0235329 -9.96488 0.472413 -0.0832305 0.877439 215.445
0.872897 -0.100636 -0.477412 -177.73 0.130114 0.991075 0.0289869 -9.95484 0.470234 -0.0874207 0.878201 216.276
0.874158 -0.100623 -0.475103 -178.175 0.13161 0.990775 0.0323151 -9.94986 0.467468 -0.0907767 0.879337 217.105
0.875474 -0.10267 -0.472234 -178.605 0.132079 0.990802 0.0294479 -9.9385 0.464866 -0.088153 0.880981 217.926
0.877121 -0.106244 -0.46837 -179.043 0.133772 0.990676 0.0257937 -9.93002 0.461263 -0.0852791 0.883156 218.746
0.878661 -0.105087 -0.465738 -179.474 0.131817 0.990956 0.0250915 -9.9252 0.458889 -0.0834391 0.884567 219.563
0.880369 -0.105123 -0.462492 -179.906 0.133266 0.990671 0.0284992 -9.91879 0.455181 -0.0867241 0.886165 220.389
0.881803 -0.107547 -0.459192 -180.331 0.137072 0.990065 0.0313419 -9.91081 0.451259 -0.0905796 0.887784 221.223
0.883938 -0.10742 -0.455098 -180.751 0.13633 0.990176 0.0310761 -9.90731 0.447289 -0.0895131 0.889899 222.04
0.885845 -0.109526 -0.450868 -181.167 0.137569 0.990044 0.0297843 -9.89479 0.443117 -0.0884096 0.892094 222.862
0.887444 -0.109821 -0.447641 -181.582 0.138148 0.989926 0.0310171 -9.88343 0.439725 -0.0893669 0.893675 223.685
0.888926 -0.112858 -0.44393 -181.98 0.142449 0.989226 0.0337533 -9.87538 0.435338 -0.0932416 0.895426 224.504
0.8906 -0.114284 -0.440195 -182.38 0.143826 0.989011 0.0342202 -9.86388 0.431447 -0.093788 0.89725 225.324
0.892955 -0.114685 -0.435292 -182.779 0.14399 0.988966 0.0348193 -9.85388 0.426495 -0.0937696 0.899616 226.143
0.895363 -0.115009 -0.430231 -183.168 0.143448 0.989069 0.0341369 -9.83835 0.421602 -0.0922808 0.902073 226.957
0.897955 -0.114564 -0.424914 -183.551 0.142987 0.989088 0.0354939 -9.8252 0.416211 -0.092629 0.904538 227.775
0.90079 -0.11304 -0.419285 -183.933 0.141877 0.98915 0.0381324 -9.81052 0.410425 -0.0938363 0.907054 228.597
0.903225 -0.111727 -0.414369 -184.304 0.140791 0.989224 0.0401644 -9.79333 0.405417 -0.0946168 0.909222 229.412
0.90608 -0.110486 -0.408426 -184.674 0.139949 0.98923 0.0428692 -9.77527 0.399291 -0.0960018 0.911784 230.228
0.908499 -0.110439 -0.403029 -185.033 0.138995 0.989393 0.0422039 -9.75144 0.394094 -0.0943613 0.914213 231.038
0.91134 -0.108116 -0.397204 -185.393 0.135374 0.98994 0.0411464 -9.73444 0.38876 -0.0912696 0.916807 231.847
0.913572 -0.110655 -0.391334 -185.735 0.136223 0.989946 0.0380936 -9.71591 0.383184 -0.0881099 0.91946 232.652
0.915265 -0.113446 -0.386548 -186.069 0.137736 0.989828 0.0356312 -9.70099 0.378574 -0.0858537 0.921581 233.461
0.917484 -0.113892 -0.381119 -186.403 0.136651 0.990066 0.0330999 -9.6874 0.373564 -0.0824491 0.923933 234.268
0.919895 -0.112752 -0.375606 -186.746 0.135708 0.990125 0.0351391 -9.67215 0.367935 -0.0832971 0.926113 235.071
0.921927 -0.111965 -0.370829 -187.057 0.135793 0.989981 0.0386921 -9.66397 0.362782 -0.0860274 0.927895 235.849
0.924091 -0.11139 -0.365578 -187.35 0.135213 0.990003 0.0401357 -9.65499 0.357453 -0.08652 0.929915 236.588
0.926653 -0.108613 -0.359886 -187.633 0.131094 0.990619 0.0385792 -9.64513 0.35232 -0.0829283 0.932198 237.298
0.929246 -0.106146 -0.353886 -187.9 0.126383 0.991381 0.0345009 -9.64072 0.347173 -0.0767848 0.934652 237.982
0.93317 -0.101345 -0.344851 -188.153 0.119569 0.992312 0.0319323 -9.63372 0.338964 -0.0710317 0.938114 238.637
0.937964 -0.0987303 -0.33238 -188.368 0.115442 0.992835 0.0308595 -9.62844 0.326952 -0.0673155 0.942641 239.261
0.942523 -0.0986293 -0.319252 -188.568 0.114869 0.992852 0.0323966 -9.62057 0.313775 -0.0672069 0.947116 239.862
0.945681 -0.0973634 -0.310175 -188.754 0.113003 0.993053 0.0328146 -9.61632 0.304825 -0.066083 0.950113 240.447
0.946679 -0.100326 -0.306159 -188.938 0.115719 0.99275 0.0325007 -9.6121 0.300679 -0.0661962 0.951425 241.027
