0.999979 0.000136162 -0.00650221 -0.0433167 -0.00012901 0.999999 0.00110023 -0.075096 0.00650236 -0.00109937 0.999978 2.58904
0.999923 0.000621585 -0.0123617 -0.0806607 -0.00057525 0.999993 0.00375146 -0.110695 0.0123639 -0.00374406 0.999917 5.19501
0.999832 0.000991765 -0.0183289 -0.116329 -0.000892484 0.999985 0.00542405 -0.139707 0.018334 -0.00540677 0.999817 7.82093
0.999705 0.000479105 -0.0242826 -0.180727 -0.000350887 0.999986 0.00528426 -0.173978 0.0242848 -0.00527418 0.999691 10.5041
0.999569 -0.000438837 -0.0293617 -0.247234 0.000566012 0.99999 0.00432314 -0.209695 0.0293596 -0.00433789 0.99956 13.0152
0.999408 -0.0016669 -0.0343531 -0.33936 0.00177389 0.999994 0.00308427 -0.240874 0.0343478 -0.00314338 0.999405 15.6051
0.999224 -0.00179307 -0.0393473 -0.446511 0.00190737 0.999994 0.00286774 -0.290944 0.039342 -0.00294057 0.999221 18.2366
0.999009 -0.00144309 -0.0444784 -0.577457 0.0015677 0.999995 0.00276664 -0.338752 0.0444742 -0.00283363 0.999007 20.8481
0.998768 0.000689491 -0.049617 -0.714478 -0.000588637 0.999998 0.00204724 -0.389598 0.0496183 -0.00201551 0.998766 23.4104
0.998488 0.0016253 -0.0549433 -0.833721 -0.0016028 0.999999 0.00045347 -0.435764 0.054944 -0.000364721 0.998489 25.9581
0.998163 0.00285885 -0.0605136 -0.974906 -0.00283181 0.999996 0.00053255 -0.4941 0.0605149 -0.000360208 0.998167 28.572
0.997823 0.0046662 -0.0657867 -1.17858 -0.00454091 0.999988 0.00205394 -0.563461 0.0657955 -0.00175073 0.997832 31.1816
0.997431 0.00528378 -0.0714435 -1.368 -0.00505329 0.999981 0.00340646 -0.588351 0.0714602 -0.00303668 0.997439 33.8388
0.996988 0.00444577 -0.0774224 -1.54349 -0.00407455 0.999979 0.00495209 -0.639164 0.0774429 -0.00462171 0.996986 36.4149
0.996562 0.00285461 -0.0827961 -1.76466 -0.00239457 0.999981 0.00565509 -0.699072 0.0828107 -0.00543739 0.99655 39.1051
0.99608 0.000601375 -0.0884548 -1.98407 -6.69641e-06 0.999977 0.00672311 -0.747623 0.0884569 -0.00669616 0.996058 41.688
0.995544 -0.00162185 -0.0942822 -2.20385 0.00236628 0.999967 0.00778445 -0.791003 0.0942665 -0.00797286 0.995515 44.1429
0.995012 -0.00417452 -0.0996661 -2.45959 0.00493245 0.999961 0.00735953 -0.814864 0.0996314 -0.00781442 0.994994 46.6724
0.994423 -0.00449617 -0.105369 -2.7208 0.00515481 0.999969 0.00597928 -0.878083 0.105339 -0.00648909 0.994415 49.2155
0.993881 -0.00385216 -0.11039 -3.00965 0.00437939 0.99998 0.00453407 -0.927865 0.11037 -0.00498976 0.993878 51.7715
0.993371 -0.00298176 -0.114917 -3.31589 0.00347448 0.999986 0.00408759 -0.975901 0.114903 -0.00445977 0.993367 54.2571
0.992918 -0.00198589 -0.118784 -3.66466 0.00258699 0.999985 0.00490646 -1.04501 0.118773 -0.00517901 0.992908 56.8095
0.992437 -0.00177586 -0.122745 -3.98735 0.00255241 0.999978 0.00616952 -1.06467 0.122731 -0.00643615 0.992419 59.336
0.991935 -0.00222852 -0.126728 -4.30246 0.00321476 0.999966 0.00757831 -1.1213 0.126707 -0.00792459 0.991909 61.8577
0.991421 -0.00318346 -0.130666 -4.64257 0.00405084 0.999971 0.00637286 -1.16543 0.130642 -0.00684749 0.991406 64.4399
0.990888 -0.00435773 -0.134621 -4.95752 0.00522332 0.999968 0.00607732 -1.20929 0.134591 -0.00672511 0.990878 66.7822
0.990315 -0.0064614 -0.138687 -5.31507 0.00745791 0.99995 0.0066668 -1.2488 0.138637 -0.00763655 0.990314 69.4975
0.989695 -0.00915376 -0.142898 -5.66534 0.0103636 0.999916 0.00772444 -1.29418 0.142816 -0.00912578 0.989707 72.0026
0.989093 -0.0105727 -0.146915 -6.0523 0.0117939 0.999903 0.00744367 -1.32813 0.146822 -0.00909518 0.989121 74.5318
0.988422 -0.0127363 -0.151191 -6.40576 0.0137405 0.99989 0.00559928 -1.3625 0.151103 -0.0076119 0.988489 76.9782
0.987877 -0.0134868 -0.154654 -6.82799 0.0143612 0.999887 0.0045381 -1.38977 0.154575 -0.00670411 0.987958 79.6735
0.987269 -0.0139298 -0.158451 -7.22419 0.0149928 0.999872 0.00551545 -1.43149 0.158354 -0.00782086 0.987351 82.1481
0.986549 -0.0154406 -0.162737 -7.61774 0.0167195 0.999839 0.00649184 -1.43341 0.16261 -0.00912539 0.986648 84.9597
0.985932 -0.016845 -0.166294 -8.05403 0.0183494 0.999803 0.00751407 -1.48217 0.166135 -0.0104598 0.986048 87.4797
0.985346 -0.0184164 -0.169573 -8.43609 0.019913 0.999776 0.00712882 -1.51755 0.169403 -0.010401 0.985492 89.8758
0.984815 -0.0197201 -0.172481 -8.89127 0.0209768 0.999765 0.00546635 -1.56658 0.172332 -0.00900144 0.984998 92.3419
0.984338 -0.0208362 -0.175057 -9.36131 0.0216428 0.999762 0.00269992 -1.62127 0.174959 -0.00644636 0.984555 94.9363
0.983805 -0.022251 -0.177855 -9.77462 0.0230671 0.999731 0.00252225 -1.65642 0.177751 -0.006584 0.984054 97.5584
0.983181 -0.0254369 -0.180856 -10.1843 0.0268195 0.999627 0.00520322 -1.70238 0.180656 -0.00996616 0.983496 99.9371
0.982553 -0.0302225 -0.183511 -10.675 0.031912 0.999471 0.00625927 -1.76466 0.183225 -0.0120063 0.982998 102.457
0.981789 -0.0335386 -0.18699 -11.1173 0.0349979 0.999377 0.00450748 -1.8284 0.186722 -0.0109697 0.982351 104.828
0.981155 -0.0357496 -0.189888 -11.5933 0.036652 0.999327 0.00124149 -1.87623 0.189716 -0.00817789 0.981805 107.314
0.980789 -0.0338345 -0.192113 -12.0917 0.0345634 0.999402 0.000443444 -1.93078 0.191984 -0.00707503 0.981373 109.785
0.980482 -0.0299092 -0.194318 -12.5872 0.0306926 0.999528 0.0010213 -1.99825 0.194196 -0.00696549 0.980938 112.316
0.980185 -0.0257241 -0.196407 -13.0626 0.0265512 0.999646 0.00157902 -2.0129 0.196297 -0.00676257 0.980521 114.761
0.97987 -0.0218988 -0.19843 -13.559 0.0229582 0.999732 0.00303958 -2.07169 0.198311 -0.007534 0.98011 117.222
0.979554 -0.0192937 -0.200256 -14.0543 0.0204868 0.999783 0.00388689 -2.13651 0.200138 -0.00791002 0.979736 119.565
0.979184 -0.01904 -0.202078 -14.5556 0.0202187 0.999788 0.00376988 -2.17801 0.201963 -0.00777715 0.979362 121.905
0.978761 -0.0203153 -0.203994 -15.0587 0.0217102 0.999754 0.0046024 -2.21254 0.203851 -0.00893341 0.978961 124.269
0.978246 -0.0236599 -0.206096 -15.5888 0.0254815 0.999656 0.00618875 -2.2817 0.205879 -0.0113058 0.978512 126.742
0.977734 -0.0278506 -0.207992 -16.102 0.0299712 0.999526 0.00705057 -2.38118 0.207697 -0.0131273 0.978105 129.206
0.9772 -0.0315591 -0.209962 -16.5997 0.0334634 0.999425 0.00552219 -2.41565 0.209667 -0.0124223 0.977694 131.547
0.976922 -0.0341383 -0.21085 -17.1112 0.0357521 0.999353 0.00384511 -2.45532 0.210582 -0.0112947 0.977511 134.009
0.976667 -0.0358645 -0.211742 -17.5471 0.0372812 0.999301 0.00270109 -2.51112 0.211497 -0.0105321 0.977322 136.404
0.976556 -0.038036 -0.211875 -18.0674 0.0395642 0.999213 0.00297634 -2.55823 0.211595 -0.0112893 0.977292 138.831
0.976522 -0.0403709 -0.2116 -18.5701 0.0423573 0.999091 0.00486161 -2.61045 0.211211 -0.0137103 0.977344 141.151
0.97653 -0.0438556 -0.210868 -19.0788 0.0463982 0.998898 0.00712288 -2.66443 0.210323 -0.0167396 0.977489 143.487
0.976585 -0.0477157 -0.209771 -19.5908 0.0505924 0.998684 0.00836535 -2.72005 0.209096 -0.0187823 0.977715 145.872
0.976649 -0.0533485 -0.20811 -20.0709 0.0563449 0.998375 0.00849243 -2.75628 0.207319 -0.0200201 0.978069 148.148
0.976902 -0.0578396 -0.205709 -20.5617 0.0607195 0.998125 0.00770943 -2.78299 0.204877 -0.0200219 0.978583 150.519
0.977296 -0.0612913 -0.202821 -21.0482 0.0638903 0.997937 0.00628541 -2.81456 0.202017 -0.019101 0.979196 152.827
0.977658 -0.0640903 -0.200193 -21.5179 0.0664733 0.997775 0.0051975 -2.8499 0.199414 -0.0183888 0.979743 155.317
0.978299 -0.0654867 -0.196579 -22.0134 0.0676897 0.997696 0.00450139 -2.89965 0.195832 -0.0177101 0.980478 157.639
0.978712 -0.0676315 -0.193775 -22.4873 0.0697154 0.997559 0.0039476 -2.95872 0.193035 -0.0173727 0.981038 159.936
0.978987 -0.0700469 -0.191516 -22.9661 0.0717791 0.997418 0.00211329 -3.01079 0.190874 -0.0158157 0.981487 162.299
0.979087 -0.0716564 -0.190403 -23.4113 0.0733347 0.997306 0.00177372 -3.06793 0.189763 -0.0156998 0.981704 164.541
0.979196 -0.0731444 -0.189277 -23.8408 0.0750458 0.997176 0.00288864 -3.13327 0.188531 -0.017033 0.98192 166.885
0.979379 -0.074272 -0.187884 -24.3088 0.0766263 0.997046 0.0052883 -3.17097 0.186936 -0.0195761 0.982177 169.197
0.979431 -0.0768 -0.186595 -24.7483 0.0795541 0.996804 0.00730562 -3.23005 0.185437 -0.0219997 0.98241 171.5
0.979286 -0.0803994 -0.185837 -25.2163 0.0833091 0.996493 0.00788909 -3.25186 0.184551 -0.0232076 0.982549 173.87
0.979066 -0.0844416 -0.185203 -25.6579 0.0874869 0.996131 0.00831823 -3.29549 0.183784 -0.0243469 0.982665 176.227
0.979003 -0.0869695 -0.184361 -26.0999 0.0901746 0.995885 0.00905585 -3.32804 0.182814 -0.0254903 0.982817 178.564
0.979002 -0.0888135 -0.183486 -26.5179 0.0920317 0.995715 0.00908135 -3.37988 0.181894 -0.0257772 0.98298 180.937
0.979232 -0.0898411 -0.18175 -26.9669 0.0927887 0.995656 0.00776249 -3.40367 0.180263 -0.0244656 0.983314 183.274
0.979465 -0.0904777 -0.180171 -27.3996 0.09312 0.995635 0.00624405 -3.44562 0.178819 -0.0228933 0.983616 185.605
0.980087 -0.0888637 -0.177574 -27.8326 0.0911565 0.995825 0.00477898 -3.4962 0.176407 -0.0208708 0.984096 187.839
0.980748 -0.0871926 -0.17473 -28.289 0.0893313 0.995992 0.00439759 -3.55046 0.173646 -0.0199218 0.984607 190.212
0.981216 -0.0864728 -0.172445 -28.72 0.0885953 0.996057 0.00463536 -3.5891 0.171364 -0.0198261 0.985008 192.579
0.981678 -0.0860502 -0.17001 -29.1447 0.0882787 0.99608 0.00557818 -3.63915 0.168864 -0.0204843 0.985427 194.843
0.98196 -0.0861894 -0.168302 -29.5395 0.0886869 0.996032 0.00736514 -3.68137 0.166999 -0.0221584 0.985708 197.102
0.982024 -0.0885554 -0.166695 -29.948 0.0912523 0.995791 0.00857447 -3.72766 0.165234 -0.0236317 0.985971 199.465
0.981876 -0.0929666 -0.165159 -30.3138 0.0956767 0.995376 0.00851211 -3.75712 0.163604 -0.0241597 0.98623 201.767
0.981547 -0.0984373 -0.163936 -30.6888 0.101238 0.994823 0.00879826 -3.77647 0.162221 -0.0252325 0.986432 204.084
0.981114 -0.104627 -0.162692 -31.0584 0.107498 0.994165 0.00892201 -3.78931 0.160809 -0.0262426 0.986637 206.5
0.981125 -0.108255 -0.160231 -31.42 0.111157 0.99376 0.0092313 -3.81057 0.158232 -0.0268678 0.987036 208.639
0.981445 -0.109768 -0.157218 -31.8024 0.112669 0.993586 0.00963428 -3.83961 0.155152 -0.0271691 0.987517 210.885
0.981858 -0.110431 -0.154143 -32.1663 0.113286 0.993514 0.00983228 -3.87243 0.152057 -0.0271161 0.988 213.173
0.982373 -0.110306 -0.150917 -32.5366 0.112981 0.993554 0.00924022 -3.90291 0.148925 -0.0261282 0.988503 215.53
0.983087 -0.10909 -0.147104 -32.8836 0.111602 0.993713 0.00890593 -3.94816 0.145207 -0.0251723 0.989081 217.784
0.983859 -0.108024 -0.14266 -33.2275 0.110385 0.993851 0.00871367 -3.97464 0.140842 -0.0243206 0.989733 220.126
0.984519 -0.107588 -0.138373 -33.5445 0.109955 0.993891 0.00955735 -4.01395 0.136499 -0.0246242 0.990334 222.301
0.984958 -0.109063 -0.134025 -33.8629 0.111389 0.993727 0.00996239 -4.04454 0.132098 -0.0247415 0.990928 224.58
0.985224 -0.111353 -0.130132 -34.1227 0.113606 0.993476 0.00999838 -4.09272 0.12817 -0.0246345 0.991446 226.809
0.985323 -0.114572 -0.126538 -34.4106 0.116741 0.993114 0.00983462 -4.10556 0.12454 -0.0244624 0.991913 229.105
0.985458 -0.117179 -0.123048 -34.7074 0.119272 0.992814 0.00975478 -4.13429 0.121021 -0.0242891 0.992353 231.434
0.98563 -0.11925 -0.119638 -34.9854 0.121171 0.992592 0.00888837 -4.1744 0.117692 -0.0232573 0.992778 233.688
0.986043 -0.11976 -0.115657 -35.2898 0.121565 0.992546 0.00866172 -4.18252 0.113757 -0.0226007 0.993251 236.008
0.986275 -0.121297 -0.112021 -35.5512 0.123152 0.99234 0.00976044 -4.21599 0.109979 -0.0234221 0.993658 238.255
0.986739 -0.120816 -0.108401 -35.813 0.122824 0.992356 0.0120238 -4.24378 0.106119 -0.0251786 0.994035 240.51
0.98718 -0.120471 -0.104699 -36.0861 0.122609 0.992353 0.0142014 -4.27643 0.102187 -0.0268564 0.994403 242.867
0.987592 -0.120691 -0.100481 -36.3601 0.122811 0.992314 0.0151674 -4.30156 0.0978778 -0.0273193 0.994823 245.158
0.98801 -0.121054 -0.0958265 -36.5901 0.122991 0.992301 0.0145484 -4.31894 0.0933276 -0.0261598 0.995292 247.547
0.988319 -0.122211 -0.0910482 -36.8063 0.123924 0.992202 0.0133802 -4.33834 0.088703 -0.0245069 0.995757 249.838
0.988607 -0.12353 -0.0860069 -37.0142 0.125111 0.992055 0.0132114 -4.34773 0.0836915 -0.0238212 0.996207 252.069
0.988648 -0.126513 -0.0810496 -37.1945 0.127971 0.991692 0.0130356 -4.35138 0.0787271 -0.0232597 0.996625 254.361
0.988944 -0.127435 -0.0758239 -37.3833 0.128747 0.991597 0.0126486 -4.38397 0.0735748 -0.0222709 0.997041 256.648
0.989166 -0.128735 -0.0705528 -37.5541 0.129873 0.991461 0.0117713 -4.40202 0.0684349 -0.0208067 0.997439 258.96
0.989578 -0.12831 -0.0653525 -37.6922 0.129329 0.991534 0.0115959 -4.40577 0.0633113 -0.019927 0.997795 261.283
0.989951 -0.127996 -0.0601089 -37.8058 0.128925 0.991584 0.0118231 -4.41458 0.0580897 -0.0194539 0.998122 263.635
0.990235 -0.128026 -0.0551708 -37.9193 0.128911 0.991574 0.0127809 -4.44149 0.0530696 -0.0197682 0.998395 265.98
0.990432 -0.128721 -0.0497454 -38.0464 0.129513 0.991492 0.0130183 -4.47302 0.0476465 -0.0193365 0.998677 268.241
0.990674 -0.128821 -0.0443797 -38.1504 0.129516 0.99149 0.0131469 -4.48759 0.0423084 -0.0187722 0.998928 270.477
0.990781 -0.129662 -0.039251 -38.2574 0.130309 0.991369 0.0143774 -4.49854 0.0370481 -0.0193596 0.999126 272.738
0.99084 -0.13065 -0.0341448 -38.3577 0.131236 0.991229 0.0155374 -4.51191 0.0318154 -0.0198761 0.999296 274.972
0.990918 -0.131219 -0.0293628 -38.4188 0.131732 0.991152 0.0162654 -4.52583 0.0269687 -0.0199857 0.999436 277.246
0.990946 -0.132082 -0.0241069 -38.493 0.132491 0.991052 0.0162083 -4.54072 0.0217504 -0.0192555 0.999578 279.486
0.990906 -0.133235 -0.0188047 -38.5489 0.133543 0.990911 0.0161808 -4.55293 0.016478 -0.0185449 0.999692 281.715
0.990877 -0.134094 -0.0134518 -38.5874 0.134295 0.990822 0.0153849 -4.54012 0.0112653 -0.017051 0.999791 283.999
0.990813 -0.134992 -0.00817385 -38.6109 0.135109 0.990704 0.0158747 -4.54695 0.0059549 -0.0168332 0.999841 286.242
0.990599 -0.136769 -0.00290585 -38.6374 0.136798 0.990474 0.015755 -4.54158 0.000723372 -0.0160044 0.999872 288.517
0.990263 -0.139192 0.00219084 -38.662 0.139141 0.990148 0.0156829 -4.54574 -0.00435219 -0.0152254 0.999875 290.765
0.989965 -0.141145 0.00695117 -38.6359 0.141019 0.989874 0.016199 -4.55191 -0.00916719 -0.0150562 0.999845 293.056
0.989751 -0.142308 0.0119334 -38.6383 0.142079 0.989687 0.0182384 -4.57066 -0.0144058 -0.016356 0.999762 295.333
0.989579 -0.143029 0.0166277 -38.6021 0.142699 0.989572 0.0195753 -4.57619 -0.0192541 -0.0169985 0.99967 297.591
0.989486 -0.143042 0.0213706 -38.5546 0.142616 0.989571 0.0202604 -4.57805 -0.0240458 -0.0169996 0.999566 299.796
0.989457 -0.142404 0.0263887 -38.5125 0.141879 0.989666 0.0207967 -4.59688 -0.0290775 -0.0168334 0.999435 302.025
0.989337 -0.142201 0.0314753 -38.4687 0.141572 0.989697 0.0213782 -4.60937 -0.034191 -0.0166942 0.999276 304.249
0.989189 -0.142124 0.0361377 -38.3947 0.141396 0.989709 0.0219705 -4.60331 -0.0388883 -0.0166233 0.999105 306.469
0.988951 -0.142453 0.0410165 -38.3193 0.141597 0.989655 0.0231011 -4.61999 -0.043883 -0.0170381 0.998891 308.715
0.988564 -0.143598 0.0460579 -38.233 0.142618 0.989489 0.0239116 -4.6051 -0.0490074 -0.0170694 0.998653 310.956
0.988029 -0.145597 0.0509893 -38.1421 0.144448 0.989182 0.0255547 -4.59844 -0.0541583 -0.0178835 0.998372 313.171
0.98718 -0.149502 0.0559007 -38.0056 0.148251 0.98861 0.0259095 -4.58366 -0.0591375 -0.01729 0.9981 315.409
0.986478 -0.151968 0.0613689 -37.8855 0.150819 0.988295 0.0229635 -4.56481 -0.0641403 -0.0133974 0.997851 317.632
0.986048 -0.152409 0.0669346 -37.7424 0.151368 0.988267 0.020379 -4.56274 -0.0692553 -0.00996294 0.997549 319.866
0.985893 -0.150784 0.0726533 -37.594 0.149751 0.988532 0.0194929 -4.55434 -0.0747593 -0.00833802 0.997167 322.057
0.985638 -0.149476 0.07858 -37.4341 0.14846 0.988743 0.0186512 -4.55704 -0.0804833 -0.00671729 0.996733 324.233
0.985291 -0.148673 0.0842511 -37.2739 0.147642 0.98887 0.018366 -4.54934 -0.086044 -0.00565683 0.996275 326.461
0.985012 -0.147019 0.090205 -37.0994 0.146004 0.989124 0.0177854 -4.55462 -0.0918387 -0.00434856 0.995764 328.669
0.984699 -0.145756 0.0955177 -36.918 0.144614 0.989309 0.0188055 -4.5391 -0.0972376 -0.00470455 0.99525 330.899
0.983988 -0.147004 0.100789 -36.7108 0.145708 0.989123 0.02014 -4.5363 -0.102653 -0.00513184 0.994704 333.067
0.983195 -0.148559 0.106098 -36.4868 0.147122 0.988889 0.0212952 -4.5219 -0.108083 -0.00532808 0.994128 335.27
0.982431 -0.14987 0.111213 -36.258 0.148174 0.988684 0.0234113 -4.51656 -0.113463 -0.0065211 0.993521 337.45
0.981604 -0.151205 0.116575 -36.0157 0.149454 0.988485 0.0236696 -4.49833 -0.118812 -0.00581145 0.9929 339.63
0.980899 -0.151394 0.122136 -35.7512 0.149683 0.988464 0.02312 -4.48861 -0.124227 -0.00439679 0.992244 341.846
0.980038 -0.152107 0.128021 -35.4953 0.150521 0.988361 0.0220272 -4.47347 -0.129882 -0.00231753 0.991527 344.009
0.979151 -0.153534 0.133006 -35.2168 0.151898 0.988142 0.0224176 -4.45693 -0.134871 -0.00174683 0.990862 346.178
0.97832 -0.154573 0.137833 -34.9159 0.152701 0.987978 0.0241136 -4.44338 -0.139903 -0.00254356 0.990162 348.38
0.977644 -0.154118 0.14304 -34.6152 0.152115 0.988049 0.0249004 -4.40938 -0.145168 -0.00258515 0.989404 350.568
0.976885 -0.15452 0.147711 -34.302 0.152322 0.987985 0.0261507 -4.39001 -0.149977 -0.00304665 0.988685 352.732
0.976134 -0.154801 0.152311 -33.9537 0.152329 0.987938 0.0278371 -4.37453 -0.154783 -0.00397137 0.987941 354.948
0.975365 -0.154961 0.157005 -33.6179 0.152371 0.987913 0.0284732 -4.34781 -0.159519 -0.00384878 0.987187 357.11
0.97469 -0.154656 0.161436 -33.2745 0.151991 0.987962 0.0288056 -4.32335 -0.163947 -0.00353977 0.986463 359.294
0.97387 -0.154631 0.166335 -32.9267 0.151869 0.987967 0.0292797 -4.30765 -0.168861 -0.00325354 0.985635 361.471
0.972993 -0.154453 0.171551 -32.5796 0.151667 0.987997 0.0293077 -4.30567 -0.174018 -0.00249758 0.984739 363.625
0.97208 -0.154782 0.176358 -32.1964 0.151936 0.987947 0.0296123 -4.28932 -0.178816 -0.00199045 0.983881 365.81
0.971224 -0.154862 0.180945 -31.7908 0.151928 0.987935 0.0300534 -4.24964 -0.183416 -0.00169801 0.983034 368.024
0.970335 -0.155319 0.185271 -31.3811 0.152042 0.987861 0.0318521 -4.21535 -0.187969 -0.00273818 0.982171 370.227
0.969479 -0.154097 0.190695 -30.9881 0.150453 0.988048 0.0335296 -4.18298 -0.193582 -0.00381562 0.981077 372.392
0.968476 -0.154262 0.195597 -30.5616 0.150258 0.988019 0.0352381 -4.15741 -0.198689 -0.00473722 0.980051 374.565
0.967499 -0.153145 0.201229 -30.1236 0.148897 0.988191 0.036174 -4.12092 -0.204392 -0.005036 0.978876 376.76
0.966309 -0.15309 0.206905 -29.6545 0.149059 0.988208 0.0350324 -4.08184 -0.209828 -0.00301112 0.977734 378.938
0.965084 -0.152033 0.213305 -29.1836 0.1485 0.988375 0.0325897 -4.0559 -0.21578 0.000223955 0.976442 381.092
0.963585 -0.151703 0.220203 -28.7368 0.148588 0.988421 0.0307399 -4.02884 -0.222317 0.00309907 0.97497 383.209
0.962019 -0.152492 0.226419 -28.2443 0.14967 0.98829 0.0296802 -4.00033 -0.228294 0.00533536 0.973578 385.345
0.96036 -0.153125 0.232942 -27.745 0.1505 0.988181 0.0291112 -3.97384 -0.234647 0.00710046 0.972055 387.491
0.95877 -0.154003 0.238836 -27.2141 0.15158 0.988031 0.0285929 -3.95151 -0.240381 0.00878876 0.970639 389.669
0.957153 -0.153984 0.245249 -26.6828 0.151171 0.988041 0.0303735 -3.94374 -0.246993 0.00800245 0.968984 391.82
0.955575 -0.155729 0.250249 -26.1035 0.152114 0.987783 0.0338442 -3.89512 -0.252462 0.00572578 0.96759 393.974
0.953814 -0.157561 0.255761 -25.5421 0.153047 0.987504 0.0375905 -3.86008 -0.258487 0.00328899 0.966009 396.104
0.952117 -0.159041 0.26111 -24.9772 0.15423 0.987267 0.038955 -3.82085 -0.263981 0.00318121 0.964523 398.218
0.950731 -0.158069 0.266691 -24.4044 0.153161 0.987422 0.0392409 -3.78054 -0.269539 0.00353913 0.962983 400.325
0.949191 -0.158588 0.271819 -23.8104 0.153361 0.98734 0.0405076 -3.73684 -0.274802 0.00323695 0.961496 402.464
0.947514 -0.161188 0.276107 -23.2005 0.155613 0.986919 0.0421343 -3.6996 -0.279287 0.0030431 0.960203 404.592
0.946075 -0.163749 0.279516 -22.5909 0.158039 0.986496 0.0430043 -3.6477 -0.282784 0.00348926 0.959177 406.694
0.944947 -0.165567 0.282247 -21.9822 0.159993 0.986187 0.0428559 -3.59515 -0.285444 0.00466081 0.958384 408.818
0.943906 -0.167504 0.284575 -21.3735 0.161835 0.985859 0.0434965 -3.543 -0.287837 0.0049977 0.957666 410.905
0.943055 -0.166663 0.287873 -20.7416 0.161223 0.985995 0.0426822 -3.48489 -0.290955 0.00616007 0.956717 413.008
0.941923 -0.165574 0.292174 -20.1237 0.160025 0.986177 0.0429686 -3.43261 -0.29525 0.0062819 0.955399 415.073
0.940328 -0.164852 0.297668 -19.4686 0.159087 0.986298 0.0436727 -3.3759 -0.300789 0.00628841 0.95367 417.199
0.938731 -0.163842 0.303217 -18.8199 0.157496 0.986473 0.0454425 -3.32747 -0.306561 0.0050972 0.951837 419.295
0.937027 -0.163435 0.308656 -18.1629 0.156483 0.986546 0.047328 -3.27028 -0.312239 0.00395171 0.949995 421.383
0.935271 -0.163004 0.314162 -17.4983 0.155862 0.986617 0.0479004 -3.20448 -0.317765 0.00416621 0.94816 423.458
0.933473 -0.163164 0.319383 -16.8155 0.155955 0.986587 0.0482063 -3.14161 -0.322965 0.00480995 0.946399 425.516
0.931504 -0.163209 0.32506 -16.1307 0.156337 0.986569 0.0473385 -3.08075 -0.32842 0.00672308 0.944508 427.586
0.929418 -0.162226 0.331459 -15.4519 0.155688 0.986717 0.0463754 -3.0206 -0.33458 0.00850213 0.942329 429.629
0.927569 -0.162998 0.336226 -14.7279 0.156313 0.986586 0.047053 -2.96084 -0.339386 0.00891159 0.940605 431.685
0.925629 -0.163657 0.341214 -13.9759 0.156785 0.986474 0.0478254 -2.90082 -0.344425 0.00922873 0.938768 433.755
0.923599 -0.164048 0.346488 -13.2217 0.157023 0.986405 0.0484607 -2.83783 -0.349728 0.00964843 0.936802 435.805
0.921531 -0.164802 0.351597 -12.4498 0.157462 0.986279 0.0495866 -2.76807 -0.354945 0.00966775 0.934837 437.857
0.919321 -0.16689 0.356366 -11.6766 0.159564 0.985916 0.0500866 -2.71024 -0.359706 0.0108176 0.933003 439.891
0.91702 -0.16746 0.361982 -10.8975 0.160372 0.985801 0.0497758 -2.65758 -0.365177 0.0124061 0.930855 441.943
0.914626 -0.168859 0.36735 -10.093 0.161911 0.985543 0.0498979 -2.5935 -0.370465 0.0138399 0.928743 443.991
0.912344 -0.169994 0.372466 -9.29695 0.162971 0.985337 0.0505163 -2.52579 -0.375592 0.0146131 0.92667 446.003
0.909902 -0.171594 0.377669 -8.46789 0.164021 0.985064 0.0523954 -2.45186 -0.381019 0.0142711 0.924457 448.02
0.90753 -0.173314 0.382558 -7.6719 0.165081 0.984772 0.0545244 -2.37239 -0.386182 0.0136706 0.922321 449.987
0.905179 -0.174153 0.387713 -6.83385 0.165759 0.984616 0.0552783 -2.28976 -0.391375 0.01423 0.920121 451.98
0.903024 -0.173694 0.392911 -5.99518 0.16502 0.984697 0.0560409 -2.22756 -0.396632 0.0142317 0.917867 453.976
0.900756 -0.173282 0.398261 -5.14113 0.164291 0.98477 0.0568895 -2.14456 -0.402054 0.0141873 0.915506 455.994
0.898863 -0.171829 0.403137 -4.26689 0.162709 0.985023 0.0570597 -2.06087 -0.406904 0.014305 0.913359 457.996
0.89725 -0.170789 0.407154 -3.40551 0.161363 0.985209 0.0576692 -1.98285 -0.410981 0.0139558 0.911537 459.95
0.89579 -0.16935 0.41095 -2.52956 0.159531 0.985466 0.05836 -1.90165 -0.414861 0.0132808 0.909788 461.929
0.893998 -0.169348 0.414835 -1.67161 0.159307 0.985466 0.0589779 -1.8288 -0.418794 0.0133602 0.907983 463.871
0.89232 -0.170375 0.418016 -0.768948 0.159529 0.985304 0.0610504 -1.74416 -0.422274 0.0122089 0.906386 465.845
0.890339 -0.173028 0.42114 0.139271 0.161233 0.984854 0.0637676 -1.65649 -0.425795 0.0111269 0.904751 467.795
0.888535 -0.174146 0.424475 1.07551 0.162574 0.984641 0.0636532 -1.55951 -0.429041 0.0124504 0.903199 469.785
0.886612 -0.174198 0.428455 1.98053 0.163257 0.984603 0.0624816 -1.46682 -0.432742 0.0145512 0.9014 471.731
0.884878 -0.17455 0.431883 2.90811 0.163868 0.984522 0.0621569 -1.37205 -0.436048 0.0157707 0.899785 473.684
0.88308 -0.174768 0.435461 3.83581 0.164008 0.984476 0.0625152 -1.28082 -0.439627 0.0162133 0.898034 475.627
0.881426 -0.174665 0.438841 4.77236 0.163791 0.98449 0.0628613 -1.18295 -0.443014 0.0164706 0.896363 477.559
0.879372 -0.17458 0.442975 5.70571 0.164172 0.984476 0.0620837 -1.08773 -0.446937 0.0181297 0.894382 479.492
0.877175 -0.174992 0.447149 6.67041 0.165248 0.98436 0.0610616 -0.997896 -0.450841 0.0203287 0.892373 481.433
0.87502 -0.174824 0.451416 7.6393 0.165481 0.984358 0.0604554 -0.90187 -0.454924 0.0218009 0.890264 483.372
0.872845 -0.175164 0.455477 8.59748 0.165656 0.98429 0.061078 -0.808724 -0.459021 0.022141 0.88815 485.275
0.870403 -0.175932 0.459833 9.55066 0.165775 0.984165 0.0627517 -0.746629 -0.463592 0.0216094 0.885785 487.182
0.868514 -0.176154 0.463308 10.5495 0.165145 0.984151 0.0646037 -0.64681 -0.467345 0.0204037 0.88384 489.101
0.866555 -0.17531 0.467278 11.535 0.164137 0.984301 0.0648955 -0.543778 -0.471319 0.020462 0.881725 490.987
0.864617 -0.174066 0.471317 12.549 0.163349 0.984495 0.0639338 -0.434665 -0.475137 0.0217107 0.879644 492.905
0.862826 -0.171701 0.475448 13.5783 0.161394 0.984891 0.0627851 -0.335102 -0.479044 0.0225621 0.877501 494.82
0.860845 -0.170781 0.479354 14.6227 0.160137 0.985059 0.0633677 -0.239096 -0.483014 0.0222127 0.875331 496.742
0.858355 -0.171036 0.483709 15.6341 0.159484 0.985039 0.0652942 -0.152246 -0.48764 0.0210982 0.87279 498.639
0.855562 -0.172455 0.488132 16.679 0.160204 0.984798 0.067133 -0.0536062 -0.492289 0.020764 0.870184 500.554
0.852653 -0.175917 0.491972 17.7664 0.162538 0.9842 0.0702269 0.045887 -0.496553 0.0200849 0.867774 502.466
0.849309 -0.179823 0.496324 18.8334 0.165598 0.983491 0.0729575 0.159418 -0.50125 0.0202266 0.865066 504.353
0.845868 -0.182723 0.501118 19.8891 0.168797 0.982908 0.0734759 0.273159 -0.505979 0.0224362 0.862254 506.222
0.84252 -0.18435 0.506138 20.9729 0.171468 0.982523 0.0724376 0.399216 -0.510646 0.0257562 0.859405 508.094
0.839319 -0.184062 0.511532 22.0656 0.172111 0.982506 0.0711321 0.515249 -0.515676 0.0283376 0.856315 509.956
0.836206 -0.182866 0.517029 23.1773 0.172007 0.982651 0.0693579 0.621041 -0.520742 0.030935 0.853153 511.799
0.833134 -0.180528 0.522779 24.3013 0.169876 0.983064 0.0687497 0.713874 -0.526337 0.0315298 0.849691 513.643
0.830208 -0.179538 0.527751 25.4404 0.16807 0.983278 0.070114 0.82367 -0.531515 0.0304899 0.8465 515.487
0.826911 -0.179378 0.532956 26.5702 0.166132 0.983382 0.0732144 0.927804 -0.537232 0.0279995 0.84297 517.315
0.823908 -0.180412 0.537241 27.7628 0.16496 0.983273 0.0772145 1.04815 -0.542185 0.0250054 0.839887 519.166
0.820187 -0.18226 0.542286 28.9026 0.164568 0.982995 0.0814779 1.16285 -0.547914 0.0224158 0.836234 520.992
0.816837 -0.182921 0.547099 30.0927 0.164205 0.982889 0.0834638 1.31891 -0.553005 0.02166 0.832896 522.836
0.813469 -0.182808 0.552132 31.2699 0.163914 0.982897 0.0839349 1.45299 -0.558033 0.0222235 0.829521 524.634
0.809992 -0.18237 0.557363 32.4586 0.164506 0.982916 0.0825414 1.59114 -0.562894 0.024832 0.826156 526.44
0.806849 -0.181243 0.562268 33.6567 0.165006 0.983035 0.080092 1.73414 -0.567246 0.0281555 0.823067 528.241
0.803869 -0.181225 0.566527 34.9088 0.166614 0.982931 0.0780109 1.87637 -0.570994 0.031681 0.820342 530.068
0.801595 -0.181104 0.569778 36.1698 0.166789 0.982921 0.077774 2.0121 -0.574132 0.0326893 0.81811 531.898
0.799611 -0.181431 0.572455 37.4166 0.166668 0.982867 0.0787019 2.14562 -0.576926 0.0324788 0.81615 533.703
0.797572 -0.181869 0.575154 38.6788 0.166199 0.982817 0.0803052 2.27833 -0.579876 0.0315408 0.814094 535.519
0.795334 -0.181937 0.578224 39.94 0.165105 0.982848 0.0821528 2.42072 -0.583253 0.030129 0.811731 537.313
0.792397 -0.182416 0.582092 41.1982 0.164764 0.982776 0.0836908 2.56298 -0.587333 0.0295914 0.808804 539.095
0.789263 -0.18282 0.586209 42.4582 0.165004 0.982683 0.0843081 2.69568 -0.59147 0.0301855 0.805761 540.843
0.785789 -0.182941 0.59082 43.7552 0.166229 0.982574 0.0831596 2.83872 -0.595738 0.0328653 0.802506 542.625
0.782605 -0.1828 0.595075 45.0792 0.167111 0.982518 0.0820442 2.98949 -0.59967 0.0352356 0.799472 544.398
0.779153 -0.183324 0.599428 46.4316 0.169206 0.98229 0.0804766 3.12593 -0.603565 0.0387234 0.796373 546.185
0.775748 -0.182738 0.604004 47.7196 0.169169 0.982341 0.0799319 3.26278 -0.607945 0.0401715 0.792963 547.912
0.772422 -0.182524 0.608317 49.034 0.168185 0.982404 0.0812124 3.39158 -0.612436 0.0395796 0.789528 549.673
0.769524 -0.182013 0.612131 50.3608 0.165728 0.982602 0.0838293 3.54159 -0.616739 0.0369387 0.7863 551.388
0.76643 -0.182537 0.615846 51.7554 0.163963 0.982606 0.0871894 3.693 -0.621049 0.0341516 0.783027 553.159
0.762977 -0.184105 0.619654 53.1173 0.163707 0.982368 0.0902992 3.85388 -0.625353 0.0325453 0.779663 554.899
0.759495 -0.185626 0.623466 54.4969 0.163722 0.982116 0.0929643 4.00974 -0.629573 0.0314694 0.776304 556.644
0.755776 -0.187303 0.627471 55.8935 0.166318 0.981704 0.0927164 4.16833 -0.633357 0.034287 0.7731 558.372
0.752402 -0.187153 0.631558 57.2827 0.168207 0.98159 0.0904881 4.322 -0.636865 0.0381492 0.770031 560.078
0.748805 -0.18726 0.635787 58.6941 0.169939 0.981435 0.0889172 4.48172 -0.640634 0.0414632 0.766726 561.798
0.745391 -0.186399 0.640037 60.1036 0.169936 0.981523 0.0879421 4.6483 -0.644604 0.0432138 0.763295 563.499
0.742259 -0.184926 0.644092 61.507 0.167335 0.981869 0.0890673 4.8064 -0.648884 0.0416682 0.759745 565.18
0.738943 -0.184624 0.647979 62.9404 0.16574 0.981982 0.0907834 4.97716 -0.653065 0.0403121 0.756228 566.869
0.735708 -0.184364 0.651723 64.3741 0.163548 0.982123 0.0932051 5.14647 -0.657256 0.0380163 0.752708 568.547
0.732702 -0.185442 0.654797 65.8327 0.162016 0.982027 0.0968235 5.32572 -0.660983 0.0351443 0.749578 570.224
0.729392 -0.18824 0.657688 67.3023 0.162208 0.981569 0.101046 5.50895 -0.664587 0.0329801 0.746482 571.897
0.726018 -0.189017 0.661188 68.7838 0.162248 0.981422 0.102407 5.69504 -0.668261 0.0329273 0.743198 573.579
0.722481 -0.188806 0.665112 70.2741 0.16384 0.981344 0.100603 5.88529 -0.671698 0.0362879 0.739936 575.248
0.719074 -0.187956 0.669033 71.7545 0.165375 0.981354 0.0979534 6.0625 -0.674969 0.0402059 0.73675 576.899
0.715847 -0.18677 0.672815 73.2139 0.166373 0.981434 0.0954271 6.23847 -0.678147 0.0436273 0.733631 578.51
0.712726 -0.186303 0.67625 74.712 0.166882 0.981438 0.0944967 6.41843 -0.681302 0.0455035 0.730587 580.126
0.709658 -0.186191 0.679498 76.2122 0.166308 0.981463 0.095243 6.59309 -0.684636 0.0454159 0.727469 581.759
0.706515 -0.186074 0.682798 77.717 0.164736 0.981553 0.0970322 6.76791 -0.688258 0.0439267 0.724135 583.38
0.703414 -0.187097 0.685714 79.2558 0.164108 0.981418 0.0994352 6.94871 -0.691576 0.0425873 0.721047 584.999
0.700288 -0.188504 0.688522 80.7786 0.163952 0.981193 0.101878 7.13336 -0.694778 0.0415409 0.718024 586.592
0.697166 -0.189786 0.691333 82.3117 0.164921 0.980917 0.102971 7.31728 -0.697683 0.0422279 0.715161 588.203
0.69441 -0.190687 0.693854 83.8425 0.166554 0.980657 0.10282 7.50429 -0.700039 0.0441648 0.712737 589.798
0.691846 -0.191767 0.696114 85.4075 0.16828 0.980362 0.102824 7.69701 -0.702161 0.0460038 0.71053 591.405
0.689181 -0.191052 0.698948 86.9755 0.168357 0.980436 0.10199 7.88822 -0.704759 0.0473835 0.707863 592.999
0.685948 -0.189294 0.702598 88.5676 0.16702 0.980749 0.101171 8.07503 -0.708223 0.0479494 0.704359 594.607
0.682276 -0.187345 0.706683 90.1426 0.164663 0.981152 0.101131 8.25842 -0.71231 0.0473654 0.700265 596.182
0.677893 -0.187529 0.71084 91.7287 0.164853 0.981071 0.101607 8.44958 -0.716439 0.0483055 0.695976 597.747
0.674023 -0.187739 0.714455 93.3125 0.164712 0.981013 0.102391 8.65379 -0.720113 0.0486656 0.692148 599.278
0.669922 -0.188399 0.71813 94.9184 0.164587 0.980886 0.103795 8.85102 -0.723958 0.04866 0.688125 600.836
0.665635 -0.188606 0.722051 96.5671 0.164029 0.980852 0.104994 9.04731 -0.728028 0.0485498 0.683826 602.44
0.6615 -0.18813 0.725965 98.1916 0.16342 0.980922 0.105292 9.23213 -0.731923 0.0489865 0.679624 603.971
0.657692 -0.187362 0.729614 99.8312 0.161465 0.981126 0.106401 9.41689 -0.735779 0.0478281 0.675531 605.517
0.653514 -0.188987 0.732942 101.457 0.162831 0.980758 0.107701 9.60452 -0.739193 0.0489618 0.671712 607.035
0.649688 -0.189437 0.73622 103.12 0.16309 0.980637 0.108407 9.81273 -0.742501 0.0496397 0.668003 608.571
0.646328 -0.189544 0.739144 104.762 0.163137 0.980585 0.108807 10.0089 -0.745417 0.050257 0.664701 610.072
0.643077 -0.190112 0.741829 106.479 0.16314 0.980469 0.109847 10.2189 -0.748223 0.0503815 0.661531 611.611
0.639954 -0.190907 0.74432 108.167 0.162126 0.980386 0.112061 10.4254 -0.751115 0.0489596 0.658354 613.134
0.637125 -0.191103 0.746693 109.857 0.160368 0.980441 0.11409 10.6453 -0.753892 0.0470561 0.655311 614.634
0.634884 -0.190581 0.748733 111.591 0.157758 0.980659 0.115845 10.8775 -0.756329 0.0445701 0.652671 616.149
0.632123 -0.189762 0.751273 113.331 0.156833 0.980815 0.115782 11.104 -0.758831 0.0446358 0.649756 617.662
0.629426 -0.188779 0.753781 115.042 0.157449 0.980903 0.114186 11.3183 -0.760942 0.0468109 0.647129 619.151
0.627101 -0.187964 0.755919 116.763 0.159031 0.980903 0.111977 11.5306 -0.762531 0.0499938 0.645017 620.615
0.624588 -0.187389 0.758139 118.475 0.159351 0.980942 0.111179 11.7455 -0.764524 0.0513697 0.642545 622.089
0.622224 -0.188086 0.759909 120.216 0.159306 0.980819 0.112321 11.9648 -0.766459 0.0511693 0.640252 623.563
0.620106 -0.188691 0.761488 121.948 0.158116 0.980786 0.114272 12.1838 -0.768419 0.0495431 0.638027 625.034
0.618212 -0.188947 0.762963 123.715 0.15682 0.980811 0.115829 12.4029 -0.770209 0.0480411 0.63598 626.519
0.616382 -0.189301 0.764355 125.443 0.155635 0.980813 0.117404 12.6238 -0.771914 0.0465951 0.634017 627.967
0.615054 -0.188073 0.765727 127.217 0.154433 0.981061 0.116916 12.8639 -0.773213 0.0463439 0.63245 629.441
0.613443 -0.185687 0.767599 128.971 0.154728 0.981387 0.11375 13.0928 -0.774433 0.0489902 0.630756 630.905
0.612116 -0.183421 0.769201 130.698 0.155646 0.981645 0.11022 13.3183 -0.775299 0.0522555 0.629429 632.35
0.611345 -0.183505 0.769795 132.469 0.157861 0.981472 0.108596 13.5231 -0.77546 0.0551311 0.628986 633.789
0.610613 -0.184415 0.770158 134.233 0.159508 0.981217 0.108489 13.7372 -0.775699 0.0566018 0.62856 635.233
0.609628 -0.18637 0.770467 136.003 0.160616 0.980849 0.110173 13.9385 -0.776245 0.0565845 0.627887 636.685
0.608627 -0.187115 0.771078 137.772 0.160749 0.980722 0.111106 14.1664 -0.777003 0.0563279 0.626972 638.144
0.607792 -0.187605 0.771617 139.557 0.159442 0.980735 0.112858 14.3913 -0.777925 0.0544341 0.625995 639.608
0.606619 -0.187143 0.772652 141.338 0.158266 0.980872 0.11332 14.6036 -0.77908 0.0535422 0.624635 641.059
0.605216 -0.187438 0.77368 143.119 0.15719 0.980888 0.114675 14.8254 -0.780388 0.0522112 0.623113 642.507
0.603463 -0.18822 0.774859 144.881 0.157324 0.980745 0.115707 15.0383 -0.781717 0.0520789 0.621455 643.95
0.602714 -0.188825 0.775294 146.676 0.157 0.980668 0.116792 15.2593 -0.78236 0.0513291 0.620708 645.365
0.601599 -0.188394 0.776264 148.464 0.156041 0.980785 0.117099 15.4861 -0.783409 0.0506822 0.619437 646.807
0.600089 -0.187125 0.777738 150.259 0.155369 0.981004 0.116151 15.7104 -0.784699 0.0511354 0.617764 648.252
0.598834 -0.186614 0.778828 152.051 0.154104 0.98115 0.116603 15.9393 -0.785907 0.0501952 0.616304 649.69
0.597627 -0.187641 0.779508 153.872 0.153815 0.981002 0.118218 16.1724 -0.786882 0.0492498 0.615135 651.145
0.59655 -0.187455 0.780377 155.691 0.153346 0.98105 0.118435 16.4075 -0.78779 0.0490148 0.613991 652.591
0.595952 -0.184983 0.781424 157.496 0.151216 0.981548 0.117034 16.6446 -0.788654 0.0484169 0.612928 654.024
0.595318 -0.184203 0.78209 159.337 0.150834 0.981682 0.116398 16.8803 -0.789205 0.0486723 0.612198 655.468
0.594405 -0.184507 0.782713 161.122 0.151104 0.981612 0.116642 17.1082 -0.789842 0.0489388 0.611355 656.884
0.593443 -0.185581 0.783189 162.957 0.152142 0.981378 0.117261 17.341 -0.790366 0.0495688 0.610626 658.329
0.592692 -0.185992 0.78366 164.752 0.152157 0.981308 0.117823 17.5775 -0.790926 0.0494062 0.609914 659.757
0.59212 -0.185565 0.784193 166.549 0.151323 0.981419 0.117976 17.813 -0.791514 0.0488106 0.609199 661.175
0.591387 -0.185268 0.784816 168.347 0.150678 0.981496 0.118156 18.0402 -0.792185 0.0483788 0.60836 662.593
0.590749 -0.1851 0.785337 170.17 0.150706 0.981514 0.117973 18.2727 -0.792656 0.0486631 0.607724 664.013
0.590417 -0.185827 0.785415 171.99 0.152169 0.981311 0.117786 18.5001 -0.792624 0.049973 0.607659 665.415
0.589899 -0.186487 0.785647 173.781 0.152434 0.98119 0.118448 18.7265 -0.792958 0.0498876 0.60723 666.812
0.589467 -0.186625 0.785939 175.581 0.151103 0.981247 0.119672 18.9634 -0.793534 0.0482148 0.606613 668.211
0.588651 -0.187156 0.786424 177.359 0.151299 0.981147 0.120247 19.1788 -0.794103 0.0482016 0.605869 669.598
0.58814 -0.186202 0.787033 179.174 0.151501 0.981275 0.118942 19.4057 -0.794442 0.0492821 0.605337 670.994
0.5877 -0.185362 0.78756 180.963 0.151978 0.981367 0.117566 19.623 -0.794677 0.0505985 0.60492 672.379
0.587243 -0.184763 0.78804 182.73 0.1529 0.981392 0.116156 19.8325 -0.794838 0.0522797 0.604566 673.736
0.58711 -0.18555 0.787955 184.533 0.154117 0.981193 0.116221 20.0594 -0.794701 0.0532032 0.604665 675.125
0.587334 -0.187412 0.787347 186.323 0.15555 0.980823 0.11743 20.2701 -0.794256 0.0535008 0.605223 676.505
0.58741 -0.188517 0.787026 188.039 0.156696 0.980581 0.117926 20.475 -0.793975 0.0540524 0.605543 677.851
0.587647 -0.188703 0.786805 189.831 0.157694 0.980487 0.117377 20.6934 -0.793602 0.055098 0.605937 679.244
0.588125 -0.1882 0.786568 191.644 0.158213 0.980531 0.116312 20.927 -0.793144 0.056039 0.606451 680.643
0.588446 -0.188195 0.78633 193.462 0.158071 0.980545 0.116386 21.1627 -0.792935 0.0558091 0.606746 682.048
0.588651 -0.188521 0.786098 195.263 0.158849 0.980444 0.116178 21.3869 -0.792626 0.0564824 0.607086 683.444
0.588618 -0.189451 0.785899 197.058 0.160778 0.980166 0.115863 21.5989 -0.792262 0.0581563 0.607403 684.839
0.588895 -0.18913 0.785769 198.871 0.162394 0.980096 0.114197 21.8189 -0.791726 0.0603545 0.607887 686.246
0.588977 -0.190222 0.785443 200.635 0.165233 0.979717 0.11337 22.026 -0.791077 0.0630088 0.608462 687.619
0.589798 -0.192834 0.78419 202.41 0.167957 0.979128 0.114448 22.2473 -0.789892 0.0642087 0.609875 689.007
0.591881 -0.195151 0.782044 204.221 0.169534 0.978684 0.115911 22.4605 -0.787994 0.0639774 0.612349 690.422
0.59412 -0.195433 0.780274 205.988 0.170421 0.978597 0.115343 22.6786 -0.786115 0.0644474 0.614711 691.812
0.595627 -0.194502 0.779357 207.76 0.169134 0.978857 0.115029 22.8916 -0.785253 0.0633016 0.615931 693.214
0.59638 -0.192157 0.779363 209.52 0.165892 0.979468 0.114551 23.1066 -0.785373 0.0609741 0.616013 694.623
0.59696 -0.190599 0.779301 211.272 0.164627 0.979801 0.113529 23.3181 -0.785198 0.0605216 0.61628 696.012
0.597137 -0.189776 0.779367 213.044 0.164327 0.979945 0.112713 23.5376 -0.785127 0.0607662 0.616347 697.422
0.596997 -0.188597 0.77976 214.788 0.164054 0.980134 0.111458 23.7493 -0.78529 0.0613826 0.616078 698.818
0.597251 -0.187374 0.77986 216.544 0.163691 0.98034 0.11018 23.9552 -0.785173 0.0618504 0.61618 700.209
0.597022 -0.186804 0.780172 218.302 0.163944 0.980397 0.109288 24.1499 -0.785294 0.0626574 0.615944 701.603
0.596554 -0.185641 0.780807 220.042 0.163103 0.980621 0.108533 24.352 -0.785824 0.0626064 0.615273 702.994
0.59609 -0.18423 0.781496 221.8 0.162007 0.980898 0.107665 24.5642 -0.786404 0.06243 0.61455 704.402
0.595945 -0.183042 0.781885 223.583 0.16076 0.981159 0.107162 24.7787 -0.786769 0.0618332 0.614143 705.812
0.59519 -0.18267 0.782548 225.342 0.159955 0.981264 0.107398 24.9808 -0.787505 0.0612501 0.613258 707.22
0.594722 -0.181946 0.783071 227.098 0.159111 0.981424 0.107193 25.1768 -0.788029 0.0608451 0.612625 708.608
0.594337 -0.181649 0.783433 228.857 0.158661 0.981496 0.107207 25.3719 -0.78841 0.0605828 0.61216 709.993
0.594146 -0.181328 0.783652 230.63 0.158335 0.981562 0.107076 25.5728 -0.788619 0.0604612 0.611902 711.376
0.593646 -0.181148 0.784073 232.427 0.158027 0.981605 0.107138 25.7858 -0.789058 0.0603031 0.611352 712.795
0.593145 -0.181973 0.784261 234.184 0.158349 0.981462 0.107968 25.9832 -0.78937 0.0601459 0.610965 714.191
0.593146 -0.180372 0.784629 235.969 0.158074 0.981702 0.106179 26.196 -0.789424 0.0610502 0.610805 715.581
0.593038 -0.179321 0.784953 237.743 0.158084 0.981841 0.104866 26.4021 -0.789504 0.0618984 0.610617 716.971
0.59273 -0.179616 0.785118 239.533 0.158242 0.981786 0.105143 26.5937 -0.789703 0.0619174 0.610357 718.378
