0.999984 8.00415e-05 -0.00568924 -0.00855594 -0.000231796 0.999644 -0.0266783 -0.00390233 0.00568508 0.0266791 0.999628 0.811441
0.999954 -0.00211996 -0.00931778 -0.0183708 0.00177846 0.999332 -0.036507 -0.0187649 0.00938895 0.0364887 0.99929 1.65053
0.999919 -0.00219318 -0.0125356 -0.0360916 0.00186589 0.999659 -0.026061 -0.0493389 0.0125885 0.0260355 0.999582 2.52261
0.999872 -0.00081511 -0.0159707 -0.0595816 0.000602161 0.999911 -0.0133339 -0.0862535 0.0159802 0.0133226 0.999784 3.39633
0.999826 0.000123423 -0.0186679 -0.0856007 -0.000297836 0.999956 -0.00934045 -0.114124 0.0186659 0.00934438 0.999782 4.26609
0.999822 -0.000660385 -0.0188564 -0.113794 0.000423093 0.999921 -0.0125854 -0.132156 0.0188632 0.0125752 0.999743 5.14378
0.999825 -0.00137715 -0.0186391 -0.133677 0.00108749 0.999879 -0.0155413 -0.154392 0.0186583 0.0155183 0.999705 6.02728
0.999836 -0.00183622 -0.0180058 -0.155414 0.0015418 0.999865 -0.016352 -0.178987 0.0180334 0.0163216 0.999704 6.91781
0.999838 -0.00202309 -0.0178863 -0.17968 0.00175024 0.999882 -0.0152574 -0.20463 0.017915 0.0152236 0.999724 7.81681
0.999835 -0.00323978 -0.017893 -0.196525 0.00297679 0.999887 -0.0147051 -0.228229 0.0179387 0.0146494 0.999732 8.72647
0.999832 -0.00432456 -0.0178242 -0.220607 0.00405689 0.999879 -0.0150264 -0.25694 0.0178871 0.0149515 0.999728 9.64547
0.999824 -0.0051452 -0.0180322 -0.244642 0.00485607 0.99986 -0.0160411 -0.279424 0.0181122 0.0159507 0.999709 10.5694
0.999813 -0.00571705 -0.0184869 -0.265371 0.00540909 0.999846 -0.0166655 -0.305899 0.0185793 0.0165624 0.99969 11.5012
0.999801 -0.00575557 -0.0190895 -0.286712 0.00545182 0.999858 -0.015926 -0.330554 0.0191785 0.0158188 0.999691 12.4439
0.999799 -0.00617896 -0.0190923 -0.314069 0.00589761 0.999874 -0.0147576 -0.364031 0.0191811 0.014642 0.999709 13.3889
0.999801 -0.0064697 -0.0188971 -0.335672 0.00618913 0.99987 -0.014868 -0.392699 0.0189909 0.0147481 0.999711 14.3482
0.999798 -0.00743102 -0.018648 -0.35568 0.00714073 0.999853 -0.0155854 -0.420106 0.018761 0.0154491 0.999705 15.3041
0.999804 -0.00721872 -0.0184411 -0.380065 0.00690402 0.99983 -0.0170725 -0.440061 0.0185612 0.0169418 0.999684 16.2814
0.999803 -0.00718992 -0.0184863 -0.396562 0.00685834 0.999816 -0.0179382 -0.463048 0.0186118 0.0178079 0.999668 17.2732
0.99979 -0.00771615 -0.0189592 -0.421326 0.00738004 0.999815 -0.0177346 -0.489905 0.0190925 0.017591 0.999663 18.2749
0.999735 -0.0110215 -0.0202158 -0.441129 0.0106745 0.999795 -0.017196 -0.527139 0.0204011 0.0169756 0.999648 19.2828
0.999686 -0.0122633 -0.0218741 -0.463091 0.0118937 0.999786 -0.0169455 -0.560267 0.0220772 0.01668 0.999617 20.2929
0.999624 -0.0146472 -0.0231986 -0.486263 0.0142527 0.999753 -0.0170792 -0.587645 0.023443 0.0167421 0.999585 21.3286
0.999576 -0.0154363 -0.0246721 -0.517262 0.0150159 0.99974 -0.0171327 -0.618694 0.0249301 0.016755 0.999549 22.3688
0.999505 -0.0174048 -0.0262096 -0.545082 0.0169646 0.999713 -0.0169249 -0.641964 0.0264967 0.0164719 0.999513 23.4201
0.999434 -0.0184725 -0.0281007 -0.580896 0.018011 0.9997 -0.0165896 -0.670878 0.0283987 0.0160741 0.999467 24.4836
0.999379 -0.0178439 -0.0303826 -0.626596 0.0173926 0.999735 -0.0150563 -0.69993 0.0306432 0.0145185 0.999425 25.5593
0.999292 -0.0166098 -0.033772 -0.675963 0.0161442 0.999771 -0.0140148 -0.731247 0.0339971 0.0134596 0.999331 26.6412
0.999133 -0.0175763 -0.0377303 -0.723096 0.0170129 0.99974 -0.0151997 -0.759878 0.0379876 0.0145446 0.999172 27.7532
0.998967 -0.0167529 -0.0422373 -0.783207 0.0159369 0.999681 -0.019583 -0.789582 0.042552 0.0188897 0.998916 28.87
0.998704 -0.0167536 -0.0480613 -0.847661 0.0157268 0.999642 -0.0216645 -0.823643 0.048407 0.0208805 0.998609 29.9944
0.998351 -0.0182044 -0.0544435 -0.91647 0.017167 0.999663 -0.0194618 -0.852585 0.0547795 0.0184951 0.998327 31.1522
0.998053 -0.0185702 -0.0595381 -0.999223 0.0176398 0.999715 -0.0161146 -0.888363 0.0598204 0.015033 0.998096 32.3178
0.997797 -0.0188084 -0.0636203 -1.07954 0.0178757 0.999725 -0.0151978 -0.9167 0.0638886 0.014027 0.997858 33.4984
0.997678 -0.0167715 -0.0660147 -1.16744 0.0158051 0.999761 -0.0151352 -0.954122 0.0662527 0.0140567 0.997704 34.6832
0.997639 -0.0158786 -0.0668223 -1.2539 0.0149518 0.999785 -0.0143465 -0.984834 0.0670358 0.0133135 0.997662 35.8906
0.997629 -0.0151569 -0.0671377 -1.33993 0.0143141 0.999813 -0.0130163 -1.01988 0.0673224 0.0120244 0.997659 37.0801
0.997662 -0.0146873 -0.0667455 -1.42543 0.0138719 0.999824 -0.0126634 -1.04873 0.0669197 0.0117079 0.99769 38.2739
0.997702 -0.0151036 -0.0660513 -1.51064 0.0143034 0.999819 -0.0125717 -1.08629 0.0662292 0.0115981 0.997737 39.4607
0.997743 -0.0165367 -0.0650789 -1.59021 0.0157315 0.999793 -0.0128651 -1.12538 0.0652782 0.0118123 0.997797 40.6545
0.997796 -0.0178527 -0.0639037 -1.66972 0.0170079 0.999761 -0.0137397 -1.1584 0.0641337 0.0126225 0.997861 41.8424
0.997838 -0.0193052 -0.062826 -1.74592 0.0184827 0.999736 -0.0136461 -1.19884 0.0630728 0.0124554 0.997931 43.0264
0.997911 -0.0199696 -0.061437 -1.82545 0.0191726 0.999725 -0.0135342 -1.22747 0.0616904 0.012328 0.998019 44.2166
0.997985 -0.0205388 -0.0600374 -1.90348 0.0197843 0.999718 -0.0131349 -1.26278 0.0602902 0.0119206 0.99811 45.4002
0.998064 -0.0207944 -0.058615 -1.97951 0.0200511 0.999711 -0.0132406 -1.29938 0.0588734 0.0120397 0.998193 46.591
0.998117 -0.0207693 -0.0577225 -2.05324 0.0200336 0.999711 -0.0132954 -1.3316 0.0579819 0.012114 0.998244 47.7708
0.998131 -0.0217679 -0.057111 -2.12732 0.0210457 0.999691 -0.0132167 -1.36718 0.057381 0.01199 0.99828 48.9484
0.998154 -0.0220622 -0.0565909 -2.20612 0.0213246 0.99968 -0.0136048 -1.40221 0.056873 0.0123729 0.998305 50.1223
0.99816 -0.0225124 -0.0563083 -2.27947 0.0217463 0.999663 -0.0141811 -1.43868 0.0566086 0.0129305 0.998313 51.2907
0.998181 -0.0227762 -0.0558252 -2.35381 0.022038 0.999662 -0.013802 -1.47042 0.0561207 0.0125467 0.998345 52.4691
0.998187 -0.0231964 -0.055534 -2.42347 0.0224749 0.999655 -0.0135809 -1.50284 0.0558298 0.0123082 0.998364 53.644
0.998207 -0.0233495 -0.0551059 -2.50036 0.0225918 0.999642 -0.0143328 -1.53519 0.0554209 0.0130622 0.998378 54.8048
0.998176 -0.0245068 -0.0551761 -2.56222 0.0236955 0.999602 -0.0153093 -1.56648 0.0555293 0.013974 0.998359 55.9672
0.99813 -0.0257035 -0.0554642 -2.63259 0.0249344 0.999584 -0.0145141 -1.60718 0.0558141 0.013104 0.998355 57.1213
0.997994 -0.027524 -0.0570196 -2.7095 0.0267893 0.999548 -0.0136105 -1.63907 0.0573684 0.0120557 0.99828 58.2781
0.997704 -0.0306109 -0.0604174 -2.78152 0.0298298 0.99946 -0.0137885 -1.67358 0.0608069 0.0119546 0.998078 59.431
0.997319 -0.0341022 -0.0647474 -2.86208 0.0331923 0.999335 -0.0150772 -1.71021 0.0652185 0.0128876 0.997788 60.568
0.996822 -0.036736 -0.0706873 -2.95024 0.0355757 0.999212 -0.0176037 -1.74459 0.0712783 0.015033 0.997343 61.712
0.996166 -0.0397825 -0.0779158 -3.04168 0.0384019 0.999079 -0.0191385 -1.78275 0.0786054 0.016073 0.996776 62.8495
0.995626 -0.0395608 -0.084643 -3.15283 0.0381598 0.999108 -0.0181062 -1.82081 0.0852838 0.0147971 0.996247 63.9957
0.995204 -0.0371751 -0.090479 -3.26831 0.0359011 0.999233 -0.015668 -1.86231 0.090992 0.0123446 0.995775 65.1339
0.994883 -0.0344337 -0.0949855 -3.38565 0.0331342 0.999335 -0.0152252 -1.9038 0.0954466 0.0120001 0.995362 66.2691
0.994729 -0.0327854 -0.0971539 -3.51043 0.0313498 0.999376 -0.0162659 -1.94048 0.0976265 0.0131344 0.995136 67.3822
0.994733 -0.0305414 -0.0978439 -3.63077 0.0288647 0.999412 -0.0185062 -1.98265 0.0983516 0.0155845 0.99503 68.5046
0.994845 -0.028823 -0.0972203 -3.75048 0.0270502 0.999444 -0.0195048 -2.02678 0.0977284 0.0167745 0.995072 69.6247
0.995015 -0.0291708 -0.0953646 -3.86149 0.027496 0.999445 -0.0188296 -2.06481 0.0958609 0.0161136 0.995264 70.743
0.995335 -0.028362 -0.0922199 -3.96688 0.0268501 0.999485 -0.0175935 -2.09687 0.0926714 0.0150353 0.995583 71.861
0.995813 -0.0286772 -0.0867958 -4.0702 0.0273967 0.999498 -0.0159084 -2.14069 0.0872084 0.0134639 0.996099 72.9829
0.996357 -0.0269412 -0.0809078 -4.16607 0.0257445 0.999544 -0.0157991 -2.17613 0.0812965 0.0136586 0.996596 74.1059
0.996983 -0.0264804 -0.0729583 -4.25538 0.0253723 0.999549 -0.016074 -2.21203 0.0733511 0.0141744 0.997205 75.2165
0.997639 -0.0249234 -0.0640018 -4.33492 0.0239418 0.999584 -0.0160588 -2.24406 0.0643754 0.0144885 0.997821 76.3196
0.998287 -0.0233204 -0.0536529 -4.40227 0.0224848 0.999617 -0.0161251 -2.27676 0.0540084 0.0148911 0.998429 77.4178
0.998824 -0.0230917 -0.0426345 -4.45875 0.0224461 0.999627 -0.01556 -2.30856 0.0429779 0.0145847 0.99897 78.5263
0.99926 -0.0224393 -0.0312493 -4.50374 0.0219736 0.999644 -0.015165 -2.34194 0.0315785 0.0144671 0.999397 79.6334
0.999535 -0.02252 -0.0205623 -4.53367 0.0222105 0.999638 -0.0151598 -2.38124 0.0208962 0.0146961 0.999674 80.7426
0.99968 -0.0231433 -0.0102319 -4.5541 0.0229826 0.999615 -0.0155462 -2.42075 0.0105878 0.015306 0.999827 81.8548
0.999662 -0.0259337 -0.00185194 -4.5507 0.0258988 0.999523 -0.0168391 -2.45462 0.00228775 0.0167854 0.999856 82.9787
0.999594 -0.02809 0.00480623 -4.54883 0.0281699 0.999451 -0.0174571 -2.48624 -0.00431322 0.0175854 0.999836 84.1014
0.999429 -0.0325631 0.0090475 -4.54131 0.0327166 0.999314 -0.0173688 -2.51831 -0.00847571 0.0176548 0.999808 85.2271
0.999297 -0.0358724 0.0109287 -4.53067 0.036055 0.999205 -0.0169991 -2.54958 -0.0103102 0.0173811 0.999796 86.36
0.999174 -0.0391171 0.011033 -4.51632 0.039295 0.999093 -0.0164008 -2.59288 -0.0103814 0.0168208 0.999805 87.4921
0.999185 -0.0390959 0.0100171 -4.51049 0.0392442 0.999116 -0.015065 -2.63511 -0.00941928 0.0154458 0.999836 88.6334
0.999145 -0.040477 0.00845702 -4.51248 0.0406023 0.99906 -0.01521 -2.66522 -0.00783342 0.0155403 0.999849 89.7756
0.999148 -0.0408577 0.00586491 -4.50801 0.0409473 0.999032 -0.0160613 -2.69956 -0.005203 0.0162878 0.999854 90.9171
0.999139 -0.0414041 0.00274956 -4.50644 0.0414446 0.998999 -0.0168184 -2.74004 -0.00205046 0.0169179 0.999855 92.0525
0.999118 -0.0419798 -0.000829888 -4.51616 0.0419589 0.998967 -0.0174679 -2.77648 0.00156233 0.0174177 0.999847 93.1912
0.999016 -0.0440569 -0.00502736 -4.52301 0.0439602 0.998872 -0.0179506 -2.80836 0.00581253 0.017712 0.999826 94.347
0.998932 -0.0452946 -0.00908307 -4.54051 0.0451279 0.998823 -0.0177817 -2.84353 0.00987779 0.0173528 0.999801 95.5121
0.99886 -0.0457892 -0.0134588 -4.5627 0.045559 0.998818 -0.0169445 -2.88439 0.0142187 0.016312 0.999766 96.6767
0.998818 -0.04537 -0.0174514 -4.58351 0.0450742 0.998839 -0.0169858 -2.91842 0.0182018 0.0161791 0.999703 97.8431
0.998785 -0.0445589 -0.0210248 -4.61316 0.0442254 0.998892 -0.0160685 -2.95214 0.0217175 0.0151192 0.99965 99.0261
0.998798 -0.0427912 -0.0239226 -4.64934 0.0424369 0.998985 -0.015129 -2.97821 0.0245457 0.0140956 0.999599 100.2
0.998762 -0.0424796 -0.0259007 -4.6846 0.0421092 0.999005 -0.0146842 -3.01693 0.0264987 0.0135754 0.999557 101.383
0.998754 -0.0415522 -0.027643 -4.72152 0.0411278 0.99903 -0.0157496 -3.05076 0.0282706 0.0145931 0.999494 102.556
0.998676 -0.0423526 -0.0291882 -4.7596 0.0418633 0.998976 -0.0171767 -3.0819 0.0298858 0.015932 0.999426 103.741
0.99859 -0.0435693 -0.0303358 -4.80175 0.0430553 0.998921 -0.0173954 -3.11771 0.031061 0.0160647 0.999388 104.915
0.998582 -0.0429897 -0.0314036 -4.84165 0.0424836 0.998959 -0.0166093 -3.15747 0.032085 0.0152516 0.999369 106.088
0.998547 -0.0431109 -0.0323443 -4.88243 0.042616 0.998966 -0.0158369 -3.19547 0.0329936 0.0144355 0.999351 107.247
0.998492 -0.0439958 -0.0328368 -4.92728 0.0435041 0.998932 -0.0155402 -3.23249 0.0334855 0.0140882 0.99934 108.421
0.998539 -0.0427292 -0.0330886 -4.97268 0.0422641 0.998999 -0.0146289 -3.27093 0.0336806 0.013209 0.999345 109.589
0.998605 -0.0412655 -0.0329563 -5.01863 0.0408403 0.999075 -0.0134728 -3.30684 0.0334818 0.0121081 0.999366 110.748
0.998578 -0.0416764 -0.0332291 -5.06255 0.0412324 0.999052 -0.0139355 -3.34167 0.0337784 0.0125455 0.999351 111.9
0.998568 -0.0423384 -0.0326883 -5.11297 0.0418365 0.998998 -0.015886 -3.37647 0.0333281 0.0144957 0.999339 113.048
0.998499 -0.0438572 -0.0327935 -5.1562 0.0433339 0.998924 -0.0164997 -3.41634 0.0334819 0.0150539 0.999326 114.19
0.998391 -0.0462353 -0.0328304 -5.19304 0.04571 0.998817 -0.0165728 -3.45519 0.0335578 0.0150454 0.999324 115.341
0.998301 -0.0481159 -0.032861 -5.23093 0.047628 0.998745 -0.0154719 -3.48985 0.0335643 0.0138805 0.99934 116.477
0.99823 -0.0494711 -0.0330054 -5.27268 0.0490396 0.998702 -0.0137587 -3.52822 0.0336433 0.0121158 0.99936 117.597
0.998152 -0.0511531 -0.0328052 -5.31675 0.0507384 0.998623 -0.0133518 -3.56121 0.033443 0.0116626 0.999373 118.717
0.998127 -0.0516029 -0.0328472 -5.3579 0.0512248 0.998612 -0.0122533 -3.59844 0.0334339 0.0105477 0.999385 119.84
0.998056 -0.0527735 -0.0331409 -5.39599 0.0524093 0.998556 -0.0117641 -3.63746 0.0337139 0.0100043 0.999381 120.948
0.997944 -0.0542456 -0.0341319 -5.43421 0.0538917 0.998484 -0.0112037 -3.67507 0.0346879 0.00934123 0.999355 122.043
0.997851 -0.0551999 -0.0352959 -5.47608 0.0548469 0.998435 -0.0108928 -3.70821 0.035842 0.00893347 0.999318 123.129
0.997722 -0.056496 -0.0368686 -5.5189 0.0561509 0.998369 -0.0103294 -3.74762 0.037392 0.00823566 0.999267 124.195
0.997709 -0.0557783 -0.0382769 -5.56867 0.0554307 0.998412 -0.0100822 -3.78099 0.0387785 0.00793738 0.999216 125.248
0.997612 -0.0562593 -0.0400573 -5.614 0.0558754 0.998381 -0.0106418 -3.81407 0.0405911 0.00837819 0.999141 126.277
0.997454 -0.0577465 -0.0418491 -5.66031 0.0573306 0.998294 -0.0110705 -3.84673 0.042417 0.00864304 0.999063 127.294
0.997373 -0.0576122 -0.0439058 -5.71169 0.0571949 0.998306 -0.0107037 -3.87839 0.0444481 0.00816441 0.998978 128.292
0.997292 -0.0573133 -0.0460805 -5.75934 0.0568711 0.998323 -0.01085 -3.90909 0.0466251 0.00819992 0.998879 129.271
0.997207 -0.0569701 -0.0483064 -5.8115 0.0565358 0.998347 -0.0103113 -3.94455 0.048814 0.00755144 0.998779 130.231
0.997135 -0.056341 -0.0504709 -5.86202 0.055889 0.998384 -0.0103234 -3.98117 0.050971 0.00747306 0.998672 131.175
0.997118 -0.0549308 -0.0523364 -5.91317 0.0544468 0.99846 -0.010631 -4.0062 0.0528398 0.00775084 0.998573 132.096
0.997097 -0.054378 -0.0532883 -5.97003 0.0538527 0.998486 -0.0112453 -4.03691 0.0538191 0.00834296 0.998516 132.988
0.997056 -0.0538346 -0.0546054 -6.02071 0.0532098 0.998501 -0.0128347 -4.06787 0.0552145 0.0098914 0.998426 133.873
0.997097 -0.0526467 -0.0550035 -6.0758 0.0519902 0.998559 -0.0132998 -4.10011 0.0556244 0.0104016 0.998398 134.751
0.997168 -0.0513476 -0.0549526 -6.13123 0.0506943 0.998627 -0.0132164 -4.12413 0.0555558 0.0103931 0.998401 135.619
0.997161 -0.0513952 -0.0550356 -6.18275 0.0508487 0.998643 -0.0112849 -4.15551 0.0555409 0.00845442 0.998421 136.465
0.997275 -0.0498081 -0.0544183 -6.23 0.0493548 0.998735 -0.00964326 -4.18014 0.0548297 0.00693118 0.998472 137.289
0.997465 -0.0480832 -0.0524635 -6.2813 0.0477036 0.998826 -0.00846527 -4.19642 0.052809 0.0059411 0.998587 138.094
0.997652 -0.0472505 -0.0495677 -6.32306 0.0470102 0.998876 -0.00600251 -4.2176 0.0497957 0.00365822 0.998753 138.868
0.997882 -0.0462705 -0.045732 -6.35794 0.0461452 0.998928 -0.00379195 -4.23906 0.0458584 0.00167361 0.998947 139.6
0.998172 -0.0447585 -0.0406235 -6.39802 0.0447037 0.998998 -0.00225444 -4.2577 0.0406837 0.00043429 0.999172 140.311
0.998464 -0.0430336 -0.0349043 -6.42691 0.0429729 0.999073 -0.00248905 -4.27765 0.0349791 0.000985287 0.999388 140.981
0.998726 -0.0420015 -0.0279538 -6.445 0.0419135 0.999114 -0.00372577 -4.29011 0.0280855 0.00254938 0.999602 141.619
0.998887 -0.042784 -0.0198529 -6.46169 0.0427124 0.999079 -0.00401955 -4.30257 0.0200066 0.00316711 0.999795 142.226
0.99898 -0.0436861 -0.011382 -6.46075 0.0436334 0.999036 -0.004841 -4.32289 0.0115825 0.00433942 0.999924 142.791
0.999063 -0.0432481 -0.00161142 -6.45953 0.0432389 0.99905 -0.00534906 -4.3377 0.00184123 0.00527437 0.999984 143.322
0.998994 -0.0439685 0.00876614 -6.44918 0.0440051 0.999023 -0.00402693 -4.35226 -0.00858052 0.00440864 0.999953 143.829
0.998897 -0.0429377 0.0190134 -6.43348 0.0429972 0.999071 -0.00272759 -4.36608 -0.0188786 0.00354211 0.999816 144.306
0.998583 -0.0432958 0.0309558 -6.41577 0.0434032 0.999054 -0.00280621 -4.37708 -0.030805 0.00414581 0.999517 144.759
0.998183 -0.0419332 0.0432816 -6.39175 0.0421029 0.999109 -0.00301589 -4.39027 -0.0431166 0.00483269 0.999058 145.182
0.997328 -0.0440176 0.0583117 -6.35518 0.0441411 0.999025 -0.000830705 -4.40244 -0.0582183 0.00340243 0.998298 145.595
0.996137 -0.0448344 0.0755029 -6.31298 0.0448405 0.998993 0.00161508 -4.40477 -0.0754993 0.00177675 0.997144 145.993
0.994375 -0.0458844 0.0954611 -6.26322 0.0458132 0.998946 0.00293819 -4.41095 -0.0954953 0.00145172 0.995429 146.389
0.991898 -0.0445378 0.118973 -6.20486 0.0446154 0.999002 0.0020125 -4.4222 -0.118944 0.00331183 0.992895 146.777
0.988611 -0.0380377 0.145606 -6.14122 0.038253 0.999267 0.00132212 -4.43409 -0.14555 0.00426281 0.989342 147.15
0.984258 -0.0320334 0.173809 -6.06126 0.0330276 0.99945 -0.00282982 -4.44786 -0.173623 0.00852578 0.984775 147.528
0.978568 -0.029625 0.20378 -5.96902 0.0330056 0.999368 -0.0132101 -4.47122 -0.203259 0.0196529 0.978928 147.874
0.97095 -0.031307 0.237225 -5.8612 0.0385389 0.998921 -0.0259085 -4.4929 -0.236158 0.0342982 0.971109 148.203
0.961878 -0.0323762 0.271555 -5.74427 0.0444819 0.998266 -0.0385416 -4.51131 -0.269836 0.0491516 0.961651 148.519
0.95123 -0.0314273 0.306876 -5.60846 0.0475581 0.997844 -0.0452272 -4.51541 -0.304793 0.0576159 0.950674 148.843
0.938262 -0.0282139 0.344773 -5.46632 0.0468605 0.997848 -0.0458685 -4.51368 -0.342737 0.059193 0.937565 149.167
0.922683 -0.0224273 0.384908 -5.31475 0.0431799 0.998037 -0.0453566 -4.50812 -0.383135 0.05847 0.92184 149.479
0.904693 -0.0205193 0.425569 -5.14878 0.0440595 0.99799 -0.0455444 -4.50977 -0.423779 0.0599541 0.903779 149.776
0.884001 -0.0278519 0.466654 -4.96408 0.0526336 0.997806 -0.0401525 -4.52296 -0.464512 0.0600566 0.883528 150.047
0.859241 -0.0393676 0.510054 -4.7519 0.0623473 0.997661 -0.0280281 -4.55114 -0.507757 0.0558834 0.859686 150.317
0.830883 -0.0477521 0.554394 -4.53343 0.066894 0.997657 -0.0143237 -4.58739 -0.552411 0.0489869 0.832131 150.583
0.797975 -0.0489508 0.600699 -4.29144 0.0651224 0.997864 -0.00519355 -4.59705 -0.599162 0.0432633 0.799458 150.833
0.758329 -0.047255 0.650157 -4.05418 0.0600031 0.998195 0.00256498 -4.60795 -0.649105 0.0370663 0.759795 151.06
0.711688 -0.0497541 0.700731 -3.7922 0.0569867 0.99829 0.0130039 -4.61039 -0.70018 0.0306777 0.713307 151.275
0.660124 -0.0578512 0.748926 -3.49559 0.05566 0.998056 0.0280352 -4.6071 -0.749092 0.0231785 0.662061 151.464
0.603778 -0.0694315 0.794123 -3.17848 0.0577341 0.997392 0.043308 -4.5895 -0.795059 0.0196995 0.606212 151.631
0.544147 -0.0794778 0.835217 -2.85591 0.0592117 0.996659 0.0562636 -4.57546 -0.836898 0.018839 0.547035 151.766
0.481493 -0.0837131 0.872443 -2.52237 0.0561596 0.996329 0.0646063 -4.56382 -0.874649 0.0178885 0.484427 151.878
0.415004 -0.0877927 0.905574 -2.19083 0.0518509 0.995998 0.072797 -4.54684 -0.908341 0.0167438 0.417895 151.97
0.347043 -0.0922124 0.933305 -1.84134 0.0456792 0.995635 0.0813853 -4.52461 -0.936736 0.0143885 0.34974 152.04
0.277793 -0.0970012 0.955731 -1.49312 0.0405658 0.995186 0.0892148 -4.50471 -0.959784 0.0139867 0.280391 152.083
0.210212 -0.0986639 0.972665 -1.14312 0.0325707 0.995049 0.0938954 -4.47602 -0.977113 0.0119425 0.212385 152.107
0.146259 -0.0983061 0.98435 -0.778282 0.0269262 0.995077 0.0953766 -4.44196 -0.98888 0.0125551 0.148186 152.114
0.0873704 -0.0974071 0.991402 -0.413602 0.0205251 0.995173 0.0959687 -4.41284 -0.995964 0.0119638 0.0889479 152.097
0.0305498 -0.0977759 0.994739 -0.0312843 0.0179221 0.995098 0.0972607 -4.37356 -0.999373 0.0148566 0.0321524 152.067
-0.0229619 -0.10097 0.994624 0.347765 0.0170342 0.994703 0.101372 -4.34116 -0.999591 0.0192703 -0.0211203 152.007
-0.0711224 -0.106437 0.991772 0.743807 0.0165915 0.994027 0.107869 -4.30326 -0.99733 0.0241269 -0.0689316 151.936
-0.113527 -0.114181 0.986952 1.15086 0.01117 0.993165 0.116185 -4.26071 -0.993472 0.0242144 -0.111476 151.855
-0.152076 -0.122598 0.980736 1.57421 0.00456149 0.99218 0.124736 -4.21787 -0.988358 0.0234429 -0.150328 151.764
-0.185641 -0.129962 0.973985 2.00628 -0.00531549 0.991333 0.131263 -4.17216 -0.982603 0.0191906 -0.184723 151.67
-0.215363 -0.128176 0.968086 2.44255 -0.00756782 0.991538 0.129598 -4.12781 -0.976505 0.0205842 -0.21451 151.552
-0.240863 -0.119969 0.963116 2.87354 -0.00725989 0.992526 0.121817 -4.10055 -0.970532 0.022349 -0.239933 151.417
-0.262673 -0.105877 0.959058 3.31577 -0.00202709 0.99402 0.109181 -4.05489 -0.964883 0.0267349 -0.261316 151.266
-0.279905 -0.0917523 0.955633 3.7689 -0.00245323 0.995488 0.0948602 -3.999 -0.960025 0.0242074 -0.278867 151.116
-0.294439 -0.0807302 0.952254 4.23586 -0.00460858 0.996534 0.0830591 -3.94331 -0.955659 0.0200673 -0.293791 150.963
-0.305973 -0.0755035 0.949042 4.72513 -0.0109217 0.997063 0.0758028 -3.8895 -0.951978 0.0128284 -0.305899 150.809
-0.315541 -0.0781667 0.945687 5.23103 -0.0125522 0.996858 0.0782081 -3.85019 -0.948829 0.0128075 -0.315531 150.636
-0.324313 -0.0841845 0.942196 5.75822 -0.00998086 0.996281 0.0855814 -3.81586 -0.945897 0.0183512 -0.323947 150.445
-0.332414 -0.08676 0.939134 6.28609 -0.00666745 0.995951 0.0896489 -3.78138 -0.94311 0.023539 -0.331647 150.256
-0.338896 -0.0854682 0.936934 6.81894 -0.00428531 0.995995 0.0893058 -3.7468 -0.940814 0.0262503 -0.337905 150.06
-0.343739 -0.0815978 0.935513 7.354 -0.00502699 0.996363 0.0850582 -3.69948 -0.939052 0.024535 -0.342899 149.86
-0.347813 -0.0792888 0.934205 7.90282 -0.00607121 0.996587 0.082323 -3.65073 -0.937544 0.0229613 -0.347108 149.659
-0.350599 -0.0788819 0.933198 8.46749 -0.00654633 0.996629 0.0817843 -3.60435 -0.936503 0.0225645 -0.349934 149.448
-0.352781 -0.077845 0.932462 9.03976 -0.00369471 0.996641 0.0818051 -3.56087 -0.935698 0.0254142 -0.351884 149.231
-0.354187 -0.0770243 0.931997 9.62161 -0.000579294 0.99662 0.0821449 -3.51908 -0.935175 0.0285547 -0.353034 149.01
-0.35428 -0.076877 0.931974 10.2117 -1.48586e-05 0.996616 0.0822035 -3.47342 -0.93514 0.0291092 -0.353082 148.785
-0.354038 -0.0776352 0.932003 10.8091 -0.00106315 0.996581 0.0826107 -3.42874 -0.93523 0.0282565 -0.35291 148.567
-0.35338 -0.0778655 0.932234 11.4118 -0.000884872 0.996557 0.0829028 -3.38269 -0.93548 0.0284713 -0.352232 148.345
-0.352113 -0.0778467 0.932714 12.0178 -0.000348161 0.996546 0.0830428 -3.3321 -0.935957 0.0289158 -0.350924 148.116
-0.350932 -0.077894 0.933156 12.6239 0.000753887 0.99651 0.083466 -3.28934 -0.936401 0.0299944 -0.349649 147.886
-0.349127 -0.0779471 0.933828 13.2238 0.00157012 0.996484 0.083764 -3.24221 -0.937074 0.0307105 -0.347777 147.664
-0.347495 -0.0791998 0.934331 13.8213 0.00196224 0.996363 0.0851878 -3.20268 -0.93768 0.0314357 -0.346075 147.448
-0.346041 -0.0817854 0.934648 14.3989 0.00124871 0.996152 0.0876295 -3.15434 -0.938219 0.0314905 -0.344607 147.244
-0.344783 -0.0836683 0.934946 14.9664 0.00274709 0.995925 0.0901384 -3.10971 -0.938679 0.0336465 -0.343148 147.041
-0.342373 -0.0841908 0.935785 15.513 0.00511451 0.995796 0.0914611 -3.07377 -0.93955 0.0360999 -0.340502 146.841
-0.339533 -0.0842749 0.936811 16.0416 0.00533168 0.99579 0.0915129 -3.03085 -0.940579 0.0360665 -0.337655 146.652
-0.337188 -0.0842051 0.937664 16.5418 0.005176 0.995811 0.0912882 -2.99437 -0.941423 0.0356347 -0.33534 146.479
-0.334589 -0.0828098 0.938719 17.0243 0.00459329 0.995976 0.089498 -2.95553 -0.942353 0.0342569 -0.332862 146.309
-0.332155 -0.080895 0.93975 17.5016 0.00507997 0.996148 0.0875453 -2.923 -0.943211 0.0338525 -0.330464 146.141
-0.330108 -0.0799336 0.940553 17.9726 0.00666444 0.996186 0.0870007 -2.8899 -0.94392 0.0349879 -0.328317 145.98
-0.327588 -0.0814106 0.941307 18.4226 0.00887161 0.995972 0.0892258 -2.85625 -0.944779 0.0375802 -0.325546 145.83
-0.32482 -0.0832018 0.942109 18.8521 0.00980987 0.995773 0.0913233 -2.82672 -0.945725 0.0389056 -0.322631 145.688
-0.322097 -0.0844916 0.942929 19.2608 0.00960968 0.995666 0.0924997 -2.79888 -0.946658 0.0388551 -0.319889 145.559
-0.318048 -0.0844838 0.944303 19.6399 0.0101693 0.99566 0.0925037 -2.76928 -0.94802 0.0390235 -0.315809 145.44
-0.312887 -0.0839366 0.946074 20.0036 0.0105138 0.99572 0.0918184 -2.7431 -0.949732 0.0386757 -0.310666 145.321
-0.308013 -0.0832498 0.947733 20.3324 0.0107377 0.995797 0.0909615 -2.72228 -0.951322 0.0381937 -0.305824 145.221
-0.304325 -0.0838502 0.948871 20.6316 0.0100006 0.995782 0.0912031 -2.70343 -0.952516 0.0372447 -0.302203 145.133
-0.301821 -0.0838537 0.94967 20.9116 0.0104467 0.995774 0.0912448 -2.68144 -0.953307 0.0374606 -0.29967 145.049
-0.30004 -0.0829321 0.950315 21.1638 0.0118471 0.995813 0.0906431 -2.66369 -0.953853 0.038455 -0.297801 144.973
-0.298366 -0.0819989 0.950923 21.3992 0.0125398 0.99588 0.0898101 -2.65079 -0.954369 0.0387206 -0.296108 144.905
-0.296577 -0.0811549 0.951554 21.6149 0.0118608 0.995993 0.0886416 -2.63211 -0.954935 0.0375753 -0.294426 144.84
-0.295989 -0.0791839 0.951904 21.8271 0.0101941 0.996239 0.0860417 -2.62081 -0.955137 0.0351712 -0.294069 144.778
-0.297969 -0.0767819 0.951482 22.0373 0.00873849 0.996499 0.0831512 -2.60107 -0.954535 0.033091 -0.296255 144.712
-0.301216 -0.0755824 0.950556 22.248 0.00974439 0.996558 0.082328 -2.59005 -0.953506 0.0340611 -0.299443 144.641
-0.304778 -0.0754328 0.949432 22.4563 0.0116386 0.996489 0.0829077 -2.5742 -0.952352 0.0363185 -0.30283 144.568
-0.307731 -0.0752996 0.948489 22.6587 0.014571 0.996374 0.0838286 -2.56321 -0.951362 0.0396171 -0.305518 144.494
-0.309161 -0.0749303 0.948053 22.8608 0.016499 0.996319 0.0841253 -2.55176 -0.950867 0.0416502 -0.306787 144.422
-0.308975 -0.074666 0.948135 23.065 0.0167122 0.996333 0.0839078 -2.53473 -0.950923 0.0417708 -0.306594 144.361
-0.306491 -0.074714 0.948937 23.2657 0.01623 0.99636 0.0836899 -2.51974 -0.951735 0.0410515 -0.304162 144.298
-0.302755 -0.0736625 0.950217 23.4648 0.0155401 0.996495 0.0822013 -2.50532 -0.952942 0.0396533 -0.300549 144.238
-0.297741 -0.0706915 0.952026 23.6733 0.016115 0.99674 0.0790516 -2.49436 -0.954511 0.0388788 -0.295632 144.175
-0.292139 -0.0650347 0.954162 23.8952 0.016987 0.997175 0.0731674 -2.47563 -0.956225 0.0375834 -0.290209 144.116
-0.284902 -0.0604683 0.956648 24.1423 0.0187337 0.997466 0.0686275 -2.4607 -0.958374 0.0374736 -0.283047 144.049
-0.275764 -0.0584968 0.959444 24.4232 0.020112 0.997577 0.0666023 -2.44052 -0.961015 0.0376629 -0.273919 143.976
-0.265349 -0.059387 0.962322 24.7351 0.020778 0.997517 0.0672883 -2.42231 -0.963928 0.0378501 -0.263456 143.898
-0.254616 -0.0602087 0.965166 25.0747 0.0210265 0.997479 0.0677713 -2.40142 -0.966814 0.0375497 -0.252708 143.822
-0.243945 -0.0609217 0.967874 25.4427 0.0215859 0.997437 0.0682231 -2.3776 -0.969549 0.0375351 -0.242005 143.747
-0.233058 -0.0613797 0.970524 25.8369 0.0221611 0.997412 0.0684019 -2.35094 -0.97221 0.0374495 -0.231095 143.666
-0.222602 -0.061958 0.972939 26.2563 0.0226843 0.997379 0.0687044 -2.32684 -0.974646 0.0373642 -0.220613 143.581
-0.213362 -0.062359 0.974981 26.7004 0.0229187 0.997367 0.0688063 -2.29573 -0.976704 0.037026 -0.211371 143.498
-0.206054 -0.0631348 0.976502 27.176 0.0234761 0.99731 0.0694338 -2.26247 -0.978259 0.0372315 -0.204017 143.41
-0.200793 -0.0633421 0.977584 27.6766 0.0236285 0.997304 0.0694731 -2.22695 -0.979349 0.0370486 -0.198755 143.318
-0.197217 -0.0645045 0.978235 28.2013 0.0223233 0.997279 0.0702607 -2.19312 -0.980106 0.035694 -0.195241 143.22
-0.19567 -0.0652506 0.978497 28.7485 0.0211485 0.997271 0.0707317 -2.15783 -0.980442 0.0345338 -0.193756 143.117
-0.195923 -0.0672423 0.978311 29.319 0.0207299 0.997139 0.0726879 -2.1269 -0.9804 0.0345215 -0.193969 143.009
-0.197112 -0.0693507 0.977925 29.9092 0.0209711 0.996968 0.0749281 -2.09058 -0.980157 0.0352774 -0.19506 142.893
-0.199443 -0.0682424 0.97753 30.5191 0.0217025 0.99702 0.0740309 -2.04062 -0.979669 0.0359799 -0.197368 142.777
-0.201416 -0.0668162 0.977224 31.1443 0.0217828 0.997118 0.0726661 -1.99761 -0.979263 0.0359228 -0.199381 142.652
-0.203254 -0.0657393 0.976917 31.7921 0.0225166 0.997166 0.0717866 -1.95991 -0.978867 0.0365878 -0.201198 142.519
-0.20526 -0.0654248 0.976518 32.4564 0.0229145 0.997168 0.0716249 -1.91605 -0.978439 0.0370781 -0.203179 142.382
-0.207528 -0.0651306 0.976058 33.1454 0.0238188 0.997149 0.0716022 -1.87286 -0.977939 0.0381081 -0.205385 142.244
-0.209162 -0.0655349 0.975683 33.8562 0.0251728 0.99706 0.0723672 -1.82863 -0.977557 0.0396971 -0.206898 142.096
-0.210761 -0.0660574 0.975303 34.5794 0.0253862 0.997008 0.0730134 -1.78381 -0.977208 0.0401476 -0.208454 141.941
-0.212304 -0.0653323 0.975017 35.3203 0.0256857 0.997045 0.0724012 -1.73942 -0.976866 0.040415 -0.209998 141.782
-0.213754 -0.0643959 0.974763 36.0786 0.0255661 0.997114 0.0714788 -1.68575 -0.976553 0.0401998 -0.211491 141.621
-0.214981 -0.0637048 0.974538 36.8447 0.0253712 0.997169 0.070781 -1.63064 -0.976289 0.0399417 -0.212756 141.462
-0.21596 -0.0653247 0.974215 37.6328 0.0260724 0.997018 0.0726334 -1.57725 -0.976054 0.041086 -0.213613 141.297
-0.216747 -0.0678796 0.973865 38.4629 0.0272024 0.996772 0.0755305 -1.5133 -0.975849 0.0428625 -0.214201 141.114
-0.218041 -0.0720817 0.973274 39.2996 0.0261148 0.996481 0.0796508 -1.4476 -0.97559 0.042784 -0.215391 140.935
-0.218895 -0.0729316 0.973019 40.1516 0.0277071 0.996336 0.0809125 -1.38319 -0.975355 0.0446709 -0.216073 140.746
-0.218948 -0.0730722 0.972996 41.0134 0.0290748 0.99626 0.0813618 -1.31468 -0.975303 0.0461037 -0.216005 140.555
-0.218388 -0.0699843 0.973349 41.8929 0.0294828 0.996497 0.0782636 -1.24983 -0.975416 0.0457889 -0.21556 140.364
-0.21771 -0.0688269 0.973584 42.7893 0.030253 0.996555 0.0772159 -1.18159 -0.975544 0.0462645 -0.214878 140.174
-0.216492 -0.0678805 0.973922 43.711 0.0308155 0.996608 0.0763116 -1.11774 -0.975798 0.0465328 -0.213666 139.978
-0.215124 -0.0696797 0.974098 44.6496 0.0303883 0.996491 0.0779926 -1.04731 -0.976114 0.0463792 -0.212252 139.782
-0.213313 -0.0691781 0.974532 45.6025 0.0315114 0.996484 0.0776338 -0.980316 -0.976476 0.0472691 -0.210383 139.581
-0.21061 -0.0681615 0.975191 46.5641 0.0321198 0.996545 0.0765909 -0.917141 -0.977042 0.0474537 -0.207693 139.383
-0.207477 -0.0664741 0.975979 47.5413 0.0335055 0.99662 0.0750027 -0.845801 -0.977666 0.048262 -0.204549 139.189
-0.203869 -0.0674502 0.976672 48.5242 0.0345021 0.996509 0.0760221 -0.779201 -0.97839 0.0491957 -0.20083 138.996
-0.200011 -0.0684898 0.977397 49.5139 0.0351092 0.996412 0.0770069 -0.710003 -0.979165 0.0497178 -0.196888 138.805
-0.195413 -0.0683902 0.978334 50.5141 0.0345919 0.996464 0.076567 -0.643951 -0.980111 0.0488046 -0.192356 138.615
-0.191262 -0.0664911 0.979284 51.5321 0.0342155 0.996645 0.0743524 -0.570377 -0.980942 0.0477275 -0.188346 138.426
-0.187087 -0.0657594 0.98014 52.5554 0.0338823 0.996731 0.07334 -0.501915 -0.981759 0.0469304 -0.184247 138.245
-0.18296 -0.0672342 0.980819 53.5903 0.0328504 0.996684 0.0744496 -0.430085 -0.982571 0.0458416 -0.180144 138.063
-0.179017 -0.0693644 0.981398 54.6384 0.0323986 0.996555 0.0763455 -0.36652 -0.983312 0.045463 -0.176153 137.884
-0.175047 -0.070916 0.982003 55.6992 0.0327528 0.996431 0.0777963 -0.296837 -0.984015 0.0457813 -0.172099 137.696
-0.171509 -0.0709321 0.982626 56.768 0.0328244 0.99644 0.0776585 -0.21396 -0.984635 0.0455733 -0.168571 137.528
-0.1676 -0.0717098 0.983244 57.8413 0.0338244 0.996346 0.0784309 -0.142006 -0.985275 0.0464027 -0.164562 137.36
-0.163825 -0.0711566 0.98392 58.9301 0.0351646 0.99634 0.0779098 -0.063371 -0.985863 0.0473627 -0.160723 137.191
-0.160154 -0.0705139 0.98457 60.0197 0.0358368 0.996372 0.0771885 0.00825003 -0.986441 0.0476459 -0.157046 137.028
-0.156087 -0.0715817 0.985146 61.1099 0.0359313 0.996299 0.0780851 0.0841226 -0.98709 0.0475857 -0.152938 136.864
-0.151855 -0.0732539 0.985684 62.2041 0.0370373 0.996128 0.079736 0.150157 -0.987709 0.0486154 -0.148554 136.709
-0.147887 -0.0744142 0.986201 63.2966 0.0366105 0.99607 0.0806488 0.221726 -0.988326 0.0480323 -0.144581 136.558
-0.143959 -0.0732958 0.986866 64.3872 0.0375191 0.996132 0.0794571 0.289377 -0.988872 0.0484649 -0.140652 136.408
-0.139769 -0.0724855 0.987528 65.4755 0.0373176 0.996223 0.0784054 0.358727 -0.989481 0.0478108 -0.136536 136.263
-0.135396 -0.0708222 0.988257 66.5632 0.038163 0.996329 0.0766292 0.431443 -0.990056 0.0480902 -0.132196 136.125
-0.130917 -0.0699864 0.98892 67.6496 0.0397159 0.996334 0.0757688 0.498545 -0.990598 0.0491953 -0.127657 135.985
-0.126093 -0.0707097 0.989495 68.7364 0.0414149 0.996212 0.0764672 0.563355 -0.991154 0.0506218 -0.122687 135.857
-0.120705 -0.0731353 0.989991 69.8151 0.0424923 0.995988 0.0787593 0.631125 -0.991779 0.0515736 -0.117113 135.739
-0.114437 -0.0751891 0.990581 70.9014 0.0446266 0.995736 0.0807358 0.692704 -0.992428 0.0534454 -0.110594 135.622
-0.107667 -0.0756456 0.991305 71.9831 0.0460277 0.995653 0.0809765 0.763477 -0.993121 0.054346 -0.103717 135.511
-0.10086 -0.0747614 0.992088 73.0602 0.0464209 0.995733 0.0797554 0.8356 -0.993817 0.0540977 -0.0969587 135.41
-0.0942486 -0.0737969 0.99281 74.1238 0.0466816 0.995824 0.0784525 0.894258 -0.994454 0.05374 -0.0904101 135.318
-0.0876572 -0.0740853 0.993392 75.1811 0.0457062 0.995881 0.078304 0.960111 -0.995102 0.0522681 -0.08391 135.231
-0.0817607 -0.0750047 0.993826 76.2392 0.0442768 0.995906 0.0788043 1.02091 -0.995668 0.0504465 -0.0781051 135.162
-0.0765897 -0.0759953 0.994162 77.3122 0.0425898 0.995932 0.0794116 1.09003 -0.996153 0.0484233 -0.0730415 135.093
-0.0718076 -0.0750734 0.994589 78.3722 0.041919 0.996055 0.0782105 1.15293 -0.996537 0.0473083 -0.0683773 135.032
-0.0675911 -0.0746878 0.994914 79.4245 0.0421917 0.996088 0.0776423 1.22294 -0.996821 0.047225 -0.0641755 134.976
-0.0633095 -0.074062 0.995242 80.482 0.0436972 0.99608 0.0769041 1.28696 -0.997037 0.048358 -0.0598251 134.915
-0.0599264 -0.074219 0.99544 81.5212 0.0454147 0.995997 0.0769945 1.34725 -0.997169 0.0498216 -0.0563158 134.865
-0.0570052 -0.0735014 0.995665 82.5713 0.0469443 0.995986 0.0762128 1.40833 -0.99727 0.0510853 -0.0533259 134.812
-0.0542321 -0.0748931 0.995716 83.6076 0.0485343 0.995807 0.0775434 1.46693 -0.997348 0.0525317 -0.0503698 134.768
-0.0517552 -0.075406 0.995809 84.6477 0.0489656 0.995754 0.0779467 1.5321 -0.997459 0.0527945 -0.0478432 134.721
-0.0493328 -0.0757579 0.995905 85.6755 0.0488511 0.995743 0.0781654 1.60142 -0.997587 0.0525072 -0.0454219 134.677
-0.0471419 -0.0745207 0.996105 86.6854 0.0493214 0.995823 0.0768338 1.66323 -0.99767 0.0527513 -0.0432695 134.64
-0.0451189 -0.073954 0.99624 87.688 0.0493044 0.995876 0.0761599 1.72323 -0.997764 0.0525553 -0.0412866 134.603
-0.0428541 -0.0746944 0.996285 88.6692 0.048773 0.995856 0.0767602 1.77517 -0.99789 0.0518813 -0.0390334 134.571
-0.0407516 -0.075765 0.996293 89.6414 0.0490722 0.995766 0.0777322 1.83351 -0.997964 0.052058 -0.0368611 134.54
-0.0385015 -0.0773101 0.996263 90.6108 0.050319 0.995588 0.0792023 1.88953 -0.997991 0.0531804 -0.0344414 134.504
-0.0368326 -0.078117 0.996264 91.5522 0.0510605 0.995491 0.0799442 1.94436 -0.998016 0.0538142 -0.0326779 134.482
-0.0352881 -0.0797464 0.99619 92.4739 0.0529843 0.99526 0.0815488 1.99287 -0.997972 0.0556601 -0.0308955 134.451
-0.0334274 -0.0808267 0.996167 93.3678 0.052868 0.995186 0.0825211 2.04789 -0.998042 0.0554238 -0.0289933 134.429
-0.032045 -0.0817075 0.996141 94.2379 0.052475 0.995141 0.0833135 2.09848 -0.998108 0.0549423 -0.0276016 134.415
-0.0305545 -0.0814946 0.996205 95.0894 0.0519419 0.995195 0.0830051 2.14525 -0.998183 0.054281 -0.0261747 134.408
-0.0289944 -0.0802946 0.996349 95.9456 0.0522696 0.995283 0.0817298 2.19219 -0.998212 0.0544485 -0.0246607 134.395
-0.0273247 -0.0786621 0.996527 96.7947 0.0519114 0.995442 0.0799999 2.24442 -0.998278 0.053917 -0.0231167 134.381
-0.0256028 -0.0780918 0.996617 97.6317 0.0514946 0.995518 0.0793285 2.29487 -0.998345 0.0533514 -0.0214667 134.365
-0.0240349 -0.0782408 0.996645 98.4492 0.0519339 0.995489 0.0794025 2.34312 -0.998361 0.053668 -0.0198631 134.354
-0.0222245 -0.0793486 0.996599 99.2661 0.0520978 0.995399 0.0804148 2.394 -0.998395 0.0537078 -0.0179883 134.35
-0.0205662 -0.0837146 0.996278 100.069 0.0546901 0.994902 0.084728 2.44895 -0.998292 0.056229 -0.015883 134.334
-0.0180263 -0.0870424 0.996042 100.85 0.0549325 0.994612 0.0879117 2.49598 -0.998327 0.0562997 -0.0131478 134.33
-0.0159749 -0.0887737 0.995924 101.605 0.0541184 0.994514 0.0895161 2.54149 -0.998407 0.0553278 -0.011083 134.336
-0.0130716 -0.0879149 0.996042 102.338 0.0531622 0.994657 0.0884903 2.58752 -0.9985 0.0541085 -0.00832803 134.335
-0.0108544 -0.0845921 0.996357 103.049 0.0554687 0.99483 0.0850668 2.64051 -0.998401 0.0561899 -0.00610606 134.334
-0.00805767 -0.0832609 0.996495 103.727 0.0565981 0.994892 0.0835846 2.68385 -0.998365 0.0570732 -0.00330411 134.334
-0.00618881 -0.083252 0.996509 104.388 0.0559278 0.99494 0.0834682 2.7249 -0.998416 0.0562491 -0.00150139 134.341
-0.0044199 -0.0834776 0.9965 105.026 0.05552 0.994952 0.0835942 2.76777 -0.998448 0.0556951 0.00023709 134.345
-0.00271228 -0.0835614 0.996499 105.628 0.0568296 0.994879 0.0835803 2.80205 -0.99838 0.0568573 0.00205037 134.349
-0.00174681 -0.0829126 0.996555 106.209 0.0579569 0.994873 0.0828743 2.84164 -0.998318 0.057902 0.0030675 134.368
-0.000304024 -0.0824043 0.996599 106.759 0.0577939 0.994932 0.0822841 2.86913 -0.998328 0.0576223 0.00445998 134.375
0.000909342 -0.0834734 0.99651 107.268 0.0564214 0.994927 0.0832893 2.8941 -0.998407 0.0561488 0.00561442 134.385
0.00204224 -0.0838924 0.996473 107.757 0.0564497 0.994896 0.0836439 2.91211 -0.998403 0.0560797 0.00676751 134.396
0.00382984 -0.0747799 0.997193 108.214 0.0580511 0.995535 0.0744327 2.93303 -0.998306 0.057603 0.00815379 134.396
0.00450234 -0.0615235 0.998095 108.668 0.0618391 0.996212 0.0611285 2.95112 -0.998076 0.0614462 0.00828986 134.396
0.00549335 -0.0511339 0.998677 109.109 0.0643209 0.996642 0.0506759 2.96811 -0.997914 0.0639575 0.00876388 134.397
0.00574107 -0.0469012 0.998883 109.547 0.0657888 0.996753 0.046423 2.97633 -0.997817 0.0654488 0.00880801 134.418
0.00678566 -0.0466989 0.998886 110.001 0.0635039 0.996913 0.0461752 3.00536 -0.997959 0.0631198 0.00973027 134.425
0.00779908 -0.045676 0.998926 110.446 0.0624481 0.997029 0.0451017 3.03516 -0.998018 0.0620293 0.0106283 134.437
0.00925733 -0.0485256 0.998779 110.888 0.0615463 0.996956 0.0478665 3.05609 -0.998061 0.061028 0.0122157 134.446
0.0103397 -0.055921 0.998382 111.336 0.0642763 0.996407 0.0551447 3.07154 -0.997879 0.0636021 0.0138969 134.448
0.0116272 -0.0622518 0.997993 111.776 0.0658093 0.995944 0.0613573 3.08709 -0.997764 0.0649637 0.0156768 134.455
0.012166 -0.0649495 0.997814 112.199 0.0686982 0.995585 0.0639667 3.09475 -0.997563 0.0677698 0.0165742 134.464
0.0134091 -0.0639488 0.997863 112.601 0.0678828 0.995709 0.0628986 3.11879 -0.997603 0.0668943 0.0176926 134.478
0.0146137 -0.0604738 0.998063 113.014 0.0675662 0.995948 0.0593563 3.14547 -0.997608 0.0665679 0.0186405 134.49
0.016091 -0.0568658 0.998252 113.442 0.0666144 0.996224 0.0556765 3.17885 -0.997649 0.0656021 0.0198183 134.505
0.0170213 -0.0560757 0.998281 113.879 0.0676196 0.996205 0.054806 3.1916 -0.997566 0.0665705 0.0207485 134.514
0.0180329 -0.0563178 0.99825 114.324 0.0690929 0.996096 0.0549482 3.21541 -0.997447 0.0679811 0.0218537 134.525
0.0197075 -0.0577754 0.998135 114.781 0.0664206 0.996199 0.0563519 3.2288 -0.997597 0.0651862 0.0234701 134.539
0.0212421 -0.0578226 0.998101 115.243 0.0635837 0.996383 0.0563698 3.24455 -0.99775 0.0622655 0.0248419 134.561
0.0232324 -0.0566513 0.998124 115.716 0.062522 0.996521 0.0551051 3.26799 -0.997773 0.0611245 0.0266935 134.579
0.0247059 -0.0570809 0.998064 116.198 0.0659009 0.99629 0.0553482 3.28853 -0.99752 0.0644059 0.0283759 134.597
0.0264335 -0.061649 0.997748 116.696 0.0709096 0.995698 0.0596437 3.31348 -0.997132 0.0691733 0.0306913 134.61
0.0288801 -0.0701974 0.997115 117.218 0.0740874 0.994938 0.0678982 3.34619 -0.996833 0.0719127 0.0339346 134.619
0.0307618 -0.0782782 0.996457 117.742 0.0726364 0.994468 0.0758795 3.38576 -0.996884 0.0700448 0.0362774 134.652
