0.999999 -0.000633565 0.00125951 0.00119316 0.000633502 1 5.01858e-05 -0.00800507 -0.00125954 -4.93878e-05 0.999999 0.468293
0.999997 0.00125224 0.0021168 -0.00205971 -0.00124804 0.999997 -0.00198608 -0.0141648 -0.00211928 0.00198344 0.999996 0.930006
0.999998 0.00162665 0.00129339 -0.00299721 -0.00162179 0.999992 -0.00375307 -0.0262004 -0.00129949 0.00375096 0.999992 1.39418
1 0.000277186 -0.000813296 -0.00487879 -0.000281009 0.999989 -0.00470434 -0.0292802 0.000811983 0.00470456 0.999989 1.85477
0.999989 -0.00271074 -0.00369742 -0.0126365 0.0026908 0.999982 -0.0053858 -0.0363477 0.00371195 0.0053758 0.999979 2.31001
0.999947 -0.00668975 -0.00786627 -0.014637 0.00665488 0.999968 -0.0044512 -0.0435979 0.00789579 0.00439862 0.999959 2.76221
0.999877 -0.00907702 -0.0127986 -0.0191366 0.00902594 0.999951 -0.0040433 -0.0488758 0.0128347 0.00392728 0.99991 3.21
0.999833 -0.00737859 -0.016704 -0.0341173 0.00731691 0.999966 -0.00375047 -0.0565651 0.0167311 0.00362762 0.999853 3.65356
0.999768 -0.00644976 -0.0205513 -0.0538945 0.00638009 0.999974 -0.00345356 -0.0679697 0.020573 0.00332164 0.999783 4.09669
0.999671 -0.00671247 -0.0247597 -0.0762557 0.00662376 0.999971 -0.0036629 -0.0795915 0.0247835 0.0034977 0.999687 4.52373
0.999558 -0.00665181 -0.0289762 -0.0919433 0.00656766 0.999974 -0.00299826 -0.0893649 0.0289953 0.00280663 0.999576 4.94988
0.999419 -0.00734683 -0.033275 -0.109324 0.00725304 0.999969 -0.00293854 -0.0994595 0.0332955 0.00269549 0.999442 5.37155
0.999236 -0.00789605 -0.0382727 -0.127635 0.00773529 0.999961 -0.00434662 -0.103709 0.0383055 0.00404725 0.999258 5.78282
0.99905 -0.00835834 -0.0427675 -0.147048 0.0081641 0.999956 -0.00471437 -0.110604 0.042805 0.00436073 0.999074 6.18562
0.998913 -0.00794024 -0.0459281 -0.177268 0.00777586 0.999963 -0.00375661 -0.121998 0.0459562 0.00339539 0.998938 6.57864
0.998736 -0.00741758 -0.0497186 -0.202905 0.00729719 0.99997 -0.00260252 -0.133295 0.0497364 0.00223643 0.99876 6.95798
0.998583 -0.00681179 -0.0527833 -0.227322 0.006722 0.999976 -0.00187859 -0.141723 0.0527948 0.00152112 0.998604 7.32624
0.998448 -0.00675445 -0.0552773 -0.250611 0.00666388 0.999976 -0.00182263 -0.149251 0.0552883 0.00145144 0.998469 7.67707
0.998343 -0.00586594 -0.0572482 -0.276392 0.00574381 0.999981 -0.00229776 -0.155856 0.0572606 0.00196513 0.998357 8.01464
0.998245 -0.00562027 -0.0589513 -0.298368 0.00546117 0.999981 -0.00285964 -0.163672 0.0589663 0.00253268 0.998257 8.3379
0.99817 -0.00522446 -0.0602368 -0.322397 0.0050331 0.999982 -0.00332799 -0.173414 0.0602531 0.00301872 0.998179 8.64895
0.998062 -0.00567636 -0.061973 -0.343359 0.00541819 0.999976 -0.00433311 -0.178557 0.0619961 0.00398893 0.998068 8.94562
0.997973 -0.00516539 -0.0634317 -0.364914 0.00480619 0.999972 -0.00581414 -0.185591 0.06346 0.00549749 0.997969 9.23148
0.997922 -0.00468095 -0.064261 -0.388402 0.00423661 0.999966 -0.0070492 -0.19077 0.0642919 0.0067623 0.997908 9.50699
0.997858 -0.00440087 -0.0652718 -0.405054 0.0038757 0.999959 -0.00817041 -0.197322 0.0653051 0.00789993 0.997834 9.78984
0.997825 -0.00587623 -0.065654 -0.42689 0.00529429 0.999945 -0.00903423 -0.205729 0.0657035 0.00866699 0.997802 10.0611
0.997765 -0.0072124 -0.0664255 -0.446802 0.00653831 0.999925 -0.0103599 -0.213248 0.0664953 0.00990246 0.997738 10.3241
0.997705 -0.00718888 -0.0673208 -0.466174 0.00638474 0.999906 -0.0121524 -0.219183 0.0674018 0.0116947 0.997657 10.588
0.99765 -0.00610318 -0.0682477 -0.489337 0.00525832 0.999907 -0.0125521 -0.225011 0.068318 0.0121638 0.997589 10.8471
0.997583 -0.00385586 -0.0693757 -0.512451 0.0031249 0.999938 -0.0106417 -0.231309 0.0694124 0.0103992 0.997534 11.1145
0.997559 -0.00446901 -0.0696861 -0.534686 0.00396145 0.999965 -0.00742011 -0.232165 0.0697168 0.00712594 0.997541 11.3832
0.99755 -0.00550804 -0.0697385 -0.554747 0.00515271 0.999973 -0.00527401 -0.239771 0.0697657 0.00490175 0.997551 11.6464
0.997515 -0.00756768 -0.0700523 -0.569634 0.00713248 0.999954 -0.00646066 -0.253412 0.0700979 0.00594496 0.997522 11.8976
0.997491 -0.00855797 -0.0702719 -0.589034 0.00792411 0.999925 -0.00929402 -0.263161 0.0703462 0.00871386 0.997485 12.1496
0.997516 -0.00771988 -0.0700218 -0.609334 0.0070072 0.999921 -0.0104179 -0.273626 0.0700967 0.00990134 0.997491 12.4032
0.997531 -0.00703323 -0.0698749 -0.629302 0.00628978 0.999921 -0.0108541 -0.282628 0.0699458 0.0103878 0.997497 12.6505
0.997549 -0.00725774 -0.0695938 -0.647096 0.00652262 0.999921 -0.0107845 -0.294249 0.0696665 0.0103041 0.997517 12.8972
0.997569 -0.0092629 -0.0690743 -0.661616 0.00854032 0.999906 -0.010749 -0.299012 0.0691674 0.0101329 0.997554 13.1476
0.997592 -0.0102942 -0.0685891 -0.675864 0.00964187 0.999905 -0.00983433 -0.301611 0.0686839 0.00914932 0.997597 13.3996
0.997675 -0.00934269 -0.067504 -0.698986 0.00849151 0.999881 -0.0128852 -0.307326 0.0676163 0.0122821 0.997636 13.6547
0.997765 -0.00651325 -0.0665025 -0.725453 0.00512124 0.999765 -0.0210808 -0.310721 0.0666241 0.0206931 0.997564 13.9248
0.997841 -0.00698303 -0.0653095 -0.749395 0.00514694 0.999588 -0.0282398 -0.314045 0.0654798 0.0278427 0.997465 14.2147
0.997928 -0.00996401 -0.0635656 -0.767859 0.00800043 0.999485 -0.0310708 -0.318496 0.0638425 0.0304978 0.997494 14.5271
0.997959 -0.0135243 -0.0624039 -0.781377 0.0117937 0.999538 -0.0280183 -0.330478 0.062754 0.0272251 0.997658 14.8667
0.99806 -0.0141064 -0.06064 -0.800759 0.0125982 0.999603 -0.0251826 -0.348999 0.0609712 0.0243698 0.997842 15.2165
0.9982 -0.0127658 -0.0585941 -0.823021 0.0114089 0.99966 -0.0234342 -0.360792 0.0588733 0.0227236 0.998007 15.5818
0.998309 -0.0129575 -0.056667 -0.852312 0.0116941 0.999677 -0.0225689 -0.374597 0.0569411 0.021868 0.998138 15.9552
0.998383 -0.0147089 -0.0549125 -0.869294 0.0133826 0.999612 -0.0244423 -0.382079 0.0552507 0.0236679 0.998192 16.3438
0.998478 -0.0163185 -0.052687 -0.887915 0.0149767 0.999556 -0.0257614 -0.39057 0.0530839 0.0249331 0.998279 16.7424
0.998549 -0.0165531 -0.0512531 -0.906678 0.0152654 0.99956 -0.0254146 -0.408364 0.0516512 0.0245953 0.998362 17.1566
0.998601 -0.017116 -0.0500264 -0.923812 0.015938 0.999588 -0.0238539 -0.425106 0.0504141 0.0230232 0.998463 17.5856
0.998661 -0.0174148 -0.0487032 -0.946048 0.0163791 0.999633 -0.0215843 -0.441698 0.0490612 0.0207577 0.99858 18.0163
0.998693 -0.0175182 -0.0480218 -0.965561 0.0165425 0.99965 -0.0206387 -0.44849 0.0483665 0.0198173 0.998633 18.4582
0.99869 -0.017085 -0.0482256 -0.988796 0.0161106 0.99966 -0.0205218 -0.458042 0.0485598 0.019718 0.998626 18.9096
0.998648 -0.0164613 -0.0493162 -1.01125 0.0154831 0.999677 -0.0201524 -0.469299 0.049632 0.0193616 0.99858 19.3729
0.998569 -0.0168962 -0.0507387 -1.03791 0.0159707 0.9997 -0.0185892 -0.483764 0.0510375 0.0177522 0.998539 19.8489
0.998508 -0.0169159 -0.0519154 -1.06707 0.0160435 0.999724 -0.017176 -0.496972 0.0521916 0.0163175 0.998504 20.3287
0.998482 -0.015276 -0.0529142 -1.0984 0.0144071 0.999756 -0.0167629 -0.510419 0.0531573 0.0159751 0.998458 20.8193
0.99847 -0.0119202 -0.0540044 -1.132 0.0109525 0.999775 -0.0181795 -0.52056 0.0542089 0.0175602 0.998375 21.3153
0.998453 -0.00978867 -0.054725 -1.16495 0.00880873 0.999797 -0.0181192 -0.532152 0.0548913 0.0176091 0.998337 21.8187
0.998413 -0.00900774 -0.0555958 -1.19254 0.008186 0.999854 -0.0149907 -0.540056 0.0557227 0.0145118 0.998341 22.3358
0.998357 -0.0104548 -0.0563471 -1.21935 0.00987899 0.999896 -0.0104881 -0.54753 0.0564509 0.00991422 0.998356 22.8533
0.998304 -0.0109718 -0.0571738 -1.25074 0.0106068 0.999921 -0.00668317 -0.557867 0.0572427 0.00606541 0.998342 23.3701
0.998287 -0.00896111 -0.0578133 -1.28269 0.00869892 0.999951 -0.00478519 -0.572921 0.0578533 0.00427409 0.998316 23.8903
0.998287 -0.00527693 -0.0582722 -1.32687 0.00508692 0.999981 -0.00340857 -0.589524 0.0582891 0.00310631 0.998295 24.408
0.998253 -0.00439415 -0.058915 -1.36841 0.00419673 0.999985 -0.00347427 -0.607645 0.0589294 0.00322095 0.998257 24.9285
0.998165 -0.0059457 -0.0602612 -1.40077 0.0056735 0.999973 -0.00468704 -0.61871 0.0602874 0.00433655 0.998172 25.4496
0.998109 -0.00870377 -0.0608464 -1.43377 0.008295 0.999941 -0.00696745 -0.621188 0.0609035 0.00644956 0.998123 25.978
0.99805 -0.00937201 -0.0617155 -1.46308 0.00890408 0.99993 -0.00785275 -0.62751 0.0617848 0.00728791 0.998063 26.5129
0.998051 -0.00824035 -0.0618538 -1.50075 0.00777764 0.99994 -0.00771788 -0.637441 0.0619137 0.00722176 0.998055 27.0468
0.998101 -0.00661493 -0.0612422 -1.53749 0.00620311 0.999957 -0.00691204 -0.649508 0.0612853 0.00651903 0.998099 27.5883
0.998155 -0.00550962 -0.0604645 -1.5714 0.00510313 0.999963 -0.0068752 -0.658801 0.0605001 0.00655396 0.998147 28.1416
0.998214 -0.00649446 -0.0593899 -1.60413 0.00610267 0.999958 -0.00677587 -0.66894 0.0594315 0.00640132 0.998212 28.6919
0.998284 -0.00756626 -0.0580733 -1.63892 0.00717798 0.99995 -0.00689173 -0.680715 0.0581226 0.00646305 0.998289 29.2458
0.99835 -0.00925456 -0.0566767 -1.67409 0.00888187 0.999937 -0.00682406 -0.692007 0.0567363 0.0063094 0.998369 29.8086
0.99841 -0.0103112 -0.0554202 -1.70588 0.00995454 0.999928 -0.00670792 -0.706773 0.0554854 0.00614557 0.998441 30.3679
0.998451 -0.011364 -0.0544577 -1.73552 0.0110027 0.999915 -0.00693061 -0.718488 0.0545318 0.0063207 0.998492 30.9353
0.998529 -0.010955 -0.0530987 -1.77091 0.0105994 0.99992 -0.0069733 -0.73106 0.0531709 0.00640023 0.998565 31.4996
0.998584 -0.0110705 -0.0520325 -1.80336 0.0106819 0.999913 -0.0077401 -0.739172 0.0521137 0.00717333 0.998615 32.0743
0.998608 -0.0114093 -0.0514956 -1.83049 0.0110015 0.999906 -0.00819553 -0.748219 0.0515842 0.0076176 0.99864 32.6516
0.998619 -0.0118626 -0.0511753 -1.85797 0.0114522 0.9999 -0.00830457 -0.758879 0.0512687 0.00770703 0.998655 33.2341
0.99865 -0.0121587 -0.0504947 -1.89367 0.0117387 0.999894 -0.0086061 -0.773061 0.050594 0.00800174 0.998687 33.8191
0.998686 -0.0121265 -0.0497879 -1.92612 0.011698 0.999892 -0.00888898 -0.788722 0.0498903 0.00829489 0.99872 34.4057
0.998689 -0.0126032 -0.0496179 -1.95652 0.012154 0.999882 -0.00934627 -0.806246 0.0497298 0.00873097 0.998725 35.001
0.998655 -0.0137955 -0.0499722 -1.98142 0.01332 0.999863 -0.00983587 -0.820151 0.050101 0.00915702 0.998702 35.6045
0.998628 -0.0146348 -0.0502822 -2.00819 0.0141298 0.999846 -0.0103838 -0.836832 0.0504265 0.00965912 0.998681 36.2188
0.998652 -0.0148352 -0.0497391 -2.04694 0.0143258 0.999841 -0.0105816 -0.853553 0.0498882 0.00985476 0.998706 36.8341
0.998641 -0.0148149 -0.0499634 -2.08098 0.0143062 0.999842 -0.0105226 -0.86884 0.0501114 0.00979354 0.998696 37.4584
0.998637 -0.0148738 -0.050034 -2.11947 0.0143619 0.999841 -0.0105753 -0.885803 0.0501833 0.00984234 0.998692 38.0878
0.998626 -0.0148482 -0.0502604 -2.15606 0.0143274 0.99984 -0.0107054 -0.900206 0.0504113 0.00997058 0.998679 38.7223
0.998606 -0.0151294 -0.0505627 -2.19327 0.0146219 0.999839 -0.0103922 -0.912717 0.0507118 0.00963844 0.998667 39.3548
0.998581 -0.0153113 -0.0510065 -2.2302 0.0148574 0.999847 -0.00926553 -0.929264 0.0511406 0.00849456 0.998655 39.9936
0.99856 -0.0149997 -0.05151 -2.26684 0.0145774 0.999857 -0.00856345 -0.942142 0.0516311 0.00780023 0.998636 40.6315
0.998532 -0.015225 -0.051989 -2.30642 0.0148002 0.999854 -0.00854607 -0.954567 0.0521116 0.00776407 0.998611 41.2757
0.998491 -0.0153411 -0.0527321 -2.34898 0.0149457 0.999857 -0.00788321 -0.968672 0.0528455 0.00708319 0.998578 41.9179
0.998438 -0.0157116 -0.0536094 -2.39039 0.0153182 0.999853 -0.00774067 -0.980253 0.0537231 0.00690738 0.998532 42.5553
0.998329 -0.0171158 -0.0551998 -2.42089 0.0166897 0.999827 -0.00817021 -0.998543 0.0553301 0.00723529 0.998442 43.209
0.99826 -0.0171337 -0.0564267 -2.45477 0.0166674 0.999823 -0.00872398 -1.01155 0.0565662 0.00776831 0.998369 43.8565
0.998228 -0.0163426 -0.0572109 -2.49872 0.0158515 0.999834 -0.00902608 -1.02992 0.0573488 0.00810321 0.998321 44.4994
0.998185 -0.0160252 -0.0580551 -2.54305 0.0154639 0.999829 -0.0101052 -1.04156 0.0582071 0.00918911 0.998262 45.1432
0.998075 -0.0165558 -0.059776 -2.57214 0.0159955 0.999824 -0.00983862 -1.05849 0.0599284 0.00886353 0.998163 45.795
0.997985 -0.0184227 -0.0607206 -2.61255 0.0178892 0.999797 -0.00931764 -1.0713 0.0608799 0.00821261 0.998111 46.4588
0.99788 -0.0186369 -0.0623536 -2.65101 0.018103 0.999795 -0.00911738 -1.0827 0.0625107 0.00796926 0.998012 47.1145
0.997808 -0.0175252 -0.0638204 -2.68852 0.0169725 0.999814 -0.00919214 -1.09804 0.0639696 0.00808879 0.997919 47.7735
0.997745 -0.0168262 -0.0649698 -2.73357 0.0161587 0.999811 -0.0107869 -1.11535 0.065139 0.00971276 0.997829 48.4308
0.997642 -0.0174085 -0.0663908 -2.77751 0.0165164 0.999766 -0.0139621 -1.13371 0.0666183 0.0128326 0.997696 49.0843
0.997528 -0.0207492 -0.0671419 -2.82609 0.0196494 0.999662 -0.0169991 -1.15479 0.0674719 0.0156378 0.997599 49.7275
0.997413 -0.0227775 -0.0681852 -2.86648 0.0215185 0.999585 -0.0191418 -1.16945 0.0685929 0.0176251 0.997489 50.3783
0.997373 -0.0225217 -0.0688496 -2.9162 0.0211471 0.999564 -0.0206303 -1.18814 0.0692842 0.0191201 0.997414 51.0261
0.997342 -0.0200999 -0.0700316 -2.96809 0.0188044 0.999641 -0.0191096 -1.20761 0.0703905 0.0177419 0.997362 51.6736
0.997271 -0.0195201 -0.0712047 -3.01692 0.0185306 0.999723 -0.0145318 -1.22269 0.0714686 0.0131727 0.997356 52.326
0.997127 -0.0209261 -0.0728013 -3.05809 0.0203568 0.999756 -0.00855383 -1.23504 0.0729625 0.00704725 0.99731 52.9825
0.997078 -0.0221367 -0.0731168 -3.1084 0.0221508 0.999754 -0.000618103 -1.25416 0.0731125 -0.0010033 0.997323 53.6386
0.997117 -0.0210545 -0.0729006 -3.16089 0.021533 0.999751 0.00578441 -1.266 0.0727607 -0.0073375 0.997322 54.3003
0.997199 -0.0209488 -0.0718029 -3.21284 0.0216324 0.999728 0.00875547 -1.27258 0.0715999 -0.0102842 0.99738 54.9547
0.997301 -0.0200161 -0.070646 -3.26045 0.0206806 0.999748 0.00868713 -1.28125 0.0704543 -0.0101247 0.997464 55.6076
0.99747 -0.0195422 -0.0683553 -3.3115 0.0199506 0.999787 0.00529772 -1.28783 0.0682372 -0.00664805 0.997647 56.2501
0.997614 -0.0189855 -0.0663822 -3.36195 0.0191043 0.999817 0.00115453 -1.29252 0.0663481 -0.00241996 0.997794 56.8955
0.997628 -0.021206 -0.0654882 -3.40007 0.0210887 0.999775 -0.00248288 -1.29776 0.0655261 0.00109593 0.99785 57.5471
0.997657 -0.0243205 -0.0639494 -3.44402 0.0240214 0.999697 -0.0054424 -1.30568 0.0640624 0.0038935 0.997938 58.1988
0.997779 -0.0247485 -0.0618383 -3.50115 0.0243916 0.999681 -0.00651994 -1.32029 0.06198 0.00499712 0.998065 58.85
0.997885 -0.0220136 -0.0611576 -3.5459 0.0216956 0.999747 -0.00585915 -1.33597 0.0612712 0.00451991 0.998111 59.4934
0.997945 -0.0203896 -0.0607411 -3.59128 0.0200674 0.999781 -0.00591038 -1.35206 0.0608483 0.00467932 0.998136 60.1416
0.99798 -0.0193923 -0.0604904 -3.63333 0.0190376 0.999798 -0.0064344 -1.3624 0.060603 0.00526982 0.998148 60.7888
0.997968 -0.0194467 -0.0606816 -3.67641 0.0191251 0.9998 -0.00587628 -1.37782 0.0607838 0.0047038 0.99814 61.4399
0.997947 -0.0185789 -0.0612982 -3.71327 0.0182118 0.999813 -0.00654268 -1.39344 0.0614083 0.0054129 0.998098 62.0836
0.997946 -0.0174925 -0.0616196 -3.75494 0.0170373 0.999824 -0.00790597 -1.40362 0.061747 0.0068399 0.998068 62.7352
0.997942 -0.0160291 -0.0620862 -3.80442 0.0155777 0.999849 -0.0077472 -1.41619 0.062201 0.0067641 0.998041 63.3843
0.997949 -0.0148479 -0.0622627 -3.85087 0.0144051 0.999868 -0.00755327 -1.43263 0.0623666 0.00664088 0.998031 64.0305
0.997937 -0.0145203 -0.062531 -3.89693 0.0141281 0.999878 -0.00670931 -1.44438 0.0626207 0.00581203 0.99802 64.6698
0.997894 -0.0144892 -0.0632303 -3.93797 0.0141119 0.99988 -0.00640878 -1.45647 0.0633156 0.00550298 0.997978 65.3092
0.997861 -0.0148013 -0.0636691 -3.98136 0.0144418 0.999877 -0.00610292 -1.47135 0.0637516 0.00517037 0.997952 65.9451
0.997827 -0.0139567 -0.0643918 -4.02074 0.0136337 0.999892 -0.00545332 -1.48827 0.064461 0.00456357 0.99791 66.5837
0.997834 -0.0131903 -0.0644402 -4.06998 0.0128876 0.999904 -0.00511022 -1.50175 0.0645014 0.00426867 0.997908 67.2115
0.99779 -0.0131493 -0.065134 -4.11438 0.0128132 0.999902 -0.0055755 -1.51302 0.065201 0.0047286 0.997861 67.8378
0.997766 -0.0132336 -0.0654871 -4.16201 0.0128925 0.999901 -0.00562736 -1.52761 0.0655551 0.00477049 0.997838 68.4631
0.997694 -0.0129755 -0.0666282 -4.20587 0.0126451 0.999906 -0.00537781 -1.54028 0.0666916 0.00452288 0.997763 69.0846
0.997628 -0.0121053 -0.0677702 -4.25489 0.0117543 0.999915 -0.00557613 -1.54843 0.0678319 0.00476631 0.997685 69.7021
0.997551 -0.011502 -0.0689942 -4.30327 0.0111471 0.999923 -0.0055271 -1.55854 0.0690525 0.00474447 0.997602 70.3182
0.997451 -0.010227 -0.0706212 -4.35762 0.00990533 0.999939 -0.00490355 -1.56687 0.070667 0.00419153 0.997491 70.9333
0.997299 -0.00967261 -0.0728126 -4.40395 0.00936403 0.999946 -0.00457817 -1.57803 0.0728529 0.00388398 0.997335 71.5488
0.997111 -0.00919161 -0.0754003 -4.45108 0.00888132 0.999951 -0.00444962 -1.59053 0.0754374 0.00376711 0.997143 72.1609
0.996948 -0.00843053 -0.0776166 -4.50728 0.00813219 0.999958 -0.00415904 -1.60245 0.0776484 0.00351515 0.996975 72.7685
0.996759 -0.00706334 -0.0801369 -4.56423 0.0067302 0.999968 -0.00442641 -1.61583 0.0801655 0.00387272 0.996774 73.3787
0.996533 -0.00686191 -0.0829152 -4.62584 0.00646981 0.999967 -0.0049967 -1.62815 0.0829467 0.00444293 0.996544 73.9797
0.996235 -0.00682229 -0.0864215 -4.68609 0.00635052 0.999963 -0.00573266 -1.64365 0.0864575 0.00516226 0.996242 74.5812
0.995959 -0.00768307 -0.0894774 -4.7473 0.00714297 0.999954 -0.00635487 -1.65956 0.0895221 0.00569005 0.995969 75.1819
0.995632 -0.00698295 -0.0931004 -4.80737 0.00625077 0.999947 -0.00815363 -1.66616 0.0931524 0.00753606 0.995623 75.7692
0.995284 -0.00720205 -0.096738 -4.86832 0.00631598 0.999935 -0.00946251 -1.67786 0.0967999 0.00880688 0.995265 76.348
0.994896 -0.00819865 -0.10057 -4.9253 0.00722849 0.999924 -0.0100072 -1.6964 0.100645 0.00922919 0.99488 76.9286
0.994525 -0.0091716 -0.104097 -4.98453 0.0081332 0.999913 -0.0103954 -1.71426 0.104184 0.00949181 0.994513 77.4953
0.994279 -0.00966122 -0.106376 -5.04698 0.00859031 0.999908 -0.0105209 -1.7263 0.106468 0.00954687 0.99427 78.057
0.994201 -0.00870948 -0.107184 -5.11255 0.00769524 0.999922 -0.00987259 -1.74016 0.107262 0.00899054 0.99419 78.6019
0.994356 -0.00739567 -0.105835 -5.18087 0.0064525 0.999936 -0.00925136 -1.74982 0.105897 0.00851624 0.994341 79.1371
0.994647 -0.0051848 -0.103197 -5.23648 0.00432365 0.999954 -0.00856669 -1.76383 0.103237 0.00807464 0.994624 79.6567
0.995207 -0.00325156 -0.0977322 -5.29151 0.00253999 0.999969 -0.00740436 -1.78394 0.0977533 0.00712063 0.995185 80.1537
0.996017 -0.00161213 -0.0891492 -5.33343 0.000926327 0.99997 -0.00773359 -1.79067 0.089159 0.0076202 0.995988 80.6407
0.997152 0.00109623 -0.0754084 -5.36389 -0.00164448 0.999973 -0.00720869 -1.80205 0.0753985 0.00731217 0.997127 81.1186
0.998449 0.00401934 -0.0555332 -5.38458 -0.00435572 0.999973 -0.00593748 -1.82216 0.0555078 0.00617016 0.998439 81.5826
0.999537 0.00572589 -0.0298986 -5.38877 -0.00588166 0.99997 -0.00512471 -1.8357 0.0298684 0.00529819 0.99954 82.0342
0.999983 0.00584523 0.000854502 -5.36597 -0.00584099 0.999971 -0.00487502 -1.84665 -0.000882973 0.00486994 0.999988 82.4747
0.999303 0.00370836 0.0371517 -5.32298 -0.00351795 0.99998 -0.00518936 -1.85782 -0.0371702 0.00505504 0.999296 82.9024
0.996872 0.00168298 0.0790117 -5.26552 -0.00128424 0.999986 -0.00509718 -1.86994 -0.0790192 0.00497976 0.996861 83.3229
0.99212 -0.000674335 0.125291 -5.17775 0.00136666 0.999984 -0.0054399 -1.87375 -0.125285 0.00556827 0.992105 83.7406
0.984573 -0.00367411 0.174936 -5.06477 0.00473327 0.999973 -0.00563774 -1.8782 -0.17491 0.00637878 0.984564 84.1438
0.973773 -0.00766015 0.227392 -4.92984 0.00903171 0.999947 -0.00499181 -1.89224 -0.227342 0.00691463 0.973791 84.5274
0.959211 -0.0112892 0.282467 -4.76936 0.013024 0.999906 -0.00426452 -1.89695 -0.282392 0.00776943 0.959268 84.903
0.940478 -0.0164134 0.339459 -4.58784 0.0179865 0.999837 -0.00148829 -1.90605 -0.33938 0.0075054 0.94062 85.2529
0.917923 -0.0199589 0.396256 -4.38236 0.0211773 0.999775 0.00130054 -1.91152 -0.396193 0.00719783 0.918139 85.5918
0.891074 -0.0259651 0.453115 -4.15301 0.0264755 0.999636 0.00521728 -1.91866 -0.453085 0.00734746 0.891437 85.9162
0.861071 -0.0296412 0.50762 -3.91282 0.0294933 0.99953 0.00833594 -1.92627 -0.507628 0.00779353 0.861541 86.2205
0.827101 -0.0292453 0.561292 -3.65221 0.0292416 0.999532 0.00898964 -1.93133 -0.561292 0.00897775 0.827569 86.5128
0.788914 -0.0264755 0.613933 -3.37317 0.0259519 0.999616 0.00975921 -1.93151 -0.613956 0.00823357 0.789298 86.7999
0.746553 -0.0234008 0.664914 -3.07915 0.0206108 0.999715 0.0120423 -1.92985 -0.665007 0.00471422 0.746823 87.0713
0.699779 -0.0231442 0.713984 -2.76028 0.0175526 0.99973 0.0152035 -1.93127 -0.714144 0.00189319 0.699997 87.3287
0.649041 -0.0256808 0.76032 -2.41071 0.0188611 0.999666 0.0176643 -1.92957 -0.760519 0.00287564 0.649309 87.5612
0.595295 -0.0270055 0.803053 -2.04561 0.0183679 0.999631 0.0200003 -1.93199 -0.803297 0.00284434 0.595571 87.7665
0.537497 -0.0250454 0.842894 -1.67757 0.0132115 0.999686 0.0212796 -1.92674 -0.843162 -0.000301787 0.537659 87.9528
0.478413 -0.0246583 0.877789 -1.29109 0.0111167 0.999696 0.0220241 -1.92572 -0.878065 -0.000778511 0.478541 88.1171
0.422055 -0.0252601 0.906218 -0.889815 0.0112424 0.999681 0.0226294 -1.92033 -0.906501 0.000637273 0.422204 88.2543
0.369351 -0.0266746 0.928907 -0.478135 0.0146754 0.999631 0.0228703 -1.92174 -0.929174 0.00518488 0.369606 88.3658
0.320588 -0.0270216 0.946833 -0.0566192 0.0172803 0.999594 0.0226764 -1.91754 -0.947061 0.00909175 0.320925 88.4607
0.276581 -0.0265029 0.960625 0.367088 0.0179644 0.999588 0.0224056 -1.91005 -0.960823 0.01106 0.276943 88.5476
0.236854 -0.0264544 0.971185 0.800996 0.0175104 0.999583 0.0229575 -1.9046 -0.971388 0.0115682 0.237218 88.6255
0.201105 -0.0265033 0.979211 1.25122 0.0176973 0.999569 0.0234197 -1.9033 -0.97941 0.0126196 0.201487 88.6871
0.16949 -0.0260648 0.985187 1.70036 0.0190152 0.999551 0.0231734 -1.89928 -0.985348 0.0148059 0.16991 88.737
0.141377 -0.0251512 0.989636 2.15965 0.0202498 0.999542 0.0225101 -1.89071 -0.989749 0.0168575 0.141821 88.7874
0.116536 -0.0244436 0.992886 2.63173 0.0205453 0.999543 0.022196 -1.88769 -0.992974 0.0178125 0.116985 88.8289
0.0946652 -0.0236625 0.995228 3.10855 0.0206371 0.999549 0.0218023 -1.87715 -0.995295 0.0184747 0.0951108 88.8613
0.0760848 -0.0227112 0.996843 3.5978 0.0227802 0.999519 0.0210335 -1.86875 -0.996841 0.0211079 0.0765656 88.884
0.0601509 -0.0209004 0.99797 4.10919 0.0246281 0.999507 0.0194482 -1.85679 -0.997885 0.0234083 0.060636 88.8985
0.0470132 -0.0196418 0.998701 4.6224 0.0258501 0.999496 0.0184406 -1.85147 -0.99856 0.0249495 0.0474972 88.9119
0.0373287 -0.0192175 0.999118 5.14704 0.026652 0.999479 0.0182287 -1.8454 -0.998948 0.0259481 0.0378214 88.9217
0.0308906 -0.0194278 0.999334 5.68859 0.0271177 0.999459 0.018592 -1.8414 -0.999155 0.0265253 0.0314007 88.9328
0.0266411 -0.0195432 0.999454 6.25153 0.0284774 0.999418 0.0187834 -1.83721 -0.999239 0.0279615 0.0271822 88.9434
0.023982 -0.019426 0.999524 6.82751 0.02791 0.999434 0.0187546 -1.82771 -0.999323 0.0274469 0.0245107 88.9563
0.0232465 -0.0204102 0.999521 7.41701 0.0273026 0.999432 0.0197734 -1.82133 -0.999357 0.0268299 0.0237906 88.9762
0.0244856 -0.0213984 0.999471 8.02535 0.0268537 0.999424 0.0207396 -1.81333 -0.999339 0.0263317 0.0250461 88.9995
0.027356 -0.0219671 0.999384 8.64839 0.0270313 0.999409 0.0212277 -1.80107 -0.99926 0.026434 0.0279336 89.0162
0.030279 -0.0223897 0.999291 9.28521 0.0272084 0.999397 0.0215677 -1.78721 -0.999171 0.0265361 0.03087 89.038
0.0339649 -0.0223439 0.999173 9.93499 0.0268803 0.999409 0.0214354 -1.77667 -0.999061 0.02613 0.0345454 89.0635
0.037842 -0.0224136 0.999032 10.6089 0.0272807 0.999399 0.0213884 -1.76706 -0.998911 0.0264449 0.0384307 89.0935
0.0418515 -0.0238425 0.998839 11.3016 0.0274692 0.999365 0.0227041 -1.75564 -0.998746 0.0264871 0.0424798 89.1268
0.046256 -0.0249644 0.998618 11.997 0.0279786 0.999328 0.0236862 -1.74823 -0.998538 0.0268443 0.0469234 89.1658
0.0506474 -0.0262117 0.998373 12.7014 0.0288354 0.999277 0.0247726 -1.73905 -0.9983 0.0275338 0.0513667 89.2122
0.0548855 -0.0278404 0.998104 13.4137 0.0307391 0.999185 0.0261802 -1.73197 -0.998019 0.0292439 0.0556965 89.2576
0.0592335 -0.0286333 0.997833 14.1308 0.0320762 0.999127 0.0267663 -1.71826 -0.997729 0.0304212 0.0601002 89.3092
0.0636262 -0.0298679 0.997527 14.8545 0.0320625 0.999097 0.0278699 -1.70271 -0.997459 0.03021 0.0645264 89.3649
0.0681509 -0.0310841 0.997191 15.5794 0.0322935 0.999059 0.0289353 -1.6911 -0.997152 0.0302308 0.0690906 89.4216
0.0726634 -0.0310664 0.996873 16.3 0.0327539 0.99905 0.0287468 -1.67612 -0.996819 0.0305626 0.0736119 89.4859
0.0760227 -0.0311865 0.996618 17.0347 0.0333372 0.999031 0.028719 -1.6615 -0.996549 0.0310411 0.0769887 89.5402
0.0770071 -0.0308222 0.996554 17.7725 0.032177 0.999078 0.0284139 -1.64551 -0.996511 0.029878 0.0779278 89.6019
0.0769283 -0.0301823 0.99658 18.5198 0.0321544 0.999097 0.0277764 -1.63522 -0.996518 0.0299077 0.0778293 89.6628
0.0768254 -0.0299811 0.996594 19.272 0.0326542 0.999087 0.0275389 -1.62543 -0.99651 0.0304273 0.0777343 89.7187
0.0760878 -0.0293797 0.996668 20.0363 0.0345595 0.999043 0.0268113 -1.61293 -0.996502 0.0324044 0.0770303 89.7784
0.0757605 -0.0291246 0.996701 20.8048 0.0357601 0.99901 0.0264739 -1.60186 -0.996485 0.0336364 0.076727 89.8381
0.0754 -0.0298613 0.996706 21.5799 0.0368035 0.998954 0.0271444 -1.58644 -0.996474 0.0346356 0.0764202 89.8957
0.0749271 -0.0308365 0.996712 22.3619 0.0372442 0.998911 0.0281047 -1.57871 -0.996493 0.0350159 0.075994 89.9564
0.0742713 -0.0313947 0.996744 23.1414 0.0383966 0.998853 0.0286001 -1.57132 -0.996499 0.0361474 0.0753915 90.0178
0.0742378 -0.0312185 0.996752 23.9286 0.0390368 0.998835 0.0283763 -1.56296 -0.996476 0.0368034 0.07537 90.0739
0.0743091 -0.0298794 0.996788 24.717 0.0391574 0.998868 0.0270226 -1.55087 -0.996466 0.0370236 0.0753949 90.1334
0.0748044 -0.0281525 0.996801 25.5033 0.0394004 0.998904 0.0252551 -1.54099 -0.99642 0.0373852 0.0758316 90.1907
0.0751916 -0.0280026 0.996776 26.2907 0.0414008 0.998831 0.0249372 -1.5334 -0.996309 0.0393922 0.076263 90.2488
0.0758289 -0.028068 0.996726 27.0792 0.0429736 0.998767 0.0248561 -1.526 -0.996194 0.0409481 0.0769415 90.3078
0.0758599 -0.0292701 0.996689 27.868 0.0438489 0.9987 0.0259917 -1.50674 -0.996154 0.0417319 0.0770448 90.3777
0.0763471 -0.0317369 0.996576 28.6655 0.0438754 0.998632 0.0284411 -1.49375 -0.996115 0.0415538 0.0776352 90.4407
0.0768303 -0.0329828 0.996498 29.4551 0.0440932 0.998587 0.0296524 -1.48446 -0.996069 0.0416606 0.0781761 90.5049
0.0769117 -0.0332422 0.996484 30.2393 0.0444312 0.998565 0.0298823 -1.4725 -0.996047 0.0419767 0.0782783 90.5786
0.0771706 -0.0321081 0.996501 31.0217 0.0439093 0.998621 0.028776 -1.45862 -0.996051 0.041535 0.078474 90.6427
0.0757181 -0.0310338 0.996646 31.7929 0.042426 0.998711 0.0278748 -1.44619 -0.996226 0.0401731 0.0769371 90.7094
0.0735734 -0.0306657 0.996818 32.574 0.0405973 0.998791 0.0277299 -1.4345 -0.996463 0.038428 0.0747294 90.7717
0.0715942 -0.0306721 0.996962 33.3624 0.0393848 0.998834 0.0279014 -1.42287 -0.996656 0.0372675 0.0727187 90.8288
0.0697055 -0.0306526 0.997097 34.1461 0.0387058 0.998858 0.0280009 -1.40938 -0.996816 0.0366416 0.0708123 90.8854
0.0679243 -0.0308227 0.997214 34.9276 0.0389017 0.998844 0.0282234 -1.3965 -0.996932 0.0368763 0.0690449 90.9418
0.0659961 -0.0303844 0.997357 35.7029 0.0386063 0.998866 0.0278758 -1.38097 -0.997073 0.0366646 0.0670942 91.0006
0.0647638 -0.029994 0.99745 36.48 0.0377074 0.998908 0.0275896 -1.36619 -0.997188 0.0358244 0.065824 91.0508
0.0636959 -0.0305493 0.997502 37.2655 0.0376295 0.998894 0.0281891 -1.35219 -0.99726 0.0357399 0.064775 91.1032
0.0628323 -0.0313666 0.997531 38.0463 0.0387443 0.998829 0.028967 -1.34331 -0.997272 0.0368286 0.063974 91.1541
0.0628874 -0.0316885 0.997517 38.8279 0.0394371 0.998794 0.0292427 -1.33154 -0.997241 0.0375002 0.0640613 91.2029
0.0630347 -0.0321231 0.997494 39.6103 0.0405291 0.99874 0.0296021 -1.32142 -0.997188 0.0385616 0.0642571 91.2509
0.063673 -0.0318108 0.997464 40.397 0.0408122 0.998739 0.0292462 -1.31124 -0.997136 0.0388465 0.064891 91.2999
0.0641122 -0.0315382 0.997444 41.1775 0.0414933 0.99872 0.0289115 -1.2986 -0.99708 0.0395337 0.0653388 91.354
0.0645094 -0.0315207 0.997419 41.9542 0.0411662 0.998734 0.0288998 -1.29129 -0.997068 0.0391957 0.0657254 91.4087
0.0647396 -0.0316831 0.997399 42.7256 0.0408952 0.99874 0.0290713 -1.279 -0.997064 0.0389068 0.0659537 91.4656
0.0650704 -0.0320732 0.997365 43.5144 0.0410663 0.998723 0.0294376 -1.26943 -0.997035 0.0390426 0.0663044 91.522
0.0649495 -0.032354 0.997364 44.3008 0.0408581 0.998722 0.0297373 -1.25248 -0.997052 0.038819 0.0661885 91.5792
0.0650108 -0.0317767 0.997378 45.0797 0.040152 0.998767 0.0292038 -1.23874 -0.997076 0.0381482 0.0662065 91.637
0.0645874 -0.032101 0.997396 45.8634 0.0394706 0.998783 0.0295897 -1.22622 -0.997131 0.0374567 0.0657758 91.6902
0.0638205 -0.0318342 0.997454 46.6404 0.0391511 0.998802 0.0293722 -1.21681 -0.997193 0.0371768 0.0649903 91.7462
0.0635615 -0.0321278 0.997461 47.4174 0.0398758 0.998765 0.0296288 -1.20867 -0.997181 0.0378912 0.0647642 91.7962
0.0629973 -0.0326384 0.99748 48.1923 0.0407297 0.998717 0.0301066 -1.19624 -0.997182 0.0387304 0.0642458 91.8482
0.0623261 -0.0320457 0.997541 48.9744 0.0412118 0.998715 0.0295084 -1.17708 -0.997205 0.0392713 0.0635667 91.9004
0.0617436 -0.0313145 0.997601 49.762 0.0417021 0.998716 0.0287685 -1.15662 -0.99722 0.0398257 0.0629702 91.9503
0.0611112 -0.0307362 0.997658 50.54 0.0411906 0.998752 0.0282468 -1.14433 -0.997281 0.0393679 0.062301 92.0037
0.0608467 -0.0309368 0.997668 51.3184 0.0413262 0.998741 0.0284496 -1.13607 -0.997291 0.0394988 0.0620486 92.0597
0.0607316 -0.031376 0.997661 52.0964 0.0411335 0.998735 0.0289059 -1.1232 -0.997306 0.0392818 0.0619454 92.1086
0.0605625 -0.0318413 0.997656 52.8812 0.0412683 0.998716 0.0293699 -1.1131 -0.997311 0.0393929 0.0617988 92.1559
0.0604535 -0.0317674 0.997665 53.661 0.0403724 0.998753 0.0293557 -1.09984 -0.997354 0.0385035 0.0616607 92.2073
0.0598793 -0.0319756 0.997693 54.4524 0.0393013 0.998787 0.0296519 -1.09017 -0.997432 0.0374351 0.0610634 92.2602
0.0597355 -0.0318156 0.997707 55.2387 0.0382544 0.998831 0.029561 -1.08009 -0.997481 0.0364008 0.0608828 92.3154
0.0595957 -0.0317641 0.997717 56.0244 0.0381871 0.998835 0.0295187 -1.06809 -0.997492 0.0363408 0.0607392 92.3683
0.0594139 -0.0317925 0.997727 56.8082 0.0387176 0.998814 0.0295216 -1.05366 -0.997482 0.0368756 0.0605743 92.4128
0.0591672 -0.0319619 0.997736 57.5841 0.0388283 0.998805 0.0296935 -1.0457 -0.997493 0.0369836 0.0603375 92.4631
0.0590529 -0.0325016 0.997726 58.3712 0.0383007 0.998808 0.0302699 -1.02877 -0.99752 0.0364261 0.0602273 92.5083
0.0592027 -0.0328541 0.997705 59.1523 0.038171 0.998802 0.0306252 -1.01651 -0.997516 0.0362703 0.0603859 92.5552
0.059398 -0.0330643 0.997687 59.9226 0.0400142 0.998727 0.0307165 -1.00021 -0.997432 0.0380971 0.0606454 92.5996
0.0591341 -0.0337869 0.997678 60.7018 0.0412322 0.998657 0.0313762 -0.990349 -0.997398 0.039281 0.0604478 92.6468
0.0592878 -0.0333306 0.997684 61.4717 0.041114 0.998676 0.0309205 -0.979533 -0.997394 0.0391856 0.0605797 92.6939
0.0592211 -0.0331181 0.997695 62.2397 0.0408468 0.998693 0.0307266 -0.965571 -0.997409 0.038933 0.0604964 92.7456
0.0593699 -0.0329627 0.997692 63.0091 0.0403578 0.998717 0.0305949 -0.952623 -0.99742 0.0384482 0.060624 92.7955
0.0595079 -0.0324337 0.997701 63.7686 0.0400116 0.998746 0.0300812 -0.939797 -0.997426 0.0381295 0.060731 92.8449
0.0592562 -0.0316972 0.997739 64.525 0.0402636 0.998758 0.0293383 -0.924126 -0.99743 0.0384341 0.0604589 92.898
0.0591696 -0.0313888 0.997754 65.2813 0.0394518 0.998798 0.029082 -0.910636 -0.997468 0.0376424 0.0603368 92.9508
0.0589324 -0.0313605 0.997769 66.0329 0.0384131 0.998837 0.0291252 -0.902992 -0.997523 0.036611 0.0600686 93.0058
0.0592539 -0.0310979 0.997758 66.7803 0.0374438 0.99888 0.0289092 -0.881512 -0.99754 0.0356469 0.060352 93.0498
0.0598882 -0.0313378 0.997713 67.526 0.037013 0.998889 0.0291531 -0.873672 -0.997519 0.0351824 0.0609816 93.0949
0.0604436 -0.0321585 0.997653 68.2611 0.036803 0.998873 0.0299681 -0.866669 -0.997493 0.0349052 0.061559 93.1445
0.0613901 -0.0325681 0.997582 69.0024 0.0365239 0.998871 0.0303626 -0.859167 -0.997445 0.0345717 0.0625104 93.1873
0.062607 -0.0330771 0.99749 69.7403 0.0367985 0.998848 0.0308125 -0.853005 -0.99736 0.0347771 0.0637521 93.2347
0.0640804 -0.0336331 0.997378 70.4774 0.0374194 0.99881 0.0312772 -0.843528 -0.997243 0.035317 0.0652627 93.2833
0.0656992 -0.0337366 0.997269 71.2096 0.0375435 0.998804 0.0313152 -0.83066 -0.997133 0.0353836 0.0668872 93.3342
0.0677534 -0.0341102 0.997119 71.9363 0.0369289 0.998816 0.031659 -0.814225 -0.997018 0.0346775 0.0689328 93.3902
0.0696241 -0.0347878 0.996967 72.6588 0.0377761 0.998767 0.0322125 -0.802755 -0.996858 0.0354187 0.0708524 93.4441
0.0716157 -0.0347867 0.996825 73.3827 0.0386482 0.998738 0.0320768 -0.786834 -0.996683 0.0362283 0.0728698 93.5036
0.0740482 -0.0349819 0.996641 74.0989 0.0385032 0.99874 0.0321949 -0.774744 -0.996511 0.0359899 0.0753018 93.5598
0.0761148 -0.0346797 0.996496 74.8079 0.0384597 0.998753 0.0318207 -0.761062 -0.996357 0.0359029 0.0773537 93.6214
0.0789682 -0.0342121 0.99629 75.5084 0.038688 0.998763 0.0312305 -0.742891 -0.996126 0.0360782 0.0801941 93.6749
0.0813837 -0.034771 0.996076 76.2077 0.0384325 0.998757 0.0317245 -0.73582 -0.995942 0.0356999 0.082619 93.741
0.0835616 -0.0358448 0.995858 76.8918 0.0386452 0.998718 0.0327051 -0.723394 -0.995753 0.0357523 0.0848397 93.8019
0.0862683 -0.0358746 0.995626 77.5605 0.03795 0.998745 0.0326987 -0.710095 -0.995549 0.0349632 0.0875214 93.8586
0.0887841 -0.0354236 0.995421 78.2083 0.0381436 0.998755 0.0321402 -0.698912 -0.99532 0.0351154 0.0900248 93.9218
0.0922087 -0.034905 0.995128 78.8459 0.0383772 0.998767 0.0314767 -0.689342 -0.995 0.0352878 0.0934346 93.9795
0.0966281 -0.0357817 0.994677 79.4701 0.0379531 0.998759 0.0322416 -0.700417 -0.994597 0.0346356 0.0978662 94.0357
0.10151 -0.0344277 0.994239 80.0804 0.0361252 0.998869 0.0308997 -0.683229 -0.994178 0.0327804 0.102639 94.0993
0.106631 -0.0342603 0.993708 80.6848 0.0359188 0.998887 0.0305845 -0.679908 -0.99365 0.0324315 0.107743 94.149
0.110578 -0.032809 0.993326 81.2776 0.0361524 0.998926 0.0289695 -0.655441 -0.99321 0.0327077 0.111645 94.2186
0.113706 -0.0315311 0.993014 81.8405 0.0365644 0.998952 0.0275328 -0.634845 -0.992841 0.0331783 0.11474 94.2964
0.116753 -0.0315033 0.992661 82.387 0.0374074 0.998927 0.0273024 -0.629262 -0.992456 0.0339452 0.117807 94.3653
0.119205 -0.0307452 0.992393 82.9243 0.0356456 0.999009 0.0266685 -0.615512 -0.99223 0.0321954 0.120183 94.432
0.119096 -0.0295247 0.992444 83.4441 0.0331056 0.99912 0.0257506 -0.602995 -0.992331 0.0297886 0.119969 94.5051
0.116946 -0.0287585 0.992722 83.9432 0.0299573 0.999228 0.0254179 -0.597158 -0.992686 0.0267668 0.117717 94.5667
0.110383 -0.0281516 0.99349 84.4263 0.0267077 0.999322 0.0253494 -0.591394 -0.99353 0.0237356 0.11106 94.6253
0.0988171 -0.0288716 0.994687 84.8922 0.0235117 0.999368 0.0266717 -0.597341 -0.994828 0.0207512 0.0994334 94.654
0.0790115 -0.030648 0.996402 85.3379 0.0212172 0.999353 0.0290563 -0.606556 -0.996648 0.0188451 0.0796106 94.6764
0.0514317 -0.0301549 0.998221 85.7661 0.0198315 0.999378 0.0291681 -0.595113 -0.99848 0.018296 0.0519977 94.682
0.0156129 -0.0297312 0.999436 86.1766 0.0184187 0.999397 0.0294423 -0.594518 -0.999708 0.0179487 0.0161511 94.6751
-0.0286141 -0.030802 0.999116 86.5795 0.0176248 0.999354 0.0313141 -0.602061 -0.999435 0.0185053 -0.0280528 94.6464
-0.0794388 -0.0320663 0.996324 86.9749 0.0160039 0.999313 0.0334385 -0.600682 -0.996711 0.0186014 -0.078871 94.5884
-0.136682 -0.0319824 0.990099 87.3667 0.0165319 0.999266 0.0345608 -0.592757 -0.990477 0.0210921 -0.136053 94.5008
-0.199306 -0.0330882 0.979378 87.7416 0.0162513 0.999181 0.0370644 -0.608195 -0.979802 0.0233034 -0.198605 94.3846
-0.265896 -0.0310332 0.963502 88.1008 0.0198697 0.999093 0.0376629 -0.597236 -0.963797 0.0291589 -0.265039 94.2392
-0.333788 -0.0294539 0.942188 88.4367 0.0227278 0.99897 0.0392807 -0.56485 -0.942374 0.0345253 -0.332775 94.0653
-0.400024 -0.0337229 0.915884 88.7469 0.0239514 0.998597 0.0472295 -0.567065 -0.916192 0.0408296 -0.398655 93.8657
-0.465841 -0.034406 0.884199 89.0522 0.0234311 0.998414 0.051195 -0.545498 -0.884558 0.0445665 -0.464296 93.661
-0.528361 -0.0341244 0.848334 89.3228 0.0205648 0.998384 0.0529684 -0.525784 -0.848771 0.0454322 -0.526805 93.4355
-0.589438 -0.0345748 0.807073 89.5742 0.0141134 0.99849 0.0530826 -0.483769 -0.80769 0.0426795 -0.58806 93.1938
-0.648754 -0.0399267 0.75995 89.8195 0.00757462 0.998234 0.0589121 -0.477959 -0.760961 0.0439758 -0.647306 92.9372
-0.703508 -0.0408697 0.709511 90.0278 0.00351208 0.998133 0.0609775 -0.459638 -0.710679 0.04539 -0.702051 92.6667
-0.754455 -0.041877 0.655015 90.2181 -0.000617231 0.998007 0.0630946 -0.453581 -0.656352 0.0471977 -0.752977 92.3734
-0.799454 -0.038513 0.599492 90.3869 -0.000782549 0.998009 0.0630712 -0.44142 -0.600727 0.0499534 -0.797892 92.0576
-0.83734 -0.0332474 0.545671 90.532 -0.000168349 0.998165 0.0605593 -0.419333 -0.546683 0.0506168 -0.835808 91.7298
-0.870421 -0.0301145 0.491386 90.6701 -0.00194655 0.99833 0.0577345 -0.404316 -0.492304 0.0492969 -0.869026 91.3938
-0.897606 -0.0320981 0.439628 90.7973 -0.00800849 0.998368 0.0565415 -0.382223 -0.440726 0.0472312 -0.896398 91.0489
-0.918939 -0.0359694 0.392755 90.9174 -0.0143099 0.998218 0.0579377 -0.370272 -0.394139 0.047621 -0.917816 90.6955
-0.935802 -0.0368092 0.350599 91.0082 -0.0168714 0.99807 0.0597548 -0.353042 -0.352122 0.0500036 -0.934618 90.3371
-0.949998 -0.0374103 0.310006 91.0986 -0.0193078 0.997935 0.061259 -0.337658 -0.311658 0.0522104 -0.948759 89.963
-0.96158 -0.0373648 0.27197 91.1749 -0.0216056 0.997922 0.0607112 -0.317904 -0.273673 0.0525026 -0.960389 89.5826
-0.970829 -0.0379113 0.236757 91.248 -0.0242119 0.997874 0.060505 -0.299453 -0.238548 0.0530076 -0.969683 89.1857
-0.97813 -0.0386951 0.204362 91.3045 -0.0269963 0.99785 0.0597274 -0.279455 -0.206234 0.0529042 -0.977071 88.7863
-0.983836 -0.0385688 0.174867 91.3603 -0.0286427 0.997851 0.0589373 -0.254784 -0.176764 0.052976 -0.982827 88.3644
-0.988083 -0.0377745 0.149216 91.4021 -0.0293893 0.997884 0.0580064 -0.236428 -0.151091 0.0529298 -0.987102 87.9285
-0.991216 -0.0360396 0.127246 91.4374 -0.0290184 0.997975 0.0566079 -0.210925 -0.129028 0.0524182 -0.990255 87.4783
-0.993486 -0.0342691 0.108677 91.4714 -0.0283365 0.998047 0.055672 -0.184707 -0.110372 0.0522299 -0.992517 87.0173
-0.995043 -0.0340749 0.093428 91.505 -0.0290201 0.998068 0.0549397 -0.161944 -0.0951196 0.051956 -0.994109 86.5408
-0.996108 -0.0344439 0.0811355 91.545 -0.0300877 0.99807 0.0543145 -0.135794 -0.0828497 0.051662 -0.995222 86.0443
-0.996857 -0.0333773 0.0718479 91.5832 -0.0295551 0.998124 0.0536191 -0.108837 -0.0735028 0.0513271 -0.995973 85.5315
-0.997351 -0.0323529 0.0651538 91.6105 -0.0288999 0.998162 0.0532599 -0.0853437 -0.0667572 0.0512359 -0.996453 85.0101
-0.997645 -0.0315008 0.0609207 91.6389 -0.0282882 0.998199 0.0528966 -0.0568535 -0.0624773 0.0510488 -0.99674 84.4732
-0.997805 -0.0302421 0.0589169 91.6698 -0.0271325 0.998232 0.0528824 -0.0361104 -0.060412 0.0511677 -0.996861 83.9132
-0.997854 -0.0288449 0.0587861 91.7015 -0.0257546 0.99828 0.0526641 -0.0118531 -0.0602041 0.051037 -0.99688 83.3456
-0.997822 -0.0278913 0.0597825 91.7368 -0.0247034 0.998267 0.0534166 0.0154029 -0.0611687 0.0518234 -0.996781 82.7703
-0.997769 -0.0269423 0.0610909 91.7771 -0.0236335 0.998248 0.0542518 0.044656 -0.0624455 0.0526869 -0.996657 82.1826
-0.997754 -0.0247835 0.0622375 91.8138 -0.0213224 0.998221 0.0556724 0.0710211 -0.0635066 0.0542203 -0.996507 81.5845
-0.997721 -0.0227766 0.0635179 91.8547 -0.0191419 0.998176 0.057256 0.10061 -0.0647062 0.0559096 -0.996337 80.9816
-0.997665 -0.0208537 0.0650346 91.8915 -0.017032 0.998126 0.0587742 0.123211 -0.0661383 0.0575293 -0.996151 80.3884
