0.999993 -0.00249985 0.00271292 0.000113056 0.00248635 0.999985 0.00496945 -0.0120169 -0.0027253 -0.00496267 0.999984 0.80842
0.999957 -0.00719992 0.00583371 0.0129754 0.00719193 0.999973 0.00138926 -0.0219633 -0.00584356 -0.00134724 0.999982 1.6274
0.999939 -0.0064055 0.00901766 0.0240837 0.00645853 0.999962 -0.00586373 -0.028321 -0.00897976 0.00592161 0.999942 2.45732
0.999922 0.00123665 0.0124412 0.0177873 -0.00110413 0.999943 -0.010653 -0.0302266 -0.0124537 0.0106384 0.999866 3.29244
0.999887 -0.00299938 0.0147258 0.0318542 0.0031343 0.999953 -0.00914776 -0.0343106 -0.0146977 0.00919288 0.99985 4.14602
0.999782 -0.0132818 0.0161052 0.0593467 0.0133448 0.999904 -0.00381364 -0.0575036 -0.016053 0.00402773 0.999863 5.00801
0.999644 -0.0201927 0.0174387 0.0867546 0.0202218 0.999794 -0.0014938 -0.0739169 -0.017405 0.00184591 0.999847 5.87448
0.999629 -0.0203852 0.0180427 0.10302 0.0203765 0.999792 0.00066682 -0.0780627 -0.0180525 -0.000298926 0.999837 6.73792
0.999712 -0.0160782 0.0178141 0.109264 0.0159487 0.999846 0.00738822 -0.0883061 -0.0179302 -0.00710198 0.999814 7.60747
0.999683 -0.0170138 0.0185557 0.123335 0.0167951 0.999788 0.0118793 -0.0980282 -0.0187539 -0.0115639 0.999757 8.47926
0.999692 -0.01652 0.0184971 0.136685 0.0163648 0.99983 0.00851286 -0.105754 -0.0186346 -0.00820754 0.999793 9.33415
0.999708 -0.0149111 0.0190085 0.149811 0.0149132 0.999889 3.06808e-05 -0.108869 -0.0190068 0.000252805 0.999819 10.1961
0.999713 -0.0133736 0.0198957 0.158005 0.0134528 0.999902 -0.00385265 -0.110652 -0.0198423 0.0041192 0.999795 11.0811
0.999748 -0.0109165 0.0196341 0.16595 0.0108367 0.999933 0.00416509 -0.118065 -0.0196782 -0.00395127 0.999799 11.9583
0.999674 -0.0146213 0.0209385 0.186014 0.014338 0.999804 0.013618 -0.127702 -0.0211335 -0.0133133 0.999688 12.8506
0.999572 -0.0182416 0.0228573 0.209723 0.0179132 0.999735 0.0144887 -0.129202 -0.0231155 -0.014073 0.999634 13.7315
0.999437 -0.0215467 0.0257131 0.235778 0.0214052 0.999754 0.00576863 -0.131609 -0.0258311 -0.00521499 0.999653 14.5991
0.999399 -0.0198287 0.0284348 0.248284 0.0198771 0.999801 -0.00142037 -0.128867 -0.028401 0.00198472 0.999595 15.4677
0.999337 -0.0197229 0.0305928 0.271324 0.019877 0.999791 -0.00474046 -0.139932 -0.0304929 0.00534541 0.999521 16.3387
0.999172 -0.0234141 0.0332761 0.311721 0.0235346 0.999718 -0.00323238 -0.153422 -0.033191 0.00401284 0.999441 17.2367
0.999088 -0.0227571 0.0361241 0.338233 0.0228012 0.99974 -0.000809381 -0.16395 -0.0360963 0.00163232 0.999347 18.121
0.99907 -0.0192646 0.0385866 0.369311 0.0191088 0.999808 0.00440406 -0.171399 -0.038664 -0.00366262 0.999246 18.9998
0.998994 -0.0182791 0.040938 0.400216 0.0177718 0.999761 0.0127213 -0.18021 -0.0411607 -0.0119809 0.999081 19.8786
0.998896 -0.0186317 0.0431163 0.434573 0.0178407 0.999667 0.0186597 -0.184379 -0.0434496 -0.0178699 0.998896 20.7465
0.998768 -0.01956 0.0456079 0.470868 0.0187688 0.999667 0.0177114 -0.188411 -0.0459391 -0.0168336 0.998802 21.612
0.998661 -0.0188342 0.0481879 0.507416 0.0183021 0.999767 0.0114595 -0.187698 -0.0483925 -0.0105622 0.998773 22.4614
0.998583 -0.0175328 0.0502481 0.542816 0.0174366 0.999845 0.00235196 -0.186646 -0.0502816 -0.00147247 0.998734 23.3086
0.998518 -0.0160523 0.0519944 0.585665 0.0160444 0.999871 0.00056856 -0.191549 -0.0519968 0.000266503 0.998647 24.1518
0.998383 -0.014375 0.0549896 0.621076 0.0141341 0.999889 0.00476893 -0.196088 -0.0550521 -0.003984 0.998476 25.0027
0.998263 -0.0115352 0.0577718 0.662226 0.0108536 0.999868 0.0120972 -0.203472 -0.0579037 -0.0114492 0.998257 25.8546
0.998079 -0.00637787 0.0616215 0.700967 0.00542512 0.999863 0.0156162 -0.207153 -0.0617126 -0.0152519 0.997977 26.6988
0.997839 -0.0026166 0.0656538 0.743677 0.00172452 0.999905 0.0136407 -0.211661 -0.0656832 -0.013498 0.997749 27.5254
0.997567 -0.00118542 0.0697012 0.790894 0.000664833 0.999972 0.0074915 -0.215301 -0.0697081 -0.00742693 0.99754 28.3541
0.997191 -0.00428309 0.0747767 0.851302 0.00445573 0.999988 -0.002142 -0.22333 -0.0747666 0.00246916 0.997198 29.1782
0.996747 -0.00598124 0.0803707 0.920778 0.00650353 0.999959 -0.00623828 -0.23066 -0.0803302 0.00674068 0.996746 29.9939
0.996168 -0.00844875 0.0870513 0.995038 0.0085827 0.999962 -0.00116461 -0.238568 -0.0870382 0.00190728 0.996203 30.816
0.995503 -0.0121775 0.0939423 1.08125 0.0112755 0.999885 0.0101272 -0.242419 -0.0940548 -0.00902238 0.995526 31.6452
0.994667 -0.015175 0.102021 1.1649 0.0135565 0.999771 0.0165386 -0.255332 -0.102248 -0.0150674 0.994645 32.4545
0.993611 -0.0202 0.111037 1.25819 0.0187659 0.999727 0.0139462 -0.258102 -0.111288 -0.0117734 0.993718 33.2543
0.992651 -0.021126 0.119157 1.3602 0.0205312 0.99977 0.00621665 -0.259293 -0.119261 -0.00372453 0.992856 34.0368
0.991553 -0.0233732 0.12758 1.46799 0.0233833 0.999726 0.00141859 -0.266816 -0.127578 0.00157662 0.991827 34.8151
0.990421 -0.026681 0.135476 1.57616 0.0266988 0.999642 0.0016853 -0.276511 -0.135473 0.0019479 0.990779 35.5912
0.989155 -0.0336131 0.142979 1.69297 0.0332594 0.999435 0.0048642 -0.283167 -0.143062 -5.60427e-05 0.989714 36.3615
0.988172 -0.0378338 0.148609 1.80437 0.0371043 0.999282 0.00767962 -0.29157 -0.148793 -0.00207474 0.988866 37.1159
0.98725 -0.0443022 0.152887 1.92952 0.0433805 0.999015 0.00936059 -0.298121 -0.153151 -0.00260891 0.988199 37.8672
0.986911 -0.0454544 0.154725 2.04906 0.0448349 0.998966 0.00749311 -0.302881 -0.154906 -0.000457952 0.987929 38.6018
0.986831 -0.047562 0.154605 2.16815 0.0472543 0.998867 0.00566668 -0.306255 -0.154699 0.00171369 0.98796 39.3275
0.986866 -0.0500364 0.153594 2.27727 0.0500634 0.998739 0.00369408 -0.308962 -0.153585 0.00404389 0.988127 40.0563
0.987327 -0.0506327 0.150406 2.3849 0.0506314 0.99871 0.0038403 -0.315073 -0.150407 0.00382364 0.988617 40.7781
0.987773 -0.0521865 0.146904 2.48956 0.0518917 0.998636 0.00584117 -0.325707 -0.147009 0.00185336 0.989133 41.495
0.988727 -0.0496015 0.141273 2.58488 0.0493318 0.998768 0.00541255 -0.332937 -0.141367 0.00161772 0.989956 42.1969
0.989546 -0.0514593 0.134727 2.67721 0.0512235 0.998674 0.00521898 -0.339889 -0.134817 0.00173675 0.990869 42.8874
0.990528 -0.0519024 0.127125 2.76433 0.0515314 0.998652 0.00620791 -0.351047 -0.127276 0.000401829 0.991867 43.5845
0.991135 -0.0583877 0.119344 2.85092 0.0578844 0.998294 0.00768278 -0.350997 -0.119589 -0.000706536 0.992823 44.2787
0.991938 -0.0611923 0.110973 2.93625 0.060235 0.998113 0.0119623 -0.346213 -0.111496 -0.0051814 0.993751 44.9785
0.992565 -0.0640854 0.103475 3.00473 0.0626911 0.997894 0.0166747 -0.354016 -0.104326 -0.0100638 0.994492 45.6776
0.993324 -0.0654944 0.0949582 3.07015 0.0640221 0.997778 0.018472 -0.357921 -0.095957 -0.0122693 0.99531 46.3785
0.99388 -0.0683796 0.0867567 3.12937 0.0672435 0.997609 0.0159541 -0.360651 -0.0876402 -0.0100226 0.996102 47.0592
0.994503 -0.0690763 0.0786911 3.17911 0.0684398 0.997597 0.0107611 -0.35774 -0.0792453 -0.00531636 0.996841 47.7444
0.995172 -0.0688209 0.0699683 3.22093 0.0686352 0.997629 0.00505778 -0.362161 -0.0701505 -0.000231075 0.997536 48.4214
0.99595 -0.066508 0.0605061 3.25079 0.0665925 0.99778 0.000622177 -0.36361 -0.0604132 0.0034096 0.998168 49.1032
0.996717 -0.0633645 0.0504081 3.2752 0.0636058 0.99797 -0.00319582 -0.364071 -0.0501033 0.00639158 0.998724 49.7882
0.997308 -0.0608832 0.0408601 3.29082 0.0611464 0.998115 -0.0052223 -0.373437 -0.0404652 0.00770669 0.999151 50.4799
0.997833 -0.0579148 0.0312423 3.30355 0.0581143 0.998295 -0.00551255 -0.383683 -0.0308698 0.00731622 0.999497 51.181
0.998329 -0.0533981 0.0221093 3.30499 0.0535263 0.998553 -0.00524749 -0.398918 -0.021797 0.00642214 0.999742 51.8866
0.998622 -0.0506828 0.0135933 3.30431 0.0507626 0.998695 -0.00559224 -0.411685 -0.0132921 0.00627456 0.999892 52.589
0.998789 -0.0488211 0.0061239 3.29655 0.0488581 0.998787 -0.00604489 -0.419983 -0.00582135 0.00633677 0.999963 53.298
0.998969 -0.045382 -0.00104452 3.28429 0.0453756 0.998955 -0.00547206 -0.431803 0.00129176 0.00541902 0.999984 54.012
0.998988 -0.0444849 -0.00659369 3.2696 0.0444484 0.998996 -0.00557201 -0.444195 0.00683494 0.00527329 0.999963 54.7297
0.998968 -0.043692 -0.012415 3.24973 0.0436348 0.999036 -0.00484532 -0.462081 0.0126148 0.00429859 0.999911 55.4432
0.99878 -0.0461123 -0.017654 3.23608 0.0460464 0.998931 -0.00412046 -0.473997 0.0178251 0.00330253 0.999836 56.1678
0.998791 -0.0443985 -0.0210988 3.21145 0.0443752 0.999014 -0.00157129 -0.483298 0.0211477 0.000633133 0.999776 56.899
0.998743 -0.0435405 -0.0248476 3.19005 0.0435563 0.999051 9.72686e-05 -0.494609 0.0248198 -0.00117942 0.999691 57.6257
0.998574 -0.045127 -0.0285339 3.17045 0.045163 0.998979 0.000618074 -0.502914 0.0284768 -0.00190587 0.999593 58.3642
0.998285 -0.0492217 -0.0317002 3.15273 0.0492138 0.998788 -0.0010302 -0.51271 0.0317125 -0.000531656 0.999497 59.1016
0.998087 -0.0513734 -0.0343942 3.12681 0.0513252 0.998679 -0.00228575 -0.515765 0.0344662 0.000516087 0.999406 59.8357
0.998002 -0.0508696 -0.0374621 3.09609 0.0507801 0.998704 -0.00333886 -0.524917 0.0375834 0.00142986 0.999292 60.5698
0.997932 -0.0504963 -0.0397611 3.06383 0.0504517 0.998724 -0.00212559 -0.534284 0.0398177 0.000115179 0.999207 61.3084
0.997823 -0.0510139 -0.0418068 3.02629 0.0510047 0.998698 -0.00128745 -0.545781 0.041818 -0.0008477 0.999125 62.0442
0.997715 -0.0518829 -0.043285 2.98812 0.051917 0.998651 -0.000337992 -0.561453 0.0432441 -0.00191001 0.999063 62.773
0.997737 -0.0505092 -0.0443818 2.95806 0.0505468 0.998722 -0.000275434 -0.578105 0.0443389 -0.00196855 0.999015 63.5097
0.997787 -0.0497047 -0.0441748 2.91821 0.04972 0.998763 -0.000753158 -0.593187 0.0441576 -0.00144488 0.999024 64.2405
0.997902 -0.0480764 -0.04336 2.88549 0.0480014 0.998843 -0.00276942 -0.600591 0.043443 0.000682268 0.999056 64.9663
0.998014 -0.0478988 -0.0409183 2.85269 0.0477177 0.998846 -0.00539228 -0.614565 0.0411293 0.00342904 0.999148 65.6938
0.998211 -0.0463472 -0.0377617 2.82103 0.0460862 0.998907 -0.00775314 -0.629366 0.0380798 0.00599898 0.999257 66.4121
0.998459 -0.0443502 -0.0333689 2.79031 0.0440726 0.998988 -0.00900847 -0.644637 0.0337347 0.00752393 0.999403 67.1251
0.998636 -0.0435784 -0.0287708 2.7663 0.0433496 0.999024 -0.00853013 -0.659174 0.0291144 0.00727129 0.99955 67.8401
0.998744 -0.043852 -0.0242321 2.7485 0.0437018 0.999022 -0.00669553 -0.677843 0.024502 0.00562813 0.999684 68.5516
0.998924 -0.0423817 -0.0188264 2.72989 0.0423143 0.999096 -0.00396211 -0.695063 0.0189773 0.00316122 0.999815 69.2511
0.999042 -0.0417017 -0.0132858 2.71673 0.0416742 0.999129 -0.00234248 -0.712919 0.0133719 0.00178656 0.999909 69.9486
0.999132 -0.0410566 -0.00700459 2.70894 0.0410441 0.999155 -0.00192571 -0.730887 0.00707774 0.00163655 0.999974 70.6209
0.999166 -0.0408252 8.10776e-06 2.70985 0.0408252 0.999165 -0.0016745 -0.744164 6.0261e-05 0.00167344 0.999999 71.3055
0.99917 -0.0400659 0.00729845 2.7103 0.040081 0.999195 -0.00193123 -0.753343 -0.00721519 0.00222215 0.999972 71.974
0.99906 -0.0410588 0.0139224 2.72239 0.0410966 0.999152 -0.00243686 -0.762151 -0.0138105 0.00300673 0.9999 72.6301
0.998868 -0.0431469 0.0200264 2.74037 0.0432048 0.999063 -0.00246943 -0.77444 -0.0199011 0.00333187 0.999796 73.2655
0.998679 -0.0439525 0.0266174 2.76064 0.0440423 0.999026 -0.00279495 -0.787925 -0.0264686 0.00396355 0.999642 73.8815
0.998462 -0.0448697 0.0325718 2.78748 0.045027 0.998977 -0.00411354 -0.79922 -0.0323539 0.00557383 0.999461 74.4992
0.998262 -0.0447736 0.0383206 2.80902 0.0449871 0.998976 -0.00472857 -0.812859 -0.0380697 0.00644428 0.999254 75.1074
0.998053 -0.0455232 0.0426338 2.83532 0.045768 0.998941 -0.00478317 -0.820796 -0.0423709 0.00672513 0.999079 75.7193
0.997868 -0.0468357 0.045447 2.86693 0.0470286 0.998888 -0.00318344 -0.833128 -0.0452474 0.00531396 0.998962 76.3206
0.997657 -0.049676 0.0470477 2.8993 0.0497999 0.998758 -0.00146495 -0.846289 -0.0469165 0.00380449 0.998892 76.9229
0.997554 -0.0513271 0.047456 2.92931 0.0514548 0.998674 -0.0014724 -0.853646 -0.0473175 0.00391063 0.998872 77.521
0.997434 -0.0538254 0.0471948 2.96091 0.0540137 0.998536 -0.00272431 -0.867573 -0.0469791 0.00526649 0.998882 78.1183
0.997524 -0.0531022 0.0461192 2.98191 0.0533456 0.998568 -0.00406078 -0.876547 -0.0458375 0.00651098 0.998928 78.6997
0.997697 -0.0508743 0.0448693 3.00316 0.0510485 0.998692 -0.00274538 -0.891299 -0.044671 0.00502957 0.998989 79.2905
0.997795 -0.0501194 0.0435219 3.01848 0.0502693 0.998733 -0.00235668 -0.898367 -0.0433486 0.0045393 0.99905 79.8726
0.997774 -0.0526832 0.0408864 3.04436 0.0528153 0.998602 -0.0021564 -0.909293 -0.0407156 0.00431103 0.999161 80.4559
0.997614 -0.0574644 0.0382711 3.073 0.057561 0.998341 -0.00142626 -0.923079 -0.0381256 0.00362578 0.999266 81.0363
0.997572 -0.0599821 0.0353866 3.09833 0.0600346 0.998196 -0.000422179 -0.933373 -0.0352974 0.00254557 0.999374 81.6184
0.997742 -0.0592551 0.0316124 3.10622 0.0593448 0.998236 -0.00190425 -0.9396 -0.0314438 0.00377599 0.999498 82.1871
0.997926 -0.0592408 0.0251688 3.1154 0.0593113 0.998237 -0.00206154 -0.943612 -0.0250024 0.00355006 0.999681 82.7493
0.997969 -0.0611654 0.0177745 3.11833 0.0611795 0.998127 -0.000245886 -0.95333 -0.0177262 0.00133282 0.999842 83.3012
0.997891 -0.0643807 0.00823755 3.12315 0.0643772 0.997925 0.000685804 -0.961534 -0.00826461 -0.000154047 0.999966 83.8534
0.997759 -0.0668401 -0.00308369 3.11392 0.0668385 0.997764 -0.000607791 -0.97395 0.00311742 0.000400319 0.999995 84.3928
0.997604 -0.0674901 -0.0152057 3.09693 0.0674769 0.99772 -0.00137762 -0.981914 0.015264 0.000348284 0.999883 84.9318
0.997493 -0.0657811 -0.026092 3.07059 0.0657666 0.997834 -0.00141289 -0.989875 0.0261284 -0.00030663 0.999659 85.4611
0.997367 -0.063002 -0.0359114 3.03823 0.06296 0.998013 -0.00230087 -0.99938 0.035985 3.383e-05 0.999352 85.9933
0.997196 -0.0607286 -0.0437299 3.00847 0.0606606 0.998154 -0.002881 -1.01266 0.0438242 0.000220241 0.999039 86.5216
0.997062 -0.0597318 -0.0479614 2.97486 0.059651 0.998214 -0.00311646 -1.02436 0.0480619 0.000246364 0.998844 87.0502
0.996906 -0.0601575 -0.0505896 2.94397 0.0600635 0.998189 -0.00337848 -1.03678 0.0507013 0.000329438 0.998714 87.5731
0.996765 -0.0604973 -0.052919 2.91679 0.0603777 0.998168 -0.00385664 -1.04612 0.0530554 0.000649027 0.998591 88.0947
0.996608 -0.0618129 -0.0543383 2.8855 0.0616436 0.998087 -0.00478855 -1.0556 0.0545303 0.0014227 0.998511 88.6249
0.996569 -0.0618188 -0.0550263 2.85339 0.0615996 0.998085 -0.00567152 -1.06949 0.0552715 0.00226247 0.998469 89.1477
0.996644 -0.060926 -0.0546624 2.82245 0.0606691 0.998138 -0.006348 -1.08229 0.0549474 0.00301037 0.998485 89.6837
0.996749 -0.0605896 -0.0531028 2.78663 0.0603183 0.998157 -0.00669856 -1.08545 0.0534108 0.00347372 0.998567 90.2298
0.996812 -0.0609675 -0.0514678 2.76226 0.0607505 0.998136 -0.00577266 -1.10034 0.0517238 0.00262756 0.998658 90.782
0.996895 -0.0616559 -0.0489862 2.73804 0.0614693 0.998095 -0.00530834 -1.11074 0.0492202 0.00228071 0.998785 91.3451
0.997019 -0.0620011 -0.0459201 2.71006 0.0618486 0.998074 -0.00473683 -1.11525 0.0461254 0.00188262 0.998934 91.9188
0.997132 -0.0624989 -0.0426753 2.68196 0.0623697 0.998044 -0.00435325 -1.12265 0.0428638 0.00167912 0.99908 92.4982
0.9973 -0.062436 -0.0386652 2.65593 0.0623455 0.998048 -0.00354475 -1.12658 0.0388111 0.00112458 0.999246 93.0944
0.997486 -0.0622751 -0.0338275 2.63829 0.0622112 0.998059 -0.00293945 -1.13617 0.0339449 0.000827609 0.999423 93.6972
0.997644 -0.0627312 -0.0277753 2.61695 0.0626834 0.99803 -0.00258922 -1.14335 0.027883 0.000842069 0.999611 94.3116
0.997797 -0.0628496 -0.0212575 2.60115 0.062835 0.998023 -0.00135914 -1.14572 0.0213009 2.04369e-05 0.999773 94.935
0.997966 -0.0621447 -0.0142154 2.59298 0.0621542 0.998067 0.000227853 -1.15262 0.0141738 -0.00111094 0.999899 95.56
0.998134 -0.0606671 -0.00689365 2.59086 0.0606784 0.998156 0.00143451 -1.16062 0.00679392 -0.00185013 0.999975 96.1861
0.998172 -0.0604406 0.000367657 2.59792 0.0604392 0.998167 0.00297931 -1.16605 -0.000547054 -0.00295164 0.999995 96.8172
0.998095 -0.0610769 0.00871328 2.60706 0.0610378 0.998125 0.00467545 -1.17802 -0.0089825 -0.0041347 0.999951 97.4372
0.997912 -0.0619302 0.0183639 2.6243 0.0618288 0.998068 0.00603895 -1.18411 -0.0187025 -0.00489092 0.999813 98.0574
0.997694 -0.0617133 0.0282438 2.64905 0.0615096 0.998074 0.00802422 -1.19022 -0.0286846 -0.00626845 0.999569 98.6701
0.997332 -0.061526 0.0392873 2.67223 0.0611458 0.99807 0.0108076 -1.1999 -0.0398764 -0.00837655 0.99917 99.2772
0.996812 -0.0612791 0.0511039 2.70978 0.0606389 0.998062 0.0139869 -1.20207 -0.0518619 -0.0108434 0.998595 99.8718
0.996006 -0.0615487 0.0646753 2.75633 0.0606796 0.99804 0.0153198 -1.20403 -0.0654915 -0.0113341 0.997789 100.453
0.994829 -0.0613344 0.080956 2.80934 0.060263 0.99806 0.0156149 -1.2043 -0.0817567 -0.0106555 0.996595 101.033
0.993047 -0.061354 0.100468 2.87565 0.0600094 0.998064 0.0163539 -1.20298 -0.101277 -0.0102112 0.994806 101.605
0.990532 -0.0624354 0.122261 2.95688 0.0607007 0.997996 0.0178655 -1.19919 -0.123132 -0.010275 0.992337 102.174
0.987492 -0.0659295 0.143223 3.05706 0.0638101 0.997775 0.0193464 -1.19753 -0.14418 -0.00996531 0.989501 102.745
0.984042 -0.069713 0.163709 3.16677 0.067063 0.997513 0.0216651 -1.18975 -0.164812 -0.0103406 0.986271 103.308
0.980113 -0.0739602 0.184144 3.29166 0.0705791 0.997196 0.0248572 -1.19134 -0.185466 -0.0113661 0.982585 103.863
0.975771 -0.0780066 0.204417 3.42705 0.0740465 0.99689 0.0269625 -1.1824 -0.205885 -0.0111729 0.978512 104.416
0.971313 -0.0834763 0.222671 3.57457 0.0790919 0.996458 0.028552 -1.17225 -0.224266 -0.0101214 0.974475 104.965
0.967286 -0.0898878 0.237229 3.71746 0.0851759 0.995912 0.0300594 -1.16365 -0.238961 -0.0088698 0.970989 105.501
0.964421 -0.0985713 0.245307 3.88176 0.0937271 0.995103 0.031374 -1.15545 -0.247198 -0.00726587 0.968938 106.047
0.963361 -0.106815 0.246019 4.03439 0.102038 0.994262 0.0321225 -1.14345 -0.248038 -0.00584227 0.968733 106.578
0.964083 -0.113 0.240366 4.17349 0.108447 0.993583 0.032131 -1.12867 -0.242454 -0.00490994 0.97015 107.109
0.966368 -0.115822 0.229605 4.29599 0.11171 0.993261 0.0308753 -1.11852 -0.231634 -0.00418784 0.972794 107.631
0.970013 -0.11633 0.213406 4.4022 0.112714 0.993202 0.0290757 -1.10619 -0.215338 -0.00414996 0.976531 108.153
0.974335 -0.117569 0.191959 4.49505 0.114552 0.993056 0.0267817 -1.09983 -0.193775 -0.00410508 0.981037 108.672
0.978747 -0.117978 0.167739 4.56968 0.115584 0.993008 0.0239987 -1.09581 -0.169398 -0.00410072 0.985539 109.181
0.982722 -0.118386 0.142275 4.62426 0.116527 0.992958 0.0213577 -1.09419 -0.143802 -0.0044097 0.989597 109.683
0.986184 -0.119411 0.114815 4.66838 0.117979 0.99283 0.0192125 -1.08919 -0.116286 -0.00540139 0.993201 110.185
0.989168 -0.120245 0.0841831 4.68933 0.119212 0.99272 0.0172204 -1.09133 -0.0856409 -0.00699829 0.996301 110.672
0.991595 -0.119418 0.0497937 4.68795 0.11889 0.992816 0.0134409 -1.09709 -0.0510411 -0.00740792 0.998669 111.152
0.993072 -0.116784 0.0130008 4.66059 0.116679 0.993133 0.00856519 -1.10379 -0.0139118 -0.00698893 0.999879 111.63
0.993324 -0.112924 -0.0235809 4.61164 0.113053 0.99358 0.00422375 -1.11202 0.0229525 -0.00686145 0.999713 112.104
0.992472 -0.107785 -0.0581509 4.54716 0.108023 0.994148 0.00095229 -1.12235 0.057708 -0.00722673 0.998307 112.57
0.990796 -0.101966 -0.0890338 4.4702 0.102164 0.994765 -0.00233671 -1.12913 0.0888059 -0.00678089 0.996026 113.028
0.98862 -0.0966203 -0.115303 4.38677 0.0966986 0.995302 -0.00492728 -1.14064 0.115238 -0.00627846 0.993318 113.487
0.986191 -0.0917052 -0.137903 4.29819 0.0917232 0.995765 -0.00623785 -1.15409 0.137891 -0.00649722 0.990426 113.945
0.983683 -0.0871069 -0.157416 4.20379 0.087033 0.996178 -0.00737565 -1.16426 0.157457 -0.00644508 0.987505 114.396
0.981383 -0.0836431 -0.172891 4.11075 0.0833563 0.99648 -0.00893155 -1.17513 0.173029 -0.00564629 0.9849 114.839
0.979789 -0.0805046 -0.183121 4.0079 0.0795223 0.996752 -0.0127131 -1.18313 0.18355 -0.00210609 0.983008 115.298
0.97913 -0.0763183 -0.188363 3.90369 0.0746068 0.997082 -0.0161701 -1.19387 0.189048 0.00177948 0.981966 115.77
0.979238 -0.0716736 -0.189623 3.79692 0.0695862 0.99742 -0.0176522 -1.20629 0.190398 0.00409057 0.981698 116.266
0.980042 -0.0673009 -0.187049 3.69034 0.065182 0.997721 -0.017463 -1.2162 0.187798 0.00492224 0.982195 116.781
0.981499 -0.0643101 -0.180344 3.58647 0.0622167 0.997914 -0.0172465 -1.22887 0.181077 0.00570696 0.983452 117.316
0.98356 -0.0614646 -0.169798 3.49246 0.0595241 0.99809 -0.0165004 -1.24475 0.170488 0.00612204 0.985341 117.874
0.985965 -0.0582632 -0.156454 3.40287 0.056369 0.998273 -0.0165206 -1.2629 0.157146 0.00746957 0.987547 118.445
0.988388 -0.0544264 -0.141869 3.32029 0.0526395 0.99848 -0.0163205 -1.27349 0.142542 0.00866311 0.989751 119.043
0.990585 -0.0528192 -0.126297 3.24776 0.0514812 0.998578 -0.0138367 -1.28242 0.126848 0.00720455 0.991896 119.659
0.992378 -0.0547165 -0.110418 3.18924 0.0536183 0.998478 -0.0128927 -1.29492 0.110956 0.006874 0.993802 120.306
0.993942 -0.0563569 -0.0943606 3.13858 0.0554119 0.998384 -0.0126077 -1.30957 0.0949186 0.00730264 0.995458 120.97
0.995134 -0.0592568 -0.078722 3.09463 0.0584285 0.99821 -0.012786 -1.32565 0.0793387 0.00812413 0.996815 121.658
0.996247 -0.05853 -0.0637713 3.0502 0.0577472 0.998232 -0.0140506 -1.33916 0.064481 0.0103152 0.997866 122.364
0.996972 -0.0596096 -0.0499362 3.01882 0.0589091 0.998145 -0.0153855 -1.34747 0.0507607 0.0123972 0.998634 123.103
0.997458 -0.0613452 -0.0362492 2.99665 0.0608201 0.99803 -0.0154156 -1.36061 0.0371234 0.0131717 0.999224 123.861
0.997713 -0.0635955 -0.022902 2.98593 0.0632653 0.997886 -0.0148626 -1.37541 0.0237988 0.0133797 0.999627 124.644
0.997779 -0.0657777 -0.0104877 2.97512 0.0656344 0.997753 -0.0134711 -1.38965 0.0113502 0.0127528 0.999854 125.443
0.997772 -0.0667115 -0.000384961 2.97029 0.0667022 0.997702 -0.0119152 -1.40275 0.00117895 0.0118629 0.999929 126.258
0.997691 -0.0675368 0.00715902 2.98002 0.0676029 0.997668 -0.00942286 -1.41865 -0.00650593 0.00988507 0.99993 127.099
0.997475 -0.0699837 0.0120828 2.99493 0.0700822 0.99751 -0.00793672 -1.43692 -0.0114972 0.00876347 0.999896 127.944
0.997264 -0.0722625 0.0155553 3.00242 0.0723794 0.997352 -0.0070849 -1.44921 -0.0150022 0.0081914 0.999854 128.792
0.997175 -0.0730957 0.0172808 3.01852 0.0732198 0.997294 -0.00666294 -1.45863 -0.016747 0.00790941 0.999828 129.647
0.997167 -0.0729432 0.0183705 3.03284 0.0730556 0.997313 -0.00552397 -1.47114 -0.0179182 0.00685039 0.999816 130.504
0.99721 -0.0720852 0.0193708 3.0453 0.0721764 0.997384 -0.00404727 -1.48392 -0.0190284 0.00543409 0.999804 131.365
0.997229 -0.0715841 0.0202379 3.05498 0.0716349 0.997429 -0.00179497 -1.4973 -0.0200574 0.00323974 0.999794 132.219
0.997212 -0.0715852 0.0210541 3.06624 0.0715575 0.997434 0.00206884 -1.50695 -0.0211482 -0.000556489 0.999776 133.072
0.997145 -0.0724895 0.0211313 3.08122 0.072377 0.997359 0.00604029 -1.5224 -0.0215133 -0.00449363 0.999758 133.919
0.997116 -0.0731544 0.0201883 3.09815 0.0729929 0.997295 0.00862604 -1.53463 -0.0207648 -0.00712756 0.999759 134.767
0.997046 -0.0744115 0.0190105 3.11347 0.0742588 0.997202 0.00861712 -1.54542 -0.0195985 -0.00717997 0.999782 135.616
0.997003 -0.0752554 0.0179345 3.12467 0.0751531 0.997152 0.00631259 -1.55245 -0.0183585 -0.00494584 0.999819 136.46
0.996937 -0.0763316 0.0170464 3.13685 0.0762664 0.997078 0.00444121 -1.56054 -0.0173355 -0.00312754 0.999845 137.299
0.996929 -0.0765898 0.0162977 3.1475 0.0765315 0.997058 0.00417002 -1.57358 -0.0165691 -0.00290993 0.999858 138.139
0.996891 -0.0771486 0.0160389 3.15761 0.0770886 0.997015 0.00432658 -1.58138 -0.0163248 -0.0030767 0.999862 138.98
0.996979 -0.0759697 0.016149 3.16699 0.0758972 0.997103 0.00505629 -1.59139 -0.0164863 -0.00381536 0.999857 139.823
0.996978 -0.0754938 0.0183416 3.172 0.0754101 0.997139 0.00521408 -1.5997 -0.0186827 -0.00381518 0.999818 140.669
0.996925 -0.0755133 0.0209493 3.18262 0.0754183 0.997138 0.0052871 -1.60788 -0.0212886 -0.00369088 0.999767 141.512
0.997002 -0.0733294 0.0246986 3.19592 0.0731956 0.997298 0.0062785 -1.61618 -0.0250923 -0.00445184 0.999675 142.346
0.996938 -0.0720269 0.0304545 3.21092 0.0718224 0.997387 0.00775881 -1.62571 -0.0309338 -0.00554773 0.999506 143.185
0.996747 -0.0714853 0.03721 3.23944 0.0711842 0.997419 0.00935854 -1.63074 -0.037783 -0.00667934 0.999264 144.022
0.996484 -0.0700808 0.045918 3.27946 0.0696451 0.997511 0.0110226 -1.63319 -0.0465762 -0.00778591 0.998884 144.85
0.996068 -0.0681572 0.0565994 3.31927 0.0675504 0.997637 0.0125694 -1.63635 -0.0573223 -0.00869664 0.998318 145.671
0.995335 -0.0676879 0.0687468 3.37703 0.0668925 0.997665 0.013809 -1.6348 -0.0695209 -0.00914596 0.997539 146.496
0.994186 -0.0688272 0.0828055 3.45245 0.0678109 0.997585 0.0150277 -1.63419 -0.0836398 -0.00932523 0.996452 147.316
0.992699 -0.0691405 0.0988352 3.52979 0.0678553 0.997562 0.0163101 -1.6398 -0.0997219 -0.00948456 0.99497 148.126
0.990802 -0.0702056 0.115684 3.63037 0.0686414 0.997489 0.0174553 -1.63942 -0.116619 -0.00935403 0.993133 148.939
0.988481 -0.071326 0.133482 3.74444 0.0694777 0.997413 0.0184603 -1.63732 -0.134454 -0.00897365 0.990879 149.748
0.985702 -0.0750201 0.150877 3.8763 0.0729327 0.99715 0.0193296 -1.63242 -0.151897 -0.00804941 0.988364 150.549
0.98273 -0.079064 0.167302 4.01404 0.0765529 0.996835 0.0214164 -1.62397 -0.168466 -0.00823907 0.985673 151.341
0.979966 -0.0849743 0.18013 4.16838 0.0821025 0.99635 0.0233528 -1.62221 -0.181457 -0.00809581 0.983366 152.122
0.977728 -0.0926854 0.188301 4.33032 0.0895289 0.995665 0.0252186 -1.61942 -0.189822 -0.00779856 0.981787 152.905
0.976512 -0.0997195 0.191 4.49279 0.0965413 0.994992 0.0258972 -1.61422 -0.192626 -0.00684946 0.981248 153.685
0.976269 -0.106355 0.188644 4.6623 0.103317 0.994311 0.0258955 -1.61329 -0.190325 -0.00579089 0.981704 154.466
0.976672 -0.111873 0.183296 4.80957 0.108945 0.993708 0.0259987 -1.60665 -0.185051 -0.00542306 0.982714 155.235
0.977731 -0.117415 0.173943 4.95043 0.11479 0.993072 0.0251111 -1.60246 -0.175686 -0.00458492 0.984436 156.012
0.979449 -0.120274 0.161907 5.07567 0.118037 0.992733 0.0233985 -1.59486 -0.163544 -0.00380669 0.986529 156.782
0.981024 -0.123001 0.149873 5.19277 0.121076 0.992401 0.0219344 -1.59086 -0.151432 -0.0033722 0.988462 157.552
0.982597 -0.123033 0.13916 5.30205 0.12135 0.992397 0.0205473 -1.57887 -0.14063 -0.00330266 0.990057 158.327
0.983769 -0.123437 0.130237 5.40109 0.121736 0.992341 0.0209713 -1.57671 -0.131828 -0.00477644 0.991261 159.097
0.984565 -0.125601 0.121882 5.49561 0.123893 0.992062 0.0215189 -1.57536 -0.123618 -0.00608637 0.992311 159.863
0.985395 -0.126858 0.113598 5.59004 0.125331 0.991903 0.0205138 -1.56831 -0.115281 -0.00597683 0.993315 160.638
0.986213 -0.127352 0.105664 5.66934 0.125923 0.991836 0.0201108 -1.56429 -0.107363 -0.00652801 0.994198 161.394
0.987049 -0.127017 0.09798 5.73661 0.125621 0.99187 0.0203196 -1.56424 -0.0997644 -0.00774815 0.994981 162.145
0.987648 -0.128506 0.0896547 5.79977 0.127211 0.991673 0.0200304 -1.55823 -0.0914822 -0.00837792 0.995771 162.887
0.988309 -0.128593 0.0819069 5.86122 0.127388 0.991656 0.0197918 -1.5583 -0.0837685 -0.00912645 0.996443 163.627
0.989155 -0.126683 0.0743184 5.90913 0.125728 0.991912 0.0174023 -1.5568 -0.0759218 -0.00786967 0.997083 164.343
0.989623 -0.127314 0.0666142 5.95425 0.126573 0.99184 0.0152463 -1.55419 -0.0680117 -0.00665655 0.997662 165.052
0.989729 -0.13009 0.0592786 5.99954 0.129529 0.991487 0.0132292 -1.55888 -0.0604949 -0.00541503 0.998154 165.758
0.990051 -0.130337 0.0530185 6.02862 0.129828 0.991452 0.0129483 -1.55701 -0.054253 -0.00593614 0.99851 166.434
0.990468 -0.129046 0.0481759 6.04964 0.128584 0.991619 0.0125749 -1.55966 -0.0493949 -0.00626039 0.99876 167.094
0.990846 -0.127738 0.043677 6.07507 0.127335 0.991789 0.01189 -1.56219 -0.0448371 -0.00621953 0.998975 167.746
0.9908 -0.129239 0.0401607 6.1056 0.128911 0.991599 0.0106635 -1.57205 -0.0412015 -0.00538827 0.999136 168.373
0.990792 -0.129842 0.0383667 6.12818 0.129545 0.991522 0.0101408 -1.57818 -0.0393581 -0.00507723 0.999212 168.98
0.990816 -0.129958 0.0373492 6.15022 0.129718 0.991512 0.00879122 -1.59105 -0.0381747 -0.0038656 0.999264 169.56
0.990928 -0.129044 0.0375429 6.16771 0.128816 0.991633 0.00841835 -1.6033 -0.0383151 -0.00350584 0.99926 170.134
0.991117 -0.12717 0.0389267 6.19237 0.126937 0.991875 0.00838809 -1.6108 -0.0396772 -0.00337231 0.999207 170.695
0.991002 -0.126858 0.0426766 6.21555 0.126594 0.991915 0.00884046 -1.62172 -0.043453 -0.00335831 0.99905 171.231
0.991003 -0.124922 0.0480328 6.24333 0.124622 0.992162 0.00920415 -1.63122 -0.0488061 -0.00313539 0.998803 171.761
0.990731 -0.123947 0.0555852 6.27484 0.123753 0.992289 0.00692527 -1.64495 -0.0560149 1.77705e-05 0.99843 172.276
0.990527 -0.120753 0.0653814 6.30947 0.120756 0.992674 0.00390803 -1.64741 -0.0653744 0.00402421 0.997853 172.766
0.98998 -0.117187 0.0787818 6.35426 0.117587 0.993062 -0.00044055 -1.64254 -0.0781836 0.00969987 0.996892 173.253
0.988846 -0.113854 0.096021 6.41106 0.114607 0.993408 -0.0023507 -1.64797 -0.0951204 0.0133292 0.995377 173.729
0.987181 -0.109549 0.116074 6.46829 0.110433 0.993883 -0.00119464 -1.6457 -0.115233 0.0139977 0.99324 174.208
0.984184 -0.109215 0.139475 6.54182 0.109978 0.993931 0.00224767 -1.65131 -0.138874 0.0131272 0.990223 174.682
0.979731 -0.113482 0.165072 6.64335 0.113676 0.993483 0.00830362 -1.66087 -0.164939 0.0106295 0.986247 175.141
0.973966 -0.119037 0.192925 6.7584 0.118992 0.992824 0.0118618 -1.65303 -0.192953 0.0114036 0.981142 175.593
0.967235 -0.120859 0.223271 6.88627 0.120089 0.992616 0.0170751 -1.65045 -0.223686 0.0102967 0.974607 176.045
0.959493 -0.11692 0.256324 7.01856 0.115207 0.993104 0.0217407 -1.65 -0.257098 0.00867033 0.966346 176.477
0.950819 -0.105281 0.291307 7.14756 0.102851 0.994415 0.0236881 -1.63776 -0.292174 0.00743812 0.956336 176.904
0.94016 -0.0973224 0.326538 7.29964 0.0941414 0.99523 0.0255719 -1.63197 -0.327469 0.00669902 0.944838 177.321
0.927539 -0.0949459 0.361465 7.47926 0.091648 0.995444 0.0262992 -1.62576 -0.362315 0.00873403 0.932015 177.728
0.911295 -0.103921 0.398425 7.6966 0.101083 0.994479 0.0281877 -1.61581 -0.399155 0.0145866 0.916767 178.123
0.891817 -0.110951 0.438581 7.93286 0.109524 0.993571 0.0286433 -1.5989 -0.438939 0.0224906 0.898235 178.508
0.870238 -0.110691 0.480035 8.18063 0.10792 0.993596 0.0334683 -1.57654 -0.480666 0.02268 0.876611 178.895
0.846554 -0.104508 0.521944 8.43597 0.0967099 0.994415 0.0422543 -1.55115 -0.523445 0.0147066 0.851933 179.291
0.820203 -0.101932 0.562919 8.72207 0.0860753 0.994785 0.054717 -1.52965 -0.565561 0.00357441 0.824699 179.681
0.790608 -0.100452 0.604026 9.02785 0.07779 0.994936 0.0636425 -1.50461 -0.607361 -0.0033291 0.794419 180.05
0.757436 -0.103867 0.644595 9.36019 0.0742096 0.994563 0.0730582 -1.49197 -0.648678 -0.00750178 0.761026 180.395
0.721574 -0.105868 0.684195 9.722 0.0721691 0.994357 0.0777486 -1.46559 -0.688566 -0.00672357 0.725143 180.718
0.68122 -0.104315 0.724609 10.1118 0.0700918 0.994543 0.0772801 -1.42854 -0.728716 -0.00185554 0.684814 181.024
0.637604 -0.098872 0.763993 10.5092 0.0643913 0.995099 0.0750417 -1.38445 -0.767669 0.00134764 0.640846 181.317
0.591385 -0.0953341 0.800734 10.9313 0.0592595 0.99544 0.0747491 -1.34323 -0.804209 0.00324563 0.594337 181.595
0.543936 -0.0951063 0.833719 11.3772 0.0515608 0.995467 0.0799183 -1.30624 -0.837541 -0.000483236 0.546374 181.854
0.496372 -0.0973882 0.86263 11.8458 0.0449584 0.995238 0.0864894 -1.27243 -0.866945 -0.00414852 0.498387 182.08
0.446595 -0.0980835 0.889344 12.3246 0.0439158 0.995178 0.0877028 -1.2322 -0.893658 -0.000111358 0.448749 182.28
0.39762 -0.0949709 0.912622 12.8123 0.0429837 0.995465 0.0848643 -1.18839 -0.916543 0.0054842 0.399899 182.45
0.351641 -0.0938168 0.931422 13.3262 0.0421747 0.995543 0.084353 -1.14344 -0.935184 0.00962047 0.35403 182.606
0.310317 -0.0928156 0.946091 13.8519 0.0360367 0.995655 0.085858 -1.09631 -0.94995 0.00745081 0.312313 182.754
0.273173 -0.0928811 0.95747 14.3859 0.0273559 0.995675 0.0887824 -1.04405 -0.961576 0.00193945 0.274533 182.893
0.241307 -0.0956742 0.965721 14.9305 0.0248248 0.995411 0.0924125 -1.00352 -0.970131 0.00167402 0.242575 183.013
0.211534 -0.100233 0.972217 15.4958 0.0276609 0.994943 0.0965572 -0.961804 -0.976979 0.00646731 0.213237 183.111
0.186145 -0.101815 0.977233 16.0723 0.0272814 0.994768 0.0984455 -0.919241 -0.982143 0.00833514 0.187949 183.202
0.165785 -0.0992563 0.981154 16.6555 0.0243801 0.99503 0.0965406 -0.864702 -0.98586 0.00791562 0.167381 183.298
0.1486 -0.0967179 0.984156 17.2479 0.0211801 0.995289 0.0946139 -0.804203 -0.988671 0.00678489 0.149948 183.382
0.1326 -0.0998529 0.986127 17.8593 0.0200108 0.994979 0.0980585 -0.742472 -0.990968 0.00673058 0.133933 183.463
0.118401 -0.10367 0.987539 18.4935 0.0206033 0.994577 0.101939 -0.688306 -0.992752 0.00827688 0.119895 183.522
0.102644 -0.105493 0.989108 19.1448 0.0240919 0.994332 0.103551 -0.631817 -0.994426 0.0132007 0.104604 183.561
0.0856272 -0.105783 0.990696 19.8146 0.0242882 0.994274 0.104066 -0.567985 -0.996031 0.0151514 0.0877061 183.616
0.0686883 -0.107565 0.991822 20.4833 0.0260034 0.994026 0.106004 -0.499546 -0.997299 0.0185095 0.071075 183.652
0.0523329 -0.107279 0.992851 21.1733 0.024233 0.994057 0.106132 -0.428222 -0.998336 0.0185056 0.0546216 183.678
0.0358192 -0.1057 0.993753 21.8805 0.0217322 0.994238 0.104968 -0.351997 -0.999122 0.0178366 0.0379099 183.699
0.0201304 -0.104555 0.994315 22.593 0.0177257 0.994398 0.104204 -0.278556 -0.99964 0.0155272 0.0218709 183.712
0.00622081 -0.101413 0.994825 23.3273 0.0191772 0.994673 0.101278 -0.203533 -0.999797 0.0184479 0.00813249 183.71
-0.00490214 -0.0958399 0.995385 24.0742 0.0194196 0.9952 0.0959178 -0.131682 -0.999799 0.0198002 -0.00301743 183.698
-0.0147641 -0.0930434 0.995553 24.8419 0.0164282 0.995504 0.0932825 -0.056701 -0.999756 0.0177324 -0.0131691 183.69
-0.0213737 -0.0917608 0.995552 25.6167 0.0109084 0.995698 0.0920085 0.0124637 -0.999712 0.0128265 -0.0202808 183.677
-0.0260132 -0.0924972 0.995373 26.4213 0.009461 0.995643 0.0927695 0.0807358 -0.999617 0.0118305 -0.0250248 183.654
-0.0283521 -0.0942337 0.995146 27.2372 0.00901828 0.995482 0.0945224 0.149706 -0.999557 0.0116544 -0.0273741 183.633
-0.0283542 -0.0943496 0.995135 28.0653 0.00929425 0.995468 0.094646 0.224684 -0.999555 0.0119327 -0.0273488 183.611
-0.027441 -0.0949632 0.995102 28.9062 0.0101769 0.995399 0.0952721 0.295079 -0.999572 0.0127414 -0.0263484 183.592
-0.0262248 -0.0965684 0.994981 29.7607 0.013152 0.995204 0.0969367 0.374437 -0.99957 0.0156281 -0.024829 183.571
-0.0249891 -0.0990647 0.994767 30.6306 0.0150198 0.994928 0.099458 0.450883 -0.999575 0.0174266 -0.0233744 183.553
-0.0232898 -0.100599 0.994654 31.5086 0.0121549 0.994822 0.1009 0.526711 -0.999655 0.0144399 -0.0219465 183.548
-0.0215632 -0.1009 0.994663 32.3833 0.0134562 0.994775 0.101203 0.608444 -0.999677 0.0155666 -0.0200928 183.531
-0.0195522 -0.10108 0.994686 33.2616 0.0165851 0.994707 0.101408 0.695445 -0.999671 0.0184797 -0.0177722 183.51
-0.0182572 -0.101083 0.99471 34.1494 0.0195716 0.99465 0.101436 0.775645 -0.999642 0.02132 -0.0161812 183.496
-0.0167069 -0.10023 0.994824 35.0413 0.0202058 0.994726 0.100559 0.853815 -0.999656 0.0217812 -0.0145935 183.486
-0.0149798 -0.0999529 0.994879 35.94 0.0227173 0.9947 0.100277 0.936219 -0.99963 0.0241032 -0.0126298 183.484
-0.012074 -0.0992534 0.994989 36.8412 0.0261027 0.994691 0.0995405 1.01411 -0.999586 0.0271738 -0.00941911 183.474
-0.00942575 -0.0990556 0.995037 37.7569 0.0308491 0.994579 0.0993022 1.0919 -0.99948 0.031632 -0.00631887 183.465
-0.00550264 -0.0987789 0.995094 38.6722 0.0345651 0.994496 0.0989107 1.18019 -0.999387 0.0349398 -0.00205805 183.465
-0.000918454 -0.0991163 0.995075 39.5853 0.0363819 0.994414 0.099084 1.26354 -0.999338 0.0362937 0.00269272 183.471
0.00295825 -0.0991936 0.995064 40.512 0.0367413 0.994407 0.0990189 1.34237 -0.99932 0.036267 0.0065862 183.485
0.00662107 -0.0993337 0.995032 41.4392 0.0359083 0.994436 0.0990352 1.42989 -0.999333 0.0350742 0.0101511 183.502
0.00833866 -0.101321 0.994819 42.3696 0.0319441 0.994373 0.101008 1.50914 -0.999455 0.0309364 0.0115284 183.527
0.00798324 -0.104554 0.994487 43.3156 0.0287562 0.994132 0.104286 1.59308 -0.999555 0.0277651 0.010943 183.548
0.00687671 -0.107613 0.994169 44.2552 0.0287919 0.993802 0.107374 1.67845 -0.999562 0.0278856 0.00993246 183.56
0.00539644 -0.110662 0.993843 45.1905 0.0267741 0.993518 0.11048 1.77103 -0.999627 0.026013 0.00832432 183.572
0.00300495 -0.113216 0.993566 46.1237 0.0209583 0.993359 0.113129 1.86003 -0.999776 0.0204835 0.00535782 183.591
-0.000455437 -0.114519 0.993421 47.0533 0.0179639 0.99326 0.114508 1.95225 -0.999839 0.0178979 0.00160484 183.604
-0.00288563 -0.112477 0.99365 47.9736 0.0134583 0.99356 0.112505 2.04278 -0.999905 0.0136975 -0.0013533 183.614
-0.00620984 -0.1098 0.993934 48.8875 0.0124748 0.993868 0.109871 2.134 -0.999903 0.0130814 -0.00480202 183.617
-0.00897662 -0.105672 0.994361 49.8111 0.0136171 0.994296 0.105788 2.22843 -0.999867 0.0144899 -0.00748647 183.623
-0.00991051 -0.101365 0.9948 50.7208 0.0082351 0.994807 0.101448 2.30808 -0.999917 0.00919768 -0.00902429 183.627
-0.0123899 -0.0997803 0.994932 51.6375 0.00938418 0.994953 0.0998992 2.38751 -0.999879 0.0105744 -0.011391 183.624
-0.0128399 -0.100297 0.994875 52.5484 0.0126262 0.994861 0.100459 2.47275 -0.999838 0.0138514 -0.0115075 183.609
-0.014128 -0.103043 0.994577 53.4633 0.0123473 0.994582 0.103219 2.55275 -0.999824 0.0137386 -0.0127791 183.606
-0.0139285 -0.102728 0.994612 54.3658 0.0103147 0.994641 0.102875 2.63371 -0.99985 0.011692 -0.0127942 183.602
-0.0125838 -0.104286 0.994468 55.273 0.00993786 0.994484 0.104414 2.71838 -0.999871 0.0111968 -0.011478 183.594
-0.0125571 -0.106786 0.994203 56.1774 0.0145002 0.994157 0.106964 2.80095 -0.999816 0.0157593 -0.0109353 183.582
-0.0126636 -0.109655 0.993889 57.0843 0.0178337 0.993786 0.109871 2.88577 -0.999761 0.0191161 -0.0106294 183.57
-0.0129693 -0.108746 0.993985 57.9856 0.0207593 0.993825 0.109 2.97241 -0.9997 0.0220481 -0.0106317 183.56
-0.0127099 -0.105917 0.994294 58.8567 0.0216706 0.994111 0.106174 3.04801 -0.999684 0.0228964 -0.0103398 183.557
-0.0124268 -0.1006 0.994849 59.7444 0.0240272 0.994609 0.100876 3.13517 -0.999634 0.025157 -0.00994271 183.549
-0.0124395 -0.0990937 0.995 60.6375 0.0277886 0.994659 0.0994071 3.21122 -0.999536 0.0288863 -0.00961934 183.542
-0.0127801 -0.101934 0.994709 61.5342 0.0323606 0.994227 0.1023 3.29516 -0.999395 0.0334968 -0.00940771 183.528
-0.0129613 -0.104742 0.994415 62.4318 0.0349927 0.993842 0.105137 3.37504 -0.999304 0.03616 -0.00921627 183.514
-0.0132198 -0.104827 0.994403 63.341 0.0373775 0.993743 0.105255 3.4571 -0.999214 0.0385597 -0.00921886 183.508
-0.0131501 -0.101501 0.994749 64.2409 0.0406568 0.993958 0.101957 3.53768 -0.999087 0.0417841 -0.008944 183.498
-0.0132911 -0.098366 0.995062 65.1593 0.0412719 0.994247 0.0988368 3.62776 -0.99906 0.0423818 -0.00915492 183.491
-0.0141533 -0.0992497 0.994962 66.0719 0.0414576 0.994148 0.0997582 3.71271 -0.99904 0.0426606 -0.00995581 183.483
-0.0151779 -0.102068 0.994662 66.9883 0.0416612 0.993848 0.10262 3.80324 -0.999017 0.0429963 -0.0108323 183.47
-0.0165982 -0.104329 0.994404 67.9104 0.0418234 0.993598 0.104942 3.87725 -0.998987 0.0433313 -0.0121285 183.462
-0.0174691 -0.104224 0.9944 68.8286 0.0400607 0.993681 0.104853 3.96598 -0.999045 0.0416681 -0.0131834 183.453
-0.0178634 -0.103997 0.994417 69.7533 0.0397563 0.993715 0.104637 4.04726 -0.99905 0.0414035 -0.0136167 183.443
-0.0176784 -0.103166 0.994507 70.6823 0.0401956 0.993785 0.103805 4.13888 -0.999035 0.0418099 -0.0134217 183.431
-0.0177265 -0.101803 0.994647 71.6085 0.0412953 0.99388 0.102461 4.22601 -0.99899 0.0428905 -0.013414 183.417
-0.017383 -0.10031 0.994804 72.5432 0.0395643 0.994106 0.100931 4.31428 -0.999066 0.0411132 -0.0133119 183.412
-0.0173068 -0.099783 0.994859 73.4911 0.0378239 0.99423 0.100378 4.40828 -0.999135 0.0393667 -0.0134328 183.408
-0.0171598 -0.102198 0.994616 74.4468 0.0381598 0.993971 0.10279 4.49046 -0.999124 0.0397182 -0.0131565 183.398
