0.99997 -0.00130863 0.00762614 0.0113828 0.00131045 0.999999 -0.000233946 -0.00631634 -0.00762583 0.000243933 0.999971 0.636304
0.999903 -0.00262807 0.0136534 0.0275126 0.00263447 0.999996 -0.000450705 -0.0101407 -0.0136522 0.000486631 0.999907 1.29978
0.99983 -0.00371346 0.0180333 0.0425068 0.00372291 0.999993 -0.000490696 -0.0123312 -0.0180314 0.000557749 0.999837 1.97602
0.999777 -0.00459284 0.0206015 0.0608366 0.00459845 0.999989 -0.000224709 -0.0135224 -0.0206002 0.000319394 0.999788 2.67544
0.999744 -0.00475829 0.0220998 0.0784027 0.00474689 0.999989 0.000567975 -0.0170512 -0.0221023 -0.000462924 0.999756 3.3828
0.999707 -0.00475641 0.0237411 0.0909217 0.00474083 0.999989 0.000712503 -0.0180186 -0.0237442 -0.000599742 0.999718 4.11712
0.999679 -0.004397 0.0249452 0.105991 0.00438073 0.99999 0.000706829 -0.02043 -0.0249481 -0.000597324 0.999689 4.85758
0.999651 -0.00424353 0.026081 0.118675 0.00422715 0.999991 0.000683374 -0.0209947 -0.0260837 -0.000572887 0.99966 5.61994
0.99963 -0.00636282 0.0264536 0.140608 0.00634196 0.99998 0.000872166 -0.023716 -0.0264586 -0.000704075 0.99965 6.40125
0.999612 -0.00768234 0.0267727 0.156574 0.00763822 0.999969 0.00174968 -0.0264385 -0.0267853 -0.00154451 0.99964 7.19896
0.999608 -0.00923921 0.0264272 0.178067 0.00918959 0.999956 0.00199839 -0.0218271 -0.0264445 -0.00175475 0.999649 8.01806
0.99964 -0.00913277 0.0252172 0.194883 0.00907233 0.999956 0.00251032 -0.0261979 -0.025239 -0.00228064 0.999679 8.85455
0.999679 -0.00902648 0.0236846 0.212793 0.00896431 0.999956 0.00272969 -0.0297747 -0.0237082 -0.00251649 0.999716 9.71078
0.999708 -0.00873432 0.0225393 0.225024 0.00867862 0.999959 0.00256781 -0.0321415 -0.0225608 -0.00237145 0.999743 10.582
0.999735 -0.00836 0.0214535 0.236587 0.00831949 0.999963 0.00197681 -0.0343318 -0.0214692 -0.00179781 0.999768 11.4639
0.999779 -0.00556829 0.0202806 0.247641 0.0055832 0.999984 -0.000678671 -0.0450412 -0.0202765 0.000791752 0.999794 12.3566
0.999817 -0.00170734 0.0190671 0.254854 0.00174266 0.999997 -0.00183587 -0.0515778 -0.0190639 0.00186876 0.999817 13.2683
0.99984 -0.00027263 0.017905 0.264004 0.00031508 0.999997 -0.00236806 -0.0523175 -0.0179043 0.00237333 0.999837 14.2004
0.999862 0.0016212 0.0165161 0.272353 -0.00162173 0.999999 1.83711e-05 -0.0658971 -0.016516 -4.51531e-05 0.999864 15.1149
0.999869 0.00419873 0.0156066 0.275848 -0.0042097 0.999991 0.000669982 -0.0816485 -0.0156037 -0.000735594 0.999878 16.0362
0.999882 0.00575312 0.0142596 0.280023 -0.00576073 0.999983 0.000492791 -0.0899374 -0.0142565 -0.000574879 0.999898 16.9535
0.99989 0.00753793 0.0127522 0.28357 -0.0075423 0.999972 0.000293962 -0.105389 -0.0127497 -0.000390111 0.999919 17.8824
0.999913 0.00638365 0.011549 0.286446 -0.00638102 0.99998 -0.000264168 -0.115588 -0.0115505 0.000190451 0.999933 18.8012
0.999924 0.00691273 0.0101855 0.291489 -0.00691122 0.999976 -0.000183883 -0.131632 -0.0101865 0.000113475 0.999948 19.7153
0.999949 0.00448987 0.00910039 0.300058 -0.00449762 0.99999 0.000830876 -0.140642 -0.00909656 -0.000871763 0.999958 20.6376
0.999974 0.000184734 0.00727056 0.312996 -0.000205276 0.999996 0.00282466 -0.147509 -0.00727001 -0.00282608 0.99997 21.5527
0.999984 -0.000693699 0.00560279 0.315607 0.000670369 0.999991 0.00416481 -0.161458 -0.00560563 -0.00416098 0.999976 22.4602
0.999987 -0.00298413 0.00403178 0.317668 0.00296536 0.999985 0.00465404 -0.167617 -0.0040456 -0.00464203 0.999981 23.3659
0.999979 -0.00588003 0.00288766 0.322312 0.00586173 0.999963 0.00630651 -0.173663 -0.00292464 -0.00628945 0.999976 24.2843
0.999971 -0.0073703 0.00188919 0.323621 0.00735412 0.999937 0.00843321 -0.177906 -0.00195123 -0.00841907 0.999963 25.1781
0.999968 -0.00789198 0.00128738 0.320508 0.00787847 0.999917 0.010184 -0.18394 -0.00136764 -0.0101735 0.999947 26.0998
0.999947 -0.0102949 0.000123582 0.316743 0.010293 0.999892 0.0104833 -0.188107 -0.000231493 -0.0104815 0.999945 26.9923
0.999879 -0.0155062 -0.00135574 0.317704 0.0155197 0.999823 0.0106332 -0.178455 0.00119061 -0.010653 0.999943 27.8836
0.999773 -0.0211226 -0.00272916 0.319376 0.0211562 0.999693 0.0129142 -0.180554 0.00245554 -0.012969 0.999913 28.7677
0.999677 -0.0250147 -0.00448741 0.323139 0.0250745 0.99959 0.0138078 -0.18577 0.00414017 -0.0139158 0.999895 29.6563
0.999566 -0.0287091 -0.00662313 0.322359 0.0287947 0.999498 0.0132226 -0.188233 0.0062402 -0.0134076 0.999891 30.541
0.999371 -0.0342415 -0.00926252 0.322694 0.0343414 0.999351 0.0108444 -0.188512 0.00888518 -0.0111556 0.999898 31.4253
0.999279 -0.0361758 -0.0115271 0.315963 0.0362763 0.999305 0.00863221 -0.18791 0.0112068 -0.00904415 0.999896 32.2961
0.999227 -0.0368238 -0.0137723 0.302028 0.0369398 0.999283 0.0082632 -0.195037 0.0134582 -0.00876556 0.999871 33.1721
0.999243 -0.0354758 -0.0159465 0.282774 0.035616 0.999329 0.00859507 -0.204622 0.0156308 -0.00915652 0.999836 34.0387
0.999202 -0.0356171 -0.018074 0.264205 0.035777 0.999323 0.00860334 -0.213489 0.0177553 -0.00924311 0.9998 34.898
0.99919 -0.0349129 -0.0200301 0.244817 0.0350913 0.999347 0.00862554 -0.219516 0.0197158 -0.00932143 0.999762 35.7654
0.999192 -0.0339568 -0.0215075 0.219717 0.0341231 0.99939 0.00741127 -0.222181 0.0212427 -0.00813918 0.999741 36.6215
0.999174 -0.0331605 -0.0235044 0.196701 0.0332953 0.999431 0.00536611 -0.229879 0.0233131 -0.00614426 0.999709 37.475
0.999147 -0.0328908 -0.024979 0.173556 0.0329567 0.999454 0.00223073 -0.238266 0.0248919 -0.00305205 0.999685 38.3204
0.999137 -0.0324564 -0.0259151 0.148643 0.032447 0.999473 -0.00078576 -0.250351 0.025927 -5.5784e-05 0.999664 39.1639
0.999133 -0.032266 -0.0263195 0.122134 0.0322096 0.999478 -0.00256337 -0.265804 0.0263885 0.0017134 0.99965 40.0034
0.999087 -0.0337991 -0.0261462 0.10389 0.0337016 0.999423 -0.00416251 -0.278601 0.0262718 0.00327754 0.999649 40.8499
0.999059 -0.0350383 -0.025548 0.0817992 0.0349359 0.99938 -0.00444291 -0.296829 0.0256879 0.00354618 0.999664 41.6828
0.999041 -0.0362721 -0.0245087 0.0617205 0.0361672 0.999335 -0.00471353 -0.311007 0.0246634 0.0038226 0.999689 42.5123
0.999021 -0.0375601 -0.0233599 0.0410747 0.0374629 0.999287 -0.00458868 -0.324097 0.0235156 0.00370906 0.999717 43.3455
0.999018 -0.0382591 -0.0223335 0.023403 0.0381796 0.999263 -0.00397221 -0.343343 0.022469 0.00311562 0.999743 44.1712
0.999025 -0.0388036 -0.0210733 0.00391562 0.0387468 0.999244 -0.00309596 -0.362541 0.0211775 0.00227641 0.999773 45.004
0.999016 -0.0396326 -0.0198907 -0.0157902 0.0395797 0.999212 -0.00304378 -0.380703 0.0199957 0.00225352 0.999798 45.8369
0.999037 -0.0397831 -0.0185172 -0.0374369 0.0397319 0.999205 -0.0031231 -0.400266 0.0186268 0.00238436 0.999824 46.6705
0.999062 -0.0397131 -0.0172501 -0.0579252 0.0396694 0.999209 -0.00286518 -0.41267 0.0173502 0.00217819 0.999847 47.4956
0.999083 -0.0397236 -0.0159787 -0.0773789 0.0397072 0.99921 -0.00134225 -0.420388 0.0160194 0.000706555 0.999871 48.3341
0.999084 -0.0400896 -0.0149808 -0.0811905 0.0400983 0.999196 0.000278681 -0.431797 0.0149576 -0.000879132 0.999888 49.1842
0.99907 -0.0408701 -0.0137386 -0.0908289 0.0409004 0.999161 0.00193516 -0.444806 0.013648 -0.00249528 0.999904 50.0422
0.999074 -0.0411501 -0.0125798 -0.0995823 0.0411722 0.999151 0.00150206 -0.457429 0.0125073 -0.0020186 0.99992 50.8867
0.999138 -0.0399692 -0.0112498 -0.111715 0.0399741 0.999201 0.00021091 -0.473429 0.0112323 -0.000660428 0.999937 51.7319
0.999157 -0.0398704 -0.00979274 -0.123005 0.0398609 0.999205 -0.00115977 -0.482672 0.00983119 0.000768441 0.999951 52.5927
0.999195 -0.0392251 -0.00835272 -0.132484 0.039216 0.99923 -0.00125522 -0.493042 0.00839552 0.000926651 0.999964 53.4431
0.999259 -0.0379263 -0.00658086 -0.139398 0.0379269 0.999281 -2.32783e-05 -0.50657 0.00657701 -0.000226331 0.999978 54.3083
0.999318 -0.0366177 -0.00469116 -0.147849 0.0366237 0.999328 0.00120061 -0.51693 0.00464404 -0.0013716 0.999988 55.1772
0.999317 -0.0368296 -0.00308039 -0.14925 0.036837 0.999318 0.00238363 -0.530907 0.0029905 -0.00249548 0.999992 56.0543
0.999392 -0.0348291 -0.00132557 -0.155369 0.0348324 0.99939 0.00254305 -0.543604 0.00123619 -0.00258768 0.999996 56.9341
0.999464 -0.0327225 0.00038366 -0.162468 0.0327213 0.99946 0.00283328 -0.549873 -0.000476165 -0.00281921 0.999996 57.8188
0.999459 -0.0328618 0.0012936 -0.163842 0.0328561 0.999451 0.00419106 -0.559636 -0.00143061 -0.00414629 0.99999 58.7118
0.999345 -0.0360997 0.00235893 -0.160225 0.0360858 0.999333 0.00568722 -0.562874 -0.00256266 -0.00559837 0.999981 59.6253
0.999121 -0.0417819 0.00349694 -0.153939 0.0417669 0.999118 0.00424594 -0.568409 -0.00367126 -0.00409615 0.999985 60.5415
0.999067 -0.0430601 0.00319298 -0.149977 0.0430657 0.999071 -0.00169723 -0.584471 -0.00311693 0.00183315 0.999993 61.4379
0.999044 -0.0436327 0.00265418 -0.150849 0.0436577 0.998994 -0.0102494 -0.609371 -0.0022043 0.0103555 0.999944 62.3499
0.998934 -0.0461172 0.00189647 -0.161726 0.0461419 0.998804 -0.0161814 -0.626392 -0.00114796 0.0162516 0.999867 63.2564
0.998761 -0.0497487 0.00131218 -0.162609 0.0497624 0.99866 -0.0142165 -0.644437 -0.000603166 0.0142642 0.999898 64.1617
0.998983 -0.0450649 0.00112999 -0.174797 0.0450707 0.998967 -0.0057236 -0.672685 -0.00087089 0.00576871 0.999983 65.0813
0.99918 -0.0404856 0.000424412 -0.187619 0.0404843 0.999177 0.00270893 -0.687939 -0.000533735 -0.00268952 0.999996 65.9938
0.99928 -0.0379347 -0.000504662 -0.190663 0.0379375 0.999249 0.00782517 -0.685758 0.000207438 -0.00783868 0.999969 66.9355
0.999301 -0.0373528 -0.00116967 -0.189987 0.0373629 0.999248 0.0103552 -0.687381 0.00078199 -0.0103917 0.999946 67.875
0.999194 -0.0401045 -0.00178024 -0.196823 0.0401187 0.999156 0.00883538 -0.693023 0.0014244 -0.00889968 0.999959 68.7879
0.999023 -0.0441074 -0.00274306 -0.193455 0.0441217 0.999012 0.00540834 -0.7026 0.0025018 -0.00552408 0.999982 69.7083
0.998919 -0.0463142 -0.00407196 -0.196333 0.0463224 0.998925 0.00195345 -0.709648 0.00397711 -0.00213996 0.99999 70.6209
0.998894 -0.0466748 -0.0057188 -0.194263 0.0466781 0.99891 0.000450413 -0.71318 0.00569155 -0.000716858 0.999984 71.5291
0.99884 -0.0476015 -0.00726862 -0.203608 0.0476089 0.998866 0.000850043 -0.726716 0.00721991 -0.00119511 0.999973 72.4452
0.998828 -0.0476125 -0.00865475 -0.213993 0.047631 0.998863 0.00193763 -0.736141 0.00855266 -0.00234759 0.999961 73.3586
0.998823 -0.0474324 -0.0101212 -0.223261 0.0474575 0.998871 0.00225751 -0.744286 0.0100027 -0.00273519 0.999946 74.2706
0.99879 -0.047861 -0.0113423 -0.237163 0.0479006 0.998847 0.00324043 -0.755438 0.0111741 -0.0037798 0.99993 75.1876
0.998769 -0.0479846 -0.0125868 -0.249557 0.0480267 0.998841 0.00306592 -0.763018 0.0124251 -0.00366664 0.999916 76.1072
0.998761 -0.0478334 -0.013729 -0.262723 0.0478723 0.99885 0.00251777 -0.775609 0.0135927 -0.00317188 0.999903 77.0222
0.998827 -0.0462154 -0.0144314 -0.27887 0.046246 0.998928 0.00179136 -0.787254 0.0143332 -0.00245665 0.999894 77.9371
0.998869 -0.0450718 -0.0151489 -0.296906 0.045102 0.998981 0.00166377 -0.793258 0.0150584 -0.00234513 0.999884 78.8532
0.998914 -0.0439844 -0.015368 -0.312603 0.0440346 0.999026 0.00293909 -0.80184 0.0152237 -0.00361262 0.999878 79.7674
0.999001 -0.0420024 -0.0152881 -0.333306 0.0420556 0.99911 0.00317806 -0.807564 0.015141 -0.00381783 0.999878 80.6924
0.99909 -0.0400748 -0.0146275 -0.355523 0.040113 0.999192 0.0023296 -0.819967 0.0145224 -0.00291424 0.99989 81.6174
0.999105 -0.0399553 -0.0138866 -0.371851 0.0399584 0.999201 -5.18829e-05 -0.832879 0.0138775 -0.000503048 0.999904 82.5476
0.999135 -0.0394295 -0.0132297 -0.39151 0.0394039 0.999221 -0.00219112 -0.845778 0.0133058 0.00166792 0.99991 83.4766
0.999125 -0.0398577 -0.0126469 -0.404932 0.0398201 0.999202 -0.00320981 -0.856223 0.0127648 0.0027034 0.999915 84.4231
0.999101 -0.0405959 -0.0122096 -0.418745 0.0405525 0.99917 -0.00378264 -0.866459 0.012353 0.00328411 0.999918 85.3755
0.999035 -0.042236 -0.012067 -0.432549 0.0421842 0.9991 -0.0045131 -0.874346 0.0122467 0.00399971 0.999917 86.3377
0.998992 -0.0431348 -0.0124257 -0.43842 0.0430705 0.999057 -0.00540285 -0.894043 0.012647 0.00486222 0.999908 87.3077
0.998951 -0.0440689 -0.0124583 -0.459241 0.0439909 0.999011 -0.006466 -0.908799 0.0127309 0.00591117 0.999901 88.2677
0.998981 -0.043347 -0.0125569 -0.478134 0.0432539 0.999035 -0.00758763 -0.919266 0.0128737 0.00703677 0.999892 89.2431
0.998982 -0.0432572 -0.0127942 -0.495939 0.043167 0.999042 -0.0072406 -0.944152 0.0130952 0.00668094 0.999892 90.2318
0.998959 -0.0436137 -0.0134017 -0.514802 0.0435419 0.999036 -0.00560743 -0.95716 0.0136334 0.00501806 0.999894 91.2089
0.998966 -0.0433062 -0.0138584 -0.537025 0.043258 0.999057 -0.00375421 -0.97332 0.014008 0.00315084 0.999897 92.2003
0.998963 -0.0432933 -0.014105 -0.556867 0.0432747 0.999062 -0.0016246 -0.997507 0.0141621 0.00101253 0.999899 93.2047
0.998965 -0.0432071 -0.0142464 -0.579176 0.0432005 0.999066 -0.000775006 -1.01392 0.0142666 0.000158751 0.999898 94.1992
0.998997 -0.0424743 -0.0141951 -0.600159 0.0424665 0.999098 -0.000856172 -1.02265 0.0142187 0.000252496 0.999899 95.2091
0.99898 -0.0428318 -0.0142741 -0.618862 0.0428237 0.999082 -0.000870961 -1.0319 0.0142983 0.000258801 0.999898 96.2376
0.998996 -0.0424489 -0.0143306 -0.644228 0.0424262 0.999098 -0.00188322 -1.04053 0.0143976 0.00127333 0.999896 97.2646
0.998988 -0.0427579 -0.0139614 -0.663279 0.0427099 0.999081 -0.00372331 -1.05477 0.0141077 0.00312325 0.999896 98.3016
0.998946 -0.0437466 -0.0138667 -0.679976 0.0436837 0.999034 -0.00480533 -1.0694 0.0140636 0.00419452 0.999892 99.3418
0.99896 -0.0435541 -0.013464 -0.703056 0.043484 0.999039 -0.00546131 -1.0875 0.0136889 0.00487016 0.999894 100.394
0.998997 -0.0428206 -0.0130831 -0.723123 0.0427512 0.99907 -0.00554064 -1.10018 0.0133082 0.00497577 0.999899 101.454
0.999099 -0.0404881 -0.0126899 -0.743246 0.0404371 0.999173 -0.00425589 -1.11544 0.0128517 0.00373892 0.99991 102.527
0.999209 -0.0377635 -0.0124685 -0.760881 0.0377392 0.999285 -0.00218294 -1.12959 0.012542 0.00171066 0.99992 103.6
0.999397 -0.0326587 -0.0118015 -0.781535 0.0326363 0.999465 -0.00207917 -1.14246 0.0118631 0.00169276 0.999928 104.677
0.999522 -0.0288524 -0.0111474 -0.803411 0.0288372 0.999583 -0.001523 -1.15463 0.0111867 0.00120081 0.999937 105.766
0.999451 -0.031554 -0.0100873 -0.815124 0.0315693 0.999501 0.00136448 -1.16557 0.0100392 -0.00168218 0.999948 106.872
0.999493 -0.0302606 -0.00986815 -0.827514 0.0303156 0.999525 0.00546353 -1.17376 0.00969814 -0.00575992 0.999936 107.982
0.999409 -0.0328506 -0.0101279 -0.840508 0.0329502 0.999409 0.00982976 -1.18186 0.00979899 -0.0101577 0.9999 109.09
0.999265 -0.0370641 -0.00981653 -0.848727 0.0372031 0.999204 0.0143819 -1.17748 0.00927567 -0.0147365 0.999848 110.209
0.999214 -0.0383275 -0.0101092 -0.858436 0.0384961 0.999113 0.0170465 -1.17815 0.00944692 -0.0174222 0.999804 111.319
0.999111 -0.0408581 -0.0103766 -0.869315 0.0410213 0.99903 0.016033 -1.1775 0.00971149 -0.0164444 0.999818 112.43
0.999004 -0.0432482 -0.0109498 -0.882883 0.0434073 0.998949 0.0147362 -1.17196 0.010301 -0.0151968 0.999831 113.55
0.998874 -0.0459638 -0.011779 -0.896267 0.0461351 0.998827 0.0147108 -1.169 0.011089 -0.0152376 0.999822 114.672
0.998709 -0.0491492 -0.0128535 -0.911872 0.0493511 0.998655 0.0158982 -1.16928 0.0120548 -0.016512 0.999791 115.795
0.998507 -0.0528094 -0.0139682 -0.922404 0.0530336 0.998461 0.0161971 -1.15959 0.0130914 -0.0169137 0.999771 116.928
0.998234 -0.0574027 -0.0152682 -0.935126 0.0576811 0.998164 0.0184639 -1.15242 0.0141803 -0.0193119 0.999713 118.056
0.99798 -0.0613266 -0.0166029 -0.945648 0.0616549 0.997896 0.0200419 -1.14313 0.0153388 -0.0210251 0.999661 119.199
0.997654 -0.0661712 -0.017535 -0.958362 0.0665002 0.997608 0.0188939 -1.13926 0.0162428 -0.0200156 0.999668 120.329
0.997583 -0.0671851 -0.0177317 -0.978426 0.0674686 0.997595 0.0159088 -1.14043 0.0166202 -0.0170667 0.999716 121.448
0.997553 -0.0677688 -0.0171789 -0.99484 0.0680032 0.997594 0.0134489 -1.13972 0.0162262 -0.0145842 0.999762 122.581
0.997558 -0.0679058 -0.0163237 -1.01446 0.0681201 0.997593 0.0129526 -1.14462 0.0154048 -0.014033 0.999783 123.699
0.997684 -0.0664049 -0.0147062 -1.03288 0.0665888 0.997704 0.0123897 -1.14091 0.0138497 -0.0133403 0.999815 124.828
0.997758 -0.0656201 -0.0131582 -1.05518 0.0657867 0.997753 0.0126561 -1.14969 0.0122981 -0.0134934 0.999833 125.954
0.997783 -0.0654855 -0.0118592 -1.06943 0.0656599 0.99773 0.0149714 -1.1514 0.0108519 -0.0157169 0.999818 127.068
0.99778 -0.0657457 -0.0106274 -1.08194 0.0659271 0.997667 0.017729 -1.14562 0.00943704 -0.0183903 0.999786 128.181
0.997726 -0.066724 -0.00949282 -1.09243 0.0668867 0.997598 0.0179949 -1.14114 0.00826933 -0.0185889 0.999793 129.286
0.997767 -0.066278 -0.00825498 -1.10392 0.0663999 0.997673 0.0154839 -1.14115 0.00720953 -0.0159974 0.999846 130.388
0.997747 -0.0667052 -0.00721868 -1.11124 0.0667954 0.997681 0.0130718 -1.14362 0.00632998 -0.0135245 0.999889 131.489
0.997723 -0.0671105 -0.00670041 -1.11342 0.0671856 0.997672 0.0116924 -1.14692 0.00590014 -0.0121159 0.999909 132.586
0.997646 -0.0682895 -0.00621148 -1.12748 0.0683632 0.997582 0.0125461 -1.15523 0.0053397 -0.0129412 0.999902 133.69
0.997473 -0.0707313 -0.00665147 -1.13276 0.0708169 0.997396 0.0136599 -1.15645 0.00566796 -0.0140965 0.999885 134.784
0.997343 -0.0725028 -0.00713036 -1.1382 0.0725991 0.997258 0.0143276 -1.15774 0.00607202 -0.0148072 0.999872 135.87
0.997164 -0.0748821 -0.00754866 -1.14503 0.0749809 0.99709 0.0137804 -1.16244 0.00649478 -0.0143073 0.999877 136.961
0.996973 -0.0773389 -0.00802756 -1.14928 0.0774356 0.996919 0.0125241 -1.16958 0.00703422 -0.0131078 0.999889 138.047
0.997025 -0.0766196 -0.00841257 -1.16334 0.0767213 0.996974 0.0125202 -1.17101 0.00742783 -0.0131283 0.999886 139.117
0.997017 -0.0766111 -0.00934793 -1.17476 0.0767348 0.996958 0.013682 -1.1759 0.0082713 -0.0143585 0.999863 140.185
0.997172 -0.0745289 -0.00970334 -1.19261 0.0746771 0.997081 0.0159255 -1.18261 0.0084881 -0.0166051 0.999826 141.249
0.99734 -0.0722162 -0.00991939 -1.20601 0.0723848 0.997217 0.0178517 -1.18301 0.0086026 -0.0185222 0.999791 142.328
0.997438 -0.0708313 -0.0099744 -1.22382 0.0710116 0.997293 0.019068 -1.18838 0.00859679 -0.0197274 0.999768 143.394
0.997671 -0.0674778 -0.00994466 -1.24804 0.0676552 0.997533 0.018737 -1.18727 0.0086558 -0.0193662 0.999775 144.451
0.997709 -0.0668988 -0.0100235 -1.26364 0.0670673 0.997594 0.0175422 -1.17961 0.00882581 -0.0181743 0.999796 145.509
0.998014 -0.0620806 -0.0107144 -1.28543 0.0622414 0.997943 0.0153873 -1.17903 0.00973706 -0.0160236 0.999824 146.551
0.99805 -0.0615681 -0.0102622 -1.30596 0.0616932 0.998019 0.0123511 -1.1794 0.00948148 -0.0129601 0.999871 147.604
0.998101 -0.0607074 -0.0104197 -1.32123 0.0608062 0.998105 0.00944093 -1.18161 0.00982686 -0.0100566 0.999901 148.638
0.998214 -0.0587222 -0.0109971 -1.33389 0.0588417 0.998208 0.0108816 -1.18117 0.0103384 -0.0115093 0.99988 149.673
0.998085 -0.0607199 -0.0117751 -1.35166 0.0609034 0.998017 0.0159098 -1.18172 0.0107857 -0.0165965 0.999804 150.722
0.997929 -0.0631039 -0.0124877 -1.36571 0.0633387 0.997804 0.0193932 -1.18876 0.0112365 -0.020144 0.999734 151.756
0.99773 -0.0661544 -0.0125719 -1.37774 0.0663726 0.997636 0.0178143 -1.18455 0.0113636 -0.0186083 0.999762 152.778
0.997522 -0.0691361 -0.0130721 -1.38998 0.069348 0.997456 0.0165118 -1.18097 0.0118973 -0.0173774 0.999778 153.779
0.997393 -0.0708395 -0.0137728 -1.40149 0.0710607 0.997339 0.0162953 -1.18097 0.0125818 -0.0172315 0.999772 154.76
0.997314 -0.0718968 -0.0139641 -1.41329 0.0721149 0.997271 0.0157982 -1.17951 0.0127902 -0.0167628 0.999778 155.754
0.997269 -0.0723846 -0.0146552 -1.42349 0.0725921 0.997261 0.0141622 -1.17752 0.0135899 -0.0151873 0.999792 156.729
0.99728 -0.0722008 -0.0148541 -1.44154 0.0724105 0.997275 0.0140985 -1.18382 0.0137957 -0.0151357 0.99979 157.687
0.997294 -0.0719314 -0.0152143 -1.45761 0.0721691 0.997269 0.0157002 -1.18784 0.0140434 -0.0167557 0.999761 158.641
0.997263 -0.0722989 -0.0154744 -1.47159 0.0725785 0.997194 0.0183388 -1.18694 0.0141051 -0.0194117 0.999712 159.575
0.997195 -0.0731565 -0.0158392 -1.4826 0.0734619 0.997105 0.0196418 -1.18208 0.0143564 -0.0207503 0.999682 160.507
0.99709 -0.0745747 -0.0158127 -1.50081 0.074901 0.996967 0.021154 -1.18091 0.0141872 -0.0222769 0.999651 161.411
0.997089 -0.0745102 -0.0162089 -1.51577 0.0748546 0.996956 0.0217929 -1.17694 0.0145358 -0.0229428 0.999631 162.297
0.997028 -0.0752238 -0.0166275 -1.52566 0.0755672 0.996918 0.0210902 -1.1776 0.0149898 -0.022284 0.999639 163.171
0.996841 -0.0775559 -0.0170991 -1.53592 0.0778724 0.996788 0.0186901 -1.17383 0.0155947 -0.0199626 0.999679 164.025
0.996868 -0.0769418 -0.0182608 -1.55288 0.0772558 0.996864 0.0171628 -1.1725 0.016883 -0.0185199 0.999686 164.849
0.996693 -0.0789401 -0.0192926 -1.56605 0.0792489 0.99673 0.015805 -1.18008 0.0179818 -0.0172816 0.999689 165.651
0.996859 -0.0762667 -0.021363 -1.58741 0.0765839 0.996958 0.0144483 -1.18258 0.0201961 -0.016039 0.999667 166.431
0.996869 -0.0754989 -0.0235162 -1.60648 0.0757726 0.997065 0.0109733 -1.18764 0.0226187 -0.0127208 0.999663 167.178
0.996958 -0.0739576 -0.024602 -1.63634 0.0741631 0.997218 0.00754669 -1.19512 0.0239754 -0.0093483 0.999669 167.892
0.996778 -0.0758142 -0.0261851 -1.65469 0.0759518 0.997102 0.00429748 -1.20565 0.0257834 -0.00627244 0.999648 168.581
0.996882 -0.0739579 -0.0275218 -1.678 0.0740641 0.997249 0.00286043 -1.21542 0.0272345 -0.00488989 0.999617 169.248
0.997018 -0.0718822 -0.028072 -1.70719 0.0719564 0.997406 0.00164083 -1.22625 0.0278812 -0.00365589 0.999605 169.882
0.997033 -0.0712913 -0.0290224 -1.72907 0.0714169 0.997441 0.00331193 -1.2391 0.028712 -0.00537479 0.999573 170.514
0.996879 -0.073353 -0.0291896 -1.73903 0.0735573 0.997273 0.0059891 -1.25154 0.0286707 -0.00811752 0.999556 171.133
0.996857 -0.0744376 -0.0271161 -1.75124 0.0746203 0.997195 0.00579075 -1.26706 0.026609 -0.00779597 0.999616 171.736
0.996936 -0.0747105 -0.023184 -1.76006 0.0748489 0.997182 0.00516218 -1.27834 0.022733 -0.00688166 0.999718 172.322
0.997095 -0.073885 -0.018511 -1.76723 0.0739642 0.997254 0.00363124 -1.28845 0.0181919 -0.00498984 0.999822 172.874
0.997253 -0.0731418 -0.0116707 -1.77349 0.0731595 0.99732 0.00110213 -1.29876 0.0115588 -0.00195293 0.999931 173.407
0.997372 -0.0723645 -0.00353772 -1.76855 0.0723571 0.997376 -0.00215337 -1.30423 0.00368427 0.00189173 0.999991 173.925
0.997448 -0.0711648 0.0057993 -1.76327 0.0711845 0.997458 -0.00325973 -1.31491 -0.00555258 0.00366424 0.999978 174.424
0.997314 -0.0715929 0.0154974 -1.74864 0.0716334 0.997429 -0.00206933 -1.32445 -0.0153094 0.0031739 0.999878 174.904
0.997085 -0.0717122 0.0260573 -1.72796 0.0717521 0.997422 -0.000598827 -1.32988 -0.0259472 0.00246675 0.99966 175.361
0.996725 -0.071205 0.03832 -1.70347 0.071303 0.997454 -0.00119422 -1.33484 -0.0381374 0.00392264 0.999265 175.803
0.99625 -0.0700411 0.050799 -1.67162 0.0702366 0.997528 -0.0020718 -1.34211 -0.0505283 0.00563198 0.998707 176.228
0.995541 -0.0686988 0.0646361 -1.63902 0.0689374 0.99762 -0.00146514 -1.35321 -0.0643816 0.00591445 0.997908 176.639
0.994516 -0.06809 0.079383 -1.59725 0.0682479 0.997668 0.000725785 -1.36277 -0.0792473 0.00469592 0.996844 177.037
0.993126 -0.068736 0.094745 -1.55174 0.0687615 0.997629 0.00300018 -1.37041 -0.0947265 0.00353525 0.995497 177.42
0.991492 -0.0682163 0.110859 -1.5025 0.0682521 0.997662 0.00347568 -1.37557 -0.110837 0.00412023 0.99383 177.782
0.989426 -0.0681693 0.128023 -1.44601 0.0684008 0.997655 0.00259301 -1.38396 -0.127899 0.00619127 0.991768 178.136
0.986964 -0.0680438 0.145851 -1.3743 0.0684546 0.997652 0.00220627 -1.39236 -0.145659 0.00780667 0.989304 178.487
0.983988 -0.067467 0.16497 -1.3 0.0678422 0.99769 0.00336578 -1.39777 -0.164816 0.00788 0.986293 178.835
0.980378 -0.0660399 0.185738 -1.22369 0.0660729 0.997797 0.00601941 -1.40463 -0.185726 0.00637095 0.982581 179.169
0.975904 -0.0665384 0.207809 -1.13561 0.0661165 0.997771 0.00898329 -1.40244 -0.207944 0.0049728 0.978128 179.506
0.970486 -0.0676834 0.231466 -1.03821 0.0667368 0.997699 0.0119263 -1.40244 -0.231741 0.00387298 0.97277 179.829
0.964432 -0.0667386 0.255767 -0.932396 0.0655506 0.997762 0.0131768 -1.40197 -0.256074 0.00405758 0.966649 180.154
0.957481 -0.0649485 0.28109 -0.824249 0.063724 0.997876 0.0135048 -1.40287 -0.281371 0.00498163 0.959586 180.462
0.949537 -0.0614503 0.307577 -0.704288 0.059907 0.998099 0.0144666 -1.40445 -0.307881 0.00468943 0.951413 180.775
0.940086 -0.0595957 0.335689 -0.573977 0.0580366 0.998206 0.0146846 -1.40265 -0.335962 0.00567747 0.941858 181.085
0.929181 -0.0594908 0.364805 -0.425395 0.0579574 0.998204 0.0151618 -1.39283 -0.365052 0.00705508 0.930961 181.398
0.916973 -0.0617593 0.394139 -0.267087 0.060522 0.998045 0.0155822 -1.39234 -0.394331 0.00956564 0.918919 181.689
0.903215 -0.0637288 0.42443 -0.0942842 0.063037 0.997888 0.0156875 -1.38856 -0.424534 0.0125856 0.905325 181.989
0.888331 -0.0623551 0.454951 0.0951222 0.0618302 0.997958 0.0160504 -1.37681 -0.455022 0.0138716 0.890372 182.297
0.872299 -0.060998 0.485153 0.293617 0.0607064 0.998022 0.0163313 -1.37375 -0.48519 0.0152061 0.874277 182.604
0.854516 -0.0600756 0.51594 0.499896 0.059834 0.998062 0.0171145 -1.37213 -0.515968 0.0162462 0.856454 182.903
0.835443 -0.0591295 0.546387 0.729327 0.0578963 0.998132 0.0194916 -1.37152 -0.546519 0.0153496 0.837306 183.205
0.815245 -0.0588686 0.576116 0.97802 0.056376 0.998162 0.022218 -1.36886 -0.576366 0.014366 0.817066 183.516
0.794302 -0.0590482 0.604647 1.24036 0.0557275 0.998151 0.0242697 -1.37343 -0.604962 0.014418 0.796124 183.813
0.771892 -0.059926 0.632923 1.52968 0.0563711 0.998078 0.025751 -1.37388 -0.63325 0.0158015 0.773786 184.119
0.748138 -0.0605718 0.660773 1.83478 0.0574437 0.997998 0.0264459 -1.366 -0.661052 0.018172 0.75012 184.427
0.723317 -0.0608629 0.687828 2.15149 0.0588756 0.997917 0.026388 -1.35146 -0.688001 0.0214094 0.725393 184.722
0.698014 -0.0615295 0.713436 2.49135 0.0596742 0.997834 0.0276728 -1.33445 -0.713593 0.0232577 0.700174 185.017
0.671941 -0.062375 0.737973 2.84817 0.0583605 0.997808 0.0311982 -1.32324 -0.738302 0.0221052 0.674108 185.306
0.644715 -0.0628649 0.761834 3.2305 0.0553814 0.997835 0.0354719 -1.30872 -0.762415 0.0193222 0.6468 185.6
0.61697 -0.0634489 0.784424 3.63459 0.0529727 0.997832 0.0390462 -1.29371 -0.785202 0.0174628 0.618994 185.886
0.588721 -0.0654224 0.805685 4.05799 0.051947 0.997721 0.0430578 -1.27995 -0.806666 0.0165039 0.590777 186.166
0.560392 -0.0657722 0.825612 4.504 0.0497486 0.997715 0.0457153 -1.2616 -0.826732 0.0154545 0.562384 186.445
0.531588 -0.065311 0.844481 4.96998 0.0475211 0.997752 0.0472509 -1.23761 -0.845669 0.0150126 0.533497 186.718
0.503317 -0.0601832 0.862003 5.46021 0.0405137 0.998118 0.0460307 -1.20912 -0.863151 0.0117549 0.504808 186.989
0.475619 -0.0567736 0.877818 5.96818 0.0355401 0.99834 0.0453122 -1.1855 -0.878933 0.00964644 0.476847 187.247
0.447572 -0.0564429 0.892465 6.50298 0.0333618 0.998365 0.0464094 -1.15975 -0.893625 0.00900269 0.448724 187.502
0.419008 -0.0569149 0.906197 7.0631 0.0290312 0.998363 0.0492801 -1.13473 -0.907519 0.00565924 0.419974 187.741
0.390213 -0.0567026 0.918977 7.6365 0.0245197 0.998388 0.0511909 -1.10414 -0.920398 0.00255766 0.390974 187.979
0.362304 -0.0558581 0.930385 8.2356 0.01614 0.998429 0.0536582 -1.07282 -0.93192 -0.00442415 0.362636 188.213
0.334077 -0.0576177 0.940783 8.8612 0.0114059 0.998304 0.0570903 -1.04315 -0.942477 -0.00834212 0.334168 188.433
0.306433 -0.0570535 0.950181 9.50744 0.00601061 0.998298 0.0580043 -1.0078 -0.951873 -0.0120633 0.306255 188.638
0.279076 -0.0565634 0.958602 10.1765 0.00168519 0.998291 0.0584147 -0.97374 -0.960267 -0.0146867 0.278695 188.826
0.252784 -0.0535477 0.96604 10.8527 -0.00129502 0.998448 0.0556829 -0.934529 -0.967522 -0.0153268 0.252322 188.999
0.229375 -0.0501114 0.972047 11.5499 -0.00273909 0.998637 0.0521285 -0.895177 -0.973334 -0.0146195 0.228925 189.158
0.208722 -0.048053 0.976794 12.27 -0.00288254 0.998758 0.0497494 -0.862498 -0.977971 -0.0131994 0.208324 189.302
0.190731 -0.0484299 0.980447 13.0075 -0.00171428 0.998764 0.0496682 -0.831094 -0.981641 -0.011154 0.190412 189.436
0.17539 -0.0503542 0.98321 13.7616 -0.00102469 0.998681 0.0513293 -0.800825 -0.984499 -0.0100101 0.175107 189.563
0.161418 -0.0539531 0.98541 14.5343 -0.000814344 0.998497 0.054803 -0.764897 -0.986886 -0.00964865 0.161131 189.686
0.14764 -0.0586618 0.9873 15.3244 0.00179934 0.998254 0.0590435 -0.725683 -0.98904 -0.00694068 0.147487 189.795
0.135523 -0.0614593 0.988866 16.1306 0.000600618 0.998079 0.0619496 -0.679117 -0.990774 -0.00780168 0.1353 189.904
0.124699 -0.0610535 0.990314 16.9439 -0.00183165 0.998089 0.0617634 -0.641536 -0.992193 -0.00951576 0.124349 190.009
0.114604 -0.0568408 0.991784 17.7711 -0.00424822 0.998325 0.0577065 -0.598595 -0.993402 -0.0108267 0.114171 190.114
0.105304 -0.0531979 0.993016 18.6192 -0.00510329 0.998526 0.0540343 -0.554749 -0.994427 -0.0107577 0.104878 190.198
0.0946402 -0.0519438 0.994155 19.4754 -0.00618314 0.998588 0.052764 -0.517612 -0.995492 -0.0111406 0.0941854 190.279
0.0834704 -0.0539104 0.995051 20.3541 -0.0103252 0.998435 0.0549599 -0.480954 -0.996457 -0.0148616 0.0827831 190.361
0.0712353 -0.0547981 0.995953 21.256 -0.0118845 0.998372 0.0557813 -0.440184 -0.997389 -0.01581 0.0704681 190.429
0.0588184 -0.0549727 0.996754 22.1574 -0.0120716 0.99837 0.0557742 -0.39398 -0.998196 -0.0153129 0.0580589 190.484
0.0461581 -0.0558338 0.997373 23.0795 -0.010045 0.99836 0.056354 -0.349032 -0.998884 -0.0126198 0.0455215 190.523
0.0341548 -0.0592627 0.997658 24.018 -0.00876708 0.998184 0.0595941 -0.300001 -0.999378 -0.010782 0.0335732 190.551
0.0220993 -0.0632169 0.997755 24.9397 -0.00794886 0.997956 0.0634057 -0.255708 -0.999724 -0.00933224 0.0215516 190.576
0.0113226 -0.0651489 0.997811 25.8664 -0.00708921 0.997845 0.0652315 -0.207502 -0.999911 -0.00781228 0.0108363 190.588
0.00186028 -0.0639457 0.997952 26.8011 -0.0054624 0.997938 0.063955 -0.155005 -0.999983 -0.00557018 0.00150715 190.587
-0.00643869 -0.0604542 0.99815 27.7531 -0.00184298 0.99817 0.0604435 -0.107632 -0.999978 -0.00145039 -0.00653832 190.573
-0.0133334 -0.0561994 0.998331 28.7133 0.00191981 0.998416 0.0562298 -0.0476991 -0.999909 0.00266633 -0.0132044 190.559
-0.0183687 -0.0544059 0.99835 29.6839 0.00618745 0.998493 0.0545276 0.00279266 -0.999812 0.00717884 -0.0180044 190.536
-0.0217561 -0.0565414 0.998163 30.6603 0.00813955 0.998356 0.0567297 0.0540904 -0.99973 0.00935881 -0.0212601 190.514
-0.0250274 -0.0599988 0.997885 31.6425 0.0102432 0.99813 0.0602704 0.103864 -0.999634 0.0117299 -0.024366 190.487
-0.0281469 -0.0619018 0.997685 32.6193 0.011205 0.997998 0.0622374 0.145741 -0.999541 0.0129309 -0.027397 190.464
-0.0305677 -0.0617339 0.997624 33.6116 0.0125273 0.997989 0.0621403 0.200341 -0.999454 0.014397 -0.0297329 190.436
-0.0312148 -0.061412 0.997624 34.6012 0.013864 0.997988 0.0618682 0.249379 -0.999417 0.0157623 -0.0303005 190.408
-0.0310999 -0.0615966 0.997616 35.5999 0.0170971 0.99792 0.0621484 0.310035 -0.99937 0.0189891 -0.0299821 190.375
-0.0301512 -0.0613226 0.997662 36.5984 0.019586 0.997888 0.0619284 0.367168 -0.999353 0.0214074 -0.0288864 190.347
-0.0286139 -0.0615847 0.997692 37.6046 0.0228725 0.997799 0.0622473 0.415271 -0.999329 0.0246008 -0.0271423 190.323
-0.0260089 -0.0617336 0.997754 38.6019 0.0248199 0.997744 0.06238 0.468418 -0.999354 0.0263866 -0.024418 190.297
-0.023376 -0.0623047 0.997783 39.6342 0.026169 0.997676 0.0629111 0.523469 -0.999384 0.0275816 -0.0216913 190.288
-0.0200831 -0.0636576 0.99777 40.6732 0.0282371 0.997537 0.0642111 0.572415 -0.999399 0.0294637 -0.0182361 190.27
-0.0163441 -0.0653598 0.997728 41.707 0.0302973 0.997371 0.0658327 0.627675 -0.999407 0.0313044 -0.0143209 190.252
-0.0123529 -0.0665766 0.997705 42.7392 0.0314411 0.997262 0.0669363 0.677806 -0.999429 0.0321958 -0.0102259 190.249
-0.00831756 -0.0658011 0.997798 43.7865 0.0330962 0.997268 0.066042 0.731082 -0.999418 0.0335726 -0.00611707 190.255
-0.00295516 -0.0641239 0.997938 44.8403 0.033883 0.997362 0.0641872 0.789085 -0.999421 0.0340028 -0.000774665 190.253
0.00187959 -0.0615837 0.9981 45.8973 0.0381928 0.997378 0.0614673 0.85355 -0.999269 0.0380047 0.00422672 190.249
0.00870505 -0.062755 0.997991 46.9586 0.0376579 0.997341 0.0623856 0.910826 -0.999253 0.0370391 0.0110451 190.255
0.0146649 -0.0667065 0.997665 48.0482 0.0372266 0.997117 0.0661226 0.964573 -0.999199 0.03617 0.0171058 190.289
0.0207236 -0.0714227 0.997231 49.1434 0.0375742 0.996796 0.0706107 1.02844 -0.999079 0.0360068 0.0233409 190.319
0.0269453 -0.069602 0.997211 50.2312 0.0375038 0.996941 0.0685698 1.08889 -0.998933 0.0355516 0.0294733 190.361
0.0333635 -0.0628402 0.997466 51.3323 0.0371196 0.997411 0.0615952 1.15372 -0.998754 0.0349705 0.0356097 190.414
0.0395566 -0.0566001 0.997613 52.4461 0.0392983 0.99771 0.0550474 1.21588 -0.998444 0.0370271 0.0416903 190.467
0.0465315 -0.0552388 0.997388 53.5614 0.0421163 0.99769 0.0532907 1.26197 -0.998029 0.0395266 0.0487505 190.521
0.0536078 -0.0589234 0.996822 54.68 0.044044 0.997426 0.0565904 1.30316 -0.99759 0.0408703 0.056065 190.587
0.0606164 -0.0624359 0.996207 55.843 0.046963 0.997115 0.0596353 1.35705 -0.997056 0.04317 0.0633737 190.652
0.0674604 -0.0619689 0.995796 56.9851 0.0490228 0.99707 0.0587271 1.41362 -0.996517 0.0448549 0.0703006 190.732
0.0735685 -0.0608068 0.995435 58.139 0.0506086 0.997081 0.0571671 1.46478 -0.996005 0.0461719 0.0764311 190.823
0.0790565 -0.0602152 0.99505 59.3207 0.0511798 0.997103 0.0562732 1.5169 -0.995555 0.0464777 0.0819092 190.924
0.0833399 -0.061008 0.994652 60.4823 0.0515461 0.997052 0.0568363 1.5697 -0.995187 0.0465337 0.0862389 191.035
0.0872287 -0.0626466 0.994217 61.6689 0.0519222 0.99695 0.0582634 1.62259 -0.994834 0.0465397 0.0902154 191.147
0.0908138 -0.064348 0.993787 62.8603 0.0522462 0.996844 0.0597716 1.6852 -0.994496 0.0464935 0.0938892 191.265
0.093632 -0.0665115 0.993383 64.0552 0.0531856 0.996676 0.0617189 1.74496 -0.994185 0.0470548 0.0968582 191.391
0.097046 -0.067786 0.992969 65.2647 0.0535566 0.996588 0.0627988 1.80912 -0.993838 0.0470856 0.100345 191.52
0.100079 -0.0692261 0.992568 66.4821 0.0528726 0.996537 0.0641719 1.87614 -0.993574 0.0460574 0.103393 191.653
0.102859 -0.0728545 0.992024 67.6996 0.0507265 0.996401 0.0679163 1.9414 -0.993402 0.0433361 0.106184 191.788
0.103814 -0.0734278 0.991883 68.9492 0.0522289 0.996298 0.0682881 2.00676 -0.993224 0.0447156 0.107265 191.927
0.105174 -0.0674948 0.992161 70.168 0.0521993 0.996693 0.0622698 2.07545 -0.993083 0.0452409 0.10835 192.064
0.10623 -0.0666628 0.992104 71.3828 0.0574665 0.996494 0.0608045 2.13701 -0.99268 0.0505535 0.109688 192.193
0.10802 -0.0690716 0.991746 72.5903 0.0622816 0.996094 0.0625907 2.1937 -0.992196 0.0550065 0.1119 192.329
0.109661 -0.0705511 0.991462 73.8309 0.0607264 0.99609 0.0641638 2.25404 -0.992112 0.0531717 0.113516 192.469
0.110648 -0.0663486 0.991643 75.0783 0.0600652 0.996392 0.0599643 2.32417 -0.992043 0.0529283 0.114234 192.621
0.110855 -0.0636727 0.991795 76.3202 0.0589356 0.99661 0.0573945 2.39186 -0.992088 0.0520896 0.114231 192.766
0.11133 -0.0629444 0.991788 77.5366 0.0571549 0.996746 0.0568433 2.44403 -0.992139 0.0503572 0.114565 192.912
0.112059 -0.0638953 0.991645 78.7681 0.0585644 0.996621 0.0575979 2.49951 -0.991974 0.0516207 0.115422 193.058
0.112658 -0.0663653 0.991415 80.0046 0.0605713 0.99637 0.059814 2.55543 -0.991786 0.0533128 0.116269 193.202
0.11298 -0.0708862 0.991065 81.2347 0.0642899 0.995883 0.0639019 2.60963 -0.991515 0.0564959 0.117072 193.35
0.112968 -0.0762089 0.990672 82.4932 0.0685276 0.995278 0.0687489 2.68024 -0.991233 0.0601219 0.117657 193.5
0.11325 -0.0779995 0.9905 83.7485 0.0707759 0.995015 0.0702628 2.75452 -0.991042 0.0621463 0.118206 193.647
0.114838 -0.0709803 0.990845 84.989 0.0686512 0.995626 0.0633662 2.82676 -0.991009 0.0607458 0.119209 193.798
0.116344 -0.0637605 0.99116 86.2245 0.0681671 0.996097 0.0560765 2.89627 -0.990867 0.0610404 0.120236 193.953
0.116943 -0.0629167 0.991144 87.4698 0.0654904 0.996308 0.0555174 2.95342 -0.990977 0.058418 0.120632 194.113
0.119047 -0.0666531 0.990649 88.7222 0.0640681 0.996181 0.0593262 3.01172 -0.990819 0.0564063 0.122863 194.27
0.120987 -0.0692655 0.990235 89.9848 0.0641355 0.996024 0.0618343 3.07161 -0.99058 0.056028 0.124949 194.434
0.1228 -0.0714052 0.989859 91.257 0.0673793 0.995707 0.0634681 3.13666 -0.990142 0.0589022 0.127084 194.593
0.124808 -0.0721545 0.989554 92.5071 0.0664004 0.995724 0.0642296 3.19786 -0.989957 0.0576904 0.129065 194.76
0.126742 -0.071232 0.989375 93.7638 0.0668071 0.995766 0.063134 3.25975 -0.989683 0.0580955 0.130964 194.932
0.128632 -0.0711234 0.989139 95.0311 0.0649621 0.995887 0.0631607 3.32493 -0.989562 0.056132 0.132724 195.11
0.130913 -0.0723743 0.988749 96.3052 0.0634607 0.995898 0.0644953 3.3889 -0.989361 0.0543035 0.134968 195.289
0.133644 -0.0741598 0.988251 97.5725 0.0641252 0.995754 0.0660509 3.45834 -0.988953 0.0545445 0.137832 195.471
0.136425 -0.07322 0.987941 98.862 0.0641036 0.995827 0.0649525 3.52516 -0.988574 0.0544694 0.140549 195.655
0.13904 -0.0709414 0.987742 100.119 0.0657005 0.995894 0.0622785 3.59714 -0.988105 0.056236 0.14313 195.843
0.142114 -0.0710792 0.987295 101.397 0.064216 0.995979 0.062461 3.66287 -0.987765 0.0545235 0.146107 196.039
0.144212 -0.0746459 0.986727 102.681 0.0654187 0.995689 0.0657628 3.72652 -0.987382 0.0550666 0.148474 196.237
0.146254 -0.0759554 0.986327 103.962 0.0653962 0.995609 0.0669732 3.79872 -0.987083 0.054707 0.150579 196.439
0.148751 -0.0738806 0.986111 105.22 0.0636107 0.995855 0.0650152 3.87037 -0.986827 0.0530561 0.152834 196.651
0.151473 -0.0704216 0.98595 106.499 0.0651249 0.996003 0.0611343 3.93679 -0.986314 0.0549497 0.155454 196.85
0.154277 -0.0681661 0.985673 107.747 0.065418 0.996133 0.0586502 4.00025 -0.98586 0.0554325 0.158139 197.052
0.156821 -0.0694542 0.985182 109.019 0.0640462 0.99614 0.0600319 4.05637 -0.985548 0.0536829 0.160664 197.263
0.159045 -0.0713611 0.984689 110.301 0.0638633 0.996039 0.0618686 4.1134 -0.985204 0.0530456 0.162973 197.482
0.16131 -0.0719753 0.984276 111.566 0.0644419 0.995977 0.0622698 4.17691 -0.984798 0.0533838 0.1653 197.696
0.163511 -0.0722686 0.983891 112.821 0.0663351 0.995862 0.0621238 4.2401 -0.984309 0.0551086 0.167628 197.912
0.165037 -0.0744213 0.983476 114.087 0.0691771 0.995567 0.0637277 4.30247 -0.983858 0.0575165 0.169454 198.132
0.16639 -0.0761775 0.983113 115.339 0.0718409 0.995298 0.0649627 4.36288 -0.983439 0.0598186 0.17108 198.352
0.16724 -0.0757952 0.982998 116.587 0.0734506 0.995228 0.0642418 4.42335 -0.983176 0.061458 0.172009 198.583
0.168547 -0.0732461 0.982968 117.823 0.0724997 0.995455 0.0617452 4.48624 -0.983024 0.0608579 0.173092 198.815
0.169771 -0.0728864 0.982784 119.07 0.0704369 0.995608 0.0616698 4.54939 -0.982963 0.0587545 0.17416 199.043
0.170885 -0.0737068 0.98253 120.317 0.0683763 0.995681 0.0628011 4.60693 -0.982915 0.0564499 0.175187 199.272
0.171715 -0.0742858 0.982342 121.568 0.0662803 0.995765 0.0637149 4.66222 -0.982914 0.0541691 0.175912 199.51
0.172879 -0.0740598 0.982155 122.816 0.0646116 0.995874 0.0637214 4.72107 -0.982822 0.0524425 0.17695 199.738
0.173922 -0.0741094 0.981967 124.067 0.0646799 0.995871 0.0637029 4.78279 -0.982633 0.0524342 0.177997 199.967
0.174822 -0.0735331 0.98185 125.309 0.0651464 0.995886 0.0629847 4.84641 -0.982443 0.0529529 0.178893 200.196
0.175842 -0.0723965 0.981753 126.552 0.0669106 0.995865 0.0614528 4.91029 -0.982142 0.0548836 0.179959 200.427
0.176646 -0.0715797 0.981668 127.799 0.0694454 0.995773 0.0601118 4.97176 -0.981821 0.0575538 0.180871 200.659
0.177695 -0.0718786 0.981457 129.035 0.0707069 0.995684 0.0601189 5.02082 -0.981542 0.058713 0.18201 200.885
0.178681 -0.0731779 0.981182 130.275 0.0717837 0.995542 0.0611765 5.08136 -0.981285 0.0595019 0.183137 201.12
0.17972 -0.0735572 0.980964 131.515 0.0721348 0.995501 0.0614316 5.13975 -0.981069 0.0597211 0.184218 201.355
0.180876 -0.0737084 0.98074 132.759 0.0725904 0.995468 0.0614276 5.19681 -0.980823 0.0600815 0.185407 201.593
