0.999993 -0.00127563 -0.00358151 -0.0120778 0.00128046 0.999998 0.00134567 -0.032919 0.00357979 -0.00135025 0.999993 2.08123
0.999976 -0.00256167 -0.00643706 -0.0413872 0.00257061 0.999996 0.00138176 -0.0819615 0.00643349 -0.00139828 0.999978 4.12774
0.999961 -0.00197066 -0.00864981 -0.0711656 0.00197812 0.999998 0.000853972 -0.109058 0.00864811 -0.000871049 0.999962 6.15152
0.999942 -0.000361158 -0.0107644 -0.113126 0.000366646 1 0.000507831 -0.141175 0.0107642 -0.000511749 0.999942 8.18369
0.999919 0.00227142 -0.0124938 -0.144744 -0.00225278 0.999996 0.00150595 -0.165831 0.0124972 -0.00147768 0.999921 10.2507
0.999889 0.00270868 -0.0146839 -0.180961 -0.00269467 0.999996 0.000973384 -0.201365 0.0146865 -0.000933707 0.999892 12.325
0.99985 0.00265031 -0.017126 -0.225751 -0.00265673 0.999996 -0.000352288 -0.22843 0.017125 0.000397734 0.999853 14.3792
0.999809 0.00248745 -0.0193968 -0.2514 -0.00249302 0.999997 -0.000262778 -0.250525 0.0193961 0.000311084 0.999812 16.4207
0.999755 -0.000555611 -0.022138 -0.305111 0.000558801 1 0.000137887 -0.276972 0.0221379 -0.000150224 0.999755 18.4713
0.999677 -0.00265439 -0.0252756 -0.348981 0.0026597 0.999996 0.000176469 -0.299061 0.0252751 -0.000243637 0.999681 20.5228
0.999584 -0.0053134 -0.0283528 -0.409469 0.00531846 0.999986 0.00010293 -0.326716 0.0283519 -0.000253681 0.999598 22.5826
0.999478 -0.00627112 -0.031704 -0.480247 0.00631505 0.999979 0.00128569 -0.350088 0.0316953 -0.00148523 0.999496 24.6251
0.999374 -0.00432966 -0.0351166 -0.532375 0.0043774 0.99999 0.00128293 -0.368716 0.0351107 -0.00143584 0.999382 26.7114
0.999279 -0.00376345 -0.0377731 -0.636202 0.00375856 0.999993 -0.000200474 -0.3879 0.0377736 5.83567e-05 0.999286 28.6828
0.999161 -0.00329784 -0.0408098 -0.72085 0.00320289 0.999992 -0.00239202 -0.4171 0.0408174 0.0022593 0.999164 30.7176
0.99903 -0.00295364 -0.0439469 -0.834695 0.00272503 0.999982 -0.005261 -0.440256 0.0439616 0.00513614 0.99902 32.6493
0.998892 -0.00290629 -0.0469733 -0.938353 0.00269961 0.999986 -0.00446296 -0.485245 0.0469856 0.0043312 0.998886 34.6674
0.998759 -0.0022545 -0.0497543 -1.05821 0.00223088 0.999997 -0.000530298 -0.511939 0.0497554 0.000418644 0.998761 36.6814
0.998646 -0.00328186 -0.05192 -1.17772 0.00346051 0.999988 0.00335122 -0.524447 0.0519084 -0.00352635 0.998646 38.7412
0.99851 -0.00392919 -0.0544363 -1.28889 0.00425528 0.999974 0.00587583 -0.52653 0.0544118 -0.00609871 0.9985 40.7943
0.998355 -0.00397419 -0.0572026 -1.4082 0.004302 0.999975 0.00560861 -0.54291 0.0571789 -0.00584546 0.998347 42.854
0.9982 -0.00293683 -0.0598947 -1.52328 0.00298006 0.999995 0.000632365 -0.559878 0.0598926 -0.000809716 0.998205 44.8988
0.997993 -0.00388874 -0.0632 -1.67135 0.00356507 0.99998 -0.00523328 -0.595944 0.0632191 0.00499746 0.997987 46.9977
0.99772 -0.00629153 -0.0671913 -1.81117 0.00574275 0.999949 -0.00835754 -0.636112 0.0672405 0.00795263 0.997705 49.0468
0.99738 -0.0115942 -0.0714055 -1.96326 0.0109361 0.999894 -0.00959975 -0.677575 0.0715092 0.00879369 0.997401 51.0691
0.996943 -0.0180742 -0.0760097 -2.11489 0.0175451 0.999817 -0.00762332 -0.707082 0.0761335 0.00626642 0.997078 53.1169
0.996554 -0.0213723 -0.0801512 -2.28305 0.0209978 0.999764 -0.00551226 -0.740532 0.0802501 0.00381027 0.996767 55.1686
0.996267 -0.0232862 -0.0831196 -2.47648 0.0228896 0.999722 -0.00572086 -0.793839 0.0832297 0.00379693 0.996523 57.1753
0.996047 -0.0207633 -0.0863696 -2.65898 0.0204385 0.99978 -0.00464388 -0.836303 0.0864471 0.00286026 0.996252 59.2209
0.995836 -0.0189125 -0.0891836 -2.84008 0.0188082 0.999821 -0.00200981 -0.848208 0.0892057 0.000324059 0.996013 61.2718
0.995654 -0.0169265 -0.0915761 -3.03649 0.0170025 0.999855 4.98716e-05 -0.883349 0.0915621 -0.00160667 0.995798 63.3451
0.995494 -0.013671 -0.0938346 -3.24228 0.0137326 0.999906 1.10103e-05 -0.912693 0.0938256 -0.00129955 0.995588 65.3954
0.995342 -0.0113318 -0.0957396 -3.44908 0.0111985 0.999935 -0.00193039 -0.922646 0.0957553 0.000849262 0.995405 67.4022
0.995153 -0.0088083 -0.0979468 -3.65663 0.00847692 0.999957 -0.00379888 -0.949969 0.097976 0.00295018 0.995184 69.4495
0.994931 -0.00869162 -0.100184 -3.86923 0.00847165 0.999961 -0.0026209 -0.978951 0.100203 0.00175889 0.994965 71.5205
0.994692 -0.0107797 -0.102332 -4.08382 0.0107759 0.999942 -0.000589903 -1.00598 0.102332 -0.000515944 0.99475 73.6284
0.994402 -0.0144352 -0.104675 -4.29826 0.0146579 0.999892 0.00135786 -1.03486 0.104644 -0.00288457 0.994506 75.6788
0.994064 -0.0179152 -0.107314 -4.49192 0.0181661 0.999834 0.0013613 -1.05041 0.107272 -0.00330271 0.994224 77.7256
0.993767 -0.0196392 -0.109729 -4.72459 0.0197585 0.999805 -1.1748e-07 -1.08345 0.109708 -0.00216797 0.993961 79.8226
0.993506 -0.0194925 -0.112099 -4.9456 0.0193938 0.99981 -0.00197083 -1.10149 0.112116 -0.000215984 0.993695 81.8453
0.993299 -0.0188819 -0.114016 -5.18788 0.0186681 0.999821 -0.00294209 -1.11084 0.114052 0.000793901 0.993475 83.9221
0.993081 -0.0174469 -0.116132 -5.43509 0.0171404 0.999846 -0.0036372 -1.14693 0.116178 0.00162148 0.993227 86.0106
0.992802 -0.0187624 -0.118289 -5.66231 0.0183356 0.999821 -0.00469617 -1.16746 0.118356 0.00249348 0.992968 88.0009
0.992479 -0.0194628 -0.120858 -5.90267 0.0187623 0.9998 -0.00693128 -1.20265 0.120969 0.00461157 0.992646 90.041
0.992206 -0.0196202 -0.123053 -6.13504 0.0188684 0.999796 -0.00727213 -1.25051 0.12317 0.00489365 0.992374 92.0396
0.991882 -0.0192308 -0.125699 -6.39071 0.0187248 0.999811 -0.00520539 -1.29976 0.125776 0.00280943 0.992055 94.1441
0.991563 -0.0187402 -0.128262 -6.65132 0.0183731 0.999823 -0.00404461 -1.31249 0.128315 0.00165392 0.991732 96.2619
0.991262 -0.0183012 -0.13063 -6.92932 0.0181001 0.999832 -0.00272641 -1.34707 0.130658 0.000338163 0.991427 98.3183
0.990869 -0.0192396 -0.133448 -7.20973 0.0189535 0.999815 -0.00341353 -1.3707 0.133489 0.000853042 0.99105 100.402
0.990442 -0.020987 -0.136321 -7.48588 0.0207057 0.99978 -0.0034807 -1.40265 0.136364 0.000624811 0.990659 102.512
0.989977 -0.0229742 -0.139344 -7.78562 0.0228037 0.999736 -0.00281975 -1.43964 0.139372 -0.000386083 0.99024 104.577
0.98954 -0.0246109 -0.142145 -8.08503 0.0244858 0.999697 -0.00262991 -1.46128 0.142166 -0.000878124 0.989842 106.654
0.989022 -0.0259705 -0.14547 -8.39369 0.0260118 0.99966 -0.00161858 -1.49233 0.145463 -0.00218312 0.989361 108.768
0.988437 -0.0283514 -0.148955 -8.70898 0.0286056 0.999591 -0.000436083 -1.53216 0.148907 -0.0038299 0.988844 110.852
0.987911 -0.0301712 -0.152061 -9.04727 0.0303258 0.999539 -0.00130279 -1.56213 0.15203 -0.00332432 0.98837 112.892
0.987404 -0.0300056 -0.155349 -9.38005 0.0298554 0.999549 -0.00330013 -1.59355 0.155378 -0.00137944 0.987854 114.98
0.986959 -0.0288286 -0.158368 -9.72831 0.0284073 0.999584 -0.00492398 -1.63841 0.158444 0.000360961 0.987368 117.035
0.986443 -0.0281653 -0.161668 -10.0603 0.0281477 0.999601 -0.00239945 -1.67016 0.161671 -0.00218367 0.986842 119.09
0.985864 -0.0300261 -0.164837 -10.4206 0.030695 0.999528 0.00151113 -1.70756 0.164714 -0.00654943 0.98632 121.199
0.985185 -0.0345266 -0.167983 -10.7691 0.0353916 0.999371 0.00215743 -1.73339 0.167802 -0.00807064 0.985788 123.24
0.98464 -0.0362733 -0.170785 -11.1199 0.0366425 0.999328 -0.000990852 -1.76366 0.170706 -0.00528236 0.985308 125.274
0.984153 -0.0395006 -0.172866 -11.4866 0.0398328 0.999205 -0.00154802 -1.80177 0.17279 -0.00536226 0.984944 127.307
0.983568 -0.0419315 -0.175601 -11.8631 0.0420493 0.999111 -0.00305146 -1.83577 0.175573 -0.0043826 0.984457 129.4
0.983056 -0.0441355 -0.177914 -12.2412 0.0439005 0.999022 -0.00525911 -1.87095 0.177972 -0.0026405 0.984032 131.475
0.982758 -0.0380007 -0.180949 -12.6244 0.0375562 0.999277 -0.00588358 -1.91637 0.181042 -0.00101364 0.983475 133.54
0.982779 -0.0273827 -0.182745 -13.0307 0.027603 0.999618 -0.00133823 -1.95182 0.182712 -0.00372914 0.983159 135.619
0.982686 -0.0191271 -0.184288 -13.4436 0.0201661 0.99979 0.00376518 -1.97693 0.184177 -0.00741635 0.982865 137.675
0.982354 -0.0205119 -0.185903 -13.8476 0.0216161 0.999759 0.00391446 -1.9919 0.185778 -0.00786388 0.98256 139.78
0.981778 -0.026612 -0.188161 -14.2456 0.0276324 0.999614 0.00280164 -1.99787 0.188014 -0.00794993 0.982134 141.904
0.981255 -0.0330657 -0.189856 -14.6397 0.0338698 0.999426 0.000991695 -2.02439 0.189715 -0.00740351 0.981811 143.952
0.981033 -0.0341452 -0.190811 -15.032 0.0344291 0.999405 -0.00182831 -2.05159 0.19076 -0.00477581 0.981625 146.058
0.981223 -0.0321182 -0.190183 -15.4559 0.0322669 0.999477 -0.00231542 -2.07503 0.190158 -0.00386469 0.981746 148.126
0.981337 -0.0289956 -0.190097 -15.8827 0.0294686 0.999566 -0.000338879 -2.11071 0.190025 -0.00526935 0.981765 150.175
0.981327 -0.0292066 -0.190115 -16.3111 0.0299666 0.99955 0.00112378 -2.12333 0.189997 -0.00679992 0.981761 152.262
0.98104 -0.031013 -0.19131 -16.7128 0.0315786 0.999501 -9.24182e-05 -2.1435 0.191218 -0.00595064 0.98153 154.321
0.980596 -0.0319125 -0.193423 -17.1256 0.0320496 0.999483 -0.00242075 -2.16416 0.1934 -0.00382534 0.981113 156.371
0.980348 -0.0292787 -0.195089 -17.5671 0.0298321 0.999555 -0.000101444 -2.1872 0.195005 -0.00572046 0.980786 158.472
0.980116 -0.0269513 -0.196585 -17.9947 0.0275783 0.99962 0.00045236 -2.20728 0.196498 -0.00586484 0.980487 160.571
0.979973 -0.0254776 -0.197496 -18.4336 0.0255221 0.999672 -0.00232032 -2.2352 0.19749 -0.00276666 0.980301 162.665
0.97972 -0.0267022 -0.198585 -18.869 0.0262541 0.999643 -0.00488967 -2.26346 0.198645 -0.000423163 0.980071 164.731
0.979258 -0.0286019 -0.200587 -19.2784 0.0281417 0.999591 -0.00514571 -2.30059 0.200652 -0.000605898 0.979662 166.8
0.978902 -0.0303681 -0.202061 -19.7175 0.0302029 0.999536 -0.00390135 -2.33407 0.202085 -0.00228378 0.979365 168.875
0.978507 -0.0326966 -0.203604 -20.1546 0.0329022 0.999456 -0.00237574 -2.36382 0.203571 -0.00437436 0.97905 170.955
0.978236 -0.033877 -0.20471 -20.5954 0.0340816 0.999416 -0.00252705 -2.3914 0.204676 -0.00450479 0.978819 173.041
0.97796 -0.0336821 -0.206056 -21.0414 0.0340552 0.999418 -0.00173638 -2.4313 0.205995 -0.00531918 0.978539 175.129
0.977693 -0.033477 -0.207355 -21.4864 0.0338405 0.999426 -0.00179499 -2.47281 0.207296 -0.00526206 0.978264 177.19
0.977398 -0.0331491 -0.208794 -21.9379 0.0334966 0.999437 -0.00187245 -2.50453 0.208739 -0.00516377 0.977958 179.262
0.977119 -0.033292 -0.21007 -22.4004 0.0335725 0.999434 -0.00223171 -2.54208 0.210026 -0.00487194 0.977684 181.33
0.976901 -0.0335185 -0.211046 -22.8741 0.0338818 0.999424 -0.0018956 -2.57047 0.210988 -0.0052988 0.977474 183.413
0.976562 -0.0347117 -0.212417 -23.3388 0.0350329 0.999384 -0.00225261 -2.6019 0.212365 -0.00524179 0.977176 185.463
0.976164 -0.0363511 -0.213967 -23.7979 0.0363537 0.999331 -0.0039239 -2.63504 0.213967 -0.00394812 0.976833 187.524
0.975807 -0.0370134 -0.21548 -24.26 0.0369413 0.999308 -0.00436306 -2.67752 0.215492 -0.00370261 0.976499 189.582
0.975574 -0.0370512 -0.216525 -24.7393 0.0370247 0.999306 -0.00418022 -2.70767 0.216529 -0.00393865 0.976268 191.662
0.975265 -0.0365854 -0.217989 -25.1973 0.0364985 0.999324 -0.00442654 -2.7589 0.218003 -0.00363922 0.975941 193.737
0.975051 -0.0369545 -0.218884 -25.6835 0.0368118 0.999311 -0.00473159 -2.7983 0.218908 -0.00344398 0.975739 195.801
0.974646 -0.0385807 -0.220402 -26.1629 0.0383179 0.999251 -0.00546934 -2.84486 0.220448 -0.00311465 0.975394 197.9
0.974216 -0.0404378 -0.221965 -26.6446 0.0404565 0.999171 -0.00446392 -2.88668 0.221961 -0.00463111 0.975044 199.979
0.973865 -0.0398717 -0.223601 -27.1295 0.0401389 0.999188 -0.00335171 -2.9191 0.223553 -0.00571098 0.974675 202.044
0.973614 -0.0384391 -0.224941 -27.6072 0.0389454 0.999239 -0.00218744 -2.95682 0.224854 -0.00663069 0.97437 204.093
0.973389 -0.0374202 -0.226084 -28.0942 0.0376497 0.999286 -0.00329824 -2.98942 0.226046 -0.00530151 0.974102 206.143
0.973078 -0.038239 -0.22728 -28.5827 0.0384013 0.999256 -0.00370945 -3.02463 0.227253 -0.00511828 0.973822 208.215
0.972763 -0.0390862 -0.228482 -29.0685 0.0394172 0.999218 -0.00311633 -3.0605 0.228425 -0.00597466 0.973543 210.309
0.972691 -0.0383473 -0.228913 -29.5645 0.0389065 0.999241 -0.00207162 -3.09848 0.228819 -0.00689116 0.973445 212.367
0.972648 -0.0380275 -0.229151 -30.0505 0.0382506 0.999262 -0.00346964 -3.12867 0.229114 -0.00539043 0.973385 214.411
0.9727 -0.0375662 -0.229005 -30.5532 0.0374747 0.999286 -0.00474999 -3.15832 0.22902 -0.00396157 0.973414 216.471
0.972702 -0.0370209 -0.229087 -31.0482 0.0369129 0.999307 -0.00475778 -3.19795 0.229104 -0.00382836 0.973394 218.516
0.972586 -0.0384607 -0.22934 -31.5645 0.0384252 0.999251 -0.0046222 -3.22452 0.229346 -0.00431695 0.973335 220.602
0.972544 -0.0391173 -0.229407 -32.0821 0.0392092 0.999222 -0.00415945 -3.25786 0.229391 -0.00494962 0.973322 222.668
0.972239 -0.0398379 -0.230575 -32.5749 0.0397452 0.999197 -0.0050489 -3.29044 0.230591 -0.00425552 0.973041 224.722
0.972087 -0.0401375 -0.231164 -33.0741 0.0402219 0.999181 -0.00434939 -3.32993 0.231149 -0.00506987 0.972905 226.774
0.97193 -0.0407248 -0.231717 -33.5865 0.0409183 0.999155 -0.00397334 -3.35232 0.231683 -0.00561964 0.972775 228.811
0.971642 -0.0418807 -0.232719 -34.0866 0.0417513 0.999113 -0.00548391 -3.39078 0.232742 -0.00438793 0.972529 230.879
0.971406 -0.0422958 -0.233628 -34.5765 0.0418016 0.999101 -0.00706886 -3.42484 0.233717 -0.00289931 0.9723 232.914
0.971386 -0.0429309 -0.233594 -35.0981 0.0420832 0.999077 -0.00861421 -3.48018 0.233748 -0.00146264 0.972296 234.99
0.971321 -0.0440504 -0.233654 -35.602 0.043587 0.999024 -0.00714883 -3.53506 0.233741 -0.00324048 0.972293 237.053
0.971219 -0.0443466 -0.234022 -36.1108 0.0441135 0.999007 -0.00623296 -3.5686 0.234066 -0.00426997 0.972211 239.116
0.971232 -0.043513 -0.234127 -36.6257 0.043619 0.999037 -0.00472802 -3.61341 0.234107 -0.00562038 0.972195 241.219
0.971174 -0.0436516 -0.234343 -37.1255 0.0437207 0.999032 -0.0049031 -3.6502 0.23433 -0.00548386 0.972142 243.27
0.971175 -0.0436576 -0.234336 -37.6322 0.0436605 0.999033 -0.00517809 -3.67919 0.234335 -0.00520238 0.972142 245.304
0.971037 -0.0452285 -0.234609 -38.1392 0.044898 0.998969 -0.00675261 -3.71273 0.234672 -0.00397644 0.972066 247.351
0.970855 -0.047337 -0.234946 -38.6532 0.0470903 0.998868 -0.0066635 -3.74617 0.234996 -0.00459439 0.971986 249.415
0.970679 -0.0475283 -0.235635 -39.1662 0.0475623 0.998853 -0.00554296 -3.77779 0.235628 -0.0058269 0.971826 251.479
0.970313 -0.0485948 -0.236918 -39.6735 0.0489272 0.998792 -0.00448002 -3.82521 0.23685 -0.00724473 0.971519 253.553
0.96996 -0.0501993 -0.23803 -40.1838 0.0505013 0.998712 -0.00483341 -3.86773 0.237966 -0.00733262 0.971246 255.622
0.969595 -0.0518257 -0.239164 -40.7002 0.0518306 0.998636 -0.00627341 -3.90125 0.239163 -0.00631334 0.970959 257.684
0.969222 -0.0529427 -0.240427 -41.2271 0.0527717 0.998581 -0.00715423 -3.93956 0.240464 -0.00575368 0.970641 259.743
0.969059 -0.0530531 -0.241061 -41.7751 0.0528484 0.998576 -0.00731924 -3.97338 0.241106 -0.00564693 0.970482 261.85
0.968813 -0.053159 -0.242023 -42.2987 0.0529569 0.99857 -0.00734458 -4.00998 0.242067 -0.00570126 0.970243 263.927
0.968701 -0.0541439 -0.242254 -42.8341 0.0535516 0.998524 -0.00903414 -4.03773 0.242386 -0.00422171 0.970171 265.985
0.968437 -0.0545386 -0.243218 -43.3686 0.0539887 0.998502 -0.00893127 -4.09034 0.243341 -0.00448166 0.969931 268.039
0.968107 -0.0545199 -0.244532 -43.9085 0.0543713 0.998494 -0.00736309 -4.12758 0.244565 -0.00616725 0.969613 270.159
0.967897 -0.053665 -0.245553 -44.4476 0.0537927 0.998533 -0.00619251 -4.17941 0.245525 -0.00721524 0.969363 272.259
0.967631 -0.053994 -0.246525 -44.9845 0.0540701 0.998516 -0.00646606 -4.2109 0.246509 -0.00707288 0.969115 274.337
0.967357 -0.0549981 -0.247377 -45.5168 0.054646 0.998471 -0.00829457 -4.24667 0.247455 -0.00549437 0.968884 276.413
0.967153 -0.0564402 -0.247849 -46.0676 0.0559759 0.998392 -0.00892562 -4.29637 0.247954 -0.00524112 0.968758 278.495
0.967044 -0.0574144 -0.248053 -46.6131 0.0569527 0.998336 -0.00904302 -4.33152 0.24816 -0.0053823 0.968704 280.572
0.967078 -0.057448 -0.247912 -47.1644 0.0576546 0.998316 -0.00643263 -4.38661 0.247864 -0.00807242 0.968761 282.659
0.96728 -0.0575745 -0.247091 -47.7126 0.0581269 0.998296 -0.00506449 -4.43505 0.246962 -0.00946386 0.968979 284.717
0.967416 -0.0590677 -0.246206 -48.2588 0.0598235 0.998199 -0.00441554 -4.47656 0.246023 -0.0104572 0.969208 286.795
0.96728 -0.0622363 -0.245958 -48.7992 0.0631285 0.997996 -0.00426347 -4.49988 0.24573 -0.011403 0.969271 288.888
0.967145 -0.0642539 -0.245972 -49.3325 0.0652524 0.99786 -0.00409757 -4.53095 0.245709 -0.0120873 0.969268 290.964
0.966979 -0.0634859 -0.246823 -49.8567 0.0642259 0.997923 -0.00505999 -4.57275 0.246631 -0.0109595 0.969047 293.026
0.96684 -0.0638002 -0.247285 -50.3945 0.0641524 0.997918 -0.00664134 -4.6165 0.247194 -0.00944279 0.96892 295.115
0.966657 -0.0634084 -0.248102 -50.931 0.0638223 0.997941 -0.00638302 -4.66575 0.247996 -0.00966423 0.968713 297.157
0.966382 -0.0634604 -0.249156 -51.4781 0.0638971 0.997936 -0.00634309 -4.70336 0.249044 -0.0097905 0.968443 299.229
0.96608 -0.0637524 -0.25025 -52.02 0.0641837 0.997917 -0.00644578 -4.74525 0.25014 -0.00983485 0.96816 301.308
0.965926 -0.062965 -0.251042 -52.5563 0.0636977 0.997956 -0.00521408 -4.80329 0.250857 -0.0109544 0.967962 303.382
0.965843 -0.0616909 -0.251677 -53.1038 0.0626424 0.998027 -0.0042374 -4.8418 0.251441 -0.011673 0.967802 305.441
0.965874 -0.0617219 -0.25155 -53.6514 0.0625568 0.99803 -0.00468425 -4.87784 0.251343 -0.0112117 0.967833 307.498
0.965986 -0.0623912 -0.250954 -54.2032 0.0627111 0.998009 -0.0067301 -4.91139 0.250874 -0.0092364 0.967976 309.568
0.965927 -0.0627786 -0.251086 -54.7457 0.0631647 0.997982 -0.00652915 -4.94323 0.250989 -0.00955309 0.967943 311.639
0.965909 -0.0629701 -0.251108 -55.2824 0.0637057 0.997955 -0.0052066 -4.97676 0.250922 -0.0109679 0.967945 313.719
0.966014 -0.0627056 -0.25077 -55.8327 0.0634379 0.997972 -0.0051704 -5.00981 0.250586 -0.0109137 0.968033 315.778
0.966201 -0.0625915 -0.250076 -56.3843 0.0632329 0.997984 -0.0054767 -5.05485 0.249914 -0.0105214 0.968211 317.87
0.966124 -0.0649758 -0.249766 -56.925 0.065226 0.997844 -0.00728373 -5.09371 0.2497 -0.00925423 0.968279 319.908
0.966124 -0.0665827 -0.249343 -57.4843 0.0669117 0.997733 -0.00716605 -5.1385 0.249255 -0.00976068 0.968389 321.984
0.966109 -0.067423 -0.249174 -58.0348 0.0677968 0.997674 -0.00709163 -5.18688 0.249073 -0.0100419 0.968433 324.062
0.966199 -0.0678232 -0.248715 -58.5838 0.0678547 0.997659 -0.00845671 -5.22785 0.248707 -0.00870563 0.96854 326.163
0.966322 -0.067623 -0.24829 -59.1227 0.0685869 0.997634 -0.00477645 -5.25664 0.248026 -0.0124139 0.968674 328.223
0.966249 -0.0689691 -0.248204 -59.6639 0.0703371 0.997518 -0.00336283 -5.29078 0.24782 -0.0142086 0.968702 330.305
0.966329 -0.0688501 -0.247926 -60.2114 0.0698635 0.997545 -0.00471928 -5.3263 0.247642 -0.0127606 0.968767 332.384
0.966401 -0.0686656 -0.247699 -60.75 0.0696595 0.997559 -0.0047599 -5.35823 0.247421 -0.0126546 0.968825 334.506
0.966577 -0.0675544 -0.247315 -61.296 0.0690115 0.997612 -0.00278219 -5.40142 0.246913 -0.0143784 0.968931 336.589
0.966718 -0.0663033 -0.247105 -61.8375 0.0672952 0.997723 -0.00443878 -5.4448 0.246837 -0.0123379 0.968979 338.676
0.96685 -0.0663573 -0.246571 -62.3784 0.0665387 0.997755 -0.00760577 -5.49576 0.246522 -0.00905286 0.969095 340.744
0.96698 -0.0654069 -0.246315 -62.9216 0.0653486 0.997827 -0.00842 -5.54093 0.246331 -0.00795439 0.969153 342.848
0.966962 -0.0652111 -0.246438 -63.4556 0.065486 0.997828 -0.00708866 -5.59883 0.246365 -0.00928377 0.969133 344.949
0.966889 -0.0658387 -0.246557 -63.9948 0.0664987 0.99777 -0.00565782 -5.64818 0.24638 -0.0109252 0.969112 347.022
0.966831 -0.0670714 -0.246454 -64.5347 0.0678122 0.997683 -0.00549023 -5.68129 0.246251 -0.0114044 0.969139 349.136
0.966864 -0.0676961 -0.246154 -65.0697 0.0684372 0.99764 -0.00555312 -5.72686 0.245949 -0.011477 0.969215 351.178
0.966913 -0.0676984 -0.245962 -65.6115 0.068141 0.997653 -0.00672073 -5.76047 0.245839 -0.0102617 0.969256 353.28
0.967112 -0.0677045 -0.245175 -66.1432 0.067776 0.997667 -0.00815588 -5.79215 0.245155 -0.00872932 0.969445 355.373
0.967011 -0.0694821 -0.245075 -66.6698 0.069399 0.997549 -0.00898568 -5.83584 0.245098 -0.00831868 0.969463 357.452
0.966951 -0.0707119 -0.244962 -67.2077 0.0706507 0.99746 -0.00904852 -5.87808 0.24498 -0.00855729 0.96949 359.552
0.966881 -0.0715872 -0.244984 -67.7352 0.0715347 0.997396 -0.00912437 -5.91625 0.245 -0.0087027 0.969484 361.621
0.9668 -0.0727261 -0.244968 -68.2727 0.0730459 0.997298 -0.00779215 -5.96322 0.244873 -0.0103605 0.9695 363.674
0.966693 -0.0731017 -0.245277 -68.8036 0.0733632 0.997273 -0.00808331 -6.01074 0.245199 -0.0101803 0.969419 365.728
0.966655 -0.0743824 -0.245041 -69.3531 0.0743113 0.997189 -0.00954946 -6.05798 0.245062 -0.00897824 0.969466 367.841
0.966599 -0.0743713 -0.245266 -69.8776 0.0742837 0.997191 -0.00962136 -6.09926 0.245293 -0.00891929 0.969408 369.929
0.966622 -0.0740955 -0.245258 -70.4163 0.0743442 0.997198 -0.00825747 -6.14686 0.245182 -0.0102516 0.969423 372.027
0.966752 -0.0746908 -0.244565 -70.9689 0.0750216 0.99715 -0.00797587 -6.18337 0.244464 -0.010637 0.9696 374.119
0.966781 -0.0754459 -0.244217 -71.5066 0.0756581 0.997097 -0.00852554 -6.22667 0.244152 -0.0102347 0.969683 376.22
0.966823 -0.0766389 -0.24368 -72.0403 0.0765429 0.997017 -0.00987728 -6.25689 0.24371 -0.00910236 0.969806 378.311
0.966822 -0.0770098 -0.243566 -72.5718 0.0768962 0.996989 -0.00998897 -6.29526 0.243602 -0.00907172 0.969833 380.38
0.96695 -0.0769279 -0.243083 -73.1099 0.0769687 0.99699 -0.00934423 -6.34888 0.24307 -0.0096744 0.96996 382.492
0.967084 -0.0768529 -0.242575 -73.6398 0.076848 0.996998 -0.00949692 -6.39941 0.242577 -0.00945708 0.970086 384.605
0.967104 -0.077563 -0.242267 -74.1718 0.0772064 0.996955 -0.01098 -6.44434 0.242381 -0.00808576 0.970147 386.721
0.967178 -0.0778782 -0.241873 -74.6954 0.0775084 0.99693 -0.0110585 -6.48973 0.241992 -0.00805169 0.970245 388.773
0.966993 -0.0800379 -0.241906 -75.2289 0.0799367 0.996747 -0.0102491 -6.54763 0.24194 -0.00942633 0.970245 390.901
0.966854 -0.0805997 -0.242275 -75.7581 0.0808037 0.996688 -0.00911142 -6.59661 0.242207 -0.0107673 0.970165 393.045
0.96675 -0.0815053 -0.242386 -76.2786 0.0815081 0.996622 -0.0100339 -6.63905 0.242385 -0.0100562 0.970128 395.147
0.966622 -0.0822373 -0.242648 -76.8045 0.0818417 0.996576 -0.0117277 -6.682 0.242782 -0.00852249 0.970044 397.215
0.966387 -0.0838227 -0.243044 -77.3477 0.0833786 0.996444 -0.0121324 -6.74018 0.243197 -0.00854013 0.969939 399.356
0.966343 -0.0836529 -0.243275 -77.8924 0.0834795 0.996448 -0.0110404 -6.7924 0.243334 -0.0096397 0.969895 401.411
0.966295 -0.082751 -0.243773 -78.4315 0.0831528 0.996499 -0.00866053 -6.84758 0.243637 -0.0119018 0.969794 403.54
0.966241 -0.0822982 -0.244142 -78.9674 0.0832405 0.996508 -0.00647339 -6.89994 0.243822 -0.0140677 0.969718 405.653
0.966018 -0.0833043 -0.244681 -79.5051 0.0842515 0.996423 -0.006612 -6.95761 0.244357 -0.0142274 0.969581 407.695
0.965722 -0.0830442 -0.245936 -80.0273 0.083435 0.996474 -0.00884951 -6.99601 0.245804 -0.0119735 0.969246 409.751
0.965383 -0.0842383 -0.246861 -80.5634 0.0842837 0.996387 -0.0104025 -7.0439 0.246845 -0.010764 0.968995 411.82
0.964922 -0.0851815 -0.248335 -81.1013 0.0854455 0.996295 -0.0097355 -7.103 0.248244 -0.0118251 0.968625 413.89
0.964462 -0.0873548 -0.249365 -81.6501 0.0877685 0.996096 -0.00948178 -7.15517 0.24922 -0.0127416 0.968363 415.97
0.963981 -0.0877329 -0.251085 -82.1927 0.0880916 0.996064 -0.00983309 -7.21139 0.250959 -0.0126395 0.967915 418.022
0.963574 -0.0883089 -0.25244 -82.7425 0.0883311 0.996027 -0.011268 -7.25459 0.252432 -0.0114408 0.967547 420.113
0.963306 -0.0874177 -0.25377 -83.3015 0.0876888 0.996095 -0.0102658 -7.30681 0.253677 -0.0123637 0.96721 422.207
0.962956 -0.0866456 -0.255361 -83.8602 0.0870866 0.996154 -0.00960181 -7.36249 0.255211 -0.0129924 0.966798 424.307
0.962634 -0.0864259 -0.256644 -84.4226 0.0867944 0.996177 -0.00991369 -7.42042 0.25652 -0.012732 0.966455 426.39
0.962278 -0.0872265 -0.257705 -84.9937 0.0872422 0.996122 -0.0113967 -7.45743 0.257699 -0.0115159 0.966156 428.485
0.961795 -0.0879645 -0.259253 -85.5524 0.0882889 0.99604 -0.0104158 -7.52102 0.259143 -0.0128713 0.965753 430.537
0.961315 -0.0891148 -0.260637 -86.1178 0.0894593 0.995934 -0.0105662 -7.56574 0.260519 -0.013159 0.965379 432.617
0.960881 -0.0893989 -0.262135 -86.689 0.090186 0.995884 -0.0090521 -7.60641 0.261865 -0.0149429 0.964989 434.703
0.960493 -0.0891593 -0.263634 -87.2728 0.090323 0.995883 -0.00772862 -7.66449 0.263238 -0.0163889 0.964592 436.814
0.960179 -0.0897079 -0.26459 -87.8588 0.0904914 0.995854 -0.00925224 -7.73394 0.264323 -0.0150593 0.964317 438.886
0.959779 -0.0894557 -0.266124 -88.429 0.0893727 0.99592 -0.0124484 -7.75879 0.266152 -0.0118366 0.963858 440.997
0.959445 -0.0894333 -0.267333 -89.0149 0.0893385 0.995922 -0.012543 -7.79511 0.267365 -0.0118488 0.963522 443.063
0.959075 -0.0894204 -0.268663 -89.6154 0.0892614 0.995926 -0.0128327 -7.85013 0.268716 -0.0116738 0.963149 445.168
0.958814 -0.088525 -0.269888 -90.2193 0.0883057 0.996009 -0.0129793 -7.8957 0.26996 -0.011388 0.962804 447.276
0.958599 -0.0857669 -0.271536 -90.8119 0.0862917 0.996219 -0.01003 -7.94003 0.271369 -0.0138165 0.962376 449.318
0.958315 -0.0839681 -0.273097 -91.3922 0.0846613 0.996367 -0.0092674 -7.98462 0.272883 -0.0142396 0.961942 451.37
0.957889 -0.0847721 -0.27434 -91.989 0.0851694 0.996311 -0.0104855 -8.03862 0.274217 -0.0133215 0.961575 453.437
0.957473 -0.0858626 -0.275451 -92.5983 0.0864956 0.996203 -0.00987275 -8.10369 0.275253 -0.0143724 0.961264 455.478
0.956874 -0.0879746 -0.276861 -93.1838 0.0891529 0.995983 -0.00835475 -8.16162 0.276484 -0.0166885 0.960874 457.537
0.956524 -0.0896838 -0.277522 -93.7888 0.09047 0.995849 -0.00999841 -8.20793 0.277267 -0.0155437 0.960667 459.619
0.956587 -0.0892393 -0.277447 -94.3859 0.0889485 0.995943 -0.013661 -8.25215 0.27754 -0.0116105 0.960644 461.659
0.956913 -0.087725 -0.276806 -94.9914 0.0868368 0.996102 -0.01549 -8.3016 0.277086 -0.00921437 0.960801 463.682
0.95713 -0.086297 -0.276504 -95.5924 0.0861042 0.996203 -0.0128622 -8.38505 0.276564 -0.0114974 0.960927 465.743
0.957287 -0.0864104 -0.275927 -96.1986 0.0865984 0.996177 -0.0115265 -8.44326 0.275868 -0.0128607 0.961109 467.813
0.957194 -0.0882554 -0.275663 -96.7968 0.0885542 0.996006 -0.0113886 -8.50463 0.275567 -0.0135099 0.961187 469.885
0.957187 -0.0901511 -0.275074 -97.3994 0.0904798 0.995832 -0.0115215 -8.5599 0.274967 -0.0138604 0.961354 471.932
0.956933 -0.0930539 -0.274992 -97.9988 0.0930895 0.995574 -0.0129514 -8.6137 0.27498 -0.0132052 0.961359 473.997
0.956681 -0.0942405 -0.275463 -98.6008 0.0944097 0.995453 -0.0126769 -8.66215 0.275405 -0.0138786 0.961228 476.077
0.956275 -0.0956364 -0.27639 -99.2112 0.0959593 0.995308 -0.012389 -8.72454 0.276278 -0.0146749 0.960966 478.089
0.955953 -0.095013 -0.277716 -99.813 0.0956116 0.995353 -0.0114191 -8.79455 0.27751 -0.0156367 0.960595 480.208
0.955702 -0.0937315 -0.279012 -100.419 0.0945528 0.995464 -0.0105445 -8.83931 0.278734 -0.016304 0.96023 482.248
0.955352 -0.0932293 -0.280375 -101.023 0.0940114 0.995514 -0.0106896 -8.89458 0.280113 -0.0161461 0.959831 484.304
0.9551 -0.0927347 -0.281398 -101.62 0.0928983 0.995593 -0.0127896 -8.94187 0.281344 -0.013926 0.959506 486.306
0.954468 -0.0941417 -0.28307 -102.231 0.0938148 0.995481 -0.0147422 -9.01551 0.283179 -0.0124852 0.958986 488.409
0.954086 -0.0930254 -0.28472 -102.847 0.0927682 0.995583 -0.0144201 -9.07106 0.284804 -0.0126549 0.958502 490.448
0.953663 -0.0922551 -0.286386 -103.468 0.092344 0.995639 -0.0132261 -9.11882 0.286357 -0.0138327 0.958023 492.473
0.953174 -0.0921104 -0.288054 -104.099 0.0924446 0.99564 -0.0124732 -9.17944 0.287947 -0.0147399 0.957533 494.538
0.952695 -0.0934908 -0.28919 -104.729 0.0936086 0.995518 -0.0134557 -9.23235 0.289152 -0.0142516 0.957177 496.524
0.952331 -0.0927513 -0.290626 -105.372 0.0927431 0.995594 -0.0138338 -9.28489 0.290628 -0.0137792 0.956737 498.576
0.951843 -0.0926471 -0.292254 -105.996 0.0930227 0.995584 -0.0126431 -9.34322 0.292134 -0.015152 0.956257 500.625
0.951385 -0.093345 -0.293518 -106.648 0.0939097 0.995506 -0.0122007 -9.40188 0.293338 -0.0159567 0.955876 502.652
0.951054 -0.092832 -0.294751 -107.282 0.0928291 0.995583 -0.0140338 -9.42255 0.294752 -0.0140146 0.955471 504.683
0.950476 -0.0937705 -0.296315 -107.91 0.093701 0.995495 -0.0144693 -9.47947 0.296337 -0.0140123 0.954981 506.708
0.949967 -0.0940251 -0.297863 -108.549 0.094106 0.995462 -0.0141032 -9.52849 0.297837 -0.0146331 0.954504 508.729
0.949471 -0.0955905 -0.298943 -109.199 0.0955194 0.995316 -0.0148853 -9.58397 0.298965 -0.0144216 0.954155 510.777
0.949039 -0.0958194 -0.300238 -109.848 0.0956545 0.995297 -0.0152842 -9.6419 0.300291 -0.0142138 0.953742 512.808
0.948695 -0.0954154 -0.301453 -110.486 0.0951212 0.995342 -0.0156903 -9.7216 0.301546 -0.0137892 0.953352 514.801
0.948554 -0.0946642 -0.302133 -111.146 0.0941943 0.995423 -0.0161602 -9.78912 0.30228 -0.0131303 0.953129 516.871
0.948348 -0.0940673 -0.302965 -111.796 0.093891 0.995467 -0.0151817 -9.84126 0.30302 -0.0140482 0.952881 518.876
0.948187 -0.0947759 -0.303247 -112.455 0.0952451 0.995365 -0.013278 -9.8984 0.3031 -0.0162928 0.952819 520.932
0.947934 -0.0962038 -0.303589 -113.115 0.0966038 0.995228 -0.013738 -9.95211 0.303462 -0.0163052 0.952704 522.96
0.947751 -0.0972711 -0.303818 -113.762 0.0974114 0.995135 -0.0147328 -10.0075 0.303773 -0.0156323 0.952616 524.999
0.947812 -0.0973178 -0.303615 -114.414 0.0973716 0.995135 -0.0150004 -10.0682 0.303597 -0.0153458 0.952677 527.002
0.947788 -0.0977644 -0.303547 -115.076 0.098252 0.995067 -0.0137052 -10.1291 0.303389 -0.0168345 0.952718 529.053
0.947827 -0.0975364 -0.303496 -115.739 0.0986295 0.995055 -0.0117639 -10.1727 0.303142 -0.0187835 0.95276 531.095
0.947833 -0.0973822 -0.303527 -116.389 0.0988271 0.995048 -0.0106361 -10.2223 0.30306 -0.0199155 0.952763 533.111
0.947996 -0.0964203 -0.303326 -117.048 0.0974392 0.995171 -0.0118115 -10.2759 0.303 -0.0183585 0.952814 535.106
0.947924 -0.0971241 -0.303325 -117.701 0.0976509 0.99513 -0.0134685 -10.3262 0.303156 -0.0168528 0.952792 537.092
0.947692 -0.097728 -0.303856 -118.339 0.0982827 0.995067 -0.0135068 -10.3843 0.303677 -0.0170634 0.952622 539.079
0.947403 -0.0980563 -0.30465 -118.988 0.0988484 0.995019 -0.0128627 -10.4412 0.304394 -0.017928 0.952377 541.083
0.947006 -0.0992253 -0.305505 -119.63 0.100422 0.994875 -0.0118376 -10.5119 0.305114 -0.0194692 0.952117 543.088
0.946655 -0.0999978 -0.30634 -120.283 0.101138 0.994798 -0.0121926 -10.576 0.305965 -0.0194403 0.951844 545.143
0.946228 -0.10094 -0.307348 -120.921 0.10205 0.994701 -0.012501 -10.6359 0.306981 -0.0195361 0.951515 547.122
0.945874 -0.101929 -0.308113 -121.554 0.102944 0.994602 -0.0130061 -10.6963 0.307776 -0.0194161 0.951261 549.096
0.945538 -0.102264 -0.309031 -122.204 0.103046 0.99458 -0.0138366 -10.7544 0.308771 -0.0187613 0.950951 551.105
0.945209 -0.103731 -0.309547 -122.867 0.10456 0.994421 -0.0139602 -10.8043 0.309268 -0.019171 0.950782 553.119
0.944716 -0.1054 -0.310487 -123.515 0.106405 0.994228 -0.0137498 -10.8551 0.310144 -0.0200477 0.950478 555.106
0.944373 -0.105879 -0.311368 -124.17 0.107269 0.994149 -0.0127115 -10.9195 0.310892 -0.0213956 0.950204 557.098
0.944356 -0.10477 -0.311793 -124.837 0.106305 0.99426 -0.0121199 -10.9869 0.311273 -0.0216997 0.950073 559.062
0.944319 -0.104608 -0.31196 -125.5 0.10566 0.99431 -0.0135774 -11.0441 0.311605 -0.0201404 0.949998 561.066
0.944382 -0.104185 -0.31191 -126.146 0.105028 0.994369 -0.0141459 -11.1094 0.311628 -0.0194002 0.950006 562.999
0.944333 -0.104231 -0.312042 -126.786 0.105507 0.994336 -0.0128389 -11.1579 0.311613 -0.0207985 0.949982 564.911
0.944127 -0.105452 -0.312257 -127.449 0.10672 0.994203 -0.013077 -11.2221 0.311826 -0.0209777 0.949908 566.945
0.944016 -0.106924 -0.312092 -128.099 0.107806 0.994067 -0.0144781 -11.2795 0.311788 -0.0199778 0.949942 568.885
0.944089 -0.105653 -0.312304 -128.748 0.106427 0.994213 -0.0146146 -11.33 0.312041 -0.0194402 0.94987 570.859
0.944134 -0.104286 -0.312626 -129.391 0.105403 0.99434 -0.0133736 -11.397 0.312251 -0.0203254 0.949782 572.78
0.944203 -0.106543 -0.311657 -130.042 0.106444 0.994167 -0.0173784 -11.4588 0.311691 -0.0167654 0.950036 574.728
0.943727 -0.108855 -0.312298 -130.707 0.108793 0.993907 -0.0176781 -11.5274 0.31232 -0.0172926 0.94982 576.71
0.943478 -0.111095 -0.31226 -131.39 0.111521 0.993624 -0.0165528 -11.6066 0.312108 -0.0192063 0.949852 578.723
0.943464 -0.110764 -0.31242 -132.036 0.112026 0.993607 -0.0139673 -11.6631 0.31197 -0.0218213 0.949841 580.637
0.943591 -0.109558 -0.312464 -132.69 0.110668 0.993755 -0.0142359 -11.7131 0.312072 -0.0211469 0.949823 582.546
0.943807 -0.107879 -0.312395 -133.323 0.109161 0.993933 -0.013436 -11.7526 0.311949 -0.0214203 0.949857 584.487
0.943924 -0.106369 -0.31256 -133.971 0.107549 0.994108 -0.0135158 -11.7991 0.312156 -0.0208575 0.949802 586.447
0.944056 -0.105767 -0.312364 -134.609 0.106744 0.994188 -0.0140216 -11.8594 0.312031 -0.0201058 0.949859 588.349
0.943944 -0.106906 -0.312314 -135.254 0.10738 0.994094 -0.0157337 -11.928 0.312151 -0.0186846 0.949849 590.292
0.943684 -0.108059 -0.312704 -135.89 0.108639 0.993958 -0.0156203 -11.995 0.312503 -0.0192314 0.949722 592.159
0.943354 -0.109688 -0.313132 -136.526 0.110509 0.993759 -0.0151848 -12.0492 0.312843 -0.0202791 0.949588 594.118
0.943108 -0.10975 -0.313851 -137.151 0.110586 0.99375 -0.0151966 -12.1097 0.313557 -0.0203753 0.949351 596.043
0.943132 -0.109591 -0.313835 -137.781 0.110391 0.993771 -0.0152812 -12.1689 0.313555 -0.0202324 0.949354 597.898
0.94298 -0.109751 -0.314236 -138.403 0.11047 0.993757 -0.0155752 -12.2269 0.313983 -0.0200267 0.949217 599.778
0.942744 -0.110596 -0.314646 -139.021 0.111276 0.993663 -0.0158603 -12.2788 0.314407 -0.0200603 0.949076 601.596
0.942206 -0.112163 -0.315702 -139.651 0.112836 0.993481 -0.0162092 -12.3622 0.315462 -0.0203502 0.94872 603.508
0.941264 -0.115881 -0.317166 -140.26 0.116102 0.993069 -0.0182699 -12.4347 0.317085 -0.019627 0.948194 605.353
0.940411 -0.117604 -0.319055 -140.881 0.117813 0.992859 -0.0187162 -12.509 0.318978 -0.0199881 0.947551 607.192
0.939309 -0.119368 -0.321635 -141.5 0.12012 0.992604 -0.0175837 -12.5782 0.321355 -0.0221181 0.9467 609.028
0.938103 -0.120586 -0.324686 -142.126 0.121532 0.992434 -0.0174429 -12.6387 0.324333 -0.0230966 0.945661 610.863
0.936792 -0.121383 -0.328156 -142.753 0.122311 0.99233 -0.0178933 -12.699 0.327811 -0.0233749 0.944454 612.7
0.935226 -0.121441 -0.332571 -143.394 0.122545 0.992304 -0.0177385 -12.7612 0.332166 -0.0241654 0.942911 614.566
0.933663 -0.121326 -0.336976 -144.042 0.122283 0.992323 -0.0184682 -12.8198 0.33663 -0.0239633 0.941332 616.401
0.932109 -0.121131 -0.34132 -144.709 0.122107 0.992341 -0.0187107 -12.8856 0.340973 -0.024237 0.939761 618.193
0.930315 -0.12155 -0.346035 -145.358 0.122651 0.992272 -0.0188038 -12.9516 0.345647 -0.0249481 0.938033 619.956
0.928739 -0.121177 -0.35037 -146.034 0.122544 0.992293 -0.0183557 -13.0096 0.349894 -0.0258882 0.936431 621.738
0.927396 -0.121323 -0.353861 -146.722 0.121975 0.99232 -0.0205506 -13.0802 0.353636 -0.0241036 0.935072 623.571
0.926213 -0.122624 -0.3565 -147.412 0.121829 0.992242 -0.0247791 -13.1499 0.356772 -0.0204812 0.933967 625.391
0.92516 -0.123544 -0.358909 -148.097 0.121568 0.992183 -0.0281644 -13.2311 0.359583 -0.0175752 0.932947 627.141
0.924207 -0.124292 -0.361101 -148.795 0.122167 0.992091 -0.0288067 -13.3213 0.361825 -0.0174912 0.932082 628.865
0.923302 -0.125439 -0.363012 -149.498 0.123351 0.991938 -0.0290292 -13.4068 0.363727 -0.017975 0.931332 630.635
0.922433 -0.128365 -0.364197 -150.183 0.126488 0.991541 -0.0291101 -13.4969 0.364853 -0.0192146 0.930867 632.378
0.92178 -0.129481 -0.365454 -150.873 0.127649 0.991387 -0.0292817 -13.5775 0.366098 -0.0196587 0.930369 634.115
0.921315 -0.129487 -0.366622 -151.572 0.129059 0.991301 -0.0257957 -13.661 0.366773 -0.0235498 0.930012 635.911
0.921369 -0.129056 -0.366639 -152.28 0.128482 0.991369 -0.0260823 -13.7367 0.36684 -0.0230752 0.929998 637.633
0.922113 -0.127472 -0.365321 -152.979 0.126152 0.991627 -0.0275875 -13.7991 0.365779 -0.0206473 0.930473 639.393
0.923529 -0.125168 -0.36253 -153.669 0.122829 0.991986 -0.0295954 -13.8672 0.363329 -0.0171969 0.931502 641.131
0.925225 -0.123513 -0.358753 -154.334 0.120966 0.992214 -0.0296302 -13.9684 0.35962 -0.0159825 0.932962 642.845
0.926911 -0.123715 -0.354304 -155.006 0.121129 0.992197 -0.0295601 -14.059 0.355196 -0.0155169 0.934663 644.604
0.929012 -0.124714 -0.3484 -155.675 0.121842 0.992089 -0.0302385 -14.1437 0.349415 -0.0143578 0.936858 646.356
0.931094 -0.125775 -0.34241 -156.3 0.122574 0.991973 -0.0310669 -14.2248 0.343569 -0.0130444 0.939037 648.062
0.93301 -0.128056 -0.336293 -156.931 0.124688 0.99169 -0.0316889 -14.3049 0.337556 -0.0123657 0.941224 649.814
0.934577 -0.130921 -0.330796 -157.542 0.127978 0.9913 -0.0307654 -14.3944 0.331945 -0.013582 0.943201 651.561
0.935812 -0.135002 -0.325625 -158.143 0.132638 0.990724 -0.0295578 -14.4687 0.326594 -0.0155298 0.945037 653.282
0.937252 -0.137533 -0.320379 -158.748 0.135363 0.990367 -0.0291497 -14.5465 0.321302 -0.0160471 0.946841 655.057
0.938656 -0.139955 -0.31518 -159.324 0.137915 0.990023 -0.0288839 -14.6324 0.316077 -0.0163561 0.948592 656.778
0.939745 -0.143252 -0.310416 -159.904 0.141143 0.989553 -0.0293723 -14.7091 0.311381 -0.0162105 0.950147 658.526
0.940794 -0.145929 -0.30596 -160.475 0.143664 0.989171 -0.0300371 -14.7881 0.30703 -0.0156969 0.95157 660.271
0.941546 -0.149251 -0.302018 -161.027 0.147407 0.98865 -0.0290248 -14.863 0.302922 -0.0171913 0.95286 661.997
0.942503 -0.151534 -0.297869 -161.582 0.149907 0.988291 -0.0284431 -14.9285 0.298691 -0.0178449 0.954183 663.74
0.942944 -0.155874 -0.294211 -162.126 0.154701 0.987581 -0.0274085 -15.0048 0.294829 -0.01967 0.955348 665.516
0.943839 -0.158465 -0.289924 -162.675 0.157176 0.987177 -0.0278817 -15.0948 0.290625 -0.0192533 0.956643 667.271
0.944713 -0.160845 -0.285739 -163.197 0.159214 0.986815 -0.02909 -15.1821 0.286651 -0.0180121 0.957866 668.99
0.945237 -0.16314 -0.282687 -163.704 0.161519 0.986438 -0.0291958 -15.2587 0.283616 -0.0180622 0.958768 670.745
0.945864 -0.164824 -0.279598 -164.232 0.163951 0.986108 -0.0266798 -15.3389 0.280111 -0.0206048 0.959746 672.526
0.946807 -0.16457 -0.276538 -164.744 0.16379 0.98615 -0.026083 -15.4128 0.277 -0.0205986 0.960649 674.261
0.947184 -0.167565 -0.273431 -165.251 0.166698 0.98565 -0.0265743 -15.4833 0.27396 -0.0204097 0.961524 676.032
0.947827 -0.168519 -0.2706 -165.755 0.167302 0.985515 -0.0277334 -15.5507 0.271355 -0.0189856 0.962292 677.784
0.947881 -0.170618 -0.269094 -166.225 0.169903 0.985114 -0.0261276 -15.6266 0.269546 -0.020954 0.962759 679.518
0.948113 -0.172826 -0.266859 -166.713 0.172378 0.984706 -0.0252894 -15.6905 0.267149 -0.0220235 0.963404 681.267
0.948455 -0.174376 -0.264626 -167.187 0.17384 0.98444 -0.0256309 -15.7556 0.264978 -0.0216929 0.964011 683.008
0.949202 -0.174265 -0.262007 -167.652 0.173024 0.98452 -0.0279832 -15.8506 0.262828 -0.018772 0.96466 684.752
0.950078 -0.173583 -0.259268 -168.127 0.172297 0.984651 -0.0278595 -15.9284 0.260125 -0.0182025 0.965403 686.531
0.950971 -0.171929 -0.257087 -168.61 0.171146 0.984913 -0.0255953 -16.0019 0.257609 -0.0196592 0.966049 688.297
0.951749 -0.170876 -0.254903 -169.081 0.170291 0.985088 -0.0245327 -16.0765 0.255294 -0.0200586 0.966655 690.078
0.952095 -0.172142 -0.252748 -169.556 0.171751 0.984853 -0.023785 -16.1449 0.253014 -0.0207641 0.96724 691.869
0.952494 -0.172807 -0.250784 -170.013 0.172093 0.984765 -0.0249487 -16.2113 0.251274 -0.0193946 0.967722 693.605
0.952574 -0.174764 -0.24912 -170.46 0.173778 0.984438 -0.0261235 -16.2817 0.249808 -0.018407 0.96812 695.348
0.952786 -0.175492 -0.247793 -170.919 0.17435 0.984321 -0.0267244 -16.3539 0.248597 -0.0177399 0.968444 697.135
0.953047 -0.175915 -0.246486 -171.356 0.175025 0.984229 -0.0256949 -16.431 0.247119 -0.0186527 0.968806 698.87
