0.99999 -0.000119259 0.00444524 -0.00710084 0.00011655 1 0.000609687 -0.0177112 -0.00444531 -0.000609163 0.99999 0.859964
0.999954 0.00089818 0.00956597 -0.00278731 -0.000913481 0.999998 0.0015953 -0.0310404 -0.00956452 -0.00160397 0.999953 1.72806
0.999893 -5.23609e-05 0.0146051 0.000613918 3.68303e-05 0.999999 0.00106363 -0.0421678 -0.0146051 -0.00106298 0.999893 2.58624
0.999803 -0.000760412 0.0198106 0.0152675 0.000765725 1 -0.000260564 -0.0622376 -0.0198104 0.000275682 0.999804 3.45661
0.99966 -0.00192209 0.0260077 0.0363381 0.00199414 0.999994 -0.00274452 -0.0773046 -0.0260022 0.00279545 0.999658 4.33069
0.999496 -0.00381286 0.0315239 0.0609621 0.0039472 0.999983 -0.00420061 -0.0905514 -0.0315074 0.00432292 0.999494 5.2083
0.999278 -0.00600538 0.0375042 0.0961799 0.00617359 0.999971 -0.0043709 -0.110955 -0.0374769 0.00459929 0.999287 6.09245
0.999078 -0.00645423 0.0424498 0.13591 0.00663948 0.999969 -0.00422441 -0.131412 -0.0424213 0.00450236 0.99909 6.96673
0.998824 -0.00868162 0.0476986 0.176485 0.00893819 0.999947 -0.00516841 -0.149273 -0.0476512 0.00558868 0.998848 7.85064
0.998569 -0.0101887 0.0524946 0.230414 0.0105408 0.999924 -0.00643377 -0.170345 -0.052425 0.0069779 0.9986 8.73575
0.998266 -0.010989 0.0578296 0.275586 0.0114701 0.999902 -0.00799356 -0.199212 -0.0577361 0.00864301 0.998294 9.62107
0.997952 -0.00708261 0.0635702 0.3213 0.00773504 0.99992 -0.0100229 -0.220012 -0.0634941 0.0104941 0.997927 10.5078
0.997599 -0.00811056 0.068771 0.375876 0.0087908 0.999915 -0.00959443 -0.244798 -0.0686874 0.0101759 0.997586 11.3915
0.997237 -0.011154 0.0734381 0.444895 0.0118196 0.999893 -0.00863467 -0.264793 -0.0733339 0.00947882 0.997262 12.2773
0.996935 -0.00855813 0.0777616 0.509909 0.00927288 0.999918 -0.00883508 -0.291177 -0.0776796 0.00952907 0.996933 13.164
0.996627 -0.00554035 0.0818789 0.568791 0.00642216 0.999924 -0.0105102 -0.311208 -0.0818145 0.0110006 0.996587 14.041
0.996369 -0.00371357 0.08506 0.639154 0.00487794 0.999897 -0.013485 -0.343629 -0.0850012 0.013851 0.996285 14.9324
0.996089 -0.00697109 0.0880843 0.717713 0.0085163 0.999816 -0.0171788 -0.35545 -0.0879483 0.0178618 0.995965 15.8207
0.995813 -0.00822485 0.0910382 0.80292 0.0101452 0.999735 -0.0206508 -0.383594 -0.0908443 0.0214879 0.995633 16.7191
0.995564 -0.00951861 0.0936066 0.877179 0.0112482 0.999775 -0.0179667 -0.415467 -0.0934146 0.0189399 0.995447 17.6015
0.995415 -0.0133201 0.0947229 0.964141 0.0150311 0.999736 -0.0173729 -0.44871 -0.0944665 0.018717 0.995352 18.4995
0.995299 -0.0148218 0.095705 1.04823 0.0164486 0.999733 -0.0162316 -0.478574 -0.0954388 0.0177295 0.995277 19.3946
0.995148 -0.0185336 0.0966265 1.1406 0.0202234 0.999659 -0.0165381 -0.502126 -0.096287 0.0184119 0.995183 20.2911
0.995102 -0.0202452 0.0967595 1.22682 0.0218475 0.999641 -0.0155291 -0.530406 -0.0964103 0.0175669 0.995187 21.1891
0.995177 -0.0176302 0.0964994 1.29723 0.019075 0.999719 -0.01407 -0.550446 -0.0962242 0.0158429 0.995234 22.0744
0.995189 -0.0180623 0.0962899 1.38099 0.0195528 0.999703 -0.014558 -0.578106 -0.0959983 0.0163707 0.995247 22.9694
0.995262 -0.0193546 0.0952822 1.46667 0.020826 0.999678 -0.0144715 -0.599765 -0.0949715 0.0163872 0.995345 23.8652
0.995293 -0.0202192 0.094778 1.55415 0.0218099 0.999638 -0.0157781 -0.625082 -0.0944247 0.0177709 0.995373 24.7542
0.995274 -0.023218 0.0942869 1.63937 0.0247062 0.999587 -0.0146469 -0.652741 -0.0939079 0.0169072 0.995437 25.649
0.995234 -0.0249712 0.0942625 1.71794 0.0263142 0.999569 -0.013031 -0.672638 -0.0938964 0.0154493 0.995462 26.5384
0.995213 -0.0242433 0.0946728 1.79289 0.0253984 0.999617 -0.0110158 -0.697783 -0.0943694 0.0133676 0.995447 27.4182
0.995249 -0.0225318 0.0947189 1.86715 0.0236447 0.999664 -0.010643 -0.721845 -0.0944472 0.0128321 0.995447 28.3134
0.995203 -0.0219099 0.0953499 1.95008 0.0231263 0.999664 -0.0116709 -0.744437 -0.0950622 0.01382 0.995375 29.2186
0.995179 -0.0212071 0.0957515 2.03888 0.0227155 0.999634 -0.0146906 -0.76568 -0.0954049 0.0167948 0.995297 30.1185
0.995124 -0.0191146 0.0967601 2.12158 0.020992 0.99961 -0.0184221 -0.79169 -0.0963703 0.0203634 0.995137 31.0108
0.995196 -0.0148724 0.0967614 2.19741 0.0166821 0.9997 -0.0179205 -0.818786 -0.0964658 0.0194486 0.995146 31.8939
0.995188 -0.0146656 0.0968788 2.28712 0.0164967 0.9997 -0.0181264 -0.839981 -0.0965839 0.0196373 0.995131 32.7994
0.995087 -0.019555 0.0970532 2.37738 0.0210059 0.999682 -0.0139501 -0.865238 -0.0967495 0.0159202 0.995181 33.6887
0.995072 -0.0222609 0.0966255 2.46704 0.0235787 0.999644 -0.0125185 -0.885641 -0.0963124 0.0147351 0.995242 34.5776
0.994912 -0.0265967 0.0971777 2.56349 0.0278589 0.999544 -0.0116546 -0.908831 -0.0968235 0.0143026 0.995199 35.4899
0.994778 -0.0289923 0.0978568 2.65422 0.0303199 0.999467 -0.0121067 -0.937715 -0.0974537 0.0150104 0.995127 36.3933
0.994733 -0.0297088 0.0980967 2.73499 0.0315044 0.999362 -0.016807 -0.957944 -0.0975348 0.019809 0.995035 37.2636
0.994628 -0.0312585 0.0986858 2.82715 0.033304 0.999262 -0.019148 -0.985923 -0.0980144 0.0223317 0.994934 38.1645
0.994495 -0.0316454 0.0998891 2.92009 0.0337512 0.999241 -0.0194616 -1.00938 -0.0991974 0.0227258 0.994808 39.0639
0.994345 -0.0310716 0.101548 3.0107 0.0330006 0.999304 -0.0173715 -1.04085 -0.100938 0.0206244 0.994679 39.9551
0.994296 -0.0281342 0.102881 3.10028 0.0298773 0.999434 -0.0154403 -1.07118 -0.102389 0.018426 0.994574 40.854
0.994178 -0.0257605 0.104621 3.18687 0.0277422 0.999461 -0.0175303 -1.09543 -0.104113 0.0203306 0.994358 41.7558
0.994051 -0.0253929 0.10591 3.27737 0.027408 0.999469 -0.0176142 -1.12094 -0.105406 0.0204123 0.99422 42.6446
0.9939 -0.0240992 0.107624 3.36663 0.0259991 0.999529 -0.0162852 -1.14453 -0.107181 0.018984 0.994058 43.5287
0.993681 -0.0246214 0.10951 3.46215 0.0261178 0.999584 -0.0122513 -1.17135 -0.109163 0.0150341 0.99391 44.4256
0.993463 -0.0248159 0.111429 3.56203 0.0263037 0.999583 -0.0119018 -1.20267 -0.111087 0.0147549 0.993701 45.3248
0.993311 -0.0250434 0.112724 3.66135 0.0267388 0.999551 -0.0135537 -1.22448 -0.112334 0.0164771 0.993534 46.2157
0.99312 -0.0265452 0.114056 3.76532 0.0285356 0.999467 -0.0158539 -1.25155 -0.113574 0.0189994 0.993348 47.1099
0.99287 -0.0289762 0.115626 3.86893 0.0311383 0.999372 -0.016937 -1.27725 -0.115062 0.0204166 0.993148 48.003
0.992635 -0.0289692 0.117629 3.96932 0.0311231 0.999379 -0.0165157 -1.30184 -0.117078 0.0200551 0.99292 48.9046
0.992325 -0.0290637 0.120193 4.06711 0.0312961 0.99937 -0.0167267 -1.33733 -0.119631 0.0203599 0.99261 49.7882
0.99212 -0.0269354 0.122363 4.16912 0.0291976 0.999434 -0.0167325 -1.36438 -0.121843 0.0201734 0.992344 50.6821
0.991729 -0.0279801 0.125261 4.2815 0.0304699 0.999374 -0.0180053 -1.38846 -0.124678 0.021673 0.99196 51.5756
0.991418 -0.0280809 0.127681 4.39262 0.0308108 0.999336 -0.0194553 -1.4202 -0.12705 0.0232223 0.991624 52.4771
0.990954 -0.0289847 0.131035 4.51431 0.0319594 0.999276 -0.0206554 -1.44727 -0.130341 0.0246563 0.991163 53.3806
0.990784 -0.025926 0.132945 4.62668 0.0287849 0.999393 -0.0196269 -1.48312 -0.132356 0.0232729 0.990929 54.288
0.990255 -0.0278754 0.136446 4.75303 0.0306438 0.999364 -0.0182305 -1.51463 -0.135851 0.0222341 0.99048 55.2078
0.989923 -0.0272828 0.138955 4.8835 0.0300403 0.99939 -0.0177856 -1.54512 -0.138385 0.0217806 0.990139 56.1112
0.989434 -0.0258743 0.142657 5.00568 0.0290333 0.999376 -0.0201069 -1.57316 -0.142048 0.0240363 0.989568 57.0114
0.988908 -0.0242237 0.146543 5.12825 0.0278738 0.999349 -0.0229058 -1.60491 -0.145893 0.0267364 0.988939 57.9127
0.988293 -0.0282255 0.149932 5.26931 0.0319285 0.99924 -0.0223478 -1.64328 -0.149188 0.0268733 0.988444 58.812
0.98772 -0.0311836 0.153089 5.41347 0.0348139 0.999171 -0.0210899 -1.67423 -0.152304 0.0261605 0.987987 59.7085
0.987166 -0.0320918 0.156439 5.56065 0.0355025 0.999188 -0.0190561 -1.70145 -0.1557 0.0243655 0.987504 60.6182
0.986497 -0.0344256 0.160119 5.70899 0.0381547 0.999066 -0.0202728 -1.72884 -0.159272 0.0261083 0.986889 61.5193
0.986019 -0.0336539 0.1632 5.85219 0.0374326 0.999096 -0.0201333 -1.75678 -0.162375 0.0259608 0.986388 62.4148
0.985353 -0.0337357 0.167159 5.99894 0.0376425 0.999086 -0.0202579 -1.78758 -0.166323 0.0262535 0.985722 63.3136
0.984879 -0.0317122 0.170315 6.15388 0.035612 0.999168 -0.019891 -1.82059 -0.169542 0.0256554 0.985189 64.2135
0.984207 -0.0320533 0.174095 6.297 0.0360288 0.999156 -0.0197226 -1.8539 -0.173316 0.0256836 0.984531 65.0946
0.983565 -0.0327846 0.177551 6.44703 0.0370584 0.999096 -0.0208078 -1.88138 -0.176708 0.0270456 0.983892 65.9962
0.982919 -0.0339972 0.18087 6.60857 0.0384618 0.999034 -0.0212331 -1.91138 -0.179974 0.027827 0.983278 66.8857
0.982441 -0.0334364 0.183553 6.76707 0.0376173 0.999105 -0.0193425 -1.95054 -0.182742 0.0259076 0.98282 67.7739
0.981924 -0.0343812 0.186126 6.9342 0.0378391 0.99917 -0.0150565 -1.9829 -0.185454 0.0218272 0.98241 68.6576
0.981331 -0.0376747 0.188598 7.10871 0.0409005 0.999075 -0.0132402 -2.01501 -0.187925 0.0207068 0.981965 69.5437
0.980759 -0.037931 0.1915 7.27754 0.0416092 0.999018 -0.0152214 -2.04065 -0.190734 0.0228967 0.981375 70.4216
0.980096 -0.0384775 0.194762 7.45211 0.0430753 0.998883 -0.0194255 -2.06171 -0.193797 0.0274283 0.980658 71.3023
0.979573 -0.0382931 0.19741 7.63035 0.0436241 0.99879 -0.0227251 -2.0953 -0.196301 0.0308727 0.980058 72.1908
0.978991 -0.0389507 0.20015 7.81285 0.0443049 0.998768 -0.02234 -2.12533 -0.199034 0.0307383 0.97951 73.0742
0.978335 -0.0408876 0.202949 8.0006 0.046208 0.998699 -0.0215448 -2.15149 -0.201804 0.0304559 0.978952 73.9559
0.977575 -0.0450204 0.205718 8.1836 0.0501495 0.998546 -0.0197845 -2.17833 -0.204529 0.0296575 0.978411 74.8296
0.977159 -0.0421799 0.208281 8.36724 0.0473186 0.998685 -0.0197493 -2.21067 -0.207174 0.0291538 0.97787 75.7095
0.976612 -0.0395132 0.211347 8.54296 0.0445671 0.998822 -0.0192012 -2.2434 -0.210339 0.0281712 0.977222 76.5701
0.976028 -0.0417422 0.213607 8.73928 0.0473573 0.998652 -0.0212354 -2.27692 -0.212432 0.0308422 0.976689 77.4399
0.975395 -0.0425523 0.216317 8.91986 0.0486067 0.998559 -0.0227433 -2.30579 -0.215038 0.0326981 0.976058 78.2961
0.974664 -0.0435797 0.219387 9.12276 0.0501227 0.998446 -0.0243438 -2.33517 -0.217986 0.0347233 0.975334 79.17
0.97423 -0.0442003 0.221183 9.3192 0.0505986 0.998446 -0.0233431 -2.36587 -0.219807 0.0339331 0.974953 80.035
0.973624 -0.0454615 0.223583 9.51055 0.0514161 0.998459 -0.0208807 -2.40066 -0.22229 0.0318258 0.974461 80.885
0.973001 -0.0473112 0.225901 9.70511 0.0532853 0.998371 -0.0204182 -2.4279 -0.224567 0.0319042 0.973936 81.7384
0.972545 -0.0480936 0.227693 9.90079 0.0543369 0.998297 -0.0212276 -2.45252 -0.226284 0.033017 0.973502 82.5806
0.971979 -0.0471571 0.23029 10.0934 0.053596 0.998325 -0.0217816 -2.48425 -0.228877 0.0335139 0.972878 83.4302
0.971345 -0.0476732 0.232844 10.301 0.0540641 0.998314 -0.0211388 -2.50545 -0.231443 0.0331215 0.972284 84.2865
0.970926 -0.0461898 0.23488 10.5011 0.0523234 0.998431 -0.0199459 -2.53238 -0.23359 0.0316558 0.97182 85.1402
0.970298 -0.0445024 0.237783 10.7028 0.0508994 0.998487 -0.020828 -2.56352 -0.236496 0.0323124 0.971095 85.9949
0.969423 -0.0473534 0.240783 10.9155 0.0541617 0.998296 -0.0217332 -2.58487 -0.239343 0.0341098 0.970336 86.8515
0.968369 -0.0500881 0.244445 11.1167 0.0575276 0.99807 -0.0233856 -2.62341 -0.242802 0.0367082 0.969381 87.6956
0.967547 -0.0495107 0.247792 11.3274 0.0573382 0.998055 -0.0244682 -2.65457 -0.246098 0.037882 0.968504 88.5287
0.966717 -0.050893 0.250736 11.5437 0.0588779 0.997966 -0.0244429 -2.68124 -0.248982 0.0383921 0.967747 89.3597
0.966058 -0.0492244 0.253594 11.7576 0.057144 0.998079 -0.0239541 -2.71657 -0.251927 0.0376324 0.967014 90.195
0.965193 -0.0484509 0.257011 11.9844 0.0562892 0.998144 -0.0232245 -2.74725 -0.255409 0.0368831 0.966129 91.0339
0.96402 -0.0502825 0.261031 12.2067 0.0580483 0.998069 -0.0221215 -2.77825 -0.259414 0.036478 0.965077 91.8657
0.963083 -0.0488079 0.264742 12.4395 0.056586 0.998159 -0.021829 -2.80629 -0.263189 0.0360039 0.964072 92.6973
0.961962 -0.0468445 0.269136 12.6629 0.0539208 0.998365 -0.0189567 -2.83459 -0.267808 0.0327477 0.962916 93.5182
0.960986 -0.0467103 0.272626 12.8943 0.0532416 0.998444 -0.0166048 -2.86746 -0.271426 0.030472 0.961977 94.3399
0.959644 -0.0514843 0.276465 13.1398 0.0577042 0.99823 -0.0144043 -2.90047 -0.275234 0.0297762 0.960916 95.1693
0.958291 -0.0525597 0.280919 13.3801 0.0595962 0.998085 -0.0165579 -2.92753 -0.279511 0.032609 0.959589 95.9863
0.956958 -0.0509145 0.285725 13.6165 0.0585477 0.998118 -0.0182309 -2.95918 -0.284259 0.0341747 0.958138 96.8008
0.95585 -0.0502695 0.289523 13.8587 0.0579726 0.998154 -0.0180863 -2.98248 -0.28808 0.0340722 0.957 97.6091
0.954531 -0.0517023 0.293594 14.0978 0.0587704 0.998154 -0.0152976 -3.01101 -0.292262 0.0318567 0.955808 98.4189
0.953229 -0.0519227 0.297757 14.3523 0.0584118 0.998209 -0.0129304 -3.03844 -0.296552 0.0297181 0.954554 99.2361
0.951734 -0.0529062 0.302329 14.6007 0.0596718 0.998131 -0.0131789 -3.06446 -0.301067 0.0305834 0.953113 100.025
0.950309 -0.0543391 0.30653 14.8559 0.0619285 0.997967 -0.0150802 -3.09416 -0.305087 0.0333137 0.951742 100.818
0.948757 -0.0574241 0.310747 15.1265 0.0657638 0.9977 -0.0164176 -3.12308 -0.309089 0.0360122 0.950351 101.614
0.94716 -0.0599714 0.315105 15.3852 0.068181 0.997559 -0.0150848 -3.14969 -0.313431 0.0357719 0.948937 102.403
0.945712 -0.0611444 0.319204 15.6493 0.0684241 0.997589 -0.0116306 -3.16871 -0.317723 0.0328404 0.947615 103.192
0.944224 -0.0615036 0.32351 15.9262 0.0677815 0.997667 -0.00816308 -3.18988 -0.322253 0.0296357 0.94619 103.99
0.942664 -0.0595258 0.328393 16.1935 0.0661804 0.997766 -0.00911413 -3.21321 -0.327117 0.0303247 0.944497 104.774
0.940312 -0.0621578 0.33459 16.4691 0.0703759 0.997442 -0.0124822 -3.2318 -0.332958 0.0352842 0.942281 105.552
0.938639 -0.0597435 0.339687 16.7436 0.0692306 0.997474 -0.0158673 -3.25688 -0.337881 0.0384104 0.940405 106.324
0.937057 -0.0559808 0.34466 17.0174 0.065465 0.997728 -0.0159311 -3.27848 -0.342985 0.0374915 0.938592 107.093
0.935709 -0.0535577 0.348683 17.2953 0.0626054 0.99793 -0.0147229 -3.2952 -0.347172 0.0356057 0.937125 107.871
0.93395 -0.0593267 0.352445 17.5985 0.0674824 0.997661 -0.0108875 -3.31659 -0.350975 0.0339522 0.935769 108.649
0.93225 -0.0615542 0.356541 17.9027 0.0693559 0.99755 -0.00912545 -3.33663 -0.355105 0.0332354 0.934235 109.422
0.93063 -0.0593746 0.361112 18.1863 0.0669125 0.997724 -0.00839458 -3.35845 -0.359791 0.0319751 0.932485 110.183
0.929064 -0.058585 0.36525 18.483 0.0665568 0.99774 -0.00926196 -3.37527 -0.363882 0.0329148 0.930863 110.945
0.927761 -0.058848 0.368506 18.7849 0.0672281 0.997688 -0.00993092 -3.39235 -0.367069 0.0339875 0.929572 111.705
0.926593 -0.0576019 0.371629 19.0871 0.0656105 0.997805 -0.00893002 -3.41334 -0.370299 0.0326573 0.928338 112.462
0.925089 -0.0583862 0.375236 19.391 0.0658931 0.997801 -0.00719344 -3.43134 -0.373991 0.0313801 0.926901 113.219
0.923889 -0.0572368 0.378356 19.6886 0.0651434 0.997843 -0.00811912 -3.45305 -0.377075 0.0321486 0.925625 113.964
0.922277 -0.0573021 0.382259 19.9921 0.0649065 0.997867 -0.00701607 -3.4718 -0.381041 0.0312818 0.924029 114.704
0.921137 -0.0565984 0.385102 20.3009 0.0650644 0.997841 -0.00897668 -3.49556 -0.383763 0.0333252 0.92283 115.449
0.920176 -0.0538801 0.387779 20.6046 0.0627076 0.99798 -0.0101368 -3.51448 -0.386449 0.0336443 0.921697 116.186
0.918895 -0.0535618 0.390849 20.9161 0.0628979 0.997958 -0.0111145 -3.53316 -0.389455 0.0347966 0.920388 116.923
0.917814 -0.0563035 0.392999 21.2286 0.0655407 0.997799 -0.0101135 -3.55009 -0.391564 0.0350397 0.919483 117.653
0.91683 -0.0550289 0.395467 21.5358 0.063894 0.997914 -0.00926987 -3.5762 -0.394132 0.0337669 0.918433 118.382
0.916328 -0.0535888 0.396826 21.8434 0.0615552 0.998077 -0.00735608 -3.59584 -0.395669 0.0311673 0.917864 119.109
0.916204 -0.051913 0.397335 22.1515 0.0601532 0.998155 -0.00829395 -3.61448 -0.396171 0.0314999 0.917636 119.835
0.915634 -0.0518016 0.398661 22.4661 0.0600767 0.998159 -0.00828297 -3.63458 -0.397498 0.0315344 0.917061 120.558
0.91539 -0.0523426 0.399151 22.7748 0.0607161 0.99812 -0.00835448 -3.65196 -0.397964 0.0318825 0.916847 121.281
0.915571 -0.0540981 0.398502 23.0874 0.0621863 0.998037 -0.00738778 -3.66945 -0.39732 0.0315454 0.917138 122.004
0.916433 -0.0522188 0.396766 23.3864 0.0607594 0.998112 -0.00897695 -3.69006 -0.395548 0.0323341 0.917876 122.721
0.917254 -0.0522371 0.394863 23.6916 0.0612741 0.998068 -0.0103016 -3.70957 -0.393562 0.033644 0.918682 123.437
0.917828 -0.057837 0.392742 23.9961 0.067641 0.997647 -0.0111573 -3.72749 -0.391173 0.036806 0.919581 124.148
0.91795 -0.0620527 0.391812 24.3079 0.0717776 0.997368 -0.0102061 -3.74622 -0.390148 0.0374921 0.919989 124.864
0.91816 -0.0583853 0.391885 24.6075 0.0676397 0.997661 -0.00983809 -3.77051 -0.390394 0.0355399 0.919962 125.592
0.918517 -0.056453 0.39133 24.9061 0.065684 0.997788 -0.0102313 -3.79526 -0.389887 0.0351018 0.920194 126.316
0.919033 -0.0565288 0.390106 25.2205 0.066503 0.997713 -0.0120966 -3.81812 -0.38853 0.0370604 0.92069 127.032
0.919262 -0.0559274 0.389654 25.5263 0.0662534 0.997717 -0.0131003 -3.84358 -0.388031 0.0378585 0.920868 127.761
0.918934 -0.0564725 0.390346 25.8336 0.0665391 0.997708 -0.0123018 -3.86339 -0.388757 0.0372779 0.920586 128.5
0.919354 -0.0569942 0.389282 26.1433 0.0662546 0.997749 -0.0103923 -3.88024 -0.387813 0.0353459 0.92106 129.224
0.919288 -0.0562253 0.389549 26.4432 0.0643722 0.997895 -0.00788007 -3.90206 -0.388286 0.0323202 0.920972 129.948
0.918898 -0.060751 0.38979 26.7488 0.0682044 0.997657 -0.00529544 -3.92753 -0.388555 0.0314514 0.920888 130.666
0.918788 -0.0647339 0.389408 27.052 0.071234 0.997457 -0.00225892 -3.94145 -0.388272 0.0298146 0.921062 131.372
0.918334 -0.0670177 0.390092 27.3494 0.0735874 0.997287 -0.00190173 -3.95465 -0.388907 0.0304523 0.920774 132.076
0.918068 -0.0664385 0.390815 27.6467 0.0736069 0.997282 -0.00337309 -3.97187 -0.389529 0.0318634 0.920463 132.781
0.917641 -0.0653917 0.391994 27.9533 0.0742659 0.99721 -0.00750034 -3.99289 -0.39041 0.0359944 0.919937 133.497
0.916945 -0.0669024 0.393365 28.2534 0.076703 0.997011 -0.00922812 -4.00704 -0.391572 0.0386339 0.919336 134.196
0.91655 -0.0661815 0.394406 28.5549 0.076151 0.99705 -0.00965986 -4.01628 -0.392603 0.0388881 0.918886 134.899
0.915779 -0.0646009 0.396455 28.858 0.0729345 0.997319 -0.00596315 -4.03339 -0.395006 0.0343761 0.918035 135.614
0.914965 -0.0607883 0.398928 29.1593 0.0682244 0.99766 -0.00445404 -4.05291 -0.397723 0.0312919 0.916972 136.328
0.913644 -0.0630504 0.401597 29.4652 0.0707516 0.997484 -0.00435747 -4.06498 -0.400312 0.0323948 0.915806 137.022
0.9124 -0.0627937 0.404454 29.7725 0.0726746 0.997314 -0.00910678 -4.08193 -0.402796 0.0377026 0.914513 137.712
0.910766 -0.0597772 0.408573 30.0694 0.071406 0.997359 -0.0132531 -4.09943 -0.406701 0.041245 0.91263 138.405
0.909605 -0.0554624 0.411757 30.3727 0.0676335 0.997597 -0.0150346 -4.11856 -0.409933 0.0415241 0.91117 139.101
0.908686 -0.0573196 0.413528 30.6847 0.0694498 0.997482 -0.0143468 -4.12926 -0.411664 0.0417561 0.910379 139.789
0.907812 -0.0587925 0.415236 31.0033 0.0699275 0.997484 -0.0116475 -4.14857 -0.413507 0.0396102 0.909639 140.483
0.906512 -0.0620082 0.417601 31.3265 0.0723746 0.997337 -0.00901678 -4.17502 -0.41593 0.0383975 0.908586 141.178
0.905667 -0.0632239 0.41925 31.6477 0.0744872 0.997166 -0.0105325 -4.19152 -0.417396 0.0407676 0.90781 141.868
0.904441 -0.0660196 0.421458 31.9717 0.077413 0.996949 -0.00995904 -4.20733 -0.419515 0.0416337 0.906793 142.559
0.903885 -0.0653805 0.422749 32.2953 0.0766875 0.997007 -0.00977395 -4.22598 -0.420844 0.0412541 0.906194 143.258
0.903256 -0.0681523 0.423656 32.6262 0.0800596 0.996736 -0.0103489 -4.2455 -0.421568 0.0432655 0.905764 143.954
0.902796 -0.0696033 0.424399 32.9546 0.0831934 0.996441 -0.0135511 -4.26917 -0.421945 0.0475411 0.905374 144.647
0.902129 -0.0715437 0.425493 33.292 0.0869831 0.996066 -0.0169397 -4.28877 -0.422607 0.0522925 0.904803 145.342
0.901501 -0.0689123 0.427255 33.6182 0.0845822 0.996258 -0.0177799 -4.31108 -0.424431 0.0521667 0.903956 146.044
0.900862 -0.0687086 0.428634 33.9461 0.0836216 0.996369 -0.0160332 -4.33533 -0.425976 0.0502868 0.903336 146.752
0.900426 -0.0669308 0.42983 34.2794 0.081141 0.996593 -0.0147936 -4.35984 -0.427376 0.0481974 0.902788 147.473
0.900069 -0.0663856 0.430661 34.6237 0.0815454 0.996528 -0.0168146 -4.38132 -0.42805 0.0502528 0.902357 148.19
0.899593 -0.066228 0.431679 34.9619 0.0823496 0.996427 -0.0187401 -4.40562 -0.428896 0.0524071 0.901833 148.905
0.899206 -0.0666206 0.432425 35.306 0.0833627 0.996322 -0.0198524 -4.42912 -0.429511 0.0538995 0.901451 149.624
0.898795 -0.0678571 0.433086 35.6529 0.0843048 0.996261 -0.018863 -4.45119 -0.430187 0.0534652 0.901155 150.351
0.898727 -0.0681464 0.433181 36.0041 0.0841612 0.996292 -0.0178778 -4.47638 -0.430356 0.0525243 0.90113 151.082
0.898422 -0.0687706 0.433714 36.3555 0.0845623 0.99627 -0.0171971 -4.50242 -0.430913 0.0521261 0.900886 151.812
0.898371 -0.0685118 0.433862 36.7107 0.0839124 0.996338 -0.016419 -4.5261 -0.431148 0.0511567 0.90083 152.546
0.897901 -0.0695871 0.434661 37.0699 0.0837683 0.996393 -0.0135267 -4.54992 -0.432153 0.0485565 0.900492 153.295
0.897028 -0.070254 0.436354 37.4286 0.0836288 0.996431 -0.011491 -4.5717 -0.433989 0.0467995 0.899702 154.053
0.896435 -0.0693184 0.43772 37.7916 0.0827057 0.996507 -0.0115693 -4.58941 -0.435389 0.046573 0.899037 154.798
0.8957 -0.0679515 0.439435 38.1539 0.0818127 0.996567 -0.0126559 -4.60866 -0.437067 0.0472872 0.898185 155.549
0.895272 -0.0644659 0.440831 38.5231 0.0791657 0.996748 -0.0150138 -4.6299 -0.438429 0.0483401 0.897465 156.309
0.894656 -0.0634701 0.442224 38.9001 0.0789994 0.996734 -0.0167665 -4.64422 -0.439715 0.0499357 0.896748 157.075
0.894174 -0.0631206 0.443248 39.2727 0.0785511 0.996773 -0.0165176 -4.66559 -0.440775 0.0495872 0.896247 157.842
0.893438 -0.0642384 0.44457 39.6536 0.0789291 0.996773 -0.0145919 -4.68524 -0.442198 0.0481265 0.895625 158.621
0.893067 -0.0640745 0.445338 40.0307 0.0780195 0.996867 -0.0130304 -4.70428 -0.443107 0.046382 0.895268 159.394
0.892629 -0.0637983 0.446255 40.4155 0.0779778 0.996864 -0.0134609 -4.72827 -0.443997 0.0468136 0.894804 160.177
0.892643 -0.06154 0.446544 40.7999 0.0768717 0.996908 -0.0162789 -4.74532 -0.444162 0.0488578 0.894613 160.958
0.892917 -0.0613295 0.446025 41.1855 0.0776178 0.996815 -0.018322 -4.76818 -0.44348 0.0509795 0.894833 161.737
0.893439 -0.0606003 0.445078 41.5744 0.0769572 0.996858 -0.0187533 -4.79352 -0.442543 0.0510069 0.895295 162.527
0.894206 -0.0612999 0.443439 41.9565 0.077417 0.996831 -0.0183139 -4.81837 -0.440911 0.0507061 0.896117 163.311
0.895219 -0.0611953 0.441405 42.3375 0.0767111 0.996902 -0.0173707 -4.84776 -0.438974 0.0494112 0.89714 164.1
0.896403 -0.0621946 0.438855 42.723 0.0765201 0.996955 -0.0150108 -4.87822 -0.436585 0.047037 0.898432 164.889
0.897798 -0.061863 0.43604 43.0919 0.0752818 0.99707 -0.0135449 -4.9042 -0.433925 0.0449864 0.899825 165.674
0.899181 -0.0621184 0.433144 43.4657 0.0749003 0.997113 -0.0124897 -4.93314 -0.431118 0.0436731 0.901238 166.462
0.900685 -0.0634112 0.42982 43.8363 0.075927 0.997041 -0.0120113 -4.95719 -0.427787 0.0434533 0.902834 167.245
0.902291 -0.0633589 0.426446 44.1992 0.0757579 0.997052 -0.0121554 -4.97821 -0.424419 0.0432743 0.904431 168.033
0.904174 -0.0632924 0.422449 44.5537 0.0755931 0.997062 -0.0124107 -5.00016 -0.420422 0.0431556 0.906302 168.808
0.906279 -0.0655757 0.417562 44.912 0.077754 0.996898 -0.0122009 -5.02502 -0.415467 0.0435245 0.908567 169.591
0.908359 -0.0670465 0.412782 45.2587 0.0794559 0.996754 -0.0129502 -5.03805 -0.410574 0.0445614 0.910738 170.371
0.910097 -0.0669126 0.408956 45.6068 0.0794253 0.996747 -0.0136684 -5.06056 -0.406711 0.0449211 0.912452 171.162
0.91215 -0.064891 0.404688 45.9472 0.077541 0.996877 -0.0149268 -5.08485 -0.402455 0.0449954 0.914333 171.952
0.913821 -0.0645676 0.400951 46.2901 0.0781245 0.996789 -0.017537 -5.11039 -0.398531 0.0473498 0.915932 172.748
0.915247 -0.063968 0.397782 46.6334 0.0778931 0.996782 -0.0189282 -5.13887 -0.395291 0.0483085 0.917285 173.552
0.916716 -0.0631726 0.394514 46.9656 0.0774031 0.996794 -0.0202441 -5.16135 -0.39197 0.0490947 0.918667 174.346
0.918347 -0.0617415 0.390931 47.2927 0.0755098 0.996946 -0.0199298 -5.1886 -0.388507 0.0478216 0.920204 175.143
0.919555 -0.0642301 0.387676 47.6294 0.0769357 0.996886 -0.0173253 -5.2178 -0.385356 0.0457577 0.921633 175.96
0.920853 -0.0663579 0.384222 47.9665 0.0784751 0.996789 -0.0159264 -5.24303 -0.381931 0.0448178 0.923103 176.77
0.922523 -0.0644455 0.380522 48.2937 0.0763349 0.99695 -0.016219 -5.26867 -0.378317 0.0440095 0.924629 177.587
0.924031 -0.064343 0.376864 48.6236 0.0766 0.996906 -0.0176106 -5.29643 -0.374565 0.0451406 0.926101 178.411
0.925672 -0.0646892 0.372756 48.9442 0.0775213 0.9968 -0.0195223 -5.32572 -0.3703 0.0469678 0.927724 179.231
0.927224 -0.0660574 0.368635 49.2702 0.0785589 0.996729 -0.0189903 -5.35307 -0.366175 0.0465678 0.92938 180.055
0.92915 -0.0655157 0.363853 49.5846 0.0781083 0.996745 -0.0199858 -5.38216 -0.361359 0.0469897 0.931242 180.877
0.93118 -0.0639149 0.358914 49.8954 0.0763738 0.996866 -0.0206264 -5.41082 -0.356471 0.0466185 0.933143 181.709
0.932656 -0.0653361 0.3548 50.2048 0.0780874 0.99671 -0.0217237 -5.43647 -0.352213 0.0479662 0.93469 182.554
0.934358 -0.0652405 0.350314 50.5078 0.0775823 0.996758 -0.0212969 -5.46843 -0.347789 0.0470771 0.93639 183.386
0.935945 -0.0642202 0.346242 50.8071 0.0757709 0.996926 -0.0199127 -5.49775 -0.343899 0.0448722 0.937934 184.226
0.937437 -0.0654494 0.341949 51.1097 0.0763506 0.996909 -0.018502 -5.52693 -0.339681 0.0434525 0.939536 185.068
0.93927 -0.0650975 0.336948 51.3999 0.0756788 0.996963 -0.0183503 -5.55427 -0.33473 0.0427357 0.941345 185.903
0.940559 -0.0677959 0.332794 51.6974 0.0781057 0.996788 -0.0176833 -5.5866 -0.330527 0.0426253 0.942834 186.744
0.941688 -0.0688061 0.329376 51.9887 0.0790411 0.996713 -0.0177672 -5.6196 -0.327071 0.0427654 0.944032 187.589
0.94294 -0.0674529 0.32606 52.27 0.0774943 0.996832 -0.01789 -5.64959 -0.32382 0.042137 0.94518 188.443
0.944266 -0.0678374 0.322117 52.5556 0.0779899 0.996779 -0.0187025 -5.67769 -0.31981 0.042782 0.946515 189.294
0.945851 -0.0688641 0.317212 52.8332 0.0788623 0.996709 -0.0187713 -5.70743 -0.314875 0.042771 0.948169 190.146
0.947369 -0.0707219 0.312236 53.1125 0.0807162 0.996552 -0.019184 -5.73689 -0.309802 0.0433768 0.949811 191.006
0.948829 -0.0700405 0.307924 53.3809 0.080136 0.996578 -0.020247 -5.76804 -0.305452 0.0438867 0.951196 191.858
0.950092 -0.0697932 0.304063 53.6507 0.0800533 0.996561 -0.0213931 -5.79641 -0.301524 0.0446666 0.952412 192.723
0.951495 -0.0684303 0.299956 53.9175 0.078514 0.996677 -0.0216791 -5.82987 -0.297476 0.0441783 0.953707 193.59
0.952685 -0.0687735 0.296075 54.1818 0.0786937 0.996663 -0.0217051 -5.86019 -0.293594 0.0439774 0.954918 194.449
0.953999 -0.0684125 0.291899 54.4384 0.0778973 0.996741 -0.0209816 -5.89621 -0.289512 0.0427546 0.956219 195.314
0.955088 -0.0695158 0.288052 54.6975 0.0785302 0.996714 -0.0198431 -5.92663 -0.285726 0.0415727 0.957409 196.181
0.955925 -0.0712317 0.284838 54.95 0.0800553 0.996601 -0.0194402 -5.95901 -0.282485 0.0413862 0.958378 197.041
0.956683 -0.0718713 0.282122 55.2005 0.0807826 0.99653 -0.0200674 -5.99195 -0.279701 0.0419888 0.959169 197.901
0.957102 -0.0725953 0.28051 55.4516 0.0818147 0.99642 -0.0212812 -6.02445 -0.277961 0.0433182 0.959615 198.762
0.957278 -0.0728853 0.279835 55.6969 0.0821661 0.996385 -0.0215625 -6.05027 -0.277252 0.0436343 0.959806 199.625
0.957314 -0.0743913 0.279314 55.9492 0.0837025 0.996258 -0.0215411 -6.08244 -0.276666 0.0440008 0.959958 200.482
0.957134 -0.0741829 0.279983 56.1945 0.0830057 0.996353 -0.0197697 -6.11913 -0.277496 0.0421624 0.959801 201.334
0.95683 -0.0758055 0.280589 56.4444 0.084263 0.996278 -0.0181831 -6.14548 -0.278166 0.0410414 0.959656 202.187
0.956647 -0.0781574 0.280566 56.6934 0.0862538 0.996135 -0.0166063 -6.17431 -0.278184 0.0400863 0.959691 203.039
0.956469 -0.0821464 0.280033 56.946 0.0904225 0.995763 -0.0167412 -6.19812 -0.277471 0.0413337 0.959844 203.875
0.956326 -0.0841127 0.279938 57.1944 0.0925802 0.995558 -0.0171388 -6.22579 -0.277253 0.042307 0.959865 204.72
0.95616 -0.0856154 0.280051 57.434 0.0945742 0.995344 -0.0186083 -6.25309 -0.277154 0.0442781 0.959805 205.55
0.956105 -0.0864162 0.279993 57.6711 0.0954609 0.995256 -0.0188016 -6.28607 -0.27704 0.0447048 0.959818 206.375
0.956074 -0.0876434 0.279716 57.9195 0.0965546 0.995161 -0.0182117 -6.31575 -0.276766 0.0444195 0.95991 207.206
0.95595 -0.0896983 0.279489 58.1563 0.098136 0.995039 -0.0163145 -6.34878 -0.276639 0.0430238 0.96001 208.029
0.955972 -0.0895618 0.279457 58.3883 0.0977709 0.995088 -0.0155462 -6.37863 -0.276692 0.0421845 0.960032 208.827
0.955702 -0.0895442 0.280386 58.6142 0.0980645 0.995044 -0.0164774 -6.40757 -0.277521 0.0432434 0.959746 209.622
0.955837 -0.0880892 0.280384 58.845 0.0974047 0.995055 -0.0194357 -6.43303 -0.277285 0.0458881 0.959691 210.403
0.955754 -0.087352 0.280899 59.0685 0.0974897 0.994987 -0.0222929 -6.46076 -0.277543 0.0486913 0.959478 211.173
0.955155 -0.0894477 0.282274 59.2902 0.10024 0.994674 -0.0239953 -6.49345 -0.278624 0.0512143 0.959034 211.948
0.954839 -0.0899783 0.283173 59.5158 0.100795 0.994622 -0.0238334 -6.51558 -0.279505 0.0512996 0.958773 212.716
0.954592 -0.0890705 0.28429 59.7379 0.0996243 0.994763 -0.0228518 -6.54914 -0.280766 0.0501364 0.958466 213.484
0.954006 -0.0912828 0.285553 59.9681 0.10164 0.994586 -0.0216292 -6.57144 -0.282032 0.0496579 0.958119 214.246
0.953502 -0.0903157 0.287538 60.187 0.100647 0.994694 -0.0213216 -6.59808 -0.284086 0.04927 0.957532 215.003
0.952869 -0.0902798 0.289639 60.4061 0.100578 0.994711 -0.0208375 -6.62736 -0.286226 0.0489867 0.956909 215.742
0.952288 -0.0898577 0.291674 60.625 0.100202 0.994752 -0.020692 -6.65524 -0.288284 0.0489312 0.956294 216.47
0.951458 -0.0908515 0.294063 60.8431 0.100634 0.994756 -0.018274 -6.68366 -0.290861 0.0469796 0.955611 217.185
0.950717 -0.0904094 0.296587 61.0605 0.0996485 0.994892 -0.01615 -6.71223 -0.293612 0.0449085 0.954869 217.887
0.949788 -0.0916958 0.299158 61.2776 0.0999476 0.994916 -0.012366 -6.73226 -0.296503 0.0416452 0.954124 218.57
0.949009 -0.0933112 0.301122 61.4921 0.10116 0.994814 -0.0105418 -6.74993 -0.298577 0.0404658 0.953527 219.234
0.948045 -0.0953102 0.303525 61.7001 0.103278 0.9946 -0.0102689 -6.76801 -0.300907 0.0410828 0.952768 219.878
0.947166 -0.0964004 0.305915 61.8972 0.104069 0.994531 -0.00881759 -6.78771 -0.303392 0.040188 0.952018 220.491
0.946479 -0.0956944 0.308253 62.0885 0.103215 0.994626 -0.0081464 -6.80478 -0.305817 0.0395269 0.951269 221.081
0.94563 -0.0959974 0.310756 62.2724 0.103939 0.994542 -0.00905627 -6.82358 -0.308191 0.0408635 0.950447 221.641
0.944646 -0.0962984 0.31364 62.4551 0.103926 0.994556 -0.00765005 -6.83918 -0.311196 0.039822 0.949511 222.175
0.943358 -0.0965244 0.317425 62.6233 0.104388 0.994506 -0.00781603 -6.85846 -0.314927 0.0405087 0.948251 222.668
0.942043 -0.0966071 0.321283 62.788 0.104688 0.994474 -0.00792892 -6.87573 -0.318741 0.0411038 0.94695 223.138
0.940381 -0.0955895 0.326414 62.9461 0.104219 0.994514 -0.00900998 -6.88831 -0.323761 0.0424914 0.945184 223.602
0.938955 -0.0945541 0.330791 63.105 0.103712 0.994556 -0.0101013 -6.90595 -0.328035 0.0437915 0.94365 224.055
0.937731 -0.0948663 0.334158 63.2719 0.104323 0.994489 -0.010425 -6.92007 -0.331328 0.0446363 0.942459 224.508
0.936226 -0.0973287 0.33765 63.4383 0.107125 0.994191 -0.0104542 -6.93227 -0.334671 0.0459582 0.941214 224.955
0.934882 -0.0998874 0.340614 63.6074 0.109563 0.993937 -0.0092381 -6.94042 -0.337627 0.0459553 0.940158 225.403
0.934611 -0.100119 0.341289 63.7704 0.109473 0.993956 -0.00820645 -6.95085 -0.338405 0.0450318 0.939922 225.848
0.935026 -0.100961 0.339901 63.9326 0.110264 0.993869 -0.00811379 -6.96037 -0.336998 0.0450656 0.940426 226.289
0.936065 -0.103423 0.336284 64.0861 0.113594 0.99347 -0.0106557 -6.97257 -0.332986 0.0481742 0.9417 226.706
0.93821 -0.105416 0.32962 64.2336 0.115781 0.993203 -0.0119144 -6.98762 -0.326124 0.0493421 0.944039 227.133
0.941272 -0.109808 0.319295 64.374 0.119785 0.992731 -0.0117141 -7.00675 -0.315688 0.0492728 0.947583 227.549
0.945725 -0.111615 0.305199 64.4985 0.121178 0.992552 -0.0125099 -7.02223 -0.301529 0.0488144 0.952207 227.959
0.951139 -0.112494 0.287541 64.6111 0.122401 0.992341 -0.0166528 -7.03859 -0.283465 0.0510345 0.957624 228.369
0.957774 -0.110502 0.265441 64.7012 0.120604 0.992457 -0.0220121 -7.05327 -0.261006 0.0530957 0.963876 228.777
0.965219 -0.108068 0.238062 64.7804 0.117415 0.992758 -0.025394 -7.06973 -0.233594 0.0524628 0.970918 229.179
0.972469 -0.109047 0.205944 64.8385 0.116894 0.992796 -0.0262914 -7.08496 -0.201593 0.0496412 0.978211 229.58
0.97918 -0.11185 0.169399 64.885 0.117888 0.992687 -0.0259839 -7.09808 -0.165254 0.0454131 0.985205 229.986
0.984842 -0.113717 0.130977 64.904 0.118351 0.992573 -0.0281295 -7.1162 -0.126805 0.0432044 0.990986 230.388
0.989454 -0.114095 0.0892353 64.9055 0.117396 0.992549 -0.0326411 -7.13625 -0.0848462 0.0427727 0.995476 230.776
0.992295 -0.115668 0.044413 64.8915 0.117395 0.99234 -0.03846 -7.16921 -0.0396242 0.0433775 0.998273 231.154
0.992617 -0.121255 -0.00309858 64.8637 0.121004 0.991686 -0.0437729 -7.20433 0.00838048 0.0430748 0.999037 231.529
0.990408 -0.128472 -0.0508703 64.8238 0.12591 0.990744 -0.0507327 -7.23204 0.0569171 0.043841 0.997416 231.884
0.98624 -0.132303 -0.099126 64.7622 0.127058 0.990227 -0.0575028 -7.26075 0.105765 0.0441168 0.993412 232.246
0.979926 -0.134539 -0.147119 64.6711 0.12586 0.989794 -0.0668379 -7.29518 0.15461 0.0469798 0.986858 232.606
0.971251 -0.134103 -0.196694 64.5689 0.121653 0.989801 -0.0741245 -7.32868 0.204628 0.0480651 0.977659 232.96
0.959449 -0.137345 -0.246159 64.448 0.121574 0.989494 -0.0782347 -7.37463 0.254318 0.0451356 0.966067 233.325
0.944741 -0.141583 -0.295667 64.3083 0.121833 0.988966 -0.0842836 -7.41407 0.304338 0.043604 0.951566 233.674
0.927293 -0.145483 -0.34491 64.1443 0.120743 0.988385 -0.0922822 -7.46096 0.35433 0.0439272 0.934088 234.02
0.906628 -0.151464 -0.393808 63.966 0.121567 0.987538 -0.0999484 -7.50353 0.404039 0.0427421 0.913743 234.361
0.883559 -0.155258 -0.441834 63.7629 0.120558 0.987057 -0.10576 -7.5432 0.452536 0.0401791 0.890841 234.705
0.858911 -0.153941 -0.488441 63.5327 0.115799 0.98743 -0.107576 -7.58817 0.498862 0.0358374 0.86594 235.034
0.832014 -0.15236 -0.533422 63.2832 0.110062 0.987767 -0.110464 -7.63916 0.543728 0.033198 0.838605 235.361
0.803422 -0.148783 -0.576521 63.0109 0.102036 0.988357 -0.112871 -7.68836 0.586602 0.0318566 0.809249 235.665
0.772061 -0.144721 -0.618852 62.7298 0.0941998 0.989031 -0.113769 -7.74298 0.628529 0.0295405 0.777225 235.956
0.738021 -0.141105 -0.659859 62.4311 0.0865454 0.989609 -0.114822 -7.80197 0.669204 0.0276334 0.742564 236.236
0.702257 -0.140462 -0.697929 62.1183 0.0815754 0.989763 -0.117114 -7.85297 0.707234 0.0253102 0.706526 236.502
0.664339 -0.141873 -0.733843 61.7953 0.0772542 0.989595 -0.12138 -7.90817 0.743428 0.0239451 0.668387 236.754
0.626082 -0.142559 -0.766615 61.4528 0.0735536 0.989559 -0.123948 -7.96822 0.77628 0.0212141 0.630031 236.988
0.589905 -0.138489 -0.795508 61.0815 0.0663685 0.990165 -0.123161 -8.02851 0.80474 0.0198568 0.593295 237.215
0.554763 -0.134367 -0.821087 60.7032 0.0593196 0.990749 -0.122052 -8.09617 0.829891 0.0190035 0.557602 237.435
0.522797 -0.130022 -0.842483 60.3018 0.0533675 0.991353 -0.119881 -8.16405 0.850785 0.0177121 0.525215 237.643
0.493618 -0.126462 -0.860435 59.8925 0.0467744 0.9918 -0.118936 -8.22389 0.86842 0.0184625 0.495486 237.837
0.467885 -0.124223 -0.875015 59.4639 0.0416645 0.992072 -0.118563 -8.28411 0.882807 0.0190167 0.469351 238.035
0.446421 -0.121267 -0.886568 59.0197 0.0374025 0.992437 -0.116915 -8.34014 0.894041 0.0190334 0.44758 238.236
0.430408 -0.11442 -0.895353 58.5554 0.0313962 0.993231 -0.111835 -8.40208 0.902088 0.020024 0.431086 238.434
0.41745 -0.110639 -0.901939 58.0797 0.0294713 0.993686 -0.108254 -8.47352 0.908222 0.0186091 0.418075 238.637
0.406889 -0.10782 -0.907092 57.5943 0.0302154 0.994055 -0.104603 -8.53977 0.912978 0.0151536 0.407728 238.844
0.398541 -0.105518 -0.911061 57.0991 0.0324803 0.99436 -0.100957 -8.60306 0.916575 0.010644 0.39972 239.058
0.393054 -0.102921 -0.913737 56.5915 0.0304517 0.994628 -0.0989336 -8.6692 0.919011 0.0110614 0.394077 239.265
0.389704 -0.10442 -0.915001 56.0726 0.0287752 0.994447 -0.10123 -8.72839 0.920491 0.0131205 0.390544 239.474
0.388291 -0.103444 -0.915712 55.5369 0.022169 0.994441 -0.102937 -8.79457 0.92127 0.0196692 0.388426 239.683
0.388088 -0.107688 -0.91531 54.9928 0.0261199 0.994036 -0.105875 -8.85842 0.921252 0.017181 0.388586 239.916
0.388819 -0.113949 -0.91424 54.4448 0.0300995 0.993363 -0.111009 -8.92878 0.920822 0.0156443 0.389668 240.155
0.389312 -0.117531 -0.913577 53.8874 0.0319683 0.992952 -0.11412 -8.99239 0.920551 0.0152228 0.390326 240.396
0.390056 -0.115955 -0.913461 53.303 0.0332209 0.993165 -0.111887 -9.06322 0.920192 0.0132963 0.391242 240.641
0.391883 -0.11036 -0.913372 52.7067 0.0309007 0.993798 -0.106819 -9.12997 0.919496 0.0136368 0.392863 240.892
0.39415 -0.103365 -0.913215 52.1002 0.0287979 0.994556 -0.100142 -9.20512 0.918595 0.0131725 0.394981 241.148
0.395557 -0.100155 -0.912964 51.4966 0.0266274 0.994869 -0.0976035 -9.284 0.918055 0.0142979 0.396195 241.407
0.398124 -0.100892 -0.911767 50.8858 0.027497 0.994799 -0.0980737 -9.3673 0.91692 0.0139747 0.398827 241.673
0.401203 -0.10515 -0.909934 50.27 0.0279688 0.994332 -0.102571 -9.44121 0.915562 0.0157022 0.40187 241.941
0.403289 -0.108293 -0.908642 49.6632 0.0254587 0.993916 -0.107157 -9.51274 0.914719 0.0200823 0.403592 242.212
0.407296 -0.108848 -0.906787 49.0398 0.0243674 0.993814 -0.108349 -9.5957 0.912971 0.0220343 0.407429 242.483
0.410378 -0.106679 -0.905654 48.4138 0.0240631 0.994055 -0.106189 -9.67005 0.911598 0.0217846 0.410505 242.762
0.412677 -0.105457 -0.904752 47.7861 0.0266318 0.994248 -0.103741 -9.74945 0.910488 0.0187163 0.413112 243.057
0.416848 -0.101738 -0.903265 47.1453 0.0237911 0.994597 -0.101045 -9.83223 0.908665 0.0206309 0.417016 243.34
0.420647 -0.10163 -0.901514 46.5043 0.0216932 0.994548 -0.101996 -9.9092 0.906965 0.0233474 0.420559 243.635
0.423592 -0.101981 -0.900094 45.8607 0.0219764 0.994507 -0.102336 -9.98996 0.905587 0.023568 0.423506 243.936
0.426888 -0.107598 -0.89788 45.2214 0.0267152 0.993963 -0.10641 -10.0725 0.90391 0.0214383 0.427186 244.244
0.43129 -0.106908 -0.895857 44.5679 0.0270432 0.99404 -0.105605 -10.1571 0.901808 0.0213196 0.431611 244.558
0.436177 -0.106258 -0.893565 43.9179 0.0256575 0.994069 -0.105686 -10.2346 0.899495 0.0231709 0.436316 244.87
0.441387 -0.103833 -0.891289 43.2749 0.0251256 0.994323 -0.103393 -10.314 0.896965 0.0232424 0.44149 245.191
0.446647 -0.103809 -0.888668 42.6245 0.0264888 0.994345 -0.10284 -10.4002 0.894318 0.0223937 0.446871 245.523
0.453155 -0.105167 -0.885207 41.9617 0.0272733 0.994187 -0.104153 -10.4818 0.891015 0.0230547 0.453389 245.86
0.460199 -0.105262 -0.881553 41.3032 0.0278672 0.99417 -0.104161 -10.5677 0.887378 0.0233684 0.46045 246.2
0.465892 -0.104299 -0.878673 40.6548 0.0287856 0.99429 -0.10276 -10.6497 0.884373 0.0225818 0.466234 246.554
0.472486 -0.10361 -0.875227 39.9894 0.0302675 0.994388 -0.101376 -10.7369 0.880818 0.0214079 0.47297 246.916
0.479273 -0.104091 -0.871471 39.3421 0.0307567 0.994324 -0.10185 -10.8255 0.877127 0.0220105 0.479754 247.279
0.485459 -0.105812 -0.867833 38.6918 0.0313568 0.994117 -0.103669 -10.9048 0.873697 0.0231147 0.485921 247.644
0.491404 -0.107038 -0.864329 38.0393 0.0278457 0.993843 -0.107245 -10.9915 0.870487 0.0286329 0.491359 248.012
0.497537 -0.107341 -0.860776 37.3786 0.0264946 0.993732 -0.108606 -11.0785 0.867038 0.0312298 0.497263 248.39
0.502784 -0.108159 -0.857619 36.7225 0.029304 0.993704 -0.108141 -11.1685 0.863915 0.0292401 0.502788 248.781
0.507559 -0.107613 -0.854871 36.0716 0.0322865 0.993848 -0.105939 -11.2617 0.861012 0.0261692 0.507911 249.175
