1 0.000186618 -0.000152215 -0.00498569 -0.000186566 1 0.000345872 -0.00583754 0.00015228 -0.000345844 1 0.658031
0.999999 0.0013653 -0.000134981 -0.0109674 -0.00136514 0.999998 0.00117537 -0.00442037 0.000136585 -0.00117518 0.999999 1.33917
0.999998 0.00189081 -0.000191212 -0.0156141 -0.00189027 0.999994 0.0027814 -0.00271796 0.00019647 -0.00278103 0.999996 2.03958
0.999997 0.0026352 -0.00011511 -0.0200101 -0.00263459 0.999984 0.004982 -0.00476812 0.000128237 -0.00498168 0.999988 2.75775
0.999997 0.00236805 -0.000104034 -0.0221424 -0.00236737 0.999979 0.0060508 -0.00306626 0.00011836 -0.00605054 0.999982 3.49992
1 0.000746123 -6.56679e-05 -0.0236295 -0.00074562 0.999973 0.00735521 -0.00131523 7.1154e-05 -0.00735516 0.999973 4.26822
1 -0.000460296 -9.43428e-05 -0.0240979 0.000461012 0.99997 0.0077326 0.0003855 9.07807e-05 -0.00773265 0.99997 5.03061
0.999997 -0.00258722 5.13181e-05 -0.0233245 0.00258666 0.999957 0.00892516 0.00206956 -7.44072e-05 -0.008925 0.99996 5.81742
0.999995 -0.00299849 -0.000313304 -0.021816 0.00300156 0.999942 0.0103185 -0.000568126 0.000282346 -0.0103194 0.999947 6.62232
0.999991 -0.00411692 -0.000400167 -0.017532 0.00412055 0.999946 0.009545 -0.00185085 0.00036085 -0.00954657 0.999954 7.45781
0.999997 -0.00220382 -0.000550021 -0.0230405 0.00220717 0.999979 0.00617347 0.00231277 0.000536404 -0.00617467 0.999981 8.2965
0.999997 -0.00254797 -0.00050629 -0.0217487 0.00254884 0.999995 0.00172358 0.000819284 0.000501896 -0.00172487 0.999998 9.15396
0.999998 0.00175676 -0.000660909 -0.0329885 -0.00175639 0.999998 0.000551735 0.00486503 0.000661877 -0.000550574 1 10.0139
0.99999 0.00443651 -0.000189426 -0.0444017 -0.00443607 0.999988 0.00224716 0.008332 0.000199393 -0.0022463 0.999997 10.8917
0.999961 0.00882845 0.000279491 -0.0530075 -0.00883009 0.99994 0.00652002 0.00213632 -0.000221913 -0.00652223 0.999979 11.7982
0.999925 0.0122331 0.000502174 -0.0562512 -0.0122366 0.999895 0.00770033 -0.00119943 -0.000407923 -0.0077059 0.99997 12.7093
0.999916 0.0129633 0.000584218 -0.0656138 -0.0129677 0.999881 0.00834355 0.00471912 -0.000475989 -0.00835042 0.999965 13.6244
0.9999 0.0141464 0.000511033 -0.0721732 -0.0141497 0.999875 0.00701752 0.00663658 -0.000411696 -0.00702405 0.999975 14.5577
0.999893 0.0146047 0.000541225 -0.080754 -0.0146078 0.999874 0.0062366 0.00801067 -0.000450073 -0.00624384 0.99998 15.4927
0.999917 0.0128986 0.000574388 -0.0839898 -0.012902 0.999896 0.00638069 0.00284573 -0.000492026 -0.00638757 0.999979 16.4331
0.999887 0.0150273 0.000684924 -0.0936545 -0.0150319 0.99986 0.00734834 0.008657 -0.000574403 -0.00735781 0.999973 17.3871
0.999879 0.015518 0.00106619 -0.101916 -0.0155254 0.999853 0.0072839 0.00427746 -0.000953 -0.00729957 0.999973 18.346
0.999909 0.0134279 0.00106399 -0.106377 -0.0134333 0.999896 0.00524223 0.00183902 -0.000993485 -0.00525605 0.999986 19.3117
0.999916 0.0129747 0.000677918 -0.103896 -0.0129767 0.999911 0.00298787 0.000775683 -0.000639091 -0.00299641 0.999995 20.2771
0.999882 0.015349 0.000362898 -0.111336 -0.0153502 0.999876 0.00354911 -0.00214852 -0.000308377 -0.00355426 0.999994 21.2378
0.999884 0.0152361 0.000656255 -0.121778 -0.0152396 0.999867 0.00576333 -0.00733731 -0.000568357 -0.00577266 0.999983 22.2197
0.999875 0.0157825 0.000350203 -0.122443 -0.0157847 0.999848 0.00734083 -0.0140308 -0.000234293 -0.00734544 0.999973 23.207
0.999867 0.0163176 0.000282074 -0.122782 -0.0163196 0.999822 0.0095008 -0.0180356 -0.000126993 -0.00950414 0.999955 24.1983
0.999878 0.0156195 0.000225564 -0.129381 -0.015621 0.999824 0.0103622 -0.0185357 -6.36726e-05 -0.0103644 0.999946 25.1829
0.9999 0.0141332 -9.63391e-05 -0.129952 -0.014131 0.999827 0.0120803 -0.0180072 0.000267055 -0.0120777 0.999927 26.1645
0.999923 0.0124406 -0.000136874 -0.135131 -0.0124377 0.999839 0.0129624 -0.0187543 0.000298111 -0.0129597 0.999916 27.1533
0.999935 0.0114023 -0.000506609 -0.135712 -0.0113956 0.999867 0.0116487 -0.0164397 0.000639363 -0.0116422 0.999932 28.146
0.999948 0.0101787 -0.000767723 -0.135848 -0.0101727 0.99992 0.00753002 -0.0149323 0.000844308 -0.00752182 0.999971 29.139
0.999974 0.00711709 -0.00100348 -0.13486 -0.00711157 0.99996 0.00539306 -0.0221033 0.00104183 -0.00538578 0.999985 30.1231
0.999988 0.00459504 -0.00139478 -0.128463 -0.004585 0.999964 0.00711892 -0.019493 0.00142744 -0.00711245 0.999974 31.1387
0.999999 4.44938e-05 -0.0016492 -0.121888 -2.08596e-05 0.999897 0.014328 -0.0228419 0.00164967 -0.0143279 0.999896 32.1488
0.999977 -0.00578678 -0.00347142 -0.116172 0.00585438 0.999787 0.0197884 -0.0188103 0.00335617 -0.0198083 0.999798 33.1654
0.999895 -0.013184 -0.00599484 -0.116813 0.013306 0.999695 0.0207988 -0.0175067 0.00571881 -0.0208764 0.999766 34.1566
0.999814 -0.0169031 -0.00931258 -0.126371 0.017075 0.999679 0.0187042 -0.00749577 0.00899344 -0.0188597 0.999782 35.1437
0.999692 -0.0203612 -0.0141971 -0.138769 0.0206181 0.999622 0.0181916 0.000996615 0.0138214 -0.0184787 0.999734 36.1242
0.999547 -0.021695 -0.0208496 -0.155429 0.022094 0.999573 0.0191016 0.012944 0.0204262 -0.0195536 0.9996 37.1395
0.999383 -0.0207133 -0.0283603 -0.192413 0.0213521 0.999521 0.0224125 0.0139206 0.0278824 -0.0230042 0.999346 38.1285
0.999066 -0.0212054 -0.0376476 -0.232641 0.0221858 0.99942 0.0258186 0.0224049 0.0370783 -0.0266297 0.998957 39.1122
0.998613 -0.0205253 -0.0484952 -0.288436 0.0219126 0.999361 0.0282517 0.0327955 0.0478843 -0.0292751 0.998424 40.0877
0.997916 -0.0209766 -0.0610162 -0.353836 0.0228248 0.999297 0.0297536 0.049773 0.0603491 -0.0310843 0.997693 41.082
0.99693 -0.0205643 -0.0755556 -0.432239 0.0229596 0.999257 0.030972 0.0717783 0.0748626 -0.0326116 0.99666 42.08
0.995635 -0.0208315 -0.0909775 -0.523171 0.0238485 0.999197 0.0322021 0.0890961 0.0902336 -0.0342312 0.995332 43.0794
0.99404 -0.0204366 -0.107081 -0.635819 0.0238872 0.999233 0.0310408 0.106251 0.106364 -0.0334137 0.993766 44.0681
0.992136 -0.0202145 -0.123521 -0.766383 0.0240638 0.999268 0.0297509 0.132258 0.12283 -0.0324894 0.991896 45.0706
0.989915 -0.0204064 -0.140184 -0.911939 0.0248155 0.999248 0.0297763 0.151885 0.139471 -0.0329548 0.989678 46.0685
0.987337 -0.0206637 -0.157287 -1.07767 0.0259874 0.999154 0.0318657 0.169816 0.156496 -0.0355497 0.987039 47.0694
0.984484 -0.0229042 -0.173974 -1.25842 0.028913 0.999067 0.0320824 0.199396 0.173077 -0.0366147 0.984228 48.0811
0.981291 -0.0252383 -0.19087 -1.44676 0.0319166 0.998978 0.0319953 0.227959 0.189867 -0.0374887 0.981094 49.0614
0.977796 -0.0263615 -0.207893 -1.65783 0.0338228 0.998902 0.0324169 0.247705 0.20681 -0.0387286 0.977614 50.0571
0.973961 -0.0277124 -0.225016 -1.87829 0.0363045 0.998758 0.0341363 0.263592 0.22379 -0.0414165 0.973757 51.0297
0.969855 -0.027432 -0.242132 -2.12331 0.0367986 0.998736 0.0342457 0.281481 0.240887 -0.0421235 0.969639 52.0052
0.965425 -0.0282057 -0.25915 -2.38686 0.0383536 0.998679 0.0341851 0.298449 0.257844 -0.0429424 0.965232 52.9663
0.960495 -0.0294098 -0.276738 -2.6668 0.0405233 0.998582 0.0345249 0.318495 0.27533 -0.0443753 0.960325 53.9406
0.955532 -0.0281759 -0.293539 -2.97751 0.0404963 0.998532 0.0359779 0.342806 0.292095 -0.0462653 0.95527 54.9052
0.950074 -0.0277978 -0.310785 -3.29176 0.0407679 0.998544 0.0353142 0.357723 0.309351 -0.0462212 0.949824 55.8511
0.944341 -0.0274194 -0.327825 -3.6193 0.0402497 0.998664 0.0324156 0.373385 0.326498 -0.0438062 0.944182 56.7843
0.93845 -0.0276515 -0.344308 -3.9691 0.0402314 0.998756 0.0294445 0.391814 0.343066 -0.0414841 0.938395 57.7238
0.932563 -0.0249092 -0.360147 -4.34053 0.0385096 0.998788 0.0306366 0.407532 0.358947 -0.0424396 0.932393 58.6541
0.926548 -0.0215779 -0.375558 -4.72398 0.0364754 0.998803 0.0326025 0.42399 0.374404 -0.0439064 0.926225 59.576
0.920527 -0.0193795 -0.390198 -5.12415 0.0353966 0.998798 0.0338991 0.437974 0.389072 -0.0450167 0.920107 60.4909
0.914298 -0.0185651 -0.404616 -5.52551 0.0352249 0.998809 0.0337679 0.454452 0.403507 -0.0451265 0.913863 61.38
0.908202 -0.0157995 -0.418234 -5.94764 0.0325701 0.998925 0.0329904 0.469403 0.417263 -0.0435839 0.90774 62.2629
0.902131 -0.0125702 -0.43128 -6.3835 0.0299947 0.998984 0.0336248 0.493776 0.430419 -0.0432701 0.901592 63.1394
0.896436 -0.0103642 -0.443053 -6.82506 0.0291339 0.998942 0.035579 0.51661 0.442215 -0.0448021 0.895789 64.0261
0.891434 -0.00539774 -0.453118 -7.27663 0.024997 0.998992 0.037277 0.537347 0.45246 -0.0445566 0.890671 64.8734
0.886812 -0.000102757 -0.462131 -7.72957 0.0195982 0.999109 0.037386 0.551638 0.461715 -0.0422112 0.886023 65.7165
0.882769 0.000716331 -0.469807 -8.18126 0.0175462 0.999251 0.0344929 0.576171 0.46948 -0.0386926 0.882095 66.5309
0.879429 0.00313687 -0.47602 -8.64552 0.0146888 0.999323 0.0337224 0.592509 0.475804 -0.0366486 0.878788 67.3635
0.876309 0.0070412 -0.481698 -9.10664 0.0112532 0.999321 0.0350793 0.607359 0.481618 -0.036161 0.875635 68.185
0.87372 0.0105206 -0.486315 -9.56668 0.00926762 0.999225 0.0382669 0.622214 0.48634 -0.0379415 0.872945 68.991
0.871213 0.0129204 -0.490736 -10.0208 0.00763628 0.999176 0.0398638 0.641356 0.490846 -0.0384772 0.870396 69.7812
0.868649 0.013573 -0.495242 -10.4727 0.00650542 0.999226 0.038796 0.662382 0.495385 -0.0369219 0.867888 70.5528
0.866248 0.0128549 -0.499449 -10.9219 0.00592038 0.999335 0.0359894 0.679767 0.499579 -0.0341326 0.865595 71.3148
0.863601 0.0117484 -0.504039 -11.357 0.00561346 0.999442 0.0329134 0.697587 0.504144 -0.0312534 0.863054 72.0554
0.861234 0.0123166 -0.50806 -11.8077 0.00437161 0.99949 0.0316405 0.712592 0.508191 -0.0294709 0.86074 72.8017
0.858977 0.0125971 -0.51186 -12.2537 0.00460346 0.999467 0.0323225 0.720154 0.511994 -0.0301206 0.858461 73.5381
0.856541 0.0111358 -0.515959 -12.6892 0.00662304 0.999448 0.0325657 0.73877 0.516037 -0.031311 0.855994 74.2628
0.854368 0.0118317 -0.519533 -13.1373 0.00554348 0.999476 0.031878 0.752966 0.519638 -0.0301156 0.853855 74.9867
0.852373 0.012241 -0.522791 -13.5835 0.00464707 0.999509 0.0309798 0.771814 0.522914 -0.0288358 0.851898 75.6991
0.850351 0.0106849 -0.526108 -14.0302 0.00692658 0.99948 0.0314942 0.785274 0.526171 -0.0304252 0.849834 76.4164
0.848522 0.0114149 -0.529037 -14.4718 0.00602103 0.999494 0.0312229 0.797512 0.529126 -0.0296787 0.848024 77.113
0.847409 0.0151242 -0.530725 -14.9194 0.00344078 0.999417 0.0339745 0.810494 0.530929 -0.0306164 0.846863 77.8044
0.846273 0.0173574 -0.532466 -15.3584 0.0048822 0.999174 0.0403307 0.83082 0.532727 -0.0367304 0.84549 78.4944
0.845191 0.0176812 -0.534171 -15.7974 0.00832053 0.998896 0.0462289 0.860969 0.534399 -0.0435169 0.844111 79.1901
0.84435 0.0180683 -0.535487 -16.2342 0.00855275 0.998849 0.0471889 0.874825 0.535723 -0.0444239 0.843224 79.8704
0.843385 0.0156668 -0.537082 -16.6665 0.00642092 0.99921 0.03923 0.89119 0.537272 -0.0365346 0.842617 80.5313
0.842577 0.00976096 -0.538487 -17.0993 0.0068992 0.999558 0.0289139 0.913309 0.538531 -0.0280773 0.842138 81.1973
0.842071 0.00559673 -0.539338 -17.525 0.00865675 0.999677 0.0238895 0.927136 0.539297 -0.0247856 0.841751 81.8583
0.84213 0.00437716 -0.539257 -17.955 0.00980601 0.999677 0.023428 0.936757 0.539185 -0.0250174 0.841816 82.526
0.842233 0.00688959 -0.539069 -18.3874 0.00692831 0.999697 0.0236013 0.937588 0.539069 -0.0236127 0.841931 83.1852
0.842912 0.00653891 -0.538011 -18.8172 0.00674265 0.999719 0.0227143 0.948326 0.538009 -0.0227738 0.842632 83.8401
0.843481 0.00760689 -0.537105 -19.2421 0.00726951 0.999647 0.025574 0.954829 0.537109 -0.0254756 0.843128 84.5041
0.843812 0.00967426 -0.536551 -19.6627 0.00808765 0.999495 0.0307405 0.967166 0.536577 -0.0302786 0.843308 85.1659
0.844295 0.0120375 -0.535743 -20.0887 0.00818058 0.999342 0.0353461 0.984044 0.535816 -0.0342252 0.843641 85.8268
0.844226 0.0131441 -0.535827 -20.5148 0.00734105 0.999322 0.0360802 0.99955 0.535938 -0.0343933 0.843557 86.4928
0.843744 0.0122288 -0.536606 -20.9448 0.00619826 0.999452 0.0325226 1.0171 0.536709 -0.0307668 0.843206 87.1646
0.843011 0.00902377 -0.53782 -21.3805 0.00662792 0.999609 0.0271609 1.0338 0.537855 -0.0264615 0.842622 87.8425
0.842117 0.00594902 -0.539263 -21.8234 0.00661337 0.99975 0.0213565 1.05505 0.539255 -0.021551 0.841867 88.5328
0.840938 0.00589938 -0.5411 -22.2723 0.0054005 0.999799 0.0192934 1.06357 0.541105 -0.0191468 0.840737 89.2283
0.839784 0.0110204 -0.542808 -22.7392 0.000875039 0.999765 0.0216516 1.07983 0.542919 -0.0186576 0.839578 89.9211
0.838376 0.0168644 -0.544831 -23.2131 -0.00259275 0.999633 0.0269525 1.09751 0.545086 -0.0211837 0.838112 90.622
0.836918 0.0201433 -0.546957 -23.6958 -0.00348637 0.999498 0.0314748 1.11568 0.547317 -0.0244349 0.836569 91.3442
0.835496 0.0209346 -0.549097 -24.1763 -0.00419731 0.999488 0.0317195 1.13062 0.54948 -0.0241968 0.835156 92.0677
0.834196 0.0205859 -0.551084 -24.6724 -0.00554106 0.999565 0.0289513 1.14842 0.55144 -0.0210975 0.833948 92.8058
0.832724 0.0200525 -0.553324 -25.1749 -0.00687014 0.999641 0.0258879 1.16677 0.553645 -0.0177561 0.832564 93.5473
0.831076 0.0199218 -0.555802 -25.6925 -0.0077244 0.999675 0.0242816 1.1803 0.556105 -0.0158866 0.83096 94.3094
0.829564 0.0168961 -0.558156 -26.2147 -0.00449318 0.999712 0.0235845 1.19772 0.558394 -0.017057 0.829401 95.0782
0.827878 0.0135439 -0.560744 -26.7359 -0.0013396 0.999753 0.0221697 1.21573 0.560906 -0.0176027 0.827692 95.8444
0.826075 0.0099884 -0.563472 -27.2676 0.00144683 0.999802 0.0198441 1.2308 0.563559 -0.017208 0.825897 96.6159
0.824229 0.00632929 -0.566221 -27.8059 0.00425039 0.99984 0.0173635 1.23612 0.56624 -0.0167182 0.824071 97.3914
0.821973 0.005225 -0.569503 -28.3656 0.00451834 0.999867 0.0156949 1.24919 0.569509 -0.015474 0.82184 98.1848
0.819747 0.00508632 -0.572703 -28.9346 0.00432227 0.999877 0.0150669 1.25195 0.572709 -0.0148264 0.819624 98.9835
0.817342 0.00476024 -0.576133 -29.5052 0.00491959 0.999872 0.0152406 1.26357 0.576132 -0.0152911 0.817214 99.7832
0.815068 0.00627669 -0.579331 -30.0849 0.00371105 0.999864 0.016054 1.26889 0.579353 -0.0152351 0.814934 100.594
0.813638 0.0077289 -0.58132 -30.6765 0.00202073 0.999868 0.016122 1.27691 0.581368 -0.0142921 0.813515 101.41
0.813093 0.00846849 -0.582072 -31.2763 -0.000264161 0.999899 0.0141784 1.28396 0.582133 -0.0113746 0.813014 102.232
0.813205 0.00819464 -0.581919 -31.8797 -0.00197015 0.999934 0.011328 1.28484 0.581973 -0.00806551 0.813168 103.062
0.813425 0.00969062 -0.581589 -32.4821 -0.00412153 0.999932 0.0108967 1.28624 0.581655 -0.00646662 0.81341 103.891
0.814068 0.0107319 -0.580671 -33.0902 -0.00397354 0.999909 0.0129095 1.29226 0.580757 -0.00820185 0.814036 104.732
0.814849 0.0109898 -0.579569 -33.7004 -0.00329946 0.999892 0.0143211 1.29878 0.579664 -0.00975726 0.814797 105.583
0.815827 0.00847577 -0.578233 -34.3157 -0.00146054 0.99992 0.0125962 1.30357 0.578293 -0.00943178 0.815774 106.445
0.816637 0.00425916 -0.577136 -34.928 0.00140835 0.999955 0.00937229 1.31076 0.57715 -0.00846657 0.816594 107.302
0.817004 0.001448 -0.576631 -35.5458 0.00385831 0.999961 0.00797771 1.30837 0.576619 -0.00874264 0.816966 108.177
0.81774 -0.00290544 -0.575581 -36.1682 0.00701166 0.999963 0.00491396 1.30699 0.575545 -0.00805412 0.81773 109.054
0.818339 -0.00852386 -0.574672 -36.7825 0.0109892 0.999939 0.000817069 1.29582 0.57463 -0.00698382 0.818383 109.926
0.819049 -0.00585613 -0.573694 -37.4094 0.00717202 0.999974 3.18154e-05 1.28832 0.573679 -0.0041406 0.81907 110.802
0.819892 -0.00150984 -0.572516 -38.0379 0.00577493 0.999967 0.00563308 1.28221 0.572489 -0.00792476 0.819874 111.689
0.820198 0.00887087 -0.57201 -38.6674 0.00258704 0.999812 0.0192148 1.27832 0.572073 -0.0172398 0.820021 112.58
0.821467 0.0164244 -0.570019 -39.3042 -0.000148754 0.999591 0.0285876 1.28234 0.570255 -0.023399 0.821134 113.465
0.822238 0.0215287 -0.568737 -39.9299 -0.00388578 0.999473 0.0322158 1.30023 0.569131 -0.0242791 0.821888 114.354
0.823042 0.0215585 -0.567572 -40.559 -0.00506634 0.999518 0.0306187 1.32292 0.567958 -0.022325 0.822754 115.238
0.823634 0.0130997 -0.56697 -41.1835 0.00417268 0.999566 0.0291563 1.34153 0.567106 -0.0263799 0.823222 116.155
0.823482 0.00978036 -0.567258 -41.7954 0.00524461 0.999677 0.0248494 1.3538 0.567319 -0.0234381 0.823165 117.052
0.824046 0.00534363 -0.566498 -42.4241 0.00622253 0.99981 0.0184824 1.36929 0.566489 -0.0187554 0.823856 117.946
0.825191 0.00257402 -0.564847 -43.0608 0.0052502 0.999911 0.0122267 1.3812 0.564829 -0.0130549 0.825105 118.858
0.825807 0.0071148 -0.563908 -43.6888 9.59679e-05 0.999919 0.0127565 1.38487 0.563953 -0.0105885 0.825739 119.751
0.826355 0.0128031 -0.563004 -44.3272 -0.00331505 0.999835 0.0178712 1.3892 0.56314 -0.0129016 0.826261 120.668
0.827136 0.0143634 -0.561818 -44.9554 0.00144409 0.999616 0.0276822 1.40941 0.562 -0.0237082 0.826798 121.587
0.82747 0.0173498 -0.561242 -45.5852 0.00457174 0.999281 0.0376314 1.42563 0.561491 -0.0337047 0.826796 122.511
0.827645 0.0157489 -0.561031 -46.2066 0.00847819 0.999141 0.0405545 1.4498 0.561187 -0.0383212 0.826801 123.426
0.827565 0.0102935 -0.561275 -46.823 0.0121006 0.999272 0.0361678 1.485 0.561239 -0.036723 0.826839 124.342
0.827665 0.00299218 -0.561215 -47.4391 0.0157365 0.999469 0.0285365 1.51639 0.561002 -0.0324502 0.827178 125.245
0.82705 0.00278712 -0.562121 -48.0604 0.0119965 0.999672 0.0226071 1.53292 0.562 -0.0254407 0.826746 126.149
0.827299 0.00189744 -0.561758 -48.6867 0.0100803 0.999783 0.0182221 1.5437 0.561671 -0.0207378 0.827101 127.056
0.827278 0.00199677 -0.561789 -49.3187 0.00797985 0.999851 0.0153047 1.55382 0.561736 -0.0171443 0.827139 127.955
0.827147 0.00401428 -0.561971 -49.9442 0.0071043 0.99982 0.0175985 1.56166 0.56194 -0.018549 0.82697 128.864
0.827043 0.00709278 -0.562093 -50.5677 0.00913128 0.999619 0.0260491 1.57107 0.562064 -0.0266764 0.826663 129.775
0.827001 0.0103238 -0.562105 -51.1967 0.00905255 0.999457 0.031675 1.57782 0.562127 -0.0312838 0.826459 130.692
0.826934 0.00949658 -0.562219 -51.824 0.0120177 0.99933 0.0345561 1.59155 0.562171 -0.0353322 0.826266 131.603
0.826649 0.00757347 -0.562667 -52.458 0.0128232 0.999396 0.0322911 1.60966 0.562572 -0.0339086 0.826053 132.513
0.826373 0.00351694 -0.563112 -53.0821 0.015417 0.999464 0.0288668 1.63822 0.562912 -0.0325363 0.825876 133.431
0.825749 0.000881441 -0.564037 -53.7068 0.0173985 0.999483 0.0270334 1.65829 0.563769 -0.0321362 0.825307 134.344
0.825249 0.00445448 -0.564752 -54.333 0.0159136 0.999388 0.0311366 1.66704 0.564545 -0.0346826 0.824673 135.25
0.82463 0.00636842 -0.565637 -54.958 0.0163919 0.999248 0.0351477 1.68583 0.565435 -0.0382557 0.823905 136.156
0.823882 0.00869062 -0.566694 -55.5945 0.0136633 0.999287 0.0351889 1.71105 0.566596 -0.0367344 0.823176 137.082
0.823464 0.00966918 -0.567287 -56.2278 0.00923169 0.999494 0.0304366 1.73151 0.567294 -0.0303004 0.822958 137.975
0.823291 0.00926074 -0.567543 -56.8545 0.00741656 0.999606 0.0270695 1.7537 0.56757 -0.0264953 0.822898 138.869
0.82304 0.0109515 -0.567878 -57.4949 0.00657498 0.999563 0.0288058 1.77346 0.567946 -0.0274421 0.822609 139.783
0.822599 0.0124144 -0.568486 -58.1171 0.00752816 0.999436 0.0327186 1.78902 0.568571 -0.0311939 0.822042 140.685
0.822087 0.01142 -0.569247 -58.7488 0.0083146 0.999451 0.0320583 1.80729 0.569301 -0.0310878 0.821541 141.574
0.821954 0.00621122 -0.56952 -59.3591 0.0142045 0.999406 0.0314001 1.82571 0.569377 -0.0338992 0.821377 142.465
0.821735 0.00690324 -0.569828 -59.9932 0.0142144 0.999367 0.0326051 1.84117 0.569693 -0.0348925 0.821117 143.354
0.821603 0.00852978 -0.569997 -60.627 0.0129098 0.999353 0.0335633 1.85777 0.569914 -0.0349343 0.820961 144.241
0.821063 0.00838973 -0.570776 -61.2462 0.0122954 0.9994 0.032377 1.87914 0.570706 -0.0336015 0.820467 145.105
0.820542 0.00828918 -0.571527 -61.8682 0.0124175 0.9994 0.0323227 1.90103 0.571452 -0.0336191 0.819947 145.979
0.820337 0.0113993 -0.571767 -62.4868 0.0118017 0.999251 0.0368545 1.91835 0.571759 -0.0369809 0.819588 146.856
0.820343 0.0131176 -0.571721 -63.1176 0.010676 0.999211 0.0382446 1.93455 0.571772 -0.0374774 0.819556 147.74
0.820015 0.0110822 -0.572234 -63.7332 0.0116889 0.99928 0.036103 1.95102 0.572222 -0.0362938 0.819295 148.619
0.819563 0.00838583 -0.572927 -64.3405 0.0123512 0.999402 0.0322962 1.97192 0.572856 -0.0335451 0.81897 149.478
0.819553 0.00849272 -0.57294 -64.9572 0.0126474 0.999378 0.0329051 1.99133 0.572863 -0.0342137 0.818937 150.34
0.819511 0.0139241 -0.572894 -65.5768 0.00823592 0.999315 0.0360695 2.01539 0.573004 -0.0342777 0.818836 151.192
0.819613 0.0151159 -0.572718 -66.1829 0.00760769 0.999277 0.0372614 2.02905 0.572867 -0.034897 0.818905 152.042
0.819292 0.0117041 -0.573257 -66.7821 0.00961684 0.999371 0.0341483 2.04637 0.573295 -0.0334904 0.818664 152.883
0.819088 0.00805336 -0.573611 -67.3713 0.0118543 0.99945 0.0309593 2.06788 0.573546 -0.0321582 0.818542 153.727
0.818918 0.00589302 -0.573881 -67.9624 0.0137672 0.999458 0.0299088 2.08424 0.573746 -0.0323936 0.818392 154.57
0.818774 0.00313684 -0.574108 -68.5469 0.0183966 0.999328 0.0316969 2.09233 0.573822 -0.0365142 0.818166 155.397
0.818425 0.00166924 -0.574612 -69.1194 0.021419 0.999212 0.03341 2.10145 0.574215 -0.0396511 0.817744 156.226
0.818669 0.000359151 -0.574265 -69.6961 0.023935 0.99911 0.0347465 2.12457 0.573766 -0.0421909 0.817932 157.042
0.819228 5.40298e-05 -0.573469 -70.2657 0.0264854 0.998929 0.0379298 2.13453 0.572857 -0.0462617 0.818349 157.852
0.819531 0.000636364 -0.573034 -70.8232 0.0266408 0.998876 0.0392099 2.15606 0.572415 -0.0473998 0.818593 158.644
0.82004 -0.00201715 -0.572302 -71.3797 0.0279286 0.998943 0.0364975 2.17156 0.571624 -0.045913 0.81923 159.423
0.820641 -0.00558327 -0.571416 -71.9282 0.0294667 0.999035 0.0325571 2.18572 0.570683 -0.0435554 0.820014 160.204
0.821853 -0.00459125 -0.56968 -72.4807 0.0280923 0.999078 0.0324756 2.20655 0.569006 -0.0426938 0.821224 160.984
0.823433 7.70369e-05 -0.567413 -73.0287 0.0251407 0.999013 0.03662 2.22593 0.566856 -0.0444193 0.822619 161.757
0.825484 0.000629977 -0.564425 -73.5625 0.0254912 0.998937 0.0383965 2.24425 0.56385 -0.0460836 0.824591 162.52
0.828192 0.000800454 -0.560444 -74.0798 0.0238899 0.99904 0.03673 2.25574 0.559935 -0.0438084 0.827378 163.268
0.831577 0.000685226 -0.555409 -74.5854 0.0237723 0.999039 0.0368252 2.28423 0.5549 -0.0438263 0.830762 164.016
0.835053 0.00267242 -0.550163 -75.0729 0.0243773 0.998826 0.0418524 2.29887 0.549629 -0.0483605 0.834008 164.745
0.838827 0.00158283 -0.544395 -75.5447 0.0271653 0.998628 0.0447609 2.31553 0.543719 -0.0523354 0.837634 165.472
0.843073 -0.00341094 -0.537789 -75.993 0.0311709 0.998609 0.0425318 2.33699 0.536895 -0.0526208 0.842006 166.183
0.847291 -0.00761112 -0.531075 -76.4208 0.0331128 0.998709 0.0385161 2.35238 0.530096 -0.0502197 0.846449 166.876
0.85222 -0.0124024 -0.523036 -76.8295 0.0373093 0.998614 0.0371112 2.3699 0.521851 -0.051141 0.851502 167.551
0.856998 -0.0161348 -0.515066 -77.2188 0.0413654 0.998438 0.0375496 2.38984 0.513656 -0.0534859 0.856327 168.22
0.861921 -0.0200351 -0.506646 -77.5881 0.0461592 0.99817 0.0390552 2.4018 0.504937 -0.0570489 0.861269 168.871
0.867163 -0.0225533 -0.497514 -77.9408 0.0494852 0.997932 0.041014 2.41461 0.49556 -0.0601854 0.866486 169.502
0.872091 -0.0255072 -0.488678 -78.2795 0.0523782 0.997769 0.0413941 2.42935 0.486532 -0.0616955 0.871482 170.121
0.877077 -0.0289415 -0.479478 -78.6103 0.0540863 0.997786 0.0387097 2.43904 0.477296 -0.0598845 0.8767 170.739
0.882392 -0.0305541 -0.469523 -78.9251 0.0541827 0.997849 0.0368927 2.44963 0.467386 -0.0579939 0.882149 171.336
0.886836 -0.0345883 -0.460788 -79.2181 0.0566106 0.997815 0.0340537 2.46478 0.458604 -0.0562855 0.886857 171.922
0.890703 -0.0386667 -0.452939 -79.5043 0.059372 0.997736 0.0315796 2.47851 0.450693 -0.05502 0.890982 172.513
0.895077 -0.03744 -0.444337 -79.7836 0.0573256 0.997862 0.031397 2.49022 0.442211 -0.0535747 0.895309 173.077
0.899103 -0.0301831 -0.436696 -80.0638 0.0484434 0.998353 0.0307358 2.48872 0.435049 -0.0487897 0.899084 173.626
0.901931 -0.0302408 -0.43082 -80.3269 0.0470338 0.99849 0.0283788 2.49822 0.429311 -0.0458588 0.901992 174.176
0.903552 -0.0303009 -0.427406 -80.5893 0.0475401 0.998427 0.0297182 2.50863 0.425833 -0.0471708 0.903571 174.73
0.904032 -0.0311079 -0.426331 -80.8499 0.0504541 0.998142 0.0341567 2.5165 0.424476 -0.0523889 0.903922 175.283
0.903092 -0.0287472 -0.428485 -81.1153 0.0492479 0.998107 0.0368333 2.53285 0.426615 -0.0543658 0.902798 175.823
0.901252 -0.0255839 -0.43254 -81.3946 0.0462511 0.998232 0.0373267 2.544 0.43082 -0.0536462 0.900842 176.359
0.897007 -0.0269468 -0.441193 -81.6727 0.047068 0.998288 0.0347232 2.55184 0.439502 -0.0519131 0.89674 176.894
0.889905 -0.0328138 -0.454965 -81.9515 0.0521934 0.998183 0.0300969 2.56153 0.45315 -0.0505295 0.890001 177.423
0.879598 -0.0418938 -0.47387 -82.2311 0.0615045 0.997769 0.025954 2.57424 0.471726 -0.0519743 0.880212 177.941
0.866593 -0.0452787 -0.496958 -82.5352 0.0658304 0.997544 0.0239067 2.58009 0.494655 -0.0534323 0.867445 178.452
0.850851 -0.0414803 -0.523768 -82.8665 0.0633863 0.997702 0.0239558 2.5895 0.52157 -0.0535825 0.851524 178.943
0.832796 -0.0364718 -0.552377 -83.2173 0.0602024 0.997876 0.024878 2.59502 0.550297 -0.0539727 0.833223 179.415
0.813456 -0.0302163 -0.580842 -83.5944 0.0564141 0.99804 0.027087 2.60628 0.578885 -0.0548018 0.813566 179.891
0.7918 -0.0261461 -0.61022 -83.9866 0.0573971 0.997847 0.0317217 2.62163 0.608077 -0.0601421 0.791597 180.36
0.768059 -0.0192499 -0.640089 -84.4055 0.057648 0.997568 0.0391728 2.62962 0.637778 -0.0669869 0.767301 180.823
0.742618 -0.0142988 -0.669563 -84.8476 0.0547255 0.997724 0.0393897 2.63899 0.667476 -0.0658936 0.74171 181.266
0.715557 -0.0143372 -0.698407 -85.304 0.0526673 0.998051 0.0334721 2.65176 0.696566 -0.0607344 0.714917 181.689
0.685922 -0.018543 -0.727439 -85.7777 0.0521672 0.998356 0.023741 2.66446 0.725803 -0.0542329 0.685762 182.103
0.654523 -0.024451 -0.755647 -86.2695 0.0543514 0.998413 0.0147715 2.67807 0.754086 -0.0507388 0.654813 182.5
0.62243 -0.0201629 -0.782416 -86.7824 0.0496718 0.998671 0.0137793 2.6971 0.781098 -0.0474406 0.622604 182.873
0.589406 -0.0115845 -0.807754 -87.3344 0.0462345 0.998742 0.019413 2.69514 0.806513 -0.0487882 0.5892 183.235
0.555777 -0.00675364 -0.831304 -87.9195 0.0455524 0.998712 0.0223409 2.6961 0.830082 -0.0502844 0.555369 183.589
0.52017 -0.00716172 -0.854033 -88.5017 0.04476 0.998819 0.0188863 2.69186 0.852889 -0.0480506 0.519876 183.925
0.482605 -0.0122548 -0.875753 -89.1199 0.0469043 0.998829 0.0118706 2.70862 0.874582 -0.0468053 0.482614 184.246
0.44323 -0.0155182 -0.896273 -89.742 0.0485129 0.9988 0.00669751 2.71525 0.895094 -0.0464494 0.443451 184.538
0.40317 -0.0156275 -0.914992 -90.3939 0.0488925 0.998794 0.00448453 2.71876 0.913818 -0.0465442 0.403448 184.804
0.362292 -0.0126613 -0.931979 -91.0892 0.0484171 0.998813 0.00525208 2.71438 0.930806 -0.0470265 0.362475 185.049
0.32015 -0.0114542 -0.947298 -91.7934 0.0489447 0.998792 0.00446458 2.71077 0.946102 -0.0477945 0.320324 185.26
0.278648 -0.0097003 -0.960344 -92.5259 0.0466644 0.998905 0.00345011 2.69991 0.959259 -0.0457753 0.278796 185.446
0.237992 -0.00682485 -0.971243 -93.285 0.0424308 0.999094 0.00337659 2.70486 0.97034 -0.0420142 0.238065 185.609
0.199312 -0.00847736 -0.979899 -94.0404 0.0389857 0.99924 -0.000714977 2.71152 0.97916 -0.0380596 0.19949 185.741
0.161507 -0.0106199 -0.986814 -94.8001 0.0393164 0.999217 -0.00431867 2.70208 0.986088 -0.0381005 0.161798 185.848
0.125989 -0.0123556 -0.991955 -95.5718 0.0396119 0.999188 -0.00741457 2.69278 0.99124 -0.0383591 0.126376 185.925
0.0930734 -0.01447 -0.995554 -96.3721 0.0439004 0.998982 -0.0104156 2.68057 0.994691 -0.0427358 0.0936138 185.99
0.0613058 -0.0169186 -0.997976 -97.179 0.043712 0.998943 -0.0142497 2.67289 0.997161 -0.0427499 0.0619805 186.027
0.0315747 -0.022084 -0.999257 -97.9897 0.0497256 0.998553 -0.0204972 2.65315 0.998264 -0.0490415 0.0326272 186.045
0.00206795 -0.0275126 -0.999619 -98.813 0.0540513 0.998163 -0.0273607 2.6343 0.998536 -0.0539741 0.00355124 186.045
-0.0263406 -0.0282932 -0.999253 -99.6375 0.0615106 0.997659 -0.0298695 2.61009 0.997759 -0.0622514 -0.0245386 186.024
-0.0517458 -0.0275691 -0.99828 -100.482 0.0632534 0.997521 -0.0308269 2.58471 0.996655 -0.0647397 -0.0498737 185.974
-0.075112 -0.0253752 -0.996852 -101.326 0.0670122 0.997288 -0.0304356 2.55288 0.994921 -0.0690874 -0.0732078 185.903
-0.0947485 -0.0242057 -0.995207 -102.191 0.0701971 0.997053 -0.0309337 2.52039 0.993023 -0.0727916 -0.0927701 185.817
-0.109815 -0.0195045 -0.993761 -103.054 0.0705894 0.99713 -0.0273711 2.4889 0.991442 -0.0731548 -0.108123 185.712
-0.122718 -0.0159866 -0.992313 -103.932 0.0698274 0.997253 -0.0247017 2.45362 0.989982 -0.072322 -0.121265 185.596
-0.134411 -0.0147035 -0.990817 -104.82 0.0725004 0.997064 -0.0246314 2.41712 0.98827 -0.0751454 -0.132951 185.478
-0.144887 -0.0200861 -0.989244 -105.695 0.0736314 0.996803 -0.0310237 2.38625 0.986705 -0.0773344 -0.142944 185.343
-0.153594 -0.0244674 -0.987831 -106.576 0.0715243 0.996796 -0.0358105 2.35344 0.985542 -0.0761542 -0.151352 185.196
-0.162028 -0.0241552 -0.98649 -107.473 0.0662746 0.997177 -0.0353023 2.31889 0.984558 -0.0710992 -0.15997 185.044
-0.168197 -0.0216178 -0.985516 -108.392 0.0633757 0.997454 -0.0326959 2.27696 0.983714 -0.0679572 -0.166399 184.882
-0.172421 -0.0211232 -0.984797 -109.304 0.0622461 0.997538 -0.0322947 2.2415 0.983055 -0.0668681 -0.170682 184.715
-0.175851 -0.0222147 -0.984166 -110.237 0.0609636 0.997581 -0.0334106 2.20694 0.982527 -0.0658736 -0.174072 184.548
-0.179156 -0.0253082 -0.983495 -111.176 0.058533 0.997624 -0.0363343 2.16067 0.982078 -0.0640765 -0.177249 184.372
-0.181286 -0.0277455 -0.983039 -112.132 0.0597475 0.997445 -0.0391704 2.11769 0.981614 -0.0658352 -0.179165 184.19
-0.184288 -0.028999 -0.982444 -113.078 0.0596697 0.997391 -0.0406331 2.07423 0.981059 -0.0661104 -0.182076 184.011
-0.184998 -0.0302372 -0.982274 -114.044 0.0598809 0.997322 -0.0419782 2.01875 0.980913 -0.0665853 -0.182692 183.83
-0.185688 -0.0333933 -0.982041 -115.016 0.0583975 0.997281 -0.0449535 1.96701 0.980872 -0.0656961 -0.183233 183.639
-0.185957 -0.0346927 -0.981945 -116.002 0.0575959 0.997273 -0.0461415 1.92085 0.980868 -0.0651363 -0.183452 183.452
-0.18634 -0.0283883 -0.982075 -116.992 0.0612917 0.9973 -0.0404579 1.86397 0.980572 -0.067732 -0.184097 183.268
-0.186415 -0.023279 -0.982195 -117.979 0.0626001 0.997406 -0.0355207 1.81388 0.980475 -0.0681071 -0.184474 183.085
-0.1851 -0.0209113 -0.982497 -118.987 0.0627288 0.997483 -0.0330482 1.76629 0.980716 -0.0677481 -0.183323 182.891
-0.184783 -0.0208771 -0.982558 -119.994 0.0613012 0.997583 -0.0327248 1.71892 0.980866 -0.066279 -0.183056 182.697
-0.183739 -0.0203833 -0.982764 -121.009 0.0577884 0.997832 -0.0315 1.68069 0.981275 -0.0625801 -0.182162 182.498
-0.183368 -0.023294 -0.982768 -122.015 0.0583349 0.9977 -0.0345322 1.62869 0.981312 -0.0636617 -0.181587 182.306
-0.182995 -0.0287667 -0.982693 -123.026 0.0602882 0.997362 -0.0404229 1.57739 0.981264 -0.066642 -0.180778 182.12
-0.182527 -0.0322956 -0.98267 -124.035 0.0654932 0.996841 -0.0449264 1.53142 0.981017 -0.0725585 -0.179835 181.936
-0.182015 -0.0261464 -0.982948 -125.063 0.0691964 0.996828 -0.0393289 1.48267 0.980858 -0.075175 -0.179629 181.746
-0.181848 -0.0116045 -0.983258 -126.091 0.0694075 0.997285 -0.0246066 1.4364 0.980874 -0.0727202 -0.180549 181.552
-0.181508 -0.00320499 -0.983384 -127.137 0.0721824 0.997254 -0.0165733 1.38447 0.980737 -0.0739912 -0.180779 181.363
-0.181197 -0.0130198 -0.983361 -128.161 0.0725901 0.997008 -0.0265761 1.34124 0.980764 -0.0761978 -0.179709 181.176
-0.180468 -0.0317901 -0.983067 -129.179 0.0675034 0.996721 -0.0446236 1.30325 0.981262 -0.0744135 -0.17773 180.974
-0.18152 -0.0434463 -0.982427 -130.208 0.0673674 0.996127 -0.0564994 1.24628 0.981077 -0.0764393 -0.17789 180.779
-0.183511 -0.0379726 -0.982284 -131.251 0.0675597 0.996404 -0.05114 1.18069 0.980693 -0.0757475 -0.180285 180.589
-0.18344 -0.0261731 -0.982682 -132.321 0.0715279 0.99664 -0.0398972 1.12532 0.980425 -0.077608 -0.180952 180.39
-0.183859 -0.0151303 -0.982836 -133.382 0.0733943 0.996879 -0.0290763 1.06657 0.980209 -0.0774805 -0.182175 180.188
-0.185285 -0.0126877 -0.982603 -134.429 0.0763328 0.99671 -0.0272636 1.01416 0.979716 -0.0800564 -0.183707 179.992
-0.186472 -0.0151726 -0.982343 -135.486 0.0796891 0.996353 -0.0305159 0.971219 0.979223 -0.0839724 -0.184582 179.8
-0.187474 -0.0191483 -0.982083 -136.529 0.0805581 0.996142 -0.0348005 0.928948 0.978961 -0.0856389 -0.185208 179.599
-0.187647 -0.0222456 -0.981985 -137.573 0.0804018 0.996041 -0.0379279 0.878247 0.97894 -0.0860703 -0.185115 179.396
-0.187808 -0.0269913 -0.981835 -138.606 0.0778807 0.996066 -0.0422797 0.82867 0.979113 -0.0844065 -0.184967 179.189
-0.187107 -0.0285384 -0.981925 -139.638 0.0775241 0.996031 -0.0437207 0.78206 0.979276 -0.0843033 -0.184152 178.985
-0.186619 -0.023556 -0.98215 -140.677 0.0808656 0.995952 -0.0392524 0.728073 0.979099 -0.0867474 -0.183958 178.791
-0.18507 -0.0136896 -0.98263 -141.726 0.0806372 0.99632 -0.0290677 0.677324 0.979411 -0.0846161 -0.183285 178.593
-0.182945 -0.00907793 -0.983081 -142.764 0.083888 0.996166 -0.0248098 0.627208 0.979538 -0.0870075 -0.181483 178.405
-0.180523 -0.0106946 -0.983513 -143.801 0.0836344 0.996152 -0.0261831 0.586103 0.980009 -0.0869822 -0.178934 178.213
-0.177998 -0.0150996 -0.983915 -144.825 0.0843837 0.995965 -0.0305502 0.541686 0.980406 -0.0884643 -0.176005 178.028
-0.175328 -0.0152509 -0.984392 -145.849 0.0866817 0.995758 -0.0308656 0.500586 0.980687 -0.0907403 -0.173262 177.85
-0.172785 -0.013521 -0.984867 -146.866 0.084467 0.996019 -0.028493 0.454503 0.981331 -0.0881119 -0.170955 177.668
-0.170999 -0.00759235 -0.985242 -147.883 0.0859905 0.99604 -0.0226001 0.412022 0.981512 -0.088586 -0.169669 177.493
-0.169448 -0.00567867 -0.985523 -148.91 0.084263 0.996238 -0.0202283 0.370852 0.98193 -0.0864708 -0.168332 177.315
-0.167786 -0.00807649 -0.98579 -149.914 0.080486 0.996516 -0.0218634 0.326529 0.982532 -0.0830107 -0.166551 177.139
-0.167072 -0.0139046 -0.985847 -150.904 0.0755431 0.996781 -0.0268611 0.286857 0.983046 -0.0789616 -0.165484 176.957
-0.167671 -0.0151624 -0.985726 -151.879 0.0719109 0.99703 -0.0275682 0.249207 0.983217 -0.0755068 -0.166083 176.779
-0.169399 -0.0130952 -0.985461 -152.873 0.0732121 0.996982 -0.0258333 0.200027 0.982825 -0.0765237 -0.167929 176.604
-0.172582 -0.0131564 -0.984907 -153.858 0.0748424 0.996845 -0.0264302 0.156837 0.982148 -0.0782742 -0.171052 176.435
-0.175653 -0.0137831 -0.984356 -154.819 0.0773472 0.996618 -0.0277569 0.109131 0.981409 -0.0810127 -0.173992 176.254
-0.179687 -0.0113834 -0.983658 -155.783 0.0790793 0.99653 -0.025978 0.0649062 0.98054 -0.0824548 -0.178163 176.081
-0.183982 -0.0084407 -0.982893 -156.728 0.0842148 0.996151 -0.0243182 0.0262569 0.979315 -0.0872482 -0.182563 175.912
-0.188672 -0.00702051 -0.982015 -157.663 0.0833387 0.996253 -0.023134 -0.0225391 0.978498 -0.0862046 -0.18738 175.727
-0.192867 -0.00766948 -0.981195 -158.578 0.0783463 0.996656 -0.0231903 -0.0611677 0.978092 -0.0813457 -0.191621 175.538
-0.197101 -0.00752459 -0.980354 -159.465 0.0775616 0.996717 -0.023244 -0.106938 0.97731 -0.0806193 -0.195871 175.351
-0.201714 -0.00570533 -0.979428 -160.345 0.0763684 0.996847 -0.021535 -0.138389 0.976463 -0.0791413 -0.200643 175.168
-0.205458 -0.00587918 -0.978648 -161.182 0.0748671 0.996957 -0.0217068 -0.181502 0.975798 -0.0777284 -0.204393 174.988
-0.208843 -0.00750145 -0.97792 -161.995 0.0765666 0.996776 -0.0239975 -0.218915 0.974947 -0.0798878 -0.207595 174.798
-0.211943 -0.0093756 -0.977237 -162.797 0.0786977 0.996543 -0.0266288 -0.254481 0.974108 -0.08255 -0.210473 174.626
-0.212966 -0.00815172 -0.977026 -163.585 0.0778981 0.99664 -0.0252951 -0.281022 0.973949 -0.0814954 -0.211615 174.455
-0.212562 -0.00327011 -0.977142 -164.336 0.0752303 0.996972 -0.0197016 -0.32062 0.974247 -0.0776985 -0.211672 174.288
-0.211679 -0.000848758 -0.977339 -165.055 0.0760388 0.996954 -0.0173348 -0.364022 0.974377 -0.0779851 -0.21097 174.137
-0.209406 -0.0042657 -0.977819 -165.766 0.0759886 0.996895 -0.0206224 -0.396245 0.974872 -0.0786216 -0.208432 173.99
-0.20422 -0.00777387 -0.978894 -166.465 0.0794425 0.996539 -0.0244875 -0.419228 0.975696 -0.0827666 -0.202895 173.855
-0.195736 -0.0101536 -0.980604 -167.127 0.076135 0.996771 -0.0255181 -0.441843 0.977697 -0.0796531 -0.194331 173.722
-0.182575 -0.00877301 -0.983153 -167.779 0.0790807 0.996589 -0.0235785 -0.466241 0.980006 -0.0820532 -0.181259 173.607
-0.16662 -0.00522836 -0.986007 -168.424 0.0801223 0.996607 -0.018824 -0.498578 0.98276 -0.0821377 -0.165636 173.51
-0.147537 -0.002577 -0.989053 -169.043 0.0828601 0.996449 -0.0149565 -0.522212 0.98558 -0.0841597 -0.146799 173.434
-0.124562 -0.00485753 -0.9922 -169.658 0.086329 0.996143 -0.0157147 -0.540695 0.988449 -0.0876131 -0.123662 173.376
-0.0973307 -0.0079193 -0.995221 -170.265 0.0877413 0.996007 -0.0165065 -0.552864 0.991377 -0.0889285 -0.0962472 173.334
-0.06694 -0.0072753 -0.99773 -170.872 0.0867769 0.996142 -0.0130858 -0.567973 0.993976 -0.0874559 -0.0660504 173.316
-0.0299317 -0.00570411 -0.999536 -171.476 0.0846004 0.996381 -0.00821951 -0.577662 0.995965 -0.0848072 -0.0293408 173.312
0.0128685 -0.00672142 -0.999895 -172.08 0.0801267 0.996769 -0.00566919 -0.585452 0.996702 -0.0800453 0.0133655 173.337
0.0603643 -0.00907083 -0.998135 -172.676 0.0798884 0.996795 -0.00422723 -0.600356 0.994974 -0.0794842 0.0608955 173.399
0.112975 -0.0111956 -0.993535 -173.252 0.0743143 0.997231 -0.00278698 -0.60792 0.990815 -0.073519 0.113495 173.482
0.169141 -0.0122926 -0.985515 -173.815 0.0708548 0.997487 -0.00028131 -0.618311 0.983042 -0.0697809 0.169587 173.606
0.22687 -0.0165364 -0.973785 -174.356 0.074825 0.997197 0.000498582 -0.618874 0.971046 -0.0729765 0.227471 173.764
0.28493 -0.0229421 -0.958274 -174.886 0.0764795 0.997071 -0.00113075 -0.624789 0.955492 -0.0729661 0.28585 173.96
0.344079 -0.0301015 -0.938458 -175.403 0.0759717 0.997101 -0.00412805 -0.637498 0.935862 -0.0698759 0.345369 174.193
0.404151 -0.0349365 -0.914025 -175.925 0.0723592 0.99736 -0.00612694 -0.641893 0.911826 -0.0636619 0.405612 174.456
0.460866 -0.0366371 -0.886713 -176.418 0.0723903 0.99737 -0.00358462 -0.650611 0.884512 -0.0625375 0.462306 174.761
0.515967 -0.0377051 -0.855778 -176.897 0.0784775 0.99691 0.00339244 -0.656036 0.853006 -0.0689097 0.517332 175.105
0.569683 -0.0368537 -0.821038 -177.357 0.0825492 0.996508 0.0125473 -0.650032 0.817708 -0.074924 0.570736 175.474
0.620154 -0.0320744 -0.783824 -177.82 0.0798661 0.996554 0.0224099 -0.641549 0.780404 -0.0764985 0.620579 175.87
0.665815 -0.0270035 -0.745628 -178.258 0.0738761 0.99682 0.0298678 -0.636269 0.74245 -0.0749705 0.665693 176.289
0.707425 -0.0263447 -0.706297 -178.67 0.0711927 0.996879 0.0341231 -0.622767 0.703193 -0.0744227 0.707093 176.742
0.744854 -0.0270773 -0.666678 -179.058 0.0695785 0.996881 0.0372487 -0.606468 0.66359 -0.0741313 0.744414 177.224
0.777999 -0.0295303 -0.627571 -179.434 0.0692406 0.99684 0.0389313 -0.581405 0.624438 -0.0737419 0.777585 177.736
0.806934 -0.0301569 -0.589871 -179.786 0.0676204 0.996846 0.0415404 -0.553667 0.586758 -0.0734077 0.806428 178.264
0.832355 -0.0279764 -0.553537 -180.142 0.0645155 0.996827 0.0466314 -0.525411 0.550476 -0.0745255 0.831518 178.826
0.854001 -0.0245376 -0.519692 -180.475 0.0611103 0.996704 0.0533616 -0.495131 0.51667 -0.0773294 0.852686 179.399
0.872249 -0.0236722 -0.488488 -180.792 0.0603839 0.996398 0.0595365 -0.4652 0.48532 -0.0814275 0.870537 179.999
0.886876 -0.0267528 -0.461232 -181.101 0.0617778 0.996224 0.0610049 -0.428273 0.457859 -0.0825977 0.88518 180.625
0.897875 -0.0312922 -0.439137 -181.395 0.0647768 0.996005 0.0614712 -0.387372 0.435459 -0.0836393 0.896315 181.266
0.906101 -0.0355448 -0.421565 -181.689 0.0670705 0.995931 0.0601865 -0.337726 0.417711 -0.0828097 0.904799 181.944
0.911826 -0.0396984 -0.408653 -181.986 0.0692429 0.995927 0.0577527 -0.295995 0.404696 -0.0809567 0.910861 182.627
0.915144 -0.043349 -0.40079 -182.285 0.0723771 0.995715 0.0575668 -0.255074 0.396577 -0.08169 0.91436 183.33
0.917227 -0.0448861 -0.395829 -182.589 0.0737233 0.995594 0.0579357 -0.209841 0.391485 -0.0823219 0.916495 184.046
