1 0.00013378 4.96136e-05 -0.00285167 -0.000133795 1 0.000289327 -0.00445557 -4.95749e-05 -0.000289334 1 0.381256
1 0.000136195 -0.000193226 -0.00248863 -0.000136055 1 0.000725199 -0.00743857 0.000193324 -0.000725173 1 0.765794
1 -0.000299019 -3.20697e-05 -0.00656283 0.00029904 1 0.000677602 -0.015222 3.1867e-05 -0.000677611 1 1.13423
1 -0.000625925 -0.000137102 -0.00489742 0.000626015 1 0.000663865 -0.0205623 0.000136687 -0.000663951 1 1.49755
0.999999 -0.00115747 -6.67616e-05 -0.00709142 0.00115753 0.999999 0.000908592 -0.0227243 6.57098e-05 -0.000908669 1 1.86158
0.999998 -0.00176186 -0.000105074 -0.00428178 0.00176191 0.999998 0.000432573 -0.0237805 0.000104311 -0.000432757 1 2.22149
0.999998 -0.00185645 -0.000223379 -0.00630483 0.0018566 0.999998 0.000650303 -0.0331779 0.000222172 -0.000650716 1 2.58349
0.999998 -0.00197791 -0.000517902 -0.0126887 0.00197835 0.999998 0.000847872 -0.0358968 0.000516224 -0.000848895 1 2.9305
0.999997 -0.00222244 -0.000706988 -0.018053 0.00222305 0.999997 0.000865788 -0.0402618 0.000705061 -0.000867358 0.999999 3.28588
0.999995 -0.00291179 -0.000972429 -0.0209267 0.00291266 0.999995 0.000900206 -0.0430723 0.000969803 -0.000903034 0.999999 3.62873
0.999993 -0.00367236 -0.00111884 -0.0315349 0.00367358 0.999993 0.00109604 -0.049192 0.0011148 -0.00110014 0.999999 3.98584
0.99999 -0.00428714 -0.00147402 -0.0257395 0.00428924 0.99999 0.00142781 -0.0579481 0.00146788 -0.00143412 0.999998 4.30241
0.999987 -0.00481127 -0.0019195 -0.0223093 0.0048145 0.999987 0.00168017 -0.0654363 0.00191139 -0.00168939 0.999997 4.61099
0.999984 -0.00522448 -0.00233528 -0.0289929 0.00522808 0.999985 0.00153917 -0.0739648 0.0023272 -0.00155136 0.999996 4.94891
0.999981 -0.00565265 -0.00257674 -0.0339798 0.00565772 0.999982 0.00196426 -0.078643 0.00256559 -0.0019788 0.999995 5.26293
0.99998 -0.00564724 -0.0027366 -0.040529 0.00565302 0.999982 0.00211019 -0.0804831 0.00272463 -0.00212562 0.999994 5.58289
0.999979 -0.00575639 -0.0029117 -0.0497233 0.00576292 0.999981 0.00223862 -0.0856359 0.00289876 -0.00225536 0.999993 5.91068
0.999975 -0.00633329 -0.00308823 -0.0529115 0.00634121 0.999977 0.00256134 -0.0962441 0.00307193 -0.00258086 0.999992 6.21954
0.99997 -0.00698567 -0.0033588 -0.0408638 0.00699434 0.999972 0.00257532 -0.100697 0.00334072 -0.00259874 0.999991 6.49384
0.999965 -0.0075373 -0.00355715 -0.0420871 0.00754682 0.999968 0.00267011 -0.106077 0.00353692 -0.00269686 0.99999 6.79807
0.999962 -0.00786448 -0.00363548 -0.0461707 0.00787502 0.999965 0.00289565 -0.110843 0.00361258 -0.00292417 0.999989 7.10269
0.999954 -0.00894742 -0.00358815 -0.050328 0.00895885 0.999955 0.0031809 -0.121319 0.00355952 -0.0032129 0.999989 7.42087
0.999954 -0.00896045 -0.00346983 -0.0538659 0.00897189 0.999954 0.00329329 -0.128744 0.00344016 -0.00332427 0.999989 7.71943
0.999949 -0.00945548 -0.00348127 -0.0551777 0.00946805 0.999949 0.00361398 -0.131915 0.00344692 -0.00364676 0.999987 8.02295
0.999952 -0.00923498 -0.00320098 -0.0762438 0.00924799 0.999949 0.00407449 -0.137869 0.00316319 -0.0041039 0.999987 8.30968
0.999949 -0.00948221 -0.00333598 -0.0770475 0.00949621 0.999946 0.0042066 -0.142953 0.00329591 -0.00423807 0.999986 8.60051
0.999949 -0.00948255 -0.0035342 -0.078205 0.00949797 0.999945 0.00437216 -0.150304 0.00349254 -0.0044055 0.999984 8.88257
0.999951 -0.00933126 -0.00331127 -0.0828938 0.00934654 0.999946 0.00462868 -0.151482 0.0032679 -0.0046594 0.999984 9.15729
0.999952 -0.00930802 -0.00318594 -0.0858589 0.0093231 0.999945 0.00475136 -0.150654 0.00314154 -0.00478083 0.999984 9.4384
0.999949 -0.00968003 -0.00288975 -0.095599 0.00969357 0.999942 0.0047104 -0.155258 0.00284398 -0.00473818 0.999985 9.70293
0.999949 -0.00978315 -0.00234326 -0.0980519 0.00979425 0.999941 0.00477375 -0.162604 0.00229642 -0.00479646 0.999986 9.97661
0.999951 -0.00971341 -0.00199077 -0.102764 0.00972333 0.99994 0.0050322 -0.167742 0.00194177 -0.00505131 0.999985 10.2452
0.999947 -0.0100761 -0.00199002 -0.104451 0.0100864 0.999935 0.00526338 -0.171922 0.00193686 -0.00528317 0.999984 10.524
0.99995 -0.00984306 -0.0015808 -0.10703 0.00984936 0.999943 0.00403113 -0.17072 0.00154103 -0.0040465 0.999991 10.7968
0.99994 -0.0107325 -0.00209146 -0.107345 0.0107392 0.999937 0.00321363 -0.175391 0.00205684 -0.0032359 0.999993 11.0651
0.999936 -0.0111151 -0.0019715 -0.113389 0.0111211 0.999933 0.00305404 -0.180591 0.00193743 -0.00307577 0.999993 11.3398
0.999933 -0.0112926 -0.00234869 -0.114839 0.0112999 0.999931 0.00315328 -0.18513 0.00231292 -0.00317961 0.999992 11.6306
0.99993 -0.0115772 -0.00263044 -0.121075 0.0115859 0.999927 0.00330592 -0.191275 0.00259197 -0.00333616 0.999991 11.9247
0.999925 -0.0118913 -0.00299334 -0.123097 0.0119011 0.999924 0.00327568 -0.19726 0.00295416 -0.00331105 0.99999 12.2155
0.999918 -0.0122734 -0.00375241 -0.131573 0.0122856 0.999919 0.00323887 -0.201885 0.00371235 -0.0032847 0.999988 12.515
0.999903 -0.0130415 -0.00495043 -0.132504 0.0130579 0.999909 0.00330854 -0.210385 0.00490683 -0.00337286 0.999982 12.832
0.999894 -0.0133255 -0.00588629 -0.136859 0.0133456 0.999905 0.00340117 -0.215551 0.00584041 -0.00347936 0.999977 13.1502
0.999888 -0.0134344 -0.00660827 -0.137345 0.0134582 0.999903 0.00356608 -0.220565 0.00655972 -0.00365461 0.999972 13.5075
0.99988 -0.0136186 -0.00738481 -0.141074 0.0136436 0.999901 0.00335135 -0.220851 0.00733844 -0.0034517 0.999967 13.8569
0.999871 -0.0139092 -0.00800444 -0.146462 0.0139328 0.999899 0.00289817 -0.223368 0.00796331 -0.00300932 0.999964 14.2279
0.999863 -0.0140079 -0.00885021 -0.154113 0.0140346 0.999897 0.00296935 -0.228503 0.0088077 -0.00309315 0.999956 14.6223
0.999866 -0.0136141 -0.00911785 -0.19634 0.013642 0.999902 0.00299754 -0.221562 0.00907616 -0.00312152 0.999954 14.9043
0.999859 -0.0140814 -0.00920269 -0.207688 0.0141103 0.999896 0.00308387 -0.221575 0.0091583 -0.00321329 0.999953 15.3232
0.999841 -0.0150613 -0.00959658 -0.205543 0.0150939 0.999881 0.00333562 -0.229094 0.0095452 -0.00347994 0.999948 15.7484
0.999826 -0.0158353 -0.00983319 -0.205147 0.0158708 0.999868 0.00354762 -0.239807 0.00977571 -0.00370306 0.999945 16.1958
0.999829 -0.0155735 -0.0100115 -0.205873 0.0156143 0.99987 0.00401412 -0.253651 0.00994764 -0.00416975 0.999942 16.6479
0.999819 -0.0160824 -0.0101158 -0.209561 0.0161237 0.999862 0.00401952 -0.253975 0.0100498 -0.0041819 0.999941 17.1233
0.999809 -0.0168179 -0.00998346 -0.219738 0.01686 0.999849 0.00413974 -0.258591 0.00991234 -0.00430727 0.999942 17.6067
0.9998 -0.0173549 -0.00990888 -0.229558 0.0173976 0.99984 0.00424344 -0.268415 0.00983365 -0.00441499 0.999942 18.0893
0.999793 -0.0177371 -0.00992561 -0.237179 0.0177808 0.999833 0.00433101 -0.264052 0.00984712 -0.0045066 0.999941 18.6235
0.999786 -0.0180378 -0.0101308 -0.249518 0.0180824 0.999827 0.0043312 -0.270386 0.010051 -0.00451347 0.999939 19.1519
0.999788 -0.0180558 -0.00985991 -0.286693 0.0180992 0.999827 0.0043289 -0.267198 0.00978004 -0.00450644 0.999942 19.6061
0.999787 -0.0184851 -0.009187 -0.320969 0.0185248 0.999819 0.00425339 -0.26756 0.00910672 -0.00442267 0.999949 20.0351
0.999778 -0.0190465 -0.00899643 -0.3338 0.0190874 0.999808 0.00448267 -0.268606 0.00890932 -0.00465339 0.999949 20.6111
0.999764 -0.0197454 -0.00906775 -0.348397 0.019789 0.999793 0.00474394 -0.257406 0.0089722 -0.00492226 0.999948 21.2171
0.999768 -0.0197794 -0.00851522 -0.388377 0.0198187 0.999793 0.00456364 -0.239923 0.00842319 -0.00473135 0.999953 21.7049
0.999775 -0.0195142 -0.00828803 -0.400517 0.0195518 0.999799 0.00447211 -0.233836 0.00819909 -0.00463315 0.999956 22.3371
0.999777 -0.0194374 -0.0082514 -0.41317 0.0194874 0.999792 0.00603133 -0.233463 0.00813245 -0.00619079 0.999948 22.9651
0.999757 -0.0203862 -0.00838696 -0.415103 0.0204569 0.999755 0.00842261 -0.242714 0.0082132 -0.00859214 0.999929 23.5811
0.999744 -0.0210694 -0.00828172 -0.425387 0.0211579 0.999718 0.0107553 -0.246757 0.00805278 -0.0109278 0.999908 24.22
0.999722 -0.0219307 -0.00861244 -0.436411 0.0220361 0.999681 0.0123388 -0.233735 0.00833909 -0.0125251 0.999887 24.8692
0.999729 -0.0215392 -0.00886387 -0.445835 0.0216596 0.999671 0.01371 -0.23726 0.00856565 -0.0138983 0.999867 25.5034
0.999723 -0.0218135 -0.00881198 -0.467035 0.0219327 0.999666 0.0136627 -0.22281 0.008511 -0.0138522 0.999868 26.1592
0.999706 -0.0224507 -0.00919306 -0.476899 0.0225773 0.999648 0.0138997 -0.220893 0.00887777 -0.0141032 0.999861 26.8171
0.999683 -0.0232708 -0.0096561 -0.486737 0.0234053 0.999627 0.0140564 -0.218625 0.0093254 -0.0142779 0.999855 27.4608
0.999671 -0.023779 -0.00960785 -0.4975 0.023916 0.99961 0.0143985 -0.222296 0.00926173 -0.0146235 0.99985 28.0897
0.999672 -0.023664 -0.00978492 -0.508222 0.0238051 0.999611 0.0145589 -0.217813 0.00943659 -0.0147871 0.999846 28.7127
0.999646 -0.0244462 -0.0104958 -0.516077 0.0245996 0.999589 0.0147466 -0.213865 0.010131 -0.0149996 0.999836 29.3496
0.999615 -0.025536 -0.0108913 -0.523838 0.0256984 0.999557 0.0150396 -0.219219 0.0105024 -0.0153137 0.999828 29.9741
0.999597 -0.0262752 -0.0107868 -0.536871 0.0264374 0.999535 0.015173 -0.216302 0.0103831 -0.0154521 0.999827 30.5974
0.9996 -0.026023 -0.0110702 -0.550098 0.0261894 0.999542 0.015163 -0.206645 0.0106705 -0.0154469 0.999824 31.2336
0.999585 -0.0264146 -0.0114627 -0.558453 0.0265888 0.999529 0.0153256 -0.207793 0.0110525 -0.015624 0.999817 31.8475
0.99958 -0.0266302 -0.0114371 -0.571899 0.0268069 0.999519 0.0155812 -0.210402 0.0110167 -0.0158812 0.999813 32.4617
0.999591 -0.0260983 -0.0117171 -0.583036 0.0262802 0.999532 0.0156458 -0.205822 0.0113033 -0.0159473 0.999809 33.0671
0.99957 -0.0266562 -0.01219 -0.61113 0.0268482 0.999514 0.0158654 -0.200702 0.0117611 -0.0161859 0.9998 33.5683
0.999563 -0.0274045 -0.0110925 -0.677663 0.0275583 0.999523 0.0139495 -0.181426 0.0107049 -0.0142491 0.999841 34.094
0.999539 -0.028048 -0.0116073 -0.679543 0.0282027 0.999513 0.0133878 -0.183751 0.0112261 -0.013709 0.999843 34.6954
0.999514 -0.0285999 -0.0123673 -0.681344 0.0287639 0.999498 0.0132911 -0.181135 0.011981 -0.0136404 0.999835 35.3028
0.99949 -0.0294972 -0.0122273 -0.691462 0.0296529 0.999479 0.0127604 -0.183676 0.0118445 -0.0131165 0.999844 35.896
0.999482 -0.0296938 -0.0123804 -0.699395 0.0298479 0.999477 0.0124542 -0.181265 0.0120041 -0.0128173 0.999846 36.4877
0.999468 -0.0301452 -0.0124647 -0.709681 0.0303012 0.999462 0.0125229 -0.174551 0.0120805 -0.0128939 0.999844 37.0777
0.999474 -0.0300335 -0.0122316 -0.735142 0.0301867 0.999466 0.0125366 -0.169363 0.0118486 -0.0128993 0.999847 37.6453
0.999456 -0.0307989 -0.0117752 -0.743786 0.030941 0.999448 0.0120755 -0.168479 0.0113968 -0.0124333 0.999858 38.2371
0.999435 -0.0314149 -0.0119354 -0.752447 0.0315613 0.999426 0.0122822 -0.174655 0.0115427 -0.0126519 0.999853 38.8222
0.99942 -0.0318984 -0.0119608 -0.769033 0.0320473 0.999408 0.0124754 -0.180593 0.0115558 -0.0128515 0.999851 39.3753
0.999421 -0.0318826 -0.0119138 -0.776644 0.0320308 0.999409 0.0124625 -0.17451 0.0115094 -0.0128368 0.999851 39.9765
0.999405 -0.0324237 -0.0117263 -0.781767 0.0325714 0.99939 0.0126272 -0.168754 0.0113097 -0.0130017 0.999852 40.5696
0.999405 -0.0324594 -0.0116843 -0.792573 0.032614 0.99938 0.0132966 -0.172769 0.0112454 -0.0136697 0.999843 41.1462
0.999387 -0.0329552 -0.0117775 -0.800157 0.0331132 0.999361 0.0134748 -0.168888 0.0113259 -0.0138565 0.99984 41.7079
0.999375 -0.0333621 -0.0116775 -0.806503 0.0335188 0.999347 0.0134973 -0.169471 0.0112195 -0.0138803 0.999841 42.2712
0.999362 -0.0340491 -0.0108269 -0.855457 0.0341933 0.999325 0.0134261 -0.160997 0.0103625 -0.0137877 0.999851 42.7511
0.999356 -0.0344028 -0.0102482 -0.903307 0.0345387 0.999314 0.0133877 -0.148722 0.00978057 -0.0137331 0.999858 43.2453
0.999354 -0.0345253 -0.0099961 -0.910368 0.034657 0.999311 0.013316 -0.15353 0.00952947 -0.0136539 0.999861 43.7883
0.999345 -0.0347831 -0.0100028 -0.920174 0.0349148 0.999302 0.0133043 -0.150024 0.00953309 -0.0136449 0.999861 44.3565
0.999344 -0.0348783 -0.00972458 -0.928361 0.0350101 0.999293 0.013728 -0.146846 0.00923889 -0.0140595 0.999858 44.911
0.999343 -0.0348905 -0.00981561 -0.940687 0.035025 0.99929 0.01388 -0.136711 0.00932437 -0.0142146 0.999855 45.4751
0.999314 -0.0357712 -0.00963363 -0.95054 0.0359024 0.99926 0.0138134 -0.133274 0.00913238 -0.0141498 0.999858 46.0187
0.999298 -0.0361895 -0.00972239 -0.957849 0.0363264 0.999238 0.0142997 -0.134326 0.00919748 -0.0146428 0.99985 46.5635
0.999293 -0.0362598 -0.00994357 -0.971778 0.036402 0.999232 0.0145234 -0.131423 0.00940932 -0.0148751 0.999845 47.1107
0.99929 -0.0362068 -0.0104525 -0.980095 0.0363573 0.999232 0.0145908 -0.130842 0.00991614 -0.0149604 0.999839 47.6448
0.999267 -0.0367795 -0.0106063 -0.992456 0.0369321 0.999212 0.0145709 -0.13171 0.0100621 -0.014952 0.999838 48.19
0.999241 -0.0373315 -0.0111492 -1.00059 0.037501 0.999178 0.015399 -0.134573 0.0105651 -0.0158054 0.999819 48.7223
0.99924 -0.0372267 -0.0115292 -1.01466 0.0374055 0.999177 0.0156994 -0.12903 0.0109353 -0.0161188 0.99981 49.2574
0.999243 -0.0370082 -0.0120319 -1.02823 0.0371997 0.999178 0.0161017 -0.132805 0.0114261 -0.0165371 0.999798 49.7863
0.999226 -0.0371775 -0.0128888 -1.03641 0.0373809 0.999174 0.015914 -0.12985 0.0122865 -0.0163835 0.99979 50.3228
0.999208 -0.0373264 -0.0137832 -1.04931 0.0375482 0.999163 0.0162008 -0.129367 0.0131669 -0.0167055 0.999774 50.8388
0.999206 -0.0369993 -0.0147484 -1.06747 0.0372461 0.999165 0.0168224 -0.130377 0.0141136 -0.0173584 0.99975 51.3549
0.999153 -0.0378791 -0.0160469 -1.07074 0.0381522 0.999126 0.0170718 -0.132321 0.0153863 -0.0176696 0.999725 51.8712
0.999107 -0.0386783 -0.0170087 -1.07789 0.0389699 0.999093 0.0171607 -0.134066 0.0163295 -0.0178082 0.999708 52.3844
0.999079 -0.0389312 -0.0180367 -1.08586 0.0392384 0.999085 0.0170027 -0.131033 0.0173583 -0.0176948 0.999693 52.8985
0.999057 -0.0388624 -0.0193473 -1.09611 0.0391976 0.999082 0.0172631 -0.131769 0.0186586 -0.0180052 0.999664 53.3943
0.999027 -0.0390246 -0.0205225 -1.10094 0.0393789 0.999077 0.0171538 -0.13339 0.0198341 -0.0179453 0.999642 53.8889
0.998996 -0.0394792 -0.0211876 -1.11022 0.0398395 0.999064 0.0168606 -0.135252 0.0205021 -0.0176878 0.999633 54.3849
0.998964 -0.0396646 -0.0222975 -1.12163 0.0400493 0.999052 0.0170796 -0.135578 0.0215989 -0.0179549 0.999605 54.8808
0.998944 -0.039487 -0.0235079 -1.13632 0.0398919 0.999059 0.0170089 -0.136587 0.0228142 -0.0179287 0.999579 55.365
0.998911 -0.0396333 -0.0246337 -1.14887 0.0400655 0.999047 0.0173047 -0.134603 0.0239244 -0.0182728 0.999547 55.841
0.998897 -0.039673 -0.025113 -1.16877 0.0401086 0.999049 0.0170875 -0.127581 0.0244112 -0.0180759 0.999539 56.325
0.99888 -0.0400034 -0.0252835 -1.19263 0.0404427 0.999035 0.0171108 -0.122171 0.0245746 -0.0181142 0.999534 56.809
0.998871 -0.03998 -0.025647 -1.20641 0.0404437 0.999023 0.0178244 -0.116391 0.0249093 -0.0188416 0.999512 57.2859
0.99887 -0.039906 -0.0258163 -1.22703 0.0403746 0.999024 0.0178921 -0.115298 0.0250771 -0.0189142 0.999507 57.7568
0.998886 -0.0394355 -0.0259089 -1.24065 0.0399039 0.999045 0.0178144 -0.119236 0.0251817 -0.0188284 0.999506 58.2158
0.998872 -0.0397989 -0.025907 -1.25348 0.0402693 0.999029 0.0178953 -0.116618 0.0251696 -0.0189184 0.999504 58.6728
0.998833 -0.0407695 -0.0258754 -1.26804 0.0412481 0.998982 0.0182419 -0.115656 0.0251053 -0.0192879 0.999499 59.1214
0.99885 -0.0403254 -0.0259451 -1.28123 0.0408071 0.998999 0.0183119 -0.115322 0.0251807 -0.0193496 0.999496 59.566
0.998858 -0.0399471 -0.0262213 -1.29045 0.0404352 0.999014 0.0183547 -0.118326 0.0254622 -0.019394 0.999488 59.9899
0.998862 -0.0399631 -0.0260288 -1.30537 0.0404483 0.999012 0.018386 -0.117118 0.0252684 -0.0194179 0.999492 60.4406
0.998827 -0.0408055 -0.0260763 -1.31464 0.0412943 0.998976 0.0184884 -0.115114 0.0252952 -0.0195436 0.999489 60.8714
0.998823 -0.0409262 -0.0260399 -1.32863 0.0414162 0.99897 0.018564 -0.111861 0.0252533 -0.0196206 0.999489 61.2934
0.998831 -0.0407172 -0.026039 -1.34427 0.0412143 0.998972 0.0188507 -0.112146 0.0252447 -0.0199019 0.999483 61.7215
0.998813 -0.0410164 -0.0262791 -1.35517 0.0415255 0.998954 0.0191299 -0.111912 0.025467 -0.0201985 0.999472 62.1425
0.998793 -0.041373 -0.0264701 -1.36844 0.0418865 0.998939 0.0191493 -0.106205 0.0256498 -0.020235 0.999466 62.5662
0.9988 -0.0411466 -0.0265617 -1.38421 0.0416604 0.998949 0.0190904 -0.107355 0.0257483 -0.0201741 0.999465 62.9791
0.998767 -0.0414917 -0.0272634 -1.39541 0.0420181 0.998936 0.019025 -0.109799 0.026445 -0.0201471 0.999447 63.3875
0.998746 -0.0416152 -0.0278424 -1.41284 0.0421712 0.998916 0.01969 -0.112509 0.0269928 -0.0208395 0.999418 63.7968
0.998727 -0.0418865 -0.0281163 -1.42672 0.0424575 0.998898 0.0200281 -0.111791 0.0272464 -0.0211963 0.999404 64.2004
0.998696 -0.042402 -0.0284308 -1.43824 0.0429784 0.998876 0.0199782 -0.118432 0.0275517 -0.0211741 0.999396 64.597
0.998674 -0.0425826 -0.0289227 -1.45223 0.043174 0.998865 0.0201391 -0.119239 0.0280323 -0.0213611 0.999379 64.9872
0.998644 -0.0431325 -0.0291336 -1.46475 0.0437264 0.998842 0.0200628 -0.118599 0.0282345 -0.0213095 0.999374 65.3868
0.998611 -0.0433999 -0.029873 -1.47233 0.0440041 0.998834 0.0198728 -0.116958 0.0289757 -0.0211598 0.999356 65.7733
0.998595 -0.0437061 -0.0299506 -1.49125 0.0443084 0.998823 0.019749 -0.106492 0.0290522 -0.0210483 0.999356 66.1598
0.998578 -0.0439983 -0.030095 -1.50354 0.0446127 0.998803 0.020056 -0.113553 0.0291766 -0.0213701 0.999346 66.537
0.998582 -0.0439976 -0.0299605 -1.52195 0.0446045 0.998807 0.0198989 -0.101881 0.0290493 -0.0212071 0.999353 66.9074
0.998588 -0.0438129 -0.030057 -1.53106 0.0444258 0.998812 0.0200361 -0.0973088 0.0291434 -0.0213431 0.999347 67.3015
0.998572 -0.0440679 -0.030209 -1.54282 0.0446846 0.9988 0.0200525 -0.0997116 0.029289 -0.0213738 0.999342 67.6964
0.998588 -0.0438908 -0.0299206 -1.5601 0.0445023 0.998807 0.0200892 -0.0980793 0.0290032 -0.0213924 0.99935 68.0885
0.998556 -0.0446739 -0.0298461 -1.57369 0.0452872 0.99877 0.0202007 -0.103937 0.0289069 -0.0215232 0.99935 68.4827
0.998523 -0.0454428 -0.0297841 -1.58478 0.0460572 0.998733 0.0202779 -0.107127 0.0288249 -0.0216197 0.999351 68.8705
0.998497 -0.0459428 -0.0298769 -1.59624 0.0465589 0.99871 0.0202632 -0.104111 0.0289074 -0.0216238 0.999348 69.2669
0.998492 -0.046031 -0.0299206 -1.60736 0.0466542 0.998701 0.0204742 -0.105482 0.0289393 -0.0218393 0.999343 69.6564
0.998498 -0.0461183 -0.0295845 -1.62379 0.0467003 0.998723 0.0192926 -0.0939681 0.028657 -0.0206452 0.999376 70.0769
0.998467 -0.0468871 -0.0294098 -1.63362 0.0474337 0.998709 0.0181697 -0.0967448 0.0285199 -0.0195368 0.999402 70.4881
0.998442 -0.0480729 -0.0283322 -1.64376 0.0485691 0.998674 0.0170926 -0.101838 0.0274729 -0.018442 0.999452 70.8709
0.998499 -0.0478838 -0.0265849 -1.65856 0.0483408 0.998689 0.0168237 -0.0977634 0.0257444 -0.0180836 0.999505 71.2847
0.998577 -0.0472532 -0.0247111 -1.66372 0.0477087 0.998696 0.0181786 -0.0993318 0.0238198 -0.0193317 0.999529 71.6949
0.998655 -0.0469145 -0.0220766 -1.67681 0.0473505 0.998685 0.0196578 -0.0921285 0.0211253 -0.0206767 0.999563 72.1457
0.998733 -0.0467844 -0.0185367 -1.68259 0.0471531 0.998688 0.0199778 -0.0868197 0.0175777 -0.0208266 0.999629 72.5907
0.998775 -0.0474451 -0.014052 -1.682 0.0477254 0.998654 0.0203319 -0.088147 0.0130685 -0.0209776 0.999695 73.0328
0.998746 -0.0492777 -0.00878704 -1.68843 0.0494545 0.998551 0.0211979 -0.0794964 0.00772972 -0.0216059 0.999737 73.5208
0.998681 -0.0511791 -0.0040719 -1.67748 0.0512552 0.998454 0.0215162 -0.0638459 0.00296443 -0.0216965 0.99976 73.9927
0.998675 -0.051441 0.00150178 -1.68406 0.0513965 0.998443 0.0216697 -0.0612299 -0.00261415 -0.0215638 0.999764 74.4681
0.998661 -0.0512324 0.00720826 -1.67975 0.0510777 0.99849 0.0202213 -0.0413092 -0.00823336 -0.0198261 0.99977 74.9503
0.998576 -0.0516889 0.0131761 -1.68109 0.0514364 0.998499 0.0188347 -0.029287 -0.0141299 -0.0181301 0.999736 75.4684
0.998464 -0.0521566 0.0186713 -1.6708 0.0518003 0.998475 0.0190867 -0.0217012 -0.0196384 -0.0180902 0.999643 76.0147
0.998266 -0.0536618 0.0241854 -1.65449 0.0531604 0.998367 0.0209167 -0.0131384 -0.0252684 -0.0195947 0.999489 76.5837
0.99806 -0.0545827 0.0299576 -1.63458 0.0539318 0.9983 0.0221237 -0.011693 -0.0311142 -0.0204651 0.999306 77.1527
0.997874 -0.0541106 0.0363322 -1.62125 0.0533253 0.998329 0.0222491 0.00334826 -0.0374754 -0.0202644 0.999092 77.7405
0.997625 -0.0545315 0.0420751 -1.60095 0.0536194 0.998308 0.0225113 0.0151185 -0.0432315 -0.0202018 0.998861 78.3315
0.997269 -0.0557886 0.0484023 -1.57707 0.0547447 0.998244 0.0226314 0.0301089 -0.0495799 -0.0199198 0.998571 78.9536
0.996919 -0.0564196 0.0544865 -1.54099 0.0552184 0.998202 0.0233062 0.0477032 -0.0557035 -0.0202257 0.998242 79.5747
0.996601 -0.056464 0.0599849 -1.50205 0.0550589 0.998174 0.024825 0.0454531 -0.0612772 -0.021438 0.997891 80.195
0.996174 -0.0574062 0.0658927 -1.45852 0.0558496 0.99812 0.0252284 0.0509645 -0.0672171 -0.0214518 0.997508 80.8449
0.99572 -0.0584459 0.0715928 -1.40965 0.0567156 0.998053 0.0259694 0.0604468 -0.0729712 -0.0217978 0.997096 81.505
0.995283 -0.059038 0.0769813 -1.35975 0.0571567 0.998016 0.0264191 0.0832377 -0.0783882 -0.0218944 0.996682 82.1855
0.994763 -0.0602624 0.0825563 -1.30587 0.0581804 0.99793 0.027399 0.0971411 -0.0840365 -0.0224523 0.99621 82.8614
0.994251 -0.0605288 0.0883277 -1.24558 0.0582262 0.997899 0.0284194 0.107864 -0.0898623 -0.023113 0.995686 83.5563
0.993761 -0.060364 0.0937803 -1.18313 0.0578487 0.997895 0.0293151 0.124312 -0.0953524 -0.0237071 0.995161 84.2657
0.993202 -0.0614474 0.0988672 -1.1113 0.0587919 0.997833 0.0295543 0.143088 -0.100469 -0.0235408 0.994662 84.9918
0.992686 -0.062738 0.103142 -1.0368 0.0599838 0.997761 0.0295946 0.168499 -0.104768 -0.0231913 0.994226 85.7299
0.992421 -0.0634994 0.10521 -0.959467 0.0605763 0.99769 0.0307527 0.183704 -0.10692 -0.0241464 0.993974 86.4696
0.99217 -0.0650833 0.1066 -0.879702 0.0620886 0.997584 0.0311779 0.197287 -0.108372 -0.0243151 0.993813 87.221
0.992077 -0.0654924 0.107214 -0.801684 0.0625133 0.997565 0.0309189 0.215173 -0.108978 -0.0239716 0.993755 87.9771
0.992115 -0.0657038 0.106727 -0.721418 0.0627964 0.997564 0.0303811 0.232779 -0.108463 -0.0234395 0.993824 88.7501
0.9922 -0.0659603 0.105776 -0.640902 0.0630967 0.99755 0.0301975 0.249361 -0.107509 -0.0232878 0.993931 89.5378
0.992298 -0.0662382 0.104677 -0.558784 0.0634517 0.997542 0.029734 0.270931 -0.106389 -0.0228631 0.994062 90.3397
0.992431 -0.0668881 0.102986 -0.478244 0.0642001 0.99751 0.0292016 0.290127 -0.104683 -0.0223689 0.994254 91.1508
0.992555 -0.0676189 0.101303 -0.401446 0.0649426 0.997453 0.0294921 0.310924 -0.103039 -0.0226937 0.994418 91.9624
0.992813 -0.0684811 0.0981452 -0.316318 0.0658532 0.997385 0.0297731 0.323239 -0.0999274 -0.023096 0.994727 92.7957
0.993041 -0.0700912 0.094637 -0.245166 0.0675211 0.997264 0.0300957 0.326715 -0.0964875 -0.0234963 0.995057 93.6323
0.993446 -0.0699671 0.0903859 -0.177254 0.0674227 0.997246 0.0309069 0.34307 -0.0922994 -0.0246103 0.995427 94.4898
0.993766 -0.0715642 0.0854862 -0.100992 0.069082 0.997109 0.0316541 0.359203 -0.0875043 -0.0255512 0.995836 95.3403
0.994113 -0.0721868 0.0807968 -0.0438371 0.0697202 0.997022 0.0329476 0.375952 -0.0829346 -0.0271205 0.996186 96.1888
0.994506 -0.0725301 0.0754803 0.0223518 0.0701809 0.996977 0.0333266 0.393804 -0.0776693 -0.0278462 0.99659 97.037
0.99483 -0.0735844 0.0699839 0.080985 0.071376 0.996885 0.0335539 0.412405 -0.072235 -0.0283853 0.996984 97.8895
0.995138 -0.0744327 0.0644941 0.132051 0.0723748 0.996809 0.0336807 0.425876 -0.0667952 -0.0288493 0.99735 98.7436
0.995473 -0.074548 0.0589504 0.173998 0.0726608 0.996793 0.0335369 0.443001 -0.0612614 -0.0291017 0.997697 99.585
0.995781 -0.0748595 0.0530777 0.21643 0.0731489 0.996759 0.0334725 0.454663 -0.0554114 -0.0294486 0.998029 100.423
0.996077 -0.0748865 0.0471512 0.25137 0.0733898 0.996767 0.0327133 0.473479 -0.0494485 -0.0291245 0.998352 101.271
0.996257 -0.0757196 0.041698 0.279877 0.0743961 0.996701 0.0324278 0.484851 -0.0440159 -0.0292042 0.998604 102.102
0.996519 -0.0752292 0.035919 0.313388 0.0741127 0.996753 0.0314649 0.512894 -0.0381695 -0.0286933 0.998859 102.955
0.996634 -0.0761585 0.0303286 0.338114 0.0752012 0.996669 0.031545 0.52564 -0.03263 -0.0291581 0.999042 103.802
0.996837 -0.0754252 0.0250369 0.354435 0.074619 0.996708 0.0317102 0.539635 -0.0273462 -0.0297417 0.999183 104.642
0.996972 -0.0752697 0.0195338 0.36757 0.0746407 0.996724 0.0311444 0.557765 -0.0218141 -0.029592 0.999324 105.47
0.99707 -0.0751006 0.0145673 0.366286 0.0746288 0.996742 0.0306048 0.57162 -0.0168183 -0.0294279 0.999425 106.271
0.997129 -0.0751411 0.00937355 0.368099 0.0748239 0.996729 0.0305408 0.580173 -0.0116378 -0.0297517 0.99949 107.079
0.997175 -0.0749756 0.00446406 0.364614 0.0748114 0.996757 0.0296567 0.594389 -0.00667311 -0.029239 0.99955 107.889
0.997223 -0.0744745 -0.000317952 0.360632 0.0744523 0.996801 0.0290514 0.609522 -0.00184665 -0.0289943 0.999578 108.695
0.99725 -0.073944 -0.00498209 0.361994 0.0740603 0.996807 0.0298432 0.618358 0.00275946 -0.0301301 0.999542 109.503
0.997204 -0.0742298 -0.00855759 0.34918 0.0744532 0.996782 0.0297033 0.631304 0.00632518 -0.0302574 0.999522 110.293
0.997211 -0.0737251 -0.0116181 0.331647 0.0740497 0.996786 0.0305514 0.647479 0.00932834 -0.0313266 0.999466 111.088
0.997135 -0.0742063 -0.0146829 0.316808 0.0746237 0.996752 0.0302818 0.668745 0.0123881 -0.0312908 0.999434 111.883
0.997034 -0.0749728 -0.0173745 0.303049 0.0754628 0.996712 0.0295118 0.677754 0.0151047 -0.0307354 0.999413 112.663
0.997099 -0.0736299 -0.019281 0.285727 0.0741563 0.996848 0.0281806 0.702171 0.0171453 -0.0295287 0.999417 113.468
0.997038 -0.074081 -0.0206731 0.266283 0.0746445 0.996818 0.0279618 0.717186 0.0185359 -0.0294221 0.999395 114.279
0.996921 -0.0751562 -0.0223802 0.23985 0.0757852 0.99671 0.0287242 0.720698 0.0201478 -0.0303318 0.999337 115.065
0.996842 -0.0758191 -0.0235978 0.215478 0.0764735 0.996673 0.0281881 0.740761 0.0213821 -0.0299037 0.999324 115.878
0.996838 -0.0755823 -0.0245219 0.186626 0.0762677 0.996685 0.0283375 0.749769 0.0222988 -0.0301181 0.999298 116.687
0.996844 -0.0750613 -0.0258399 0.156813 0.0757921 0.996714 0.0285687 0.760341 0.0236105 -0.030437 0.999258 117.511
0.996865 -0.074359 -0.027028 0.130081 0.0751191 0.996773 0.028288 0.785398 0.0248374 -0.0302296 0.999234 118.347
0.996807 -0.0745863 -0.0284991 0.104579 0.0753861 0.996758 0.0281014 0.802309 0.0263107 -0.0301601 0.999199 119.178
0.996794 -0.0742324 -0.0298409 0.071624 0.0750695 0.996786 0.0279838 0.824366 0.0276677 -0.0301342 0.999163 120.013
0.996742 -0.074519 -0.0308746 0.0337797 0.0753714 0.996778 0.0274315 0.845167 0.028731 -0.0296692 0.999147 120.845
0.996797 -0.0732294 -0.0321459 -0.00561174 0.0740953 0.996896 0.0266263 0.867359 0.0300963 -0.0289228 0.999128 121.687
0.996765 -0.0730157 -0.0335785 -0.0343723 0.0738946 0.996934 0.0257234 0.88833 0.0315973 -0.0281214 0.999105 122.555
0.996707 -0.0730884 -0.0351104 -0.0677197 0.0740128 0.996924 0.0257934 0.903544 0.0331172 -0.0283071 0.999051 123.424
0.996615 -0.0735361 -0.0367688 -0.111149 0.0745075 0.996887 0.0257858 0.916579 0.0347582 -0.028438 0.998991 124.299
0.996465 -0.0742885 -0.0392206 -0.136475 0.0753599 0.996802 0.0265846 0.927524 0.0371202 -0.0294463 0.998877 125.196
0.996295 -0.0755005 -0.0411803 -0.198409 0.0766827 0.996664 0.0279244 0.920733 0.0389346 -0.0309788 0.998761 126.066
0.996187 -0.0757407 -0.0432878 -0.246494 0.0769952 0.996636 0.028086 0.932366 0.0410149 -0.0313119 0.998668 126.957
0.996078 -0.0757731 -0.0456911 -0.293572 0.0770932 0.996635 0.0278546 0.955695 0.0434267 -0.0312678 0.998567 127.88
0.995879 -0.0769325 -0.0480191 -0.341756 0.0782939 0.996561 0.0271415 0.969477 0.0457659 -0.0307893 0.998478 128.801
0.995766 -0.0769335 -0.0503173 -0.389243 0.0783639 0.996556 0.0270993 0.980699 0.0480591 -0.0309276 0.998366 129.735
0.99575 -0.0761699 -0.0517608 -0.466105 0.0775905 0.996646 0.0260108 1.01704 0.049606 -0.0299164 0.998321 130.641
0.995665 -0.075969 -0.0536729 -0.522964 0.0774383 0.996662 0.025843 1.03149 0.0515305 -0.0298873 0.998224 131.58
0.995552 -0.0760293 -0.0556318 -0.584798 0.077565 0.996649 0.0259837 1.04574 0.0534699 -0.0301832 0.998113 132.519
0.995417 -0.0761992 -0.0577891 -0.642468 0.0778051 0.996628 0.0260649 1.06289 0.0556081 -0.0304417 0.997989 133.476
0.995368 -0.0755389 -0.0594645 -0.709507 0.0772514 0.996645 0.027043 1.07738 0.0572221 -0.0315115 0.997864 134.446
0.99525 -0.075545 -0.0613958 -0.769353 0.0773229 0.996637 0.0271127 1.09146 0.0591412 -0.0317312 0.997745 135.417
0.995164 -0.0751423 -0.0632557 -0.836642 0.0769973 0.996654 0.027415 1.1098 0.060984 -0.032153 0.997621 136.399
0.995027 -0.0756317 -0.0648102 -0.910615 0.0774938 0.996635 0.0267123 1.12957 0.0625718 -0.0316019 0.99754 137.372
0.994845 -0.0763511 -0.0667341 -0.981036 0.0782916 0.996566 0.0269599 1.1434 0.0644465 -0.0320457 0.997407 138.362
0.994602 -0.07754 -0.0689512 -1.05121 0.079569 0.996459 0.0271793 1.15652 0.0665995 -0.032519 0.99725 139.352
0.994545 -0.0769362 -0.0704415 -1.13313 0.0790718 0.996474 0.0280431 1.17007 0.0680356 -0.03346 0.997122 140.341
0.9944 -0.0773032 -0.0720635 -1.20799 0.0794751 0.99645 0.0277715 1.19245 0.0696608 -0.0333432 0.997013 141.336
0.994268 -0.0777537 -0.0733797 -1.29525 0.0800156 0.996389 0.0284019 1.20669 0.0709064 -0.0341106 0.9969 142.311
0.994236 -0.0771102 -0.0744872 -1.37895 0.0794432 0.996421 0.0288778 1.23492 0.0719938 -0.0346288 0.996804 143.311
0.994157 -0.0770986 -0.0755456 -1.46917 0.0795126 0.996398 0.0294816 1.24899 0.0730005 -0.0353162 0.996706 144.293
0.994136 -0.0766394 -0.0762841 -1.55447 0.0791246 0.99641 0.0301022 1.264 0.0737032 -0.0359616 0.996632 145.292
0.994186 -0.0757833 -0.0764984 -1.63957 0.0783148 0.996457 0.0306498 1.28218 0.0739047 -0.0364626 0.996599 146.304
0.994132 -0.0764439 -0.0765332 -1.72262 0.0790146 0.996387 0.0311398 1.30111 0.0738763 -0.0370043 0.996581 147.307
0.994102 -0.0766176 -0.0767521 -1.80256 0.0791563 0.996393 0.0305955 1.32031 0.0741311 -0.0364904 0.996581 148.335
0.994023 -0.0776237 -0.0767678 -1.88185 0.0801394 0.996325 0.0302457 1.337 0.0741379 -0.036217 0.99659 149.35
0.994076 -0.0769914 -0.0767126 -1.96928 0.079462 0.996396 0.0296871 1.35705 0.0741505 -0.035607 0.996611 150.356
0.994079 -0.0766438 -0.0770262 -2.04961 0.0791332 0.996419 0.0297994 1.3721 0.0744664 -0.0357183 0.996584 151.359
0.994135 -0.0757003 -0.0772336 -2.13213 0.0782134 0.996484 0.0300459 1.38315 0.0746876 -0.0359104 0.99656 152.363
0.994054 -0.0767955 -0.0771957 -2.21871 0.0793554 0.996375 0.0306549 1.4 0.0745617 -0.0365985 0.996545 153.352
0.99401 -0.0767812 -0.0777689 -2.2961 0.0794149 0.996348 0.0313545 1.40871 0.0750775 -0.0373427 0.996478 154.339
0.993966 -0.0771071 -0.0780139 -2.3756 0.0798246 0.996284 0.0323325 1.41659 0.075231 -0.0383649 0.996428 155.334
0.994036 -0.0761091 -0.078101 -2.45471 0.078898 0.996328 0.0332627 1.43604 0.0752826 -0.0392263 0.99639 156.345
0.994061 -0.0758538 -0.0780376 -2.53754 0.0786535 0.996341 0.033446 1.46061 0.075215 -0.0393852 0.996389 157.344
0.994064 -0.0756936 -0.0781433 -2.61867 0.07852 0.996341 0.0337494 1.47811 0.0753028 -0.0396849 0.996371 158.344
0.994089 -0.075562 -0.0779526 -2.70626 0.0783488 0.996369 0.0333292 1.49837 0.0751511 -0.0392397 0.9964 159.327
0.994054 -0.0761391 -0.0778394 -2.7882 0.0788907 0.99634 0.0329027 1.51996 0.0750493 -0.0388478 0.996423 160.32
0.994088 -0.0756931 -0.0778411 -2.86909 0.0784144 0.996391 0.0325138 1.54168 0.0750991 -0.0384254 0.996435 161.307
0.994095 -0.0754344 -0.0780107 -2.94263 0.0782609 0.996359 0.0338279 1.55751 0.0751748 -0.0397333 0.996378 162.314
0.99403 -0.0762732 -0.0780179 -3.03395 0.0791695 0.996256 0.0347255 1.57592 0.0750772 -0.0406948 0.996347 163.288
0.994027 -0.076186 -0.0781405 -3.121 0.07909 0.996261 0.0347637 1.59381 0.0751998 -0.0407362 0.996336 164.265
0.99404 -0.0762858 -0.0778727 -3.21455 0.0791712 0.996258 0.0346596 1.60727 0.0749373 -0.0406183 0.996361 165.218
0.993994 -0.0763241 -0.0784257 -3.28958 0.0792452 0.996246 0.0348308 1.63496 0.0754729 -0.0408365 0.996311 166.205
0.994058 -0.0753861 -0.0785252 -3.37473 0.0784088 0.996266 0.0361453 1.6582 0.0755071 -0.0420876 0.996257 167.184
0.994026 -0.0756582 -0.0786706 -3.46658 0.0788034 0.996178 0.0376703 1.6693 0.0755199 -0.0436448 0.996189 168.139
0.994094 -0.0744637 -0.0789436 -3.552 0.0777159 0.996214 0.0389533 1.69376 0.0757441 -0.0448584 0.996118 169.114
0.994022 -0.0753502 -0.0790161 -3.63922 0.0787202 0.996076 0.0404337 1.71505 0.0756594 -0.0464122 0.996053 170.082
0.994033 -0.0747175 -0.0794722 -3.71879 0.0782137 0.996059 0.041825 1.73561 0.076034 -0.0477912 0.995959 171.039
0.99396 -0.075119 -0.0800078 -3.79649 0.0786188 0.99604 0.0415256 1.75698 0.0765715 -0.0475649 0.995929 171.981
0.993869 -0.07563 -0.0806553 -3.87692 0.0791789 0.995986 0.0417453 1.77647 0.0771743 -0.0478755 0.995867 172.917
0.993696 -0.0773454 -0.0811538 -3.95559 0.0808627 0.995882 0.0409849 1.80159 0.0776496 -0.0472889 0.995859 173.839
0.993673 -0.076963 -0.081791 -4.03607 0.080479 0.995929 0.0405926 1.82072 0.0783339 -0.0469182 0.995823 174.763
0.993545 -0.0781378 -0.0822403 -4.12486 0.0816699 0.995837 0.0404931 1.83594 0.0787339 -0.0469482 0.99579 175.662
0.993487 -0.0787305 -0.0823678 -4.21625 0.0822115 0.995822 0.0397551 1.86123 0.0788937 -0.0462678 0.995809 176.554
0.993489 -0.0782785 -0.0827786 -4.3029 0.081768 0.995863 0.0396349 1.87918 0.0793336 -0.0461455 0.995779 177.445
0.993522 -0.0772447 -0.0833501 -4.38394 0.0808304 0.995903 0.0405342 1.90909 0.0798776 -0.0470088 0.995696 178.35
0.993498 -0.0766999 -0.0841306 -4.46752 0.0803964 0.9959 0.0414625 1.93545 0.0806055 -0.0479568 0.995592 179.228
0.993525 -0.0756067 -0.0848005 -4.54955 0.0794274 0.995929 0.04262 1.95927 0.0812329 -0.0490795 0.995486 180.106
0.993547 -0.0744774 -0.0855478 -4.62809 0.078361 0.995999 0.042969 1.98629 0.0820053 -0.0493953 0.995407 180.979
0.993506 -0.074544 -0.08596 -4.71514 0.0785455 0.995933 0.0441449 2.00547 0.0823196 -0.05061 0.99532 181.818
0.993501 -0.0743354 -0.0861989 -4.79893 0.0783502 0.995947 0.0441643 2.03243 0.0825666 -0.050631 0.995299 182.645
0.993504 -0.0738817 -0.0865479 -4.88186 0.077893 0.995994 0.0439214 2.05654 0.0829561 -0.0503776 0.995279 183.466
0.993549 -0.0728367 -0.0869249 -4.96367 0.0767841 0.996122 0.0429628 2.08713 0.0834585 -0.0493601 0.995288 184.289
0.993507 -0.0734842 -0.086861 -5.06332 0.0774316 0.996071 0.0429804 2.1105 0.0833613 -0.049427 0.995293 185.082
0.993431 -0.0742173 -0.087101 -5.1451 0.0782882 0.995947 0.0442882 2.12419 0.083461 -0.0508163 0.995215 185.854
0.993457 -0.0739698 -0.0870112 -5.23783 0.0781523 0.995894 0.0456819 2.13843 0.0832749 -0.0521831 0.995159 186.641
0.993465 -0.0740665 -0.086847 -5.33973 0.0782735 0.995867 0.0460764 2.16067 0.0830753 -0.0525731 0.995156 187.401
0.993348 -0.0754098 -0.0870283 -5.43349 0.0796275 0.99576 0.046051 2.17923 0.0831866 -0.0526745 0.995141 188.181
0.993292 -0.0756159 -0.0874867 -5.51168 0.0798757 0.995731 0.046256 2.1958 0.0836155 -0.0529338 0.995091 188.984
0.993261 -0.0762452 -0.0872913 -5.6085 0.0805204 0.995666 0.0465458 2.21647 0.083364 -0.0532609 0.995095 189.743
0.993337 -0.0752061 -0.0873244 -5.689 0.0795972 0.995674 0.0479375 2.24474 0.0833414 -0.0545689 0.995026 190.524
0.993379 -0.0753148 -0.0867549 -5.78217 0.0797065 0.995647 0.0483173 2.26744 0.0827382 -0.0549123 0.995057 191.255
0.993301 -0.0767598 -0.0863773 -5.86762 0.0811317 0.995533 0.048292 2.28858 0.0822845 -0.0549765 0.995091 191.972
0.993294 -0.0771707 -0.0860921 -5.9541 0.0814955 0.995522 0.0479 2.31944 0.0820101 -0.0545949 0.995135 192.676
0.993275 -0.0778059 -0.085742 -6.03616 0.0821345 0.995457 0.0481651 2.34295 0.0816049 -0.0548835 0.995152 193.372
0.993269 -0.0775936 -0.0859986 -6.10115 0.0819283 0.995478 0.0480727 2.37157 0.0818796 -0.0547948 0.995135 194.076
0.993271 -0.0775448 -0.0860153 -6.17977 0.0818741 0.995486 0.0479961 2.38821 0.0819052 -0.0547156 0.995137 194.744
0.99318 -0.0790128 -0.0857349 -6.2587 0.0832497 0.995419 0.0470188 2.40678 0.0816271 -0.0538355 0.995208 195.401
0.993242 -0.0786426 -0.0853596 -6.3339 0.082826 0.995473 0.0466229 2.42348 0.0813066 -0.0533778 0.995259 196.054
0.993296 -0.0780032 -0.0853163 -6.40604 0.0821604 0.995541 0.0463484 2.43856 0.0813205 -0.0530473 0.995275 196.705
0.993282 -0.0779142 -0.0855531 -6.47194 0.082055 0.995566 0.0459956 2.46172 0.08159 -0.0527067 0.995271 197.36
0.993283 -0.0779826 -0.0854839 -6.5421 0.0821411 0.995547 0.0462544 2.47792 0.0814962 -0.0529654 0.995265 198.01
0.993272 -0.0780852 -0.0855164 -6.60272 0.0822704 0.995522 0.0465577 2.4949 0.0814979 -0.05328 0.995248 198.676
0.993309 -0.0777981 -0.0853551 -6.66609 0.0820136 0.99552 0.0470422 2.5096 0.0813129 -0.0537277 0.995239 199.337
0.993267 -0.0781764 -0.0854944 -6.72615 0.0824565 0.995451 0.0477283 2.5287 0.0813742 -0.0544565 0.995195 199.99
0.993315 -0.0774373 -0.0856102 -6.78557 0.0817416 0.995499 0.0479659 2.55043 0.0815105 -0.0546432 0.995173 200.644
0.993366 -0.0770553 -0.0853625 -6.85038 0.0813203 0.995548 0.0476623 2.56948 0.0813098 -0.0542878 0.995209 201.286
0.993341 -0.0773804 -0.0853579 -6.91165 0.0815987 0.995552 0.0470849 2.59045 0.0813349 -0.0537364 0.995237 201.921
0.993347 -0.0770663 -0.0855773 -6.973 0.0813053 0.995571 0.0472016 2.61197 0.0815606 -0.0538455 0.995213 202.557
0.993181 -0.0790587 -0.0856783 -7.03219 0.0833116 0.995403 0.0472496 2.6315 0.081549 -0.0540654 0.995202 203.188
0.993195 -0.0788775 -0.0856862 -7.09441 0.0831572 0.9954 0.0475768 2.65178 0.0815393 -0.0543784 0.995186 203.815
0.993187 -0.0787035 -0.0859364 -7.1532 0.0830352 0.995388 0.0480469 2.67201 0.0817586 -0.0548553 0.995141 204.439
0.99317 -0.0786851 -0.0861497 -7.2148 0.083067 0.995362 0.048514 2.69193 0.0819329 -0.0553389 0.9951 205.06
0.993104 -0.0791594 -0.0864784 -7.27183 0.0835664 0.995317 0.0485828 2.71499 0.0822277 -0.0554745 0.995068 205.678
0.993135 -0.0787745 -0.0864744 -7.33569 0.0832313 0.995315 0.0491992 2.73444 0.0821937 -0.0560588 0.995038 206.292
0.993169 -0.0782542 -0.0865534 -7.39816 0.0827598 0.995327 0.0497482 2.75023 0.082256 -0.0565715 0.995004 206.911
0.993097 -0.0789306 -0.0867681 -7.45827 0.0834771 0.995251 0.0500773 2.77279 0.0824034 -0.0569748 0.994969 207.523
0.993063 -0.0788982 -0.0871851 -7.51687 0.0835088 0.995224 0.0505604 2.7927 0.0827795 -0.0574904 0.994908 208.133
0.993049 -0.0787208 -0.0875018 -7.57733 0.083361 0.995229 0.0507002 2.81527 0.0830931 -0.057642 0.994873 208.736
0.992964 -0.0793372 -0.0879112 -7.63491 0.0840064 0.995172 0.0507464 2.83593 0.0834607 -0.0577744 0.994835 209.339
0.992943 -0.0794385 -0.0880569 -7.69598 0.0841295 0.995154 0.0509023 2.85751 0.0835866 -0.0579513 0.994814 209.942
0.99292 -0.0788134 -0.088869 -7.75238 0.0835463 0.995205 0.0508545 2.87644 0.0844349 -0.0579192 0.994744 210.54
0.992917 -0.0786411 -0.0890572 -7.81029 0.0834075 0.995203 0.0511229 2.89366 0.0846096 -0.0581888 0.994714 211.136
0.992824 -0.079544 -0.0892975 -7.86876 0.084332 0.995122 0.051187 2.91834 0.0847903 -0.0583503 0.994689 211.731
0.992824 -0.0793591 -0.0894552 -7.93136 0.084186 0.995116 0.0515378 2.94079 0.0849284 -0.0586989 0.994657 212.323
0.992889 -0.0782741 -0.0896957 -7.99171 0.0831115 0.995207 0.0515251 2.95928 0.0852327 -0.0586134 0.994636 212.915
0.992885 -0.0781867 -0.0898102 -8.04799 0.0830521 0.995199 0.0517743 2.98209 0.0853309 -0.0588648 0.994612 213.504
0.99288 -0.0779906 -0.0900394 -8.10854 0.0828759 0.99521 0.0518536 3.00804 0.0855641 -0.0589464 0.994587 214.093
0.992851 -0.0780665 -0.0902937 -8.16696 0.0829223 0.995233 0.0513334 3.03361 0.0858558 -0.0584538 0.994591 214.678
0.992729 -0.0792896 -0.0905707 -8.21917 0.0841324 0.995151 0.0509609 3.05148 0.0860909 -0.0582103 0.994585 215.259
0.992731 -0.0791842 -0.0906323 -8.2804 0.0840137 0.99517 0.0507687 3.07239 0.0861745 -0.058014 0.99459 215.838
0.992753 -0.0787293 -0.0907878 -8.33877 0.0835628 0.995211 0.0507221 3.09053 0.0863597 -0.0579411 0.994578 216.429
0.992759 -0.0784787 -0.0909384 -8.39921 0.0833357 0.995221 0.0508996 3.11824 0.0865092 -0.0581094 0.994555 217.019
