0.999999 0.000465361 -0.00153964 0.0145968 -0.000465107 1 0.000165605 -0.0390285 0.00153972 -0.000164889 0.999999 1.71098
0.999998 0.00117654 -0.00170909 0.00929398 -0.00117705 0.999999 -0.000298416 -0.0737942 0.00170874 0.000300427 0.999998 3.40482
0.999996 0.00214156 -0.00194706 -0.0153565 -0.00214364 0.999997 -0.00106548 -0.110719 0.00194477 0.00106965 0.999998 5.04822
0.99999 0.00431496 -0.00153027 -0.0282514 -0.00431797 0.999989 -0.0019674 -0.140729 0.00152176 0.00197399 0.999997 6.68824
0.999979 0.00652406 -0.000234113 -0.0368788 -0.00652463 0.999976 -0.00251072 -0.182615 0.000217728 0.00251219 0.999997 8.3179
0.99996 0.00863741 0.00214274 -0.0445324 -0.00863344 0.999961 -0.00185384 -0.221758 -0.00215867 0.00183526 0.999996 9.88311
0.999944 0.00864965 0.00616788 -0.0438213 -0.00863055 0.999958 -0.00311541 -0.255238 -0.00619457 0.003062 0.999976 11.485
0.9999 0.00878302 0.0110914 -0.0356902 -0.00875988 0.999959 -0.00213304 -0.289841 -0.0111096 0.00203567 0.999936 13.0832
0.999832 0.00808875 0.0164222 -0.0154592 -0.00806526 0.999966 -0.00149609 -0.329955 -0.0164338 0.00136339 0.999864 14.6097
0.999688 0.0077315 0.0237511 0.0079149 -0.00768939 0.999969 -0.00186372 -0.371914 -0.0237647 0.00168051 0.999716 16.123
0.999391 0.00889029 0.0337439 0.0441513 -0.00881531 0.999958 -0.00237022 -0.407569 -0.0337636 0.00207131 0.999428 17.5984
0.998862 0.0110848 0.0463871 0.088805 -0.011006 0.999938 -0.00195437 -0.459474 -0.0464059 0.00144161 0.998922 19.0393
0.998116 0.0117486 0.0602163 0.15586 -0.0116647 0.99993 -0.00174578 -0.49215 -0.0602326 0.00104009 0.998184 20.4787
0.99698 0.0131696 0.076537 0.242151 -0.0130928 0.999913 -0.00150545 -0.525374 -0.0765502 0.000498817 0.997066 21.8922
0.995386 0.0139557 0.0949336 0.357955 -0.0137708 0.999902 -0.00260217 -0.563622 -0.0949605 0.00128285 0.99548 23.2773
0.993263 0.0150223 0.114906 0.502696 -0.015069 0.999886 -0.000462117 -0.598163 -0.1149 -0.00127251 0.993376 24.6175
0.990409 0.0120255 0.13764 0.66924 -0.0120471 0.999927 -0.00067604 -0.626577 -0.137638 -0.000988601 0.990482 25.9968
0.987054 0.0128377 0.159872 0.87096 -0.0122696 0.999914 -0.00454056 -0.656883 -0.159917 0.00252021 0.987127 27.3306
0.983128 0.00814153 0.182737 1.11221 -0.00667507 0.99994 -0.00863865 -0.683542 -0.182796 0.00727311 0.983124 28.6451
0.978585 0.0034875 0.205814 1.37428 -0.00225606 0.999978 -0.00621765 -0.713757 -0.205831 0.00562017 0.978571 29.8999
0.973448 -0.0049063 0.228854 1.67496 0.00594016 0.999975 -0.00382893 -0.741575 -0.228829 0.00508669 0.973453 31.1711
0.967946 -0.00683506 0.251063 1.99425 0.00830464 0.999954 -0.00479442 -0.765983 -0.251019 0.00672573 0.967959 32.4196
0.961508 -0.0110707 0.274554 2.34854 0.0135857 0.999881 -0.00726031 -0.786386 -0.274441 0.0107108 0.961544 33.6772
0.954174 -0.0118111 0.299019 2.7219 0.0153333 0.999838 -0.00943558 -0.815122 -0.298859 0.0135881 0.9542 34.879
0.946247 -0.011642 0.323235 3.11742 0.0160751 0.99981 -0.0110482 -0.847291 -0.323045 0.0156504 0.946254 36.0754
0.937585 -0.0133385 0.347501 3.5578 0.0179162 0.99979 -0.00996324 -0.882931 -0.347295 0.0155673 0.937627 37.2805
0.928279 -0.0141229 0.371616 4.02106 0.0186433 0.999789 -0.00857394 -0.908837 -0.371417 0.0148872 0.928347 38.4666
0.91814 -0.0150657 0.395971 4.52126 0.0200708 0.999762 -0.0084998 -0.944269 -0.395749 0.0157515 0.918224 39.6349
0.907049 -0.0132215 0.420817 5.04509 0.0195284 0.999752 -0.0106818 -0.978102 -0.420571 0.0179068 0.907083 40.7847
0.894941 -0.0113254 0.446041 5.59891 0.0192764 0.999726 -0.0132925 -1.0155 -0.445768 0.020494 0.894914 41.9168
0.881819 -0.00880523 0.471507 6.18573 0.018353 0.999709 -0.0156549 -1.05874 -0.471232 0.0224583 0.881724 43.0382
0.867661 -0.0062826 0.497117 6.79631 0.016828 0.999718 -0.0167368 -1.09449 -0.496872 0.0228873 0.867522 44.138
0.8531 -0.00408603 0.521732 7.44774 0.0156427 0.99972 -0.0177483 -1.1362 -0.521513 0.0233024 0.852925 45.2223
0.837285 -0.00230369 0.546762 8.12214 0.0158235 0.999674 -0.0200194 -1.1826 -0.546538 0.0254137 0.837048 46.2672
0.821104 -0.000454826 0.570778 8.8208 0.0167483 0.999588 -0.023297 -1.23187 -0.570533 0.0286889 0.820774 47.2898
0.804203 0.00330505 0.594346 9.55031 0.0149952 0.999553 -0.0258482 -1.28134 -0.594166 0.0296995 0.803794 48.3035
0.786416 0.00372555 0.617686 10.2972 0.0169355 0.999476 -0.02759 -1.33181 -0.617465 0.032158 0.785941 49.2764
0.767853 0.0052482 0.640604 11.0933 0.0184193 0.999372 -0.0302655 -1.38119 -0.640361 0.035039 0.767275 50.237
0.748821 0.00701185 0.662736 11.8922 0.019278 0.999291 -0.0323548 -1.44273 -0.662492 0.0370041 0.748154 51.1576
0.729028 0.0080746 0.684436 12.7376 0.0212944 0.999179 -0.0344695 -1.50246 -0.684153 0.0397039 0.728257 52.0686
0.708263 0.0100634 0.705877 13.5956 0.0226959 0.999057 -0.0370157 -1.56291 -0.705584 0.0422374 0.707367 52.9403
0.686407 0.0122192 0.727115 14.4933 0.0241493 0.998924 -0.0395843 -1.62545 -0.726816 0.0447302 0.685374 53.8055
0.664415 0.0149918 0.747213 15.4102 0.0247887 0.998807 -0.0420815 -1.69162 -0.746952 0.046482 0.663251 54.6315
0.641953 0.0163548 0.766569 16.3732 0.025319 0.998775 -0.042512 -1.76625 -0.766325 0.0466994 0.640753 55.4493
0.61844 0.0197769 0.785583 17.3504 0.023894 0.998748 -0.0439536 -1.83083 -0.785468 0.0459534 0.617193 56.2372
0.593909 0.0218483 0.804235 18.3599 0.0245561 0.998673 -0.0452646 -1.89614 -0.804157 0.0466319 0.592585 56.9984
0.569479 0.0243858 0.821644 19.3814 0.0255816 0.99855 -0.0473667 -1.9673 -0.821608 0.0479933 0.568029 57.7176
0.545148 0.0271659 0.8379 20.4327 0.0264493 0.99842 -0.0495785 -2.04236 -0.837923 0.0491895 0.543568 58.4073
0.520745 0.0292027 0.853213 21.525 0.0287443 0.998248 -0.0517105 -2.12238 -0.853228 0.051453 0.518994 59.073
0.496732 0.0306901 0.867361 22.6014 0.0305909 0.998135 -0.0528365 -2.20058 -0.867365 0.0527789 0.494866 59.6967
0.472191 0.0345513 0.880819 23.7159 0.0299496 0.998026 -0.0552044 -2.27728 -0.880987 0.0524472 0.470224 60.312
0.447292 0.0353813 0.893688 24.8624 0.0316042 0.997968 -0.0553277 -2.3594 -0.893829 0.0529919 0.445265 60.8946
0.422252 0.0363515 0.905749 26.0252 0.0311518 0.998023 -0.0545775 -2.43861 -0.905943 0.0512612 0.420285 61.4485
0.396975 0.0373812 0.917068 27.2099 0.0308949 0.99806 -0.0540562 -2.52915 -0.917309 0.0497917 0.39505 61.9721
0.371774 0.0403558 0.927446 28.367 0.0308846 0.997964 -0.0558047 -2.61927 -0.927809 0.0493905 0.369771 62.4613
0.348101 0.0426032 0.936489 29.5647 0.0329572 0.997793 -0.0576425 -2.70647 -0.936878 0.0509295 0.345928 62.9118
0.325917 0.043739 0.944386 30.749 0.0353034 0.997669 -0.0583904 -2.79755 -0.944739 0.0523704 0.323613 63.3293
0.304647 0.0446199 0.95142 31.9579 0.0397649 0.997435 -0.0595108 -2.89547 -0.951635 0.0559629 0.302091 63.7194
0.285033 0.046867 0.957371 33.2007 0.043481 0.997144 -0.0617593 -2.98764 -0.957531 0.0592309 0.282181 64.0863
0.267302 0.0494879 0.962341 34.4296 0.0477276 0.996775 -0.0645156 -3.07554 -0.96243 0.0631754 0.264078 64.4323
0.252268 0.0531156 0.966198 35.6869 0.0517148 0.996325 -0.0682742 -3.17061 -0.966274 0.0671902 0.248594 64.7555
0.239347 0.0559389 0.969321 36.9514 0.0550992 0.995948 -0.0710807 -3.26683 -0.96937 0.0704217 0.235294 65.0683
0.228561 0.0571004 0.971854 38.2346 0.0572475 0.995763 -0.0719686 -3.36371 -0.971845 0.0720854 0.224324 65.3691
0.218712 0.0567616 0.974137 39.5426 0.0593694 0.995683 -0.0713466 -3.46983 -0.973982 0.0734383 0.214398 65.6648
0.210259 0.0574856 0.975954 40.8634 0.0616284 0.995505 -0.0719144 -3.5722 -0.975701 0.0752671 0.205771 65.9448
0.201932 0.0578512 0.977689 42.2262 0.0636714 0.995367 -0.0720479 -3.67057 -0.977328 0.0767997 0.197313 66.226
0.194326 0.0572917 0.979263 43.5783 0.0665944 0.995219 -0.0714403 -3.77284 -0.978674 0.0790961 0.189582 66.4861
0.187451 0.0566914 0.980637 44.9582 0.0704068 0.99499 -0.0709796 -3.87536 -0.979747 0.0823487 0.18252 66.7439
0.181364 0.0552639 0.981862 46.3555 0.0733077 0.994882 -0.0695377 -3.98064 -0.98068 0.0845897 0.176384 66.9942
0.175825 0.0537792 0.982951 47.7613 0.0756076 0.99482 -0.0679528 -4.07876 -0.981514 0.0862664 0.170849 67.2461
0.170165 0.0528583 0.983997 49.2005 0.077013 0.994793 -0.0667562 -4.1772 -0.982402 0.0871401 0.165208 67.4884
0.164726 0.0561005 0.984743 50.6435 0.075086 0.994771 -0.069232 -4.28046 -0.983477 0.0853446 0.159652 67.7224
0.158571 0.0593934 0.985559 52.1045 0.0720183 0.994834 -0.0715397 -4.38772 -0.984717 0.0823225 0.153475 67.9681
0.152411 0.0591817 0.986544 53.5874 0.0708395 0.994984 -0.0706319 -4.50307 -0.985775 0.0806513 0.147454 68.2003
0.145699 0.0582863 0.98761 55.0739 0.0683159 0.995287 -0.0688178 -4.61693 -0.986967 0.0774962 0.141031 68.4314
0.140004 0.0562702 0.988551 56.5914 0.0693505 0.995375 -0.0664805 -4.73026 -0.987719 0.077864 0.135454 68.6465
0.134358 0.0561379 0.989341 58.119 0.070755 0.995302 -0.0660851 -4.83957 -0.988404 0.0788799 0.129755 68.8514
0.128919 0.0560395 0.99007 59.6489 0.0725328 0.995195 -0.0657742 -4.94807 -0.988999 0.0802921 0.124235 69.0517
0.125238 0.0549673 0.990603 61.1832 0.0741675 0.995151 -0.0645964 -5.06923 -0.989351 0.0815605 0.120554 69.2461
0.12256 0.0527664 0.991057 62.7237 0.0764452 0.995117 -0.0624362 -5.17482 -0.989513 0.0834138 0.117928 69.4337
0.120903 0.051044 0.991351 64.2473 0.0767645 0.995206 -0.0606045 -5.28348 -0.989692 0.0834278 0.116405 69.6156
0.119124 0.0499433 0.991623 65.8035 0.0770286 0.995259 -0.0593799 -5.38982 -0.989887 0.0834568 0.114712 69.7954
0.117129 0.0508733 0.991813 67.3535 0.0755167 0.995339 -0.0599725 -5.49576 -0.990241 0.081923 0.112742 69.9853
0.115393 0.0521247 0.991951 68.9107 0.0751837 0.995299 -0.0610466 -5.60414 -0.990471 0.0816229 0.110931 70.166
0.114092 0.0527121 0.992071 70.483 0.0755956 0.995236 -0.061574 -5.72042 -0.99059 0.0820212 0.109564 70.344
0.112774 0.05269 0.992223 72.0789 0.0752355 0.995273 -0.0614031 -5.82479 -0.990768 0.0815751 0.108277 70.527
0.11208 0.0520757 0.992334 73.6756 0.075257 0.995313 -0.060732 -5.92729 -0.990845 0.0814869 0.107636 70.6979
0.111008 0.0512365 0.992498 75.2795 0.0757913 0.995325 -0.0598594 -6.03747 -0.990925 0.0818675 0.106606 70.874
0.110565 0.0504374 0.992588 76.8932 0.0769178 0.995282 -0.0591422 -6.14799 -0.990888 0.0828868 0.106164 71.0461
0.110118 0.0491468 0.992703 78.5193 0.0800695 0.995092 -0.058147 -6.25727 -0.990688 0.0858883 0.105643 71.2223
0.109888 0.0480923 0.99278 80.1444 0.0820267 0.994983 -0.0572783 -6.3563 -0.990554 0.0877287 0.105392 71.397
0.109784 0.0476323 0.992813 81.7864 0.0839777 0.994835 -0.0570154 -6.46398 -0.990402 0.0896335 0.105217 71.571
0.109819 0.0474579 0.992818 83.4208 0.0853439 0.99472 -0.056989 -6.57481 -0.990281 0.0909895 0.105189 71.7442
0.109954 0.0474481 0.992803 85.0315 0.0857468 0.994683 -0.0570345 -6.6792 -0.990231 0.0914009 0.105301 71.917
0.110064 0.0476469 0.992782 86.6624 0.0867276 0.99458 -0.0573482 -6.7905 -0.990133 0.0924135 0.105335 72.086
0.109805 0.048885 0.99275 88.3248 0.0870351 0.99448 -0.0585968 -6.90247 -0.990135 0.0928384 0.104944 72.2562
0.10938 0.049996 0.992742 89.9564 0.0866506 0.994453 -0.0596292 -7.0143 -0.990216 0.0925439 0.104441 72.4309
0.108888 0.0493149 0.99283 91.5788 0.0872912 0.994436 -0.0589683 -7.13202 -0.990214 0.0930863 0.103978 72.6137
0.108746 0.0477982 0.99292 93.2077 0.0874416 0.994512 -0.0574516 -7.22968 -0.990216 0.0930701 0.10397 72.7861
0.108393 0.0460413 0.993041 94.8679 0.0857714 0.994769 -0.0554835 -7.3442 -0.990401 0.0911885 0.103877 72.9712
0.107767 0.0459933 0.993112 96.5074 0.0848353 0.99486 -0.0552801 -7.44316 -0.99055 0.0902083 0.103311 73.164
0.107041 0.0467111 0.993157 98.1338 0.0830595 0.994984 -0.0557491 -7.54792 -0.990779 0.0884585 0.102624 73.3392
0.106732 0.0477811 0.993139 99.7685 0.081075 0.9951 -0.0565885 -7.65929 -0.990977 0.0865586 0.102335 73.5248
0.10628 0.047523 0.9932 101.426 0.0796934 0.995237 -0.0561482 -7.76612 -0.991138 0.0851189 0.101986 73.6956
0.105944 0.0467849 0.993271 103.052 0.0785797 0.995375 -0.0552655 -7.8754 -0.991262 0.083906 0.101778 73.871
0.105145 0.0476043 0.993317 104.695 0.0776792 0.995409 -0.055927 -7.97836 -0.991418 0.0830405 0.100964 74.04
0.103826 0.0493194 0.993372 106.343 0.0780574 0.995285 -0.0575729 -8.07277 -0.991528 0.0835176 0.0994866 74.2129
0.102716 0.0497042 0.993468 108.006 0.0778188 0.995288 -0.0578411 -8.18299 -0.991662 0.0832517 0.0983638 74.3782
0.100568 0.0491183 0.993717 109.668 0.0781064 0.995308 -0.0571017 -8.2955 -0.99186 0.0833582 0.0962599 74.5552
0.0983616 0.0494091 0.993923 111.315 0.0781148 0.995302 -0.0572081 -8.40844 -0.99208 0.0832672 0.0940398 74.715
0.0960578 0.049417 0.994148 112.958 0.0788517 0.99525 -0.0570907 -8.52067 -0.992248 0.0838743 0.0917049 74.8742
0.0940787 0.05011 0.994303 114.627 0.0812012 0.995019 -0.0578292 -8.6148 -0.992248 0.0861791 0.089541 75.038
0.0919074 0.0502994 0.994496 116.3 0.0814358 0.994998 -0.0578507 -8.73148 -0.992432 0.0863045 0.0873515 75.1931
0.0899357 0.0485409 0.994764 117.967 0.0824519 0.99502 -0.0560078 -8.84821 -0.992529 0.0870573 0.0854855 75.3421
0.0884702 0.0479699 0.994923 119.641 0.0828387 0.995025 -0.055341 -8.95992 -0.992628 0.0873142 0.0840563 75.4835
0.0866543 0.0483447 0.995065 121.348 0.0828754 0.99501 -0.0555592 -9.06576 -0.992785 0.0872808 0.0822153 75.6367
0.0853031 0.0490316 0.995148 123.024 0.0832291 0.994947 -0.056156 -9.1654 -0.992873 0.0876155 0.0807913 75.7774
0.0842918 0.0491681 0.995227 124.688 0.0838334 0.994891 -0.0562519 -9.26367 -0.992908 0.0881748 0.0797392 75.9163
0.0834358 0.04859 0.995328 126.371 0.0841944 0.994895 -0.0556267 -9.37779 -0.99295 0.0884423 0.0789189 76.0572
0.0827683 0.0478655 0.995419 128.059 0.0851575 0.994853 -0.0549191 -9.48772 -0.992924 0.0893129 0.0782662 76.1873
0.0821218 0.0467962 0.995523 129.759 0.0853253 0.994899 -0.0538055 -9.57852 -0.992963 0.0893619 0.07771 76.3179
0.0816631 0.0464755 0.995576 131.446 0.0858733 0.994869 -0.0534864 -9.68549 -0.992954 0.0898613 0.0772531 76.4459
0.0806436 0.0475864 0.995606 133.161 0.0854548 0.994852 -0.0544722 -9.79692 -0.993073 0.0894721 0.076162 76.5906
0.0798366 0.0489689 0.995604 134.876 0.0865589 0.994679 -0.0558645 -9.91819 -0.993043 0.0906384 0.0751731 76.7264
0.0791208 0.0498442 0.995618 136.578 0.0870012 0.994593 -0.0567067 -10.0286 -0.993061 0.0911067 0.0743565 76.8608
0.0787156 0.0498706 0.995649 138.281 0.0877114 0.994528 -0.0567488 -10.1468 -0.993031 0.0917968 0.0739106 76.9865
0.0779521 0.0495743 0.995724 140.002 0.0878294 0.994538 -0.0563911 -10.2668 -0.993081 0.0918496 0.0731723 77.1187
0.0775352 0.0481864 0.995824 141.719 0.0885547 0.994551 -0.0550196 -10.3772 -0.993049 0.0924509 0.0728455 77.2538
0.077219 0.0463584 0.995936 143.443 0.0896143 0.994552 -0.0532422 -10.4963 -0.992979 0.0933614 0.072644 77.3842
0.0775897 0.0447835 0.995979 145.152 0.0914278 0.994462 -0.0518377 -10.5931 -0.992784 0.0950822 0.0730655 77.5084
0.078056 0.0435131 0.995999 146.839 0.0929878 0.994374 -0.0507295 -10.6923 -0.992603 0.0965755 0.0735706 77.6341
0.0790016 0.0431599 0.99594 148.544 0.0937616 0.994312 -0.0505269 -10.7965 -0.992455 0.0973726 0.0745054 77.7613
0.0802852 0.0428261 0.995852 150.218 0.0953987 0.99416 -0.0504444 -10.9143 -0.992196 0.0990529 0.0757308 77.8899
0.0818228 0.0432703 0.995707 151.891 0.0958898 0.99408 -0.0510794 -11.0245 -0.992023 0.0996576 0.0771892 78.0275
0.0833602 0.0437409 0.995559 153.556 0.096534 0.993983 -0.0517546 -11.1408 -0.991833 0.10042 0.0786361 78.1627
0.0849187 0.044678 0.995386 155.219 0.0960065 0.993979 -0.0528054 -11.2468 -0.991752 0.100048 0.080118 78.3022
0.0855723 0.0447042 0.995329 156.867 0.0955494 0.99402 -0.0528602 -11.3632 -0.99174 0.0996264 0.0807891 78.4399
0.0860413 0.0438427 0.995326 158.545 0.0952945 0.994089 -0.0520259 -11.4747 -0.991724 0.0993255 0.0813547 78.5783
0.0856972 0.0417323 0.995447 160.203 0.0954086 0.994187 -0.0498931 -11.5877 -0.991742 0.0992499 0.0812175 78.7168
0.0844466 0.0399145 0.995628 161.868 0.0960151 0.994222 -0.0480019 -11.701 -0.991791 0.0996489 0.0801262 78.8576
0.0822663 0.0390512 0.995845 163.497 0.0964265 0.994232 -0.0469536 -11.8047 -0.991935 0.0998886 0.0780262 78.9834
0.0782002 0.038306 0.996201 165.117 0.0963035 0.994298 -0.0457925 -11.9048 -0.992275 0.0995186 0.0740653 79.0968
0.0720542 0.0373898 0.9967 166.714 0.0953507 0.994462 -0.044199 -12.0121 -0.992833 0.0982207 0.0680901 79.2087
0.0640052 0.0369409 0.997266 168.365 0.0944422 0.994605 -0.0429037 -12.1051 -0.993471 0.0969301 0.0601712 79.3199
0.0539051 0.0367702 0.997869 169.987 0.093233 0.994771 -0.0416926 -12.2033 -0.994184 0.0952818 0.050195 79.4126
0.041915 0.0361577 0.998467 171.607 0.0919948 0.99496 -0.0398926 -12.2994 -0.994877 0.0935259 0.0383775 79.4774
0.0276994 0.0354892 0.998986 173.238 0.0919096 0.995046 -0.0378976 -12.3825 -0.995382 0.0928662 0.0243004 79.5371
0.0123549 0.0358261 0.999282 174.845 0.0900877 0.995254 -0.0367955 -12.4648 -0.995857 0.0904776 0.00906877 79.5717
-0.00399061 0.0362998 0.999333 176.42 0.0885527 0.995428 -0.0358043 -12.5539 -0.996064 0.0883507 -0.0071868 79.5774
-0.0203836 0.0371571 0.999102 177.999 0.0881126 0.995487 -0.0352251 -12.6426 -0.995902 0.0873154 -0.0235657 79.5549
-0.0375075 0.0367631 0.99862 179.562 0.0876699 0.995591 -0.0333587 -12.723 -0.995443 0.0862977 -0.0405651 79.4996
-0.055665 0.0357248 0.99781 181.105 0.0872886 0.995707 -0.0307799 -12.8026 -0.994627 0.0853841 -0.0585444 79.4237
-0.0742375 0.0345378 0.996642 182.634 0.0891775 0.995626 -0.0278599 -12.8752 -0.993245 0.0868099 -0.0769928 79.3163
-0.0934562 0.0325723 0.99509 184.15 0.0899781 0.995651 -0.0241402 -12.9427 -0.991549 0.0872803 -0.0959806 79.1823
-0.113 0.030902 0.993114 185.649 0.092419 0.99551 -0.0204608 -13.0052 -0.989287 0.0894705 -0.115349 79.0192
-0.133363 0.0317418 0.990559 187.157 0.0959389 0.995206 -0.0189741 -13.0601 -0.986413 0.0925027 -0.135769 78.8211
-0.153609 0.0321234 0.987609 188.592 0.0978263 0.995056 -0.01715 -13.1094 -0.983277 0.0939798 -0.155992 78.6089
-0.175185 0.035512 0.983895 190.035 0.0993057 0.99489 -0.0182273 -13.153 -0.979514 0.0945132 -0.177816 78.3614
-0.197686 0.0368798 0.979571 191.435 0.0993858 0.994897 -0.0173998 -13.2013 -0.975214 0.0939158 -0.200343 78.0886
-0.22232 0.0384356 0.974216 192.875 0.0979221 0.99505 -0.0169113 -13.2461 -0.970044 0.0916375 -0.224983 77.7781
-0.247991 0.0376682 0.96803 194.285 0.0973998 0.99515 -0.0137716 -13.2931 -0.963854 0.0908707 -0.250457 77.4317
-0.274403 0.0361199 0.960936 195.668 0.0952688 0.995399 -0.0102105 -13.3384 -0.956884 0.0887455 -0.276582 77.0552
-0.30164 0.036159 0.952736 197.032 0.0953675 0.995413 -0.00758501 -13.378 -0.94864 0.0885721 -0.303705 76.6431
-0.329194 0.0361734 0.943569 198.352 0.0938921 0.995568 -0.0054096 -13.4063 -0.939583 0.0868129 -0.331132 76.1987
-0.356709 0.0376056 0.933458 199.663 0.0942748 0.995538 -0.00408058 -13.4361 -0.929446 0.086546 -0.358663 75.7056
-0.385003 0.0391569 0.922084 200.946 0.0957283 0.995405 -0.00230051 -13.4671 -0.917937 0.0873839 -0.386982 75.1838
-0.413378 0.0405134 0.909658 202.199 0.0957237 0.995408 -0.0008325 -13.5023 -0.905514 0.0867316 -0.415358 74.6252
-0.441824 0.0428383 0.896079 203.457 0.0961981 0.995362 -0.000152902 -13.5289 -0.891929 0.0861335 -0.443895 74.0115
-0.469893 0.0449756 0.881577 204.673 0.0954835 0.995431 0.000109896 -13.5511 -0.877544 0.0842277 -0.47204 73.3794
-0.497378 0.0463336 0.866296 205.858 0.0949845 0.995478 0.00129183 -13.5709 -0.862319 0.0829272 -0.49953 72.7154
-0.524247 0.0476259 0.850234 207.013 0.0951194 0.995462 0.00288898 -13.599 -0.846237 0.0823883 -0.526398 72.0108
-0.550979 0.048128 0.83313 208.151 0.0955715 0.995406 0.00570261 -13.6225 -0.829028 0.0827655 -0.553048 71.2752
-0.577611 0.0476545 0.81492 209.267 0.0933935 0.995597 0.0079767 -13.6386 -0.810952 0.0807157 -0.579518 70.5089
-0.603634 0.0481698 0.795805 210.338 0.0911638 0.995796 0.00887434 -13.6457 -0.792033 0.0779055 -0.605487 69.7206
-0.629201 0.050434 0.775605 211.384 0.0899114 0.995916 0.00817974 -13.6537 -0.772025 0.0748824 -0.631166 68.8966
-0.654263 0.0514677 0.754514 212.411 0.0882073 0.996066 0.00854268 -13.6617 -0.751106 0.0721428 -0.656228 68.0312
-0.677295 0.0533655 0.733774 213.403 0.0887852 0.996005 0.00951435 -13.6606 -0.730335 0.0715923 -0.679327 67.1279
-0.699414 0.0549405 0.712602 214.359 0.0898622 0.995889 0.0114176 -13.6667 -0.709045 0.0720217 -0.701475 66.1986
-0.720724 0.0570058 0.690874 215.282 0.0919092 0.995673 0.0137248 -13.6683 -0.687102 0.0733894 -0.722845 65.2465
-0.740923 0.0583976 0.669046 216.181 0.0926937 0.99557 0.0157538 -13.6645 -0.665162 0.0736887 -0.743054 64.2606
-0.760529 0.0584115 0.646672 217.052 0.0920722 0.995583 0.0183556 -13.6609 -0.642743 0.0735004 -0.762548 63.247
-0.779443 0.0573806 0.62384 217.898 0.0895942 0.99577 0.0203508 -13.6507 -0.620033 0.0717547 -0.781287 62.2129
-0.797414 0.0593746 0.600505 218.695 0.0891785 0.995816 0.0199599 -13.6413 -0.596807 0.0694684 -0.799372 61.1622
-0.81466 0.0608916 0.576734 219.477 0.0880393 0.995932 0.0192084 -13.6328 -0.573218 0.0664235 -0.816706 60.0788
-0.830839 0.0618709 0.553062 220.23 0.0884673 0.995847 0.0214951 -13.6221 -0.549435 0.0667869 -0.832863 58.9654
-0.846482 0.0623537 0.528753 220.944 0.088047 0.995839 0.0235196 -13.603 -0.525086 0.0664641 -0.84845 57.8387
-0.861472 0.0624644 0.503948 221.619 0.0871573 0.995867 0.0255529 -13.586 -0.500269 0.0659358 -0.863356 56.6902
-0.875615 0.0617336 0.479049 222.267 0.0859817 0.99588 0.0288228 -13.566 -0.475296 0.0664271 -0.877315 55.5328
-0.889412 0.0612766 0.452981 222.886 0.0840828 0.995996 0.030361 -13.5415 -0.449307 0.0650914 -0.891003 54.3528
-0.902292 0.0608788 0.426805 223.462 0.0816783 0.99619 0.0305781 -13.5148 -0.423317 0.062451 -0.903827 53.1571
-0.914392 0.0599852 0.400361 224 0.0789217 0.9964 0.0309624 -13.4931 -0.397062 0.059909 -0.915834 51.9523
-0.925754 0.0601777 0.373307 224.507 0.0772333 0.996535 0.0308856 -13.4644 -0.370155 0.0574242 -0.927194 50.7362
-0.936466 0.0588363 0.345787 224.983 0.0744052 0.996717 0.031912 -13.4321 -0.342775 0.0556129 -0.93777 49.4972
-0.946289 0.0576489 0.318141 225.413 0.0721897 0.996808 0.0340964 -13.4028 -0.31516 0.0552316 -0.94743 48.2414
-0.95534 0.056522 0.290055 225.815 0.0701567 0.996856 0.0368177 -13.3676 -0.287062 0.0555227 -0.956302 46.9586
-0.963559 0.0558169 0.261607 226.184 0.068076 0.996955 0.0380277 -13.3301 -0.258688 0.0544511 -0.964425 45.6793
-0.971068 0.0543536 0.232534 226.522 0.0648655 0.997178 0.0377951 -13.2823 -0.229823 0.0517851 -0.971854 44.3966
-0.977764 0.0537095 0.202713 226.828 0.0624368 0.997367 0.0369011 -13.2415 -0.200197 0.0487373 -0.978543 43.0687
-0.983899 0.0476571 0.172257 227.09 0.0552418 0.997691 0.0395067 -13.2028 -0.169976 0.0483864 -0.98426 41.6817
-0.988825 0.0447154 0.142216 227.314 0.0512052 0.997792 0.0423042 -13.1631 -0.14001 0.0491137 -0.988931 40.2978
-0.992708 0.0431025 0.112574 227.485 0.0484306 0.997811 0.0450304 -13.1182 -0.110386 0.050154 -0.992623 38.9328
-0.995684 0.0422659 0.0826252 227.612 0.0462086 0.997853 0.0464023 -13.0784 -0.0804866 0.0500201 -0.9955 37.5706
-0.99775 0.0417957 0.0524132 227.694 0.0442941 0.997891 0.0474495 -13.0245 -0.0503195 0.0496643 -0.997498 36.1961
-0.998902 0.0415041 0.0217475 227.728 0.0425003 0.997964 0.047547 -12.9733 -0.0197299 0.048419 -0.998632 34.8036
-0.999059 0.0424172 -0.00899496 227.725 0.0419204 0.997887 0.0496403 -12.9238 0.0110816 0.0492165 -0.998727 33.4076
-0.998239 0.0439199 -0.0398629 227.67 0.04181 0.997756 0.0523028 -12.8752 0.0420705 0.0505441 -0.997835 32.012
-0.996419 0.0451129 -0.0715111 227.571 0.0413059 0.997694 0.0538508 -12.814 0.0737756 0.0507041 -0.995985 30.6112
-0.993486 0.0462498 -0.104142 227.439 0.0407568 0.997694 0.0542708 -12.7671 0.106412 0.0496728 -0.993081 29.2246
-0.989466 0.0466231 -0.137054 227.256 0.0393165 0.997682 0.0555453 -12.7073 0.139326 0.0495717 -0.989005 27.8419
-0.984238 0.0459679 -0.17077 227.03 0.0363979 0.997609 0.0587561 -12.6421 0.173062 0.0516143 -0.983558 26.4571
-0.977655 0.0459892 -0.205123 226.762 0.0339139 0.9975 0.0620024 -12.5764 0.207462 0.0536605 -0.97677 25.1021
-0.969839 0.045656 -0.239431 226.442 0.0311658 0.997466 0.0639619 -12.5022 0.241744 0.0545707 -0.968804 23.7492
-0.960778 0.044194 -0.273774 226.082 0.0276572 0.997568 0.063973 -12.4329 0.275935 0.0538921 -0.959664 22.4075
-0.950421 0.0437977 -0.307867 225.671 0.0254727 0.99767 0.0632929 -12.3642 0.309922 0.0523126 -0.949322 21.0803
-0.938954 0.0426035 -0.341396 225.22 0.0219283 0.997696 0.0641945 -12.2959 0.343344 0.0527894 -0.937725 19.7601
-0.926298 0.0412369 -0.37453 224.708 0.0179954 0.997701 0.0653433 -12.2233 0.376363 0.0537875 -0.92491 18.4337
-0.912645 0.0404728 -0.406744 224.137 0.0148016 0.997706 0.0660645 -12.1476 0.408484 0.054273 -0.91115 17.121
-0.89843 0.0408615 -0.437211 223.526 0.0134708 0.997757 0.0655685 -12.0829 0.43891 0.0530192 -0.896966 15.8313
-0.883624 0.0407289 -0.466423 222.89 0.0120476 0.997857 0.0643111 -12.0048 0.468043 0.0512075 -0.882221 14.5716
-0.868515 0.042013 -0.493878 222.162 0.0115596 0.997847 0.064556 -11.9395 0.495527 0.0503588 -0.867131 13.3019
-0.853082 0.043237 -0.519982 221.443 0.0106116 0.997792 0.065558 -11.8655 0.521668 0.0504086 -0.851658 12.0777
-0.838117 0.0448767 -0.543642 220.634 0.0100109 0.997708 0.0669256 -11.7879 0.545399 0.050649 -0.836645 10.8447
-0.823138 0.0481493 -0.565796 219.803 0.0116589 0.997622 0.0679359 -11.7199 0.567721 0.0493241 -0.821742 9.63816
-0.808423 0.0512261 -0.586368 218.951 0.0150897 0.997682 0.0663551 -11.6441 0.588408 0.0447949 -0.807322 8.47674
-0.793465 0.0545057 -0.60617 218.054 0.0179461 0.997644 0.0662153 -11.5586 0.608351 0.0416611 -0.792574 7.3197
-0.777791 0.0567771 -0.625954 217.131 0.0170558 0.997451 0.0692806 -11.4815 0.628292 0.0432096 -0.776777 6.1854
-0.761707 0.0587327 -0.645254 216.176 0.0168866 0.997344 0.0708465 -11.4002 0.647702 0.0430681 -0.760676 5.08035
-0.745358 0.0543782 -0.664443 215.197 0.0130037 0.997664 0.0670619 -11.3144 0.666537 0.0413449 -0.744324 3.99201
-0.728711 0.0490805 -0.683061 214.232 0.0105675 0.998116 0.0604447 -11.2264 0.68474 0.0368284 -0.727856 2.92531
-0.713027 0.0446063 -0.699716 213.185 0.00980238 0.998511 0.0536653 -11.1367 0.701068 0.0314059 -0.712403 1.86168
-0.697655 0.0422526 -0.715187 212.088 0.00825604 0.998667 0.0509467 -11.0629 0.716387 0.0296386 -0.697074 0.800888
-0.681258 0.0391853 -0.730994 210.976 0.00418095 0.998758 0.0496424 -10.9861 0.732031 0.0307631 -0.680576 -0.264649
-0.664157 0.0339433 -0.746822 209.851 -0.0027598 0.998851 0.0478524 -10.915 0.747588 0.0338426 -0.6633 -1.29557
-0.646999 0.0311591 -0.761854 208.693 -0.00805964 0.998829 0.0476958 -10.8487 0.762448 0.0369994 -0.64599 -2.30667
-0.629439 0.0302866 -0.776459 207.48 -0.0136308 0.998656 0.0500035 -10.7756 0.77693 0.0420579 -0.628181 -3.32651
-0.611591 0.0299446 -0.790607 206.271 -0.0173864 0.998533 0.0512696 -10.7112 0.790983 0.0451018 -0.610173 -4.30629
-0.593989 0.0300462 -0.803912 204.956 -0.0202755 0.998426 0.0522972 -10.6333 0.804218 0.0473637 -0.592445 -5.2959
-0.577346 0.0288925 -0.815988 203.588 -0.0233768 0.998379 0.0518907 -10.5499 0.816165 0.0490341 -0.575735 -6.26956
-0.562535 0.0285193 -0.826281 202.169 -0.0249562 0.998364 0.0514491 -10.4605 0.826397 0.0495628 -0.560903 -7.23349
-0.54856 0.0286783 -0.835619 200.758 -0.0256952 0.998361 0.0511318 -10.3781 0.835716 0.0495202 -0.546924 -8.17071
-0.535317 0.0288282 -0.844159 199.326 -0.0262843 0.998365 0.0507623 -10.2829 0.844242 0.049362 -0.533684 -9.12757
-0.523354 0.03001 -0.851587 197.808 -0.0256061 0.998374 0.0509194 -10.1906 0.851731 0.0484547 -0.521735 -10.0506
-0.511565 0.0323607 -0.858635 196.227 -0.0236309 0.998383 0.0517066 -10.1116 0.858919 0.0467417 -0.509973 -10.9619
-0.499376 0.034369 -0.865703 194.69 -0.0225641 0.998358 0.0526514 -10.0337 0.866091 0.0458267 -0.497781 -11.8719
-0.488322 0.0374659 -0.871859 193.029 -0.0214262 0.998262 0.0548985 -9.94726 0.8724 0.0454887 -0.486671 -12.7834
-0.478004 0.0391053 -0.877487 191.464 -0.0204254 0.998243 0.0556135 -9.86058 0.87812 0.0445065 -0.476366 -13.6701
-0.468686 0.0386647 -0.882518 189.813 -0.019186 0.99836 0.0539292 -9.76005 0.883156 0.0422079 -0.467176 -14.5468
-0.462276 0.0402327 -0.885823 188.138 -0.0171208 0.998379 0.0542795 -9.65601 0.886571 0.0402581 -0.460838 -15.4175
-0.456684 0.041052 -0.888681 186.449 -0.0155426 0.998414 0.0541082 -9.55209 0.889493 0.0385228 -0.455322 -16.2825
-0.452087 0.0406895 -0.891045 184.72 -0.0140408 0.998511 0.0527208 -9.44922 0.891863 0.0363454 -0.450842 -17.1499
-0.449037 0.0417164 -0.892539 182.884 -0.0119464 0.99854 0.052681 -9.35441 0.893433 0.0343183 -0.447883 -18.0493
-0.446192 0.0421206 -0.893945 181.104 -0.00917709 0.998624 0.0516333 -9.25115 0.89489 0.0312422 -0.445192 -18.9278
-0.444039 0.0426286 -0.894993 179.338 -0.00800546 0.998639 0.051537 -9.16775 0.895972 0.0300493 -0.443093 -19.8154
-0.441858 0.043355 -0.896037 177.505 -0.00658393 0.998648 0.0515666 -9.06414 0.897061 0.0286846 -0.440976 -20.7143
-0.43988 0.0427545 -0.897038 175.674 -0.0061721 0.998699 0.0506264 -8.96075 0.898035 0.0278062 -0.439044 -21.6102
-0.437702 0.0430047 -0.898091 173.852 -0.00557997 0.998706 0.0505421 -8.86528 0.899103 0.0271337 -0.436896 -22.5091
-0.43566 0.0438072 -0.899045 171.957 -0.00646608 0.998637 0.0517933 -8.7576 0.900088 0.0283775 -0.434782 -23.4227
-0.433846 0.0443393 -0.899895 170.06 -0.00516124 0.99865 0.0516934 -8.65547 0.900972 0.0270715 -0.433031 -24.3068
-0.43183 0.0455885 -0.900802 168.142 -0.00510873 0.998582 0.0529861 -8.54841 0.901941 0.0274829 -0.430985 -25.219
-0.429859 0.0451688 -0.901765 166.27 -0.0059742 0.998584 0.0528661 -8.44254 0.902876 0.0281123 -0.428981 -26.1131
-0.427372 0.0436998 -0.903019 164.307 -0.00624002 0.998665 0.0512816 -8.35098 0.904054 0.0275512 -0.426529 -27.0404
-0.425079 0.0420436 -0.904179 162.371 -0.00699194 0.998738 0.0497277 -8.2464 0.905129 0.0274602 -0.424249 -27.95
-0.423064 0.0413816 -0.905154 160.197 -0.00800081 0.998747 0.0494 -8.1321 0.906064 0.0281413 -0.422203 -28.9339
-0.421698 0.0430179 -0.905715 158.17 -0.0071004 0.998687 0.0507395 -8.02537 0.906709 0.0278277 -0.420839 -29.8587
-0.420451 0.0445394 -0.906221 156.175 -0.00627963 0.998628 0.0519946 -7.92208 0.907294 0.0275519 -0.419594 -30.7814
-0.419541 0.0456868 -0.906586 154.152 -0.00609197 0.998568 0.0531413 -7.817 0.907716 0.0278179 -0.418662 -31.7099
-0.418879 0.0475451 -0.906796 152.14 -0.00447532 0.998508 0.054421 -7.71298 0.908031 0.026854 -0.418042 -32.6322
-0.417676 0.0482889 -0.907312 150.17 -0.00261893 0.998519 0.0543487 -7.63043 0.908592 0.0250764 -0.416931 -33.5743
-0.417929 0.0478999 -0.907216 148.038 -0.000966407 0.998585 0.0531693 -7.51496 0.908479 0.0230977 -0.417291 -34.5098
-0.418051 0.0475742 -0.907177 145.977 -0.00158267 0.998588 0.0530974 -7.40195 0.908422 0.0236332 -0.417386 -35.453
-0.417687 0.0460565 -0.907423 143.84 -0.00214424 0.998662 0.0516744 -7.27403 0.908589 0.0235294 -0.417029 -36.4365
-0.417893 0.0456164 -0.90735 141.759 -0.00298895 0.998664 0.0515837 -7.15585 0.908491 0.0242685 -0.417198 -37.3965
-0.418258 0.0465931 -0.907132 139.615 -0.00330004 0.998599 0.0528127 -7.06218 0.908322 0.0250829 -0.417518 -38.3802
-0.418483 0.0468824 -0.907014 137.512 -0.00211774 0.998614 0.0525942 -6.95372 0.908222 0.0239306 -0.417804 -39.3572
-0.419945 0.047021 -0.906331 135.384 -0.00151075 0.998619 0.052509 -6.82941 0.907548 0.0234201 -0.419294 -40.331
-0.421903 0.0460194 -0.905472 133.25 -0.00107029 0.998685 0.0512555 -6.71886 0.906641 0.022594 -0.421299 -41.3055
-0.423193 0.0456111 -0.904891 131.081 0.00117105 0.998759 0.0497949 -6.61613 0.906039 0.0200132 -0.422722 -42.3195
-0.424708 0.0458241 -0.90417 128.947 0.00315169 0.998787 0.049139 -6.50303 0.905325 0.01802 -0.424337 -43.3284
-0.426531 0.047769 -0.903211 126.737 0.00480767 0.99871 0.0505494 -6.40414 0.90446 0.0172186 -0.426211 -44.3448
-0.427956 0.0486389 -0.90249 124.535 0.00456991 0.998655 0.0516545 -6.2893 0.903788 0.0179816 -0.427602 -45.3773
-0.429417 0.0482352 -0.901817 122.372 0.00408358 0.998666 0.0514709 -6.17768 0.903097 0.0184198 -0.429041 -46.3923
-0.431169 0.0485392 -0.900964 120.19 0.00510811 0.998667 0.0513583 -6.07167 0.902257 0.0175419 -0.430843 -47.4307
-0.432867 0.0480568 -0.900176 118.011 0.00443271 0.998679 0.0511839 -5.97246 0.901447 0.0181656 -0.432508 -48.4488
-0.434011 0.0472635 -0.899667 115.819 0.00322282 0.998698 0.0509114 -5.85744 0.900902 0.0191967 -0.433599 -49.5178
-0.435365 0.0464737 -0.899054 113.696 0.00247474 0.998725 0.0504275 -5.76154 0.900251 0.0197294 -0.434925 -50.557
-0.436466 0.0425005 -0.898716 111.465 -0.000735542 0.998867 0.0475938 -5.64058 0.899721 0.0214341 -0.43594 -51.6346
-0.436736 0.043097 -0.898557 109.174 -0.00294599 0.998778 0.0493358 -5.52905 0.899585 0.0241938 -0.436075 -52.752
-0.436617 0.0444585 -0.898548 107.043 -0.00270222 0.998709 0.0507273 -5.40696 0.899643 0.0245765 -0.435934 -53.8066
-0.437007 0.0433876 -0.898411 104.894 -0.00183412 0.998791 0.0491275 -5.27596 0.899456 0.0231169 -0.436399 -54.873
-0.43714 0.0412025 -0.898449 102.666 0.000528991 0.998962 0.0455546 -5.1841 0.899393 0.0194385 -0.436708 -55.9707
-0.437272 0.0410291 -0.898393 100.488 0.000409129 0.998968 0.0454232 -5.06971 0.899329 0.0194947 -0.436837 -57.0654
-0.436664 0.043614 -0.898567 98.2747 0.00141661 0.998856 0.0477933 -4.96688 0.899623 0.0195967 -0.436226 -58.173
-0.436353 0.0482513 -0.898481 96.0035 0.00432592 0.998662 0.0515304 -4.84577 0.899765 0.0185987 -0.435978 -59.2808
-0.436098 0.0501288 -0.898502 93.7849 0.00658264 0.998598 0.0525184 -4.73655 0.899875 0.0169887 -0.435817 -60.3776
-0.43606 0.0486931 -0.898599 91.6219 0.00434138 0.998637 0.0520073 -4.62051 0.899907 0.0187771 -0.435677 -61.4403
-0.43531 0.0462688 -0.899091 89.2824 0.0026785 0.998741 0.0501001 -4.51508 0.900277 0.0194009 -0.434886 -62.5734
-0.434024 0.0448183 -0.899786 87.0693 0.00323284 0.998833 0.0481925 -4.36974 0.900895 0.0180078 -0.433662 -63.6547
-0.432603 0.0440951 -0.900505 84.755 0.00455783 0.998897 0.0467235 -4.23992 0.901573 0.0161084 -0.432327 -64.7762
-0.431131 0.0456436 -0.901134 82.4218 0.00593964 0.998842 0.0477509 -4.13377 0.90227 0.0152345 -0.430903 -65.8907
-0.428804 0.0467692 -0.902186 80.1122 0.00608674 0.998786 0.048884 -4.03399 0.903377 0.0154702 -0.428568 -67.0033
-0.426969 0.0462537 -0.903082 77.7711 0.00442114 0.998786 0.0490652 -3.91553 0.904255 0.0169567 -0.426655 -68.0854
-0.424441 0.0457641 -0.904298 75.3447 0.00421028 0.998811 0.048571 -3.79691 0.905446 0.0168082 -0.424129 -69.1875
-0.421712 0.0464123 -0.905541 72.9596 0.00472479 0.998788 0.0489912 -3.67898 0.906718 0.0163817 -0.42142 -70.3095
-0.418734 0.0462245 -0.906932 70.605 0.00412248 0.99879 0.049003 -3.55267 0.9081 0.0167804 -0.418418 -71.4236
-0.416124 0.0451249 -0.908188 68.2639 0.00437688 0.998856 0.0476245 -3.43039 0.909298 0.0158426 -0.415845 -72.51
-0.412678 0.0460174 -0.909714 65.977 0.00421121 0.998809 0.0486139 -3.31435 0.910867 0.0162309 -0.41238 -73.6116
-0.410053 0.0466978 -0.910865 63.6311 0.00505632 0.998789 0.0489292 -3.21446 0.912048 0.0154579 -0.409793 -74.6849
-0.40692 0.0473234 -0.912237 61.1489 0.00660455 0.998783 0.048867 -3.09405 0.91344 0.01386 -0.406737 -75.8116
-0.4046 0.0473659 -0.913266 58.6539 0.00714149 0.998791 0.0486377 -2.98297 0.914466 0.0131567 -0.404449 -76.9269
-0.402764 0.0480035 -0.914044 56.1962 0.00781096 0.998768 0.0490112 -2.88033 0.915271 0.0126003 -0.402642 -78.0154
-0.401566 0.0483541 -0.914553 53.7288 0.00855189 0.99876 0.0490513 -2.76426 0.91579 0.0118762 -0.401481 -79.0998
-0.400069 0.0502201 -0.915108 51.2975 0.00991946 0.998676 0.0504696 -2.66207 0.916432 0.0111139 -0.400037 -80.1748
-0.398726 0.0525226 -0.915565 48.8843 0.0125829 0.998578 0.051805 -2.56368 0.916984 0.00913553 -0.39882 -81.2354
-0.397517 0.0546408 -0.915967 46.4332 0.015074 0.99848 0.0530211 -2.46748 0.917471 0.00726947 -0.397736 -82.3224
-0.396672 0.056662 -0.91621 43.9753 0.0173458 0.998378 0.0542337 -2.37062 0.917797 0.00562059 -0.397011 -83.3856
-0.395169 0.0561559 -0.91689 41.4753 0.0165923 0.998403 0.0539972 -2.26073 0.918459 0.0061247 -0.39547 -84.473
-0.393737 0.052926 -0.917698 39.1181 0.014563 0.998575 0.0513421 -2.11105 0.919108 0.00685086 -0.393947 -85.5562
-0.392725 0.0511138 -0.918234 36.6808 0.0137549 0.998669 0.0497084 -1.99162 0.919553 0.00689156 -0.392906 -86.6264
-0.391522 0.0487346 -0.918877 34.2817 0.0112739 0.998776 0.0481685 -1.86927 0.9201 0.00849965 -0.391592 -87.6678
-0.390405 0.0494779 -0.919313 31.9535 0.00786131 0.998698 0.050412 -1.77502 0.92061 0.0124541 -0.390285 -88.6418
-0.388344 0.0530941 -0.919984 29.4925 0.00787736 0.998494 0.0542999 -1.65342 0.921481 0.01384 -0.388177 -89.6758
-0.386997 0.0556332 -0.920401 27.2627 0.011429 0.998391 0.0555418 -1.573 0.92201 0.0109752 -0.38701 -90.6283
-0.384421 0.053974 -0.921579 24.8275 0.011185 0.998488 0.0538127 -1.45632 0.92309 0.0103788 -0.384444 -91.6654
-0.382316 0.0505556 -0.922647 22.421 0.0118197 0.998688 0.0498245 -1.35922 0.923956 0.00814329 -0.382412 -92.6691
-0.380679 0.0476147 -0.923481 20.0072 0.0121082 0.998844 0.0465093 -1.27915 0.924628 0.00652341 -0.380815 -93.6598
-0.378508 0.0473274 -0.924387 17.6109 0.0139171 0.99887 0.0454422 -1.20546 0.925493 0.00433541 -0.378739 -94.6594
-0.376265 0.0483007 -0.925252 15.1667 0.0143947 0.998824 0.0462876 -1.13195 0.9264 0.00409772 -0.376518 -95.672
-0.374052 0.0447352 -0.926328 12.8643 0.0156601 0.998998 0.0419211 -1.01713 0.927275 0.00117434 -0.374378 -96.638
-0.372649 0.042374 -0.927004 10.5542 0.0159645 0.999102 0.039252 -0.948049 0.927835 -0.000171881 -0.372991 -97.6065
-0.371429 0.0431434 -0.927459 8.07568 0.0151861 0.999068 0.0403929 -0.877284 0.928337 0.000918593 -0.371738 -98.5934
-0.370237 0.0436799 -0.92791 5.56161 0.0138473 0.999042 0.0415033 -0.782589 0.928834 0.00251706 -0.370488 -99.608
-0.368709 0.0474941 -0.928331 3.01258 0.0131584 0.99886 0.0458763 -0.693567 0.929452 0.00469963 -0.368914 -100.619
-0.367346 0.0499248 -0.928744 0.6313 0.0147712 0.998746 0.0478453 -0.607023 0.929967 0.00385716 -0.367622 -101.594
-0.366118 0.0521919 -0.929104 -1.85684 0.0178135 0.998636 0.0490784 -0.525704 0.930398 0.00141792 -0.366548 -102.59
-0.364669 0.0538232 -0.92958 -4.27807 0.019437 0.99855 0.0501916 -0.451736 0.930934 0.000235087 -0.365186 -103.565
-0.363193 0.0547293 -0.930105 -6.67723 0.0207904 0.998501 0.0506355 -0.36014 0.931482 -0.00094677 -0.363786 -104.533
-0.361899 0.0540407 -0.93065 -9.28666 0.0229628 0.998532 0.049053 -0.239442 0.931934 -0.00361814 -0.362609 -105.522
-0.360262 0.0528633 -0.931352 -11.7415 0.0239884 0.998588 0.0474005 -0.12811 0.932543 -0.00526507 -0.361021 -106.498
-0.358505 0.0536735 -0.931984 -14.1758 0.0265668 0.998528 0.0472864 -0.0267341 0.93315 -0.00780742 -0.359403 -107.431
-0.356722 0.0520554 -0.932759 -16.651 0.0270159 0.998604 0.0453982 0.0532228 0.93382 -0.00900479 -0.35763 -108.381
-0.354309 0.0508066 -0.933747 -19.1212 0.0211511 0.998703 0.0463152 0.14204 0.934889 -0.00333987 -0.354924 -109.358
-0.35228 0.0524997 -0.934421 -21.5131 0.0191783 0.998621 0.0488764 0.210298 0.935698 -0.00070241 -0.352801 -110.249
-0.350283 0.0538638 -0.935094 -24.0342 0.0205677 0.998547 0.0498143 0.297152 0.936418 -0.00178363 -0.350882 -111.186
-0.348683 0.051363 -0.935832 -26.4626 0.0230958 0.998665 0.0462062 0.401015 0.936956 -0.0055024 -0.349404 -112.142
-0.34761 0.0493975 -0.936337 -28.9343 0.0253677 0.998741 0.0432721 0.490937 0.937296 -0.0087109 -0.348425 -113.058
-0.34578 0.0503602 -0.936963 -31.3823 0.0280753 0.998667 0.0433157 0.5736 0.937896 -0.0113279 -0.346732 -114.012
-0.344281 0.0532761 -0.937354 -33.8172 0.030746 0.998493 0.0454583 0.645115 0.938363 -0.0131695 -0.3454 -114.924
-0.34332 0.0553048 -0.937589 -36.189 0.0325021 0.998367 0.0469885 0.738158 0.938656 -0.0143415 -0.344557 -115.808
-0.342097 0.0549763 -0.938055 -38.6843 0.0324701 0.998382 0.0466705 0.823414 0.939104 -0.0144929 -0.343328 -116.717
-0.340535 0.0543866 -0.938657 -41.0314 0.0312448 0.998429 0.0465145 0.927634 0.939712 -0.0134883 -0.3417 -117.626
-0.339048 0.0549393 -0.939163 -43.4202 0.031628 0.998395 0.0469861 1.00923 0.940237 -0.0137733 -0.340242 -118.539
-0.338047 0.0550527 -0.939518 -46.0064 0.0321523 0.99838 0.0469332 1.09375 0.94058 -0.014342 -0.339269 -119.424
-0.336292 0.0550381 -0.940148 -48.4004 0.0324302 0.998376 0.0468465 1.19845 0.941199 -0.014735 -0.337531 -120.347
