1 -0.000160538 3.60206e-05 -0.0024299 0.000160528 1 0.000258578 -0.00337955 -3.60621e-05 -0.000258572 1 0.0433767
1 -0.000270122 4.58497e-05 0.000528937 0.000270107 1 0.000318285 -0.00337885 -4.59357e-05 -0.000318272 1 0.0971343
1 -3.61304e-05 0.000198676 -0.00113635 3.60594e-05 1 0.000357077 -0.00435507 -0.000198688 -0.000357069 1 0.147703
1 0.000318843 0.000426859 -0.00267547 -0.000319003 1 0.000375908 -0.0044624 -0.000426739 -0.000376044 1 0.203652
1 8.62834e-05 0.000442224 -0.0014145 -8.64495e-05 1 0.000375502 -0.00244973 -0.000442192 -0.000375541 1 0.263602
1 0.000149874 0.000623519 -0.00284686 -0.000150185 1 0.000499239 -0.00176459 -0.000623444 -0.000499332 1 0.325981
1 -0.000216475 0.000652573 -0.00143801 0.00021612 1 0.000543855 0.00170055 -0.000652691 -0.000543714 1 0.403988
1 -0.000241089 0.000683157 0.000421712 0.000240581 1 0.000742955 -0.000277225 -0.000683336 -0.000742791 0.999999 0.476805
1 6.51241e-05 0.000707387 0.0030725 -6.56593e-05 1 0.000756517 0.00538919 -0.000707337 -0.000756563 0.999999 0.56094
1 -0.000222864 0.000491614 0.00263493 0.000222455 1 0.000831968 0.00557449 -0.000491799 -0.000831858 1 0.637621
0.999999 -0.00105033 -3.09806e-05 0.00344256 0.00105035 0.999999 0.000682633 0.0047382 3.02636e-05 -0.000682665 1 0.724842
0.999999 -0.000918324 -0.0013671 -0.000584311 0.00091831 1 -1.06336e-05 0.00368067 0.00136711 9.3782e-06 0.999999 0.819483
0.999991 -0.000749143 -0.00408211 -0.00111354 0.000746363 0.999999 -0.000682531 0.00144878 0.00408262 0.000679478 0.999991 0.921272
0.999968 -0.000585665 -0.00803628 -0.00867131 0.000579169 1 -0.00081061 -0.00323356 0.00803675 0.000805929 0.999967 1.03134
0.999905 -0.000864044 -0.0137418 -0.0182432 0.000853935 0.999999 -0.000741521 -0.00669942 0.0137424 0.000729716 0.999905 1.15417
0.999759 -0.00110935 -0.0219044 -0.0319387 0.00109353 0.999999 -0.000734453 -0.00609691 0.0219052 0.000710323 0.99976 1.28552
0.999461 -0.00125979 -0.0327928 -0.0458843 0.00124757 0.999999 -0.000393042 -0.0068521 0.0327933 0.000351919 0.999462 1.43767
0.998891 -0.00135406 -0.047061 -0.0666805 0.00134963 0.999999 -0.000125972 -0.00813793 0.0470612 6.23172e-05 0.998892 1.59757
0.997892 -0.0018472 -0.0648754 -0.0905199 0.001841 0.999998 -0.000155281 -0.00190944 0.0648756 3.55174e-05 0.997893 1.77519
0.996337 -0.00121236 -0.0855018 -0.130755 0.00123624 0.999999 0.00022639 0.00036328 0.0855015 -0.000331262 0.996338 1.957
0.993956 -0.000722028 -0.109773 -0.17445 0.000822951 0.999999 0.00087408 -0.00235713 0.109772 -0.000959135 0.993956 2.15024
0.990594 -0.000812358 -0.136833 -0.231005 0.000934146 0.999999 0.000825839 0.000876556 0.136832 -0.000945893 0.990594 2.3552
0.986087 -0.000915605 -0.16623 -0.294556 0.00101921 0.999999 0.000537935 0.00647656 0.16623 -0.000699874 0.986087 2.56843
0.980154 -0.00182789 -0.198227 -0.36739 0.00196699 0.999998 0.00050481 0.00830227 0.198225 -0.000884702 0.980156 2.79025
0.972559 -0.00240404 -0.232643 -0.451663 0.00264476 0.999996 0.000722821 0.00736408 0.23264 -0.00131827 0.972562 3.02062
0.963135 -0.00235423 -0.269009 -0.556256 0.00268984 0.999996 0.000879005 0.00946875 0.269006 -0.00157019 0.963137 3.26199
0.951473 -0.000594693 -0.307731 -0.679901 0.00120136 0.999998 0.00178199 0.0151009 0.307729 -0.00206521 0.951472 3.51391
0.937446 0.0016271 -0.348127 -0.819905 -0.000505695 0.999994 0.00331211 0.0235218 0.34813 -0.00292887 0.937442 3.7711
0.921103 0.00444101 -0.389295 -0.978333 -0.00228024 0.999979 0.00601239 0.0226802 0.389313 -0.00465034 0.921094 4.03361
0.901803 0.00636562 -0.432101 -1.14607 -0.00315177 0.999962 0.00815341 0.0271704 0.432137 -0.00599088 0.901788 4.29746
0.879593 0.00760812 -0.475666 -1.33086 -0.00295285 0.99994 0.0105334 0.0240552 0.475717 -0.0078605 0.879563 4.56229
0.85453 0.00816836 -0.519337 -1.53108 -0.00113291 0.999903 0.0138628 0.0294984 0.5194 -0.0112578 0.854457 4.83751
0.826542 0.010032 -0.562786 -1.75252 0.00147563 0.999799 0.0199892 0.0352391 0.562873 -0.0173524 0.826361 5.12257
0.796103 0.0152845 -0.604968 -2.00067 -0.000287733 0.99969 0.0248785 0.0435289 0.605161 -0.0196317 0.795861 5.38152
0.762446 0.020567 -0.646725 -2.26768 -0.00203518 0.999566 0.0293887 0.0479539 0.647049 -0.0210911 0.762157 5.63624
0.726259 0.0266733 -0.686904 -2.56253 -0.00418079 0.9994 0.0343875 0.0629119 0.687409 -0.0221024 0.725934 5.88919
0.687922 0.0311504 -0.725115 -2.88218 -0.00389583 0.999223 0.0392298 0.0829947 0.725774 -0.0241621 0.687509 6.13187
0.646864 0.0344273 -0.761828 -3.22271 -0.00156323 0.999038 0.0438196 0.105672 0.762604 -0.0271544 0.646295 6.36524
0.603233 0.0369821 -0.796707 -3.59048 0.000903476 0.998892 0.0470513 0.130725 0.797565 -0.0291027 0.602531 6.58887
0.557047 0.0387546 -0.829577 -3.97764 0.00332424 0.998799 0.0488921 0.156644 0.830475 -0.0299929 0.556248 6.79793
0.508937 0.0396052 -0.859892 -4.37798 0.00520565 0.998781 0.0490832 0.180477 0.860788 -0.0294566 0.50811 6.98821
0.461058 0.0399426 -0.88647 -4.80873 0.00612316 0.998819 0.0481895 0.208783 0.887349 -0.0276462 0.46027 7.15858
0.413018 0.0405095 -0.909821 -5.26352 0.00598131 0.998868 0.0471895 0.2403 0.910703 -0.0249321 0.412308 7.31992
0.365979 0.040209 -0.929754 -5.72746 0.00652187 0.998931 0.0457678 0.281629 0.9306 -0.0228138 0.365326 7.44935
0.318922 0.0405695 -0.946912 -6.21794 0.00985863 0.998887 0.0461168 0.311122 0.94773 -0.0240429 0.318168 7.58334
0.272488 0.0404725 -0.961308 -6.72237 0.0130887 0.998867 0.0457639 0.349419 0.96207 -0.0250524 0.271649 7.69073
0.226966 0.0424467 -0.972977 -7.24671 0.01765 0.998706 0.0476863 0.380053 0.973743 -0.0279962 0.225923 7.78266
0.183544 0.0470508 -0.981885 -7.77951 0.0187405 0.998505 0.0513504 0.410256 0.982833 -0.027826 0.182388 7.84241
0.14337 0.0500289 -0.988404 -8.33268 0.0178125 0.998429 0.05312 0.452257 0.989509 -0.0252218 0.142253 7.88287
0.107017 0.0512233 -0.992937 -8.89434 0.0176793 0.998416 0.0534114 0.484507 0.9941 -0.0232703 0.105942 7.90999
0.0754928 0.0509417 -0.995844 -9.46601 0.0166653 0.99849 0.0523404 0.520715 0.997007 -0.0205474 0.0745299 7.92507
0.0478143 0.0504739 -0.99758 -10.0518 0.016237 0.998551 0.0513013 0.558339 0.998724 -0.0186507 0.0469255 7.92832
0.0233632 0.0498306 -0.998484 -10.6453 0.0185987 0.998562 0.0502696 0.590825 0.999554 -0.0197449 0.0224028 7.92718
0.00222673 0.0502647 -0.998733 -11.2516 0.0222811 0.998485 0.0503019 0.62502 0.999749 -0.0223649 0.0011034 7.91174
-0.0168665 0.0508791 -0.998562 -11.864 0.0238475 0.998441 0.0504701 0.657446 0.999573 -0.022962 -0.0180536 7.88761
-0.032925 0.0501768 -0.998197 -12.4872 0.0234303 0.998503 0.0494193 0.693273 0.999183 -0.0217609 -0.0340514 7.84769
-0.046508 0.0500425 -0.997664 -13.1246 0.021153 0.99857 0.0491019 0.725618 0.998694 -0.01882 -0.0475 7.8049
-0.0572511 0.050154 -0.997099 -13.7703 0.0205084 0.998586 0.0490512 0.766928 0.998149 -0.0176407 -0.0581987 7.75404
-0.0644263 0.05099 -0.996619 -14.4348 0.0203526 0.998553 0.0497732 0.80959 0.997715 -0.0170771 -0.0653708 7.69842
-0.0685672 0.0526868 -0.996254 -15.1139 0.0216026 0.998449 0.0513161 0.857321 0.997413 -0.0180031 -0.0695991 7.6397
-0.0713526 0.0556964 -0.995895 -15.7951 0.0226343 0.998273 0.0542078 0.896082 0.997194 -0.0186735 -0.0724901 7.58537
-0.0736271 0.0573725 -0.995634 -16.4767 0.0219509 0.998195 0.0558968 0.931751 0.997044 -0.0177395 -0.0747536 7.52864
-0.0753417 0.0567565 -0.995541 -17.172 0.0216899 0.998236 0.0552686 0.973624 0.996922 -0.0174291 -0.0764399 7.4668
-0.0775753 0.0561381 -0.995405 -17.8851 0.0219593 0.998267 0.0545882 1.01711 0.996745 -0.0176237 -0.0786736 7.40707
-0.0799143 0.0546326 -0.995303 -18.5997 0.022522 0.998341 0.052991 1.06285 0.996547 -0.0181815 -0.0810122 7.34792
-0.0808746 0.0543072 -0.995244 -19.3162 0.021875 0.998371 0.0527002 1.10441 0.996484 -0.0175089 -0.0819308 7.28355
-0.0808169 0.0557677 -0.995168 -20.0589 0.0204501 0.998316 0.0542834 1.15227 0.996519 -0.0159643 -0.0818213 7.21541
-0.0806757 0.0583249 -0.995032 -20.8018 0.0202699 0.998176 0.0568657 1.19689 0.996534 -0.0155815 -0.0817108 7.15085
-0.0805401 0.0593252 -0.994984 -21.5616 0.0186869 0.998142 0.0580008 1.23888 0.996576 -0.0139218 -0.081499 7.08481
-0.0803976 0.0574174 -0.995108 -22.3291 0.0184431 0.998254 0.0561089 1.27946 0.996592 -0.0138419 -0.0813162 7.01858
-0.0803271 0.0533433 -0.99534 -23.1058 0.0192879 0.998463 0.0519541 1.33387 0.996582 -0.0150247 -0.0812325 6.95234
-0.0800538 0.0504385 -0.995514 -23.8901 0.0215538 0.998573 0.0488603 1.38026 0.996557 -0.0175457 -0.0810267 6.88677
-0.0796113 0.0510222 -0.995519 -24.7 0.021362 0.998547 0.0494691 1.42918 0.996597 -0.017328 -0.0805856 6.81683
-0.0794489 0.0550026 -0.99532 -25.5205 0.0217251 0.998335 0.053435 1.4753 0.996602 -0.0173781 -0.0805116 6.74622
-0.0797046 0.058857 -0.995079 -26.3432 0.0232452 0.998094 0.0571734 1.52364 0.996547 -0.0185738 -0.0809208 6.67778
-0.080206 0.0605825 -0.994936 -27.1831 0.0255265 0.997949 0.0587081 1.57554 0.996451 -0.0206885 -0.0815879 6.60875
-0.0806325 0.0608209 -0.994887 -28.0281 0.0303056 0.997825 0.0585443 1.62672 0.996283 -0.02543 -0.0823003 6.54421
-0.0811548 0.0593208 -0.994935 -28.8805 0.0333828 0.997829 0.0567704 1.67831 0.996142 -0.0286065 -0.0829589 6.4731
-0.0820075 0.0563167 -0.995039 -29.7347 0.0342698 0.997971 0.0536583 1.7285 0.996042 -0.0296994 -0.0837711 6.39952
-0.0831304 0.0521429 -0.995174 -30.5872 0.0347468 0.998175 0.0493976 1.77974 0.995933 -0.0304727 -0.0847905 6.32457
-0.0839557 0.0490802 -0.99526 -31.4468 0.0372063 0.998244 0.0460888 1.82862 0.995775 -0.0331606 -0.0856344 6.25183
-0.0842845 0.0481181 -0.995279 -32.3177 0.0401069 0.998188 0.0448623 1.87593 0.995634 -0.0361364 -0.0860616 6.17377
-0.084954 0.0492672 -0.995166 -33.2142 0.0403475 0.998128 0.0459695 1.92217 0.995568 -0.0362472 -0.0867828 6.09378
-0.0854672 0.0513171 -0.995019 -34.103 0.0404334 0.998029 0.0479993 1.96643 0.99552 -0.0361296 -0.0873736 6.01118
-0.0861066 0.0530032 -0.994875 -35.0024 0.0420694 0.997887 0.0495225 2.01406 0.995397 -0.0375895 -0.0881544 5.93224
-0.0861444 0.0543133 -0.994801 -35.8989 0.042549 0.997802 0.0507926 2.0683 0.995374 -0.0379523 -0.0882661 5.8504
-0.0859893 0.0547069 -0.994793 -36.8009 0.0448662 0.997691 0.0509881 2.12116 0.995285 -0.0402481 -0.0882453 5.76883
-0.0866585 0.0540996 -0.994768 -37.7158 0.0440651 0.997755 0.0504234 2.16984 0.995263 -0.039465 -0.0888479 5.68051
-0.0871052 0.0536312 -0.994754 -38.6276 0.044647 0.997757 0.0498835 2.2205 0.995198 -0.0400676 -0.0893042 5.59357
-0.0872327 0.0529793 -0.994778 -39.5435 0.0443225 0.997802 0.0492536 2.27006 0.995201 -0.0397946 -0.0893891 5.50504
-0.0872828 0.052606 -0.994794 -40.4711 0.0449118 0.997797 0.0488243 2.32633 0.995171 -0.0404165 -0.0894531 5.408
-0.0876232 0.0524339 -0.994773 -41.4014 0.0478568 0.997682 0.0483719 2.37332 0.995003 -0.0433681 -0.0899295 5.32009
-0.088371 0.049476 -0.994858 -42.3271 0.051258 0.997668 0.0450626 2.41843 0.994768 -0.0470122 -0.090701 5.23643
-0.0890026 0.0482267 -0.994863 -43.2576 0.0546324 0.99756 0.0434699 2.46858 0.994532 -0.0504828 -0.0914202 5.15082
-0.0902566 0.049708 -0.994677 -44.198 0.0546411 0.997496 0.0448908 2.51921 0.994418 -0.0502986 -0.0927467 5.05836
-0.091743 0.0548999 -0.994268 -45.1471 0.0562288 0.997172 0.0498719 2.56797 0.994194 -0.0513311 -0.0945705 4.97169
-0.0930447 0.0584147 -0.993947 -46.1014 0.057324 0.996936 0.0532242 2.61519 0.99401 -0.0520248 -0.0961082 4.88319
-0.094262 0.0587387 -0.993813 -47.0438 0.0561947 0.99698 0.0535959 2.6655 0.99396 -0.050795 -0.0972781 4.78538
-0.0955228 0.0575294 -0.993763 -48.0055 0.0547885 0.997119 0.0524572 2.72161 0.993918 -0.049436 -0.0983996 4.68263
-0.0969899 0.0564836 -0.993681 -48.9646 0.0529927 0.997265 0.0515148 2.77562 0.993874 -0.0476614 -0.0997179 4.57354
-0.0983607 0.0574719 -0.99349 -49.9269 0.052245 0.997252 0.052517 2.82422 0.993778 -0.0467393 -0.101093 4.46688
-0.0997005 0.0589629 -0.993269 -50.9006 0.0520717 0.997184 0.0539685 2.8852 0.993654 -0.0463405 -0.10249 4.36502
-0.101321 0.0603137 -0.993024 -51.8718 0.0496473 0.997223 0.0555031 2.93918 0.993614 -0.0436773 -0.104034 4.25616
-0.102514 0.0605193 -0.992889 -52.8417 0.04789 0.99729 0.0558431 2.99272 0.993578 -0.0418247 -0.105135 4.14067
-0.104097 0.0594663 -0.992788 -53.8098 0.0471705 0.997383 0.0547955 3.05284 0.993448 -0.0411263 -0.10663 4.0271
-0.105062 0.0593607 -0.992692 -54.7828 0.047932 0.997359 0.0545668 3.10964 0.99331 -0.0418488 -0.10763 3.9165
-0.106247 0.0594293 -0.992562 -55.7602 0.0487355 0.997324 0.0544977 3.16634 0.993145 -0.0425828 -0.108859 3.80603
-0.10744 0.060244 -0.992385 -56.7367 0.0486289 0.997286 0.0552768 3.22503 0.993022 -0.0423196 -0.110078 3.69343
-0.108602 0.0607619 -0.992227 -57.711 0.0483289 0.997273 0.0557812 3.28144 0.99291 -0.0418952 -0.111242 3.57819
-0.109554 0.0611419 -0.992099 -58.6906 0.047684 0.99728 0.0561956 3.33716 0.992836 -0.0411508 -0.112171 3.46507
-0.110136 0.0617473 -0.991997 -59.6717 0.0451514 0.997349 0.0570675 3.39976 0.99289 -0.0385049 -0.112632 3.34839
-0.110613 0.0625587 -0.991893 -60.6533 0.0410617 0.997453 0.0583303 3.46452 0.993015 -0.0342767 -0.1129 3.23044
-0.110026 0.0643086 -0.991846 -61.6246 0.0368161 0.997484 0.0605901 3.52526 0.993247 -0.0298494 -0.112117 3.10372
-0.108877 0.0661517 -0.991852 -62.5976 0.0340505 0.997446 0.0627871 3.5856 0.993472 -0.026937 -0.110851 2.99033
-0.106854 0.067633 -0.991972 -63.5718 0.0341908 0.997344 0.0643163 3.64966 0.993687 -0.0270438 -0.108883 2.8775
-0.104837 0.0685271 -0.992126 -64.5547 0.0351711 0.997254 0.0651649 3.71348 0.993867 -0.0280625 -0.10696 2.76877
-0.103296 0.0680032 -0.992323 -65.5206 0.036941 0.997234 0.0644944 3.77454 0.993964 -0.0299954 -0.105522 2.65997
-0.102382 0.0652 -0.992606 -66.5073 0.0371876 0.997403 0.0616793 3.84215 0.99405 -0.0305978 -0.104541 2.56008
-0.101269 0.0629018 -0.992869 -67.4699 0.0379238 0.997518 0.0593282 3.90463 0.994136 -0.0316453 -0.103404 2.45484
-0.100431 0.0621232 -0.993003 -68.4304 0.0380854 0.997557 0.0585562 3.95839 0.994215 -0.031938 -0.102552 2.34816
-0.0997977 0.0619626 -0.993077 -69.4065 0.0359072 0.997633 0.0586385 4.01711 0.99436 -0.0298066 -0.101786 2.24171
-0.0988041 0.0612496 -0.99322 -70.3949 0.0339439 0.997731 0.058151 4.08379 0.994528 -0.0279683 -0.100659 2.13477
-0.0982077 0.0606306 -0.993317 -71.369 0.0329485 0.997793 0.0576463 4.14241 0.99462 -0.027067 -0.0999887 2.02885
-0.0980537 0.0598079 -0.993382 -72.3522 0.0324737 0.997853 0.0568717 4.20215 0.994651 -0.0266823 -0.0997854 1.9272
-0.0974178 0.0597831 -0.993446 -73.3276 0.0337068 0.99782 0.056741 4.26201 0.994673 -0.0279583 -0.0992205 1.82602
-0.0967123 0.0591743 -0.993552 -74.3202 0.0357745 0.997793 0.0559446 4.32417 0.994669 -0.0301333 -0.0986158 1.72948
-0.0959188 0.0584064 -0.993674 -75.3216 0.0376977 0.997774 0.0550084 4.38451 0.994675 -0.0321829 -0.0979071 1.62786
-0.095648 0.0576708 -0.993743 -76.3162 0.0399204 0.997739 0.0540604 4.44177 0.994614 -0.0344999 -0.097734 1.52888
-0.0953895 0.0572267 -0.993794 -77.3103 0.0426456 0.997665 0.0533563 4.49789 0.994526 -0.0372913 -0.0976072 1.43246
-0.0942815 0.0565872 -0.993936 -78.3094 0.0454929 0.997585 0.0524796 4.55902 0.994506 -0.0402692 -0.0966281 1.33442
-0.0929471 0.0573497 -0.994018 -79.311 0.0452914 0.99755 0.0533185 4.61863 0.99464 -0.0400647 -0.0953169 1.23306
-0.0914425 0.059307 -0.994043 -80.3372 0.0450879 0.997448 0.0553624 4.681 0.994789 -0.0397568 -0.0938831 1.13741
-0.090094 0.0607786 -0.994077 -81.3545 0.0429334 0.997445 0.0570935 4.73963 0.995007 -0.0375353 -0.0924733 1.02914
-0.0887567 0.0608153 -0.994195 -82.3718 0.0426322 0.997452 0.0572086 4.80444 0.995141 -0.0373071 -0.0911232 0.929425
-0.0877783 0.0605702 -0.994297 -83.3929 0.0430852 0.997446 0.0569584 4.87015 0.995208 -0.0378398 -0.0901638 0.830732
-0.0868468 0.0608366 -0.994362 -84.423 0.044531 0.997373 0.0571315 4.93635 0.995226 -0.0393183 -0.0893277 0.735379
-0.08643 0.0612274 -0.994375 -85.465 0.0447612 0.99734 0.0575194 5.0017 0.995252 -0.039538 -0.0889407 0.637112
-0.0864174 0.0602171 -0.994437 -86.5084 0.0449468 0.997391 0.05649 5.05992 0.995245 -0.0398151 -0.0888985 0.543054
-0.0867092 0.0601245 -0.994418 -87.5311 0.0450171 0.997394 0.0563791 5.12624 0.995216 -0.0398772 -0.0891899 0.445148
-0.0868795 0.0600624 -0.994407 -88.5788 0.0445212 0.997418 0.0563545 5.1903 0.995223 -0.0393761 -0.0893292 0.344976
-0.0871974 0.0616525 -0.994281 -89.608 0.0437351 0.997358 0.0580077 5.25324 0.995231 -0.0384269 -0.0896633 0.246886
-0.0878823 0.0625037 -0.994168 -90.6332 0.0422065 0.997367 0.0589739 5.31346 0.995236 -0.0367776 -0.090289 0.148056
-0.0886152 0.0634561 -0.994043 -91.6636 0.0408372 0.997361 0.0600274 5.37349 0.995228 -0.0352746 -0.0909727 0.0439963
-0.0889068 0.0628565 -0.994055 -92.6981 0.041394 0.997378 0.0593644 5.43465 0.995179 -0.03587 -0.0912755 -0.0522003
-0.0892681 0.0629343 -0.994017 -93.7245 0.0401419 0.997418 0.0595446 5.50023 0.995198 -0.0345864 -0.0915639 -0.154892
-0.0893821 0.0633086 -0.993983 -94.758 0.0397508 0.997409 0.0599523 5.56072 0.995204 -0.034153 -0.0916671 -0.256371
-0.0894915 0.0647716 -0.993879 -95.7756 0.0386385 0.997358 0.0615191 5.62736 0.995238 -0.0328965 -0.0917577 -0.35974
-0.0888187 0.0651324 -0.993916 -96.7884 0.0361112 0.997414 0.0621346 5.69416 0.995393 -0.0303728 -0.090941 -0.460015
-0.0873196 0.0660654 -0.993987 -97.8063 0.034412 0.997403 0.0632695 5.75663 0.995586 -0.0286804 -0.0893663 -0.555654
-0.0863546 0.0656708 -0.994098 -98.8219 0.0324544 0.997481 0.0630751 5.82022 0.995736 -0.026816 -0.0882684 -0.650437
-0.0854998 0.0653842 -0.99419 -99.819 0.0313408 0.997527 0.0629083 5.88616 0.995845 -0.0257801 -0.0873376 -0.743733
-0.0847578 0.063946 -0.994348 -100.825 0.0311102 0.997622 0.0615047 5.94299 0.995916 -0.0257214 -0.0865456 -0.831679
-0.0845622 0.061811 -0.994499 -101.817 0.0296106 0.997789 0.0594977 5.99837 0.995978 -0.0244165 -0.0862055 -0.919408
-0.0840335 0.0603609 -0.994633 -102.802 0.0294247 0.997879 0.0580719 6.05752 0.996028 -0.0243868 -0.0856313 -1.01452
-0.0843163 0.0615299 -0.994537 -103.793 0.03205 0.997743 0.059011 6.12446 0.995923 -0.0268994 -0.086098 -1.10352
-0.0851858 0.064635 -0.994266 -104.778 0.032309 0.997548 0.0620802 6.18967 0.995841 -0.0268354 -0.0870653 -1.19949
-0.0866083 0.0668554 -0.993997 -105.758 0.0323348 0.997409 0.0642675 6.2529 0.995718 -0.0265746 -0.0885456 -1.29011
-0.0886601 0.0671772 -0.993794 -106.75 0.0326162 0.997384 0.0645101 6.31918 0.995528 -0.0266944 -0.0906192 -1.37748
-0.090362 0.0657495 -0.993736 -107.731 0.0345139 0.997426 0.0628552 6.38491 0.995311 -0.028618 -0.0923986 -1.47061
-0.0924935 0.0634665 -0.993689 -108.698 0.0353113 0.997548 0.0604262 6.44724 0.995087 -0.0294994 -0.0945078 -1.563
-0.0943025 0.0617079 -0.993629 -109.655 0.0379978 0.997573 0.0583466 6.50396 0.994818 -0.0322535 -0.0964184 -1.66146
-0.0966203 0.0621858 -0.993377 -110.627 0.0425621 0.997392 0.0582974 6.56434 0.994411 -0.0366475 -0.099015 -1.75416
-0.0992556 0.065152 -0.992927 -111.618 0.0470166 0.997047 0.0607225 6.63279 0.993951 -0.040657 -0.102026 -1.84808
-0.102266 0.0700634 -0.992287 -112.597 0.046623 0.996758 0.0655741 6.69342 0.993664 -0.0395574 -0.105201 -1.95503
-0.10477 0.0731977 -0.991799 -113.565 0.0479998 0.996498 0.0684739 6.75387 0.993337 -0.0404322 -0.107917 -2.06529
-0.107377 0.0732273 -0.991518 -114.537 0.0470842 0.996539 0.0684991 6.81969 0.993103 -0.0393296 -0.110453 -2.17619
-0.109556 0.0695115 -0.991547 -115.499 0.0413781 0.997006 0.0653223 6.8917 0.993119 -0.0338718 -0.112104 -2.29963
-0.111943 0.0674003 -0.991426 -116.457 0.0378664 0.997262 0.0635215 6.95685 0.992993 -0.0304309 -0.114189 -2.42535
-0.114642 0.0671029 -0.991138 -117.417 0.0368016 0.997318 0.0632646 7.02199 0.992725 -0.0292227 -0.116804 -2.54419
-0.11722 0.0693778 -0.99068 -118.373 0.0375442 0.997153 0.0653888 7.08018 0.992396 -0.0295294 -0.119491 -2.66408
-0.119601 0.0707913 -0.990295 -119.34 0.038534 0.997034 0.0666191 7.14204 0.992074 -0.0301923 -0.121975 -2.78658
-0.122241 0.0702105 -0.990014 -120.302 0.0414021 0.996987 0.0655929 7.20062 0.991636 -0.0329705 -0.12478 -2.90756
-0.124367 0.0687515 -0.989852 -121.278 0.0443686 0.996984 0.0636723 7.26374 0.991244 -0.0359996 -0.127042 -3.0337
-0.125844 0.0677937 -0.989731 -122.244 0.045186 0.997019 0.0625475 7.32454 0.99102 -0.0368507 -0.128532 -3.1617
-0.126866 0.067765 -0.989602 -123.204 0.0456847 0.997004 0.0624151 7.38327 0.990867 -0.0372913 -0.129582 -3.2952
-0.127758 0.0666392 -0.989564 -124.173 0.0449846 0.997103 0.0613391 7.44849 0.990785 -0.0366786 -0.130386 -3.42768
-0.127991 0.0672178 -0.989495 -125.142 0.0459706 0.99703 0.0617834 7.50989 0.990709 -0.03758 -0.1307 -3.55959
-0.128338 0.0676379 -0.989421 -126.109 0.045725 0.997014 0.0622259 7.5729 0.990676 -0.0372553 -0.131047 -3.69133
-0.127893 0.0683292 -0.989431 -127.083 0.0445552 0.997013 0.0630936 7.63454 0.990787 -0.0360151 -0.130556 -3.82533
-0.127217 0.0658886 -0.989684 -128.043 0.0425179 0.997236 0.060926 7.70195 0.990963 -0.0343284 -0.129667 -3.95826
-0.126358 0.0633546 -0.98996 -129.009 0.0424306 0.99739 0.0584144 7.7643 0.991077 -0.0346235 -0.128716 -4.09052
-0.125234 0.0614791 -0.990221 -129.968 0.0427307 0.997486 0.056526 7.83088 0.991207 -0.0352338 -0.127547 -4.21568
-0.124173 0.0634234 -0.990232 -130.952 0.0428426 0.997367 0.0585081 7.88871 0.991335 -0.0351589 -0.126564 -4.34221
-0.123382 0.0653873 -0.990203 -131.941 0.0434882 0.997225 0.0604322 7.94876 0.991406 -0.0356059 -0.125883 -4.46144
-0.122602 0.0647797 -0.99034 -132.929 0.0442607 0.997232 0.0597511 8.01532 0.991468 -0.0365075 -0.12513 -4.58131
-0.121604 0.0631466 -0.990568 -133.921 0.0445688 0.997315 0.0581053 8.07954 0.991578 -0.0370826 -0.124092 -4.7034
-0.120515 0.0630927 -0.990704 -134.928 0.0449201 0.997303 0.0580485 8.15076 0.991695 -0.0375068 -0.123025 -4.81869
-0.119301 0.0628105 -0.990869 -135.928 0.0457727 0.997284 0.0577061 8.2111 0.991802 -0.0384704 -0.121852 -4.94603
-0.117827 0.0627921 -0.991047 -136.896 0.0466698 0.997246 0.0576362 8.26867 0.991937 -0.0394608 -0.120433 -5.06995
-0.116303 0.0630755 -0.991209 -137.872 0.0467228 0.997224 0.057976 8.32381 0.992114 -0.0395693 -0.118928 -5.19819
-0.115094 0.0660613 -0.991155 -138.867 0.0468481 0.997037 0.0610133 8.38767 0.992249 -0.0394115 -0.117848 -5.31476
-0.113794 0.0692949 -0.991085 -139.861 0.0477481 0.996793 0.0642117 8.4534 0.992356 -0.0400155 -0.116738 -5.43553
-0.112685 0.06898 -0.991234 -140.846 0.047652 0.996815 0.0639513 8.52086 0.992488 -0.0400279 -0.115613 -5.55166
-0.111524 0.0662604 -0.99155 -141.821 0.0488092 0.996936 0.0611305 8.57856 0.992562 -0.0415793 -0.114417 -5.66788
-0.110348 0.0622945 -0.991939 -142.787 0.05207 0.997026 0.0568214 8.6339 0.992528 -0.0453801 -0.113264 -5.77589
-0.109537 0.0609593 -0.992112 -143.755 0.0537431 0.997021 0.0553273 8.69427 0.992529 -0.0472588 -0.112487 -5.88541
-0.108898 0.0605436 -0.992207 -144.718 0.053608 0.997049 0.0549553 8.75056 0.992606 -0.0472057 -0.111823 -6.00191
-0.108222 0.0624308 -0.992165 -145.681 0.0564392 0.996802 0.0565664 8.80795 0.992523 -0.0498753 -0.111399 -6.11336
-0.10766 0.0641049 -0.992119 -146.637 0.0592821 0.996557 0.0579587 8.85895 0.992419 -0.0525751 -0.111089 -6.21957
-0.106927 0.0665259 -0.992039 -147.591 0.0582657 0.996464 0.0605425 8.91372 0.992558 -0.0513282 -0.110425 -6.3299
-0.106292 0.0692 -0.991924 -148.555 0.0579583 0.99631 0.0632954 8.98129 0.992644 -0.0507624 -0.109911 -6.44053
-0.106295 0.0733753 -0.991624 -149.514 0.0575777 0.996054 0.0675312 9.04718 0.992666 -0.0499171 -0.110101 -6.54497
-0.105383 0.0755506 -0.991558 -150.453 0.0572689 0.995916 0.0697961 9.11256 0.992781 -0.04943 -0.109279 -6.65741
-0.104902 0.0765723 -0.99153 -151.383 0.055319 0.995937 0.07106 9.1767 0.992943 -0.0473962 -0.108711 -6.76571
-0.104746 0.0756355 -0.991619 -152.308 0.0529158 0.996115 0.0703889 9.24205 0.99309 -0.0450993 -0.108342 -6.87336
-0.105111 0.0752292 -0.991611 -153.233 0.0508141 0.996238 0.0701939 9.31319 0.993161 -0.0430097 -0.108538 -6.97215
-0.104852 0.0755674 -0.991613 -154.142 0.0493583 0.996275 0.0707036 9.37223 0.993262 -0.0415309 -0.108191 -7.07758
-0.104509 0.0768791 -0.991548 -155.029 0.0479781 0.996237 0.0721857 9.43104 0.993366 -0.0400285 -0.107804 -7.17899
-0.104031 0.0786017 -0.991463 -155.909 0.0464844 0.996167 0.0740971 9.5013 0.993487 -0.0383792 -0.107286 -7.28372
-0.1037 0.0792604 -0.991445 -156.778 0.0453997 0.996158 0.0748886 9.56654 0.993572 -0.0372453 -0.1069 -7.3824
-0.103451 0.0788813 -0.991502 -157.631 0.0450378 0.996199 0.0745559 9.63363 0.993614 -0.0369421 -0.106611 -7.47575
-0.103295 0.0783658 -0.991559 -158.454 0.0460291 0.9962 0.0739376 9.69567 0.993585 -0.0380032 -0.106509 -7.56563
-0.103352 0.077127 -0.99165 -159.258 0.0458495 0.996299 0.07271 9.75481 0.993588 -0.0379519 -0.106506 -7.65906
-0.104387 0.075854 -0.99164 -160.058 0.0456757 0.996401 0.07141 9.80932 0.993487 -0.0378396 -0.107476 -7.74971
-0.106075 0.0752195 -0.991509 -160.85 0.0463955 0.996423 0.0706287 9.86583 0.993275 -0.0385096 -0.109186 -7.83816
-0.107467 0.0750546 -0.991372 -161.634 0.0470168 0.996414 0.0703397 9.92117 0.993096 -0.0390519 -0.11061 -7.92951
-0.108483 0.0753134 -0.991241 -162.413 0.0475112 0.996379 0.0705041 9.97472 0.992962 -0.0394466 -0.111669 -8.02193
-0.109715 0.0751934 -0.991115 -163.197 0.0467914 0.99642 0.0704162 10.0279 0.992861 -0.03865 -0.11284 -8.11741
-0.110765 0.0748013 -0.991028 -163.975 0.0477719 0.996412 0.0698683 10.0809 0.992698 -0.0396043 -0.113941 -8.20261
-0.110811 0.0745328 -0.991043 -164.732 0.0490165 0.99638 0.0694536 10.1344 0.992632 -0.0408813 -0.114063 -8.29352
-0.110563 0.0752025 -0.99102 -165.487 0.050412 0.996274 0.069977 10.1817 0.99259 -0.0422224 -0.113942 -8.37679
-0.110286 0.0755039 -0.991028 -166.241 0.0510944 0.996223 0.0702137 10.2354 0.992586 -0.0428924 -0.113727 -8.46353
-0.10962 0.0770296 -0.990984 -166.993 0.0509238 0.996119 0.0717956 10.2934 0.992668 -0.0425945 -0.113117 -8.54525
-0.107967 0.0780678 -0.991084 -167.71 0.0506022 0.996051 0.0729465 10.3433 0.992866 -0.0422752 -0.111492 -8.629
-0.105559 0.0781595 -0.991337 -168.417 0.0501361 0.996057 0.0731931 10.3922 0.993148 -0.0419755 -0.109062 -8.71404
-0.103216 0.0785154 -0.991555 -169.115 0.0510283 0.995985 0.0735544 10.4421 0.993349 -0.0430053 -0.106809 -8.78584
-0.100029 0.0772203 -0.991983 -169.801 0.0512132 0.996062 0.0723736 10.4917 0.993666 -0.0435632 -0.10359 -8.85646
-0.0968081 0.0754928 -0.992436 -170.48 0.0493188 0.996258 0.0709727 10.5417 0.99408 -0.042075 -0.100169 -8.92211
-0.0917424 0.0744078 -0.992999 -171.15 0.0478125 0.996383 0.070244 10.5921 0.994634 -0.0410334 -0.0949683 -8.98423
-0.084976 0.0725747 -0.993736 -171.81 0.0455625 0.996584 0.0688865 10.6396 0.995341 -0.0394234 -0.0879924 -9.04221
-0.0763233 0.0702223 -0.994607 -172.468 0.0447282 0.996754 0.0669415 10.677 0.996079 -0.0393778 -0.0792164 -9.09366
-0.0666729 0.0675202 -0.995488 -173.111 0.043065 0.996973 0.0647367 10.7147 0.996845 -0.0385545 -0.0693788 -9.13452
-0.0560835 0.0649046 -0.996314 -173.744 0.0430064 0.997116 0.0625359 10.7568 0.997499 -0.0393407 -0.0587131 -9.16783
-0.0452193 0.0634 -0.996963 -174.376 0.0423853 0.997207 0.061493 10.7999 0.998078 -0.0394759 -0.0477802 -9.19543
-0.0341014 0.0637817 -0.997381 -175.014 0.0415252 0.99719 0.0623497 10.8382 0.998555 -0.0392903 -0.0366541 -9.20783
-0.0216984 0.0649369 -0.997653 -175.649 0.0415073 0.997087 0.0639972 10.8786 0.998903 -0.0400213 -0.0243305 -9.21132
-0.00817108 0.065456 -0.997822 -176.272 0.0402102 0.99707 0.0650774 10.9257 0.999158 -0.0395909 -0.0107791 -9.21535
0.0069449 0.0651206 -0.997853 -176.902 0.0380375 0.997138 0.0653387 10.967 0.999252 -0.0384097 0.004448 -9.21356
0.0225169 0.0650981 -0.997625 -177.529 0.0352238 0.997207 0.0658658 11.012 0.999126 -0.0366232 0.020161 -9.20022
0.0391175 0.0652079 -0.997105 -178.148 0.0328047 0.997247 0.0665041 11.0583 0.998696 -0.0353112 0.0368707 -9.1802
0.0571326 0.066444 -0.996153 -178.757 0.031201 0.997177 0.0683017 11.1027 0.997879 -0.0349832 0.0548981 -9.13837
0.0773453 0.0668161 -0.994763 -179.362 0.0301651 0.997138 0.0693211 11.1465 0.996548 -0.0353687 0.0751085 -9.09004
0.0983288 0.0691162 -0.992751 -179.962 0.0278797 0.997002 0.0721736 11.1895 0.994763 -0.0347743 0.0961071 -9.02268
0.119541 0.0711677 -0.990275 -180.559 0.0233419 0.99695 0.0744652 11.2307 0.992555 -0.0320166 0.117515 -8.9461
0.141757 0.0711016 -0.987345 -181.154 0.0191864 0.997032 0.0745539 11.2753 0.989716 -0.0295121 0.139972 -8.85217
0.164476 0.0698389 -0.983905 -181.737 0.0154979 0.997184 0.0733721 11.3141 0.986259 -0.0273164 0.162931 -8.74764
0.187271 0.0685957 -0.97991 -182.314 0.0119511 0.997326 0.0720989 11.356 0.982236 -0.0252131 0.185951 -8.62641
0.210557 0.0676087 -0.975241 -182.886 0.00935609 0.997421 0.0711664 11.4046 0.977537 -0.024109 0.209382 -8.49015
0.23468 0.0663461 -0.969806 -183.466 0.00760158 0.997512 0.0700811 11.4609 0.972043 -0.0238187 0.233592 -8.34554
0.259164 0.0660628 -0.963571 -184.027 0.00407901 0.997574 0.0694911 11.5073 0.965825 -0.02194 0.258266 -8.18247
0.285091 0.0668191 -0.956168 -184.577 0.000661424 0.997553 0.0699084 11.5426 0.9585 -0.0205627 0.28435 -8.01409
0.311903 0.0674564 -0.947716 -185.121 -0.00234556 0.997528 0.07023 11.5877 0.950111 -0.019682 0.31129 -7.8177
0.340032 0.067861 -0.937962 -185.652 -0.00492929 0.997508 0.0703822 11.6314 0.940401 -0.0193087 0.339519 -7.61642
0.367912 0.0674779 -0.927409 -186.175 -0.00610853 0.997517 0.0701557 11.6836 0.92984 -0.020146 0.367411 -7.3878
0.395915 0.0683348 -0.915741 -186.683 -0.00762977 0.997438 0.0711325 11.7247 0.918255 -0.0211755 0.395422 -7.14616
0.424303 0.0701631 -0.902798 -187.187 -0.00962399 0.997287 0.0729834 11.7636 0.905469 -0.0222786 0.423827 -6.8894
0.452621 0.0714312 -0.888837 -187.67 -0.0115013 0.997171 0.0742806 11.8048 0.891629 -0.0233981 0.452162 -6.61742
0.481533 0.0721187 -0.873456 -188.155 -0.0143419 0.997124 0.0744229 11.8457 0.87631 -0.02331 0.481182 -6.3249
0.511278 0.0722811 -0.856371 -188.629 -0.0173896 0.997123 0.0737791 11.8868 0.85924 -0.0228297 0.511064 -6.02107
0.541012 0.0722679 -0.837904 -189.089 -0.02047 0.997138 0.0727847 11.93 0.840766 -0.0222255 0.540943 -5.70087
0.570014 0.0740992 -0.818287 -189.544 -0.0256915 0.997045 0.07239 11.9683 0.821233 -0.0202403 0.570233 -5.36604
0.597969 0.0758647 -0.797921 -189.979 -0.0295087 0.996919 0.072671 11.9984 0.800976 -0.0199094 0.598365 -5.00391
0.626143 0.0764048 -0.775956 -190.412 -0.0330061 0.996893 0.0715258 12.0384 0.77901 -0.019174 0.626719 -4.63218
0.653082 0.0773048 -0.753331 -190.831 -0.0367251 0.996839 0.070455 12.0686 0.756396 -0.0183468 0.653857 -4.23601
0.67893 0.0780319 -0.730044 -191.235 -0.0394106 0.996776 0.0698906 12.0988 0.733144 -0.0186794 0.679817 -3.82484
0.704518 0.078182 -0.705366 -191.637 -0.0418708 0.996761 0.0686593 12.138 0.70845 -0.0188375 0.70551 -3.39133
0.729899 0.0785835 -0.679023 -192.029 -0.0446645 0.99673 0.0673408 12.1853 0.682095 -0.0188237 0.731021 -2.96
0.753267 0.079361 -0.652909 -192.396 -0.0475792 0.996668 0.0662523 12.2285 0.655992 -0.0188408 0.754533 -2.50335
0.775912 0.0801349 -0.625731 -192.749 -0.0503211 0.996601 0.065232 12.2654 0.628831 -0.0191268 0.777307 -2.03256
0.797817 0.0805731 -0.597492 -193.088 -0.052519 0.99655 0.0642596 12.3012 0.600608 -0.0198877 0.799296 -1.54741
0.817973 0.0814587 -0.56946 -193.41 -0.0554294 0.996478 0.0629229 12.3439 0.57258 -0.0199044 0.819607 -1.04409
0.836846 0.0830219 -0.541106 -193.714 -0.0587776 0.996346 0.061967 12.3743 0.544273 -0.020052 0.838668 -0.543371
0.854594 0.0816927 -0.512831 -193.995 -0.0594743 0.996448 0.0596222 12.412 0.51588 -0.0204524 0.856416 -0.0274022
0.87068 0.0805047 -0.485218 -194.274 -0.0602089 0.99654 0.0573011 12.4492 0.488152 -0.0206765 0.872514 0.505566
0.885005 0.079646 -0.458719 -194.532 -0.0606026 0.996583 0.0561134 12.4825 0.461621 -0.0218611 0.886808 1.05
0.897914 0.0791078 -0.433003 -194.776 -0.061432 0.996612 0.0546858 12.5144 0.435862 -0.0225029 0.899732 1.60215
0.909676 0.0797272 -0.407595 -195.007 -0.0638565 0.996581 0.0524195 12.5473 0.410381 -0.0216571 0.911657 2.15479
0.920389 0.0811065 -0.382498 -195.225 -0.066548 0.996471 0.0511642 12.5751 0.385298 -0.0216365 0.922538 2.71828
0.930583 0.0811815 -0.356967 -195.43 -0.0678071 0.996452 0.0498462 12.6098 0.359747 -0.0221812 0.932786 3.30112
0.940297 0.0796157 -0.330912 -195.613 -0.0674457 0.996562 0.0481183 12.639 0.333606 -0.0229269 0.942434 3.89318
0.94912 0.0784435 -0.304987 -195.786 -0.0671216 0.996616 0.0474498 12.6626 0.307677 -0.0245643 0.951174 4.49206
0.957161 0.0791187 -0.278538 -195.954 -0.0684514 0.996507 0.0478333 12.6947 0.281349 -0.0267179 0.959233 5.10807
0.964183 0.0806324 -0.252685 -196.11 -0.070737 0.996339 0.0480193 12.7233 0.255632 -0.0284252 0.966356 5.73557
0.970221 0.0818746 -0.227964 -196.248 -0.0728646 0.996202 0.0476781 12.7511 0.231002 -0.0296477 0.972501 6.37686
0.975766 0.0813255 -0.203141 -196.372 -0.0732351 0.996205 0.0470437 12.781 0.206195 -0.0310266 0.978019 7.0301
0.980593 0.0818147 -0.17817 -196.48 -0.0748837 0.996163 0.0452959 12.8167 0.181192 -0.0310748 0.982957 7.6879
0.984784 0.0825038 -0.152948 -196.578 -0.0769193 0.996149 0.0420872 12.851 0.155831 -0.0296822 0.987338 8.36247
0.988058 0.0847818 -0.128662 -196.667 -0.0802862 0.995979 0.0397436 12.8877 0.131514 -0.0289392 0.990892 9.04441
0.990826 0.0845367 -0.105439 -196.733 -0.0808528 0.995973 0.038745 12.922 0.10829 -0.0298645 0.993671 9.7541
0.992939 0.0836264 -0.0841411 -196.787 -0.0806561 0.996013 0.0381077 12.9555 0.0869925 -0.0310521 0.995725 10.4683
0.994474 0.0825941 -0.0648007 -196.817 -0.0802083 0.996031 0.0385972 12.972 0.0677314 -0.0331863 0.997152 11.1845
0.995419 0.0835226 -0.0465215 -196.848 -0.0818281 0.995951 0.0372137 13.0045 0.0494414 -0.0332364 0.998224 11.9201
0.996154 0.0820591 -0.0307101 -196.867 -0.0809383 0.996065 0.0361157 13.0339 0.0335529 -0.0334912 0.998876 12.6632
0.99669 0.0793427 -0.0177369 -196.874 -0.078661 0.996241 0.0362931 13.055 0.0205498 -0.0347778 0.999184 13.405
0.997084 0.075904 -0.00783697 -196.871 -0.0755776 0.996496 0.0358356 13.0852 0.0105296 -0.0351388 0.999327 14.1594
0.997326 0.0730701 -0.00107758 -196.865 -0.0729823 0.996666 0.0364834 13.1217 0.00373983 -0.0363072 0.999334 14.9268
0.997522 0.0702809 0.00320326 -196.861 -0.0703522 0.996777 0.0385393 13.1524 -0.00048436 -0.0386691 0.999252 15.6897
0.997664 0.068058 0.00582625 -196.851 -0.06824 0.99683 0.040915 13.1869 -0.00302318 -0.0412171 0.999146 16.4598
0.997763 0.0664547 0.0072953 -196.839 -0.0667081 0.996845 0.0430227 13.2172 -0.00441322 -0.0434131 0.999047 17.2286
0.997873 0.0646128 0.00862962 -196.836 -0.064932 0.996915 0.0440867 13.2511 -0.00575444 -0.0445532 0.99899 18.0082
0.997961 0.0632535 0.00858187 -196.828 -0.063565 0.997056 0.0428862 13.2925 -0.0058439 -0.0433443 0.999043 18.7909
0.997992 0.0628359 0.00803118 -196.825 -0.0631177 0.997133 0.0417425 13.3294 -0.00538523 -0.0421656 0.999096 19.5685
0.998148 0.0604488 0.00676514 -196.815 -0.060675 0.997327 0.0407149 13.3636 -0.00428589 -0.04105 0.999148 20.3468
0.998197 0.0597892 0.00523594 -196.814 -0.0599522 0.997385 0.0403484 13.3957 -0.00280985 -0.0405896 0.999172 21.1135
0.998254 0.0589771 0.00331316 -196.807 -0.0590631 0.99743 0.0405482 13.4303 -0.000913226 -0.0406731 0.999172 21.8818
0.998176 0.0603545 0.00135411 -196.813 -0.0603595 0.997343 0.0407897 13.4642 0.00111133 -0.040797 0.999167 22.65
0.998153 0.0607416 -0.000497599 -196.821 -0.0606698 0.99731 0.0411257 13.4978 0.0029943 -0.0410196 0.999154 23.424
0.998119 0.0612541 -0.00233922 -196.827 -0.0611011 0.997239 0.0422067 13.5344 0.00491809 -0.0419844 0.999106 24.188
0.998095 0.0615628 -0.00394594 -196.839 -0.0613307 0.99715 0.0439459 13.5709 0.00664013 -0.0436202 0.999026 24.9576
0.998047 0.0621939 -0.00580857 -196.847 -0.0618693 0.99706 0.0452084 13.6083 0.00860317 -0.0447607 0.998961 25.7273
0.998123 0.0607961 -0.00742561 -196.857 -0.0603978 0.997138 0.0454769 13.6431 0.0101692 -0.044943 0.998938 26.4784
0.998132 0.0603972 -0.00924508 -196.868 -0.0599234 0.997188 0.0449957 13.6834 0.0119367 -0.0443576 0.998944 27.2394
0.998132 0.0602165 -0.0103461 -196.881 -0.059692 0.997195 0.0451514 13.7163 0.013036 -0.0444495 0.998927 27.9945
0.998168 0.0595318 -0.0107981 -196.892 -0.0589896 0.997243 0.0450214 13.7493 0.0134486 -0.0443019 0.998928 28.752
0.99825 0.0579513 -0.0117949 -196.896 -0.0573601 0.997318 0.0454624 13.78 0.0143979 -0.0447063 0.998896 29.4979
0.998321 0.0565965 -0.0123272 -196.898 -0.0559757 0.997375 0.0459341 13.8084 0.0148946 -0.045167 0.998868 30.2385
0.998346 0.0561221 -0.0124968 -196.903 -0.0555199 0.997478 0.0442113 13.8496 0.0149466 -0.0434443 0.998944 30.985
0.998328 0.0566327 -0.0115303 -196.916 -0.0560862 0.997491 0.0431984 13.881 0.0139479 -0.0424795 0.999 31.7304
0.998366 0.0564567 -0.00885411 -196.928 -0.0560329 0.997527 0.0424361 13.9173 0.011228 -0.0418706 0.99906 32.4739
0.998356 0.0570501 -0.00544417 -196.928 -0.0567731 0.997507 0.0419021 13.9479 0.00782111 -0.0415242 0.999107 33.2137
0.998347 0.0574695 -0.000500743 -196.92 -0.0573966 0.99745 0.0424263 13.9806 0.00293768 -0.0423274 0.999099 33.9362
0.998169 0.0599336 0.0081334 -196.921 -0.0602274 0.997273 0.0426635 14.0123 -0.00555424 -0.0430752 0.999056 34.6594
0.997827 0.0627732 0.0200207 -196.91 -0.0635812 0.997064 0.0426649 14.0392 -0.0172837 -0.0438452 0.998889 35.3692
0.997318 0.0642415 0.035072 -196.881 -0.0657157 0.996927 0.0426369 14.0656 -0.0322252 -0.0448273 0.998475 36.0669
0.996391 0.0655488 0.0539232 -196.841 -0.0678586 0.996803 0.0421803 14.088 -0.0509859 -0.0456872 0.997654 36.7568
0.994854 0.0674589 0.0755921 -196.781 -0.0706442 0.996688 0.0402849 14.1071 -0.0726241 -0.0454177 0.996325 37.4435
0.992536 0.069065 0.100507 -196.708 -0.0730333 0.996667 0.0363498 14.1358 -0.0976611 -0.0434189 0.994272 38.1198
0.989248 0.0696416 0.128602 -196.612 -0.074393 0.996699 0.032514 14.1573 -0.125913 -0.0417315 0.991163 38.7944
0.984773 0.0694765 0.15936 -196.498 -0.0748295 0.996808 0.0278318 14.187 -0.156917 -0.0393328 0.986828 39.4703
0.979191 0.0687733 0.190932 -196.35 -0.0747041 0.996916 0.0240314 14.2066 -0.188691 -0.0377948 0.981309 40.1193
0.972031 0.0695344 0.224321 -196.189 -0.0761361 0.996878 0.0209044 14.2172 -0.222167 -0.0373987 0.974291 40.7621
0.963766 0.0670983 0.258173 -196.002 -0.0742577 0.997075 0.0180692 14.229 -0.256206 -0.0365858 0.96593 41.3999
0.95422 0.0646719 0.292031 -195.79 -0.0724737 0.997243 0.0159649 14.2442 -0.290194 -0.0363986 0.956275 42.0309
0.943288 0.0604761 0.326422 -195.555 -0.0691614 0.997492 0.0150559 14.2541 -0.324692 -0.0367778 0.945104 42.6468
0.930901 0.0588065 0.360506 -195.299 -0.0693845 0.997454 0.0164583 14.2707 -0.35862 -0.0403346 0.932612 43.2414
0.917317 0.0555441 0.394264 -195.019 -0.0685475 0.997468 0.0189629 14.2794 -0.392212 -0.0444207 0.918802 43.8326
0.902657 0.0500309 0.427442 -194.714 -0.0646508 0.997713 0.0197478 14.2806 -0.425476 -0.04546 0.903827 44.4119
0.886893 0.04682 0.459597 -194.384 -0.0624967 0.997865 0.0189466 14.2885 -0.457728 -0.0455269 0.887926 44.9802
0.869194 0.0480503 0.49213 -194.043 -0.0646215 0.99777 0.016714 14.295 -0.49023 -0.0463299 0.870361 45.5499
0.850032 0.0496567 0.524385 -193.685 -0.0663487 0.997711 0.0130734 14.3135 -0.522536 -0.0459051 0.851381 46.123
0.830419 0.0487612 0.555002 -193.299 -0.0660588 0.997753 0.0111799 14.319 -0.55321 -0.0459468 0.831774 46.666
0.809231 0.0453909 0.585734 -192.888 -0.0642767 0.997866 0.0114738 14.3181 -0.583964 -0.046934 0.810422 47.2076
0.786379 0.0447106 0.616125 -192.459 -0.0658948 0.997758 0.0116987 14.3153 -0.61422 -0.049799 0.787562 47.7445
0.762578 0.0440526 0.645395 -192.005 -0.0667771 0.997709 0.0108013 14.3172 -0.64344 -0.0513344 0.763773 48.2672
0.73794 0.0435944 0.673457 -191.527 -0.0672018 0.997698 0.00905304 14.3159 -0.671512 -0.0519381 0.739171 48.7593
0.71208 0.0427786 0.700794 -191.035 -0.0657908 0.997816 0.00594064 14.3133 -0.699009 -0.050336 0.713339 49.2332
0.68543 0.0431032 0.726862 -190.515 -0.0647287 0.997901 0.0018632 14.3183 -0.725256 -0.0483259 0.686782 49.6905
0.658045 0.0424587 0.751781 -189.979 -0.0626521 0.998034 -0.00152621 14.3211 -0.750368 -0.0460963 0.659412 50.1334
0.630137 0.0421766 0.775338 -189.428 -0.0617819 0.998081 -0.00408164 14.3124 -0.774023 -0.0453299 0.631533 50.5618
